24.9731,121.8153,泰平,C0A550,2017-01-10T11:00:00+08:00,460.0,0.0,0.0,15.1,0.86,973.5,-99.0,0.0,-9.9,-99,-999,新北市,06,雙溪區,024
24.9731,121.8153,泰平,C0A550,2017-01-10T12:00:00+08:00,460.0,0.0,0.0,14.8,0.86,972.8,-99.0,0.0,-9.9,-99,-999,新北市,06,雙溪區,024
24.9731,121.8153,泰平,C0A550,2017-01-10T13:00:00+08:00,460.0,0.0,0.0,15.1,0.84,971.7,-99.0,0.0,-9.9,-99,-999,新北市,06,雙溪區,024
24.9731,121.8153,泰平,C0A550,2017-01-10T14:00:00+08:00,460.0,0.0,0.0,15.0,0.84,971.1,-99.0,0.0,-9.9,-99,-999,新北市,06,雙溪區,024
24.9731,121.8153,泰平,C0A550,2017-01-10T15:00:00+08:00,460.0,0.0,0.0,15.2,0.83,970.8,-99.0,0.0,-9.9,-99,-999,新北市,06,雙溪區,024
24.9731,121.8153,泰平,C0A550,2017-01-10T16:00:00+08:00,460.0,0.0,0.0,15.1,0.83,971.0,-99.0,0.0,-9.9,-99,-999,新北市,06,雙溪區,024
24.9731,121.8153,泰平,C0A550,2017-01-10T17:00:00+08:00,460.0,0.0,0.0,14.9,0.86,971.9,-99.0,0.0,-9.9,-99,-999,新北市,06,雙溪區,024
24.9731,121.8153,泰平,C0A550,2017-01-10T18:00:00+08:00,460.0,0.0,0.0,14.6,0.89,972.3,-99.0,0.0,-9.9,-99,-999,新北市,06,雙溪區,024
24.9731,121.8153,泰平,C0A550,2017-01-10T19:00:00+08:00,460.0,0.0,0.0,14.6,0.87,973.0,-99.0,0.0,-9.9,-99,-999,新北市,06,雙溪區,024
24.9731,121.8153,泰平,C0A550,2017-01-10T20:00:00+08:00,460.0,0.0,0.0,14.8,0.89,973.5,-99.0,0.0,-9.9,-99,-999,新北市,06,雙溪區,024
24.9731,121.8153,泰平,C0A550,2017-01-10T21:00:00+08:00,460.0,0.0,0.0,14.8,0.89,973.8,-99.0,0.0,-9.9,-99,-999,新北市,06,雙溪區,024
24.9731,121.8153,泰平,C0A550,2017-01-10T22:00:00+08:00,460.0,0.0,0.0,14.8,0.92,974.1,-99.0,0.0,-9.9,-99,-999,新北市,06,雙溪區,024
24.9731,121.8153,泰平,C0A550,2017-01-10T23:00:00+08:00,460.0,0.0,0.0,14.8,0.92,973.6,-99.0,0.0,-9.9,-99,-999,新北市,06,雙溪區,024
24.9731,121.8153,泰平,C0A550,2017-01-11T00:00:00+08:00,460.0,0.0,0.0,14.8,0.93,973.4,-99.0,0.0,-9.9,-99,-999,新北市,06,雙溪區,024
24.9731,121.8153,泰平,C0A550,2017-01-11T01:00:00+08:00,460.0,0.0,0.0,14.6,0.93,973.3,-99.0,0.0,-9.9,-99,-999,新北市,06,雙溪區,024
24.9731,121.8153,泰平,C0A550,2017-01-11T02:00:00+08:00,460.0,0.0,0.0,14.5,0.94,972.6,-99.0,0.0,-9.9,-99,-999,新北市,06,雙溪區,024
24.9731,121.8153,泰平,C0A550,2017-01-11T03:00:00+08:00,460.0,0.0,0.0,14.5,0.96,972.8,-99.0,0.0,-9.9,-99,-999,新北市,06,雙溪區,024
24.9731,121.8153,泰平,C0A550,2017-01-11T04:00:00+08:00,460.0,0.0,0.0,14.2,0.97,972.5,-99.0,0.0,-9.9,-99,-999,新北市,06,雙溪區,024
24.9731,121.8153,泰平,C0A550,2017-01-11T05:00:00+08:00,460.0,0.0,0.0,14.3,0.98,972.5,-99.0,0.0,-9.9,-99,-999,新北市,06,雙溪區,024
24.9731,121.8153,泰平,C0A550,2017-01-11T06:00:00+08:00,460.0,0.0,0.0,14.6,0.98,973.1,-99.0,0.0,-9.9,-99,-999,新北市,06,雙溪區,024
24.9731,121.8153,泰平,C0A550,2017-01-11T07:00:00+08:00,460.0,0.0,0.0,14.7,0.98,973.5,-99.0,0.0,-9.9,-99,-999,新北市,06,雙溪區,024
24.9731,121.8153,泰平,C0A550,2017-01-11T08:00:00+08:00,460.0,0.0,0.0,14.6,0.98,974.0,-99.0,0.0,-9.9,-99,-999,新北市,06,雙溪區,024
24.9731,121.8153,泰平,C0A550,2017-01-11T09:00:00+08:00,460.0,0.0,0.0,14.7,0.98,974.4,-99.0,0.0,-9.9,-99,-999,新北市,06,雙溪區,024
24.9731,121.8153,泰平,C0A550,2017-01-11T10:00:00+08:00,460.0,0.0,0.0,14.9,0.98,974.1,-99.0,0.5,-9.9,-99,-999,新北市,06,雙溪區,024
24.9731,121.8153,泰平,C0A550,2017-01-11T11:00:00+08:00,460.0,0.0,0.0,15.3,0.98,973.4,-99.0,0.5,-9.9,-99,-999,新北市,06,雙溪區,024
24.9731,121.8153,泰平,C0A550,2017-01-11T12:00:00+08:00,460.0,0.0,0.0,15.6,0.98,972.5,-99.0,0.5,-9.9,-99,-999,新北市,06,雙溪區,024
24.9731,121.8153,泰平,C0A550,2017-01-11T13:00:00+08:00,460.0,0.0,0.0,16.0,0.99,970.5,-99.0,0.5,-9.9,-99,-999,新北市,06,雙溪區,024
24.9731,121.8153,泰平,C0A550,2017-01-11T14:00:00+08:00,460.0,0.0,0.0,16.6,0.98,970.1,-99.0,0.5,-9.9,-99,-999,新北市,06,雙溪區,024
24.9731,121.8153,泰平,C0A550,2017-01-11T15:00:00+08:00,460.0,0.0,0.0,17.4,0.93,969.7,-99.0,0.5,-9.9,-99,-999,新北市,06,雙溪區,024
24.9731,121.8153,泰平,C0A550,2017-01-11T16:00:00+08:00,460.0,0.0,0.0,16.8,0.95,970.2,-99.0,0.5,-9.9,-99,-999,新北市,06,雙溪區,024
24.9731,121.8153,泰平,C0A550,2017-01-11T17:00:00+08:00,460.0,0.0,0.0,16.7,0.95,970.4,-99.0,0.5,-9.9,-99,-999,新北市,06,雙溪區,024
24.9731,121.8153,泰平,C0A550,2017-01-11T18:00:00+08:00,460.0,0.0,0.0,16.4,0.95,970.9,-99.0,1.0,-9.9,-99,-999,新北市,06,雙溪區,024
24.9731,121.8153,泰平,C0A550,2017-01-11T19:00:00+08:00,460.0,0.0,0.0,16.2,0.98,971.2,-99.0,2.0,-9.9,-99,-999,新北市,06,雙溪區,024
24.9731,121.8153,泰平,C0A550,2017-01-11T20:00:00+08:00,460.0,0.0,0.0,16.2,0.99,971.3,-99.0,2.0,-9.9,-99,-999,新北市,06,雙溪區,024
24.9731,121.8153,泰平,C0A550,2017-01-11T21:00:00+08:00,460.0,0.0,0.0,16.3,0.99,971.5,-99.0,2.0,-9.9,-99,-999,新北市,06,雙溪區,024
24.9731,121.8153,泰平,C0A550,2017-01-11T22:00:00+08:00,460.0,0.0,0.0,16.4,0.99,971.6,-99.0,2.0,-9.9,-99,-999,新北市,06,雙溪區,024
24.9731,121.8153,泰平,C0A550,2017-01-11T23:00:00+08:00,460.0,0.0,0.0,16.5,0.99,971.3,-99.0,2.0,-9.9,-99,-999,新北市,06,雙溪區,024
24.9731,121.8153,泰平,C0A550,2017-01-12T00:00:00+08:00,460.0,0.0,0.1,16.5,0.99,971.1,-99.0,2.0,-9.9,-99,-999,新北市,06,雙溪區,024
24.9731,121.8153,泰平,C0A550,2017-01-12T01:00:00+08:00,460.0,0.0,0.0,16.5,0.99,970.3,-99.0,0.0,-9.9,-99,-999,新北市,06,雙溪區,024
24.9731,121.8153,泰平,C0A550,2017-01-12T02:00:00+08:00,460.0,0.0,0.0,16.5,1.00,970.1,-99.0,0.0,-9.9,-99,-999,新北市,06,雙溪區,024
24.9731,121.8153,泰平,C0A550,2017-01-12T03:00:00+08:00,460.0,0.0,0.0,16.6,1.00,969.3,-99.0,0.0,-9.9,-99,-999,新北市,06,雙溪區,024
24.9731,121.8153,泰平,C0A550,2017-01-12T04:00:00+08:00,460.0,0.0,0.0,16.6,1.00,969.1,-99.0,0.0,-9.9,-99,-999,新北市,06,雙溪區,024
24.9731,121.8153,泰平,C0A550,2017-01-12T05:00:00+08:00,460.0,0.0,0.0,16.7,1.00,969.0,-99.0,0.0,-9.9,-99,-999,新北市,06,雙溪區,024
24.9731,121.8153,泰平,C0A550,2017-01-12T06:00:00+08:00,460.0,0.0,0.0,16.7,1.00,969.1,-99.0,0.0,-9.9,-99,-999,新北市,06,雙溪區,024
24.9731,121.8153,泰平,C0A550,2017-01-12T07:00:00+08:00,460.0,0.0,0.0,16.8,1.00,969.6,-99.0,0.0,-9.9,-99,-999,新北市,06,雙溪區,024
24.9731,121.8153,泰平,C0A550,2017-01-12T08:00:00+08:00,460.0,0.0,0.0,16.8,1.00,969.9,-99.0,0.5,-9.9,-99,-999,新北市,06,雙溪區,024
24.9731,121.8153,泰平,C0A550,2017-01-12T09:00:00+08:00,460.0,0.0,0.0,16.9,1.00,969.2,-99.0,1.0,-9.9,-99,-999,新北市,06,雙溪區,024
24.9731,121.8153,泰平,C0A550,2017-01-12T10:00:00+08:00,460.0,0.0,0.1,17.3,1.00,969.8,-99.0,1.5,-9.9,-99,-999,新北市,06,雙溪區,024
24.9731,121.8153,泰平,C0A550,2017-01-12T11:00:00+08:00,460.0,0.0,0.0,17.7,1.00,968.7,-99.0,1.5,-9.9,-99,-999,新北市,06,雙溪區,024
24.9731,121.8153,泰平,C0A550,2017-01-12T12:00:00+08:00,460.0,0.0,0.0,17.8,0.99,967.7,-99.0,1.5,-9.9,-99,-999,新北市,06,雙溪區,024
24.9731,121.8153,泰平,C0A550,2017-01-12T13:00:00+08:00,460.0,0.0,0.0,18.3,0.95,966.8,-99.0,1.5,-9.9,-99,-999,新北市,06,雙溪區,024
24.9731,121.8153,泰平,C0A550,2017-01-12T14:00:00+08:00,460.0,0.0,0.0,18.3,0.96,966.3,-99.0,1.5,-9.9,-99,-999,新北市,06,雙溪區,024
24.9731,121.8153,泰平,C0A550,2017-01-12T15:00:00+08:00,460.0,0.0,0.0,18.6,0.94,966.0,-99.0,1.5,-9.9,-99,-999,新北市,06,雙溪區,024
24.9731,121.8153,泰平,C0A550,2017-01-12T16:00:00+08:00,460.0,0.0,0.0,17.9,0.96,966.2,-99.0,1.5,-9.9,-99,-999,新北市,06,雙溪區,024
24.9731,121.8153,泰平,C0A550,2017-01-12T17:00:00+08:00,460.0,0.0,0.1,17.3,0.97,966.5,-99.0,1.5,-9.9,-99,-999,新北市,06,雙溪區,024
24.9731,121.8153,泰平,C0A550,2017-01-12T18:00:00+08:00,460.0,0.0,0.0,16.8,0.98,966.9,-99.0,1.5,-9.9,-99,-999,新北市,06,雙溪區,024
24.9731,121.8153,泰平,C0A550,2017-01-12T19:00:00+08:00,460.0,0.0,0.0,16.9,0.99,967.2,-99.0,1.5,-9.9,-99,-999,新北市,06,雙溪區,024
24.9731,121.8153,泰平,C0A550,2017-01-12T20:00:00+08:00,460.0,0.0,0.0,16.7,0.99,967.7,-99.0,1.5,-9.9,-99,-999,新北市,06,雙溪區,024
24.9731,121.8153,泰平,C0A550,2017-01-12T21:00:00+08:00,460.0,0.0,0.0,16.3,0.99,968.0,-99.0,2.0,-9.9,-99,-999,新北市,06,雙溪區,024
24.9731,121.8153,泰平,C0A550,2017-01-12T22:00:00+08:00,460.0,0.0,0.0,16.0,0.99,968.1,-99.0,3.0,-9.9,-99,-999,新北市,06,雙溪區,024
24.9731,121.8153,泰平,C0A550,2017-01-12T23:00:00+08:00,460.0,0.0,0.0,15.6,0.99,967.7,-99.0,3.5,-9.9,-99,-999,新北市,06,雙溪區,024
24.9731,121.8153,泰平,C0A550,2017-01-13T00:00:00+08:00,460.0,0.0,0.0,15.4,0.99,967.8,-99.0,4.0,-9.9,-99,-999,新北市,06,雙溪區,024
24.9731,121.8153,泰平,C0A550,2017-01-13T01:00:00+08:00,460.0,0.0,0.0,15.0,0.99,967.8,-99.0,0.0,-9.9,-99,-999,新北市,06,雙溪區,024
24.9731,121.8153,泰平,C0A550,2017-01-13T02:00:00+08:00,460.0,0.0,0.0,14.9,0.99,967.6,-99.0,1.0,-9.9,-99,-999,新北市,06,雙溪區,024
24.9731,121.8153,泰平,C0A550,2017-01-13T03:00:00+08:00,460.0,0.0,0.0,14.6,1.00,967.6,-99.0,2.5,-9.9,-99,-999,新北市,06,雙溪區,024
24.9731,121.8153,泰平,C0A550,2017-01-13T04:00:00+08:00,460.0,0.0,0.1,14.1,1.00,967.6,-99.0,3.5,-9.9,-99,-999,新北市,06,雙溪區,024
24.9731,121.8153,泰平,C0A550,2017-01-13T05:00:00+08:00,460.0,336.0,0.3,13.7,1.00,967.9,-99.0,4.0,-9.9,-99,-999,新北市,06,雙溪區,024
24.9731,121.8153,泰平,C0A550,2017-01-13T06:00:00+08:00,460.0,0.0,0.2,13.3,1.00,968.2,-99.0,4.0,-9.9,-99,-999,新北市,06,雙溪區,024
24.9731,121.8153,泰平,C0A550,2017-01-13T07:00:00+08:00,460.0,0.0,0.0,13.3,1.00,968.6,-99.0,5.5,-9.9,-99,-999,新北市,06,雙溪區,024
24.9731,121.8153,泰平,C0A550,2017-01-13T08:00:00+08:00,460.0,321.0,0.3,13.3,1.00,969.4,-99.0,5.5,-9.9,-99,-999,新北市,06,雙溪區,024
24.9731,121.8153,泰平,C0A550,2017-01-13T09:00:00+08:00,460.0,323.0,0.5,13.1,1.00,970.1,-99.0,6.5,-9.9,-99,-999,新北市,06,雙溪區,024
24.9731,121.8153,泰平,C0A550,2017-01-13T10:00:00+08:00,460.0,0.0,0.0,12.9,1.00,970.3,-99.0,7.0,-9.9,-99,-999,新北市,06,雙溪區,024
24.9731,121.8153,泰平,C0A550,2017-01-13T11:00:00+08:00,460.0,0.0,0.1,12.7,1.00,969.9,-99.0,8.5,-9.9,-99,-999,新北市,06,雙溪區,024
24.9731,121.8153,泰平,C0A550,2017-01-13T12:00:00+08:00,460.0,0.0,0.0,12.7,0.99,968.9,-99.0,9.0,-9.9,-99,-999,新北市,06,雙溪區,024
24.9731,121.8153,泰平,C0A550,2017-01-13T13:00:00+08:00,460.0,0.0,0.0,12.9,0.99,968.3,-99.0,9.5,-9.9,-99,-999,新北市,06,雙溪區,024
24.9731,121.8153,泰平,C0A550,2017-01-13T14:00:00+08:00,460.0,0.0,0.0,13.0,0.99,968.0,-99.0,10.0,-9.9,-99,-999,新北市,06,雙溪區,024
24.9731,121.8153,泰平,C0A550,2017-01-13T15:00:00+08:00,460.0,0.0,0.1,12.8,0.99,968.0,-99.0,11.5,-9.9,-99,-999,新北市,06,雙溪區,024
24.9731,121.8153,泰平,C0A550,2017-01-13T16:00:00+08:00,460.0,0.0,0.0,12.7,0.99,968.7,-99.0,13.0,-9.9,-99,-999,新北市,06,雙溪區,024
24.9731,121.8153,泰平,C0A550,2017-01-13T17:00:00+08:00,460.0,0.0,0.1,12.3,0.99,969.1,-99.0,14.5,-9.9,-99,-999,新北市,06,雙溪區,024
24.9731,121.8153,泰平,C0A550,2017-01-13T18:00:00+08:00,460.0,0.0,0.0,12.2,1.00,969.4,-99.0,15.0,-9.9,-99,-999,新北市,06,雙溪區,024
24.9731,121.8153,泰平,C0A550,2017-01-13T19:00:00+08:00,460.0,0.0,0.0,11.9,1.00,969.9,-99.0,17.0,-9.9,-99,-999,新北市,06,雙溪區,024
24.9731,121.8153,泰平,C0A550,2017-01-13T20:00:00+08:00,460.0,0.0,0.0,11.8,1.00,970.3,-99.0,17.5,-9.9,-99,-999,新北市,06,雙溪區,024
24.9731,121.8153,泰平,C0A550,2017-01-13T21:00:00+08:00,460.0,0.0,0.0,11.9,1.00,970.5,-99.0,19.0,-9.9,-99,-999,新北市,06,雙溪區,024
24.9731,121.8153,泰平,C0A550,2017-01-13T22:00:00+08:00,460.0,0.0,0.0,12.0,1.00,971.0,-99.0,20.5,-9.9,-99,-999,新北市,06,雙溪區,024
24.9731,121.8153,泰平,C0A550,2017-01-13T23:00:00+08:00,460.0,0.0,0.1,11.8,1.00,970.9,-99.0,23.0,-9.9,-99,-999,新北市,06,雙溪區,024
24.9731,121.8153,泰平,C0A550,2017-01-14T00:00:00+08:00,460.0,0.0,0.0,11.5,1.00,970.6,-99.0,24.0,-9.9,-99,-999,新北市,06,雙溪區,024
24.9731,121.8153,泰平,C0A550,2017-01-14T01:00:00+08:00,460.0,0.0,0.2,11.1,1.00,970.7,-99.0,1.5,-9.9,-99,-999,新北市,06,雙溪區,024
24.9731,121.8153,泰平,C0A550,2017-01-14T02:00:00+08:00,460.0,0.0,0.0,10.7,1.00,970.6,-99.0,3.0,-9.9,-99,-999,新北市,06,雙溪區,024
24.9731,121.8153,泰平,C0A550,2017-01-14T03:00:00+08:00,460.0,0.0,0.1,10.6,1.00,971.0,-99.0,4.5,-9.9,-99,-999,新北市,06,雙溪區,024
24.9731,121.8153,泰平,C0A550,2017-01-14T04:00:00+08:00,460.0,0.0,0.0,10.2,1.00,970.8,-99.0,6.5,-9.9,-99,-999,新北市,06,雙溪區,024
24.9731,121.8153,泰平,C0A550,2017-01-14T05:00:00+08:00,460.0,0.0,0.0,10.1,0.99,971.4,-99.0,7.0,-9.9,-99,-999,新北市,06,雙溪區,024
24.9731,121.8153,泰平,C0A550,2017-01-14T06:00:00+08:00,460.0,0.0,0.1,10.1,1.00,971.7,-99.0,9.5,-9.9,-99,-999,新北市,06,雙溪區,024
24.9731,121.8153,泰平,C0A550,2017-01-14T07:00:00+08:00,460.0,0.0,0.0,9.9,1.00,972.1,-99.0,11.5,-9.9,-99,-999,新北市,06,雙溪區,024
24.9731,121.8153,泰平,C0A550,2017-01-14T08:00:00+08:00,460.0,0.0,0.0,10.0,1.00,973.0,-99.0,13.5,-9.9,-99,-999,新北市,06,雙溪區,024
24.9731,121.8153,泰平,C0A550,2017-01-14T10:00:00+08:00,460.0,0.0,0.0,10.2,1.00,973.6,-99.0,18.5,-9.9,-99,-999,新北市,06,雙溪區,024
24.9731,121.8153,泰平,C0A550,2017-01-14T11:00:00+08:00,460.0,0.0,0.0,10.6,1.00,973.2,-99.0,20.0,-9.9,-99,-999,新北市,06,雙溪區,024
24.9731,121.8153,泰平,C0A550,2017-01-14T12:00:00+08:00,460.0,0.0,0.0,10.6,1.00,972.4,-99.0,22.0,-9.9,-99,-999,新北市,06,雙溪區,024
24.9731,121.8153,泰平,C0A550,2017-01-14T13:00:00+08:00,460.0,0.0,0.0,10.7,1.00,971.6,-99.0,23.0,-9.9,-99,-999,新北市,06,雙溪區,024
24.9731,121.8153,泰平,C0A550,2017-01-14T14:00:00+08:00,460.0,0.0,0.0,10.9,1.00,971.2,-99.0,24.0,-9.9,-99,-999,新北市,06,雙溪區,024
24.9731,121.8153,泰平,C0A550,2017-01-14T15:00:00+08:00,460.0,0.0,0.0,10.8,1.00,971.4,-99.0,24.5,-9.9,-99,-999,新北市,06,雙溪區,024
24.9731,121.8153,泰平,C0A550,2017-01-14T16:00:00+08:00,460.0,0.0,0.0,11.0,0.99,971.7,-99.0,24.5,-9.9,-99,-999,新北市,06,雙溪區,024
24.9731,121.8153,泰平,C0A550,2017-01-14T17:00:00+08:00,460.0,0.0,0.0,10.7,0.99,972.2,-99.0,24.5,-9.9,-99,-999,新北市,06,雙溪區,024
24.9731,121.8153,泰平,C0A550,2017-01-14T18:00:00+08:00,460.0,0.0,0.0,10.5,0.99,972.9,-99.0,25.0,-9.9,-99,-999,新北市,06,雙溪區,024
24.9731,121.8153,泰平,C0A550,2017-01-14T19:00:00+08:00,460.0,0.0,0.0,10.8,0.99,973.2,-99.0,25.5,-9.9,-99,-999,新北市,06,雙溪區,024
24.9731,121.8153,泰平,C0A550,2017-01-14T20:00:00+08:00,460.0,0.0,0.0,10.8,0.99,973.7,-99.0,26.5,-9.9,-99,-999,新北市,06,雙溪區,024
24.9731,121.8153,泰平,C0A550,2017-01-14T21:00:00+08:00,460.0,0.0,0.0,10.7,0.99,974.1,-99.0,27.5,-9.9,-99,-999,新北市,06,雙溪區,024
24.9731,121.8153,泰平,C0A550,2017-01-14T22:00:00+08:00,460.0,0.0,0.0,10.7,0.99,974.2,-99.0,27.5,-9.9,-99,-999,新北市,06,雙溪區,024
24.9731,121.8153,泰平,C0A550,2017-01-14T23:00:00+08:00,460.0,0.0,0.0,10.7,0.99,973.9,-99.0,29.5,-9.9,-99,-999,新北市,06,雙溪區,024
24.9731,121.8153,泰平,C0A550,2017-01-15T00:00:00+08:00,460.0,0.0,0.0,10.6,1.00,973.9,-99.0,30.0,-9.9,-99,-999,新北市,06,雙溪區,024
24.9731,121.8153,泰平,C0A550,2017-01-15T01:00:00+08:00,460.0,0.0,0.0,10.6,0.99,973.9,-99.0,1.0,-9.9,-99,-999,新北市,06,雙溪區,024
24.9731,121.8153,泰平,C0A550,2017-01-15T02:00:00+08:00,460.0,0.0,0.0,10.6,0.99,973.8,-99.0,1.5,-9.9,-99,-999,新北市,06,雙溪區,024
24.9731,121.8153,泰平,C0A550,2017-01-15T03:00:00+08:00,460.0,0.0,0.0,10.2,0.99,974.0,-99.0,1.5,-9.9,-99,-999,新北市,06,雙溪區,024
24.9731,121.8153,泰平,C0A550,2017-01-15T04:00:00+08:00,460.0,0.0,0.0,10.2,0.99,973.6,-99.0,1.5,-9.9,-99,-999,新北市,06,雙溪區,024
24.9731,121.8153,泰平,C0A550,2017-01-15T05:00:00+08:00,460.0,0.0,0.0,10.3,0.99,974.1,-99.0,2.0,-9.9,-99,-999,新北市,06,雙溪區,024
24.9731,121.8153,泰平,C0A550,2017-01-15T06:00:00+08:00,460.0,0.0,0.0,10.2,0.99,973.8,-99.0,2.0,-9.9,-99,-999,新北市,06,雙溪區,024
24.9731,121.8153,泰平,C0A550,2017-01-15T07:00:00+08:00,460.0,0.0,0.0,10.5,0.99,974.3,-99.0,2.5,-9.9,-99,-999,新北市,06,雙溪區,024
24.9731,121.8153,泰平,C0A550,2017-01-15T08:00:00+08:00,460.0,0.0,0.0,10.7,1.00,974.9,-99.0,3.0,-9.9,-99,-999,新北市,06,雙溪區,024
24.9731,121.8153,泰平,C0A550,2017-01-15T09:00:00+08:00,460.0,0.0,0.1,10.7,1.00,975.3,-99.0,4.0,-9.9,-99,-999,新北市,06,雙溪區,024
24.9731,121.8153,泰平,C0A550,2017-01-15T10:00:00+08:00,460.0,0.0,0.0,10.7,1.00,975.2,-99.0,5.5,-9.9,-99,-999,新北市,06,雙溪區,024
24.9731,121.8153,泰平,C0A550,2017-01-15T11:00:00+08:00,460.0,0.0,0.1,10.7,1.00,974.6,-99.0,6.0,-9.9,-99,-999,新北市,06,雙溪區,024
24.9731,121.8153,泰平,C0A550,2017-01-15T12:00:00+08:00,460.0,0.0,0.1,10.8,0.99,973.8,-99.0,7.0,-9.9,-99,-999,新北市,06,雙溪區,024
24.9731,121.8153,泰平,C0A550,2017-01-15T13:00:00+08:00,460.0,0.0,0.0,10.8,1.00,973.1,-99.0,9.0,-9.9,-99,-999,新北市,06,雙溪區,024
24.9731,121.8153,泰平,C0A550,2017-01-15T14:00:00+08:00,460.0,0.0,0.0,10.8,1.00,972.4,-99.0,9.0,-9.9,-99,-999,新北市,06,雙溪區,024
24.9731,121.8153,泰平,C0A550,2017-01-15T15:00:00+08:00,460.0,0.0,0.1,10.9,0.99,972.4,-99.0,10.0,-9.9,-99,-999,新北市,06,雙溪區,024
24.9731,121.8153,泰平,C0A550,2017-01-15T16:00:00+08:00,460.0,0.0,0.2,10.6,0.99,972.9,-99.0,11.5,-9.9,-99,-999,新北市,06,雙溪區,024
24.9731,121.8153,泰平,C0A550,2017-01-15T17:00:00+08:00,460.0,0.0,0.1,10.7,1.00,973.2,-99.0,12.5,-9.9,-99,-999,新北市,06,雙溪區,024
24.9731,121.8153,泰平,C0A550,2017-01-15T18:00:00+08:00,460.0,0.0,0.0,10.8,1.00,973.3,-99.0,14.0,-9.9,-99,-999,新北市,06,雙溪區,024
24.9731,121.8153,泰平,C0A550,2017-01-15T19:00:00+08:00,460.0,0.0,0.0,10.6,1.00,973.5,-99.0,14.5,-9.9,-99,-999,新北市,06,雙溪區,024
24.9731,121.8153,泰平,C0A550,2017-01-15T20:00:00+08:00,460.0,0.0,0.0,10.9,1.00,973.8,-99.0,14.5,-9.9,-99,-999,新北市,06,雙溪區,024
24.9731,121.8153,泰平,C0A550,2017-01-15T21:00:00+08:00,460.0,0.0,0.0,10.8,1.00,973.9,-99.0,16.5,-9.9,-99,-999,新北市,06,雙溪區,024
24.9731,121.8153,泰平,C0A550,2017-01-15T22:00:00+08:00,460.0,0.0,0.0,11.2,1.00,973.8,-99.0,17.5,-9.9,-99,-999,新北市,06,雙溪區,024
24.9731,121.8153,泰平,C0A550,2017-01-15T23:00:00+08:00,460.0,0.0,0.0,11.0,1.00,973.7,-99.0,21.0,-9.9,-99,-999,新北市,06,雙溪區,024
24.9731,121.8153,泰平,C0A550,2017-01-16T00:00:00+08:00,460.0,0.0,0.0,10.6,1.00,973.3,-99.0,22.5,-9.9,-99,-999,新北市,06,雙溪區,024
24.9731,121.8153,泰平,C0A550,2017-01-16T01:00:00+08:00,460.0,0.0,0.0,11.0,1.00,973.7,-99.0,2.5,-9.9,-99,-999,新北市,06,雙溪區,024
24.9731,121.8153,泰平,C0A550,2017-01-16T02:00:00+08:00,460.0,0.0,0.0,10.9,1.00,973.5,-99.0,3.0,-9.9,-99,-999,新北市,06,雙溪區,024
24.9731,121.8153,泰平,C0A550,2017-01-16T04:00:00+08:00,460.0,0.0,0.0,10.9,1.00,973.5,-99.0,5.5,-9.9,-99,-999,新北市,06,雙溪區,024
24.9731,121.8153,泰平,C0A550,2017-01-16T05:00:00+08:00,460.0,0.0,0.0,10.8,1.00,973.7,-99.0,7.0,-9.9,-99,-999,新北市,06,雙溪區,024
24.9731,121.8153,泰平,C0A550,2017-01-16T06:00:00+08:00,460.0,0.0,0.1,10.8,1.00,974.3,-99.0,8.0,-9.9,-99,-999,新北市,06,雙溪區,024
24.9731,121.8153,泰平,C0A550,2017-01-16T07:00:00+08:00,460.0,0.0,0.0,10.6,1.00,974.7,-99.0,9.5,-9.9,-99,-999,新北市,06,雙溪區,024
24.9731,121.8153,泰平,C0A550,2017-01-16T08:00:00+08:00,460.0,0.0,0.0,10.9,1.00,975.1,-99.0,10.0,-9.9,-99,-999,新北市,06,雙溪區,024
24.9731,121.8153,泰平,C0A550,2017-01-16T10:00:00+08:00,460.0,0.0,0.0,11.2,1.00,975.7,-99.0,10.5,-9.9,-99,-999,新北市,06,雙溪區,024
24.9731,121.8153,泰平,C0A550,2017-01-16T11:00:00+08:00,460.0,0.0,0.0,11.5,0.99,975.2,-99.0,10.5,-9.9,-99,-999,新北市,06,雙溪區,024
24.9731,121.8153,泰平,C0A550,2017-01-16T12:00:00+08:00,460.0,0.0,0.0,11.5,0.99,974.3,-99.0,10.5,-9.9,-99,-999,新北市,06,雙溪區,024
24.9731,121.8153,泰平,C0A550,2017-01-16T13:00:00+08:00,460.0,0.0,0.0,11.6,0.99,973.4,-99.0,11.0,-9.9,-99,-999,新北市,06,雙溪區,024
24.9731,121.8153,泰平,C0A550,2017-01-16T14:00:00+08:00,460.0,0.0,0.0,11.3,0.99,973.1,-99.0,11.5,-9.9,-99,-999,新北市,06,雙溪區,024
24.9731,121.8153,泰平,C0A550,2017-01-16T15:00:00+08:00,460.0,0.0,0.0,11.5,0.99,972.8,-99.0,11.5,-9.9,-99,-999,新北市,06,雙溪區,024
24.9731,121.8153,泰平,C0A550,2017-01-16T16:00:00+08:00,460.0,0.0,0.0,11.5,0.99,972.9,-99.0,11.5,-9.9,-99,-999,新北市,06,雙溪區,024
24.9731,121.8153,泰平,C0A550,2017-01-16T17:00:00+08:00,460.0,0.0,0.0,11.4,0.99,973.5,-99.0,11.5,-9.9,-99,-999,新北市,06,雙溪區,024
24.9731,121.8153,泰平,C0A550,2017-01-16T18:00:00+08:00,460.0,0.0,0.0,11.5,0.99,974.0,-99.0,11.5,-9.9,-99,-999,新北市,06,雙溪區,024
24.9731,121.8153,泰平,C0A550,2017-01-16T19:00:00+08:00,460.0,0.0,0.0,11.4,0.99,974.3,-99.0,11.5,-9.9,-99,-999,新北市,06,雙溪區,024
24.9731,121.8153,泰平,C0A550,2017-01-16T20:00:00+08:00,460.0,0.0,0.0,11.6,0.99,974.7,-99.0,12.0,-9.9,-99,-999,新北市,06,雙溪區,024
24.9731,121.8153,泰平,C0A550,2017-01-16T21:00:00+08:00,460.0,0.0,0.0,11.5,0.98,975.0,-99.0,12.0,-9.9,-99,-999,新北市,06,雙溪區,024
24.9731,121.8153,泰平,C0A550,2017-01-16T22:00:00+08:00,460.0,0.0,0.0,11.7,0.98,975.1,-99.0,12.0,-9.9,-99,-999,新北市,06,雙溪區,024
24.9731,121.8153,泰平,C0A550,2017-01-16T23:00:00+08:00,460.0,0.0,0.0,11.9,0.99,974.9,-99.0,12.0,-9.9,-99,-999,新北市,06,雙溪區,024
24.9731,121.8153,泰平,C0A550,2017-01-17T00:00:00+08:00,460.0,0.0,0.0,12.5,0.99,974.7,-99.0,12.5,-9.9,-99,-999,新北市,06,雙溪區,024
24.9731,121.8153,泰平,C0A550,2017-01-17T01:00:00+08:00,460.0,0.0,0.0,12.4,0.99,974.6,-99.0,0.0,-9.9,-99,-999,新北市,06,雙溪區,024
24.9731,121.8153,泰平,C0A550,2017-01-17T02:00:00+08:00,460.0,0.0,0.0,12.2,0.99,974.6,-99.0,0.0,-9.9,-99,-999,新北市,06,雙溪區,024
24.9731,121.8153,泰平,C0A550,2017-01-17T03:00:00+08:00,460.0,0.0,0.0,12.1,0.99,973.6,-99.0,0.5,-9.9,-99,-999,新北市,06,雙溪區,024
24.9731,121.8153,泰平,C0A550,2017-01-17T04:00:00+08:00,460.0,0.0,0.0,12.4,0.99,974.1,-99.0,1.0,-9.9,-99,-999,新北市,06,雙溪區,024
24.9731,121.8153,泰平,C0A550,2017-01-17T05:00:00+08:00,460.0,0.0,0.0,12.5,1.00,974.1,-99.0,1.5,-9.9,-99,-999,新北市,06,雙溪區,024
24.9731,121.8153,泰平,C0A550,2017-01-17T06:00:00+08:00,460.0,0.0,0.0,12.6,1.00,975.0,-99.0,1.5,-9.9,-99,-999,新北市,06,雙溪區,024
24.9731,121.8153,泰平,C0A550,2017-01-17T07:00:00+08:00,460.0,0.0,0.0,12.8,1.00,975.1,-99.0,1.5,-9.9,-99,-999,新北市,06,雙溪區,024
24.9731,121.8153,泰平,C0A550,2017-01-17T08:00:00+08:00,460.0,0.0,0.0,13.3,1.00,975.6,-99.0,1.5,-9.9,-99,-999,新北市,06,雙溪區,024
24.9731,121.8153,泰平,C0A550,2017-01-17T09:00:00+08:00,460.0,0.0,0.0,14.0,0.99,975.9,-99.0,1.5,-9.9,-99,-999,新北市,06,雙溪區,024
24.9731,121.8153,泰平,C0A550,2017-01-17T10:00:00+08:00,460.0,0.0,0.0,14.6,0.94,975.9,-99.0,1.5,-9.9,-99,-999,新北市,06,雙溪區,024
24.9731,121.8153,泰平,C0A550,2017-01-17T11:00:00+08:00,460.0,0.0,0.0,16.3,0.89,974.9,-99.0,1.5,-9.9,-99,-999,新北市,06,雙溪區,024
24.9731,121.8153,泰平,C0A550,2017-01-17T12:00:00+08:00,460.0,0.0,0.2,17.2,0.87,973.7,-99.0,1.5,-9.9,-99,-999,新北市,06,雙溪區,024
24.9731,121.8153,泰平,C0A550,2017-01-17T13:00:00+08:00,460.0,132.0,0.6,18.6,0.82,972.7,-99.0,1.5,-9.9,-99,-999,新北市,06,雙溪區,024
24.9731,121.8153,泰平,C0A550,2017-01-17T14:00:00+08:00,460.0,0.0,0.2,17.4,0.85,972.6,-99.0,1.5,-9.9,-99,-999,新北市,06,雙溪區,024
24.9731,121.8153,泰平,C0A550,2017-01-17T15:00:00+08:00,460.0,0.0,0.0,16.8,0.87,972.5,-99.0,1.5,-9.9,-99,-999,新北市,06,雙溪區,024
24.9731,121.8153,泰平,C0A550,2017-01-17T16:00:00+08:00,460.0,0.0,0.2,16.6,0.90,972.4,-99.0,1.5,-9.9,-99,-999,新北市,06,雙溪區,024
24.9731,121.8153,泰平,C0A550,2017-01-17T17:00:00+08:00,460.0,0.0,0.0,16.2,0.92,972.9,-99.0,1.5,-9.9,-99,-999,新北市,06,雙溪區,024
24.9731,121.8153,泰平,C0A550,2017-01-17T18:00:00+08:00,460.0,0.0,0.0,16.0,0.93,973.3,-99.0,1.5,-9.9,-99,-999,新北市,06,雙溪區,024
24.9731,121.8153,泰平,C0A550,2017-01-17T19:00:00+08:00,460.0,0.0,0.1,16.0,0.96,973.6,-99.0,1.5,-9.9,-99,-999,新北市,06,雙溪區,024
24.9731,121.8153,泰平,C0A550,2017-01-17T20:00:00+08:00,460.0,0.0,0.1,16.1,0.95,973.7,-99.0,1.5,-9.9,-99,-999,新北市,06,雙溪區,024
24.9731,121.8153,泰平,C0A550,2017-01-17T21:00:00+08:00,460.0,0.0,0.2,16.4,0.96,974.0,-99.0,1.5,-9.9,-99,-999,新北市,06,雙溪區,024
24.9731,121.8153,泰平,C0A550,2017-01-17T22:00:00+08:00,460.0,0.0,0.2,16.6,0.96,974.1,-99.0,1.5,-9.9,-99,-999,新北市,06,雙溪區,024
24.9731,121.8153,泰平,C0A550,2017-01-17T23:00:00+08:00,460.0,130.0,0.3,16.6,0.94,973.9,-99.0,1.5,-9.9,-99,-999,新北市,06,雙溪區,024
24.9731,121.8153,泰平,C0A550,2017-01-18T00:00:00+08:00,460.0,0.0,0.2,16.7,0.92,973.7,-99.0,1.5,-9.9,-99,-999,新北市,06,雙溪區,024
24.9731,121.8153,泰平,C0A550,2017-01-18T01:00:00+08:00,460.0,0.0,0.2,16.8,0.93,973.6,-99.0,0.0,-9.9,-99,-999,新北市,06,雙溪區,024
24.9731,121.8153,泰平,C0A550,2017-01-18T02:00:00+08:00,460.0,0.0,0.2,17.0,0.90,973.2,-99.0,0.0,-9.9,-99,-999,新北市,06,雙溪區,024
24.9731,121.8153,泰平,C0A550,2017-01-18T03:00:00+08:00,460.0,0.0,0.0,16.1,0.92,973.6,-99.0,0.0,-9.9,-99,-999,新北市,06,雙溪區,024
24.9731,121.8153,泰平,C0A550,2017-01-18T04:00:00+08:00,460.0,0.0,0.0,15.0,0.96,974.0,-99.0,0.0,-9.9,-99,-999,新北市,06,雙溪區,024
24.9731,121.8153,泰平,C0A550,2017-01-18T05:00:00+08:00,460.0,0.0,0.2,14.4,0.98,974.1,-99.0,0.0,-9.9,-99,-999,新北市,06,雙溪區,024
24.9731,121.8153,泰平,C0A550,2017-01-18T06:00:00+08:00,460.0,302.0,0.3,14.5,0.99,974.3,-99.0,0.0,-9.9,-99,-999,新北市,06,雙溪區,024
24.9731,121.8153,泰平,C0A550,2017-01-18T07:00:00+08:00,460.0,0.0,0.1,14.3,0.99,974.6,-99.0,0.0,-9.9,-99,-999,新北市,06,雙溪區,024
24.9731,121.8153,泰平,C0A550,2017-01-18T08:00:00+08:00,460.0,277.0,0.3,15.0,0.99,975.2,-99.0,0.0,-9.9,-99,-999,新北市,06,雙溪區,024
24.9731,121.8153,泰平,C0A550,2017-01-18T10:00:00+08:00,460.0,272.0,0.3,20.7,0.75,975.2,-99.0,0.0,-9.9,-99,-999,新北市,06,雙溪區,024
24.9731,121.8153,泰平,C0A550,2017-01-18T11:00:00+08:00,460.0,323.0,0.4,20.9,0.73,974.6,-99.0,0.0,-9.9,-99,-999,新北市,06,雙溪區,024
24.9731,121.8153,泰平,C0A550,2017-01-18T17:00:00+08:00,460.0,-97.0,-97.0,-97.0,-0.97,-997.0,-99.0,-97.0,-9.9,-99,-999,新北市,06,雙溪區,024
24.9731,121.8153,泰平,C0A550,2017-01-19T15:00:00+08:00,460.0,-97.0,-97.0,-97.0,-0.97,-997.0,-99.0,-97.0,-9.9,-99,-999,新北市,06,雙溪區,024
24.9731,121.8153,泰平,C0A550,2017-01-19T16:00:00+08:00,460.0,-97.0,-97.0,-97.0,-0.97,-997.0,-99.0,0.0,-9.9,-99,-999,新北市,06,雙溪區,024
24.9731,121.8153,泰平,C0A550,2017-01-19T17:00:00+08:00,460.0,-97.0,-97.0,-97.0,-0.97,-997.0,-99.0,0.0,-9.9,-99,-999,新北市,06,雙溪區,024
24.9731,121.8153,泰平,C0A550,2017-01-19T19:00:00+08:00,460.0,-97.0,-97.0,-97.0,-0.97,-997.0,-99.0,0.0,-9.9,-99,-999,新北市,06,雙溪區,024
24.9731,121.8153,泰平,C0A550,2017-01-19T21:00:00+08:00,460.0,-97.0,-97.0,-97.0,-0.97,-997.0,-99.0,0.5,-9.9,-99,-999,新北市,06,雙溪區,024
24.9731,121.8153,泰平,C0A550,2017-01-19T22:00:00+08:00,460.0,-97.0,-97.0,-97.0,-0.97,-997.0,-99.0,0.5,-9.9,-99,-999,新北市,06,雙溪區,024
24.9731,121.8153,泰平,C0A550,2017-01-19T23:00:00+08:00,460.0,-97.0,-97.0,-97.0,-0.97,-997.0,-99.0,1.0,-9.9,-99,-999,新北市,06,雙溪區,024
24.9731,121.8153,泰平,C0A550,2017-01-20T00:00:00+08:00,460.0,-97.0,-97.0,-97.0,-0.97,-997.0,-99.0,2.0,-9.9,-99,-999,新北市,06,雙溪區,024
24.9731,121.8153,泰平,C0A550,2017-01-20T01:00:00+08:00,460.0,-97.0,-97.0,-97.0,-0.97,-997.0,-99.0,2.5,-9.9,-99,-999,新北市,06,雙溪區,024
24.9731,121.8153,泰平,C0A550,2017-01-20T03:00:00+08:00,460.0,-97.0,-97.0,-97.0,-0.97,-997.0,-99.0,5.5,-9.9,-99,-999,新北市,06,雙溪區,024
24.9731,121.8153,泰平,C0A550,2017-01-20T04:00:00+08:00,460.0,-97.0,-97.0,-97.0,-0.97,-997.0,-99.0,6.0,-9.9,-99,-999,新北市,06,雙溪區,024
24.9731,121.8153,泰平,C0A550,2017-01-20T05:00:00+08:00,460.0,-97.0,-97.0,-97.0,-0.97,-997.0,-99.0,8.5,-9.9,-99,-999,新北市,06,雙溪區,024
24.9731,121.8153,泰平,C0A550,2017-01-20T06:00:00+08:00,460.0,-97.0,-97.0,-97.0,-0.97,-997.0,-99.0,9.5,-9.9,-99,-999,新北市,06,雙溪區,024
24.9731,121.8153,泰平,C0A550,2017-01-20T08:00:00+08:00,460.0,-97.0,-97.0,-97.0,-0.97,-997.0,-99.0,11.5,-9.9,-99,-999,新北市,06,雙溪區,024
24.9731,121.8153,泰平,C0A550,2017-01-20T09:00:00+08:00,460.0,-97.0,-97.0,-97.0,-0.97,-997.0,-99.0,14.0,-9.9,-99,-999,新北市,06,雙溪區,024
24.9731,121.8153,泰平,C0A550,2017-01-20T11:00:00+08:00,460.0,-97.0,-97.0,-97.0,-0.97,-997.0,-99.0,16.5,-9.9,-99,-999,新北市,06,雙溪區,024
24.9731,121.8153,泰平,C0A550,2017-01-20T12:00:00+08:00,460.0,-97.0,-97.0,-97.0,-0.97,-997.0,-99.0,17.5,-9.9,-99,-999,新北市,06,雙溪區,024
24.9731,121.8153,泰平,C0A550,2017-01-20T13:00:00+08:00,460.0,-97.0,-97.0,-97.0,-0.97,-997.0,-99.0,18.5,-9.9,-99,-999,新北市,06,雙溪區,024
24.9731,121.8153,泰平,C0A550,2017-01-20T14:00:00+08:00,460.0,-97.0,-97.0,-97.0,-0.97,-997.0,-99.0,19.5,-9.9,-99,-999,新北市,06,雙溪區,024
24.9731,121.8153,泰平,C0A550,2017-01-20T15:00:00+08:00,460.0,333.0,0.6,7.8,0.99,976.5,-99.0,20.0,-9.9,-99,-999,新北市,06,雙溪區,024
24.9731,121.8153,泰平,C0A550,2017-01-20T16:00:00+08:00,460.0,0.0,0.1,7.6,0.99,976.9,-99.0,20.0,-9.9,-99,-999,新北市,06,雙溪區,024
24.9731,121.8153,泰平,C0A550,2017-01-20T17:00:00+08:00,460.0,0.0,0.0,7.6,0.97,977.4,-99.0,20.0,-9.9,-99,-999,新北市,06,雙溪區,024
24.9731,121.8153,泰平,C0A550,2017-01-20T18:00:00+08:00,460.0,0.0,0.1,7.9,0.95,977.8,-99.0,20.0,-9.9,-99,-999,新北市,06,雙溪區,024
24.9731,121.8153,泰平,C0A550,2017-01-20T19:00:00+08:00,460.0,0.0,0.1,7.8,0.96,978.4,-99.0,20.0,-9.9,-99,-999,新北市,06,雙溪區,024
24.9731,121.8153,泰平,C0A550,2017-01-20T20:00:00+08:00,460.0,0.0,0.0,7.8,0.96,978.8,-99.0,20.0,-9.9,-99,-999,新北市,06,雙溪區,024
24.9731,121.8153,泰平,C0A550,2017-01-20T21:00:00+08:00,460.0,0.0,0.0,7.9,0.96,979.0,-99.0,20.0,-9.9,-99,-999,新北市,06,雙溪區,024
24.9731,121.8153,泰平,C0A550,2017-01-20T22:00:00+08:00,460.0,0.0,0.1,7.9,0.96,978.9,-99.0,20.0,-9.9,-99,-999,新北市,06,雙溪區,024
24.9731,121.8153,泰平,C0A550,2017-01-20T23:00:00+08:00,460.0,0.0,0.1,8.0,0.95,978.7,-99.0,20.0,-9.9,-99,-999,新北市,06,雙溪區,024
24.9731,121.8153,泰平,C0A550,2017-01-21T00:00:00+08:00,460.0,0.0,0.0,7.8,0.95,978.5,-99.0,20.5,-9.9,-99,-999,新北市,06,雙溪區,024
24.9731,121.8153,泰平,C0A550,2017-01-21T01:00:00+08:00,460.0,0.0,0.0,8.1,0.95,978.3,-99.0,0.0,-9.9,-99,-999,新北市,06,雙溪區,024
24.9731,121.8153,泰平,C0A550,2017-01-21T02:00:00+08:00,460.0,0.0,0.0,8.1,0.97,978.1,-99.0,0.0,-9.9,-99,-999,新北市,06,雙溪區,024
24.9731,121.8153,泰平,C0A550,2017-01-21T03:00:00+08:00,460.0,0.0,0.0,8.2,0.97,977.8,-99.0,0.0,-9.9,-99,-999,新北市,06,雙溪區,024
24.9731,121.8153,泰平,C0A550,2017-01-21T04:00:00+08:00,460.0,0.0,0.0,8.2,0.98,977.6,-99.0,0.0,-9.9,-99,-999,新北市,06,雙溪區,024
24.9731,121.8153,泰平,C0A550,2017-01-21T05:00:00+08:00,460.0,0.0,0.0,8.6,0.98,977.7,-99.0,0.0,-9.9,-99,-999,新北市,06,雙溪區,024
24.9731,121.8153,泰平,C0A550,2017-01-21T06:00:00+08:00,460.0,0.0,0.0,8.7,0.99,977.9,-99.0,0.0,-9.9,-99,-999,新北市,06,雙溪區,024
24.9731,121.8153,泰平,C0A550,2017-01-21T07:00:00+08:00,460.0,0.0,0.0,8.8,0.99,978.3,-99.0,0.0,-9.9,-99,-999,新北市,06,雙溪區,024
24.9731,121.8153,泰平,C0A550,2017-01-21T08:00:00+08:00,460.0,0.0,0.0,9.2,0.99,978.6,-99.0,0.0,-9.9,-99,-999,新北市,06,雙溪區,024
24.9731,121.8153,泰平,C0A550,2017-01-21T10:00:00+08:00,460.0,0.0,0.0,10.0,0.99,978.8,-99.0,0.0,-9.9,-99,-999,新北市,06,雙溪區,024
24.9731,121.8153,泰平,C0A550,2017-01-21T11:00:00+08:00,460.0,0.0,0.0,10.5,0.98,978.1,-99.0,0.0,-9.9,-99,-999,新北市,06,雙溪區,024
24.9731,121.8153,泰平,C0A550,2017-01-21T12:00:00+08:00,460.0,0.0,0.0,11.1,0.92,977.0,-99.0,0.0,-9.9,-99,-999,新北市,06,雙溪區,024
24.9731,121.8153,泰平,C0A550,2017-01-21T13:00:00+08:00,460.0,0.0,0.0,11.6,0.89,976.1,-99.0,0.0,-9.9,-99,-999,新北市,06,雙溪區,024
24.9731,121.8153,泰平,C0A550,2017-01-21T14:00:00+08:00,460.0,0.0,0.0,11.7,0.87,975.3,-99.0,0.0,-9.9,-99,-999,新北市,06,雙溪區,024
24.9731,121.8153,泰平,C0A550,2017-01-21T15:00:00+08:00,460.0,0.0,0.0,11.4,0.92,975.3,-99.0,0.0,-9.9,-99,-999,新北市,06,雙溪區,024
24.9731,121.8153,泰平,C0A550,2017-01-21T16:00:00+08:00,460.0,0.0,0.0,11.2,0.92,975.8,-99.0,0.0,-9.9,-99,-999,新北市,06,雙溪區,024
24.9731,121.8153,泰平,C0A550,2017-01-21T17:00:00+08:00,460.0,0.0,0.0,11.2,0.95,976.2,-99.0,0.0,-9.9,-99,-999,新北市,06,雙溪區,024
24.9731,121.8153,泰平,C0A550,2017-01-21T18:00:00+08:00,460.0,0.0,0.0,11.0,0.96,976.9,-99.0,0.0,-9.9,-99,-999,新北市,06,雙溪區,024
24.9731,121.8153,泰平,C0A550,2017-01-21T19:00:00+08:00,460.0,0.0,0.0,10.5,0.97,977.5,-99.0,0.0,-9.9,-99,-999,新北市,06,雙溪區,024
24.9731,121.8153,泰平,C0A550,2017-01-21T20:00:00+08:00,460.0,0.0,0.0,9.7,0.98,977.7,-99.0,0.0,-9.9,-99,-999,新北市,06,雙溪區,024
24.9731,121.8153,泰平,C0A550,2017-01-21T21:00:00+08:00,460.0,0.0,0.0,9.3,0.98,978.1,-99.0,0.0,-9.9,-99,-999,新北市,06,雙溪區,024
24.9731,121.8153,泰平,C0A550,2017-01-21T22:00:00+08:00,460.0,0.0,0.0,9.2,0.99,978.4,-99.0,0.0,-9.9,-99,-999,新北市,06,雙溪區,024
24.9731,121.8153,泰平,C0A550,2017-01-21T23:00:00+08:00,460.0,0.0,0.0,9.5,0.99,978.2,-99.0,0.0,-9.9,-99,-999,新北市,06,雙溪區,024
24.9731,121.8153,泰平,C0A550,2017-01-22T00:00:00+08:00,460.0,0.0,0.0,9.9,0.99,978.2,-99.0,0.0,-9.9,-99,-999,新北市,06,雙溪區,024
24.9731,121.8153,泰平,C0A550,2017-01-22T01:00:00+08:00,460.0,0.0,0.0,10.1,0.99,978.1,-99.0,0.0,-9.9,-99,-999,新北市,06,雙溪區,024
24.9731,121.8153,泰平,C0A550,2017-01-22T02:00:00+08:00,460.0,0.0,0.0,10.4,1.00,978.2,-99.0,0.0,-9.9,-99,-999,新北市,06,雙溪區,024
24.9731,121.8153,泰平,C0A550,2017-01-22T03:00:00+08:00,460.0,0.0,0.0,10.0,0.99,978.2,-99.0,0.0,-9.9,-99,-999,新北市,06,雙溪區,024
24.9731,121.8153,泰平,C0A550,2017-01-22T04:00:00+08:00,460.0,0.0,0.2,10.6,0.83,978.5,-99.0,0.0,-9.9,-99,-999,新北市,06,雙溪區,024
24.9731,121.8153,泰平,C0A550,2017-01-22T05:00:00+08:00,460.0,321.0,0.4,10.2,0.80,979.0,-99.0,0.0,-9.9,-99,-999,新北市,06,雙溪區,024
24.9731,121.8153,泰平,C0A550,2017-01-22T06:00:00+08:00,460.0,0.0,0.2,10.1,0.77,979.8,-99.0,0.0,-9.9,-99,-999,新北市,06,雙溪區,024
24.9731,121.8153,泰平,C0A550,2017-01-22T07:00:00+08:00,460.0,0.0,0.0,9.8,0.83,980.2,-99.0,0.0,-9.9,-99,-999,新北市,06,雙溪區,024
24.9731,121.8153,泰平,C0A550,2017-01-22T08:00:00+08:00,460.0,0.0,0.0,10.6,0.80,980.2,-99.0,0.0,-9.9,-99,-999,新北市,06,雙溪區,024
24.9731,121.8153,泰平,C0A550,2017-01-22T09:00:00+08:00,460.0,0.0,0.0,11.4,0.74,980.7,-99.0,0.0,-9.9,-99,-999,新北市,06,雙溪區,024
24.9731,121.8153,泰平,C0A550,2017-01-22T10:00:00+08:00,460.0,0.0,0.0,11.8,0.71,981.0,-99.0,0.0,-9.9,-99,-999,新北市,06,雙溪區,024
24.9731,121.8153,泰平,C0A550,2017-01-22T11:00:00+08:00,460.0,0.0,0.1,12.3,0.71,980.6,-99.0,0.0,-9.9,-99,-999,新北市,06,雙溪區,024
24.9731,121.8153,泰平,C0A550,2017-01-22T12:00:00+08:00,460.0,334.0,0.4,12.4,0.69,979.6,-99.0,0.0,-9.9,-99,-999,新北市,06,雙溪區,024
24.9731,121.8153,泰平,C0A550,2017-01-22T13:00:00+08:00,460.0,0.0,0.1,12.3,0.69,978.7,-99.0,0.0,-9.9,-99,-999,新北市,06,雙溪區,024
24.9731,121.8153,泰平,C0A550,2017-01-22T14:00:00+08:00,460.0,357.0,0.3,11.3,0.73,978.5,-99.0,0.0,-9.9,-99,-999,新北市,06,雙溪區,024
24.9731,121.8153,泰平,C0A550,2017-01-22T15:00:00+08:00,460.0,0.0,0.1,10.7,0.79,978.1,-99.0,0.0,-9.9,-99,-999,新北市,06,雙溪區,024
24.9731,121.8153,泰平,C0A550,2017-01-22T16:00:00+08:00,460.0,0.0,0.0,10.0,0.82,978.4,-99.0,0.0,-9.9,-99,-999,新北市,06,雙溪區,024
24.9731,121.8153,泰平,C0A550,2017-01-22T17:00:00+08:00,460.0,0.0,0.0,9.8,0.82,978.9,-99.0,0.0,-9.9,-99,-999,新北市,06,雙溪區,024
24.9731,121.8153,泰平,C0A550,2017-01-22T18:00:00+08:00,460.0,0.0,0.0,9.4,0.89,979.5,-99.0,0.0,-9.9,-99,-999,新北市,06,雙溪區,024
24.9731,121.8153,泰平,C0A550,2017-01-22T19:00:00+08:00,460.0,0.0,0.0,9.2,0.91,980.1,-99.0,0.0,-9.9,-99,-999,新北市,06,雙溪區,024
24.9731,121.8153,泰平,C0A550,2017-01-22T20:00:00+08:00,460.0,0.0,0.0,9.1,0.94,980.8,-99.0,0.0,-9.9,-99,-999,新北市,06,雙溪區,024
24.9731,121.8153,泰平,C0A550,2017-01-22T21:00:00+08:00,460.0,0.0,0.0,9.8,0.82,981.0,-99.0,0.0,-9.9,-99,-999,新北市,06,雙溪區,024
24.9731,121.8153,泰平,C0A550,2017-01-22T22:00:00+08:00,460.0,0.0,0.0,9.5,0.80,980.9,-99.0,0.0,-9.9,-99,-999,新北市,06,雙溪區,024
24.9731,121.8153,泰平,C0A550,2017-01-22T23:00:00+08:00,460.0,0.0,0.0,9.3,0.83,980.4,-99.0,0.0,-9.9,-99,-999,新北市,06,雙溪區,024
24.9731,121.8153,泰平,C0A550,2017-01-23T00:00:00+08:00,460.0,0.0,0.0,9.4,0.83,979.8,-99.0,0.0,-9.9,-99,-999,新北市,06,雙溪區,024
24.9731,121.8153,泰平,C0A550,2017-01-23T01:00:00+08:00,460.0,0.0,0.0,9.6,0.83,979.6,-99.0,0.0,-9.9,-99,-999,新北市,06,雙溪區,024
24.9731,121.8153,泰平,C0A550,2017-01-23T02:00:00+08:00,460.0,0.0,0.0,9.7,0.88,979.5,-99.0,0.0,-9.9,-99,-999,新北市,06,雙溪區,024
24.9731,121.8153,泰平,C0A550,2017-01-23T03:00:00+08:00,460.0,0.0,0.0,10.1,0.82,979.2,-99.0,0.0,-9.9,-99,-999,新北市,06,雙溪區,024
24.9731,121.8153,泰平,C0A550,2017-01-23T04:00:00+08:00,460.0,0.0,0.0,10.4,0.79,978.9,-99.0,0.0,-9.9,-99,-999,新北市,06,雙溪區,024
24.9731,121.8153,泰平,C0A550,2017-01-23T05:00:00+08:00,460.0,0.0,0.0,10.5,0.78,979.1,-99.0,0.0,-9.9,-99,-999,新北市,06,雙溪區,024
24.9731,121.8153,泰平,C0A550,2017-01-23T06:00:00+08:00,460.0,0.0,0.0,10.7,0.78,979.6,-99.0,0.0,-9.9,-99,-999,新北市,06,雙溪區,024
24.9731,121.8153,泰平,C0A550,2017-01-23T07:00:00+08:00,460.0,0.0,0.0,10.6,0.77,980.1,-99.0,0.0,-9.9,-99,-999,新北市,06,雙溪區,024
24.9731,121.8153,泰平,C0A550,2017-01-23T08:00:00+08:00,460.0,0.0,0.0,10.8,0.78,980.7,-99.0,0.0,-9.9,-99,-999,新北市,06,雙溪區,024
24.9731,121.8153,泰平,C0A550,2017-01-23T09:00:00+08:00,460.0,0.0,0.0,10.8,0.79,981.2,-99.0,0.0,-9.9,-99,-999,新北市,06,雙溪區,024
24.9731,121.8153,泰平,C0A550,2017-01-23T10:00:00+08:00,460.0,0.0,0.2,10.9,0.79,981.2,-99.0,0.0,-9.9,-99,-999,新北市,06,雙溪區,024
24.9731,121.8153,泰平,C0A550,2017-01-23T11:00:00+08:00,460.0,0.0,0.0,10.7,0.82,981.0,-99.0,0.0,-9.9,-99,-999,新北市,06,雙溪區,024
24.9731,121.8153,泰平,C0A550,2017-01-23T12:00:00+08:00,460.0,0.0,0.0,10.7,0.82,980.3,-99.0,0.0,-9.9,-99,-999,新北市,06,雙溪區,024
24.9731,121.8153,泰平,C0A550,2017-01-23T13:00:00+08:00,460.0,0.0,0.0,10.6,0.81,979.4,-99.0,0.0,-9.9,-99,-999,新北市,06,雙溪區,024
24.9731,121.8153,泰平,C0A550,2017-01-23T14:00:00+08:00,460.0,0.0,0.0,10.5,0.83,978.9,-99.0,0.0,-9.9,-99,-999,新北市,06,雙溪區,024
24.9731,121.8153,泰平,C0A550,2017-01-23T15:00:00+08:00,460.0,0.0,0.0,10.2,0.85,978.9,-99.0,0.0,-9.9,-99,-999,新北市,06,雙溪區,024
24.9731,121.8153,泰平,C0A550,2017-01-23T16:00:00+08:00,460.0,0.0,0.0,10.2,0.83,979.1,-99.0,0.0,-9.9,-99,-999,新北市,06,雙溪區,024
24.9731,121.8153,泰平,C0A550,2017-01-23T17:00:00+08:00,460.0,0.0,0.1,10.1,0.83,979.6,-99.0,0.0,-9.9,-99,-999,新北市,06,雙溪區,024
24.9731,121.8153,泰平,C0A550,2017-01-23T18:00:00+08:00,460.0,0.0,0.0,10.1,0.82,980.1,-99.0,0.0,-9.9,-99,-999,新北市,06,雙溪區,024
24.9731,121.8153,泰平,C0A550,2017-01-23T19:00:00+08:00,460.0,0.0,0.0,9.9,0.86,980.4,-99.0,0.0,-9.9,-99,-999,新北市,06,雙溪區,024
24.9731,121.8153,泰平,C0A550,2017-01-23T20:00:00+08:00,460.0,0.0,0.0,9.8,0.89,980.8,-99.0,0.0,-9.9,-99,-999,新北市,06,雙溪區,024
24.9731,121.8153,泰平,C0A550,2017-01-23T21:00:00+08:00,460.0,0.0,0.0,9.6,0.95,980.7,-99.0,0.0,-9.9,-99,-999,新北市,06,雙溪區,024
24.9731,121.8153,泰平,C0A550,2017-01-23T22:00:00+08:00,460.0,0.0,0.0,9.8,0.90,980.6,-99.0,0.0,-9.9,-99,-999,新北市,06,雙溪區,024
24.9731,121.8153,泰平,C0A550,2017-01-23T23:00:00+08:00,460.0,0.0,0.0,9.7,0.95,980.6,-99.0,0.0,-9.9,-99,-999,新北市,06,雙溪區,024
24.9731,121.8153,泰平,C0A550,2017-01-24T00:00:00+08:00,460.0,0.0,0.0,9.7,0.97,980.4,-99.0,0.5,-9.9,-99,-999,新北市,06,雙溪區,024
24.9731,121.8153,泰平,C0A550,2017-01-24T01:00:00+08:00,460.0,0.0,0.0,9.8,0.98,980.0,-99.0,0.0,-9.9,-99,-999,新北市,06,雙溪區,024
24.9731,121.8153,泰平,C0A550,2017-01-24T02:00:00+08:00,460.0,0.0,0.0,9.8,0.99,979.8,-99.0,0.0,-9.9,-99,-999,新北市,06,雙溪區,024
24.9731,121.8153,泰平,C0A550,2017-01-24T03:00:00+08:00,460.0,0.0,0.0,10.0,0.99,979.3,-99.0,0.5,-9.9,-99,-999,新北市,06,雙溪區,024
24.9731,121.8153,泰平,C0A550,2017-01-24T04:00:00+08:00,460.0,0.0,0.0,10.1,0.99,978.9,-99.0,0.5,-9.9,-99,-999,新北市,06,雙溪區,024
24.9731,121.8153,泰平,C0A550,2017-01-24T05:00:00+08:00,460.0,0.0,0.0,10.0,0.99,978.9,-99.0,1.0,-9.9,-99,-999,新北市,06,雙溪區,024
24.9731,121.8153,泰平,C0A550,2017-01-24T06:00:00+08:00,460.0,0.0,0.0,10.2,0.99,979.0,-99.0,1.5,-9.9,-99,-999,新北市,06,雙溪區,024
24.9731,121.8153,泰平,C0A550,2017-01-24T07:00:00+08:00,460.0,0.0,0.0,10.7,0.99,979.4,-99.0,1.5,-9.9,-99,-999,新北市,06,雙溪區,024
24.9731,121.8153,泰平,C0A550,2017-01-24T08:00:00+08:00,460.0,0.0,0.0,10.9,0.99,979.9,-99.0,2.0,-9.9,-99,-999,新北市,06,雙溪區,024
24.9731,121.8153,泰平,C0A550,2017-01-24T10:00:00+08:00,460.0,0.0,0.0,11.2,0.99,980.4,-99.0,2.5,-9.9,-99,-999,新北市,06,雙溪區,024
24.9731,121.8153,泰平,C0A550,2017-01-24T11:00:00+08:00,460.0,0.0,0.0,11.3,0.99,980.0,-99.0,3.0,-9.9,-99,-999,新北市,06,雙溪區,024
24.9731,121.8153,泰平,C0A550,2017-01-24T12:00:00+08:00,460.0,0.0,0.0,11.5,0.99,979.2,-99.0,3.5,-9.9,-99,-999,新北市,06,雙溪區,024
24.9731,121.8153,泰平,C0A550,2017-01-24T13:00:00+08:00,460.0,0.0,0.0,11.7,0.99,978.4,-99.0,3.5,-9.9,-99,-999,新北市,06,雙溪區,024
24.9731,121.8153,泰平,C0A550,2017-01-24T14:00:00+08:00,460.0,0.0,0.0,11.8,0.99,977.9,-99.0,4.0,-9.9,-99,-999,新北市,06,雙溪區,024
24.9731,121.8153,泰平,C0A550,2017-01-24T15:00:00+08:00,460.0,0.0,0.0,11.7,0.99,978.0,-99.0,4.5,-9.9,-99,-999,新北市,06,雙溪區,024
24.9731,121.8153,泰平,C0A550,2017-01-24T16:00:00+08:00,460.0,0.0,0.2,11.5,0.99,978.5,-99.0,6.0,-9.9,-99,-999,新北市,06,雙溪區,024
24.9731,121.8153,泰平,C0A550,2017-01-24T17:00:00+08:00,460.0,0.0,0.0,11.1,0.99,978.9,-99.0,7.5,-9.9,-99,-999,新北市,06,雙溪區,024
24.9731,121.8153,泰平,C0A550,2017-01-24T18:00:00+08:00,460.0,0.0,0.0,10.9,0.99,979.3,-99.0,10.0,-9.9,-99,-999,新北市,06,雙溪區,024
24.9731,121.8153,泰平,C0A550,2017-01-24T19:00:00+08:00,460.0,0.0,0.1,11.2,1.00,979.9,-99.0,12.0,-9.9,-99,-999,新北市,06,雙溪區,024
24.9731,121.8153,泰平,C0A550,2017-01-24T20:00:00+08:00,460.0,0.0,0.0,11.4,1.00,980.3,-99.0,13.5,-9.9,-99,-999,新北市,06,雙溪區,024
24.9731,121.8153,泰平,C0A550,2017-01-24T21:00:00+08:00,460.0,0.0,0.0,11.5,1.00,980.6,-99.0,14.0,-9.9,-99,-999,新北市,06,雙溪區,024
24.9731,121.8153,泰平,C0A550,2017-01-24T22:00:00+08:00,460.0,0.0,0.0,11.2,1.00,980.8,-99.0,15.5,-9.9,-99,-999,新北市,06,雙溪區,024
24.9731,121.8153,泰平,C0A550,2017-01-24T23:00:00+08:00,460.0,0.0,0.0,11.2,1.00,980.8,-99.0,18.0,-9.9,-99,-999,新北市,06,雙溪區,024
24.9731,121.8153,泰平,C0A550,2017-01-25T00:00:00+08:00,460.0,0.0,0.1,11.2,1.00,980.3,-99.0,19.5,-9.9,-99,-999,新北市,06,雙溪區,024
24.9731,121.8153,泰平,C0A550,2017-01-25T01:00:00+08:00,460.0,0.0,0.0,10.9,1.00,979.9,-99.0,1.0,-9.9,-99,-999,新北市,06,雙溪區,024
24.9731,121.8153,泰平,C0A550,2017-01-25T02:00:00+08:00,460.0,0.0,0.0,11.0,1.00,979.2,-99.0,1.5,-9.9,-99,-999,新北市,06,雙溪區,024
24.9731,121.8153,泰平,C0A550,2017-01-25T03:00:00+08:00,460.0,0.0,0.0,10.9,1.00,978.7,-99.0,2.0,-9.9,-99,-999,新北市,06,雙溪區,024
24.9731,121.8153,泰平,C0A550,2017-01-25T04:00:00+08:00,460.0,0.0,0.0,11.0,1.00,978.2,-99.0,2.5,-9.9,-99,-999,新北市,06,雙溪區,024
24.9731,121.8153,泰平,C0A550,2017-01-25T05:00:00+08:00,460.0,0.0,0.0,11.2,1.00,978.1,-99.0,3.0,-9.9,-99,-999,新北市,06,雙溪區,024
24.9731,121.8153,泰平,C0A550,2017-01-25T06:00:00+08:00,460.0,0.0,0.0,11.3,1.00,978.5,-99.0,3.0,-9.9,-99,-999,新北市,06,雙溪區,024
24.9731,121.8153,泰平,C0A550,2017-01-25T07:00:00+08:00,460.0,0.0,0.0,11.4,1.00,978.6,-99.0,3.0,-9.9,-99,-999,新北市,06,雙溪區,024
24.9731,121.8153,泰平,C0A550,2017-01-25T08:00:00+08:00,460.0,0.0,0.0,11.6,1.00,978.6,-99.0,3.0,-9.9,-99,-999,新北市,06,雙溪區,024
24.9731,121.8153,泰平,C0A550,2017-01-25T09:00:00+08:00,460.0,0.0,0.0,12.0,1.00,979.0,-99.0,3.0,-9.9,-99,-999,新北市,06,雙溪區,024
24.9731,121.8153,泰平,C0A550,2017-01-25T10:00:00+08:00,460.0,0.0,0.0,12.9,1.00,979.0,-99.0,3.5,-9.9,-99,-999,新北市,06,雙溪區,024
24.9731,121.8153,泰平,C0A550,2017-01-25T11:00:00+08:00,460.0,0.0,0.0,13.3,1.00,978.7,-99.0,3.5,-9.9,-99,-999,新北市,06,雙溪區,024
24.9731,121.8153,泰平,C0A550,2017-01-25T12:00:00+08:00,460.0,0.0,0.0,12.9,1.00,978.1,-99.0,4.0,-9.9,-99,-999,新北市,06,雙溪區,024
24.9731,121.8153,泰平,C0A550,2017-01-25T13:00:00+08:00,460.0,0.0,0.0,13.2,1.00,977.2,-99.0,5.0,-9.9,-99,-999,新北市,06,雙溪區,024
24.9731,121.8153,泰平,C0A550,2017-01-25T14:00:00+08:00,460.0,0.0,0.2,13.1,1.00,976.6,-99.0,5.5,-9.9,-99,-999,新北市,06,雙溪區,024
24.9731,121.8153,泰平,C0A550,2017-01-25T15:00:00+08:00,460.0,269.0,0.3,12.6,1.00,976.5,-99.0,6.5,-9.9,-99,-999,新北市,06,雙溪區,024
24.9731,121.8153,泰平,C0A550,2017-01-25T16:00:00+08:00,460.0,320.0,0.3,12.4,1.00,977.0,-99.0,8.0,-9.9,-99,-999,新北市,06,雙溪區,024
24.9731,121.8153,泰平,C0A550,2017-01-25T17:00:00+08:00,460.0,0.0,0.1,11.9,0.99,977.2,-99.0,9.0,-9.9,-99,-999,新北市,06,雙溪區,024
24.9731,121.8153,泰平,C0A550,2017-01-25T18:00:00+08:00,460.0,0.0,0.2,11.6,0.99,977.6,-99.0,9.5,-9.9,-99,-999,新北市,06,雙溪區,024
24.9731,121.8153,泰平,C0A550,2017-01-25T19:00:00+08:00,460.0,329.0,0.3,11.3,0.99,978.0,-99.0,10.0,-9.9,-99,-999,新北市,06,雙溪區,024
24.9731,121.8153,泰平,C0A550,2017-01-25T20:00:00+08:00,460.0,0.0,0.0,11.0,0.99,978.4,-99.0,10.5,-9.9,-99,-999,新北市,06,雙溪區,024
24.9731,121.8153,泰平,C0A550,2017-01-25T21:00:00+08:00,460.0,0.0,0.1,11.2,0.99,978.5,-99.0,11.5,-9.9,-99,-999,新北市,06,雙溪區,024
24.9731,121.8153,泰平,C0A550,2017-01-25T22:00:00+08:00,460.0,0.0,0.0,11.1,0.99,978.5,-99.0,12.0,-9.9,-99,-999,新北市,06,雙溪區,024
24.9731,121.8153,泰平,C0A550,2017-01-25T23:00:00+08:00,460.0,0.0,0.0,11.1,0.99,978.6,-99.0,12.5,-9.9,-99,-999,新北市,06,雙溪區,024
24.9731,121.8153,泰平,C0A550,2017-01-26T00:00:00+08:00,460.0,0.0,0.2,11.0,0.99,978.1,-99.0,13.5,-9.9,-99,-999,新北市,06,雙溪區,024
24.9731,121.8153,泰平,C0A550,2017-01-26T01:00:00+08:00,460.0,0.0,0.0,10.9,0.99,978.0,-99.0,1.0,-9.9,-99,-999,新北市,06,雙溪區,024
24.9731,121.8153,泰平,C0A550,2017-01-26T02:00:00+08:00,460.0,0.0,0.0,10.7,0.99,977.6,-99.0,1.5,-9.9,-99,-999,新北市,06,雙溪區,024
24.9731,121.8153,泰平,C0A550,2017-01-26T03:00:00+08:00,460.0,0.0,0.0,10.6,0.99,977.5,-99.0,2.0,-9.9,-99,-999,新北市,06,雙溪區,024
24.9731,121.8153,泰平,C0A550,2017-01-26T04:00:00+08:00,460.0,0.0,0.1,10.5,0.99,977.4,-99.0,2.0,-9.9,-99,-999,新北市,06,雙溪區,024
24.9731,121.8153,泰平,C0A550,2017-01-26T05:00:00+08:00,460.0,0.0,0.0,10.5,0.99,977.6,-99.0,2.0,-9.9,-99,-999,新北市,06,雙溪區,024
24.9731,121.8153,泰平,C0A550,2017-01-26T06:00:00+08:00,460.0,345.0,0.4,10.3,0.99,978.1,-99.0,2.0,-9.9,-99,-999,新北市,06,雙溪區,024
24.9731,121.8153,泰平,C0A550,2017-01-26T07:00:00+08:00,460.0,332.0,0.4,10.3,0.97,978.5,-99.0,2.0,-9.9,-99,-999,新北市,06,雙溪區,024
24.9731,121.8153,泰平,C0A550,2017-01-26T08:00:00+08:00,460.0,357.0,0.4,10.5,0.96,978.9,-99.0,2.0,-9.9,-99,-999,新北市,06,雙溪區,024
24.9731,121.8153,泰平,C0A550,2017-01-26T10:00:00+08:00,460.0,0.0,0.0,11.6,0.90,978.9,-99.0,2.5,-9.9,-99,-999,新北市,06,雙溪區,024
24.9731,121.8153,泰平,C0A550,2017-01-26T11:00:00+08:00,460.0,0.0,0.0,11.7,0.90,978.6,-99.0,2.5,-9.9,-99,-999,新北市,06,雙溪區,024
24.9731,121.8153,泰平,C0A550,2017-01-26T12:00:00+08:00,460.0,0.0,0.0,11.8,0.90,977.7,-99.0,2.5,-9.9,-99,-999,新北市,06,雙溪區,024
24.9731,121.8153,泰平,C0A550,2017-01-26T13:00:00+08:00,460.0,0.0,0.1,12.7,0.81,976.3,-99.0,2.5,-9.9,-99,-999,新北市,06,雙溪區,024
24.9731,121.8153,泰平,C0A550,2017-01-26T14:00:00+08:00,460.0,0.0,0.0,13.1,0.82,975.1,-99.0,2.5,-9.9,-99,-999,新北市,06,雙溪區,024
24.9731,121.8153,泰平,C0A550,2017-01-26T15:00:00+08:00,460.0,0.0,0.0,13.6,0.83,974.5,-99.0,2.5,-9.9,-99,-999,新北市,06,雙溪區,024
24.9731,121.8153,泰平,C0A550,2017-01-26T16:00:00+08:00,460.0,0.0,0.0,13.7,0.85,974.5,-99.0,2.5,-9.9,-99,-999,新北市,06,雙溪區,024
24.9731,121.8153,泰平,C0A550,2017-01-26T17:00:00+08:00,460.0,0.0,0.0,13.7,0.85,974.7,-99.0,2.5,-9.9,-99,-999,新北市,06,雙溪區,024
24.9731,121.8153,泰平,C0A550,2017-01-26T18:00:00+08:00,460.0,0.0,0.0,13.2,0.88,974.8,-99.0,2.5,-9.9,-99,-999,新北市,06,雙溪區,024
24.9731,121.8153,泰平,C0A550,2017-01-26T19:00:00+08:00,460.0,0.0,0.0,11.8,0.95,975.2,-99.0,2.5,-9.9,-99,-999,新北市,06,雙溪區,024
24.9731,121.8153,泰平,C0A550,2017-01-26T20:00:00+08:00,460.0,0.0,0.0,11.1,0.97,975.5,-99.0,2.5,-9.9,-99,-999,新北市,06,雙溪區,024
24.9731,121.8153,泰平,C0A550,2017-01-26T21:00:00+08:00,460.0,0.0,0.0,9.7,0.98,975.6,-99.0,2.5,-9.9,-99,-999,新北市,06,雙溪區,024
24.9731,121.8153,泰平,C0A550,2017-01-26T22:00:00+08:00,460.0,0.0,0.0,8.8,0.99,975.8,-99.0,2.5,-9.9,-99,-999,新北市,06,雙溪區,024
24.9731,121.8153,泰平,C0A550,2017-01-26T23:00:00+08:00,460.0,0.0,0.0,8.3,0.99,975.6,-99.0,2.5,-9.9,-99,-999,新北市,06,雙溪區,024
24.9731,121.8153,泰平,C0A550,2017-01-27T00:00:00+08:00,460.0,0.0,0.0,7.8,0.99,975.3,-99.0,2.5,-9.9,-99,-999,新北市,06,雙溪區,024
24.9731,121.8153,泰平,C0A550,2017-01-27T01:00:00+08:00,460.0,0.0,0.0,7.3,0.99,975.6,-99.0,0.0,-9.9,-99,-999,新北市,06,雙溪區,024
24.9731,121.8153,泰平,C0A550,2017-01-27T02:00:00+08:00,460.0,0.0,0.0,6.7,0.99,975.5,-99.0,0.0,-9.9,-99,-999,新北市,06,雙溪區,024
24.9731,121.8153,泰平,C0A550,2017-01-27T03:00:00+08:00,460.0,0.0,0.0,6.7,1.00,975.2,-99.0,0.0,-9.9,-99,-999,新北市,06,雙溪區,024
24.9731,121.8153,泰平,C0A550,2017-01-27T04:00:00+08:00,460.0,0.0,0.0,6.6,1.00,975.1,-99.0,0.0,-9.9,-99,-999,新北市,06,雙溪區,024
24.9731,121.8153,泰平,C0A550,2017-01-27T05:00:00+08:00,460.0,0.0,0.0,6.3,1.00,975.2,-99.0,0.0,-9.9,-99,-999,新北市,06,雙溪區,024
24.9731,121.8153,泰平,C0A550,2017-01-27T06:00:00+08:00,460.0,0.0,0.0,6.3,1.00,975.2,-99.0,0.0,-9.9,-99,-999,新北市,06,雙溪區,024
24.9731,121.8153,泰平,C0A550,2017-01-27T07:00:00+08:00,460.0,0.0,0.0,6.4,1.00,975.8,-99.0,0.0,-9.9,-99,-999,新北市,06,雙溪區,024
24.9731,121.8153,泰平,C0A550,2017-01-27T08:00:00+08:00,460.0,0.0,0.0,8.5,1.00,976.1,-99.0,0.0,-9.9,-99,-999,新北市,06,雙溪區,024
24.9731,121.8153,泰平,C0A550,2017-01-27T09:00:00+08:00,460.0,0.0,0.0,12.5,1.00,976.3,-99.0,0.0,-9.9,-99,-999,新北市,06,雙溪區,024
24.9731,121.8153,泰平,C0A550,2017-01-27T10:00:00+08:00,460.0,127.0,0.4,17.8,0.74,975.7,-99.0,0.0,-9.9,-99,-999,新北市,06,雙溪區,024
24.9731,121.8153,泰平,C0A550,2017-01-27T11:00:00+08:00,460.0,0.0,0.2,18.5,0.70,975.3,-99.0,0.0,-9.9,-99,-999,新北市,06,雙溪區,024
24.9731,121.8153,泰平,C0A550,2017-01-27T12:00:00+08:00,460.0,0.0,0.0,19.2,0.66,974.9,-99.0,0.0,-9.9,-99,-999,新北市,06,雙溪區,024
24.9731,121.8153,泰平,C0A550,2017-01-27T13:00:00+08:00,460.0,0.0,0.2,21.5,0.60,974.1,-99.0,0.0,-9.9,-99,-999,新北市,06,雙溪區,024
24.9731,121.8153,泰平,C0A550,2017-01-27T14:00:00+08:00,460.0,0.0,0.0,17.8,0.80,973.6,-99.0,0.0,-9.9,-99,-999,新北市,06,雙溪區,024
24.9731,121.8153,泰平,C0A550,2017-01-27T15:00:00+08:00,460.0,0.0,0.2,17.6,0.85,973.1,-99.0,0.0,-9.9,-99,-999,新北市,06,雙溪區,024
24.9731,121.8153,泰平,C0A550,2017-01-27T16:00:00+08:00,460.0,0.0,0.1,15.8,0.96,973.5,-99.0,0.0,-9.9,-99,-999,新北市,06,雙溪區,024
24.9731,121.8153,泰平,C0A550,2017-01-27T17:00:00+08:00,460.0,0.0,0.0,15.0,0.97,974.2,-99.0,0.0,-9.9,-99,-999,新北市,06,雙溪區,024
24.9731,121.8153,泰平,C0A550,2017-01-27T18:00:00+08:00,460.0,0.0,0.0,14.5,0.97,974.7,-99.0,0.0,-9.9,-99,-999,新北市,06,雙溪區,024
24.9731,121.8153,泰平,C0A550,2017-01-27T19:00:00+08:00,460.0,0.0,0.0,14.3,0.98,975.0,-99.0,0.0,-9.9,-99,-999,新北市,06,雙溪區,024
24.9731,121.8153,泰平,C0A550,2017-01-27T20:00:00+08:00,460.0,0.0,0.0,14.2,0.98,975.1,-99.0,0.5,-9.9,-99,-999,新北市,06,雙溪區,024
24.9731,121.8153,泰平,C0A550,2017-01-27T21:00:00+08:00,460.0,0.0,0.0,14.2,0.99,975.0,-99.0,0.5,-9.9,-99,-999,新北市,06,雙溪區,024
24.9731,121.8153,泰平,C0A550,2017-01-27T22:00:00+08:00,460.0,0.0,0.0,14.7,0.99,974.8,-99.0,1.5,-9.9,-99,-999,新北市,06,雙溪區,024
24.9731,121.8153,泰平,C0A550,2017-01-27T23:00:00+08:00,460.0,0.0,0.0,14.8,0.99,974.1,-99.0,2.0,-9.9,-99,-999,新北市,06,雙溪區,024
24.9731,121.8153,泰平,C0A550,2017-01-28T00:00:00+08:00,460.0,0.0,0.0,14.9,0.99,973.6,-99.0,8.5,-9.9,-99,-999,新北市,06,雙溪區,024
24.9731,121.8153,泰平,C0A550,2017-01-28T01:00:00+08:00,460.0,0.0,0.0,14.8,0.99,973.1,-99.0,1.0,-9.9,-99,-999,新北市,06,雙溪區,024
24.9731,121.8153,泰平,C0A550,2017-01-28T02:00:00+08:00,460.0,0.0,0.0,14.7,0.99,972.6,-99.0,1.0,-9.9,-99,-999,新北市,06,雙溪區,024
24.9731,121.8153,泰平,C0A550,2017-01-28T03:00:00+08:00,460.0,0.0,0.0,14.6,1.00,972.1,-99.0,1.5,-9.9,-99,-999,新北市,06,雙溪區,024
24.9731,121.8153,泰平,C0A550,2017-01-28T04:00:00+08:00,460.0,0.0,0.0,13.9,1.00,971.5,-99.0,1.5,-9.9,-99,-999,新北市,06,雙溪區,024
24.9731,121.8153,泰平,C0A550,2017-01-28T05:00:00+08:00,460.0,0.0,0.0,12.8,1.00,971.4,-99.0,1.5,-9.9,-99,-999,新北市,06,雙溪區,024
24.9731,121.8153,泰平,C0A550,2017-01-28T06:00:00+08:00,460.0,0.0,0.0,14.1,1.00,971.7,-99.0,1.5,-9.9,-99,-999,新北市,06,雙溪區,024
24.9731,121.8153,泰平,C0A550,2017-01-28T07:00:00+08:00,460.0,0.0,0.0,14.5,0.99,972.1,-99.0,1.5,-9.9,-99,-999,新北市,06,雙溪區,024
24.9731,121.8153,泰平,C0A550,2017-01-28T08:00:00+08:00,460.0,0.0,0.1,15.1,0.99,972.2,-99.0,1.5,-9.9,-99,-999,新北市,06,雙溪區,024
24.9731,121.8153,泰平,C0A550,2017-01-28T09:00:00+08:00,460.0,0.0,0.2,17.2,0.92,972.7,-99.0,1.5,-9.9,-99,-999,新北市,06,雙溪區,024
24.9731,121.8153,泰平,C0A550,2017-01-28T10:00:00+08:00,460.0,129.0,0.4,18.5,0.85,973.0,-99.0,1.5,-9.9,-99,-999,新北市,06,雙溪區,024
24.9731,121.8153,泰平,C0A550,2017-01-28T11:00:00+08:00,460.0,0.0,0.1,20.9,0.77,972.1,-99.0,1.5,-9.9,-99,-999,新北市,06,雙溪區,024
24.9731,121.8153,泰平,C0A550,2017-01-28T12:00:00+08:00,460.0,128.0,0.6,21.4,0.73,971.5,-99.0,1.5,-9.9,-99,-999,新北市,06,雙溪區,024
24.9731,121.8153,泰平,C0A550,2017-01-28T13:00:00+08:00,460.0,130.0,0.5,21.7,0.73,970.7,-99.0,1.5,-9.9,-99,-999,新北市,06,雙溪區,024
24.9731,121.8153,泰平,C0A550,2017-01-28T14:00:00+08:00,460.0,0.0,0.2,21.6,0.73,969.8,-99.0,1.5,-9.9,-99,-999,新北市,06,雙溪區,024
24.9731,121.8153,泰平,C0A550,2017-01-28T15:00:00+08:00,460.0,131.0,0.3,19.9,0.77,969.7,-99.0,1.5,-9.9,-99,-999,新北市,06,雙溪區,024
24.9731,121.8153,泰平,C0A550,2017-01-28T16:00:00+08:00,460.0,131.0,0.5,19.0,0.81,969.6,-99.0,1.5,-9.9,-99,-999,新北市,06,雙溪區,024
24.9731,121.8153,泰平,C0A550,2017-01-28T17:00:00+08:00,460.0,0.0,0.1,18.1,0.87,969.9,-99.0,1.5,-9.9,-99,-999,新北市,06,雙溪區,024
24.9731,121.8153,泰平,C0A550,2017-01-28T18:00:00+08:00,460.0,129.0,0.3,17.4,0.91,970.2,-99.0,1.5,-9.9,-99,-999,新北市,06,雙溪區,024
24.9731,121.8153,泰平,C0A550,2017-01-28T19:00:00+08:00,460.0,0.0,0.2,17.4,0.91,970.3,-99.0,1.5,-9.9,-99,-999,新北市,06,雙溪區,024
24.9731,121.8153,泰平,C0A550,2017-01-28T20:00:00+08:00,460.0,128.0,0.5,17.2,0.89,970.7,-99.0,1.5,-9.9,-99,-999,新北市,06,雙溪區,024
24.9731,121.8153,泰平,C0A550,2017-01-28T21:00:00+08:00,460.0,128.0,0.7,17.1,0.89,970.8,-99.0,1.5,-9.9,-99,-999,新北市,06,雙溪區,024
24.9731,121.8153,泰平,C0A550,2017-01-28T22:00:00+08:00,460.0,122.0,0.7,17.5,0.89,970.7,-99.0,1.5,-9.9,-99,-999,新北市,06,雙溪區,024
24.9731,121.8153,泰平,C0A550,2017-01-28T23:00:00+08:00,460.0,130.0,0.4,17.5,0.85,970.2,-99.0,1.5,-9.9,-99,-999,新北市,06,雙溪區,024
24.9731,121.8153,泰平,C0A550,2017-01-29T00:00:00+08:00,460.0,127.0,0.3,17.7,0.78,970.0,-99.0,1.5,-9.9,-99,-999,新北市,06,雙溪區,024
24.9731,121.8153,泰平,C0A550,2017-01-29T01:00:00+08:00,460.0,124.0,0.4,17.5,0.79,969.8,-99.0,0.0,-9.9,-99,-999,新北市,06,雙溪區,024
24.9731,121.8153,泰平,C0A550,2017-01-29T02:00:00+08:00,460.0,0.0,0.2,17.3,0.82,969.4,-99.0,0.0,-9.9,-99,-999,新北市,06,雙溪區,024
24.9731,121.8153,泰平,C0A550,2017-01-29T03:00:00+08:00,460.0,0.0,0.1,16.7,0.90,969.4,-99.0,0.0,-9.9,-99,-999,新北市,06,雙溪區,024
24.9731,121.8153,泰平,C0A550,2017-01-29T04:00:00+08:00,460.0,126.0,0.5,17.4,0.90,969.2,-99.0,0.0,-9.9,-99,-999,新北市,06,雙溪區,024
24.9731,121.8153,泰平,C0A550,2017-01-29T05:00:00+08:00,460.0,123.0,0.3,17.5,0.87,969.6,-99.0,0.0,-9.9,-99,-999,新北市,06,雙溪區,024
24.9731,121.8153,泰平,C0A550,2017-01-29T06:00:00+08:00,460.0,129.0,0.4,17.6,0.84,970.1,-99.0,0.0,-9.9,-99,-999,新北市,06,雙溪區,024
24.9731,121.8153,泰平,C0A550,2017-01-29T07:00:00+08:00,460.0,128.0,0.4,17.9,0.84,970.4,-99.0,0.0,-9.9,-99,-999,新北市,06,雙溪區,024
24.9731,121.8153,泰平,C0A550,2017-01-29T08:00:00+08:00,460.0,0.0,0.2,19.0,0.81,970.9,-99.0,0.0,-9.9,-99,-999,新北市,06,雙溪區,024
24.9731,121.8153,泰平,C0A550,2017-01-29T09:00:00+08:00,460.0,132.0,0.3,20.2,0.77,971.5,-99.0,0.0,-9.9,-99,-999,新北市,06,雙溪區,024
24.9731,121.8153,泰平,C0A550,2017-01-29T10:00:00+08:00,460.0,133.0,0.5,21.7,0.73,971.8,-99.0,0.0,-9.9,-99,-999,新北市,06,雙溪區,024
24.9731,121.8153,泰平,C0A550,2017-01-29T11:00:00+08:00,460.0,130.0,0.9,21.9,0.73,971.4,-99.0,0.0,-9.9,-99,-999,新北市,06,雙溪區,024
24.9731,121.8153,泰平,C0A550,2017-01-29T12:00:00+08:00,460.0,137.0,0.4,22.6,0.72,970.5,-99.0,0.0,-9.9,-99,-999,新北市,06,雙溪區,024
24.9731,121.8153,泰平,C0A550,2017-01-29T13:00:00+08:00,460.0,144.0,0.5,21.8,0.75,969.5,-99.0,0.0,-9.9,-99,-999,新北市,06,雙溪區,024
24.9731,121.8153,泰平,C0A550,2017-01-29T14:00:00+08:00,460.0,112.0,0.3,21.1,0.82,968.9,-99.0,0.0,-9.9,-99,-999,新北市,06,雙溪區,024
24.9731,121.8153,泰平,C0A550,2017-01-29T15:00:00+08:00,460.0,162.0,0.4,20.4,0.86,968.7,-99.0,0.0,-9.9,-99,-999,新北市,06,雙溪區,024
24.9731,121.8153,泰平,C0A550,2017-01-29T16:00:00+08:00,460.0,0.0,0.1,20.1,0.88,968.8,-99.0,0.0,-9.9,-99,-999,新北市,06,雙溪區,024
24.9731,121.8153,泰平,C0A550,2017-01-29T17:00:00+08:00,460.0,0.0,0.0,19.4,0.91,969.1,-99.0,0.0,-9.9,-99,-999,新北市,06,雙溪區,024
24.9731,121.8153,泰平,C0A550,2017-01-29T18:00:00+08:00,460.0,0.0,0.0,18.5,0.94,969.5,-99.0,0.0,-9.9,-99,-999,新北市,06,雙溪區,024
24.9731,121.8153,泰平,C0A550,2017-01-29T19:00:00+08:00,460.0,0.0,0.0,18.2,0.92,969.9,-99.0,0.0,-9.9,-99,-999,新北市,06,雙溪區,024
24.9731,121.8153,泰平,C0A550,2017-01-29T20:00:00+08:00,460.0,0.0,0.1,16.6,0.96,970.0,-99.0,0.0,-9.9,-99,-999,新北市,06,雙溪區,024
24.9731,121.8153,泰平,C0A550,2017-01-29T21:00:00+08:00,460.0,0.0,0.0,16.8,0.93,970.2,-99.0,0.0,-9.9,-99,-999,新北市,06,雙溪區,024
24.9731,121.8153,泰平,C0A550,2017-01-29T22:00:00+08:00,460.0,0.0,0.0,15.6,0.97,970.3,-99.0,0.0,-9.9,-99,-999,新北市,06,雙溪區,024
24.9731,121.8153,泰平,C0A550,2017-01-29T23:00:00+08:00,460.0,271.0,0.4,15.3,0.97,970.1,-99.0,0.0,-9.9,-99,-999,新北市,06,雙溪區,024
24.9731,121.8153,泰平,C0A550,2017-01-30T00:00:00+08:00,460.0,0.0,0.0,15.1,0.97,970.0,-99.0,0.0,-9.9,-99,-999,新北市,06,雙溪區,024
24.9731,121.8153,泰平,C0A550,2017-01-30T01:00:00+08:00,460.0,0.0,0.0,14.6,0.98,970.1,-99.0,0.0,-9.9,-99,-999,新北市,06,雙溪區,024
24.9731,121.8153,泰平,C0A550,2017-01-30T02:00:00+08:00,460.0,0.0,0.0,14.4,0.99,969.8,-99.0,0.0,-9.9,-99,-999,新北市,06,雙溪區,024
24.9731,121.8153,泰平,C0A550,2017-01-30T03:00:00+08:00,460.0,0.0,0.0,14.8,0.99,969.9,-99.0,0.0,-9.9,-99,-999,新北市,06,雙溪區,024
24.9731,121.8153,泰平,C0A550,2017-01-30T04:00:00+08:00,460.0,0.0,0.0,14.8,0.99,969.9,-99.0,0.0,-9.9,-99,-999,新北市,06,雙溪區,024
24.9731,121.8153,泰平,C0A550,2017-01-30T05:00:00+08:00,460.0,0.0,0.0,14.9,0.99,970.5,-99.0,0.0,-9.9,-99,-999,新北市,06,雙溪區,024
24.9731,121.8153,泰平,C0A550,2017-01-30T06:00:00+08:00,460.0,0.0,0.0,14.7,0.99,971.0,-99.0,0.0,-9.9,-99,-999,新北市,06,雙溪區,024
24.9731,121.8153,泰平,C0A550,2017-01-30T07:00:00+08:00,460.0,0.0,0.0,15.0,0.99,972.0,-99.0,0.0,-9.9,-99,-999,新北市,06,雙溪區,024
24.9731,121.8153,泰平,C0A550,2017-01-30T08:00:00+08:00,460.0,0.0,0.0,16.1,0.99,973.0,-99.0,0.0,-9.9,-99,-999,新北市,06,雙溪區,024
24.9731,121.8153,泰平,C0A550,2017-01-30T09:00:00+08:00,460.0,0.0,0.2,16.6,0.99,973.8,-99.0,0.0,-9.9,-99,-999,新北市,06,雙溪區,024
24.9731,121.8153,泰平,C0A550,2017-01-30T10:00:00+08:00,460.0,43.0,0.6,15.5,0.99,974.2,-99.0,1.0,-9.9,-99,-999,新北市,06,雙溪區,024
24.9731,121.8153,泰平,C0A550,2017-01-30T11:00:00+08:00,460.0,0.0,0.1,14.8,0.99,974.0,-99.0,2.0,-9.9,-99,-999,新北市,06,雙溪區,024
24.9731,121.8153,泰平,C0A550,2017-01-30T12:00:00+08:00,460.0,0.0,0.1,14.2,1.00,973.7,-99.0,4.0,-9.9,-99,-999,新北市,06,雙溪區,024
24.9731,121.8153,泰平,C0A550,2017-01-30T13:00:00+08:00,460.0,0.0,0.2,14.0,0.99,973.1,-99.0,6.5,-9.9,-99,-999,新北市,06,雙溪區,024
24.9731,121.8153,泰平,C0A550,2017-01-30T14:00:00+08:00,460.0,0.0,0.1,13.5,1.00,973.0,-99.0,9.5,-9.9,-99,-999,新北市,06,雙溪區,024
24.9731,121.8153,泰平,C0A550,2017-01-30T15:00:00+08:00,460.0,0.0,0.1,13.4,1.00,973.0,-99.0,12.5,-9.9,-99,-999,新北市,06,雙溪區,024
24.9731,121.8153,泰平,C0A550,2017-01-30T16:00:00+08:00,460.0,11.0,0.4,13.2,1.00,973.7,-99.0,15.5,-9.9,-99,-999,新北市,06,雙溪區,024
24.9731,121.8153,泰平,C0A550,2017-01-30T17:00:00+08:00,460.0,0.0,0.2,13.0,1.00,974.6,-99.0,18.5,-9.9,-99,-999,新北市,06,雙溪區,024
24.9731,121.8153,泰平,C0A550,2017-01-30T18:00:00+08:00,460.0,0.0,0.2,12.6,1.00,975.4,-99.0,21.5,-9.9,-99,-999,新北市,06,雙溪區,024
24.9731,121.8153,泰平,C0A550,2017-01-30T20:00:00+08:00,460.0,53.0,0.3,11.9,1.00,976.5,-99.0,27.0,-9.9,-99,-999,新北市,06,雙溪區,024
24.9731,121.8153,泰平,C0A550,2017-01-30T21:00:00+08:00,460.0,0.0,0.1,11.6,1.00,976.5,-99.0,29.0,-9.9,-99,-999,新北市,06,雙溪區,024
24.9731,121.8153,泰平,C0A550,2017-01-30T22:00:00+08:00,460.0,63.0,0.3,11.3,1.00,976.4,-99.0,30.5,-9.9,-99,-999,新北市,06,雙溪區,024
24.9731,121.8153,泰平,C0A550,2017-01-30T23:00:00+08:00,460.0,0.0,0.2,11.4,1.00,976.2,-99.0,32.5,-9.9,-99,-999,新北市,06,雙溪區,024
24.9731,121.8153,泰平,C0A550,2017-01-31T00:00:00+08:00,460.0,0.0,0.0,11.2,1.00,975.8,-99.0,34.0,-9.9,-99,-999,新北市,06,雙溪區,024
24.9731,121.8153,泰平,C0A550,2017-01-31T01:00:00+08:00,460.0,0.0,0.0,11.4,1.00,975.4,-99.0,1.5,-9.9,-99,-999,新北市,06,雙溪區,024
24.9731,121.8153,泰平,C0A550,2017-01-31T02:00:00+08:00,460.0,0.0,0.0,11.3,1.00,974.8,-99.0,3.5,-9.9,-99,-999,新北市,06,雙溪區,024
24.9731,121.8153,泰平,C0A550,2017-01-31T03:00:00+08:00,460.0,0.0,0.1,11.5,1.00,974.5,-99.0,5.0,-9.9,-99,-999,新北市,06,雙溪區,024
24.9731,121.8153,泰平,C0A550,2017-01-31T04:00:00+08:00,460.0,0.0,0.0,11.5,1.00,974.2,-99.0,6.5,-9.9,-99,-999,新北市,06,雙溪區,024
24.9731,121.8153,泰平,C0A550,2017-01-31T05:00:00+08:00,460.0,0.0,0.0,11.4,1.00,974.2,-99.0,8.0,-9.9,-99,-999,新北市,06,雙溪區,024
24.9731,121.8153,泰平,C0A550,2017-01-31T06:00:00+08:00,460.0,0.0,0.0,11.7,1.00,974.6,-99.0,9.5,-9.9,-99,-999,新北市,06,雙溪區,024
24.9731,121.8153,泰平,C0A550,2017-01-31T07:00:00+08:00,460.0,0.0,0.0,11.8,1.00,975.1,-99.0,11.0,-9.9,-99,-999,新北市,06,雙溪區,024
