25.0044,121.7346,火燒寮,C0A650,2017-01-01T00:00:00+08:00,287.0,0.0,0.1,16.3,0.95,990.7,-99.0,1.0,-9.9,-99,-999,新北市,06,平溪區,029
25.0044,121.7346,火燒寮,C0A650,2017-01-10T10:00:00+08:00,287.0,41.0,2.4,-97.0,-0.97,-997.0,-99.0,0.0,-9.9,-99,-999,新北市,06,平溪區,029
25.0044,121.7346,火燒寮,C0A650,2017-01-10T11:00:00+08:00,287.0,42.0,2.7,-97.0,-0.97,-997.0,-99.0,0.0,-9.9,-99,-999,新北市,06,平溪區,029
25.0044,121.7346,火燒寮,C0A650,2017-01-10T12:00:00+08:00,287.0,39.0,2.3,-97.0,-0.97,-997.0,-99.0,0.0,-9.9,-99,-999,新北市,06,平溪區,029
25.0044,121.7346,火燒寮,C0A650,2017-01-10T13:00:00+08:00,287.0,36.0,2.2,-97.0,-0.97,-997.0,-99.0,0.0,-9.9,-99,-999,新北市,06,平溪區,029
25.0044,121.7346,火燒寮,C0A650,2017-01-10T14:00:00+08:00,287.0,36.0,1.5,-97.0,-0.97,-997.0,-99.0,0.0,-9.9,-99,-999,新北市,06,平溪區,029
25.0044,121.7346,火燒寮,C0A650,2017-01-10T15:00:00+08:00,287.0,41.0,1.3,-97.0,-0.97,-997.0,-99.0,0.0,-9.9,-99,-999,新北市,06,平溪區,029
25.0044,121.7346,火燒寮,C0A650,2017-01-10T16:00:00+08:00,287.0,33.0,1.8,-97.0,-0.97,-997.0,-99.0,0.0,-9.9,-99,-999,新北市,06,平溪區,029
25.0044,121.7346,火燒寮,C0A650,2017-01-10T17:00:00+08:00,287.0,31.0,2.3,-97.0,-0.97,-997.0,-99.0,0.0,-9.9,-99,-999,新北市,06,平溪區,029
25.0044,121.7346,火燒寮,C0A650,2017-01-10T18:00:00+08:00,287.0,43.0,1.2,-97.0,-0.97,-997.0,-99.0,0.0,-9.9,-99,-999,新北市,06,平溪區,029
25.0044,121.7346,火燒寮,C0A650,2017-01-10T19:00:00+08:00,287.0,49.0,1.7,-97.0,-0.97,-997.0,-99.0,0.0,-9.9,-99,-999,新北市,06,平溪區,029
25.0044,121.7346,火燒寮,C0A650,2017-01-10T20:00:00+08:00,287.0,32.0,0.6,15.5,0.83,988.5,-99.0,0.0,-9.9,-99,-999,新北市,06,平溪區,029
25.0044,121.7346,火燒寮,C0A650,2017-01-10T21:00:00+08:00,287.0,48.0,0.3,15.5,0.85,988.8,-99.0,0.0,-9.9,-99,-999,新北市,06,平溪區,029
25.0044,121.7346,火燒寮,C0A650,2017-01-10T22:00:00+08:00,287.0,44.0,0.9,15.5,0.87,989.1,-99.0,0.0,-9.9,-99,-999,新北市,06,平溪區,029
25.0044,121.7346,火燒寮,C0A650,2017-01-10T23:00:00+08:00,287.0,39.0,1.6,15.6,0.86,988.5,-99.0,0.0,-9.9,-99,-999,新北市,06,平溪區,029
25.0044,121.7346,火燒寮,C0A650,2017-01-11T00:00:00+08:00,287.0,50.0,1.4,15.6,0.86,988.4,-99.0,0.0,-9.9,-99,-999,新北市,06,平溪區,029
25.0044,121.7346,火燒寮,C0A650,2017-01-11T01:00:00+08:00,287.0,47.0,0.3,15.5,0.87,988.2,-99.0,0.0,-9.9,-99,-999,新北市,06,平溪區,029
25.0044,121.7346,火燒寮,C0A650,2017-01-11T02:00:00+08:00,287.0,44.0,1.1,15.5,0.86,987.3,-99.0,0.0,-9.9,-99,-999,新北市,06,平溪區,029
25.0044,121.7346,火燒寮,C0A650,2017-01-11T03:00:00+08:00,287.0,0.0,0.0,15.3,0.89,987.8,-99.0,0.0,-9.9,-99,-999,新北市,06,平溪區,029
25.0044,121.7346,火燒寮,C0A650,2017-01-11T04:00:00+08:00,287.0,64.0,0.3,15.1,0.90,987.3,-99.0,0.0,-9.9,-99,-999,新北市,06,平溪區,029
25.0044,121.7346,火燒寮,C0A650,2017-01-11T05:00:00+08:00,287.0,56.0,0.7,15.2,0.90,987.4,-99.0,0.0,-9.9,-99,-999,新北市,06,平溪區,029
25.0044,121.7346,火燒寮,C0A650,2017-01-11T06:00:00+08:00,287.0,53.0,0.3,15.3,0.91,988.0,-99.0,0.0,-9.9,-99,-999,新北市,06,平溪區,029
25.0044,121.7346,火燒寮,C0A650,2017-01-11T07:00:00+08:00,287.0,0.0,0.0,15.3,0.93,988.5,-99.0,0.0,-9.9,-99,-999,新北市,06,平溪區,029
25.0044,121.7346,火燒寮,C0A650,2017-01-11T08:00:00+08:00,287.0,52.0,1.2,15.3,0.93,988.9,-99.0,0.0,-9.9,-99,-999,新北市,06,平溪區,029
25.0044,121.7346,火燒寮,C0A650,2017-01-11T09:00:00+08:00,287.0,51.0,0.8,15.7,0.90,989.4,-99.0,0.0,-9.9,-99,-999,新北市,06,平溪區,029
25.0044,121.7346,火燒寮,C0A650,2017-01-11T10:00:00+08:00,287.0,43.0,0.5,15.6,0.92,989.2,-99.0,0.0,-9.9,-99,-999,新北市,06,平溪區,029
25.0044,121.7346,火燒寮,C0A650,2017-01-11T11:00:00+08:00,287.0,0.0,0.1,15.7,0.94,988.4,-99.0,0.5,-9.9,-99,-999,新北市,06,平溪區,029
25.0044,121.7346,火燒寮,C0A650,2017-01-11T12:00:00+08:00,287.0,44.0,2.4,16.1,0.93,987.2,-99.0,0.5,-9.9,-99,-999,新北市,06,平溪區,029
25.0044,121.7346,火燒寮,C0A650,2017-01-11T13:00:00+08:00,287.0,37.0,2.2,16.4,0.92,985.3,-99.0,0.5,-9.9,-99,-999,新北市,06,平溪區,029
25.0044,121.7346,火燒寮,C0A650,2017-01-11T14:00:00+08:00,287.0,38.0,2.1,16.4,0.94,985.0,-99.0,0.5,-9.9,-99,-999,新北市,06,平溪區,029
25.0044,121.7346,火燒寮,C0A650,2017-01-11T15:00:00+08:00,287.0,37.0,2.5,17.5,0.90,984.5,-99.0,0.5,-9.9,-99,-999,新北市,06,平溪區,029
25.0044,121.7346,火燒寮,C0A650,2017-01-11T16:00:00+08:00,287.0,46.0,0.8,17.4,0.91,984.9,-99.0,0.5,-9.9,-99,-999,新北市,06,平溪區,029
25.0044,121.7346,火燒寮,C0A650,2017-01-11T17:00:00+08:00,287.0,0.0,0.1,17.4,0.91,985.1,-99.0,0.5,-9.9,-99,-999,新北市,06,平溪區,029
25.0044,121.7346,火燒寮,C0A650,2017-01-11T18:00:00+08:00,287.0,49.0,1.6,17.2,0.91,985.5,-99.0,0.5,-9.9,-99,-999,新北市,06,平溪區,029
25.0044,121.7346,火燒寮,C0A650,2017-01-11T19:00:00+08:00,287.0,54.0,0.4,16.8,0.96,985.9,-99.0,0.5,-9.9,-99,-999,新北市,06,平溪區,029
25.0044,121.7346,火燒寮,C0A650,2017-01-11T20:00:00+08:00,287.0,42.0,0.8,16.7,0.97,986.0,-99.0,0.5,-9.9,-99,-999,新北市,06,平溪區,029
25.0044,121.7346,火燒寮,C0A650,2017-01-11T21:00:00+08:00,287.0,50.0,0.5,16.7,0.97,986.3,-99.0,0.5,-9.9,-99,-999,新北市,06,平溪區,029
25.0044,121.7346,火燒寮,C0A650,2017-01-11T22:00:00+08:00,287.0,0.0,0.2,16.7,0.97,986.4,-99.0,0.5,-9.9,-99,-999,新北市,06,平溪區,029
25.0044,121.7346,火燒寮,C0A650,2017-01-11T23:00:00+08:00,287.0,43.0,0.8,16.9,0.97,986.2,-99.0,0.5,-9.9,-99,-999,新北市,06,平溪區,029
25.0044,121.7346,火燒寮,C0A650,2017-01-12T00:00:00+08:00,287.0,0.0,0.0,16.9,0.97,985.9,-99.0,0.5,-9.9,-99,-999,新北市,06,平溪區,029
25.0044,121.7346,火燒寮,C0A650,2017-01-12T01:00:00+08:00,287.0,0.0,0.0,16.9,0.97,985.0,-99.0,0.0,-9.9,-99,-999,新北市,06,平溪區,029
25.0044,121.7346,火燒寮,C0A650,2017-01-12T02:00:00+08:00,287.0,51.0,1.8,17.0,0.97,984.9,-99.0,0.0,-9.9,-99,-999,新北市,06,平溪區,029
25.0044,121.7346,火燒寮,C0A650,2017-01-12T03:00:00+08:00,287.0,49.0,0.9,16.9,0.97,984.0,-99.0,0.0,-9.9,-99,-999,新北市,06,平溪區,029
25.0044,121.7346,火燒寮,C0A650,2017-01-12T04:00:00+08:00,287.0,0.0,0.0,17.1,0.97,983.9,-99.0,0.0,-9.9,-99,-999,新北市,06,平溪區,029
25.0044,121.7346,火燒寮,C0A650,2017-01-12T05:00:00+08:00,287.0,0.0,0.0,17.0,0.98,983.8,-99.0,0.0,-9.9,-99,-999,新北市,06,平溪區,029
25.0044,121.7346,火燒寮,C0A650,2017-01-12T06:00:00+08:00,287.0,0.0,0.2,17.1,0.98,984.0,-99.0,0.0,-9.9,-99,-999,新北市,06,平溪區,029
25.0044,121.7346,火燒寮,C0A650,2017-01-12T07:00:00+08:00,287.0,44.0,0.5,17.0,0.98,984.4,-99.0,0.0,-9.9,-99,-999,新北市,06,平溪區,029
25.0044,121.7346,火燒寮,C0A650,2017-01-12T08:00:00+08:00,287.0,0.0,0.0,17.3,0.98,984.7,-99.0,0.0,-9.9,-99,-999,新北市,06,平溪區,029
25.0044,121.7346,火燒寮,C0A650,2017-01-12T09:00:00+08:00,287.0,45.0,1.3,17.2,0.98,984.0,-99.0,0.0,-9.9,-99,-999,新北市,06,平溪區,029
25.0044,121.7346,火燒寮,C0A650,2017-01-12T10:00:00+08:00,287.0,42.0,1.6,17.3,0.98,984.5,-99.0,0.0,-9.9,-99,-999,新北市,06,平溪區,029
25.0044,121.7346,火燒寮,C0A650,2017-01-12T11:00:00+08:00,287.0,71.0,0.5,17.9,0.98,983.3,-99.0,0.0,-9.9,-99,-999,新北市,06,平溪區,029
25.0044,121.7346,火燒寮,C0A650,2017-01-12T12:00:00+08:00,287.0,47.0,1.8,18.9,0.92,982.3,-99.0,0.5,-9.9,-99,-999,新北市,06,平溪區,029
25.0044,121.7346,火燒寮,C0A650,2017-01-12T13:00:00+08:00,287.0,28.0,0.5,19.2,0.90,981.5,-99.0,0.5,-9.9,-99,-999,新北市,06,平溪區,029
25.0044,121.7346,火燒寮,C0A650,2017-01-12T14:00:00+08:00,287.0,31.0,0.4,19.4,0.89,980.9,-99.0,0.5,-9.9,-99,-999,新北市,06,平溪區,029
25.0044,121.7346,火燒寮,C0A650,2017-01-12T15:00:00+08:00,287.0,0.0,0.2,19.1,0.89,980.6,-99.0,0.5,-9.9,-99,-999,新北市,06,平溪區,029
25.0044,121.7346,火燒寮,C0A650,2017-01-12T16:00:00+08:00,287.0,53.0,1.0,18.3,0.92,981.0,-99.0,0.5,-9.9,-99,-999,新北市,06,平溪區,029
25.0044,121.7346,火燒寮,C0A650,2017-01-12T17:00:00+08:00,287.0,48.0,1.2,17.8,0.93,981.4,-99.0,0.5,-9.9,-99,-999,新北市,06,平溪區,029
25.0044,121.7346,火燒寮,C0A650,2017-01-12T18:00:00+08:00,287.0,48.0,0.6,17.4,0.94,981.7,-99.0,0.5,-9.9,-99,-999,新北市,06,平溪區,029
25.0044,121.7346,火燒寮,C0A650,2017-01-12T19:00:00+08:00,287.0,0.0,0.2,17.4,0.95,982.0,-99.0,0.5,-9.9,-99,-999,新北市,06,平溪區,029
25.0044,121.7346,火燒寮,C0A650,2017-01-12T20:00:00+08:00,287.0,47.0,0.5,17.1,0.95,982.5,-99.0,0.5,-9.9,-99,-999,新北市,06,平溪區,029
25.0044,121.7346,火燒寮,C0A650,2017-01-12T21:00:00+08:00,287.0,0.0,0.1,16.5,0.97,982.8,-99.0,0.5,-9.9,-99,-999,新北市,06,平溪區,029
25.0044,121.7346,火燒寮,C0A650,2017-01-12T22:00:00+08:00,287.0,58.0,0.8,16.2,0.97,982.9,-99.0,0.5,-9.9,-99,-999,新北市,06,平溪區,029
25.0044,121.7346,火燒寮,C0A650,2017-01-12T23:00:00+08:00,287.0,45.0,1.8,15.9,0.97,982.5,-99.0,0.5,-9.9,-99,-999,新北市,06,平溪區,029
25.0044,121.7346,火燒寮,C0A650,2017-01-13T00:00:00+08:00,287.0,41.0,1.2,15.8,0.97,982.5,-99.0,0.5,-9.9,-99,-999,新北市,06,平溪區,029
25.0044,121.7346,火燒寮,C0A650,2017-01-13T01:00:00+08:00,287.0,49.0,1.6,15.4,0.97,982.7,-99.0,0.0,-9.9,-99,-999,新北市,06,平溪區,029
25.0044,121.7346,火燒寮,C0A650,2017-01-13T02:00:00+08:00,287.0,46.0,2.8,15.1,0.97,982.6,-99.0,0.5,-9.9,-99,-999,新北市,06,平溪區,029
25.0044,121.7346,火燒寮,C0A650,2017-01-13T03:00:00+08:00,287.0,55.0,1.8,14.6,0.96,982.7,-99.0,0.5,-9.9,-99,-999,新北市,06,平溪區,029
25.0044,121.7346,火燒寮,C0A650,2017-01-13T04:00:00+08:00,287.0,54.0,2.3,14.4,0.97,982.6,-99.0,0.5,-9.9,-99,-999,新北市,06,平溪區,029
25.0044,121.7346,火燒寮,C0A650,2017-01-13T05:00:00+08:00,287.0,64.0,0.3,14.0,0.97,983.1,-99.0,1.0,-9.9,-99,-999,新北市,06,平溪區,029
25.0044,121.7346,火燒寮,C0A650,2017-01-13T06:00:00+08:00,287.0,0.0,0.2,13.7,0.97,983.4,-99.0,1.0,-9.9,-99,-999,新北市,06,平溪區,029
25.0044,121.7346,火燒寮,C0A650,2017-01-13T07:00:00+08:00,287.0,48.0,1.7,13.6,0.97,983.6,-99.0,2.5,-9.9,-99,-999,新北市,06,平溪區,029
25.0044,121.7346,火燒寮,C0A650,2017-01-13T08:00:00+08:00,287.0,52.0,1.3,13.7,0.97,984.5,-99.0,2.5,-9.9,-99,-999,新北市,06,平溪區,029
25.0044,121.7346,火燒寮,C0A650,2017-01-13T09:00:00+08:00,287.0,0.0,0.1,13.5,0.97,985.3,-99.0,5.0,-9.9,-99,-999,新北市,06,平溪區,029
25.0044,121.7346,火燒寮,C0A650,2017-01-13T10:00:00+08:00,287.0,36.0,0.4,13.1,0.97,985.5,-99.0,5.5,-9.9,-99,-999,新北市,06,平溪區,029
25.0044,121.7346,火燒寮,C0A650,2017-01-13T12:00:00+08:00,287.0,43.0,1.5,13.0,0.96,984.0,-99.0,6.5,-9.9,-99,-999,新北市,06,平溪區,029
25.0044,121.7346,火燒寮,C0A650,2017-01-13T13:00:00+08:00,287.0,59.0,0.8,13.1,0.96,983.4,-99.0,7.0,-9.9,-99,-999,新北市,06,平溪區,029
25.0044,121.7346,火燒寮,C0A650,2017-01-13T15:00:00+08:00,287.0,48.0,2.1,13.1,0.97,983.1,-99.0,8.0,-9.9,-99,-999,新北市,06,平溪區,029
25.0044,121.7346,火燒寮,C0A650,2017-01-13T16:00:00+08:00,287.0,52.0,2.3,12.8,0.97,983.8,-99.0,9.0,-9.9,-99,-999,新北市,06,平溪區,029
25.0044,121.7346,火燒寮,C0A650,2017-01-13T17:00:00+08:00,287.0,49.0,2.4,12.7,0.97,984.2,-99.0,9.5,-9.9,-99,-999,新北市,06,平溪區,029
25.0044,121.7346,火燒寮,C0A650,2017-01-13T18:00:00+08:00,287.0,50.0,3.0,12.4,0.97,984.6,-99.0,10.5,-9.9,-99,-999,新北市,06,平溪區,029
25.0044,121.7346,火燒寮,C0A650,2017-01-13T19:00:00+08:00,287.0,41.0,2.3,12.4,0.97,985.0,-99.0,11.5,-9.9,-99,-999,新北市,06,平溪區,029
25.0044,121.7346,火燒寮,C0A650,2017-01-13T20:00:00+08:00,287.0,47.0,1.8,12.2,0.97,985.3,-99.0,12.0,-9.9,-99,-999,新北市,06,平溪區,029
25.0044,121.7346,火燒寮,C0A650,2017-01-13T21:00:00+08:00,287.0,47.0,2.4,12.2,0.98,985.6,-99.0,14.0,-9.9,-99,-999,新北市,06,平溪區,029
25.0044,121.7346,火燒寮,C0A650,2017-01-13T22:00:00+08:00,287.0,45.0,1.7,12.4,0.98,986.2,-99.0,15.0,-9.9,-99,-999,新北市,06,平溪區,029
25.0044,121.7346,火燒寮,C0A650,2017-01-13T23:00:00+08:00,287.0,41.0,2.4,12.2,0.98,986.0,-99.0,16.5,-9.9,-99,-999,新北市,06,平溪區,029
25.0044,121.7346,火燒寮,C0A650,2017-01-14T00:00:00+08:00,287.0,44.0,1.2,12.1,0.97,985.6,-99.0,17.5,-9.9,-99,-999,新北市,06,平溪區,029
25.0044,121.7346,火燒寮,C0A650,2017-01-14T01:00:00+08:00,287.0,41.0,1.8,11.7,0.97,985.8,-99.0,1.0,-9.9,-99,-999,新北市,06,平溪區,029
25.0044,121.7346,火燒寮,C0A650,2017-01-14T02:00:00+08:00,287.0,40.0,1.7,11.3,0.96,985.6,-99.0,1.5,-9.9,-99,-999,新北市,06,平溪區,029
25.0044,121.7346,火燒寮,C0A650,2017-01-14T03:00:00+08:00,287.0,48.0,2.2,11.2,0.95,986.2,-99.0,2.5,-9.9,-99,-999,新北市,06,平溪區,029
25.0044,121.7346,火燒寮,C0A650,2017-01-14T04:00:00+08:00,287.0,46.0,2.7,10.6,0.95,986.1,-99.0,3.0,-9.9,-99,-999,新北市,06,平溪區,029
25.0044,121.7346,火燒寮,C0A650,2017-01-14T05:00:00+08:00,287.0,51.0,2.5,10.6,0.96,986.6,-99.0,4.0,-9.9,-99,-999,新北市,06,平溪區,029
25.0044,121.7346,火燒寮,C0A650,2017-01-14T06:00:00+08:00,287.0,48.0,1.4,10.4,0.96,987.1,-99.0,5.5,-9.9,-99,-999,新北市,06,平溪區,029
25.0044,121.7346,火燒寮,C0A650,2017-01-14T07:00:00+08:00,287.0,44.0,1.6,10.4,0.96,987.4,-99.0,7.0,-9.9,-99,-999,新北市,06,平溪區,029
25.0044,121.7346,火燒寮,C0A650,2017-01-14T08:00:00+08:00,287.0,49.0,2.2,10.3,0.96,988.2,-99.0,9.0,-9.9,-99,-999,新北市,06,平溪區,029
25.0044,121.7346,火燒寮,C0A650,2017-01-14T10:00:00+08:00,287.0,44.0,1.6,10.7,0.97,988.9,-99.0,13.5,-9.9,-99,-999,新北市,06,平溪區,029
25.0044,121.7346,火燒寮,C0A650,2017-01-14T11:00:00+08:00,287.0,40.0,1.3,11.0,0.97,988.5,-99.0,15.0,-9.9,-99,-999,新北市,06,平溪區,029
25.0044,121.7346,火燒寮,C0A650,2017-01-14T12:00:00+08:00,287.0,39.0,1.3,11.2,0.97,987.6,-99.0,16.0,-9.9,-99,-999,新北市,06,平溪區,029
25.0044,121.7346,火燒寮,C0A650,2017-01-14T13:00:00+08:00,287.0,59.0,1.1,11.0,0.97,986.8,-99.0,16.5,-9.9,-99,-999,新北市,06,平溪區,029
25.0044,121.7346,火燒寮,C0A650,2017-01-14T14:00:00+08:00,287.0,44.0,2.2,11.2,0.97,986.5,-99.0,17.0,-9.9,-99,-999,新北市,06,平溪區,029
25.0044,121.7346,火燒寮,C0A650,2017-01-14T15:00:00+08:00,287.0,40.0,0.4,11.4,0.97,986.5,-99.0,17.0,-9.9,-99,-999,新北市,06,平溪區,029
25.0044,121.7346,火燒寮,C0A650,2017-01-14T16:00:00+08:00,287.0,0.0,0.0,11.6,0.96,986.8,-99.0,17.0,-9.9,-99,-999,新北市,06,平溪區,029
25.0044,121.7346,火燒寮,C0A650,2017-01-14T17:00:00+08:00,287.0,57.0,0.4,11.5,0.93,987.4,-99.0,17.0,-9.9,-99,-999,新北市,06,平溪區,029
25.0044,121.7346,火燒寮,C0A650,2017-01-14T18:00:00+08:00,287.0,52.0,1.0,11.4,0.92,988.0,-99.0,17.0,-9.9,-99,-999,新北市,06,平溪區,029
25.0044,121.7346,火燒寮,C0A650,2017-01-14T19:00:00+08:00,287.0,0.0,0.0,11.3,0.94,988.4,-99.0,17.0,-9.9,-99,-999,新北市,06,平溪區,029
25.0044,121.7346,火燒寮,C0A650,2017-01-14T20:00:00+08:00,287.0,51.0,1.7,11.2,0.96,989.0,-99.0,17.5,-9.9,-99,-999,新北市,06,平溪區,029
25.0044,121.7346,火燒寮,C0A650,2017-01-14T21:00:00+08:00,287.0,51.0,0.4,11.1,0.96,989.4,-99.0,17.5,-9.9,-99,-999,新北市,06,平溪區,029
25.0044,121.7346,火燒寮,C0A650,2017-01-14T22:00:00+08:00,287.0,0.0,0.1,11.1,0.96,989.4,-99.0,18.0,-9.9,-99,-999,新北市,06,平溪區,029
25.0044,121.7346,火燒寮,C0A650,2017-01-14T23:00:00+08:00,287.0,40.0,2.6,11.2,0.97,989.3,-99.0,19.0,-9.9,-99,-999,新北市,06,平溪區,029
25.0044,121.7346,火燒寮,C0A650,2017-01-15T00:00:00+08:00,287.0,0.0,0.1,11.1,0.97,989.3,-99.0,19.0,-9.9,-99,-999,新北市,06,平溪區,029
25.0044,121.7346,火燒寮,C0A650,2017-01-15T01:00:00+08:00,287.0,47.0,1.5,11.1,0.97,989.1,-99.0,1.0,-9.9,-99,-999,新北市,06,平溪區,029
25.0044,121.7346,火燒寮,C0A650,2017-01-15T02:00:00+08:00,287.0,0.0,0.0,11.1,0.96,989.3,-99.0,1.0,-9.9,-99,-999,新北市,06,平溪區,029
25.0044,121.7346,火燒寮,C0A650,2017-01-15T04:00:00+08:00,287.0,47.0,0.3,10.8,0.96,989.0,-99.0,1.0,-9.9,-99,-999,新北市,06,平溪區,029
25.0044,121.7346,火燒寮,C0A650,2017-01-15T05:00:00+08:00,287.0,0.0,0.0,10.8,0.97,989.3,-99.0,1.0,-9.9,-99,-999,新北市,06,平溪區,029
25.0044,121.7346,火燒寮,C0A650,2017-01-15T06:00:00+08:00,287.0,50.0,0.4,10.7,0.97,989.3,-99.0,1.5,-9.9,-99,-999,新北市,06,平溪區,029
25.0044,121.7346,火燒寮,C0A650,2017-01-15T07:00:00+08:00,287.0,68.0,0.4,10.8,0.97,989.5,-99.0,1.5,-9.9,-99,-999,新北市,06,平溪區,029
25.0044,121.7346,火燒寮,C0A650,2017-01-15T08:00:00+08:00,287.0,52.0,1.2,11.1,0.95,990.2,-99.0,1.5,-9.9,-99,-999,新北市,06,平溪區,029
25.0044,121.7346,火燒寮,C0A650,2017-01-15T09:00:00+08:00,287.0,51.0,0.5,11.2,0.97,990.7,-99.0,1.5,-9.9,-99,-999,新北市,06,平溪區,029
25.0044,121.7346,火燒寮,C0A650,2017-01-15T10:00:00+08:00,287.0,60.0,0.7,11.2,0.97,990.5,-99.0,3.0,-9.9,-99,-999,新北市,06,平溪區,029
25.0044,121.7346,火燒寮,C0A650,2017-01-15T11:00:00+08:00,287.0,47.0,1.4,11.2,0.97,989.9,-99.0,3.0,-9.9,-99,-999,新北市,06,平溪區,029
25.0044,121.7346,火燒寮,C0A650,2017-01-15T12:00:00+08:00,287.0,67.0,0.5,11.4,0.96,989.1,-99.0,3.5,-9.9,-99,-999,新北市,06,平溪區,029
25.0044,121.7346,火燒寮,C0A650,2017-01-15T13:00:00+08:00,287.0,51.0,2.0,11.3,0.97,988.4,-99.0,4.5,-9.9,-99,-999,新北市,06,平溪區,029
25.0044,121.7346,火燒寮,C0A650,2017-01-15T14:00:00+08:00,287.0,43.0,1.2,11.4,0.97,987.7,-99.0,4.5,-9.9,-99,-999,新北市,06,平溪區,029
25.0044,121.7346,火燒寮,C0A650,2017-01-15T15:00:00+08:00,287.0,40.0,1.6,11.2,0.96,987.7,-99.0,5.5,-9.9,-99,-999,新北市,06,平溪區,029
25.0044,121.7346,火燒寮,C0A650,2017-01-15T16:00:00+08:00,287.0,44.0,2.3,11.0,0.96,988.3,-99.0,6.0,-9.9,-99,-999,新北市,06,平溪區,029
25.0044,121.7346,火燒寮,C0A650,2017-01-15T17:00:00+08:00,287.0,55.0,1.1,11.2,0.97,988.4,-99.0,6.5,-9.9,-99,-999,新北市,06,平溪區,029
25.0044,121.7346,火燒寮,C0A650,2017-01-15T18:00:00+08:00,287.0,40.0,1.8,11.1,0.97,988.7,-99.0,7.5,-9.9,-99,-999,新北市,06,平溪區,029
25.0044,121.7346,火燒寮,C0A650,2017-01-15T19:00:00+08:00,287.0,0.0,0.1,11.1,0.98,988.9,-99.0,8.0,-9.9,-99,-999,新北市,06,平溪區,029
25.0044,121.7346,火燒寮,C0A650,2017-01-15T20:00:00+08:00,287.0,0.0,0.0,11.3,0.98,989.2,-99.0,8.0,-9.9,-99,-999,新北市,06,平溪區,029
25.0044,121.7346,火燒寮,C0A650,2017-01-15T21:00:00+08:00,287.0,0.0,0.0,11.4,0.98,989.2,-99.0,8.5,-9.9,-99,-999,新北市,06,平溪區,029
25.0044,121.7346,火燒寮,C0A650,2017-01-15T22:00:00+08:00,287.0,0.0,0.0,11.4,0.98,989.1,-99.0,9.0,-9.9,-99,-999,新北市,06,平溪區,029
25.0044,121.7346,火燒寮,C0A650,2017-01-15T23:00:00+08:00,287.0,48.0,1.0,11.5,0.98,989.0,-99.0,9.5,-9.9,-99,-999,新北市,06,平溪區,029
25.0044,121.7346,火燒寮,C0A650,2017-01-16T00:00:00+08:00,287.0,42.0,2.0,11.4,0.97,988.5,-99.0,10.0,-9.9,-99,-999,新北市,06,平溪區,029
25.0044,121.7346,火燒寮,C0A650,2017-01-16T01:00:00+08:00,287.0,47.0,0.3,11.5,0.97,989.1,-99.0,2.0,-9.9,-99,-999,新北市,06,平溪區,029
25.0044,121.7346,火燒寮,C0A650,2017-01-16T02:00:00+08:00,287.0,47.0,0.3,11.4,0.97,988.9,-99.0,2.5,-9.9,-99,-999,新北市,06,平溪區,029
25.0044,121.7346,火燒寮,C0A650,2017-01-16T03:00:00+08:00,287.0,0.0,0.0,11.4,0.98,988.6,-99.0,2.5,-9.9,-99,-999,新北市,06,平溪區,029
25.0044,121.7346,火燒寮,C0A650,2017-01-16T04:00:00+08:00,287.0,45.0,1.4,11.3,0.98,988.9,-99.0,2.5,-9.9,-99,-999,新北市,06,平溪區,029
25.0044,121.7346,火燒寮,C0A650,2017-01-16T05:00:00+08:00,287.0,60.0,0.8,11.2,0.98,989.1,-99.0,3.0,-9.9,-99,-999,新北市,06,平溪區,029
25.0044,121.7346,火燒寮,C0A650,2017-01-16T06:00:00+08:00,287.0,44.0,2.3,11.3,0.98,989.6,-99.0,4.5,-9.9,-99,-999,新北市,06,平溪區,029
25.0044,121.7346,火燒寮,C0A650,2017-01-16T07:00:00+08:00,287.0,45.0,0.8,11.0,0.97,990.1,-99.0,4.5,-9.9,-99,-999,新北市,06,平溪區,029
25.0044,121.7346,火燒寮,C0A650,2017-01-16T08:00:00+08:00,287.0,47.0,1.5,11.3,0.97,990.3,-99.0,5.0,-9.9,-99,-999,新北市,06,平溪區,029
25.0044,121.7346,火燒寮,C0A650,2017-01-16T10:00:00+08:00,287.0,52.0,1.1,11.8,0.96,991.0,-99.0,5.0,-9.9,-99,-999,新北市,06,平溪區,029
25.0044,121.7346,火燒寮,C0A650,2017-01-16T11:00:00+08:00,287.0,56.0,0.5,12.1,0.95,990.5,-99.0,5.0,-9.9,-99,-999,新北市,06,平溪區,029
25.0044,121.7346,火燒寮,C0A650,2017-01-16T12:00:00+08:00,287.0,42.0,1.6,12.4,0.94,989.6,-99.0,5.0,-9.9,-99,-999,新北市,06,平溪區,029
25.0044,121.7346,火燒寮,C0A650,2017-01-16T13:00:00+08:00,287.0,42.0,1.1,12.4,0.93,988.7,-99.0,5.0,-9.9,-99,-999,新北市,06,平溪區,029
25.0044,121.7346,火燒寮,C0A650,2017-01-16T14:00:00+08:00,287.0,46.0,2.5,12.3,0.94,988.2,-99.0,5.0,-9.9,-99,-999,新北市,06,平溪區,029
25.0044,121.7346,火燒寮,C0A650,2017-01-16T15:00:00+08:00,287.0,42.0,1.5,12.3,0.91,988.0,-99.0,5.0,-9.9,-99,-999,新北市,06,平溪區,029
25.0044,121.7346,火燒寮,C0A650,2017-01-16T16:00:00+08:00,287.0,44.0,1.7,12.3,0.92,988.1,-99.0,5.0,-9.9,-99,-999,新北市,06,平溪區,029
25.0044,121.7346,火燒寮,C0A650,2017-01-16T17:00:00+08:00,287.0,50.0,1.1,12.3,0.91,988.7,-99.0,5.0,-9.9,-99,-999,新北市,06,平溪區,029
25.0044,121.7346,火燒寮,C0A650,2017-01-16T18:00:00+08:00,287.0,69.0,0.3,12.2,0.92,989.2,-99.0,5.0,-9.9,-99,-999,新北市,06,平溪區,029
25.0044,121.7346,火燒寮,C0A650,2017-01-16T19:00:00+08:00,287.0,0.0,0.0,12.3,0.91,989.5,-99.0,5.0,-9.9,-99,-999,新北市,06,平溪區,029
25.0044,121.7346,火燒寮,C0A650,2017-01-16T20:00:00+08:00,287.0,0.0,0.0,12.3,0.94,989.8,-99.0,5.0,-9.9,-99,-999,新北市,06,平溪區,029
25.0044,121.7346,火燒寮,C0A650,2017-01-16T21:00:00+08:00,287.0,68.0,0.3,12.1,0.96,990.1,-99.0,5.0,-9.9,-99,-999,新北市,06,平溪區,029
25.0044,121.7346,火燒寮,C0A650,2017-01-16T22:00:00+08:00,287.0,0.0,0.0,12.2,0.95,990.2,-99.0,5.0,-9.9,-99,-999,新北市,06,平溪區,029
25.0044,121.7346,火燒寮,C0A650,2017-01-17T00:00:00+08:00,287.0,39.0,0.3,13.0,0.95,989.9,-99.0,5.0,-9.9,-99,-999,新北市,06,平溪區,029
25.0044,121.7346,火燒寮,C0A650,2017-01-17T01:00:00+08:00,287.0,51.0,1.1,13.1,0.94,989.7,-99.0,0.0,-9.9,-99,-999,新北市,06,平溪區,029
25.0044,121.7346,火燒寮,C0A650,2017-01-17T02:00:00+08:00,287.0,51.0,1.0,13.0,0.93,989.7,-99.0,0.0,-9.9,-99,-999,新北市,06,平溪區,029
25.0044,121.7346,火燒寮,C0A650,2017-01-17T03:00:00+08:00,287.0,41.0,0.7,12.8,0.94,988.9,-99.0,0.0,-9.9,-99,-999,新北市,06,平溪區,029
25.0044,121.7346,火燒寮,C0A650,2017-01-17T04:00:00+08:00,287.0,0.0,0.2,12.8,0.95,989.5,-99.0,0.0,-9.9,-99,-999,新北市,06,平溪區,029
25.0044,121.7346,火燒寮,C0A650,2017-01-17T05:00:00+08:00,287.0,0.0,0.2,12.7,0.97,989.2,-99.0,0.5,-9.9,-99,-999,新北市,06,平溪區,029
25.0044,121.7346,火燒寮,C0A650,2017-01-17T06:00:00+08:00,287.0,0.0,0.0,12.8,0.98,990.2,-99.0,0.5,-9.9,-99,-999,新北市,06,平溪區,029
25.0044,121.7346,火燒寮,C0A650,2017-01-17T07:00:00+08:00,287.0,0.0,0.0,13.1,0.98,990.2,-99.0,0.5,-9.9,-99,-999,新北市,06,平溪區,029
25.0044,121.7346,火燒寮,C0A650,2017-01-17T08:00:00+08:00,287.0,0.0,0.0,13.7,0.98,990.8,-99.0,0.5,-9.9,-99,-999,新北市,06,平溪區,029
25.0044,121.7346,火燒寮,C0A650,2017-01-17T09:00:00+08:00,287.0,50.0,1.7,14.7,0.90,991.0,-99.0,0.5,-9.9,-99,-999,新北市,06,平溪區,029
25.0044,121.7346,火燒寮,C0A650,2017-01-17T10:00:00+08:00,287.0,41.0,2.1,15.5,0.84,991.0,-99.0,0.5,-9.9,-99,-999,新北市,06,平溪區,029
25.0044,121.7346,火燒寮,C0A650,2017-01-17T11:00:00+08:00,287.0,49.0,1.0,17.2,0.80,989.8,-99.0,0.5,-9.9,-99,-999,新北市,06,平溪區,029
25.0044,121.7346,火燒寮,C0A650,2017-01-17T12:00:00+08:00,287.0,25.0,1.9,18.0,0.78,988.4,-99.0,0.5,-9.9,-99,-999,新北市,06,平溪區,029
25.0044,121.7346,火燒寮,C0A650,2017-01-17T13:00:00+08:00,287.0,29.0,2.1,18.3,0.77,987.5,-99.0,0.5,-9.9,-99,-999,新北市,06,平溪區,029
25.0044,121.7346,火燒寮,C0A650,2017-01-17T14:00:00+08:00,287.0,12.0,1.6,19.1,0.75,987.2,-99.0,0.5,-9.9,-99,-999,新北市,06,平溪區,029
25.0044,121.7346,火燒寮,C0A650,2017-01-17T15:00:00+08:00,287.0,23.0,1.5,18.9,0.76,987.2,-99.0,0.5,-9.9,-99,-999,新北市,06,平溪區,029
25.0044,121.7346,火燒寮,C0A650,2017-01-17T16:00:00+08:00,287.0,25.0,1.5,18.0,0.81,987.1,-99.0,0.5,-9.9,-99,-999,新北市,06,平溪區,029
25.0044,121.7346,火燒寮,C0A650,2017-01-17T17:00:00+08:00,287.0,19.0,0.6,17.6,0.84,987.8,-99.0,0.5,-9.9,-99,-999,新北市,06,平溪區,029
25.0044,121.7346,火燒寮,C0A650,2017-01-17T18:00:00+08:00,287.0,0.0,0.1,16.7,0.88,988.1,-99.0,0.5,-9.9,-99,-999,新北市,06,平溪區,029
25.0044,121.7346,火燒寮,C0A650,2017-01-17T19:00:00+08:00,287.0,51.0,0.3,16.8,0.88,988.4,-99.0,0.5,-9.9,-99,-999,新北市,06,平溪區,029
25.0044,121.7346,火燒寮,C0A650,2017-01-17T20:00:00+08:00,287.0,44.0,0.9,16.9,0.87,988.5,-99.0,0.5,-9.9,-99,-999,新北市,06,平溪區,029
25.0044,121.7346,火燒寮,C0A650,2017-01-17T21:00:00+08:00,287.0,0.0,0.0,17.1,0.88,988.9,-99.0,0.5,-9.9,-99,-999,新北市,06,平溪區,029
25.0044,121.7346,火燒寮,C0A650,2017-01-17T22:00:00+08:00,287.0,0.0,0.0,17.0,0.90,988.9,-99.0,0.5,-9.9,-99,-999,新北市,06,平溪區,029
25.0044,121.7346,火燒寮,C0A650,2017-01-17T23:00:00+08:00,287.0,0.0,0.2,16.9,0.91,988.7,-99.0,0.5,-9.9,-99,-999,新北市,06,平溪區,029
25.0044,121.7346,火燒寮,C0A650,2017-01-18T01:00:00+08:00,287.0,0.0,0.0,15.4,0.97,988.7,-99.0,0.0,-9.9,-99,-999,新北市,06,平溪區,029
25.0044,121.7346,火燒寮,C0A650,2017-01-18T02:00:00+08:00,287.0,0.0,0.0,14.9,0.97,988.0,-99.0,0.0,-9.9,-99,-999,新北市,06,平溪區,029
25.0044,121.7346,火燒寮,C0A650,2017-01-18T03:00:00+08:00,287.0,0.0,0.0,14.5,0.98,988.6,-99.0,0.0,-9.9,-99,-999,新北市,06,平溪區,029
25.0044,121.7346,火燒寮,C0A650,2017-01-18T04:00:00+08:00,287.0,0.0,0.0,15.1,0.98,989.1,-99.0,0.0,-9.9,-99,-999,新北市,06,平溪區,029
25.0044,121.7346,火燒寮,C0A650,2017-01-18T05:00:00+08:00,287.0,0.0,0.1,14.6,0.98,989.2,-99.0,0.0,-9.9,-99,-999,新北市,06,平溪區,029
25.0044,121.7346,火燒寮,C0A650,2017-01-18T06:00:00+08:00,287.0,0.0,0.0,14.1,0.98,989.6,-99.0,0.0,-9.9,-99,-999,新北市,06,平溪區,029
25.0044,121.7346,火燒寮,C0A650,2017-01-18T07:00:00+08:00,287.0,0.0,0.0,13.9,0.98,989.9,-99.0,0.0,-9.9,-99,-999,新北市,06,平溪區,029
25.0044,121.7346,火燒寮,C0A650,2017-01-18T08:00:00+08:00,287.0,0.0,0.0,14.4,0.99,990.2,-99.0,0.0,-9.9,-99,-999,新北市,06,平溪區,029
25.0044,121.7346,火燒寮,C0A650,2017-01-18T10:00:00+08:00,287.0,238.0,2.2,20.3,0.74,990.2,-99.0,0.0,-9.9,-99,-999,新北市,06,平溪區,029
25.0044,121.7346,火燒寮,C0A650,2017-01-18T11:00:00+08:00,287.0,248.0,2.1,21.7,0.70,982.3,-99.0,0.0,-9.9,-99,-999,新北市,06,平溪區,029
25.0044,121.7346,火燒寮,C0A650,2017-01-18T12:00:00+08:00,287.0,130.0,1.3,20.0,0.78,978.2,-99.0,0.0,-9.9,-99,-999,新北市,06,平溪區,029
25.0044,121.7346,火燒寮,C0A650,2017-01-18T13:00:00+08:00,287.0,0.0,0.1,21.0,0.76,976.7,-99.0,0.0,-9.9,-99,-999,新北市,06,平溪區,029
25.0044,121.7346,火燒寮,C0A650,2017-01-18T14:00:00+08:00,287.0,126.0,1.5,20.5,0.77,977.3,-99.0,0.0,-9.9,-99,-999,新北市,06,平溪區,029
25.0044,121.7346,火燒寮,C0A650,2017-01-18T15:00:00+08:00,287.0,108.0,0.6,20.2,0.80,982.8,-99.0,0.0,-9.9,-99,-999,新北市,06,平溪區,029
25.0044,121.7346,火燒寮,C0A650,2017-01-18T16:00:00+08:00,287.0,135.0,0.9,19.6,0.83,984.9,-99.0,0.0,-9.9,-99,-999,新北市,06,平溪區,029
25.0044,121.7346,火燒寮,C0A650,2017-01-18T17:00:00+08:00,287.0,105.0,1.2,18.5,0.87,983.9,-99.0,0.0,-9.9,-99,-999,新北市,06,平溪區,029
25.0044,121.7346,火燒寮,C0A650,2017-01-18T18:00:00+08:00,287.0,0.0,0.0,17.7,0.93,981.9,-99.0,0.0,-9.9,-99,-999,新北市,06,平溪區,029
25.0044,121.7346,火燒寮,C0A650,2017-01-18T19:00:00+08:00,287.0,0.0,0.1,17.5,0.94,982.9,-99.0,0.0,-9.9,-99,-999,新北市,06,平溪區,029
25.0044,121.7346,火燒寮,C0A650,2017-01-18T20:00:00+08:00,287.0,101.0,0.5,17.0,0.97,983.5,-99.0,0.0,-9.9,-99,-999,新北市,06,平溪區,029
25.0044,121.7346,火燒寮,C0A650,2017-01-18T21:00:00+08:00,287.0,0.0,0.0,16.8,0.97,983.6,-99.0,0.0,-9.9,-99,-999,新北市,06,平溪區,029
25.0044,121.7346,火燒寮,C0A650,2017-01-18T22:00:00+08:00,287.0,0.0,0.0,16.8,0.97,983.0,-99.0,0.0,-9.9,-99,-999,新北市,06,平溪區,029
25.0044,121.7346,火燒寮,C0A650,2017-01-18T23:00:00+08:00,287.0,0.0,0.0,16.8,0.97,982.9,-99.0,0.0,-9.9,-99,-999,新北市,06,平溪區,029
25.0044,121.7346,火燒寮,C0A650,2017-01-19T00:00:00+08:00,287.0,0.0,0.0,16.5,0.98,983.0,-99.0,0.0,-9.9,-99,-999,新北市,06,平溪區,029
25.0044,121.7346,火燒寮,C0A650,2017-01-19T01:00:00+08:00,287.0,0.0,0.0,16.4,0.98,983.1,-99.0,0.0,-9.9,-99,-999,新北市,06,平溪區,029
25.0044,121.7346,火燒寮,C0A650,2017-01-19T02:00:00+08:00,287.0,266.0,1.5,16.3,0.98,983.2,-99.0,0.0,-9.9,-99,-999,新北市,06,平溪區,029
25.0044,121.7346,火燒寮,C0A650,2017-01-19T03:00:00+08:00,287.0,0.0,0.0,16.4,0.97,983.0,-99.0,0.0,-9.9,-99,-999,新北市,06,平溪區,029
25.0044,121.7346,火燒寮,C0A650,2017-01-19T04:00:00+08:00,287.0,239.0,1.4,16.6,0.96,982.9,-99.0,0.0,-9.9,-99,-999,新北市,06,平溪區,029
25.0044,121.7346,火燒寮,C0A650,2017-01-19T05:00:00+08:00,287.0,216.0,0.6,16.7,0.96,983.0,-99.0,0.0,-9.9,-99,-999,新北市,06,平溪區,029
25.0044,121.7346,火燒寮,C0A650,2017-01-19T06:00:00+08:00,287.0,225.0,0.7,16.6,0.96,983.3,-99.0,0.0,-9.9,-99,-999,新北市,06,平溪區,029
25.0044,121.7346,火燒寮,C0A650,2017-01-19T07:00:00+08:00,287.0,222.0,1.6,16.6,0.95,983.7,-99.0,0.0,-9.9,-99,-999,新北市,06,平溪區,029
25.0044,121.7346,火燒寮,C0A650,2017-01-19T08:00:00+08:00,287.0,0.0,0.1,16.6,0.95,984.1,-99.0,0.0,-9.9,-99,-999,新北市,06,平溪區,029
25.0044,121.7346,火燒寮,C0A650,2017-01-19T09:00:00+08:00,287.0,293.0,0.6,16.4,0.95,984.6,-99.0,0.0,-9.9,-99,-999,新北市,06,平溪區,029
25.0044,121.7346,火燒寮,C0A650,2017-01-19T10:00:00+08:00,287.0,195.0,0.9,17.4,0.90,983.9,-99.0,0.0,-9.9,-99,-999,新北市,06,平溪區,029
25.0044,121.7346,火燒寮,C0A650,2017-01-19T11:00:00+08:00,287.0,0.0,0.0,17.6,0.90,983.2,-99.0,0.0,-9.9,-99,-999,新北市,06,平溪區,029
25.0044,121.7346,火燒寮,C0A650,2017-01-19T12:00:00+08:00,287.0,51.0,0.5,16.6,0.94,982.2,-99.0,0.0,-9.9,-99,-999,新北市,06,平溪區,029
25.0044,121.7346,火燒寮,C0A650,2017-01-19T13:00:00+08:00,287.0,37.0,1.5,17.0,0.92,980.6,-99.0,0.0,-9.9,-99,-999,新北市,06,平溪區,029
25.0044,121.7346,火燒寮,C0A650,2017-01-19T14:00:00+08:00,287.0,28.0,0.5,16.2,0.96,980.3,-99.0,0.0,-9.9,-99,-999,新北市,06,平溪區,029
25.0044,121.7346,火燒寮,C0A650,2017-01-19T15:00:00+08:00,287.0,31.0,0.6,16.7,0.94,979.9,-99.0,0.0,-9.9,-99,-999,新北市,06,平溪區,029
25.0044,121.7346,火燒寮,C0A650,2017-01-19T16:00:00+08:00,287.0,34.0,0.6,16.0,0.96,980.6,-99.0,0.0,-9.9,-99,-999,新北市,06,平溪區,029
25.0044,121.7346,火燒寮,C0A650,2017-01-19T17:00:00+08:00,287.0,0.0,0.0,16.1,0.95,981.1,-99.0,0.0,-9.9,-99,-999,新北市,06,平溪區,029
25.0044,121.7346,火燒寮,C0A650,2017-01-19T18:00:00+08:00,287.0,33.0,0.4,15.9,0.96,981.7,-99.0,0.0,-9.9,-99,-999,新北市,06,平溪區,029
25.0044,121.7346,火燒寮,C0A650,2017-01-19T19:00:00+08:00,287.0,0.0,0.0,15.8,0.96,982.3,-99.0,0.0,-9.9,-99,-999,新北市,06,平溪區,029
25.0044,121.7346,火燒寮,C0A650,2017-01-19T20:00:00+08:00,287.0,0.0,0.0,15.8,0.97,982.6,-99.0,0.0,-9.9,-99,-999,新北市,06,平溪區,029
25.0044,121.7346,火燒寮,C0A650,2017-01-19T21:00:00+08:00,287.0,0.0,0.0,15.7,0.97,983.1,-99.0,0.0,-9.9,-99,-999,新北市,06,平溪區,029
25.0044,121.7346,火燒寮,C0A650,2017-01-19T22:00:00+08:00,287.0,0.0,0.0,15.7,0.97,983.1,-99.0,0.0,-9.9,-99,-999,新北市,06,平溪區,029
25.0044,121.7346,火燒寮,C0A650,2017-01-19T23:00:00+08:00,287.0,0.0,0.0,15.4,0.97,983.2,-99.0,0.0,-9.9,-99,-999,新北市,06,平溪區,029
25.0044,121.7346,火燒寮,C0A650,2017-01-20T00:00:00+08:00,287.0,50.0,1.2,15.1,0.97,983.5,-99.0,1.0,-9.9,-99,-999,新北市,06,平溪區,029
25.0044,121.7346,火燒寮,C0A650,2017-01-20T01:00:00+08:00,287.0,55.0,0.6,14.6,0.97,984.0,-99.0,3.5,-9.9,-99,-999,新北市,06,平溪區,029
25.0044,121.7346,火燒寮,C0A650,2017-01-20T02:00:00+08:00,287.0,82.0,0.7,14.5,0.97,984.4,-99.0,4.5,-9.9,-99,-999,新北市,06,平溪區,029
25.0044,121.7346,火燒寮,C0A650,2017-01-20T03:00:00+08:00,287.0,69.0,0.8,14.0,0.96,984.8,-99.0,5.5,-9.9,-99,-999,新北市,06,平溪區,029
25.0044,121.7346,火燒寮,C0A650,2017-01-20T04:00:00+08:00,287.0,57.0,1.9,13.1,0.96,985.2,-99.0,6.0,-9.9,-99,-999,新北市,06,平溪區,029
25.0044,121.7346,火燒寮,C0A650,2017-01-20T05:00:00+08:00,287.0,54.0,0.9,12.5,0.96,986.1,-99.0,6.5,-9.9,-99,-999,新北市,06,平溪區,029
25.0044,121.7346,火燒寮,C0A650,2017-01-20T06:00:00+08:00,287.0,62.0,0.9,12.4,0.96,986.8,-99.0,7.0,-9.9,-99,-999,新北市,06,平溪區,029
25.0044,121.7346,火燒寮,C0A650,2017-01-20T07:00:00+08:00,287.0,28.0,0.4,12.2,0.96,987.8,-99.0,7.5,-9.9,-99,-999,新北市,06,平溪區,029
25.0044,121.7346,火燒寮,C0A650,2017-01-20T08:00:00+08:00,287.0,34.0,0.3,12.1,0.96,988.3,-99.0,8.0,-9.9,-99,-999,新北市,06,平溪區,029
25.0044,121.7346,火燒寮,C0A650,2017-01-20T09:00:00+08:00,287.0,36.0,1.2,11.7,0.95,989.4,-99.0,9.0,-9.9,-99,-999,新北市,06,平溪區,029
25.0044,121.7346,火燒寮,C0A650,2017-01-20T10:00:00+08:00,287.0,49.0,0.9,11.2,0.96,989.7,-99.0,9.0,-9.9,-99,-999,新北市,06,平溪區,029
25.0044,121.7346,火燒寮,C0A650,2017-01-20T11:00:00+08:00,287.0,3.0,0.8,10.9,0.96,989.9,-99.0,9.0,-9.9,-99,-999,新北市,06,平溪區,029
25.0044,121.7346,火燒寮,C0A650,2017-01-20T12:00:00+08:00,287.0,51.0,2.5,10.4,0.95,989.2,-99.0,10.0,-9.9,-99,-999,新北市,06,平溪區,029
25.0044,121.7346,火燒寮,C0A650,2017-01-20T13:00:00+08:00,287.0,53.0,2.7,9.7,0.94,989.0,-99.0,10.5,-9.9,-99,-999,新北市,06,平溪區,029
25.0044,121.7346,火燒寮,C0A650,2017-01-20T14:00:00+08:00,287.0,52.0,3.3,9.4,0.95,988.7,-99.0,10.5,-9.9,-99,-999,新北市,06,平溪區,029
25.0044,121.7346,火燒寮,C0A650,2017-01-20T16:00:00+08:00,287.0,45.0,0.8,8.3,0.90,989.7,-99.0,11.0,-9.9,-99,-999,新北市,06,平溪區,029
25.0044,121.7346,火燒寮,C0A650,2017-01-20T17:00:00+08:00,287.0,53.0,2.1,8.9,0.81,990.3,-99.0,11.0,-9.9,-99,-999,新北市,06,平溪區,029
25.0044,121.7346,火燒寮,C0A650,2017-01-20T18:00:00+08:00,287.0,51.0,2.1,9.0,0.81,990.9,-99.0,11.0,-9.9,-99,-999,新北市,06,平溪區,029
25.0044,121.7346,火燒寮,C0A650,2017-01-20T19:00:00+08:00,287.0,52.0,2.0,8.9,0.84,991.3,-99.0,11.0,-9.9,-99,-999,新北市,06,平溪區,029
25.0044,121.7346,火燒寮,C0A650,2017-01-20T20:00:00+08:00,287.0,49.0,1.7,9.1,0.80,991.8,-99.0,11.0,-9.9,-99,-999,新北市,06,平溪區,029
25.0044,121.7346,火燒寮,C0A650,2017-01-20T21:00:00+08:00,287.0,51.0,1.0,9.0,0.84,991.7,-99.0,11.0,-9.9,-99,-999,新北市,06,平溪區,029
25.0044,121.7346,火燒寮,C0A650,2017-01-20T22:00:00+08:00,287.0,56.0,1.0,9.1,0.81,991.8,-99.0,11.0,-9.9,-99,-999,新北市,06,平溪區,029
25.0044,121.7346,火燒寮,C0A650,2017-01-20T23:00:00+08:00,287.0,45.0,1.7,9.3,0.79,991.6,-99.0,11.0,-9.9,-99,-999,新北市,06,平溪區,029
25.0044,121.7346,火燒寮,C0A650,2017-01-21T00:00:00+08:00,287.0,47.0,1.4,9.1,0.82,991.6,-99.0,11.0,-9.9,-99,-999,新北市,06,平溪區,029
25.0044,121.7346,火燒寮,C0A650,2017-01-21T01:00:00+08:00,287.0,53.0,1.6,9.4,0.79,991.2,-99.0,0.0,-9.9,-99,-999,新北市,06,平溪區,029
25.0044,121.7346,火燒寮,C0A650,2017-01-21T02:00:00+08:00,287.0,50.0,0.6,9.1,0.88,991.2,-99.0,0.0,-9.9,-99,-999,新北市,06,平溪區,029
25.0044,121.7346,火燒寮,C0A650,2017-01-21T03:00:00+08:00,287.0,0.0,0.0,9.0,0.88,990.9,-99.0,0.0,-9.9,-99,-999,新北市,06,平溪區,029
25.0044,121.7346,火燒寮,C0A650,2017-01-21T04:00:00+08:00,287.0,50.0,0.9,9.2,0.86,990.9,-99.0,0.0,-9.9,-99,-999,新北市,06,平溪區,029
25.0044,121.7346,火燒寮,C0A650,2017-01-21T05:00:00+08:00,287.0,0.0,0.0,9.2,0.90,990.7,-99.0,0.0,-9.9,-99,-999,新北市,06,平溪區,029
25.0044,121.7346,火燒寮,C0A650,2017-01-21T06:00:00+08:00,287.0,0.0,0.0,9.3,0.94,990.9,-99.0,0.0,-9.9,-99,-999,新北市,06,平溪區,029
25.0044,121.7346,火燒寮,C0A650,2017-01-21T07:00:00+08:00,287.0,0.0,0.0,9.4,0.96,991.3,-99.0,0.0,-9.9,-99,-999,新北市,06,平溪區,029
25.0044,121.7346,火燒寮,C0A650,2017-01-21T08:00:00+08:00,287.0,0.0,0.0,9.4,0.96,991.7,-99.0,0.0,-9.9,-99,-999,新北市,06,平溪區,029
25.0044,121.7346,火燒寮,C0A650,2017-01-21T10:00:00+08:00,287.0,0.0,0.0,10.8,0.91,991.6,-99.0,0.0,-9.9,-99,-999,新北市,06,平溪區,029
25.0044,121.7346,火燒寮,C0A650,2017-01-21T11:00:00+08:00,287.0,0.0,0.0,11.8,0.83,990.4,-99.0,0.0,-9.9,-99,-999,新北市,06,平溪區,029
25.0044,121.7346,火燒寮,C0A650,2017-01-21T12:00:00+08:00,287.0,49.0,0.6,11.9,0.81,989.1,-99.0,0.0,-9.9,-99,-999,新北市,06,平溪區,029
25.0044,121.7346,火燒寮,C0A650,2017-01-21T13:00:00+08:00,287.0,57.0,0.7,12.2,0.81,988.1,-99.0,0.0,-9.9,-99,-999,新北市,06,平溪區,029
25.0044,121.7346,火燒寮,C0A650,2017-01-21T14:00:00+08:00,287.0,0.0,0.0,12.0,0.84,987.4,-99.0,0.0,-9.9,-99,-999,新北市,06,平溪區,029
25.0044,121.7346,火燒寮,C0A650,2017-01-21T15:00:00+08:00,287.0,48.0,0.8,11.8,0.84,987.3,-99.0,0.0,-9.9,-99,-999,新北市,06,平溪區,029
25.0044,121.7346,火燒寮,C0A650,2017-01-21T16:00:00+08:00,287.0,0.0,0.0,11.9,0.87,987.7,-99.0,0.0,-9.9,-99,-999,新北市,06,平溪區,029
25.0044,121.7346,火燒寮,C0A650,2017-01-21T17:00:00+08:00,287.0,0.0,0.0,11.9,0.89,988.2,-99.0,0.0,-9.9,-99,-999,新北市,06,平溪區,029
25.0044,121.7346,火燒寮,C0A650,2017-01-21T18:00:00+08:00,287.0,0.0,0.0,11.5,0.93,988.9,-99.0,0.0,-9.9,-99,-999,新北市,06,平溪區,029
25.0044,121.7346,火燒寮,C0A650,2017-01-21T19:00:00+08:00,287.0,0.0,0.0,11.1,0.95,989.6,-99.0,0.0,-9.9,-99,-999,新北市,06,平溪區,029
25.0044,121.7346,火燒寮,C0A650,2017-01-21T20:00:00+08:00,287.0,0.0,0.0,11.1,0.96,989.9,-99.0,0.0,-9.9,-99,-999,新北市,06,平溪區,029
25.0044,121.7346,火燒寮,C0A650,2017-01-21T21:00:00+08:00,287.0,0.0,0.0,9.7,0.97,990.5,-99.0,0.0,-9.9,-99,-999,新北市,06,平溪區,029
25.0044,121.7346,火燒寮,C0A650,2017-01-21T22:00:00+08:00,287.0,0.0,0.0,9.1,0.97,991.1,-99.0,0.0,-9.9,-99,-999,新北市,06,平溪區,029
25.0044,121.7346,火燒寮,C0A650,2017-01-21T23:00:00+08:00,287.0,0.0,0.0,9.8,0.98,990.9,-99.0,0.0,-9.9,-99,-999,新北市,06,平溪區,029
25.0044,121.7346,火燒寮,C0A650,2017-01-22T00:00:00+08:00,287.0,0.0,0.0,10.2,0.98,991.0,-99.0,0.0,-9.9,-99,-999,新北市,06,平溪區,029
25.0044,121.7346,火燒寮,C0A650,2017-01-22T01:00:00+08:00,287.0,0.0,0.0,10.5,0.98,990.8,-99.0,0.0,-9.9,-99,-999,新北市,06,平溪區,029
25.0044,121.7346,火燒寮,C0A650,2017-01-22T02:00:00+08:00,287.0,0.0,0.0,10.7,0.98,990.9,-99.0,0.0,-9.9,-99,-999,新北市,06,平溪區,029
25.0044,121.7346,火燒寮,C0A650,2017-01-22T03:00:00+08:00,287.0,0.0,0.0,10.4,0.97,991.0,-99.0,0.0,-9.9,-99,-999,新北市,06,平溪區,029
25.0044,121.7346,火燒寮,C0A650,2017-01-22T04:00:00+08:00,287.0,55.0,1.8,11.6,0.76,991.2,-99.0,0.0,-9.9,-99,-999,新北市,06,平溪區,029
25.0044,121.7346,火燒寮,C0A650,2017-01-22T05:00:00+08:00,287.0,0.0,0.2,11.2,0.72,991.6,-99.0,0.0,-9.9,-99,-999,新北市,06,平溪區,029
25.0044,121.7346,火燒寮,C0A650,2017-01-22T06:00:00+08:00,287.0,28.0,0.7,11.1,0.69,992.2,-99.0,0.0,-9.9,-99,-999,新北市,06,平溪區,029
25.0044,121.7346,火燒寮,C0A650,2017-01-22T07:00:00+08:00,287.0,0.0,0.0,9.5,0.86,992.7,-99.0,0.0,-9.9,-99,-999,新北市,06,平溪區,029
25.0044,121.7346,火燒寮,C0A650,2017-01-22T08:00:00+08:00,287.0,0.0,0.0,10.4,0.88,992.7,-99.0,0.0,-9.9,-99,-999,新北市,06,平溪區,029
25.0044,121.7346,火燒寮,C0A650,2017-01-22T09:00:00+08:00,287.0,47.0,1.5,11.8,0.68,992.9,-99.0,0.0,-9.9,-99,-999,新北市,06,平溪區,029
25.0044,121.7346,火燒寮,C0A650,2017-01-22T10:00:00+08:00,287.0,49.0,2.2,12.4,0.62,992.9,-99.0,0.0,-9.9,-99,-999,新北市,06,平溪區,029
25.0044,121.7346,火燒寮,C0A650,2017-01-22T11:00:00+08:00,287.0,26.0,1.8,13.0,0.63,991.7,-99.0,0.0,-9.9,-99,-999,新北市,06,平溪區,029
25.0044,121.7346,火燒寮,C0A650,2017-01-22T12:00:00+08:00,287.0,46.0,2.1,12.9,0.61,990.6,-99.0,0.0,-9.9,-99,-999,新北市,06,平溪區,029
25.0044,121.7346,火燒寮,C0A650,2017-01-22T13:00:00+08:00,287.0,47.0,1.5,12.7,0.61,989.6,-99.0,0.0,-9.9,-99,-999,新北市,06,平溪區,029
25.0044,121.7346,火燒寮,C0A650,2017-01-22T14:00:00+08:00,287.0,43.0,3.0,11.9,0.67,989.7,-99.0,0.0,-9.9,-99,-999,新北市,06,平溪區,029
25.0044,121.7346,火燒寮,C0A650,2017-01-22T15:00:00+08:00,287.0,45.0,2.4,11.2,0.72,990.2,-99.0,0.0,-9.9,-99,-999,新北市,06,平溪區,029
25.0044,121.7346,火燒寮,C0A650,2017-01-22T16:00:00+08:00,287.0,42.0,1.6,10.7,0.72,990.4,-99.0,0.0,-9.9,-99,-999,新北市,06,平溪區,029
25.0044,121.7346,火燒寮,C0A650,2017-01-22T17:00:00+08:00,287.0,41.0,0.4,10.6,0.74,991.1,-99.0,0.0,-9.9,-99,-999,新北市,06,平溪區,029
25.0044,121.7346,火燒寮,C0A650,2017-01-22T18:00:00+08:00,287.0,0.0,0.1,10.4,0.77,991.5,-99.0,0.0,-9.9,-99,-999,新北市,06,平溪區,029
25.0044,121.7346,火燒寮,C0A650,2017-01-22T19:00:00+08:00,287.0,105.0,0.4,10.3,0.78,992.2,-99.0,0.0,-9.9,-99,-999,新北市,06,平溪區,029
25.0044,121.7346,火燒寮,C0A650,2017-01-22T20:00:00+08:00,287.0,76.0,0.6,10.1,0.79,993.0,-99.0,0.0,-9.9,-99,-999,新北市,06,平溪區,029
25.0044,121.7346,火燒寮,C0A650,2017-01-22T21:00:00+08:00,287.0,47.0,1.0,10.5,0.75,993.3,-99.0,0.0,-9.9,-99,-999,新北市,06,平溪區,029
25.0044,121.7346,火燒寮,C0A650,2017-01-22T22:00:00+08:00,287.0,56.0,0.5,10.2,0.77,993.2,-99.0,0.0,-9.9,-99,-999,新北市,06,平溪區,029
25.0044,121.7346,火燒寮,C0A650,2017-01-22T23:00:00+08:00,287.0,0.0,0.1,9.1,0.84,992.7,-99.0,0.0,-9.9,-99,-999,新北市,06,平溪區,029
25.0044,121.7346,火燒寮,C0A650,2017-01-23T01:00:00+08:00,287.0,0.0,0.0,8.8,0.91,992.5,-99.0,0.0,-9.9,-99,-999,新北市,06,平溪區,029
25.0044,121.7346,火燒寮,C0A650,2017-01-23T02:00:00+08:00,287.0,74.0,0.3,9.4,0.89,992.3,-99.0,0.0,-9.9,-99,-999,新北市,06,平溪區,029
25.0044,121.7346,火燒寮,C0A650,2017-01-23T03:00:00+08:00,287.0,0.0,0.0,10.2,0.82,991.9,-99.0,0.0,-9.9,-99,-999,新北市,06,平溪區,029
25.0044,121.7346,火燒寮,C0A650,2017-01-23T04:00:00+08:00,287.0,57.0,0.9,10.6,0.80,991.3,-99.0,0.0,-9.9,-99,-999,新北市,06,平溪區,029
25.0044,121.7346,火燒寮,C0A650,2017-01-23T05:00:00+08:00,287.0,50.0,0.6,10.9,0.75,991.4,-99.0,0.0,-9.9,-99,-999,新北市,06,平溪區,029
25.0044,121.7346,火燒寮,C0A650,2017-01-23T06:00:00+08:00,287.0,48.0,2.2,11.5,0.70,991.6,-99.0,0.0,-9.9,-99,-999,新北市,06,平溪區,029
25.0044,121.7346,火燒寮,C0A650,2017-01-23T07:00:00+08:00,287.0,52.0,1.9,11.6,0.69,992.1,-99.0,0.0,-9.9,-99,-999,新北市,06,平溪區,029
25.0044,121.7346,火燒寮,C0A650,2017-01-23T08:00:00+08:00,287.0,42.0,0.6,11.4,0.73,992.5,-99.0,0.0,-9.9,-99,-999,新北市,06,平溪區,029
25.0044,121.7346,火燒寮,C0A650,2017-01-23T09:00:00+08:00,287.0,46.0,2.5,11.7,0.70,993.0,-99.0,0.0,-9.9,-99,-999,新北市,06,平溪區,029
25.0044,121.7346,火燒寮,C0A650,2017-01-23T10:00:00+08:00,287.0,42.0,1.7,11.8,0.72,993.1,-99.0,0.0,-9.9,-99,-999,新北市,06,平溪區,029
25.0044,121.7346,火燒寮,C0A650,2017-01-23T11:00:00+08:00,287.0,44.0,1.7,11.6,0.73,992.7,-99.0,0.0,-9.9,-99,-999,新北市,06,平溪區,029
25.0044,121.7346,火燒寮,C0A650,2017-01-23T12:00:00+08:00,287.0,50.0,2.8,11.5,0.74,992.1,-99.0,0.0,-9.9,-99,-999,新北市,06,平溪區,029
25.0044,121.7346,火燒寮,C0A650,2017-01-23T13:00:00+08:00,287.0,48.0,2.3,11.4,0.75,991.2,-99.0,0.0,-9.9,-99,-999,新北市,06,平溪區,029
25.0044,121.7346,火燒寮,C0A650,2017-01-23T14:00:00+08:00,287.0,50.0,2.7,11.3,0.75,990.8,-99.0,0.0,-9.9,-99,-999,新北市,06,平溪區,029
25.0044,121.7346,火燒寮,C0A650,2017-01-23T15:00:00+08:00,287.0,48.0,2.4,11.4,0.73,990.8,-99.0,0.0,-9.9,-99,-999,新北市,06,平溪區,029
25.0044,121.7346,火燒寮,C0A650,2017-01-23T16:00:00+08:00,287.0,43.0,2.0,11.2,0.74,991.2,-99.0,0.0,-9.9,-99,-999,新北市,06,平溪區,029
25.0044,121.7346,火燒寮,C0A650,2017-01-23T17:00:00+08:00,287.0,48.0,2.4,11.0,0.76,991.6,-99.0,0.0,-9.9,-99,-999,新北市,06,平溪區,029
25.0044,121.7346,火燒寮,C0A650,2017-01-23T18:00:00+08:00,287.0,46.0,1.8,11.0,0.74,992.2,-99.0,0.0,-9.9,-99,-999,新北市,06,平溪區,029
25.0044,121.7346,火燒寮,C0A650,2017-01-23T19:00:00+08:00,287.0,41.0,0.9,11.1,0.74,992.4,-99.0,0.0,-9.9,-99,-999,新北市,06,平溪區,029
25.0044,121.7346,火燒寮,C0A650,2017-01-23T20:00:00+08:00,287.0,43.0,2.2,11.0,0.76,992.7,-99.0,0.0,-9.9,-99,-999,新北市,06,平溪區,029
25.0044,121.7346,火燒寮,C0A650,2017-01-23T21:00:00+08:00,287.0,56.0,1.3,10.6,0.80,992.7,-99.0,0.0,-9.9,-99,-999,新北市,06,平溪區,029
25.0044,121.7346,火燒寮,C0A650,2017-01-23T22:00:00+08:00,287.0,49.0,1.4,10.9,0.77,992.7,-99.0,0.0,-9.9,-99,-999,新北市,06,平溪區,029
25.0044,121.7346,火燒寮,C0A650,2017-01-23T23:00:00+08:00,287.0,49.0,1.0,10.5,0.84,992.8,-99.0,0.0,-9.9,-99,-999,新北市,06,平溪區,029
25.0044,121.7346,火燒寮,C0A650,2017-01-24T00:00:00+08:00,287.0,50.0,0.9,10.2,0.89,992.6,-99.0,0.0,-9.9,-99,-999,新北市,06,平溪區,029
25.0044,121.7346,火燒寮,C0A650,2017-01-24T01:00:00+08:00,287.0,60.0,1.2,10.1,0.93,992.2,-99.0,0.0,-9.9,-99,-999,新北市,06,平溪區,029
25.0044,121.7346,火燒寮,C0A650,2017-01-24T02:00:00+08:00,287.0,58.0,0.9,10.1,0.94,992.0,-99.0,0.0,-9.9,-99,-999,新北市,06,平溪區,029
25.0044,121.7346,火燒寮,C0A650,2017-01-24T03:00:00+08:00,287.0,51.0,1.1,10.1,0.95,991.4,-99.0,0.0,-9.9,-99,-999,新北市,06,平溪區,029
25.0044,121.7346,火燒寮,C0A650,2017-01-24T04:00:00+08:00,287.0,45.0,1.7,10.3,0.96,991.1,-99.0,0.0,-9.9,-99,-999,新北市,06,平溪區,029
25.0044,121.7346,火燒寮,C0A650,2017-01-24T05:00:00+08:00,287.0,50.0,0.6,10.3,0.96,991.1,-99.0,0.0,-9.9,-99,-999,新北市,06,平溪區,029
25.0044,121.7346,火燒寮,C0A650,2017-01-24T06:00:00+08:00,287.0,0.0,0.0,10.4,0.97,991.3,-99.0,0.0,-9.9,-99,-999,新北市,06,平溪區,029
25.0044,121.7346,火燒寮,C0A650,2017-01-24T07:00:00+08:00,287.0,0.0,0.1,10.5,0.97,991.7,-99.0,0.0,-9.9,-99,-999,新北市,06,平溪區,029
25.0044,121.7346,火燒寮,C0A650,2017-01-24T08:00:00+08:00,287.0,0.0,0.0,11.0,0.97,992.1,-99.0,0.5,-9.9,-99,-999,新北市,06,平溪區,029
25.0044,121.7346,火燒寮,C0A650,2017-01-24T10:00:00+08:00,287.0,45.0,1.9,11.4,0.97,992.3,-99.0,0.5,-9.9,-99,-999,新北市,06,平溪區,029
25.0044,121.7346,火燒寮,C0A650,2017-01-24T11:00:00+08:00,287.0,47.0,1.8,11.8,0.96,991.8,-99.0,0.5,-9.9,-99,-999,新北市,06,平溪區,029
25.0044,121.7346,火燒寮,C0A650,2017-01-24T12:00:00+08:00,287.0,44.0,2.0,12.1,0.95,990.8,-99.0,0.5,-9.9,-99,-999,新北市,06,平溪區,029
25.0044,121.7346,火燒寮,C0A650,2017-01-24T13:00:00+08:00,287.0,53.0,1.6,12.4,0.93,990.1,-99.0,0.5,-9.9,-99,-999,新北市,06,平溪區,029
25.0044,121.7346,火燒寮,C0A650,2017-01-24T14:00:00+08:00,287.0,40.0,2.6,12.0,0.94,989.5,-99.0,0.5,-9.9,-99,-999,新北市,06,平溪區,029
25.0044,121.7346,火燒寮,C0A650,2017-01-24T15:00:00+08:00,287.0,48.0,3.3,11.9,0.96,989.8,-99.0,1.0,-9.9,-99,-999,新北市,06,平溪區,029
25.0044,121.7346,火燒寮,C0A650,2017-01-24T16:00:00+08:00,287.0,43.0,3.9,11.3,0.96,990.5,-99.0,1.5,-9.9,-99,-999,新北市,06,平溪區,029
25.0044,121.7346,火燒寮,C0A650,2017-01-24T17:00:00+08:00,287.0,48.0,2.3,11.0,0.96,991.0,-99.0,1.5,-9.9,-99,-999,新北市,06,平溪區,029
25.0044,121.7346,火燒寮,C0A650,2017-01-24T18:00:00+08:00,287.0,58.0,2.9,10.9,0.96,991.6,-99.0,2.0,-9.9,-99,-999,新北市,06,平溪區,029
25.0044,121.7346,火燒寮,C0A650,2017-01-24T19:00:00+08:00,287.0,58.0,0.7,11.2,0.96,992.1,-99.0,2.5,-9.9,-99,-999,新北市,06,平溪區,029
25.0044,121.7346,火燒寮,C0A650,2017-01-24T20:00:00+08:00,287.0,49.0,0.3,11.4,0.97,992.5,-99.0,3.0,-9.9,-99,-999,新北市,06,平溪區,029
25.0044,121.7346,火燒寮,C0A650,2017-01-24T22:00:00+08:00,287.0,47.0,1.2,11.5,0.98,992.7,-99.0,4.5,-9.9,-99,-999,新北市,06,平溪區,029
25.0044,121.7346,火燒寮,C0A650,2017-01-24T23:00:00+08:00,287.0,43.0,1.4,11.3,0.98,992.8,-99.0,5.0,-9.9,-99,-999,新北市,06,平溪區,029
25.0044,121.7346,火燒寮,C0A650,2017-01-25T00:00:00+08:00,287.0,43.0,1.2,11.3,0.98,992.4,-99.0,5.5,-9.9,-99,-999,新北市,06,平溪區,029
25.0044,121.7346,火燒寮,C0A650,2017-01-25T01:00:00+08:00,287.0,0.0,0.2,11.2,0.98,992.1,-99.0,0.0,-9.9,-99,-999,新北市,06,平溪區,029
25.0044,121.7346,火燒寮,C0A650,2017-01-25T02:00:00+08:00,287.0,43.0,1.9,11.1,0.97,991.4,-99.0,1.0,-9.9,-99,-999,新北市,06,平溪區,029
25.0044,121.7346,火燒寮,C0A650,2017-01-25T03:00:00+08:00,287.0,0.0,0.2,11.1,0.97,990.8,-99.0,1.0,-9.9,-99,-999,新北市,06,平溪區,029
25.0044,121.7346,火燒寮,C0A650,2017-01-25T04:00:00+08:00,287.0,0.0,0.0,11.2,0.97,990.3,-99.0,1.0,-9.9,-99,-999,新北市,06,平溪區,029
25.0044,121.7346,火燒寮,C0A650,2017-01-25T05:00:00+08:00,287.0,0.0,0.0,11.3,0.98,990.2,-99.0,1.5,-9.9,-99,-999,新北市,06,平溪區,029
25.0044,121.7346,火燒寮,C0A650,2017-01-25T06:00:00+08:00,287.0,0.0,0.0,11.4,0.98,990.2,-99.0,1.5,-9.9,-99,-999,新北市,06,平溪區,029
25.0044,121.7346,火燒寮,C0A650,2017-01-25T07:00:00+08:00,287.0,0.0,0.0,11.5,0.98,990.4,-99.0,1.5,-9.9,-99,-999,新北市,06,平溪區,029
25.0044,121.7346,火燒寮,C0A650,2017-01-25T08:00:00+08:00,287.0,0.0,0.0,11.7,0.98,990.3,-99.0,1.5,-9.9,-99,-999,新北市,06,平溪區,029
25.0044,121.7346,火燒寮,C0A650,2017-01-25T09:00:00+08:00,287.0,0.0,0.0,12.3,0.98,990.6,-99.0,1.5,-9.9,-99,-999,新北市,06,平溪區,029
25.0044,121.7346,火燒寮,C0A650,2017-01-25T10:00:00+08:00,287.0,0.0,0.0,13.0,0.98,990.3,-99.0,1.5,-9.9,-99,-999,新北市,06,平溪區,029
25.0044,121.7346,火燒寮,C0A650,2017-01-25T11:00:00+08:00,287.0,55.0,0.9,13.3,0.98,989.8,-99.0,1.5,-9.9,-99,-999,新北市,06,平溪區,029
25.0044,121.7346,火燒寮,C0A650,2017-01-25T12:00:00+08:00,287.0,45.0,1.5,13.2,0.96,989.2,-99.0,1.5,-9.9,-99,-999,新北市,06,平溪區,029
25.0044,121.7346,火燒寮,C0A650,2017-01-25T13:00:00+08:00,287.0,59.0,0.3,13.3,0.95,988.5,-99.0,2.0,-9.9,-99,-999,新北市,06,平溪區,029
25.0044,121.7346,火燒寮,C0A650,2017-01-25T14:00:00+08:00,287.0,61.0,1.6,13.1,0.96,988.0,-99.0,2.5,-9.9,-99,-999,新北市,06,平溪區,029
25.0044,121.7346,火燒寮,C0A650,2017-01-25T15:00:00+08:00,287.0,51.0,1.5,12.9,0.96,988.0,-99.0,3.0,-9.9,-99,-999,新北市,06,平溪區,029
25.0044,121.7346,火燒寮,C0A650,2017-01-25T16:00:00+08:00,287.0,56.0,0.5,12.6,0.96,988.7,-99.0,4.5,-9.9,-99,-999,新北市,06,平溪區,029
25.0044,121.7346,火燒寮,C0A650,2017-01-25T17:00:00+08:00,287.0,51.0,1.4,12.1,0.95,988.9,-99.0,6.0,-9.9,-99,-999,新北市,06,平溪區,029
25.0044,121.7346,火燒寮,C0A650,2017-01-25T18:00:00+08:00,287.0,54.0,0.6,12.2,0.93,989.4,-99.0,6.0,-9.9,-99,-999,新北市,06,平溪區,029
25.0044,121.7346,火燒寮,C0A650,2017-01-25T19:00:00+08:00,287.0,53.0,1.9,11.8,0.94,989.8,-99.0,6.5,-9.9,-99,-999,新北市,06,平溪區,029
25.0044,121.7346,火燒寮,C0A650,2017-01-25T20:00:00+08:00,287.0,63.0,1.6,11.7,0.91,990.2,-99.0,6.5,-9.9,-99,-999,新北市,06,平溪區,029
25.0044,121.7346,火燒寮,C0A650,2017-01-25T21:00:00+08:00,287.0,0.0,0.1,11.6,0.93,990.4,-99.0,6.5,-9.9,-99,-999,新北市,06,平溪區,029
25.0044,121.7346,火燒寮,C0A650,2017-01-25T22:00:00+08:00,287.0,0.0,0.0,11.7,0.95,990.4,-99.0,7.5,-9.9,-99,-999,新北市,06,平溪區,029
25.0044,121.7346,火燒寮,C0A650,2017-01-25T23:00:00+08:00,287.0,49.0,0.9,11.4,0.96,990.5,-99.0,8.0,-9.9,-99,-999,新北市,06,平溪區,029
25.0044,121.7346,火燒寮,C0A650,2017-01-26T00:00:00+08:00,287.0,51.0,2.1,11.4,0.96,990.0,-99.0,8.5,-9.9,-99,-999,新北市,06,平溪區,029
25.0044,121.7346,火燒寮,C0A650,2017-01-26T01:00:00+08:00,287.0,0.0,0.0,11.1,0.95,989.9,-99.0,1.5,-9.9,-99,-999,新北市,06,平溪區,029
25.0044,121.7346,火燒寮,C0A650,2017-01-26T02:00:00+08:00,287.0,0.0,0.0,11.2,0.96,989.6,-99.0,2.5,-9.9,-99,-999,新北市,06,平溪區,029
25.0044,121.7346,火燒寮,C0A650,2017-01-26T03:00:00+08:00,287.0,54.0,1.4,10.9,0.96,989.5,-99.0,3.0,-9.9,-99,-999,新北市,06,平溪區,029
25.0044,121.7346,火燒寮,C0A650,2017-01-26T04:00:00+08:00,287.0,53.0,0.7,10.9,0.96,989.5,-99.0,3.5,-9.9,-99,-999,新北市,06,平溪區,029
25.0044,121.7346,火燒寮,C0A650,2017-01-26T05:00:00+08:00,287.0,0.0,0.0,10.9,0.97,989.7,-99.0,3.5,-9.9,-99,-999,新北市,06,平溪區,029
25.0044,121.7346,火燒寮,C0A650,2017-01-26T06:00:00+08:00,287.0,46.0,1.0,10.7,0.97,990.1,-99.0,3.5,-9.9,-99,-999,新北市,06,平溪區,029
25.0044,121.7346,火燒寮,C0A650,2017-01-26T07:00:00+08:00,287.0,51.0,0.8,11.2,0.88,990.6,-99.0,3.5,-9.9,-99,-999,新北市,06,平溪區,029
25.0044,121.7346,火燒寮,C0A650,2017-01-26T08:00:00+08:00,287.0,48.0,2.2,11.5,0.86,990.9,-99.0,3.5,-9.9,-99,-999,新北市,06,平溪區,029
25.0044,121.7346,火燒寮,C0A650,2017-01-26T10:00:00+08:00,287.0,49.0,2.3,13.0,0.76,990.1,-99.0,3.5,-9.9,-99,-999,新北市,06,平溪區,029
25.0044,121.7346,火燒寮,C0A650,2017-01-26T11:00:00+08:00,287.0,51.0,1.9,12.9,0.75,989.6,-99.0,3.5,-9.9,-99,-999,新北市,06,平溪區,029
25.0044,121.7346,火燒寮,C0A650,2017-01-26T12:00:00+08:00,287.0,38.0,1.7,13.0,0.77,988.6,-99.0,3.5,-9.9,-99,-999,新北市,06,平溪區,029
25.0044,121.7346,火燒寮,C0A650,2017-01-26T14:00:00+08:00,287.0,40.0,2.4,14.5,0.70,985.2,-99.0,3.5,-9.9,-99,-999,新北市,06,平溪區,029
25.0044,121.7346,火燒寮,C0A650,2017-01-26T15:00:00+08:00,287.0,38.0,1.6,14.3,0.76,984.2,-99.0,3.5,-9.9,-99,-999,新北市,06,平溪區,029
25.0044,121.7346,火燒寮,C0A650,2017-01-26T16:00:00+08:00,287.0,46.0,1.1,14.5,0.76,984.3,-99.0,3.5,-9.9,-99,-999,新北市,06,平溪區,029
25.0044,121.7346,火燒寮,C0A650,2017-01-26T17:00:00+08:00,287.0,42.0,0.7,14.4,0.79,984.5,-99.0,3.5,-9.9,-99,-999,新北市,06,平溪區,029
25.0044,121.7346,火燒寮,C0A650,2017-01-26T18:00:00+08:00,287.0,0.0,0.0,12.5,0.88,985.2,-99.0,3.5,-9.9,-99,-999,新北市,06,平溪區,029
25.0044,121.7346,火燒寮,C0A650,2017-01-26T19:00:00+08:00,287.0,0.0,0.0,11.1,0.95,986.4,-99.0,3.5,-9.9,-99,-999,新北市,06,平溪區,029
25.0044,121.7346,火燒寮,C0A650,2017-01-26T20:00:00+08:00,287.0,0.0,0.0,10.4,0.96,987.1,-99.0,3.5,-9.9,-99,-999,新北市,06,平溪區,029
25.0044,121.7346,火燒寮,C0A650,2017-01-26T21:00:00+08:00,287.0,0.0,0.0,9.8,0.97,987.4,-99.0,3.5,-9.9,-99,-999,新北市,06,平溪區,029
25.0044,121.7346,火燒寮,C0A650,2017-01-26T22:00:00+08:00,287.0,0.0,0.0,9.3,0.98,987.7,-99.0,3.5,-9.9,-99,-999,新北市,06,平溪區,029
25.0044,121.7346,火燒寮,C0A650,2017-01-26T23:00:00+08:00,287.0,0.0,0.0,8.7,0.98,987.7,-99.0,3.5,-9.9,-99,-999,新北市,06,平溪區,029
25.0044,121.7346,火燒寮,C0A650,2017-01-27T00:00:00+08:00,287.0,0.0,0.0,8.5,0.98,987.7,-99.0,3.5,-9.9,-99,-999,新北市,06,平溪區,029
25.0044,121.7346,火燒寮,C0A650,2017-01-27T01:00:00+08:00,287.0,0.0,0.0,8.3,0.98,988.2,-99.0,0.0,-9.9,-99,-999,新北市,06,平溪區,029
25.0044,121.7346,火燒寮,C0A650,2017-01-27T02:00:00+08:00,287.0,0.0,0.0,8.8,0.99,988.1,-99.0,0.0,-9.9,-99,-999,新北市,06,平溪區,029
25.0044,121.7346,火燒寮,C0A650,2017-01-27T03:00:00+08:00,287.0,0.0,0.0,8.3,0.98,987.5,-99.0,0.0,-9.9,-99,-999,新北市,06,平溪區,029
25.0044,121.7346,火燒寮,C0A650,2017-01-27T04:00:00+08:00,287.0,0.0,0.0,7.7,0.98,987.5,-99.0,0.0,-9.9,-99,-999,新北市,06,平溪區,029
25.0044,121.7346,火燒寮,C0A650,2017-01-27T05:00:00+08:00,287.0,0.0,0.0,7.8,0.99,987.7,-99.0,0.0,-9.9,-99,-999,新北市,06,平溪區,029
25.0044,121.7346,火燒寮,C0A650,2017-01-27T06:00:00+08:00,287.0,0.0,0.0,7.2,0.99,988.1,-99.0,0.0,-9.9,-99,-999,新北市,06,平溪區,029
25.0044,121.7346,火燒寮,C0A650,2017-01-27T07:00:00+08:00,287.0,0.0,0.0,7.2,0.99,988.6,-99.0,0.0,-9.9,-99,-999,新北市,06,平溪區,029
25.0044,121.7346,火燒寮,C0A650,2017-01-27T08:00:00+08:00,287.0,0.0,0.0,9.4,0.99,989.0,-99.0,0.0,-9.9,-99,-999,新北市,06,平溪區,029
25.0044,121.7346,火燒寮,C0A650,2017-01-27T09:00:00+08:00,287.0,0.0,0.0,13.9,0.99,987.2,-99.0,0.0,-9.9,-99,-999,新北市,06,平溪區,029
25.0044,121.7346,火燒寮,C0A650,2017-01-27T10:00:00+08:00,287.0,96.0,0.8,18.9,0.73,983.4,-99.0,0.0,-9.9,-99,-999,新北市,06,平溪區,029
25.0044,121.7346,火燒寮,C0A650,2017-01-27T11:00:00+08:00,287.0,32.0,2.1,19.0,0.63,982.1,-99.0,0.0,-9.9,-99,-999,新北市,06,平溪區,029
25.0044,121.7346,火燒寮,C0A650,2017-01-27T12:00:00+08:00,287.0,40.0,2.2,20.6,0.57,981.0,-99.0,0.0,-9.9,-99,-999,新北市,06,平溪區,029
25.0044,121.7346,火燒寮,C0A650,2017-01-27T13:00:00+08:00,287.0,47.0,3.2,18.8,0.73,980.0,-99.0,0.0,-9.9,-99,-999,新北市,06,平溪區,029
25.0044,121.7346,火燒寮,C0A650,2017-01-27T14:00:00+08:00,287.0,60.0,1.5,18.8,0.77,979.6,-99.0,0.0,-9.9,-99,-999,新北市,06,平溪區,029
25.0044,121.7346,火燒寮,C0A650,2017-01-27T15:00:00+08:00,287.0,36.0,0.9,17.3,0.84,980.8,-99.0,0.0,-9.9,-99,-999,新北市,06,平溪區,029
25.0044,121.7346,火燒寮,C0A650,2017-01-27T16:00:00+08:00,287.0,36.0,0.3,16.5,0.85,982.3,-99.0,0.0,-9.9,-99,-999,新北市,06,平溪區,029
25.0044,121.7346,火燒寮,C0A650,2017-01-27T17:00:00+08:00,287.0,60.0,0.9,15.7,0.88,983.7,-99.0,0.0,-9.9,-99,-999,新北市,06,平溪區,029
25.0044,121.7346,火燒寮,C0A650,2017-01-27T18:00:00+08:00,287.0,0.0,0.0,15.2,0.90,984.9,-99.0,0.0,-9.9,-99,-999,新北市,06,平溪區,029
25.0044,121.7346,火燒寮,C0A650,2017-01-27T19:00:00+08:00,287.0,56.0,0.9,15.1,0.91,985.5,-99.0,0.0,-9.9,-99,-999,新北市,06,平溪區,029
25.0044,121.7346,火燒寮,C0A650,2017-01-27T20:00:00+08:00,287.0,61.0,0.6,14.7,0.94,986.0,-99.0,-97.0,-9.9,-99,-999,新北市,06,平溪區,029
25.0044,121.7346,火燒寮,C0A650,2017-01-27T21:00:00+08:00,287.0,0.0,0.0,14.6,0.96,985.9,-99.0,0.0,-9.9,-99,-999,新北市,06,平溪區,029
25.0044,121.7346,火燒寮,C0A650,2017-01-27T22:00:00+08:00,287.0,0.0,0.0,14.7,0.97,985.9,-99.0,0.0,-9.9,-99,-999,新北市,06,平溪區,029
25.0044,121.7346,火燒寮,C0A650,2017-01-27T23:00:00+08:00,287.0,0.0,0.0,14.7,0.97,985.2,-99.0,0.5,-9.9,-99,-999,新北市,06,平溪區,029
25.0044,121.7346,火燒寮,C0A650,2017-01-28T00:00:00+08:00,287.0,0.0,0.2,14.7,0.98,984.8,-99.0,3.5,-9.9,-99,-999,新北市,06,平溪區,029
25.0044,121.7346,火燒寮,C0A650,2017-01-28T01:00:00+08:00,287.0,0.0,0.0,14.8,0.98,984.4,-99.0,4.0,-9.9,-99,-999,新北市,06,平溪區,029
25.0044,121.7346,火燒寮,C0A650,2017-01-28T02:00:00+08:00,287.0,0.0,0.0,14.9,0.98,983.9,-99.0,4.5,-9.9,-99,-999,新北市,06,平溪區,029
25.0044,121.7346,火燒寮,C0A650,2017-01-28T03:00:00+08:00,287.0,0.0,0.0,14.8,0.98,983.3,-99.0,4.5,-9.9,-99,-999,新北市,06,平溪區,029
25.0044,121.7346,火燒寮,C0A650,2017-01-28T04:00:00+08:00,287.0,0.0,0.0,14.5,0.99,982.6,-99.0,4.5,-9.9,-99,-999,新北市,06,平溪區,029
25.0044,121.7346,火燒寮,C0A650,2017-01-28T05:00:00+08:00,287.0,0.0,0.0,14.2,0.99,982.5,-99.0,4.5,-9.9,-99,-999,新北市,06,平溪區,029
25.0044,121.7346,火燒寮,C0A650,2017-01-28T06:00:00+08:00,287.0,0.0,0.0,13.4,0.99,982.8,-99.0,4.5,-9.9,-99,-999,新北市,06,平溪區,029
25.0044,121.7346,火燒寮,C0A650,2017-01-28T07:00:00+08:00,287.0,63.0,0.4,13.4,0.99,983.2,-99.0,4.5,-9.9,-99,-999,新北市,06,平溪區,029
25.0044,121.7346,火燒寮,C0A650,2017-01-28T08:00:00+08:00,287.0,0.0,0.0,13.5,0.99,983.5,-99.0,4.5,-9.9,-99,-999,新北市,06,平溪區,029
25.0044,121.7346,火燒寮,C0A650,2017-01-28T09:00:00+08:00,287.0,245.0,1.2,15.0,0.99,983.3,-99.0,4.5,-9.9,-99,-999,新北市,06,平溪區,029
25.0044,121.7346,火燒寮,C0A650,2017-01-28T10:00:00+08:00,287.0,41.0,0.5,17.7,0.96,982.0,-99.0,4.5,-9.9,-99,-999,新北市,06,平溪區,029
25.0044,121.7346,火燒寮,C0A650,2017-01-28T11:00:00+08:00,287.0,206.0,1.8,21.6,0.67,978.2,-99.0,4.5,-9.9,-99,-999,新北市,06,平溪區,029
25.0044,121.7346,火燒寮,C0A650,2017-01-28T12:00:00+08:00,287.0,360.0,0.6,22.5,0.62,975.1,-99.0,4.5,-9.9,-99,-999,新北市,06,平溪區,029
25.0044,121.7346,火燒寮,C0A650,2017-01-28T13:00:00+08:00,287.0,75.0,0.8,22.6,0.59,976.2,-99.0,4.5,-9.9,-99,-999,新北市,06,平溪區,029
25.0044,121.7346,火燒寮,C0A650,2017-01-28T14:00:00+08:00,287.0,9.0,1.0,23.2,0.61,973.4,-99.0,4.5,-9.9,-99,-999,新北市,06,平溪區,029
25.0044,121.7346,火燒寮,C0A650,2017-01-28T15:00:00+08:00,287.0,39.0,1.9,21.6,0.66,972.8,-99.0,4.5,-9.9,-99,-999,新北市,06,平溪區,029
25.0044,121.7346,火燒寮,C0A650,2017-01-28T16:00:00+08:00,287.0,49.0,0.5,21.9,0.66,972.4,-99.0,4.5,-9.9,-99,-999,新北市,06,平溪區,029
25.0044,121.7346,火燒寮,C0A650,2017-01-28T17:00:00+08:00,287.0,71.0,0.6,20.1,0.72,975.1,-99.0,4.5,-9.9,-99,-999,新北市,06,平溪區,029
25.0044,121.7346,火燒寮,C0A650,2017-01-28T18:00:00+08:00,287.0,0.0,0.1,17.6,0.84,978.1,-99.0,4.5,-9.9,-99,-999,新北市,06,平溪區,029
25.0044,121.7346,火燒寮,C0A650,2017-01-28T19:00:00+08:00,287.0,76.0,0.4,17.3,0.86,979.4,-99.0,4.5,-9.9,-99,-999,新北市,06,平溪區,029
25.0044,121.7346,火燒寮,C0A650,2017-01-28T20:00:00+08:00,287.0,92.0,0.7,17.3,0.83,980.2,-99.0,4.5,-9.9,-99,-999,新北市,06,平溪區,029
25.0044,121.7346,火燒寮,C0A650,2017-01-28T21:00:00+08:00,287.0,52.0,0.7,17.4,0.83,980.5,-99.0,4.5,-9.9,-99,-999,新北市,06,平溪區,029
25.0044,121.7346,火燒寮,C0A650,2017-01-28T22:00:00+08:00,287.0,13.0,0.4,17.5,0.83,980.4,-99.0,4.5,-9.9,-99,-999,新北市,06,平溪區,029
25.0044,121.7346,火燒寮,C0A650,2017-01-28T23:00:00+08:00,287.0,209.0,0.4,18.3,0.78,979.8,-99.0,4.5,-9.9,-99,-999,新北市,06,平溪區,029
25.0044,121.7346,火燒寮,C0A650,2017-01-29T00:00:00+08:00,287.0,217.0,0.6,18.4,0.71,979.9,-99.0,4.5,-9.9,-99,-999,新北市,06,平溪區,029
25.0044,121.7346,火燒寮,C0A650,2017-01-29T01:00:00+08:00,287.0,46.0,0.4,16.0,0.84,979.8,-99.0,0.0,-9.9,-99,-999,新北市,06,平溪區,029
25.0044,121.7346,火燒寮,C0A650,2017-01-29T02:00:00+08:00,287.0,45.0,0.5,14.0,0.94,979.7,-99.0,0.0,-9.9,-99,-999,新北市,06,平溪區,029
25.0044,121.7346,火燒寮,C0A650,2017-01-29T03:00:00+08:00,287.0,0.0,0.0,13.6,0.96,980.0,-99.0,0.0,-9.9,-99,-999,新北市,06,平溪區,029
25.0044,121.7346,火燒寮,C0A650,2017-01-29T04:00:00+08:00,287.0,0.0,0.0,13.4,0.97,980.0,-99.0,0.0,-9.9,-99,-999,新北市,06,平溪區,029
25.0044,121.7346,火燒寮,C0A650,2017-01-29T05:00:00+08:00,287.0,0.0,0.0,14.0,0.97,980.4,-99.0,0.0,-9.9,-99,-999,新北市,06,平溪區,029
25.0044,121.7346,火燒寮,C0A650,2017-01-29T06:00:00+08:00,287.0,0.0,0.1,14.0,0.98,981.0,-99.0,0.0,-9.9,-99,-999,新北市,06,平溪區,029
25.0044,121.7346,火燒寮,C0A650,2017-01-29T07:00:00+08:00,287.0,0.0,0.0,13.9,0.98,981.3,-99.0,0.0,-9.9,-99,-999,新北市,06,平溪區,029
25.0044,121.7346,火燒寮,C0A650,2017-01-29T08:00:00+08:00,287.0,0.0,0.0,15.5,0.98,981.6,-99.0,0.0,-9.9,-99,-999,新北市,06,平溪區,029
25.0044,121.7346,火燒寮,C0A650,2017-01-29T09:00:00+08:00,287.0,0.0,0.0,19.2,0.90,980.2,-99.0,0.0,-9.9,-99,-999,新北市,06,平溪區,029
25.0044,121.7346,火燒寮,C0A650,2017-01-29T10:00:00+08:00,287.0,34.0,0.7,22.9,0.65,977.4,-99.0,0.0,-9.9,-99,-999,新北市,06,平溪區,029
25.0044,121.7346,火燒寮,C0A650,2017-01-29T11:00:00+08:00,287.0,38.0,0.8,24.2,0.60,974.3,-99.0,0.0,-9.9,-99,-999,新北市,06,平溪區,029
25.0044,121.7346,火燒寮,C0A650,2017-01-29T12:00:00+08:00,287.0,161.0,1.0,24.7,0.59,971.6,-99.0,0.0,-9.9,-99,-999,新北市,06,平溪區,029
25.0044,121.7346,火燒寮,C0A650,2017-01-29T13:00:00+08:00,287.0,205.0,1.1,24.5,0.60,970.0,-99.0,0.0,-9.9,-99,-999,新北市,06,平溪區,029
25.0044,121.7346,火燒寮,C0A650,2017-01-29T14:00:00+08:00,287.0,42.0,1.3,23.3,0.68,971.6,-99.0,0.0,-9.9,-99,-999,新北市,06,平溪區,029
25.0044,121.7346,火燒寮,C0A650,2017-01-29T15:00:00+08:00,287.0,60.0,0.6,23.0,0.72,972.3,-99.0,0.0,-9.9,-99,-999,新北市,06,平溪區,029
25.0044,121.7346,火燒寮,C0A650,2017-01-29T16:00:00+08:00,287.0,0.0,0.2,22.0,0.76,973.2,-99.0,0.0,-9.9,-99,-999,新北市,06,平溪區,029
25.0044,121.7346,火燒寮,C0A650,2017-01-29T17:00:00+08:00,287.0,0.0,0.2,21.2,0.80,974.6,-99.0,0.0,-9.9,-99,-999,新北市,06,平溪區,029
25.0044,121.7346,火燒寮,C0A650,2017-01-29T18:00:00+08:00,287.0,0.0,0.0,20.1,0.86,976.3,-99.0,0.0,-9.9,-99,-999,新北市,06,平溪區,029
25.0044,121.7346,火燒寮,C0A650,2017-01-29T19:00:00+08:00,287.0,0.0,0.0,18.5,0.93,978.4,-99.0,0.0,-9.9,-99,-999,新北市,06,平溪區,029
25.0044,121.7346,火燒寮,C0A650,2017-01-29T20:00:00+08:00,287.0,0.0,0.0,17.2,0.96,979.5,-99.0,0.0,-9.9,-99,-999,新北市,06,平溪區,029
25.0044,121.7346,火燒寮,C0A650,2017-01-29T21:00:00+08:00,287.0,0.0,0.1,16.5,0.97,979.8,-99.0,0.0,-9.9,-99,-999,新北市,06,平溪區,029
25.0044,121.7346,火燒寮,C0A650,2017-01-29T22:00:00+08:00,287.0,0.0,0.0,15.8,0.97,981.0,-99.0,0.0,-9.9,-99,-999,新北市,06,平溪區,029
25.0044,121.7346,火燒寮,C0A650,2017-01-29T23:00:00+08:00,287.0,0.0,0.0,15.1,0.98,980.3,-99.0,0.0,-9.9,-99,-999,新北市,06,平溪區,029
25.0044,121.7346,火燒寮,C0A650,2017-01-30T00:00:00+08:00,287.0,0.0,0.0,14.9,0.98,980.4,-99.0,0.0,-9.9,-99,-999,新北市,06,平溪區,029
25.0044,121.7346,火燒寮,C0A650,2017-01-30T01:00:00+08:00,287.0,0.0,0.0,14.5,0.98,980.6,-99.0,0.0,-9.9,-99,-999,新北市,06,平溪區,029
25.0044,121.7346,火燒寮,C0A650,2017-01-30T02:00:00+08:00,287.0,220.0,0.4,14.5,0.98,980.7,-99.0,0.0,-9.9,-99,-999,新北市,06,平溪區,029
25.0044,121.7346,火燒寮,C0A650,2017-01-30T03:00:00+08:00,287.0,0.0,0.0,15.1,0.98,980.6,-99.0,0.0,-9.9,-99,-999,新北市,06,平溪區,029
25.0044,121.7346,火燒寮,C0A650,2017-01-30T04:00:00+08:00,287.0,0.0,0.0,15.5,0.99,980.5,-99.0,0.0,-9.9,-99,-999,新北市,06,平溪區,029
25.0044,121.7346,火燒寮,C0A650,2017-01-30T05:00:00+08:00,287.0,0.0,0.0,15.4,0.99,981.2,-99.0,0.0,-9.9,-99,-999,新北市,06,平溪區,029
25.0044,121.7346,火燒寮,C0A650,2017-01-30T06:00:00+08:00,287.0,0.0,0.0,15.7,0.99,981.2,-99.0,0.0,-9.9,-99,-999,新北市,06,平溪區,029
25.0044,121.7346,火燒寮,C0A650,2017-01-30T07:00:00+08:00,287.0,0.0,0.0,15.8,0.99,982.2,-99.0,0.0,-9.9,-99,-999,新北市,06,平溪區,029
25.0044,121.7346,火燒寮,C0A650,2017-01-30T08:00:00+08:00,287.0,0.0,0.0,16.5,0.99,983.2,-99.0,0.0,-9.9,-99,-999,新北市,06,平溪區,029
25.0044,121.7346,火燒寮,C0A650,2017-01-30T09:00:00+08:00,287.0,54.0,0.9,16.7,0.98,983.7,-99.0,0.5,-9.9,-99,-999,新北市,06,平溪區,029
25.0044,121.7346,火燒寮,C0A650,2017-01-30T10:00:00+08:00,287.0,47.0,3.6,15.9,0.98,985.0,-99.0,0.5,-9.9,-99,-999,新北市,06,平溪區,029
25.0044,121.7346,火燒寮,C0A650,2017-01-30T11:00:00+08:00,287.0,47.0,4.5,15.0,0.97,984.9,-99.0,1.5,-9.9,-99,-999,新北市,06,平溪區,029
25.0044,121.7346,火燒寮,C0A650,2017-01-30T12:00:00+08:00,287.0,40.0,3.3,14.7,0.96,985.0,-99.0,3.0,-9.9,-99,-999,新北市,06,平溪區,029
25.0044,121.7346,火燒寮,C0A650,2017-01-30T13:00:00+08:00,287.0,49.0,2.6,14.2,0.96,984.0,-99.0,3.0,-9.9,-99,-999,新北市,06,平溪區,029
25.0044,121.7346,火燒寮,C0A650,2017-01-30T14:00:00+08:00,287.0,49.0,4.4,13.8,0.95,984.0,-99.0,4.0,-9.9,-99,-999,新北市,06,平溪區,029
25.0044,121.7346,火燒寮,C0A650,2017-01-30T15:00:00+08:00,287.0,44.0,3.4,13.6,0.96,983.9,-99.0,4.5,-9.9,-99,-999,新北市,06,平溪區,029
25.0044,121.7346,火燒寮,C0A650,2017-01-30T16:00:00+08:00,287.0,45.0,3.7,13.5,0.96,985.0,-99.0,5.5,-9.9,-99,-999,新北市,06,平溪區,029
25.0044,121.7346,火燒寮,C0A650,2017-01-30T17:00:00+08:00,287.0,48.0,3.1,13.2,0.96,986.2,-99.0,7.0,-9.9,-99,-999,新北市,06,平溪區,029
25.0044,121.7346,火燒寮,C0A650,2017-01-30T18:00:00+08:00,287.0,44.0,3.4,12.8,0.96,987.3,-99.0,9.0,-9.9,-99,-999,新北市,06,平溪區,029
25.0044,121.7346,火燒寮,C0A650,2017-01-30T20:00:00+08:00,287.0,44.0,2.8,12.4,0.96,988.7,-99.0,10.0,-9.9,-99,-999,新北市,06,平溪區,029
25.0044,121.7346,火燒寮,C0A650,2017-01-30T21:00:00+08:00,287.0,42.0,3.2,12.1,0.97,988.7,-99.0,13.5,-9.9,-99,-999,新北市,06,平溪區,029
25.0044,121.7346,火燒寮,C0A650,2017-01-30T22:00:00+08:00,287.0,36.0,2.1,12.0,0.97,988.0,-99.0,14.0,-9.9,-99,-999,新北市,06,平溪區,029
25.0044,121.7346,火燒寮,C0A650,2017-01-30T23:00:00+08:00,287.0,40.0,2.1,11.8,0.97,988.0,-99.0,14.0,-9.9,-99,-999,新北市,06,平溪區,029
25.0044,121.7346,火燒寮,C0A650,2017-01-31T00:00:00+08:00,287.0,40.0,2.2,11.7,0.97,987.8,-99.0,15.0,-9.9,-99,-999,新北市,06,平溪區,029
25.0044,121.7346,火燒寮,C0A650,2017-01-31T01:00:00+08:00,287.0,43.0,2.1,11.8,0.97,987.9,-99.0,0.5,-9.9,-99,-999,新北市,06,平溪區,029
25.0044,121.7346,火燒寮,C0A650,2017-01-31T02:00:00+08:00,287.0,45.0,2.2,11.8,0.97,987.0,-99.0,1.0,-9.9,-99,-999,新北市,06,平溪區,029
25.0044,121.7346,火燒寮,C0A650,2017-01-31T03:00:00+08:00,287.0,49.0,2.5,11.8,0.97,986.9,-99.0,1.5,-9.9,-99,-999,新北市,06,平溪區,029
25.0044,121.7346,火燒寮,C0A650,2017-01-31T04:00:00+08:00,287.0,41.0,2.1,11.9,0.97,986.1,-99.0,2.0,-9.9,-99,-999,新北市,06,平溪區,029
25.0044,121.7346,火燒寮,C0A650,2017-01-31T05:00:00+08:00,287.0,50.0,2.1,12.0,0.96,986.3,-99.0,2.0,-9.9,-99,-999,新北市,06,平溪區,029
25.0044,121.7346,火燒寮,C0A650,2017-01-31T06:00:00+08:00,287.0,47.0,2.2,12.1,0.96,986.5,-99.0,2.5,-9.9,-99,-999,新北市,06,平溪區,029
25.0044,121.7346,火燒寮,C0A650,2017-01-31T07:00:00+08:00,287.0,45.0,2.8,12.2,0.96,987.3,-99.0,2.5,-9.9,-99,-999,新北市,06,平溪區,029
