24.9695,121.1771,中壢,C0C520,2017-01-10T11:00:00+08:00,151.0,67.0,3.6,19.7,0.61,1005.9,-99.0,0.0,-9.9,-99,-999,桃園市,08,中壢區,043
24.9695,121.1771,中壢,C0C520,2017-01-10T12:00:00+08:00,151.0,76.0,3.1,20.2,0.61,1004.8,-99.0,0.0,-9.9,-99,-999,桃園市,08,中壢區,043
24.9695,121.1771,中壢,C0C520,2017-01-10T13:00:00+08:00,151.0,58.0,3.3,20.6,0.60,1003.7,-99.0,0.0,-9.9,-99,-999,桃園市,08,中壢區,043
24.9695,121.1771,中壢,C0C520,2017-01-10T14:00:00+08:00,151.0,72.0,3.4,20.6,0.60,1002.9,-99.0,0.0,-9.9,-99,-999,桃園市,08,中壢區,043
24.9695,121.1771,中壢,C0C520,2017-01-10T15:00:00+08:00,151.0,65.0,2.7,20.7,0.60,1002.4,-99.0,0.0,-9.9,-99,-999,桃園市,08,中壢區,043
24.9695,121.1771,中壢,C0C520,2017-01-10T16:00:00+08:00,151.0,46.0,2.1,20.3,0.62,1002.9,-99.0,0.0,-9.9,-99,-999,桃園市,08,中壢區,043
24.9695,121.1771,中壢,C0C520,2017-01-10T17:00:00+08:00,151.0,47.0,2.6,18.7,0.67,1003.5,-99.0,0.0,-9.9,-99,-999,桃園市,08,中壢區,043
24.9695,121.1771,中壢,C0C520,2017-01-10T18:00:00+08:00,151.0,59.0,2.9,17.5,0.70,1004.2,-99.0,0.0,-9.9,-99,-999,桃園市,08,中壢區,043
24.9695,121.1771,中壢,C0C520,2017-01-10T19:00:00+08:00,151.0,55.0,3.3,17.3,0.71,1004.7,-99.0,0.0,-9.9,-99,-999,桃園市,08,中壢區,043
24.9695,121.1771,中壢,C0C520,2017-01-10T20:00:00+08:00,151.0,60.0,2.8,17.2,0.73,1005.1,-99.0,0.0,-9.9,-99,-999,桃園市,08,中壢區,043
24.9695,121.1771,中壢,C0C520,2017-01-10T21:00:00+08:00,151.0,63.0,3.1,17.3,0.75,1005.4,-99.0,0.0,-9.9,-99,-999,桃園市,08,中壢區,043
24.9695,121.1771,中壢,C0C520,2017-01-10T22:00:00+08:00,151.0,59.0,3.5,17.3,0.76,1005.8,-99.0,0.0,-9.9,-99,-999,桃園市,08,中壢區,043
24.9695,121.1771,中壢,C0C520,2017-01-10T23:00:00+08:00,151.0,64.0,3.8,17.2,0.77,1005.3,-99.0,0.0,-9.9,-99,-999,桃園市,08,中壢區,043
24.9695,121.1771,中壢,C0C520,2017-01-11T00:00:00+08:00,151.0,64.0,2.8,17.1,0.78,1005.3,-99.0,0.0,-9.9,-99,-999,桃園市,08,中壢區,043
24.9695,121.1771,中壢,C0C520,2017-01-11T01:00:00+08:00,151.0,70.0,4.8,17.2,0.78,1004.6,-99.0,0.0,-9.9,-99,-999,桃園市,08,中壢區,043
24.9695,121.1771,中壢,C0C520,2017-01-11T02:00:00+08:00,151.0,71.0,4.2,17.5,0.76,1004.0,-99.0,0.0,-9.9,-99,-999,桃園市,08,中壢區,043
24.9695,121.1771,中壢,C0C520,2017-01-11T03:00:00+08:00,151.0,51.0,2.8,17.2,0.78,1004.2,-99.0,0.0,-9.9,-99,-999,桃園市,08,中壢區,043
24.9695,121.1771,中壢,C0C520,2017-01-11T04:00:00+08:00,151.0,49.0,2.9,17.2,0.77,1003.9,-99.0,0.0,-9.9,-99,-999,桃園市,08,中壢區,043
24.9695,121.1771,中壢,C0C520,2017-01-11T05:00:00+08:00,151.0,53.0,2.9,17.2,0.77,1004.4,-99.0,0.0,-9.9,-99,-999,桃園市,08,中壢區,043
24.9695,121.1771,中壢,C0C520,2017-01-11T06:00:00+08:00,151.0,53.0,3.1,17.4,0.78,1004.9,-99.0,0.0,-9.9,-99,-999,桃園市,08,中壢區,043
24.9695,121.1771,中壢,C0C520,2017-01-11T07:00:00+08:00,151.0,59.0,3.9,17.5,0.78,1005.4,-99.0,0.0,-9.9,-99,-999,桃園市,08,中壢區,043
24.9695,121.1771,中壢,C0C520,2017-01-11T08:00:00+08:00,151.0,62.0,4.4,18.3,0.75,1005.6,-99.0,0.0,-9.9,-99,-999,桃園市,08,中壢區,043
24.9695,121.1771,中壢,C0C520,2017-01-11T09:00:00+08:00,151.0,63.0,4.6,19.0,0.73,1005.8,-99.0,0.0,-9.9,-99,-999,桃園市,08,中壢區,043
24.9695,121.1771,中壢,C0C520,2017-01-11T10:00:00+08:00,151.0,69.0,5.2,19.8,0.69,1005.6,-99.0,0.0,-9.9,-99,-999,桃園市,08,中壢區,043
24.9695,121.1771,中壢,C0C520,2017-01-11T11:00:00+08:00,151.0,71.0,6.0,20.6,0.67,1004.5,-99.0,0.0,-9.9,-99,-999,桃園市,08,中壢區,043
24.9695,121.1771,中壢,C0C520,2017-01-11T12:00:00+08:00,151.0,69.0,5.2,21.3,0.65,1003.0,-99.0,0.0,-9.9,-99,-999,桃園市,08,中壢區,043
24.9695,121.1771,中壢,C0C520,2017-01-11T13:00:00+08:00,151.0,50.0,4.3,21.3,0.68,1001.9,-99.0,0.0,-9.9,-99,-999,桃園市,08,中壢區,043
24.9695,121.1771,中壢,C0C520,2017-01-11T14:00:00+08:00,151.0,53.0,3.9,21.6,0.67,1001.5,-99.0,0.0,-9.9,-99,-999,桃園市,08,中壢區,043
24.9695,121.1771,中壢,C0C520,2017-01-11T15:00:00+08:00,151.0,64.0,3.8,21.5,0.68,1001.1,-99.0,0.0,-9.9,-99,-999,桃園市,08,中壢區,043
24.9695,121.1771,中壢,C0C520,2017-01-11T16:00:00+08:00,151.0,48.0,3.7,20.8,0.70,1001.6,-99.0,0.0,-9.9,-99,-999,桃園市,08,中壢區,043
24.9695,121.1771,中壢,C0C520,2017-01-11T17:00:00+08:00,151.0,60.0,3.5,19.7,0.75,1001.7,-99.0,0.0,-9.9,-99,-999,桃園市,08,中壢區,043
24.9695,121.1771,中壢,C0C520,2017-01-11T18:00:00+08:00,151.0,46.0,3.6,19.1,0.77,1002.4,-99.0,0.0,-9.9,-99,-999,桃園市,08,中壢區,043
24.9695,121.1771,中壢,C0C520,2017-01-11T19:00:00+08:00,151.0,62.0,3.3,18.9,0.80,1002.4,-99.0,0.0,-9.9,-99,-999,桃園市,08,中壢區,043
24.9695,121.1771,中壢,C0C520,2017-01-11T20:00:00+08:00,151.0,44.0,2.7,18.9,0.80,1003.0,-99.0,0.0,-9.9,-99,-999,桃園市,08,中壢區,043
24.9695,121.1771,中壢,C0C520,2017-01-11T21:00:00+08:00,151.0,38.0,2.9,18.2,0.83,1003.3,-99.0,0.0,-9.9,-99,-999,桃園市,08,中壢區,043
24.9695,121.1771,中壢,C0C520,2017-01-11T22:00:00+08:00,151.0,28.0,2.5,17.9,0.87,1003.7,-99.0,0.0,-9.9,-99,-999,桃園市,08,中壢區,043
24.9695,121.1771,中壢,C0C520,2017-01-11T23:00:00+08:00,151.0,47.0,2.5,17.7,0.87,1003.8,-99.0,0.0,-9.9,-99,-999,桃園市,08,中壢區,043
24.9695,121.1771,中壢,C0C520,2017-01-12T00:00:00+08:00,151.0,48.0,2.0,17.7,0.88,1003.1,-99.0,0.0,-9.9,-99,-999,桃園市,08,中壢區,043
24.9695,121.1771,中壢,C0C520,2017-01-12T01:00:00+08:00,151.0,36.0,1.4,17.9,0.88,1002.9,-99.0,0.0,-9.9,-99,-999,桃園市,08,中壢區,043
24.9695,121.1771,中壢,C0C520,2017-01-12T02:00:00+08:00,151.0,30.0,1.1,17.7,0.89,1002.7,-99.0,0.0,-9.9,-99,-999,桃園市,08,中壢區,043
24.9695,121.1771,中壢,C0C520,2017-01-12T03:00:00+08:00,151.0,21.0,1.2,17.6,0.89,1001.9,-99.0,0.0,-9.9,-99,-999,桃園市,08,中壢區,043
24.9695,121.1771,中壢,C0C520,2017-01-12T04:00:00+08:00,151.0,20.0,1.9,17.7,0.90,1002.2,-99.0,0.0,-9.9,-99,-999,桃園市,08,中壢區,043
24.9695,121.1771,中壢,C0C520,2017-01-12T05:00:00+08:00,151.0,37.0,1.6,18.0,0.92,1002.3,-99.0,0.0,-9.9,-99,-999,桃園市,08,中壢區,043
24.9695,121.1771,中壢,C0C520,2017-01-12T06:00:00+08:00,151.0,45.0,2.5,17.9,0.93,1002.5,-99.0,0.0,-9.9,-99,-999,桃園市,08,中壢區,043
24.9695,121.1771,中壢,C0C520,2017-01-12T07:00:00+08:00,151.0,56.0,1.9,17.8,0.92,1002.4,-99.0,0.0,-9.9,-99,-999,桃園市,08,中壢區,043
24.9695,121.1771,中壢,C0C520,2017-01-12T08:00:00+08:00,151.0,42.0,0.6,18.0,0.91,1002.3,-99.0,0.0,-9.9,-99,-999,桃園市,08,中壢區,043
24.9695,121.1771,中壢,C0C520,2017-01-12T09:00:00+08:00,151.0,16.0,2.2,18.2,0.91,1002.4,-99.0,0.0,-9.9,-99,-999,桃園市,08,中壢區,043
24.9695,121.1771,中壢,C0C520,2017-01-12T10:00:00+08:00,151.0,38.0,2.1,19.0,0.87,1002.6,-99.0,0.0,-9.9,-99,-999,桃園市,08,中壢區,043
24.9695,121.1771,中壢,C0C520,2017-01-12T11:00:00+08:00,151.0,14.0,2.5,19.4,0.87,1001.7,-99.0,0.0,-9.9,-99,-999,桃園市,08,中壢區,043
24.9695,121.1771,中壢,C0C520,2017-01-12T12:00:00+08:00,151.0,22.0,2.6,19.7,0.87,1000.4,-99.0,0.0,-9.9,-99,-999,桃園市,08,中壢區,043
24.9695,121.1771,中壢,C0C520,2017-01-12T13:00:00+08:00,151.0,18.0,3.2,19.4,0.88,999.8,-99.0,0.0,-9.9,-99,-999,桃園市,08,中壢區,043
24.9695,121.1771,中壢,C0C520,2017-01-12T14:00:00+08:00,151.0,15.0,3.0,19.5,0.86,999.3,-99.0,0.0,-9.9,-99,-999,桃園市,08,中壢區,043
24.9695,121.1771,中壢,C0C520,2017-01-12T15:00:00+08:00,151.0,29.0,2.7,19.2,0.88,998.7,-99.0,0.0,-9.9,-99,-999,桃園市,08,中壢區,043
24.9695,121.1771,中壢,C0C520,2017-01-12T16:00:00+08:00,151.0,27.0,2.8,18.7,0.91,999.3,-99.0,0.0,-9.9,-99,-999,桃園市,08,中壢區,043
24.9695,121.1771,中壢,C0C520,2017-01-12T17:00:00+08:00,151.0,27.0,2.3,18.4,0.92,999.5,-99.0,0.0,-9.9,-99,-999,桃園市,08,中壢區,043
24.9695,121.1771,中壢,C0C520,2017-01-12T18:00:00+08:00,151.0,24.0,2.5,18.2,0.92,999.9,-99.0,0.0,-9.9,-99,-999,桃園市,08,中壢區,043
24.9695,121.1771,中壢,C0C520,2017-01-12T19:00:00+08:00,151.0,27.0,2.9,18.1,0.92,1000.2,-99.0,0.0,-9.9,-99,-999,桃園市,08,中壢區,043
24.9695,121.1771,中壢,C0C520,2017-01-12T20:00:00+08:00,151.0,26.0,2.9,17.9,0.91,1000.7,-99.0,0.0,-9.9,-99,-999,桃園市,08,中壢區,043
24.9695,121.1771,中壢,C0C520,2017-01-12T21:00:00+08:00,151.0,42.0,1.8,17.7,0.92,1001.0,-99.0,0.0,-9.9,-99,-999,桃園市,08,中壢區,043
24.9695,121.1771,中壢,C0C520,2017-01-12T22:00:00+08:00,151.0,33.0,1.9,17.3,0.92,1000.8,-99.0,0.0,-9.9,-99,-999,桃園市,08,中壢區,043
24.9695,121.1771,中壢,C0C520,2017-01-12T23:00:00+08:00,151.0,47.0,1.2,17.0,0.94,1000.3,-99.0,0.0,-9.9,-99,-999,桃園市,08,中壢區,043
24.9695,121.1771,中壢,C0C520,2017-01-13T00:00:00+08:00,151.0,26.0,2.4,16.9,0.93,1000.6,-99.0,0.0,-9.9,-99,-999,桃園市,08,中壢區,043
24.9695,121.1771,中壢,C0C520,2017-01-13T01:00:00+08:00,151.0,39.0,2.8,16.6,0.91,1000.8,-99.0,0.0,-9.9,-99,-999,桃園市,08,中壢區,043
24.9695,121.1771,中壢,C0C520,2017-01-13T02:00:00+08:00,151.0,42.0,3.1,16.4,0.92,1000.8,-99.0,0.0,-9.9,-99,-999,桃園市,08,中壢區,043
24.9695,121.1771,中壢,C0C520,2017-01-13T03:00:00+08:00,151.0,46.0,2.7,15.7,0.95,1001.0,-99.0,0.0,-9.9,-99,-999,桃園市,08,中壢區,043
24.9695,121.1771,中壢,C0C520,2017-01-13T04:00:00+08:00,151.0,43.0,3.0,15.2,0.97,1000.8,-99.0,1.0,-9.9,-99,-999,桃園市,08,中壢區,043
24.9695,121.1771,中壢,C0C520,2017-01-13T05:00:00+08:00,151.0,47.0,3.0,15.1,0.96,1001.1,-99.0,1.5,-9.9,-99,-999,桃園市,08,中壢區,043
24.9695,121.1771,中壢,C0C520,2017-01-13T06:00:00+08:00,151.0,51.0,2.8,14.6,0.96,1001.5,-99.0,2.0,-9.9,-99,-999,桃園市,08,中壢區,043
24.9695,121.1771,中壢,C0C520,2017-01-13T07:00:00+08:00,151.0,45.0,3.6,14.1,0.97,1001.8,-99.0,2.5,-9.9,-99,-999,桃園市,08,中壢區,043
24.9695,121.1771,中壢,C0C520,2017-01-13T08:00:00+08:00,151.0,47.0,3.7,13.7,0.95,1002.8,-99.0,3.0,-9.9,-99,-999,桃園市,08,中壢區,043
24.9695,121.1771,中壢,C0C520,2017-01-13T09:00:00+08:00,151.0,53.0,3.8,13.6,0.95,1003.3,-99.0,3.5,-9.9,-99,-999,桃園市,08,中壢區,043
24.9695,121.1771,中壢,C0C520,2017-01-13T10:00:00+08:00,151.0,47.0,4.2,13.5,0.96,1003.6,-99.0,4.0,-9.9,-99,-999,桃園市,08,中壢區,043
24.9695,121.1771,中壢,C0C520,2017-01-13T11:00:00+08:00,151.0,46.0,3.3,13.5,0.97,1003.0,-99.0,6.0,-9.9,-99,-999,桃園市,08,中壢區,043
24.9695,121.1771,中壢,C0C520,2017-01-13T12:00:00+08:00,151.0,42.0,3.2,13.6,0.97,1001.9,-99.0,7.5,-9.9,-99,-999,桃園市,08,中壢區,043
24.9695,121.1771,中壢,C0C520,2017-01-13T13:00:00+08:00,151.0,45.0,2.6,14.1,0.97,1001.2,-99.0,8.5,-9.9,-99,-999,桃園市,08,中壢區,043
24.9695,121.1771,中壢,C0C520,2017-01-13T14:00:00+08:00,151.0,44.0,3.0,13.8,0.97,1000.9,-99.0,9.0,-9.9,-99,-999,桃園市,08,中壢區,043
24.9695,121.1771,中壢,C0C520,2017-01-13T15:00:00+08:00,151.0,42.0,3.4,13.7,0.97,1001.3,-99.0,10.5,-9.9,-99,-999,桃園市,08,中壢區,043
24.9695,121.1771,中壢,C0C520,2017-01-13T16:00:00+08:00,151.0,47.0,3.3,13.3,0.97,1001.6,-99.0,11.5,-9.9,-99,-999,桃園市,08,中壢區,043
24.9695,121.1771,中壢,C0C520,2017-01-13T17:00:00+08:00,151.0,46.0,3.3,13.1,0.97,1002.0,-99.0,13.0,-9.9,-99,-999,桃園市,08,中壢區,043
24.9695,121.1771,中壢,C0C520,2017-01-13T18:00:00+08:00,151.0,50.0,2.8,13.2,0.97,1002.5,-99.0,14.0,-9.9,-99,-999,桃園市,08,中壢區,043
24.9695,121.1771,中壢,C0C520,2017-01-13T19:00:00+08:00,151.0,51.0,3.6,12.9,0.96,1002.7,-99.0,14.0,-9.9,-99,-999,桃園市,08,中壢區,043
24.9695,121.1771,中壢,C0C520,2017-01-13T20:00:00+08:00,151.0,43.0,2.4,13.0,0.97,1003.1,-99.0,14.5,-9.9,-99,-999,桃園市,08,中壢區,043
24.9695,121.1771,中壢,C0C520,2017-01-13T21:00:00+08:00,151.0,47.0,2.5,12.9,0.98,1003.1,-99.0,16.0,-9.9,-99,-999,桃園市,08,中壢區,043
24.9695,121.1771,中壢,C0C520,2017-01-13T22:00:00+08:00,151.0,49.0,2.8,13.0,0.98,1003.6,-99.0,17.0,-9.9,-99,-999,桃園市,08,中壢區,043
24.9695,121.1771,中壢,C0C520,2017-01-13T23:00:00+08:00,151.0,53.0,3.8,12.9,0.98,1003.5,-99.0,17.5,-9.9,-99,-999,桃園市,08,中壢區,043
24.9695,121.1771,中壢,C0C520,2017-01-14T00:00:00+08:00,151.0,49.0,2.9,12.7,0.97,1003.3,-99.0,18.0,-9.9,-99,-999,桃園市,08,中壢區,043
24.9695,121.1771,中壢,C0C520,2017-01-14T01:00:00+08:00,151.0,60.0,2.4,12.5,0.96,1003.2,-99.0,1.5,-9.9,-99,-999,桃園市,08,中壢區,043
24.9695,121.1771,中壢,C0C520,2017-01-14T02:00:00+08:00,151.0,46.0,2.3,12.5,0.97,1003.3,-99.0,4.0,-9.9,-99,-999,桃園市,08,中壢區,043
24.9695,121.1771,中壢,C0C520,2017-01-14T03:00:00+08:00,151.0,54.0,3.5,11.8,0.95,1003.2,-99.0,6.0,-9.9,-99,-999,桃園市,08,中壢區,043
24.9695,121.1771,中壢,C0C520,2017-01-14T04:00:00+08:00,151.0,50.0,3.8,11.6,0.95,1003.7,-99.0,7.5,-9.9,-99,-999,桃園市,08,中壢區,043
24.9695,121.1771,中壢,C0C520,2017-01-14T05:00:00+08:00,151.0,50.0,3.4,11.4,0.95,1004.3,-99.0,9.0,-9.9,-99,-999,桃園市,08,中壢區,043
24.9695,121.1771,中壢,C0C520,2017-01-14T06:00:00+08:00,151.0,45.0,3.0,11.3,0.95,1004.7,-99.0,10.0,-9.9,-99,-999,桃園市,08,中壢區,043
24.9695,121.1771,中壢,C0C520,2017-01-14T07:00:00+08:00,151.0,50.0,2.7,11.1,0.97,1005.3,-99.0,13.5,-9.9,-99,-999,桃園市,08,中壢區,043
24.9695,121.1771,中壢,C0C520,2017-01-14T08:00:00+08:00,151.0,47.0,3.3,11.0,0.96,1005.9,-99.0,14.5,-9.9,-99,-999,桃園市,08,中壢區,043
24.9695,121.1771,中壢,C0C520,2017-01-14T10:00:00+08:00,151.0,72.0,3.4,11.9,0.96,1006.6,-99.0,16.0,-9.9,-99,-999,桃園市,08,中壢區,043
24.9695,121.1771,中壢,C0C520,2017-01-14T11:00:00+08:00,151.0,73.0,4.4,13.2,0.90,1006.0,-99.0,16.0,-9.9,-99,-999,桃園市,08,中壢區,043
24.9695,121.1771,中壢,C0C520,2017-01-14T12:00:00+08:00,151.0,72.0,4.4,13.6,0.85,1005.0,-99.0,16.0,-9.9,-99,-999,桃園市,08,中壢區,043
24.9695,121.1771,中壢,C0C520,2017-01-14T13:00:00+08:00,151.0,71.0,4.4,14.1,0.82,1004.0,-99.0,16.0,-9.9,-99,-999,桃園市,08,中壢區,043
24.9695,121.1771,中壢,C0C520,2017-01-14T14:00:00+08:00,151.0,68.0,4.0,14.3,0.81,1003.8,-99.0,16.0,-9.9,-99,-999,桃園市,08,中壢區,043
24.9695,121.1771,中壢,C0C520,2017-01-14T15:00:00+08:00,151.0,73.0,4.8,14.3,0.79,1003.7,-99.0,16.0,-9.9,-99,-999,桃園市,08,中壢區,043
24.9695,121.1771,中壢,C0C520,2017-01-14T16:00:00+08:00,151.0,65.0,4.2,14.6,0.74,1003.9,-99.0,16.0,-9.9,-99,-999,桃園市,08,中壢區,043
24.9695,121.1771,中壢,C0C520,2017-01-14T17:00:00+08:00,151.0,65.0,4.4,14.6,0.73,1004.1,-99.0,16.0,-9.9,-99,-999,桃園市,08,中壢區,043
24.9695,121.1771,中壢,C0C520,2017-01-14T18:00:00+08:00,151.0,71.0,5.1,14.1,0.73,1004.7,-99.0,16.0,-9.9,-99,-999,桃園市,08,中壢區,043
24.9695,121.1771,中壢,C0C520,2017-01-14T19:00:00+08:00,151.0,59.0,4.0,14.1,0.72,1005.3,-99.0,16.0,-9.9,-99,-999,桃園市,08,中壢區,043
24.9695,121.1771,中壢,C0C520,2017-01-14T20:00:00+08:00,151.0,74.0,4.4,14.2,0.76,1006.3,-99.0,16.0,-9.9,-99,-999,桃園市,08,中壢區,043
24.9695,121.1771,中壢,C0C520,2017-01-14T21:00:00+08:00,151.0,72.0,5.0,13.5,0.82,1006.7,-99.0,16.0,-9.9,-99,-999,桃園市,08,中壢區,043
24.9695,121.1771,中壢,C0C520,2017-01-14T22:00:00+08:00,151.0,69.0,3.6,13.2,0.84,1006.5,-99.0,16.0,-9.9,-99,-999,桃園市,08,中壢區,043
24.9695,121.1771,中壢,C0C520,2017-01-14T23:00:00+08:00,151.0,71.0,4.8,12.9,0.86,1006.4,-99.0,16.0,-9.9,-99,-999,桃園市,08,中壢區,043
24.9695,121.1771,中壢,C0C520,2017-01-15T00:00:00+08:00,151.0,72.0,4.3,12.4,0.90,1006.3,-99.0,16.5,-9.9,-99,-999,桃園市,08,中壢區,043
24.9695,121.1771,中壢,C0C520,2017-01-15T01:00:00+08:00,151.0,62.0,3.4,12.7,0.87,1006.4,-99.0,0.0,-9.9,-99,-999,桃園市,08,中壢區,043
24.9695,121.1771,中壢,C0C520,2017-01-15T02:00:00+08:00,151.0,61.0,3.9,13.2,0.80,1006.5,-99.0,0.0,-9.9,-99,-999,桃園市,08,中壢區,043
24.9695,121.1771,中壢,C0C520,2017-01-15T03:00:00+08:00,151.0,74.0,3.5,13.3,0.80,1006.2,-99.0,0.0,-9.9,-99,-999,桃園市,08,中壢區,043
24.9695,121.1771,中壢,C0C520,2017-01-15T04:00:00+08:00,151.0,69.0,4.3,13.3,0.78,1006.2,-99.0,0.0,-9.9,-99,-999,桃園市,08,中壢區,043
24.9695,121.1771,中壢,C0C520,2017-01-15T05:00:00+08:00,151.0,72.0,5.0,13.1,0.81,1005.8,-99.0,0.0,-9.9,-99,-999,桃園市,08,中壢區,043
24.9695,121.1771,中壢,C0C520,2017-01-15T06:00:00+08:00,151.0,68.0,4.6,12.9,0.83,1006.6,-99.0,0.0,-9.9,-99,-999,桃園市,08,中壢區,043
24.9695,121.1771,中壢,C0C520,2017-01-15T07:00:00+08:00,151.0,69.0,3.7,12.8,0.83,1006.9,-99.0,0.0,-9.9,-99,-999,桃園市,08,中壢區,043
24.9695,121.1771,中壢,C0C520,2017-01-15T08:00:00+08:00,151.0,68.0,4.0,13.4,0.81,1007.4,-99.0,0.0,-9.9,-99,-999,桃園市,08,中壢區,043
24.9695,121.1771,中壢,C0C520,2017-01-15T09:00:00+08:00,151.0,57.0,3.8,13.6,0.81,1008.1,-99.0,0.0,-9.9,-99,-999,桃園市,08,中壢區,043
24.9695,121.1771,中壢,C0C520,2017-01-15T10:00:00+08:00,151.0,66.0,3.6,13.8,0.79,1008.0,-99.0,0.0,-9.9,-99,-999,桃園市,08,中壢區,043
24.9695,121.1771,中壢,C0C520,2017-01-15T11:00:00+08:00,151.0,69.0,3.9,14.2,0.76,1007.4,-99.0,0.0,-9.9,-99,-999,桃園市,08,中壢區,043
24.9695,121.1771,中壢,C0C520,2017-01-15T12:00:00+08:00,151.0,65.0,3.4,14.4,0.77,1006.6,-99.0,0.0,-9.9,-99,-999,桃園市,08,中壢區,043
24.9695,121.1771,中壢,C0C520,2017-01-15T13:00:00+08:00,151.0,70.0,3.5,14.4,0.79,1005.7,-99.0,0.0,-9.9,-99,-999,桃園市,08,中壢區,043
24.9695,121.1771,中壢,C0C520,2017-01-15T14:00:00+08:00,151.0,65.0,3.1,14.4,0.77,1005.4,-99.0,0.0,-9.9,-99,-999,桃園市,08,中壢區,043
24.9695,121.1771,中壢,C0C520,2017-01-15T15:00:00+08:00,151.0,48.0,3.6,13.3,0.84,1005.3,-99.0,0.0,-9.9,-99,-999,桃園市,08,中壢區,043
24.9695,121.1771,中壢,C0C520,2017-01-15T16:00:00+08:00,151.0,52.0,3.3,13.1,0.85,1006.0,-99.0,0.0,-9.9,-99,-999,桃園市,08,中壢區,043
24.9695,121.1771,中壢,C0C520,2017-01-15T17:00:00+08:00,151.0,57.0,2.5,12.6,0.90,1005.7,-99.0,0.0,-9.9,-99,-999,桃園市,08,中壢區,043
24.9695,121.1771,中壢,C0C520,2017-01-15T18:00:00+08:00,151.0,69.0,2.9,13.3,0.84,1006.0,-99.0,0.0,-9.9,-99,-999,桃園市,08,中壢區,043
24.9695,121.1771,中壢,C0C520,2017-01-15T19:00:00+08:00,151.0,64.0,3.6,13.3,0.84,1006.5,-99.0,0.0,-9.9,-99,-999,桃園市,08,中壢區,043
24.9695,121.1771,中壢,C0C520,2017-01-15T20:00:00+08:00,151.0,58.0,2.8,13.3,0.85,1006.7,-99.0,0.0,-9.9,-99,-999,桃園市,08,中壢區,043
24.9695,121.1771,中壢,C0C520,2017-01-15T21:00:00+08:00,151.0,59.0,2.8,13.3,0.85,1007.0,-99.0,0.0,-9.9,-99,-999,桃園市,08,中壢區,043
24.9695,121.1771,中壢,C0C520,2017-01-15T22:00:00+08:00,151.0,71.0,3.2,13.2,0.86,1006.8,-99.0,0.0,-9.9,-99,-999,桃園市,08,中壢區,043
24.9695,121.1771,中壢,C0C520,2017-01-15T23:00:00+08:00,151.0,65.0,4.4,13.2,0.88,1006.0,-99.0,0.0,-9.9,-99,-999,桃園市,08,中壢區,043
24.9695,121.1771,中壢,C0C520,2017-01-16T00:00:00+08:00,151.0,37.0,1.9,13.0,0.90,1006.7,-99.0,0.0,-9.9,-99,-999,桃園市,08,中壢區,043
24.9695,121.1771,中壢,C0C520,2017-01-16T01:00:00+08:00,151.0,14.0,1.7,12.9,0.90,1007.0,-99.0,0.0,-9.9,-99,-999,桃園市,08,中壢區,043
24.9695,121.1771,中壢,C0C520,2017-01-16T02:00:00+08:00,151.0,44.0,2.7,12.9,0.90,1006.5,-99.0,0.0,-9.9,-99,-999,桃園市,08,中壢區,043
24.9695,121.1771,中壢,C0C520,2017-01-16T03:00:00+08:00,151.0,45.0,2.5,12.8,0.90,1006.6,-99.0,0.0,-9.9,-99,-999,桃園市,08,中壢區,043
24.9695,121.1771,中壢,C0C520,2017-01-16T04:00:00+08:00,151.0,51.0,2.5,12.9,0.88,1006.8,-99.0,0.0,-9.9,-99,-999,桃園市,08,中壢區,043
24.9695,121.1771,中壢,C0C520,2017-01-16T05:00:00+08:00,151.0,53.0,2.9,12.8,0.86,1007.1,-99.0,0.0,-9.9,-99,-999,桃園市,08,中壢區,043
24.9695,121.1771,中壢,C0C520,2017-01-16T06:00:00+08:00,151.0,60.0,2.2,12.5,0.89,1007.6,-99.0,0.0,-9.9,-99,-999,桃園市,08,中壢區,043
24.9695,121.1771,中壢,C0C520,2017-01-16T07:00:00+08:00,151.0,64.0,2.3,12.8,0.87,1007.8,-99.0,0.0,-9.9,-99,-999,桃園市,08,中壢區,043
24.9695,121.1771,中壢,C0C520,2017-01-16T08:00:00+08:00,151.0,75.0,3.7,13.2,0.84,1007.8,-99.0,0.0,-9.9,-99,-999,桃園市,08,中壢區,043
24.9695,121.1771,中壢,C0C520,2017-01-16T10:00:00+08:00,151.0,66.0,4.7,15.1,0.76,1008.0,-99.0,0.0,-9.9,-99,-999,桃園市,08,中壢區,043
24.9695,121.1771,中壢,C0C520,2017-01-16T11:00:00+08:00,151.0,65.0,4.5,16.1,0.71,1007.6,-99.0,0.0,-9.9,-99,-999,桃園市,08,中壢區,043
24.9695,121.1771,中壢,C0C520,2017-01-16T12:00:00+08:00,151.0,61.0,4.5,16.0,0.71,1006.7,-99.0,0.0,-9.9,-99,-999,桃園市,08,中壢區,043
24.9695,121.1771,中壢,C0C520,2017-01-16T13:00:00+08:00,151.0,70.0,5.0,16.0,0.71,1005.7,-99.0,0.0,-9.9,-99,-999,桃園市,08,中壢區,043
24.9695,121.1771,中壢,C0C520,2017-01-16T14:00:00+08:00,151.0,68.0,5.2,15.5,0.74,1005.2,-99.0,0.0,-9.9,-99,-999,桃園市,08,中壢區,043
24.9695,121.1771,中壢,C0C520,2017-01-16T15:00:00+08:00,151.0,71.0,5.0,15.4,0.75,1005.0,-99.0,0.0,-9.9,-99,-999,桃園市,08,中壢區,043
24.9695,121.1771,中壢,C0C520,2017-01-16T16:00:00+08:00,151.0,68.0,5.0,15.2,0.74,1004.9,-99.0,0.0,-9.9,-99,-999,桃園市,08,中壢區,043
24.9695,121.1771,中壢,C0C520,2017-01-16T17:00:00+08:00,151.0,68.0,5.4,14.9,0.75,1005.4,-99.0,0.0,-9.9,-99,-999,桃園市,08,中壢區,043
24.9695,121.1771,中壢,C0C520,2017-01-16T18:00:00+08:00,151.0,61.0,3.9,14.8,0.76,1006.0,-99.0,0.0,-9.9,-99,-999,桃園市,08,中壢區,043
24.9695,121.1771,中壢,C0C520,2017-01-16T19:00:00+08:00,151.0,70.0,5.0,14.8,0.75,1006.2,-99.0,0.0,-9.9,-99,-999,桃園市,08,中壢區,043
24.9695,121.1771,中壢,C0C520,2017-01-16T20:00:00+08:00,151.0,68.0,4.0,14.9,0.74,1006.5,-99.0,0.0,-9.9,-99,-999,桃園市,08,中壢區,043
24.9695,121.1771,中壢,C0C520,2017-01-16T21:00:00+08:00,151.0,69.0,4.5,15.0,0.76,1006.6,-99.0,0.0,-9.9,-99,-999,桃園市,08,中壢區,043
24.9695,121.1771,中壢,C0C520,2017-01-16T22:00:00+08:00,151.0,65.0,4.0,15.2,0.74,1006.7,-99.0,0.0,-9.9,-99,-999,桃園市,08,中壢區,043
24.9695,121.1771,中壢,C0C520,2017-01-16T23:00:00+08:00,151.0,69.0,5.3,15.4,0.73,1006.7,-99.0,0.0,-9.9,-99,-999,桃園市,08,中壢區,043
24.9695,121.1771,中壢,C0C520,2017-01-17T00:00:00+08:00,151.0,60.0,3.7,15.4,0.75,1006.8,-99.0,0.0,-9.9,-99,-999,桃園市,08,中壢區,043
24.9695,121.1771,中壢,C0C520,2017-01-17T01:00:00+08:00,151.0,58.0,3.9,15.3,0.78,1006.7,-99.0,0.0,-9.9,-99,-999,桃園市,08,中壢區,043
24.9695,121.1771,中壢,C0C520,2017-01-17T02:00:00+08:00,151.0,72.0,4.8,15.3,0.79,1005.7,-99.0,0.0,-9.9,-99,-999,桃園市,08,中壢區,043
24.9695,121.1771,中壢,C0C520,2017-01-17T03:00:00+08:00,151.0,56.0,2.7,15.5,0.77,1006.5,-99.0,0.0,-9.9,-99,-999,桃園市,08,中壢區,043
24.9695,121.1771,中壢,C0C520,2017-01-17T04:00:00+08:00,151.0,75.0,2.8,15.4,0.78,1006.5,-99.0,0.0,-9.9,-99,-999,桃園市,08,中壢區,043
24.9695,121.1771,中壢,C0C520,2017-01-17T05:00:00+08:00,151.0,43.0,1.9,15.3,0.81,1007.0,-99.0,0.0,-9.9,-99,-999,桃園市,08,中壢區,043
24.9695,121.1771,中壢,C0C520,2017-01-17T06:00:00+08:00,151.0,59.0,1.5,15.0,0.81,1007.0,-99.0,0.0,-9.9,-99,-999,桃園市,08,中壢區,043
24.9695,121.1771,中壢,C0C520,2017-01-17T07:00:00+08:00,151.0,51.0,1.8,15.6,0.81,1007.8,-99.0,0.0,-9.9,-99,-999,桃園市,08,中壢區,043
24.9695,121.1771,中壢,C0C520,2017-01-17T08:00:00+08:00,151.0,55.0,2.0,16.4,0.78,1007.8,-99.0,0.0,-9.9,-99,-999,桃園市,08,中壢區,043
24.9695,121.1771,中壢,C0C520,2017-01-17T09:00:00+08:00,151.0,70.0,2.9,18.0,0.72,1008.2,-99.0,0.0,-9.9,-99,-999,桃園市,08,中壢區,043
24.9695,121.1771,中壢,C0C520,2017-01-17T10:00:00+08:00,151.0,60.0,3.8,19.0,0.68,1007.8,-99.0,0.0,-9.9,-99,-999,桃園市,08,中壢區,043
24.9695,121.1771,中壢,C0C520,2017-01-17T11:00:00+08:00,151.0,72.0,3.9,20.2,0.65,1006.5,-99.0,0.0,-9.9,-99,-999,桃園市,08,中壢區,043
24.9695,121.1771,中壢,C0C520,2017-01-17T12:00:00+08:00,151.0,57.0,2.1,21.6,0.62,1005.4,-99.0,0.0,-9.9,-99,-999,桃園市,08,中壢區,043
24.9695,121.1771,中壢,C0C520,2017-01-17T13:00:00+08:00,151.0,58.0,2.4,22.8,0.58,1004.4,-99.0,0.0,-9.9,-99,-999,桃園市,08,中壢區,043
24.9695,121.1771,中壢,C0C520,2017-01-17T14:00:00+08:00,151.0,13.0,2.8,22.3,0.64,1004.2,-99.0,0.0,-9.9,-99,-999,桃園市,08,中壢區,043
24.9695,121.1771,中壢,C0C520,2017-01-17T15:00:00+08:00,151.0,76.0,3.1,22.4,0.60,1004.0,-99.0,0.0,-9.9,-99,-999,桃園市,08,中壢區,043
24.9695,121.1771,中壢,C0C520,2017-01-17T16:00:00+08:00,151.0,67.0,2.3,21.7,0.65,1004.3,-99.0,0.0,-9.9,-99,-999,桃園市,08,中壢區,043
24.9695,121.1771,中壢,C0C520,2017-01-17T17:00:00+08:00,151.0,52.0,1.8,20.8,0.67,1005.0,-99.0,0.0,-9.9,-99,-999,桃園市,08,中壢區,043
24.9695,121.1771,中壢,C0C520,2017-01-17T18:00:00+08:00,151.0,76.0,1.7,19.9,0.70,1005.3,-99.0,0.0,-9.9,-99,-999,桃園市,08,中壢區,043
24.9695,121.1771,中壢,C0C520,2017-01-17T19:00:00+08:00,151.0,45.0,0.8,19.7,0.72,1005.9,-99.0,0.0,-9.9,-99,-999,桃園市,08,中壢區,043
24.9695,121.1771,中壢,C0C520,2017-01-17T20:00:00+08:00,151.0,0.0,0.0,18.9,0.77,1006.3,-99.0,0.0,-9.9,-99,-999,桃園市,08,中壢區,043
24.9695,121.1771,中壢,C0C520,2017-01-17T21:00:00+08:00,151.0,0.0,0.0,18.5,0.78,1006.6,-99.0,0.0,-9.9,-99,-999,桃園市,08,中壢區,043
24.9695,121.1771,中壢,C0C520,2017-01-17T22:00:00+08:00,151.0,0.0,0.0,17.7,0.86,1007.1,-99.0,0.0,-9.9,-99,-999,桃園市,08,中壢區,043
24.9695,121.1771,中壢,C0C520,2017-01-17T23:00:00+08:00,151.0,214.0,0.4,17.5,0.90,1007.2,-99.0,0.0,-9.9,-99,-999,桃園市,08,中壢區,043
24.9695,121.1771,中壢,C0C520,2017-01-18T00:00:00+08:00,151.0,0.0,0.0,17.3,0.92,1007.1,-99.0,0.0,-9.9,-99,-999,桃園市,08,中壢區,043
24.9695,121.1771,中壢,C0C520,2017-01-18T01:00:00+08:00,151.0,0.0,0.0,17.2,0.90,1007.0,-99.0,0.0,-9.9,-99,-999,桃園市,08,中壢區,043
24.9695,121.1771,中壢,C0C520,2017-01-18T02:00:00+08:00,151.0,220.0,1.4,16.9,0.91,1007.2,-99.0,0.0,-9.9,-99,-999,桃園市,08,中壢區,043
24.9695,121.1771,中壢,C0C520,2017-01-18T03:00:00+08:00,151.0,211.0,1.0,17.0,0.93,1007.6,-99.0,0.0,-9.9,-99,-999,桃園市,08,中壢區,043
24.9695,121.1771,中壢,C0C520,2017-01-18T04:00:00+08:00,151.0,181.0,0.4,17.3,0.93,1007.5,-99.0,0.0,-9.9,-99,-999,桃園市,08,中壢區,043
24.9695,121.1771,中壢,C0C520,2017-01-18T05:00:00+08:00,151.0,209.0,0.5,17.5,0.94,1007.7,-99.0,0.0,-9.9,-99,-999,桃園市,08,中壢區,043
24.9695,121.1771,中壢,C0C520,2017-01-18T06:00:00+08:00,151.0,0.0,0.0,17.5,0.96,1008.1,-99.0,0.0,-9.9,-99,-999,桃園市,08,中壢區,043
24.9695,121.1771,中壢,C0C520,2017-01-18T07:00:00+08:00,151.0,0.0,0.0,17.5,0.97,1008.4,-99.0,0.0,-9.9,-99,-999,桃園市,08,中壢區,043
24.9695,121.1771,中壢,C0C520,2017-01-18T08:00:00+08:00,151.0,4.0,0.6,17.5,0.97,1008.8,-99.0,0.5,-9.9,-99,-999,桃園市,08,中壢區,043
24.9695,121.1771,中壢,C0C520,2017-01-18T10:00:00+08:00,151.0,1.0,2.4,18.0,0.95,1009.1,-99.0,0.5,-9.9,-99,-999,桃園市,08,中壢區,043
24.9695,121.1771,中壢,C0C520,2017-01-18T11:00:00+08:00,151.0,25.0,2.0,18.1,0.95,1008.1,-99.0,0.5,-9.9,-99,-999,桃園市,08,中壢區,043
24.9695,121.1771,中壢,C0C520,2017-01-18T12:00:00+08:00,151.0,17.0,2.9,19.6,0.89,1006.6,-99.0,0.5,-9.9,-99,-999,桃園市,08,中壢區,043
24.9695,121.1771,中壢,C0C520,2017-01-18T13:00:00+08:00,151.0,6.0,2.6,20.3,0.85,1005.8,-99.0,0.5,-9.9,-99,-999,桃園市,08,中壢區,043
24.9695,121.1771,中壢,C0C520,2017-01-18T14:00:00+08:00,151.0,35.0,2.2,20.7,0.81,1005.5,-99.0,0.5,-9.9,-99,-999,桃園市,08,中壢區,043
24.9695,121.1771,中壢,C0C520,2017-01-18T15:00:00+08:00,151.0,356.0,2.9,18.7,0.92,1005.8,-99.0,0.5,-9.9,-99,-999,桃園市,08,中壢區,043
24.9695,121.1771,中壢,C0C520,2017-01-18T16:00:00+08:00,151.0,4.0,2.9,18.0,0.95,1005.9,-99.0,0.5,-9.9,-99,-999,桃園市,08,中壢區,043
24.9695,121.1771,中壢,C0C520,2017-01-18T17:00:00+08:00,151.0,16.0,1.8,17.3,0.97,1006.1,-99.0,0.5,-9.9,-99,-999,桃園市,08,中壢區,043
24.9695,121.1771,中壢,C0C520,2017-01-18T18:00:00+08:00,151.0,15.0,2.4,17.2,0.97,1006.4,-99.0,0.5,-9.9,-99,-999,桃園市,08,中壢區,043
24.9695,121.1771,中壢,C0C520,2017-01-18T19:00:00+08:00,151.0,33.0,1.9,17.3,0.97,1006.7,-99.0,0.5,-9.9,-99,-999,桃園市,08,中壢區,043
24.9695,121.1771,中壢,C0C520,2017-01-18T20:00:00+08:00,151.0,23.0,1.5,17.2,0.97,1006.9,-99.0,0.5,-9.9,-99,-999,桃園市,08,中壢區,043
24.9695,121.1771,中壢,C0C520,2017-01-18T21:00:00+08:00,151.0,43.0,1.2,17.4,0.97,1006.9,-99.0,0.5,-9.9,-99,-999,桃園市,08,中壢區,043
24.9695,121.1771,中壢,C0C520,2017-01-18T22:00:00+08:00,151.0,6.0,1.2,17.4,0.97,1006.8,-99.0,0.5,-9.9,-99,-999,桃園市,08,中壢區,043
24.9695,121.1771,中壢,C0C520,2017-01-18T23:00:00+08:00,151.0,34.0,0.6,17.5,0.97,1006.8,-99.0,0.5,-9.9,-99,-999,桃園市,08,中壢區,043
24.9695,121.1771,中壢,C0C520,2017-01-19T00:00:00+08:00,151.0,0.0,0.0,17.5,0.96,1006.8,-99.0,0.5,-9.9,-99,-999,桃園市,08,中壢區,043
24.9695,121.1771,中壢,C0C520,2017-01-19T01:00:00+08:00,151.0,2.0,1.4,17.4,0.97,1006.9,-99.0,0.0,-9.9,-99,-999,桃園市,08,中壢區,043
24.9695,121.1771,中壢,C0C520,2017-01-19T02:00:00+08:00,151.0,14.0,1.1,17.3,0.97,1006.9,-99.0,0.0,-9.9,-99,-999,桃園市,08,中壢區,043
24.9695,121.1771,中壢,C0C520,2017-01-19T03:00:00+08:00,151.0,0.0,0.2,17.3,0.97,1006.6,-99.0,0.0,-9.9,-99,-999,桃園市,08,中壢區,043
24.9695,121.1771,中壢,C0C520,2017-01-19T04:00:00+08:00,151.0,344.0,1.2,17.3,0.97,1006.5,-99.0,0.0,-9.9,-99,-999,桃園市,08,中壢區,043
24.9695,121.1771,中壢,C0C520,2017-01-19T05:00:00+08:00,151.0,346.0,2.0,16.9,0.98,1006.9,-99.0,0.0,-9.9,-99,-999,桃園市,08,中壢區,043
24.9695,121.1771,中壢,C0C520,2017-01-19T06:00:00+08:00,151.0,351.0,1.8,16.8,0.98,1007.2,-99.0,0.0,-9.9,-99,-999,桃園市,08,中壢區,043
24.9695,121.1771,中壢,C0C520,2017-01-19T07:00:00+08:00,151.0,20.0,2.1,16.6,0.98,1007.5,-99.0,0.0,-9.9,-99,-999,桃園市,08,中壢區,043
24.9695,121.1771,中壢,C0C520,2017-01-19T08:00:00+08:00,151.0,20.0,1.7,16.5,0.98,1008.3,-99.0,0.0,-9.9,-99,-999,桃園市,08,中壢區,043
24.9695,121.1771,中壢,C0C520,2017-01-19T09:00:00+08:00,151.0,12.0,1.6,16.7,0.98,1008.5,-99.0,2.0,-9.9,-99,-999,桃園市,08,中壢區,043
24.9695,121.1771,中壢,C0C520,2017-01-19T10:00:00+08:00,151.0,11.0,1.8,17.0,0.98,1008.4,-99.0,2.0,-9.9,-99,-999,桃園市,08,中壢區,043
24.9695,121.1771,中壢,C0C520,2017-01-19T11:00:00+08:00,151.0,19.0,1.6,17.3,0.95,1007.7,-99.0,2.0,-9.9,-99,-999,桃園市,08,中壢區,043
24.9695,121.1771,中壢,C0C520,2017-01-19T12:00:00+08:00,151.0,48.0,1.2,17.5,0.92,1006.4,-99.0,2.0,-9.9,-99,-999,桃園市,08,中壢區,043
24.9695,121.1771,中壢,C0C520,2017-01-19T13:00:00+08:00,151.0,33.0,1.6,17.5,0.92,1005.1,-99.0,2.0,-9.9,-99,-999,桃園市,08,中壢區,043
24.9695,121.1771,中壢,C0C520,2017-01-19T14:00:00+08:00,151.0,46.0,1.3,18.0,0.88,1004.0,-99.0,2.0,-9.9,-99,-999,桃園市,08,中壢區,043
24.9695,121.1771,中壢,C0C520,2017-01-19T15:00:00+08:00,151.0,11.0,3.2,17.4,0.91,1004.1,-99.0,2.0,-9.9,-99,-999,桃園市,08,中壢區,043
24.9695,121.1771,中壢,C0C520,2017-01-19T16:00:00+08:00,151.0,23.0,2.7,17.3,0.90,1004.4,-99.0,2.0,-9.9,-99,-999,桃園市,08,中壢區,043
24.9695,121.1771,中壢,C0C520,2017-01-19T17:00:00+08:00,151.0,32.0,2.0,17.0,0.92,1004.8,-99.0,2.0,-9.9,-99,-999,桃園市,08,中壢區,043
24.9695,121.1771,中壢,C0C520,2017-01-19T18:00:00+08:00,151.0,30.0,2.2,16.9,0.92,1005.2,-99.0,2.0,-9.9,-99,-999,桃園市,08,中壢區,043
24.9695,121.1771,中壢,C0C520,2017-01-19T19:00:00+08:00,151.0,35.0,1.9,16.8,0.92,1005.6,-99.0,2.0,-9.9,-99,-999,桃園市,08,中壢區,043
24.9695,121.1771,中壢,C0C520,2017-01-19T20:00:00+08:00,151.0,35.0,1.7,16.6,0.92,1006.0,-99.0,2.0,-9.9,-99,-999,桃園市,08,中壢區,043
24.9695,121.1771,中壢,C0C520,2017-01-19T21:00:00+08:00,151.0,39.0,2.2,16.2,0.96,1006.3,-99.0,2.0,-9.9,-99,-999,桃園市,08,中壢區,043
24.9695,121.1771,中壢,C0C520,2017-01-19T22:00:00+08:00,151.0,45.0,2.2,16.1,0.96,1006.4,-99.0,2.0,-9.9,-99,-999,桃園市,08,中壢區,043
24.9695,121.1771,中壢,C0C520,2017-01-19T23:00:00+08:00,151.0,37.0,2.4,16.0,0.96,1006.6,-99.0,2.0,-9.9,-99,-999,桃園市,08,中壢區,043
24.9695,121.1771,中壢,C0C520,2017-01-20T00:00:00+08:00,151.0,30.0,3.7,15.5,0.97,1006.9,-99.0,2.5,-9.9,-99,-999,桃園市,08,中壢區,043
24.9695,121.1771,中壢,C0C520,2017-01-20T01:00:00+08:00,151.0,39.0,3.4,14.8,0.97,1007.2,-99.0,0.0,-9.9,-99,-999,桃園市,08,中壢區,043
24.9695,121.1771,中壢,C0C520,2017-01-20T02:00:00+08:00,151.0,36.0,3.1,14.4,0.97,1007.6,-99.0,0.5,-9.9,-99,-999,桃園市,08,中壢區,043
24.9695,121.1771,中壢,C0C520,2017-01-20T03:00:00+08:00,151.0,45.0,4.0,13.8,0.97,1007.8,-99.0,1.0,-9.9,-99,-999,桃園市,08,中壢區,043
24.9695,121.1771,中壢,C0C520,2017-01-20T04:00:00+08:00,151.0,42.0,3.7,13.1,0.97,1007.9,-99.0,1.5,-9.9,-99,-999,桃園市,08,中壢區,043
24.9695,121.1771,中壢,C0C520,2017-01-20T05:00:00+08:00,151.0,39.0,4.3,12.7,0.96,1008.6,-99.0,2.0,-9.9,-99,-999,桃園市,08,中壢區,043
24.9695,121.1771,中壢,C0C520,2017-01-20T06:00:00+08:00,151.0,39.0,3.7,12.6,0.96,1009.4,-99.0,2.0,-9.9,-99,-999,桃園市,08,中壢區,043
24.9695,121.1771,中壢,C0C520,2017-01-20T07:00:00+08:00,151.0,49.0,3.4,12.5,0.96,1010.0,-99.0,2.5,-9.9,-99,-999,桃園市,08,中壢區,043
24.9695,121.1771,中壢,C0C520,2017-01-20T08:00:00+08:00,151.0,48.0,3.2,12.8,0.92,1010.6,-99.0,2.5,-9.9,-99,-999,桃園市,08,中壢區,043
24.9695,121.1771,中壢,C0C520,2017-01-20T09:00:00+08:00,151.0,45.0,4.4,12.7,0.91,1011.3,-99.0,2.5,-9.9,-99,-999,桃園市,08,中壢區,043
24.9695,121.1771,中壢,C0C520,2017-01-20T10:00:00+08:00,151.0,47.0,4.3,12.6,0.87,1011.5,-99.0,2.5,-9.9,-99,-999,桃園市,08,中壢區,043
24.9695,121.1771,中壢,C0C520,2017-01-20T11:00:00+08:00,151.0,45.0,4.1,12.1,0.89,1011.5,-99.0,2.5,-9.9,-99,-999,桃園市,08,中壢區,043
24.9695,121.1771,中壢,C0C520,2017-01-20T12:00:00+08:00,151.0,47.0,4.7,12.1,0.85,1011.0,-99.0,2.5,-9.9,-99,-999,桃園市,08,中壢區,043
24.9695,121.1771,中壢,C0C520,2017-01-20T13:00:00+08:00,151.0,49.0,4.5,11.3,0.88,1010.2,-99.0,2.5,-9.9,-99,-999,桃園市,08,中壢區,043
24.9695,121.1771,中壢,C0C520,2017-01-20T14:00:00+08:00,151.0,52.0,4.6,11.2,0.82,1009.7,-99.0,2.5,-9.9,-99,-999,桃園市,08,中壢區,043
24.9695,121.1771,中壢,C0C520,2017-01-20T15:00:00+08:00,151.0,53.0,5.1,10.4,0.81,1009.9,-99.0,2.5,-9.9,-99,-999,桃園市,08,中壢區,043
24.9695,121.1771,中壢,C0C520,2017-01-20T16:00:00+08:00,151.0,53.0,4.5,10.6,0.72,1010.4,-99.0,2.5,-9.9,-99,-999,桃園市,08,中壢區,043
24.9695,121.1771,中壢,C0C520,2017-01-20T17:00:00+08:00,151.0,54.0,3.9,10.7,0.69,1010.8,-99.0,2.5,-9.9,-99,-999,桃園市,08,中壢區,043
24.9695,121.1771,中壢,C0C520,2017-01-20T18:00:00+08:00,151.0,54.0,3.6,10.8,0.70,1011.1,-99.0,2.5,-9.9,-99,-999,桃園市,08,中壢區,043
24.9695,121.1771,中壢,C0C520,2017-01-20T19:00:00+08:00,151.0,51.0,2.7,10.8,0.69,1011.6,-99.0,2.5,-9.9,-99,-999,桃園市,08,中壢區,043
24.9695,121.1771,中壢,C0C520,2017-01-20T20:00:00+08:00,151.0,55.0,3.2,11.1,0.69,1011.9,-99.0,2.5,-9.9,-99,-999,桃園市,08,中壢區,043
24.9695,121.1771,中壢,C0C520,2017-01-20T21:00:00+08:00,151.0,63.0,4.1,11.3,0.65,1012.1,-99.0,2.5,-9.9,-99,-999,桃園市,08,中壢區,043
24.9695,121.1771,中壢,C0C520,2017-01-20T22:00:00+08:00,151.0,62.0,2.9,11.2,0.70,1011.8,-99.0,2.5,-9.9,-99,-999,桃園市,08,中壢區,043
24.9695,121.1771,中壢,C0C520,2017-01-20T23:00:00+08:00,151.0,63.0,3.7,11.5,0.67,1011.6,-99.0,2.5,-9.9,-99,-999,桃園市,08,中壢區,043
24.9695,121.1771,中壢,C0C520,2017-01-21T00:00:00+08:00,151.0,60.0,4.1,11.6,0.66,1011.4,-99.0,2.5,-9.9,-99,-999,桃園市,08,中壢區,043
24.9695,121.1771,中壢,C0C520,2017-01-21T01:00:00+08:00,151.0,66.0,4.1,11.4,0.66,1011.2,-99.0,0.0,-9.9,-99,-999,桃園市,08,中壢區,043
24.9695,121.1771,中壢,C0C520,2017-01-21T02:00:00+08:00,151.0,64.0,4.2,11.4,0.66,1011.1,-99.0,0.0,-9.9,-99,-999,桃園市,08,中壢區,043
24.9695,121.1771,中壢,C0C520,2017-01-21T03:00:00+08:00,151.0,68.0,4.1,11.4,0.71,1011.1,-99.0,0.0,-9.9,-99,-999,桃園市,08,中壢區,043
24.9695,121.1771,中壢,C0C520,2017-01-21T04:00:00+08:00,151.0,51.0,2.6,11.1,0.72,1011.0,-99.0,0.0,-9.9,-99,-999,桃園市,08,中壢區,043
24.9695,121.1771,中壢,C0C520,2017-01-21T05:00:00+08:00,151.0,47.0,2.5,11.1,0.73,1011.0,-99.0,0.0,-9.9,-99,-999,桃園市,08,中壢區,043
24.9695,121.1771,中壢,C0C520,2017-01-21T06:00:00+08:00,151.0,49.0,3.0,11.3,0.73,1011.7,-99.0,0.0,-9.9,-99,-999,桃園市,08,中壢區,043
24.9695,121.1771,中壢,C0C520,2017-01-21T07:00:00+08:00,151.0,51.0,3.1,11.7,0.73,1012.1,-99.0,0.0,-9.9,-99,-999,桃園市,08,中壢區,043
24.9695,121.1771,中壢,C0C520,2017-01-21T08:00:00+08:00,151.0,47.0,3.2,12.0,0.74,1012.4,-99.0,0.0,-9.9,-99,-999,桃園市,08,中壢區,043
24.9695,121.1771,中壢,C0C520,2017-01-21T10:00:00+08:00,151.0,46.0,3.3,13.3,0.70,1012.8,-99.0,0.0,-9.9,-99,-999,桃園市,08,中壢區,043
24.9695,121.1771,中壢,C0C520,2017-01-21T11:00:00+08:00,151.0,45.0,3.1,13.5,0.69,1011.9,-99.0,0.0,-9.9,-99,-999,桃園市,08,中壢區,043
24.9695,121.1771,中壢,C0C520,2017-01-21T12:00:00+08:00,151.0,46.0,2.0,14.3,0.68,1011.2,-99.0,0.0,-9.9,-99,-999,桃園市,08,中壢區,043
24.9695,121.1771,中壢,C0C520,2017-01-21T13:00:00+08:00,151.0,51.0,2.6,14.4,0.68,1009.8,-99.0,0.0,-9.9,-99,-999,桃園市,08,中壢區,043
24.9695,121.1771,中壢,C0C520,2017-01-21T14:00:00+08:00,151.0,31.0,3.3,13.7,0.71,1009.8,-99.0,0.0,-9.9,-99,-999,桃園市,08,中壢區,043
24.9695,121.1771,中壢,C0C520,2017-01-21T15:00:00+08:00,151.0,40.0,3.1,13.6,0.80,1009.7,-99.0,0.0,-9.9,-99,-999,桃園市,08,中壢區,043
24.9695,121.1771,中壢,C0C520,2017-01-21T16:00:00+08:00,151.0,39.0,3.2,13.2,0.83,1009.9,-99.0,0.0,-9.9,-99,-999,桃園市,08,中壢區,043
24.9695,121.1771,中壢,C0C520,2017-01-21T17:00:00+08:00,151.0,49.0,2.4,13.1,0.84,1010.2,-99.0,0.0,-9.9,-99,-999,桃園市,08,中壢區,043
24.9695,121.1771,中壢,C0C520,2017-01-21T18:00:00+08:00,151.0,49.0,1.8,12.7,0.87,1010.7,-99.0,0.0,-9.9,-99,-999,桃園市,08,中壢區,043
24.9695,121.1771,中壢,C0C520,2017-01-21T19:00:00+08:00,151.0,72.0,1.2,12.6,0.85,1011.1,-99.0,0.0,-9.9,-99,-999,桃園市,08,中壢區,043
24.9695,121.1771,中壢,C0C520,2017-01-21T20:00:00+08:00,151.0,52.0,1.3,12.3,0.85,1011.5,-99.0,0.0,-9.9,-99,-999,桃園市,08,中壢區,043
24.9695,121.1771,中壢,C0C520,2017-01-21T21:00:00+08:00,151.0,51.0,1.6,12.3,0.84,1011.8,-99.0,0.0,-9.9,-99,-999,桃園市,08,中壢區,043
24.9695,121.1771,中壢,C0C520,2017-01-21T22:00:00+08:00,151.0,59.0,1.3,12.1,0.83,1012.0,-99.0,0.0,-9.9,-99,-999,桃園市,08,中壢區,043
24.9695,121.1771,中壢,C0C520,2017-01-21T23:00:00+08:00,151.0,58.0,1.0,12.1,0.82,1012.2,-99.0,0.0,-9.9,-99,-999,桃園市,08,中壢區,043
24.9695,121.1771,中壢,C0C520,2017-01-22T00:00:00+08:00,151.0,62.0,1.3,12.4,0.81,1012.3,-99.0,0.0,-9.9,-99,-999,桃園市,08,中壢區,043
24.9695,121.1771,中壢,C0C520,2017-01-22T01:00:00+08:00,151.0,70.0,1.9,13.0,0.79,1012.2,-99.0,0.0,-9.9,-99,-999,桃園市,08,中壢區,043
24.9695,121.1771,中壢,C0C520,2017-01-22T02:00:00+08:00,151.0,60.0,1.6,13.3,0.76,1012.2,-99.0,0.0,-9.9,-99,-999,桃園市,08,中壢區,043
24.9695,121.1771,中壢,C0C520,2017-01-22T03:00:00+08:00,151.0,53.0,2.0,13.2,0.73,1012.3,-99.0,0.0,-9.9,-99,-999,桃園市,08,中壢區,043
24.9695,121.1771,中壢,C0C520,2017-01-22T04:00:00+08:00,151.0,56.0,3.2,13.2,0.71,1012.6,-99.0,0.0,-9.9,-99,-999,桃園市,08,中壢區,043
24.9695,121.1771,中壢,C0C520,2017-01-22T05:00:00+08:00,151.0,48.0,3.2,13.1,0.67,1013.2,-99.0,0.0,-9.9,-99,-999,桃園市,08,中壢區,043
24.9695,121.1771,中壢,C0C520,2017-01-22T06:00:00+08:00,151.0,60.0,2.5,13.0,0.62,1013.8,-99.0,0.0,-9.9,-99,-999,桃園市,08,中壢區,043
24.9695,121.1771,中壢,C0C520,2017-01-22T07:00:00+08:00,151.0,62.0,2.8,12.3,0.64,1013.9,-99.0,0.0,-9.9,-99,-999,桃園市,08,中壢區,043
24.9695,121.1771,中壢,C0C520,2017-01-22T08:00:00+08:00,151.0,56.0,2.7,12.8,0.64,1014.1,-99.0,0.0,-9.9,-99,-999,桃園市,08,中壢區,043
24.9695,121.1771,中壢,C0C520,2017-01-22T09:00:00+08:00,151.0,51.0,3.1,13.9,0.60,1014.5,-99.0,0.0,-9.9,-99,-999,桃園市,08,中壢區,043
24.9695,121.1771,中壢,C0C520,2017-01-22T10:00:00+08:00,151.0,41.0,3.8,14.6,0.57,1014.7,-99.0,0.0,-9.9,-99,-999,桃園市,08,中壢區,043
24.9695,121.1771,中壢,C0C520,2017-01-22T11:00:00+08:00,151.0,48.0,3.6,15.5,0.53,1014.0,-99.0,0.0,-9.9,-99,-999,桃園市,08,中壢區,043
24.9695,121.1771,中壢,C0C520,2017-01-22T12:00:00+08:00,151.0,39.0,4.6,15.6,0.56,1012.8,-99.0,0.0,-9.9,-99,-999,桃園市,08,中壢區,043
24.9695,121.1771,中壢,C0C520,2017-01-22T13:00:00+08:00,151.0,50.0,4.4,16.2,0.54,1011.7,-99.0,0.0,-9.9,-99,-999,桃園市,08,中壢區,043
24.9695,121.1771,中壢,C0C520,2017-01-22T14:00:00+08:00,151.0,72.0,4.0,16.5,0.50,1011.2,-99.0,0.0,-9.9,-99,-999,桃園市,08,中壢區,043
24.9695,121.1771,中壢,C0C520,2017-01-22T15:00:00+08:00,151.0,73.0,5.0,15.5,0.53,1010.9,-99.0,0.0,-9.9,-99,-999,桃園市,08,中壢區,043
24.9695,121.1771,中壢,C0C520,2017-01-22T16:00:00+08:00,151.0,64.0,4.8,14.2,0.57,1011.0,-99.0,0.0,-9.9,-99,-999,桃園市,08,中壢區,043
24.9695,121.1771,中壢,C0C520,2017-01-22T17:00:00+08:00,151.0,64.0,5.4,12.9,0.59,1011.5,-99.0,0.0,-9.9,-99,-999,桃園市,08,中壢區,043
24.9695,121.1771,中壢,C0C520,2017-01-22T18:00:00+08:00,151.0,64.0,5.2,12.4,0.64,1011.8,-99.0,0.0,-9.9,-99,-999,桃園市,08,中壢區,043
24.9695,121.1771,中壢,C0C520,2017-01-22T19:00:00+08:00,151.0,63.0,4.9,12.4,0.64,1012.3,-99.0,0.0,-9.9,-99,-999,桃園市,08,中壢區,043
24.9695,121.1771,中壢,C0C520,2017-01-22T20:00:00+08:00,151.0,54.0,5.5,12.5,0.66,1012.7,-99.0,0.0,-9.9,-99,-999,桃園市,08,中壢區,043
24.9695,121.1771,中壢,C0C520,2017-01-22T21:00:00+08:00,151.0,65.0,5.2,12.6,0.63,1012.6,-99.0,0.0,-9.9,-99,-999,桃園市,08,中壢區,043
24.9695,121.1771,中壢,C0C520,2017-01-22T22:00:00+08:00,151.0,61.0,4.5,12.5,0.62,1012.5,-99.0,0.0,-9.9,-99,-999,桃園市,08,中壢區,043
24.9695,121.1771,中壢,C0C520,2017-01-22T23:00:00+08:00,151.0,64.0,4.6,12.4,0.60,1011.9,-99.0,0.0,-9.9,-99,-999,桃園市,08,中壢區,043
24.9695,121.1771,中壢,C0C520,2017-01-23T00:00:00+08:00,151.0,63.0,4.7,12.3,0.63,1011.6,-99.0,0.0,-9.9,-99,-999,桃園市,08,中壢區,043
24.9695,121.1771,中壢,C0C520,2017-01-23T01:00:00+08:00,151.0,70.0,4.3,12.5,0.65,1011.5,-99.0,0.0,-9.9,-99,-999,桃園市,08,中壢區,043
24.9695,121.1771,中壢,C0C520,2017-01-23T02:00:00+08:00,151.0,65.0,4.3,12.6,0.64,1011.6,-99.0,0.0,-9.9,-99,-999,桃園市,08,中壢區,043
24.9695,121.1771,中壢,C0C520,2017-01-23T03:00:00+08:00,151.0,65.0,4.6,12.7,0.66,1011.6,-99.0,0.0,-9.9,-99,-999,桃園市,08,中壢區,043
24.9695,121.1771,中壢,C0C520,2017-01-23T04:00:00+08:00,151.0,68.0,4.4,12.7,0.68,1011.4,-99.0,0.0,-9.9,-99,-999,桃園市,08,中壢區,043
24.9695,121.1771,中壢,C0C520,2017-01-23T05:00:00+08:00,151.0,68.0,3.8,12.9,0.67,1011.6,-99.0,0.0,-9.9,-99,-999,桃園市,08,中壢區,043
24.9695,121.1771,中壢,C0C520,2017-01-23T06:00:00+08:00,151.0,73.0,5.3,13.2,0.64,1012.1,-99.0,0.0,-9.9,-99,-999,桃園市,08,中壢區,043
24.9695,121.1771,中壢,C0C520,2017-01-23T07:00:00+08:00,151.0,68.0,3.7,13.3,0.64,1012.8,-99.0,0.0,-9.9,-99,-999,桃園市,08,中壢區,043
24.9695,121.1771,中壢,C0C520,2017-01-23T08:00:00+08:00,151.0,67.0,5.7,13.8,0.63,1013.0,-99.0,0.0,-9.9,-99,-999,桃園市,08,中壢區,043
24.9695,121.1771,中壢,C0C520,2017-01-23T09:00:00+08:00,151.0,75.0,5.6,14.2,0.61,1013.4,-99.0,0.0,-9.9,-99,-999,桃園市,08,中壢區,043
24.9695,121.1771,中壢,C0C520,2017-01-23T10:00:00+08:00,151.0,69.0,7.2,14.7,0.58,1013.3,-99.0,0.0,-9.9,-99,-999,桃園市,08,中壢區,043
24.9695,121.1771,中壢,C0C520,2017-01-23T11:00:00+08:00,151.0,70.0,6.7,15.2,0.58,1013.0,-99.0,0.0,-9.9,-99,-999,桃園市,08,中壢區,043
24.9695,121.1771,中壢,C0C520,2017-01-23T12:00:00+08:00,151.0,73.0,6.9,15.2,0.59,1012.4,-99.0,0.0,-9.9,-99,-999,桃園市,08,中壢區,043
24.9695,121.1771,中壢,C0C520,2017-01-23T13:00:00+08:00,151.0,72.0,6.4,15.1,0.59,1011.5,-99.0,0.0,-9.9,-99,-999,桃園市,08,中壢區,043
24.9695,121.1771,中壢,C0C520,2017-01-23T14:00:00+08:00,151.0,63.0,5.4,15.2,0.59,1011.1,-99.0,0.0,-9.9,-99,-999,桃園市,08,中壢區,043
24.9695,121.1771,中壢,C0C520,2017-01-23T15:00:00+08:00,151.0,64.0,6.4,14.3,0.62,1011.2,-99.0,0.0,-9.9,-99,-999,桃園市,08,中壢區,043
24.9695,121.1771,中壢,C0C520,2017-01-23T16:00:00+08:00,151.0,69.0,5.1,14.2,0.62,1011.5,-99.0,0.0,-9.9,-99,-999,桃園市,08,中壢區,043
24.9695,121.1771,中壢,C0C520,2017-01-23T17:00:00+08:00,151.0,73.0,5.4,13.7,0.65,1011.8,-99.0,0.0,-9.9,-99,-999,桃園市,08,中壢區,043
24.9695,121.1771,中壢,C0C520,2017-01-23T18:00:00+08:00,151.0,67.0,5.9,13.3,0.65,1012.3,-99.0,0.0,-9.9,-99,-999,桃園市,08,中壢區,043
24.9695,121.1771,中壢,C0C520,2017-01-23T19:00:00+08:00,151.0,73.0,6.3,13.1,0.66,1012.5,-99.0,0.0,-9.9,-99,-999,桃園市,08,中壢區,043
24.9695,121.1771,中壢,C0C520,2017-01-23T20:00:00+08:00,151.0,70.0,6.2,13.0,0.66,1012.5,-99.0,0.0,-9.9,-99,-999,桃園市,08,中壢區,043
24.9695,121.1771,中壢,C0C520,2017-01-23T21:00:00+08:00,151.0,71.0,6.6,12.9,0.68,1012.2,-99.0,0.0,-9.9,-99,-999,桃園市,08,中壢區,043
24.9695,121.1771,中壢,C0C520,2017-01-23T22:00:00+08:00,151.0,68.0,5.3,13.0,0.67,1012.5,-99.0,0.0,-9.9,-99,-999,桃園市,08,中壢區,043
24.9695,121.1771,中壢,C0C520,2017-01-23T23:00:00+08:00,151.0,67.0,5.1,13.1,0.68,1012.4,-99.0,0.0,-9.9,-99,-999,桃園市,08,中壢區,043
24.9695,121.1771,中壢,C0C520,2017-01-24T00:00:00+08:00,151.0,73.0,5.9,13.1,0.69,1012.1,-99.0,0.0,-9.9,-99,-999,桃園市,08,中壢區,043
24.9695,121.1771,中壢,C0C520,2017-01-24T01:00:00+08:00,151.0,68.0,6.1,13.0,0.71,1011.9,-99.0,0.0,-9.9,-99,-999,桃園市,08,中壢區,043
24.9695,121.1771,中壢,C0C520,2017-01-24T02:00:00+08:00,151.0,69.0,5.1,13.1,0.72,1011.8,-99.0,0.0,-9.9,-99,-999,桃園市,08,中壢區,043
24.9695,121.1771,中壢,C0C520,2017-01-24T03:00:00+08:00,151.0,70.0,4.7,13.1,0.72,1011.6,-99.0,0.0,-9.9,-99,-999,桃園市,08,中壢區,043
24.9695,121.1771,中壢,C0C520,2017-01-24T04:00:00+08:00,151.0,64.0,4.8,13.1,0.74,1011.2,-99.0,0.0,-9.9,-99,-999,桃園市,08,中壢區,043
24.9695,121.1771,中壢,C0C520,2017-01-24T05:00:00+08:00,151.0,56.0,4.2,13.0,0.75,1011.3,-99.0,0.0,-9.9,-99,-999,桃園市,08,中壢區,043
24.9695,121.1771,中壢,C0C520,2017-01-24T06:00:00+08:00,151.0,61.0,4.3,13.1,0.73,1011.7,-99.0,0.0,-9.9,-99,-999,桃園市,08,中壢區,043
24.9695,121.1771,中壢,C0C520,2017-01-24T07:00:00+08:00,151.0,61.0,4.1,13.1,0.74,1012.2,-99.0,0.0,-9.9,-99,-999,桃園市,08,中壢區,043
24.9695,121.1771,中壢,C0C520,2017-01-24T08:00:00+08:00,151.0,68.0,3.9,13.6,0.75,1012.4,-99.0,0.0,-9.9,-99,-999,桃園市,08,中壢區,043
24.9695,121.1771,中壢,C0C520,2017-01-24T10:00:00+08:00,151.0,69.0,5.4,14.9,0.73,1012.9,-99.0,0.0,-9.9,-99,-999,桃園市,08,中壢區,043
24.9695,121.1771,中壢,C0C520,2017-01-24T11:00:00+08:00,151.0,65.0,4.4,15.4,0.72,1012.6,-99.0,0.0,-9.9,-99,-999,桃園市,08,中壢區,043
24.9695,121.1771,中壢,C0C520,2017-01-24T12:00:00+08:00,151.0,57.0,4.0,15.5,0.73,1011.9,-99.0,0.0,-9.9,-99,-999,桃園市,08,中壢區,043
24.9695,121.1771,中壢,C0C520,2017-01-24T13:00:00+08:00,151.0,60.0,4.7,15.8,0.72,1011.1,-99.0,0.0,-9.9,-99,-999,桃園市,08,中壢區,043
24.9695,121.1771,中壢,C0C520,2017-01-24T14:00:00+08:00,151.0,58.0,4.6,15.5,0.72,1010.9,-99.0,0.0,-9.9,-99,-999,桃園市,08,中壢區,043
24.9695,121.1771,中壢,C0C520,2017-01-24T15:00:00+08:00,151.0,60.0,4.4,15.3,0.71,1011.1,-99.0,0.0,-9.9,-99,-999,桃園市,08,中壢區,043
24.9695,121.1771,中壢,C0C520,2017-01-24T16:00:00+08:00,151.0,62.0,3.0,15.0,0.73,1011.4,-99.0,0.0,-9.9,-99,-999,桃園市,08,中壢區,043
24.9695,121.1771,中壢,C0C520,2017-01-24T17:00:00+08:00,151.0,62.0,4.4,14.2,0.75,1012.0,-99.0,0.0,-9.9,-99,-999,桃園市,08,中壢區,043
24.9695,121.1771,中壢,C0C520,2017-01-24T18:00:00+08:00,151.0,69.0,4.6,13.6,0.77,1012.5,-99.0,0.0,-9.9,-99,-999,桃園市,08,中壢區,043
24.9695,121.1771,中壢,C0C520,2017-01-24T19:00:00+08:00,151.0,64.0,4.3,13.3,0.80,1013.0,-99.0,0.0,-9.9,-99,-999,桃園市,08,中壢區,043
24.9695,121.1771,中壢,C0C520,2017-01-24T20:00:00+08:00,151.0,68.0,3.6,13.3,0.81,1013.6,-99.0,0.0,-9.9,-99,-999,桃園市,08,中壢區,043
24.9695,121.1771,中壢,C0C520,2017-01-24T21:00:00+08:00,151.0,64.0,3.5,13.3,0.81,1013.8,-99.0,0.0,-9.9,-99,-999,桃園市,08,中壢區,043
24.9695,121.1771,中壢,C0C520,2017-01-24T22:00:00+08:00,151.0,59.0,4.3,13.4,0.81,1014.0,-99.0,0.0,-9.9,-99,-999,桃園市,08,中壢區,043
24.9695,121.1771,中壢,C0C520,2017-01-24T23:00:00+08:00,151.0,74.0,3.2,13.4,0.82,1014.0,-99.0,0.0,-9.9,-99,-999,桃園市,08,中壢區,043
24.9695,121.1771,中壢,C0C520,2017-01-25T00:00:00+08:00,151.0,70.0,4.4,13.4,0.82,1013.5,-99.0,0.0,-9.9,-99,-999,桃園市,08,中壢區,043
24.9695,121.1771,中壢,C0C520,2017-01-25T01:00:00+08:00,151.0,70.0,5.0,13.3,0.83,1013.0,-99.0,0.0,-9.9,-99,-999,桃園市,08,中壢區,043
24.9695,121.1771,中壢,C0C520,2017-01-25T02:00:00+08:00,151.0,72.0,4.6,13.1,0.83,1012.0,-99.0,0.0,-9.9,-99,-999,桃園市,08,中壢區,043
24.9695,121.1771,中壢,C0C520,2017-01-25T03:00:00+08:00,151.0,60.0,4.5,13.1,0.83,1011.5,-99.0,0.0,-9.9,-99,-999,桃園市,08,中壢區,043
24.9695,121.1771,中壢,C0C520,2017-01-25T04:00:00+08:00,151.0,62.0,4.1,13.3,0.81,1010.7,-99.0,0.0,-9.9,-99,-999,桃園市,08,中壢區,043
24.9695,121.1771,中壢,C0C520,2017-01-25T05:00:00+08:00,151.0,54.0,3.9,13.6,0.80,1011.0,-99.0,0.0,-9.9,-99,-999,桃園市,08,中壢區,043
24.9695,121.1771,中壢,C0C520,2017-01-25T06:00:00+08:00,151.0,55.0,3.6,13.9,0.81,1011.2,-99.0,0.0,-9.9,-99,-999,桃園市,08,中壢區,043
24.9695,121.1771,中壢,C0C520,2017-01-25T07:00:00+08:00,151.0,54.0,3.5,14.1,0.81,1011.1,-99.0,0.0,-9.9,-99,-999,桃園市,08,中壢區,043
24.9695,121.1771,中壢,C0C520,2017-01-25T08:00:00+08:00,151.0,56.0,3.7,14.7,0.78,1011.6,-99.0,0.0,-9.9,-99,-999,桃園市,08,中壢區,043
24.9695,121.1771,中壢,C0C520,2017-01-25T09:00:00+08:00,151.0,56.0,3.9,15.4,0.78,1011.9,-99.0,0.0,-9.9,-99,-999,桃園市,08,中壢區,043
24.9695,121.1771,中壢,C0C520,2017-01-25T10:00:00+08:00,151.0,31.0,4.2,15.3,0.76,1012.7,-99.0,0.0,-9.9,-99,-999,桃園市,08,中壢區,043
24.9695,121.1771,中壢,C0C520,2017-01-25T11:00:00+08:00,151.0,40.0,3.8,15.6,0.76,1012.3,-99.0,0.0,-9.9,-99,-999,桃園市,08,中壢區,043
24.9695,121.1771,中壢,C0C520,2017-01-25T12:00:00+08:00,151.0,47.0,4.2,15.2,0.78,1011.8,-99.0,0.0,-9.9,-99,-999,桃園市,08,中壢區,043
24.9695,121.1771,中壢,C0C520,2017-01-25T13:00:00+08:00,151.0,50.0,3.8,15.8,0.76,1010.6,-99.0,0.0,-9.9,-99,-999,桃園市,08,中壢區,043
24.9695,121.1771,中壢,C0C520,2017-01-25T14:00:00+08:00,151.0,33.0,3.2,15.3,0.77,1010.5,-99.0,0.0,-9.9,-99,-999,桃園市,08,中壢區,043
24.9695,121.1771,中壢,C0C520,2017-01-25T15:00:00+08:00,151.0,49.0,3.5,14.9,0.78,1010.4,-99.0,0.0,-9.9,-99,-999,桃園市,08,中壢區,043
24.9695,121.1771,中壢,C0C520,2017-01-25T16:00:00+08:00,151.0,49.0,4.1,14.6,0.79,1010.9,-99.0,0.0,-9.9,-99,-999,桃園市,08,中壢區,043
24.9695,121.1771,中壢,C0C520,2017-01-25T17:00:00+08:00,151.0,50.0,3.7,14.0,0.83,1011.1,-99.0,0.0,-9.9,-99,-999,桃園市,08,中壢區,043
24.9695,121.1771,中壢,C0C520,2017-01-25T18:00:00+08:00,151.0,49.0,3.6,14.1,0.80,1011.6,-99.0,0.0,-9.9,-99,-999,桃園市,08,中壢區,043
24.9695,121.1771,中壢,C0C520,2017-01-25T19:00:00+08:00,151.0,49.0,4.5,13.8,0.82,1011.9,-99.0,0.0,-9.9,-99,-999,桃園市,08,中壢區,043
24.9695,121.1771,中壢,C0C520,2017-01-25T20:00:00+08:00,151.0,48.0,3.5,13.8,0.79,1012.3,-99.0,0.0,-9.9,-99,-999,桃園市,08,中壢區,043
24.9695,121.1771,中壢,C0C520,2017-01-25T21:00:00+08:00,151.0,49.0,2.4,13.9,0.78,1012.5,-99.0,0.0,-9.9,-99,-999,桃園市,08,中壢區,043
24.9695,121.1771,中壢,C0C520,2017-01-25T22:00:00+08:00,151.0,61.0,2.5,13.7,0.79,1012.4,-99.0,0.0,-9.9,-99,-999,桃園市,08,中壢區,043
24.9695,121.1771,中壢,C0C520,2017-01-25T23:00:00+08:00,151.0,54.0,2.6,13.7,0.77,1012.4,-99.0,0.0,-9.9,-99,-999,桃園市,08,中壢區,043
24.9695,121.1771,中壢,C0C520,2017-01-26T00:00:00+08:00,151.0,50.0,3.0,13.6,0.75,1012.0,-99.0,0.0,-9.9,-99,-999,桃園市,08,中壢區,043
24.9695,121.1771,中壢,C0C520,2017-01-26T01:00:00+08:00,151.0,56.0,2.7,13.6,0.74,1011.8,-99.0,0.0,-9.9,-99,-999,桃園市,08,中壢區,043
24.9695,121.1771,中壢,C0C520,2017-01-26T02:00:00+08:00,151.0,49.0,2.7,13.6,0.77,1011.6,-99.0,0.0,-9.9,-99,-999,桃園市,08,中壢區,043
24.9695,121.1771,中壢,C0C520,2017-01-26T03:00:00+08:00,151.0,72.0,3.6,13.5,0.77,1011.3,-99.0,0.0,-9.9,-99,-999,桃園市,08,中壢區,043
24.9695,121.1771,中壢,C0C520,2017-01-26T04:00:00+08:00,151.0,68.0,3.0,13.5,0.74,1011.3,-99.0,0.0,-9.9,-99,-999,桃園市,08,中壢區,043
24.9695,121.1771,中壢,C0C520,2017-01-26T05:00:00+08:00,151.0,72.0,3.1,13.0,0.83,1011.5,-99.0,0.0,-9.9,-99,-999,桃園市,08,中壢區,043
24.9695,121.1771,中壢,C0C520,2017-01-26T06:00:00+08:00,151.0,65.0,2.4,13.2,0.80,1011.9,-99.0,0.0,-9.9,-99,-999,桃園市,08,中壢區,043
24.9695,121.1771,中壢,C0C520,2017-01-26T07:00:00+08:00,151.0,52.0,2.6,13.5,0.74,1012.2,-99.0,0.0,-9.9,-99,-999,桃園市,08,中壢區,043
24.9695,121.1771,中壢,C0C520,2017-01-26T08:00:00+08:00,151.0,61.0,2.9,14.0,0.67,1012.2,-99.0,0.0,-9.9,-99,-999,桃園市,08,中壢區,043
24.9695,121.1771,中壢,C0C520,2017-01-26T10:00:00+08:00,151.0,63.0,5.4,16.2,0.58,1011.9,-99.0,0.0,-9.9,-99,-999,桃園市,08,中壢區,043
24.9695,121.1771,中壢,C0C520,2017-01-26T11:00:00+08:00,151.0,52.0,4.1,16.0,0.61,1011.7,-99.0,0.0,-9.9,-99,-999,桃園市,08,中壢區,043
24.9695,121.1771,中壢,C0C520,2017-01-26T12:00:00+08:00,151.0,72.0,5.4,16.6,0.60,1010.2,-99.0,0.0,-9.9,-99,-999,桃園市,08,中壢區,043
24.9695,121.1771,中壢,C0C520,2017-01-26T13:00:00+08:00,151.0,67.0,5.5,17.1,0.59,1008.2,-99.0,0.0,-9.9,-99,-999,桃園市,08,中壢區,043
24.9695,121.1771,中壢,C0C520,2017-01-26T14:00:00+08:00,151.0,71.0,6.4,17.5,0.57,1006.9,-99.0,0.0,-9.9,-99,-999,桃園市,08,中壢區,043
24.9695,121.1771,中壢,C0C520,2017-01-26T15:00:00+08:00,151.0,70.0,5.9,17.8,0.57,1006.0,-99.0,0.0,-9.9,-99,-999,桃園市,08,中壢區,043
24.9695,121.1771,中壢,C0C520,2017-01-26T16:00:00+08:00,151.0,72.0,5.1,17.7,0.58,1006.2,-99.0,0.0,-9.9,-99,-999,桃園市,08,中壢區,043
24.9695,121.1771,中壢,C0C520,2017-01-26T17:00:00+08:00,151.0,65.0,4.5,16.9,0.64,1006.5,-99.0,0.0,-9.9,-99,-999,桃園市,08,中壢區,043
24.9695,121.1771,中壢,C0C520,2017-01-26T18:00:00+08:00,151.0,63.0,3.2,16.1,0.68,1006.8,-99.0,0.0,-9.9,-99,-999,桃園市,08,中壢區,043
24.9695,121.1771,中壢,C0C520,2017-01-26T19:00:00+08:00,151.0,63.0,2.9,15.7,0.71,1007.5,-99.0,0.0,-9.9,-99,-999,桃園市,08,中壢區,043
24.9695,121.1771,中壢,C0C520,2017-01-26T20:00:00+08:00,151.0,65.0,2.8,15.7,0.72,1007.8,-99.0,0.0,-9.9,-99,-999,桃園市,08,中壢區,043
24.9695,121.1771,中壢,C0C520,2017-01-26T21:00:00+08:00,151.0,63.0,2.3,15.6,0.73,1007.8,-99.0,0.0,-9.9,-99,-999,桃園市,08,中壢區,043
24.9695,121.1771,中壢,C0C520,2017-01-26T22:00:00+08:00,151.0,68.0,2.6,15.7,0.73,1008.1,-99.0,0.0,-9.9,-99,-999,桃園市,08,中壢區,043
24.9695,121.1771,中壢,C0C520,2017-01-26T23:00:00+08:00,151.0,70.0,2.6,15.6,0.72,1007.9,-99.0,0.0,-9.9,-99,-999,桃園市,08,中壢區,043
24.9695,121.1771,中壢,C0C520,2017-01-27T00:00:00+08:00,151.0,71.0,2.1,15.5,0.73,1007.9,-99.0,0.0,-9.9,-99,-999,桃園市,08,中壢區,043
24.9695,121.1771,中壢,C0C520,2017-01-27T01:00:00+08:00,151.0,36.0,0.8,14.7,0.75,1008.2,-99.0,0.0,-9.9,-99,-999,桃園市,08,中壢區,043
24.9695,121.1771,中壢,C0C520,2017-01-27T02:00:00+08:00,151.0,60.0,1.1,14.7,0.75,1008.0,-99.0,0.0,-9.9,-99,-999,桃園市,08,中壢區,043
24.9695,121.1771,中壢,C0C520,2017-01-27T03:00:00+08:00,151.0,69.0,0.6,14.4,0.76,1007.7,-99.0,0.0,-9.9,-99,-999,桃園市,08,中壢區,043
24.9695,121.1771,中壢,C0C520,2017-01-27T04:00:00+08:00,151.0,0.0,0.0,11.7,0.87,1007.7,-99.0,0.0,-9.9,-99,-999,桃園市,08,中壢區,043
24.9695,121.1771,中壢,C0C520,2017-01-27T05:00:00+08:00,151.0,0.0,0.0,12.1,0.87,1008.0,-99.0,0.0,-9.9,-99,-999,桃園市,08,中壢區,043
24.9695,121.1771,中壢,C0C520,2017-01-27T06:00:00+08:00,151.0,109.0,0.3,11.7,0.90,1008.6,-99.0,0.0,-9.9,-99,-999,桃園市,08,中壢區,043
24.9695,121.1771,中壢,C0C520,2017-01-27T07:00:00+08:00,151.0,0.0,0.0,11.7,0.89,1009.3,-99.0,0.0,-9.9,-99,-999,桃園市,08,中壢區,043
24.9695,121.1771,中壢,C0C520,2017-01-27T08:00:00+08:00,151.0,142.0,0.8,15.4,0.77,1009.5,-99.0,0.0,-9.9,-99,-999,桃園市,08,中壢區,043
24.9695,121.1771,中壢,C0C520,2017-01-27T09:00:00+08:00,151.0,68.0,1.4,17.1,0.69,1009.8,-99.0,0.0,-9.9,-99,-999,桃園市,08,中壢區,043
24.9695,121.1771,中壢,C0C520,2017-01-27T10:00:00+08:00,151.0,39.0,1.4,19.1,0.65,1009.5,-99.0,0.0,-9.9,-99,-999,桃園市,08,中壢區,043
24.9695,121.1771,中壢,C0C520,2017-01-27T11:00:00+08:00,151.0,12.0,3.3,18.9,0.75,1009.0,-99.0,0.0,-9.9,-99,-999,桃園市,08,中壢區,043
24.9695,121.1771,中壢,C0C520,2017-01-27T12:00:00+08:00,151.0,29.0,4.1,19.5,0.72,1008.7,-99.0,0.0,-9.9,-99,-999,桃園市,08,中壢區,043
24.9695,121.1771,中壢,C0C520,2017-01-27T13:00:00+08:00,151.0,21.0,5.0,18.3,0.75,1007.8,-99.0,0.0,-9.9,-99,-999,桃園市,08,中壢區,043
24.9695,121.1771,中壢,C0C520,2017-01-27T14:00:00+08:00,151.0,25.0,4.3,18.2,0.74,1007.4,-99.0,0.0,-9.9,-99,-999,桃園市,08,中壢區,043
24.9695,121.1771,中壢,C0C520,2017-01-27T15:00:00+08:00,151.0,31.0,4.2,17.6,0.77,1007.0,-99.0,0.0,-9.9,-99,-999,桃園市,08,中壢區,043
24.9695,121.1771,中壢,C0C520,2017-01-27T16:00:00+08:00,151.0,26.0,4.3,16.6,0.80,1007.1,-99.0,0.0,-9.9,-99,-999,桃園市,08,中壢區,043
24.9695,121.1771,中壢,C0C520,2017-01-27T17:00:00+08:00,151.0,45.0,2.7,16.4,0.82,1007.4,-99.0,0.0,-9.9,-99,-999,桃園市,08,中壢區,043
24.9695,121.1771,中壢,C0C520,2017-01-27T18:00:00+08:00,151.0,45.0,2.4,15.7,0.86,1007.8,-99.0,0.0,-9.9,-99,-999,桃園市,08,中壢區,043
24.9695,121.1771,中壢,C0C520,2017-01-27T19:00:00+08:00,151.0,50.0,2.7,15.6,0.86,1008.0,-99.0,0.0,-9.9,-99,-999,桃園市,08,中壢區,043
24.9695,121.1771,中壢,C0C520,2017-01-27T20:00:00+08:00,151.0,48.0,1.6,15.4,0.86,1008.1,-99.0,0.0,-9.9,-99,-999,桃園市,08,中壢區,043
24.9695,121.1771,中壢,C0C520,2017-01-27T21:00:00+08:00,151.0,70.0,3.2,16.1,0.84,1007.7,-99.0,0.0,-9.9,-99,-999,桃園市,08,中壢區,043
24.9695,121.1771,中壢,C0C520,2017-01-27T22:00:00+08:00,151.0,65.0,2.8,16.2,0.85,1007.7,-99.0,0.0,-9.9,-99,-999,桃園市,08,中壢區,043
24.9695,121.1771,中壢,C0C520,2017-01-27T23:00:00+08:00,151.0,55.0,2.6,16.3,0.87,1007.2,-99.0,0.0,-9.9,-99,-999,桃園市,08,中壢區,043
24.9695,121.1771,中壢,C0C520,2017-01-28T00:00:00+08:00,151.0,42.0,2.3,16.0,0.87,1006.8,-99.0,0.0,-9.9,-99,-999,桃園市,08,中壢區,043
24.9695,121.1771,中壢,C0C520,2017-01-28T01:00:00+08:00,151.0,56.0,1.7,16.2,0.89,1006.5,-99.0,0.0,-9.9,-99,-999,桃園市,08,中壢區,043
24.9695,121.1771,中壢,C0C520,2017-01-28T02:00:00+08:00,151.0,49.0,2.2,16.0,0.93,1005.9,-99.0,0.0,-9.9,-99,-999,桃園市,08,中壢區,043
24.9695,121.1771,中壢,C0C520,2017-01-28T03:00:00+08:00,151.0,52.0,3.2,16.0,0.94,1005.3,-99.0,0.0,-9.9,-99,-999,桃園市,08,中壢區,043
24.9695,121.1771,中壢,C0C520,2017-01-28T04:00:00+08:00,151.0,52.0,3.2,15.8,0.95,1004.9,-99.0,0.0,-9.9,-99,-999,桃園市,08,中壢區,043
24.9695,121.1771,中壢,C0C520,2017-01-28T05:00:00+08:00,151.0,50.0,2.1,16.0,0.94,1005.1,-99.0,0.0,-9.9,-99,-999,桃園市,08,中壢區,043
24.9695,121.1771,中壢,C0C520,2017-01-28T06:00:00+08:00,151.0,34.0,1.5,16.0,0.95,1005.6,-99.0,0.0,-9.9,-99,-999,桃園市,08,中壢區,043
24.9695,121.1771,中壢,C0C520,2017-01-28T07:00:00+08:00,151.0,21.0,2.1,16.1,0.96,1006.0,-99.0,0.0,-9.9,-99,-999,桃園市,08,中壢區,043
24.9695,121.1771,中壢,C0C520,2017-01-28T08:00:00+08:00,151.0,19.0,1.8,16.2,0.94,1006.2,-99.0,0.0,-9.9,-99,-999,桃園市,08,中壢區,043
24.9695,121.1771,中壢,C0C520,2017-01-28T09:00:00+08:00,151.0,26.0,1.2,17.4,0.91,1006.5,-99.0,0.0,-9.9,-99,-999,桃園市,08,中壢區,043
24.9695,121.1771,中壢,C0C520,2017-01-28T10:00:00+08:00,151.0,85.0,1.2,19.1,0.80,1006.3,-99.0,0.0,-9.9,-99,-999,桃園市,08,中壢區,043
24.9695,121.1771,中壢,C0C520,2017-01-28T11:00:00+08:00,151.0,23.0,2.5,20.3,0.78,1005.3,-99.0,0.0,-9.9,-99,-999,桃園市,08,中壢區,043
24.9695,121.1771,中壢,C0C520,2017-01-28T12:00:00+08:00,151.0,29.0,2.8,20.4,0.78,1004.4,-99.0,0.0,-9.9,-99,-999,桃園市,08,中壢區,043
24.9695,121.1771,中壢,C0C520,2017-01-28T13:00:00+08:00,151.0,14.0,3.7,20.1,0.80,1003.7,-99.0,0.0,-9.9,-99,-999,桃園市,08,中壢區,043
24.9695,121.1771,中壢,C0C520,2017-01-28T14:00:00+08:00,151.0,6.0,3.7,18.7,0.86,1003.0,-99.0,0.0,-9.9,-99,-999,桃園市,08,中壢區,043
24.9695,121.1771,中壢,C0C520,2017-01-28T15:00:00+08:00,151.0,43.0,2.6,18.6,0.88,1002.4,-99.0,0.0,-9.9,-99,-999,桃園市,08,中壢區,043
24.9695,121.1771,中壢,C0C520,2017-01-28T16:00:00+08:00,151.0,41.0,2.1,18.3,0.88,1002.2,-99.0,0.0,-9.9,-99,-999,桃園市,08,中壢區,043
24.9695,121.1771,中壢,C0C520,2017-01-28T17:00:00+08:00,151.0,22.0,1.9,17.9,0.92,1002.5,-99.0,0.0,-9.9,-99,-999,桃園市,08,中壢區,043
24.9695,121.1771,中壢,C0C520,2017-01-28T18:00:00+08:00,151.0,22.0,1.4,17.4,0.96,1002.6,-99.0,0.0,-9.9,-99,-999,桃園市,08,中壢區,043
24.9695,121.1771,中壢,C0C520,2017-01-28T19:00:00+08:00,151.0,39.0,0.8,17.2,0.97,1002.6,-99.0,0.0,-9.9,-99,-999,桃園市,08,中壢區,043
24.9695,121.1771,中壢,C0C520,2017-01-28T20:00:00+08:00,151.0,7.0,0.6,16.9,0.97,1002.7,-99.0,0.0,-9.9,-99,-999,桃園市,08,中壢區,043
24.9695,121.1771,中壢,C0C520,2017-01-28T21:00:00+08:00,151.0,0.0,0.0,16.5,0.98,1002.8,-99.0,0.0,-9.9,-99,-999,桃園市,08,中壢區,043
24.9695,121.1771,中壢,C0C520,2017-01-28T22:00:00+08:00,151.0,232.0,1.2,16.4,0.98,1002.9,-99.0,0.0,-9.9,-99,-999,桃園市,08,中壢區,043
24.9695,121.1771,中壢,C0C520,2017-01-28T23:00:00+08:00,151.0,220.0,1.8,16.2,0.98,1002.8,-99.0,0.0,-9.9,-99,-999,桃園市,08,中壢區,043
24.9695,121.1771,中壢,C0C520,2017-01-29T00:00:00+08:00,151.0,222.0,1.8,15.9,0.99,1002.7,-99.0,0.0,-9.9,-99,-999,桃園市,08,中壢區,043
24.9695,121.1771,中壢,C0C520,2017-01-29T01:00:00+08:00,151.0,217.0,1.6,16.0,0.99,1002.5,-99.0,0.0,-9.9,-99,-999,桃園市,08,中壢區,043
24.9695,121.1771,中壢,C0C520,2017-01-29T02:00:00+08:00,151.0,227.0,1.2,15.8,0.99,1002.4,-99.0,0.0,-9.9,-99,-999,桃園市,08,中壢區,043
24.9695,121.1771,中壢,C0C520,2017-01-29T03:00:00+08:00,151.0,217.0,1.5,15.9,0.98,1002.6,-99.0,0.0,-9.9,-99,-999,桃園市,08,中壢區,043
24.9695,121.1771,中壢,C0C520,2017-01-29T04:00:00+08:00,151.0,198.0,0.6,16.2,0.98,1002.4,-99.0,0.0,-9.9,-99,-999,桃園市,08,中壢區,043
24.9695,121.1771,中壢,C0C520,2017-01-29T05:00:00+08:00,151.0,189.0,0.7,16.4,0.97,1002.4,-99.0,0.0,-9.9,-99,-999,桃園市,08,中壢區,043
24.9695,121.1771,中壢,C0C520,2017-01-29T06:00:00+08:00,151.0,0.0,0.0,16.3,0.97,1003.2,-99.0,0.0,-9.9,-99,-999,桃園市,08,中壢區,043
24.9695,121.1771,中壢,C0C520,2017-01-29T07:00:00+08:00,151.0,274.0,0.5,16.6,0.96,1003.7,-99.0,0.0,-9.9,-99,-999,桃園市,08,中壢區,043
24.9695,121.1771,中壢,C0C520,2017-01-29T08:00:00+08:00,151.0,293.0,0.4,16.8,0.96,1004.2,-99.0,0.0,-9.9,-99,-999,桃園市,08,中壢區,043
24.9695,121.1771,中壢,C0C520,2017-01-29T09:00:00+08:00,151.0,285.0,0.6,18.1,0.89,1004.8,-99.0,0.0,-9.9,-99,-999,桃園市,08,中壢區,043
24.9695,121.1771,中壢,C0C520,2017-01-29T10:00:00+08:00,151.0,204.0,1.2,20.8,0.76,1004.8,-99.0,0.0,-9.9,-99,-999,桃園市,08,中壢區,043
24.9695,121.1771,中壢,C0C520,2017-01-29T11:00:00+08:00,151.0,322.0,1.7,21.1,0.76,1004.5,-99.0,0.0,-9.9,-99,-999,桃園市,08,中壢區,043
24.9695,121.1771,中壢,C0C520,2017-01-29T12:00:00+08:00,151.0,359.0,1.0,22.9,0.69,1003.3,-99.0,0.0,-9.9,-99,-999,桃園市,08,中壢區,043
24.9695,121.1771,中壢,C0C520,2017-01-29T13:00:00+08:00,151.0,321.0,2.0,23.8,0.62,1002.4,-99.0,0.0,-9.9,-99,-999,桃園市,08,中壢區,043
24.9695,121.1771,中壢,C0C520,2017-01-29T14:00:00+08:00,151.0,314.0,2.8,23.1,0.69,1001.9,-99.0,0.0,-9.9,-99,-999,桃園市,08,中壢區,043
24.9695,121.1771,中壢,C0C520,2017-01-29T15:00:00+08:00,151.0,345.0,1.1,22.1,0.72,1001.6,-99.0,0.0,-9.9,-99,-999,桃園市,08,中壢區,043
24.9695,121.1771,中壢,C0C520,2017-01-29T16:00:00+08:00,151.0,33.0,0.8,22.9,0.68,1001.4,-99.0,0.0,-9.9,-99,-999,桃園市,08,中壢區,043
24.9695,121.1771,中壢,C0C520,2017-01-29T17:00:00+08:00,151.0,115.0,0.8,23.4,0.61,1001.7,-99.0,0.0,-9.9,-99,-999,桃園市,08,中壢區,043
24.9695,121.1771,中壢,C0C520,2017-01-29T18:00:00+08:00,151.0,331.0,0.7,21.2,0.71,1002.2,-99.0,0.0,-9.9,-99,-999,桃園市,08,中壢區,043
24.9695,121.1771,中壢,C0C520,2017-01-29T19:00:00+08:00,151.0,355.0,0.8,17.7,0.91,1003.1,-99.0,0.0,-9.9,-99,-999,桃園市,08,中壢區,043
24.9695,121.1771,中壢,C0C520,2017-01-29T20:00:00+08:00,151.0,189.0,0.3,17.7,0.91,1003.3,-99.0,0.0,-9.9,-99,-999,桃園市,08,中壢區,043
24.9695,121.1771,中壢,C0C520,2017-01-29T21:00:00+08:00,151.0,105.0,0.3,18.4,0.86,1003.6,-99.0,0.0,-9.9,-99,-999,桃園市,08,中壢區,043
24.9695,121.1771,中壢,C0C520,2017-01-29T22:00:00+08:00,151.0,210.0,0.7,18.5,0.86,1003.7,-99.0,0.0,-9.9,-99,-999,桃園市,08,中壢區,043
24.9695,121.1771,中壢,C0C520,2017-01-29T23:00:00+08:00,151.0,228.0,0.6,18.5,0.85,1003.4,-99.0,0.0,-9.9,-99,-999,桃園市,08,中壢區,043
24.9695,121.1771,中壢,C0C520,2017-01-30T00:00:00+08:00,151.0,216.0,0.7,18.3,0.87,1003.4,-99.0,0.0,-9.9,-99,-999,桃園市,08,中壢區,043
24.9695,121.1771,中壢,C0C520,2017-01-30T01:00:00+08:00,151.0,200.0,0.5,18.5,0.85,1003.4,-99.0,0.0,-9.9,-99,-999,桃園市,08,中壢區,043
24.9695,121.1771,中壢,C0C520,2017-01-30T02:00:00+08:00,151.0,150.0,0.9,18.7,0.81,1002.9,-99.0,0.0,-9.9,-99,-999,桃園市,08,中壢區,043
24.9695,121.1771,中壢,C0C520,2017-01-30T03:00:00+08:00,151.0,153.0,1.2,18.8,0.79,1002.8,-99.0,0.0,-9.9,-99,-999,桃園市,08,中壢區,043
24.9695,121.1771,中壢,C0C520,2017-01-30T04:00:00+08:00,151.0,308.0,0.4,17.9,0.83,1002.9,-99.0,0.0,-9.9,-99,-999,桃園市,08,中壢區,043
24.9695,121.1771,中壢,C0C520,2017-01-30T05:00:00+08:00,151.0,146.0,0.9,18.5,0.82,1003.2,-99.0,0.0,-9.9,-99,-999,桃園市,08,中壢區,043
24.9695,121.1771,中壢,C0C520,2017-01-30T06:00:00+08:00,151.0,135.0,1.1,19.0,0.81,1003.6,-99.0,0.0,-9.9,-99,-999,桃園市,08,中壢區,043
24.9695,121.1771,中壢,C0C520,2017-01-30T07:00:00+08:00,151.0,114.0,0.5,19.9,0.76,1004.4,-99.0,0.0,-9.9,-99,-999,桃園市,08,中壢區,043
24.9695,121.1771,中壢,C0C520,2017-01-30T08:00:00+08:00,151.0,42.0,3.1,18.8,0.88,1005.6,-99.0,0.0,-9.9,-99,-999,桃園市,08,中壢區,043
24.9695,121.1771,中壢,C0C520,2017-01-30T09:00:00+08:00,151.0,48.0,2.9,20.1,0.82,1006.2,-99.0,0.0,-9.9,-99,-999,桃園市,08,中壢區,043
24.9695,121.1771,中壢,C0C520,2017-01-30T10:00:00+08:00,151.0,50.0,3.7,17.7,0.88,1006.6,-99.0,0.0,-9.9,-99,-999,桃園市,08,中壢區,043
24.9695,121.1771,中壢,C0C520,2017-01-30T11:00:00+08:00,151.0,46.0,4.7,16.3,0.87,1006.1,-99.0,0.0,-9.9,-99,-999,桃園市,08,中壢區,043
24.9695,121.1771,中壢,C0C520,2017-01-30T12:00:00+08:00,151.0,44.0,4.7,15.5,0.86,1006.2,-99.0,0.0,-9.9,-99,-999,桃園市,08,中壢區,043
24.9695,121.1771,中壢,C0C520,2017-01-30T13:00:00+08:00,151.0,44.0,4.9,15.0,0.87,1005.7,-99.0,0.0,-9.9,-99,-999,桃園市,08,中壢區,043
24.9695,121.1771,中壢,C0C520,2017-01-30T14:00:00+08:00,151.0,49.0,5.4,14.7,0.87,1005.5,-99.0,0.0,-9.9,-99,-999,桃園市,08,中壢區,043
24.9695,121.1771,中壢,C0C520,2017-01-30T15:00:00+08:00,151.0,51.0,5.2,14.5,0.88,1005.5,-99.0,0.0,-9.9,-99,-999,桃園市,08,中壢區,043
24.9695,121.1771,中壢,C0C520,2017-01-30T16:00:00+08:00,151.0,51.0,5.3,14.1,0.88,1006.4,-99.0,0.0,-9.9,-99,-999,桃園市,08,中壢區,043
24.9695,121.1771,中壢,C0C520,2017-01-30T17:00:00+08:00,151.0,49.0,5.7,13.8,0.88,1007.1,-99.0,0.0,-9.9,-99,-999,桃園市,08,中壢區,043
24.9695,121.1771,中壢,C0C520,2017-01-30T18:00:00+08:00,151.0,47.0,5.7,13.6,0.88,1007.7,-99.0,0.0,-9.9,-99,-999,桃園市,08,中壢區,043
24.9695,121.1771,中壢,C0C520,2017-01-30T20:00:00+08:00,151.0,49.0,5.6,13.3,0.87,1008.9,-99.0,0.0,-9.9,-99,-999,桃園市,08,中壢區,043
24.9695,121.1771,中壢,C0C520,2017-01-30T21:00:00+08:00,151.0,52.0,5.5,12.9,0.88,1008.6,-99.0,0.0,-9.9,-99,-999,桃園市,08,中壢區,043
24.9695,121.1771,中壢,C0C520,2017-01-30T22:00:00+08:00,151.0,45.0,4.5,12.9,0.87,1008.6,-99.0,0.0,-9.9,-99,-999,桃園市,08,中壢區,043
24.9695,121.1771,中壢,C0C520,2017-01-30T23:00:00+08:00,151.0,52.0,3.5,13.3,0.85,1008.3,-99.0,0.0,-9.9,-99,-999,桃園市,08,中壢區,043
24.9695,121.1771,中壢,C0C520,2017-01-31T00:00:00+08:00,151.0,55.0,4.6,13.8,0.83,1007.8,-99.0,0.0,-9.9,-99,-999,桃園市,08,中壢區,043
24.9695,121.1771,中壢,C0C520,2017-01-31T01:00:00+08:00,151.0,67.0,5.2,13.8,0.83,1007.3,-99.0,0.0,-9.9,-99,-999,桃園市,08,中壢區,043
24.9695,121.1771,中壢,C0C520,2017-01-31T02:00:00+08:00,151.0,69.0,4.9,13.6,0.85,1006.7,-99.0,0.0,-9.9,-99,-999,桃園市,08,中壢區,043
24.9695,121.1771,中壢,C0C520,2017-01-31T03:00:00+08:00,151.0,66.0,5.3,13.8,0.84,1006.3,-99.0,0.0,-9.9,-99,-999,桃園市,08,中壢區,043
24.9695,121.1771,中壢,C0C520,2017-01-31T04:00:00+08:00,151.0,62.0,4.8,13.8,0.84,1005.9,-99.0,0.0,-9.9,-99,-999,桃園市,08,中壢區,043
24.9695,121.1771,中壢,C0C520,2017-01-31T05:00:00+08:00,151.0,66.0,3.9,13.9,0.84,1006.1,-99.0,0.0,-9.9,-99,-999,桃園市,08,中壢區,043
24.9695,121.1771,中壢,C0C520,2017-01-31T06:00:00+08:00,151.0,65.0,4.3,14.2,0.82,1006.6,-99.0,0.0,-9.9,-99,-999,桃園市,08,中壢區,043
24.9695,121.1771,中壢,C0C520,2017-01-31T07:00:00+08:00,151.0,59.0,5.2,14.3,0.83,1007.1,-99.0,0.0,-9.9,-99,-999,桃園市,08,中壢區,043
