25.0331,121.3664,龜山,C0C640,2017-01-10T11:00:00+08:00,177.0,61.0,1.7,19.2,0.63,999.1,-99.0,0.0,-9.9,-99,-999,桃園市,08,龜山區,034
25.0331,121.3664,龜山,C0C640,2017-01-10T12:00:00+08:00,177.0,66.0,1.8,19.7,0.62,997.9,-99.0,0.0,-9.9,-99,-999,桃園市,08,龜山區,034
25.0331,121.3664,龜山,C0C640,2017-01-10T13:00:00+08:00,177.0,51.0,1.8,19.5,0.62,996.9,-99.0,0.0,-9.9,-99,-999,桃園市,08,龜山區,034
25.0331,121.3664,龜山,C0C640,2017-01-10T14:00:00+08:00,177.0,36.0,1.1,19.7,0.61,996.1,-99.0,0.0,-9.9,-99,-999,桃園市,08,龜山區,034
25.0331,121.3664,龜山,C0C640,2017-01-10T15:00:00+08:00,177.0,55.0,1.3,19.8,0.62,995.7,-99.0,0.0,-9.9,-99,-999,桃園市,08,龜山區,034
25.0331,121.3664,龜山,C0C640,2017-01-10T16:00:00+08:00,177.0,66.0,1.6,19.1,0.64,996.0,-99.0,0.0,-9.9,-99,-999,桃園市,08,龜山區,034
25.0331,121.3664,龜山,C0C640,2017-01-10T17:00:00+08:00,177.0,70.0,1.5,17.8,0.69,996.8,-99.0,0.0,-9.9,-99,-999,桃園市,08,龜山區,034
25.0331,121.3664,龜山,C0C640,2017-01-10T18:00:00+08:00,177.0,72.0,1.9,17.1,0.71,997.2,-99.0,0.0,-9.9,-99,-999,桃園市,08,龜山區,034
25.0331,121.3664,龜山,C0C640,2017-01-11T06:00:00+08:00,177.0,59.0,1.5,17.0,0.79,998.4,-99.0,0.0,-9.9,-99,-999,桃園市,08,龜山區,034
25.0331,121.3664,龜山,C0C640,2017-01-11T07:00:00+08:00,177.0,49.0,1.5,16.9,0.80,998.8,-99.0,0.0,-9.9,-99,-999,桃園市,08,龜山區,034
25.0331,121.3664,龜山,C0C640,2017-01-11T08:00:00+08:00,177.0,47.0,1.5,17.2,0.79,998.9,-99.0,0.0,-9.9,-99,-999,桃園市,08,龜山區,034
25.0331,121.3664,龜山,C0C640,2017-01-11T09:00:00+08:00,177.0,37.0,1.3,17.8,0.78,999.3,-99.0,0.0,-9.9,-99,-999,桃園市,08,龜山區,034
25.0331,121.3664,龜山,C0C640,2017-01-11T10:00:00+08:00,177.0,64.0,1.8,18.5,0.75,999.3,-99.0,0.0,-9.9,-99,-999,桃園市,08,龜山區,034
25.0331,121.3664,龜山,C0C640,2017-01-11T11:00:00+08:00,177.0,35.0,1.4,19.0,0.74,998.0,-99.0,0.0,-9.9,-99,-999,桃園市,08,龜山區,034
25.0331,121.3664,龜山,C0C640,2017-01-11T12:00:00+08:00,177.0,50.0,1.8,20.2,0.71,996.9,-99.0,0.0,-9.9,-99,-999,桃園市,08,龜山區,034
25.0331,121.3664,龜山,C0C640,2017-01-11T13:00:00+08:00,177.0,53.0,2.1,20.4,0.70,995.3,-99.0,0.0,-9.9,-99,-999,桃園市,08,龜山區,034
25.0331,121.3664,龜山,C0C640,2017-01-11T14:00:00+08:00,177.0,56.0,2.5,20.0,0.72,994.8,-99.0,0.0,-9.9,-99,-999,桃園市,08,龜山區,034
25.0331,121.3664,龜山,C0C640,2017-01-11T15:00:00+08:00,177.0,62.0,2.0,20.1,0.72,994.5,-99.0,0.0,-9.9,-99,-999,桃園市,08,龜山區,034
25.0331,121.3664,龜山,C0C640,2017-01-11T16:00:00+08:00,177.0,65.0,2.0,19.5,0.75,995.0,-99.0,0.0,-9.9,-99,-999,桃園市,08,龜山區,034
25.0331,121.3664,龜山,C0C640,2017-01-11T17:00:00+08:00,177.0,61.0,2.2,18.7,0.78,995.2,-99.0,0.0,-9.9,-99,-999,桃園市,08,龜山區,034
25.0331,121.3664,龜山,C0C640,2017-01-11T18:00:00+08:00,177.0,60.0,1.7,18.4,0.81,995.8,-99.0,0.0,-9.9,-99,-999,桃園市,08,龜山區,034
25.0331,121.3664,龜山,C0C640,2017-01-11T19:00:00+08:00,177.0,68.0,2.4,18.2,0.82,995.8,-99.0,0.0,-9.9,-99,-999,桃園市,08,龜山區,034
25.0331,121.3664,龜山,C0C640,2017-01-11T20:00:00+08:00,177.0,61.0,1.9,18.2,0.84,996.0,-99.0,0.0,-9.9,-99,-999,桃園市,08,龜山區,034
25.0331,121.3664,龜山,C0C640,2017-01-11T21:00:00+08:00,177.0,73.0,1.7,18.3,0.84,996.4,-99.0,0.0,-9.9,-99,-999,桃園市,08,龜山區,034
25.0331,121.3664,龜山,C0C640,2017-01-11T22:00:00+08:00,177.0,73.0,1.7,18.4,0.83,996.6,-99.0,0.0,-9.9,-99,-999,桃園市,08,龜山區,034
25.0331,121.3664,龜山,C0C640,2017-01-11T23:00:00+08:00,177.0,72.0,2.2,18.4,0.83,996.7,-99.0,0.0,-9.9,-99,-999,桃園市,08,龜山區,034
25.0331,121.3664,龜山,C0C640,2017-01-12T00:00:00+08:00,177.0,75.0,1.4,18.0,0.88,996.3,-99.0,0.0,-9.9,-99,-999,桃園市,08,龜山區,034
25.0331,121.3664,龜山,C0C640,2017-01-12T01:00:00+08:00,177.0,54.0,0.8,17.8,0.88,995.8,-99.0,0.0,-9.9,-99,-999,桃園市,08,龜山區,034
25.0331,121.3664,龜山,C0C640,2017-01-12T02:00:00+08:00,177.0,63.0,0.9,17.5,0.89,995.5,-99.0,0.0,-9.9,-99,-999,桃園市,08,龜山區,034
25.0331,121.3664,龜山,C0C640,2017-01-12T03:00:00+08:00,177.0,81.0,0.9,17.3,0.91,994.7,-99.0,0.0,-9.9,-99,-999,桃園市,08,龜山區,034
25.0331,121.3664,龜山,C0C640,2017-01-12T04:00:00+08:00,177.0,26.0,0.3,17.3,0.92,995.0,-99.0,0.0,-9.9,-99,-999,桃園市,08,龜山區,034
25.0331,121.3664,龜山,C0C640,2017-01-12T05:00:00+08:00,177.0,70.0,0.3,17.6,0.91,995.2,-99.0,0.0,-9.9,-99,-999,桃園市,08,龜山區,034
25.0331,121.3664,龜山,C0C640,2017-01-12T06:00:00+08:00,177.0,58.0,0.8,17.7,0.91,995.4,-99.0,0.0,-9.9,-99,-999,桃園市,08,龜山區,034
25.0331,121.3664,龜山,C0C640,2017-01-12T07:00:00+08:00,177.0,0.0,0.1,17.6,0.92,995.4,-99.0,0.0,-9.9,-99,-999,桃園市,08,龜山區,034
25.0331,121.3664,龜山,C0C640,2017-01-12T08:00:00+08:00,177.0,28.0,0.5,18.1,0.90,995.4,-99.0,0.0,-9.9,-99,-999,桃園市,08,龜山區,034
25.0331,121.3664,龜山,C0C640,2017-01-12T09:00:00+08:00,177.0,48.0,1.1,18.1,0.92,995.3,-99.0,0.0,-9.9,-99,-999,桃園市,08,龜山區,034
25.0331,121.3664,龜山,C0C640,2017-01-12T10:00:00+08:00,177.0,61.0,0.8,19.6,0.84,995.3,-99.0,0.0,-9.9,-99,-999,桃園市,08,龜山區,034
25.0331,121.3664,龜山,C0C640,2017-01-12T11:00:00+08:00,177.0,58.0,0.8,20.4,0.81,994.5,-99.0,0.0,-9.9,-99,-999,桃園市,08,龜山區,034
25.0331,121.3664,龜山,C0C640,2017-01-12T12:00:00+08:00,177.0,79.0,0.9,20.6,0.80,993.3,-99.0,0.0,-9.9,-99,-999,桃園市,08,龜山區,034
25.0331,121.3664,龜山,C0C640,2017-01-12T13:00:00+08:00,177.0,66.0,0.9,21.2,0.77,992.5,-99.0,0.0,-9.9,-99,-999,桃園市,08,龜山區,034
25.0331,121.3664,龜山,C0C640,2017-01-12T14:00:00+08:00,177.0,25.0,0.5,21.1,0.76,992.0,-99.0,0.0,-9.9,-99,-999,桃園市,08,龜山區,034
25.0331,121.3664,龜山,C0C640,2017-01-12T15:00:00+08:00,177.0,56.0,0.7,20.3,0.82,991.7,-99.0,0.0,-9.9,-99,-999,桃園市,08,龜山區,034
25.0331,121.3664,龜山,C0C640,2017-01-12T16:00:00+08:00,177.0,31.0,0.8,20.0,0.84,992.0,-99.0,0.0,-9.9,-99,-999,桃園市,08,龜山區,034
25.0331,121.3664,龜山,C0C640,2017-01-12T17:00:00+08:00,177.0,0.0,0.1,19.6,0.85,992.4,-99.0,0.0,-9.9,-99,-999,桃園市,08,龜山區,034
25.0331,121.3664,龜山,C0C640,2017-01-12T18:00:00+08:00,177.0,61.0,0.5,19.1,0.86,993.0,-99.0,0.0,-9.9,-99,-999,桃園市,08,龜山區,034
25.0331,121.3664,龜山,C0C640,2017-01-12T19:00:00+08:00,177.0,37.0,0.5,18.7,0.86,993.1,-99.0,0.0,-9.9,-99,-999,桃園市,08,龜山區,034
25.0331,121.3664,龜山,C0C640,2017-01-12T20:00:00+08:00,177.0,51.0,0.5,18.6,0.86,993.6,-99.0,0.0,-9.9,-99,-999,桃園市,08,龜山區,034
25.0331,121.3664,龜山,C0C640,2017-01-12T21:00:00+08:00,177.0,64.0,0.5,18.2,0.87,994.0,-99.0,0.0,-9.9,-99,-999,桃園市,08,龜山區,034
25.0331,121.3664,龜山,C0C640,2017-01-12T22:00:00+08:00,177.0,79.0,0.8,18.0,0.87,993.8,-99.0,0.0,-9.9,-99,-999,桃園市,08,龜山區,034
25.0331,121.3664,龜山,C0C640,2017-01-12T23:00:00+08:00,177.0,29.0,0.4,17.8,0.86,993.4,-99.0,0.0,-9.9,-99,-999,桃園市,08,龜山區,034
25.0331,121.3664,龜山,C0C640,2017-01-13T00:00:00+08:00,177.0,38.0,0.5,17.4,0.86,993.4,-99.0,0.0,-9.9,-99,-999,桃園市,08,龜山區,034
25.0331,121.3664,龜山,C0C640,2017-01-13T01:00:00+08:00,177.0,50.0,0.6,17.2,0.86,993.8,-99.0,0.0,-9.9,-99,-999,桃園市,08,龜山區,034
25.0331,121.3664,龜山,C0C640,2017-01-13T02:00:00+08:00,177.0,39.0,0.5,16.8,0.86,993.7,-99.0,0.0,-9.9,-99,-999,桃園市,08,龜山區,034
25.0331,121.3664,龜山,C0C640,2017-01-13T03:00:00+08:00,177.0,76.0,0.8,16.0,0.93,993.8,-99.0,0.0,-9.9,-99,-999,桃園市,08,龜山區,034
25.0331,121.3664,龜山,C0C640,2017-01-13T04:00:00+08:00,177.0,11.0,0.6,15.1,0.94,994.0,-99.0,1.5,-9.9,-99,-999,桃園市,08,龜山區,034
25.0331,121.3664,龜山,C0C640,2017-01-13T05:00:00+08:00,177.0,75.0,1.2,15.1,0.95,994.0,-99.0,3.5,-9.9,-99,-999,桃園市,08,龜山區,034
25.0331,121.3664,龜山,C0C640,2017-01-13T06:00:00+08:00,177.0,71.0,0.8,14.6,0.95,994.4,-99.0,4.0,-9.9,-99,-999,桃園市,08,龜山區,034
25.0331,121.3664,龜山,C0C640,2017-01-13T07:00:00+08:00,177.0,47.0,0.8,14.3,0.94,994.9,-99.0,5.0,-9.9,-99,-999,桃園市,08,龜山區,034
25.0331,121.3664,龜山,C0C640,2017-01-13T08:00:00+08:00,177.0,59.0,1.0,14.0,0.94,996.1,-99.0,5.0,-9.9,-99,-999,桃園市,08,龜山區,034
25.0331,121.3664,龜山,C0C640,2017-01-13T09:00:00+08:00,177.0,342.0,0.7,13.6,0.93,996.5,-99.0,5.5,-9.9,-99,-999,桃園市,08,龜山區,034
25.0331,121.3664,龜山,C0C640,2017-01-13T10:00:00+08:00,177.0,17.0,0.5,13.8,0.94,996.8,-99.0,7.0,-9.9,-99,-999,桃園市,08,龜山區,034
25.0331,121.3664,龜山,C0C640,2017-01-13T11:00:00+08:00,177.0,43.0,0.7,14.0,0.94,995.9,-99.0,8.0,-9.9,-99,-999,桃園市,08,龜山區,034
25.0331,121.3664,龜山,C0C640,2017-01-13T12:00:00+08:00,177.0,49.0,0.8,14.1,0.95,994.9,-99.0,9.0,-9.9,-99,-999,桃園市,08,龜山區,034
25.0331,121.3664,龜山,C0C640,2017-01-13T13:00:00+08:00,177.0,39.0,0.6,14.2,0.95,994.3,-99.0,10.0,-9.9,-99,-999,桃園市,08,龜山區,034
25.0331,121.3664,龜山,C0C640,2017-01-13T14:00:00+08:00,177.0,55.0,0.6,14.3,0.95,994.1,-99.0,11.0,-9.9,-99,-999,桃園市,08,龜山區,034
25.0331,121.3664,龜山,C0C640,2017-01-13T15:00:00+08:00,177.0,64.0,0.8,14.1,0.95,994.2,-99.0,13.5,-9.9,-99,-999,桃園市,08,龜山區,034
25.0331,121.3664,龜山,C0C640,2017-01-13T16:00:00+08:00,177.0,72.0,0.9,13.9,0.96,994.6,-99.0,16.0,-9.9,-99,-999,桃園市,08,龜山區,034
25.0331,121.3664,龜山,C0C640,2017-01-13T17:00:00+08:00,177.0,1.0,0.3,13.5,0.95,995.1,-99.0,17.5,-9.9,-99,-999,桃園市,08,龜山區,034
25.0331,121.3664,龜山,C0C640,2017-01-13T18:00:00+08:00,177.0,68.0,0.9,13.5,0.96,995.5,-99.0,18.5,-9.9,-99,-999,桃園市,08,龜山區,034
25.0331,121.3664,龜山,C0C640,2017-01-13T19:00:00+08:00,177.0,41.0,0.5,13.4,0.96,995.8,-99.0,19.0,-9.9,-99,-999,桃園市,08,龜山區,034
25.0331,121.3664,龜山,C0C640,2017-01-13T20:00:00+08:00,177.0,39.0,0.8,13.1,0.95,996.1,-99.0,19.5,-9.9,-99,-999,桃園市,08,龜山區,034
25.0331,121.3664,龜山,C0C640,2017-01-13T21:00:00+08:00,177.0,62.0,1.1,13.1,0.96,996.1,-99.0,20.5,-9.9,-99,-999,桃園市,08,龜山區,034
25.0331,121.3664,龜山,C0C640,2017-01-13T22:00:00+08:00,177.0,67.0,1.0,13.1,0.96,996.8,-99.0,22.0,-9.9,-99,-999,桃園市,08,龜山區,034
25.0331,121.3664,龜山,C0C640,2017-01-13T23:00:00+08:00,177.0,58.0,1.2,13.1,0.96,996.5,-99.0,22.5,-9.9,-99,-999,桃園市,08,龜山區,034
25.0331,121.3664,龜山,C0C640,2017-01-14T00:00:00+08:00,177.0,55.0,1.0,12.9,0.95,996.5,-99.0,23.0,-9.9,-99,-999,桃園市,08,龜山區,034
25.0331,121.3664,龜山,C0C640,2017-01-14T01:00:00+08:00,177.0,53.0,0.8,12.6,0.95,996.5,-99.0,1.0,-9.9,-99,-999,桃園市,08,龜山區,034
25.0331,121.3664,龜山,C0C640,2017-01-14T02:00:00+08:00,177.0,45.0,1.1,12.3,0.95,996.2,-99.0,2.5,-9.9,-99,-999,桃園市,08,龜山區,034
25.0331,121.3664,龜山,C0C640,2017-01-14T03:00:00+08:00,177.0,39.0,0.7,12.1,0.95,996.8,-99.0,3.0,-9.9,-99,-999,桃園市,08,龜山區,034
25.0331,121.3664,龜山,C0C640,2017-01-14T04:00:00+08:00,177.0,55.0,0.7,11.7,0.94,996.9,-99.0,4.0,-9.9,-99,-999,桃園市,08,龜山區,034
25.0331,121.3664,龜山,C0C640,2017-01-14T05:00:00+08:00,177.0,69.0,1.1,11.4,0.95,997.5,-99.0,4.5,-9.9,-99,-999,桃園市,08,龜山區,034
25.0331,121.3664,龜山,C0C640,2017-01-14T06:00:00+08:00,177.0,32.0,0.9,11.2,0.95,997.5,-99.0,6.5,-9.9,-99,-999,桃園市,08,龜山區,034
25.0331,121.3664,龜山,C0C640,2017-01-14T07:00:00+08:00,177.0,49.0,0.8,11.3,0.95,998.3,-99.0,7.0,-9.9,-99,-999,桃園市,08,龜山區,034
25.0331,121.3664,龜山,C0C640,2017-01-14T08:00:00+08:00,177.0,43.0,0.9,11.1,0.96,999.3,-99.0,10.0,-9.9,-99,-999,桃園市,08,龜山區,034
25.0331,121.3664,龜山,C0C640,2017-01-14T10:00:00+08:00,177.0,48.0,1.0,11.7,0.96,999.8,-99.0,12.0,-9.9,-99,-999,桃園市,08,龜山區,034
25.0331,121.3664,龜山,C0C640,2017-01-14T11:00:00+08:00,177.0,38.0,1.0,12.1,0.95,999.1,-99.0,12.5,-9.9,-99,-999,桃園市,08,龜山區,034
25.0331,121.3664,龜山,C0C640,2017-01-14T12:00:00+08:00,177.0,64.0,1.3,12.3,0.94,998.5,-99.0,12.5,-9.9,-99,-999,桃園市,08,龜山區,034
25.0331,121.3664,龜山,C0C640,2017-01-14T13:00:00+08:00,177.0,52.0,0.9,12.8,0.92,997.4,-99.0,12.5,-9.9,-99,-999,桃園市,08,龜山區,034
25.0331,121.3664,龜山,C0C640,2017-01-14T14:00:00+08:00,177.0,38.0,1.0,12.7,0.92,997.2,-99.0,12.5,-9.9,-99,-999,桃園市,08,龜山區,034
25.0331,121.3664,龜山,C0C640,2017-01-14T18:00:00+08:00,177.0,67.0,1.6,13.5,0.76,998.2,-99.0,12.5,-9.9,-99,-999,桃園市,08,龜山區,034
25.0331,121.3664,龜山,C0C640,2017-01-15T00:00:00+08:00,177.0,55.0,1.0,12.0,0.93,999.9,-99.0,13.0,-9.9,-99,-999,桃園市,08,龜山區,034
25.0331,121.3664,龜山,C0C640,2017-01-15T01:00:00+08:00,177.0,53.0,1.1,11.9,0.92,999.6,-99.0,0.5,-9.9,-99,-999,桃園市,08,龜山區,034
25.0331,121.3664,龜山,C0C640,2017-01-15T02:00:00+08:00,177.0,54.0,1.2,12.4,0.86,999.7,-99.0,0.5,-9.9,-99,-999,桃園市,08,龜山區,034
25.0331,121.3664,龜山,C0C640,2017-01-15T03:00:00+08:00,177.0,40.0,1.0,12.6,0.82,999.7,-99.0,0.5,-9.9,-99,-999,桃園市,08,龜山區,034
25.0331,121.3664,龜山,C0C640,2017-01-15T04:00:00+08:00,177.0,66.0,1.3,12.6,0.83,999.4,-99.0,0.5,-9.9,-99,-999,桃園市,08,龜山區,034
25.0331,121.3664,龜山,C0C640,2017-01-15T05:00:00+08:00,177.0,49.0,1.1,12.3,0.86,999.7,-99.0,0.5,-9.9,-99,-999,桃園市,08,龜山區,034
25.0331,121.3664,龜山,C0C640,2017-01-15T06:00:00+08:00,177.0,53.0,1.4,12.0,0.90,1000.1,-99.0,0.5,-9.9,-99,-999,桃園市,08,龜山區,034
25.0331,121.3664,龜山,C0C640,2017-01-15T07:00:00+08:00,177.0,35.0,1.3,12.0,0.89,999.5,-99.0,0.5,-9.9,-99,-999,桃園市,08,龜山區,034
25.0331,121.3664,龜山,C0C640,2017-01-15T08:00:00+08:00,177.0,49.0,1.0,12.7,0.87,1000.8,-99.0,0.5,-9.9,-99,-999,桃園市,08,龜山區,034
25.0331,121.3664,龜山,C0C640,2017-01-15T09:00:00+08:00,177.0,45.0,1.2,12.7,0.87,1001.4,-99.0,0.5,-9.9,-99,-999,桃園市,08,龜山區,034
25.0331,121.3664,龜山,C0C640,2017-01-15T10:00:00+08:00,177.0,30.0,0.8,13.1,0.84,1001.2,-99.0,0.5,-9.9,-99,-999,桃園市,08,龜山區,034
25.0331,121.3664,龜山,C0C640,2017-01-15T11:00:00+08:00,177.0,67.0,1.6,13.4,0.81,1000.7,-99.0,0.5,-9.9,-99,-999,桃園市,08,龜山區,034
25.0331,121.3664,龜山,C0C640,2017-01-15T12:00:00+08:00,177.0,46.0,1.3,12.9,0.87,999.8,-99.0,0.5,-9.9,-99,-999,桃園市,08,龜山區,034
25.0331,121.3664,龜山,C0C640,2017-01-15T13:00:00+08:00,177.0,33.0,1.0,13.4,0.86,998.8,-99.0,0.5,-9.9,-99,-999,桃園市,08,龜山區,034
25.0331,121.3664,龜山,C0C640,2017-01-15T14:00:00+08:00,177.0,39.0,1.1,13.5,0.85,998.4,-99.0,0.5,-9.9,-99,-999,桃園市,08,龜山區,034
25.0331,121.3664,龜山,C0C640,2017-01-15T15:00:00+08:00,177.0,46.0,1.0,13.3,0.85,998.5,-99.0,0.5,-9.9,-99,-999,桃園市,08,龜山區,034
25.0331,121.3664,龜山,C0C640,2017-01-15T16:00:00+08:00,177.0,56.0,1.0,12.8,0.87,999.2,-99.0,0.5,-9.9,-99,-999,桃園市,08,龜山區,034
25.0331,121.3664,龜山,C0C640,2017-01-15T17:00:00+08:00,177.0,42.0,1.1,12.4,0.91,999.2,-99.0,0.5,-9.9,-99,-999,桃園市,08,龜山區,034
25.0331,121.3664,龜山,C0C640,2017-01-15T18:00:00+08:00,177.0,31.0,0.9,12.5,0.89,999.4,-99.0,0.5,-9.9,-99,-999,桃園市,08,龜山區,034
25.0331,121.3664,龜山,C0C640,2017-01-15T19:00:00+08:00,177.0,58.0,1.1,12.5,0.90,999.7,-99.0,0.5,-9.9,-99,-999,桃園市,08,龜山區,034
25.0331,121.3664,龜山,C0C640,2017-01-15T20:00:00+08:00,177.0,44.0,1.1,12.5,0.89,999.9,-99.0,0.5,-9.9,-99,-999,桃園市,08,龜山區,034
25.0331,121.3664,龜山,C0C640,2017-01-15T21:00:00+08:00,177.0,28.0,0.9,12.4,0.91,1000.2,-99.0,0.5,-9.9,-99,-999,桃園市,08,龜山區,034
25.0331,121.3664,龜山,C0C640,2017-01-15T22:00:00+08:00,177.0,27.0,0.9,12.4,0.94,999.9,-99.0,0.5,-9.9,-99,-999,桃園市,08,龜山區,034
25.0331,121.3664,龜山,C0C640,2017-01-15T23:00:00+08:00,177.0,48.0,0.9,12.3,0.95,999.2,-99.0,0.5,-9.9,-99,-999,桃園市,08,龜山區,034
25.0331,121.3664,龜山,C0C640,2017-01-16T00:00:00+08:00,177.0,58.0,1.2,12.4,0.94,999.5,-99.0,1.0,-9.9,-99,-999,桃園市,08,龜山區,034
25.0331,121.3664,龜山,C0C640,2017-01-16T01:00:00+08:00,177.0,45.0,0.7,12.4,0.95,1000.1,-99.0,0.0,-9.9,-99,-999,桃園市,08,龜山區,034
25.0331,121.3664,龜山,C0C640,2017-01-16T02:00:00+08:00,177.0,63.0,1.1,12.4,0.94,999.6,-99.0,0.0,-9.9,-99,-999,桃園市,08,龜山區,034
25.0331,121.3664,龜山,C0C640,2017-01-16T03:00:00+08:00,177.0,43.0,0.7,12.4,0.94,999.5,-99.0,0.0,-9.9,-99,-999,桃園市,08,龜山區,034
25.0331,121.3664,龜山,C0C640,2017-01-16T04:00:00+08:00,177.0,69.0,1.0,12.5,0.94,999.9,-99.0,0.0,-9.9,-99,-999,桃園市,08,龜山區,034
25.0331,121.3664,龜山,C0C640,2017-01-16T05:00:00+08:00,177.0,30.0,0.7,12.4,0.94,1000.1,-99.0,0.0,-9.9,-99,-999,桃園市,08,龜山區,034
25.0331,121.3664,龜山,C0C640,2017-01-16T06:00:00+08:00,177.0,50.0,0.5,12.3,0.93,1000.5,-99.0,0.0,-9.9,-99,-999,桃園市,08,龜山區,034
25.0331,121.3664,龜山,C0C640,2017-01-16T07:00:00+08:00,177.0,33.0,0.9,12.2,0.91,1000.8,-99.0,0.0,-9.9,-99,-999,桃園市,08,龜山區,034
25.0331,121.3664,龜山,C0C640,2017-01-16T08:00:00+08:00,177.0,23.0,1.0,12.7,0.90,1001.1,-99.0,0.0,-9.9,-99,-999,桃園市,08,龜山區,034
25.0331,121.3664,龜山,C0C640,2017-01-16T10:00:00+08:00,177.0,45.0,1.3,14.4,0.81,1001.4,-99.0,0.0,-9.9,-99,-999,桃園市,08,龜山區,034
25.0331,121.3664,龜山,C0C640,2017-01-16T11:00:00+08:00,177.0,42.0,1.2,14.5,0.78,1000.9,-99.0,0.0,-9.9,-99,-999,桃園市,08,龜山區,034
25.0331,121.3664,龜山,C0C640,2017-01-16T12:00:00+08:00,177.0,52.0,1.2,15.0,0.77,1000.1,-99.0,0.0,-9.9,-99,-999,桃園市,08,龜山區,034
25.0331,121.3664,龜山,C0C640,2017-01-16T13:00:00+08:00,177.0,36.0,1.0,14.9,0.78,999.2,-99.0,0.0,-9.9,-99,-999,桃園市,08,龜山區,034
25.0331,121.3664,龜山,C0C640,2017-01-16T14:00:00+08:00,177.0,34.0,1.3,14.4,0.82,998.6,-99.0,0.0,-9.9,-99,-999,桃園市,08,龜山區,034
25.0331,121.3664,龜山,C0C640,2017-01-16T15:00:00+08:00,177.0,58.0,1.6,14.5,0.79,998.5,-99.0,0.0,-9.9,-99,-999,桃園市,08,龜山區,034
25.0331,121.3664,龜山,C0C640,2017-01-16T16:00:00+08:00,177.0,41.0,1.4,14.5,0.78,998.4,-99.0,0.0,-9.9,-99,-999,桃園市,08,龜山區,034
25.0331,121.3664,龜山,C0C640,2017-01-16T18:00:00+08:00,177.0,33.0,1.1,14.2,0.79,999.4,-99.0,0.0,-9.9,-99,-999,桃園市,08,龜山區,034
25.0331,121.3664,龜山,C0C640,2017-01-16T19:00:00+08:00,177.0,25.0,1.3,14.2,0.77,999.6,-99.0,0.0,-9.9,-99,-999,桃園市,08,龜山區,034
25.0331,121.3664,龜山,C0C640,2017-01-16T20:00:00+08:00,177.0,28.0,1.2,14.3,0.77,999.9,-99.0,0.0,-9.9,-99,-999,桃園市,08,龜山區,034
25.0331,121.3664,龜山,C0C640,2017-01-16T22:00:00+08:00,177.0,31.0,1.1,14.3,0.80,1000.4,-99.0,0.0,-9.9,-99,-999,桃園市,08,龜山區,034
25.0331,121.3664,龜山,C0C640,2017-01-17T07:00:00+08:00,177.0,53.0,1.3,15.0,0.82,1000.7,-99.0,0.0,-9.9,-99,-999,桃園市,08,龜山區,034
25.0331,121.3664,龜山,C0C640,2017-01-17T08:00:00+08:00,177.0,51.0,1.3,16.0,0.78,1001.0,-99.0,0.0,-9.9,-99,-999,桃園市,08,龜山區,034
25.0331,121.3664,龜山,C0C640,2017-01-17T09:00:00+08:00,177.0,64.0,1.8,17.4,0.73,1001.2,-99.0,0.0,-9.9,-99,-999,桃園市,08,龜山區,034
25.0331,121.3664,龜山,C0C640,2017-01-17T15:00:00+08:00,177.0,59.0,1.0,21.0,0.67,997.2,-99.0,0.0,-9.9,-99,-999,桃園市,08,龜山區,034
25.0331,121.3664,龜山,C0C640,2017-01-17T16:00:00+08:00,177.0,60.0,1.1,20.2,0.68,997.5,-99.0,0.0,-9.9,-99,-999,桃園市,08,龜山區,034
25.0331,121.3664,龜山,C0C640,2017-01-17T17:00:00+08:00,177.0,63.0,1.0,19.5,0.71,998.2,-99.0,0.0,-9.9,-99,-999,桃園市,08,龜山區,034
25.0331,121.3664,龜山,C0C640,2017-01-17T18:00:00+08:00,177.0,13.0,0.6,18.9,0.75,998.4,-99.0,0.0,-9.9,-99,-999,桃園市,08,龜山區,034
25.0331,121.3664,龜山,C0C640,2017-01-17T19:00:00+08:00,177.0,63.0,0.8,18.8,0.77,999.0,-99.0,0.0,-9.9,-99,-999,桃園市,08,龜山區,034
25.0331,121.3664,龜山,C0C640,2017-01-17T20:00:00+08:00,177.0,63.0,0.5,18.5,0.78,999.3,-99.0,0.0,-9.9,-99,-999,桃園市,08,龜山區,034
25.0331,121.3664,龜山,C0C640,2017-01-17T21:00:00+08:00,177.0,72.0,0.9,18.4,0.80,999.7,-99.0,0.0,-9.9,-99,-999,桃園市,08,龜山區,034
25.0331,121.3664,龜山,C0C640,2017-01-17T22:00:00+08:00,177.0,60.0,0.3,18.2,0.81,999.8,-99.0,0.0,-9.9,-99,-999,桃園市,08,龜山區,034
25.0331,121.3664,龜山,C0C640,2017-01-17T23:00:00+08:00,177.0,0.0,0.0,17.3,0.87,999.9,-99.0,0.0,-9.9,-99,-999,桃園市,08,龜山區,034
25.0331,121.3664,龜山,C0C640,2017-01-18T00:00:00+08:00,177.0,0.0,0.2,16.9,0.90,999.9,-99.0,0.0,-9.9,-99,-999,桃園市,08,龜山區,034
25.0331,121.3664,龜山,C0C640,2017-01-18T01:00:00+08:00,177.0,0.0,0.0,16.6,0.92,999.8,-99.0,0.0,-9.9,-99,-999,桃園市,08,龜山區,034
25.0331,121.3664,龜山,C0C640,2017-01-18T02:00:00+08:00,177.0,227.0,0.3,16.2,0.93,999.8,-99.0,0.0,-9.9,-99,-999,桃園市,08,龜山區,034
25.0331,121.3664,龜山,C0C640,2017-01-18T03:00:00+08:00,177.0,250.0,0.5,16.4,0.93,1000.2,-99.0,0.0,-9.9,-99,-999,桃園市,08,龜山區,034
25.0331,121.3664,龜山,C0C640,2017-01-18T04:00:00+08:00,177.0,0.0,0.1,16.4,0.94,1000.4,-99.0,0.0,-9.9,-99,-999,桃園市,08,龜山區,034
25.0331,121.3664,龜山,C0C640,2017-01-18T05:00:00+08:00,177.0,0.0,0.1,16.7,0.94,1000.5,-99.0,0.0,-9.9,-99,-999,桃園市,08,龜山區,034
25.0331,121.3664,龜山,C0C640,2017-01-18T06:00:00+08:00,177.0,0.0,0.1,16.9,0.94,1001.0,-99.0,0.0,-9.9,-99,-999,桃園市,08,龜山區,034
25.0331,121.3664,龜山,C0C640,2017-01-18T07:00:00+08:00,177.0,154.0,0.3,17.1,0.94,1001.3,-99.0,0.0,-9.9,-99,-999,桃園市,08,龜山區,034
25.0331,121.3664,龜山,C0C640,2017-01-18T08:00:00+08:00,177.0,269.0,0.3,18.5,0.90,1001.6,-99.0,0.0,-9.9,-99,-999,桃園市,08,龜山區,034
25.0331,121.3664,龜山,C0C640,2017-01-18T10:00:00+08:00,177.0,311.0,0.8,19.4,0.83,1001.7,-99.0,0.0,-9.9,-99,-999,桃園市,08,龜山區,034
25.0331,121.3664,龜山,C0C640,2017-01-18T11:00:00+08:00,177.0,359.0,0.5,20.1,0.80,1000.9,-99.0,0.0,-9.9,-99,-999,桃園市,08,龜山區,034
25.0331,121.3664,龜山,C0C640,2017-01-18T12:00:00+08:00,177.0,59.0,0.7,21.0,0.74,999.4,-99.0,0.0,-9.9,-99,-999,桃園市,08,龜山區,034
25.0331,121.3664,龜山,C0C640,2017-01-18T13:00:00+08:00,177.0,24.0,0.6,20.5,0.80,998.6,-99.0,0.0,-9.9,-99,-999,桃園市,08,龜山區,034
25.0331,121.3664,龜山,C0C640,2017-01-18T14:00:00+08:00,177.0,6.0,0.7,21.2,0.75,998.4,-99.0,0.0,-9.9,-99,-999,桃園市,08,龜山區,034
25.0331,121.3664,龜山,C0C640,2017-01-18T15:00:00+08:00,177.0,344.0,1.1,19.6,0.84,998.4,-99.0,0.0,-9.9,-99,-999,桃園市,08,龜山區,034
25.0331,121.3664,龜山,C0C640,2017-01-18T16:00:00+08:00,177.0,353.0,1.1,18.4,0.92,998.7,-99.0,0.0,-9.9,-99,-999,桃園市,08,龜山區,034
25.0331,121.3664,龜山,C0C640,2017-01-18T17:00:00+08:00,177.0,46.0,1.2,18.0,0.93,998.9,-99.0,0.0,-9.9,-99,-999,桃園市,08,龜山區,034
25.0331,121.3664,龜山,C0C640,2017-01-18T18:00:00+08:00,177.0,12.0,0.5,17.9,0.94,999.1,-99.0,0.0,-9.9,-99,-999,桃園市,08,龜山區,034
25.0331,121.3664,龜山,C0C640,2017-01-18T19:00:00+08:00,177.0,10.0,0.6,17.5,0.95,999.4,-99.0,0.0,-9.9,-99,-999,桃園市,08,龜山區,034
25.0331,121.3664,龜山,C0C640,2017-01-18T20:00:00+08:00,177.0,74.0,1.0,17.5,0.95,999.8,-99.0,0.0,-9.9,-99,-999,桃園市,08,龜山區,034
25.0331,121.3664,龜山,C0C640,2017-01-18T21:00:00+08:00,177.0,74.0,0.9,17.6,0.94,999.8,-99.0,0.0,-9.9,-99,-999,桃園市,08,龜山區,034
25.0331,121.3664,龜山,C0C640,2017-01-18T22:00:00+08:00,177.0,0.0,0.1,17.5,0.94,999.6,-99.0,0.0,-9.9,-99,-999,桃園市,08,龜山區,034
25.0331,121.3664,龜山,C0C640,2017-01-18T23:00:00+08:00,177.0,0.0,0.0,17.7,0.93,999.6,-99.0,0.0,-9.9,-99,-999,桃園市,08,龜山區,034
25.0331,121.3664,龜山,C0C640,2017-01-19T00:00:00+08:00,177.0,0.0,0.0,17.7,0.94,999.6,-99.0,0.0,-9.9,-99,-999,桃園市,08,龜山區,034
25.0331,121.3664,龜山,C0C640,2017-01-19T01:00:00+08:00,177.0,258.0,0.5,17.6,0.93,999.7,-99.0,0.0,-9.9,-99,-999,桃園市,08,龜山區,034
25.0331,121.3664,龜山,C0C640,2017-01-19T02:00:00+08:00,177.0,312.0,0.5,17.6,0.93,999.7,-99.0,0.0,-9.9,-99,-999,桃園市,08,龜山區,034
25.0331,121.3664,龜山,C0C640,2017-01-19T03:00:00+08:00,177.0,0.0,0.1,17.5,0.94,999.4,-99.0,0.0,-9.9,-99,-999,桃園市,08,龜山區,034
25.0331,121.3664,龜山,C0C640,2017-01-19T04:00:00+08:00,177.0,324.0,0.4,17.4,0.93,999.4,-99.0,0.0,-9.9,-99,-999,桃園市,08,龜山區,034
25.0331,121.3664,龜山,C0C640,2017-01-19T05:00:00+08:00,177.0,275.0,0.3,17.3,0.94,999.6,-99.0,0.0,-9.9,-99,-999,桃園市,08,龜山區,034
25.0331,121.3664,龜山,C0C640,2017-01-19T06:00:00+08:00,177.0,266.0,0.3,17.0,0.95,999.8,-99.0,0.0,-9.9,-99,-999,桃園市,08,龜山區,034
25.0331,121.3664,龜山,C0C640,2017-01-19T07:00:00+08:00,177.0,355.0,0.4,16.9,0.95,1000.3,-99.0,0.0,-9.9,-99,-999,桃園市,08,龜山區,034
25.0331,121.3664,龜山,C0C640,2017-01-19T08:00:00+08:00,177.0,1.0,0.5,17.0,0.93,1000.9,-99.0,0.0,-9.9,-99,-999,桃園市,08,龜山區,034
25.0331,121.3664,龜山,C0C640,2017-01-19T09:00:00+08:00,177.0,0.0,0.2,17.3,0.94,1001.2,-99.0,0.5,-9.9,-99,-999,桃園市,08,龜山區,034
25.0331,121.3664,龜山,C0C640,2017-01-19T10:00:00+08:00,177.0,353.0,0.8,17.3,0.93,1001.0,-99.0,0.5,-9.9,-99,-999,桃園市,08,龜山區,034
25.0331,121.3664,龜山,C0C640,2017-01-19T11:00:00+08:00,177.0,44.0,0.5,17.6,0.91,1000.5,-99.0,0.5,-9.9,-99,-999,桃園市,08,龜山區,034
25.0331,121.3664,龜山,C0C640,2017-01-19T12:00:00+08:00,177.0,56.0,0.4,18.1,0.88,999.2,-99.0,0.5,-9.9,-99,-999,桃園市,08,龜山區,034
25.0331,121.3664,龜山,C0C640,2017-01-19T13:00:00+08:00,177.0,61.0,0.5,18.0,0.87,998.1,-99.0,0.5,-9.9,-99,-999,桃園市,08,龜山區,034
25.0331,121.3664,龜山,C0C640,2017-01-19T14:00:00+08:00,177.0,1.0,0.8,18.1,0.85,996.7,-99.0,0.5,-9.9,-99,-999,桃園市,08,龜山區,034
25.0331,121.3664,龜山,C0C640,2017-01-19T15:00:00+08:00,177.0,337.0,0.9,17.9,0.88,996.9,-99.0,0.5,-9.9,-99,-999,桃園市,08,龜山區,034
25.0331,121.3664,龜山,C0C640,2017-01-19T16:00:00+08:00,177.0,38.0,0.6,17.4,0.86,997.3,-99.0,0.5,-9.9,-99,-999,桃園市,08,龜山區,034
25.0331,121.3664,龜山,C0C640,2017-01-19T17:00:00+08:00,177.0,57.0,1.2,17.3,0.87,997.6,-99.0,0.5,-9.9,-99,-999,桃園市,08,龜山區,034
25.0331,121.3664,龜山,C0C640,2017-01-19T18:00:00+08:00,177.0,29.0,0.7,16.8,0.91,998.1,-99.0,0.5,-9.9,-99,-999,桃園市,08,龜山區,034
25.0331,121.3664,龜山,C0C640,2017-01-19T19:00:00+08:00,177.0,62.0,0.8,16.5,0.94,998.5,-99.0,0.5,-9.9,-99,-999,桃園市,08,龜山區,034
25.0331,121.3664,龜山,C0C640,2017-01-19T20:00:00+08:00,177.0,61.0,0.8,16.3,0.94,998.8,-99.0,0.5,-9.9,-99,-999,桃園市,08,龜山區,034
25.0331,121.3664,龜山,C0C640,2017-01-19T21:00:00+08:00,177.0,79.0,0.8,16.3,0.96,999.2,-99.0,1.0,-9.9,-99,-999,桃園市,08,龜山區,034
25.0331,121.3664,龜山,C0C640,2017-01-19T22:00:00+08:00,177.0,41.0,0.3,16.1,0.96,999.2,-99.0,1.0,-9.9,-99,-999,桃園市,08,龜山區,034
25.0331,121.3664,龜山,C0C640,2017-01-19T23:00:00+08:00,177.0,57.0,0.6,16.0,0.95,999.4,-99.0,1.0,-9.9,-99,-999,桃園市,08,龜山區,034
25.0331,121.3664,龜山,C0C640,2017-01-20T00:00:00+08:00,177.0,31.0,0.7,15.5,0.95,999.8,-99.0,1.0,-9.9,-99,-999,桃園市,08,龜山區,034
25.0331,121.3664,龜山,C0C640,2017-01-20T01:00:00+08:00,177.0,57.0,0.9,15.1,0.95,1000.0,-99.0,0.5,-9.9,-99,-999,桃園市,08,龜山區,034
25.0331,121.3664,龜山,C0C640,2017-01-20T02:00:00+08:00,177.0,52.0,0.9,14.4,0.95,1000.5,-99.0,1.0,-9.9,-99,-999,桃園市,08,龜山區,034
25.0331,121.3664,龜山,C0C640,2017-01-20T03:00:00+08:00,177.0,34.0,1.3,13.6,0.94,1000.5,-99.0,1.5,-9.9,-99,-999,桃園市,08,龜山區,034
25.0331,121.3664,龜山,C0C640,2017-01-20T04:00:00+08:00,177.0,24.0,1.1,13.0,0.94,1000.9,-99.0,1.5,-9.9,-99,-999,桃園市,08,龜山區,034
25.0331,121.3664,龜山,C0C640,2017-01-20T05:00:00+08:00,177.0,44.0,1.1,12.6,0.95,1001.5,-99.0,2.5,-9.9,-99,-999,桃園市,08,龜山區,034
25.0331,121.3664,龜山,C0C640,2017-01-20T06:00:00+08:00,177.0,40.0,1.0,12.5,0.94,1002.3,-99.0,2.5,-9.9,-99,-999,桃園市,08,龜山區,034
25.0331,121.3664,龜山,C0C640,2017-01-20T07:00:00+08:00,177.0,39.0,0.9,12.4,0.94,1003.0,-99.0,3.0,-9.9,-99,-999,桃園市,08,龜山區,034
25.0331,121.3664,龜山,C0C640,2017-01-20T08:00:00+08:00,177.0,53.0,1.0,12.3,0.93,1003.6,-99.0,3.0,-9.9,-99,-999,桃園市,08,龜山區,034
25.0331,121.3664,龜山,C0C640,2017-01-20T09:00:00+08:00,177.0,53.0,1.0,12.4,0.92,1004.5,-99.0,3.0,-9.9,-99,-999,桃園市,08,龜山區,034
25.0331,121.3664,龜山,C0C640,2017-01-20T10:00:00+08:00,177.0,46.0,1.1,12.0,0.90,1004.6,-99.0,3.5,-9.9,-99,-999,桃園市,08,龜山區,034
25.0331,121.3664,龜山,C0C640,2017-01-20T11:00:00+08:00,177.0,46.0,0.8,11.7,0.90,1004.7,-99.0,3.5,-9.9,-99,-999,桃園市,08,龜山區,034
25.0331,121.3664,龜山,C0C640,2017-01-20T12:00:00+08:00,177.0,53.0,0.9,11.6,0.90,1004.1,-99.0,3.5,-9.9,-99,-999,桃園市,08,龜山區,034
25.0331,121.3664,龜山,C0C640,2017-01-20T13:00:00+08:00,177.0,57.0,1.0,10.9,0.90,1003.3,-99.0,3.5,-9.9,-99,-999,桃園市,08,龜山區,034
25.0331,121.3664,龜山,C0C640,2017-01-20T14:00:00+08:00,177.0,63.0,1.0,10.8,0.89,1003.0,-99.0,3.5,-9.9,-99,-999,桃園市,08,龜山區,034
25.0331,121.3664,龜山,C0C640,2017-01-20T15:00:00+08:00,177.0,62.0,1.0,9.9,0.90,1003.3,-99.0,4.0,-9.9,-99,-999,桃園市,08,龜山區,034
25.0331,121.3664,龜山,C0C640,2017-01-20T16:00:00+08:00,177.0,37.0,0.6,10.0,0.85,1003.6,-99.0,4.0,-9.9,-99,-999,桃園市,08,龜山區,034
25.0331,121.3664,龜山,C0C640,2017-01-20T17:00:00+08:00,177.0,60.0,1.3,10.4,0.75,1004.0,-99.0,4.0,-9.9,-99,-999,桃園市,08,龜山區,034
25.0331,121.3664,龜山,C0C640,2017-01-20T18:00:00+08:00,177.0,53.0,1.3,10.5,0.73,1004.5,-99.0,4.0,-9.9,-99,-999,桃園市,08,龜山區,034
25.0331,121.3664,龜山,C0C640,2017-01-20T19:00:00+08:00,177.0,59.0,1.6,10.6,0.69,1004.8,-99.0,4.0,-9.9,-99,-999,桃園市,08,龜山區,034
25.0331,121.3664,龜山,C0C640,2017-01-20T20:00:00+08:00,177.0,60.0,1.8,10.7,0.68,1005.3,-99.0,4.0,-9.9,-99,-999,桃園市,08,龜山區,034
25.0331,121.3664,龜山,C0C640,2017-01-20T21:00:00+08:00,177.0,65.0,1.4,10.7,0.68,1005.4,-99.0,4.0,-9.9,-99,-999,桃園市,08,龜山區,034
25.0331,121.3664,龜山,C0C640,2017-01-20T22:00:00+08:00,177.0,57.0,1.6,10.9,0.68,1005.2,-99.0,4.0,-9.9,-99,-999,桃園市,08,龜山區,034
25.0331,121.3664,龜山,C0C640,2017-01-20T23:00:00+08:00,177.0,52.0,1.2,11.0,0.69,1004.9,-99.0,4.0,-9.9,-99,-999,桃園市,08,龜山區,034
25.0331,121.3664,龜山,C0C640,2017-01-21T00:00:00+08:00,177.0,55.0,1.8,10.9,0.68,1004.8,-99.0,4.0,-9.9,-99,-999,桃園市,08,龜山區,034
25.0331,121.3664,龜山,C0C640,2017-01-21T01:00:00+08:00,177.0,63.0,1.7,10.8,0.68,1004.6,-99.0,0.0,-9.9,-99,-999,桃園市,08,龜山區,034
25.0331,121.3664,龜山,C0C640,2017-01-21T02:00:00+08:00,177.0,68.0,2.1,10.9,0.70,1004.5,-99.0,0.0,-9.9,-99,-999,桃園市,08,龜山區,034
25.0331,121.3664,龜山,C0C640,2017-01-21T03:00:00+08:00,177.0,52.0,1.5,10.7,0.74,1004.4,-99.0,0.0,-9.9,-99,-999,桃園市,08,龜山區,034
25.0331,121.3664,龜山,C0C640,2017-01-21T04:00:00+08:00,177.0,67.0,1.5,10.8,0.72,1004.1,-99.0,0.0,-9.9,-99,-999,桃園市,08,龜山區,034
25.0331,121.3664,龜山,C0C640,2017-01-21T05:00:00+08:00,177.0,65.0,1.7,11.0,0.73,1004.1,-99.0,0.0,-9.9,-99,-999,桃園市,08,龜山區,034
25.0331,121.3664,龜山,C0C640,2017-01-21T06:00:00+08:00,177.0,59.0,1.3,11.1,0.74,1004.5,-99.0,0.0,-9.9,-99,-999,桃園市,08,龜山區,034
25.0331,121.3664,龜山,C0C640,2017-01-21T07:00:00+08:00,177.0,71.0,1.3,11.5,0.74,1005.1,-99.0,0.0,-9.9,-99,-999,桃園市,08,龜山區,034
25.0331,121.3664,龜山,C0C640,2017-01-21T08:00:00+08:00,177.0,56.0,1.0,11.8,0.74,1005.4,-99.0,0.0,-9.9,-99,-999,桃園市,08,龜山區,034
25.0331,121.3664,龜山,C0C640,2017-01-21T10:00:00+08:00,177.0,59.0,1.2,13.1,0.72,1005.7,-99.0,0.0,-9.9,-99,-999,桃園市,08,龜山區,034
25.0331,121.3664,龜山,C0C640,2017-01-21T11:00:00+08:00,177.0,61.0,1.0,13.2,0.72,1004.8,-99.0,0.0,-9.9,-99,-999,桃園市,08,龜山區,034
25.0331,121.3664,龜山,C0C640,2017-01-21T12:00:00+08:00,177.0,65.0,0.9,14.0,0.69,1003.9,-99.0,0.0,-9.9,-99,-999,桃園市,08,龜山區,034
25.0331,121.3664,龜山,C0C640,2017-01-21T18:00:00+08:00,177.0,75.0,0.5,12.4,0.86,1003.6,-99.0,0.0,-9.9,-99,-999,桃園市,08,龜山區,034
25.0331,121.3664,龜山,C0C640,2017-01-21T19:00:00+08:00,177.0,49.0,0.3,12.2,0.84,1004.0,-99.0,0.0,-9.9,-99,-999,桃園市,08,龜山區,034
25.0331,121.3664,龜山,C0C640,2017-01-21T20:00:00+08:00,177.0,62.0,0.6,11.8,0.85,1004.3,-99.0,0.0,-9.9,-99,-999,桃園市,08,龜山區,034
25.0331,121.3664,龜山,C0C640,2017-01-21T21:00:00+08:00,177.0,80.0,0.9,12.0,0.85,1004.7,-99.0,0.0,-9.9,-99,-999,桃園市,08,龜山區,034
25.0331,121.3664,龜山,C0C640,2017-01-21T22:00:00+08:00,177.0,42.0,0.3,11.2,0.88,1005.0,-99.0,0.0,-9.9,-99,-999,桃園市,08,龜山區,034
25.0331,121.3664,龜山,C0C640,2017-01-21T23:00:00+08:00,177.0,84.0,0.6,10.6,0.90,1005.1,-99.0,0.0,-9.9,-99,-999,桃園市,08,龜山區,034
25.0331,121.3664,龜山,C0C640,2017-01-22T00:00:00+08:00,177.0,59.0,0.4,10.8,0.93,1005.1,-99.0,0.0,-9.9,-99,-999,桃園市,08,龜山區,034
25.0331,121.3664,龜山,C0C640,2017-01-22T01:00:00+08:00,177.0,48.0,0.3,11.6,0.91,1005.2,-99.0,0.0,-9.9,-99,-999,桃園市,08,龜山區,034
25.0331,121.3664,龜山,C0C640,2017-01-22T02:00:00+08:00,177.0,78.0,0.3,11.8,0.88,1005.0,-99.0,0.0,-9.9,-99,-999,桃園市,08,龜山區,034
25.0331,121.3664,龜山,C0C640,2017-01-22T03:00:00+08:00,177.0,69.0,0.5,12.3,0.79,1005.2,-99.0,0.0,-9.9,-99,-999,桃園市,08,龜山區,034
25.0331,121.3664,龜山,C0C640,2017-01-22T04:00:00+08:00,177.0,64.0,1.0,12.3,0.74,1005.5,-99.0,0.0,-9.9,-99,-999,桃園市,08,龜山區,034
25.0331,121.3664,龜山,C0C640,2017-01-22T05:00:00+08:00,177.0,55.0,0.8,12.3,0.66,1006.1,-99.0,0.0,-9.9,-99,-999,桃園市,08,龜山區,034
25.0331,121.3664,龜山,C0C640,2017-01-22T06:00:00+08:00,177.0,72.0,1.0,12.3,0.62,1006.8,-99.0,0.0,-9.9,-99,-999,桃園市,08,龜山區,034
25.0331,121.3664,龜山,C0C640,2017-01-22T07:00:00+08:00,177.0,0.0,0.2,11.0,0.71,1007.0,-99.0,0.0,-9.9,-99,-999,桃園市,08,龜山區,034
25.0331,121.3664,龜山,C0C640,2017-01-22T08:00:00+08:00,177.0,80.0,0.7,12.3,0.68,1007.2,-99.0,0.0,-9.9,-99,-999,桃園市,08,龜山區,034
25.0331,121.3664,龜山,C0C640,2017-01-22T09:00:00+08:00,177.0,66.0,1.5,13.8,0.58,1007.5,-99.0,0.0,-9.9,-99,-999,桃園市,08,龜山區,034
25.0331,121.3664,龜山,C0C640,2017-01-22T10:00:00+08:00,177.0,56.0,1.2,15.1,0.52,1007.8,-99.0,0.0,-9.9,-99,-999,桃園市,08,龜山區,034
25.0331,121.3664,龜山,C0C640,2017-01-22T11:00:00+08:00,177.0,77.0,1.3,16.2,0.49,1007.1,-99.0,0.0,-9.9,-99,-999,桃園市,08,龜山區,034
25.0331,121.3664,龜山,C0C640,2017-01-22T12:00:00+08:00,177.0,51.0,1.1,16.3,0.50,1006.0,-99.0,0.0,-9.9,-99,-999,桃園市,08,龜山區,034
25.0331,121.3664,龜山,C0C640,2017-01-22T13:00:00+08:00,177.0,47.0,1.4,16.0,0.51,1004.9,-99.0,0.0,-9.9,-99,-999,桃園市,08,龜山區,034
25.0331,121.3664,龜山,C0C640,2017-01-22T14:00:00+08:00,177.0,48.0,1.5,15.6,0.51,1004.5,-99.0,0.0,-9.9,-99,-999,桃園市,08,龜山區,034
25.0331,121.3664,龜山,C0C640,2017-01-22T15:00:00+08:00,177.0,56.0,1.4,14.8,0.56,1004.4,-99.0,0.0,-9.9,-99,-999,桃園市,08,龜山區,034
25.0331,121.3664,龜山,C0C640,2017-01-22T16:00:00+08:00,177.0,64.0,2.1,13.4,0.59,1004.6,-99.0,0.0,-9.9,-99,-999,桃園市,08,龜山區,034
25.0331,121.3664,龜山,C0C640,2017-01-22T17:00:00+08:00,177.0,54.0,1.6,12.5,0.62,1005.2,-99.0,0.0,-9.9,-99,-999,桃園市,08,龜山區,034
25.0331,121.3664,龜山,C0C640,2017-01-22T18:00:00+08:00,177.0,67.0,2.2,12.3,0.64,1005.4,-99.0,0.0,-9.9,-99,-999,桃園市,08,龜山區,034
25.0331,121.3664,龜山,C0C640,2017-01-22T19:00:00+08:00,177.0,54.0,1.7,12.2,0.64,1005.8,-99.0,0.0,-9.9,-99,-999,桃園市,08,龜山區,034
25.0331,121.3664,龜山,C0C640,2017-01-22T20:00:00+08:00,177.0,39.0,1.4,12.4,0.67,1006.2,-99.0,0.0,-9.9,-99,-999,桃園市,08,龜山區,034
25.0331,121.3664,龜山,C0C640,2017-01-22T21:00:00+08:00,177.0,59.0,2.3,12.2,0.62,1006.2,-99.0,0.0,-9.9,-99,-999,桃園市,08,龜山區,034
25.0331,121.3664,龜山,C0C640,2017-01-22T22:00:00+08:00,177.0,68.0,2.3,12.2,0.62,1006.2,-99.0,0.0,-9.9,-99,-999,桃園市,08,龜山區,034
25.0331,121.3664,龜山,C0C640,2017-01-22T23:00:00+08:00,177.0,40.0,1.3,11.9,0.61,1005.5,-99.0,0.0,-9.9,-99,-999,桃園市,08,龜山區,034
25.0331,121.3664,龜山,C0C640,2017-01-23T01:00:00+08:00,177.0,44.0,1.5,11.9,0.67,1005.0,-99.0,0.0,-9.9,-99,-999,桃園市,08,龜山區,034
25.0331,121.3664,龜山,C0C640,2017-01-23T02:00:00+08:00,177.0,40.0,1.4,12.1,0.67,1005.0,-99.0,0.0,-9.9,-99,-999,桃園市,08,龜山區,034
25.0331,121.3664,龜山,C0C640,2017-01-23T03:00:00+08:00,177.0,32.0,1.3,12.2,0.69,1005.0,-99.0,0.0,-9.9,-99,-999,桃園市,08,龜山區,034
25.0331,121.3664,龜山,C0C640,2017-01-23T04:00:00+08:00,177.0,50.0,1.6,12.3,0.69,1004.8,-99.0,0.0,-9.9,-99,-999,桃園市,08,龜山區,034
25.0331,121.3664,龜山,C0C640,2017-01-23T05:00:00+08:00,177.0,44.0,1.3,12.7,0.67,1005.1,-99.0,0.0,-9.9,-99,-999,桃園市,08,龜山區,034
25.0331,121.3664,龜山,C0C640,2017-01-23T06:00:00+08:00,177.0,35.0,1.1,12.6,0.68,1005.4,-99.0,0.0,-9.9,-99,-999,桃園市,08,龜山區,034
25.0331,121.3664,龜山,C0C640,2017-01-23T07:00:00+08:00,177.0,34.0,1.3,12.8,0.66,1006.0,-99.0,0.0,-9.9,-99,-999,桃園市,08,龜山區,034
25.0331,121.3664,龜山,C0C640,2017-01-23T08:00:00+08:00,177.0,63.0,2.0,13.1,0.67,1006.6,-99.0,0.0,-9.9,-99,-999,桃園市,08,龜山區,034
25.0331,121.3664,龜山,C0C640,2017-01-23T09:00:00+08:00,177.0,39.0,1.7,13.4,0.64,1006.8,-99.0,0.0,-9.9,-99,-999,桃園市,08,龜山區,034
25.0331,121.3664,龜山,C0C640,2017-01-23T10:00:00+08:00,177.0,37.0,1.8,13.8,0.61,1006.8,-99.0,0.0,-9.9,-99,-999,桃園市,08,龜山區,034
25.0331,121.3664,龜山,C0C640,2017-01-23T11:00:00+08:00,177.0,53.0,1.9,14.4,0.61,1006.6,-99.0,0.0,-9.9,-99,-999,桃園市,08,龜山區,034
25.0331,121.3664,龜山,C0C640,2017-01-23T12:00:00+08:00,177.0,48.0,2.0,14.5,0.61,1006.0,-99.0,0.0,-9.9,-99,-999,桃園市,08,龜山區,034
25.0331,121.3664,龜山,C0C640,2017-01-23T13:00:00+08:00,177.0,57.0,1.7,14.4,0.60,1005.0,-99.0,0.0,-9.9,-99,-999,桃園市,08,龜山區,034
25.0331,121.3664,龜山,C0C640,2017-01-23T14:00:00+08:00,177.0,55.0,1.6,14.2,0.62,1004.7,-99.0,0.0,-9.9,-99,-999,桃園市,08,龜山區,034
25.0331,121.3664,龜山,C0C640,2017-01-23T15:00:00+08:00,177.0,59.0,1.8,13.4,0.65,1004.8,-99.0,0.0,-9.9,-99,-999,桃園市,08,龜山區,034
25.0331,121.3664,龜山,C0C640,2017-01-23T16:00:00+08:00,177.0,52.0,2.1,13.2,0.65,1005.1,-99.0,0.0,-9.9,-99,-999,桃園市,08,龜山區,034
25.0331,121.3664,龜山,C0C640,2017-01-23T17:00:00+08:00,177.0,59.0,2.1,13.0,0.66,1005.3,-99.0,0.0,-9.9,-99,-999,桃園市,08,龜山區,034
25.0331,121.3664,龜山,C0C640,2017-01-23T18:00:00+08:00,177.0,41.0,1.7,12.8,0.67,1005.8,-99.0,0.0,-9.9,-99,-999,桃園市,08,龜山區,034
25.0331,121.3664,龜山,C0C640,2017-01-23T19:00:00+08:00,177.0,42.0,1.4,12.7,0.68,1006.0,-99.0,0.0,-9.9,-99,-999,桃園市,08,龜山區,034
25.0331,121.3664,龜山,C0C640,2017-01-23T20:00:00+08:00,177.0,33.0,1.4,12.7,0.67,1006.1,-99.0,0.0,-9.9,-99,-999,桃園市,08,龜山區,034
25.0331,121.3664,龜山,C0C640,2017-01-23T21:00:00+08:00,177.0,38.0,1.5,12.5,0.68,1006.1,-99.0,0.0,-9.9,-99,-999,桃園市,08,龜山區,034
25.0331,121.3664,龜山,C0C640,2017-01-23T22:00:00+08:00,177.0,29.0,1.2,12.5,0.69,1006.1,-99.0,0.0,-9.9,-99,-999,桃園市,08,龜山區,034
25.0331,121.3664,龜山,C0C640,2017-01-23T23:00:00+08:00,177.0,40.0,1.4,12.7,0.69,1006.0,-99.0,0.0,-9.9,-99,-999,桃園市,08,龜山區,034
25.0331,121.3664,龜山,C0C640,2017-01-24T00:00:00+08:00,177.0,28.0,1.3,12.5,0.71,1005.8,-99.0,0.0,-9.9,-99,-999,桃園市,08,龜山區,034
25.0331,121.3664,龜山,C0C640,2017-01-24T01:00:00+08:00,177.0,37.0,1.4,12.5,0.73,1005.5,-99.0,0.0,-9.9,-99,-999,桃園市,08,龜山區,034
25.0331,121.3664,龜山,C0C640,2017-01-24T02:00:00+08:00,177.0,48.0,1.4,12.5,0.73,1005.5,-99.0,0.0,-9.9,-99,-999,桃園市,08,龜山區,034
25.0331,121.3664,龜山,C0C640,2017-01-24T03:00:00+08:00,177.0,37.0,0.9,12.6,0.74,1005.0,-99.0,0.0,-9.9,-99,-999,桃園市,08,龜山區,034
25.0331,121.3664,龜山,C0C640,2017-01-24T04:00:00+08:00,177.0,34.0,1.3,12.5,0.76,1004.7,-99.0,0.0,-9.9,-99,-999,桃園市,08,龜山區,034
25.0331,121.3664,龜山,C0C640,2017-01-24T05:00:00+08:00,177.0,23.0,1.3,12.3,0.77,1004.6,-99.0,0.0,-9.9,-99,-999,桃園市,08,龜山區,034
25.0331,121.3664,龜山,C0C640,2017-01-24T06:00:00+08:00,177.0,51.0,1.5,12.5,0.75,1004.9,-99.0,0.0,-9.9,-99,-999,桃園市,08,龜山區,034
25.0331,121.3664,龜山,C0C640,2017-01-24T07:00:00+08:00,177.0,35.0,1.3,12.5,0.77,1005.6,-99.0,0.0,-9.9,-99,-999,桃園市,08,龜山區,034
25.0331,121.3664,龜山,C0C640,2017-01-24T08:00:00+08:00,177.0,31.0,1.2,12.8,0.80,1005.7,-99.0,0.0,-9.9,-99,-999,桃園市,08,龜山區,034
25.0331,121.3664,龜山,C0C640,2017-01-24T10:00:00+08:00,177.0,38.0,1.8,13.9,0.77,1006.3,-99.0,0.0,-9.9,-99,-999,桃園市,08,龜山區,034
25.0331,121.3664,龜山,C0C640,2017-01-24T11:00:00+08:00,177.0,42.0,1.6,14.6,0.75,1005.9,-99.0,0.0,-9.9,-99,-999,桃園市,08,龜山區,034
25.0331,121.3664,龜山,C0C640,2017-01-24T12:00:00+08:00,177.0,55.0,2.1,15.1,0.73,1005.0,-99.0,0.0,-9.9,-99,-999,桃園市,08,龜山區,034
25.0331,121.3664,龜山,C0C640,2017-01-24T13:00:00+08:00,177.0,65.0,2.0,14.7,0.74,1004.3,-99.0,0.0,-9.9,-99,-999,桃園市,08,龜山區,034
25.0331,121.3664,龜山,C0C640,2017-01-24T14:00:00+08:00,177.0,42.0,1.3,14.5,0.75,1004.1,-99.0,0.0,-9.9,-99,-999,桃園市,08,龜山區,034
25.0331,121.3664,龜山,C0C640,2017-01-24T15:00:00+08:00,177.0,32.0,1.5,14.5,0.75,1004.2,-99.0,0.0,-9.9,-99,-999,桃園市,08,龜山區,034
25.0331,121.3664,龜山,C0C640,2017-01-24T16:00:00+08:00,177.0,43.0,1.3,14.0,0.78,1004.7,-99.0,0.0,-9.9,-99,-999,桃園市,08,龜山區,034
25.0331,121.3664,龜山,C0C640,2017-01-24T17:00:00+08:00,177.0,33.0,1.2,13.2,0.80,1005.2,-99.0,0.0,-9.9,-99,-999,桃園市,08,龜山區,034
25.0331,121.3664,龜山,C0C640,2017-01-24T18:00:00+08:00,177.0,48.0,1.1,12.8,0.82,1005.8,-99.0,0.0,-9.9,-99,-999,桃園市,08,龜山區,034
25.0331,121.3664,龜山,C0C640,2017-01-24T19:00:00+08:00,177.0,29.0,0.9,12.6,0.85,1006.1,-99.0,0.0,-9.9,-99,-999,桃園市,08,龜山區,034
25.0331,121.3664,龜山,C0C640,2017-01-24T20:00:00+08:00,177.0,47.0,1.1,12.5,0.86,1006.8,-99.0,0.0,-9.9,-99,-999,桃園市,08,龜山區,034
25.0331,121.3664,龜山,C0C640,2017-01-24T21:00:00+08:00,177.0,23.0,0.7,12.6,0.86,1007.3,-99.0,0.0,-9.9,-99,-999,桃園市,08,龜山區,034
25.0331,121.3664,龜山,C0C640,2017-01-24T22:00:00+08:00,177.0,22.0,0.7,12.7,0.85,1007.4,-99.0,0.0,-9.9,-99,-999,桃園市,08,龜山區,034
25.0331,121.3664,龜山,C0C640,2017-01-24T23:00:00+08:00,177.0,42.0,0.8,12.8,0.86,1007.2,-99.0,0.0,-9.9,-99,-999,桃園市,08,龜山區,034
25.0331,121.3664,龜山,C0C640,2017-01-25T00:00:00+08:00,177.0,37.0,1.0,12.6,0.87,1006.8,-99.0,0.0,-9.9,-99,-999,桃園市,08,龜山區,034
25.0331,121.3664,龜山,C0C640,2017-01-25T01:00:00+08:00,177.0,41.0,1.1,12.5,0.88,1006.4,-99.0,0.0,-9.9,-99,-999,桃園市,08,龜山區,034
25.0331,121.3664,龜山,C0C640,2017-01-25T02:00:00+08:00,177.0,24.0,1.2,12.3,0.89,1005.5,-99.0,0.0,-9.9,-99,-999,桃園市,08,龜山區,034
25.0331,121.3664,龜山,C0C640,2017-01-25T03:00:00+08:00,177.0,30.0,1.4,12.4,0.88,1004.7,-99.0,0.0,-9.9,-99,-999,桃園市,08,龜山區,034
25.0331,121.3664,龜山,C0C640,2017-01-25T04:00:00+08:00,177.0,37.0,1.1,12.7,0.84,1004.1,-99.0,0.0,-9.9,-99,-999,桃園市,08,龜山區,034
25.0331,121.3664,龜山,C0C640,2017-01-25T05:00:00+08:00,177.0,21.0,1.2,12.9,0.84,1004.2,-99.0,0.0,-9.9,-99,-999,桃園市,08,龜山區,034
25.0331,121.3664,龜山,C0C640,2017-01-25T06:00:00+08:00,177.0,29.0,1.1,13.2,0.86,1004.4,-99.0,0.0,-9.9,-99,-999,桃園市,08,龜山區,034
25.0331,121.3664,龜山,C0C640,2017-01-25T07:00:00+08:00,177.0,32.0,1.1,13.4,0.83,1004.4,-99.0,0.0,-9.9,-99,-999,桃園市,08,龜山區,034
25.0331,121.3664,龜山,C0C640,2017-01-25T08:00:00+08:00,177.0,45.0,1.2,14.1,0.82,1004.9,-99.0,0.0,-9.9,-99,-999,桃園市,08,龜山區,034
25.0331,121.3664,龜山,C0C640,2017-01-25T09:00:00+08:00,177.0,32.0,1.1,14.4,0.83,1005.2,-99.0,0.0,-9.9,-99,-999,桃園市,08,龜山區,034
25.0331,121.3664,龜山,C0C640,2017-01-25T10:00:00+08:00,177.0,62.0,1.0,14.9,0.81,1005.7,-99.0,0.0,-9.9,-99,-999,桃園市,08,龜山區,034
25.0331,121.3664,龜山,C0C640,2017-01-25T11:00:00+08:00,177.0,63.0,1.1,15.3,0.83,1005.2,-99.0,0.0,-9.9,-99,-999,桃園市,08,龜山區,034
25.0331,121.3664,龜山,C0C640,2017-01-25T12:00:00+08:00,177.0,55.0,0.6,15.9,0.78,1004.7,-99.0,0.0,-9.9,-99,-999,桃園市,08,龜山區,034
25.0331,121.3664,龜山,C0C640,2017-01-25T13:00:00+08:00,177.0,32.0,0.6,16.0,0.76,1003.7,-99.0,0.0,-9.9,-99,-999,桃園市,08,龜山區,034
25.0331,121.3664,龜山,C0C640,2017-01-25T14:00:00+08:00,177.0,39.0,0.8,16.3,0.73,1003.3,-99.0,0.0,-9.9,-99,-999,桃園市,08,龜山區,034
25.0331,121.3664,龜山,C0C640,2017-01-25T15:00:00+08:00,177.0,41.0,0.6,15.1,0.77,1003.3,-99.0,0.0,-9.9,-99,-999,桃園市,08,龜山區,034
25.0331,121.3664,龜山,C0C640,2017-01-25T16:00:00+08:00,177.0,44.0,0.8,14.6,0.79,1003.9,-99.0,0.0,-9.9,-99,-999,桃園市,08,龜山區,034
25.0331,121.3664,龜山,C0C640,2017-01-25T17:00:00+08:00,177.0,76.0,0.4,14.5,0.79,1004.1,-99.0,0.0,-9.9,-99,-999,桃園市,08,龜山區,034
25.0331,121.3664,龜山,C0C640,2017-01-25T18:00:00+08:00,177.0,56.0,0.4,14.2,0.80,1004.7,-99.0,0.0,-9.9,-99,-999,桃園市,08,龜山區,034
25.0331,121.3664,龜山,C0C640,2017-01-25T19:00:00+08:00,177.0,340.0,0.6,13.7,0.83,1005.0,-99.0,0.0,-9.9,-99,-999,桃園市,08,龜山區,034
25.0331,121.3664,龜山,C0C640,2017-01-25T20:00:00+08:00,177.0,26.0,0.4,13.7,0.80,1005.4,-99.0,0.0,-9.9,-99,-999,桃園市,08,龜山區,034
25.0331,121.3664,龜山,C0C640,2017-01-25T21:00:00+08:00,177.0,69.0,0.5,13.4,0.80,1005.5,-99.0,0.0,-9.9,-99,-999,桃園市,08,龜山區,034
25.0331,121.3664,龜山,C0C640,2017-01-25T22:00:00+08:00,177.0,48.0,0.4,13.3,0.84,1005.5,-99.0,0.0,-9.9,-99,-999,桃園市,08,龜山區,034
25.0331,121.3664,龜山,C0C640,2017-01-25T23:00:00+08:00,177.0,52.0,0.3,13.4,0.80,1005.4,-99.0,0.0,-9.9,-99,-999,桃園市,08,龜山區,034
25.0331,121.3664,龜山,C0C640,2017-01-26T00:00:00+08:00,177.0,84.0,0.7,13.3,0.80,1005.1,-99.0,0.0,-9.9,-99,-999,桃園市,08,龜山區,034
25.0331,121.3664,龜山,C0C640,2017-01-26T01:00:00+08:00,177.0,109.0,0.4,13.0,0.84,1004.9,-99.0,0.0,-9.9,-99,-999,桃園市,08,龜山區,034
25.0331,121.3664,龜山,C0C640,2017-01-26T02:00:00+08:00,177.0,62.0,0.5,12.9,0.80,1004.7,-99.0,0.0,-9.9,-99,-999,桃園市,08,龜山區,034
25.0331,121.3664,龜山,C0C640,2017-01-26T03:00:00+08:00,177.0,66.0,0.5,12.4,0.91,1004.5,-99.0,0.0,-9.9,-99,-999,桃園市,08,龜山區,034
25.0331,121.3664,龜山,C0C640,2017-01-26T04:00:00+08:00,177.0,82.0,0.6,12.3,0.90,1004.4,-99.0,0.0,-9.9,-99,-999,桃園市,08,龜山區,034
25.0331,121.3664,龜山,C0C640,2017-01-26T05:00:00+08:00,177.0,50.0,0.4,12.3,0.89,1004.6,-99.0,0.0,-9.9,-99,-999,桃園市,08,龜山區,034
25.0331,121.3664,龜山,C0C640,2017-01-26T06:00:00+08:00,177.0,0.0,0.2,12.5,0.86,1005.0,-99.0,0.0,-9.9,-99,-999,桃園市,08,龜山區,034
25.0331,121.3664,龜山,C0C640,2017-01-26T07:00:00+08:00,177.0,94.0,0.7,12.7,0.82,1005.4,-99.0,0.0,-9.9,-99,-999,桃園市,08,龜山區,034
25.0331,121.3664,龜山,C0C640,2017-01-26T08:00:00+08:00,177.0,66.0,0.6,13.4,0.71,1005.6,-99.0,0.0,-9.9,-99,-999,桃園市,08,龜山區,034
25.0331,121.3664,龜山,C0C640,2017-01-26T10:00:00+08:00,177.0,48.0,1.1,15.3,0.63,1005.3,-99.0,0.0,-9.9,-99,-999,桃園市,08,龜山區,034
25.0331,121.3664,龜山,C0C640,2017-01-26T11:00:00+08:00,177.0,-98.0,-98.0,15.5,0.64,1004.9,-99.0,0.0,-9.9,-99,-999,桃園市,08,龜山區,034
25.0331,121.3664,龜山,C0C640,2017-01-26T12:00:00+08:00,177.0,44.0,1.0,16.0,0.61,1003.4,-99.0,0.0,-9.9,-99,-999,桃園市,08,龜山區,034
25.0331,121.3664,龜山,C0C640,2017-01-26T13:00:00+08:00,177.0,34.0,1.5,16.7,0.58,1001.6,-99.0,0.0,-9.9,-99,-999,桃園市,08,龜山區,034
25.0331,121.3664,龜山,C0C640,2017-01-26T14:00:00+08:00,177.0,52.0,1.9,17.2,0.57,1000.4,-99.0,0.0,-9.9,-99,-999,桃園市,08,龜山區,034
25.0331,121.3664,龜山,C0C640,2017-01-26T15:00:00+08:00,177.0,24.0,1.4,17.2,0.59,999.8,-99.0,0.0,-9.9,-99,-999,桃園市,08,龜山區,034
25.0331,121.3664,龜山,C0C640,2017-01-26T16:00:00+08:00,177.0,43.0,1.5,16.9,0.63,999.7,-99.0,0.0,-9.9,-99,-999,桃園市,08,龜山區,034
25.0331,121.3664,龜山,C0C640,2017-01-26T17:00:00+08:00,177.0,48.0,1.5,16.1,0.67,999.9,-99.0,0.0,-9.9,-99,-999,桃園市,08,龜山區,034
25.0331,121.3664,龜山,C0C640,2017-01-26T18:00:00+08:00,177.0,48.0,1.3,15.3,0.72,1000.3,-99.0,0.0,-9.9,-99,-999,桃園市,08,龜山區,034
25.0331,121.3664,龜山,C0C640,2017-01-26T19:00:00+08:00,177.0,54.0,1.5,15.1,0.74,1000.9,-99.0,0.0,-9.9,-99,-999,桃園市,08,龜山區,034
25.0331,121.3664,龜山,C0C640,2017-01-26T20:00:00+08:00,177.0,59.0,1.7,15.0,0.76,1001.0,-99.0,0.0,-9.9,-99,-999,桃園市,08,龜山區,034
25.0331,121.3664,龜山,C0C640,2017-01-26T21:00:00+08:00,177.0,41.0,1.3,15.0,0.76,1001.1,-99.0,0.0,-9.9,-99,-999,桃園市,08,龜山區,034
25.0331,121.3664,龜山,C0C640,2017-01-26T22:00:00+08:00,177.0,58.0,1.4,15.2,0.74,1001.4,-99.0,0.0,-9.9,-99,-999,桃園市,08,龜山區,034
25.0331,121.3664,龜山,C0C640,2017-01-26T23:00:00+08:00,177.0,65.0,1.5,15.3,0.74,1001.0,-99.0,0.0,-9.9,-99,-999,桃園市,08,龜山區,034
25.0331,121.3664,龜山,C0C640,2017-01-27T00:00:00+08:00,177.0,62.0,1.5,15.4,0.73,1001.0,-99.0,0.0,-9.9,-99,-999,桃園市,08,龜山區,034
25.0331,121.3664,龜山,C0C640,2017-01-27T01:00:00+08:00,177.0,60.0,1.3,15.4,0.71,1001.1,-99.0,0.0,-9.9,-99,-999,桃園市,08,龜山區,034
25.0331,121.3664,龜山,C0C640,2017-01-27T02:00:00+08:00,177.0,61.0,1.2,15.4,0.71,1001.0,-99.0,0.0,-9.9,-99,-999,桃園市,08,龜山區,034
25.0331,121.3664,龜山,C0C640,2017-01-27T03:00:00+08:00,177.0,68.0,1.2,15.1,0.73,1000.7,-99.0,0.0,-9.9,-99,-999,桃園市,08,龜山區,034
25.0331,121.3664,龜山,C0C640,2017-01-27T04:00:00+08:00,177.0,60.0,1.0,14.9,0.74,1000.6,-99.0,0.0,-9.9,-99,-999,桃園市,08,龜山區,034
25.0331,121.3664,龜山,C0C640,2017-01-27T05:00:00+08:00,177.0,67.0,1.0,14.7,0.76,1000.8,-99.0,0.0,-9.9,-99,-999,桃園市,08,龜山區,034
25.0331,121.3664,龜山,C0C640,2017-01-27T06:00:00+08:00,177.0,66.0,0.8,14.1,0.80,1001.4,-99.0,0.0,-9.9,-99,-999,桃園市,08,龜山區,034
25.0331,121.3664,龜山,C0C640,2017-01-27T07:00:00+08:00,177.0,92.0,0.4,14.1,0.81,1002.1,-99.0,0.0,-9.9,-99,-999,桃園市,08,龜山區,034
25.0331,121.3664,龜山,C0C640,2017-01-27T08:00:00+08:00,177.0,45.0,0.6,15.5,0.76,1002.3,-99.0,0.0,-9.9,-99,-999,桃園市,08,龜山區,034
25.0331,121.3664,龜山,C0C640,2017-01-27T09:00:00+08:00,177.0,72.0,1.2,17.8,0.68,1002.6,-99.0,0.0,-9.9,-99,-999,桃園市,08,龜山區,034
25.0331,121.3664,龜山,C0C640,2017-01-27T10:00:00+08:00,177.0,70.0,1.0,20.1,0.60,1002.2,-99.0,0.0,-9.9,-99,-999,桃園市,08,龜山區,034
25.0331,121.3664,龜山,C0C640,2017-01-27T11:00:00+08:00,177.0,75.0,1.0,21.6,0.55,1001.7,-99.0,0.0,-9.9,-99,-999,桃園市,08,龜山區,034
25.0331,121.3664,龜山,C0C640,2017-01-27T12:00:00+08:00,177.0,347.0,1.3,20.4,0.66,1001.2,-99.0,0.0,-9.9,-99,-999,桃園市,08,龜山區,034
25.0331,121.3664,龜山,C0C640,2017-01-27T13:00:00+08:00,177.0,357.0,1.2,20.4,0.68,1000.2,-99.0,0.0,-9.9,-99,-999,桃園市,08,龜山區,034
25.0331,121.3664,龜山,C0C640,2017-01-27T14:00:00+08:00,177.0,15.0,1.1,19.8,0.69,999.8,-99.0,0.0,-9.9,-99,-999,桃園市,08,龜山區,034
25.0331,121.3664,龜山,C0C640,2017-01-27T15:00:00+08:00,177.0,336.0,0.9,19.4,0.70,999.5,-99.0,0.0,-9.9,-99,-999,桃園市,08,龜山區,034
25.0331,121.3664,龜山,C0C640,2017-01-27T16:00:00+08:00,177.0,55.0,1.5,18.0,0.75,999.8,-99.0,0.0,-9.9,-99,-999,桃園市,08,龜山區,034
25.0331,121.3664,龜山,C0C640,2017-01-27T17:00:00+08:00,177.0,11.0,0.5,17.3,0.77,1000.4,-99.0,0.0,-9.9,-99,-999,桃園市,08,龜山區,034
25.0331,121.3664,龜山,C0C640,2017-01-27T18:00:00+08:00,177.0,37.0,0.6,16.8,0.78,1000.8,-99.0,0.0,-9.9,-99,-999,桃園市,08,龜山區,034
25.0331,121.3664,龜山,C0C640,2017-01-27T19:00:00+08:00,177.0,38.0,0.7,16.2,0.82,1001.2,-99.0,0.0,-9.9,-99,-999,桃園市,08,龜山區,034
25.0331,121.3664,龜山,C0C640,2017-01-27T20:00:00+08:00,177.0,64.0,1.5,16.0,0.84,1001.2,-99.0,0.0,-9.9,-99,-999,桃園市,08,龜山區,034
25.0331,121.3664,龜山,C0C640,2017-01-27T21:00:00+08:00,177.0,68.0,1.2,15.8,0.85,1001.1,-99.0,0.0,-9.9,-99,-999,桃園市,08,龜山區,034
25.0331,121.3664,龜山,C0C640,2017-01-27T22:00:00+08:00,177.0,39.0,0.5,16.1,0.86,1001.1,-99.0,0.0,-9.9,-99,-999,桃園市,08,龜山區,034
25.0331,121.3664,龜山,C0C640,2017-01-27T23:00:00+08:00,177.0,54.0,1.0,16.4,0.88,1000.5,-99.0,0.0,-9.9,-99,-999,桃園市,08,龜山區,034
25.0331,121.3664,龜山,C0C640,2017-01-28T00:00:00+08:00,177.0,33.0,0.6,16.1,0.93,1000.0,-99.0,0.0,-9.9,-99,-999,桃園市,08,龜山區,034
25.0331,121.3664,龜山,C0C640,2017-01-28T01:00:00+08:00,177.0,59.0,0.9,16.0,0.95,999.6,-99.0,0.0,-9.9,-99,-999,桃園市,08,龜山區,034
25.0331,121.3664,龜山,C0C640,2017-01-28T02:00:00+08:00,177.0,59.0,0.6,15.9,0.95,999.2,-99.0,0.5,-9.9,-99,-999,桃園市,08,龜山區,034
25.0331,121.3664,龜山,C0C640,2017-01-28T03:00:00+08:00,177.0,79.0,1.4,15.4,0.95,998.3,-99.0,0.5,-9.9,-99,-999,桃園市,08,龜山區,034
25.0331,121.3664,龜山,C0C640,2017-01-28T04:00:00+08:00,177.0,66.0,1.0,15.6,0.96,997.7,-99.0,0.5,-9.9,-99,-999,桃園市,08,龜山區,034
25.0331,121.3664,龜山,C0C640,2017-01-28T05:00:00+08:00,177.0,77.0,0.6,15.6,0.96,997.8,-99.0,0.5,-9.9,-99,-999,桃園市,08,龜山區,034
25.0331,121.3664,龜山,C0C640,2017-01-28T06:00:00+08:00,177.0,89.0,0.3,15.7,0.96,998.3,-99.0,0.5,-9.9,-99,-999,桃園市,08,龜山區,034
25.0331,121.3664,龜山,C0C640,2017-01-28T07:00:00+08:00,177.0,0.0,0.0,16.0,0.96,998.6,-99.0,0.5,-9.9,-99,-999,桃園市,08,龜山區,034
25.0331,121.3664,龜山,C0C640,2017-01-28T08:00:00+08:00,177.0,0.0,0.1,16.3,0.95,999.0,-99.0,0.5,-9.9,-99,-999,桃園市,08,龜山區,034
25.0331,121.3664,龜山,C0C640,2017-01-28T09:00:00+08:00,177.0,0.0,0.1,17.5,0.88,999.4,-99.0,0.5,-9.9,-99,-999,桃園市,08,龜山區,034
25.0331,121.3664,龜山,C0C640,2017-01-28T10:00:00+08:00,177.0,69.0,0.7,19.5,0.72,999.2,-99.0,0.5,-9.9,-99,-999,桃園市,08,龜山區,034
25.0331,121.3664,龜山,C0C640,2017-01-28T11:00:00+08:00,177.0,228.0,0.9,20.8,0.70,998.2,-99.0,0.5,-9.9,-99,-999,桃園市,08,龜山區,034
25.0331,121.3664,龜山,C0C640,2017-01-28T12:00:00+08:00,177.0,18.0,0.7,22.6,0.62,997.2,-99.0,0.5,-9.9,-99,-999,桃園市,08,龜山區,034
25.0331,121.3664,龜山,C0C640,2017-01-28T13:00:00+08:00,177.0,6.0,0.9,22.4,0.69,996.3,-99.0,0.5,-9.9,-99,-999,桃園市,08,龜山區,034
25.0331,121.3664,龜山,C0C640,2017-01-28T14:00:00+08:00,177.0,339.0,0.6,22.5,0.69,995.5,-99.0,0.5,-9.9,-99,-999,桃園市,08,龜山區,034
25.0331,121.3664,龜山,C0C640,2017-01-28T15:00:00+08:00,177.0,33.0,1.0,21.4,0.74,995.2,-99.0,0.5,-9.9,-99,-999,桃園市,08,龜山區,034
25.0331,121.3664,龜山,C0C640,2017-01-28T16:00:00+08:00,177.0,48.0,0.9,21.2,0.73,995.0,-99.0,0.5,-9.9,-99,-999,桃園市,08,龜山區,034
25.0331,121.3664,龜山,C0C640,2017-01-28T17:00:00+08:00,177.0,48.0,0.8,21.5,0.73,995.2,-99.0,0.5,-9.9,-99,-999,桃園市,08,龜山區,034
25.0331,121.3664,龜山,C0C640,2017-01-28T18:00:00+08:00,177.0,56.0,0.7,20.3,0.71,995.5,-99.0,0.5,-9.9,-99,-999,桃園市,08,龜山區,034
25.0331,121.3664,龜山,C0C640,2017-01-28T19:00:00+08:00,177.0,63.0,0.9,19.7,0.71,995.6,-99.0,0.5,-9.9,-99,-999,桃園市,08,龜山區,034
25.0331,121.3664,龜山,C0C640,2017-01-28T20:00:00+08:00,177.0,51.0,1.0,19.6,0.71,995.7,-99.0,0.5,-9.9,-99,-999,桃園市,08,龜山區,034
25.0331,121.3664,龜山,C0C640,2017-01-28T21:00:00+08:00,177.0,69.0,1.2,19.5,0.73,995.9,-99.0,0.5,-9.9,-99,-999,桃園市,08,龜山區,034
25.0331,121.3664,龜山,C0C640,2017-01-28T22:00:00+08:00,177.0,71.0,0.8,18.6,0.76,995.8,-99.0,0.5,-9.9,-99,-999,桃園市,08,龜山區,034
25.0331,121.3664,龜山,C0C640,2017-01-28T23:00:00+08:00,177.0,23.0,0.3,18.2,0.78,995.6,-99.0,0.5,-9.9,-99,-999,桃園市,08,龜山區,034
25.0331,121.3664,龜山,C0C640,2017-01-29T00:00:00+08:00,177.0,0.0,0.0,16.8,0.85,995.6,-99.0,0.5,-9.9,-99,-999,桃園市,08,龜山區,034
25.0331,121.3664,龜山,C0C640,2017-01-29T01:00:00+08:00,177.0,0.0,0.1,15.5,0.91,995.3,-99.0,0.0,-9.9,-99,-999,桃園市,08,龜山區,034
25.0331,121.3664,龜山,C0C640,2017-01-29T02:00:00+08:00,177.0,0.0,0.1,15.2,0.93,995.0,-99.0,0.0,-9.9,-99,-999,桃園市,08,龜山區,034
25.0331,121.3664,龜山,C0C640,2017-01-29T03:00:00+08:00,177.0,244.0,0.4,15.2,0.94,995.5,-99.0,0.0,-9.9,-99,-999,桃園市,08,龜山區,034
25.0331,121.3664,龜山,C0C640,2017-01-29T04:00:00+08:00,177.0,0.0,0.2,15.7,0.96,995.3,-99.0,0.0,-9.9,-99,-999,桃園市,08,龜山區,034
25.0331,121.3664,龜山,C0C640,2017-01-29T05:00:00+08:00,177.0,0.0,0.1,15.7,0.95,995.6,-99.0,0.0,-9.9,-99,-999,桃園市,08,龜山區,034
25.0331,121.3664,龜山,C0C640,2017-01-29T06:00:00+08:00,177.0,0.0,0.0,15.6,0.95,996.0,-99.0,0.0,-9.9,-99,-999,桃園市,08,龜山區,034
25.0331,121.3664,龜山,C0C640,2017-01-29T07:00:00+08:00,177.0,0.0,0.1,15.6,0.95,996.5,-99.0,0.0,-9.9,-99,-999,桃園市,08,龜山區,034
25.0331,121.3664,龜山,C0C640,2017-01-29T08:00:00+08:00,177.0,0.0,0.2,17.1,0.93,997.0,-99.0,0.0,-9.9,-99,-999,桃園市,08,龜山區,034
25.0331,121.3664,龜山,C0C640,2017-01-29T09:00:00+08:00,177.0,196.0,0.6,19.4,0.82,997.7,-99.0,0.0,-9.9,-99,-999,桃園市,08,龜山區,034
25.0331,121.3664,龜山,C0C640,2017-01-29T10:00:00+08:00,177.0,204.0,0.3,21.9,0.72,997.5,-99.0,0.0,-9.9,-99,-999,桃園市,08,龜山區,034
25.0331,121.3664,龜山,C0C640,2017-01-29T11:00:00+08:00,177.0,129.0,1.0,24.5,0.57,997.2,-99.0,0.0,-9.9,-99,-999,桃園市,08,龜山區,034
25.0331,121.3664,龜山,C0C640,2017-01-29T12:00:00+08:00,177.0,83.0,0.8,25.6,0.54,996.1,-99.0,0.0,-9.9,-99,-999,桃園市,08,龜山區,034
25.0331,121.3664,龜山,C0C640,2017-01-29T13:00:00+08:00,177.0,312.0,0.5,25.1,0.64,995.1,-99.0,0.0,-9.9,-99,-999,桃園市,08,龜山區,034
25.0331,121.3664,龜山,C0C640,2017-01-29T14:00:00+08:00,177.0,275.0,0.6,24.5,0.65,994.6,-99.0,0.0,-9.9,-99,-999,桃園市,08,龜山區,034
25.0331,121.3664,龜山,C0C640,2017-01-29T15:00:00+08:00,177.0,265.0,0.3,23.8,0.65,994.5,-99.0,0.0,-9.9,-99,-999,桃園市,08,龜山區,034
25.0331,121.3664,龜山,C0C640,2017-01-29T16:00:00+08:00,177.0,256.0,0.4,23.6,0.61,994.4,-99.0,0.0,-9.9,-99,-999,桃園市,08,龜山區,034
25.0331,121.3664,龜山,C0C640,2017-01-29T17:00:00+08:00,177.0,154.0,0.4,23.5,0.64,994.9,-99.0,0.0,-9.9,-99,-999,桃園市,08,龜山區,034
25.0331,121.3664,龜山,C0C640,2017-01-29T18:00:00+08:00,177.0,79.0,0.4,21.6,0.74,995.1,-99.0,0.0,-9.9,-99,-999,桃園市,08,龜山區,034
25.0331,121.3664,龜山,C0C640,2017-01-29T19:00:00+08:00,177.0,0.0,0.2,20.0,0.81,995.8,-99.0,0.0,-9.9,-99,-999,桃園市,08,龜山區,034
25.0331,121.3664,龜山,C0C640,2017-01-29T20:00:00+08:00,177.0,0.0,0.1,19.4,0.84,996.2,-99.0,0.0,-9.9,-99,-999,桃園市,08,龜山區,034
25.0331,121.3664,龜山,C0C640,2017-01-29T21:00:00+08:00,177.0,0.0,0.1,18.5,0.89,996.6,-99.0,0.0,-9.9,-99,-999,桃園市,08,龜山區,034
25.0331,121.3664,龜山,C0C640,2017-01-29T22:00:00+08:00,177.0,0.0,0.0,18.2,0.90,996.6,-99.0,0.0,-9.9,-99,-999,桃園市,08,龜山區,034
25.0331,121.3664,龜山,C0C640,2017-01-29T23:00:00+08:00,177.0,0.0,0.0,17.9,0.91,996.4,-99.0,0.0,-9.9,-99,-999,桃園市,08,龜山區,034
25.0331,121.3664,龜山,C0C640,2017-01-30T00:00:00+08:00,177.0,0.0,0.1,17.5,0.92,996.2,-99.0,0.0,-9.9,-99,-999,桃園市,08,龜山區,034
25.0331,121.3664,龜山,C0C640,2017-01-30T01:00:00+08:00,177.0,0.0,0.1,17.9,0.91,996.2,-99.0,0.0,-9.9,-99,-999,桃園市,08,龜山區,034
25.0331,121.3664,龜山,C0C640,2017-01-30T02:00:00+08:00,177.0,0.0,0.1,17.8,0.91,996.1,-99.0,0.0,-9.9,-99,-999,桃園市,08,龜山區,034
25.0331,121.3664,龜山,C0C640,2017-01-30T03:00:00+08:00,177.0,0.0,0.0,17.9,0.92,996.0,-99.0,0.0,-9.9,-99,-999,桃園市,08,龜山區,034
25.0331,121.3664,龜山,C0C640,2017-01-30T04:00:00+08:00,177.0,40.0,0.4,17.4,0.92,995.9,-99.0,0.0,-9.9,-99,-999,桃園市,08,龜山區,034
25.0331,121.3664,龜山,C0C640,2017-01-30T05:00:00+08:00,177.0,58.0,0.5,17.4,0.91,996.3,-99.0,0.0,-9.9,-99,-999,桃園市,08,龜山區,034
25.0331,121.3664,龜山,C0C640,2017-01-30T06:00:00+08:00,177.0,78.0,0.3,17.9,0.91,996.9,-99.0,0.0,-9.9,-99,-999,桃園市,08,龜山區,034
25.0331,121.3664,龜山,C0C640,2017-01-30T07:00:00+08:00,177.0,69.0,1.1,18.6,0.86,997.6,-99.0,0.0,-9.9,-99,-999,桃園市,08,龜山區,034
25.0331,121.3664,龜山,C0C640,2017-01-30T08:00:00+08:00,177.0,77.0,1.0,18.9,0.84,999.0,-99.0,0.0,-9.9,-99,-999,桃園市,08,龜山區,034
25.0331,121.3664,龜山,C0C640,2017-01-30T09:00:00+08:00,177.0,59.0,1.7,18.3,0.86,999.8,-99.0,0.0,-9.9,-99,-999,桃園市,08,龜山區,034
25.0331,121.3664,龜山,C0C640,2017-01-30T10:00:00+08:00,177.0,42.0,1.2,17.9,0.85,999.9,-99.0,0.0,-9.9,-99,-999,桃園市,08,龜山區,034
25.0331,121.3664,龜山,C0C640,2017-01-30T11:00:00+08:00,177.0,54.0,1.4,17.3,0.80,999.4,-99.0,0.0,-9.9,-99,-999,桃園市,08,龜山區,034
25.0331,121.3664,龜山,C0C640,2017-01-30T12:00:00+08:00,177.0,65.0,1.7,17.3,0.76,999.6,-99.0,0.0,-9.9,-99,-999,桃園市,08,龜山區,034
25.0331,121.3664,龜山,C0C640,2017-01-30T13:00:00+08:00,177.0,42.0,0.9,17.4,0.74,998.7,-99.0,0.0,-9.9,-99,-999,桃園市,08,龜山區,034
25.0331,121.3664,龜山,C0C640,2017-01-30T14:00:00+08:00,177.0,47.0,1.3,16.7,0.75,998.9,-99.0,0.0,-9.9,-99,-999,桃園市,08,龜山區,034
25.0331,121.3664,龜山,C0C640,2017-01-30T15:00:00+08:00,177.0,36.0,1.0,16.5,0.76,998.9,-99.0,0.0,-9.9,-99,-999,桃園市,08,龜山區,034
25.0331,121.3664,龜山,C0C640,2017-01-30T16:00:00+08:00,177.0,46.0,1.0,16.0,0.78,999.8,-99.0,0.0,-9.9,-99,-999,桃園市,08,龜山區,034
25.0331,121.3664,龜山,C0C640,2017-01-30T17:00:00+08:00,177.0,59.0,1.3,15.5,0.79,1000.4,-99.0,0.0,-9.9,-99,-999,桃園市,08,龜山區,034
25.0331,121.3664,龜山,C0C640,2017-01-30T18:00:00+08:00,177.0,26.0,1.0,14.9,0.79,1001.2,-99.0,0.0,-9.9,-99,-999,桃園市,08,龜山區,034
25.0331,121.3664,龜山,C0C640,2017-01-30T20:00:00+08:00,177.0,36.0,1.3,14.2,0.79,1002.4,-99.0,0.0,-9.9,-99,-999,桃園市,08,龜山區,034
25.0331,121.3664,龜山,C0C640,2017-01-30T21:00:00+08:00,177.0,49.0,1.4,13.8,0.81,1002.3,-99.0,0.0,-9.9,-99,-999,桃園市,08,龜山區,034
25.0331,121.3664,龜山,C0C640,2017-01-30T22:00:00+08:00,177.0,53.0,1.2,13.6,0.82,1002.2,-99.0,0.0,-9.9,-99,-999,桃園市,08,龜山區,034
25.0331,121.3664,龜山,C0C640,2017-01-30T23:00:00+08:00,177.0,43.0,1.5,13.4,0.86,1001.9,-99.0,0.0,-9.9,-99,-999,桃園市,08,龜山區,034
25.0331,121.3664,龜山,C0C640,2017-01-31T00:00:00+08:00,177.0,44.0,1.5,13.2,0.87,1001.6,-99.0,0.0,-9.9,-99,-999,桃園市,08,龜山區,034
25.0331,121.3664,龜山,C0C640,2017-01-31T01:00:00+08:00,177.0,46.0,1.6,13.1,0.86,1001.0,-99.0,0.0,-9.9,-99,-999,桃園市,08,龜山區,034
25.0331,121.3664,龜山,C0C640,2017-01-31T02:00:00+08:00,177.0,41.0,1.4,13.1,0.88,1000.4,-99.0,0.0,-9.9,-99,-999,桃園市,08,龜山區,034
25.0331,121.3664,龜山,C0C640,2017-01-31T03:00:00+08:00,177.0,40.0,1.5,13.1,0.89,1000.0,-99.0,0.0,-9.9,-99,-999,桃園市,08,龜山區,034
25.0331,121.3664,龜山,C0C640,2017-01-31T04:00:00+08:00,177.0,34.0,1.3,13.1,0.89,999.6,-99.0,0.0,-9.9,-99,-999,桃園市,08,龜山區,034
25.0331,121.3664,龜山,C0C640,2017-01-31T05:00:00+08:00,177.0,44.0,1.7,13.2,0.89,999.7,-99.0,0.0,-9.9,-99,-999,桃園市,08,龜山區,034
25.0331,121.3664,龜山,C0C640,2017-01-31T06:00:00+08:00,177.0,47.0,1.5,13.5,0.88,1000.1,-99.0,0.0,-9.9,-99,-999,桃園市,08,龜山區,034
25.0331,121.3664,龜山,C0C640,2017-01-31T07:00:00+08:00,177.0,39.0,1.4,13.5,0.88,1000.4,-99.0,0.0,-9.9,-99,-999,桃園市,08,龜山區,034
