24.7117,121.1172,橫山,C0D540,2017-01-10T11:00:00+08:00,227.0,51.0,1.8,21.3,0.62,995.1,-99.0,0.0,-9.9,-99,-999,新竹縣,10,橫山鄉,078
24.7117,121.1172,橫山,C0D540,2017-01-10T12:00:00+08:00,227.0,43.0,1.8,22.1,0.59,994.1,-99.0,0.0,-9.9,-99,-999,新竹縣,10,橫山鄉,078
24.7117,121.1172,橫山,C0D540,2017-01-10T13:00:00+08:00,227.0,58.0,1.4,23.0,0.52,993.0,-99.0,0.0,-9.9,-99,-999,新竹縣,10,橫山鄉,078
24.7117,121.1172,橫山,C0D540,2017-01-10T14:00:00+08:00,227.0,43.0,1.8,22.9,0.57,992.0,-99.0,0.0,-9.9,-99,-999,新竹縣,10,橫山鄉,078
24.7117,121.1172,橫山,C0D540,2017-01-10T15:00:00+08:00,227.0,101.0,1.0,22.7,0.57,991.9,-99.0,0.0,-9.9,-99,-999,新竹縣,10,橫山鄉,078
24.7117,121.1172,橫山,C0D540,2017-01-10T16:00:00+08:00,227.0,60.0,1.1,22.2,0.60,992.0,-99.0,0.0,-9.9,-99,-999,新竹縣,10,橫山鄉,078
24.7117,121.1172,橫山,C0D540,2017-01-10T17:00:00+08:00,227.0,49.0,2.1,19.3,0.71,992.7,-99.0,0.0,-9.9,-99,-999,新竹縣,10,橫山鄉,078
24.7117,121.1172,橫山,C0D540,2017-01-10T18:00:00+08:00,227.0,55.0,1.7,16.7,0.76,993.3,-99.0,0.0,-9.9,-99,-999,新竹縣,10,橫山鄉,078
24.7117,121.1172,橫山,C0D540,2017-01-10T19:00:00+08:00,227.0,62.0,1.2,15.3,0.82,993.8,-99.0,0.0,-9.9,-99,-999,新竹縣,10,橫山鄉,078
24.7117,121.1172,橫山,C0D540,2017-01-10T20:00:00+08:00,227.0,75.0,0.7,14.5,0.85,994.3,-99.0,0.0,-9.9,-99,-999,新竹縣,10,橫山鄉,078
24.7117,121.1172,橫山,C0D540,2017-01-10T21:00:00+08:00,227.0,105.0,0.4,14.1,0.87,994.6,-99.0,0.0,-9.9,-99,-999,新竹縣,10,橫山鄉,078
24.7117,121.1172,橫山,C0D540,2017-01-10T22:00:00+08:00,227.0,283.0,0.4,13.7,0.90,995.2,-99.0,0.0,-9.9,-99,-999,新竹縣,10,橫山鄉,078
24.7117,121.1172,橫山,C0D540,2017-01-10T23:00:00+08:00,227.0,0.0,0.0,13.2,0.92,994.6,-99.0,0.0,-9.9,-99,-999,新竹縣,10,橫山鄉,078
24.7117,121.1172,橫山,C0D540,2017-01-11T00:00:00+08:00,227.0,0.0,0.0,13.9,0.87,994.5,-99.0,0.0,-9.9,-99,-999,新竹縣,10,橫山鄉,078
24.7117,121.1172,橫山,C0D540,2017-01-11T01:00:00+08:00,227.0,71.0,0.8,13.5,0.89,993.9,-99.0,0.0,-9.9,-99,-999,新竹縣,10,橫山鄉,078
24.7117,121.1172,橫山,C0D540,2017-01-11T02:00:00+08:00,227.0,59.0,1.0,13.9,0.87,993.4,-99.0,0.0,-9.9,-99,-999,新竹縣,10,橫山鄉,078
24.7117,121.1172,橫山,C0D540,2017-01-11T03:00:00+08:00,227.0,148.0,1.0,14.0,0.84,993.4,-99.0,0.0,-9.9,-99,-999,新竹縣,10,橫山鄉,078
24.7117,121.1172,橫山,C0D540,2017-01-11T04:00:00+08:00,227.0,92.0,0.7,14.6,0.86,993.2,-99.0,0.0,-9.9,-99,-999,新竹縣,10,橫山鄉,078
24.7117,121.1172,橫山,C0D540,2017-01-11T05:00:00+08:00,227.0,86.0,0.6,14.3,0.89,993.7,-99.0,0.0,-9.9,-99,-999,新竹縣,10,橫山鄉,078
24.7117,121.1172,橫山,C0D540,2017-01-11T06:00:00+08:00,227.0,52.0,0.7,13.5,0.92,994.0,-99.0,0.0,-9.9,-99,-999,新竹縣,10,橫山鄉,078
24.7117,121.1172,橫山,C0D540,2017-01-11T07:00:00+08:00,227.0,70.0,0.8,14.3,0.90,994.3,-99.0,0.0,-9.9,-99,-999,新竹縣,10,橫山鄉,078
24.7117,121.1172,橫山,C0D540,2017-01-11T08:00:00+08:00,227.0,157.0,1.0,15.2,0.86,994.5,-99.0,0.0,-9.9,-99,-999,新竹縣,10,橫山鄉,078
24.7117,121.1172,橫山,C0D540,2017-01-11T09:00:00+08:00,227.0,80.0,0.9,18.7,0.73,994.9,-99.0,0.0,-9.9,-99,-999,新竹縣,10,橫山鄉,078
24.7117,121.1172,橫山,C0D540,2017-01-11T10:00:00+08:00,227.0,125.0,0.4,20.8,0.68,994.6,-99.0,0.0,-9.9,-99,-999,新竹縣,10,橫山鄉,078
24.7117,121.1172,橫山,C0D540,2017-01-11T11:00:00+08:00,227.0,61.0,1.3,23.3,0.64,993.8,-99.0,0.0,-9.9,-99,-999,新竹縣,10,橫山鄉,078
24.7117,121.1172,橫山,C0D540,2017-01-11T12:00:00+08:00,227.0,36.0,0.8,24.0,0.58,992.5,-99.0,0.0,-9.9,-99,-999,新竹縣,10,橫山鄉,078
24.7117,121.1172,橫山,C0D540,2017-01-11T13:00:00+08:00,227.0,26.0,1.4,25.1,0.57,990.9,-99.0,0.0,-9.9,-99,-999,新竹縣,10,橫山鄉,078
24.7117,121.1172,橫山,C0D540,2017-01-11T14:00:00+08:00,227.0,37.0,1.6,24.4,0.60,990.7,-99.0,0.0,-9.9,-99,-999,新竹縣,10,橫山鄉,078
24.7117,121.1172,橫山,C0D540,2017-01-11T15:00:00+08:00,227.0,41.0,2.5,23.2,0.64,990.3,-99.0,0.0,-9.9,-99,-999,新竹縣,10,橫山鄉,078
24.7117,121.1172,橫山,C0D540,2017-01-11T16:00:00+08:00,227.0,52.0,2.3,21.6,0.69,990.6,-99.0,0.0,-9.9,-99,-999,新竹縣,10,橫山鄉,078
24.7117,121.1172,橫山,C0D540,2017-01-11T17:00:00+08:00,227.0,57.0,0.7,19.5,0.77,990.9,-99.0,0.0,-9.9,-99,-999,新竹縣,10,橫山鄉,078
24.7117,121.1172,橫山,C0D540,2017-01-11T18:00:00+08:00,227.0,51.0,0.4,18.0,0.83,991.5,-99.0,0.0,-9.9,-99,-999,新竹縣,10,橫山鄉,078
24.7117,121.1172,橫山,C0D540,2017-01-11T19:00:00+08:00,227.0,61.0,0.6,17.6,0.85,991.9,-99.0,0.0,-9.9,-99,-999,新竹縣,10,橫山鄉,078
24.7117,121.1172,橫山,C0D540,2017-01-11T20:00:00+08:00,227.0,0.0,0.0,17.1,0.87,992.5,-99.0,0.0,-9.9,-99,-999,新竹縣,10,橫山鄉,078
24.7117,121.1172,橫山,C0D540,2017-01-11T21:00:00+08:00,227.0,0.0,0.0,17.3,0.87,993.2,-99.0,0.0,-9.9,-99,-999,新竹縣,10,橫山鄉,078
24.7117,121.1172,橫山,C0D540,2017-01-11T22:00:00+08:00,227.0,141.0,0.5,17.4,0.87,993.4,-99.0,0.0,-9.9,-99,-999,新竹縣,10,橫山鄉,078
24.7117,121.1172,橫山,C0D540,2017-01-11T23:00:00+08:00,227.0,159.0,0.9,17.1,0.90,993.7,-99.0,0.0,-9.9,-99,-999,新竹縣,10,橫山鄉,078
24.7117,121.1172,橫山,C0D540,2017-01-12T00:00:00+08:00,227.0,61.0,0.5,17.3,0.89,992.7,-99.0,0.0,-9.9,-99,-999,新竹縣,10,橫山鄉,078
24.7117,121.1172,橫山,C0D540,2017-01-12T01:00:00+08:00,227.0,0.0,0.0,17.0,0.91,992.5,-99.0,0.0,-9.9,-99,-999,新竹縣,10,橫山鄉,078
24.7117,121.1172,橫山,C0D540,2017-01-12T02:00:00+08:00,227.0,0.0,0.0,16.7,0.92,992.3,-99.0,0.0,-9.9,-99,-999,新竹縣,10,橫山鄉,078
24.7117,121.1172,橫山,C0D540,2017-01-12T03:00:00+08:00,227.0,93.0,0.3,16.4,0.93,991.6,-99.0,0.0,-9.9,-99,-999,新竹縣,10,橫山鄉,078
24.7117,121.1172,橫山,C0D540,2017-01-12T04:00:00+08:00,227.0,142.0,0.8,16.7,0.91,992.0,-99.0,0.0,-9.9,-99,-999,新竹縣,10,橫山鄉,078
24.7117,121.1172,橫山,C0D540,2017-01-12T05:00:00+08:00,227.0,143.0,0.3,16.6,0.92,992.0,-99.0,0.0,-9.9,-99,-999,新竹縣,10,橫山鄉,078
24.7117,121.1172,橫山,C0D540,2017-01-12T06:00:00+08:00,227.0,0.0,0.0,16.7,0.92,992.4,-99.0,0.0,-9.9,-99,-999,新竹縣,10,橫山鄉,078
24.7117,121.1172,橫山,C0D540,2017-01-12T07:00:00+08:00,227.0,58.0,0.5,16.6,0.90,992.0,-99.0,0.0,-9.9,-99,-999,新竹縣,10,橫山鄉,078
24.7117,121.1172,橫山,C0D540,2017-01-12T08:00:00+08:00,227.0,51.0,0.8,17.2,0.88,991.6,-99.0,0.0,-9.9,-99,-999,新竹縣,10,橫山鄉,078
24.7117,121.1172,橫山,C0D540,2017-01-12T09:00:00+08:00,227.0,51.0,0.9,19.5,0.78,991.7,-99.0,0.0,-9.9,-99,-999,新竹縣,10,橫山鄉,078
24.7117,121.1172,橫山,C0D540,2017-01-12T10:00:00+08:00,227.0,56.0,0.8,20.2,0.77,992.5,-99.0,0.0,-9.9,-99,-999,新竹縣,10,橫山鄉,078
24.7117,121.1172,橫山,C0D540,2017-01-12T11:00:00+08:00,227.0,40.0,1.0,21.9,0.70,991.1,-99.0,0.0,-9.9,-99,-999,新竹縣,10,橫山鄉,078
24.7117,121.1172,橫山,C0D540,2017-01-12T12:00:00+08:00,227.0,18.0,0.5,22.2,0.69,990.2,-99.0,0.0,-9.9,-99,-999,新竹縣,10,橫山鄉,078
24.7117,121.1172,橫山,C0D540,2017-01-12T13:00:00+08:00,227.0,16.0,1.6,21.3,0.77,989.4,-99.0,0.0,-9.9,-99,-999,新竹縣,10,橫山鄉,078
24.7117,121.1172,橫山,C0D540,2017-01-12T14:00:00+08:00,227.0,43.0,0.9,22.1,0.73,988.8,-99.0,0.0,-9.9,-99,-999,新竹縣,10,橫山鄉,078
24.7117,121.1172,橫山,C0D540,2017-01-12T15:00:00+08:00,227.0,28.0,0.8,21.3,0.78,988.3,-99.0,0.0,-9.9,-99,-999,新竹縣,10,橫山鄉,078
24.7117,121.1172,橫山,C0D540,2017-01-12T16:00:00+08:00,227.0,28.0,1.3,19.8,0.83,988.9,-99.0,0.0,-9.9,-99,-999,新竹縣,10,橫山鄉,078
24.7117,121.1172,橫山,C0D540,2017-01-12T17:00:00+08:00,227.0,35.0,0.9,19.2,0.86,989.1,-99.0,0.0,-9.9,-99,-999,新竹縣,10,橫山鄉,078
24.7117,121.1172,橫山,C0D540,2017-01-12T18:00:00+08:00,227.0,20.0,1.4,18.6,0.88,989.4,-99.0,0.0,-9.9,-99,-999,新竹縣,10,橫山鄉,078
24.7117,121.1172,橫山,C0D540,2017-01-12T19:00:00+08:00,227.0,0.0,0.0,18.5,0.89,989.7,-99.0,0.0,-9.9,-99,-999,新竹縣,10,橫山鄉,078
24.7117,121.1172,橫山,C0D540,2017-01-12T20:00:00+08:00,227.0,340.0,0.4,18.3,0.90,990.4,-99.0,0.0,-9.9,-99,-999,新竹縣,10,橫山鄉,078
24.7117,121.1172,橫山,C0D540,2017-01-12T21:00:00+08:00,227.0,156.0,0.6,17.5,0.95,990.7,-99.0,0.0,-9.9,-99,-999,新竹縣,10,橫山鄉,078
24.7117,121.1172,橫山,C0D540,2017-01-12T22:00:00+08:00,227.0,53.0,0.7,17.3,0.96,990.2,-99.0,0.5,-9.9,-99,-999,新竹縣,10,橫山鄉,078
24.7117,121.1172,橫山,C0D540,2017-01-12T23:00:00+08:00,227.0,60.0,0.6,17.1,0.96,989.7,-99.0,0.5,-9.9,-99,-999,新竹縣,10,橫山鄉,078
24.7117,121.1172,橫山,C0D540,2017-01-13T00:00:00+08:00,227.0,120.0,0.3,17.0,0.95,990.0,-99.0,0.5,-9.9,-99,-999,新竹縣,10,橫山鄉,078
24.7117,121.1172,橫山,C0D540,2017-01-13T01:00:00+08:00,227.0,56.0,0.4,16.6,0.96,990.2,-99.0,0.0,-9.9,-99,-999,新竹縣,10,橫山鄉,078
24.7117,121.1172,橫山,C0D540,2017-01-13T02:00:00+08:00,227.0,56.0,1.2,16.2,0.96,990.4,-99.0,0.0,-9.9,-99,-999,新竹縣,10,橫山鄉,078
24.7117,121.1172,橫山,C0D540,2017-01-13T03:00:00+08:00,227.0,51.0,1.5,15.8,0.96,990.1,-99.0,0.0,-9.9,-99,-999,新竹縣,10,橫山鄉,078
24.7117,121.1172,橫山,C0D540,2017-01-13T04:00:00+08:00,227.0,61.0,0.7,15.6,0.94,990.2,-99.0,0.0,-9.9,-99,-999,新竹縣,10,橫山鄉,078
24.7117,121.1172,橫山,C0D540,2017-01-13T05:00:00+08:00,227.0,64.0,1.2,15.2,0.94,990.1,-99.0,0.0,-9.9,-99,-999,新竹縣,10,橫山鄉,078
24.7117,121.1172,橫山,C0D540,2017-01-13T06:00:00+08:00,227.0,47.0,1.0,15.2,0.93,990.4,-99.0,0.0,-9.9,-99,-999,新竹縣,10,橫山鄉,078
24.7117,121.1172,橫山,C0D540,2017-01-13T07:00:00+08:00,227.0,51.0,2.2,15.0,0.91,990.6,-99.0,0.0,-9.9,-99,-999,新竹縣,10,橫山鄉,078
24.7117,121.1172,橫山,C0D540,2017-01-13T08:00:00+08:00,227.0,51.0,3.5,14.9,0.89,991.7,-99.0,0.0,-9.9,-99,-999,新竹縣,10,橫山鄉,078
24.7117,121.1172,橫山,C0D540,2017-01-13T09:00:00+08:00,227.0,51.0,2.7,14.7,0.90,992.2,-99.0,0.0,-9.9,-99,-999,新竹縣,10,橫山鄉,078
24.7117,121.1172,橫山,C0D540,2017-01-13T10:00:00+08:00,227.0,50.0,2.5,14.8,0.88,992.4,-99.0,0.0,-9.9,-99,-999,新竹縣,10,橫山鄉,078
24.7117,121.1172,橫山,C0D540,2017-01-13T11:00:00+08:00,227.0,49.0,2.9,15.0,0.87,991.8,-99.0,0.0,-9.9,-99,-999,新竹縣,10,橫山鄉,078
24.7117,121.1172,橫山,C0D540,2017-01-13T12:00:00+08:00,227.0,51.0,2.3,15.2,0.84,990.8,-99.0,0.0,-9.9,-99,-999,新竹縣,10,橫山鄉,078
24.7117,121.1172,橫山,C0D540,2017-01-13T13:00:00+08:00,227.0,53.0,3.2,14.9,0.85,990.2,-99.0,0.0,-9.9,-99,-999,新竹縣,10,橫山鄉,078
24.7117,121.1172,橫山,C0D540,2017-01-13T14:00:00+08:00,227.0,53.0,2.0,14.3,0.91,990.2,-99.0,0.0,-9.9,-99,-999,新竹縣,10,橫山鄉,078
24.7117,121.1172,橫山,C0D540,2017-01-13T15:00:00+08:00,227.0,51.0,1.7,14.1,0.92,990.4,-99.0,0.0,-9.9,-99,-999,新竹縣,10,橫山鄉,078
24.7117,121.1172,橫山,C0D540,2017-01-13T16:00:00+08:00,227.0,53.0,1.7,13.7,0.95,990.7,-99.0,0.5,-9.9,-99,-999,新竹縣,10,橫山鄉,078
24.7117,121.1172,橫山,C0D540,2017-01-13T17:00:00+08:00,227.0,52.0,2.0,13.5,0.96,990.8,-99.0,0.5,-9.9,-99,-999,新竹縣,10,橫山鄉,078
24.7117,121.1172,橫山,C0D540,2017-01-13T18:00:00+08:00,227.0,50.0,2.0,13.3,0.96,991.1,-99.0,0.5,-9.9,-99,-999,新竹縣,10,橫山鄉,078
24.7117,121.1172,橫山,C0D540,2017-01-13T19:00:00+08:00,227.0,53.0,3.1,13.0,0.95,991.4,-99.0,0.5,-9.9,-99,-999,新竹縣,10,橫山鄉,078
24.7117,121.1172,橫山,C0D540,2017-01-13T20:00:00+08:00,227.0,49.0,1.3,13.1,0.95,991.6,-99.0,0.5,-9.9,-99,-999,新竹縣,10,橫山鄉,078
24.7117,121.1172,橫山,C0D540,2017-01-13T21:00:00+08:00,227.0,55.0,1.9,13.0,0.95,991.9,-99.0,0.5,-9.9,-99,-999,新竹縣,10,橫山鄉,078
24.7117,121.1172,橫山,C0D540,2017-01-13T22:00:00+08:00,227.0,53.0,0.6,12.9,0.97,992.4,-99.0,1.5,-9.9,-99,-999,新竹縣,10,橫山鄉,078
24.7117,121.1172,橫山,C0D540,2017-01-13T23:00:00+08:00,227.0,48.0,2.4,12.8,0.97,992.1,-99.0,2.0,-9.9,-99,-999,新竹縣,10,橫山鄉,078
24.7117,121.1172,橫山,C0D540,2017-01-14T00:00:00+08:00,227.0,47.0,3.0,12.6,0.97,992.0,-99.0,2.0,-9.9,-99,-999,新竹縣,10,橫山鄉,078
24.7117,121.1172,橫山,C0D540,2017-01-14T01:00:00+08:00,227.0,50.0,2.1,12.5,0.97,991.6,-99.0,0.5,-9.9,-99,-999,新竹縣,10,橫山鄉,078
24.7117,121.1172,橫山,C0D540,2017-01-14T02:00:00+08:00,227.0,50.0,2.9,12.1,0.97,991.5,-99.0,1.5,-9.9,-99,-999,新竹縣,10,橫山鄉,078
24.7117,121.1172,橫山,C0D540,2017-01-14T03:00:00+08:00,227.0,54.0,3.3,11.5,0.97,992.1,-99.0,3.0,-9.9,-99,-999,新竹縣,10,橫山鄉,078
24.7117,121.1172,橫山,C0D540,2017-01-14T04:00:00+08:00,227.0,53.0,2.6,11.5,0.97,992.0,-99.0,4.0,-9.9,-99,-999,新竹縣,10,橫山鄉,078
24.7117,121.1172,橫山,C0D540,2017-01-14T05:00:00+08:00,227.0,51.0,3.2,10.9,0.97,992.4,-99.0,6.5,-9.9,-99,-999,新竹縣,10,橫山鄉,078
24.7117,121.1172,橫山,C0D540,2017-01-14T06:00:00+08:00,227.0,49.0,3.3,10.6,0.97,992.7,-99.0,6.5,-9.9,-99,-999,新竹縣,10,橫山鄉,078
24.7117,121.1172,橫山,C0D540,2017-01-14T07:00:00+08:00,227.0,55.0,2.3,10.7,0.97,993.3,-99.0,9.0,-9.9,-99,-999,新竹縣,10,橫山鄉,078
24.7117,121.1172,橫山,C0D540,2017-01-14T08:00:00+08:00,227.0,51.0,2.0,10.8,0.97,994.1,-99.0,13.0,-9.9,-99,-999,新竹縣,10,橫山鄉,078
24.7117,121.1172,橫山,C0D540,2017-01-14T10:00:00+08:00,227.0,52.0,1.9,11.3,0.97,994.9,-99.0,17.5,-9.9,-99,-999,新竹縣,10,橫山鄉,078
24.7117,121.1172,橫山,C0D540,2017-01-14T11:00:00+08:00,227.0,54.0,2.1,11.9,0.97,993.9,-99.0,18.0,-9.9,-99,-999,新竹縣,10,橫山鄉,078
24.7117,121.1172,橫山,C0D540,2017-01-14T12:00:00+08:00,227.0,50.0,1.9,12.3,0.96,993.4,-99.0,18.0,-9.9,-99,-999,新竹縣,10,橫山鄉,078
24.7117,121.1172,橫山,C0D540,2017-01-14T13:00:00+08:00,227.0,54.0,2.0,12.4,0.96,992.5,-99.0,18.5,-9.9,-99,-999,新竹縣,10,橫山鄉,078
24.7117,121.1172,橫山,C0D540,2017-01-14T14:00:00+08:00,227.0,57.0,1.9,12.9,0.95,991.9,-99.0,18.5,-9.9,-99,-999,新竹縣,10,橫山鄉,078
24.7117,121.1172,橫山,C0D540,2017-01-14T15:00:00+08:00,227.0,48.0,2.5,13.8,0.91,991.7,-99.0,18.5,-9.9,-99,-999,新竹縣,10,橫山鄉,078
24.7117,121.1172,橫山,C0D540,2017-01-14T16:00:00+08:00,227.0,52.0,3.0,13.3,0.88,992.1,-99.0,18.5,-9.9,-99,-999,新竹縣,10,橫山鄉,078
24.7117,121.1172,橫山,C0D540,2017-01-14T17:00:00+08:00,227.0,52.0,2.4,12.8,0.89,992.4,-99.0,18.5,-9.9,-99,-999,新竹縣,10,橫山鄉,078
24.7117,121.1172,橫山,C0D540,2017-01-14T18:00:00+08:00,227.0,50.0,2.1,12.6,0.89,992.5,-99.0,18.5,-9.9,-99,-999,新竹縣,10,橫山鄉,078
24.7117,121.1172,橫山,C0D540,2017-01-14T19:00:00+08:00,227.0,61.0,1.6,12.5,0.88,993.5,-99.0,18.5,-9.9,-99,-999,新竹縣,10,橫山鄉,078
24.7117,121.1172,橫山,C0D540,2017-01-14T20:00:00+08:00,227.0,59.0,1.4,12.6,0.86,994.2,-99.0,18.5,-9.9,-99,-999,新竹縣,10,橫山鄉,078
24.7117,121.1172,橫山,C0D540,2017-01-14T21:00:00+08:00,227.0,56.0,1.9,12.6,0.87,994.4,-99.0,18.5,-9.9,-99,-999,新竹縣,10,橫山鄉,078
24.7117,121.1172,橫山,C0D540,2017-01-14T22:00:00+08:00,227.0,58.0,1.5,12.4,0.89,994.5,-99.0,18.5,-9.9,-99,-999,新竹縣,10,橫山鄉,078
24.7117,121.1172,橫山,C0D540,2017-01-14T23:00:00+08:00,227.0,51.0,1.6,12.2,0.89,995.0,-99.0,18.5,-9.9,-99,-999,新竹縣,10,橫山鄉,078
24.7117,121.1172,橫山,C0D540,2017-01-15T00:00:00+08:00,227.0,64.0,1.3,11.6,0.96,994.8,-99.0,20.5,-9.9,-99,-999,新竹縣,10,橫山鄉,078
24.7117,121.1172,橫山,C0D540,2017-01-15T01:00:00+08:00,227.0,66.0,0.5,11.6,0.97,994.8,-99.0,1.5,-9.9,-99,-999,新竹縣,10,橫山鄉,078
24.7117,121.1172,橫山,C0D540,2017-01-15T02:00:00+08:00,227.0,66.0,0.6,11.7,0.97,995.2,-99.0,2.5,-9.9,-99,-999,新竹縣,10,橫山鄉,078
24.7117,121.1172,橫山,C0D540,2017-01-15T03:00:00+08:00,227.0,49.0,0.9,11.6,0.97,994.9,-99.0,3.0,-9.9,-99,-999,新竹縣,10,橫山鄉,078
24.7117,121.1172,橫山,C0D540,2017-01-15T04:00:00+08:00,227.0,54.0,1.1,11.4,0.97,994.7,-99.0,4.0,-9.9,-99,-999,新竹縣,10,橫山鄉,078
24.7117,121.1172,橫山,C0D540,2017-01-15T05:00:00+08:00,227.0,67.0,1.3,11.1,0.96,994.4,-99.0,4.0,-9.9,-99,-999,新竹縣,10,橫山鄉,078
24.7117,121.1172,橫山,C0D540,2017-01-15T06:00:00+08:00,227.0,59.0,2.2,11.2,0.95,994.5,-99.0,4.0,-9.9,-99,-999,新竹縣,10,橫山鄉,078
24.7117,121.1172,橫山,C0D540,2017-01-15T07:00:00+08:00,227.0,75.0,1.0,11.4,0.94,994.9,-99.0,4.0,-9.9,-99,-999,新竹縣,10,橫山鄉,078
24.7117,121.1172,橫山,C0D540,2017-01-15T08:00:00+08:00,227.0,86.0,1.1,11.8,0.93,996.1,-99.0,4.0,-9.9,-99,-999,新竹縣,10,橫山鄉,078
24.7117,121.1172,橫山,C0D540,2017-01-15T09:00:00+08:00,227.0,56.0,1.2,12.3,0.94,996.4,-99.0,4.0,-9.9,-99,-999,新竹縣,10,橫山鄉,078
24.7117,121.1172,橫山,C0D540,2017-01-15T10:00:00+08:00,227.0,50.0,2.7,12.9,0.91,996.2,-99.0,4.0,-9.9,-99,-999,新竹縣,10,橫山鄉,078
24.7117,121.1172,橫山,C0D540,2017-01-15T11:00:00+08:00,227.0,61.0,1.4,12.8,0.94,996.0,-99.0,4.5,-9.9,-99,-999,新竹縣,10,橫山鄉,078
24.7117,121.1172,橫山,C0D540,2017-01-15T12:00:00+08:00,227.0,50.0,1.6,13.7,0.89,995.2,-99.0,4.5,-9.9,-99,-999,新竹縣,10,橫山鄉,078
24.7117,121.1172,橫山,C0D540,2017-01-15T13:00:00+08:00,227.0,51.0,2.7,13.7,0.89,994.3,-99.0,4.5,-9.9,-99,-999,新竹縣,10,橫山鄉,078
24.7117,121.1172,橫山,C0D540,2017-01-15T14:00:00+08:00,227.0,50.0,2.2,13.9,0.86,993.9,-99.0,4.5,-9.9,-99,-999,新竹縣,10,橫山鄉,078
24.7117,121.1172,橫山,C0D540,2017-01-15T15:00:00+08:00,227.0,54.0,2.8,12.8,0.91,994.0,-99.0,4.5,-9.9,-99,-999,新竹縣,10,橫山鄉,078
24.7117,121.1172,橫山,C0D540,2017-01-15T16:00:00+08:00,227.0,54.0,2.3,12.4,0.92,994.7,-99.0,4.5,-9.9,-99,-999,新竹縣,10,橫山鄉,078
24.7117,121.1172,橫山,C0D540,2017-01-15T17:00:00+08:00,227.0,60.0,1.8,12.1,0.92,993.9,-99.0,4.5,-9.9,-99,-999,新竹縣,10,橫山鄉,078
24.7117,121.1172,橫山,C0D540,2017-01-15T18:00:00+08:00,227.0,70.0,0.9,12.2,0.90,994.9,-99.0,4.5,-9.9,-99,-999,新竹縣,10,橫山鄉,078
24.7117,121.1172,橫山,C0D540,2017-01-15T19:00:00+08:00,227.0,67.0,0.6,12.3,0.90,995.2,-99.0,4.5,-9.9,-99,-999,新竹縣,10,橫山鄉,078
24.7117,121.1172,橫山,C0D540,2017-01-15T20:00:00+08:00,227.0,56.0,1.4,12.2,0.91,995.4,-99.0,4.5,-9.9,-99,-999,新竹縣,10,橫山鄉,078
24.7117,121.1172,橫山,C0D540,2017-01-15T21:00:00+08:00,227.0,75.0,0.7,12.3,0.89,995.5,-99.0,4.5,-9.9,-99,-999,新竹縣,10,橫山鄉,078
24.7117,121.1172,橫山,C0D540,2017-01-15T22:00:00+08:00,227.0,68.0,0.7,12.0,0.93,995.5,-99.0,4.5,-9.9,-99,-999,新竹縣,10,橫山鄉,078
24.7117,121.1172,橫山,C0D540,2017-01-15T23:00:00+08:00,227.0,108.0,1.4,11.8,0.95,994.6,-99.0,4.5,-9.9,-99,-999,新竹縣,10,橫山鄉,078
24.7117,121.1172,橫山,C0D540,2017-01-16T00:00:00+08:00,227.0,0.0,0.0,12.0,0.95,995.5,-99.0,5.0,-9.9,-99,-999,新竹縣,10,橫山鄉,078
24.7117,121.1172,橫山,C0D540,2017-01-16T01:00:00+08:00,227.0,0.0,0.0,11.9,0.96,996.0,-99.0,0.0,-9.9,-99,-999,新竹縣,10,橫山鄉,078
24.7117,121.1172,橫山,C0D540,2017-01-16T02:00:00+08:00,227.0,60.0,0.8,12.1,0.97,995.5,-99.0,0.0,-9.9,-99,-999,新竹縣,10,橫山鄉,078
24.7117,121.1172,橫山,C0D540,2017-01-16T03:00:00+08:00,227.0,63.0,0.7,12.1,0.97,995.4,-99.0,0.0,-9.9,-99,-999,新竹縣,10,橫山鄉,078
24.7117,121.1172,橫山,C0D540,2017-01-16T04:00:00+08:00,227.0,57.0,1.3,11.9,0.96,995.5,-99.0,0.0,-9.9,-99,-999,新竹縣,10,橫山鄉,078
24.7117,121.1172,橫山,C0D540,2017-01-16T05:00:00+08:00,227.0,55.0,1.7,12.0,0.95,995.9,-99.0,0.0,-9.9,-99,-999,新竹縣,10,橫山鄉,078
24.7117,121.1172,橫山,C0D540,2017-01-16T06:00:00+08:00,227.0,51.0,2.3,12.0,0.94,996.1,-99.0,0.0,-9.9,-99,-999,新竹縣,10,橫山鄉,078
24.7117,121.1172,橫山,C0D540,2017-01-16T07:00:00+08:00,227.0,66.0,0.6,12.1,0.93,996.2,-99.0,0.0,-9.9,-99,-999,新竹縣,10,橫山鄉,078
24.7117,121.1172,橫山,C0D540,2017-01-16T08:00:00+08:00,227.0,53.0,1.7,12.5,0.91,996.3,-99.0,0.0,-9.9,-99,-999,新竹縣,10,橫山鄉,078
24.7117,121.1172,橫山,C0D540,2017-01-16T10:00:00+08:00,227.0,52.0,1.3,14.1,0.85,996.5,-99.0,0.0,-9.9,-99,-999,新竹縣,10,橫山鄉,078
24.7117,121.1172,橫山,C0D540,2017-01-16T11:00:00+08:00,227.0,53.0,2.4,14.8,0.80,996.0,-99.0,0.0,-9.9,-99,-999,新竹縣,10,橫山鄉,078
24.7117,121.1172,橫山,C0D540,2017-01-16T12:00:00+08:00,227.0,49.0,2.4,15.9,0.76,995.1,-99.0,0.0,-9.9,-99,-999,新竹縣,10,橫山鄉,078
24.7117,121.1172,橫山,C0D540,2017-01-16T13:00:00+08:00,227.0,49.0,2.8,15.7,0.79,994.2,-99.0,0.0,-9.9,-99,-999,新竹縣,10,橫山鄉,078
24.7117,121.1172,橫山,C0D540,2017-01-16T14:00:00+08:00,227.0,49.0,2.0,16.0,0.77,993.7,-99.0,0.0,-9.9,-99,-999,新竹縣,10,橫山鄉,078
24.7117,121.1172,橫山,C0D540,2017-01-16T15:00:00+08:00,227.0,52.0,2.3,14.8,0.83,993.6,-99.0,0.0,-9.9,-99,-999,新竹縣,10,橫山鄉,078
24.7117,121.1172,橫山,C0D540,2017-01-16T16:00:00+08:00,227.0,60.0,1.4,14.3,0.83,993.3,-99.0,0.0,-9.9,-99,-999,新竹縣,10,橫山鄉,078
24.7117,121.1172,橫山,C0D540,2017-01-16T17:00:00+08:00,227.0,55.0,1.1,13.9,0.83,994.0,-99.0,0.0,-9.9,-99,-999,新竹縣,10,橫山鄉,078
24.7117,121.1172,橫山,C0D540,2017-01-16T18:00:00+08:00,227.0,76.0,0.8,13.7,0.83,994.4,-99.0,0.0,-9.9,-99,-999,新竹縣,10,橫山鄉,078
24.7117,121.1172,橫山,C0D540,2017-01-16T19:00:00+08:00,227.0,70.0,0.9,13.6,0.84,994.4,-99.0,0.0,-9.9,-99,-999,新竹縣,10,橫山鄉,078
24.7117,121.1172,橫山,C0D540,2017-01-16T20:00:00+08:00,227.0,71.0,0.8,13.6,0.82,994.7,-99.0,0.0,-9.9,-99,-999,新竹縣,10,橫山鄉,078
24.7117,121.1172,橫山,C0D540,2017-01-16T21:00:00+08:00,227.0,89.0,1.1,13.6,0.83,995.0,-99.0,0.0,-9.9,-99,-999,新竹縣,10,橫山鄉,078
24.7117,121.1172,橫山,C0D540,2017-01-16T22:00:00+08:00,227.0,124.0,1.1,14.1,0.77,995.5,-99.0,0.0,-9.9,-99,-999,新竹縣,10,橫山鄉,078
24.7117,121.1172,橫山,C0D540,2017-01-16T23:00:00+08:00,227.0,67.0,0.6,13.8,0.81,995.8,-99.0,0.0,-9.9,-99,-999,新竹縣,10,橫山鄉,078
24.7117,121.1172,橫山,C0D540,2017-01-17T00:00:00+08:00,227.0,47.0,0.5,13.7,0.85,996.0,-99.0,0.0,-9.9,-99,-999,新竹縣,10,橫山鄉,078
24.7117,121.1172,橫山,C0D540,2017-01-17T01:00:00+08:00,227.0,61.0,1.1,13.6,0.85,995.6,-99.0,0.0,-9.9,-99,-999,新竹縣,10,橫山鄉,078
24.7117,121.1172,橫山,C0D540,2017-01-17T02:00:00+08:00,227.0,63.0,1.5,13.0,0.88,994.5,-99.0,0.0,-9.9,-99,-999,新竹縣,10,橫山鄉,078
24.7117,121.1172,橫山,C0D540,2017-01-17T03:00:00+08:00,227.0,87.0,0.5,13.2,0.86,996.2,-99.0,0.0,-9.9,-99,-999,新竹縣,10,橫山鄉,078
24.7117,121.1172,橫山,C0D540,2017-01-17T04:00:00+08:00,227.0,51.0,0.4,13.3,0.91,995.8,-99.0,0.0,-9.9,-99,-999,新竹縣,10,橫山鄉,078
24.7117,121.1172,橫山,C0D540,2017-01-17T05:00:00+08:00,227.0,56.0,1.1,13.2,0.90,996.0,-99.0,0.0,-9.9,-99,-999,新竹縣,10,橫山鄉,078
24.7117,121.1172,橫山,C0D540,2017-01-17T06:00:00+08:00,227.0,83.0,0.7,13.4,0.89,996.1,-99.0,0.0,-9.9,-99,-999,新竹縣,10,橫山鄉,078
24.7117,121.1172,橫山,C0D540,2017-01-17T07:00:00+08:00,227.0,91.0,1.0,13.4,0.91,996.9,-99.0,0.0,-9.9,-99,-999,新竹縣,10,橫山鄉,078
24.7117,121.1172,橫山,C0D540,2017-01-17T08:00:00+08:00,227.0,70.0,0.7,14.7,0.88,997.3,-99.0,0.0,-9.9,-99,-999,新竹縣,10,橫山鄉,078
24.7117,121.1172,橫山,C0D540,2017-01-17T09:00:00+08:00,227.0,76.0,1.0,17.0,0.79,997.4,-99.0,0.0,-9.9,-99,-999,新竹縣,10,橫山鄉,078
24.7117,121.1172,橫山,C0D540,2017-01-17T10:00:00+08:00,227.0,86.0,0.9,20.1,0.66,997.2,-99.0,0.0,-9.9,-99,-999,新竹縣,10,橫山鄉,078
24.7117,121.1172,橫山,C0D540,2017-01-17T11:00:00+08:00,227.0,109.0,0.4,21.1,0.63,996.1,-99.0,0.0,-9.9,-99,-999,新竹縣,10,橫山鄉,078
24.7117,121.1172,橫山,C0D540,2017-01-17T12:00:00+08:00,227.0,33.0,0.9,22.5,0.63,994.9,-99.0,0.0,-9.9,-99,-999,新竹縣,10,橫山鄉,078
24.7117,121.1172,橫山,C0D540,2017-01-17T13:00:00+08:00,227.0,314.0,0.9,23.2,0.57,994.4,-99.0,0.0,-9.9,-99,-999,新竹縣,10,橫山鄉,078
24.7117,121.1172,橫山,C0D540,2017-01-17T14:00:00+08:00,227.0,29.0,1.0,24.0,0.55,994.0,-99.0,0.0,-9.9,-99,-999,新竹縣,10,橫山鄉,078
24.7117,121.1172,橫山,C0D540,2017-01-17T15:00:00+08:00,227.0,264.0,1.0,22.8,0.62,993.8,-99.0,0.0,-9.9,-99,-999,新竹縣,10,橫山鄉,078
24.7117,121.1172,橫山,C0D540,2017-01-17T16:00:00+08:00,227.0,242.0,1.0,21.5,0.67,994.2,-99.0,0.0,-9.9,-99,-999,新竹縣,10,橫山鄉,078
24.7117,121.1172,橫山,C0D540,2017-01-17T17:00:00+08:00,227.0,273.0,0.8,20.3,0.70,994.7,-99.0,0.0,-9.9,-99,-999,新竹縣,10,橫山鄉,078
24.7117,121.1172,橫山,C0D540,2017-01-17T18:00:00+08:00,227.0,184.0,1.0,18.0,0.83,995.2,-99.0,0.0,-9.9,-99,-999,新竹縣,10,橫山鄉,078
24.7117,121.1172,橫山,C0D540,2017-01-17T19:00:00+08:00,227.0,0.0,0.0,17.5,0.85,995.6,-99.0,0.0,-9.9,-99,-999,新竹縣,10,橫山鄉,078
24.7117,121.1172,橫山,C0D540,2017-01-17T20:00:00+08:00,227.0,218.0,1.0,16.5,0.91,996.3,-99.0,0.0,-9.9,-99,-999,新竹縣,10,橫山鄉,078
24.7117,121.1172,橫山,C0D540,2017-01-17T21:00:00+08:00,227.0,270.0,0.5,17.0,0.88,996.5,-99.0,0.0,-9.9,-99,-999,新竹縣,10,橫山鄉,078
24.7117,121.1172,橫山,C0D540,2017-01-17T22:00:00+08:00,227.0,189.0,1.0,16.1,0.93,997.0,-99.0,0.0,-9.9,-99,-999,新竹縣,10,橫山鄉,078
24.7117,121.1172,橫山,C0D540,2017-01-17T23:00:00+08:00,227.0,203.0,0.9,15.7,0.94,997.2,-99.0,0.0,-9.9,-99,-999,新竹縣,10,橫山鄉,078
24.7117,121.1172,橫山,C0D540,2017-01-18T00:00:00+08:00,227.0,266.0,0.6,15.9,0.94,997.1,-99.0,0.0,-9.9,-99,-999,新竹縣,10,橫山鄉,078
24.7117,121.1172,橫山,C0D540,2017-01-18T01:00:00+08:00,227.0,218.0,0.7,15.6,0.94,997.1,-99.0,0.0,-9.9,-99,-999,新竹縣,10,橫山鄉,078
24.7117,121.1172,橫山,C0D540,2017-01-18T02:00:00+08:00,227.0,271.0,0.6,15.3,0.94,997.3,-99.0,0.0,-9.9,-99,-999,新竹縣,10,橫山鄉,078
24.7117,121.1172,橫山,C0D540,2017-01-18T03:00:00+08:00,227.0,290.0,0.9,16.6,0.90,997.6,-99.0,0.0,-9.9,-99,-999,新竹縣,10,橫山鄉,078
24.7117,121.1172,橫山,C0D540,2017-01-18T04:00:00+08:00,227.0,190.0,0.6,15.8,0.94,997.6,-99.0,0.0,-9.9,-99,-999,新竹縣,10,橫山鄉,078
24.7117,121.1172,橫山,C0D540,2017-01-18T05:00:00+08:00,227.0,0.0,0.2,16.0,0.92,997.5,-99.0,0.0,-9.9,-99,-999,新竹縣,10,橫山鄉,078
24.7117,121.1172,橫山,C0D540,2017-01-18T06:00:00+08:00,227.0,96.0,0.5,15.8,0.94,997.9,-99.0,0.0,-9.9,-99,-999,新竹縣,10,橫山鄉,078
24.7117,121.1172,橫山,C0D540,2017-01-18T07:00:00+08:00,227.0,151.0,0.5,15.8,0.95,998.2,-99.0,0.0,-9.9,-99,-999,新竹縣,10,橫山鄉,078
24.7117,121.1172,橫山,C0D540,2017-01-18T08:00:00+08:00,227.0,33.0,0.4,16.7,0.91,998.5,-99.0,0.0,-9.9,-99,-999,新竹縣,10,橫山鄉,078
24.7117,121.1172,橫山,C0D540,2017-01-18T10:00:00+08:00,227.0,20.0,1.3,20.5,0.77,998.6,-99.0,0.0,-9.9,-99,-999,新竹縣,10,橫山鄉,078
24.7117,121.1172,橫山,C0D540,2017-01-18T11:00:00+08:00,227.0,280.0,0.7,20.9,0.82,997.5,-99.0,0.0,-9.9,-99,-999,新竹縣,10,橫山鄉,078
24.7117,121.1172,橫山,C0D540,2017-01-18T12:00:00+08:00,227.0,346.0,1.3,21.2,0.77,995.8,-99.0,0.0,-9.9,-99,-999,新竹縣,10,橫山鄉,078
24.7117,121.1172,橫山,C0D540,2017-01-18T13:00:00+08:00,227.0,36.0,1.3,19.7,0.82,995.6,-99.0,0.0,-9.9,-99,-999,新竹縣,10,橫山鄉,078
24.7117,121.1172,橫山,C0D540,2017-01-18T14:00:00+08:00,227.0,46.0,0.9,19.9,0.80,995.2,-99.0,0.0,-9.9,-99,-999,新竹縣,10,橫山鄉,078
24.7117,121.1172,橫山,C0D540,2017-01-18T15:00:00+08:00,227.0,126.0,1.2,20.7,0.76,995.1,-99.0,0.0,-9.9,-99,-999,新竹縣,10,橫山鄉,078
24.7117,121.1172,橫山,C0D540,2017-01-18T16:00:00+08:00,227.0,22.0,1.4,19.4,0.85,995.2,-99.0,0.0,-9.9,-99,-999,新竹縣,10,橫山鄉,078
24.7117,121.1172,橫山,C0D540,2017-01-18T17:00:00+08:00,227.0,30.0,1.1,18.3,0.88,995.6,-99.0,0.0,-9.9,-99,-999,新竹縣,10,橫山鄉,078
24.7117,121.1172,橫山,C0D540,2017-01-18T18:00:00+08:00,227.0,46.0,1.0,17.9,0.90,995.9,-99.0,0.0,-9.9,-99,-999,新竹縣,10,橫山鄉,078
24.7117,121.1172,橫山,C0D540,2017-01-18T19:00:00+08:00,227.0,40.0,0.6,17.4,0.92,996.4,-99.0,0.0,-9.9,-99,-999,新竹縣,10,橫山鄉,078
24.7117,121.1172,橫山,C0D540,2017-01-18T20:00:00+08:00,227.0,57.0,1.1,17.1,0.95,996.3,-99.0,0.0,-9.9,-99,-999,新竹縣,10,橫山鄉,078
24.7117,121.1172,橫山,C0D540,2017-01-18T21:00:00+08:00,227.0,53.0,0.7,17.1,0.96,996.6,-99.0,0.0,-9.9,-99,-999,新竹縣,10,橫山鄉,078
24.7117,121.1172,橫山,C0D540,2017-01-18T22:00:00+08:00,227.0,60.0,0.3,17.0,0.96,996.4,-99.0,0.0,-9.9,-99,-999,新竹縣,10,橫山鄉,078
24.7117,121.1172,橫山,C0D540,2017-01-18T23:00:00+08:00,227.0,0.0,0.0,16.6,0.96,996.5,-99.0,0.0,-9.9,-99,-999,新竹縣,10,橫山鄉,078
24.7117,121.1172,橫山,C0D540,2017-01-19T00:00:00+08:00,227.0,165.0,0.3,16.4,0.96,996.6,-99.0,0.0,-9.9,-99,-999,新竹縣,10,橫山鄉,078
24.7117,121.1172,橫山,C0D540,2017-01-19T01:00:00+08:00,227.0,0.0,0.0,16.1,0.95,996.8,-99.0,0.0,-9.9,-99,-999,新竹縣,10,橫山鄉,078
24.7117,121.1172,橫山,C0D540,2017-01-19T02:00:00+08:00,227.0,206.0,0.5,16.2,0.94,996.8,-99.0,0.0,-9.9,-99,-999,新竹縣,10,橫山鄉,078
24.7117,121.1172,橫山,C0D540,2017-01-19T03:00:00+08:00,227.0,182.0,0.7,16.0,0.95,996.3,-99.0,0.0,-9.9,-99,-999,新竹縣,10,橫山鄉,078
24.7117,121.1172,橫山,C0D540,2017-01-19T04:00:00+08:00,227.0,156.0,0.7,15.9,0.92,996.1,-99.0,0.0,-9.9,-99,-999,新竹縣,10,橫山鄉,078
24.7117,121.1172,橫山,C0D540,2017-01-19T05:00:00+08:00,227.0,207.0,0.9,16.1,0.92,996.6,-99.0,0.0,-9.9,-99,-999,新竹縣,10,橫山鄉,078
24.7117,121.1172,橫山,C0D540,2017-01-19T06:00:00+08:00,227.0,0.0,0.2,16.2,0.93,996.8,-99.0,0.0,-9.9,-99,-999,新竹縣,10,橫山鄉,078
24.7117,121.1172,橫山,C0D540,2017-01-19T07:00:00+08:00,227.0,83.0,0.4,16.1,0.94,997.3,-99.0,0.0,-9.9,-99,-999,新竹縣,10,橫山鄉,078
24.7117,121.1172,橫山,C0D540,2017-01-19T08:00:00+08:00,227.0,280.0,0.3,16.7,0.93,998.1,-99.0,0.0,-9.9,-99,-999,新竹縣,10,橫山鄉,078
24.7117,121.1172,橫山,C0D540,2017-01-19T09:00:00+08:00,227.0,94.0,1.1,17.6,0.93,998.2,-99.0,0.0,-9.9,-99,-999,新竹縣,10,橫山鄉,078
24.7117,121.1172,橫山,C0D540,2017-01-19T10:00:00+08:00,227.0,16.0,1.0,19.4,0.81,997.6,-99.0,0.0,-9.9,-99,-999,新竹縣,10,橫山鄉,078
24.7117,121.1172,橫山,C0D540,2017-01-19T11:00:00+08:00,227.0,9.0,1.3,20.3,0.80,997.0,-99.0,0.0,-9.9,-99,-999,新竹縣,10,橫山鄉,078
24.7117,121.1172,橫山,C0D540,2017-01-19T12:00:00+08:00,227.0,24.0,0.6,19.5,0.80,995.9,-99.0,0.0,-9.9,-99,-999,新竹縣,10,橫山鄉,078
24.7117,121.1172,橫山,C0D540,2017-01-19T13:00:00+08:00,227.0,360.0,0.9,21.9,0.79,994.4,-99.0,0.0,-9.9,-99,-999,新竹縣,10,橫山鄉,078
24.7117,121.1172,橫山,C0D540,2017-01-19T14:00:00+08:00,227.0,55.0,1.3,22.8,0.70,993.1,-99.0,0.0,-9.9,-99,-999,新竹縣,10,橫山鄉,078
24.7117,121.1172,橫山,C0D540,2017-01-19T15:00:00+08:00,227.0,10.0,1.8,20.4,0.79,993.2,-99.0,0.0,-9.9,-99,-999,新竹縣,10,橫山鄉,078
24.7117,121.1172,橫山,C0D540,2017-01-19T16:00:00+08:00,227.0,48.0,1.0,18.2,0.86,994.0,-99.0,0.0,-9.9,-99,-999,新竹縣,10,橫山鄉,078
24.7117,121.1172,橫山,C0D540,2017-01-19T17:00:00+08:00,227.0,52.0,1.1,17.6,0.88,994.2,-99.0,0.0,-9.9,-99,-999,新竹縣,10,橫山鄉,078
24.7117,121.1172,橫山,C0D540,2017-01-19T18:00:00+08:00,227.0,56.0,1.4,16.9,0.89,994.7,-99.0,0.0,-9.9,-99,-999,新竹縣,10,橫山鄉,078
24.7117,121.1172,橫山,C0D540,2017-01-19T19:00:00+08:00,227.0,53.0,1.0,16.7,0.89,995.0,-99.0,0.0,-9.9,-99,-999,新竹縣,10,橫山鄉,078
24.7117,121.1172,橫山,C0D540,2017-01-19T20:00:00+08:00,227.0,60.0,0.9,16.5,0.91,995.5,-99.0,0.0,-9.9,-99,-999,新竹縣,10,橫山鄉,078
24.7117,121.1172,橫山,C0D540,2017-01-19T21:00:00+08:00,227.0,50.0,1.0,16.4,0.93,995.8,-99.0,0.0,-9.9,-99,-999,新竹縣,10,橫山鄉,078
24.7117,121.1172,橫山,C0D540,2017-01-19T22:00:00+08:00,227.0,56.0,0.6,16.2,0.95,995.8,-99.0,0.0,-9.9,-99,-999,新竹縣,10,橫山鄉,078
24.7117,121.1172,橫山,C0D540,2017-01-19T23:00:00+08:00,227.0,58.0,0.7,16.2,0.94,995.8,-99.0,0.0,-9.9,-99,-999,新竹縣,10,橫山鄉,078
24.7117,121.1172,橫山,C0D540,2017-01-20T00:00:00+08:00,227.0,49.0,2.0,16.2,0.92,996.1,-99.0,0.0,-9.9,-99,-999,新竹縣,10,橫山鄉,078
24.7117,121.1172,橫山,C0D540,2017-01-20T01:00:00+08:00,227.0,52.0,1.9,15.9,0.93,996.3,-99.0,0.0,-9.9,-99,-999,新竹縣,10,橫山鄉,078
24.7117,121.1172,橫山,C0D540,2017-01-20T02:00:00+08:00,227.0,49.0,1.9,15.5,0.91,996.6,-99.0,0.0,-9.9,-99,-999,新竹縣,10,橫山鄉,078
24.7117,121.1172,橫山,C0D540,2017-01-20T03:00:00+08:00,227.0,53.0,2.4,14.5,0.93,996.8,-99.0,0.0,-9.9,-99,-999,新竹縣,10,橫山鄉,078
24.7117,121.1172,橫山,C0D540,2017-01-20T04:00:00+08:00,227.0,49.0,2.4,13.9,0.92,997.0,-99.0,0.0,-9.9,-99,-999,新竹縣,10,橫山鄉,078
24.7117,121.1172,橫山,C0D540,2017-01-20T05:00:00+08:00,227.0,53.0,2.8,13.3,0.91,997.5,-99.0,0.0,-9.9,-99,-999,新竹縣,10,橫山鄉,078
24.7117,121.1172,橫山,C0D540,2017-01-20T06:00:00+08:00,227.0,49.0,2.6,13.0,0.91,998.1,-99.0,0.0,-9.9,-99,-999,新竹縣,10,橫山鄉,078
24.7117,121.1172,橫山,C0D540,2017-01-20T07:00:00+08:00,227.0,51.0,3.3,12.7,0.91,998.8,-99.0,0.0,-9.9,-99,-999,新竹縣,10,橫山鄉,078
24.7117,121.1172,橫山,C0D540,2017-01-20T08:00:00+08:00,227.0,57.0,2.0,12.9,0.91,999.2,-99.0,0.0,-9.9,-99,-999,新竹縣,10,橫山鄉,078
24.7117,121.1172,橫山,C0D540,2017-01-20T09:00:00+08:00,227.0,49.0,2.6,13.5,0.88,999.8,-99.0,0.0,-9.9,-99,-999,新竹縣,10,橫山鄉,078
24.7117,121.1172,橫山,C0D540,2017-01-20T10:00:00+08:00,227.0,49.0,2.7,14.4,0.83,999.8,-99.0,0.0,-9.9,-99,-999,新竹縣,10,橫山鄉,078
24.7117,121.1172,橫山,C0D540,2017-01-20T11:00:00+08:00,227.0,48.0,3.6,13.8,0.81,999.7,-99.0,0.0,-9.9,-99,-999,新竹縣,10,橫山鄉,078
24.7117,121.1172,橫山,C0D540,2017-01-20T12:00:00+08:00,227.0,46.0,4.0,13.1,0.82,999.1,-99.0,0.0,-9.9,-99,-999,新竹縣,10,橫山鄉,078
24.7117,121.1172,橫山,C0D540,2017-01-20T13:00:00+08:00,227.0,50.0,4.4,12.9,0.81,998.2,-99.0,0.0,-9.9,-99,-999,新竹縣,10,橫山鄉,078
24.7117,121.1172,橫山,C0D540,2017-01-20T14:00:00+08:00,227.0,48.0,4.2,12.2,0.80,997.7,-99.0,0.0,-9.9,-99,-999,新竹縣,10,橫山鄉,078
24.7117,121.1172,橫山,C0D540,2017-01-20T15:00:00+08:00,227.0,50.0,4.6,11.8,0.79,997.5,-99.0,0.0,-9.9,-99,-999,新竹縣,10,橫山鄉,078
24.7117,121.1172,橫山,C0D540,2017-01-20T16:00:00+08:00,227.0,52.0,4.8,10.5,0.80,998.0,-99.0,0.0,-9.9,-99,-999,新竹縣,10,橫山鄉,078
24.7117,121.1172,橫山,C0D540,2017-01-20T17:00:00+08:00,227.0,51.0,3.9,10.3,0.78,998.5,-99.0,0.0,-9.9,-99,-999,新竹縣,10,橫山鄉,078
24.7117,121.1172,橫山,C0D540,2017-01-20T18:00:00+08:00,227.0,50.0,3.6,10.1,0.79,998.8,-99.0,0.0,-9.9,-99,-999,新竹縣,10,橫山鄉,078
24.7117,121.1172,橫山,C0D540,2017-01-20T19:00:00+08:00,227.0,54.0,4.2,10.1,0.76,999.2,-99.0,0.0,-9.9,-99,-999,新竹縣,10,橫山鄉,078
24.7117,121.1172,橫山,C0D540,2017-01-20T20:00:00+08:00,227.0,50.0,3.7,10.2,0.76,999.2,-99.0,0.0,-9.9,-99,-999,新竹縣,10,橫山鄉,078
24.7117,121.1172,橫山,C0D540,2017-01-20T21:00:00+08:00,227.0,52.0,4.8,10.2,0.75,999.4,-99.0,0.0,-9.9,-99,-999,新竹縣,10,橫山鄉,078
24.7117,121.1172,橫山,C0D540,2017-01-20T22:00:00+08:00,227.0,49.0,3.4,10.2,0.76,999.3,-99.0,0.0,-9.9,-99,-999,新竹縣,10,橫山鄉,078
24.7117,121.1172,橫山,C0D540,2017-01-20T23:00:00+08:00,227.0,56.0,3.4,10.2,0.75,999.1,-99.0,0.0,-9.9,-99,-999,新竹縣,10,橫山鄉,078
24.7117,121.1172,橫山,C0D540,2017-01-21T00:00:00+08:00,227.0,53.0,3.3,10.4,0.74,998.9,-99.0,0.0,-9.9,-99,-999,新竹縣,10,橫山鄉,078
24.7117,121.1172,橫山,C0D540,2017-01-21T01:00:00+08:00,227.0,52.0,2.4,10.3,0.76,998.9,-99.0,0.0,-9.9,-99,-999,新竹縣,10,橫山鄉,078
24.7117,121.1172,橫山,C0D540,2017-01-21T02:00:00+08:00,227.0,55.0,1.9,10.1,0.77,999.0,-99.0,0.0,-9.9,-99,-999,新竹縣,10,橫山鄉,078
24.7117,121.1172,橫山,C0D540,2017-01-21T03:00:00+08:00,227.0,51.0,2.6,10.3,0.77,999.0,-99.0,0.0,-9.9,-99,-999,新竹縣,10,橫山鄉,078
24.7117,121.1172,橫山,C0D540,2017-01-21T04:00:00+08:00,227.0,53.0,2.6,10.0,0.81,999.3,-99.0,0.0,-9.9,-99,-999,新竹縣,10,橫山鄉,078
24.7117,121.1172,橫山,C0D540,2017-01-21T05:00:00+08:00,227.0,51.0,1.7,10.1,0.79,999.4,-99.0,0.0,-9.9,-99,-999,新竹縣,10,橫山鄉,078
24.7117,121.1172,橫山,C0D540,2017-01-21T06:00:00+08:00,227.0,51.0,2.2,10.2,0.80,1000.2,-99.0,0.0,-9.9,-99,-999,新竹縣,10,橫山鄉,078
24.7117,121.1172,橫山,C0D540,2017-01-21T07:00:00+08:00,227.0,51.0,2.1,10.1,0.83,1001.0,-99.0,0.0,-9.9,-99,-999,新竹縣,10,橫山鄉,078
24.7117,121.1172,橫山,C0D540,2017-01-21T08:00:00+08:00,227.0,59.0,1.0,11.2,0.79,1001.3,-99.0,0.0,-9.9,-99,-999,新竹縣,10,橫山鄉,078
24.7117,121.1172,橫山,C0D540,2017-01-21T10:00:00+08:00,227.0,49.0,2.1,13.8,0.71,1001.7,-99.0,0.0,-9.9,-99,-999,新竹縣,10,橫山鄉,078
24.7117,121.1172,橫山,C0D540,2017-01-21T11:00:00+08:00,227.0,48.0,3.0,14.3,0.71,1000.9,-99.0,0.0,-9.9,-99,-999,新竹縣,10,橫山鄉,078
24.7117,121.1172,橫山,C0D540,2017-01-21T12:00:00+08:00,227.0,53.0,1.0,15.6,0.65,1000.2,-99.0,0.0,-9.9,-99,-999,新竹縣,10,橫山鄉,078
24.7117,121.1172,橫山,C0D540,2017-01-21T13:00:00+08:00,227.0,50.0,2.5,15.5,0.68,998.9,-99.0,0.0,-9.9,-99,-999,新竹縣,10,橫山鄉,078
24.7117,121.1172,橫山,C0D540,2017-01-21T14:00:00+08:00,227.0,34.0,2.2,14.8,0.72,998.9,-99.0,0.0,-9.9,-99,-999,新竹縣,10,橫山鄉,078
24.7117,121.1172,橫山,C0D540,2017-01-21T15:00:00+08:00,227.0,51.0,2.2,13.8,0.76,998.9,-99.0,0.0,-9.9,-99,-999,新竹縣,10,橫山鄉,078
24.7117,121.1172,橫山,C0D540,2017-01-21T16:00:00+08:00,227.0,54.0,1.9,13.7,0.75,998.9,-99.0,0.0,-9.9,-99,-999,新竹縣,10,橫山鄉,078
24.7117,121.1172,橫山,C0D540,2017-01-21T17:00:00+08:00,227.0,52.0,2.3,13.0,0.76,999.2,-99.0,0.0,-9.9,-99,-999,新竹縣,10,橫山鄉,078
24.7117,121.1172,橫山,C0D540,2017-01-21T18:00:00+08:00,227.0,52.0,1.6,12.1,0.80,999.7,-99.0,0.0,-9.9,-99,-999,新竹縣,10,橫山鄉,078
24.7117,121.1172,橫山,C0D540,2017-01-21T19:00:00+08:00,227.0,65.0,0.8,10.8,0.87,1000.2,-99.0,0.0,-9.9,-99,-999,新竹縣,10,橫山鄉,078
24.7117,121.1172,橫山,C0D540,2017-01-21T20:00:00+08:00,227.0,99.0,0.6,10.5,0.87,1000.5,-99.0,0.0,-9.9,-99,-999,新竹縣,10,橫山鄉,078
24.7117,121.1172,橫山,C0D540,2017-01-21T21:00:00+08:00,227.0,55.0,1.0,9.8,0.93,1001.0,-99.0,0.0,-9.9,-99,-999,新竹縣,10,橫山鄉,078
24.7117,121.1172,橫山,C0D540,2017-01-21T22:00:00+08:00,227.0,57.0,0.8,9.7,0.93,1001.2,-99.0,0.0,-9.9,-99,-999,新竹縣,10,橫山鄉,078
24.7117,121.1172,橫山,C0D540,2017-01-21T23:00:00+08:00,227.0,71.0,0.6,9.0,0.95,1001.2,-99.0,0.0,-9.9,-99,-999,新竹縣,10,橫山鄉,078
24.7117,121.1172,橫山,C0D540,2017-01-22T00:00:00+08:00,227.0,60.0,0.7,9.3,0.94,1001.5,-99.0,0.0,-9.9,-99,-999,新竹縣,10,橫山鄉,078
24.7117,121.1172,橫山,C0D540,2017-01-22T01:00:00+08:00,227.0,65.0,0.5,9.9,0.92,1001.4,-99.0,0.0,-9.9,-99,-999,新竹縣,10,橫山鄉,078
24.7117,121.1172,橫山,C0D540,2017-01-22T02:00:00+08:00,227.0,67.0,0.5,10.2,0.91,1001.4,-99.0,0.0,-9.9,-99,-999,新竹縣,10,橫山鄉,078
24.7117,121.1172,橫山,C0D540,2017-01-22T03:00:00+08:00,227.0,65.0,1.0,10.8,0.91,1001.3,-99.0,0.0,-9.9,-99,-999,新竹縣,10,橫山鄉,078
24.7117,121.1172,橫山,C0D540,2017-01-22T04:00:00+08:00,227.0,58.0,1.5,11.3,0.88,1001.4,-99.0,0.0,-9.9,-99,-999,新竹縣,10,橫山鄉,078
24.7117,121.1172,橫山,C0D540,2017-01-22T05:00:00+08:00,227.0,54.0,1.0,11.3,0.86,1002.1,-99.0,0.0,-9.9,-99,-999,新竹縣,10,橫山鄉,078
24.7117,121.1172,橫山,C0D540,2017-01-22T06:00:00+08:00,227.0,51.0,2.1,11.4,0.81,1002.7,-99.0,0.0,-9.9,-99,-999,新竹縣,10,橫山鄉,078
24.7117,121.1172,橫山,C0D540,2017-01-22T07:00:00+08:00,227.0,56.0,1.5,11.0,0.79,1002.4,-99.0,0.0,-9.9,-99,-999,新竹縣,10,橫山鄉,078
24.7117,121.1172,橫山,C0D540,2017-01-22T08:00:00+08:00,227.0,54.0,1.3,11.9,0.75,1002.6,-99.0,0.0,-9.9,-99,-999,新竹縣,10,橫山鄉,078
24.7117,121.1172,橫山,C0D540,2017-01-22T09:00:00+08:00,227.0,53.0,2.2,14.1,0.66,1002.9,-99.0,0.0,-9.9,-99,-999,新竹縣,10,橫山鄉,078
24.7117,121.1172,橫山,C0D540,2017-01-22T10:00:00+08:00,227.0,50.0,3.4,15.7,0.60,1003.3,-99.0,0.0,-9.9,-99,-999,新竹縣,10,橫山鄉,078
24.7117,121.1172,橫山,C0D540,2017-01-22T11:00:00+08:00,227.0,51.0,2.9,16.8,0.57,1002.6,-99.0,0.0,-9.9,-99,-999,新竹縣,10,橫山鄉,078
24.7117,121.1172,橫山,C0D540,2017-01-22T12:00:00+08:00,227.0,50.0,3.1,17.7,0.52,1001.4,-99.0,0.0,-9.9,-99,-999,新竹縣,10,橫山鄉,078
24.7117,121.1172,橫山,C0D540,2017-01-22T13:00:00+08:00,227.0,54.0,3.2,18.1,0.52,1000.1,-99.0,0.0,-9.9,-99,-999,新竹縣,10,橫山鄉,078
24.7117,121.1172,橫山,C0D540,2017-01-22T14:00:00+08:00,227.0,46.0,3.8,17.8,0.52,999.4,-99.0,0.0,-9.9,-99,-999,新竹縣,10,橫山鄉,078
24.7117,121.1172,橫山,C0D540,2017-01-22T15:00:00+08:00,227.0,49.0,3.2,17.1,0.54,998.8,-99.0,0.0,-9.9,-99,-999,新竹縣,10,橫山鄉,078
24.7117,121.1172,橫山,C0D540,2017-01-22T16:00:00+08:00,227.0,53.0,3.8,15.1,0.59,998.8,-99.0,0.0,-9.9,-99,-999,新竹縣,10,橫山鄉,078
24.7117,121.1172,橫山,C0D540,2017-01-22T17:00:00+08:00,227.0,51.0,4.1,12.5,0.67,999.1,-99.0,0.0,-9.9,-99,-999,新竹縣,10,橫山鄉,078
24.7117,121.1172,橫山,C0D540,2017-01-22T18:00:00+08:00,227.0,52.0,3.3,11.0,0.71,999.3,-99.0,0.0,-9.9,-99,-999,新竹縣,10,橫山鄉,078
24.7117,121.1172,橫山,C0D540,2017-01-22T19:00:00+08:00,227.0,56.0,1.8,10.4,0.74,999.8,-99.0,0.0,-9.9,-99,-999,新竹縣,10,橫山鄉,078
24.7117,121.1172,橫山,C0D540,2017-01-22T20:00:00+08:00,227.0,58.0,1.9,10.4,0.74,1000.3,-99.0,0.0,-9.9,-99,-999,新竹縣,10,橫山鄉,078
24.7117,121.1172,橫山,C0D540,2017-01-22T21:00:00+08:00,227.0,58.0,1.9,10.3,0.73,1000.2,-99.0,0.0,-9.9,-99,-999,新竹縣,10,橫山鄉,078
24.7117,121.1172,橫山,C0D540,2017-01-22T22:00:00+08:00,227.0,78.0,0.6,10.2,0.72,1000.1,-99.0,0.0,-9.9,-99,-999,新竹縣,10,橫山鄉,078
24.7117,121.1172,橫山,C0D540,2017-01-22T23:00:00+08:00,227.0,82.0,1.0,10.8,0.72,999.9,-99.0,0.0,-9.9,-99,-999,新竹縣,10,橫山鄉,078
24.7117,121.1172,橫山,C0D540,2017-01-23T00:00:00+08:00,227.0,84.0,0.9,10.1,0.75,999.7,-99.0,0.0,-9.9,-99,-999,新竹縣,10,橫山鄉,078
24.7117,121.1172,橫山,C0D540,2017-01-23T01:00:00+08:00,227.0,66.0,1.0,10.0,0.76,999.7,-99.0,0.0,-9.9,-99,-999,新竹縣,10,橫山鄉,078
24.7117,121.1172,橫山,C0D540,2017-01-23T02:00:00+08:00,227.0,54.0,0.6,10.4,0.77,999.7,-99.0,0.0,-9.9,-99,-999,新竹縣,10,橫山鄉,078
24.7117,121.1172,橫山,C0D540,2017-01-23T03:00:00+08:00,227.0,84.0,0.6,10.8,0.73,999.6,-99.0,0.0,-9.9,-99,-999,新竹縣,10,橫山鄉,078
24.7117,121.1172,橫山,C0D540,2017-01-23T04:00:00+08:00,227.0,79.0,0.5,11.4,0.72,999.5,-99.0,0.0,-9.9,-99,-999,新竹縣,10,橫山鄉,078
24.7117,121.1172,橫山,C0D540,2017-01-23T05:00:00+08:00,227.0,80.0,1.0,11.1,0.75,999.5,-99.0,0.0,-9.9,-99,-999,新竹縣,10,橫山鄉,078
24.7117,121.1172,橫山,C0D540,2017-01-23T06:00:00+08:00,227.0,66.0,0.9,10.8,0.77,1000.1,-99.0,0.0,-9.9,-99,-999,新竹縣,10,橫山鄉,078
24.7117,121.1172,橫山,C0D540,2017-01-23T07:00:00+08:00,227.0,73.0,0.9,11.5,0.73,1000.6,-99.0,0.0,-9.9,-99,-999,新竹縣,10,橫山鄉,078
24.7117,121.1172,橫山,C0D540,2017-01-23T08:00:00+08:00,227.0,83.0,0.7,12.6,0.70,1000.9,-99.0,0.0,-9.9,-99,-999,新竹縣,10,橫山鄉,078
24.7117,121.1172,橫山,C0D540,2017-01-23T09:00:00+08:00,227.0,57.0,0.9,14.3,0.67,1001.2,-99.0,0.0,-9.9,-99,-999,新竹縣,10,橫山鄉,078
24.7117,121.1172,橫山,C0D540,2017-01-23T10:00:00+08:00,227.0,49.0,1.6,16.1,0.64,1001.1,-99.0,0.0,-9.9,-99,-999,新竹縣,10,橫山鄉,078
24.7117,121.1172,橫山,C0D540,2017-01-23T11:00:00+08:00,227.0,52.0,2.0,16.9,0.61,1001.0,-99.0,0.0,-9.9,-99,-999,新竹縣,10,橫山鄉,078
24.7117,121.1172,橫山,C0D540,2017-01-23T12:00:00+08:00,227.0,45.0,2.5,17.6,0.59,1000.4,-99.0,0.0,-9.9,-99,-999,新竹縣,10,橫山鄉,078
24.7117,121.1172,橫山,C0D540,2017-01-23T13:00:00+08:00,227.0,46.0,3.0,16.5,0.62,999.5,-99.0,0.0,-9.9,-99,-999,新竹縣,10,橫山鄉,078
24.7117,121.1172,橫山,C0D540,2017-01-23T14:00:00+08:00,227.0,49.0,3.0,16.5,0.62,999.0,-99.0,0.0,-9.9,-99,-999,新竹縣,10,橫山鄉,078
24.7117,121.1172,橫山,C0D540,2017-01-23T15:00:00+08:00,227.0,49.0,3.8,15.7,0.64,998.9,-99.0,0.0,-9.9,-99,-999,新竹縣,10,橫山鄉,078
24.7117,121.1172,橫山,C0D540,2017-01-23T16:00:00+08:00,227.0,50.0,1.8,14.7,0.66,999.2,-99.0,0.0,-9.9,-99,-999,新竹縣,10,橫山鄉,078
24.7117,121.1172,橫山,C0D540,2017-01-23T17:00:00+08:00,227.0,51.0,2.1,13.0,0.72,999.6,-99.0,0.0,-9.9,-99,-999,新竹縣,10,橫山鄉,078
24.7117,121.1172,橫山,C0D540,2017-01-23T18:00:00+08:00,227.0,55.0,1.1,12.2,0.75,1000.0,-99.0,0.0,-9.9,-99,-999,新竹縣,10,橫山鄉,078
24.7117,121.1172,橫山,C0D540,2017-01-23T19:00:00+08:00,227.0,68.0,1.2,12.0,0.74,1000.0,-99.0,0.0,-9.9,-99,-999,新竹縣,10,橫山鄉,078
24.7117,121.1172,橫山,C0D540,2017-01-23T20:00:00+08:00,227.0,63.0,1.2,11.9,0.75,1000.0,-99.0,0.0,-9.9,-99,-999,新竹縣,10,橫山鄉,078
24.7117,121.1172,橫山,C0D540,2017-01-23T21:00:00+08:00,227.0,85.0,1.0,11.6,0.75,999.8,-99.0,0.0,-9.9,-99,-999,新竹縣,10,橫山鄉,078
24.7117,121.1172,橫山,C0D540,2017-01-23T22:00:00+08:00,227.0,93.0,1.0,12.0,0.74,999.9,-99.0,0.0,-9.9,-99,-999,新竹縣,10,橫山鄉,078
24.7117,121.1172,橫山,C0D540,2017-01-23T23:00:00+08:00,227.0,88.0,1.2,12.2,0.74,1000.1,-99.0,0.0,-9.9,-99,-999,新竹縣,10,橫山鄉,078
24.7117,121.1172,橫山,C0D540,2017-01-24T00:00:00+08:00,227.0,80.0,0.8,12.1,0.74,1000.2,-99.0,0.0,-9.9,-99,-999,新竹縣,10,橫山鄉,078
24.7117,121.1172,橫山,C0D540,2017-01-24T01:00:00+08:00,227.0,110.0,1.0,12.2,0.76,999.9,-99.0,0.0,-9.9,-99,-999,新竹縣,10,橫山鄉,078
24.7117,121.1172,橫山,C0D540,2017-01-24T02:00:00+08:00,227.0,80.0,0.7,12.1,0.77,1000.0,-99.0,0.0,-9.9,-99,-999,新竹縣,10,橫山鄉,078
24.7117,121.1172,橫山,C0D540,2017-01-24T03:00:00+08:00,227.0,57.0,0.5,12.0,0.79,999.8,-99.0,0.0,-9.9,-99,-999,新竹縣,10,橫山鄉,078
24.7117,121.1172,橫山,C0D540,2017-01-24T04:00:00+08:00,227.0,77.0,1.0,12.2,0.80,999.5,-99.0,0.0,-9.9,-99,-999,新竹縣,10,橫山鄉,078
24.7117,121.1172,橫山,C0D540,2017-01-24T05:00:00+08:00,227.0,75.0,1.0,12.3,0.82,999.5,-99.0,0.0,-9.9,-99,-999,新竹縣,10,橫山鄉,078
24.7117,121.1172,橫山,C0D540,2017-01-24T06:00:00+08:00,227.0,70.0,0.8,12.4,0.81,1000.0,-99.0,0.0,-9.9,-99,-999,新竹縣,10,橫山鄉,078
24.7117,121.1172,橫山,C0D540,2017-01-24T07:00:00+08:00,227.0,68.0,0.9,12.3,0.84,1000.4,-99.0,0.0,-9.9,-99,-999,新竹縣,10,橫山鄉,078
24.7117,121.1172,橫山,C0D540,2017-01-24T08:00:00+08:00,227.0,75.0,0.8,12.8,0.81,1000.9,-99.0,0.0,-9.9,-99,-999,新竹縣,10,橫山鄉,078
24.7117,121.1172,橫山,C0D540,2017-01-24T10:00:00+08:00,227.0,51.0,1.0,16.8,0.69,1001.3,-99.0,0.0,-9.9,-99,-999,新竹縣,10,橫山鄉,078
24.7117,121.1172,橫山,C0D540,2017-01-24T11:00:00+08:00,227.0,62.0,1.3,20.1,0.57,1001.0,-99.0,0.0,-9.9,-99,-999,新竹縣,10,橫山鄉,078
24.7117,121.1172,橫山,C0D540,2017-01-24T12:00:00+08:00,227.0,46.0,2.4,19.9,0.61,1000.2,-99.0,0.0,-9.9,-99,-999,新竹縣,10,橫山鄉,078
24.7117,121.1172,橫山,C0D540,2017-01-24T13:00:00+08:00,227.0,46.0,2.7,18.5,0.67,999.6,-99.0,0.0,-9.9,-99,-999,新竹縣,10,橫山鄉,078
24.7117,121.1172,橫山,C0D540,2017-01-24T14:00:00+08:00,227.0,49.0,2.3,18.1,0.68,999.4,-99.0,0.0,-9.9,-99,-999,新竹縣,10,橫山鄉,078
24.7117,121.1172,橫山,C0D540,2017-01-24T15:00:00+08:00,227.0,47.0,2.4,16.3,0.73,999.5,-99.0,0.0,-9.9,-99,-999,新竹縣,10,橫山鄉,078
24.7117,121.1172,橫山,C0D540,2017-01-24T16:00:00+08:00,227.0,53.0,2.2,14.9,0.78,1000.1,-99.0,0.0,-9.9,-99,-999,新竹縣,10,橫山鄉,078
24.7117,121.1172,橫山,C0D540,2017-01-24T17:00:00+08:00,227.0,53.0,3.0,13.6,0.83,1000.4,-99.0,0.0,-9.9,-99,-999,新竹縣,10,橫山鄉,078
24.7117,121.1172,橫山,C0D540,2017-01-24T18:00:00+08:00,227.0,58.0,1.8,12.9,0.85,1000.9,-99.0,0.0,-9.9,-99,-999,新竹縣,10,橫山鄉,078
24.7117,121.1172,橫山,C0D540,2017-01-24T19:00:00+08:00,227.0,67.0,0.7,12.6,0.86,1001.0,-99.0,0.0,-9.9,-99,-999,新竹縣,10,橫山鄉,078
24.7117,121.1172,橫山,C0D540,2017-01-24T20:00:00+08:00,227.0,55.0,0.6,12.4,0.87,1001.7,-99.0,0.0,-9.9,-99,-999,新竹縣,10,橫山鄉,078
24.7117,121.1172,橫山,C0D540,2017-01-24T21:00:00+08:00,227.0,63.0,0.5,12.3,0.87,1002.0,-99.0,0.0,-9.9,-99,-999,新竹縣,10,橫山鄉,078
24.7117,121.1172,橫山,C0D540,2017-01-24T22:00:00+08:00,227.0,65.0,0.6,12.4,0.88,1002.0,-99.0,0.0,-9.9,-99,-999,新竹縣,10,橫山鄉,078
24.7117,121.1172,橫山,C0D540,2017-01-24T23:00:00+08:00,227.0,54.0,0.8,12.3,0.89,1002.0,-99.0,0.0,-9.9,-99,-999,新竹縣,10,橫山鄉,078
24.7117,121.1172,橫山,C0D540,2017-01-25T00:00:00+08:00,227.0,65.0,0.7,12.4,0.89,1001.5,-99.0,0.0,-9.9,-99,-999,新竹縣,10,橫山鄉,078
24.7117,121.1172,橫山,C0D540,2017-01-25T01:00:00+08:00,227.0,60.0,1.1,12.3,0.89,1001.0,-99.0,0.0,-9.9,-99,-999,新竹縣,10,橫山鄉,078
24.7117,121.1172,橫山,C0D540,2017-01-25T02:00:00+08:00,227.0,81.0,0.5,12.2,0.89,1000.4,-99.0,0.0,-9.9,-99,-999,新竹縣,10,橫山鄉,078
24.7117,121.1172,橫山,C0D540,2017-01-25T03:00:00+08:00,227.0,70.0,0.3,12.1,0.89,1000.0,-99.0,0.0,-9.9,-99,-999,新竹縣,10,橫山鄉,078
24.7117,121.1172,橫山,C0D540,2017-01-25T04:00:00+08:00,227.0,93.0,0.4,12.0,0.89,999.6,-99.0,0.0,-9.9,-99,-999,新竹縣,10,橫山鄉,078
24.7117,121.1172,橫山,C0D540,2017-01-25T05:00:00+08:00,227.0,222.0,0.8,12.1,0.90,1000.0,-99.0,0.0,-9.9,-99,-999,新竹縣,10,橫山鄉,078
24.7117,121.1172,橫山,C0D540,2017-01-25T06:00:00+08:00,227.0,0.0,0.0,12.3,0.87,1000.1,-99.0,0.0,-9.9,-99,-999,新竹縣,10,橫山鄉,078
24.7117,121.1172,橫山,C0D540,2017-01-25T07:00:00+08:00,227.0,0.0,0.0,12.1,0.89,1000.1,-99.0,0.0,-9.9,-99,-999,新竹縣,10,橫山鄉,078
24.7117,121.1172,橫山,C0D540,2017-01-25T08:00:00+08:00,227.0,0.0,0.0,12.7,0.89,1000.7,-99.0,0.0,-9.9,-99,-999,新竹縣,10,橫山鄉,078
24.7117,121.1172,橫山,C0D540,2017-01-25T09:00:00+08:00,227.0,84.0,0.4,14.5,0.84,1000.9,-99.0,0.0,-9.9,-99,-999,新竹縣,10,橫山鄉,078
24.7117,121.1172,橫山,C0D540,2017-01-25T10:00:00+08:00,227.0,241.0,0.6,15.2,0.77,1001.8,-99.0,0.0,-9.9,-99,-999,新竹縣,10,橫山鄉,078
24.7117,121.1172,橫山,C0D540,2017-01-25T11:00:00+08:00,227.0,73.0,1.1,15.9,0.77,1001.4,-99.0,0.0,-9.9,-99,-999,新竹縣,10,橫山鄉,078
24.7117,121.1172,橫山,C0D540,2017-01-25T12:00:00+08:00,227.0,48.0,2.0,16.2,0.80,1000.8,-99.0,0.0,-9.9,-99,-999,新竹縣,10,橫山鄉,078
24.7117,121.1172,橫山,C0D540,2017-01-25T13:00:00+08:00,227.0,45.0,2.7,16.5,0.79,999.6,-99.0,0.0,-9.9,-99,-999,新竹縣,10,橫山鄉,078
24.7117,121.1172,橫山,C0D540,2017-01-25T14:00:00+08:00,227.0,47.0,3.5,16.1,0.80,999.3,-99.0,0.0,-9.9,-99,-999,新竹縣,10,橫山鄉,078
24.7117,121.1172,橫山,C0D540,2017-01-25T15:00:00+08:00,227.0,49.0,4.0,15.0,0.82,999.1,-99.0,0.0,-9.9,-99,-999,新竹縣,10,橫山鄉,078
24.7117,121.1172,橫山,C0D540,2017-01-25T16:00:00+08:00,227.0,49.0,3.9,14.3,0.83,999.7,-99.0,0.0,-9.9,-99,-999,新竹縣,10,橫山鄉,078
24.7117,121.1172,橫山,C0D540,2017-01-25T17:00:00+08:00,227.0,48.0,3.5,13.7,0.86,1000.1,-99.0,0.0,-9.9,-99,-999,新竹縣,10,橫山鄉,078
24.7117,121.1172,橫山,C0D540,2017-01-25T18:00:00+08:00,227.0,52.0,2.2,13.7,0.83,1000.1,-99.0,0.0,-9.9,-99,-999,新竹縣,10,橫山鄉,078
24.7117,121.1172,橫山,C0D540,2017-01-25T19:00:00+08:00,227.0,49.0,3.1,13.5,0.84,1000.5,-99.0,0.0,-9.9,-99,-999,新竹縣,10,橫山鄉,078
24.7117,121.1172,橫山,C0D540,2017-01-25T20:00:00+08:00,227.0,52.0,2.8,13.4,0.82,1000.7,-99.0,0.0,-9.9,-99,-999,新竹縣,10,橫山鄉,078
24.7117,121.1172,橫山,C0D540,2017-01-25T21:00:00+08:00,227.0,53.0,2.9,13.0,0.82,1001.1,-99.0,0.0,-9.9,-99,-999,新竹縣,10,橫山鄉,078
24.7117,121.1172,橫山,C0D540,2017-01-25T22:00:00+08:00,227.0,54.0,1.6,13.0,0.81,1000.9,-99.0,0.0,-9.9,-99,-999,新竹縣,10,橫山鄉,078
24.7117,121.1172,橫山,C0D540,2017-01-25T23:00:00+08:00,227.0,50.0,1.7,12.7,0.83,1001.0,-99.0,0.0,-9.9,-99,-999,新竹縣,10,橫山鄉,078
24.7117,121.1172,橫山,C0D540,2017-01-26T00:00:00+08:00,227.0,49.0,1.5,12.6,0.84,1000.4,-99.0,0.0,-9.9,-99,-999,新竹縣,10,橫山鄉,078
24.7117,121.1172,橫山,C0D540,2017-01-26T01:00:00+08:00,227.0,48.0,2.3,12.6,0.84,1000.4,-99.0,0.0,-9.9,-99,-999,新竹縣,10,橫山鄉,078
24.7117,121.1172,橫山,C0D540,2017-01-26T02:00:00+08:00,227.0,52.0,3.0,12.6,0.82,999.9,-99.0,0.0,-9.9,-99,-999,新竹縣,10,橫山鄉,078
24.7117,121.1172,橫山,C0D540,2017-01-26T03:00:00+08:00,227.0,56.0,1.9,12.1,0.84,999.9,-99.0,0.0,-9.9,-99,-999,新竹縣,10,橫山鄉,078
24.7117,121.1172,橫山,C0D540,2017-01-26T04:00:00+08:00,227.0,51.0,3.0,12.1,0.84,999.9,-99.0,0.0,-9.9,-99,-999,新竹縣,10,橫山鄉,078
24.7117,121.1172,橫山,C0D540,2017-01-26T05:00:00+08:00,227.0,57.0,1.5,11.7,0.85,999.8,-99.0,0.0,-9.9,-99,-999,新竹縣,10,橫山鄉,078
24.7117,121.1172,橫山,C0D540,2017-01-26T06:00:00+08:00,227.0,54.0,3.8,12.2,0.77,999.9,-99.0,0.0,-9.9,-99,-999,新竹縣,10,橫山鄉,078
24.7117,121.1172,橫山,C0D540,2017-01-26T07:00:00+08:00,227.0,52.0,2.7,12.2,0.77,1000.1,-99.0,0.0,-9.9,-99,-999,新竹縣,10,橫山鄉,078
24.7117,121.1172,橫山,C0D540,2017-01-26T08:00:00+08:00,227.0,52.0,2.6,12.9,0.77,1000.3,-99.0,0.0,-9.9,-99,-999,新竹縣,10,橫山鄉,078
24.7117,121.1172,橫山,C0D540,2017-01-26T10:00:00+08:00,227.0,46.0,2.3,17.3,0.61,999.9,-99.0,0.0,-9.9,-99,-999,新竹縣,10,橫山鄉,078
24.7117,121.1172,橫山,C0D540,2017-01-26T11:00:00+08:00,227.0,48.0,3.8,17.5,0.61,999.8,-99.0,0.0,-9.9,-99,-999,新竹縣,10,橫山鄉,078
24.7117,121.1172,橫山,C0D540,2017-01-26T12:00:00+08:00,227.0,51.0,3.0,19.0,0.57,998.4,-99.0,0.0,-9.9,-99,-999,新竹縣,10,橫山鄉,078
24.7117,121.1172,橫山,C0D540,2017-01-26T13:00:00+08:00,227.0,42.0,2.9,19.5,0.56,996.6,-99.0,0.0,-9.9,-99,-999,新竹縣,10,橫山鄉,078
24.7117,121.1172,橫山,C0D540,2017-01-26T14:00:00+08:00,227.0,37.0,2.7,20.3,0.54,995.3,-99.0,0.0,-9.9,-99,-999,新竹縣,10,橫山鄉,078
24.7117,121.1172,橫山,C0D540,2017-01-26T15:00:00+08:00,227.0,48.0,1.1,21.2,0.50,994.8,-99.0,0.0,-9.9,-99,-999,新竹縣,10,橫山鄉,078
24.7117,121.1172,橫山,C0D540,2017-01-26T16:00:00+08:00,227.0,43.0,1.4,19.9,0.56,995.0,-99.0,0.0,-9.9,-99,-999,新竹縣,10,橫山鄉,078
24.7117,121.1172,橫山,C0D540,2017-01-26T17:00:00+08:00,227.0,66.0,0.7,18.2,0.60,995.5,-99.0,0.0,-9.9,-99,-999,新竹縣,10,橫山鄉,078
24.7117,121.1172,橫山,C0D540,2017-01-26T18:00:00+08:00,227.0,70.0,0.8,14.8,0.71,995.9,-99.0,0.0,-9.9,-99,-999,新竹縣,10,橫山鄉,078
24.7117,121.1172,橫山,C0D540,2017-01-26T19:00:00+08:00,227.0,71.0,0.5,13.5,0.77,996.7,-99.0,0.0,-9.9,-99,-999,新竹縣,10,橫山鄉,078
24.7117,121.1172,橫山,C0D540,2017-01-26T20:00:00+08:00,227.0,75.0,0.3,13.0,0.83,997.0,-99.0,0.0,-9.9,-99,-999,新竹縣,10,橫山鄉,078
24.7117,121.1172,橫山,C0D540,2017-01-26T21:00:00+08:00,227.0,83.0,0.5,12.3,0.86,997.0,-99.0,0.0,-9.9,-99,-999,新竹縣,10,橫山鄉,078
24.7117,121.1172,橫山,C0D540,2017-01-26T22:00:00+08:00,227.0,133.0,1.0,11.9,0.87,997.5,-99.0,0.0,-9.9,-99,-999,新竹縣,10,橫山鄉,078
24.7117,121.1172,橫山,C0D540,2017-01-26T23:00:00+08:00,227.0,100.0,0.6,11.3,0.90,997.3,-99.0,0.0,-9.9,-99,-999,新竹縣,10,橫山鄉,078
24.7117,121.1172,橫山,C0D540,2017-01-27T00:00:00+08:00,227.0,99.0,0.7,11.1,0.90,997.4,-99.0,0.0,-9.9,-99,-999,新竹縣,10,橫山鄉,078
24.7117,121.1172,橫山,C0D540,2017-01-27T01:00:00+08:00,227.0,113.0,0.7,11.0,0.89,997.7,-99.0,0.0,-9.9,-99,-999,新竹縣,10,橫山鄉,078
24.7117,121.1172,橫山,C0D540,2017-01-27T02:00:00+08:00,227.0,0.0,0.0,11.1,0.86,997.6,-99.0,0.0,-9.9,-99,-999,新竹縣,10,橫山鄉,078
24.7117,121.1172,橫山,C0D540,2017-01-27T03:00:00+08:00,227.0,0.0,0.0,10.9,0.85,997.2,-99.0,0.0,-9.9,-99,-999,新竹縣,10,橫山鄉,078
24.7117,121.1172,橫山,C0D540,2017-01-27T04:00:00+08:00,227.0,0.0,0.0,10.7,0.89,997.2,-99.0,0.0,-9.9,-99,-999,新竹縣,10,橫山鄉,078
24.7117,121.1172,橫山,C0D540,2017-01-27T05:00:00+08:00,227.0,0.0,0.0,11.1,0.81,997.3,-99.0,0.0,-9.9,-99,-999,新竹縣,10,橫山鄉,078
24.7117,121.1172,橫山,C0D540,2017-01-27T06:00:00+08:00,227.0,17.0,0.5,11.2,0.78,998.2,-99.0,0.0,-9.9,-99,-999,新竹縣,10,橫山鄉,078
24.7117,121.1172,橫山,C0D540,2017-01-27T07:00:00+08:00,227.0,10.0,0.8,10.5,0.84,999.0,-99.0,0.0,-9.9,-99,-999,新竹縣,10,橫山鄉,078
24.7117,121.1172,橫山,C0D540,2017-01-27T08:00:00+08:00,227.0,0.0,0.2,13.1,0.72,999.2,-99.0,0.0,-9.9,-99,-999,新竹縣,10,橫山鄉,078
24.7117,121.1172,橫山,C0D540,2017-01-27T09:00:00+08:00,227.0,0.0,0.0,17.1,0.63,999.4,-99.0,0.0,-9.9,-99,-999,新竹縣,10,橫山鄉,078
24.7117,121.1172,橫山,C0D540,2017-01-27T10:00:00+08:00,227.0,71.0,0.8,18.9,0.56,999.3,-99.0,0.0,-9.9,-99,-999,新竹縣,10,橫山鄉,078
24.7117,121.1172,橫山,C0D540,2017-01-27T11:00:00+08:00,227.0,16.0,0.8,21.1,0.49,998.7,-99.0,0.0,-9.9,-99,-999,新竹縣,10,橫山鄉,078
24.7117,121.1172,橫山,C0D540,2017-01-27T12:00:00+08:00,227.0,17.0,1.1,22.4,0.42,998.1,-99.0,0.0,-9.9,-99,-999,新竹縣,10,橫山鄉,078
24.7117,121.1172,橫山,C0D540,2017-01-27T13:00:00+08:00,227.0,358.0,0.7,23.1,0.41,996.8,-99.0,0.0,-9.9,-99,-999,新竹縣,10,橫山鄉,078
24.7117,121.1172,橫山,C0D540,2017-01-27T14:00:00+08:00,227.0,25.0,1.6,21.6,0.61,996.4,-99.0,0.0,-9.9,-99,-999,新竹縣,10,橫山鄉,078
24.7117,121.1172,橫山,C0D540,2017-01-27T15:00:00+08:00,227.0,39.0,1.9,19.7,0.69,995.9,-99.0,0.0,-9.9,-99,-999,新竹縣,10,橫山鄉,078
24.7117,121.1172,橫山,C0D540,2017-01-27T16:00:00+08:00,227.0,50.0,2.7,19.8,0.68,996.1,-99.0,0.0,-9.9,-99,-999,新竹縣,10,橫山鄉,078
24.7117,121.1172,橫山,C0D540,2017-01-27T17:00:00+08:00,227.0,50.0,1.9,17.7,0.76,996.5,-99.0,0.0,-9.9,-99,-999,新竹縣,10,橫山鄉,078
24.7117,121.1172,橫山,C0D540,2017-01-27T18:00:00+08:00,227.0,59.0,1.3,16.1,0.83,996.8,-99.0,0.0,-9.9,-99,-999,新竹縣,10,橫山鄉,078
24.7117,121.1172,橫山,C0D540,2017-01-27T19:00:00+08:00,227.0,55.0,1.1,15.3,0.87,996.9,-99.0,0.0,-9.9,-99,-999,新竹縣,10,橫山鄉,078
24.7117,121.1172,橫山,C0D540,2017-01-27T20:00:00+08:00,227.0,62.0,1.5,14.6,0.89,996.9,-99.0,0.0,-9.9,-99,-999,新竹縣,10,橫山鄉,078
24.7117,121.1172,橫山,C0D540,2017-01-27T21:00:00+08:00,227.0,76.0,1.3,14.4,0.90,996.8,-99.0,0.0,-9.9,-99,-999,新竹縣,10,橫山鄉,078
24.7117,121.1172,橫山,C0D540,2017-01-27T22:00:00+08:00,227.0,60.0,1.2,14.0,0.91,996.7,-99.0,0.0,-9.9,-99,-999,新竹縣,10,橫山鄉,078
24.7117,121.1172,橫山,C0D540,2017-01-27T23:00:00+08:00,227.0,71.0,0.9,13.7,0.91,996.1,-99.0,0.0,-9.9,-99,-999,新竹縣,10,橫山鄉,078
24.7117,121.1172,橫山,C0D540,2017-01-28T00:00:00+08:00,227.0,61.0,0.7,13.2,0.92,995.8,-99.0,0.0,-9.9,-99,-999,新竹縣,10,橫山鄉,078
24.7117,121.1172,橫山,C0D540,2017-01-28T01:00:00+08:00,227.0,64.0,1.0,13.4,0.91,995.4,-99.0,0.0,-9.9,-99,-999,新竹縣,10,橫山鄉,078
24.7117,121.1172,橫山,C0D540,2017-01-28T02:00:00+08:00,227.0,58.0,1.1,13.6,0.91,995.1,-99.0,0.0,-9.9,-99,-999,新竹縣,10,橫山鄉,078
24.7117,121.1172,橫山,C0D540,2017-01-28T03:00:00+08:00,227.0,45.0,0.3,13.9,0.90,994.6,-99.0,0.0,-9.9,-99,-999,新竹縣,10,橫山鄉,078
24.7117,121.1172,橫山,C0D540,2017-01-28T04:00:00+08:00,227.0,0.0,0.0,12.9,0.92,994.5,-99.0,0.0,-9.9,-99,-999,新竹縣,10,橫山鄉,078
24.7117,121.1172,橫山,C0D540,2017-01-28T05:00:00+08:00,227.0,44.0,0.4,12.8,0.90,994.6,-99.0,0.0,-9.9,-99,-999,新竹縣,10,橫山鄉,078
24.7117,121.1172,橫山,C0D540,2017-01-28T06:00:00+08:00,227.0,0.0,0.0,12.0,0.93,995.4,-99.0,0.0,-9.9,-99,-999,新竹縣,10,橫山鄉,078
24.7117,121.1172,橫山,C0D540,2017-01-28T07:00:00+08:00,227.0,0.0,0.0,11.9,0.92,995.7,-99.0,0.0,-9.9,-99,-999,新竹縣,10,橫山鄉,078
24.7117,121.1172,橫山,C0D540,2017-01-28T08:00:00+08:00,227.0,255.0,0.3,13.9,0.82,996.0,-99.0,0.0,-9.9,-99,-999,新竹縣,10,橫山鄉,078
24.7117,121.1172,橫山,C0D540,2017-01-28T09:00:00+08:00,227.0,45.0,0.9,17.2,0.72,996.1,-99.0,0.0,-9.9,-99,-999,新竹縣,10,橫山鄉,078
24.7117,121.1172,橫山,C0D540,2017-01-28T10:00:00+08:00,227.0,81.0,1.1,20.5,0.64,995.8,-99.0,0.0,-9.9,-99,-999,新竹縣,10,橫山鄉,078
24.7117,121.1172,橫山,C0D540,2017-01-28T11:00:00+08:00,227.0,64.0,1.0,22.8,0.58,994.8,-99.0,0.0,-9.9,-99,-999,新竹縣,10,橫山鄉,078
24.7117,121.1172,橫山,C0D540,2017-01-28T12:00:00+08:00,227.0,32.0,0.9,24.1,0.53,993.9,-99.0,0.0,-9.9,-99,-999,新竹縣,10,橫山鄉,078
24.7117,121.1172,橫山,C0D540,2017-01-28T13:00:00+08:00,227.0,350.0,0.8,24.2,0.43,992.9,-99.0,0.0,-9.9,-99,-999,新竹縣,10,橫山鄉,078
24.7117,121.1172,橫山,C0D540,2017-01-28T14:00:00+08:00,227.0,355.0,1.2,25.7,0.48,992.0,-99.0,0.0,-9.9,-99,-999,新竹縣,10,橫山鄉,078
24.7117,121.1172,橫山,C0D540,2017-01-28T15:00:00+08:00,227.0,45.0,1.0,25.8,0.49,991.3,-99.0,0.0,-9.9,-99,-999,新竹縣,10,橫山鄉,078
24.7117,121.1172,橫山,C0D540,2017-01-28T16:00:00+08:00,227.0,73.0,0.7,24.5,0.61,991.4,-99.0,0.0,-9.9,-99,-999,新竹縣,10,橫山鄉,078
24.7117,121.1172,橫山,C0D540,2017-01-28T17:00:00+08:00,227.0,0.0,0.2,22.6,0.69,991.8,-99.0,0.0,-9.9,-99,-999,新竹縣,10,橫山鄉,078
24.7117,121.1172,橫山,C0D540,2017-01-28T18:00:00+08:00,227.0,262.0,0.4,18.8,0.84,992.1,-99.0,0.0,-9.9,-99,-999,新竹縣,10,橫山鄉,078
24.7117,121.1172,橫山,C0D540,2017-01-28T19:00:00+08:00,227.0,55.0,0.6,17.1,0.91,992.1,-99.0,0.0,-9.9,-99,-999,新竹縣,10,橫山鄉,078
24.7117,121.1172,橫山,C0D540,2017-01-28T20:00:00+08:00,227.0,255.0,0.4,16.5,0.93,992.5,-99.0,0.0,-9.9,-99,-999,新竹縣,10,橫山鄉,078
24.7117,121.1172,橫山,C0D540,2017-01-28T21:00:00+08:00,227.0,215.0,0.5,15.4,0.95,992.9,-99.0,0.0,-9.9,-99,-999,新竹縣,10,橫山鄉,078
24.7117,121.1172,橫山,C0D540,2017-01-28T22:00:00+08:00,227.0,0.0,0.0,15.6,0.96,993.0,-99.0,0.0,-9.9,-99,-999,新竹縣,10,橫山鄉,078
24.7117,121.1172,橫山,C0D540,2017-01-28T23:00:00+08:00,227.0,209.0,0.3,15.5,0.95,992.8,-99.0,0.0,-9.9,-99,-999,新竹縣,10,橫山鄉,078
24.7117,121.1172,橫山,C0D540,2017-01-29T00:00:00+08:00,227.0,168.0,0.6,14.9,0.96,992.7,-99.0,0.0,-9.9,-99,-999,新竹縣,10,橫山鄉,078
24.7117,121.1172,橫山,C0D540,2017-01-29T01:00:00+08:00,227.0,0.0,0.0,14.7,0.96,992.4,-99.0,0.0,-9.9,-99,-999,新竹縣,10,橫山鄉,078
24.7117,121.1172,橫山,C0D540,2017-01-29T02:00:00+08:00,227.0,214.0,0.3,14.7,0.96,992.6,-99.0,0.0,-9.9,-99,-999,新竹縣,10,橫山鄉,078
24.7117,121.1172,橫山,C0D540,2017-01-29T03:00:00+08:00,227.0,0.0,0.0,14.9,0.96,992.6,-99.0,0.0,-9.9,-99,-999,新竹縣,10,橫山鄉,078
24.7117,121.1172,橫山,C0D540,2017-01-29T04:00:00+08:00,227.0,0.0,0.0,14.4,0.96,992.2,-99.0,0.0,-9.9,-99,-999,新竹縣,10,橫山鄉,078
24.7117,121.1172,橫山,C0D540,2017-01-29T05:00:00+08:00,227.0,256.0,0.5,14.2,0.94,992.5,-99.0,0.0,-9.9,-99,-999,新竹縣,10,橫山鄉,078
24.7117,121.1172,橫山,C0D540,2017-01-29T06:00:00+08:00,227.0,49.0,0.6,14.4,0.94,993.1,-99.0,0.0,-9.9,-99,-999,新竹縣,10,橫山鄉,078
24.7117,121.1172,橫山,C0D540,2017-01-29T07:00:00+08:00,227.0,0.0,0.0,14.2,0.93,993.3,-99.0,0.0,-9.9,-99,-999,新竹縣,10,橫山鄉,078
24.7117,121.1172,橫山,C0D540,2017-01-29T08:00:00+08:00,227.0,0.0,0.0,16.1,0.86,994.0,-99.0,0.0,-9.9,-99,-999,新竹縣,10,橫山鄉,078
24.7117,121.1172,橫山,C0D540,2017-01-29T09:00:00+08:00,227.0,249.0,0.5,17.4,0.84,994.8,-99.0,0.0,-9.9,-99,-999,新竹縣,10,橫山鄉,078
24.7117,121.1172,橫山,C0D540,2017-01-29T10:00:00+08:00,227.0,284.0,0.5,19.3,0.78,994.7,-99.0,0.0,-9.9,-99,-999,新竹縣,10,橫山鄉,078
24.7117,121.1172,橫山,C0D540,2017-01-29T11:00:00+08:00,227.0,10.0,0.8,21.7,0.68,994.3,-99.0,0.0,-9.9,-99,-999,新竹縣,10,橫山鄉,078
24.7117,121.1172,橫山,C0D540,2017-01-29T12:00:00+08:00,227.0,14.0,0.7,22.6,0.64,993.2,-99.0,0.0,-9.9,-99,-999,新竹縣,10,橫山鄉,078
24.7117,121.1172,橫山,C0D540,2017-01-29T13:00:00+08:00,227.0,340.0,0.5,24.4,0.51,992.4,-99.0,0.0,-9.9,-99,-999,新竹縣,10,橫山鄉,078
24.7117,121.1172,橫山,C0D540,2017-01-29T14:00:00+08:00,227.0,11.0,0.8,24.6,0.50,991.7,-99.0,0.0,-9.9,-99,-999,新竹縣,10,橫山鄉,078
24.7117,121.1172,橫山,C0D540,2017-01-29T15:00:00+08:00,227.0,32.0,1.1,25.7,0.56,991.3,-99.0,0.0,-9.9,-99,-999,新竹縣,10,橫山鄉,078
24.7117,121.1172,橫山,C0D540,2017-01-29T16:00:00+08:00,227.0,338.0,0.3,24.6,0.60,991.3,-99.0,0.0,-9.9,-99,-999,新竹縣,10,橫山鄉,078
24.7117,121.1172,橫山,C0D540,2017-01-29T17:00:00+08:00,227.0,0.0,0.0,24.3,0.54,991.7,-99.0,0.0,-9.9,-99,-999,新竹縣,10,橫山鄉,078
24.7117,121.1172,橫山,C0D540,2017-01-29T18:00:00+08:00,227.0,296.0,0.3,20.6,0.75,991.9,-99.0,0.0,-9.9,-99,-999,新竹縣,10,橫山鄉,078
24.7117,121.1172,橫山,C0D540,2017-01-29T19:00:00+08:00,227.0,292.0,0.8,19.3,0.80,992.6,-99.0,0.0,-9.9,-99,-999,新竹縣,10,橫山鄉,078
24.7117,121.1172,橫山,C0D540,2017-01-29T20:00:00+08:00,227.0,122.0,0.4,18.4,0.82,993.3,-99.0,0.0,-9.9,-99,-999,新竹縣,10,橫山鄉,078
24.7117,121.1172,橫山,C0D540,2017-01-29T21:00:00+08:00,227.0,0.0,0.0,18.0,0.86,993.6,-99.0,0.0,-9.9,-99,-999,新竹縣,10,橫山鄉,078
24.7117,121.1172,橫山,C0D540,2017-01-29T22:00:00+08:00,227.0,344.0,0.3,18.0,0.85,993.6,-99.0,0.0,-9.9,-99,-999,新竹縣,10,橫山鄉,078
24.7117,121.1172,橫山,C0D540,2017-01-29T23:00:00+08:00,227.0,0.0,0.2,17.6,0.85,993.3,-99.0,0.0,-9.9,-99,-999,新竹縣,10,橫山鄉,078
24.7117,121.1172,橫山,C0D540,2017-01-30T00:00:00+08:00,227.0,0.0,0.0,17.3,0.84,993.3,-99.0,0.0,-9.9,-99,-999,新竹縣,10,橫山鄉,078
24.7117,121.1172,橫山,C0D540,2017-01-30T01:00:00+08:00,227.0,48.0,0.5,17.0,0.87,993.4,-99.0,0.0,-9.9,-99,-999,新竹縣,10,橫山鄉,078
24.7117,121.1172,橫山,C0D540,2017-01-30T02:00:00+08:00,227.0,200.0,0.5,17.2,0.84,993.0,-99.0,0.0,-9.9,-99,-999,新竹縣,10,橫山鄉,078
24.7117,121.1172,橫山,C0D540,2017-01-30T03:00:00+08:00,227.0,114.0,0.5,17.3,0.80,992.7,-99.0,0.0,-9.9,-99,-999,新竹縣,10,橫山鄉,078
24.7117,121.1172,橫山,C0D540,2017-01-30T04:00:00+08:00,227.0,0.0,0.0,17.3,0.81,992.6,-99.0,0.0,-9.9,-99,-999,新竹縣,10,橫山鄉,078
24.7117,121.1172,橫山,C0D540,2017-01-30T05:00:00+08:00,227.0,94.0,0.4,17.5,0.80,993.0,-99.0,0.0,-9.9,-99,-999,新竹縣,10,橫山鄉,078
24.7117,121.1172,橫山,C0D540,2017-01-30T06:00:00+08:00,227.0,128.0,1.2,17.6,0.80,993.5,-99.0,0.0,-9.9,-99,-999,新竹縣,10,橫山鄉,078
24.7117,121.1172,橫山,C0D540,2017-01-30T07:00:00+08:00,227.0,80.0,0.4,18.1,0.79,993.7,-99.0,0.0,-9.9,-99,-999,新竹縣,10,橫山鄉,078
24.7117,121.1172,橫山,C0D540,2017-01-30T08:00:00+08:00,227.0,79.0,1.3,19.4,0.74,994.3,-99.0,0.0,-9.9,-99,-999,新竹縣,10,橫山鄉,078
24.7117,121.1172,橫山,C0D540,2017-01-30T09:00:00+08:00,227.0,53.0,1.8,20.5,0.75,994.9,-99.0,0.0,-9.9,-99,-999,新竹縣,10,橫山鄉,078
24.7117,121.1172,橫山,C0D540,2017-01-30T10:00:00+08:00,227.0,55.0,2.3,22.2,0.70,994.6,-99.0,0.0,-9.9,-99,-999,新竹縣,10,橫山鄉,078
24.7117,121.1172,橫山,C0D540,2017-01-30T11:00:00+08:00,227.0,51.0,4.6,19.3,0.79,994.0,-99.0,0.0,-9.9,-99,-999,新竹縣,10,橫山鄉,078
24.7117,121.1172,橫山,C0D540,2017-01-30T12:00:00+08:00,227.0,49.0,2.7,19.4,0.75,993.8,-99.0,0.0,-9.9,-99,-999,新竹縣,10,橫山鄉,078
24.7117,121.1172,橫山,C0D540,2017-01-30T13:00:00+08:00,227.0,43.0,4.6,18.1,0.78,993.1,-99.0,0.0,-9.9,-99,-999,新竹縣,10,橫山鄉,078
24.7117,121.1172,橫山,C0D540,2017-01-30T14:00:00+08:00,227.0,50.0,4.4,17.6,0.77,992.6,-99.0,0.0,-9.9,-99,-999,新竹縣,10,橫山鄉,078
24.7117,121.1172,橫山,C0D540,2017-01-30T15:00:00+08:00,227.0,47.0,4.7,16.6,0.79,992.5,-99.0,0.0,-9.9,-99,-999,新竹縣,10,橫山鄉,078
24.7117,121.1172,橫山,C0D540,2017-01-30T16:00:00+08:00,227.0,50.0,4.9,15.8,0.81,993.4,-99.0,0.0,-9.9,-99,-999,新竹縣,10,橫山鄉,078
24.7117,121.1172,橫山,C0D540,2017-01-30T17:00:00+08:00,227.0,54.0,3.3,15.0,0.83,993.8,-99.0,0.0,-9.9,-99,-999,新竹縣,10,橫山鄉,078
24.7117,121.1172,橫山,C0D540,2017-01-30T18:00:00+08:00,227.0,55.0,2.7,14.2,0.85,994.4,-99.0,0.0,-9.9,-99,-999,新竹縣,10,橫山鄉,078
24.7117,121.1172,橫山,C0D540,2017-01-30T20:00:00+08:00,227.0,56.0,1.7,13.6,0.86,995.6,-99.0,0.0,-9.9,-99,-999,新竹縣,10,橫山鄉,078
24.7117,121.1172,橫山,C0D540,2017-01-30T21:00:00+08:00,227.0,41.0,1.2,13.4,0.86,995.4,-99.0,0.0,-9.9,-99,-999,新竹縣,10,橫山鄉,078
24.7117,121.1172,橫山,C0D540,2017-01-30T22:00:00+08:00,227.0,58.0,1.1,13.3,0.86,995.4,-99.0,0.0,-9.9,-99,-999,新竹縣,10,橫山鄉,078
24.7117,121.1172,橫山,C0D540,2017-01-30T23:00:00+08:00,227.0,48.0,1.5,13.2,0.87,995.5,-99.0,0.0,-9.9,-99,-999,新竹縣,10,橫山鄉,078
24.7117,121.1172,橫山,C0D540,2017-01-31T00:00:00+08:00,227.0,52.0,1.6,13.0,0.87,995.1,-99.0,0.0,-9.9,-99,-999,新竹縣,10,橫山鄉,078
24.7117,121.1172,橫山,C0D540,2017-01-31T01:00:00+08:00,227.0,51.0,1.5,12.8,0.88,994.5,-99.0,0.0,-9.9,-99,-999,新竹縣,10,橫山鄉,078
24.7117,121.1172,橫山,C0D540,2017-01-31T02:00:00+08:00,227.0,73.0,0.8,12.3,0.88,994.1,-99.0,0.0,-9.9,-99,-999,新竹縣,10,橫山鄉,078
24.7117,121.1172,橫山,C0D540,2017-01-31T03:00:00+08:00,227.0,69.0,0.9,12.3,0.89,993.9,-99.0,0.0,-9.9,-99,-999,新竹縣,10,橫山鄉,078
24.7117,121.1172,橫山,C0D540,2017-01-31T04:00:00+08:00,227.0,79.0,0.8,12.5,0.89,993.8,-99.0,0.0,-9.9,-99,-999,新竹縣,10,橫山鄉,078
24.7117,121.1172,橫山,C0D540,2017-01-31T05:00:00+08:00,227.0,92.0,0.9,12.5,0.88,994.2,-99.0,0.0,-9.9,-99,-999,新竹縣,10,橫山鄉,078
24.7117,121.1172,橫山,C0D540,2017-01-31T06:00:00+08:00,227.0,64.0,0.8,12.9,0.88,994.7,-99.0,0.0,-9.9,-99,-999,新竹縣,10,橫山鄉,078
24.7117,121.1172,橫山,C0D540,2017-01-31T07:00:00+08:00,227.0,73.0,0.7,13.3,0.87,995.1,-99.0,0.0,-9.9,-99,-999,新竹縣,10,橫山鄉,078
