24.6198,120.9406,大河,C0E850,2017-01-01T00:00:00+08:00,104.0,0.0,0.0,15.3,0.97,1008.9,-99.0,0.0,-9.9,-99,-999,苗栗縣,11,三灣鄉,088
24.6198,120.9406,大河,C0E850,2017-01-10T10:00:00+08:00,104.0,27.0,1.7,17.4,0.73,1008.6,-99.0,0.0,-9.9,-99,-999,苗栗縣,11,三灣鄉,088
24.6198,120.9406,大河,C0E850,2017-01-10T11:00:00+08:00,104.0,16.0,1.5,19.5,0.66,1008.1,-99.0,0.0,-9.9,-99,-999,苗栗縣,11,三灣鄉,088
24.6198,120.9406,大河,C0E850,2017-01-10T12:00:00+08:00,104.0,34.0,2.0,20.8,0.60,1007.0,-99.0,0.0,-9.9,-99,-999,苗栗縣,11,三灣鄉,088
24.6198,120.9406,大河,C0E850,2017-01-10T13:00:00+08:00,104.0,39.0,1.2,22.1,0.57,1005.7,-99.0,0.0,-9.9,-99,-999,苗栗縣,11,三灣鄉,088
24.6198,120.9406,大河,C0E850,2017-01-10T14:00:00+08:00,104.0,18.0,1.9,22.2,0.57,1004.8,-99.0,0.0,-9.9,-99,-999,苗栗縣,11,三灣鄉,088
24.6198,120.9406,大河,C0E850,2017-01-10T15:00:00+08:00,104.0,20.0,1.5,22.9,0.56,1004.5,-99.0,0.0,-9.9,-99,-999,苗栗縣,11,三灣鄉,088
24.6198,120.9406,大河,C0E850,2017-01-10T16:00:00+08:00,104.0,22.0,0.9,23.2,0.58,1004.5,-99.0,0.0,-9.9,-99,-999,苗栗縣,11,三灣鄉,088
24.6198,120.9406,大河,C0E850,2017-01-10T17:00:00+08:00,104.0,6.0,0.8,21.5,0.63,1005.2,-99.0,0.0,-9.9,-99,-999,苗栗縣,11,三灣鄉,088
24.6198,120.9406,大河,C0E850,2017-01-10T18:00:00+08:00,104.0,40.0,1.5,19.3,0.69,1005.8,-99.0,0.0,-9.9,-99,-999,苗栗縣,11,三灣鄉,088
24.6198,120.9406,大河,C0E850,2017-01-10T19:00:00+08:00,104.0,31.0,1.2,17.5,0.75,1006.4,-99.0,0.0,-9.9,-99,-999,苗栗縣,11,三灣鄉,088
24.6198,120.9406,大河,C0E850,2017-01-10T20:00:00+08:00,104.0,19.0,1.2,16.4,0.80,1007.0,-99.0,0.0,-9.9,-99,-999,苗栗縣,11,三灣鄉,088
24.6198,120.9406,大河,C0E850,2017-01-10T21:00:00+08:00,104.0,0.0,0.0,15.2,0.86,1007.6,-99.0,0.0,-9.9,-99,-999,苗栗縣,11,三灣鄉,088
24.6198,120.9406,大河,C0E850,2017-01-10T22:00:00+08:00,104.0,0.0,0.0,13.9,0.93,1008.2,-99.0,0.0,-9.9,-99,-999,苗栗縣,11,三灣鄉,088
24.6198,120.9406,大河,C0E850,2017-01-10T23:00:00+08:00,104.0,97.0,0.3,13.4,0.95,1007.5,-99.0,0.0,-9.9,-99,-999,苗栗縣,11,三灣鄉,088
24.6198,120.9406,大河,C0E850,2017-01-11T00:00:00+08:00,104.0,106.0,0.4,12.7,0.96,1007.6,-99.0,0.0,-9.9,-99,-999,苗栗縣,11,三灣鄉,088
24.6198,120.9406,大河,C0E850,2017-01-11T01:00:00+08:00,104.0,74.0,0.5,13.3,0.97,1006.7,-99.0,0.0,-9.9,-99,-999,苗栗縣,11,三灣鄉,088
24.6198,120.9406,大河,C0E850,2017-01-11T02:00:00+08:00,104.0,312.0,0.3,13.2,0.96,1006.4,-99.0,0.0,-9.9,-99,-999,苗栗縣,11,三灣鄉,088
24.6198,120.9406,大河,C0E850,2017-01-11T03:00:00+08:00,104.0,0.0,0.2,13.1,0.97,1006.6,-99.0,0.0,-9.9,-99,-999,苗栗縣,11,三灣鄉,088
24.6198,120.9406,大河,C0E850,2017-01-11T04:00:00+08:00,104.0,0.0,0.0,13.4,0.97,1006.3,-99.0,0.0,-9.9,-99,-999,苗栗縣,11,三灣鄉,088
24.6198,120.9406,大河,C0E850,2017-01-11T05:00:00+08:00,104.0,28.0,0.4,13.1,0.97,1006.7,-99.0,0.0,-9.9,-99,-999,苗栗縣,11,三灣鄉,088
24.6198,120.9406,大河,C0E850,2017-01-11T06:00:00+08:00,104.0,21.0,0.4,12.7,0.98,1007.0,-99.0,0.0,-9.9,-99,-999,苗栗縣,11,三灣鄉,088
24.6198,120.9406,大河,C0E850,2017-01-11T07:00:00+08:00,104.0,327.0,0.6,12.5,0.98,1007.3,-99.0,0.0,-9.9,-99,-999,苗栗縣,11,三灣鄉,088
24.6198,120.9406,大河,C0E850,2017-01-11T08:00:00+08:00,104.0,141.0,0.5,13.5,0.97,1007.5,-99.0,0.0,-9.9,-99,-999,苗栗縣,11,三灣鄉,088
24.6198,120.9406,大河,C0E850,2017-01-11T09:00:00+08:00,104.0,341.0,0.4,16.5,0.85,1007.6,-99.0,0.0,-9.9,-99,-999,苗栗縣,11,三灣鄉,088
24.6198,120.9406,大河,C0E850,2017-01-11T10:00:00+08:00,104.0,32.0,1.1,19.5,0.76,1007.5,-99.0,0.0,-9.9,-99,-999,苗栗縣,11,三灣鄉,088
24.6198,120.9406,大河,C0E850,2017-01-11T11:00:00+08:00,104.0,33.0,1.1,21.6,0.69,1006.7,-99.0,0.0,-9.9,-99,-999,苗栗縣,11,三灣鄉,088
24.6198,120.9406,大河,C0E850,2017-01-11T12:00:00+08:00,104.0,26.0,1.5,22.8,0.63,1005.3,-99.0,0.0,-9.9,-99,-999,苗栗縣,11,三灣鄉,088
24.6198,120.9406,大河,C0E850,2017-01-11T13:00:00+08:00,104.0,350.0,1.4,24.1,0.59,1003.7,-99.0,0.0,-9.9,-99,-999,苗栗縣,11,三灣鄉,088
24.6198,120.9406,大河,C0E850,2017-01-11T14:00:00+08:00,104.0,359.0,1.6,23.9,0.59,1003.3,-99.0,0.0,-9.9,-99,-999,苗栗縣,11,三灣鄉,088
24.6198,120.9406,大河,C0E850,2017-01-11T15:00:00+08:00,104.0,13.0,2.5,23.9,0.61,1002.7,-99.0,0.0,-9.9,-99,-999,苗栗縣,11,三灣鄉,088
24.6198,120.9406,大河,C0E850,2017-01-11T16:00:00+08:00,104.0,14.0,2.4,22.7,0.66,1003.1,-99.0,0.0,-9.9,-99,-999,苗栗縣,11,三灣鄉,088
24.6198,120.9406,大河,C0E850,2017-01-11T17:00:00+08:00,104.0,19.0,1.7,21.0,0.73,1003.6,-99.0,0.0,-9.9,-99,-999,苗栗縣,11,三灣鄉,088
24.6198,120.9406,大河,C0E850,2017-01-11T18:00:00+08:00,104.0,72.0,0.6,19.8,0.78,1004.2,-99.0,0.0,-9.9,-99,-999,苗栗縣,11,三灣鄉,088
24.6198,120.9406,大河,C0E850,2017-01-11T19:00:00+08:00,104.0,0.0,0.2,19.2,0.81,1004.8,-99.0,0.0,-9.9,-99,-999,苗栗縣,11,三灣鄉,088
24.6198,120.9406,大河,C0E850,2017-01-11T20:00:00+08:00,104.0,119.0,0.6,17.6,0.91,1005.4,-99.0,0.0,-9.9,-99,-999,苗栗縣,11,三灣鄉,088
24.6198,120.9406,大河,C0E850,2017-01-11T21:00:00+08:00,104.0,31.0,0.3,17.5,0.92,1006.1,-99.0,0.0,-9.9,-99,-999,苗栗縣,11,三灣鄉,088
24.6198,120.9406,大河,C0E850,2017-01-11T22:00:00+08:00,104.0,0.0,0.0,17.6,0.92,1006.3,-99.0,0.0,-9.9,-99,-999,苗栗縣,11,三灣鄉,088
24.6198,120.9406,大河,C0E850,2017-01-11T23:00:00+08:00,104.0,0.0,0.0,17.6,0.93,1006.7,-99.0,0.0,-9.9,-99,-999,苗栗縣,11,三灣鄉,088
24.6198,120.9406,大河,C0E850,2017-01-12T00:00:00+08:00,104.0,155.0,0.4,17.5,0.94,1005.8,-99.0,0.0,-9.9,-99,-999,苗栗縣,11,三灣鄉,088
24.6198,120.9406,大河,C0E850,2017-01-12T01:00:00+08:00,104.0,0.0,0.0,17.6,0.93,1005.6,-99.0,0.0,-9.9,-99,-999,苗栗縣,11,三灣鄉,088
24.6198,120.9406,大河,C0E850,2017-01-12T02:00:00+08:00,104.0,360.0,0.4,17.2,0.95,1005.1,-99.0,0.0,-9.9,-99,-999,苗栗縣,11,三灣鄉,088
24.6198,120.9406,大河,C0E850,2017-01-12T03:00:00+08:00,104.0,0.0,0.2,17.1,0.96,1004.5,-99.0,0.0,-9.9,-99,-999,苗栗縣,11,三灣鄉,088
24.6198,120.9406,大河,C0E850,2017-01-12T04:00:00+08:00,104.0,0.0,0.0,17.1,0.96,1005.0,-99.0,0.0,-9.9,-99,-999,苗栗縣,11,三灣鄉,088
24.6198,120.9406,大河,C0E850,2017-01-12T05:00:00+08:00,104.0,0.0,0.0,17.1,0.96,1004.9,-99.0,0.0,-9.9,-99,-999,苗栗縣,11,三灣鄉,088
24.6198,120.9406,大河,C0E850,2017-01-12T06:00:00+08:00,104.0,72.0,0.3,17.1,0.96,1005.2,-99.0,0.0,-9.9,-99,-999,苗栗縣,11,三灣鄉,088
24.6198,120.9406,大河,C0E850,2017-01-12T07:00:00+08:00,104.0,36.0,0.6,17.5,0.94,1004.7,-99.0,0.0,-9.9,-99,-999,苗栗縣,11,三灣鄉,088
24.6198,120.9406,大河,C0E850,2017-01-12T08:00:00+08:00,104.0,175.0,0.3,17.7,0.96,1004.5,-99.0,0.0,-9.9,-99,-999,苗栗縣,11,三灣鄉,088
24.6198,120.9406,大河,C0E850,2017-01-12T09:00:00+08:00,104.0,309.0,0.5,19.6,0.85,1004.7,-99.0,0.0,-9.9,-99,-999,苗栗縣,11,三灣鄉,088
24.6198,120.9406,大河,C0E850,2017-01-12T10:00:00+08:00,104.0,1.0,0.9,20.2,0.80,1005.2,-99.0,0.0,-9.9,-99,-999,苗栗縣,11,三灣鄉,088
24.6198,120.9406,大河,C0E850,2017-01-12T11:00:00+08:00,104.0,6.0,0.9,21.3,0.78,1004.0,-99.0,0.0,-9.9,-99,-999,苗栗縣,11,三灣鄉,088
24.6198,120.9406,大河,C0E850,2017-01-12T12:00:00+08:00,104.0,359.0,1.7,21.7,0.74,1002.9,-99.0,0.0,-9.9,-99,-999,苗栗縣,11,三灣鄉,088
24.6198,120.9406,大河,C0E850,2017-01-12T13:00:00+08:00,104.0,2.0,2.3,20.7,0.82,1002.3,-99.0,0.0,-9.9,-99,-999,苗栗縣,11,三灣鄉,088
24.6198,120.9406,大河,C0E850,2017-01-12T14:00:00+08:00,104.0,4.0,1.5,20.5,0.83,1001.5,-99.0,0.0,-9.9,-99,-999,苗栗縣,11,三灣鄉,088
24.6198,120.9406,大河,C0E850,2017-01-12T15:00:00+08:00,104.0,325.0,1.7,20.2,0.86,1001.2,-99.0,0.0,-9.9,-99,-999,苗栗縣,11,三灣鄉,088
24.6198,120.9406,大河,C0E850,2017-01-12T16:00:00+08:00,104.0,353.0,1.9,19.6,0.88,1001.8,-99.0,0.0,-9.9,-99,-999,苗栗縣,11,三灣鄉,088
24.6198,120.9406,大河,C0E850,2017-01-12T17:00:00+08:00,104.0,16.0,1.1,19.4,0.89,1001.8,-99.0,0.0,-9.9,-99,-999,苗栗縣,11,三灣鄉,088
24.6198,120.9406,大河,C0E850,2017-01-12T18:00:00+08:00,104.0,343.0,1.2,19.0,0.90,1002.3,-99.0,0.0,-9.9,-99,-999,苗栗縣,11,三灣鄉,088
24.6198,120.9406,大河,C0E850,2017-01-12T19:00:00+08:00,104.0,345.0,0.9,18.9,0.91,1002.7,-99.0,0.0,-9.9,-99,-999,苗栗縣,11,三灣鄉,088
24.6198,120.9406,大河,C0E850,2017-01-12T20:00:00+08:00,104.0,360.0,0.6,18.7,0.92,1003.4,-99.0,0.0,-9.9,-99,-999,苗栗縣,11,三灣鄉,088
24.6198,120.9406,大河,C0E850,2017-01-12T21:00:00+08:00,104.0,22.0,0.9,18.1,0.96,1003.5,-99.0,0.5,-9.9,-99,-999,苗栗縣,11,三灣鄉,088
24.6198,120.9406,大河,C0E850,2017-01-12T22:00:00+08:00,104.0,42.0,0.5,18.1,0.95,1002.9,-99.0,0.5,-9.9,-99,-999,苗栗縣,11,三灣鄉,088
24.6198,120.9406,大河,C0E850,2017-01-12T23:00:00+08:00,104.0,354.0,0.8,18.0,0.95,1002.6,-99.0,0.5,-9.9,-99,-999,苗栗縣,11,三灣鄉,088
24.6198,120.9406,大河,C0E850,2017-01-13T00:00:00+08:00,104.0,311.0,0.3,17.8,0.96,1002.6,-99.0,0.5,-9.9,-99,-999,苗栗縣,11,三灣鄉,088
24.6198,120.9406,大河,C0E850,2017-01-13T01:00:00+08:00,104.0,0.0,0.0,17.9,0.96,1003.0,-99.0,0.0,-9.9,-99,-999,苗栗縣,11,三灣鄉,088
24.6198,120.9406,大河,C0E850,2017-01-13T02:00:00+08:00,104.0,3.0,0.9,17.6,0.92,1003.1,-99.0,0.0,-9.9,-99,-999,苗栗縣,11,三灣鄉,088
24.6198,120.9406,大河,C0E850,2017-01-13T03:00:00+08:00,104.0,11.0,1.0,17.4,0.91,1003.0,-99.0,0.0,-9.9,-99,-999,苗栗縣,11,三灣鄉,088
24.6198,120.9406,大河,C0E850,2017-01-13T04:00:00+08:00,104.0,21.0,1.4,17.0,0.90,1003.0,-99.0,0.0,-9.9,-99,-999,苗栗縣,11,三灣鄉,088
24.6198,120.9406,大河,C0E850,2017-01-13T05:00:00+08:00,104.0,17.0,1.4,16.4,0.92,1002.9,-99.0,0.0,-9.9,-99,-999,苗栗縣,11,三灣鄉,088
24.6198,120.9406,大河,C0E850,2017-01-13T06:00:00+08:00,104.0,21.0,1.2,16.5,0.89,1003.1,-99.0,0.0,-9.9,-99,-999,苗栗縣,11,三灣鄉,088
24.6198,120.9406,大河,C0E850,2017-01-13T07:00:00+08:00,104.0,27.0,1.8,16.4,0.87,1003.5,-99.0,0.0,-9.9,-99,-999,苗栗縣,11,三灣鄉,088
24.6198,120.9406,大河,C0E850,2017-01-13T08:00:00+08:00,104.0,31.0,1.7,16.0,0.87,1004.6,-99.0,0.0,-9.9,-99,-999,苗栗縣,11,三灣鄉,088
24.6198,120.9406,大河,C0E850,2017-01-13T09:00:00+08:00,104.0,9.0,2.9,15.3,0.88,1005.1,-99.0,0.0,-9.9,-99,-999,苗栗縣,11,三灣鄉,088
24.6198,120.9406,大河,C0E850,2017-01-13T10:00:00+08:00,104.0,9.0,2.3,15.3,0.87,1005.4,-99.0,0.0,-9.9,-99,-999,苗栗縣,11,三灣鄉,088
24.6198,120.9406,大河,C0E850,2017-01-13T11:00:00+08:00,104.0,25.0,1.6,15.6,0.85,1004.6,-99.0,0.0,-9.9,-99,-999,苗栗縣,11,三灣鄉,088
24.6198,120.9406,大河,C0E850,2017-01-13T12:00:00+08:00,104.0,20.0,1.5,15.9,0.83,1003.6,-99.0,0.0,-9.9,-99,-999,苗栗縣,11,三灣鄉,088
24.6198,120.9406,大河,C0E850,2017-01-13T13:00:00+08:00,104.0,43.0,1.4,16.1,0.85,1003.1,-99.0,0.0,-9.9,-99,-999,苗栗縣,11,三灣鄉,088
24.6198,120.9406,大河,C0E850,2017-01-13T14:00:00+08:00,104.0,46.0,1.5,15.0,0.92,1002.9,-99.0,0.0,-9.9,-99,-999,苗栗縣,11,三灣鄉,088
24.6198,120.9406,大河,C0E850,2017-01-13T15:00:00+08:00,104.0,54.0,1.5,14.8,0.92,1003.2,-99.0,0.0,-9.9,-99,-999,苗栗縣,11,三灣鄉,088
24.6198,120.9406,大河,C0E850,2017-01-13T16:00:00+08:00,104.0,43.0,1.2,14.5,0.96,1003.7,-99.0,0.5,-9.9,-99,-999,苗栗縣,11,三灣鄉,088
24.6198,120.9406,大河,C0E850,2017-01-13T17:00:00+08:00,104.0,18.0,1.0,14.2,0.97,1003.8,-99.0,2.0,-9.9,-99,-999,苗栗縣,11,三灣鄉,088
24.6198,120.9406,大河,C0E850,2017-01-13T18:00:00+08:00,104.0,22.0,1.5,14.0,0.97,1003.8,-99.0,2.5,-9.9,-99,-999,苗栗縣,11,三灣鄉,088
24.6198,120.9406,大河,C0E850,2017-01-13T19:00:00+08:00,104.0,43.0,1.5,14.0,0.95,1004.4,-99.0,2.5,-9.9,-99,-999,苗栗縣,11,三灣鄉,088
24.6198,120.9406,大河,C0E850,2017-01-13T20:00:00+08:00,104.0,41.0,1.3,14.1,0.93,1004.5,-99.0,2.5,-9.9,-99,-999,苗栗縣,11,三灣鄉,088
24.6198,120.9406,大河,C0E850,2017-01-13T21:00:00+08:00,104.0,37.0,1.8,13.9,0.94,1004.9,-99.0,2.5,-9.9,-99,-999,苗栗縣,11,三灣鄉,088
24.6198,120.9406,大河,C0E850,2017-01-13T22:00:00+08:00,104.0,33.0,1.6,13.6,0.96,1005.0,-99.0,2.5,-9.9,-99,-999,苗栗縣,11,三灣鄉,088
24.6198,120.9406,大河,C0E850,2017-01-13T23:00:00+08:00,104.0,31.0,1.9,13.7,0.95,1005.1,-99.0,2.5,-9.9,-99,-999,苗栗縣,11,三灣鄉,088
24.6198,120.9406,大河,C0E850,2017-01-14T00:00:00+08:00,104.0,45.0,1.6,13.8,0.94,1005.2,-99.0,3.0,-9.9,-99,-999,苗栗縣,11,三灣鄉,088
24.6198,120.9406,大河,C0E850,2017-01-14T01:00:00+08:00,104.0,26.0,1.8,13.2,0.97,1004.6,-99.0,0.0,-9.9,-99,-999,苗栗縣,11,三灣鄉,088
24.6198,120.9406,大河,C0E850,2017-01-14T02:00:00+08:00,104.0,23.0,1.7,12.8,0.98,1004.6,-99.0,1.5,-9.9,-99,-999,苗栗縣,11,三灣鄉,088
24.6198,120.9406,大河,C0E850,2017-01-14T03:00:00+08:00,104.0,55.0,2.0,12.4,0.97,1005.0,-99.0,3.5,-9.9,-99,-999,苗栗縣,11,三灣鄉,088
24.6198,120.9406,大河,C0E850,2017-01-14T04:00:00+08:00,104.0,17.0,2.4,12.3,0.96,1005.2,-99.0,4.5,-9.9,-99,-999,苗栗縣,11,三灣鄉,088
24.6198,120.9406,大河,C0E850,2017-01-14T05:00:00+08:00,104.0,35.0,2.0,11.9,0.97,1005.5,-99.0,6.5,-9.9,-99,-999,苗栗縣,11,三灣鄉,088
24.6198,120.9406,大河,C0E850,2017-01-14T06:00:00+08:00,104.0,48.0,1.6,11.5,0.96,1005.7,-99.0,7.0,-9.9,-99,-999,苗栗縣,11,三灣鄉,088
24.6198,120.9406,大河,C0E850,2017-01-14T07:00:00+08:00,104.0,24.0,2.1,11.3,0.97,1006.6,-99.0,9.5,-9.9,-99,-999,苗栗縣,11,三灣鄉,088
24.6198,120.9406,大河,C0E850,2017-01-14T08:00:00+08:00,104.0,39.0,2.1,11.4,0.97,1007.1,-99.0,13.0,-9.9,-99,-999,苗栗縣,11,三灣鄉,088
24.6198,120.9406,大河,C0E850,2017-01-14T10:00:00+08:00,104.0,35.0,1.7,11.9,0.96,1008.0,-99.0,16.0,-9.9,-99,-999,苗栗縣,11,三灣鄉,088
24.6198,120.9406,大河,C0E850,2017-01-14T11:00:00+08:00,104.0,24.0,2.1,12.6,0.93,1007.0,-99.0,16.0,-9.9,-99,-999,苗栗縣,11,三灣鄉,088
24.6198,120.9406,大河,C0E850,2017-01-14T12:00:00+08:00,104.0,44.0,1.8,13.5,0.89,1006.2,-99.0,16.0,-9.9,-99,-999,苗栗縣,11,三灣鄉,088
24.6198,120.9406,大河,C0E850,2017-01-14T13:00:00+08:00,104.0,43.0,1.9,13.9,0.85,1005.5,-99.0,16.0,-9.9,-99,-999,苗栗縣,11,三灣鄉,088
24.6198,120.9406,大河,C0E850,2017-01-14T14:00:00+08:00,104.0,42.0,2.5,14.9,0.82,1004.5,-99.0,16.0,-9.9,-99,-999,苗栗縣,11,三灣鄉,088
24.6198,120.9406,大河,C0E850,2017-01-14T15:00:00+08:00,104.0,40.0,1.5,15.3,0.79,1004.8,-99.0,16.0,-9.9,-99,-999,苗栗縣,11,三灣鄉,088
24.6198,120.9406,大河,C0E850,2017-01-14T16:00:00+08:00,104.0,35.0,2.3,15.1,0.78,1005.0,-99.0,16.0,-9.9,-99,-999,苗栗縣,11,三灣鄉,088
24.6198,120.9406,大河,C0E850,2017-01-14T17:00:00+08:00,104.0,45.0,1.9,14.8,0.76,1005.5,-99.0,16.0,-9.9,-99,-999,苗栗縣,11,三灣鄉,088
24.6198,120.9406,大河,C0E850,2017-01-14T18:00:00+08:00,104.0,29.0,1.5,14.5,0.77,1005.7,-99.0,16.0,-9.9,-99,-999,苗栗縣,11,三灣鄉,088
24.6198,120.9406,大河,C0E850,2017-01-14T19:00:00+08:00,104.0,42.0,1.8,14.3,0.78,1006.6,-99.0,16.0,-9.9,-99,-999,苗栗縣,11,三灣鄉,088
24.6198,120.9406,大河,C0E850,2017-01-14T20:00:00+08:00,104.0,44.0,1.4,14.0,0.80,1007.3,-99.0,16.0,-9.9,-99,-999,苗栗縣,11,三灣鄉,088
24.6198,120.9406,大河,C0E850,2017-01-14T21:00:00+08:00,104.0,46.0,0.7,13.5,0.85,1007.6,-99.0,16.0,-9.9,-99,-999,苗栗縣,11,三灣鄉,088
24.6198,120.9406,大河,C0E850,2017-01-14T22:00:00+08:00,104.0,50.0,1.1,13.4,0.87,1007.7,-99.0,16.5,-9.9,-99,-999,苗栗縣,11,三灣鄉,088
24.6198,120.9406,大河,C0E850,2017-01-14T23:00:00+08:00,104.0,79.0,0.8,13.3,0.88,1007.9,-99.0,16.5,-9.9,-99,-999,苗栗縣,11,三灣鄉,088
24.6198,120.9406,大河,C0E850,2017-01-15T00:00:00+08:00,104.0,24.0,1.1,12.7,0.93,1007.7,-99.0,17.0,-9.9,-99,-999,苗栗縣,11,三灣鄉,088
24.6198,120.9406,大河,C0E850,2017-01-15T01:00:00+08:00,104.0,22.0,1.3,12.4,0.96,1007.8,-99.0,0.5,-9.9,-99,-999,苗栗縣,11,三灣鄉,088
24.6198,120.9406,大河,C0E850,2017-01-15T02:00:00+08:00,104.0,77.0,0.9,12.5,0.97,1008.2,-99.0,1.5,-9.9,-99,-999,苗栗縣,11,三灣鄉,088
24.6198,120.9406,大河,C0E850,2017-01-15T03:00:00+08:00,104.0,9.0,1.9,12.4,0.97,1008.1,-99.0,2.0,-9.9,-99,-999,苗栗縣,11,三灣鄉,088
24.6198,120.9406,大河,C0E850,2017-01-15T04:00:00+08:00,104.0,39.0,0.8,12.3,0.98,1007.7,-99.0,2.0,-9.9,-99,-999,苗栗縣,11,三灣鄉,088
24.6198,120.9406,大河,C0E850,2017-01-15T05:00:00+08:00,104.0,59.0,1.5,12.0,0.96,1007.1,-99.0,2.5,-9.9,-99,-999,苗栗縣,11,三灣鄉,088
24.6198,120.9406,大河,C0E850,2017-01-15T06:00:00+08:00,104.0,56.0,0.8,12.4,0.92,1008.1,-99.0,2.5,-9.9,-99,-999,苗栗縣,11,三灣鄉,088
24.6198,120.9406,大河,C0E850,2017-01-15T07:00:00+08:00,104.0,20.0,1.6,12.8,0.87,1008.1,-99.0,2.5,-9.9,-99,-999,苗栗縣,11,三灣鄉,088
24.6198,120.9406,大河,C0E850,2017-01-15T08:00:00+08:00,104.0,61.0,1.0,13.0,0.88,1009.1,-99.0,2.5,-9.9,-99,-999,苗栗縣,11,三灣鄉,088
24.6198,120.9406,大河,C0E850,2017-01-15T09:00:00+08:00,104.0,48.0,1.0,13.8,0.84,1009.4,-99.0,2.5,-9.9,-99,-999,苗栗縣,11,三灣鄉,088
24.6198,120.9406,大河,C0E850,2017-01-15T10:00:00+08:00,104.0,50.0,0.8,14.2,0.84,1009.5,-99.0,2.5,-9.9,-99,-999,苗栗縣,11,三灣鄉,088
24.6198,120.9406,大河,C0E850,2017-01-15T11:00:00+08:00,104.0,34.0,1.2,13.5,0.92,1009.3,-99.0,3.5,-9.9,-99,-999,苗栗縣,11,三灣鄉,088
24.6198,120.9406,大河,C0E850,2017-01-15T12:00:00+08:00,104.0,60.0,1.1,14.3,0.87,1008.1,-99.0,3.5,-9.9,-99,-999,苗栗縣,11,三灣鄉,088
24.6198,120.9406,大河,C0E850,2017-01-15T13:00:00+08:00,104.0,67.0,1.1,15.0,0.81,1007.3,-99.0,3.5,-9.9,-99,-999,苗栗縣,11,三灣鄉,088
24.6198,120.9406,大河,C0E850,2017-01-15T14:00:00+08:00,104.0,14.0,1.8,14.7,0.80,1007.2,-99.0,3.5,-9.9,-99,-999,苗栗縣,11,三灣鄉,088
24.6198,120.9406,大河,C0E850,2017-01-15T15:00:00+08:00,104.0,43.0,1.9,14.1,0.83,1007.1,-99.0,3.5,-9.9,-99,-999,苗栗縣,11,三灣鄉,088
24.6198,120.9406,大河,C0E850,2017-01-15T16:00:00+08:00,104.0,46.0,1.6,13.8,0.85,1007.7,-99.0,3.5,-9.9,-99,-999,苗栗縣,11,三灣鄉,088
24.6198,120.9406,大河,C0E850,2017-01-15T17:00:00+08:00,104.0,34.0,1.8,13.2,0.88,1007.1,-99.0,3.5,-9.9,-99,-999,苗栗縣,11,三灣鄉,088
24.6198,120.9406,大河,C0E850,2017-01-15T18:00:00+08:00,104.0,43.0,1.0,13.5,0.86,1007.9,-99.0,3.5,-9.9,-99,-999,苗栗縣,11,三灣鄉,088
24.6198,120.9406,大河,C0E850,2017-01-15T19:00:00+08:00,104.0,37.0,1.1,13.6,0.84,1008.3,-99.0,3.5,-9.9,-99,-999,苗栗縣,11,三灣鄉,088
24.6198,120.9406,大河,C0E850,2017-01-15T20:00:00+08:00,104.0,62.0,0.3,13.6,0.85,1008.6,-99.0,3.5,-9.9,-99,-999,苗栗縣,11,三灣鄉,088
24.6198,120.9406,大河,C0E850,2017-01-15T21:00:00+08:00,104.0,44.0,0.6,13.6,0.86,1008.5,-99.0,3.5,-9.9,-99,-999,苗栗縣,11,三灣鄉,088
24.6198,120.9406,大河,C0E850,2017-01-15T22:00:00+08:00,104.0,79.0,0.9,13.5,0.86,1008.3,-99.0,3.5,-9.9,-99,-999,苗栗縣,11,三灣鄉,088
24.6198,120.9406,大河,C0E850,2017-01-15T23:00:00+08:00,104.0,1.0,1.3,13.0,0.92,1007.7,-99.0,3.5,-9.9,-99,-999,苗栗縣,11,三灣鄉,088
24.6198,120.9406,大河,C0E850,2017-01-16T00:00:00+08:00,104.0,187.0,0.4,13.0,0.94,1008.8,-99.0,4.0,-9.9,-99,-999,苗栗縣,11,三灣鄉,088
24.6198,120.9406,大河,C0E850,2017-01-16T01:00:00+08:00,104.0,30.0,0.3,12.9,0.96,1009.1,-99.0,0.0,-9.9,-99,-999,苗栗縣,11,三灣鄉,088
24.6198,120.9406,大河,C0E850,2017-01-16T02:00:00+08:00,104.0,25.0,1.3,13.0,0.95,1008.4,-99.0,0.0,-9.9,-99,-999,苗栗縣,11,三灣鄉,088
24.6198,120.9406,大河,C0E850,2017-01-16T03:00:00+08:00,104.0,34.0,1.1,13.1,0.94,1008.2,-99.0,0.0,-9.9,-99,-999,苗栗縣,11,三灣鄉,088
24.6198,120.9406,大河,C0E850,2017-01-16T04:00:00+08:00,104.0,41.0,0.7,13.2,0.92,1008.6,-99.0,0.0,-9.9,-99,-999,苗栗縣,11,三灣鄉,088
24.6198,120.9406,大河,C0E850,2017-01-16T05:00:00+08:00,104.0,49.0,1.1,13.4,0.89,1008.9,-99.0,0.0,-9.9,-99,-999,苗栗縣,11,三灣鄉,088
24.6198,120.9406,大河,C0E850,2017-01-16T06:00:00+08:00,104.0,40.0,1.7,13.6,0.86,1009.1,-99.0,0.0,-9.9,-99,-999,苗栗縣,11,三灣鄉,088
24.6198,120.9406,大河,C0E850,2017-01-16T07:00:00+08:00,104.0,35.0,2.2,13.7,0.84,1009.1,-99.0,0.0,-9.9,-99,-999,苗栗縣,11,三灣鄉,088
24.6198,120.9406,大河,C0E850,2017-01-16T08:00:00+08:00,104.0,52.0,1.8,13.9,0.85,1009.0,-99.0,0.0,-9.9,-99,-999,苗栗縣,11,三灣鄉,088
24.6198,120.9406,大河,C0E850,2017-01-16T10:00:00+08:00,104.0,38.0,2.3,15.0,0.78,1009.5,-99.0,0.0,-9.9,-99,-999,苗栗縣,11,三灣鄉,088
24.6198,120.9406,大河,C0E850,2017-01-16T11:00:00+08:00,104.0,45.0,1.9,15.5,0.77,1009.1,-99.0,0.0,-9.9,-99,-999,苗栗縣,11,三灣鄉,088
24.6198,120.9406,大河,C0E850,2017-01-16T12:00:00+08:00,104.0,53.0,1.6,15.9,0.75,1008.2,-99.0,0.0,-9.9,-99,-999,苗栗縣,11,三灣鄉,088
24.6198,120.9406,大河,C0E850,2017-01-16T13:00:00+08:00,104.0,35.0,2.2,16.2,0.74,1007.3,-99.0,0.0,-9.9,-99,-999,苗栗縣,11,三灣鄉,088
24.6198,120.9406,大河,C0E850,2017-01-16T14:00:00+08:00,104.0,34.0,1.7,16.4,0.75,1006.5,-99.0,0.0,-9.9,-99,-999,苗栗縣,11,三灣鄉,088
24.6198,120.9406,大河,C0E850,2017-01-16T15:00:00+08:00,104.0,36.0,2.2,16.1,0.76,1006.3,-99.0,0.0,-9.9,-99,-999,苗栗縣,11,三灣鄉,088
24.6198,120.9406,大河,C0E850,2017-01-16T16:00:00+08:00,104.0,26.0,1.9,15.7,0.78,1006.3,-99.0,0.0,-9.9,-99,-999,苗栗縣,11,三灣鄉,088
24.6198,120.9406,大河,C0E850,2017-01-16T17:00:00+08:00,104.0,55.0,1.4,15.5,0.78,1006.9,-99.0,0.0,-9.9,-99,-999,苗栗縣,11,三灣鄉,088
24.6198,120.9406,大河,C0E850,2017-01-16T18:00:00+08:00,104.0,30.0,1.2,15.1,0.78,1007.1,-99.0,0.0,-9.9,-99,-999,苗栗縣,11,三灣鄉,088
24.6198,120.9406,大河,C0E850,2017-01-16T19:00:00+08:00,104.0,42.0,1.1,14.9,0.78,1007.3,-99.0,0.0,-9.9,-99,-999,苗栗縣,11,三灣鄉,088
24.6198,120.9406,大河,C0E850,2017-01-16T20:00:00+08:00,104.0,0.0,0.2,14.7,0.81,1007.6,-99.0,0.0,-9.9,-99,-999,苗栗縣,11,三灣鄉,088
24.6198,120.9406,大河,C0E850,2017-01-16T21:00:00+08:00,104.0,0.0,0.0,14.2,0.90,1008.3,-99.0,0.0,-9.9,-99,-999,苗栗縣,11,三灣鄉,088
24.6198,120.9406,大河,C0E850,2017-01-16T22:00:00+08:00,104.0,0.0,0.0,14.0,0.93,1008.7,-99.0,0.0,-9.9,-99,-999,苗栗縣,11,三灣鄉,088
24.6198,120.9406,大河,C0E850,2017-01-16T23:00:00+08:00,104.0,0.0,0.0,13.8,0.95,1009.0,-99.0,0.0,-9.9,-99,-999,苗栗縣,11,三灣鄉,088
24.6198,120.9406,大河,C0E850,2017-01-17T00:00:00+08:00,104.0,49.0,0.3,13.5,0.96,1009.2,-99.0,0.0,-9.9,-99,-999,苗栗縣,11,三灣鄉,088
24.6198,120.9406,大河,C0E850,2017-01-17T01:00:00+08:00,104.0,124.0,0.4,13.2,0.97,1008.5,-99.0,0.0,-9.9,-99,-999,苗栗縣,11,三灣鄉,088
24.6198,120.9406,大河,C0E850,2017-01-17T02:00:00+08:00,104.0,335.0,0.5,13.0,0.97,1008.0,-99.0,0.0,-9.9,-99,-999,苗栗縣,11,三灣鄉,088
24.6198,120.9406,大河,C0E850,2017-01-17T03:00:00+08:00,104.0,0.0,0.0,13.1,0.98,1009.2,-99.0,0.0,-9.9,-99,-999,苗栗縣,11,三灣鄉,088
24.6198,120.9406,大河,C0E850,2017-01-17T04:00:00+08:00,104.0,36.0,0.8,13.8,0.95,1008.5,-99.0,0.0,-9.9,-99,-999,苗栗縣,11,三灣鄉,088
24.6198,120.9406,大河,C0E850,2017-01-17T05:00:00+08:00,104.0,289.0,0.7,13.6,0.97,1009.3,-99.0,0.0,-9.9,-99,-999,苗栗縣,11,三灣鄉,088
24.6198,120.9406,大河,C0E850,2017-01-17T06:00:00+08:00,104.0,0.0,0.2,13.8,0.97,1009.2,-99.0,0.0,-9.9,-99,-999,苗栗縣,11,三灣鄉,088
24.6198,120.9406,大河,C0E850,2017-01-17T07:00:00+08:00,104.0,133.0,0.3,13.3,0.98,1010.3,-99.0,0.0,-9.9,-99,-999,苗栗縣,11,三灣鄉,088
24.6198,120.9406,大河,C0E850,2017-01-17T08:00:00+08:00,104.0,0.0,0.2,14.3,0.96,1010.0,-99.0,0.0,-9.9,-99,-999,苗栗縣,11,三灣鄉,088
24.6198,120.9406,大河,C0E850,2017-01-17T09:00:00+08:00,104.0,44.0,0.5,16.7,0.82,1010.6,-99.0,0.0,-9.9,-99,-999,苗栗縣,11,三灣鄉,088
24.6198,120.9406,大河,C0E850,2017-01-17T10:00:00+08:00,104.0,50.0,1.0,18.2,0.77,1010.1,-99.0,0.0,-9.9,-99,-999,苗栗縣,11,三灣鄉,088
24.6198,120.9406,大河,C0E850,2017-01-17T11:00:00+08:00,104.0,91.0,0.5,20.3,0.69,1009.3,-99.0,0.0,-9.9,-99,-999,苗栗縣,11,三灣鄉,088
24.6198,120.9406,大河,C0E850,2017-01-17T12:00:00+08:00,104.0,304.0,1.3,21.1,0.68,1008.1,-99.0,0.0,-9.9,-99,-999,苗栗縣,11,三灣鄉,088
24.6198,120.9406,大河,C0E850,2017-01-17T13:00:00+08:00,104.0,255.0,1.8,22.3,0.66,1007.5,-99.0,0.0,-9.9,-99,-999,苗栗縣,11,三灣鄉,088
24.6198,120.9406,大河,C0E850,2017-01-17T14:00:00+08:00,104.0,296.0,2.3,20.7,0.70,1007.3,-99.0,0.0,-9.9,-99,-999,苗栗縣,11,三灣鄉,088
24.6198,120.9406,大河,C0E850,2017-01-17T15:00:00+08:00,104.0,239.0,1.1,21.7,0.69,1006.9,-99.0,0.0,-9.9,-99,-999,苗栗縣,11,三灣鄉,088
24.6198,120.9406,大河,C0E850,2017-01-17T16:00:00+08:00,104.0,252.0,1.7,20.9,0.72,1007.4,-99.0,0.0,-9.9,-99,-999,苗栗縣,11,三灣鄉,088
24.6198,120.9406,大河,C0E850,2017-01-17T17:00:00+08:00,104.0,282.0,0.8,19.8,0.77,1007.7,-99.0,0.0,-9.9,-99,-999,苗栗縣,11,三灣鄉,088
24.6198,120.9406,大河,C0E850,2017-01-17T18:00:00+08:00,104.0,0.0,0.0,18.2,0.86,1008.3,-99.0,0.0,-9.9,-99,-999,苗栗縣,11,三灣鄉,088
24.6198,120.9406,大河,C0E850,2017-01-17T19:00:00+08:00,104.0,17.0,0.3,16.8,0.92,1008.6,-99.0,0.0,-9.9,-99,-999,苗栗縣,11,三灣鄉,088
24.6198,120.9406,大河,C0E850,2017-01-17T20:00:00+08:00,104.0,0.0,0.2,15.9,0.96,1009.3,-99.0,0.0,-9.9,-99,-999,苗栗縣,11,三灣鄉,088
24.6198,120.9406,大河,C0E850,2017-01-17T21:00:00+08:00,104.0,0.0,0.2,15.7,0.96,1009.7,-99.0,0.0,-9.9,-99,-999,苗栗縣,11,三灣鄉,088
24.6198,120.9406,大河,C0E850,2017-01-17T22:00:00+08:00,104.0,0.0,0.0,15.7,0.96,1009.9,-99.0,0.0,-9.9,-99,-999,苗栗縣,11,三灣鄉,088
24.6198,120.9406,大河,C0E850,2017-01-17T23:00:00+08:00,104.0,45.0,0.3,15.5,0.97,1010.2,-99.0,0.0,-9.9,-99,-999,苗栗縣,11,三灣鄉,088
24.6198,120.9406,大河,C0E850,2017-01-18T00:00:00+08:00,104.0,12.0,0.3,15.4,0.97,1010.2,-99.0,0.0,-9.9,-99,-999,苗栗縣,11,三灣鄉,088
24.6198,120.9406,大河,C0E850,2017-01-18T01:00:00+08:00,104.0,68.0,0.4,15.6,0.98,1010.2,-99.0,0.0,-9.9,-99,-999,苗栗縣,11,三灣鄉,088
24.6198,120.9406,大河,C0E850,2017-01-18T02:00:00+08:00,104.0,107.0,0.3,16.2,0.98,1010.5,-99.0,0.0,-9.9,-99,-999,苗栗縣,11,三灣鄉,088
24.6198,120.9406,大河,C0E850,2017-01-18T03:00:00+08:00,104.0,214.0,0.4,16.2,0.98,1010.7,-99.0,0.5,-9.9,-99,-999,苗栗縣,11,三灣鄉,088
24.6198,120.9406,大河,C0E850,2017-01-18T04:00:00+08:00,104.0,50.0,0.3,16.4,0.99,1010.6,-99.0,2.0,-9.9,-99,-999,苗栗縣,11,三灣鄉,088
24.6198,120.9406,大河,C0E850,2017-01-18T05:00:00+08:00,104.0,91.0,0.5,16.5,0.99,1010.6,-99.0,3.0,-9.9,-99,-999,苗栗縣,11,三灣鄉,088
24.6198,120.9406,大河,C0E850,2017-01-18T06:00:00+08:00,104.0,0.0,0.0,16.5,0.99,1010.9,-99.0,3.0,-9.9,-99,-999,苗栗縣,11,三灣鄉,088
24.6198,120.9406,大河,C0E850,2017-01-18T07:00:00+08:00,104.0,0.0,0.2,16.4,0.99,1011.1,-99.0,3.0,-9.9,-99,-999,苗栗縣,11,三灣鄉,088
24.6198,120.9406,大河,C0E850,2017-01-18T08:00:00+08:00,104.0,153.0,0.5,16.8,0.99,1011.6,-99.0,3.0,-9.9,-99,-999,苗栗縣,11,三灣鄉,088
24.6198,120.9406,大河,C0E850,2017-01-18T10:00:00+08:00,104.0,348.0,1.2,18.7,0.92,1011.6,-99.0,3.0,-9.9,-99,-999,苗栗縣,11,三灣鄉,088
24.6198,120.9406,大河,C0E850,2017-01-18T11:00:00+08:00,104.0,360.0,1.3,19.3,0.89,1010.3,-99.0,3.0,-9.9,-99,-999,苗栗縣,11,三灣鄉,088
24.6198,120.9406,大河,C0E850,2017-01-18T12:00:00+08:00,104.0,355.0,1.5,20.1,0.83,1009.0,-99.0,3.0,-9.9,-99,-999,苗栗縣,11,三灣鄉,088
24.6198,120.9406,大河,C0E850,2017-01-18T13:00:00+08:00,104.0,45.0,0.8,20.4,0.82,1008.4,-99.0,3.0,-9.9,-99,-999,苗栗縣,11,三灣鄉,088
24.6198,120.9406,大河,C0E850,2017-01-18T14:00:00+08:00,104.0,138.0,0.5,20.9,0.82,1008.1,-99.0,3.0,-9.9,-99,-999,苗栗縣,11,三灣鄉,088
24.6198,120.9406,大河,C0E850,2017-01-18T15:00:00+08:00,104.0,348.0,1.6,19.6,0.88,1008.1,-99.0,3.0,-9.9,-99,-999,苗栗縣,11,三灣鄉,088
24.6198,120.9406,大河,C0E850,2017-01-18T16:00:00+08:00,104.0,23.0,0.8,19.2,0.89,1008.2,-99.0,3.0,-9.9,-99,-999,苗栗縣,11,三灣鄉,088
24.6198,120.9406,大河,C0E850,2017-01-18T17:00:00+08:00,104.0,357.0,1.7,18.6,0.90,1008.6,-99.0,3.0,-9.9,-99,-999,苗栗縣,11,三灣鄉,088
24.6198,120.9406,大河,C0E850,2017-01-18T18:00:00+08:00,104.0,4.0,1.4,18.5,0.91,1008.9,-99.0,3.0,-9.9,-99,-999,苗栗縣,11,三灣鄉,088
24.6198,120.9406,大河,C0E850,2017-01-18T19:00:00+08:00,104.0,31.0,1.0,18.3,0.92,1009.3,-99.0,3.0,-9.9,-99,-999,苗栗縣,11,三灣鄉,088
24.6198,120.9406,大河,C0E850,2017-01-18T20:00:00+08:00,104.0,13.0,1.3,18.0,0.94,1009.2,-99.0,3.0,-9.9,-99,-999,苗栗縣,11,三灣鄉,088
24.6198,120.9406,大河,C0E850,2017-01-18T21:00:00+08:00,104.0,26.0,1.1,17.9,0.94,1009.6,-99.0,3.0,-9.9,-99,-999,苗栗縣,11,三灣鄉,088
24.6198,120.9406,大河,C0E850,2017-01-18T22:00:00+08:00,104.0,18.0,0.9,17.5,0.96,1009.2,-99.0,3.0,-9.9,-99,-999,苗栗縣,11,三灣鄉,088
24.6198,120.9406,大河,C0E850,2017-01-18T23:00:00+08:00,104.0,0.0,0.0,17.1,0.98,1009.5,-99.0,3.0,-9.9,-99,-999,苗栗縣,11,三灣鄉,088
24.6198,120.9406,大河,C0E850,2017-01-19T00:00:00+08:00,104.0,0.0,0.0,17.2,0.98,1009.6,-99.0,3.0,-9.9,-99,-999,苗栗縣,11,三灣鄉,088
24.6198,120.9406,大河,C0E850,2017-01-19T01:00:00+08:00,104.0,0.0,0.0,17.1,0.98,1009.8,-99.0,0.0,-9.9,-99,-999,苗栗縣,11,三灣鄉,088
24.6198,120.9406,大河,C0E850,2017-01-19T02:00:00+08:00,104.0,0.0,0.0,17.1,0.97,1009.7,-99.0,0.0,-9.9,-99,-999,苗栗縣,11,三灣鄉,088
24.6198,120.9406,大河,C0E850,2017-01-19T03:00:00+08:00,104.0,319.0,1.1,16.8,0.97,1009.2,-99.0,0.0,-9.9,-99,-999,苗栗縣,11,三灣鄉,088
24.6198,120.9406,大河,C0E850,2017-01-19T04:00:00+08:00,104.0,213.0,0.3,16.7,0.97,1009.3,-99.0,0.0,-9.9,-99,-999,苗栗縣,11,三灣鄉,088
24.6198,120.9406,大河,C0E850,2017-01-19T05:00:00+08:00,104.0,0.0,0.0,16.7,0.97,1009.7,-99.0,0.0,-9.9,-99,-999,苗栗縣,11,三灣鄉,088
24.6198,120.9406,大河,C0E850,2017-01-19T06:00:00+08:00,104.0,0.0,0.0,16.7,0.97,1009.9,-99.0,0.0,-9.9,-99,-999,苗栗縣,11,三灣鄉,088
24.6198,120.9406,大河,C0E850,2017-01-19T07:00:00+08:00,104.0,21.0,1.4,16.9,0.99,1010.3,-99.0,0.0,-9.9,-99,-999,苗栗縣,11,三灣鄉,088
24.6198,120.9406,大河,C0E850,2017-01-19T08:00:00+08:00,104.0,346.0,0.7,16.9,0.99,1011.1,-99.0,0.5,-9.9,-99,-999,苗栗縣,11,三灣鄉,088
24.6198,120.9406,大河,C0E850,2017-01-19T09:00:00+08:00,104.0,92.0,0.9,17.3,0.99,1010.8,-99.0,1.0,-9.9,-99,-999,苗栗縣,11,三灣鄉,088
24.6198,120.9406,大河,C0E850,2017-01-19T10:00:00+08:00,104.0,350.0,1.5,18.8,0.92,1010.7,-99.0,1.0,-9.9,-99,-999,苗栗縣,11,三灣鄉,088
24.6198,120.9406,大河,C0E850,2017-01-19T11:00:00+08:00,104.0,7.0,1.4,19.1,0.89,1009.9,-99.0,1.0,-9.9,-99,-999,苗栗縣,11,三灣鄉,088
24.6198,120.9406,大河,C0E850,2017-01-19T12:00:00+08:00,104.0,22.0,1.5,19.6,0.85,1008.8,-99.0,1.0,-9.9,-99,-999,苗栗縣,11,三灣鄉,088
24.6198,120.9406,大河,C0E850,2017-01-19T13:00:00+08:00,104.0,23.0,1.2,21.3,0.79,1007.3,-99.0,1.0,-9.9,-99,-999,苗栗縣,11,三灣鄉,088
24.6198,120.9406,大河,C0E850,2017-01-19T14:00:00+08:00,104.0,32.0,1.0,21.8,0.77,1005.9,-99.0,1.0,-9.9,-99,-999,苗栗縣,11,三灣鄉,088
24.6198,120.9406,大河,C0E850,2017-01-19T15:00:00+08:00,104.0,359.0,2.6,20.8,0.80,1006.0,-99.0,1.0,-9.9,-99,-999,苗栗縣,11,三灣鄉,088
24.6198,120.9406,大河,C0E850,2017-01-19T16:00:00+08:00,104.0,33.0,1.4,19.2,0.85,1006.8,-99.0,1.0,-9.9,-99,-999,苗栗縣,11,三灣鄉,088
24.6198,120.9406,大河,C0E850,2017-01-19T17:00:00+08:00,104.0,11.0,1.5,18.2,0.87,1007.0,-99.0,1.0,-9.9,-99,-999,苗栗縣,11,三灣鄉,088
24.6198,120.9406,大河,C0E850,2017-01-19T18:00:00+08:00,104.0,39.0,1.1,17.9,0.88,1007.5,-99.0,1.0,-9.9,-99,-999,苗栗縣,11,三灣鄉,088
24.6198,120.9406,大河,C0E850,2017-01-19T19:00:00+08:00,104.0,35.0,1.3,17.8,0.88,1007.7,-99.0,1.0,-9.9,-99,-999,苗栗縣,11,三灣鄉,088
24.6198,120.9406,大河,C0E850,2017-01-19T20:00:00+08:00,104.0,15.0,1.1,17.6,0.89,1008.3,-99.0,1.0,-9.9,-99,-999,苗栗縣,11,三灣鄉,088
24.6198,120.9406,大河,C0E850,2017-01-19T21:00:00+08:00,104.0,40.0,0.8,17.4,0.90,1008.6,-99.0,1.0,-9.9,-99,-999,苗栗縣,11,三灣鄉,088
24.6198,120.9406,大河,C0E850,2017-01-19T22:00:00+08:00,104.0,23.0,1.3,17.2,0.92,1008.5,-99.0,1.0,-9.9,-99,-999,苗栗縣,11,三灣鄉,088
24.6198,120.9406,大河,C0E850,2017-01-19T23:00:00+08:00,104.0,17.0,1.4,17.0,0.94,1008.7,-99.0,1.0,-9.9,-99,-999,苗栗縣,11,三灣鄉,088
24.6198,120.9406,大河,C0E850,2017-01-20T00:00:00+08:00,104.0,27.0,1.1,17.2,0.92,1009.1,-99.0,1.0,-9.9,-99,-999,苗栗縣,11,三灣鄉,088
24.6198,120.9406,大河,C0E850,2017-01-20T01:00:00+08:00,104.0,27.0,1.5,16.7,0.93,1009.2,-99.0,0.0,-9.9,-99,-999,苗栗縣,11,三灣鄉,088
24.6198,120.9406,大河,C0E850,2017-01-20T02:00:00+08:00,104.0,17.0,2.4,16.1,0.94,1009.5,-99.0,0.0,-9.9,-99,-999,苗栗縣,11,三灣鄉,088
24.6198,120.9406,大河,C0E850,2017-01-20T03:00:00+08:00,104.0,39.0,1.9,15.2,0.95,1009.7,-99.0,0.0,-9.9,-99,-999,苗栗縣,11,三灣鄉,088
24.6198,120.9406,大河,C0E850,2017-01-20T04:00:00+08:00,104.0,29.0,2.1,14.4,0.95,1009.8,-99.0,0.0,-9.9,-99,-999,苗栗縣,11,三灣鄉,088
24.6198,120.9406,大河,C0E850,2017-01-20T05:00:00+08:00,104.0,28.0,2.0,13.7,0.95,1010.3,-99.0,0.0,-9.9,-99,-999,苗栗縣,11,三灣鄉,088
24.6198,120.9406,大河,C0E850,2017-01-20T06:00:00+08:00,104.0,42.0,2.1,13.4,0.95,1011.0,-99.0,0.0,-9.9,-99,-999,苗栗縣,11,三灣鄉,088
24.6198,120.9406,大河,C0E850,2017-01-20T07:00:00+08:00,104.0,40.0,1.5,13.4,0.92,1011.7,-99.0,0.0,-9.9,-99,-999,苗栗縣,11,三灣鄉,088
24.6198,120.9406,大河,C0E850,2017-01-20T08:00:00+08:00,104.0,51.0,1.9,13.8,0.88,1011.9,-99.0,0.0,-9.9,-99,-999,苗栗縣,11,三灣鄉,088
24.6198,120.9406,大河,C0E850,2017-01-20T09:00:00+08:00,104.0,59.0,1.8,14.0,0.86,1012.7,-99.0,0.0,-9.9,-99,-999,苗栗縣,11,三灣鄉,088
24.6198,120.9406,大河,C0E850,2017-01-20T10:00:00+08:00,104.0,41.0,2.7,14.3,0.83,1012.7,-99.0,0.0,-9.9,-99,-999,苗栗縣,11,三灣鄉,088
24.6198,120.9406,大河,C0E850,2017-01-20T11:00:00+08:00,104.0,31.0,2.7,13.9,0.82,1012.7,-99.0,0.0,-9.9,-99,-999,苗栗縣,11,三灣鄉,088
24.6198,120.9406,大河,C0E850,2017-01-20T12:00:00+08:00,104.0,29.0,2.6,13.4,0.83,1012.2,-99.0,0.0,-9.9,-99,-999,苗栗縣,11,三灣鄉,088
24.6198,120.9406,大河,C0E850,2017-01-20T13:00:00+08:00,104.0,29.0,3.5,13.3,0.81,1011.2,-99.0,0.0,-9.9,-99,-999,苗栗縣,11,三灣鄉,088
24.6198,120.9406,大河,C0E850,2017-01-20T14:00:00+08:00,104.0,33.0,2.8,13.0,0.81,1010.6,-99.0,0.0,-9.9,-99,-999,苗栗縣,11,三灣鄉,088
24.6198,120.9406,大河,C0E850,2017-01-20T15:00:00+08:00,104.0,38.0,3.3,12.9,0.76,1010.4,-99.0,0.0,-9.9,-99,-999,苗栗縣,11,三灣鄉,088
24.6198,120.9406,大河,C0E850,2017-01-20T16:00:00+08:00,104.0,46.0,2.7,12.1,0.76,1010.9,-99.0,0.0,-9.9,-99,-999,苗栗縣,11,三灣鄉,088
24.6198,120.9406,大河,C0E850,2017-01-20T17:00:00+08:00,104.0,55.0,2.9,11.5,0.73,1011.4,-99.0,0.0,-9.9,-99,-999,苗栗縣,11,三灣鄉,088
24.6198,120.9406,大河,C0E850,2017-01-20T18:00:00+08:00,104.0,44.0,3.1,11.1,0.74,1011.7,-99.0,0.0,-9.9,-99,-999,苗栗縣,11,三灣鄉,088
24.6198,120.9406,大河,C0E850,2017-01-20T19:00:00+08:00,104.0,41.0,3.4,11.1,0.72,1012.0,-99.0,0.0,-9.9,-99,-999,苗栗縣,11,三灣鄉,088
24.6198,120.9406,大河,C0E850,2017-01-20T20:00:00+08:00,104.0,43.0,3.0,11.4,0.71,1012.3,-99.0,0.0,-9.9,-99,-999,苗栗縣,11,三灣鄉,088
24.6198,120.9406,大河,C0E850,2017-01-20T21:00:00+08:00,104.0,52.0,2.6,11.4,0.70,1012.6,-99.0,0.0,-9.9,-99,-999,苗栗縣,11,三灣鄉,088
24.6198,120.9406,大河,C0E850,2017-01-20T22:00:00+08:00,104.0,45.0,2.7,11.3,0.71,1012.5,-99.0,0.0,-9.9,-99,-999,苗栗縣,11,三灣鄉,088
24.6198,120.9406,大河,C0E850,2017-01-20T23:00:00+08:00,104.0,48.0,1.9,11.4,0.70,1012.3,-99.0,0.0,-9.9,-99,-999,苗栗縣,11,三灣鄉,088
24.6198,120.9406,大河,C0E850,2017-01-21T00:00:00+08:00,104.0,57.0,1.9,11.4,0.71,1012.2,-99.0,0.0,-9.9,-99,-999,苗栗縣,11,三灣鄉,088
24.6198,120.9406,大河,C0E850,2017-01-21T01:00:00+08:00,104.0,37.0,1.9,11.5,0.70,1012.1,-99.0,0.0,-9.9,-99,-999,苗栗縣,11,三灣鄉,088
24.6198,120.9406,大河,C0E850,2017-01-21T02:00:00+08:00,104.0,28.0,1.8,11.4,0.71,1012.3,-99.0,0.0,-9.9,-99,-999,苗栗縣,11,三灣鄉,088
24.6198,120.9406,大河,C0E850,2017-01-21T03:00:00+08:00,104.0,45.0,1.3,11.4,0.72,1012.3,-99.0,0.0,-9.9,-99,-999,苗栗縣,11,三灣鄉,088
24.6198,120.9406,大河,C0E850,2017-01-21T04:00:00+08:00,104.0,33.0,1.8,11.4,0.75,1012.4,-99.0,0.0,-9.9,-99,-999,苗栗縣,11,三灣鄉,088
24.6198,120.9406,大河,C0E850,2017-01-21T05:00:00+08:00,104.0,46.0,1.6,11.3,0.75,1012.6,-99.0,0.0,-9.9,-99,-999,苗栗縣,11,三灣鄉,088
24.6198,120.9406,大河,C0E850,2017-01-21T06:00:00+08:00,104.0,47.0,1.7,11.5,0.75,1013.5,-99.0,0.0,-9.9,-99,-999,苗栗縣,11,三灣鄉,088
24.6198,120.9406,大河,C0E850,2017-01-21T07:00:00+08:00,104.0,49.0,1.0,11.3,0.77,1014.2,-99.0,0.0,-9.9,-99,-999,苗栗縣,11,三灣鄉,088
24.6198,120.9406,大河,C0E850,2017-01-21T08:00:00+08:00,104.0,51.0,1.0,12.0,0.76,1014.4,-99.0,0.0,-9.9,-99,-999,苗栗縣,11,三灣鄉,088
24.6198,120.9406,大河,C0E850,2017-01-21T10:00:00+08:00,104.0,29.0,1.5,14.0,0.71,1014.8,-99.0,0.0,-9.9,-99,-999,苗栗縣,11,三灣鄉,088
24.6198,120.9406,大河,C0E850,2017-01-21T11:00:00+08:00,104.0,66.0,1.4,15.7,0.67,1014.0,-99.0,0.0,-9.9,-99,-999,苗栗縣,11,三灣鄉,088
24.6198,120.9406,大河,C0E850,2017-01-21T12:00:00+08:00,104.0,43.0,1.7,16.4,0.63,1013.2,-99.0,0.0,-9.9,-99,-999,苗栗縣,11,三灣鄉,088
24.6198,120.9406,大河,C0E850,2017-01-21T13:00:00+08:00,104.0,22.0,2.1,16.2,0.66,1011.7,-99.0,0.0,-9.9,-99,-999,苗栗縣,11,三灣鄉,088
24.6198,120.9406,大河,C0E850,2017-01-21T14:00:00+08:00,104.0,1.0,3.0,15.7,0.67,1011.9,-99.0,0.0,-9.9,-99,-999,苗栗縣,11,三灣鄉,088
24.6198,120.9406,大河,C0E850,2017-01-21T15:00:00+08:00,104.0,20.0,2.9,15.1,0.69,1011.8,-99.0,0.0,-9.9,-99,-999,苗栗縣,11,三灣鄉,088
24.6198,120.9406,大河,C0E850,2017-01-21T16:00:00+08:00,104.0,34.0,1.9,15.4,0.69,1011.8,-99.0,0.0,-9.9,-99,-999,苗栗縣,11,三灣鄉,088
24.6198,120.9406,大河,C0E850,2017-01-21T17:00:00+08:00,104.0,34.0,2.3,14.7,0.71,1012.1,-99.0,0.0,-9.9,-99,-999,苗栗縣,11,三灣鄉,088
24.6198,120.9406,大河,C0E850,2017-01-21T18:00:00+08:00,104.0,47.0,1.6,13.7,0.74,1012.7,-99.0,0.0,-9.9,-99,-999,苗栗縣,11,三灣鄉,088
24.6198,120.9406,大河,C0E850,2017-01-21T19:00:00+08:00,104.0,25.0,1.0,12.6,0.81,1013.3,-99.0,0.0,-9.9,-99,-999,苗栗縣,11,三灣鄉,088
24.6198,120.9406,大河,C0E850,2017-01-21T20:00:00+08:00,104.0,73.0,0.8,12.1,0.86,1013.6,-99.0,0.0,-9.9,-99,-999,苗栗縣,11,三灣鄉,088
24.6198,120.9406,大河,C0E850,2017-01-21T21:00:00+08:00,104.0,21.0,0.7,11.2,0.88,1014.1,-99.0,0.0,-9.9,-99,-999,苗栗縣,11,三灣鄉,088
24.6198,120.9406,大河,C0E850,2017-01-21T22:00:00+08:00,104.0,39.0,0.3,10.8,0.90,1014.2,-99.0,0.0,-9.9,-99,-999,苗栗縣,11,三灣鄉,088
24.6198,120.9406,大河,C0E850,2017-01-21T23:00:00+08:00,104.0,75.0,0.5,10.8,0.91,1014.3,-99.0,0.0,-9.9,-99,-999,苗栗縣,11,三灣鄉,088
24.6198,120.9406,大河,C0E850,2017-01-22T00:00:00+08:00,104.0,41.0,0.5,10.7,0.90,1014.6,-99.0,0.0,-9.9,-99,-999,苗栗縣,11,三灣鄉,088
24.6198,120.9406,大河,C0E850,2017-01-22T01:00:00+08:00,104.0,24.0,0.6,11.3,0.89,1014.4,-99.0,0.0,-9.9,-99,-999,苗栗縣,11,三灣鄉,088
24.6198,120.9406,大河,C0E850,2017-01-22T02:00:00+08:00,104.0,22.0,0.9,12.1,0.86,1014.3,-99.0,0.0,-9.9,-99,-999,苗栗縣,11,三灣鄉,088
24.6198,120.9406,大河,C0E850,2017-01-22T03:00:00+08:00,104.0,25.0,1.9,12.5,0.84,1014.2,-99.0,0.0,-9.9,-99,-999,苗栗縣,11,三灣鄉,088
24.6198,120.9406,大河,C0E850,2017-01-22T04:00:00+08:00,104.0,32.0,1.2,12.6,0.84,1014.4,-99.0,0.0,-9.9,-99,-999,苗栗縣,11,三灣鄉,088
24.6198,120.9406,大河,C0E850,2017-01-22T05:00:00+08:00,104.0,47.0,0.8,12.5,0.83,1014.9,-99.0,0.0,-9.9,-99,-999,苗栗縣,11,三灣鄉,088
24.6198,120.9406,大河,C0E850,2017-01-22T06:00:00+08:00,104.0,47.0,1.5,12.9,0.74,1015.6,-99.0,0.0,-9.9,-99,-999,苗栗縣,11,三灣鄉,088
24.6198,120.9406,大河,C0E850,2017-01-22T07:00:00+08:00,104.0,31.0,2.0,12.7,0.72,1015.2,-99.0,0.0,-9.9,-99,-999,苗栗縣,11,三灣鄉,088
24.6198,120.9406,大河,C0E850,2017-01-22T08:00:00+08:00,104.0,45.0,1.8,13.2,0.66,1015.3,-99.0,0.0,-9.9,-99,-999,苗栗縣,11,三灣鄉,088
24.6198,120.9406,大河,C0E850,2017-01-22T09:00:00+08:00,104.0,38.0,2.7,14.0,0.63,1015.9,-99.0,0.0,-9.9,-99,-999,苗栗縣,11,三灣鄉,088
24.6198,120.9406,大河,C0E850,2017-01-22T10:00:00+08:00,104.0,48.0,2.5,15.5,0.59,1016.1,-99.0,0.0,-9.9,-99,-999,苗栗縣,11,三灣鄉,088
24.6198,120.9406,大河,C0E850,2017-01-22T11:00:00+08:00,104.0,37.0,3.6,16.1,0.56,1015.4,-99.0,0.0,-9.9,-99,-999,苗栗縣,11,三灣鄉,088
24.6198,120.9406,大河,C0E850,2017-01-22T12:00:00+08:00,104.0,26.0,2.7,17.0,0.53,1014.0,-99.0,0.0,-9.9,-99,-999,苗栗縣,11,三灣鄉,088
24.6198,120.9406,大河,C0E850,2017-01-22T13:00:00+08:00,104.0,34.0,3.4,17.6,0.51,1012.8,-99.0,0.0,-9.9,-99,-999,苗栗縣,11,三灣鄉,088
24.6198,120.9406,大河,C0E850,2017-01-22T14:00:00+08:00,104.0,14.0,3.7,17.7,0.52,1012.0,-99.0,0.0,-9.9,-99,-999,苗栗縣,11,三灣鄉,088
24.6198,120.9406,大河,C0E850,2017-01-22T15:00:00+08:00,104.0,31.0,2.6,17.7,0.52,1011.5,-99.0,0.0,-9.9,-99,-999,苗栗縣,11,三灣鄉,088
24.6198,120.9406,大河,C0E850,2017-01-22T16:00:00+08:00,104.0,26.0,2.6,16.1,0.55,1011.3,-99.0,0.0,-9.9,-99,-999,苗栗縣,11,三灣鄉,088
24.6198,120.9406,大河,C0E850,2017-01-22T17:00:00+08:00,104.0,36.0,2.7,14.3,0.62,1011.9,-99.0,0.0,-9.9,-99,-999,苗栗縣,11,三灣鄉,088
24.6198,120.9406,大河,C0E850,2017-01-22T18:00:00+08:00,104.0,40.0,2.1,12.6,0.66,1012.1,-99.0,0.0,-9.9,-99,-999,苗栗縣,11,三灣鄉,088
24.6198,120.9406,大河,C0E850,2017-01-22T19:00:00+08:00,104.0,45.0,2.1,12.2,0.66,1012.6,-99.0,0.0,-9.9,-99,-999,苗栗縣,11,三灣鄉,088
24.6198,120.9406,大河,C0E850,2017-01-22T20:00:00+08:00,104.0,45.0,2.0,12.1,0.67,1013.2,-99.0,0.0,-9.9,-99,-999,苗栗縣,11,三灣鄉,088
24.6198,120.9406,大河,C0E850,2017-01-22T21:00:00+08:00,104.0,50.0,1.4,12.1,0.67,1013.4,-99.0,0.0,-9.9,-99,-999,苗栗縣,11,三灣鄉,088
24.6198,120.9406,大河,C0E850,2017-01-22T22:00:00+08:00,104.0,54.0,0.9,12.1,0.67,1013.5,-99.0,0.0,-9.9,-99,-999,苗栗縣,11,三灣鄉,088
24.6198,120.9406,大河,C0E850,2017-01-22T23:00:00+08:00,104.0,41.0,0.9,11.6,0.73,1013.1,-99.0,0.0,-9.9,-99,-999,苗栗縣,11,三灣鄉,088
24.6198,120.9406,大河,C0E850,2017-01-23T00:00:00+08:00,104.0,107.0,0.6,10.6,0.82,1012.9,-99.0,0.0,-9.9,-99,-999,苗栗縣,11,三灣鄉,088
24.6198,120.9406,大河,C0E850,2017-01-23T01:00:00+08:00,104.0,0.0,0.0,9.7,0.89,1012.8,-99.0,0.0,-9.9,-99,-999,苗栗縣,11,三灣鄉,088
24.6198,120.9406,大河,C0E850,2017-01-23T02:00:00+08:00,104.0,85.0,0.3,10.1,0.88,1012.8,-99.0,0.0,-9.9,-99,-999,苗栗縣,11,三灣鄉,088
24.6198,120.9406,大河,C0E850,2017-01-23T03:00:00+08:00,104.0,127.0,0.3,9.6,0.93,1012.7,-99.0,0.0,-9.9,-99,-999,苗栗縣,11,三灣鄉,088
24.6198,120.9406,大河,C0E850,2017-01-23T04:00:00+08:00,104.0,0.0,0.0,9.7,0.94,1012.6,-99.0,0.0,-9.9,-99,-999,苗栗縣,11,三灣鄉,088
24.6198,120.9406,大河,C0E850,2017-01-23T05:00:00+08:00,104.0,191.0,0.3,9.8,0.92,1012.6,-99.0,0.0,-9.9,-99,-999,苗栗縣,11,三灣鄉,088
24.6198,120.9406,大河,C0E850,2017-01-23T06:00:00+08:00,104.0,115.0,0.7,10.5,0.87,1013.1,-99.0,0.0,-9.9,-99,-999,苗栗縣,11,三灣鄉,088
24.6198,120.9406,大河,C0E850,2017-01-23T07:00:00+08:00,104.0,74.0,0.5,11.4,0.81,1013.7,-99.0,0.0,-9.9,-99,-999,苗栗縣,11,三灣鄉,088
24.6198,120.9406,大河,C0E850,2017-01-23T08:00:00+08:00,104.0,70.0,0.8,12.6,0.77,1013.9,-99.0,0.0,-9.9,-99,-999,苗栗縣,11,三灣鄉,088
24.6198,120.9406,大河,C0E850,2017-01-23T09:00:00+08:00,104.0,39.0,1.2,14.4,0.68,1014.3,-99.0,0.0,-9.9,-99,-999,苗栗縣,11,三灣鄉,088
24.6198,120.9406,大河,C0E850,2017-01-23T10:00:00+08:00,104.0,41.0,1.9,15.8,0.63,1014.2,-99.0,0.0,-9.9,-99,-999,苗栗縣,11,三灣鄉,088
24.6198,120.9406,大河,C0E850,2017-01-23T11:00:00+08:00,104.0,36.0,1.6,17.1,0.59,1014.0,-99.0,0.0,-9.9,-99,-999,苗栗縣,11,三灣鄉,088
24.6198,120.9406,大河,C0E850,2017-01-23T12:00:00+08:00,104.0,29.0,2.0,17.4,0.58,1013.4,-99.0,0.0,-9.9,-99,-999,苗栗縣,11,三灣鄉,088
24.6198,120.9406,大河,C0E850,2017-01-23T13:00:00+08:00,104.0,11.0,2.9,16.8,0.60,1012.4,-99.0,0.0,-9.9,-99,-999,苗栗縣,11,三灣鄉,088
24.6198,120.9406,大河,C0E850,2017-01-23T14:00:00+08:00,104.0,18.0,3.7,16.6,0.61,1011.8,-99.0,0.0,-9.9,-99,-999,苗栗縣,11,三灣鄉,088
24.6198,120.9406,大河,C0E850,2017-01-23T15:00:00+08:00,104.0,18.0,3.3,16.3,0.62,1011.8,-99.0,0.0,-9.9,-99,-999,苗栗縣,11,三灣鄉,088
24.6198,120.9406,大河,C0E850,2017-01-23T16:00:00+08:00,104.0,32.0,2.3,15.5,0.65,1011.9,-99.0,0.0,-9.9,-99,-999,苗栗縣,11,三灣鄉,088
24.6198,120.9406,大河,C0E850,2017-01-23T17:00:00+08:00,104.0,39.0,1.3,14.6,0.68,1012.6,-99.0,0.0,-9.9,-99,-999,苗栗縣,11,三灣鄉,088
24.6198,120.9406,大河,C0E850,2017-01-23T18:00:00+08:00,104.0,37.0,1.8,13.9,0.69,1012.9,-99.0,0.0,-9.9,-99,-999,苗栗縣,11,三灣鄉,088
24.6198,120.9406,大河,C0E850,2017-01-23T19:00:00+08:00,104.0,36.0,1.2,13.4,0.71,1012.9,-99.0,0.0,-9.9,-99,-999,苗栗縣,11,三灣鄉,088
24.6198,120.9406,大河,C0E850,2017-01-23T20:00:00+08:00,104.0,53.0,1.3,13.3,0.71,1013.2,-99.0,0.0,-9.9,-99,-999,苗栗縣,11,三灣鄉,088
24.6198,120.9406,大河,C0E850,2017-01-23T21:00:00+08:00,104.0,101.0,0.5,12.6,0.77,1012.7,-99.0,0.0,-9.9,-99,-999,苗栗縣,11,三灣鄉,088
24.6198,120.9406,大河,C0E850,2017-01-23T22:00:00+08:00,104.0,57.0,0.4,11.7,0.87,1013.2,-99.0,0.0,-9.9,-99,-999,苗栗縣,11,三灣鄉,088
24.6198,120.9406,大河,C0E850,2017-01-23T23:00:00+08:00,104.0,0.0,0.0,11.6,0.89,1013.4,-99.0,0.0,-9.9,-99,-999,苗栗縣,11,三灣鄉,088
24.6198,120.9406,大河,C0E850,2017-01-24T00:00:00+08:00,104.0,0.0,0.0,11.4,0.91,1013.3,-99.0,0.0,-9.9,-99,-999,苗栗縣,11,三灣鄉,088
24.6198,120.9406,大河,C0E850,2017-01-24T01:00:00+08:00,104.0,0.0,0.0,11.3,0.94,1013.3,-99.0,0.0,-9.9,-99,-999,苗栗縣,11,三灣鄉,088
24.6198,120.9406,大河,C0E850,2017-01-24T02:00:00+08:00,104.0,0.0,0.0,11.3,0.94,1013.3,-99.0,0.0,-9.9,-99,-999,苗栗縣,11,三灣鄉,088
24.6198,120.9406,大河,C0E850,2017-01-24T03:00:00+08:00,104.0,0.0,0.0,11.3,0.95,1013.1,-99.0,0.0,-9.9,-99,-999,苗栗縣,11,三灣鄉,088
24.6198,120.9406,大河,C0E850,2017-01-24T04:00:00+08:00,104.0,0.0,0.0,11.5,0.94,1012.6,-99.0,0.0,-9.9,-99,-999,苗栗縣,11,三灣鄉,088
24.6198,120.9406,大河,C0E850,2017-01-24T05:00:00+08:00,104.0,312.0,0.3,11.6,0.95,1012.7,-99.0,0.0,-9.9,-99,-999,苗栗縣,11,三灣鄉,088
24.6198,120.9406,大河,C0E850,2017-01-24T06:00:00+08:00,104.0,253.0,0.4,11.8,0.94,1013.1,-99.0,0.0,-9.9,-99,-999,苗栗縣,11,三灣鄉,088
24.6198,120.9406,大河,C0E850,2017-01-24T07:00:00+08:00,104.0,290.0,0.5,11.8,0.95,1013.5,-99.0,0.0,-9.9,-99,-999,苗栗縣,11,三灣鄉,088
24.6198,120.9406,大河,C0E850,2017-01-24T08:00:00+08:00,104.0,0.0,0.2,12.6,0.93,1014.1,-99.0,0.0,-9.9,-99,-999,苗栗縣,11,三灣鄉,088
24.6198,120.9406,大河,C0E850,2017-01-24T10:00:00+08:00,104.0,27.0,1.0,16.1,0.73,1014.4,-99.0,0.0,-9.9,-99,-999,苗栗縣,11,三灣鄉,088
24.6198,120.9406,大河,C0E850,2017-01-24T11:00:00+08:00,104.0,1.0,1.2,17.7,0.69,1014.2,-99.0,0.0,-9.9,-99,-999,苗栗縣,11,三灣鄉,088
24.6198,120.9406,大河,C0E850,2017-01-24T12:00:00+08:00,104.0,36.0,1.7,18.0,0.68,1013.4,-99.0,0.0,-9.9,-99,-999,苗栗縣,11,三灣鄉,088
24.6198,120.9406,大河,C0E850,2017-01-24T13:00:00+08:00,104.0,21.0,2.5,18.2,0.67,1012.8,-99.0,0.0,-9.9,-99,-999,苗栗縣,11,三灣鄉,088
24.6198,120.9406,大河,C0E850,2017-01-24T14:00:00+08:00,104.0,16.0,2.7,17.8,0.70,1012.4,-99.0,0.0,-9.9,-99,-999,苗栗縣,11,三灣鄉,088
24.6198,120.9406,大河,C0E850,2017-01-24T15:00:00+08:00,104.0,16.0,2.8,17.6,0.71,1012.3,-99.0,0.0,-9.9,-99,-999,苗栗縣,11,三灣鄉,088
24.6198,120.9406,大河,C0E850,2017-01-24T16:00:00+08:00,104.0,29.0,2.2,16.3,0.74,1012.8,-99.0,0.0,-9.9,-99,-999,苗栗縣,11,三灣鄉,088
24.6198,120.9406,大河,C0E850,2017-01-24T17:00:00+08:00,104.0,31.0,2.1,15.1,0.79,1013.3,-99.0,0.0,-9.9,-99,-999,苗栗縣,11,三灣鄉,088
24.6198,120.9406,大河,C0E850,2017-01-24T18:00:00+08:00,104.0,26.0,1.4,14.3,0.81,1013.8,-99.0,0.0,-9.9,-99,-999,苗栗縣,11,三灣鄉,088
24.6198,120.9406,大河,C0E850,2017-01-24T19:00:00+08:00,104.0,26.0,2.0,14.0,0.82,1014.0,-99.0,0.0,-9.9,-99,-999,苗栗縣,11,三灣鄉,088
24.6198,120.9406,大河,C0E850,2017-01-24T20:00:00+08:00,104.0,77.0,0.7,13.8,0.82,1014.8,-99.0,0.0,-9.9,-99,-999,苗栗縣,11,三灣鄉,088
24.6198,120.9406,大河,C0E850,2017-01-24T21:00:00+08:00,104.0,30.0,1.4,13.7,0.82,1015.1,-99.0,0.0,-9.9,-99,-999,苗栗縣,11,三灣鄉,088
24.6198,120.9406,大河,C0E850,2017-01-24T22:00:00+08:00,104.0,22.0,0.7,13.7,0.83,1015.1,-99.0,0.0,-9.9,-99,-999,苗栗縣,11,三灣鄉,088
24.6198,120.9406,大河,C0E850,2017-01-24T23:00:00+08:00,104.0,53.0,1.4,13.9,0.84,1015.0,-99.0,0.0,-9.9,-99,-999,苗栗縣,11,三灣鄉,088
24.6198,120.9406,大河,C0E850,2017-01-25T00:00:00+08:00,104.0,37.0,1.5,13.7,0.85,1014.8,-99.0,0.0,-9.9,-99,-999,苗栗縣,11,三灣鄉,088
24.6198,120.9406,大河,C0E850,2017-01-25T01:00:00+08:00,104.0,47.0,1.2,13.6,0.85,1014.3,-99.0,0.0,-9.9,-99,-999,苗栗縣,11,三灣鄉,088
24.6198,120.9406,大河,C0E850,2017-01-25T02:00:00+08:00,104.0,54.0,1.0,13.6,0.85,1013.3,-99.0,0.0,-9.9,-99,-999,苗栗縣,11,三灣鄉,088
24.6198,120.9406,大河,C0E850,2017-01-25T03:00:00+08:00,104.0,39.0,0.7,13.4,0.87,1013.3,-99.0,0.0,-9.9,-99,-999,苗栗縣,11,三灣鄉,088
24.6198,120.9406,大河,C0E850,2017-01-25T04:00:00+08:00,104.0,0.0,0.0,12.9,0.90,1012.8,-99.0,0.0,-9.9,-99,-999,苗栗縣,11,三灣鄉,088
24.6198,120.9406,大河,C0E850,2017-01-25T05:00:00+08:00,104.0,0.0,0.2,12.3,0.95,1013.2,-99.0,0.0,-9.9,-99,-999,苗栗縣,11,三灣鄉,088
24.6198,120.9406,大河,C0E850,2017-01-25T06:00:00+08:00,104.0,0.0,0.0,12.0,0.96,1013.5,-99.0,0.0,-9.9,-99,-999,苗栗縣,11,三灣鄉,088
24.6198,120.9406,大河,C0E850,2017-01-25T07:00:00+08:00,104.0,0.0,0.0,11.9,0.97,1013.6,-99.0,0.0,-9.9,-99,-999,苗栗縣,11,三灣鄉,088
24.6198,120.9406,大河,C0E850,2017-01-25T08:00:00+08:00,104.0,0.0,0.0,12.3,0.97,1014.1,-99.0,0.0,-9.9,-99,-999,苗栗縣,11,三灣鄉,088
24.6198,120.9406,大河,C0E850,2017-01-25T09:00:00+08:00,104.0,16.0,0.5,13.7,0.91,1014.2,-99.0,0.0,-9.9,-99,-999,苗栗縣,11,三灣鄉,088
24.6198,120.9406,大河,C0E850,2017-01-25T10:00:00+08:00,104.0,169.0,0.5,15.1,0.82,1015.1,-99.0,0.0,-9.9,-99,-999,苗栗縣,11,三灣鄉,088
24.6198,120.9406,大河,C0E850,2017-01-25T11:00:00+08:00,104.0,60.0,0.9,16.5,0.78,1014.5,-99.0,0.0,-9.9,-99,-999,苗栗縣,11,三灣鄉,088
24.6198,120.9406,大河,C0E850,2017-01-25T12:00:00+08:00,104.0,28.0,1.8,17.2,0.76,1013.6,-99.0,0.0,-9.9,-99,-999,苗栗縣,11,三灣鄉,088
24.6198,120.9406,大河,C0E850,2017-01-25T13:00:00+08:00,104.0,21.0,2.2,17.6,0.76,1012.4,-99.0,0.0,-9.9,-99,-999,苗栗縣,11,三灣鄉,088
24.6198,120.9406,大河,C0E850,2017-01-25T14:00:00+08:00,104.0,30.0,2.2,17.9,0.74,1012.0,-99.0,0.0,-9.9,-99,-999,苗栗縣,11,三灣鄉,088
24.6198,120.9406,大河,C0E850,2017-01-25T15:00:00+08:00,104.0,24.0,1.9,17.1,0.76,1012.0,-99.0,0.0,-9.9,-99,-999,苗栗縣,11,三灣鄉,088
24.6198,120.9406,大河,C0E850,2017-01-25T16:00:00+08:00,104.0,36.0,2.0,15.8,0.78,1012.7,-99.0,0.0,-9.9,-99,-999,苗栗縣,11,三灣鄉,088
24.6198,120.9406,大河,C0E850,2017-01-25T17:00:00+08:00,104.0,39.0,1.7,15.2,0.81,1013.0,-99.0,0.0,-9.9,-99,-999,苗栗縣,11,三灣鄉,088
24.6198,120.9406,大河,C0E850,2017-01-25T18:00:00+08:00,104.0,32.0,2.1,15.1,0.80,1013.0,-99.0,0.0,-9.9,-99,-999,苗栗縣,11,三灣鄉,088
24.6198,120.9406,大河,C0E850,2017-01-25T19:00:00+08:00,104.0,44.0,1.9,14.9,0.79,1013.4,-99.0,0.0,-9.9,-99,-999,苗栗縣,11,三灣鄉,088
24.6198,120.9406,大河,C0E850,2017-01-25T20:00:00+08:00,104.0,40.0,2.0,14.8,0.79,1013.7,-99.0,0.0,-9.9,-99,-999,苗栗縣,11,三灣鄉,088
24.6198,120.9406,大河,C0E850,2017-01-25T21:00:00+08:00,104.0,45.0,1.9,14.5,0.78,1014.1,-99.0,0.0,-9.9,-99,-999,苗栗縣,11,三灣鄉,088
24.6198,120.9406,大河,C0E850,2017-01-25T22:00:00+08:00,104.0,27.0,1.8,14.0,0.79,1013.9,-99.0,0.0,-9.9,-99,-999,苗栗縣,11,三灣鄉,088
24.6198,120.9406,大河,C0E850,2017-01-25T23:00:00+08:00,104.0,15.0,2.2,13.7,0.81,1014.0,-99.0,0.0,-9.9,-99,-999,苗栗縣,11,三灣鄉,088
24.6198,120.9406,大河,C0E850,2017-01-26T00:00:00+08:00,104.0,29.0,1.8,13.6,0.81,1013.6,-99.0,0.0,-9.9,-99,-999,苗栗縣,11,三灣鄉,088
24.6198,120.9406,大河,C0E850,2017-01-26T01:00:00+08:00,104.0,48.0,1.5,13.6,0.81,1013.6,-99.0,0.0,-9.9,-99,-999,苗栗縣,11,三灣鄉,088
24.6198,120.9406,大河,C0E850,2017-01-26T02:00:00+08:00,104.0,45.0,1.9,13.7,0.80,1013.0,-99.0,0.0,-9.9,-99,-999,苗栗縣,11,三灣鄉,088
24.6198,120.9406,大河,C0E850,2017-01-26T03:00:00+08:00,104.0,32.0,1.6,13.5,0.79,1012.9,-99.0,0.0,-9.9,-99,-999,苗栗縣,11,三灣鄉,088
24.6198,120.9406,大河,C0E850,2017-01-26T04:00:00+08:00,104.0,31.0,2.3,13.4,0.82,1013.1,-99.0,0.0,-9.9,-99,-999,苗栗縣,11,三灣鄉,088
24.6198,120.9406,大河,C0E850,2017-01-26T05:00:00+08:00,104.0,5.0,2.2,12.8,0.82,1012.6,-99.0,0.0,-9.9,-99,-999,苗栗縣,11,三灣鄉,088
24.6198,120.9406,大河,C0E850,2017-01-26T06:00:00+08:00,104.0,45.0,1.9,13.3,0.75,1013.2,-99.0,0.0,-9.9,-99,-999,苗栗縣,11,三灣鄉,088
24.6198,120.9406,大河,C0E850,2017-01-26T07:00:00+08:00,104.0,44.0,1.0,13.2,0.75,1013.3,-99.0,0.0,-9.9,-99,-999,苗栗縣,11,三灣鄉,088
24.6198,120.9406,大河,C0E850,2017-01-26T08:00:00+08:00,104.0,44.0,2.3,14.1,0.73,1013.5,-99.0,0.0,-9.9,-99,-999,苗栗縣,11,三灣鄉,088
24.6198,120.9406,大河,C0E850,2017-01-26T10:00:00+08:00,104.0,42.0,1.6,16.8,0.63,1013.1,-99.0,0.0,-9.9,-99,-999,苗栗縣,11,三灣鄉,088
24.6198,120.9406,大河,C0E850,2017-01-26T11:00:00+08:00,104.0,29.0,2.7,17.3,0.60,1012.9,-99.0,0.0,-9.9,-99,-999,苗栗縣,11,三灣鄉,088
24.6198,120.9406,大河,C0E850,2017-01-26T12:00:00+08:00,104.0,34.0,2.7,18.2,0.59,1011.5,-99.0,0.0,-9.9,-99,-999,苗栗縣,11,三灣鄉,088
24.6198,120.9406,大河,C0E850,2017-01-26T13:00:00+08:00,104.0,41.0,2.0,19.2,0.57,1009.3,-99.0,0.0,-9.9,-99,-999,苗栗縣,11,三灣鄉,088
24.6198,120.9406,大河,C0E850,2017-01-26T14:00:00+08:00,104.0,11.0,2.9,19.3,0.56,1008.3,-99.0,0.0,-9.9,-99,-999,苗栗縣,11,三灣鄉,088
24.6198,120.9406,大河,C0E850,2017-01-26T15:00:00+08:00,104.0,33.0,2.0,20.2,0.55,1007.7,-99.0,0.0,-9.9,-99,-999,苗栗縣,11,三灣鄉,088
24.6198,120.9406,大河,C0E850,2017-01-26T16:00:00+08:00,104.0,26.0,1.7,20.4,0.55,1007.9,-99.0,0.0,-9.9,-99,-999,苗栗縣,11,三灣鄉,088
24.6198,120.9406,大河,C0E850,2017-01-26T17:00:00+08:00,104.0,16.0,1.1,19.5,0.59,1008.3,-99.0,0.0,-9.9,-99,-999,苗栗縣,11,三灣鄉,088
24.6198,120.9406,大河,C0E850,2017-01-26T18:00:00+08:00,104.0,0.0,0.0,16.9,0.71,1008.9,-99.0,0.0,-9.9,-99,-999,苗栗縣,11,三灣鄉,088
24.6198,120.9406,大河,C0E850,2017-01-26T19:00:00+08:00,104.0,0.0,0.2,14.1,0.86,1009.7,-99.0,0.0,-9.9,-99,-999,苗栗縣,11,三灣鄉,088
24.6198,120.9406,大河,C0E850,2017-01-26T20:00:00+08:00,104.0,34.0,0.4,12.5,0.92,1010.1,-99.0,0.0,-9.9,-99,-999,苗栗縣,11,三灣鄉,088
24.6198,120.9406,大河,C0E850,2017-01-26T21:00:00+08:00,104.0,0.0,0.0,11.7,0.94,1010.4,-99.0,0.0,-9.9,-99,-999,苗栗縣,11,三灣鄉,088
24.6198,120.9406,大河,C0E850,2017-01-26T22:00:00+08:00,104.0,0.0,0.0,11.4,0.95,1010.7,-99.0,0.0,-9.9,-99,-999,苗栗縣,11,三灣鄉,088
24.6198,120.9406,大河,C0E850,2017-01-26T23:00:00+08:00,104.0,0.0,0.0,10.7,0.96,1010.5,-99.0,0.0,-9.9,-99,-999,苗栗縣,11,三灣鄉,088
24.6198,120.9406,大河,C0E850,2017-01-27T00:00:00+08:00,104.0,0.0,0.0,10.2,0.96,1010.6,-99.0,0.0,-9.9,-99,-999,苗栗縣,11,三灣鄉,088
24.6198,120.9406,大河,C0E850,2017-01-27T01:00:00+08:00,104.0,0.0,0.2,10.0,0.97,1011.0,-99.0,0.0,-9.9,-99,-999,苗栗縣,11,三灣鄉,088
24.6198,120.9406,大河,C0E850,2017-01-27T02:00:00+08:00,104.0,0.0,0.0,10.1,0.97,1010.8,-99.0,0.0,-9.9,-99,-999,苗栗縣,11,三灣鄉,088
24.6198,120.9406,大河,C0E850,2017-01-27T03:00:00+08:00,104.0,0.0,0.2,10.3,0.97,1010.4,-99.0,0.0,-9.9,-99,-999,苗栗縣,11,三灣鄉,088
24.6198,120.9406,大河,C0E850,2017-01-27T04:00:00+08:00,104.0,0.0,0.0,9.6,0.97,1010.6,-99.0,0.0,-9.9,-99,-999,苗栗縣,11,三灣鄉,088
24.6198,120.9406,大河,C0E850,2017-01-27T05:00:00+08:00,104.0,50.0,0.3,10.0,0.96,1010.5,-99.0,0.0,-9.9,-99,-999,苗栗縣,11,三灣鄉,088
24.6198,120.9406,大河,C0E850,2017-01-27T06:00:00+08:00,104.0,0.0,0.0,9.1,0.97,1011.5,-99.0,0.0,-9.9,-99,-999,苗栗縣,11,三灣鄉,088
24.6198,120.9406,大河,C0E850,2017-01-27T07:00:00+08:00,104.0,0.0,0.0,9.3,0.98,1012.3,-99.0,0.0,-9.9,-99,-999,苗栗縣,11,三灣鄉,088
24.6198,120.9406,大河,C0E850,2017-01-27T08:00:00+08:00,104.0,0.0,0.0,11.3,0.94,1012.3,-99.0,0.0,-9.9,-99,-999,苗栗縣,11,三灣鄉,088
24.6198,120.9406,大河,C0E850,2017-01-27T09:00:00+08:00,104.0,352.0,0.5,14.7,0.82,1012.4,-99.0,0.0,-9.9,-99,-999,苗栗縣,11,三灣鄉,088
24.6198,120.9406,大河,C0E850,2017-01-27T10:00:00+08:00,104.0,341.0,0.3,18.1,0.67,1012.3,-99.0,0.0,-9.9,-99,-999,苗栗縣,11,三灣鄉,088
24.6198,120.9406,大河,C0E850,2017-01-27T11:00:00+08:00,104.0,346.0,0.9,20.0,0.58,1011.7,-99.0,0.0,-9.9,-99,-999,苗栗縣,11,三灣鄉,088
24.6198,120.9406,大河,C0E850,2017-01-27T12:00:00+08:00,104.0,293.0,1.1,21.3,0.53,1011.0,-99.0,0.0,-9.9,-99,-999,苗栗縣,11,三灣鄉,088
24.6198,120.9406,大河,C0E850,2017-01-27T13:00:00+08:00,104.0,313.0,2.0,20.6,0.71,1010.0,-99.0,0.0,-9.9,-99,-999,苗栗縣,11,三灣鄉,088
24.6198,120.9406,大河,C0E850,2017-01-27T14:00:00+08:00,104.0,20.0,1.7,20.6,0.68,1009.1,-99.0,0.0,-9.9,-99,-999,苗栗縣,11,三灣鄉,088
24.6198,120.9406,大河,C0E850,2017-01-27T15:00:00+08:00,104.0,16.0,2.7,20.4,0.67,1008.5,-99.0,0.0,-9.9,-99,-999,苗栗縣,11,三灣鄉,088
24.6198,120.9406,大河,C0E850,2017-01-27T16:00:00+08:00,104.0,15.0,2.2,19.8,0.69,1008.7,-99.0,0.0,-9.9,-99,-999,苗栗縣,11,三灣鄉,088
24.6198,120.9406,大河,C0E850,2017-01-27T17:00:00+08:00,104.0,19.0,2.4,18.4,0.76,1009.1,-99.0,0.0,-9.9,-99,-999,苗栗縣,11,三灣鄉,088
24.6198,120.9406,大河,C0E850,2017-01-27T18:00:00+08:00,104.0,33.0,1.2,17.1,0.82,1009.3,-99.0,0.0,-9.9,-99,-999,苗栗縣,11,三灣鄉,088
24.6198,120.9406,大河,C0E850,2017-01-27T19:00:00+08:00,104.0,48.0,0.9,16.6,0.85,1009.3,-99.0,0.0,-9.9,-99,-999,苗栗縣,11,三灣鄉,088
24.6198,120.9406,大河,C0E850,2017-01-27T20:00:00+08:00,104.0,77.0,0.7,14.9,0.91,1009.5,-99.0,0.0,-9.9,-99,-999,苗栗縣,11,三灣鄉,088
24.6198,120.9406,大河,C0E850,2017-01-27T21:00:00+08:00,104.0,60.0,0.3,13.7,0.94,1009.3,-99.0,0.0,-9.9,-99,-999,苗栗縣,11,三灣鄉,088
24.6198,120.9406,大河,C0E850,2017-01-27T22:00:00+08:00,104.0,95.0,0.5,12.8,0.93,1009.2,-99.0,0.0,-9.9,-99,-999,苗栗縣,11,三灣鄉,088
24.6198,120.9406,大河,C0E850,2017-01-27T23:00:00+08:00,104.0,92.0,0.3,11.7,0.95,1008.9,-99.0,0.0,-9.9,-99,-999,苗栗縣,11,三灣鄉,088
24.6198,120.9406,大河,C0E850,2017-01-28T00:00:00+08:00,104.0,0.0,0.0,10.8,0.94,1008.6,-99.0,0.0,-9.9,-99,-999,苗栗縣,11,三灣鄉,088
24.6198,120.9406,大河,C0E850,2017-01-28T01:00:00+08:00,104.0,100.0,0.7,10.6,0.95,1008.3,-99.0,0.0,-9.9,-99,-999,苗栗縣,11,三灣鄉,088
24.6198,120.9406,大河,C0E850,2017-01-28T02:00:00+08:00,104.0,0.0,0.0,9.8,0.95,1008.1,-99.0,0.0,-9.9,-99,-999,苗栗縣,11,三灣鄉,088
24.6198,120.9406,大河,C0E850,2017-01-28T03:00:00+08:00,104.0,0.0,0.0,9.7,0.94,1007.8,-99.0,0.0,-9.9,-99,-999,苗栗縣,11,三灣鄉,088
24.6198,120.9406,大河,C0E850,2017-01-28T04:00:00+08:00,104.0,74.0,0.3,9.9,0.92,1007.6,-99.0,0.0,-9.9,-99,-999,苗栗縣,11,三灣鄉,088
24.6198,120.9406,大河,C0E850,2017-01-28T05:00:00+08:00,104.0,0.0,0.0,9.9,0.92,1007.9,-99.0,0.0,-9.9,-99,-999,苗栗縣,11,三灣鄉,088
24.6198,120.9406,大河,C0E850,2017-01-28T06:00:00+08:00,104.0,0.0,0.2,10.1,0.91,1008.6,-99.0,0.0,-9.9,-99,-999,苗栗縣,11,三灣鄉,088
24.6198,120.9406,大河,C0E850,2017-01-28T07:00:00+08:00,104.0,64.0,0.3,10.7,0.90,1008.7,-99.0,0.0,-9.9,-99,-999,苗栗縣,11,三灣鄉,088
24.6198,120.9406,大河,C0E850,2017-01-28T08:00:00+08:00,104.0,55.0,0.5,12.0,0.89,1009.0,-99.0,0.0,-9.9,-99,-999,苗栗縣,11,三灣鄉,088
24.6198,120.9406,大河,C0E850,2017-01-28T09:00:00+08:00,104.0,6.0,0.3,17.0,0.77,1009.0,-99.0,0.0,-9.9,-99,-999,苗栗縣,11,三灣鄉,088
24.6198,120.9406,大河,C0E850,2017-01-28T10:00:00+08:00,104.0,31.0,2.1,19.1,0.71,1008.6,-99.0,0.0,-9.9,-99,-999,苗栗縣,11,三灣鄉,088
24.6198,120.9406,大河,C0E850,2017-01-28T11:00:00+08:00,104.0,20.0,1.9,20.6,0.67,1007.7,-99.0,0.0,-9.9,-99,-999,苗栗縣,11,三灣鄉,088
24.6198,120.9406,大河,C0E850,2017-01-28T12:00:00+08:00,104.0,12.0,1.6,22.0,0.63,1006.7,-99.0,0.0,-9.9,-99,-999,苗栗縣,11,三灣鄉,088
24.6198,120.9406,大河,C0E850,2017-01-28T13:00:00+08:00,104.0,325.0,1.4,23.6,0.56,1005.6,-99.0,0.0,-9.9,-99,-999,苗栗縣,11,三灣鄉,088
24.6198,120.9406,大河,C0E850,2017-01-28T14:00:00+08:00,104.0,311.0,1.5,24.0,0.66,1004.6,-99.0,0.0,-9.9,-99,-999,苗栗縣,11,三灣鄉,088
24.6198,120.9406,大河,C0E850,2017-01-28T15:00:00+08:00,104.0,353.0,2.4,23.5,0.67,1004.0,-99.0,0.0,-9.9,-99,-999,苗栗縣,11,三灣鄉,088
24.6198,120.9406,大河,C0E850,2017-01-28T16:00:00+08:00,104.0,345.0,1.1,23.7,0.68,1003.9,-99.0,0.0,-9.9,-99,-999,苗栗縣,11,三灣鄉,088
24.6198,120.9406,大河,C0E850,2017-01-28T17:00:00+08:00,104.0,315.0,0.7,21.9,0.73,1004.6,-99.0,0.0,-9.9,-99,-999,苗栗縣,11,三灣鄉,088
24.6198,120.9406,大河,C0E850,2017-01-28T18:00:00+08:00,104.0,306.0,0.6,19.1,0.87,1004.9,-99.0,0.0,-9.9,-99,-999,苗栗縣,11,三灣鄉,088
24.6198,120.9406,大河,C0E850,2017-01-28T19:00:00+08:00,104.0,263.0,0.8,17.3,0.94,1005.1,-99.0,0.0,-9.9,-99,-999,苗栗縣,11,三灣鄉,088
24.6198,120.9406,大河,C0E850,2017-01-28T20:00:00+08:00,104.0,0.0,0.0,16.6,0.96,1005.6,-99.0,0.0,-9.9,-99,-999,苗栗縣,11,三灣鄉,088
24.6198,120.9406,大河,C0E850,2017-01-28T21:00:00+08:00,104.0,270.0,0.5,16.6,0.97,1006.0,-99.0,0.0,-9.9,-99,-999,苗栗縣,11,三灣鄉,088
24.6198,120.9406,大河,C0E850,2017-01-28T22:00:00+08:00,104.0,0.0,0.2,17.0,0.98,1006.0,-99.0,0.0,-9.9,-99,-999,苗栗縣,11,三灣鄉,088
24.6198,120.9406,大河,C0E850,2017-01-28T23:00:00+08:00,104.0,171.0,0.4,16.9,0.98,1005.8,-99.0,0.0,-9.9,-99,-999,苗栗縣,11,三灣鄉,088
24.6198,120.9406,大河,C0E850,2017-01-29T00:00:00+08:00,104.0,100.0,0.4,16.5,0.96,1005.7,-99.0,0.0,-9.9,-99,-999,苗栗縣,11,三灣鄉,088
24.6198,120.9406,大河,C0E850,2017-01-29T01:00:00+08:00,104.0,91.0,0.3,16.1,0.96,1005.5,-99.0,0.0,-9.9,-99,-999,苗栗縣,11,三灣鄉,088
24.6198,120.9406,大河,C0E850,2017-01-29T02:00:00+08:00,104.0,85.0,0.5,15.9,0.97,1005.5,-99.0,0.0,-9.9,-99,-999,苗栗縣,11,三灣鄉,088
24.6198,120.9406,大河,C0E850,2017-01-29T03:00:00+08:00,104.0,46.0,0.5,15.4,0.97,1005.4,-99.0,0.0,-9.9,-99,-999,苗栗縣,11,三灣鄉,088
24.6198,120.9406,大河,C0E850,2017-01-29T04:00:00+08:00,104.0,23.0,0.3,15.4,0.93,1005.1,-99.0,0.0,-9.9,-99,-999,苗栗縣,11,三灣鄉,088
24.6198,120.9406,大河,C0E850,2017-01-29T05:00:00+08:00,104.0,96.0,0.5,15.5,0.94,1005.5,-99.0,0.0,-9.9,-99,-999,苗栗縣,11,三灣鄉,088
24.6198,120.9406,大河,C0E850,2017-01-29T06:00:00+08:00,104.0,79.0,0.7,15.7,0.93,1005.9,-99.0,0.0,-9.9,-99,-999,苗栗縣,11,三灣鄉,088
24.6198,120.9406,大河,C0E850,2017-01-29T07:00:00+08:00,104.0,0.0,0.2,15.9,0.95,1006.3,-99.0,0.0,-9.9,-99,-999,苗栗縣,11,三灣鄉,088
24.6198,120.9406,大河,C0E850,2017-01-29T08:00:00+08:00,104.0,131.0,0.3,16.1,0.95,1007.3,-99.0,0.0,-9.9,-99,-999,苗栗縣,11,三灣鄉,088
24.6198,120.9406,大河,C0E850,2017-01-29T09:00:00+08:00,104.0,100.0,0.7,16.8,0.93,1007.7,-99.0,0.0,-9.9,-99,-999,苗栗縣,11,三灣鄉,088
24.6198,120.9406,大河,C0E850,2017-01-29T10:00:00+08:00,104.0,330.0,0.7,18.3,0.88,1007.8,-99.0,0.0,-9.9,-99,-999,苗栗縣,11,三灣鄉,088
24.6198,120.9406,大河,C0E850,2017-01-29T11:00:00+08:00,104.0,209.0,0.6,21.0,0.77,1007.3,-99.0,0.0,-9.9,-99,-999,苗栗縣,11,三灣鄉,088
24.6198,120.9406,大河,C0E850,2017-01-29T12:00:00+08:00,104.0,345.0,0.3,22.7,0.68,1006.0,-99.0,0.0,-9.9,-99,-999,苗栗縣,11,三灣鄉,088
24.6198,120.9406,大河,C0E850,2017-01-29T13:00:00+08:00,104.0,192.0,0.7,24.8,0.55,1005.1,-99.0,0.0,-9.9,-99,-999,苗栗縣,11,三灣鄉,088
24.6198,120.9406,大河,C0E850,2017-01-29T14:00:00+08:00,104.0,295.0,2.0,23.4,0.70,1004.3,-99.0,0.0,-9.9,-99,-999,苗栗縣,11,三灣鄉,088
24.6198,120.9406,大河,C0E850,2017-01-29T15:00:00+08:00,104.0,3.0,2.5,24.3,0.56,1003.9,-99.0,0.0,-9.9,-99,-999,苗栗縣,11,三灣鄉,088
24.6198,120.9406,大河,C0E850,2017-01-29T16:00:00+08:00,104.0,28.0,1.1,25.5,0.50,1003.9,-99.0,0.0,-9.9,-99,-999,苗栗縣,11,三灣鄉,088
24.6198,120.9406,大河,C0E850,2017-01-29T17:00:00+08:00,104.0,57.0,1.0,24.3,0.50,1004.1,-99.0,0.0,-9.9,-99,-999,苗栗縣,11,三灣鄉,088
24.6198,120.9406,大河,C0E850,2017-01-29T18:00:00+08:00,104.0,0.0,0.0,20.2,0.75,1004.6,-99.0,0.0,-9.9,-99,-999,苗栗縣,11,三灣鄉,088
24.6198,120.9406,大河,C0E850,2017-01-29T19:00:00+08:00,104.0,174.0,0.5,18.2,0.90,1005.7,-99.0,0.0,-9.9,-99,-999,苗栗縣,11,三灣鄉,088
24.6198,120.9406,大河,C0E850,2017-01-29T20:00:00+08:00,104.0,32.0,0.4,17.7,0.89,1006.2,-99.0,0.0,-9.9,-99,-999,苗栗縣,11,三灣鄉,088
24.6198,120.9406,大河,C0E850,2017-01-29T21:00:00+08:00,104.0,108.0,0.3,18.1,0.87,1006.4,-99.0,0.0,-9.9,-99,-999,苗栗縣,11,三灣鄉,088
24.6198,120.9406,大河,C0E850,2017-01-29T22:00:00+08:00,104.0,231.0,0.9,17.2,0.93,1006.7,-99.0,0.0,-9.9,-99,-999,苗栗縣,11,三灣鄉,088
24.6198,120.9406,大河,C0E850,2017-01-29T23:00:00+08:00,104.0,0.0,0.2,16.8,0.94,1006.2,-99.0,0.0,-9.9,-99,-999,苗栗縣,11,三灣鄉,088
24.6198,120.9406,大河,C0E850,2017-01-30T00:00:00+08:00,104.0,110.0,0.5,16.5,0.94,1006.3,-99.0,0.0,-9.9,-99,-999,苗栗縣,11,三灣鄉,088
24.6198,120.9406,大河,C0E850,2017-01-30T01:00:00+08:00,104.0,83.0,1.0,16.9,0.91,1006.2,-99.0,0.0,-9.9,-99,-999,苗栗縣,11,三灣鄉,088
24.6198,120.9406,大河,C0E850,2017-01-30T02:00:00+08:00,104.0,143.0,0.3,16.3,0.94,1005.6,-99.0,0.0,-9.9,-99,-999,苗栗縣,11,三灣鄉,088
24.6198,120.9406,大河,C0E850,2017-01-30T03:00:00+08:00,104.0,100.0,0.7,17.1,0.89,1005.3,-99.0,0.0,-9.9,-99,-999,苗栗縣,11,三灣鄉,088
24.6198,120.9406,大河,C0E850,2017-01-30T04:00:00+08:00,104.0,176.0,0.3,16.5,0.93,1005.3,-99.0,0.0,-9.9,-99,-999,苗栗縣,11,三灣鄉,088
24.6198,120.9406,大河,C0E850,2017-01-30T05:00:00+08:00,104.0,0.0,0.0,16.2,0.95,1005.6,-99.0,0.0,-9.9,-99,-999,苗栗縣,11,三灣鄉,088
24.6198,120.9406,大河,C0E850,2017-01-30T06:00:00+08:00,104.0,102.0,0.8,16.8,0.91,1005.8,-99.0,0.0,-9.9,-99,-999,苗栗縣,11,三灣鄉,088
24.6198,120.9406,大河,C0E850,2017-01-30T07:00:00+08:00,104.0,12.0,1.5,20.3,0.71,1005.9,-99.0,0.0,-9.9,-99,-999,苗栗縣,11,三灣鄉,088
24.6198,120.9406,大河,C0E850,2017-01-30T08:00:00+08:00,104.0,26.0,1.3,20.4,0.72,1006.7,-99.0,0.0,-9.9,-99,-999,苗栗縣,11,三灣鄉,088
24.6198,120.9406,大河,C0E850,2017-01-30T09:00:00+08:00,104.0,42.0,1.8,22.1,0.68,1007.2,-99.0,0.0,-9.9,-99,-999,苗栗縣,11,三灣鄉,088
24.6198,120.9406,大河,C0E850,2017-01-30T10:00:00+08:00,104.0,21.0,2.8,22.3,0.70,1007.0,-99.0,0.0,-9.9,-99,-999,苗栗縣,11,三灣鄉,088
24.6198,120.9406,大河,C0E850,2017-01-30T11:00:00+08:00,104.0,22.0,3.4,21.3,0.75,1006.6,-99.0,0.0,-9.9,-99,-999,苗栗縣,11,三灣鄉,088
24.6198,120.9406,大河,C0E850,2017-01-30T12:00:00+08:00,104.0,17.0,3.7,19.8,0.77,1006.5,-99.0,0.0,-9.9,-99,-999,苗栗縣,11,三灣鄉,088
24.6198,120.9406,大河,C0E850,2017-01-30T13:00:00+08:00,104.0,40.0,3.3,19.0,0.76,1005.9,-99.0,0.0,-9.9,-99,-999,苗栗縣,11,三灣鄉,088
24.6198,120.9406,大河,C0E850,2017-01-30T14:00:00+08:00,104.0,42.0,3.7,18.6,0.74,1005.6,-99.0,0.0,-9.9,-99,-999,苗栗縣,11,三灣鄉,088
24.6198,120.9406,大河,C0E850,2017-01-30T15:00:00+08:00,104.0,30.0,3.3,17.9,0.75,1005.6,-99.0,0.0,-9.9,-99,-999,苗栗縣,11,三灣鄉,088
24.6198,120.9406,大河,C0E850,2017-01-30T16:00:00+08:00,104.0,45.0,2.3,17.5,0.75,1006.3,-99.0,0.0,-9.9,-99,-999,苗栗縣,11,三灣鄉,088
24.6198,120.9406,大河,C0E850,2017-01-30T17:00:00+08:00,104.0,37.0,2.9,16.9,0.77,1006.9,-99.0,0.0,-9.9,-99,-999,苗栗縣,11,三灣鄉,088
24.6198,120.9406,大河,C0E850,2017-01-30T18:00:00+08:00,104.0,48.0,3.3,16.2,0.79,1007.4,-99.0,0.0,-9.9,-99,-999,苗栗縣,11,三灣鄉,088
24.6198,120.9406,大河,C0E850,2017-01-30T20:00:00+08:00,104.0,39.0,3.3,15.3,0.81,1008.4,-99.0,0.0,-9.9,-99,-999,苗栗縣,11,三灣鄉,088
24.6198,120.9406,大河,C0E850,2017-01-30T21:00:00+08:00,104.0,43.0,2.4,15.0,0.82,1008.4,-99.0,0.0,-9.9,-99,-999,苗栗縣,11,三灣鄉,088
24.6198,120.9406,大河,C0E850,2017-01-30T22:00:00+08:00,104.0,28.0,1.0,14.9,0.82,1008.5,-99.0,0.0,-9.9,-99,-999,苗栗縣,11,三灣鄉,088
24.6198,120.9406,大河,C0E850,2017-01-30T23:00:00+08:00,104.0,38.0,2.6,14.8,0.82,1008.4,-99.0,0.0,-9.9,-99,-999,苗栗縣,11,三灣鄉,088
24.6198,120.9406,大河,C0E850,2017-01-31T00:00:00+08:00,104.0,32.0,2.5,14.5,0.83,1008.2,-99.0,0.0,-9.9,-99,-999,苗栗縣,11,三灣鄉,088
24.6198,120.9406,大河,C0E850,2017-01-31T01:00:00+08:00,104.0,43.0,2.2,14.5,0.82,1007.7,-99.0,0.0,-9.9,-99,-999,苗栗縣,11,三灣鄉,088
24.6198,120.9406,大河,C0E850,2017-01-31T02:00:00+08:00,104.0,36.0,2.1,14.2,0.83,1007.1,-99.0,0.0,-9.9,-99,-999,苗栗縣,11,三灣鄉,088
24.6198,120.9406,大河,C0E850,2017-01-31T03:00:00+08:00,104.0,39.0,1.2,14.0,0.84,1006.9,-99.0,0.0,-9.9,-99,-999,苗栗縣,11,三灣鄉,088
24.6198,120.9406,大河,C0E850,2017-01-31T04:00:00+08:00,104.0,43.0,1.1,14.1,0.84,1006.8,-99.0,0.0,-9.9,-99,-999,苗栗縣,11,三灣鄉,088
24.6198,120.9406,大河,C0E850,2017-01-31T05:00:00+08:00,104.0,31.0,0.7,14.2,0.84,1007.1,-99.0,0.0,-9.9,-99,-999,苗栗縣,11,三灣鄉,088
24.6198,120.9406,大河,C0E850,2017-01-31T06:00:00+08:00,104.0,34.0,0.5,14.3,0.84,1007.7,-99.0,0.0,-9.9,-99,-999,苗栗縣,11,三灣鄉,088
24.6198,120.9406,大河,C0E850,2017-01-31T07:00:00+08:00,104.0,44.0,1.5,14.7,0.82,1008.0,-99.0,0.0,-9.9,-99,-999,苗栗縣,11,三灣鄉,088
