24.2482,120.8249,東勢,C0F850,2017-01-01T00:00:00+08:00,379.0,120.0,0.8,15.7,0.95,977.0,-99.0,0.0,-9.9,-99,-999,臺中市,02,東勢區,113
24.2482,120.8249,東勢,C0F850,2017-01-10T10:00:00+08:00,379.0,286.0,0.7,18.9,0.65,975.6,-99.0,0.0,-9.9,-99,-999,臺中市,02,東勢區,113
24.2482,120.8249,東勢,C0F850,2017-01-10T11:00:00+08:00,379.0,300.0,1.6,20.5,0.63,974.9,-99.0,0.0,-9.9,-99,-999,臺中市,02,東勢區,113
24.2482,120.8249,東勢,C0F850,2017-01-10T12:00:00+08:00,379.0,301.0,1.8,21.8,0.58,974.0,-99.0,0.0,-9.9,-99,-999,臺中市,02,東勢區,113
24.2482,120.8249,東勢,C0F850,2017-01-10T13:00:00+08:00,379.0,328.0,1.1,22.7,0.54,973.2,-99.0,0.0,-9.9,-99,-999,臺中市,02,東勢區,113
24.2482,120.8249,東勢,C0F850,2017-01-10T14:00:00+08:00,379.0,304.0,1.5,23.3,0.51,972.3,-99.0,0.0,-9.9,-99,-999,臺中市,02,東勢區,113
24.2482,120.8249,東勢,C0F850,2017-01-10T15:00:00+08:00,379.0,16.0,1.0,24.1,0.45,972.1,-99.0,0.0,-9.9,-99,-999,臺中市,02,東勢區,113
24.2482,120.8249,東勢,C0F850,2017-01-10T16:00:00+08:00,379.0,341.0,0.8,24.2,0.37,972.6,-99.0,0.0,-9.9,-99,-999,臺中市,02,東勢區,113
24.2482,120.8249,東勢,C0F850,2017-01-10T17:00:00+08:00,379.0,335.0,0.5,23.1,0.39,972.7,-99.0,0.0,-9.9,-99,-999,臺中市,02,東勢區,113
24.2482,120.8249,東勢,C0F850,2017-01-10T18:00:00+08:00,379.0,0.0,0.0,19.5,0.57,972.9,-99.0,0.0,-9.9,-99,-999,臺中市,02,東勢區,113
24.2482,120.8249,東勢,C0F850,2017-01-10T19:00:00+08:00,379.0,102.0,0.8,17.3,0.68,973.6,-99.0,0.0,-9.9,-99,-999,臺中市,02,東勢區,113
24.2482,120.8249,東勢,C0F850,2017-01-10T20:00:00+08:00,379.0,84.0,0.4,16.0,0.74,974.3,-99.0,0.0,-9.9,-99,-999,臺中市,02,東勢區,113
24.2482,120.8249,東勢,C0F850,2017-01-10T21:00:00+08:00,379.0,87.0,0.4,15.2,0.79,974.8,-99.0,0.0,-9.9,-99,-999,臺中市,02,東勢區,113
24.2482,120.8249,東勢,C0F850,2017-01-10T22:00:00+08:00,379.0,98.0,0.4,14.4,0.83,975.6,-99.0,0.0,-9.9,-99,-999,臺中市,02,東勢區,113
24.2482,120.8249,東勢,C0F850,2017-01-10T23:00:00+08:00,379.0,119.0,0.4,14.7,0.82,975.2,-99.0,0.0,-9.9,-99,-999,臺中市,02,東勢區,113
24.2482,120.8249,東勢,C0F850,2017-01-11T00:00:00+08:00,379.0,111.0,0.3,14.1,0.84,975.3,-99.0,0.0,-9.9,-99,-999,臺中市,02,東勢區,113
24.2482,120.8249,東勢,C0F850,2017-01-11T01:00:00+08:00,379.0,0.0,0.0,14.6,0.83,974.5,-99.0,0.0,-9.9,-99,-999,臺中市,02,東勢區,113
24.2482,120.8249,東勢,C0F850,2017-01-11T02:00:00+08:00,379.0,0.0,0.2,14.7,0.83,974.3,-99.0,0.0,-9.9,-99,-999,臺中市,02,東勢區,113
24.2482,120.8249,東勢,C0F850,2017-01-11T03:00:00+08:00,379.0,0.0,0.1,14.4,0.84,974.1,-99.0,0.0,-9.9,-99,-999,臺中市,02,東勢區,113
24.2482,120.8249,東勢,C0F850,2017-01-11T04:00:00+08:00,379.0,0.0,0.1,14.3,0.83,973.9,-99.0,0.0,-9.9,-99,-999,臺中市,02,東勢區,113
24.2482,120.8249,東勢,C0F850,2017-01-11T05:00:00+08:00,379.0,88.0,0.4,13.6,0.85,973.9,-99.0,0.0,-9.9,-99,-999,臺中市,02,東勢區,113
24.2482,120.8249,東勢,C0F850,2017-01-11T06:00:00+08:00,379.0,121.0,0.7,13.0,0.87,974.5,-99.0,0.0,-9.9,-99,-999,臺中市,02,東勢區,113
24.2482,120.8249,東勢,C0F850,2017-01-11T07:00:00+08:00,379.0,298.0,0.3,13.0,0.85,975.0,-99.0,0.0,-9.9,-99,-999,臺中市,02,東勢區,113
24.2482,120.8249,東勢,C0F850,2017-01-11T08:00:00+08:00,379.0,216.0,1.0,15.2,0.75,975.4,-99.0,0.0,-9.9,-99,-999,臺中市,02,東勢區,113
24.2482,120.8249,東勢,C0F850,2017-01-11T10:00:00+08:00,379.0,0.0,0.2,22.4,0.43,975.0,-99.0,0.0,-9.9,-99,-999,臺中市,02,東勢區,113
24.2482,120.8249,東勢,C0F850,2017-01-11T11:00:00+08:00,379.0,306.0,1.6,22.4,0.43,974.6,-99.0,0.0,-9.9,-99,-999,臺中市,02,東勢區,113
24.2482,120.8249,東勢,C0F850,2017-01-11T12:00:00+08:00,379.0,283.0,1.0,23.2,0.44,973.2,-99.0,0.0,-9.9,-99,-999,臺中市,02,東勢區,113
24.2482,120.8249,東勢,C0F850,2017-01-11T13:00:00+08:00,379.0,307.0,2.8,24.4,0.44,971.8,-99.0,0.0,-9.9,-99,-999,臺中市,02,東勢區,113
24.2482,120.8249,東勢,C0F850,2017-01-11T14:00:00+08:00,379.0,304.0,2.7,24.0,0.48,971.2,-99.0,0.0,-9.9,-99,-999,臺中市,02,東勢區,113
24.2482,120.8249,東勢,C0F850,2017-01-11T15:00:00+08:00,379.0,302.0,1.7,23.5,0.54,970.5,-99.0,0.0,-9.9,-99,-999,臺中市,02,東勢區,113
24.2482,120.8249,東勢,C0F850,2017-01-11T16:00:00+08:00,379.0,296.0,2.1,22.8,0.61,970.9,-99.0,0.0,-9.9,-99,-999,臺中市,02,東勢區,113
24.2482,120.8249,東勢,C0F850,2017-01-11T17:00:00+08:00,379.0,304.0,1.9,21.5,0.64,971.0,-99.0,0.0,-9.9,-99,-999,臺中市,02,東勢區,113
24.2482,120.8249,東勢,C0F850,2017-01-11T18:00:00+08:00,379.0,341.0,0.6,20.6,0.73,971.7,-99.0,0.0,-9.9,-99,-999,臺中市,02,東勢區,113
24.2482,120.8249,東勢,C0F850,2017-01-11T19:00:00+08:00,379.0,0.0,0.0,18.9,0.81,972.7,-99.0,0.0,-9.9,-99,-999,臺中市,02,東勢區,113
24.2482,120.8249,東勢,C0F850,2017-01-11T20:00:00+08:00,379.0,0.0,0.2,17.8,0.85,973.3,-99.0,0.0,-9.9,-99,-999,臺中市,02,東勢區,113
24.2482,120.8249,東勢,C0F850,2017-01-11T21:00:00+08:00,379.0,0.0,0.1,18.2,0.84,973.6,-99.0,0.0,-9.9,-99,-999,臺中市,02,東勢區,113
24.2482,120.8249,東勢,C0F850,2017-01-11T22:00:00+08:00,379.0,0.0,0.2,17.6,0.88,974.2,-99.0,0.0,-9.9,-99,-999,臺中市,02,東勢區,113
24.2482,120.8249,東勢,C0F850,2017-01-11T23:00:00+08:00,379.0,211.0,0.4,17.2,0.90,974.1,-99.0,0.0,-9.9,-99,-999,臺中市,02,東勢區,113
24.2482,120.8249,東勢,C0F850,2017-01-12T00:00:00+08:00,379.0,104.0,0.4,17.2,0.90,973.6,-99.0,0.0,-9.9,-99,-999,臺中市,02,東勢區,113
24.2482,120.8249,東勢,C0F850,2017-01-12T01:00:00+08:00,379.0,96.0,0.3,16.9,0.91,973.3,-99.0,0.0,-9.9,-99,-999,臺中市,02,東勢區,113
24.2482,120.8249,東勢,C0F850,2017-01-12T02:00:00+08:00,379.0,0.0,0.2,16.8,0.92,973.0,-99.0,0.0,-9.9,-99,-999,臺中市,02,東勢區,113
24.2482,120.8249,東勢,C0F850,2017-01-12T03:00:00+08:00,379.0,217.0,1.1,16.8,0.93,972.2,-99.0,0.0,-9.9,-99,-999,臺中市,02,東勢區,113
24.2482,120.8249,東勢,C0F850,2017-01-12T04:00:00+08:00,379.0,0.0,0.1,17.0,0.92,972.7,-99.0,0.0,-9.9,-99,-999,臺中市,02,東勢區,113
24.2482,120.8249,東勢,C0F850,2017-01-12T05:00:00+08:00,379.0,0.0,0.1,16.9,0.92,972.3,-99.0,0.0,-9.9,-99,-999,臺中市,02,東勢區,113
24.2482,120.8249,東勢,C0F850,2017-01-12T06:00:00+08:00,379.0,5.0,0.4,16.8,0.92,972.9,-99.0,0.0,-9.9,-99,-999,臺中市,02,東勢區,113
24.2482,120.8249,東勢,C0F850,2017-01-12T07:00:00+08:00,379.0,157.0,0.4,16.8,0.92,972.8,-99.0,0.0,-9.9,-99,-999,臺中市,02,東勢區,113
24.2482,120.8249,東勢,C0F850,2017-01-12T08:00:00+08:00,379.0,173.0,0.8,17.1,0.92,972.5,-99.0,0.0,-9.9,-99,-999,臺中市,02,東勢區,113
24.2482,120.8249,東勢,C0F850,2017-01-12T09:00:00+08:00,379.0,0.0,0.1,20.2,0.73,971.9,-99.0,0.0,-9.9,-99,-999,臺中市,02,東勢區,113
24.2482,120.8249,東勢,C0F850,2017-01-12T10:00:00+08:00,379.0,316.0,1.1,20.9,0.72,972.7,-99.0,0.0,-9.9,-99,-999,臺中市,02,東勢區,113
24.2482,120.8249,東勢,C0F850,2017-01-12T11:00:00+08:00,379.0,321.0,1.5,21.6,0.66,971.6,-99.0,0.0,-9.9,-99,-999,臺中市,02,東勢區,113
24.2482,120.8249,東勢,C0F850,2017-01-12T13:00:00+08:00,379.0,300.0,1.9,23.0,0.61,969.7,-99.0,0.0,-9.9,-99,-999,臺中市,02,東勢區,113
24.2482,120.8249,東勢,C0F850,2017-01-12T14:00:00+08:00,379.0,305.0,1.8,22.2,0.69,968.8,-99.0,0.0,-9.9,-99,-999,臺中市,02,東勢區,113
24.2482,120.8249,東勢,C0F850,2017-01-12T15:00:00+08:00,379.0,302.0,2.3,21.8,0.73,968.8,-99.0,0.0,-9.9,-99,-999,臺中市,02,東勢區,113
24.2482,120.8249,東勢,C0F850,2017-01-12T16:00:00+08:00,379.0,306.0,1.8,21.1,0.76,969.1,-99.0,0.0,-9.9,-99,-999,臺中市,02,東勢區,113
24.2482,120.8249,東勢,C0F850,2017-01-12T17:00:00+08:00,379.0,14.0,1.6,19.9,0.81,969.5,-99.0,0.0,-9.9,-99,-999,臺中市,02,東勢區,113
24.2482,120.8249,東勢,C0F850,2017-01-12T18:00:00+08:00,379.0,61.0,0.5,19.0,0.86,969.7,-99.0,0.0,-9.9,-99,-999,臺中市,02,東勢區,113
24.2482,120.8249,東勢,C0F850,2017-01-12T19:00:00+08:00,379.0,4.0,0.7,18.8,0.87,970.3,-99.0,0.0,-9.9,-99,-999,臺中市,02,東勢區,113
24.2482,120.8249,東勢,C0F850,2017-01-12T21:00:00+08:00,379.0,22.0,0.6,18.2,0.90,971.1,-99.0,0.0,-9.9,-99,-999,臺中市,02,東勢區,113
24.2482,120.8249,東勢,C0F850,2017-01-12T22:00:00+08:00,379.0,0.0,0.1,18.3,0.89,970.7,-99.0,0.0,-9.9,-99,-999,臺中市,02,東勢區,113
24.2482,120.8249,東勢,C0F850,2017-01-12T23:00:00+08:00,379.0,163.0,0.3,18.4,0.90,970.7,-99.0,0.0,-9.9,-99,-999,臺中市,02,東勢區,113
24.2482,120.8249,東勢,C0F850,2017-01-13T00:00:00+08:00,379.0,158.0,0.5,18.3,0.91,970.7,-99.0,0.0,-9.9,-99,-999,臺中市,02,東勢區,113
24.2482,120.8249,東勢,C0F850,2017-01-13T01:00:00+08:00,379.0,303.0,1.2,18.2,0.91,970.7,-99.0,0.0,-9.9,-99,-999,臺中市,02,東勢區,113
24.2482,120.8249,東勢,C0F850,2017-01-13T02:00:00+08:00,379.0,0.0,0.1,18.1,0.91,970.7,-99.0,0.0,-9.9,-99,-999,臺中市,02,東勢區,113
24.2482,120.8249,東勢,C0F850,2017-01-13T03:00:00+08:00,379.0,10.0,0.4,17.6,0.94,970.2,-99.0,0.0,-9.9,-99,-999,臺中市,02,東勢區,113
24.2482,120.8249,東勢,C0F850,2017-01-13T04:00:00+08:00,379.0,14.0,0.4,17.4,0.94,970.1,-99.0,0.0,-9.9,-99,-999,臺中市,02,東勢區,113
24.2482,120.8249,東勢,C0F850,2017-01-13T05:00:00+08:00,379.0,3.0,1.3,16.8,0.95,969.7,-99.0,0.0,-9.9,-99,-999,臺中市,02,東勢區,113
24.2482,120.8249,東勢,C0F850,2017-01-13T06:00:00+08:00,379.0,34.0,0.3,17.1,0.92,970.0,-99.0,0.0,-9.9,-99,-999,臺中市,02,東勢區,113
24.2482,120.8249,東勢,C0F850,2017-01-13T07:00:00+08:00,379.0,5.0,1.2,16.7,0.93,970.1,-99.0,0.0,-9.9,-99,-999,臺中市,02,東勢區,113
24.2482,120.8249,東勢,C0F850,2017-01-13T08:00:00+08:00,379.0,7.0,0.9,16.9,0.87,971.2,-99.0,0.0,-9.9,-99,-999,臺中市,02,東勢區,113
24.2482,120.8249,東勢,C0F850,2017-01-13T09:00:00+08:00,379.0,13.0,1.2,17.0,0.85,971.6,-99.0,0.0,-9.9,-99,-999,臺中市,02,東勢區,113
24.2482,120.8249,東勢,C0F850,2017-01-13T10:00:00+08:00,379.0,3.0,1.3,17.0,0.85,971.7,-99.0,0.0,-9.9,-99,-999,臺中市,02,東勢區,113
24.2482,120.8249,東勢,C0F850,2017-01-13T11:00:00+08:00,379.0,7.0,1.6,16.9,0.83,971.1,-99.0,0.0,-9.9,-99,-999,臺中市,02,東勢區,113
24.2482,120.8249,東勢,C0F850,2017-01-13T12:00:00+08:00,379.0,36.0,0.3,18.4,0.77,970.2,-99.0,0.0,-9.9,-99,-999,臺中市,02,東勢區,113
24.2482,120.8249,東勢,C0F850,2017-01-13T13:00:00+08:00,379.0,345.0,0.7,18.0,0.78,969.5,-99.0,0.0,-9.9,-99,-999,臺中市,02,東勢區,113
24.2482,120.8249,東勢,C0F850,2017-01-13T14:00:00+08:00,379.0,15.0,1.0,17.0,0.81,969.2,-99.0,0.0,-9.9,-99,-999,臺中市,02,東勢區,113
24.2482,120.8249,東勢,C0F850,2017-01-13T15:00:00+08:00,379.0,349.0,0.7,17.1,0.82,969.5,-99.0,0.0,-9.9,-99,-999,臺中市,02,東勢區,113
24.2482,120.8249,東勢,C0F850,2017-01-13T16:00:00+08:00,379.0,12.0,0.5,16.0,0.87,970.0,-99.0,0.0,-9.9,-99,-999,臺中市,02,東勢區,113
24.2482,120.8249,東勢,C0F850,2017-01-13T17:00:00+08:00,379.0,332.0,0.6,15.7,0.91,969.6,-99.0,0.0,-9.9,-99,-999,臺中市,02,東勢區,113
24.2482,120.8249,東勢,C0F850,2017-01-13T19:00:00+08:00,379.0,11.0,0.3,14.8,0.90,970.7,-99.0,0.0,-9.9,-99,-999,臺中市,02,東勢區,113
24.2482,120.8249,東勢,C0F850,2017-01-13T20:00:00+08:00,379.0,22.0,0.3,14.5,0.90,970.7,-99.0,0.0,-9.9,-99,-999,臺中市,02,東勢區,113
24.2482,120.8249,東勢,C0F850,2017-01-13T21:00:00+08:00,379.0,66.0,0.3,14.6,0.91,971.5,-99.0,0.0,-9.9,-99,-999,臺中市,02,東勢區,113
24.2482,120.8249,東勢,C0F850,2017-01-13T22:00:00+08:00,379.0,0.0,0.1,14.8,0.94,971.8,-99.0,0.0,-9.9,-99,-999,臺中市,02,東勢區,113
24.2482,120.8249,東勢,C0F850,2017-01-13T23:00:00+08:00,379.0,302.0,1.3,14.7,0.95,971.7,-99.0,0.0,-9.9,-99,-999,臺中市,02,東勢區,113
24.2482,120.8249,東勢,C0F850,2017-01-14T00:00:00+08:00,379.0,12.0,0.6,14.3,0.95,971.5,-99.0,0.0,-9.9,-99,-999,臺中市,02,東勢區,113
24.2482,120.8249,東勢,C0F850,2017-01-14T01:00:00+08:00,379.0,6.0,1.3,13.4,0.96,971.3,-99.0,0.5,-9.9,-99,-999,臺中市,02,東勢區,113
24.2482,120.8249,東勢,C0F850,2017-01-14T02:00:00+08:00,379.0,12.0,0.4,13.6,0.96,971.1,-99.0,0.5,-9.9,-99,-999,臺中市,02,東勢區,113
24.2482,120.8249,東勢,C0F850,2017-01-14T03:00:00+08:00,379.0,13.0,1.2,13.0,0.96,971.3,-99.0,1.0,-9.9,-99,-999,臺中市,02,東勢區,113
24.2482,120.8249,東勢,C0F850,2017-01-14T04:00:00+08:00,379.0,0.0,0.1,12.9,0.96,971.4,-99.0,1.0,-9.9,-99,-999,臺中市,02,東勢區,113
24.2482,120.8249,東勢,C0F850,2017-01-14T05:00:00+08:00,379.0,14.0,1.1,12.3,0.96,971.6,-99.0,2.0,-9.9,-99,-999,臺中市,02,東勢區,113
24.2482,120.8249,東勢,C0F850,2017-01-14T06:00:00+08:00,379.0,25.0,0.7,12.2,0.96,971.8,-99.0,2.0,-9.9,-99,-999,臺中市,02,東勢區,113
24.2482,120.8249,東勢,C0F850,2017-01-14T07:00:00+08:00,379.0,24.0,1.0,11.5,0.95,972.5,-99.0,2.5,-9.9,-99,-999,臺中市,02,東勢區,113
24.2482,120.8249,東勢,C0F850,2017-01-14T08:00:00+08:00,379.0,9.0,0.9,11.5,0.95,973.3,-99.0,3.0,-9.9,-99,-999,臺中市,02,東勢區,113
24.2482,120.8249,東勢,C0F850,2017-01-14T10:00:00+08:00,379.0,0.0,0.2,12.1,0.96,973.9,-99.0,5.5,-9.9,-99,-999,臺中市,02,東勢區,113
24.2482,120.8249,東勢,C0F850,2017-01-14T11:00:00+08:00,379.0,128.0,0.3,13.4,0.93,973.3,-99.0,5.5,-9.9,-99,-999,臺中市,02,東勢區,113
24.2482,120.8249,東勢,C0F850,2017-01-14T12:00:00+08:00,379.0,0.0,0.2,13.7,0.92,972.9,-99.0,5.5,-9.9,-99,-999,臺中市,02,東勢區,113
24.2482,120.8249,東勢,C0F850,2017-01-14T13:00:00+08:00,379.0,87.0,0.7,14.3,0.89,972.3,-99.0,5.5,-9.9,-99,-999,臺中市,02,東勢區,113
24.2482,120.8249,東勢,C0F850,2017-01-14T14:00:00+08:00,379.0,51.0,0.6,15.7,0.83,971.3,-99.0,5.5,-9.9,-99,-999,臺中市,02,東勢區,113
24.2482,120.8249,東勢,C0F850,2017-01-14T15:00:00+08:00,379.0,297.0,1.2,17.1,0.79,971.2,-99.0,5.5,-9.9,-99,-999,臺中市,02,東勢區,113
24.2482,120.8249,東勢,C0F850,2017-01-14T16:00:00+08:00,379.0,3.0,1.7,16.0,0.84,971.3,-99.0,5.5,-9.9,-99,-999,臺中市,02,東勢區,113
24.2482,120.8249,東勢,C0F850,2017-01-14T17:00:00+08:00,379.0,3.0,1.5,14.9,0.87,971.7,-99.0,5.5,-9.9,-99,-999,臺中市,02,東勢區,113
24.2482,120.8249,東勢,C0F850,2017-01-14T18:00:00+08:00,379.0,14.0,1.0,14.4,0.89,972.2,-99.0,5.5,-9.9,-99,-999,臺中市,02,東勢區,113
24.2482,120.8249,東勢,C0F850,2017-01-14T19:00:00+08:00,379.0,8.0,0.5,13.9,0.89,973.3,-99.0,5.5,-9.9,-99,-999,臺中市,02,東勢區,113
24.2482,120.8249,東勢,C0F850,2017-01-14T20:00:00+08:00,379.0,0.0,0.1,14.0,0.88,973.7,-99.0,5.5,-9.9,-99,-999,臺中市,02,東勢區,113
24.2482,120.8249,東勢,C0F850,2017-01-14T21:00:00+08:00,379.0,7.0,0.9,13.0,0.92,974.4,-99.0,5.5,-9.9,-99,-999,臺中市,02,東勢區,113
24.2482,120.8249,東勢,C0F850,2017-01-14T22:00:00+08:00,379.0,7.0,0.3,12.7,0.95,974.4,-99.0,5.5,-9.9,-99,-999,臺中市,02,東勢區,113
24.2482,120.8249,東勢,C0F850,2017-01-14T23:00:00+08:00,379.0,11.0,0.9,12.6,0.93,974.8,-99.0,5.5,-9.9,-99,-999,臺中市,02,東勢區,113
24.2482,120.8249,東勢,C0F850,2017-01-15T00:00:00+08:00,379.0,287.0,0.3,12.8,0.93,975.1,-99.0,5.5,-9.9,-99,-999,臺中市,02,東勢區,113
24.2482,120.8249,東勢,C0F850,2017-01-15T01:00:00+08:00,379.0,173.0,0.5,12.9,0.94,975.1,-99.0,0.0,-9.9,-99,-999,臺中市,02,東勢區,113
24.2482,120.8249,東勢,C0F850,2017-01-15T02:00:00+08:00,379.0,181.0,0.3,13.5,0.95,974.8,-99.0,0.0,-9.9,-99,-999,臺中市,02,東勢區,113
24.2482,120.8249,東勢,C0F850,2017-01-15T03:00:00+08:00,379.0,301.0,1.3,14.0,0.94,974.5,-99.0,0.0,-9.9,-99,-999,臺中市,02,東勢區,113
24.2482,120.8249,東勢,C0F850,2017-01-15T04:00:00+08:00,379.0,303.0,1.4,13.1,0.96,973.9,-99.0,0.0,-9.9,-99,-999,臺中市,02,東勢區,113
24.2482,120.8249,東勢,C0F850,2017-01-15T05:00:00+08:00,379.0,0.0,0.1,13.6,0.95,973.5,-99.0,0.0,-9.9,-99,-999,臺中市,02,東勢區,113
24.2482,120.8249,東勢,C0F850,2017-01-15T06:00:00+08:00,379.0,14.0,0.8,13.7,0.93,974.6,-99.0,0.0,-9.9,-99,-999,臺中市,02,東勢區,113
24.2482,120.8249,東勢,C0F850,2017-01-15T07:00:00+08:00,379.0,304.0,2.0,13.5,0.92,974.5,-99.0,0.0,-9.9,-99,-999,臺中市,02,東勢區,113
24.2482,120.8249,東勢,C0F850,2017-01-15T08:00:00+08:00,379.0,230.0,0.4,13.1,0.95,975.7,-99.0,0.0,-9.9,-99,-999,臺中市,02,東勢區,113
24.2482,120.8249,東勢,C0F850,2017-01-15T09:00:00+08:00,379.0,0.0,0.2,13.5,0.96,975.8,-99.0,0.0,-9.9,-99,-999,臺中市,02,東勢區,113
24.2482,120.8249,東勢,C0F850,2017-01-15T11:00:00+08:00,379.0,304.0,1.8,13.3,0.95,975.8,-99.0,0.5,-9.9,-99,-999,臺中市,02,東勢區,113
24.2482,120.8249,東勢,C0F850,2017-01-15T12:00:00+08:00,379.0,77.0,0.4,14.0,0.92,975.1,-99.0,0.5,-9.9,-99,-999,臺中市,02,東勢區,113
24.2482,120.8249,東勢,C0F850,2017-01-15T13:00:00+08:00,379.0,336.0,0.5,15.2,0.87,974.1,-99.0,0.5,-9.9,-99,-999,臺中市,02,東勢區,113
24.2482,120.8249,東勢,C0F850,2017-01-15T14:00:00+08:00,379.0,1.0,1.0,14.8,0.87,973.8,-99.0,0.5,-9.9,-99,-999,臺中市,02,東勢區,113
24.2482,120.8249,東勢,C0F850,2017-01-15T15:00:00+08:00,379.0,13.0,0.8,14.8,0.87,973.7,-99.0,0.5,-9.9,-99,-999,臺中市,02,東勢區,113
24.2482,120.8249,東勢,C0F850,2017-01-15T16:00:00+08:00,379.0,7.0,1.0,14.4,0.88,973.9,-99.0,0.5,-9.9,-99,-999,臺中市,02,東勢區,113
24.2482,120.8249,東勢,C0F850,2017-01-15T17:00:00+08:00,379.0,3.0,1.1,13.8,0.87,973.8,-99.0,0.5,-9.9,-99,-999,臺中市,02,東勢區,113
24.2482,120.8249,東勢,C0F850,2017-01-15T18:00:00+08:00,379.0,16.0,0.7,13.5,0.91,974.3,-99.0,0.5,-9.9,-99,-999,臺中市,02,東勢區,113
24.2482,120.8249,東勢,C0F850,2017-01-15T19:00:00+08:00,379.0,0.0,0.0,13.7,0.90,974.8,-99.0,0.5,-9.9,-99,-999,臺中市,02,東勢區,113
24.2482,120.8249,東勢,C0F850,2017-01-15T20:00:00+08:00,379.0,359.0,0.9,13.5,0.90,975.1,-99.0,0.5,-9.9,-99,-999,臺中市,02,東勢區,113
24.2482,120.8249,東勢,C0F850,2017-01-15T21:00:00+08:00,379.0,0.0,0.1,13.5,0.91,975.5,-99.0,0.5,-9.9,-99,-999,臺中市,02,東勢區,113
24.2482,120.8249,東勢,C0F850,2017-01-15T22:00:00+08:00,379.0,4.0,0.6,13.4,0.91,975.6,-99.0,0.5,-9.9,-99,-999,臺中市,02,東勢區,113
24.2482,120.8249,東勢,C0F850,2017-01-15T23:00:00+08:00,379.0,306.0,1.3,13.3,0.92,975.4,-99.0,0.5,-9.9,-99,-999,臺中市,02,東勢區,113
24.2482,120.8249,東勢,C0F850,2017-01-16T00:00:00+08:00,379.0,306.0,1.5,13.4,0.93,975.5,-99.0,0.5,-9.9,-99,-999,臺中市,02,東勢區,113
24.2482,120.8249,東勢,C0F850,2017-01-16T01:00:00+08:00,379.0,117.0,1.4,12.4,0.97,975.9,-99.0,1.0,-9.9,-99,-999,臺中市,02,東勢區,113
24.2482,120.8249,東勢,C0F850,2017-01-16T02:00:00+08:00,379.0,308.0,0.5,12.6,0.98,975.4,-99.0,1.0,-9.9,-99,-999,臺中市,02,東勢區,113
24.2482,120.8249,東勢,C0F850,2017-01-16T03:00:00+08:00,379.0,102.0,0.3,12.7,0.97,975.2,-99.0,1.5,-9.9,-99,-999,臺中市,02,東勢區,113
24.2482,120.8249,東勢,C0F850,2017-01-16T04:00:00+08:00,379.0,306.0,1.5,12.8,0.98,975.1,-99.0,1.5,-9.9,-99,-999,臺中市,02,東勢區,113
24.2482,120.8249,東勢,C0F850,2017-01-16T05:00:00+08:00,379.0,352.0,0.7,12.6,0.96,975.4,-99.0,1.5,-9.9,-99,-999,臺中市,02,東勢區,113
24.2482,120.8249,東勢,C0F850,2017-01-16T06:00:00+08:00,379.0,351.0,0.7,12.4,0.96,975.6,-99.0,1.5,-9.9,-99,-999,臺中市,02,東勢區,113
24.2482,120.8249,東勢,C0F850,2017-01-16T07:00:00+08:00,379.0,12.0,0.7,12.1,0.96,976.1,-99.0,1.5,-9.9,-99,-999,臺中市,02,東勢區,113
24.2482,120.8249,東勢,C0F850,2017-01-16T08:00:00+08:00,379.0,182.0,0.5,12.8,0.96,975.8,-99.0,1.5,-9.9,-99,-999,臺中市,02,東勢區,113
24.2482,120.8249,東勢,C0F850,2017-01-16T10:00:00+08:00,379.0,5.0,0.7,14.8,0.89,976.2,-99.0,1.5,-9.9,-99,-999,臺中市,02,東勢區,113
24.2482,120.8249,東勢,C0F850,2017-01-16T11:00:00+08:00,379.0,352.0,0.7,16.6,0.81,975.7,-99.0,1.5,-9.9,-99,-999,臺中市,02,東勢區,113
24.2482,120.8249,東勢,C0F850,2017-01-16T12:00:00+08:00,379.0,14.0,1.1,16.6,0.78,974.9,-99.0,1.5,-9.9,-99,-999,臺中市,02,東勢區,113
24.2482,120.8249,東勢,C0F850,2017-01-16T13:00:00+08:00,379.0,2.0,1.2,16.6,0.77,974.0,-99.0,1.5,-9.9,-99,-999,臺中市,02,東勢區,113
24.2482,120.8249,東勢,C0F850,2017-01-16T14:00:00+08:00,379.0,13.0,0.6,16.9,0.76,973.5,-99.0,1.5,-9.9,-99,-999,臺中市,02,東勢區,113
24.2482,120.8249,東勢,C0F850,2017-01-16T15:00:00+08:00,379.0,348.0,1.5,18.7,0.69,973.1,-99.0,1.5,-9.9,-99,-999,臺中市,02,東勢區,113
24.2482,120.8249,東勢,C0F850,2017-01-16T16:00:00+08:00,379.0,290.0,0.4,18.4,0.71,972.9,-99.0,1.5,-9.9,-99,-999,臺中市,02,東勢區,113
24.2482,120.8249,東勢,C0F850,2017-01-16T17:00:00+08:00,379.0,13.0,0.9,17.3,0.76,973.4,-99.0,1.5,-9.9,-99,-999,臺中市,02,東勢區,113
24.2482,120.8249,東勢,C0F850,2017-01-16T18:00:00+08:00,379.0,297.0,1.6,16.3,0.82,973.9,-99.0,1.5,-9.9,-99,-999,臺中市,02,東勢區,113
24.2482,120.8249,東勢,C0F850,2017-01-16T19:00:00+08:00,379.0,267.0,0.3,15.5,0.86,974.4,-99.0,1.5,-9.9,-99,-999,臺中市,02,東勢區,113
24.2482,120.8249,東勢,C0F850,2017-01-16T20:00:00+08:00,379.0,0.0,0.0,15.7,0.86,975.1,-99.0,1.5,-9.9,-99,-999,臺中市,02,東勢區,113
24.2482,120.8249,東勢,C0F850,2017-01-16T22:00:00+08:00,379.0,0.0,0.2,14.6,0.95,976.2,-99.0,1.5,-9.9,-99,-999,臺中市,02,東勢區,113
24.2482,120.8249,東勢,C0F850,2017-01-16T23:00:00+08:00,379.0,0.0,0.1,14.3,0.97,976.5,-99.0,1.5,-9.9,-99,-999,臺中市,02,東勢區,113
24.2482,120.8249,東勢,C0F850,2017-01-17T00:00:00+08:00,379.0,0.0,0.0,14.2,0.96,976.4,-99.0,1.5,-9.9,-99,-999,臺中市,02,東勢區,113
24.2482,120.8249,東勢,C0F850,2017-01-17T01:00:00+08:00,379.0,0.0,0.2,14.2,0.95,975.9,-99.0,0.0,-9.9,-99,-999,臺中市,02,東勢區,113
24.2482,120.8249,東勢,C0F850,2017-01-17T02:00:00+08:00,379.0,297.0,1.2,13.7,0.96,975.5,-99.0,0.0,-9.9,-99,-999,臺中市,02,東勢區,113
24.2482,120.8249,東勢,C0F850,2017-01-17T03:00:00+08:00,379.0,0.0,0.2,14.3,0.96,976.9,-99.0,0.0,-9.9,-99,-999,臺中市,02,東勢區,113
24.2482,120.8249,東勢,C0F850,2017-01-17T04:00:00+08:00,379.0,0.0,0.1,15.0,0.94,976.4,-99.0,0.0,-9.9,-99,-999,臺中市,02,東勢區,113
24.2482,120.8249,東勢,C0F850,2017-01-17T05:00:00+08:00,379.0,129.0,0.3,15.0,0.93,976.6,-99.0,0.0,-9.9,-99,-999,臺中市,02,東勢區,113
24.2482,120.8249,東勢,C0F850,2017-01-17T06:00:00+08:00,379.0,0.0,0.2,14.7,0.94,976.6,-99.0,0.0,-9.9,-99,-999,臺中市,02,東勢區,113
24.2482,120.8249,東勢,C0F850,2017-01-17T07:00:00+08:00,379.0,0.0,0.0,14.1,0.97,977.2,-99.0,0.0,-9.9,-99,-999,臺中市,02,東勢區,113
24.2482,120.8249,東勢,C0F850,2017-01-17T08:00:00+08:00,379.0,35.0,0.3,15.9,0.89,977.2,-99.0,0.0,-9.9,-99,-999,臺中市,02,東勢區,113
24.2482,120.8249,東勢,C0F850,2017-01-17T09:00:00+08:00,379.0,129.0,1.1,17.3,0.81,977.8,-99.0,0.0,-9.9,-99,-999,臺中市,02,東勢區,113
24.2482,120.8249,東勢,C0F850,2017-01-17T10:00:00+08:00,379.0,236.0,0.6,19.6,0.68,977.5,-99.0,0.0,-9.9,-99,-999,臺中市,02,東勢區,113
24.2482,120.8249,東勢,C0F850,2017-01-17T11:00:00+08:00,379.0,293.0,1.5,20.1,0.65,977.1,-99.0,0.0,-9.9,-99,-999,臺中市,02,東勢區,113
24.2482,120.8249,東勢,C0F850,2017-01-17T12:00:00+08:00,379.0,256.0,0.5,22.9,0.54,975.9,-99.0,0.0,-9.9,-99,-999,臺中市,02,東勢區,113
24.2482,120.8249,東勢,C0F850,2017-01-17T13:00:00+08:00,379.0,307.0,2.4,21.7,0.60,975.3,-99.0,0.0,-9.9,-99,-999,臺中市,02,東勢區,113
24.2482,120.8249,東勢,C0F850,2017-01-17T14:00:00+08:00,379.0,300.0,1.8,21.1,0.67,974.9,-99.0,0.0,-9.9,-99,-999,臺中市,02,東勢區,113
24.2482,120.8249,東勢,C0F850,2017-01-17T15:00:00+08:00,379.0,302.0,1.7,20.8,0.69,974.5,-99.0,0.0,-9.9,-99,-999,臺中市,02,東勢區,113
24.2482,120.8249,東勢,C0F850,2017-01-17T16:00:00+08:00,379.0,295.0,1.6,20.9,0.67,975.0,-99.0,0.0,-9.9,-99,-999,臺中市,02,東勢區,113
24.2482,120.8249,東勢,C0F850,2017-01-17T17:00:00+08:00,379.0,302.0,2.0,19.8,0.71,975.4,-99.0,0.0,-9.9,-99,-999,臺中市,02,東勢區,113
24.2482,120.8249,東勢,C0F850,2017-01-17T18:00:00+08:00,379.0,304.0,1.5,18.2,0.81,976.0,-99.0,0.0,-9.9,-99,-999,臺中市,02,東勢區,113
24.2482,120.8249,東勢,C0F850,2017-01-17T19:00:00+08:00,379.0,0.0,0.1,17.5,0.84,976.7,-99.0,0.0,-9.9,-99,-999,臺中市,02,東勢區,113
24.2482,120.8249,東勢,C0F850,2017-01-17T20:00:00+08:00,379.0,0.0,0.1,16.4,0.91,977.1,-99.0,0.0,-9.9,-99,-999,臺中市,02,東勢區,113
24.2482,120.8249,東勢,C0F850,2017-01-17T21:00:00+08:00,379.0,0.0,0.0,16.2,0.92,977.8,-99.0,0.0,-9.9,-99,-999,臺中市,02,東勢區,113
24.2482,120.8249,東勢,C0F850,2017-01-17T22:00:00+08:00,379.0,0.0,0.0,16.2,0.93,978.2,-99.0,0.0,-9.9,-99,-999,臺中市,02,東勢區,113
24.2482,120.8249,東勢,C0F850,2017-01-17T23:00:00+08:00,379.0,0.0,0.0,15.9,0.94,978.2,-99.0,0.0,-9.9,-99,-999,臺中市,02,東勢區,113
24.2482,120.8249,東勢,C0F850,2017-01-18T00:00:00+08:00,379.0,98.0,0.5,15.7,0.95,978.2,-99.0,0.0,-9.9,-99,-999,臺中市,02,東勢區,113
24.2482,120.8249,東勢,C0F850,2017-01-18T01:00:00+08:00,379.0,144.0,0.5,15.7,0.95,978.4,-99.0,0.0,-9.9,-99,-999,臺中市,02,東勢區,113
24.2482,120.8249,東勢,C0F850,2017-01-18T02:00:00+08:00,379.0,96.0,0.5,15.8,0.94,978.3,-99.0,0.0,-9.9,-99,-999,臺中市,02,東勢區,113
24.2482,120.8249,東勢,C0F850,2017-01-18T03:00:00+08:00,379.0,0.0,0.0,16.1,0.94,978.4,-99.0,0.0,-9.9,-99,-999,臺中市,02,東勢區,113
24.2482,120.8249,東勢,C0F850,2017-01-18T04:00:00+08:00,379.0,301.0,1.5,16.2,0.94,978.3,-99.0,0.0,-9.9,-99,-999,臺中市,02,東勢區,113
24.2482,120.8249,東勢,C0F850,2017-01-18T05:00:00+08:00,379.0,0.0,0.2,16.2,0.95,978.3,-99.0,0.0,-9.9,-99,-999,臺中市,02,東勢區,113
24.2482,120.8249,東勢,C0F850,2017-01-18T06:00:00+08:00,379.0,310.0,0.3,15.8,0.96,978.4,-99.0,0.0,-9.9,-99,-999,臺中市,02,東勢區,113
24.2482,120.8249,東勢,C0F850,2017-01-18T07:00:00+08:00,379.0,0.0,0.0,15.0,0.98,978.6,-99.0,0.0,-9.9,-99,-999,臺中市,02,東勢區,113
24.2482,120.8249,東勢,C0F850,2017-01-18T08:00:00+08:00,379.0,100.0,0.9,16.6,0.88,979.1,-99.0,0.0,-9.9,-99,-999,臺中市,02,東勢區,113
24.2482,120.8249,東勢,C0F850,2017-01-18T10:00:00+08:00,379.0,296.0,0.8,20.5,0.68,978.8,-99.0,0.0,-9.9,-99,-999,臺中市,02,東勢區,113
24.2482,120.8249,東勢,C0F850,2017-01-18T11:00:00+08:00,379.0,5.0,1.0,21.9,0.61,977.9,-99.0,0.0,-9.9,-99,-999,臺中市,02,東勢區,113
24.2482,120.8249,東勢,C0F850,2017-01-18T12:00:00+08:00,379.0,238.0,1.4,23.7,0.52,976.3,-99.0,0.0,-9.9,-99,-999,臺中市,02,東勢區,113
24.2482,120.8249,東勢,C0F850,2017-01-18T13:00:00+08:00,379.0,303.0,2.8,22.8,0.68,975.5,-99.0,0.0,-9.9,-99,-999,臺中市,02,東勢區,113
24.2482,120.8249,東勢,C0F850,2017-01-18T14:00:00+08:00,379.0,305.0,2.0,21.6,0.73,975.3,-99.0,0.0,-9.9,-99,-999,臺中市,02,東勢區,113
24.2482,120.8249,東勢,C0F850,2017-01-18T15:00:00+08:00,379.0,39.0,0.8,19.6,0.83,975.5,-99.0,0.0,-9.9,-99,-999,臺中市,02,東勢區,113
24.2482,120.8249,東勢,C0F850,2017-01-18T16:00:00+08:00,379.0,5.0,0.6,20.6,0.75,975.5,-99.0,0.0,-9.9,-99,-999,臺中市,02,東勢區,113
24.2482,120.8249,東勢,C0F850,2017-01-18T17:00:00+08:00,379.0,305.0,1.8,19.2,0.84,975.9,-99.0,0.0,-9.9,-99,-999,臺中市,02,東勢區,113
24.2482,120.8249,東勢,C0F850,2017-01-18T18:00:00+08:00,379.0,22.0,1.0,18.5,0.87,976.1,-99.0,0.0,-9.9,-99,-999,臺中市,02,東勢區,113
24.2482,120.8249,東勢,C0F850,2017-01-18T19:00:00+08:00,379.0,0.0,0.0,17.9,0.91,976.5,-99.0,0.0,-9.9,-99,-999,臺中市,02,東勢區,113
24.2482,120.8249,東勢,C0F850,2017-01-18T20:00:00+08:00,379.0,0.0,0.0,17.2,0.93,976.7,-99.0,0.0,-9.9,-99,-999,臺中市,02,東勢區,113
24.2482,120.8249,東勢,C0F850,2017-01-18T21:00:00+08:00,379.0,135.0,0.6,16.7,0.95,977.1,-99.0,0.0,-9.9,-99,-999,臺中市,02,東勢區,113
24.2482,120.8249,東勢,C0F850,2017-01-18T22:00:00+08:00,379.0,146.0,0.8,16.6,0.96,977.2,-99.0,0.0,-9.9,-99,-999,臺中市,02,東勢區,113
24.2482,120.8249,東勢,C0F850,2017-01-18T23:00:00+08:00,379.0,0.0,0.1,15.9,0.98,977.3,-99.0,0.0,-9.9,-99,-999,臺中市,02,東勢區,113
24.2482,120.8249,東勢,C0F850,2017-01-19T01:00:00+08:00,379.0,101.0,0.8,15.2,0.93,977.4,-99.0,0.0,-9.9,-99,-999,臺中市,02,東勢區,113
24.2482,120.8249,東勢,C0F850,2017-01-19T02:00:00+08:00,379.0,92.0,0.4,15.0,0.93,977.1,-99.0,0.0,-9.9,-99,-999,臺中市,02,東勢區,113
24.2482,120.8249,東勢,C0F850,2017-01-19T03:00:00+08:00,379.0,0.0,0.2,14.9,0.93,977.2,-99.0,0.0,-9.9,-99,-999,臺中市,02,東勢區,113
24.2482,120.8249,東勢,C0F850,2017-01-19T04:00:00+08:00,379.0,118.0,0.7,14.8,0.93,977.4,-99.0,0.0,-9.9,-99,-999,臺中市,02,東勢區,113
24.2482,120.8249,東勢,C0F850,2017-01-19T05:00:00+08:00,379.0,140.0,0.6,15.8,0.89,977.3,-99.0,0.0,-9.9,-99,-999,臺中市,02,東勢區,113
24.2482,120.8249,東勢,C0F850,2017-01-19T06:00:00+08:00,379.0,171.0,0.7,16.1,0.86,977.3,-99.0,0.0,-9.9,-99,-999,臺中市,02,東勢區,113
24.2482,120.8249,東勢,C0F850,2017-01-19T07:00:00+08:00,379.0,0.0,0.1,16.8,0.80,977.6,-99.0,0.0,-9.9,-99,-999,臺中市,02,東勢區,113
24.2482,120.8249,東勢,C0F850,2017-01-19T09:00:00+08:00,379.0,322.0,0.6,19.5,0.75,978.2,-99.0,0.0,-9.9,-99,-999,臺中市,02,東勢區,113
24.2482,120.8249,東勢,C0F850,2017-01-19T10:00:00+08:00,379.0,302.0,1.5,20.3,0.72,977.9,-99.0,0.0,-9.9,-99,-999,臺中市,02,東勢區,113
24.2482,120.8249,東勢,C0F850,2017-01-19T11:00:00+08:00,379.0,320.0,1.1,22.5,0.60,977.3,-99.0,0.0,-9.9,-99,-999,臺中市,02,東勢區,113
24.2482,120.8249,東勢,C0F850,2017-01-19T12:00:00+08:00,379.0,208.0,1.0,23.7,0.56,975.9,-99.0,0.0,-9.9,-99,-999,臺中市,02,東勢區,113
24.2482,120.8249,東勢,C0F850,2017-01-19T13:00:00+08:00,379.0,311.0,0.9,24.7,0.55,974.7,-99.0,0.0,-9.9,-99,-999,臺中市,02,東勢區,113
24.2482,120.8249,東勢,C0F850,2017-01-19T14:00:00+08:00,379.0,306.0,1.8,24.6,0.56,973.6,-99.0,0.0,-9.9,-99,-999,臺中市,02,東勢區,113
24.2482,120.8249,東勢,C0F850,2017-01-19T15:00:00+08:00,379.0,305.0,1.9,24.7,0.54,973.2,-99.0,0.0,-9.9,-99,-999,臺中市,02,東勢區,113
24.2482,120.8249,東勢,C0F850,2017-01-19T16:00:00+08:00,379.0,300.0,3.2,22.2,0.70,973.2,-99.0,0.0,-9.9,-99,-999,臺中市,02,東勢區,113
24.2482,120.8249,東勢,C0F850,2017-01-19T18:00:00+08:00,379.0,319.0,0.4,19.2,0.84,974.3,-99.0,0.0,-9.9,-99,-999,臺中市,02,東勢區,113
24.2482,120.8249,東勢,C0F850,2017-01-19T19:00:00+08:00,379.0,0.0,0.1,18.0,0.90,974.9,-99.0,0.0,-9.9,-99,-999,臺中市,02,東勢區,113
24.2482,120.8249,東勢,C0F850,2017-01-19T20:00:00+08:00,379.0,0.0,0.2,17.9,0.90,975.4,-99.0,0.0,-9.9,-99,-999,臺中市,02,東勢區,113
24.2482,120.8249,東勢,C0F850,2017-01-19T21:00:00+08:00,379.0,0.0,0.1,17.2,0.93,975.7,-99.0,0.0,-9.9,-99,-999,臺中市,02,東勢區,113
24.2482,120.8249,東勢,C0F850,2017-01-19T22:00:00+08:00,379.0,5.0,1.0,17.0,0.94,975.7,-99.0,0.0,-9.9,-99,-999,臺中市,02,東勢區,113
24.2482,120.8249,東勢,C0F850,2017-01-19T23:00:00+08:00,379.0,155.0,0.3,16.8,0.95,975.9,-99.0,0.0,-9.9,-99,-999,臺中市,02,東勢區,113
24.2482,120.8249,東勢,C0F850,2017-01-20T00:00:00+08:00,379.0,0.0,0.0,16.6,0.97,975.9,-99.0,0.0,-9.9,-99,-999,臺中市,02,東勢區,113
24.2482,120.8249,東勢,C0F850,2017-01-20T01:00:00+08:00,379.0,10.0,0.8,16.4,0.95,976.1,-99.0,0.0,-9.9,-99,-999,臺中市,02,東勢區,113
24.2482,120.8249,東勢,C0F850,2017-01-20T02:00:00+08:00,379.0,0.0,0.0,16.2,0.95,976.1,-99.0,0.0,-9.9,-99,-999,臺中市,02,東勢區,113
24.2482,120.8249,東勢,C0F850,2017-01-20T03:00:00+08:00,379.0,0.0,0.1,16.1,0.94,976.1,-99.0,0.0,-9.9,-99,-999,臺中市,02,東勢區,113
24.2482,120.8249,東勢,C0F850,2017-01-20T04:00:00+08:00,379.0,30.0,1.0,15.9,0.93,976.0,-99.0,0.0,-9.9,-99,-999,臺中市,02,東勢區,113
24.2482,120.8249,東勢,C0F850,2017-01-20T05:00:00+08:00,379.0,39.0,0.8,14.9,0.93,976.2,-99.0,0.0,-9.9,-99,-999,臺中市,02,東勢區,113
24.2482,120.8249,東勢,C0F850,2017-01-20T06:00:00+08:00,379.0,4.0,1.1,14.3,0.92,976.7,-99.0,0.0,-9.9,-99,-999,臺中市,02,東勢區,113
24.2482,120.8249,東勢,C0F850,2017-01-20T07:00:00+08:00,379.0,41.0,0.9,13.8,0.91,977.3,-99.0,0.0,-9.9,-99,-999,臺中市,02,東勢區,113
24.2482,120.8249,東勢,C0F850,2017-01-20T08:00:00+08:00,379.0,29.0,0.8,13.6,0.91,977.8,-99.0,0.0,-9.9,-99,-999,臺中市,02,東勢區,113
24.2482,120.8249,東勢,C0F850,2017-01-20T09:00:00+08:00,379.0,4.0,1.2,14.5,0.87,978.3,-99.0,0.0,-9.9,-99,-999,臺中市,02,東勢區,113
24.2482,120.8249,東勢,C0F850,2017-01-20T10:00:00+08:00,379.0,4.0,1.8,15.0,0.82,978.5,-99.0,0.0,-9.9,-99,-999,臺中市,02,東勢區,113
24.2482,120.8249,東勢,C0F850,2017-01-20T11:00:00+08:00,379.0,45.0,1.3,16.0,0.77,978.1,-99.0,0.0,-9.9,-99,-999,臺中市,02,東勢區,113
24.2482,120.8249,東勢,C0F850,2017-01-20T12:00:00+08:00,379.0,14.0,1.1,17.1,0.71,977.1,-99.0,0.0,-9.9,-99,-999,臺中市,02,東勢區,113
24.2482,120.8249,東勢,C0F850,2017-01-20T13:00:00+08:00,379.0,40.0,1.3,16.4,0.71,976.2,-99.0,0.0,-9.9,-99,-999,臺中市,02,東勢區,113
24.2482,120.8249,東勢,C0F850,2017-01-20T14:00:00+08:00,379.0,2.0,1.9,15.6,0.72,975.7,-99.0,0.0,-9.9,-99,-999,臺中市,02,東勢區,113
24.2482,120.8249,東勢,C0F850,2017-01-20T15:00:00+08:00,379.0,30.0,1.0,16.6,0.68,975.3,-99.0,0.0,-9.9,-99,-999,臺中市,02,東勢區,113
24.2482,120.8249,東勢,C0F850,2017-01-20T16:00:00+08:00,379.0,31.0,1.4,14.7,0.73,975.5,-99.0,0.0,-9.9,-99,-999,臺中市,02,東勢區,113
24.2482,120.8249,東勢,C0F850,2017-01-20T17:00:00+08:00,379.0,22.0,1.0,13.1,0.77,976.1,-99.0,0.0,-9.9,-99,-999,臺中市,02,東勢區,113
24.2482,120.8249,東勢,C0F850,2017-01-20T18:00:00+08:00,379.0,40.0,0.6,11.6,0.81,976.7,-99.0,0.0,-9.9,-99,-999,臺中市,02,東勢區,113
24.2482,120.8249,東勢,C0F850,2017-01-20T19:00:00+08:00,379.0,12.0,0.7,11.1,0.83,977.4,-99.0,0.0,-9.9,-99,-999,臺中市,02,東勢區,113
24.2482,120.8249,東勢,C0F850,2017-01-20T20:00:00+08:00,379.0,360.0,0.3,10.9,0.83,977.7,-99.0,0.0,-9.9,-99,-999,臺中市,02,東勢區,113
24.2482,120.8249,東勢,C0F850,2017-01-20T21:00:00+08:00,379.0,8.0,0.8,11.0,0.83,977.8,-99.0,0.0,-9.9,-99,-999,臺中市,02,東勢區,113
24.2482,120.8249,東勢,C0F850,2017-01-20T22:00:00+08:00,379.0,9.0,0.8,10.9,0.81,978.0,-99.0,0.0,-9.9,-99,-999,臺中市,02,東勢區,113
24.2482,120.8249,東勢,C0F850,2017-01-20T23:00:00+08:00,379.0,50.0,0.7,10.9,0.81,977.8,-99.0,0.0,-9.9,-99,-999,臺中市,02,東勢區,113
24.2482,120.8249,東勢,C0F850,2017-01-21T00:00:00+08:00,379.0,0.0,0.1,10.9,0.80,978.0,-99.0,0.0,-9.9,-99,-999,臺中市,02,東勢區,113
24.2482,120.8249,東勢,C0F850,2017-01-21T01:00:00+08:00,379.0,7.0,0.8,10.6,0.80,978.3,-99.0,0.0,-9.9,-99,-999,臺中市,02,東勢區,113
24.2482,120.8249,東勢,C0F850,2017-01-21T02:00:00+08:00,379.0,43.0,0.5,10.6,0.80,978.2,-99.0,0.0,-9.9,-99,-999,臺中市,02,東勢區,113
24.2482,120.8249,東勢,C0F850,2017-01-21T05:00:00+08:00,379.0,0.0,0.1,10.6,0.81,978.6,-99.0,0.0,-9.9,-99,-999,臺中市,02,東勢區,113
24.2482,120.8249,東勢,C0F850,2017-01-21T06:00:00+08:00,379.0,3.0,0.7,10.8,0.81,979.2,-99.0,0.0,-9.9,-99,-999,臺中市,02,東勢區,113
24.2482,120.8249,東勢,C0F850,2017-01-21T07:00:00+08:00,379.0,13.0,0.9,10.7,0.81,980.0,-99.0,0.0,-9.9,-99,-999,臺中市,02,東勢區,113
24.2482,120.8249,東勢,C0F850,2017-01-21T08:00:00+08:00,379.0,12.0,0.6,11.0,0.80,980.6,-99.0,0.0,-9.9,-99,-999,臺中市,02,東勢區,113
24.2482,120.8249,東勢,C0F850,2017-01-21T10:00:00+08:00,379.0,11.0,0.8,13.1,0.74,981.4,-99.0,0.0,-9.9,-99,-999,臺中市,02,東勢區,113
24.2482,120.8249,東勢,C0F850,2017-01-21T11:00:00+08:00,379.0,149.0,0.9,15.2,0.67,980.6,-99.0,0.0,-9.9,-99,-999,臺中市,02,東勢區,113
24.2482,120.8249,東勢,C0F850,2017-01-21T12:00:00+08:00,379.0,8.0,0.7,16.7,0.60,979.7,-99.0,0.0,-9.9,-99,-999,臺中市,02,東勢區,113
24.2482,120.8249,東勢,C0F850,2017-01-21T13:00:00+08:00,379.0,308.0,2.0,18.0,0.59,978.6,-99.0,0.0,-9.9,-99,-999,臺中市,02,東勢區,113
24.2482,120.8249,東勢,C0F850,2017-01-21T14:00:00+08:00,379.0,273.0,1.8,20.8,0.52,977.2,-99.0,0.0,-9.9,-99,-999,臺中市,02,東勢區,113
24.2482,120.8249,東勢,C0F850,2017-01-21T15:00:00+08:00,379.0,360.0,1.1,18.3,0.59,977.5,-99.0,0.0,-9.9,-99,-999,臺中市,02,東勢區,113
24.2482,120.8249,東勢,C0F850,2017-01-21T16:00:00+08:00,379.0,6.0,1.3,16.9,0.64,977.7,-99.0,0.0,-9.9,-99,-999,臺中市,02,東勢區,113
24.2482,120.8249,東勢,C0F850,2017-01-21T17:00:00+08:00,379.0,11.0,1.2,16.0,0.68,977.7,-99.0,0.0,-9.9,-99,-999,臺中市,02,東勢區,113
24.2482,120.8249,東勢,C0F850,2017-01-21T18:00:00+08:00,379.0,38.0,0.7,14.5,0.74,978.5,-99.0,0.0,-9.9,-99,-999,臺中市,02,東勢區,113
24.2482,120.8249,東勢,C0F850,2017-01-21T19:00:00+08:00,379.0,8.0,0.6,13.3,0.79,979.1,-99.0,0.0,-9.9,-99,-999,臺中市,02,東勢區,113
24.2482,120.8249,東勢,C0F850,2017-01-21T20:00:00+08:00,379.0,0.0,0.2,12.5,0.82,979.9,-99.0,0.0,-9.9,-99,-999,臺中市,02,東勢區,113
24.2482,120.8249,東勢,C0F850,2017-01-21T21:00:00+08:00,379.0,223.0,0.4,12.2,0.83,980.4,-99.0,0.0,-9.9,-99,-999,臺中市,02,東勢區,113
24.2482,120.8249,東勢,C0F850,2017-01-21T22:00:00+08:00,379.0,0.0,0.1,11.3,0.90,980.6,-99.0,0.0,-9.9,-99,-999,臺中市,02,東勢區,113
24.2482,120.8249,東勢,C0F850,2017-01-21T23:00:00+08:00,379.0,143.0,0.8,10.9,0.92,980.6,-99.0,0.0,-9.9,-99,-999,臺中市,02,東勢區,113
24.2482,120.8249,東勢,C0F850,2017-01-22T00:00:00+08:00,379.0,128.0,0.5,10.3,0.93,980.6,-99.0,0.0,-9.9,-99,-999,臺中市,02,東勢區,113
24.2482,120.8249,東勢,C0F850,2017-01-22T01:00:00+08:00,379.0,120.0,0.5,10.0,0.93,980.6,-99.0,0.0,-9.9,-99,-999,臺中市,02,東勢區,113
24.2482,120.8249,東勢,C0F850,2017-01-22T02:00:00+08:00,379.0,78.0,0.3,10.2,0.91,980.6,-99.0,0.0,-9.9,-99,-999,臺中市,02,東勢區,113
24.2482,120.8249,東勢,C0F850,2017-01-22T03:00:00+08:00,379.0,148.0,0.6,10.7,0.90,980.4,-99.0,0.0,-9.9,-99,-999,臺中市,02,東勢區,113
24.2482,120.8249,東勢,C0F850,2017-01-22T04:00:00+08:00,379.0,0.0,0.1,10.9,0.89,980.5,-99.0,0.0,-9.9,-99,-999,臺中市,02,東勢區,113
24.2482,120.8249,東勢,C0F850,2017-01-22T05:00:00+08:00,379.0,0.0,0.1,11.2,0.90,980.6,-99.0,0.0,-9.9,-99,-999,臺中市,02,東勢區,113
24.2482,120.8249,東勢,C0F850,2017-01-22T06:00:00+08:00,379.0,78.0,0.3,11.5,0.85,981.3,-99.0,0.0,-9.9,-99,-999,臺中市,02,東勢區,113
24.2482,120.8249,東勢,C0F850,2017-01-22T07:00:00+08:00,379.0,0.0,0.1,11.5,0.85,981.5,-99.0,0.0,-9.9,-99,-999,臺中市,02,東勢區,113
24.2482,120.8249,東勢,C0F850,2017-01-22T08:00:00+08:00,379.0,0.0,0.2,12.7,0.79,981.5,-99.0,0.0,-9.9,-99,-999,臺中市,02,東勢區,113
24.2482,120.8249,東勢,C0F850,2017-01-22T09:00:00+08:00,379.0,27.0,0.6,14.5,0.70,981.7,-99.0,0.0,-9.9,-99,-999,臺中市,02,東勢區,113
24.2482,120.8249,東勢,C0F850,2017-01-22T10:00:00+08:00,379.0,300.0,0.7,16.3,0.60,981.7,-99.0,0.0,-9.9,-99,-999,臺中市,02,東勢區,113
24.2482,120.8249,東勢,C0F850,2017-01-22T11:00:00+08:00,379.0,10.0,1.6,17.0,0.54,981.1,-99.0,0.0,-9.9,-99,-999,臺中市,02,東勢區,113
24.2482,120.8249,東勢,C0F850,2017-01-22T12:00:00+08:00,379.0,8.0,1.4,17.8,0.52,980.1,-99.0,0.0,-9.9,-99,-999,臺中市,02,東勢區,113
24.2482,120.8249,東勢,C0F850,2017-01-22T13:00:00+08:00,379.0,9.0,1.6,19.4,0.47,978.8,-99.0,0.0,-9.9,-99,-999,臺中市,02,東勢區,113
24.2482,120.8249,東勢,C0F850,2017-01-22T14:00:00+08:00,379.0,13.0,1.2,20.6,0.45,978.1,-99.0,0.0,-9.9,-99,-999,臺中市,02,東勢區,113
24.2482,120.8249,東勢,C0F850,2017-01-22T15:00:00+08:00,379.0,14.0,1.3,20.0,0.46,977.3,-99.0,0.0,-9.9,-99,-999,臺中市,02,東勢區,113
24.2482,120.8249,東勢,C0F850,2017-01-22T16:00:00+08:00,379.0,9.0,1.2,18.8,0.50,977.1,-99.0,0.0,-9.9,-99,-999,臺中市,02,東勢區,113
24.2482,120.8249,東勢,C0F850,2017-01-22T17:00:00+08:00,379.0,10.0,1.0,16.9,0.56,977.2,-99.0,0.0,-9.9,-99,-999,臺中市,02,東勢區,113
24.2482,120.8249,東勢,C0F850,2017-01-22T18:00:00+08:00,379.0,4.0,1.2,14.7,0.62,977.6,-99.0,0.0,-9.9,-99,-999,臺中市,02,東勢區,113
24.2482,120.8249,東勢,C0F850,2017-01-22T19:00:00+08:00,379.0,5.0,1.2,13.4,0.68,978.4,-99.0,0.0,-9.9,-99,-999,臺中市,02,東勢區,113
24.2482,120.8249,東勢,C0F850,2017-01-22T20:00:00+08:00,379.0,264.0,0.5,13.1,0.71,979.4,-99.0,0.0,-9.9,-99,-999,臺中市,02,東勢區,113
24.2482,120.8249,東勢,C0F850,2017-01-22T21:00:00+08:00,379.0,58.0,0.3,12.7,0.74,979.8,-99.0,0.0,-9.9,-99,-999,臺中市,02,東勢區,113
24.2482,120.8249,東勢,C0F850,2017-01-22T22:00:00+08:00,379.0,11.0,0.7,12.0,0.76,980.0,-99.0,0.0,-9.9,-99,-999,臺中市,02,東勢區,113
24.2482,120.8249,東勢,C0F850,2017-01-22T23:00:00+08:00,379.0,0.0,0.1,11.9,0.76,979.8,-99.0,0.0,-9.9,-99,-999,臺中市,02,東勢區,113
24.2482,120.8249,東勢,C0F850,2017-01-23T00:00:00+08:00,379.0,0.0,0.1,12.0,0.80,979.4,-99.0,0.0,-9.9,-99,-999,臺中市,02,東勢區,113
24.2482,120.8249,東勢,C0F850,2017-01-23T01:00:00+08:00,379.0,0.0,0.2,11.9,0.84,979.2,-99.0,0.0,-9.9,-99,-999,臺中市,02,東勢區,113
24.2482,120.8249,東勢,C0F850,2017-01-23T02:00:00+08:00,379.0,0.0,0.0,11.6,0.88,979.4,-99.0,0.0,-9.9,-99,-999,臺中市,02,東勢區,113
24.2482,120.8249,東勢,C0F850,2017-01-23T03:00:00+08:00,379.0,150.0,0.4,11.7,0.84,979.3,-99.0,0.0,-9.9,-99,-999,臺中市,02,東勢區,113
24.2482,120.8249,東勢,C0F850,2017-01-23T04:00:00+08:00,379.0,0.0,0.2,12.0,0.88,979.2,-99.0,0.0,-9.9,-99,-999,臺中市,02,東勢區,113
24.2482,120.8249,東勢,C0F850,2017-01-23T05:00:00+08:00,379.0,0.0,0.2,11.7,0.92,979.4,-99.0,0.0,-9.9,-99,-999,臺中市,02,東勢區,113
24.2482,120.8249,東勢,C0F850,2017-01-23T06:00:00+08:00,379.0,0.0,0.1,11.9,0.92,979.8,-99.0,0.0,-9.9,-99,-999,臺中市,02,東勢區,113
24.2482,120.8249,東勢,C0F850,2017-01-23T07:00:00+08:00,379.0,0.0,0.2,12.3,0.91,980.4,-99.0,0.0,-9.9,-99,-999,臺中市,02,東勢區,113
24.2482,120.8249,東勢,C0F850,2017-01-23T08:00:00+08:00,379.0,206.0,1.0,12.9,0.85,980.9,-99.0,0.0,-9.9,-99,-999,臺中市,02,東勢區,113
24.2482,120.8249,東勢,C0F850,2017-01-23T09:00:00+08:00,379.0,0.0,0.2,15.1,0.75,981.1,-99.0,0.0,-9.9,-99,-999,臺中市,02,東勢區,113
24.2482,120.8249,東勢,C0F850,2017-01-23T10:00:00+08:00,379.0,302.0,1.0,16.3,0.68,981.1,-99.0,0.0,-9.9,-99,-999,臺中市,02,東勢區,113
24.2482,120.8249,東勢,C0F850,2017-01-23T11:00:00+08:00,379.0,303.0,1.5,18.9,0.55,980.7,-99.0,0.0,-9.9,-99,-999,臺中市,02,東勢區,113
24.2482,120.8249,東勢,C0F850,2017-01-23T12:00:00+08:00,379.0,302.0,2.0,19.7,0.53,979.9,-99.0,0.0,-9.9,-99,-999,臺中市,02,東勢區,113
24.2482,120.8249,東勢,C0F850,2017-01-23T13:00:00+08:00,379.0,300.0,2.2,20.4,0.52,978.8,-99.0,0.0,-9.9,-99,-999,臺中市,02,東勢區,113
24.2482,120.8249,東勢,C0F850,2017-01-23T14:00:00+08:00,379.0,360.0,0.5,21.2,0.50,977.8,-99.0,0.0,-9.9,-99,-999,臺中市,02,東勢區,113
24.2482,120.8249,東勢,C0F850,2017-01-23T15:00:00+08:00,379.0,303.0,2.0,20.2,0.52,977.5,-99.0,0.0,-9.9,-99,-999,臺中市,02,東勢區,113
24.2482,120.8249,東勢,C0F850,2017-01-23T16:00:00+08:00,379.0,4.0,0.6,18.8,0.57,978.0,-99.0,0.0,-9.9,-99,-999,臺中市,02,東勢區,113
24.2482,120.8249,東勢,C0F850,2017-01-23T17:00:00+08:00,379.0,9.0,1.3,17.4,0.61,978.5,-99.0,0.0,-9.9,-99,-999,臺中市,02,東勢區,113
24.2482,120.8249,東勢,C0F850,2017-01-23T18:00:00+08:00,379.0,26.0,0.5,16.0,0.67,979.0,-99.0,0.0,-9.9,-99,-999,臺中市,02,東勢區,113
24.2482,120.8249,東勢,C0F850,2017-01-23T19:00:00+08:00,379.0,13.0,0.4,14.9,0.71,979.4,-99.0,0.0,-9.9,-99,-999,臺中市,02,東勢區,113
24.2482,120.8249,東勢,C0F850,2017-01-23T20:00:00+08:00,379.0,290.0,0.6,15.2,0.70,979.7,-99.0,0.0,-9.9,-99,-999,臺中市,02,東勢區,113
24.2482,120.8249,東勢,C0F850,2017-01-23T21:00:00+08:00,379.0,0.0,0.1,15.0,0.75,979.8,-99.0,0.0,-9.9,-99,-999,臺中市,02,東勢區,113
24.2482,120.8249,東勢,C0F850,2017-01-23T22:00:00+08:00,379.0,134.0,0.5,14.7,0.81,980.0,-99.0,0.0,-9.9,-99,-999,臺中市,02,東勢區,113
24.2482,120.8249,東勢,C0F850,2017-01-23T23:00:00+08:00,379.0,0.0,0.0,14.8,0.80,980.2,-99.0,0.0,-9.9,-99,-999,臺中市,02,東勢區,113
24.2482,120.8249,東勢,C0F850,2017-01-24T00:00:00+08:00,379.0,300.0,1.1,14.0,0.77,980.4,-99.0,0.0,-9.9,-99,-999,臺中市,02,東勢區,113
24.2482,120.8249,東勢,C0F850,2017-01-24T01:00:00+08:00,379.0,0.0,0.0,14.2,0.80,980.3,-99.0,0.0,-9.9,-99,-999,臺中市,02,東勢區,113
24.2482,120.8249,東勢,C0F850,2017-01-24T02:00:00+08:00,379.0,22.0,0.4,13.9,0.80,980.2,-99.0,0.0,-9.9,-99,-999,臺中市,02,東勢區,113
24.2482,120.8249,東勢,C0F850,2017-01-24T04:00:00+08:00,379.0,0.0,0.0,14.1,0.83,979.6,-99.0,0.0,-9.9,-99,-999,臺中市,02,東勢區,113
24.2482,120.8249,東勢,C0F850,2017-01-24T05:00:00+08:00,379.0,282.0,0.4,14.1,0.82,979.7,-99.0,0.0,-9.9,-99,-999,臺中市,02,東勢區,113
24.2482,120.8249,東勢,C0F850,2017-01-24T06:00:00+08:00,379.0,233.0,0.3,14.2,0.82,980.1,-99.0,0.0,-9.9,-99,-999,臺中市,02,東勢區,113
24.2482,120.8249,東勢,C0F850,2017-01-24T07:00:00+08:00,379.0,146.0,0.5,14.4,0.84,980.6,-99.0,0.0,-9.9,-99,-999,臺中市,02,東勢區,113
24.2482,120.8249,東勢,C0F850,2017-01-24T08:00:00+08:00,379.0,178.0,0.9,15.1,0.80,980.8,-99.0,0.0,-9.9,-99,-999,臺中市,02,東勢區,113
24.2482,120.8249,東勢,C0F850,2017-01-24T10:00:00+08:00,379.0,350.0,0.5,17.9,0.70,981.3,-99.0,0.0,-9.9,-99,-999,臺中市,02,東勢區,113
24.2482,120.8249,東勢,C0F850,2017-01-24T11:00:00+08:00,379.0,303.0,1.4,18.4,0.66,981.2,-99.0,0.0,-9.9,-99,-999,臺中市,02,東勢區,113
24.2482,120.8249,東勢,C0F850,2017-01-24T13:00:00+08:00,379.0,300.0,1.1,20.5,0.59,979.5,-99.0,0.0,-9.9,-99,-999,臺中市,02,東勢區,113
24.2482,120.8249,東勢,C0F850,2017-01-24T14:00:00+08:00,379.0,306.0,1.5,20.2,0.61,978.8,-99.0,0.0,-9.9,-99,-999,臺中市,02,東勢區,113
24.2482,120.8249,東勢,C0F850,2017-01-24T15:00:00+08:00,379.0,300.0,2.0,20.0,0.62,978.6,-99.0,0.0,-9.9,-99,-999,臺中市,02,東勢區,113
24.2482,120.8249,東勢,C0F850,2017-01-24T16:00:00+08:00,379.0,307.0,1.7,19.7,0.63,978.7,-99.0,0.0,-9.9,-99,-999,臺中市,02,東勢區,113
24.2482,120.8249,東勢,C0F850,2017-01-24T17:00:00+08:00,379.0,38.0,0.8,17.8,0.70,979.3,-99.0,0.0,-9.9,-99,-999,臺中市,02,東勢區,113
24.2482,120.8249,東勢,C0F850,2017-01-24T18:00:00+08:00,379.0,10.0,0.8,16.5,0.75,979.7,-99.0,0.0,-9.9,-99,-999,臺中市,02,東勢區,113
24.2482,120.8249,東勢,C0F850,2017-01-24T19:00:00+08:00,379.0,1.0,0.7,15.5,0.79,980.5,-99.0,0.0,-9.9,-99,-999,臺中市,02,東勢區,113
24.2482,120.8249,東勢,C0F850,2017-01-24T20:00:00+08:00,379.0,2.0,0.4,14.7,0.82,981.1,-99.0,0.0,-9.9,-99,-999,臺中市,02,東勢區,113
24.2482,120.8249,東勢,C0F850,2017-01-24T21:00:00+08:00,379.0,10.0,0.6,14.9,0.82,981.3,-99.0,0.0,-9.9,-99,-999,臺中市,02,東勢區,113
24.2482,120.8249,東勢,C0F850,2017-01-24T22:00:00+08:00,379.0,7.0,0.9,14.4,0.84,981.4,-99.0,0.0,-9.9,-99,-999,臺中市,02,東勢區,113
24.2482,120.8249,東勢,C0F850,2017-01-24T23:00:00+08:00,379.0,8.0,1.1,13.8,0.86,981.5,-99.0,0.0,-9.9,-99,-999,臺中市,02,東勢區,113
24.2482,120.8249,東勢,C0F850,2017-01-25T00:00:00+08:00,379.0,0.0,0.2,13.6,0.87,981.4,-99.0,0.0,-9.9,-99,-999,臺中市,02,東勢區,113
24.2482,120.8249,東勢,C0F850,2017-01-25T01:00:00+08:00,379.0,0.0,0.2,13.6,0.87,981.1,-99.0,0.0,-9.9,-99,-999,臺中市,02,東勢區,113
24.2482,120.8249,東勢,C0F850,2017-01-25T02:00:00+08:00,379.0,283.0,0.4,13.3,0.88,980.3,-99.0,0.0,-9.9,-99,-999,臺中市,02,東勢區,113
24.2482,120.8249,東勢,C0F850,2017-01-25T03:00:00+08:00,379.0,0.0,0.2,13.0,0.88,980.1,-99.0,0.0,-9.9,-99,-999,臺中市,02,東勢區,113
24.2482,120.8249,東勢,C0F850,2017-01-25T04:00:00+08:00,379.0,0.0,0.0,12.9,0.89,980.1,-99.0,0.0,-9.9,-99,-999,臺中市,02,東勢區,113
24.2482,120.8249,東勢,C0F850,2017-01-25T05:00:00+08:00,379.0,0.0,0.2,13.2,0.89,980.1,-99.0,0.0,-9.9,-99,-999,臺中市,02,東勢區,113
24.2482,120.8249,東勢,C0F850,2017-01-25T06:00:00+08:00,379.0,112.0,0.3,13.4,0.90,980.2,-99.0,0.0,-9.9,-99,-999,臺中市,02,東勢區,113
24.2482,120.8249,東勢,C0F850,2017-01-25T07:00:00+08:00,379.0,0.0,0.1,13.5,0.91,980.5,-99.0,0.0,-9.9,-99,-999,臺中市,02,東勢區,113
24.2482,120.8249,東勢,C0F850,2017-01-25T08:00:00+08:00,379.0,5.0,0.5,13.7,0.88,981.1,-99.0,0.0,-9.9,-99,-999,臺中市,02,東勢區,113
24.2482,120.8249,東勢,C0F850,2017-01-25T10:00:00+08:00,379.0,343.0,1.1,16.1,0.76,981.1,-99.0,0.0,-9.9,-99,-999,臺中市,02,東勢區,113
24.2482,120.8249,東勢,C0F850,2017-01-25T11:00:00+08:00,379.0,8.0,1.5,16.0,0.74,981.1,-99.0,0.0,-9.9,-99,-999,臺中市,02,東勢區,113
24.2482,120.8249,東勢,C0F850,2017-01-25T12:00:00+08:00,379.0,10.0,0.8,17.5,0.69,980.2,-99.0,0.0,-9.9,-99,-999,臺中市,02,東勢區,113
24.2482,120.8249,東勢,C0F850,2017-01-25T13:00:00+08:00,379.0,148.0,0.7,20.2,0.58,978.9,-99.0,0.0,-9.9,-99,-999,臺中市,02,東勢區,113
24.2482,120.8249,東勢,C0F850,2017-01-25T14:00:00+08:00,379.0,318.0,1.2,21.3,0.52,978.2,-99.0,0.0,-9.9,-99,-999,臺中市,02,東勢區,113
24.2482,120.8249,東勢,C0F850,2017-01-25T16:00:00+08:00,379.0,11.0,1.5,19.0,0.67,978.1,-99.0,0.0,-9.9,-99,-999,臺中市,02,東勢區,113
24.2482,120.8249,東勢,C0F850,2017-01-25T17:00:00+08:00,379.0,35.0,1.2,15.8,0.79,978.7,-99.0,0.0,-9.9,-99,-999,臺中市,02,東勢區,113
24.2482,120.8249,東勢,C0F850,2017-01-25T18:00:00+08:00,379.0,1.0,0.6,14.8,0.83,979.0,-99.0,0.0,-9.9,-99,-999,臺中市,02,東勢區,113
24.2482,120.8249,東勢,C0F850,2017-01-25T19:00:00+08:00,379.0,5.0,1.0,14.0,0.85,979.4,-99.0,0.0,-9.9,-99,-999,臺中市,02,東勢區,113
24.2482,120.8249,東勢,C0F850,2017-01-25T20:00:00+08:00,379.0,17.0,0.3,13.8,0.86,980.0,-99.0,0.0,-9.9,-99,-999,臺中市,02,東勢區,113
24.2482,120.8249,東勢,C0F850,2017-01-25T21:00:00+08:00,379.0,31.0,0.7,13.4,0.86,980.3,-99.0,0.0,-9.9,-99,-999,臺中市,02,東勢區,113
24.2482,120.8249,東勢,C0F850,2017-01-25T22:00:00+08:00,379.0,0.0,0.0,12.9,0.87,980.3,-99.0,0.0,-9.9,-99,-999,臺中市,02,東勢區,113
24.2482,120.8249,東勢,C0F850,2017-01-25T23:00:00+08:00,379.0,42.0,0.6,13.0,0.87,980.2,-99.0,0.0,-9.9,-99,-999,臺中市,02,東勢區,113
24.2482,120.8249,東勢,C0F850,2017-01-26T00:00:00+08:00,379.0,28.0,0.5,12.4,0.87,980.0,-99.0,0.0,-9.9,-99,-999,臺中市,02,東勢區,113
24.2482,120.8249,東勢,C0F850,2017-01-26T01:00:00+08:00,379.0,64.0,0.3,11.8,0.88,979.9,-99.0,0.0,-9.9,-99,-999,臺中市,02,東勢區,113
24.2482,120.8249,東勢,C0F850,2017-01-26T02:00:00+08:00,379.0,66.0,0.5,11.8,0.87,979.3,-99.0,0.0,-9.9,-99,-999,臺中市,02,東勢區,113
24.2482,120.8249,東勢,C0F850,2017-01-26T03:00:00+08:00,379.0,63.0,0.7,11.6,0.88,979.1,-99.0,0.0,-9.9,-99,-999,臺中市,02,東勢區,113
24.2482,120.8249,東勢,C0F850,2017-01-26T04:00:00+08:00,379.0,0.0,0.1,11.5,0.88,978.9,-99.0,0.0,-9.9,-99,-999,臺中市,02,東勢區,113
24.2482,120.8249,東勢,C0F850,2017-01-26T05:00:00+08:00,379.0,111.0,0.6,11.5,0.87,979.1,-99.0,0.0,-9.9,-99,-999,臺中市,02,東勢區,113
24.2482,120.8249,東勢,C0F850,2017-01-26T06:00:00+08:00,379.0,21.0,0.4,11.2,0.88,979.3,-99.0,0.0,-9.9,-99,-999,臺中市,02,東勢區,113
24.2482,120.8249,東勢,C0F850,2017-01-26T07:00:00+08:00,379.0,88.0,0.3,10.6,0.91,979.9,-99.0,0.0,-9.9,-99,-999,臺中市,02,東勢區,113
24.2482,120.8249,東勢,C0F850,2017-01-26T08:00:00+08:00,379.0,0.0,0.2,12.9,0.79,980.1,-99.0,0.0,-9.9,-99,-999,臺中市,02,東勢區,113
24.2482,120.8249,東勢,C0F850,2017-01-26T11:00:00+08:00,379.0,359.0,0.9,17.9,0.54,979.3,-99.0,0.0,-9.9,-99,-999,臺中市,02,東勢區,113
24.2482,120.8249,東勢,C0F850,2017-01-26T12:00:00+08:00,379.0,12.0,1.6,19.2,0.52,978.1,-99.0,0.0,-9.9,-99,-999,臺中市,02,東勢區,113
24.2482,120.8249,東勢,C0F850,2017-01-26T13:00:00+08:00,379.0,307.0,1.8,20.1,0.49,976.6,-99.0,0.0,-9.9,-99,-999,臺中市,02,東勢區,113
24.2482,120.8249,東勢,C0F850,2017-01-26T15:00:00+08:00,379.0,304.0,1.5,22.0,0.43,974.9,-99.0,0.0,-9.9,-99,-999,臺中市,02,東勢區,113
24.2482,120.8249,東勢,C0F850,2017-01-26T16:00:00+08:00,379.0,303.0,2.1,21.5,0.43,975.1,-99.0,0.0,-9.9,-99,-999,臺中市,02,東勢區,113
24.2482,120.8249,東勢,C0F850,2017-01-26T17:00:00+08:00,379.0,299.0,1.2,20.5,0.49,975.8,-99.0,0.0,-9.9,-99,-999,臺中市,02,東勢區,113
24.2482,120.8249,東勢,C0F850,2017-01-26T18:00:00+08:00,379.0,0.0,0.0,18.8,0.56,976.2,-99.0,0.0,-9.9,-99,-999,臺中市,02,東勢區,113
24.2482,120.8249,東勢,C0F850,2017-01-26T19:00:00+08:00,379.0,75.0,0.6,15.7,0.73,976.8,-99.0,0.0,-9.9,-99,-999,臺中市,02,東勢區,113
24.2482,120.8249,東勢,C0F850,2017-01-26T20:00:00+08:00,379.0,115.0,0.3,14.5,0.79,977.4,-99.0,0.0,-9.9,-99,-999,臺中市,02,東勢區,113
24.2482,120.8249,東勢,C0F850,2017-01-26T21:00:00+08:00,379.0,0.0,0.2,13.5,0.83,977.6,-99.0,0.0,-9.9,-99,-999,臺中市,02,東勢區,113
24.2482,120.8249,東勢,C0F850,2017-01-26T22:00:00+08:00,379.0,106.0,0.6,12.9,0.85,978.0,-99.0,0.0,-9.9,-99,-999,臺中市,02,東勢區,113
24.2482,120.8249,東勢,C0F850,2017-01-26T23:00:00+08:00,379.0,0.0,0.1,12.6,0.85,978.2,-99.0,0.0,-9.9,-99,-999,臺中市,02,東勢區,113
24.2482,120.8249,東勢,C0F850,2017-01-27T00:00:00+08:00,379.0,116.0,0.5,12.0,0.87,978.3,-99.0,0.0,-9.9,-99,-999,臺中市,02,東勢區,113
24.2482,120.8249,東勢,C0F850,2017-01-27T01:00:00+08:00,379.0,98.0,0.5,11.6,0.87,978.3,-99.0,0.0,-9.9,-99,-999,臺中市,02,東勢區,113
24.2482,120.8249,東勢,C0F850,2017-01-27T02:00:00+08:00,379.0,113.0,0.8,12.1,0.85,978.3,-99.0,0.0,-9.9,-99,-999,臺中市,02,東勢區,113
24.2482,120.8249,東勢,C0F850,2017-01-27T03:00:00+08:00,379.0,125.0,0.6,12.0,0.87,978.2,-99.0,0.0,-9.9,-99,-999,臺中市,02,東勢區,113
24.2482,120.8249,東勢,C0F850,2017-01-27T05:00:00+08:00,379.0,109.0,0.7,10.9,0.89,978.3,-99.0,0.0,-9.9,-99,-999,臺中市,02,東勢區,113
24.2482,120.8249,東勢,C0F850,2017-01-27T06:00:00+08:00,379.0,0.0,0.1,10.4,0.89,979.0,-99.0,0.0,-9.9,-99,-999,臺中市,02,東勢區,113
24.2482,120.8249,東勢,C0F850,2017-01-27T07:00:00+08:00,379.0,0.0,0.2,10.3,0.87,979.5,-99.0,0.0,-9.9,-99,-999,臺中市,02,東勢區,113
24.2482,120.8249,東勢,C0F850,2017-01-27T08:00:00+08:00,379.0,0.0,0.2,13.4,0.73,980.0,-99.0,0.0,-9.9,-99,-999,臺中市,02,東勢區,113
24.2482,120.8249,東勢,C0F850,2017-01-27T09:00:00+08:00,379.0,120.0,0.5,17.3,0.46,980.2,-99.0,0.0,-9.9,-99,-999,臺中市,02,東勢區,113
24.2482,120.8249,東勢,C0F850,2017-01-27T10:00:00+08:00,379.0,283.0,0.4,19.3,0.40,979.7,-99.0,0.0,-9.9,-99,-999,臺中市,02,東勢區,113
24.2482,120.8249,東勢,C0F850,2017-01-27T11:00:00+08:00,379.0,305.0,2.2,20.3,0.40,979.3,-99.0,0.0,-9.9,-99,-999,臺中市,02,東勢區,113
24.2482,120.8249,東勢,C0F850,2017-01-27T12:00:00+08:00,379.0,304.0,1.8,20.9,0.37,978.3,-99.0,0.0,-9.9,-99,-999,臺中市,02,東勢區,113
24.2482,120.8249,東勢,C0F850,2017-01-27T13:00:00+08:00,379.0,301.0,1.8,21.6,0.41,976.8,-99.0,0.0,-9.9,-99,-999,臺中市,02,東勢區,113
24.2482,120.8249,東勢,C0F850,2017-01-27T14:00:00+08:00,379.0,13.0,1.3,21.4,0.51,976.1,-99.0,0.0,-9.9,-99,-999,臺中市,02,東勢區,113
24.2482,120.8249,東勢,C0F850,2017-01-27T15:00:00+08:00,379.0,348.0,1.0,22.5,0.46,975.5,-99.0,0.0,-9.9,-99,-999,臺中市,02,東勢區,113
24.2482,120.8249,東勢,C0F850,2017-01-27T16:00:00+08:00,379.0,13.0,1.4,21.3,0.54,975.5,-99.0,0.0,-9.9,-99,-999,臺中市,02,東勢區,113
24.2482,120.8249,東勢,C0F850,2017-01-27T17:00:00+08:00,379.0,8.0,0.5,19.5,0.68,976.0,-99.0,0.0,-9.9,-99,-999,臺中市,02,東勢區,113
24.2482,120.8249,東勢,C0F850,2017-01-27T18:00:00+08:00,379.0,18.0,0.6,17.6,0.77,976.3,-99.0,0.0,-9.9,-99,-999,臺中市,02,東勢區,113
24.2482,120.8249,東勢,C0F850,2017-01-27T19:00:00+08:00,379.0,0.0,0.2,15.9,0.85,976.7,-99.0,0.0,-9.9,-99,-999,臺中市,02,東勢區,113
24.2482,120.8249,東勢,C0F850,2017-01-27T20:00:00+08:00,379.0,0.0,0.1,14.5,0.83,976.8,-99.0,0.0,-9.9,-99,-999,臺中市,02,東勢區,113
24.2482,120.8249,東勢,C0F850,2017-01-27T21:00:00+08:00,379.0,127.0,0.5,13.3,0.82,976.7,-99.0,0.0,-9.9,-99,-999,臺中市,02,東勢區,113
24.2482,120.8249,東勢,C0F850,2017-01-27T22:00:00+08:00,379.0,114.0,0.8,12.1,0.83,977.0,-99.0,0.0,-9.9,-99,-999,臺中市,02,東勢區,113
24.2482,120.8249,東勢,C0F850,2017-01-27T23:00:00+08:00,379.0,119.0,0.3,11.6,0.81,976.5,-99.0,0.0,-9.9,-99,-999,臺中市,02,東勢區,113
24.2482,120.8249,東勢,C0F850,2017-01-28T00:00:00+08:00,379.0,119.0,0.5,11.3,0.79,976.1,-99.0,0.0,-9.9,-99,-999,臺中市,02,東勢區,113
24.2482,120.8249,東勢,C0F850,2017-01-28T01:00:00+08:00,379.0,115.0,0.8,11.2,0.76,976.0,-99.0,0.0,-9.9,-99,-999,臺中市,02,東勢區,113
24.2482,120.8249,東勢,C0F850,2017-01-28T02:00:00+08:00,379.0,113.0,0.6,10.7,0.79,975.9,-99.0,0.0,-9.9,-99,-999,臺中市,02,東勢區,113
24.2482,120.8249,東勢,C0F850,2017-01-28T03:00:00+08:00,379.0,113.0,0.9,10.5,0.79,975.7,-99.0,0.0,-9.9,-99,-999,臺中市,02,東勢區,113
24.2482,120.8249,東勢,C0F850,2017-01-28T04:00:00+08:00,379.0,102.0,0.6,10.3,0.80,975.1,-99.0,0.0,-9.9,-99,-999,臺中市,02,東勢區,113
24.2482,120.8249,東勢,C0F850,2017-01-28T05:00:00+08:00,379.0,104.0,0.6,10.2,0.80,975.2,-99.0,0.0,-9.9,-99,-999,臺中市,02,東勢區,113
24.2482,120.8249,東勢,C0F850,2017-01-28T06:00:00+08:00,379.0,74.0,0.6,9.8,0.80,975.7,-99.0,0.0,-9.9,-99,-999,臺中市,02,東勢區,113
24.2482,120.8249,東勢,C0F850,2017-01-28T07:00:00+08:00,379.0,111.0,0.6,9.4,0.83,976.2,-99.0,0.0,-9.9,-99,-999,臺中市,02,東勢區,113
24.2482,120.8249,東勢,C0F850,2017-01-28T08:00:00+08:00,379.0,106.0,0.4,13.2,0.66,976.1,-99.0,0.0,-9.9,-99,-999,臺中市,02,東勢區,113
24.2482,120.8249,東勢,C0F850,2017-01-28T09:00:00+08:00,379.0,200.0,0.6,18.4,0.44,976.2,-99.0,0.0,-9.9,-99,-999,臺中市,02,東勢區,113
24.2482,120.8249,東勢,C0F850,2017-01-28T11:00:00+08:00,379.0,306.0,0.6,24.1,0.29,975.0,-99.0,0.0,-9.9,-99,-999,臺中市,02,東勢區,113
24.2482,120.8249,東勢,C0F850,2017-01-28T12:00:00+08:00,379.0,191.0,1.9,26.3,0.25,973.9,-99.0,0.0,-9.9,-99,-999,臺中市,02,東勢區,113
24.2482,120.8249,東勢,C0F850,2017-01-28T13:00:00+08:00,379.0,298.0,1.7,26.4,0.28,973.0,-99.0,0.0,-9.9,-99,-999,臺中市,02,東勢區,113
24.2482,120.8249,東勢,C0F850,2017-01-28T14:00:00+08:00,379.0,297.0,1.5,26.8,0.31,972.1,-99.0,0.0,-9.9,-99,-999,臺中市,02,東勢區,113
24.2482,120.8249,東勢,C0F850,2017-01-28T15:00:00+08:00,379.0,305.0,2.7,26.1,0.38,971.5,-99.0,0.0,-9.9,-99,-999,臺中市,02,東勢區,113
24.2482,120.8249,東勢,C0F850,2017-01-28T16:00:00+08:00,379.0,305.0,2.1,25.5,0.39,971.6,-99.0,0.0,-9.9,-99,-999,臺中市,02,東勢區,113
24.2482,120.8249,東勢,C0F850,2017-01-28T17:00:00+08:00,379.0,355.0,0.8,24.4,0.45,972.1,-99.0,0.0,-9.9,-99,-999,臺中市,02,東勢區,113
24.2482,120.8249,東勢,C0F850,2017-01-28T18:00:00+08:00,379.0,306.0,0.5,22.4,0.58,972.2,-99.0,0.0,-9.9,-99,-999,臺中市,02,東勢區,113
24.2482,120.8249,東勢,C0F850,2017-01-28T19:00:00+08:00,379.0,0.0,0.2,19.1,0.69,972.9,-99.0,0.0,-9.9,-99,-999,臺中市,02,東勢區,113
24.2482,120.8249,東勢,C0F850,2017-01-28T20:00:00+08:00,379.0,111.0,0.4,17.7,0.75,973.7,-99.0,0.0,-9.9,-99,-999,臺中市,02,東勢區,113
24.2482,120.8249,東勢,C0F850,2017-01-28T21:00:00+08:00,379.0,113.0,0.3,16.6,0.81,973.9,-99.0,0.0,-9.9,-99,-999,臺中市,02,東勢區,113
24.2482,120.8249,東勢,C0F850,2017-01-28T22:00:00+08:00,379.0,106.0,0.5,16.2,0.82,973.9,-99.0,0.0,-9.9,-99,-999,臺中市,02,東勢區,113
24.2482,120.8249,東勢,C0F850,2017-01-28T23:00:00+08:00,379.0,0.0,0.2,15.5,0.85,973.8,-99.0,0.0,-9.9,-99,-999,臺中市,02,東勢區,113
24.2482,120.8249,東勢,C0F850,2017-01-29T00:00:00+08:00,379.0,114.0,0.7,15.2,0.85,973.8,-99.0,0.0,-9.9,-99,-999,臺中市,02,東勢區,113
24.2482,120.8249,東勢,C0F850,2017-01-29T01:00:00+08:00,379.0,110.0,0.8,14.5,0.87,973.8,-99.0,0.0,-9.9,-99,-999,臺中市,02,東勢區,113
24.2482,120.8249,東勢,C0F850,2017-01-29T02:00:00+08:00,379.0,120.0,0.4,14.6,0.84,973.3,-99.0,0.0,-9.9,-99,-999,臺中市,02,東勢區,113
24.2482,120.8249,東勢,C0F850,2017-01-29T03:00:00+08:00,379.0,116.0,0.7,14.5,0.84,973.3,-99.0,0.0,-9.9,-99,-999,臺中市,02,東勢區,113
24.2482,120.8249,東勢,C0F850,2017-01-29T04:00:00+08:00,379.0,98.0,0.5,14.0,0.85,973.2,-99.0,0.0,-9.9,-99,-999,臺中市,02,東勢區,113
24.2482,120.8249,東勢,C0F850,2017-01-29T05:00:00+08:00,379.0,117.0,0.6,13.7,0.85,973.3,-99.0,0.0,-9.9,-99,-999,臺中市,02,東勢區,113
24.2482,120.8249,東勢,C0F850,2017-01-29T06:00:00+08:00,379.0,0.0,0.0,13.5,0.86,973.3,-99.0,0.0,-9.9,-99,-999,臺中市,02,東勢區,113
24.2482,120.8249,東勢,C0F850,2017-01-29T07:00:00+08:00,379.0,101.0,0.5,13.4,0.85,973.9,-99.0,0.0,-9.9,-99,-999,臺中市,02,東勢區,113
24.2482,120.8249,東勢,C0F850,2017-01-29T08:00:00+08:00,379.0,104.0,0.4,16.7,0.72,975.1,-99.0,0.0,-9.9,-99,-999,臺中市,02,東勢區,113
24.2482,120.8249,東勢,C0F850,2017-01-29T09:00:00+08:00,379.0,210.0,1.0,19.9,0.59,975.3,-99.0,0.0,-9.9,-99,-999,臺中市,02,東勢區,113
24.2482,120.8249,東勢,C0F850,2017-01-29T10:00:00+08:00,379.0,303.0,0.3,22.6,0.50,975.4,-99.0,0.0,-9.9,-99,-999,臺中市,02,東勢區,113
24.2482,120.8249,東勢,C0F850,2017-01-29T11:00:00+08:00,379.0,297.0,1.7,23.2,0.48,974.9,-99.0,0.0,-9.9,-99,-999,臺中市,02,東勢區,113
24.2482,120.8249,東勢,C0F850,2017-01-29T12:00:00+08:00,379.0,299.0,1.6,24.1,0.49,973.8,-99.0,0.0,-9.9,-99,-999,臺中市,02,東勢區,113
24.2482,120.8249,東勢,C0F850,2017-01-29T13:00:00+08:00,379.0,305.0,2.2,24.5,0.50,972.8,-99.0,0.0,-9.9,-99,-999,臺中市,02,東勢區,113
24.2482,120.8249,東勢,C0F850,2017-01-29T14:00:00+08:00,379.0,302.0,2.4,24.7,0.48,972.0,-99.0,0.0,-9.9,-99,-999,臺中市,02,東勢區,113
24.2482,120.8249,東勢,C0F850,2017-01-29T15:00:00+08:00,379.0,301.0,1.7,25.1,0.46,971.6,-99.0,0.0,-9.9,-99,-999,臺中市,02,東勢區,113
24.2482,120.8249,東勢,C0F850,2017-01-29T16:00:00+08:00,379.0,340.0,1.2,25.5,0.47,971.6,-99.0,0.0,-9.9,-99,-999,臺中市,02,東勢區,113
24.2482,120.8249,東勢,C0F850,2017-01-29T17:00:00+08:00,379.0,6.0,0.7,24.5,0.52,972.1,-99.0,0.0,-9.9,-99,-999,臺中市,02,東勢區,113
24.2482,120.8249,東勢,C0F850,2017-01-29T18:00:00+08:00,379.0,0.0,0.2,22.8,0.57,972.6,-99.0,0.0,-9.9,-99,-999,臺中市,02,東勢區,113
24.2482,120.8249,東勢,C0F850,2017-01-29T19:00:00+08:00,379.0,0.0,0.1,20.7,0.70,973.2,-99.0,0.0,-9.9,-99,-999,臺中市,02,東勢區,113
24.2482,120.8249,東勢,C0F850,2017-01-29T20:00:00+08:00,379.0,0.0,0.1,19.7,0.75,973.9,-99.0,0.0,-9.9,-99,-999,臺中市,02,東勢區,113
24.2482,120.8249,東勢,C0F850,2017-01-29T21:00:00+08:00,379.0,120.0,0.3,18.9,0.78,974.2,-99.0,0.0,-9.9,-99,-999,臺中市,02,東勢區,113
24.2482,120.8249,東勢,C0F850,2017-01-29T22:00:00+08:00,379.0,118.0,0.5,18.2,0.80,974.2,-99.0,0.0,-9.9,-99,-999,臺中市,02,東勢區,113
24.2482,120.8249,東勢,C0F850,2017-01-29T23:00:00+08:00,379.0,131.0,0.4,17.5,0.83,973.9,-99.0,0.0,-9.9,-99,-999,臺中市,02,東勢區,113
24.2482,120.8249,東勢,C0F850,2017-01-30T00:00:00+08:00,379.0,0.0,0.2,17.2,0.84,973.9,-99.0,0.0,-9.9,-99,-999,臺中市,02,東勢區,113
24.2482,120.8249,東勢,C0F850,2017-01-30T01:00:00+08:00,379.0,0.0,0.0,17.0,0.83,973.9,-99.0,0.0,-9.9,-99,-999,臺中市,02,東勢區,113
24.2482,120.8249,東勢,C0F850,2017-01-30T02:00:00+08:00,379.0,163.0,0.6,17.0,0.82,973.6,-99.0,0.0,-9.9,-99,-999,臺中市,02,東勢區,113
24.2482,120.8249,東勢,C0F850,2017-01-30T03:00:00+08:00,379.0,0.0,0.0,17.0,0.84,973.3,-99.0,0.0,-9.9,-99,-999,臺中市,02,東勢區,113
24.2482,120.8249,東勢,C0F850,2017-01-30T04:00:00+08:00,379.0,114.0,0.3,17.1,0.83,973.3,-99.0,0.0,-9.9,-99,-999,臺中市,02,東勢區,113
24.2482,120.8249,東勢,C0F850,2017-01-30T05:00:00+08:00,379.0,0.0,0.0,17.3,0.83,973.3,-99.0,0.0,-9.9,-99,-999,臺中市,02,東勢區,113
24.2482,120.8249,東勢,C0F850,2017-01-30T06:00:00+08:00,379.0,0.0,0.0,17.6,0.81,973.8,-99.0,0.0,-9.9,-99,-999,臺中市,02,東勢區,113
24.2482,120.8249,東勢,C0F850,2017-01-30T07:00:00+08:00,379.0,0.0,0.2,17.9,0.80,973.7,-99.0,0.0,-9.9,-99,-999,臺中市,02,東勢區,113
24.2482,120.8249,東勢,C0F850,2017-01-30T08:00:00+08:00,379.0,186.0,1.2,18.8,0.78,974.3,-99.0,0.0,-9.9,-99,-999,臺中市,02,東勢區,113
24.2482,120.8249,東勢,C0F850,2017-01-30T09:00:00+08:00,379.0,210.0,2.1,21.7,0.62,974.8,-99.0,0.0,-9.9,-99,-999,臺中市,02,東勢區,113
24.2482,120.8249,東勢,C0F850,2017-01-30T10:00:00+08:00,379.0,304.0,0.5,24.0,0.53,974.7,-99.0,0.0,-9.9,-99,-999,臺中市,02,東勢區,113
24.2482,120.8249,東勢,C0F850,2017-01-30T11:00:00+08:00,379.0,2.0,0.5,24.7,0.50,973.6,-99.0,0.0,-9.9,-99,-999,臺中市,02,東勢區,113
24.2482,120.8249,東勢,C0F850,2017-01-30T12:00:00+08:00,379.0,20.0,1.6,25.6,0.51,972.7,-99.0,0.0,-9.9,-99,-999,臺中市,02,東勢區,113
24.2482,120.8249,東勢,C0F850,2017-01-30T13:00:00+08:00,379.0,307.0,2.1,25.0,0.59,971.7,-99.0,0.0,-9.9,-99,-999,臺中市,02,東勢區,113
24.2482,120.8249,東勢,C0F850,2017-01-30T14:00:00+08:00,379.0,4.0,2.5,22.8,0.64,971.2,-99.0,0.0,-9.9,-99,-999,臺中市,02,東勢區,113
24.2482,120.8249,東勢,C0F850,2017-01-30T15:00:00+08:00,379.0,6.0,1.7,22.7,0.63,971.1,-99.0,0.0,-9.9,-99,-999,臺中市,02,東勢區,113
24.2482,120.8249,東勢,C0F850,2017-01-30T16:00:00+08:00,379.0,356.0,1.6,20.8,0.67,972.1,-99.0,0.0,-9.9,-99,-999,臺中市,02,東勢區,113
24.2482,120.8249,東勢,C0F850,2017-01-30T17:00:00+08:00,379.0,29.0,1.2,18.6,0.73,972.7,-99.0,0.0,-9.9,-99,-999,臺中市,02,東勢區,113
24.2482,120.8249,東勢,C0F850,2017-01-30T18:00:00+08:00,379.0,10.0,0.9,17.2,0.78,973.4,-99.0,0.0,-9.9,-99,-999,臺中市,02,東勢區,113
24.2482,120.8249,東勢,C0F850,2017-01-30T20:00:00+08:00,379.0,21.0,0.5,16.1,0.82,974.5,-99.0,0.0,-9.9,-99,-999,臺中市,02,東勢區,113
24.2482,120.8249,東勢,C0F850,2017-01-30T21:00:00+08:00,379.0,11.0,0.4,15.3,0.85,974.6,-99.0,0.0,-9.9,-99,-999,臺中市,02,東勢區,113
24.2482,120.8249,東勢,C0F850,2017-01-30T22:00:00+08:00,379.0,25.0,0.8,14.8,0.87,974.5,-99.0,0.0,-9.9,-99,-999,臺中市,02,東勢區,113
24.2482,120.8249,東勢,C0F850,2017-01-30T23:00:00+08:00,379.0,10.0,0.3,14.4,0.87,974.8,-99.0,0.0,-9.9,-99,-999,臺中市,02,東勢區,113
24.2482,120.8249,東勢,C0F850,2017-01-31T00:00:00+08:00,379.0,10.0,1.1,14.0,0.89,974.4,-99.0,0.0,-9.9,-99,-999,臺中市,02,東勢區,113
24.2482,120.8249,東勢,C0F850,2017-01-31T02:00:00+08:00,379.0,31.0,0.5,14.0,0.89,973.9,-99.0,0.0,-9.9,-99,-999,臺中市,02,東勢區,113
24.2482,120.8249,東勢,C0F850,2017-01-31T03:00:00+08:00,379.0,0.0,0.0,13.7,0.92,973.8,-99.0,0.0,-9.9,-99,-999,臺中市,02,東勢區,113
24.2482,120.8249,東勢,C0F850,2017-01-31T04:00:00+08:00,379.0,0.0,0.2,13.4,0.93,973.8,-99.0,0.0,-9.9,-99,-999,臺中市,02,東勢區,113
24.2482,120.8249,東勢,C0F850,2017-01-31T05:00:00+08:00,379.0,0.0,0.2,13.5,0.94,973.9,-99.0,0.0,-9.9,-99,-999,臺中市,02,東勢區,113
24.2482,120.8249,東勢,C0F850,2017-01-31T06:00:00+08:00,379.0,303.0,1.2,13.3,0.95,974.2,-99.0,0.0,-9.9,-99,-999,臺中市,02,東勢區,113
24.2482,120.8249,東勢,C0F850,2017-01-31T07:00:00+08:00,379.0,0.0,0.0,13.1,0.93,974.9,-99.0,0.0,-9.9,-99,-999,臺中市,02,東勢區,113
