24.2563,120.7123,豐原,C0F9M0,2017-01-10T11:00:00+08:00,230.0,332.0,1.6,19.7,0.61,992.5,-98.0,0.0,-9.9,-99,-999,臺中市,02,豐原區,117
24.2563,120.7123,豐原,C0F9M0,2017-01-10T12:00:00+08:00,230.0,11.0,1.9,20.9,0.57,991.6,-98.0,0.0,-9.9,-99,-999,臺中市,02,豐原區,117
24.2563,120.7123,豐原,C0F9M0,2017-01-10T13:00:00+08:00,230.0,348.0,1.5,22.3,0.53,990.5,-98.0,0.0,-9.9,-99,-999,臺中市,02,豐原區,117
24.2563,120.7123,豐原,C0F9M0,2017-01-10T14:00:00+08:00,230.0,356.0,1.7,23.6,0.47,989.8,-98.0,0.0,-9.9,-99,-999,臺中市,02,豐原區,117
24.2563,120.7123,豐原,C0F9M0,2017-01-10T15:00:00+08:00,230.0,348.0,1.7,24.3,0.42,989.4,-98.0,0.0,-9.9,-99,-999,臺中市,02,豐原區,117
24.2563,120.7123,豐原,C0F9M0,2017-01-10T16:00:00+08:00,230.0,33.0,1.7,24.0,0.43,990.0,-98.0,0.0,-9.9,-99,-999,臺中市,02,豐原區,117
24.2563,120.7123,豐原,C0F9M0,2017-01-10T17:00:00+08:00,230.0,321.0,1.5,21.1,0.67,990.2,-98.0,0.0,-9.9,-99,-999,臺中市,02,豐原區,117
24.2563,120.7123,豐原,C0F9M0,2017-01-10T18:00:00+08:00,230.0,325.0,1.1,19.1,0.76,990.3,-98.0,0.0,-9.9,-99,-999,臺中市,02,豐原區,117
24.2563,120.7123,豐原,C0F9M0,2017-01-10T19:00:00+08:00,230.0,325.0,1.3,18.1,0.78,990.9,-98.0,0.0,-9.9,-99,-999,臺中市,02,豐原區,117
24.2563,120.7123,豐原,C0F9M0,2017-01-10T21:00:00+08:00,230.0,353.0,1.3,16.8,0.81,992.1,-98.0,0.0,-9.9,-99,-999,臺中市,02,豐原區,117
24.2563,120.7123,豐原,C0F9M0,2017-01-10T22:00:00+08:00,230.0,351.0,1.0,16.6,0.82,992.8,-98.0,0.0,-9.9,-99,-999,臺中市,02,豐原區,117
24.2563,120.7123,豐原,C0F9M0,2017-01-10T23:00:00+08:00,230.0,304.0,0.6,17.1,0.78,992.4,-98.0,0.0,-9.9,-99,-999,臺中市,02,豐原區,117
24.2563,120.7123,豐原,C0F9M0,2017-01-11T00:00:00+08:00,230.0,0.0,0.0,16.6,0.80,992.5,-98.0,0.0,-9.9,-99,-999,臺中市,02,豐原區,117
24.2563,120.7123,豐原,C0F9M0,2017-01-11T01:00:00+08:00,230.0,39.0,0.7,16.1,0.81,991.6,-98.0,0.0,-9.9,-99,-999,臺中市,02,豐原區,117
24.2563,120.7123,豐原,C0F9M0,2017-01-11T02:00:00+08:00,230.0,355.0,0.3,16.7,0.78,991.5,-98.0,0.0,-9.9,-99,-999,臺中市,02,豐原區,117
24.2563,120.7123,豐原,C0F9M0,2017-01-11T03:00:00+08:00,230.0,357.0,1.0,15.9,0.83,991.5,-98.0,0.0,-9.9,-99,-999,臺中市,02,豐原區,117
24.2563,120.7123,豐原,C0F9M0,2017-01-11T04:00:00+08:00,230.0,351.0,0.8,15.5,0.84,991.2,-98.0,0.0,-9.9,-99,-999,臺中市,02,豐原區,117
24.2563,120.7123,豐原,C0F9M0,2017-01-11T05:00:00+08:00,230.0,23.0,0.3,15.4,0.83,991.3,-98.0,0.0,-9.9,-99,-999,臺中市,02,豐原區,117
24.2563,120.7123,豐原,C0F9M0,2017-01-11T06:00:00+08:00,230.0,0.0,0.2,15.2,0.82,991.7,-98.0,0.0,-9.9,-99,-999,臺中市,02,豐原區,117
24.2563,120.7123,豐原,C0F9M0,2017-01-11T07:00:00+08:00,230.0,22.0,0.7,15.7,0.77,992.3,-98.0,0.0,-9.9,-99,-999,臺中市,02,豐原區,117
24.2563,120.7123,豐原,C0F9M0,2017-01-11T08:00:00+08:00,230.0,2.0,1.1,16.7,0.72,992.6,-98.0,0.0,-9.9,-99,-999,臺中市,02,豐原區,117
24.2563,120.7123,豐原,C0F9M0,2017-01-11T09:00:00+08:00,230.0,349.0,1.3,19.9,0.57,992.6,-98.0,0.0,-9.9,-99,-999,臺中市,02,豐原區,117
24.2563,120.7123,豐原,C0F9M0,2017-01-11T10:00:00+08:00,230.0,310.0,1.5,20.2,0.65,992.5,-98.0,0.0,-9.9,-99,-999,臺中市,02,豐原區,117
24.2563,120.7123,豐原,C0F9M0,2017-01-11T11:00:00+08:00,230.0,336.0,1.0,21.2,0.62,992.2,-98.0,0.0,-9.9,-99,-999,臺中市,02,豐原區,117
24.2563,120.7123,豐原,C0F9M0,2017-01-11T12:00:00+08:00,230.0,286.0,1.0,23.7,0.48,990.7,-98.0,0.0,-9.9,-99,-999,臺中市,02,豐原區,117
24.2563,120.7123,豐原,C0F9M0,2017-01-11T13:00:00+08:00,230.0,294.0,1.3,24.2,0.49,989.4,-98.0,0.0,-9.9,-99,-999,臺中市,02,豐原區,117
24.2563,120.7123,豐原,C0F9M0,2017-01-11T14:00:00+08:00,230.0,320.0,3.1,22.8,0.63,988.7,-98.0,0.0,-9.9,-99,-999,臺中市,02,豐原區,117
24.2563,120.7123,豐原,C0F9M0,2017-01-11T15:00:00+08:00,230.0,318.0,3.0,23.6,0.59,988.0,-98.0,0.0,-9.9,-99,-999,臺中市,02,豐原區,117
24.2563,120.7123,豐原,C0F9M0,2017-01-11T16:00:00+08:00,230.0,326.0,1.8,22.1,0.68,988.3,-98.0,0.0,-9.9,-99,-999,臺中市,02,豐原區,117
24.2563,120.7123,豐原,C0F9M0,2017-01-11T17:00:00+08:00,230.0,324.0,1.7,20.6,0.74,988.5,-98.0,0.0,-9.9,-99,-999,臺中市,02,豐原區,117
24.2563,120.7123,豐原,C0F9M0,2017-01-11T18:00:00+08:00,230.0,320.0,1.4,19.3,0.80,989.1,-98.0,0.0,-9.9,-99,-999,臺中市,02,豐原區,117
24.2563,120.7123,豐原,C0F9M0,2017-01-11T19:00:00+08:00,230.0,326.0,1.1,18.2,0.83,990.1,-98.0,0.0,-9.9,-99,-999,臺中市,02,豐原區,117
24.2563,120.7123,豐原,C0F9M0,2017-01-11T20:00:00+08:00,230.0,353.0,0.3,18.6,0.82,990.6,-98.0,0.0,-9.9,-99,-999,臺中市,02,豐原區,117
24.2563,120.7123,豐原,C0F9M0,2017-01-11T21:00:00+08:00,230.0,332.0,1.2,17.9,0.86,991.2,-98.0,0.0,-9.9,-99,-999,臺中市,02,豐原區,117
24.2563,120.7123,豐原,C0F9M0,2017-01-11T22:00:00+08:00,230.0,32.0,1.4,17.9,0.87,991.5,-98.0,0.0,-9.9,-99,-999,臺中市,02,豐原區,117
24.2563,120.7123,豐原,C0F9M0,2017-01-11T23:00:00+08:00,230.0,332.0,0.6,18.2,0.85,991.5,-98.0,0.0,-9.9,-99,-999,臺中市,02,豐原區,117
24.2563,120.7123,豐原,C0F9M0,2017-01-12T00:00:00+08:00,230.0,24.0,0.7,18.0,0.87,990.9,-98.0,0.0,-9.9,-99,-999,臺中市,02,豐原區,117
24.2563,120.7123,豐原,C0F9M0,2017-01-12T01:00:00+08:00,230.0,343.0,1.4,18.1,0.86,990.5,-98.0,0.0,-9.9,-99,-999,臺中市,02,豐原區,117
24.2563,120.7123,豐原,C0F9M0,2017-01-12T02:00:00+08:00,230.0,44.0,1.1,17.8,0.88,990.1,-98.0,0.0,-9.9,-99,-999,臺中市,02,豐原區,117
24.2563,120.7123,豐原,C0F9M0,2017-01-12T04:00:00+08:00,230.0,321.0,0.4,17.6,0.89,989.9,-98.0,0.0,-9.9,-99,-999,臺中市,02,豐原區,117
24.2563,120.7123,豐原,C0F9M0,2017-01-12T05:00:00+08:00,230.0,343.0,0.5,17.7,0.89,989.7,-98.0,0.0,-9.9,-99,-999,臺中市,02,豐原區,117
24.2563,120.7123,豐原,C0F9M0,2017-01-12T06:00:00+08:00,230.0,27.0,1.3,17.8,0.88,990.0,-98.0,0.0,-9.9,-99,-999,臺中市,02,豐原區,117
24.2563,120.7123,豐原,C0F9M0,2017-01-12T07:00:00+08:00,230.0,79.0,0.8,18.3,0.84,989.7,-98.0,0.0,-9.9,-99,-999,臺中市,02,豐原區,117
24.2563,120.7123,豐原,C0F9M0,2017-01-12T08:00:00+08:00,230.0,53.0,0.9,19.4,0.78,989.5,-98.0,0.0,-9.9,-99,-999,臺中市,02,豐原區,117
24.2563,120.7123,豐原,C0F9M0,2017-01-12T09:00:00+08:00,230.0,328.0,1.4,22.0,0.67,989.3,-98.0,0.0,-9.9,-99,-999,臺中市,02,豐原區,117
24.2563,120.7123,豐原,C0F9M0,2017-01-12T10:00:00+08:00,230.0,332.0,2.0,20.3,0.78,990.0,-98.0,0.0,-9.9,-99,-999,臺中市,02,豐原區,117
24.2563,120.7123,豐原,C0F9M0,2017-01-12T11:00:00+08:00,230.0,349.0,2.0,21.3,0.73,989.0,-98.0,0.0,-9.9,-99,-999,臺中市,02,豐原區,117
24.2563,120.7123,豐原,C0F9M0,2017-01-12T12:00:00+08:00,230.0,335.0,2.1,22.0,0.70,988.0,-98.0,0.0,-9.9,-99,-999,臺中市,02,豐原區,117
24.2563,120.7123,豐原,C0F9M0,2017-01-12T13:00:00+08:00,230.0,324.0,2.1,21.9,0.75,987.1,-98.0,0.0,-9.9,-99,-999,臺中市,02,豐原區,117
24.2563,120.7123,豐原,C0F9M0,2017-01-12T14:00:00+08:00,230.0,328.0,2.4,21.3,0.79,986.6,-98.0,0.0,-9.9,-99,-999,臺中市,02,豐原區,117
24.2563,120.7123,豐原,C0F9M0,2017-01-12T15:00:00+08:00,230.0,320.0,2.4,20.8,0.80,986.4,-98.0,0.0,-9.9,-99,-999,臺中市,02,豐原區,117
24.2563,120.7123,豐原,C0F9M0,2017-01-12T16:00:00+08:00,230.0,321.0,2.6,19.8,0.86,986.7,-98.0,0.0,-9.9,-99,-999,臺中市,02,豐原區,117
24.2563,120.7123,豐原,C0F9M0,2017-01-12T17:00:00+08:00,230.0,6.0,1.4,19.3,0.87,986.7,-98.0,0.0,-9.9,-99,-999,臺中市,02,豐原區,117
24.2563,120.7123,豐原,C0F9M0,2017-01-12T18:00:00+08:00,230.0,347.0,1.8,19.1,0.88,987.1,-98.0,0.0,-9.9,-99,-999,臺中市,02,豐原區,117
24.2563,120.7123,豐原,C0F9M0,2017-01-12T19:00:00+08:00,230.0,328.0,1.3,18.2,0.94,987.9,-98.0,0.0,-9.9,-99,-999,臺中市,02,豐原區,117
24.2563,120.7123,豐原,C0F9M0,2017-01-12T20:00:00+08:00,230.0,336.0,1.3,18.0,0.97,988.4,-98.0,0.0,-9.9,-99,-999,臺中市,02,豐原區,117
24.2563,120.7123,豐原,C0F9M0,2017-01-12T21:00:00+08:00,230.0,17.0,1.5,18.5,0.92,988.4,-98.0,0.0,-9.9,-99,-999,臺中市,02,豐原區,117
24.2563,120.7123,豐原,C0F9M0,2017-01-13T00:00:00+08:00,230.0,0.0,0.1,18.5,0.92,987.8,-98.0,0.0,-9.9,-99,-999,臺中市,02,豐原區,117
24.2563,120.7123,豐原,C0F9M0,2017-01-13T01:00:00+08:00,230.0,316.0,0.8,17.9,0.95,988.2,-98.0,0.0,-9.9,-99,-999,臺中市,02,豐原區,117
24.2563,120.7123,豐原,C0F9M0,2017-01-13T02:00:00+08:00,230.0,326.0,0.6,17.7,0.95,988.0,-98.0,0.0,-9.9,-99,-999,臺中市,02,豐原區,117
24.2563,120.7123,豐原,C0F9M0,2017-01-13T03:00:00+08:00,230.0,340.0,1.2,17.8,0.95,987.7,-98.0,0.0,-9.9,-99,-999,臺中市,02,豐原區,117
24.2563,120.7123,豐原,C0F9M0,2017-01-13T05:00:00+08:00,230.0,26.0,1.8,17.4,0.90,986.9,-98.0,0.0,-9.9,-99,-999,臺中市,02,豐原區,117
24.2563,120.7123,豐原,C0F9M0,2017-01-13T06:00:00+08:00,230.0,7.0,1.1,17.3,0.90,987.1,-98.0,0.0,-9.9,-99,-999,臺中市,02,豐原區,117
24.2563,120.7123,豐原,C0F9M0,2017-01-13T07:00:00+08:00,230.0,5.0,0.8,16.9,0.91,987.4,-98.0,0.0,-9.9,-99,-999,臺中市,02,豐原區,117
24.2563,120.7123,豐原,C0F9M0,2017-01-13T10:00:00+08:00,230.0,14.0,1.7,17.3,0.82,989.3,-98.0,0.0,-9.9,-99,-999,臺中市,02,豐原區,117
24.2563,120.7123,豐原,C0F9M0,2017-01-13T11:00:00+08:00,230.0,21.0,2.0,17.2,0.80,988.5,-98.0,0.0,-9.9,-99,-999,臺中市,02,豐原區,117
24.2563,120.7123,豐原,C0F9M0,2017-01-13T12:00:00+08:00,230.0,29.0,1.9,18.3,0.77,987.5,-98.0,0.0,-9.9,-99,-999,臺中市,02,豐原區,117
24.2563,120.7123,豐原,C0F9M0,2017-01-13T13:00:00+08:00,230.0,10.0,1.6,17.4,0.80,986.7,-98.0,0.0,-9.9,-99,-999,臺中市,02,豐原區,117
24.2563,120.7123,豐原,C0F9M0,2017-01-13T14:00:00+08:00,230.0,7.0,2.0,17.4,0.79,986.6,-98.0,0.0,-9.9,-99,-999,臺中市,02,豐原區,117
24.2563,120.7123,豐原,C0F9M0,2017-01-13T15:00:00+08:00,230.0,1.0,1.2,16.9,0.82,986.9,-98.0,0.0,-9.9,-99,-999,臺中市,02,豐原區,117
24.2563,120.7123,豐原,C0F9M0,2017-01-13T16:00:00+08:00,230.0,13.0,1.4,16.3,0.85,987.1,-98.0,0.0,-9.9,-99,-999,臺中市,02,豐原區,117
24.2563,120.7123,豐原,C0F9M0,2017-01-13T17:00:00+08:00,230.0,14.0,1.4,16.2,0.85,987.4,-98.0,0.0,-9.9,-99,-999,臺中市,02,豐原區,117
24.2563,120.7123,豐原,C0F9M0,2017-01-13T18:00:00+08:00,230.0,23.0,2.2,15.6,0.88,987.8,-98.0,0.0,-9.9,-99,-999,臺中市,02,豐原區,117
24.2563,120.7123,豐原,C0F9M0,2017-01-13T19:00:00+08:00,230.0,5.0,1.4,15.4,0.88,987.9,-98.0,0.0,-9.9,-99,-999,臺中市,02,豐原區,117
24.2563,120.7123,豐原,C0F9M0,2017-01-13T20:00:00+08:00,230.0,39.0,2.5,15.4,0.87,987.9,-98.0,0.0,-9.9,-99,-999,臺中市,02,豐原區,117
24.2563,120.7123,豐原,C0F9M0,2017-01-13T21:00:00+08:00,230.0,19.0,1.3,15.2,0.89,988.6,-98.0,0.0,-9.9,-99,-999,臺中市,02,豐原區,117
24.2563,120.7123,豐原,C0F9M0,2017-01-13T22:00:00+08:00,230.0,25.0,1.5,15.4,0.89,989.0,-98.0,0.0,-9.9,-99,-999,臺中市,02,豐原區,117
24.2563,120.7123,豐原,C0F9M0,2017-01-13T23:00:00+08:00,230.0,353.0,1.3,14.5,0.92,989.2,-98.0,0.0,-9.9,-99,-999,臺中市,02,豐原區,117
24.2563,120.7123,豐原,C0F9M0,2017-01-14T00:00:00+08:00,230.0,12.0,1.6,14.2,0.93,989.1,-98.0,0.0,-9.9,-99,-999,臺中市,02,豐原區,117
24.2563,120.7123,豐原,C0F9M0,2017-01-14T01:00:00+08:00,230.0,20.0,1.7,14.4,0.92,988.4,-98.0,0.0,-9.9,-99,-999,臺中市,02,豐原區,117
24.2563,120.7123,豐原,C0F9M0,2017-01-14T02:00:00+08:00,230.0,17.0,1.7,14.1,0.94,988.4,-98.0,0.0,-9.9,-99,-999,臺中市,02,豐原區,117
24.2563,120.7123,豐原,C0F9M0,2017-01-14T03:00:00+08:00,230.0,22.0,1.7,13.4,0.95,988.6,-98.0,0.5,-9.9,-99,-999,臺中市,02,豐原區,117
24.2563,120.7123,豐原,C0F9M0,2017-01-14T04:00:00+08:00,230.0,355.0,1.4,13.2,0.96,988.7,-98.0,1.0,-9.9,-99,-999,臺中市,02,豐原區,117
24.2563,120.7123,豐原,C0F9M0,2017-01-14T05:00:00+08:00,230.0,38.0,1.5,12.9,0.95,988.6,-98.0,2.0,-9.9,-99,-999,臺中市,02,豐原區,117
24.2563,120.7123,豐原,C0F9M0,2017-01-14T06:00:00+08:00,230.0,17.0,1.4,12.8,0.93,989.3,-98.0,2.0,-9.9,-99,-999,臺中市,02,豐原區,117
24.2563,120.7123,豐原,C0F9M0,2017-01-14T07:00:00+08:00,230.0,24.0,2.9,12.0,0.94,990.0,-98.0,2.5,-9.9,-99,-999,臺中市,02,豐原區,117
24.2563,120.7123,豐原,C0F9M0,2017-01-14T08:00:00+08:00,230.0,31.0,1.8,12.1,0.93,990.5,-98.0,2.5,-9.9,-99,-999,臺中市,02,豐原區,117
24.2563,120.7123,豐原,C0F9M0,2017-01-14T10:00:00+08:00,230.0,13.0,1.3,12.6,0.95,991.5,-98.0,3.5,-9.9,-99,-999,臺中市,02,豐原區,117
24.2563,120.7123,豐原,C0F9M0,2017-01-14T11:00:00+08:00,230.0,30.0,1.9,14.2,0.87,990.8,-98.0,3.5,-9.9,-99,-999,臺中市,02,豐原區,117
24.2563,120.7123,豐原,C0F9M0,2017-01-14T12:00:00+08:00,230.0,357.0,1.7,14.8,0.84,990.4,-98.0,3.5,-9.9,-99,-999,臺中市,02,豐原區,117
24.2563,120.7123,豐原,C0F9M0,2017-01-14T13:00:00+08:00,230.0,37.0,2.0,15.4,0.82,989.6,-98.0,3.5,-9.9,-99,-999,臺中市,02,豐原區,117
24.2563,120.7123,豐原,C0F9M0,2017-01-14T14:00:00+08:00,230.0,27.0,1.6,16.5,0.79,988.7,-98.0,3.5,-9.9,-99,-999,臺中市,02,豐原區,117
24.2563,120.7123,豐原,C0F9M0,2017-01-14T15:00:00+08:00,230.0,356.0,1.7,16.6,0.78,988.7,-98.0,3.5,-9.9,-99,-999,臺中市,02,豐原區,117
24.2563,120.7123,豐原,C0F9M0,2017-01-14T16:00:00+08:00,230.0,7.0,1.9,15.9,0.80,989.0,-98.0,3.5,-9.9,-99,-999,臺中市,02,豐原區,117
24.2563,120.7123,豐原,C0F9M0,2017-01-14T17:00:00+08:00,230.0,30.0,1.7,15.6,0.81,989.2,-98.0,3.5,-9.9,-99,-999,臺中市,02,豐原區,117
24.2563,120.7123,豐原,C0F9M0,2017-01-14T19:00:00+08:00,230.0,22.0,1.7,14.7,0.80,990.7,-98.0,3.5,-9.9,-99,-999,臺中市,02,豐原區,117
24.2563,120.7123,豐原,C0F9M0,2017-01-14T20:00:00+08:00,230.0,12.0,1.2,14.7,0.81,991.3,-98.0,3.5,-9.9,-99,-999,臺中市,02,豐原區,117
24.2563,120.7123,豐原,C0F9M0,2017-01-14T21:00:00+08:00,230.0,17.0,0.9,14.3,0.81,992.1,-98.0,3.5,-9.9,-99,-999,臺中市,02,豐原區,117
24.2563,120.7123,豐原,C0F9M0,2017-01-14T22:00:00+08:00,230.0,36.0,1.8,13.8,0.88,992.1,-98.0,3.5,-9.9,-99,-999,臺中市,02,豐原區,117
24.2563,120.7123,豐原,C0F9M0,2017-01-14T23:00:00+08:00,230.0,27.0,1.6,13.5,0.89,992.2,-98.0,3.5,-9.9,-99,-999,臺中市,02,豐原區,117
24.2563,120.7123,豐原,C0F9M0,2017-01-15T00:00:00+08:00,230.0,72.0,1.3,14.0,0.86,992.1,-98.0,3.5,-9.9,-99,-999,臺中市,02,豐原區,117
24.2563,120.7123,豐原,C0F9M0,2017-01-15T01:00:00+08:00,230.0,24.0,0.9,14.6,0.86,992.2,-98.0,0.0,-9.9,-99,-999,臺中市,02,豐原區,117
24.2563,120.7123,豐原,C0F9M0,2017-01-15T02:00:00+08:00,230.0,330.0,1.3,13.9,0.89,992.4,-98.0,0.0,-9.9,-99,-999,臺中市,02,豐原區,117
24.2563,120.7123,豐原,C0F9M0,2017-01-15T03:00:00+08:00,230.0,340.0,1.4,13.8,0.90,992.3,-98.0,0.0,-9.9,-99,-999,臺中市,02,豐原區,117
24.2563,120.7123,豐原,C0F9M0,2017-01-15T04:00:00+08:00,230.0,34.0,2.4,14.2,0.89,991.1,-98.0,0.0,-9.9,-99,-999,臺中市,02,豐原區,117
24.2563,120.7123,豐原,C0F9M0,2017-01-15T05:00:00+08:00,230.0,15.0,1.3,14.0,0.90,990.9,-98.0,0.0,-9.9,-99,-999,臺中市,02,豐原區,117
24.2563,120.7123,豐原,C0F9M0,2017-01-15T06:00:00+08:00,230.0,359.0,1.4,13.4,0.90,992.2,-98.0,0.0,-9.9,-99,-999,臺中市,02,豐原區,117
24.2563,120.7123,豐原,C0F9M0,2017-01-15T07:00:00+08:00,230.0,10.0,2.1,13.1,0.89,992.4,-98.0,0.0,-9.9,-99,-999,臺中市,02,豐原區,117
24.2563,120.7123,豐原,C0F9M0,2017-01-15T08:00:00+08:00,230.0,12.0,1.8,13.9,0.87,993.1,-98.0,0.0,-9.9,-99,-999,臺中市,02,豐原區,117
24.2563,120.7123,豐原,C0F9M0,2017-01-15T09:00:00+08:00,230.0,340.0,2.3,14.1,0.85,993.4,-98.0,0.0,-9.9,-99,-999,臺中市,02,豐原區,117
24.2563,120.7123,豐原,C0F9M0,2017-01-15T10:00:00+08:00,230.0,26.0,1.9,13.7,0.85,994.0,-98.0,0.0,-9.9,-99,-999,臺中市,02,豐原區,117
24.2563,120.7123,豐原,C0F9M0,2017-01-15T11:00:00+08:00,230.0,15.0,1.7,14.0,0.88,993.6,-98.0,0.0,-9.9,-99,-999,臺中市,02,豐原區,117
24.2563,120.7123,豐原,C0F9M0,2017-01-15T12:00:00+08:00,230.0,56.0,2.0,15.5,0.82,992.4,-98.0,0.0,-9.9,-99,-999,臺中市,02,豐原區,117
24.2563,120.7123,豐原,C0F9M0,2017-01-15T13:00:00+08:00,230.0,338.0,2.0,15.4,0.81,991.9,-98.0,0.0,-9.9,-99,-999,臺中市,02,豐原區,117
24.2563,120.7123,豐原,C0F9M0,2017-01-15T14:00:00+08:00,230.0,20.0,1.3,15.9,0.80,991.4,-98.0,0.0,-9.9,-99,-999,臺中市,02,豐原區,117
24.2563,120.7123,豐原,C0F9M0,2017-01-15T15:00:00+08:00,230.0,32.0,1.6,15.7,0.81,991.1,-98.0,0.0,-9.9,-99,-999,臺中市,02,豐原區,117
24.2563,120.7123,豐原,C0F9M0,2017-01-15T16:00:00+08:00,230.0,28.0,1.9,15.3,0.81,991.4,-98.0,0.0,-9.9,-99,-999,臺中市,02,豐原區,117
24.2563,120.7123,豐原,C0F9M0,2017-01-15T17:00:00+08:00,230.0,36.0,2.0,15.0,0.82,991.4,-98.0,0.0,-9.9,-99,-999,臺中市,02,豐原區,117
24.2563,120.7123,豐原,C0F9M0,2017-01-15T18:00:00+08:00,230.0,15.0,1.0,14.3,0.85,992.1,-98.0,0.0,-9.9,-99,-999,臺中市,02,豐原區,117
24.2563,120.7123,豐原,C0F9M0,2017-01-15T19:00:00+08:00,230.0,17.0,1.8,14.6,0.83,992.4,-98.0,0.0,-9.9,-99,-999,臺中市,02,豐原區,117
24.2563,120.7123,豐原,C0F9M0,2017-01-15T20:00:00+08:00,230.0,19.0,1.4,13.8,0.85,992.6,-98.0,0.0,-9.9,-99,-999,臺中市,02,豐原區,117
24.2563,120.7123,豐原,C0F9M0,2017-01-15T21:00:00+08:00,230.0,1.0,1.4,14.1,0.85,992.8,-98.0,0.0,-9.9,-99,-999,臺中市,02,豐原區,117
24.2563,120.7123,豐原,C0F9M0,2017-01-15T22:00:00+08:00,230.0,28.0,1.5,13.8,0.85,992.9,-98.0,0.0,-9.9,-99,-999,臺中市,02,豐原區,117
24.2563,120.7123,豐原,C0F9M0,2017-01-15T23:00:00+08:00,230.0,343.0,0.9,13.9,0.86,992.7,-98.0,0.0,-9.9,-99,-999,臺中市,02,豐原區,117
24.2563,120.7123,豐原,C0F9M0,2017-01-16T00:00:00+08:00,230.0,329.0,1.1,13.2,0.89,993.3,-98.0,0.5,-9.9,-99,-999,臺中市,02,豐原區,117
24.2563,120.7123,豐原,C0F9M0,2017-01-16T01:00:00+08:00,230.0,26.0,0.9,13.0,0.93,993.4,-98.0,0.0,-9.9,-99,-999,臺中市,02,豐原區,117
24.2563,120.7123,豐原,C0F9M0,2017-01-16T02:00:00+08:00,230.0,34.0,1.0,13.4,0.93,992.9,-98.0,0.5,-9.9,-99,-999,臺中市,02,豐原區,117
24.2563,120.7123,豐原,C0F9M0,2017-01-16T03:00:00+08:00,230.0,27.0,1.3,13.4,0.92,992.5,-98.0,0.5,-9.9,-99,-999,臺中市,02,豐原區,117
24.2563,120.7123,豐原,C0F9M0,2017-01-16T04:00:00+08:00,230.0,356.0,1.2,13.2,0.93,992.9,-98.0,0.5,-9.9,-99,-999,臺中市,02,豐原區,117
24.2563,120.7123,豐原,C0F9M0,2017-01-16T05:00:00+08:00,230.0,21.0,1.5,13.4,0.92,993.0,-98.0,0.5,-9.9,-99,-999,臺中市,02,豐原區,117
24.2563,120.7123,豐原,C0F9M0,2017-01-16T06:00:00+08:00,230.0,14.0,1.4,13.3,0.92,993.1,-98.0,0.5,-9.9,-99,-999,臺中市,02,豐原區,117
24.2563,120.7123,豐原,C0F9M0,2017-01-16T08:00:00+08:00,230.0,35.0,2.4,14.0,0.86,993.1,-98.0,0.5,-9.9,-99,-999,臺中市,02,豐原區,117
24.2563,120.7123,豐原,C0F9M0,2017-01-16T10:00:00+08:00,230.0,1.0,1.2,15.8,0.81,993.6,-98.0,0.5,-9.9,-99,-999,臺中市,02,豐原區,117
24.2563,120.7123,豐原,C0F9M0,2017-01-16T11:00:00+08:00,230.0,9.0,2.1,16.5,0.75,993.2,-98.0,0.5,-9.9,-99,-999,臺中市,02,豐原區,117
24.2563,120.7123,豐原,C0F9M0,2017-01-16T12:00:00+08:00,230.0,15.0,2.1,16.7,0.73,992.5,-98.0,0.5,-9.9,-99,-999,臺中市,02,豐原區,117
24.2563,120.7123,豐原,C0F9M0,2017-01-16T14:00:00+08:00,230.0,4.0,1.2,17.4,0.71,991.0,-98.0,0.5,-9.9,-99,-999,臺中市,02,豐原區,117
24.2563,120.7123,豐原,C0F9M0,2017-01-16T15:00:00+08:00,230.0,2.0,1.4,18.4,0.68,990.4,-98.0,0.5,-9.9,-99,-999,臺中市,02,豐原區,117
24.2563,120.7123,豐原,C0F9M0,2017-01-16T16:00:00+08:00,230.0,354.0,1.1,19.0,0.67,990.5,-98.0,0.5,-9.9,-99,-999,臺中市,02,豐原區,117
24.2563,120.7123,豐原,C0F9M0,2017-01-16T17:00:00+08:00,230.0,1.0,1.2,17.6,0.73,990.9,-98.0,0.5,-9.9,-99,-999,臺中市,02,豐原區,117
24.2563,120.7123,豐原,C0F9M0,2017-01-16T18:00:00+08:00,230.0,342.0,1.2,16.1,0.80,991.5,-98.0,0.5,-9.9,-99,-999,臺中市,02,豐原區,117
24.2563,120.7123,豐原,C0F9M0,2017-01-16T19:00:00+08:00,230.0,331.0,1.1,15.5,0.83,992.0,-98.0,0.5,-9.9,-99,-999,臺中市,02,豐原區,117
24.2563,120.7123,豐原,C0F9M0,2017-01-16T20:00:00+08:00,230.0,325.0,0.9,15.0,0.85,992.5,-98.0,0.5,-9.9,-99,-999,臺中市,02,豐原區,117
24.2563,120.7123,豐原,C0F9M0,2017-01-16T21:00:00+08:00,230.0,316.0,0.3,14.7,0.87,993.2,-98.0,0.5,-9.9,-99,-999,臺中市,02,豐原區,117
24.2563,120.7123,豐原,C0F9M0,2017-01-16T22:00:00+08:00,230.0,297.0,0.5,14.9,0.87,993.5,-98.0,0.5,-9.9,-99,-999,臺中市,02,豐原區,117
24.2563,120.7123,豐原,C0F9M0,2017-01-16T23:00:00+08:00,230.0,0.0,0.1,14.9,0.87,994.0,-98.0,0.5,-9.9,-99,-999,臺中市,02,豐原區,117
24.2563,120.7123,豐原,C0F9M0,2017-01-17T01:00:00+08:00,230.0,39.0,0.8,14.6,0.93,993.3,-98.0,0.0,-9.9,-99,-999,臺中市,02,豐原區,117
24.2563,120.7123,豐原,C0F9M0,2017-01-17T02:00:00+08:00,230.0,318.0,1.0,14.5,0.94,993.5,-98.0,0.0,-9.9,-99,-999,臺中市,02,豐原區,117
24.2563,120.7123,豐原,C0F9M0,2017-01-17T03:00:00+08:00,230.0,99.0,1.2,15.3,0.88,994.0,-98.0,0.0,-9.9,-99,-999,臺中市,02,豐原區,117
24.2563,120.7123,豐原,C0F9M0,2017-01-17T04:00:00+08:00,230.0,93.0,0.8,16.5,0.84,993.5,-98.0,0.0,-9.9,-99,-999,臺中市,02,豐原區,117
24.2563,120.7123,豐原,C0F9M0,2017-01-17T05:00:00+08:00,230.0,0.0,0.2,16.0,0.88,993.7,-98.0,0.0,-9.9,-99,-999,臺中市,02,豐原區,117
24.2563,120.7123,豐原,C0F9M0,2017-01-17T06:00:00+08:00,230.0,5.0,0.8,14.9,0.90,994.0,-98.0,0.0,-9.9,-99,-999,臺中市,02,豐原區,117
24.2563,120.7123,豐原,C0F9M0,2017-01-17T07:00:00+08:00,230.0,351.0,1.0,14.6,0.90,994.7,-98.0,0.0,-9.9,-99,-999,臺中市,02,豐原區,117
24.2563,120.7123,豐原,C0F9M0,2017-01-17T08:00:00+08:00,230.0,58.0,1.2,16.6,0.85,994.7,-98.0,0.0,-9.9,-99,-999,臺中市,02,豐原區,117
24.2563,120.7123,豐原,C0F9M0,2017-01-17T09:00:00+08:00,230.0,316.0,1.2,17.4,0.80,995.3,-98.0,0.0,-9.9,-99,-999,臺中市,02,豐原區,117
24.2563,120.7123,豐原,C0F9M0,2017-01-17T10:00:00+08:00,230.0,329.0,0.3,19.1,0.71,995.1,-98.0,0.0,-9.9,-99,-999,臺中市,02,豐原區,117
24.2563,120.7123,豐原,C0F9M0,2017-01-17T11:00:00+08:00,230.0,347.0,1.4,19.4,0.68,994.7,-98.0,0.0,-9.9,-99,-999,臺中市,02,豐原區,117
24.2563,120.7123,豐原,C0F9M0,2017-01-17T12:00:00+08:00,230.0,316.0,1.8,21.3,0.62,993.6,-98.0,0.0,-9.9,-99,-999,臺中市,02,豐原區,117
24.2563,120.7123,豐原,C0F9M0,2017-01-17T13:00:00+08:00,230.0,318.0,1.9,20.8,0.68,993.0,-98.0,0.0,-9.9,-99,-999,臺中市,02,豐原區,117
24.2563,120.7123,豐原,C0F9M0,2017-01-17T14:00:00+08:00,230.0,321.0,2.9,19.8,0.74,992.7,-98.0,0.0,-9.9,-99,-999,臺中市,02,豐原區,117
24.2563,120.7123,豐原,C0F9M0,2017-01-17T15:00:00+08:00,230.0,331.0,2.4,19.8,0.73,992.3,-98.0,0.0,-9.9,-99,-999,臺中市,02,豐原區,117
24.2563,120.7123,豐原,C0F9M0,2017-01-17T16:00:00+08:00,230.0,326.0,2.1,20.3,0.72,992.7,-98.0,0.0,-9.9,-99,-999,臺中市,02,豐原區,117
24.2563,120.7123,豐原,C0F9M0,2017-01-17T17:00:00+08:00,230.0,325.0,2.0,18.8,0.80,993.0,-98.0,0.0,-9.9,-99,-999,臺中市,02,豐原區,117
24.2563,120.7123,豐原,C0F9M0,2017-01-17T18:00:00+08:00,230.0,337.0,1.3,17.8,0.85,993.6,-98.0,0.0,-9.9,-99,-999,臺中市,02,豐原區,117
24.2563,120.7123,豐原,C0F9M0,2017-01-17T19:00:00+08:00,230.0,336.0,0.8,17.7,0.85,994.2,-98.0,0.0,-9.9,-99,-999,臺中市,02,豐原區,117
24.2563,120.7123,豐原,C0F9M0,2017-01-17T20:00:00+08:00,230.0,346.0,0.9,17.0,0.91,994.7,-98.0,0.0,-9.9,-99,-999,臺中市,02,豐原區,117
24.2563,120.7123,豐原,C0F9M0,2017-01-17T21:00:00+08:00,230.0,0.0,0.0,17.4,0.88,995.2,-98.0,0.0,-9.9,-99,-999,臺中市,02,豐原區,117
24.2563,120.7123,豐原,C0F9M0,2017-01-17T22:00:00+08:00,230.0,36.0,0.6,17.1,0.90,995.6,-98.0,0.0,-9.9,-99,-999,臺中市,02,豐原區,117
24.2563,120.7123,豐原,C0F9M0,2017-01-17T23:00:00+08:00,230.0,0.0,0.2,16.9,0.90,995.9,-98.0,0.0,-9.9,-99,-999,臺中市,02,豐原區,117
24.2563,120.7123,豐原,C0F9M0,2017-01-18T00:00:00+08:00,230.0,0.0,0.0,17.1,0.90,995.6,-98.0,0.0,-9.9,-99,-999,臺中市,02,豐原區,117
24.2563,120.7123,豐原,C0F9M0,2017-01-18T01:00:00+08:00,230.0,19.0,0.6,17.2,0.90,995.9,-98.0,0.0,-9.9,-99,-999,臺中市,02,豐原區,117
24.2563,120.7123,豐原,C0F9M0,2017-01-18T02:00:00+08:00,230.0,16.0,0.5,16.6,0.92,995.9,-98.0,0.0,-9.9,-99,-999,臺中市,02,豐原區,117
24.2563,120.7123,豐原,C0F9M0,2017-01-18T03:00:00+08:00,230.0,11.0,1.2,16.9,0.93,995.9,-98.0,0.0,-9.9,-99,-999,臺中市,02,豐原區,117
24.2563,120.7123,豐原,C0F9M0,2017-01-18T04:00:00+08:00,230.0,352.0,1.3,16.8,0.97,995.9,-98.0,0.0,-9.9,-99,-999,臺中市,02,豐原區,117
24.2563,120.7123,豐原,C0F9M0,2017-01-18T05:00:00+08:00,230.0,8.0,1.0,16.7,0.95,995.7,-98.0,0.0,-9.9,-99,-999,臺中市,02,豐原區,117
24.2563,120.7123,豐原,C0F9M0,2017-01-18T06:00:00+08:00,230.0,16.0,0.8,16.8,0.95,995.8,-98.0,0.0,-9.9,-99,-999,臺中市,02,豐原區,117
24.2563,120.7123,豐原,C0F9M0,2017-01-18T07:00:00+08:00,230.0,343.0,0.8,17.0,0.96,996.0,-98.0,0.0,-9.9,-99,-999,臺中市,02,豐原區,117
24.2563,120.7123,豐原,C0F9M0,2017-01-18T08:00:00+08:00,230.0,358.0,1.0,18.0,0.91,996.3,-98.0,0.0,-9.9,-99,-999,臺中市,02,豐原區,117
24.2563,120.7123,豐原,C0F9M0,2017-01-18T10:00:00+08:00,230.0,336.0,1.7,19.9,0.80,996.5,-98.0,0.0,-9.9,-99,-999,臺中市,02,豐原區,117
24.2563,120.7123,豐原,C0F9M0,2017-01-18T11:00:00+08:00,230.0,359.0,1.6,21.1,0.73,995.6,-98.0,0.0,-9.9,-99,-999,臺中市,02,豐原區,117
24.2563,120.7123,豐原,C0F9M0,2017-01-18T12:00:00+08:00,230.0,321.0,2.7,21.6,0.73,993.9,-98.0,0.0,-9.9,-99,-999,臺中市,02,豐原區,117
24.2563,120.7123,豐原,C0F9M0,2017-01-18T13:00:00+08:00,230.0,336.0,2.2,21.9,0.71,993.2,-98.0,0.0,-9.9,-99,-999,臺中市,02,豐原區,117
24.2563,120.7123,豐原,C0F9M0,2017-01-18T14:00:00+08:00,230.0,345.0,2.0,22.6,0.70,992.7,-98.0,0.0,-9.9,-99,-999,臺中市,02,豐原區,117
24.2563,120.7123,豐原,C0F9M0,2017-01-18T15:00:00+08:00,230.0,32.0,2.2,21.8,0.71,992.8,-98.0,0.0,-9.9,-99,-999,臺中市,02,豐原區,117
24.2563,120.7123,豐原,C0F9M0,2017-01-18T16:00:00+08:00,230.0,1.0,1.7,20.8,0.79,992.9,-98.0,0.0,-9.9,-99,-999,臺中市,02,豐原區,117
24.2563,120.7123,豐原,C0F9M0,2017-01-18T18:00:00+08:00,230.0,25.0,1.3,18.5,0.90,993.5,-98.0,0.0,-9.9,-99,-999,臺中市,02,豐原區,117
24.2563,120.7123,豐原,C0F9M0,2017-01-18T19:00:00+08:00,230.0,359.0,1.3,18.1,0.91,993.7,-98.0,0.0,-9.9,-99,-999,臺中市,02,豐原區,117
24.2563,120.7123,豐原,C0F9M0,2017-01-18T20:00:00+08:00,230.0,18.0,1.1,18.0,0.92,993.8,-98.0,0.0,-9.9,-99,-999,臺中市,02,豐原區,117
24.2563,120.7123,豐原,C0F9M0,2017-01-18T21:00:00+08:00,230.0,351.0,0.9,17.8,0.92,994.4,-98.0,0.0,-9.9,-99,-999,臺中市,02,豐原區,117
24.2563,120.7123,豐原,C0F9M0,2017-01-18T22:00:00+08:00,230.0,41.0,0.9,17.7,0.92,994.4,-98.0,0.0,-9.9,-99,-999,臺中市,02,豐原區,117
24.2563,120.7123,豐原,C0F9M0,2017-01-18T23:00:00+08:00,230.0,9.0,1.1,17.5,0.91,994.7,-98.0,0.0,-9.9,-99,-999,臺中市,02,豐原區,117
24.2563,120.7123,豐原,C0F9M0,2017-01-19T00:00:00+08:00,230.0,63.0,0.8,17.0,0.93,994.9,-98.0,0.0,-9.9,-99,-999,臺中市,02,豐原區,117
24.2563,120.7123,豐原,C0F9M0,2017-01-19T01:00:00+08:00,230.0,0.0,0.2,17.3,0.91,994.6,-98.0,0.0,-9.9,-99,-999,臺中市,02,豐原區,117
24.2563,120.7123,豐原,C0F9M0,2017-01-19T02:00:00+08:00,230.0,323.0,0.9,17.3,0.87,994.2,-98.0,0.0,-9.9,-99,-999,臺中市,02,豐原區,117
24.2563,120.7123,豐原,C0F9M0,2017-01-19T03:00:00+08:00,230.0,39.0,1.3,17.6,0.82,994.2,-98.0,0.0,-9.9,-99,-999,臺中市,02,豐原區,117
24.2563,120.7123,豐原,C0F9M0,2017-01-19T04:00:00+08:00,230.0,43.0,1.1,18.1,0.79,994.2,-98.0,0.0,-9.9,-99,-999,臺中市,02,豐原區,117
24.2563,120.7123,豐原,C0F9M0,2017-01-19T05:00:00+08:00,230.0,12.0,0.5,17.7,0.83,994.5,-98.0,0.0,-9.9,-99,-999,臺中市,02,豐原區,117
24.2563,120.7123,豐原,C0F9M0,2017-01-19T06:00:00+08:00,230.0,326.0,1.5,17.6,0.83,994.4,-98.0,0.0,-9.9,-99,-999,臺中市,02,豐原區,117
24.2563,120.7123,豐原,C0F9M0,2017-01-19T07:00:00+08:00,230.0,342.0,0.6,17.4,0.87,994.8,-98.0,0.0,-9.9,-99,-999,臺中市,02,豐原區,117
24.2563,120.7123,豐原,C0F9M0,2017-01-19T08:00:00+08:00,230.0,23.0,1.6,18.0,0.90,995.5,-98.0,0.0,-9.9,-99,-999,臺中市,02,豐原區,117
24.2563,120.7123,豐原,C0F9M0,2017-01-19T09:00:00+08:00,230.0,39.0,1.7,19.8,0.77,995.4,-98.0,0.0,-9.9,-99,-999,臺中市,02,豐原區,117
24.2563,120.7123,豐原,C0F9M0,2017-01-19T10:00:00+08:00,230.0,9.0,1.8,21.6,0.69,995.3,-98.0,0.0,-9.9,-99,-999,臺中市,02,豐原區,117
24.2563,120.7123,豐原,C0F9M0,2017-01-19T11:00:00+08:00,230.0,330.0,2.0,22.6,0.69,994.7,-98.0,0.0,-9.9,-99,-999,臺中市,02,豐原區,117
24.2563,120.7123,豐原,C0F9M0,2017-01-19T12:00:00+08:00,230.0,327.0,1.1,23.4,0.68,993.3,-98.0,0.0,-9.9,-99,-999,臺中市,02,豐原區,117
24.2563,120.7123,豐原,C0F9M0,2017-01-19T13:00:00+08:00,230.0,332.0,1.5,24.1,0.64,992.1,-98.0,0.0,-9.9,-99,-999,臺中市,02,豐原區,117
24.2563,120.7123,豐原,C0F9M0,2017-01-19T14:00:00+08:00,230.0,336.0,1.2,24.2,0.59,991.1,-98.0,0.0,-9.9,-99,-999,臺中市,02,豐原區,117
24.2563,120.7123,豐原,C0F9M0,2017-01-19T15:00:00+08:00,230.0,311.0,2.5,24.0,0.63,990.7,-98.0,0.0,-9.9,-99,-999,臺中市,02,豐原區,117
24.2563,120.7123,豐原,C0F9M0,2017-01-19T17:00:00+08:00,230.0,4.0,1.4,20.0,0.80,991.5,-98.0,0.0,-9.9,-99,-999,臺中市,02,豐原區,117
24.2563,120.7123,豐原,C0F9M0,2017-01-19T18:00:00+08:00,230.0,3.0,1.7,18.6,0.86,991.8,-98.0,0.0,-9.9,-99,-999,臺中市,02,豐原區,117
24.2563,120.7123,豐原,C0F9M0,2017-01-19T19:00:00+08:00,230.0,22.0,1.1,18.4,0.88,992.2,-98.0,0.0,-9.9,-99,-999,臺中市,02,豐原區,117
24.2563,120.7123,豐原,C0F9M0,2017-01-19T20:00:00+08:00,230.0,360.0,1.0,18.2,0.88,992.5,-98.0,0.0,-9.9,-99,-999,臺中市,02,豐原區,117
24.2563,120.7123,豐原,C0F9M0,2017-01-19T21:00:00+08:00,230.0,25.0,1.3,18.1,0.89,992.8,-98.0,0.0,-9.9,-99,-999,臺中市,02,豐原區,117
24.2563,120.7123,豐原,C0F9M0,2017-01-19T22:00:00+08:00,230.0,40.0,1.8,17.8,0.90,992.9,-98.0,0.0,-9.9,-99,-999,臺中市,02,豐原區,117
24.2563,120.7123,豐原,C0F9M0,2017-01-19T23:00:00+08:00,230.0,17.0,1.2,17.8,0.89,993.1,-98.0,0.0,-9.9,-99,-999,臺中市,02,豐原區,117
24.2563,120.7123,豐原,C0F9M0,2017-01-20T00:00:00+08:00,230.0,335.0,0.9,17.2,0.91,993.2,-98.0,0.0,-9.9,-99,-999,臺中市,02,豐原區,117
24.2563,120.7123,豐原,C0F9M0,2017-01-20T01:00:00+08:00,230.0,22.0,2.0,16.9,0.93,993.4,-98.0,0.0,-9.9,-99,-999,臺中市,02,豐原區,117
24.2563,120.7123,豐原,C0F9M0,2017-01-20T02:00:00+08:00,230.0,25.0,1.7,17.0,0.92,993.5,-98.0,0.0,-9.9,-99,-999,臺中市,02,豐原區,117
24.2563,120.7123,豐原,C0F9M0,2017-01-20T03:00:00+08:00,230.0,15.0,1.2,16.8,0.91,993.3,-98.0,0.0,-9.9,-99,-999,臺中市,02,豐原區,117
24.2563,120.7123,豐原,C0F9M0,2017-01-20T04:00:00+08:00,230.0,21.0,1.9,16.0,0.91,993.3,-98.0,0.0,-9.9,-99,-999,臺中市,02,豐原區,117
24.2563,120.7123,豐原,C0F9M0,2017-01-20T05:00:00+08:00,230.0,14.0,2.0,15.3,0.90,993.6,-98.0,0.0,-9.9,-99,-999,臺中市,02,豐原區,117
24.2563,120.7123,豐原,C0F9M0,2017-01-20T06:00:00+08:00,230.0,20.0,1.5,14.8,0.89,994.2,-98.0,0.0,-9.9,-99,-999,臺中市,02,豐原區,117
24.2563,120.7123,豐原,C0F9M0,2017-01-20T07:00:00+08:00,230.0,25.0,2.5,14.2,0.89,994.7,-98.0,0.0,-9.9,-99,-999,臺中市,02,豐原區,117
24.2563,120.7123,豐原,C0F9M0,2017-01-20T08:00:00+08:00,230.0,22.0,2.4,14.5,0.85,995.1,-98.0,0.0,-9.9,-99,-999,臺中市,02,豐原區,117
24.2563,120.7123,豐原,C0F9M0,2017-01-20T09:00:00+08:00,230.0,3.0,2.3,15.4,0.80,995.8,-98.0,0.0,-9.9,-99,-999,臺中市,02,豐原區,117
24.2563,120.7123,豐原,C0F9M0,2017-01-20T10:00:00+08:00,230.0,7.0,2.3,16.1,0.77,995.9,-98.0,0.0,-9.9,-99,-999,臺中市,02,豐原區,117
24.2563,120.7123,豐原,C0F9M0,2017-01-20T11:00:00+08:00,230.0,8.0,1.9,16.5,0.74,995.6,-98.0,0.0,-9.9,-99,-999,臺中市,02,豐原區,117
24.2563,120.7123,豐原,C0F9M0,2017-01-20T12:00:00+08:00,230.0,19.0,2.3,16.8,0.71,994.8,-98.0,0.0,-9.9,-99,-999,臺中市,02,豐原區,117
24.2563,120.7123,豐原,C0F9M0,2017-01-20T13:00:00+08:00,230.0,6.0,2.3,16.7,0.69,993.6,-98.0,0.0,-9.9,-99,-999,臺中市,02,豐原區,117
24.2563,120.7123,豐原,C0F9M0,2017-01-20T14:00:00+08:00,230.0,18.0,2.9,16.4,0.68,993.1,-98.0,0.0,-9.9,-99,-999,臺中市,02,豐原區,117
24.2563,120.7123,豐原,C0F9M0,2017-01-20T15:00:00+08:00,230.0,359.0,2.5,16.6,0.66,992.8,-98.0,0.0,-9.9,-99,-999,臺中市,02,豐原區,117
24.2563,120.7123,豐原,C0F9M0,2017-01-20T16:00:00+08:00,230.0,13.0,2.6,15.0,0.70,993.1,-98.0,0.0,-9.9,-99,-999,臺中市,02,豐原區,117
24.2563,120.7123,豐原,C0F9M0,2017-01-20T17:00:00+08:00,230.0,25.0,2.8,13.7,0.72,993.5,-98.0,0.0,-9.9,-99,-999,臺中市,02,豐原區,117
24.2563,120.7123,豐原,C0F9M0,2017-01-20T18:00:00+08:00,230.0,22.0,1.9,12.3,0.75,994.2,-98.0,0.0,-9.9,-99,-999,臺中市,02,豐原區,117
24.2563,120.7123,豐原,C0F9M0,2017-01-20T19:00:00+08:00,230.0,15.0,1.5,11.7,0.77,994.7,-98.0,0.0,-9.9,-99,-999,臺中市,02,豐原區,117
24.2563,120.7123,豐原,C0F9M0,2017-01-20T20:00:00+08:00,230.0,9.0,1.4,11.6,0.76,995.0,-98.0,0.0,-9.9,-99,-999,臺中市,02,豐原區,117
24.2563,120.7123,豐原,C0F9M0,2017-01-20T21:00:00+08:00,230.0,19.0,1.7,11.5,0.73,995.5,-98.0,0.0,-9.9,-99,-999,臺中市,02,豐原區,117
24.2563,120.7123,豐原,C0F9M0,2017-01-20T22:00:00+08:00,230.0,23.0,1.9,11.7,0.72,995.7,-98.0,0.0,-9.9,-99,-999,臺中市,02,豐原區,117
24.2563,120.7123,豐原,C0F9M0,2017-01-20T23:00:00+08:00,230.0,22.0,1.7,11.6,0.72,995.5,-98.0,0.0,-9.9,-99,-999,臺中市,02,豐原區,117
24.2563,120.7123,豐原,C0F9M0,2017-01-21T00:00:00+08:00,230.0,353.0,1.1,11.6,0.73,995.7,-98.0,0.0,-9.9,-99,-999,臺中市,02,豐原區,117
24.2563,120.7123,豐原,C0F9M0,2017-01-21T01:00:00+08:00,230.0,10.0,1.4,11.5,0.72,995.9,-98.0,0.0,-9.9,-99,-999,臺中市,02,豐原區,117
24.2563,120.7123,豐原,C0F9M0,2017-01-21T02:00:00+08:00,230.0,10.0,1.5,11.5,0.72,995.9,-98.0,0.0,-9.9,-99,-999,臺中市,02,豐原區,117
24.2563,120.7123,豐原,C0F9M0,2017-01-21T03:00:00+08:00,230.0,24.0,2.0,11.4,0.72,995.9,-98.0,0.0,-9.9,-99,-999,臺中市,02,豐原區,117
24.2563,120.7123,豐原,C0F9M0,2017-01-21T04:00:00+08:00,230.0,34.0,1.3,11.8,0.72,995.9,-98.0,0.0,-9.9,-99,-999,臺中市,02,豐原區,117
24.2563,120.7123,豐原,C0F9M0,2017-01-21T05:00:00+08:00,230.0,38.0,1.6,11.8,0.73,996.3,-98.0,0.0,-9.9,-99,-999,臺中市,02,豐原區,117
24.2563,120.7123,豐原,C0F9M0,2017-01-21T06:00:00+08:00,230.0,360.0,1.4,11.6,0.74,996.9,-98.0,0.0,-9.9,-99,-999,臺中市,02,豐原區,117
24.2563,120.7123,豐原,C0F9M0,2017-01-21T07:00:00+08:00,230.0,27.0,1.3,11.5,0.75,997.6,-98.0,0.0,-9.9,-99,-999,臺中市,02,豐原區,117
24.2563,120.7123,豐原,C0F9M0,2017-01-21T08:00:00+08:00,230.0,42.0,1.9,12.0,0.74,998.2,-98.0,0.0,-9.9,-99,-999,臺中市,02,豐原區,117
24.2563,120.7123,豐原,C0F9M0,2017-01-21T11:00:00+08:00,230.0,343.0,1.2,16.0,0.63,998.2,-98.0,0.0,-9.9,-99,-999,臺中市,02,豐原區,117
24.2563,120.7123,豐原,C0F9M0,2017-01-21T12:00:00+08:00,230.0,35.0,2.5,16.8,0.61,997.3,-98.0,0.0,-9.9,-99,-999,臺中市,02,豐原區,117
24.2563,120.7123,豐原,C0F9M0,2017-01-21T13:00:00+08:00,230.0,344.0,1.7,18.9,0.56,996.1,-98.0,0.0,-9.9,-99,-999,臺中市,02,豐原區,117
24.2563,120.7123,豐原,C0F9M0,2017-01-21T14:00:00+08:00,230.0,318.0,3.4,20.0,0.54,995.3,-98.0,0.0,-9.9,-99,-999,臺中市,02,豐原區,117
24.2563,120.7123,豐原,C0F9M0,2017-01-21T15:00:00+08:00,230.0,345.0,2.3,17.8,0.58,995.2,-98.0,0.0,-9.9,-99,-999,臺中市,02,豐原區,117
24.2563,120.7123,豐原,C0F9M0,2017-01-21T16:00:00+08:00,230.0,11.0,2.1,16.4,0.64,995.3,-98.0,0.0,-9.9,-99,-999,臺中市,02,豐原區,117
24.2563,120.7123,豐原,C0F9M0,2017-01-21T17:00:00+08:00,230.0,3.0,1.7,16.2,0.65,995.4,-98.0,0.0,-9.9,-99,-999,臺中市,02,豐原區,117
24.2563,120.7123,豐原,C0F9M0,2017-01-21T18:00:00+08:00,230.0,16.0,1.2,14.6,0.72,996.1,-98.0,0.0,-9.9,-99,-999,臺中市,02,豐原區,117
24.2563,120.7123,豐原,C0F9M0,2017-01-21T19:00:00+08:00,230.0,27.0,1.5,14.1,0.75,996.6,-98.0,0.0,-9.9,-99,-999,臺中市,02,豐原區,117
24.2563,120.7123,豐原,C0F9M0,2017-01-21T20:00:00+08:00,230.0,19.0,1.8,13.2,0.78,997.3,-98.0,0.0,-9.9,-99,-999,臺中市,02,豐原區,117
24.2563,120.7123,豐原,C0F9M0,2017-01-21T21:00:00+08:00,230.0,2.0,1.4,12.9,0.81,997.9,-98.0,0.0,-9.9,-99,-999,臺中市,02,豐原區,117
24.2563,120.7123,豐原,C0F9M0,2017-01-21T22:00:00+08:00,230.0,12.0,1.5,12.5,0.82,998.1,-98.0,0.0,-9.9,-99,-999,臺中市,02,豐原區,117
24.2563,120.7123,豐原,C0F9M0,2017-01-21T23:00:00+08:00,230.0,19.0,1.3,12.8,0.77,998.0,-98.0,0.0,-9.9,-99,-999,臺中市,02,豐原區,117
24.2563,120.7123,豐原,C0F9M0,2017-01-22T00:00:00+08:00,230.0,12.0,2.2,12.4,0.79,998.2,-98.0,0.0,-9.9,-99,-999,臺中市,02,豐原區,117
24.2563,120.7123,豐原,C0F9M0,2017-01-22T01:00:00+08:00,230.0,17.0,1.7,12.3,0.78,998.0,-98.0,0.0,-9.9,-99,-999,臺中市,02,豐原區,117
24.2563,120.7123,豐原,C0F9M0,2017-01-22T02:00:00+08:00,230.0,22.0,1.3,12.8,0.75,998.0,-98.0,0.0,-9.9,-99,-999,臺中市,02,豐原區,117
24.2563,120.7123,豐原,C0F9M0,2017-01-22T03:00:00+08:00,230.0,13.0,1.5,13.0,0.74,997.6,-98.0,0.0,-9.9,-99,-999,臺中市,02,豐原區,117
24.2563,120.7123,豐原,C0F9M0,2017-01-22T05:00:00+08:00,230.0,13.0,1.6,12.7,0.80,998.2,-98.0,0.0,-9.9,-99,-999,臺中市,02,豐原區,117
24.2563,120.7123,豐原,C0F9M0,2017-01-22T06:00:00+08:00,230.0,24.0,2.5,12.7,0.79,998.7,-98.0,0.0,-9.9,-99,-999,臺中市,02,豐原區,117
24.2563,120.7123,豐原,C0F9M0,2017-01-22T07:00:00+08:00,230.0,23.0,2.0,12.7,0.77,998.8,-98.0,0.0,-9.9,-99,-999,臺中市,02,豐原區,117
24.2563,120.7123,豐原,C0F9M0,2017-01-22T08:00:00+08:00,230.0,16.0,1.8,13.4,0.73,998.9,-98.0,0.0,-9.9,-99,-999,臺中市,02,豐原區,117
24.2563,120.7123,豐原,C0F9M0,2017-01-22T09:00:00+08:00,230.0,17.0,1.8,14.7,0.67,999.3,-98.0,0.0,-9.9,-99,-999,臺中市,02,豐原區,117
24.2563,120.7123,豐原,C0F9M0,2017-01-22T10:00:00+08:00,230.0,335.0,2.8,16.3,0.58,999.3,-98.0,0.0,-9.9,-99,-999,臺中市,02,豐原區,117
24.2563,120.7123,豐原,C0F9M0,2017-01-22T11:00:00+08:00,230.0,8.0,2.5,17.0,0.53,998.7,-98.0,0.0,-9.9,-99,-999,臺中市,02,豐原區,117
24.2563,120.7123,豐原,C0F9M0,2017-01-22T13:00:00+08:00,230.0,354.0,2.2,19.4,0.46,996.4,-98.0,0.0,-9.9,-99,-999,臺中市,02,豐原區,117
24.2563,120.7123,豐原,C0F9M0,2017-01-22T14:00:00+08:00,230.0,352.0,2.6,19.3,0.45,995.8,-98.0,0.0,-9.9,-99,-999,臺中市,02,豐原區,117
24.2563,120.7123,豐原,C0F9M0,2017-01-22T15:00:00+08:00,230.0,18.0,2.1,19.2,0.45,994.9,-98.0,0.0,-9.9,-99,-999,臺中市,02,豐原區,117
24.2563,120.7123,豐原,C0F9M0,2017-01-22T16:00:00+08:00,230.0,6.0,2.3,18.7,0.47,994.6,-98.0,0.0,-9.9,-99,-999,臺中市,02,豐原區,117
24.2563,120.7123,豐原,C0F9M0,2017-01-22T17:00:00+08:00,230.0,11.0,2.0,16.8,0.52,994.8,-98.0,0.0,-9.9,-99,-999,臺中市,02,豐原區,117
24.2563,120.7123,豐原,C0F9M0,2017-01-22T18:00:00+08:00,230.0,3.0,1.5,14.9,0.59,995.0,-98.0,0.0,-9.9,-99,-999,臺中市,02,豐原區,117
24.2563,120.7123,豐原,C0F9M0,2017-01-22T19:00:00+08:00,230.0,19.0,1.4,13.2,0.66,996.0,-98.0,0.0,-9.9,-99,-999,臺中市,02,豐原區,117
24.2563,120.7123,豐原,C0F9M0,2017-01-22T20:00:00+08:00,230.0,359.0,1.4,12.6,0.69,996.9,-98.0,0.0,-9.9,-99,-999,臺中市,02,豐原區,117
24.2563,120.7123,豐原,C0F9M0,2017-01-22T21:00:00+08:00,230.0,3.0,1.5,12.4,0.70,997.3,-98.0,0.0,-9.9,-99,-999,臺中市,02,豐原區,117
24.2563,120.7123,豐原,C0F9M0,2017-01-22T22:00:00+08:00,230.0,5.0,1.3,12.4,0.71,997.5,-98.0,0.0,-9.9,-99,-999,臺中市,02,豐原區,117
24.2563,120.7123,豐原,C0F9M0,2017-01-22T23:00:00+08:00,230.0,32.0,1.4,12.4,0.71,997.2,-98.0,0.0,-9.9,-99,-999,臺中市,02,豐原區,117
24.2563,120.7123,豐原,C0F9M0,2017-01-23T00:00:00+08:00,230.0,14.0,1.4,12.5,0.72,996.9,-98.0,0.0,-9.9,-99,-999,臺中市,02,豐原區,117
24.2563,120.7123,豐原,C0F9M0,2017-01-23T01:00:00+08:00,230.0,21.0,1.6,12.6,0.73,996.7,-98.0,0.0,-9.9,-99,-999,臺中市,02,豐原區,117
24.2563,120.7123,豐原,C0F9M0,2017-01-23T02:00:00+08:00,230.0,29.0,1.0,12.7,0.72,996.9,-98.0,0.0,-9.9,-99,-999,臺中市,02,豐原區,117
24.2563,120.7123,豐原,C0F9M0,2017-01-23T03:00:00+08:00,230.0,30.0,1.2,12.7,0.73,996.8,-98.0,0.0,-9.9,-99,-999,臺中市,02,豐原區,117
24.2563,120.7123,豐原,C0F9M0,2017-01-23T04:00:00+08:00,230.0,38.0,1.2,13.0,0.75,996.5,-98.0,0.0,-9.9,-99,-999,臺中市,02,豐原區,117
24.2563,120.7123,豐原,C0F9M0,2017-01-23T05:00:00+08:00,230.0,20.0,0.8,13.0,0.76,996.8,-98.0,0.0,-9.9,-99,-999,臺中市,02,豐原區,117
24.2563,120.7123,豐原,C0F9M0,2017-01-23T06:00:00+08:00,230.0,39.0,1.2,13.0,0.75,997.1,-98.0,0.0,-9.9,-99,-999,臺中市,02,豐原區,117
24.2563,120.7123,豐原,C0F9M0,2017-01-23T07:00:00+08:00,230.0,29.0,1.7,13.2,0.72,997.8,-98.0,0.0,-9.9,-99,-999,臺中市,02,豐原區,117
24.2563,120.7123,豐原,C0F9M0,2017-01-23T08:00:00+08:00,230.0,33.0,1.3,13.8,0.70,998.3,-98.0,0.0,-9.9,-99,-999,臺中市,02,豐原區,117
24.2563,120.7123,豐原,C0F9M0,2017-01-23T11:00:00+08:00,230.0,316.0,2.3,18.1,0.56,998.5,-98.0,0.0,-9.9,-99,-999,臺中市,02,豐原區,117
24.2563,120.7123,豐原,C0F9M0,2017-01-23T12:00:00+08:00,230.0,338.0,1.4,19.3,0.52,997.6,-98.0,0.0,-9.9,-99,-999,臺中市,02,豐原區,117
24.2563,120.7123,豐原,C0F9M0,2017-01-23T13:00:00+08:00,230.0,346.0,1.5,20.0,0.49,996.6,-98.0,0.0,-9.9,-99,-999,臺中市,02,豐原區,117
24.2563,120.7123,豐原,C0F9M0,2017-01-23T14:00:00+08:00,230.0,343.0,1.5,20.7,0.48,995.6,-98.0,0.0,-9.9,-99,-999,臺中市,02,豐原區,117
24.2563,120.7123,豐原,C0F9M0,2017-01-23T15:00:00+08:00,230.0,343.0,1.9,20.0,0.50,995.3,-98.0,0.0,-9.9,-99,-999,臺中市,02,豐原區,117
24.2563,120.7123,豐原,C0F9M0,2017-01-23T16:00:00+08:00,230.0,4.0,1.6,18.0,0.56,995.8,-98.0,0.0,-9.9,-99,-999,臺中市,02,豐原區,117
24.2563,120.7123,豐原,C0F9M0,2017-01-23T17:00:00+08:00,230.0,12.0,1.7,17.2,0.60,996.0,-98.0,0.0,-9.9,-99,-999,臺中市,02,豐原區,117
24.2563,120.7123,豐原,C0F9M0,2017-01-23T18:00:00+08:00,230.0,14.0,0.7,16.0,0.64,996.5,-98.0,0.0,-9.9,-99,-999,臺中市,02,豐原區,117
24.2563,120.7123,豐原,C0F9M0,2017-01-23T20:00:00+08:00,230.0,333.0,2.0,14.8,0.69,997.1,-98.0,0.0,-9.9,-99,-999,臺中市,02,豐原區,117
24.2563,120.7123,豐原,C0F9M0,2017-01-23T22:00:00+08:00,230.0,329.0,1.1,14.0,0.73,997.7,-98.0,0.0,-9.9,-99,-999,臺中市,02,豐原區,117
24.2563,120.7123,豐原,C0F9M0,2017-01-23T23:00:00+08:00,230.0,322.0,1.8,13.5,0.73,998.1,-98.0,0.0,-9.9,-99,-999,臺中市,02,豐原區,117
24.2563,120.7123,豐原,C0F9M0,2017-01-24T00:00:00+08:00,230.0,350.0,0.4,13.7,0.73,998.1,-98.0,0.0,-9.9,-99,-999,臺中市,02,豐原區,117
24.2563,120.7123,豐原,C0F9M0,2017-01-24T02:00:00+08:00,230.0,320.0,0.7,13.9,0.77,997.8,-98.0,0.0,-9.9,-99,-999,臺中市,02,豐原區,117
24.2563,120.7123,豐原,C0F9M0,2017-01-24T03:00:00+08:00,230.0,315.0,1.2,13.6,0.76,997.5,-98.0,0.0,-9.9,-99,-999,臺中市,02,豐原區,117
24.2563,120.7123,豐原,C0F9M0,2017-01-24T05:00:00+08:00,230.0,342.0,0.9,14.6,0.76,997.1,-98.0,0.0,-9.9,-99,-999,臺中市,02,豐原區,117
24.2563,120.7123,豐原,C0F9M0,2017-01-24T06:00:00+08:00,230.0,29.0,1.0,14.8,0.76,997.5,-98.0,0.0,-9.9,-99,-999,臺中市,02,豐原區,117
24.2563,120.7123,豐原,C0F9M0,2017-01-24T07:00:00+08:00,230.0,354.0,1.1,15.4,0.74,997.8,-98.0,0.0,-9.9,-99,-999,臺中市,02,豐原區,117
24.2563,120.7123,豐原,C0F9M0,2017-01-24T08:00:00+08:00,230.0,298.0,1.5,15.3,0.74,998.4,-98.0,0.0,-9.9,-99,-999,臺中市,02,豐原區,117
24.2563,120.7123,豐原,C0F9M0,2017-01-24T10:00:00+08:00,230.0,318.0,1.8,17.2,0.66,999.1,-98.0,0.0,-9.9,-99,-999,臺中市,02,豐原區,117
24.2563,120.7123,豐原,C0F9M0,2017-01-24T12:00:00+08:00,230.0,315.0,1.9,18.7,0.62,998.1,-98.0,0.0,-9.9,-99,-999,臺中市,02,豐原區,117
24.2563,120.7123,豐原,C0F9M0,2017-01-24T13:00:00+08:00,230.0,328.0,1.5,19.8,0.59,997.1,-98.0,0.0,-9.9,-99,-999,臺中市,02,豐原區,117
24.2563,120.7123,豐原,C0F9M0,2017-01-24T14:00:00+08:00,230.0,326.0,2.2,19.6,0.61,996.6,-98.0,0.0,-9.9,-99,-999,臺中市,02,豐原區,117
24.2563,120.7123,豐原,C0F9M0,2017-01-24T15:00:00+08:00,230.0,349.0,1.5,20.0,0.60,996.5,-98.0,0.0,-9.9,-99,-999,臺中市,02,豐原區,117
24.2563,120.7123,豐原,C0F9M0,2017-01-24T16:00:00+08:00,230.0,12.0,1.8,19.2,0.63,996.5,-98.0,0.0,-9.9,-99,-999,臺中市,02,豐原區,117
24.2563,120.7123,豐原,C0F9M0,2017-01-24T17:00:00+08:00,230.0,5.0,1.3,18.0,0.68,997.1,-98.0,0.0,-9.9,-99,-999,臺中市,02,豐原區,117
24.2563,120.7123,豐原,C0F9M0,2017-01-24T18:00:00+08:00,230.0,356.0,1.7,16.3,0.74,997.4,-98.0,0.0,-9.9,-99,-999,臺中市,02,豐原區,117
24.2563,120.7123,豐原,C0F9M0,2017-01-24T19:00:00+08:00,230.0,17.0,1.7,15.3,0.79,998.1,-98.0,0.0,-9.9,-99,-999,臺中市,02,豐原區,117
24.2563,120.7123,豐原,C0F9M0,2017-01-24T20:00:00+08:00,230.0,3.0,1.4,15.0,0.80,998.7,-98.0,0.0,-9.9,-99,-999,臺中市,02,豐原區,117
24.2563,120.7123,豐原,C0F9M0,2017-01-24T21:00:00+08:00,230.0,3.0,1.3,14.5,0.81,998.9,-98.0,0.0,-9.9,-99,-999,臺中市,02,豐原區,117
24.2563,120.7123,豐原,C0F9M0,2017-01-24T22:00:00+08:00,230.0,14.0,1.6,14.1,0.82,999.1,-98.0,0.0,-9.9,-99,-999,臺中市,02,豐原區,117
24.2563,120.7123,豐原,C0F9M0,2017-01-24T23:00:00+08:00,230.0,16.0,1.5,13.9,0.82,999.1,-98.0,0.0,-9.9,-99,-999,臺中市,02,豐原區,117
24.2563,120.7123,豐原,C0F9M0,2017-01-25T00:00:00+08:00,230.0,37.0,1.2,14.1,0.82,999.0,-98.0,0.0,-9.9,-99,-999,臺中市,02,豐原區,117
24.2563,120.7123,豐原,C0F9M0,2017-01-25T02:00:00+08:00,230.0,357.0,0.8,13.8,0.84,998.0,-98.0,0.0,-9.9,-99,-999,臺中市,02,豐原區,117
24.2563,120.7123,豐原,C0F9M0,2017-01-25T03:00:00+08:00,230.0,24.0,0.4,13.7,0.84,997.6,-98.0,0.0,-9.9,-99,-999,臺中市,02,豐原區,117
24.2563,120.7123,豐原,C0F9M0,2017-01-25T04:00:00+08:00,230.0,12.0,0.7,13.7,0.85,997.6,-98.0,0.0,-9.9,-99,-999,臺中市,02,豐原區,117
24.2563,120.7123,豐原,C0F9M0,2017-01-25T05:00:00+08:00,230.0,41.0,1.0,14.0,0.84,997.5,-98.0,0.0,-9.9,-99,-999,臺中市,02,豐原區,117
24.2563,120.7123,豐原,C0F9M0,2017-01-25T06:00:00+08:00,230.0,342.0,1.4,13.5,0.86,998.0,-98.0,0.0,-9.9,-99,-999,臺中市,02,豐原區,117
24.2563,120.7123,豐原,C0F9M0,2017-01-25T07:00:00+08:00,230.0,350.0,1.2,13.6,0.86,998.0,-98.0,0.0,-9.9,-99,-999,臺中市,02,豐原區,117
24.2563,120.7123,豐原,C0F9M0,2017-01-25T08:00:00+08:00,230.0,5.0,1.2,14.1,0.85,998.5,-98.0,0.0,-9.9,-99,-999,臺中市,02,豐原區,117
24.2563,120.7123,豐原,C0F9M0,2017-01-25T09:00:00+08:00,230.0,4.0,1.2,15.5,0.79,998.5,-98.0,0.0,-9.9,-99,-999,臺中市,02,豐原區,117
24.2563,120.7123,豐原,C0F9M0,2017-01-25T10:00:00+08:00,230.0,357.0,2.0,15.4,0.77,999.0,-98.0,0.0,-9.9,-99,-999,臺中市,02,豐原區,117
24.2563,120.7123,豐原,C0F9M0,2017-01-25T11:00:00+08:00,230.0,17.0,1.7,16.4,0.71,998.7,-98.0,0.0,-9.9,-99,-999,臺中市,02,豐原區,117
24.2563,120.7123,豐原,C0F9M0,2017-01-25T12:00:00+08:00,230.0,345.0,2.1,18.6,0.65,997.7,-98.0,0.0,-9.9,-99,-999,臺中市,02,豐原區,117
24.2563,120.7123,豐原,C0F9M0,2017-01-25T13:00:00+08:00,230.0,346.0,1.7,20.8,0.56,996.4,-98.0,0.0,-9.9,-99,-999,臺中市,02,豐原區,117
24.2563,120.7123,豐原,C0F9M0,2017-01-25T14:00:00+08:00,230.0,340.0,2.5,20.6,0.59,996.0,-98.0,0.0,-9.9,-99,-999,臺中市,02,豐原區,117
24.2563,120.7123,豐原,C0F9M0,2017-01-25T15:00:00+08:00,230.0,352.0,1.7,20.1,0.62,995.6,-98.0,0.0,-9.9,-99,-999,臺中市,02,豐原區,117
24.2563,120.7123,豐原,C0F9M0,2017-01-25T16:00:00+08:00,230.0,353.0,3.2,18.1,0.68,996.0,-98.0,0.0,-9.9,-99,-999,臺中市,02,豐原區,117
24.2563,120.7123,豐原,C0F9M0,2017-01-25T17:00:00+08:00,230.0,26.0,2.5,16.8,0.72,996.3,-98.0,0.0,-9.9,-99,-999,臺中市,02,豐原區,117
24.2563,120.7123,豐原,C0F9M0,2017-01-25T18:00:00+08:00,230.0,1.0,1.6,15.6,0.77,996.4,-98.0,0.0,-9.9,-99,-999,臺中市,02,豐原區,117
24.2563,120.7123,豐原,C0F9M0,2017-01-25T19:00:00+08:00,230.0,16.0,2.1,14.7,0.81,997.1,-98.0,0.0,-9.9,-99,-999,臺中市,02,豐原區,117
24.2563,120.7123,豐原,C0F9M0,2017-01-25T20:00:00+08:00,230.0,25.0,2.1,14.6,0.80,997.4,-98.0,0.0,-9.9,-99,-999,臺中市,02,豐原區,117
24.2563,120.7123,豐原,C0F9M0,2017-01-25T21:00:00+08:00,230.0,18.0,2.3,14.3,0.81,997.9,-98.0,0.0,-9.9,-99,-999,臺中市,02,豐原區,117
24.2563,120.7123,豐原,C0F9M0,2017-01-25T22:00:00+08:00,230.0,17.0,1.6,13.9,0.81,997.8,-98.0,0.0,-9.9,-99,-999,臺中市,02,豐原區,117
24.2563,120.7123,豐原,C0F9M0,2017-01-25T23:00:00+08:00,230.0,17.0,1.8,13.4,0.82,997.9,-98.0,0.0,-9.9,-99,-999,臺中市,02,豐原區,117
24.2563,120.7123,豐原,C0F9M0,2017-01-26T00:00:00+08:00,230.0,21.0,1.9,13.0,0.83,997.4,-98.0,0.0,-9.9,-99,-999,臺中市,02,豐原區,117
24.2563,120.7123,豐原,C0F9M0,2017-01-26T01:00:00+08:00,230.0,26.0,2.8,12.9,0.83,997.3,-98.0,0.0,-9.9,-99,-999,臺中市,02,豐原區,117
24.2563,120.7123,豐原,C0F9M0,2017-01-26T02:00:00+08:00,230.0,15.0,1.5,12.9,0.83,996.9,-98.0,0.0,-9.9,-99,-999,臺中市,02,豐原區,117
24.2563,120.7123,豐原,C0F9M0,2017-01-26T03:00:00+08:00,230.0,30.0,2.5,12.8,0.82,996.6,-98.0,0.0,-9.9,-99,-999,臺中市,02,豐原區,117
24.2563,120.7123,豐原,C0F9M0,2017-01-26T04:00:00+08:00,230.0,25.0,2.6,12.8,0.81,996.5,-98.0,0.0,-9.9,-99,-999,臺中市,02,豐原區,117
24.2563,120.7123,豐原,C0F9M0,2017-01-26T05:00:00+08:00,230.0,42.0,1.7,12.8,0.81,996.3,-98.0,0.0,-9.9,-99,-999,臺中市,02,豐原區,117
24.2563,120.7123,豐原,C0F9M0,2017-01-26T06:00:00+08:00,230.0,24.0,2.0,12.6,0.82,997.0,-98.0,0.0,-9.9,-99,-999,臺中市,02,豐原區,117
24.2563,120.7123,豐原,C0F9M0,2017-01-26T07:00:00+08:00,230.0,35.0,0.8,12.3,0.83,997.3,-98.0,0.0,-9.9,-99,-999,臺中市,02,豐原區,117
24.2563,120.7123,豐原,C0F9M0,2017-01-26T08:00:00+08:00,230.0,24.0,1.2,13.4,0.77,997.5,-98.0,0.0,-9.9,-99,-999,臺中市,02,豐原區,117
24.2563,120.7123,豐原,C0F9M0,2017-01-26T10:00:00+08:00,230.0,351.0,1.8,16.9,0.61,997.2,-98.0,0.0,-9.9,-99,-999,臺中市,02,豐原區,117
24.2563,120.7123,豐原,C0F9M0,2017-01-26T11:00:00+08:00,230.0,31.0,3.1,17.9,0.55,996.9,-98.0,0.0,-9.9,-99,-999,臺中市,02,豐原區,117
24.2563,120.7123,豐原,C0F9M0,2017-01-26T12:00:00+08:00,230.0,6.0,2.0,18.8,0.52,995.8,-98.0,0.0,-9.9,-99,-999,臺中市,02,豐原區,117
24.2563,120.7123,豐原,C0F9M0,2017-01-26T14:00:00+08:00,230.0,344.0,1.9,21.7,0.43,992.9,-98.0,0.0,-9.9,-99,-999,臺中市,02,豐原區,117
24.2563,120.7123,豐原,C0F9M0,2017-01-26T15:00:00+08:00,230.0,351.0,2.1,21.8,0.44,992.5,-98.0,0.0,-9.9,-99,-999,臺中市,02,豐原區,117
24.2563,120.7123,豐原,C0F9M0,2017-01-26T16:00:00+08:00,230.0,322.0,2.6,21.3,0.48,992.7,-98.0,0.0,-9.9,-99,-999,臺中市,02,豐原區,117
24.2563,120.7123,豐原,C0F9M0,2017-01-26T17:00:00+08:00,230.0,314.0,1.6,19.9,0.54,993.3,-98.0,0.0,-9.9,-99,-999,臺中市,02,豐原區,117
24.2563,120.7123,豐原,C0F9M0,2017-01-26T18:00:00+08:00,230.0,325.0,1.4,17.7,0.62,993.7,-98.0,0.0,-9.9,-99,-999,臺中市,02,豐原區,117
24.2563,120.7123,豐原,C0F9M0,2017-01-26T19:00:00+08:00,230.0,330.0,1.1,16.5,0.68,994.3,-98.0,0.0,-9.9,-99,-999,臺中市,02,豐原區,117
24.2563,120.7123,豐原,C0F9M0,2017-01-26T20:00:00+08:00,230.0,349.0,0.6,16.0,0.71,994.9,-98.0,0.0,-9.9,-99,-999,臺中市,02,豐原區,117
24.2563,120.7123,豐原,C0F9M0,2017-01-26T21:00:00+08:00,230.0,334.0,0.8,15.4,0.74,995.0,-98.0,0.0,-9.9,-99,-999,臺中市,02,豐原區,117
24.2563,120.7123,豐原,C0F9M0,2017-01-26T22:00:00+08:00,230.0,41.0,0.6,14.9,0.79,995.4,-98.0,0.0,-9.9,-99,-999,臺中市,02,豐原區,117
24.2563,120.7123,豐原,C0F9M0,2017-01-26T23:00:00+08:00,230.0,22.0,0.5,15.0,0.78,995.6,-98.0,0.0,-9.9,-99,-999,臺中市,02,豐原區,117
24.2563,120.7123,豐原,C0F9M0,2017-01-27T00:00:00+08:00,230.0,0.0,0.0,14.7,0.77,995.6,-98.0,0.0,-9.9,-99,-999,臺中市,02,豐原區,117
24.2563,120.7123,豐原,C0F9M0,2017-01-27T01:00:00+08:00,230.0,28.0,0.5,14.2,0.80,995.9,-98.0,0.0,-9.9,-99,-999,臺中市,02,豐原區,117
24.2563,120.7123,豐原,C0F9M0,2017-01-27T02:00:00+08:00,230.0,107.0,0.5,14.1,0.79,995.7,-98.0,0.0,-9.9,-99,-999,臺中市,02,豐原區,117
24.2563,120.7123,豐原,C0F9M0,2017-01-27T03:00:00+08:00,230.0,104.0,1.1,14.4,0.78,995.3,-98.0,0.0,-9.9,-99,-999,臺中市,02,豐原區,117
24.2563,120.7123,豐原,C0F9M0,2017-01-27T04:00:00+08:00,230.0,45.0,0.5,13.2,0.84,995.5,-98.0,0.0,-9.9,-99,-999,臺中市,02,豐原區,117
24.2563,120.7123,豐原,C0F9M0,2017-01-27T05:00:00+08:00,230.0,0.0,0.0,13.6,0.82,995.7,-98.0,0.0,-9.9,-99,-999,臺中市,02,豐原區,117
24.2563,120.7123,豐原,C0F9M0,2017-01-27T06:00:00+08:00,230.0,23.0,0.5,13.0,0.82,996.5,-98.0,0.0,-9.9,-99,-999,臺中市,02,豐原區,117
24.2563,120.7123,豐原,C0F9M0,2017-01-27T07:00:00+08:00,230.0,74.0,0.5,13.1,0.78,996.9,-98.0,0.0,-9.9,-99,-999,臺中市,02,豐原區,117
24.2563,120.7123,豐原,C0F9M0,2017-01-27T08:00:00+08:00,230.0,63.0,0.9,14.6,0.68,997.3,-98.0,0.0,-9.9,-99,-999,臺中市,02,豐原區,117
24.2563,120.7123,豐原,C0F9M0,2017-01-27T09:00:00+08:00,230.0,48.0,0.4,17.6,0.57,997.4,-98.0,0.0,-9.9,-99,-999,臺中市,02,豐原區,117
24.2563,120.7123,豐原,C0F9M0,2017-01-27T10:00:00+08:00,230.0,279.0,1.0,20.0,0.47,997.1,-98.0,0.0,-9.9,-99,-999,臺中市,02,豐原區,117
24.2563,120.7123,豐原,C0F9M0,2017-01-27T11:00:00+08:00,230.0,328.0,1.6,19.7,0.52,996.9,-98.0,0.0,-9.9,-99,-999,臺中市,02,豐原區,117
24.2563,120.7123,豐原,C0F9M0,2017-01-27T12:00:00+08:00,230.0,352.0,1.7,20.6,0.55,995.9,-98.0,0.0,-9.9,-99,-999,臺中市,02,豐原區,117
24.2563,120.7123,豐原,C0F9M0,2017-01-27T13:00:00+08:00,230.0,343.0,2.7,20.9,0.58,994.4,-98.0,0.0,-9.9,-99,-999,臺中市,02,豐原區,117
24.2563,120.7123,豐原,C0F9M0,2017-01-27T14:00:00+08:00,230.0,345.0,2.0,21.2,0.54,993.7,-98.0,0.0,-9.9,-99,-999,臺中市,02,豐原區,117
24.2563,120.7123,豐原,C0F9M0,2017-01-27T15:00:00+08:00,230.0,351.0,2.7,21.4,0.58,993.0,-98.0,0.0,-9.9,-99,-999,臺中市,02,豐原區,117
24.2563,120.7123,豐原,C0F9M0,2017-01-27T16:00:00+08:00,230.0,334.0,2.2,20.7,0.66,993.1,-98.0,0.0,-9.9,-99,-999,臺中市,02,豐原區,117
24.2563,120.7123,豐原,C0F9M0,2017-01-27T17:00:00+08:00,230.0,353.0,1.8,19.4,0.70,993.5,-98.0,0.0,-9.9,-99,-999,臺中市,02,豐原區,117
24.2563,120.7123,豐原,C0F9M0,2017-01-27T18:00:00+08:00,230.0,16.0,1.5,17.9,0.74,993.7,-98.0,0.0,-9.9,-99,-999,臺中市,02,豐原區,117
24.2563,120.7123,豐原,C0F9M0,2017-01-27T19:00:00+08:00,230.0,15.0,1.2,17.3,0.78,993.5,-98.0,0.0,-9.9,-99,-999,臺中市,02,豐原區,117
24.2563,120.7123,豐原,C0F9M0,2017-01-27T22:00:00+08:00,230.0,16.0,0.6,16.3,0.74,993.8,-98.0,0.0,-9.9,-99,-999,臺中市,02,豐原區,117
24.2563,120.7123,豐原,C0F9M0,2017-01-27T23:00:00+08:00,230.0,0.0,0.0,15.0,0.74,993.5,-98.0,0.0,-9.9,-99,-999,臺中市,02,豐原區,117
24.2563,120.7123,豐原,C0F9M0,2017-01-28T00:00:00+08:00,230.0,0.0,0.1,14.6,0.78,993.4,-98.0,0.0,-9.9,-99,-999,臺中市,02,豐原區,117
24.2563,120.7123,豐原,C0F9M0,2017-01-28T01:00:00+08:00,230.0,0.0,0.0,14.6,0.74,993.2,-98.0,0.0,-9.9,-99,-999,臺中市,02,豐原區,117
24.2563,120.7123,豐原,C0F9M0,2017-01-28T02:00:00+08:00,230.0,91.0,0.4,13.7,0.77,993.2,-98.0,0.0,-9.9,-99,-999,臺中市,02,豐原區,117
24.2563,120.7123,豐原,C0F9M0,2017-01-28T04:00:00+08:00,230.0,36.0,0.6,13.0,0.78,992.3,-98.0,0.0,-9.9,-99,-999,臺中市,02,豐原區,117
24.2563,120.7123,豐原,C0F9M0,2017-01-28T05:00:00+08:00,230.0,53.0,0.9,13.4,0.65,992.4,-98.0,0.0,-9.9,-99,-999,臺中市,02,豐原區,117
24.2563,120.7123,豐原,C0F9M0,2017-01-28T06:00:00+08:00,230.0,36.0,1.6,13.9,0.56,992.8,-98.0,0.0,-9.9,-99,-999,臺中市,02,豐原區,117
24.2563,120.7123,豐原,C0F9M0,2017-01-28T07:00:00+08:00,230.0,39.0,1.8,14.0,0.63,993.1,-98.0,0.0,-9.9,-99,-999,臺中市,02,豐原區,117
24.2563,120.7123,豐原,C0F9M0,2017-01-28T09:00:00+08:00,230.0,34.0,1.4,18.9,0.47,993.1,-98.0,0.0,-9.9,-99,-999,臺中市,02,豐原區,117
24.2563,120.7123,豐原,C0F9M0,2017-01-28T10:00:00+08:00,230.0,24.0,1.5,21.7,0.34,992.9,-98.0,0.0,-9.9,-99,-999,臺中市,02,豐原區,117
24.2563,120.7123,豐原,C0F9M0,2017-01-28T11:00:00+08:00,230.0,330.0,2.3,23.0,0.48,992.2,-98.0,0.0,-9.9,-99,-999,臺中市,02,豐原區,117
24.2563,120.7123,豐原,C0F9M0,2017-01-28T12:00:00+08:00,230.0,322.0,2.3,23.7,0.52,991.2,-98.0,0.0,-9.9,-99,-999,臺中市,02,豐原區,117
24.2563,120.7123,豐原,C0F9M0,2017-01-28T13:00:00+08:00,230.0,325.0,1.7,25.5,0.44,990.3,-98.0,0.0,-9.9,-99,-999,臺中市,02,豐原區,117
24.2563,120.7123,豐原,C0F9M0,2017-01-28T14:00:00+08:00,230.0,323.0,2.4,26.2,0.44,989.4,-98.0,0.0,-9.9,-99,-999,臺中市,02,豐原區,117
24.2563,120.7123,豐原,C0F9M0,2017-01-28T15:00:00+08:00,230.0,316.0,2.1,25.9,0.47,988.9,-98.0,0.0,-9.9,-99,-999,臺中市,02,豐原區,117
24.2563,120.7123,豐原,C0F9M0,2017-01-28T16:00:00+08:00,230.0,316.0,1.9,24.2,0.61,988.9,-98.0,0.0,-9.9,-99,-999,臺中市,02,豐原區,117
24.2563,120.7123,豐原,C0F9M0,2017-01-28T17:00:00+08:00,230.0,321.0,1.9,20.6,0.78,989.4,-98.0,0.0,-9.9,-99,-999,臺中市,02,豐原區,117
24.2563,120.7123,豐原,C0F9M0,2017-01-28T18:00:00+08:00,230.0,325.0,1.3,18.5,0.87,989.9,-98.0,0.0,-9.9,-99,-999,臺中市,02,豐原區,117
24.2563,120.7123,豐原,C0F9M0,2017-01-28T19:00:00+08:00,230.0,281.0,0.7,18.0,0.90,990.4,-98.0,0.0,-9.9,-99,-999,臺中市,02,豐原區,117
24.2563,120.7123,豐原,C0F9M0,2017-01-28T20:00:00+08:00,230.0,314.0,0.7,17.5,0.93,991.0,-98.0,0.0,-9.9,-99,-999,臺中市,02,豐原區,117
24.2563,120.7123,豐原,C0F9M0,2017-01-28T21:00:00+08:00,230.0,34.0,0.7,17.7,0.92,991.1,-98.0,0.0,-9.9,-99,-999,臺中市,02,豐原區,117
24.2563,120.7123,豐原,C0F9M0,2017-01-28T23:00:00+08:00,230.0,32.0,0.5,17.3,0.93,991.0,-98.0,0.0,-9.9,-99,-999,臺中市,02,豐原區,117
24.2563,120.7123,豐原,C0F9M0,2017-01-29T00:00:00+08:00,230.0,37.0,0.6,17.4,0.87,990.8,-98.0,0.0,-9.9,-99,-999,臺中市,02,豐原區,117
24.2563,120.7123,豐原,C0F9M0,2017-01-29T01:00:00+08:00,230.0,0.0,0.2,17.3,0.86,990.8,-98.0,0.0,-9.9,-99,-999,臺中市,02,豐原區,117
24.2563,120.7123,豐原,C0F9M0,2017-01-29T02:00:00+08:00,230.0,26.0,0.3,16.9,0.83,990.4,-98.0,0.0,-9.9,-99,-999,臺中市,02,豐原區,117
24.2563,120.7123,豐原,C0F9M0,2017-01-29T03:00:00+08:00,230.0,0.0,0.2,16.7,0.85,990.3,-98.0,0.0,-9.9,-99,-999,臺中市,02,豐原區,117
24.2563,120.7123,豐原,C0F9M0,2017-01-29T04:00:00+08:00,230.0,4.0,0.5,16.4,0.83,990.5,-98.0,0.0,-9.9,-99,-999,臺中市,02,豐原區,117
24.2563,120.7123,豐原,C0F9M0,2017-01-29T05:00:00+08:00,230.0,52.0,0.7,16.2,0.82,990.3,-98.0,0.0,-9.9,-99,-999,臺中市,02,豐原區,117
24.2563,120.7123,豐原,C0F9M0,2017-01-29T06:00:00+08:00,230.0,3.0,1.0,15.9,0.79,990.6,-98.0,0.0,-9.9,-99,-999,臺中市,02,豐原區,117
24.2563,120.7123,豐原,C0F9M0,2017-01-29T07:00:00+08:00,230.0,13.0,0.9,15.7,0.82,991.2,-98.0,0.0,-9.9,-99,-999,臺中市,02,豐原區,117
24.2563,120.7123,豐原,C0F9M0,2017-01-29T08:00:00+08:00,230.0,357.0,1.0,16.9,0.84,992.2,-98.0,0.0,-9.9,-99,-999,臺中市,02,豐原區,117
24.2563,120.7123,豐原,C0F9M0,2017-01-29T09:00:00+08:00,230.0,26.0,1.0,19.8,0.62,992.5,-98.0,0.0,-9.9,-99,-999,臺中市,02,豐原區,117
24.2563,120.7123,豐原,C0F9M0,2017-01-29T10:00:00+08:00,230.0,285.0,1.2,23.2,0.53,992.6,-98.0,0.0,-9.9,-99,-999,臺中市,02,豐原區,117
24.2563,120.7123,豐原,C0F9M0,2017-01-29T11:00:00+08:00,230.0,310.0,1.5,22.6,0.63,992.4,-98.0,0.0,-9.9,-99,-999,臺中市,02,豐原區,117
24.2563,120.7123,豐原,C0F9M0,2017-01-29T12:00:00+08:00,230.0,327.0,1.3,24.4,0.46,991.2,-98.0,0.0,-9.9,-99,-999,臺中市,02,豐原區,117
24.2563,120.7123,豐原,C0F9M0,2017-01-29T13:00:00+08:00,230.0,319.0,2.1,24.2,0.58,990.3,-98.0,0.0,-9.9,-99,-999,臺中市,02,豐原區,117
24.2563,120.7123,豐原,C0F9M0,2017-01-29T14:00:00+08:00,230.0,327.0,2.3,24.4,0.49,989.4,-98.0,0.0,-9.9,-99,-999,臺中市,02,豐原區,117
24.2563,120.7123,豐原,C0F9M0,2017-01-29T15:00:00+08:00,230.0,20.0,2.3,25.6,0.41,988.8,-98.0,0.0,-9.9,-99,-999,臺中市,02,豐原區,117
24.2563,120.7123,豐原,C0F9M0,2017-01-29T16:00:00+08:00,230.0,31.0,2.1,25.5,0.38,988.8,-98.0,0.0,-9.9,-99,-999,臺中市,02,豐原區,117
24.2563,120.7123,豐原,C0F9M0,2017-01-29T17:00:00+08:00,230.0,4.0,1.3,25.1,0.42,989.4,-98.0,0.0,-9.9,-99,-999,臺中市,02,豐原區,117
24.2563,120.7123,豐原,C0F9M0,2017-01-29T18:00:00+08:00,230.0,315.0,1.8,21.5,0.67,989.9,-98.0,0.0,-9.9,-99,-999,臺中市,02,豐原區,117
24.2563,120.7123,豐原,C0F9M0,2017-01-29T19:00:00+08:00,230.0,324.0,1.6,19.8,0.79,990.5,-98.0,0.0,-9.9,-99,-999,臺中市,02,豐原區,117
24.2563,120.7123,豐原,C0F9M0,2017-01-29T20:00:00+08:00,230.0,346.0,1.1,20.5,0.73,991.0,-98.0,0.0,-9.9,-99,-999,臺中市,02,豐原區,117
24.2563,120.7123,豐原,C0F9M0,2017-01-29T21:00:00+08:00,230.0,25.0,1.7,21.2,0.58,991.5,-98.0,0.0,-9.9,-99,-999,臺中市,02,豐原區,117
24.2563,120.7123,豐原,C0F9M0,2017-01-29T22:00:00+08:00,230.0,3.0,1.3,19.3,0.73,991.4,-98.0,0.0,-9.9,-99,-999,臺中市,02,豐原區,117
24.2563,120.7123,豐原,C0F9M0,2017-01-29T23:00:00+08:00,230.0,18.0,1.2,19.3,0.71,991.0,-98.0,0.0,-9.9,-99,-999,臺中市,02,豐原區,117
24.2563,120.7123,豐原,C0F9M0,2017-01-30T00:00:00+08:00,230.0,2.0,1.1,19.0,0.74,991.2,-98.0,0.0,-9.9,-99,-999,臺中市,02,豐原區,117
24.2563,120.7123,豐原,C0F9M0,2017-01-30T01:00:00+08:00,230.0,27.0,1.7,19.3,0.70,990.8,-98.0,0.0,-9.9,-99,-999,臺中市,02,豐原區,117
24.2563,120.7123,豐原,C0F9M0,2017-01-30T02:00:00+08:00,230.0,354.0,0.3,19.0,0.72,990.8,-98.0,0.0,-9.9,-99,-999,臺中市,02,豐原區,117
24.2563,120.7123,豐原,C0F9M0,2017-01-30T03:00:00+08:00,230.0,35.0,0.9,19.2,0.70,990.3,-98.0,0.0,-9.9,-99,-999,臺中市,02,豐原區,117
24.2563,120.7123,豐原,C0F9M0,2017-01-30T04:00:00+08:00,230.0,65.0,1.0,18.8,0.74,990.3,-98.0,0.0,-9.9,-99,-999,臺中市,02,豐原區,117
24.2563,120.7123,豐原,C0F9M0,2017-01-30T05:00:00+08:00,230.0,41.0,1.1,18.8,0.75,990.3,-98.0,0.0,-9.9,-99,-999,臺中市,02,豐原區,117
24.2563,120.7123,豐原,C0F9M0,2017-01-30T06:00:00+08:00,230.0,336.0,0.9,19.7,0.71,990.5,-98.0,0.0,-9.9,-99,-999,臺中市,02,豐原區,117
24.2563,120.7123,豐原,C0F9M0,2017-01-30T07:00:00+08:00,230.0,7.0,0.9,20.4,0.67,990.8,-98.0,0.0,-9.9,-99,-999,臺中市,02,豐原區,117
24.2563,120.7123,豐原,C0F9M0,2017-01-30T08:00:00+08:00,230.0,41.0,0.7,21.0,0.66,991.4,-98.0,0.0,-9.9,-99,-999,臺中市,02,豐原區,117
24.2563,120.7123,豐原,C0F9M0,2017-01-30T09:00:00+08:00,230.0,237.0,1.5,21.5,0.67,992.1,-98.0,0.0,-9.9,-99,-999,臺中市,02,豐原區,117
24.2563,120.7123,豐原,C0F9M0,2017-01-30T10:00:00+08:00,230.0,355.0,1.4,24.4,0.53,992.0,-98.0,0.0,-9.9,-99,-999,臺中市,02,豐原區,117
24.2563,120.7123,豐原,C0F9M0,2017-01-30T11:00:00+08:00,230.0,358.0,2.3,25.3,0.52,990.8,-98.0,0.0,-9.9,-99,-999,臺中市,02,豐原區,117
24.2563,120.7123,豐原,C0F9M0,2017-01-30T12:00:00+08:00,230.0,349.0,2.1,24.5,0.60,990.2,-98.0,0.0,-9.9,-99,-999,臺中市,02,豐原區,117
24.2563,120.7123,豐原,C0F9M0,2017-01-30T13:00:00+08:00,230.0,24.0,2.0,23.3,0.64,989.4,-98.0,0.0,-9.9,-99,-999,臺中市,02,豐原區,117
24.2563,120.7123,豐原,C0F9M0,2017-01-30T14:00:00+08:00,230.0,360.0,2.9,22.1,0.65,988.6,-98.0,0.0,-9.9,-99,-999,臺中市,02,豐原區,117
24.2563,120.7123,豐原,C0F9M0,2017-01-30T15:00:00+08:00,230.0,8.0,3.0,20.9,0.66,988.7,-98.0,0.0,-9.9,-99,-999,臺中市,02,豐原區,117
24.2563,120.7123,豐原,C0F9M0,2017-01-30T16:00:00+08:00,230.0,14.0,1.8,20.4,0.65,989.6,-98.0,0.0,-9.9,-99,-999,臺中市,02,豐原區,117
24.2563,120.7123,豐原,C0F9M0,2017-01-30T17:00:00+08:00,230.0,24.0,2.8,19.1,0.70,990.1,-98.0,0.0,-9.9,-99,-999,臺中市,02,豐原區,117
24.2563,120.7123,豐原,C0F9M0,2017-01-30T18:00:00+08:00,230.0,19.0,1.6,17.8,0.74,990.8,-98.0,0.0,-9.9,-99,-999,臺中市,02,豐原區,117
24.2563,120.7123,豐原,C0F9M0,2017-01-30T20:00:00+08:00,230.0,23.0,2.1,16.3,0.79,992.1,-98.0,0.0,-9.9,-99,-999,臺中市,02,豐原區,117
24.2563,120.7123,豐原,C0F9M0,2017-01-30T22:00:00+08:00,230.0,25.0,1.8,15.4,0.81,992.1,-98.0,0.0,-9.9,-99,-999,臺中市,02,豐原區,117
24.2563,120.7123,豐原,C0F9M0,2017-01-30T23:00:00+08:00,230.0,37.0,2.1,15.3,0.82,992.1,-98.0,0.0,-9.9,-99,-999,臺中市,02,豐原區,117
24.2563,120.7123,豐原,C0F9M0,2017-01-31T00:00:00+08:00,230.0,27.0,1.2,15.0,0.83,991.9,-98.0,0.0,-9.9,-99,-999,臺中市,02,豐原區,117
24.2563,120.7123,豐原,C0F9M0,2017-01-31T01:00:00+08:00,230.0,20.0,1.6,14.5,0.84,991.5,-98.0,0.0,-9.9,-99,-999,臺中市,02,豐原區,117
24.2563,120.7123,豐原,C0F9M0,2017-01-31T02:00:00+08:00,230.0,18.0,1.5,14.2,0.85,991.2,-98.0,0.0,-9.9,-99,-999,臺中市,02,豐原區,117
24.2563,120.7123,豐原,C0F9M0,2017-01-31T03:00:00+08:00,230.0,32.0,2.3,14.2,0.85,990.9,-98.0,0.0,-9.9,-99,-999,臺中市,02,豐原區,117
24.2563,120.7123,豐原,C0F9M0,2017-01-31T04:00:00+08:00,230.0,19.0,2.2,14.0,0.86,990.9,-98.0,0.0,-9.9,-99,-999,臺中市,02,豐原區,117
24.2563,120.7123,豐原,C0F9M0,2017-01-31T05:00:00+08:00,230.0,24.0,1.7,14.1,0.87,991.3,-98.0,0.0,-9.9,-99,-999,臺中市,02,豐原區,117
24.2563,120.7123,豐原,C0F9M0,2017-01-31T06:00:00+08:00,230.0,23.0,1.8,13.7,0.87,991.8,-98.0,0.0,-9.9,-99,-999,臺中市,02,豐原區,117
24.2563,120.7123,豐原,C0F9M0,2017-01-31T07:00:00+08:00,230.0,34.0,2.1,14.1,0.86,992.3,-98.0,0.0,-9.9,-99,-999,臺中市,02,豐原區,117
