24.2903,120.8964,雙崎,C0F900,2017-01-01T00:00:00+08:00,535.0,158.0,0.7,15.8,0.89,959.9,-99.0,0.0,-9.9,-99,-999,臺中市,02,和平區,104
24.2903,120.8964,雙崎,C0F900,2017-01-10T10:00:00+08:00,535.0,66.0,1.6,20.5,0.50,958.0,-99.0,0.0,-9.9,-99,-999,臺中市,02,和平區,104
24.2903,120.8964,雙崎,C0F900,2017-01-10T11:00:00+08:00,535.0,290.0,1.7,21.3,0.59,957.8,-99.0,0.0,-9.9,-99,-999,臺中市,02,和平區,104
24.2903,120.8964,雙崎,C0F900,2017-01-10T12:00:00+08:00,535.0,266.0,1.5,22.0,0.61,956.6,-99.0,0.0,-9.9,-99,-999,臺中市,02,和平區,104
24.2903,120.8964,雙崎,C0F900,2017-01-10T13:00:00+08:00,535.0,259.0,1.2,22.1,0.61,956.0,-99.0,0.0,-9.9,-99,-999,臺中市,02,和平區,104
24.2903,120.8964,雙崎,C0F900,2017-01-10T14:00:00+08:00,535.0,268.0,1.5,23.1,0.49,955.3,-99.0,0.0,-9.9,-99,-999,臺中市,02,和平區,104
24.2903,120.8964,雙崎,C0F900,2017-01-10T15:00:00+08:00,535.0,265.0,1.0,23.7,0.49,954.9,-99.0,0.0,-9.9,-99,-999,臺中市,02,和平區,104
24.2903,120.8964,雙崎,C0F900,2017-01-10T16:00:00+08:00,535.0,252.0,1.8,22.7,0.44,955.4,-99.0,0.0,-9.9,-99,-999,臺中市,02,和平區,104
24.2903,120.8964,雙崎,C0F900,2017-01-10T17:00:00+08:00,535.0,177.0,2.2,18.5,0.62,955.7,-99.0,0.0,-9.9,-99,-999,臺中市,02,和平區,104
24.2903,120.8964,雙崎,C0F900,2017-01-10T18:00:00+08:00,535.0,167.0,1.7,16.5,0.72,956.0,-99.0,0.0,-9.9,-99,-999,臺中市,02,和平區,104
24.2903,120.8964,雙崎,C0F900,2017-01-10T19:00:00+08:00,535.0,159.0,1.7,15.7,0.74,956.5,-99.0,0.0,-9.9,-99,-999,臺中市,02,和平區,104
24.2903,120.8964,雙崎,C0F900,2017-01-10T20:00:00+08:00,535.0,131.0,1.1,15.5,0.73,957.2,-99.0,0.0,-9.9,-99,-999,臺中市,02,和平區,104
24.2903,120.8964,雙崎,C0F900,2017-01-10T22:00:00+08:00,535.0,160.0,0.5,13.6,0.84,958.2,-99.0,0.0,-9.9,-99,-999,臺中市,02,和平區,104
24.2903,120.8964,雙崎,C0F900,2017-01-10T23:00:00+08:00,535.0,149.0,1.4,13.7,0.82,957.8,-99.0,0.0,-9.9,-99,-999,臺中市,02,和平區,104
24.2903,120.8964,雙崎,C0F900,2017-01-11T00:00:00+08:00,535.0,140.0,1.4,14.7,0.72,957.9,-99.0,0.0,-9.9,-99,-999,臺中市,02,和平區,104
24.2903,120.8964,雙崎,C0F900,2017-01-11T01:00:00+08:00,535.0,126.0,1.1,16.2,0.61,957.2,-99.0,0.0,-9.9,-99,-999,臺中市,02,和平區,104
24.2903,120.8964,雙崎,C0F900,2017-01-11T02:00:00+08:00,535.0,117.0,1.3,16.5,0.58,957.0,-99.0,0.0,-9.9,-99,-999,臺中市,02,和平區,104
24.2903,120.8964,雙崎,C0F900,2017-01-11T03:00:00+08:00,535.0,112.0,1.2,16.2,0.60,956.9,-99.0,0.0,-9.9,-99,-999,臺中市,02,和平區,104
24.2903,120.8964,雙崎,C0F900,2017-01-11T04:00:00+08:00,535.0,122.0,1.6,16.1,0.60,956.7,-99.0,0.0,-9.9,-99,-999,臺中市,02,和平區,104
24.2903,120.8964,雙崎,C0F900,2017-01-11T05:00:00+08:00,535.0,146.0,1.0,15.4,0.63,956.7,-99.0,0.0,-9.9,-99,-999,臺中市,02,和平區,104
24.2903,120.8964,雙崎,C0F900,2017-01-11T06:00:00+08:00,535.0,105.0,1.2,15.3,0.62,957.1,-99.0,0.0,-9.9,-99,-999,臺中市,02,和平區,104
24.2903,120.8964,雙崎,C0F900,2017-01-11T07:00:00+08:00,535.0,114.0,1.1,14.0,0.71,957.4,-99.0,0.0,-9.9,-99,-999,臺中市,02,和平區,104
24.2903,120.8964,雙崎,C0F900,2017-01-11T08:00:00+08:00,535.0,110.0,1.4,15.3,0.62,957.8,-99.0,0.0,-9.9,-99,-999,臺中市,02,和平區,104
24.2903,120.8964,雙崎,C0F900,2017-01-11T09:00:00+08:00,535.0,103.0,1.7,19.0,0.47,958.0,-99.0,0.0,-9.9,-99,-999,臺中市,02,和平區,104
24.2903,120.8964,雙崎,C0F900,2017-01-11T10:00:00+08:00,535.0,76.0,1.1,22.4,0.39,957.8,-99.0,0.0,-9.9,-99,-999,臺中市,02,和平區,104
24.2903,120.8964,雙崎,C0F900,2017-01-11T11:00:00+08:00,535.0,281.0,1.4,22.4,0.45,957.4,-99.0,0.0,-9.9,-99,-999,臺中市,02,和平區,104
24.2903,120.8964,雙崎,C0F900,2017-01-11T12:00:00+08:00,535.0,262.0,1.0,23.0,0.44,956.0,-99.0,0.0,-9.9,-99,-999,臺中市,02,和平區,104
24.2903,120.8964,雙崎,C0F900,2017-01-11T13:00:00+08:00,535.0,263.0,2.1,24.3,0.41,954.5,-99.0,0.0,-9.9,-99,-999,臺中市,02,和平區,104
24.2903,120.8964,雙崎,C0F900,2017-01-11T14:00:00+08:00,535.0,270.0,1.6,24.3,0.45,954.1,-99.0,0.0,-9.9,-99,-999,臺中市,02,和平區,104
24.2903,120.8964,雙崎,C0F900,2017-01-11T15:00:00+08:00,535.0,270.0,1.8,23.9,0.50,953.5,-99.0,0.0,-9.9,-99,-999,臺中市,02,和平區,104
24.2903,120.8964,雙崎,C0F900,2017-01-11T16:00:00+08:00,535.0,256.0,1.4,22.3,0.62,953.8,-99.0,0.0,-9.9,-99,-999,臺中市,02,和平區,104
24.2903,120.8964,雙崎,C0F900,2017-01-11T17:00:00+08:00,535.0,209.0,0.7,19.6,0.78,954.0,-99.0,0.0,-9.9,-99,-999,臺中市,02,和平區,104
24.2903,120.8964,雙崎,C0F900,2017-01-11T18:00:00+08:00,535.0,154.0,0.3,17.7,0.86,954.7,-99.0,0.0,-9.9,-99,-999,臺中市,02,和平區,104
24.2903,120.8964,雙崎,C0F900,2017-01-11T19:00:00+08:00,535.0,193.0,0.5,16.5,0.90,955.6,-99.0,0.0,-9.9,-99,-999,臺中市,02,和平區,104
24.2903,120.8964,雙崎,C0F900,2017-01-11T20:00:00+08:00,535.0,169.0,1.6,16.1,0.92,956.1,-99.0,0.0,-9.9,-99,-999,臺中市,02,和平區,104
24.2903,120.8964,雙崎,C0F900,2017-01-11T21:00:00+08:00,535.0,124.0,1.2,17.1,0.85,956.4,-99.0,0.0,-9.9,-99,-999,臺中市,02,和平區,104
24.2903,120.8964,雙崎,C0F900,2017-01-11T23:00:00+08:00,535.0,157.0,1.1,15.7,0.97,956.9,-99.0,0.0,-9.9,-99,-999,臺中市,02,和平區,104
24.2903,120.8964,雙崎,C0F900,2017-01-12T01:00:00+08:00,535.0,152.0,1.2,15.4,0.96,956.0,-99.0,0.0,-9.9,-99,-999,臺中市,02,和平區,104
24.2903,120.8964,雙崎,C0F900,2017-01-12T02:00:00+08:00,535.0,26.0,0.4,15.7,0.94,955.8,-99.0,0.0,-9.9,-99,-999,臺中市,02,和平區,104
24.2903,120.8964,雙崎,C0F900,2017-01-12T03:00:00+08:00,535.0,118.0,0.9,16.2,0.89,955.0,-99.0,0.0,-9.9,-99,-999,臺中市,02,和平區,104
24.2903,120.8964,雙崎,C0F900,2017-01-12T04:00:00+08:00,535.0,19.0,0.9,16.3,0.90,955.5,-99.0,0.0,-9.9,-99,-999,臺中市,02,和平區,104
24.2903,120.8964,雙崎,C0F900,2017-01-12T05:00:00+08:00,535.0,167.0,1.0,15.3,0.98,955.1,-99.0,0.0,-9.9,-99,-999,臺中市,02,和平區,104
24.2903,120.8964,雙崎,C0F900,2017-01-12T06:00:00+08:00,535.0,115.0,0.4,15.2,0.99,955.6,-99.0,0.0,-9.9,-99,-999,臺中市,02,和平區,104
24.2903,120.8964,雙崎,C0F900,2017-01-12T07:00:00+08:00,535.0,155.0,1.3,15.1,0.99,955.6,-99.0,0.0,-9.9,-99,-999,臺中市,02,和平區,104
24.2903,120.8964,雙崎,C0F900,2017-01-12T08:00:00+08:00,535.0,113.0,1.4,17.5,0.80,955.4,-99.0,0.0,-9.9,-99,-999,臺中市,02,和平區,104
24.2903,120.8964,雙崎,C0F900,2017-01-12T09:00:00+08:00,535.0,89.0,1.6,20.5,0.63,954.7,-99.0,0.0,-9.9,-99,-999,臺中市,02,和平區,104
24.2903,120.8964,雙崎,C0F900,2017-01-12T10:00:00+08:00,535.0,235.0,0.7,20.5,0.72,955.6,-99.0,0.0,-9.9,-99,-999,臺中市,02,和平區,104
24.2903,120.8964,雙崎,C0F900,2017-01-12T11:00:00+08:00,535.0,282.0,1.6,20.5,0.75,954.4,-99.0,0.0,-9.9,-99,-999,臺中市,02,和平區,104
24.2903,120.8964,雙崎,C0F900,2017-01-12T12:00:00+08:00,535.0,276.0,1.7,21.9,0.67,953.4,-99.0,0.0,-9.9,-99,-999,臺中市,02,和平區,104
24.2903,120.8964,雙崎,C0F900,2017-01-12T13:00:00+08:00,535.0,289.0,1.3,23.0,0.64,952.6,-99.0,0.0,-9.9,-99,-999,臺中市,02,和平區,104
24.2903,120.8964,雙崎,C0F900,2017-01-12T14:00:00+08:00,535.0,252.0,1.8,20.8,0.79,952.0,-99.0,0.0,-9.9,-99,-999,臺中市,02,和平區,104
24.2903,120.8964,雙崎,C0F900,2017-01-12T15:00:00+08:00,535.0,256.0,1.8,20.9,0.80,951.7,-99.0,0.0,-9.9,-99,-999,臺中市,02,和平區,104
24.2903,120.8964,雙崎,C0F900,2017-01-12T16:00:00+08:00,535.0,262.0,1.6,20.1,0.83,952.1,-99.0,0.0,-9.9,-99,-999,臺中市,02,和平區,104
24.2903,120.8964,雙崎,C0F900,2017-01-12T17:00:00+08:00,535.0,260.0,1.6,17.7,0.95,952.3,-99.0,0.0,-9.9,-99,-999,臺中市,02,和平區,104
24.2903,120.8964,雙崎,C0F900,2017-01-12T18:00:00+08:00,535.0,0.0,0.1,17.2,0.97,952.6,-99.0,0.0,-9.9,-99,-999,臺中市,02,和平區,104
24.2903,120.8964,雙崎,C0F900,2017-01-12T19:00:00+08:00,535.0,245.0,0.9,16.9,0.98,953.1,-99.0,0.0,-9.9,-99,-999,臺中市,02,和平區,104
24.2903,120.8964,雙崎,C0F900,2017-01-12T20:00:00+08:00,535.0,0.0,0.1,16.7,0.98,953.7,-99.0,0.0,-9.9,-99,-999,臺中市,02,和平區,104
24.2903,120.8964,雙崎,C0F900,2017-01-12T21:00:00+08:00,535.0,271.0,1.0,16.4,0.99,953.8,-99.0,0.0,-9.9,-99,-999,臺中市,02,和平區,104
24.2903,120.8964,雙崎,C0F900,2017-01-12T22:00:00+08:00,535.0,275.0,0.3,16.4,0.99,953.5,-99.0,0.0,-9.9,-99,-999,臺中市,02,和平區,104
24.2903,120.8964,雙崎,C0F900,2017-01-12T23:00:00+08:00,535.0,128.0,0.6,16.6,0.99,953.5,-99.0,0.0,-9.9,-99,-999,臺中市,02,和平區,104
24.2903,120.8964,雙崎,C0F900,2017-01-13T00:00:00+08:00,535.0,147.0,0.9,16.6,0.98,953.8,-99.0,0.0,-9.9,-99,-999,臺中市,02,和平區,104
24.2903,120.8964,雙崎,C0F900,2017-01-13T01:00:00+08:00,535.0,160.0,0.7,17.0,0.94,953.5,-99.0,0.0,-9.9,-99,-999,臺中市,02,和平區,104
24.2903,120.8964,雙崎,C0F900,2017-01-13T02:00:00+08:00,535.0,102.0,0.5,16.6,0.99,953.5,-99.0,0.0,-9.9,-99,-999,臺中市,02,和平區,104
24.2903,120.8964,雙崎,C0F900,2017-01-13T03:00:00+08:00,535.0,0.0,0.0,16.5,0.99,952.9,-99.0,0.0,-9.9,-99,-999,臺中市,02,和平區,104
24.2903,120.8964,雙崎,C0F900,2017-01-13T04:00:00+08:00,535.0,100.0,0.3,16.2,0.99,952.9,-99.0,0.0,-9.9,-99,-999,臺中市,02,和平區,104
24.2903,120.8964,雙崎,C0F900,2017-01-13T05:00:00+08:00,535.0,252.0,1.2,15.4,0.99,952.5,-99.0,0.0,-9.9,-99,-999,臺中市,02,和平區,104
24.2903,120.8964,雙崎,C0F900,2017-01-13T06:00:00+08:00,535.0,214.0,0.4,15.6,0.99,952.8,-99.0,0.0,-9.9,-99,-999,臺中市,02,和平區,104
24.2903,120.8964,雙崎,C0F900,2017-01-13T07:00:00+08:00,535.0,296.0,1.0,15.1,0.99,952.7,-99.0,0.0,-9.9,-99,-999,臺中市,02,和平區,104
24.2903,120.8964,雙崎,C0F900,2017-01-13T08:00:00+08:00,535.0,289.0,1.6,15.0,0.99,953.9,-99.0,0.0,-9.9,-99,-999,臺中市,02,和平區,104
24.2903,120.8964,雙崎,C0F900,2017-01-13T09:00:00+08:00,535.0,212.0,0.5,15.3,0.97,954.4,-99.0,0.0,-9.9,-99,-999,臺中市,02,和平區,104
24.2903,120.8964,雙崎,C0F900,2017-01-13T10:00:00+08:00,535.0,289.0,0.8,16.4,0.90,954.3,-99.0,0.0,-9.9,-99,-999,臺中市,02,和平區,104
24.2903,120.8964,雙崎,C0F900,2017-01-13T11:00:00+08:00,535.0,294.0,1.0,15.3,0.93,953.9,-99.0,0.0,-9.9,-99,-999,臺中市,02,和平區,104
24.2903,120.8964,雙崎,C0F900,2017-01-13T12:00:00+08:00,535.0,284.0,0.4,15.9,0.89,953.0,-99.0,0.0,-9.9,-99,-999,臺中市,02,和平區,104
24.2903,120.8964,雙崎,C0F900,2017-01-13T13:00:00+08:00,535.0,292.0,0.4,16.5,0.88,952.2,-99.0,0.0,-9.9,-99,-999,臺中市,02,和平區,104
24.2903,120.8964,雙崎,C0F900,2017-01-13T14:00:00+08:00,535.0,38.0,0.6,15.3,0.91,952.0,-99.0,0.0,-9.9,-99,-999,臺中市,02,和平區,104
24.2903,120.8964,雙崎,C0F900,2017-01-13T15:00:00+08:00,535.0,339.0,0.4,15.3,0.93,952.2,-99.0,0.0,-9.9,-99,-999,臺中市,02,和平區,104
24.2903,120.8964,雙崎,C0F900,2017-01-13T16:00:00+08:00,535.0,0.0,0.1,14.2,0.97,952.6,-99.0,0.0,-9.9,-99,-999,臺中市,02,和平區,104
24.2903,120.8964,雙崎,C0F900,2017-01-13T17:00:00+08:00,535.0,139.0,1.1,14.3,0.99,952.3,-99.0,0.0,-9.9,-99,-999,臺中市,02,和平區,104
24.2903,120.8964,雙崎,C0F900,2017-01-13T18:00:00+08:00,535.0,92.0,0.6,13.2,0.99,952.7,-99.0,0.0,-9.9,-99,-999,臺中市,02,和平區,104
24.2903,120.8964,雙崎,C0F900,2017-01-13T19:00:00+08:00,535.0,0.0,0.0,12.8,0.99,953.4,-99.0,0.0,-9.9,-99,-999,臺中市,02,和平區,104
24.2903,120.8964,雙崎,C0F900,2017-01-13T20:00:00+08:00,535.0,0.0,0.2,13.0,0.99,953.3,-99.0,0.0,-9.9,-99,-999,臺中市,02,和平區,104
24.2903,120.8964,雙崎,C0F900,2017-01-13T21:00:00+08:00,535.0,103.0,0.4,12.8,0.99,954.2,-99.0,0.0,-9.9,-99,-999,臺中市,02,和平區,104
24.2903,120.8964,雙崎,C0F900,2017-01-13T22:00:00+08:00,535.0,124.0,1.7,13.5,0.99,954.5,-99.0,0.0,-9.9,-99,-999,臺中市,02,和平區,104
24.2903,120.8964,雙崎,C0F900,2017-01-13T23:00:00+08:00,535.0,92.0,1.3,13.7,0.99,954.2,-99.0,0.5,-9.9,-99,-999,臺中市,02,和平區,104
24.2903,120.8964,雙崎,C0F900,2017-01-14T00:00:00+08:00,535.0,276.0,1.3,12.4,0.99,954.0,-99.0,1.0,-9.9,-99,-999,臺中市,02,和平區,104
24.2903,120.8964,雙崎,C0F900,2017-01-14T01:00:00+08:00,535.0,266.0,1.1,12.2,0.99,953.9,-99.0,0.0,-9.9,-99,-999,臺中市,02,和平區,104
24.2903,120.8964,雙崎,C0F900,2017-01-14T03:00:00+08:00,535.0,231.0,1.4,11.7,0.99,953.7,-99.0,0.5,-9.9,-99,-999,臺中市,02,和平區,104
24.2903,120.8964,雙崎,C0F900,2017-01-14T04:00:00+08:00,535.0,169.0,0.5,11.8,0.99,953.8,-99.0,1.0,-9.9,-99,-999,臺中市,02,和平區,104
24.2903,120.8964,雙崎,C0F900,2017-01-14T06:00:00+08:00,535.0,0.0,0.1,10.9,0.99,953.9,-99.0,2.5,-9.9,-99,-999,臺中市,02,和平區,104
24.2903,120.8964,雙崎,C0F900,2017-01-14T07:00:00+08:00,535.0,251.0,1.5,10.6,0.99,954.8,-99.0,3.0,-9.9,-99,-999,臺中市,02,和平區,104
24.2903,120.8964,雙崎,C0F900,2017-01-14T08:00:00+08:00,535.0,360.0,0.5,10.3,0.99,955.6,-99.0,3.5,-9.9,-99,-999,臺中市,02,和平區,104
24.2903,120.8964,雙崎,C0F900,2017-01-14T10:00:00+08:00,535.0,0.0,0.0,11.1,0.99,956.4,-99.0,5.5,-9.9,-99,-999,臺中市,02,和平區,104
24.2903,120.8964,雙崎,C0F900,2017-01-14T11:00:00+08:00,535.0,320.0,0.3,12.0,0.99,955.7,-99.0,6.0,-9.9,-99,-999,臺中市,02,和平區,104
24.2903,120.8964,雙崎,C0F900,2017-01-14T12:00:00+08:00,535.0,0.0,0.0,12.2,0.99,955.3,-99.0,6.0,-9.9,-99,-999,臺中市,02,和平區,104
24.2903,120.8964,雙崎,C0F900,2017-01-14T13:00:00+08:00,535.0,261.0,0.8,12.0,0.99,954.8,-99.0,6.0,-9.9,-99,-999,臺中市,02,和平區,104
24.2903,120.8964,雙崎,C0F900,2017-01-14T14:00:00+08:00,535.0,71.0,0.5,13.2,0.99,954.0,-99.0,6.5,-9.9,-99,-999,臺中市,02,和平區,104
24.2903,120.8964,雙崎,C0F900,2017-01-14T15:00:00+08:00,535.0,0.0,0.2,15.6,0.94,953.8,-99.0,6.5,-9.9,-99,-999,臺中市,02,和平區,104
24.2903,120.8964,雙崎,C0F900,2017-01-14T16:00:00+08:00,535.0,307.0,1.4,13.7,0.96,953.9,-99.0,6.5,-9.9,-99,-999,臺中市,02,和平區,104
24.2903,120.8964,雙崎,C0F900,2017-01-14T17:00:00+08:00,535.0,114.0,0.5,13.0,0.99,954.5,-99.0,6.5,-9.9,-99,-999,臺中市,02,和平區,104
24.2903,120.8964,雙崎,C0F900,2017-01-14T18:00:00+08:00,535.0,3.0,0.7,12.5,0.99,954.7,-99.0,6.5,-9.9,-99,-999,臺中市,02,和平區,104
24.2903,120.8964,雙崎,C0F900,2017-01-14T19:00:00+08:00,535.0,284.0,1.2,11.9,0.99,955.7,-99.0,6.5,-9.9,-99,-999,臺中市,02,和平區,104
24.2903,120.8964,雙崎,C0F900,2017-01-14T20:00:00+08:00,535.0,305.0,0.3,12.1,0.99,956.1,-99.0,6.5,-9.9,-99,-999,臺中市,02,和平區,104
24.2903,120.8964,雙崎,C0F900,2017-01-14T21:00:00+08:00,535.0,0.0,0.2,11.3,0.99,956.8,-99.0,6.5,-9.9,-99,-999,臺中市,02,和平區,104
24.2903,120.8964,雙崎,C0F900,2017-01-14T22:00:00+08:00,535.0,43.0,0.3,11.2,0.99,957.0,-99.0,7.0,-9.9,-99,-999,臺中市,02,和平區,104
24.2903,120.8964,雙崎,C0F900,2017-01-14T23:00:00+08:00,535.0,89.0,0.5,11.1,0.99,957.1,-99.0,7.0,-9.9,-99,-999,臺中市,02,和平區,104
24.2903,120.8964,雙崎,C0F900,2017-01-15T00:00:00+08:00,535.0,0.0,0.0,11.1,0.99,957.2,-99.0,7.0,-9.9,-99,-999,臺中市,02,和平區,104
24.2903,120.8964,雙崎,C0F900,2017-01-15T01:00:00+08:00,535.0,0.0,0.0,12.0,0.99,957.4,-99.0,0.0,-9.9,-99,-999,臺中市,02,和平區,104
24.2903,120.8964,雙崎,C0F900,2017-01-15T03:00:00+08:00,535.0,103.0,0.4,14.1,0.99,957.0,-99.0,0.0,-9.9,-99,-999,臺中市,02,和平區,104
24.2903,120.8964,雙崎,C0F900,2017-01-15T04:00:00+08:00,535.0,335.0,0.9,13.6,0.99,956.3,-99.0,0.0,-9.9,-99,-999,臺中市,02,和平區,104
24.2903,120.8964,雙崎,C0F900,2017-01-15T05:00:00+08:00,535.0,176.0,1.1,12.1,0.99,956.1,-99.0,0.0,-9.9,-99,-999,臺中市,02,和平區,104
24.2903,120.8964,雙崎,C0F900,2017-01-15T06:00:00+08:00,535.0,71.0,0.8,11.8,0.99,957.1,-99.0,0.0,-9.9,-99,-999,臺中市,02,和平區,104
24.2903,120.8964,雙崎,C0F900,2017-01-15T07:00:00+08:00,535.0,294.0,1.9,11.8,0.99,956.7,-99.0,0.0,-9.9,-99,-999,臺中市,02,和平區,104
24.2903,120.8964,雙崎,C0F900,2017-01-15T08:00:00+08:00,535.0,294.0,0.3,11.7,0.99,957.8,-99.0,0.0,-9.9,-99,-999,臺中市,02,和平區,104
24.2903,120.8964,雙崎,C0F900,2017-01-15T09:00:00+08:00,535.0,198.0,0.9,12.2,0.99,958.3,-99.0,0.0,-9.9,-99,-999,臺中市,02,和平區,104
24.2903,120.8964,雙崎,C0F900,2017-01-15T10:00:00+08:00,535.0,277.0,0.8,11.6,0.99,958.9,-99.0,0.0,-9.9,-99,-999,臺中市,02,和平區,104
24.2903,120.8964,雙崎,C0F900,2017-01-15T11:00:00+08:00,535.0,314.0,1.2,12.7,0.99,957.9,-99.0,0.5,-9.9,-99,-999,臺中市,02,和平區,104
24.2903,120.8964,雙崎,C0F900,2017-01-15T12:00:00+08:00,535.0,0.0,0.0,12.2,0.99,957.7,-99.0,0.5,-9.9,-99,-999,臺中市,02,和平區,104
24.2903,120.8964,雙崎,C0F900,2017-01-15T13:00:00+08:00,535.0,310.0,1.0,12.9,0.99,956.7,-99.0,0.5,-9.9,-99,-999,臺中市,02,和平區,104
24.2903,120.8964,雙崎,C0F900,2017-01-15T14:00:00+08:00,535.0,87.0,0.3,12.6,0.99,956.5,-99.0,0.5,-9.9,-99,-999,臺中市,02,和平區,104
24.2903,120.8964,雙崎,C0F900,2017-01-15T15:00:00+08:00,535.0,301.0,1.0,12.8,0.98,956.1,-99.0,0.5,-9.9,-99,-999,臺中市,02,和平區,104
24.2903,120.8964,雙崎,C0F900,2017-01-15T16:00:00+08:00,535.0,328.0,0.5,12.8,0.98,956.4,-99.0,0.5,-9.9,-99,-999,臺中市,02,和平區,104
24.2903,120.8964,雙崎,C0F900,2017-01-15T17:00:00+08:00,535.0,6.0,0.3,12.1,0.99,956.1,-99.0,0.5,-9.9,-99,-999,臺中市,02,和平區,104
24.2903,120.8964,雙崎,C0F900,2017-01-15T18:00:00+08:00,535.0,0.0,0.2,11.8,0.99,956.8,-99.0,0.5,-9.9,-99,-999,臺中市,02,和平區,104
24.2903,120.8964,雙崎,C0F900,2017-01-15T19:00:00+08:00,535.0,62.0,0.7,11.9,0.99,957.2,-99.0,0.5,-9.9,-99,-999,臺中市,02,和平區,104
24.2903,120.8964,雙崎,C0F900,2017-01-15T20:00:00+08:00,535.0,0.0,0.2,12.1,0.99,957.6,-99.0,0.5,-9.9,-99,-999,臺中市,02,和平區,104
24.2903,120.8964,雙崎,C0F900,2017-01-15T21:00:00+08:00,535.0,0.0,0.1,11.7,0.99,957.8,-99.0,0.5,-9.9,-99,-999,臺中市,02,和平區,104
24.2903,120.8964,雙崎,C0F900,2017-01-15T22:00:00+08:00,535.0,56.0,0.4,11.7,0.99,958.0,-99.0,0.5,-9.9,-99,-999,臺中市,02,和平區,104
24.2903,120.8964,雙崎,C0F900,2017-01-15T23:00:00+08:00,535.0,166.0,0.5,12.9,0.99,957.6,-99.0,0.5,-9.9,-99,-999,臺中市,02,和平區,104
24.2903,120.8964,雙崎,C0F900,2017-01-16T01:00:00+08:00,535.0,232.0,0.7,11.6,0.99,958.4,-99.0,2.0,-9.9,-99,-999,臺中市,02,和平區,104
24.2903,120.8964,雙崎,C0F900,2017-01-16T02:00:00+08:00,535.0,298.0,0.7,11.6,0.99,957.6,-99.0,2.5,-9.9,-99,-999,臺中市,02,和平區,104
24.2903,120.8964,雙崎,C0F900,2017-01-16T03:00:00+08:00,535.0,174.0,0.9,11.6,0.99,957.8,-99.0,2.5,-9.9,-99,-999,臺中市,02,和平區,104
24.2903,120.8964,雙崎,C0F900,2017-01-16T04:00:00+08:00,535.0,84.0,0.4,12.4,0.99,957.3,-99.0,2.5,-9.9,-99,-999,臺中市,02,和平區,104
24.2903,120.8964,雙崎,C0F900,2017-01-16T05:00:00+08:00,535.0,25.0,0.9,11.3,0.99,957.7,-99.0,2.5,-9.9,-99,-999,臺中市,02,和平區,104
24.2903,120.8964,雙崎,C0F900,2017-01-16T06:00:00+08:00,535.0,28.0,0.4,11.1,0.99,957.8,-99.0,2.5,-9.9,-99,-999,臺中市,02,和平區,104
24.2903,120.8964,雙崎,C0F900,2017-01-16T07:00:00+08:00,535.0,265.0,0.5,10.9,0.99,958.3,-99.0,2.5,-9.9,-99,-999,臺中市,02,和平區,104
24.2903,120.8964,雙崎,C0F900,2017-01-16T08:00:00+08:00,535.0,163.0,1.6,11.6,0.99,958.2,-99.0,2.5,-9.9,-99,-999,臺中市,02,和平區,104
24.2903,120.8964,雙崎,C0F900,2017-01-16T10:00:00+08:00,535.0,0.0,0.2,13.4,0.99,958.8,-99.0,2.5,-9.9,-99,-999,臺中市,02,和平區,104
24.2903,120.8964,雙崎,C0F900,2017-01-16T11:00:00+08:00,535.0,315.0,0.5,14.9,0.94,958.2,-99.0,2.5,-9.9,-99,-999,臺中市,02,和平區,104
24.2903,120.8964,雙崎,C0F900,2017-01-16T12:00:00+08:00,535.0,290.0,1.3,15.8,0.89,957.4,-99.0,2.5,-9.9,-99,-999,臺中市,02,和平區,104
24.2903,120.8964,雙崎,C0F900,2017-01-16T13:00:00+08:00,535.0,319.0,0.4,16.9,0.84,956.4,-99.0,2.5,-9.9,-99,-999,臺中市,02,和平區,104
24.2903,120.8964,雙崎,C0F900,2017-01-16T14:00:00+08:00,535.0,265.0,0.9,17.0,0.81,956.0,-99.0,2.5,-9.9,-99,-999,臺中市,02,和平區,104
24.2903,120.8964,雙崎,C0F900,2017-01-16T15:00:00+08:00,535.0,273.0,1.4,16.7,0.82,955.7,-99.0,2.5,-9.9,-99,-999,臺中市,02,和平區,104
24.2903,120.8964,雙崎,C0F900,2017-01-16T16:00:00+08:00,535.0,277.0,1.1,17.9,0.78,955.6,-99.0,2.5,-9.9,-99,-999,臺中市,02,和平區,104
24.2903,120.8964,雙崎,C0F900,2017-01-16T17:00:00+08:00,535.0,0.0,0.0,15.9,0.86,956.1,-99.0,2.5,-9.9,-99,-999,臺中市,02,和平區,104
24.2903,120.8964,雙崎,C0F900,2017-01-16T18:00:00+08:00,535.0,123.0,0.3,14.7,0.96,956.5,-99.0,2.5,-9.9,-99,-999,臺中市,02,和平區,104
24.2903,120.8964,雙崎,C0F900,2017-01-16T19:00:00+08:00,535.0,148.0,1.6,14.1,0.99,957.2,-99.0,2.5,-9.9,-99,-999,臺中市,02,和平區,104
24.2903,120.8964,雙崎,C0F900,2017-01-16T20:00:00+08:00,535.0,156.0,1.0,14.6,0.97,957.8,-99.0,2.5,-9.9,-99,-999,臺中市,02,和平區,104
24.2903,120.8964,雙崎,C0F900,2017-01-16T21:00:00+08:00,535.0,182.0,0.5,14.8,0.96,958.3,-99.0,2.5,-9.9,-99,-999,臺中市,02,和平區,104
24.2903,120.8964,雙崎,C0F900,2017-01-16T22:00:00+08:00,535.0,171.0,0.7,14.9,0.96,958.8,-99.0,2.5,-9.9,-99,-999,臺中市,02,和平區,104
24.2903,120.8964,雙崎,C0F900,2017-01-16T23:00:00+08:00,535.0,157.0,0.6,14.2,0.99,959.1,-99.0,2.5,-9.9,-99,-999,臺中市,02,和平區,104
24.2903,120.8964,雙崎,C0F900,2017-01-17T00:00:00+08:00,535.0,164.0,1.0,14.2,0.97,959.1,-99.0,2.5,-9.9,-99,-999,臺中市,02,和平區,104
24.2903,120.8964,雙崎,C0F900,2017-01-17T01:00:00+08:00,535.0,87.0,1.4,13.9,0.98,958.4,-99.0,0.0,-9.9,-99,-999,臺中市,02,和平區,104
24.2903,120.8964,雙崎,C0F900,2017-01-17T02:00:00+08:00,535.0,288.0,1.5,13.6,0.96,957.6,-99.0,0.0,-9.9,-99,-999,臺中市,02,和平區,104
24.2903,120.8964,雙崎,C0F900,2017-01-17T03:00:00+08:00,535.0,37.0,0.5,13.8,0.98,959.5,-99.0,0.0,-9.9,-99,-999,臺中市,02,和平區,104
24.2903,120.8964,雙崎,C0F900,2017-01-17T04:00:00+08:00,535.0,92.0,0.3,13.9,0.99,959.1,-99.0,0.0,-9.9,-99,-999,臺中市,02,和平區,104
24.2903,120.8964,雙崎,C0F900,2017-01-17T05:00:00+08:00,535.0,128.0,0.6,14.0,0.97,959.2,-99.0,0.0,-9.9,-99,-999,臺中市,02,和平區,104
24.2903,120.8964,雙崎,C0F900,2017-01-17T06:00:00+08:00,535.0,149.0,0.8,13.8,0.97,959.2,-99.0,0.0,-9.9,-99,-999,臺中市,02,和平區,104
24.2903,120.8964,雙崎,C0F900,2017-01-17T07:00:00+08:00,535.0,0.0,0.0,13.5,0.97,959.9,-99.0,0.0,-9.9,-99,-999,臺中市,02,和平區,104
24.2903,120.8964,雙崎,C0F900,2017-01-17T08:00:00+08:00,535.0,57.0,0.8,14.1,0.92,959.9,-99.0,0.0,-9.9,-99,-999,臺中市,02,和平區,104
24.2903,120.8964,雙崎,C0F900,2017-01-17T09:00:00+08:00,535.0,48.0,0.5,18.2,0.69,960.4,-99.0,0.0,-9.9,-99,-999,臺中市,02,和平區,104
24.2903,120.8964,雙崎,C0F900,2017-01-17T10:00:00+08:00,535.0,58.0,0.9,19.4,0.62,960.1,-99.0,0.0,-9.9,-99,-999,臺中市,02,和平區,104
24.2903,120.8964,雙崎,C0F900,2017-01-17T11:00:00+08:00,535.0,277.0,1.4,20.4,0.67,959.5,-99.0,0.0,-9.9,-99,-999,臺中市,02,和平區,104
24.2903,120.8964,雙崎,C0F900,2017-01-17T12:00:00+08:00,535.0,256.0,1.1,21.2,0.61,958.6,-99.0,0.0,-9.9,-99,-999,臺中市,02,和平區,104
24.2903,120.8964,雙崎,C0F900,2017-01-17T13:00:00+08:00,535.0,288.0,1.4,22.3,0.57,958.0,-99.0,0.0,-9.9,-99,-999,臺中市,02,和平區,104
24.2903,120.8964,雙崎,C0F900,2017-01-17T14:00:00+08:00,535.0,261.0,1.4,20.4,0.69,957.6,-99.0,0.0,-9.9,-99,-999,臺中市,02,和平區,104
24.2903,120.8964,雙崎,C0F900,2017-01-17T15:00:00+08:00,535.0,284.0,0.7,19.9,0.75,957.2,-99.0,0.0,-9.9,-99,-999,臺中市,02,和平區,104
24.2903,120.8964,雙崎,C0F900,2017-01-17T16:00:00+08:00,535.0,268.0,1.4,19.5,0.77,957.7,-99.0,0.0,-9.9,-99,-999,臺中市,02,和平區,104
24.2903,120.8964,雙崎,C0F900,2017-01-17T17:00:00+08:00,535.0,293.0,0.4,18.2,0.85,958.2,-99.0,0.0,-9.9,-99,-999,臺中市,02,和平區,104
24.2903,120.8964,雙崎,C0F900,2017-01-17T18:00:00+08:00,535.0,262.0,0.6,16.2,0.93,958.7,-99.0,0.0,-9.9,-99,-999,臺中市,02,和平區,104
24.2903,120.8964,雙崎,C0F900,2017-01-17T19:00:00+08:00,535.0,133.0,1.1,16.3,0.94,959.5,-99.0,0.0,-9.9,-99,-999,臺中市,02,和平區,104
24.2903,120.8964,雙崎,C0F900,2017-01-17T20:00:00+08:00,535.0,156.0,1.2,15.4,0.96,959.8,-99.0,0.0,-9.9,-99,-999,臺中市,02,和平區,104
24.2903,120.8964,雙崎,C0F900,2017-01-17T21:00:00+08:00,535.0,130.0,0.8,15.7,0.94,960.4,-99.0,0.0,-9.9,-99,-999,臺中市,02,和平區,104
24.2903,120.8964,雙崎,C0F900,2017-01-17T22:00:00+08:00,535.0,159.0,1.4,15.4,0.95,960.7,-99.0,0.0,-9.9,-99,-999,臺中市,02,和平區,104
24.2903,120.8964,雙崎,C0F900,2017-01-17T23:00:00+08:00,535.0,157.0,1.1,15.0,0.96,960.8,-99.0,0.0,-9.9,-99,-999,臺中市,02,和平區,104
24.2903,120.8964,雙崎,C0F900,2017-01-18T01:00:00+08:00,535.0,24.0,0.6,14.8,0.99,961.0,-99.0,0.0,-9.9,-99,-999,臺中市,02,和平區,104
24.2903,120.8964,雙崎,C0F900,2017-01-18T02:00:00+08:00,535.0,179.0,1.4,14.5,0.99,960.9,-99.0,0.0,-9.9,-99,-999,臺中市,02,和平區,104
24.2903,120.8964,雙崎,C0F900,2017-01-18T03:00:00+08:00,535.0,0.0,0.0,14.9,0.99,961.0,-99.0,0.0,-9.9,-99,-999,臺中市,02,和平區,104
24.2903,120.8964,雙崎,C0F900,2017-01-18T04:00:00+08:00,535.0,312.0,0.5,15.1,0.97,960.8,-99.0,0.0,-9.9,-99,-999,臺中市,02,和平區,104
24.2903,120.8964,雙崎,C0F900,2017-01-18T05:00:00+08:00,535.0,75.0,0.8,14.9,0.99,961.0,-99.0,0.0,-9.9,-99,-999,臺中市,02,和平區,104
24.2903,120.8964,雙崎,C0F900,2017-01-18T06:00:00+08:00,535.0,112.0,1.3,14.0,0.99,961.0,-99.0,0.0,-9.9,-99,-999,臺中市,02,和平區,104
24.2903,120.8964,雙崎,C0F900,2017-01-18T07:00:00+08:00,535.0,124.0,0.9,13.8,0.95,961.0,-99.0,0.0,-9.9,-99,-999,臺中市,02,和平區,104
24.2903,120.8964,雙崎,C0F900,2017-01-18T08:00:00+08:00,535.0,131.0,1.0,13.4,0.96,961.6,-99.0,0.0,-9.9,-99,-999,臺中市,02,和平區,104
24.2903,120.8964,雙崎,C0F900,2017-01-18T10:00:00+08:00,535.0,32.0,0.6,20.6,0.61,961.6,-99.0,0.0,-9.9,-99,-999,臺中市,02,和平區,104
24.2903,120.8964,雙崎,C0F900,2017-01-18T11:00:00+08:00,535.0,282.0,1.1,21.2,0.65,960.7,-99.0,0.0,-9.9,-99,-999,臺中市,02,和平區,104
24.2903,120.8964,雙崎,C0F900,2017-01-18T12:00:00+08:00,535.0,276.0,1.6,22.1,0.63,959.0,-99.0,0.0,-9.9,-99,-999,臺中市,02,和平區,104
24.2903,120.8964,雙崎,C0F900,2017-01-18T13:00:00+08:00,535.0,267.0,1.4,23.8,0.62,958.0,-99.0,0.0,-9.9,-99,-999,臺中市,02,和平區,104
24.2903,120.8964,雙崎,C0F900,2017-01-18T14:00:00+08:00,535.0,258.0,0.8,20.8,0.80,957.9,-99.0,0.0,-9.9,-99,-999,臺中市,02,和平區,104
24.2903,120.8964,雙崎,C0F900,2017-01-18T15:00:00+08:00,535.0,238.0,1.1,17.4,0.95,958.3,-99.0,0.0,-9.9,-99,-999,臺中市,02,和平區,104
24.2903,120.8964,雙崎,C0F900,2017-01-18T16:00:00+08:00,535.0,290.0,1.1,18.4,0.89,958.2,-99.0,0.0,-9.9,-99,-999,臺中市,02,和平區,104
24.2903,120.8964,雙崎,C0F900,2017-01-18T17:00:00+08:00,535.0,259.0,1.9,17.7,0.92,958.7,-99.0,0.0,-9.9,-99,-999,臺中市,02,和平區,104
24.2903,120.8964,雙崎,C0F900,2017-01-18T18:00:00+08:00,535.0,115.0,0.7,16.5,0.98,958.9,-99.0,0.0,-9.9,-99,-999,臺中市,02,和平區,104
24.2903,120.8964,雙崎,C0F900,2017-01-18T19:00:00+08:00,535.0,141.0,1.2,15.4,0.99,959.3,-99.0,0.0,-9.9,-99,-999,臺中市,02,和平區,104
24.2903,120.8964,雙崎,C0F900,2017-01-18T20:00:00+08:00,535.0,158.0,0.7,14.8,0.99,959.5,-99.0,0.0,-9.9,-99,-999,臺中市,02,和平區,104
24.2903,120.8964,雙崎,C0F900,2017-01-18T21:00:00+08:00,535.0,138.0,1.0,14.7,0.97,960.0,-99.0,0.0,-9.9,-99,-999,臺中市,02,和平區,104
24.2903,120.8964,雙崎,C0F900,2017-01-18T22:00:00+08:00,535.0,158.0,1.0,14.2,0.97,960.0,-99.0,0.0,-9.9,-99,-999,臺中市,02,和平區,104
24.2903,120.8964,雙崎,C0F900,2017-01-18T23:00:00+08:00,535.0,119.0,1.1,15.0,0.92,960.0,-99.0,0.0,-9.9,-99,-999,臺中市,02,和平區,104
24.2903,120.8964,雙崎,C0F900,2017-01-19T00:00:00+08:00,535.0,129.0,0.9,14.7,0.92,960.3,-99.0,0.0,-9.9,-99,-999,臺中市,02,和平區,104
24.2903,120.8964,雙崎,C0F900,2017-01-19T01:00:00+08:00,535.0,154.0,1.2,14.9,0.89,960.2,-99.0,0.0,-9.9,-99,-999,臺中市,02,和平區,104
24.2903,120.8964,雙崎,C0F900,2017-01-19T02:00:00+08:00,535.0,108.0,1.1,15.2,0.84,960.0,-99.0,0.0,-9.9,-99,-999,臺中市,02,和平區,104
24.2903,120.8964,雙崎,C0F900,2017-01-19T03:00:00+08:00,535.0,76.0,2.6,15.7,0.79,960.0,-99.0,0.0,-9.9,-99,-999,臺中市,02,和平區,104
24.2903,120.8964,雙崎,C0F900,2017-01-19T04:00:00+08:00,535.0,135.0,1.9,15.7,0.78,960.0,-99.0,0.0,-9.9,-99,-999,臺中市,02,和平區,104
24.2903,120.8964,雙崎,C0F900,2017-01-19T05:00:00+08:00,535.0,112.0,1.7,16.3,0.71,960.1,-99.0,0.0,-9.9,-99,-999,臺中市,02,和平區,104
24.2903,120.8964,雙崎,C0F900,2017-01-19T06:00:00+08:00,535.0,107.0,2.1,16.4,0.71,960.2,-99.0,0.0,-9.9,-99,-999,臺中市,02,和平區,104
24.2903,120.8964,雙崎,C0F900,2017-01-19T07:00:00+08:00,535.0,86.0,1.5,16.4,0.71,960.4,-99.0,0.0,-9.9,-99,-999,臺中市,02,和平區,104
24.2903,120.8964,雙崎,C0F900,2017-01-19T08:00:00+08:00,535.0,84.0,1.5,16.9,0.70,960.7,-99.0,0.0,-9.9,-99,-999,臺中市,02,和平區,104
24.2903,120.8964,雙崎,C0F900,2017-01-19T09:00:00+08:00,535.0,109.0,1.5,19.0,0.66,960.9,-99.0,0.0,-9.9,-99,-999,臺中市,02,和平區,104
24.2903,120.8964,雙崎,C0F900,2017-01-19T10:00:00+08:00,535.0,355.0,0.9,21.8,0.57,960.5,-99.0,0.0,-9.9,-99,-999,臺中市,02,和平區,104
24.2903,120.8964,雙崎,C0F900,2017-01-19T11:00:00+08:00,535.0,271.0,2.0,22.5,0.62,959.9,-99.0,0.0,-9.9,-99,-999,臺中市,02,和平區,104
24.2903,120.8964,雙崎,C0F900,2017-01-19T12:00:00+08:00,535.0,272.0,1.2,23.1,0.59,958.8,-99.0,0.0,-9.9,-99,-999,臺中市,02,和平區,104
24.2903,120.8964,雙崎,C0F900,2017-01-19T13:00:00+08:00,535.0,259.0,1.6,23.8,0.57,957.6,-99.0,0.0,-9.9,-99,-999,臺中市,02,和平區,104
24.2903,120.8964,雙崎,C0F900,2017-01-19T14:00:00+08:00,535.0,263.0,0.8,24.0,0.57,956.6,-99.0,0.0,-9.9,-99,-999,臺中市,02,和平區,104
24.2903,120.8964,雙崎,C0F900,2017-01-19T15:00:00+08:00,535.0,268.0,1.4,24.9,0.54,956.1,-99.0,0.0,-9.9,-99,-999,臺中市,02,和平區,104
24.2903,120.8964,雙崎,C0F900,2017-01-19T16:00:00+08:00,535.0,259.0,2.1,22.6,0.68,956.1,-99.0,0.0,-9.9,-99,-999,臺中市,02,和平區,104
24.2903,120.8964,雙崎,C0F900,2017-01-19T17:00:00+08:00,535.0,248.0,1.3,17.7,0.93,956.8,-99.0,0.0,-9.9,-99,-999,臺中市,02,和平區,104
24.2903,120.8964,雙崎,C0F900,2017-01-19T18:00:00+08:00,535.0,0.0,0.0,17.0,0.96,957.1,-99.0,0.0,-9.9,-99,-999,臺中市,02,和平區,104
24.2903,120.8964,雙崎,C0F900,2017-01-19T19:00:00+08:00,535.0,146.0,0.7,16.1,0.99,957.8,-99.0,0.0,-9.9,-99,-999,臺中市,02,和平區,104
24.2903,120.8964,雙崎,C0F900,2017-01-19T20:00:00+08:00,535.0,154.0,1.0,16.2,0.98,958.2,-99.0,0.0,-9.9,-99,-999,臺中市,02,和平區,104
24.2903,120.8964,雙崎,C0F900,2017-01-19T21:00:00+08:00,535.0,0.0,0.0,15.9,0.99,958.3,-99.0,0.0,-9.9,-99,-999,臺中市,02,和平區,104
24.2903,120.8964,雙崎,C0F900,2017-01-19T22:00:00+08:00,535.0,0.0,0.1,15.8,0.99,958.4,-99.0,0.0,-9.9,-99,-999,臺中市,02,和平區,104
24.2903,120.8964,雙崎,C0F900,2017-01-19T23:00:00+08:00,535.0,150.0,1.2,15.6,0.99,958.6,-99.0,0.0,-9.9,-99,-999,臺中市,02,和平區,104
24.2903,120.8964,雙崎,C0F900,2017-01-20T00:00:00+08:00,535.0,120.0,1.0,16.2,0.94,958.6,-99.0,0.0,-9.9,-99,-999,臺中市,02,和平區,104
24.2903,120.8964,雙崎,C0F900,2017-01-20T01:00:00+08:00,535.0,70.0,0.8,15.6,0.95,958.6,-99.0,0.0,-9.9,-99,-999,臺中市,02,和平區,104
24.2903,120.8964,雙崎,C0F900,2017-01-20T02:00:00+08:00,535.0,0.0,0.1,14.4,0.99,958.8,-99.0,0.0,-9.9,-99,-999,臺中市,02,和平區,104
24.2903,120.8964,雙崎,C0F900,2017-01-20T03:00:00+08:00,535.0,290.0,1.2,14.3,0.99,958.7,-99.0,0.0,-9.9,-99,-999,臺中市,02,和平區,104
24.2903,120.8964,雙崎,C0F900,2017-01-20T04:00:00+08:00,535.0,256.0,1.0,14.4,0.99,958.4,-99.0,0.0,-9.9,-99,-999,臺中市,02,和平區,104
24.2903,120.8964,雙崎,C0F900,2017-01-20T05:00:00+08:00,535.0,276.0,2.2,13.6,0.99,958.7,-99.0,0.0,-9.9,-99,-999,臺中市,02,和平區,104
24.2903,120.8964,雙崎,C0F900,2017-01-20T06:00:00+08:00,535.0,288.0,1.5,12.8,0.99,959.2,-99.0,0.0,-9.9,-99,-999,臺中市,02,和平區,104
24.2903,120.8964,雙崎,C0F900,2017-01-20T07:00:00+08:00,535.0,247.0,1.2,12.0,0.99,959.8,-99.0,0.0,-9.9,-99,-999,臺中市,02,和平區,104
24.2903,120.8964,雙崎,C0F900,2017-01-20T08:00:00+08:00,535.0,274.0,1.5,11.9,0.99,960.3,-99.0,0.0,-9.9,-99,-999,臺中市,02,和平區,104
24.2903,120.8964,雙崎,C0F900,2017-01-20T09:00:00+08:00,535.0,296.0,1.0,12.2,0.99,960.7,-99.0,0.0,-9.9,-99,-999,臺中市,02,和平區,104
24.2903,120.8964,雙崎,C0F900,2017-01-20T10:00:00+08:00,535.0,259.0,1.8,12.9,0.98,960.8,-99.0,0.0,-9.9,-99,-999,臺中市,02,和平區,104
24.2903,120.8964,雙崎,C0F900,2017-01-20T11:00:00+08:00,535.0,259.0,2.2,14.7,0.87,960.5,-99.0,0.0,-9.9,-99,-999,臺中市,02,和平區,104
24.2903,120.8964,雙崎,C0F900,2017-01-20T12:00:00+08:00,535.0,262.0,2.9,14.6,0.84,959.7,-99.0,0.0,-9.9,-99,-999,臺中市,02,和平區,104
24.2903,120.8964,雙崎,C0F900,2017-01-20T13:00:00+08:00,535.0,278.0,2.6,15.3,0.79,958.6,-99.0,0.0,-9.9,-99,-999,臺中市,02,和平區,104
24.2903,120.8964,雙崎,C0F900,2017-01-20T14:00:00+08:00,535.0,257.0,2.6,14.7,0.79,958.0,-99.0,0.0,-9.9,-99,-999,臺中市,02,和平區,104
24.2903,120.8964,雙崎,C0F900,2017-01-20T15:00:00+08:00,535.0,280.0,2.8,14.7,0.77,957.8,-99.0,0.0,-9.9,-99,-999,臺中市,02,和平區,104
24.2903,120.8964,雙崎,C0F900,2017-01-20T16:00:00+08:00,535.0,274.0,1.8,13.0,0.82,957.9,-99.0,0.0,-9.9,-99,-999,臺中市,02,和平區,104
24.2903,120.8964,雙崎,C0F900,2017-01-20T17:00:00+08:00,535.0,276.0,1.2,10.6,0.91,958.3,-99.0,0.0,-9.9,-99,-999,臺中市,02,和平區,104
24.2903,120.8964,雙崎,C0F900,2017-01-20T18:00:00+08:00,535.0,292.0,1.1,9.2,0.95,958.8,-99.0,0.0,-9.9,-99,-999,臺中市,02,和平區,104
24.2903,120.8964,雙崎,C0F900,2017-01-20T19:00:00+08:00,535.0,53.0,0.3,8.6,0.96,959.5,-99.0,0.0,-9.9,-99,-999,臺中市,02,和平區,104
24.2903,120.8964,雙崎,C0F900,2017-01-20T20:00:00+08:00,535.0,0.0,0.0,8.9,0.96,959.8,-99.0,0.0,-9.9,-99,-999,臺中市,02,和平區,104
24.2903,120.8964,雙崎,C0F900,2017-01-20T21:00:00+08:00,535.0,76.0,0.5,8.6,0.95,960.1,-99.0,0.0,-9.9,-99,-999,臺中市,02,和平區,104
24.2903,120.8964,雙崎,C0F900,2017-01-20T22:00:00+08:00,535.0,0.0,0.1,8.6,0.94,960.2,-99.0,0.0,-9.9,-99,-999,臺中市,02,和平區,104
24.2903,120.8964,雙崎,C0F900,2017-01-20T23:00:00+08:00,535.0,0.0,0.2,8.3,0.95,960.1,-99.0,0.0,-9.9,-99,-999,臺中市,02,和平區,104
24.2903,120.8964,雙崎,C0F900,2017-01-21T00:00:00+08:00,535.0,0.0,0.1,8.6,0.94,960.1,-99.0,0.0,-9.9,-99,-999,臺中市,02,和平區,104
24.2903,120.8964,雙崎,C0F900,2017-01-21T01:00:00+08:00,535.0,0.0,0.1,8.5,0.93,960.5,-99.0,0.0,-9.9,-99,-999,臺中市,02,和平區,104
24.2903,120.8964,雙崎,C0F900,2017-01-21T02:00:00+08:00,535.0,315.0,0.5,8.5,0.93,960.2,-99.0,0.0,-9.9,-99,-999,臺中市,02,和平區,104
24.2903,120.8964,雙崎,C0F900,2017-01-21T03:00:00+08:00,535.0,0.0,0.2,8.5,0.93,960.4,-99.0,0.0,-9.9,-99,-999,臺中市,02,和平區,104
24.2903,120.8964,雙崎,C0F900,2017-01-21T04:00:00+08:00,535.0,132.0,0.9,8.6,0.92,960.5,-99.0,0.0,-9.9,-99,-999,臺中市,02,和平區,104
24.2903,120.8964,雙崎,C0F900,2017-01-21T05:00:00+08:00,535.0,0.0,0.2,8.6,0.92,960.8,-99.0,0.0,-9.9,-99,-999,臺中市,02,和平區,104
24.2903,120.8964,雙崎,C0F900,2017-01-21T06:00:00+08:00,535.0,171.0,1.1,8.8,0.93,961.3,-99.0,0.0,-9.9,-99,-999,臺中市,02,和平區,104
24.2903,120.8964,雙崎,C0F900,2017-01-21T07:00:00+08:00,535.0,59.0,0.7,8.6,0.94,962.1,-99.0,0.0,-9.9,-99,-999,臺中市,02,和平區,104
24.2903,120.8964,雙崎,C0F900,2017-01-21T08:00:00+08:00,535.0,0.0,0.0,9.1,0.92,962.7,-99.0,0.0,-9.9,-99,-999,臺中市,02,和平區,104
24.2903,120.8964,雙崎,C0F900,2017-01-21T10:00:00+08:00,535.0,114.0,0.5,12.2,0.82,963.6,-99.0,0.0,-9.9,-99,-999,臺中市,02,和平區,104
24.2903,120.8964,雙崎,C0F900,2017-01-21T11:00:00+08:00,535.0,339.0,0.4,14.5,0.75,962.7,-99.0,0.0,-9.9,-99,-999,臺中市,02,和平區,104
24.2903,120.8964,雙崎,C0F900,2017-01-21T12:00:00+08:00,535.0,268.0,1.7,15.0,0.72,962.1,-99.0,0.0,-9.9,-99,-999,臺中市,02,和平區,104
24.2903,120.8964,雙崎,C0F900,2017-01-21T13:00:00+08:00,535.0,284.0,1.6,17.8,0.63,961.0,-99.0,0.0,-9.9,-99,-999,臺中市,02,和平區,104
24.2903,120.8964,雙崎,C0F900,2017-01-21T14:00:00+08:00,535.0,289.0,0.9,20.9,0.56,959.8,-99.0,0.0,-9.9,-99,-999,臺中市,02,和平區,104
24.2903,120.8964,雙崎,C0F900,2017-01-21T15:00:00+08:00,535.0,271.0,1.8,16.2,0.70,959.9,-99.0,0.0,-9.9,-99,-999,臺中市,02,和平區,104
24.2903,120.8964,雙崎,C0F900,2017-01-21T16:00:00+08:00,535.0,285.0,1.2,14.8,0.75,960.1,-99.0,0.0,-9.9,-99,-999,臺中市,02,和平區,104
24.2903,120.8964,雙崎,C0F900,2017-01-21T17:00:00+08:00,535.0,11.0,0.6,13.6,0.80,960.3,-99.0,0.0,-9.9,-99,-999,臺中市,02,和平區,104
24.2903,120.8964,雙崎,C0F900,2017-01-21T18:00:00+08:00,535.0,13.0,0.4,12.4,0.85,961.0,-99.0,0.0,-9.9,-99,-999,臺中市,02,和平區,104
24.2903,120.8964,雙崎,C0F900,2017-01-21T19:00:00+08:00,535.0,19.0,0.7,10.7,0.94,961.6,-99.0,0.0,-9.9,-99,-999,臺中市,02,和平區,104
24.2903,120.8964,雙崎,C0F900,2017-01-21T20:00:00+08:00,535.0,56.0,0.4,9.7,0.97,962.2,-99.0,0.0,-9.9,-99,-999,臺中市,02,和平區,104
24.2903,120.8964,雙崎,C0F900,2017-01-21T21:00:00+08:00,535.0,118.0,0.8,10.2,0.97,962.6,-99.0,0.0,-9.9,-99,-999,臺中市,02,和平區,104
24.2903,120.8964,雙崎,C0F900,2017-01-21T22:00:00+08:00,535.0,0.0,0.1,9.3,0.97,962.8,-99.0,0.0,-9.9,-99,-999,臺中市,02,和平區,104
24.2903,120.8964,雙崎,C0F900,2017-01-21T23:00:00+08:00,535.0,160.0,1.2,9.7,0.92,962.7,-99.0,0.0,-9.9,-99,-999,臺中市,02,和平區,104
24.2903,120.8964,雙崎,C0F900,2017-01-22T00:00:00+08:00,535.0,0.0,0.0,9.3,0.91,962.8,-99.0,0.0,-9.9,-99,-999,臺中市,02,和平區,104
24.2903,120.8964,雙崎,C0F900,2017-01-22T01:00:00+08:00,535.0,18.0,0.6,8.5,0.98,962.8,-99.0,0.0,-9.9,-99,-999,臺中市,02,和平區,104
24.2903,120.8964,雙崎,C0F900,2017-01-22T02:00:00+08:00,535.0,0.0,0.2,8.6,0.99,962.8,-99.0,0.0,-9.9,-99,-999,臺中市,02,和平區,104
24.2903,120.8964,雙崎,C0F900,2017-01-22T04:00:00+08:00,535.0,0.0,0.0,9.4,0.94,962.6,-99.0,0.0,-9.9,-99,-999,臺中市,02,和平區,104
24.2903,120.8964,雙崎,C0F900,2017-01-22T05:00:00+08:00,535.0,0.0,0.2,9.3,0.96,962.7,-99.0,0.0,-9.9,-99,-999,臺中市,02,和平區,104
24.2903,120.8964,雙崎,C0F900,2017-01-22T06:00:00+08:00,535.0,262.0,0.5,9.4,0.97,963.4,-99.0,0.0,-9.9,-99,-999,臺中市,02,和平區,104
24.2903,120.8964,雙崎,C0F900,2017-01-22T07:00:00+08:00,535.0,162.0,1.5,9.5,0.98,963.6,-99.0,0.0,-9.9,-99,-999,臺中市,02,和平區,104
24.2903,120.8964,雙崎,C0F900,2017-01-22T08:00:00+08:00,535.0,120.0,0.5,10.2,0.94,963.5,-99.0,0.0,-9.9,-99,-999,臺中市,02,和平區,104
24.2903,120.8964,雙崎,C0F900,2017-01-22T09:00:00+08:00,535.0,352.0,1.1,13.3,0.78,963.8,-99.0,0.0,-9.9,-99,-999,臺中市,02,和平區,104
24.2903,120.8964,雙崎,C0F900,2017-01-22T10:00:00+08:00,535.0,88.0,0.6,16.7,0.64,963.8,-99.0,0.0,-9.9,-99,-999,臺中市,02,和平區,104
24.2903,120.8964,雙崎,C0F900,2017-01-22T11:00:00+08:00,535.0,290.0,1.7,16.6,0.62,963.3,-99.0,0.0,-9.9,-99,-999,臺中市,02,和平區,104
24.2903,120.8964,雙崎,C0F900,2017-01-22T12:00:00+08:00,535.0,272.0,2.0,17.7,0.57,962.4,-99.0,0.0,-9.9,-99,-999,臺中市,02,和平區,104
24.2903,120.8964,雙崎,C0F900,2017-01-22T13:00:00+08:00,535.0,280.0,1.2,19.5,0.53,961.3,-99.0,0.0,-9.9,-99,-999,臺中市,02,和平區,104
24.2903,120.8964,雙崎,C0F900,2017-01-22T14:00:00+08:00,535.0,257.0,1.7,19.4,0.52,960.5,-99.0,0.0,-9.9,-99,-999,臺中市,02,和平區,104
24.2903,120.8964,雙崎,C0F900,2017-01-22T15:00:00+08:00,535.0,254.0,2.0,18.6,0.53,959.8,-99.0,0.0,-9.9,-99,-999,臺中市,02,和平區,104
24.2903,120.8964,雙崎,C0F900,2017-01-22T16:00:00+08:00,535.0,265.0,2.0,17.6,0.56,959.7,-99.0,0.0,-9.9,-99,-999,臺中市,02,和平區,104
24.2903,120.8964,雙崎,C0F900,2017-01-22T17:00:00+08:00,535.0,249.0,0.9,14.7,0.65,959.8,-99.0,0.0,-9.9,-99,-999,臺中市,02,和平區,104
24.2903,120.8964,雙崎,C0F900,2017-01-22T18:00:00+08:00,535.0,26.0,0.6,12.2,0.76,960.0,-99.0,0.0,-9.9,-99,-999,臺中市,02,和平區,104
24.2903,120.8964,雙崎,C0F900,2017-01-22T19:00:00+08:00,535.0,291.0,0.3,10.4,0.84,960.7,-99.0,0.0,-9.9,-99,-999,臺中市,02,和平區,104
24.2903,120.8964,雙崎,C0F900,2017-01-22T20:00:00+08:00,535.0,101.0,0.8,10.8,0.90,961.6,-99.0,0.0,-9.9,-99,-999,臺中市,02,和平區,104
24.2903,120.8964,雙崎,C0F900,2017-01-22T21:00:00+08:00,535.0,95.0,0.6,10.3,0.89,962.1,-99.0,0.0,-9.9,-99,-999,臺中市,02,和平區,104
24.2903,120.8964,雙崎,C0F900,2017-01-22T22:00:00+08:00,535.0,0.0,0.2,10.4,0.92,962.2,-99.0,0.0,-9.9,-99,-999,臺中市,02,和平區,104
24.2903,120.8964,雙崎,C0F900,2017-01-22T23:00:00+08:00,535.0,161.0,1.2,11.6,0.91,962.1,-99.0,0.0,-9.9,-99,-999,臺中市,02,和平區,104
24.2903,120.8964,雙崎,C0F900,2017-01-23T00:00:00+08:00,535.0,127.0,0.6,12.2,0.85,961.7,-99.0,0.0,-9.9,-99,-999,臺中市,02,和平區,104
24.2903,120.8964,雙崎,C0F900,2017-01-23T01:00:00+08:00,535.0,153.0,1.5,12.8,0.79,961.4,-99.0,0.0,-9.9,-99,-999,臺中市,02,和平區,104
24.2903,120.8964,雙崎,C0F900,2017-01-23T02:00:00+08:00,535.0,130.0,0.8,11.8,0.88,961.8,-99.0,0.0,-9.9,-99,-999,臺中市,02,和平區,104
24.2903,120.8964,雙崎,C0F900,2017-01-23T03:00:00+08:00,535.0,160.0,0.9,11.7,0.87,961.6,-99.0,0.0,-9.9,-99,-999,臺中市,02,和平區,104
24.2903,120.8964,雙崎,C0F900,2017-01-23T04:00:00+08:00,535.0,148.0,1.1,11.7,0.90,961.6,-99.0,0.0,-9.9,-99,-999,臺中市,02,和平區,104
24.2903,120.8964,雙崎,C0F900,2017-01-23T05:00:00+08:00,535.0,111.0,0.9,12.2,0.85,961.6,-99.0,0.0,-9.9,-99,-999,臺中市,02,和平區,104
24.2903,120.8964,雙崎,C0F900,2017-01-23T06:00:00+08:00,535.0,114.0,0.7,12.0,0.86,962.1,-99.0,0.0,-9.9,-99,-999,臺中市,02,和平區,104
24.2903,120.8964,雙崎,C0F900,2017-01-23T07:00:00+08:00,535.0,129.0,1.2,12.5,0.85,962.7,-99.0,0.0,-9.9,-99,-999,臺中市,02,和平區,104
24.2903,120.8964,雙崎,C0F900,2017-01-23T08:00:00+08:00,535.0,118.0,1.2,13.4,0.83,963.1,-99.0,0.0,-9.9,-99,-999,臺中市,02,和平區,104
24.2903,120.8964,雙崎,C0F900,2017-01-23T09:00:00+08:00,535.0,291.0,0.6,15.1,0.77,963.3,-99.0,0.0,-9.9,-99,-999,臺中市,02,和平區,104
24.2903,120.8964,雙崎,C0F900,2017-01-23T10:00:00+08:00,535.0,341.0,0.6,17.4,0.64,963.3,-99.0,0.0,-9.9,-99,-999,臺中市,02,和平區,104
24.2903,120.8964,雙崎,C0F900,2017-01-23T11:00:00+08:00,535.0,296.0,1.0,18.0,0.65,963.2,-99.0,0.0,-9.9,-99,-999,臺中市,02,和平區,104
24.2903,120.8964,雙崎,C0F900,2017-01-23T12:00:00+08:00,535.0,278.0,0.9,20.0,0.57,962.3,-99.0,0.0,-9.9,-99,-999,臺中市,02,和平區,104
24.2903,120.8964,雙崎,C0F900,2017-01-23T13:00:00+08:00,535.0,293.0,0.7,20.7,0.54,961.3,-99.0,0.0,-9.9,-99,-999,臺中市,02,和平區,104
24.2903,120.8964,雙崎,C0F900,2017-01-23T14:00:00+08:00,535.0,281.0,0.8,21.0,0.53,960.4,-99.0,0.0,-9.9,-99,-999,臺中市,02,和平區,104
24.2903,120.8964,雙崎,C0F900,2017-01-23T15:00:00+08:00,535.0,274.0,1.3,20.0,0.56,960.0,-99.0,0.0,-9.9,-99,-999,臺中市,02,和平區,104
24.2903,120.8964,雙崎,C0F900,2017-01-23T16:00:00+08:00,535.0,266.0,1.8,17.1,0.65,960.4,-99.0,0.0,-9.9,-99,-999,臺中市,02,和平區,104
24.2903,120.8964,雙崎,C0F900,2017-01-23T17:00:00+08:00,535.0,285.0,1.2,15.1,0.72,961.0,-99.0,0.0,-9.9,-99,-999,臺中市,02,和平區,104
24.2903,120.8964,雙崎,C0F900,2017-01-23T18:00:00+08:00,535.0,0.0,0.0,13.8,0.78,961.6,-99.0,0.0,-9.9,-99,-999,臺中市,02,和平區,104
24.2903,120.8964,雙崎,C0F900,2017-01-23T19:00:00+08:00,535.0,0.0,0.2,13.0,0.81,961.9,-99.0,0.0,-9.9,-99,-999,臺中市,02,和平區,104
24.2903,120.8964,雙崎,C0F900,2017-01-23T21:00:00+08:00,535.0,161.0,1.0,13.6,0.89,962.3,-99.0,0.0,-9.9,-99,-999,臺中市,02,和平區,104
24.2903,120.8964,雙崎,C0F900,2017-01-23T22:00:00+08:00,535.0,147.0,1.2,14.3,0.83,962.5,-99.0,0.0,-9.9,-99,-999,臺中市,02,和平區,104
24.2903,120.8964,雙崎,C0F900,2017-01-23T23:00:00+08:00,535.0,152.0,1.0,14.5,0.82,962.6,-99.0,0.0,-9.9,-99,-999,臺中市,02,和平區,104
24.2903,120.8964,雙崎,C0F900,2017-01-24T00:00:00+08:00,535.0,157.0,0.4,12.9,0.91,962.7,-99.0,0.0,-9.9,-99,-999,臺中市,02,和平區,104
24.2903,120.8964,雙崎,C0F900,2017-01-24T01:00:00+08:00,535.0,141.0,0.6,13.5,0.90,962.7,-99.0,0.0,-9.9,-99,-999,臺中市,02,和平區,104
24.2903,120.8964,雙崎,C0F900,2017-01-24T02:00:00+08:00,535.0,162.0,1.0,14.0,0.84,962.6,-99.0,0.0,-9.9,-99,-999,臺中市,02,和平區,104
24.2903,120.8964,雙崎,C0F900,2017-01-24T03:00:00+08:00,535.0,46.0,0.6,12.3,0.92,962.4,-99.0,0.0,-9.9,-99,-999,臺中市,02,和平區,104
24.2903,120.8964,雙崎,C0F900,2017-01-24T04:00:00+08:00,535.0,1.0,0.5,12.8,0.92,962.0,-99.0,0.0,-9.9,-99,-999,臺中市,02,和平區,104
24.2903,120.8964,雙崎,C0F900,2017-01-24T05:00:00+08:00,535.0,155.0,0.6,12.9,0.93,962.1,-99.0,0.0,-9.9,-99,-999,臺中市,02,和平區,104
24.2903,120.8964,雙崎,C0F900,2017-01-24T06:00:00+08:00,535.0,0.0,0.2,13.2,0.92,962.5,-99.0,0.0,-9.9,-99,-999,臺中市,02,和平區,104
24.2903,120.8964,雙崎,C0F900,2017-01-24T07:00:00+08:00,535.0,136.0,0.9,13.3,0.94,963.0,-99.0,0.0,-9.9,-99,-999,臺中市,02,和平區,104
24.2903,120.8964,雙崎,C0F900,2017-01-24T08:00:00+08:00,535.0,81.0,1.6,14.6,0.86,963.2,-99.0,0.0,-9.9,-99,-999,臺中市,02,和平區,104
24.2903,120.8964,雙崎,C0F900,2017-01-24T10:00:00+08:00,535.0,325.0,0.6,16.9,0.74,963.8,-99.0,0.0,-9.9,-99,-999,臺中市,02,和平區,104
24.2903,120.8964,雙崎,C0F900,2017-01-24T11:00:00+08:00,535.0,268.0,0.7,17.9,0.71,963.7,-99.0,0.0,-9.9,-99,-999,臺中市,02,和平區,104
24.2903,120.8964,雙崎,C0F900,2017-01-24T12:00:00+08:00,535.0,279.0,1.4,18.5,0.67,962.7,-99.0,0.0,-9.9,-99,-999,臺中市,02,和平區,104
24.2903,120.8964,雙崎,C0F900,2017-01-24T13:00:00+08:00,535.0,287.0,0.9,19.2,0.66,962.0,-99.0,0.0,-9.9,-99,-999,臺中市,02,和平區,104
24.2903,120.8964,雙崎,C0F900,2017-01-24T14:00:00+08:00,535.0,293.0,1.1,20.0,0.63,961.6,-99.0,0.0,-9.9,-99,-999,臺中市,02,和平區,104
24.2903,120.8964,雙崎,C0F900,2017-01-24T15:00:00+08:00,535.0,263.0,1.9,19.2,0.67,961.3,-99.0,0.0,-9.9,-99,-999,臺中市,02,和平區,104
24.2903,120.8964,雙崎,C0F900,2017-01-24T16:00:00+08:00,535.0,264.0,2.6,17.3,0.75,961.4,-99.0,0.0,-9.9,-99,-999,臺中市,02,和平區,104
24.2903,120.8964,雙崎,C0F900,2017-01-24T17:00:00+08:00,535.0,275.0,1.7,15.5,0.81,961.9,-99.0,0.0,-9.9,-99,-999,臺中市,02,和平區,104
24.2903,120.8964,雙崎,C0F900,2017-01-24T18:00:00+08:00,535.0,80.0,0.3,14.5,0.86,962.1,-99.0,0.0,-9.9,-99,-999,臺中市,02,和平區,104
24.2903,120.8964,雙崎,C0F900,2017-01-24T19:00:00+08:00,535.0,81.0,0.6,13.3,0.91,963.0,-99.0,0.0,-9.9,-99,-999,臺中市,02,和平區,104
24.2903,120.8964,雙崎,C0F900,2017-01-24T20:00:00+08:00,535.0,0.0,0.1,13.1,0.93,963.6,-99.0,0.0,-9.9,-99,-999,臺中市,02,和平區,104
24.2903,120.8964,雙崎,C0F900,2017-01-24T21:00:00+08:00,535.0,0.0,0.1,12.9,0.94,963.8,-99.0,0.0,-9.9,-99,-999,臺中市,02,和平區,104
24.2903,120.8964,雙崎,C0F900,2017-01-24T22:00:00+08:00,535.0,17.0,0.5,12.5,0.96,963.8,-99.0,0.0,-9.9,-99,-999,臺中市,02,和平區,104
24.2903,120.8964,雙崎,C0F900,2017-01-24T23:00:00+08:00,535.0,0.0,0.1,11.6,0.98,963.7,-99.0,0.0,-9.9,-99,-999,臺中市,02,和平區,104
24.2903,120.8964,雙崎,C0F900,2017-01-25T00:00:00+08:00,535.0,0.0,0.0,11.6,0.99,963.7,-99.0,0.0,-9.9,-99,-999,臺中市,02,和平區,104
24.2903,120.8964,雙崎,C0F900,2017-01-25T01:00:00+08:00,535.0,0.0,0.2,11.7,0.98,963.2,-99.0,0.0,-9.9,-99,-999,臺中市,02,和平區,104
24.2903,120.8964,雙崎,C0F900,2017-01-25T02:00:00+08:00,535.0,140.0,1.2,11.9,0.99,962.5,-99.0,0.0,-9.9,-99,-999,臺中市,02,和平區,104
24.2903,120.8964,雙崎,C0F900,2017-01-25T03:00:00+08:00,535.0,356.0,0.3,11.4,0.99,962.4,-99.0,0.0,-9.9,-99,-999,臺中市,02,和平區,104
24.2903,120.8964,雙崎,C0F900,2017-01-25T04:00:00+08:00,535.0,0.0,0.0,11.1,0.99,962.4,-99.0,0.0,-9.9,-99,-999,臺中市,02,和平區,104
24.2903,120.8964,雙崎,C0F900,2017-01-25T05:00:00+08:00,535.0,158.0,1.2,11.9,0.99,962.6,-99.0,0.0,-9.9,-99,-999,臺中市,02,和平區,104
24.2903,120.8964,雙崎,C0F900,2017-01-25T06:00:00+08:00,535.0,158.0,0.9,13.0,0.95,962.7,-99.0,0.0,-9.9,-99,-999,臺中市,02,和平區,104
24.2903,120.8964,雙崎,C0F900,2017-01-25T07:00:00+08:00,535.0,146.0,1.2,13.4,0.89,962.7,-99.0,0.0,-9.9,-99,-999,臺中市,02,和平區,104
24.2903,120.8964,雙崎,C0F900,2017-01-25T08:00:00+08:00,535.0,0.0,0.2,12.5,0.95,963.2,-99.0,0.0,-9.9,-99,-999,臺中市,02,和平區,104
24.2903,120.8964,雙崎,C0F900,2017-01-25T09:00:00+08:00,535.0,335.0,1.0,15.3,0.82,963.6,-99.0,0.0,-9.9,-99,-999,臺中市,02,和平區,104
24.2903,120.8964,雙崎,C0F900,2017-01-25T10:00:00+08:00,535.0,291.0,1.8,16.4,0.78,963.4,-99.0,0.0,-9.9,-99,-999,臺中市,02,和平區,104
24.2903,120.8964,雙崎,C0F900,2017-01-25T11:00:00+08:00,535.0,270.0,2.2,14.8,0.82,963.3,-99.0,0.0,-9.9,-99,-999,臺中市,02,和平區,104
24.2903,120.8964,雙崎,C0F900,2017-01-25T12:00:00+08:00,535.0,299.0,0.8,16.5,0.76,962.7,-99.0,0.0,-9.9,-99,-999,臺中市,02,和平區,104
24.2903,120.8964,雙崎,C0F900,2017-01-25T13:00:00+08:00,535.0,292.0,0.8,19.1,0.66,961.5,-99.0,0.0,-9.9,-99,-999,臺中市,02,和平區,104
24.2903,120.8964,雙崎,C0F900,2017-01-25T14:00:00+08:00,535.0,270.0,2.1,19.5,0.66,961.0,-99.0,0.0,-9.9,-99,-999,臺中市,02,和平區,104
24.2903,120.8964,雙崎,C0F900,2017-01-25T15:00:00+08:00,535.0,256.0,1.9,19.9,0.66,960.5,-99.0,0.0,-9.9,-99,-999,臺中市,02,和平區,104
24.2903,120.8964,雙崎,C0F900,2017-01-25T16:00:00+08:00,535.0,260.0,3.3,16.9,0.77,960.5,-99.0,0.0,-9.9,-99,-999,臺中市,02,和平區,104
24.2903,120.8964,雙崎,C0F900,2017-01-25T17:00:00+08:00,535.0,248.0,2.0,14.2,0.88,961.2,-99.0,0.0,-9.9,-99,-999,臺中市,02,和平區,104
24.2903,120.8964,雙崎,C0F900,2017-01-25T18:00:00+08:00,535.0,0.0,0.0,13.0,0.93,961.3,-99.0,0.0,-9.9,-99,-999,臺中市,02,和平區,104
24.2903,120.8964,雙崎,C0F900,2017-01-25T19:00:00+08:00,535.0,311.0,0.4,11.9,0.97,961.7,-99.0,0.0,-9.9,-99,-999,臺中市,02,和平區,104
24.2903,120.8964,雙崎,C0F900,2017-01-25T20:00:00+08:00,535.0,0.0,0.2,12.0,0.98,962.3,-99.0,0.0,-9.9,-99,-999,臺中市,02,和平區,104
24.2903,120.8964,雙崎,C0F900,2017-01-25T21:00:00+08:00,535.0,250.0,1.0,11.9,0.97,962.6,-99.0,0.0,-9.9,-99,-999,臺中市,02,和平區,104
24.2903,120.8964,雙崎,C0F900,2017-01-25T22:00:00+08:00,535.0,71.0,0.9,11.9,0.96,962.5,-99.0,0.0,-9.9,-99,-999,臺中市,02,和平區,104
24.2903,120.8964,雙崎,C0F900,2017-01-25T23:00:00+08:00,535.0,280.0,0.3,11.5,0.96,962.5,-99.0,0.0,-9.9,-99,-999,臺中市,02,和平區,104
24.2903,120.8964,雙崎,C0F900,2017-01-26T00:00:00+08:00,535.0,281.0,0.6,10.9,0.97,962.1,-99.0,0.0,-9.9,-99,-999,臺中市,02,和平區,104
24.2903,120.8964,雙崎,C0F900,2017-01-26T01:00:00+08:00,535.0,265.0,0.8,10.6,0.97,962.0,-99.0,0.0,-9.9,-99,-999,臺中市,02,和平區,104
24.2903,120.8964,雙崎,C0F900,2017-01-26T02:00:00+08:00,535.0,121.0,0.4,10.5,0.95,961.5,-99.0,0.0,-9.9,-99,-999,臺中市,02,和平區,104
24.2903,120.8964,雙崎,C0F900,2017-01-26T03:00:00+08:00,535.0,137.0,0.8,10.3,0.96,961.2,-99.0,0.0,-9.9,-99,-999,臺中市,02,和平區,104
24.2903,120.8964,雙崎,C0F900,2017-01-26T04:00:00+08:00,535.0,86.0,1.0,10.2,0.95,961.1,-99.0,0.0,-9.9,-99,-999,臺中市,02,和平區,104
24.2903,120.8964,雙崎,C0F900,2017-01-26T05:00:00+08:00,535.0,94.0,1.2,10.1,0.95,961.4,-99.0,0.0,-9.9,-99,-999,臺中市,02,和平區,104
24.2903,120.8964,雙崎,C0F900,2017-01-26T06:00:00+08:00,535.0,83.0,1.2,9.4,0.93,961.4,-99.0,0.0,-9.9,-99,-999,臺中市,02,和平區,104
24.2903,120.8964,雙崎,C0F900,2017-01-26T07:00:00+08:00,535.0,156.0,0.8,8.3,0.98,962.1,-99.0,0.0,-9.9,-99,-999,臺中市,02,和平區,104
24.2903,120.8964,雙崎,C0F900,2017-01-26T08:00:00+08:00,535.0,86.0,1.5,8.7,0.99,962.3,-99.0,0.0,-9.9,-99,-999,臺中市,02,和平區,104
24.2903,120.8964,雙崎,C0F900,2017-01-26T10:00:00+08:00,535.0,292.0,1.3,15.6,0.68,961.8,-99.0,0.0,-9.9,-99,-999,臺中市,02,和平區,104
24.2903,120.8964,雙崎,C0F900,2017-01-26T11:00:00+08:00,535.0,269.0,2.6,16.6,0.65,961.6,-99.0,0.0,-9.9,-99,-999,臺中市,02,和平區,104
24.2903,120.8964,雙崎,C0F900,2017-01-26T12:00:00+08:00,535.0,258.0,2.1,17.8,0.61,960.6,-99.0,0.0,-9.9,-99,-999,臺中市,02,和平區,104
24.2903,120.8964,雙崎,C0F900,2017-01-26T13:00:00+08:00,535.0,290.0,1.3,19.8,0.53,959.0,-99.0,0.0,-9.9,-99,-999,臺中市,02,和平區,104
24.2903,120.8964,雙崎,C0F900,2017-01-26T14:00:00+08:00,535.0,284.0,1.5,21.1,0.48,958.0,-99.0,0.0,-9.9,-99,-999,臺中市,02,和平區,104
24.2903,120.8964,雙崎,C0F900,2017-01-26T15:00:00+08:00,535.0,271.0,1.3,21.5,0.44,957.6,-99.0,0.0,-9.9,-99,-999,臺中市,02,和平區,104
24.2903,120.8964,雙崎,C0F900,2017-01-26T16:00:00+08:00,535.0,260.0,0.4,21.6,0.46,957.7,-99.0,0.0,-9.9,-99,-999,臺中市,02,和平區,104
24.2903,120.8964,雙崎,C0F900,2017-01-26T17:00:00+08:00,535.0,225.0,1.0,17.9,0.58,958.5,-99.0,0.0,-9.9,-99,-999,臺中市,02,和平區,104
24.2903,120.8964,雙崎,C0F900,2017-01-26T18:00:00+08:00,535.0,173.0,1.6,14.8,0.78,958.9,-99.0,0.0,-9.9,-99,-999,臺中市,02,和平區,104
24.2903,120.8964,雙崎,C0F900,2017-01-26T19:00:00+08:00,535.0,172.0,1.5,13.4,0.83,959.4,-99.0,0.0,-9.9,-99,-999,臺中市,02,和平區,104
24.2903,120.8964,雙崎,C0F900,2017-01-26T20:00:00+08:00,535.0,172.0,1.4,13.3,0.82,960.1,-99.0,0.0,-9.9,-99,-999,臺中市,02,和平區,104
24.2903,120.8964,雙崎,C0F900,2017-01-26T21:00:00+08:00,535.0,156.0,1.5,13.0,0.83,960.2,-99.0,0.0,-9.9,-99,-999,臺中市,02,和平區,104
24.2903,120.8964,雙崎,C0F900,2017-01-26T22:00:00+08:00,535.0,148.0,1.1,12.8,0.83,960.5,-99.0,0.0,-9.9,-99,-999,臺中市,02,和平區,104
24.2903,120.8964,雙崎,C0F900,2017-01-26T23:00:00+08:00,535.0,142.0,1.1,12.7,0.82,960.7,-99.0,0.0,-9.9,-99,-999,臺中市,02,和平區,104
24.2903,120.8964,雙崎,C0F900,2017-01-27T00:00:00+08:00,535.0,129.0,1.0,12.4,0.82,960.8,-99.0,0.0,-9.9,-99,-999,臺中市,02,和平區,104
24.2903,120.8964,雙崎,C0F900,2017-01-27T01:00:00+08:00,535.0,126.0,0.7,12.3,0.80,960.8,-99.0,0.0,-9.9,-99,-999,臺中市,02,和平區,104
24.2903,120.8964,雙崎,C0F900,2017-01-27T02:00:00+08:00,535.0,90.0,1.6,13.7,0.67,960.6,-99.0,0.0,-9.9,-99,-999,臺中市,02,和平區,104
24.2903,120.8964,雙崎,C0F900,2017-01-27T03:00:00+08:00,535.0,91.0,1.4,13.5,0.63,960.5,-99.0,0.0,-9.9,-99,-999,臺中市,02,和平區,104
24.2903,120.8964,雙崎,C0F900,2017-01-27T04:00:00+08:00,535.0,133.0,1.2,13.2,0.62,960.5,-99.0,0.0,-9.9,-99,-999,臺中市,02,和平區,104
24.2903,120.8964,雙崎,C0F900,2017-01-27T05:00:00+08:00,535.0,122.0,2.4,12.9,0.61,960.7,-99.0,0.0,-9.9,-99,-999,臺中市,02,和平區,104
24.2903,120.8964,雙崎,C0F900,2017-01-27T06:00:00+08:00,535.0,111.0,1.7,13.4,0.55,961.2,-99.0,0.0,-9.9,-99,-999,臺中市,02,和平區,104
24.2903,120.8964,雙崎,C0F900,2017-01-27T07:00:00+08:00,535.0,84.0,1.5,12.4,0.59,962.0,-99.0,0.0,-9.9,-99,-999,臺中市,02,和平區,104
24.2903,120.8964,雙崎,C0F900,2017-01-27T08:00:00+08:00,535.0,91.0,1.8,12.7,0.57,962.3,-99.0,0.0,-9.9,-99,-999,臺中市,02,和平區,104
24.2903,120.8964,雙崎,C0F900,2017-01-27T09:00:00+08:00,535.0,67.0,1.5,16.0,0.48,962.7,-99.0,0.0,-9.9,-99,-999,臺中市,02,和平區,104
24.2903,120.8964,雙崎,C0F900,2017-01-27T10:00:00+08:00,535.0,70.0,1.0,18.3,0.42,962.0,-99.0,0.0,-9.9,-99,-999,臺中市,02,和平區,104
24.2903,120.8964,雙崎,C0F900,2017-01-27T11:00:00+08:00,535.0,286.0,1.0,19.9,0.42,961.7,-99.0,0.0,-9.9,-99,-999,臺中市,02,和平區,104
24.2903,120.8964,雙崎,C0F900,2017-01-27T12:00:00+08:00,535.0,326.0,1.1,20.8,0.44,960.8,-99.0,0.0,-9.9,-99,-999,臺中市,02,和平區,104
24.2903,120.8964,雙崎,C0F900,2017-01-27T13:00:00+08:00,535.0,50.0,1.0,22.2,0.41,959.4,-99.0,0.0,-9.9,-99,-999,臺中市,02,和平區,104
24.2903,120.8964,雙崎,C0F900,2017-01-27T14:00:00+08:00,535.0,238.0,2.6,21.3,0.52,958.8,-99.0,0.0,-9.9,-99,-999,臺中市,02,和平區,104
24.2903,120.8964,雙崎,C0F900,2017-01-27T15:00:00+08:00,535.0,260.0,2.1,21.6,0.56,958.0,-99.0,0.0,-9.9,-99,-999,臺中市,02,和平區,104
24.2903,120.8964,雙崎,C0F900,2017-01-27T16:00:00+08:00,535.0,249.0,2.5,19.7,0.68,958.1,-99.0,0.0,-9.9,-99,-999,臺中市,02,和平區,104
24.2903,120.8964,雙崎,C0F900,2017-01-27T17:00:00+08:00,535.0,234.0,1.1,17.1,0.81,958.8,-99.0,0.0,-9.9,-99,-999,臺中市,02,和平區,104
24.2903,120.8964,雙崎,C0F900,2017-01-27T18:00:00+08:00,535.0,170.0,1.5,14.7,0.80,958.9,-99.0,0.0,-9.9,-99,-999,臺中市,02,和平區,104
24.2903,120.8964,雙崎,C0F900,2017-01-27T19:00:00+08:00,535.0,138.0,1.0,13.4,0.79,959.4,-99.0,0.0,-9.9,-99,-999,臺中市,02,和平區,104
24.2903,120.8964,雙崎,C0F900,2017-01-27T20:00:00+08:00,535.0,156.0,1.0,14.1,0.58,959.5,-99.0,0.0,-9.9,-99,-999,臺中市,02,和平區,104
24.2903,120.8964,雙崎,C0F900,2017-01-27T21:00:00+08:00,535.0,94.0,1.6,14.5,0.53,959.5,-99.0,0.0,-9.9,-99,-999,臺中市,02,和平區,104
24.2903,120.8964,雙崎,C0F900,2017-01-27T22:00:00+08:00,535.0,150.0,0.9,13.9,0.53,959.9,-99.0,0.0,-9.9,-99,-999,臺中市,02,和平區,104
24.2903,120.8964,雙崎,C0F900,2017-01-27T23:00:00+08:00,535.0,94.0,1.9,14.7,0.49,959.3,-99.0,0.0,-9.9,-99,-999,臺中市,02,和平區,104
24.2903,120.8964,雙崎,C0F900,2017-01-28T00:00:00+08:00,535.0,107.0,2.2,14.6,0.47,958.8,-99.0,0.0,-9.9,-99,-999,臺中市,02,和平區,104
24.2903,120.8964,雙崎,C0F900,2017-01-28T01:00:00+08:00,535.0,121.0,2.0,14.3,0.47,958.6,-99.0,0.0,-9.9,-99,-999,臺中市,02,和平區,104
24.2903,120.8964,雙崎,C0F900,2017-01-28T02:00:00+08:00,535.0,125.0,1.2,14.4,0.45,958.4,-99.0,0.0,-9.9,-99,-999,臺中市,02,和平區,104
24.2903,120.8964,雙崎,C0F900,2017-01-28T03:00:00+08:00,535.0,121.0,1.3,14.0,0.47,958.1,-99.0,0.0,-9.9,-99,-999,臺中市,02,和平區,104
24.2903,120.8964,雙崎,C0F900,2017-01-28T04:00:00+08:00,535.0,100.0,1.0,13.7,0.47,957.7,-99.0,0.0,-9.9,-99,-999,臺中市,02,和平區,104
24.2903,120.8964,雙崎,C0F900,2017-01-28T05:00:00+08:00,535.0,89.0,2.3,14.1,0.45,957.7,-99.0,0.0,-9.9,-99,-999,臺中市,02,和平區,104
24.2903,120.8964,雙崎,C0F900,2017-01-28T06:00:00+08:00,535.0,81.0,2.1,13.7,0.46,958.1,-99.0,0.0,-9.9,-99,-999,臺中市,02,和平區,104
24.2903,120.8964,雙崎,C0F900,2017-01-28T07:00:00+08:00,535.0,78.0,1.7,13.5,0.49,958.4,-99.0,0.0,-9.9,-99,-999,臺中市,02,和平區,104
24.2903,120.8964,雙崎,C0F900,2017-01-28T08:00:00+08:00,535.0,101.0,2.6,14.5,0.44,958.7,-99.0,0.0,-9.9,-99,-999,臺中市,02,和平區,104
24.2903,120.8964,雙崎,C0F900,2017-01-28T09:00:00+08:00,535.0,86.0,2.7,17.8,0.35,958.8,-99.0,0.0,-9.9,-99,-999,臺中市,02,和平區,104
24.2903,120.8964,雙崎,C0F900,2017-01-28T10:00:00+08:00,535.0,92.0,2.3,21.0,0.30,958.7,-99.0,0.0,-9.9,-99,-999,臺中市,02,和平區,104
24.2903,120.8964,雙崎,C0F900,2017-01-28T11:00:00+08:00,535.0,72.0,1.7,23.5,0.28,957.8,-99.0,0.0,-9.9,-99,-999,臺中市,02,和平區,104
24.2903,120.8964,雙崎,C0F900,2017-01-28T12:00:00+08:00,535.0,256.0,1.7,25.3,0.29,956.6,-99.0,0.0,-9.9,-99,-999,臺中市,02,和平區,104
24.2903,120.8964,雙崎,C0F900,2017-01-28T13:00:00+08:00,535.0,267.0,0.9,27.0,0.28,955.9,-99.0,0.0,-9.9,-99,-999,臺中市,02,和平區,104
24.2903,120.8964,雙崎,C0F900,2017-01-28T14:00:00+08:00,535.0,302.0,1.3,27.4,0.30,955.0,-99.0,0.0,-9.9,-99,-999,臺中市,02,和平區,104
24.2903,120.8964,雙崎,C0F900,2017-01-28T16:00:00+08:00,535.0,57.0,0.5,25.4,0.45,954.7,-99.0,0.0,-9.9,-99,-999,臺中市,02,和平區,104
24.2903,120.8964,雙崎,C0F900,2017-01-28T17:00:00+08:00,535.0,230.0,0.7,21.8,0.53,955.1,-99.0,0.0,-9.9,-99,-999,臺中市,02,和平區,104
24.2903,120.8964,雙崎,C0F900,2017-01-28T18:00:00+08:00,535.0,168.0,1.0,18.3,0.71,955.3,-99.0,0.0,-9.9,-99,-999,臺中市,02,和平區,104
24.2903,120.8964,雙崎,C0F900,2017-01-28T19:00:00+08:00,535.0,160.0,1.9,17.2,0.74,955.9,-99.0,0.0,-9.9,-99,-999,臺中市,02,和平區,104
24.2903,120.8964,雙崎,C0F900,2017-01-28T20:00:00+08:00,535.0,152.0,1.4,16.5,0.76,956.6,-99.0,0.0,-9.9,-99,-999,臺中市,02,和平區,104
24.2903,120.8964,雙崎,C0F900,2017-01-28T21:00:00+08:00,535.0,148.0,1.1,16.1,0.77,957.0,-99.0,0.0,-9.9,-99,-999,臺中市,02,和平區,104
24.2903,120.8964,雙崎,C0F900,2017-01-28T22:00:00+08:00,535.0,107.0,1.1,16.1,0.75,956.7,-99.0,0.0,-9.9,-99,-999,臺中市,02,和平區,104
24.2903,120.8964,雙崎,C0F900,2017-01-28T23:00:00+08:00,535.0,111.0,1.3,16.2,0.73,956.7,-99.0,0.0,-9.9,-99,-999,臺中市,02,和平區,104
24.2903,120.8964,雙崎,C0F900,2017-01-29T00:00:00+08:00,535.0,137.0,0.9,16.2,0.72,956.7,-99.0,0.0,-9.9,-99,-999,臺中市,02,和平區,104
24.2903,120.8964,雙崎,C0F900,2017-01-29T01:00:00+08:00,535.0,137.0,1.6,16.5,0.70,956.5,-99.0,0.0,-9.9,-99,-999,臺中市,02,和平區,104
24.2903,120.8964,雙崎,C0F900,2017-01-29T02:00:00+08:00,535.0,129.0,1.6,15.8,0.73,956.1,-99.0,0.0,-9.9,-99,-999,臺中市,02,和平區,104
24.2903,120.8964,雙崎,C0F900,2017-01-29T03:00:00+08:00,535.0,107.0,1.2,16.3,0.68,956.0,-99.0,0.0,-9.9,-99,-999,臺中市,02,和平區,104
24.2903,120.8964,雙崎,C0F900,2017-01-29T04:00:00+08:00,535.0,89.0,1.5,16.7,0.64,955.9,-99.0,0.0,-9.9,-99,-999,臺中市,02,和平區,104
24.2903,120.8964,雙崎,C0F900,2017-01-29T05:00:00+08:00,535.0,104.0,1.6,16.9,0.62,955.9,-99.0,0.0,-9.9,-99,-999,臺中市,02,和平區,104
24.2903,120.8964,雙崎,C0F900,2017-01-29T06:00:00+08:00,535.0,91.0,1.9,16.6,0.64,956.1,-99.0,0.0,-9.9,-99,-999,臺中市,02,和平區,104
24.2903,120.8964,雙崎,C0F900,2017-01-29T07:00:00+08:00,535.0,74.0,1.4,16.6,0.65,956.7,-99.0,0.0,-9.9,-99,-999,臺中市,02,和平區,104
24.2903,120.8964,雙崎,C0F900,2017-01-29T08:00:00+08:00,535.0,115.0,1.6,16.0,0.72,957.7,-99.0,0.0,-9.9,-99,-999,臺中市,02,和平區,104
24.2903,120.8964,雙崎,C0F900,2017-01-29T09:00:00+08:00,535.0,150.0,0.9,20.2,0.58,958.1,-99.0,0.0,-9.9,-99,-999,臺中市,02,和平區,104
24.2903,120.8964,雙崎,C0F900,2017-01-29T10:00:00+08:00,535.0,276.0,0.9,22.1,0.50,958.2,-99.0,0.0,-9.9,-99,-999,臺中市,02,和平區,104
24.2903,120.8964,雙崎,C0F900,2017-01-29T11:00:00+08:00,535.0,269.0,1.8,23.2,0.50,957.7,-99.0,0.0,-9.9,-99,-999,臺中市,02,和平區,104
24.2903,120.8964,雙崎,C0F900,2017-01-29T12:00:00+08:00,535.0,296.0,1.8,24.2,0.50,956.7,-99.0,0.0,-9.9,-99,-999,臺中市,02,和平區,104
24.2903,120.8964,雙崎,C0F900,2017-01-29T13:00:00+08:00,535.0,265.0,1.5,25.1,0.51,955.7,-99.0,0.0,-9.9,-99,-999,臺中市,02,和平區,104
24.2903,120.8964,雙崎,C0F900,2017-01-29T14:00:00+08:00,535.0,262.0,1.3,25.7,0.48,954.8,-99.0,0.0,-9.9,-99,-999,臺中市,02,和平區,104
24.2903,120.8964,雙崎,C0F900,2017-01-29T15:00:00+08:00,535.0,266.0,1.1,24.9,0.51,954.6,-99.0,0.0,-9.9,-99,-999,臺中市,02,和平區,104
24.2903,120.8964,雙崎,C0F900,2017-01-29T16:00:00+08:00,535.0,266.0,1.6,24.4,0.54,954.7,-99.0,0.0,-9.9,-99,-999,臺中市,02,和平區,104
24.2903,120.8964,雙崎,C0F900,2017-01-29T17:00:00+08:00,535.0,199.0,1.3,21.6,0.62,955.2,-99.0,0.0,-9.9,-99,-999,臺中市,02,和平區,104
24.2903,120.8964,雙崎,C0F900,2017-01-29T18:00:00+08:00,535.0,172.0,1.2,18.6,0.80,955.7,-99.0,0.0,-9.9,-99,-999,臺中市,02,和平區,104
24.2903,120.8964,雙崎,C0F900,2017-01-29T19:00:00+08:00,535.0,194.0,0.6,18.7,0.77,956.0,-99.0,0.0,-9.9,-99,-999,臺中市,02,和平區,104
24.2903,120.8964,雙崎,C0F900,2017-01-29T20:00:00+08:00,535.0,139.0,0.8,17.6,0.84,956.8,-99.0,0.0,-9.9,-99,-999,臺中市,02,和平區,104
24.2903,120.8964,雙崎,C0F900,2017-01-29T21:00:00+08:00,535.0,176.0,1.1,16.7,0.88,957.2,-99.0,0.0,-9.9,-99,-999,臺中市,02,和平區,104
24.2903,120.8964,雙崎,C0F900,2017-01-29T22:00:00+08:00,535.0,85.0,1.6,16.6,0.88,957.2,-99.0,0.0,-9.9,-99,-999,臺中市,02,和平區,104
24.2903,120.8964,雙崎,C0F900,2017-01-29T23:00:00+08:00,535.0,141.0,1.1,15.8,0.91,956.7,-99.0,0.0,-9.9,-99,-999,臺中市,02,和平區,104
24.2903,120.8964,雙崎,C0F900,2017-01-30T00:00:00+08:00,535.0,46.0,0.4,16.2,0.88,956.7,-99.0,0.0,-9.9,-99,-999,臺中市,02,和平區,104
24.2903,120.8964,雙崎,C0F900,2017-01-30T01:00:00+08:00,535.0,63.0,0.9,16.1,0.89,956.7,-99.0,0.0,-9.9,-99,-999,臺中市,02,和平區,104
24.2903,120.8964,雙崎,C0F900,2017-01-30T02:00:00+08:00,535.0,133.0,1.2,15.7,0.90,956.3,-99.0,0.0,-9.9,-99,-999,臺中市,02,和平區,104
24.2903,120.8964,雙崎,C0F900,2017-01-30T03:00:00+08:00,535.0,114.0,0.9,15.8,0.90,956.1,-99.0,0.0,-9.9,-99,-999,臺中市,02,和平區,104
24.2903,120.8964,雙崎,C0F900,2017-01-30T04:00:00+08:00,535.0,157.0,1.2,16.3,0.89,956.1,-99.0,0.0,-9.9,-99,-999,臺中市,02,和平區,104
24.2903,120.8964,雙崎,C0F900,2017-01-30T05:00:00+08:00,535.0,147.0,0.7,16.6,0.89,956.0,-99.0,0.0,-9.9,-99,-999,臺中市,02,和平區,104
24.2903,120.8964,雙崎,C0F900,2017-01-30T06:00:00+08:00,535.0,103.0,1.5,18.0,0.76,956.5,-99.0,0.0,-9.9,-99,-999,臺中市,02,和平區,104
24.2903,120.8964,雙崎,C0F900,2017-01-30T07:00:00+08:00,535.0,65.0,2.5,19.4,0.70,956.7,-99.0,0.0,-9.9,-99,-999,臺中市,02,和平區,104
24.2903,120.8964,雙崎,C0F900,2017-01-30T08:00:00+08:00,535.0,120.0,0.8,19.6,0.69,957.2,-99.0,0.0,-9.9,-99,-999,臺中市,02,和平區,104
24.2903,120.8964,雙崎,C0F900,2017-01-30T09:00:00+08:00,535.0,267.0,1.0,21.2,0.65,957.5,-99.0,0.0,-9.9,-99,-999,臺中市,02,和平區,104
24.2903,120.8964,雙崎,C0F900,2017-01-30T10:00:00+08:00,535.0,167.0,1.3,23.5,0.55,957.7,-99.0,0.0,-9.9,-99,-999,臺中市,02,和平區,104
24.2903,120.8964,雙崎,C0F900,2017-01-30T11:00:00+08:00,535.0,261.0,1.1,23.7,0.55,956.6,-99.0,0.0,-9.9,-99,-999,臺中市,02,和平區,104
24.2903,120.8964,雙崎,C0F900,2017-01-30T12:00:00+08:00,535.0,264.0,2.0,25.1,0.56,955.6,-99.0,0.0,-9.9,-99,-999,臺中市,02,和平區,104
24.2903,120.8964,雙崎,C0F900,2017-01-30T13:00:00+08:00,535.0,263.0,2.7,24.0,0.65,954.6,-99.0,0.0,-9.9,-99,-999,臺中市,02,和平區,104
24.2903,120.8964,雙崎,C0F900,2017-01-30T14:00:00+08:00,535.0,267.0,2.4,22.1,0.69,954.1,-99.0,0.0,-9.9,-99,-999,臺中市,02,和平區,104
24.2903,120.8964,雙崎,C0F900,2017-01-30T15:00:00+08:00,535.0,261.0,2.7,20.9,0.70,954.0,-99.0,0.0,-9.9,-99,-999,臺中市,02,和平區,104
24.2903,120.8964,雙崎,C0F900,2017-01-30T16:00:00+08:00,535.0,269.0,2.5,18.3,0.78,954.8,-99.0,0.0,-9.9,-99,-999,臺中市,02,和平區,104
24.2903,120.8964,雙崎,C0F900,2017-01-30T17:00:00+08:00,535.0,273.0,2.2,16.0,0.85,955.6,-99.0,0.0,-9.9,-99,-999,臺中市,02,和平區,104
24.2903,120.8964,雙崎,C0F900,2017-01-30T18:00:00+08:00,535.0,92.0,0.4,14.9,0.89,956.0,-99.0,0.0,-9.9,-99,-999,臺中市,02,和平區,104
24.2903,120.8964,雙崎,C0F900,2017-01-30T20:00:00+08:00,535.0,57.0,0.6,13.4,0.96,957.2,-99.0,0.0,-9.9,-99,-999,臺中市,02,和平區,104
24.2903,120.8964,雙崎,C0F900,2017-01-30T21:00:00+08:00,535.0,0.0,0.2,12.7,0.98,957.3,-99.0,0.0,-9.9,-99,-999,臺中市,02,和平區,104
24.2903,120.8964,雙崎,C0F900,2017-01-30T22:00:00+08:00,535.0,355.0,0.3,12.5,0.99,957.2,-99.0,0.0,-9.9,-99,-999,臺中市,02,和平區,104
24.2903,120.8964,雙崎,C0F900,2017-01-30T23:00:00+08:00,535.0,0.0,0.0,12.6,0.99,957.3,-99.0,0.0,-9.9,-99,-999,臺中市,02,和平區,104
24.2903,120.8964,雙崎,C0F900,2017-01-31T00:00:00+08:00,535.0,300.0,0.3,12.5,0.98,957.0,-99.0,0.0,-9.9,-99,-999,臺中市,02,和平區,104
24.2903,120.8964,雙崎,C0F900,2017-01-31T01:00:00+08:00,535.0,89.0,0.4,11.9,0.99,956.7,-99.0,0.0,-9.9,-99,-999,臺中市,02,和平區,104
24.2903,120.8964,雙崎,C0F900,2017-01-31T02:00:00+08:00,535.0,290.0,0.4,11.9,0.99,956.6,-99.0,0.0,-9.9,-99,-999,臺中市,02,和平區,104
24.2903,120.8964,雙崎,C0F900,2017-01-31T03:00:00+08:00,535.0,143.0,1.1,12.0,0.99,956.1,-99.0,0.0,-9.9,-99,-999,臺中市,02,和平區,104
24.2903,120.8964,雙崎,C0F900,2017-01-31T04:00:00+08:00,535.0,158.0,0.5,11.7,0.99,956.1,-99.0,0.0,-9.9,-99,-999,臺中市,02,和平區,104
24.2903,120.8964,雙崎,C0F900,2017-01-31T05:00:00+08:00,535.0,167.0,0.6,12.4,0.99,956.4,-99.0,0.0,-9.9,-99,-999,臺中市,02,和平區,104
24.2903,120.8964,雙崎,C0F900,2017-01-31T06:00:00+08:00,535.0,348.0,0.7,12.6,0.99,956.7,-99.0,0.0,-9.9,-99,-999,臺中市,02,和平區,104
24.2903,120.8964,雙崎,C0F900,2017-01-31T07:00:00+08:00,535.0,167.0,1.0,11.7,0.99,957.2,-99.0,0.0,-9.9,-99,-999,臺中市,02,和平區,104
