23.8678,120.4447,埤頭,C0G830,2017-01-10T11:00:00+08:00,27.0,355.0,3.5,19.5,0.71,1015.3,-99.0,0.0,-9.9,-99,-999,彰化縣,14,埤頭鄉,165
23.8678,120.4447,埤頭,C0G830,2017-01-10T12:00:00+08:00,27.0,8.0,4.3,21.1,0.65,1014.4,-99.0,0.0,-9.9,-99,-999,彰化縣,14,埤頭鄉,165
23.8678,120.4447,埤頭,C0G830,2017-01-10T13:00:00+08:00,27.0,13.0,3.7,22.1,0.61,1013.2,-99.0,0.0,-9.9,-99,-999,彰化縣,14,埤頭鄉,165
23.8678,120.4447,埤頭,C0G830,2017-01-10T14:00:00+08:00,27.0,344.0,2.4,23.2,0.61,1012.5,-99.0,0.0,-9.9,-99,-999,彰化縣,14,埤頭鄉,165
23.8678,120.4447,埤頭,C0G830,2017-01-10T15:00:00+08:00,27.0,349.0,2.7,23.2,0.65,1012.1,-99.0,0.0,-9.9,-99,-999,彰化縣,14,埤頭鄉,165
23.8678,120.4447,埤頭,C0G830,2017-01-10T16:00:00+08:00,27.0,351.0,2.4,22.7,0.70,1012.2,-99.0,0.0,-9.9,-99,-999,彰化縣,14,埤頭鄉,165
23.8678,120.4447,埤頭,C0G830,2017-01-10T17:00:00+08:00,27.0,338.0,3.8,21.1,0.82,1012.9,-99.0,0.0,-9.9,-99,-999,彰化縣,14,埤頭鄉,165
23.8678,120.4447,埤頭,C0G830,2017-01-10T18:00:00+08:00,27.0,348.0,2.9,18.6,0.97,1013.2,-99.0,0.0,-9.9,-99,-999,彰化縣,14,埤頭鄉,165
23.8678,120.4447,埤頭,C0G830,2017-01-10T19:00:00+08:00,27.0,8.0,3.4,18.2,0.97,1013.6,-99.0,0.0,-9.9,-99,-999,彰化縣,14,埤頭鄉,165
23.8678,120.4447,埤頭,C0G830,2017-01-10T20:00:00+08:00,27.0,358.0,2.6,17.4,0.99,1014.1,-99.0,0.0,-9.9,-99,-999,彰化縣,14,埤頭鄉,165
23.8678,120.4447,埤頭,C0G830,2017-01-10T21:00:00+08:00,27.0,3.0,3.1,17.2,0.96,1014.8,-99.0,0.0,-9.9,-99,-999,彰化縣,14,埤頭鄉,165
23.8678,120.4447,埤頭,C0G830,2017-01-10T22:00:00+08:00,27.0,3.0,3.2,16.9,0.95,1015.3,-99.0,0.0,-9.9,-99,-999,彰化縣,14,埤頭鄉,165
23.8678,120.4447,埤頭,C0G830,2017-01-10T23:00:00+08:00,27.0,13.0,3.1,16.7,0.94,1014.9,-99.0,0.0,-9.9,-99,-999,彰化縣,14,埤頭鄉,165
23.8678,120.4447,埤頭,C0G830,2017-01-11T00:00:00+08:00,27.0,357.0,2.6,16.0,0.99,1014.9,-99.0,0.0,-9.9,-99,-999,彰化縣,14,埤頭鄉,165
23.8678,120.4447,埤頭,C0G830,2017-01-11T01:00:00+08:00,27.0,357.0,2.1,16.2,0.99,1014.3,-99.0,0.0,-9.9,-99,-999,彰化縣,14,埤頭鄉,165
23.8678,120.4447,埤頭,C0G830,2017-01-11T02:00:00+08:00,27.0,8.0,1.4,15.8,1.00,1014.1,-99.0,0.0,-9.9,-99,-999,彰化縣,14,埤頭鄉,165
23.8678,120.4447,埤頭,C0G830,2017-01-11T03:00:00+08:00,27.0,1.0,2.6,15.7,1.00,1014.0,-99.0,0.0,-9.9,-99,-999,彰化縣,14,埤頭鄉,165
23.8678,120.4447,埤頭,C0G830,2017-01-11T04:00:00+08:00,27.0,6.0,3.5,16.4,0.99,1014.0,-99.0,0.0,-9.9,-99,-999,彰化縣,14,埤頭鄉,165
23.8678,120.4447,埤頭,C0G830,2017-01-11T05:00:00+08:00,27.0,5.0,2.9,16.1,1.00,1013.9,-99.0,0.0,-9.9,-99,-999,彰化縣,14,埤頭鄉,165
23.8678,120.4447,埤頭,C0G830,2017-01-11T06:00:00+08:00,27.0,10.0,1.6,15.6,1.00,1014.3,-99.0,0.0,-9.9,-99,-999,彰化縣,14,埤頭鄉,165
23.8678,120.4447,埤頭,C0G830,2017-01-11T08:00:00+08:00,27.0,359.0,3.8,16.5,1.00,1015.2,-99.0,0.0,-9.9,-99,-999,彰化縣,14,埤頭鄉,165
23.8678,120.4447,埤頭,C0G830,2017-01-11T09:00:00+08:00,27.0,16.0,2.6,18.3,0.91,1015.4,-99.0,0.0,-9.9,-99,-999,彰化縣,14,埤頭鄉,165
23.8678,120.4447,埤頭,C0G830,2017-01-11T10:00:00+08:00,27.0,11.0,1.4,19.9,0.82,1015.3,-99.0,0.0,-9.9,-99,-999,彰化縣,14,埤頭鄉,165
23.8678,120.4447,埤頭,C0G830,2017-01-11T11:00:00+08:00,27.0,359.0,1.8,21.7,0.73,1014.8,-99.0,0.0,-9.9,-99,-999,彰化縣,14,埤頭鄉,165
23.8678,120.4447,埤頭,C0G830,2017-01-11T12:00:00+08:00,27.0,12.0,2.6,22.7,0.66,1013.5,-99.0,0.0,-9.9,-99,-999,彰化縣,14,埤頭鄉,165
23.8678,120.4447,埤頭,C0G830,2017-01-11T13:00:00+08:00,27.0,28.0,1.6,23.7,0.61,1011.8,-99.0,0.0,-9.9,-99,-999,彰化縣,14,埤頭鄉,165
23.8678,120.4447,埤頭,C0G830,2017-01-11T14:00:00+08:00,27.0,327.0,4.5,23.8,0.72,1011.2,-99.0,0.0,-9.9,-99,-999,彰化縣,14,埤頭鄉,165
23.8678,120.4447,埤頭,C0G830,2017-01-11T15:00:00+08:00,27.0,349.0,3.9,22.8,0.76,1010.5,-99.0,0.0,-9.9,-99,-999,彰化縣,14,埤頭鄉,165
23.8678,120.4447,埤頭,C0G830,2017-01-11T16:00:00+08:00,27.0,2.0,4.6,21.7,0.82,1010.7,-99.0,0.0,-9.9,-99,-999,彰化縣,14,埤頭鄉,165
23.8678,120.4447,埤頭,C0G830,2017-01-11T17:00:00+08:00,27.0,354.0,3.1,20.5,0.90,1011.3,-99.0,0.0,-9.9,-99,-999,彰化縣,14,埤頭鄉,165
23.8678,120.4447,埤頭,C0G830,2017-01-11T18:00:00+08:00,27.0,354.0,3.1,19.3,0.97,1012.1,-99.0,0.0,-9.9,-99,-999,彰化縣,14,埤頭鄉,165
23.8678,120.4447,埤頭,C0G830,2017-01-11T19:00:00+08:00,27.0,360.0,5.2,19.0,1.00,1012.7,-99.0,0.0,-9.9,-99,-999,彰化縣,14,埤頭鄉,165
23.8678,120.4447,埤頭,C0G830,2017-01-11T20:00:00+08:00,27.0,8.0,3.5,18.7,1.00,1013.3,-99.0,0.0,-9.9,-99,-999,彰化縣,14,埤頭鄉,165
23.8678,120.4447,埤頭,C0G830,2017-01-11T21:00:00+08:00,27.0,355.0,2.9,18.5,1.00,1013.8,-99.0,0.0,-9.9,-99,-999,彰化縣,14,埤頭鄉,165
23.8678,120.4447,埤頭,C0G830,2017-01-11T22:00:00+08:00,27.0,357.0,2.8,18.6,1.00,1014.1,-99.0,0.0,-9.9,-99,-999,彰化縣,14,埤頭鄉,165
23.8678,120.4447,埤頭,C0G830,2017-01-11T23:00:00+08:00,27.0,357.0,2.7,18.8,1.00,1014.1,-99.0,0.0,-9.9,-99,-999,彰化縣,14,埤頭鄉,165
23.8678,120.4447,埤頭,C0G830,2017-01-12T00:00:00+08:00,27.0,12.0,3.0,18.7,1.00,1013.5,-99.0,0.0,-9.9,-99,-999,彰化縣,14,埤頭鄉,165
23.8678,120.4447,埤頭,C0G830,2017-01-12T01:00:00+08:00,27.0,355.0,1.6,18.3,1.00,1013.1,-99.0,0.0,-9.9,-99,-999,彰化縣,14,埤頭鄉,165
23.8678,120.4447,埤頭,C0G830,2017-01-12T02:00:00+08:00,27.0,7.0,2.0,18.2,1.00,1012.8,-99.0,0.0,-9.9,-99,-999,彰化縣,14,埤頭鄉,165
23.8678,120.4447,埤頭,C0G830,2017-01-12T03:00:00+08:00,27.0,35.0,0.8,18.3,1.00,1012.3,-99.0,0.0,-9.9,-99,-999,彰化縣,14,埤頭鄉,165
23.8678,120.4447,埤頭,C0G830,2017-01-12T04:00:00+08:00,27.0,333.0,1.7,18.0,1.00,1012.5,-99.0,0.0,-9.9,-99,-999,彰化縣,14,埤頭鄉,165
23.8678,120.4447,埤頭,C0G830,2017-01-12T05:00:00+08:00,27.0,10.0,1.8,17.9,1.00,1012.2,-99.0,0.0,-9.9,-99,-999,彰化縣,14,埤頭鄉,165
23.8678,120.4447,埤頭,C0G830,2017-01-12T06:00:00+08:00,27.0,357.0,1.9,17.5,1.00,1012.4,-99.0,0.0,-9.9,-99,-999,彰化縣,14,埤頭鄉,165
23.8678,120.4447,埤頭,C0G830,2017-01-12T07:00:00+08:00,27.0,27.0,1.5,17.6,1.00,1012.1,-99.0,0.0,-9.9,-99,-999,彰化縣,14,埤頭鄉,165
23.8678,120.4447,埤頭,C0G830,2017-01-12T08:00:00+08:00,27.0,36.0,1.4,18.4,1.00,1012.0,-99.0,0.0,-9.9,-99,-999,彰化縣,14,埤頭鄉,165
23.8678,120.4447,埤頭,C0G830,2017-01-12T09:00:00+08:00,27.0,317.0,2.1,19.7,1.00,1012.0,-99.0,0.0,-9.9,-99,-999,彰化縣,14,埤頭鄉,165
23.8678,120.4447,埤頭,C0G830,2017-01-12T10:00:00+08:00,27.0,348.0,3.9,20.9,0.99,1012.1,-99.0,0.0,-9.9,-99,-999,彰化縣,14,埤頭鄉,165
23.8678,120.4447,埤頭,C0G830,2017-01-12T11:00:00+08:00,27.0,6.0,4.8,21.3,0.97,1011.6,-99.0,0.0,-9.9,-99,-999,彰化縣,14,埤頭鄉,165
23.8678,120.4447,埤頭,C0G830,2017-01-12T12:00:00+08:00,27.0,1.0,4.0,22.4,0.90,1010.6,-99.0,0.0,-9.9,-99,-999,彰化縣,14,埤頭鄉,165
23.8678,120.4447,埤頭,C0G830,2017-01-12T13:00:00+08:00,27.0,358.0,3.7,22.7,0.90,1009.8,-99.0,0.0,-9.9,-99,-999,彰化縣,14,埤頭鄉,165
23.8678,120.4447,埤頭,C0G830,2017-01-12T14:00:00+08:00,27.0,347.0,4.2,21.7,0.97,1009.2,-99.0,0.0,-9.9,-99,-999,彰化縣,14,埤頭鄉,165
23.8678,120.4447,埤頭,C0G830,2017-01-12T15:00:00+08:00,27.0,357.0,4.7,21.3,0.96,1008.7,-99.0,0.0,-9.9,-99,-999,彰化縣,14,埤頭鄉,165
23.8678,120.4447,埤頭,C0G830,2017-01-12T16:00:00+08:00,27.0,349.0,4.9,20.0,1.00,1008.9,-99.0,0.0,-9.9,-99,-999,彰化縣,14,埤頭鄉,165
23.8678,120.4447,埤頭,C0G830,2017-01-12T17:00:00+08:00,27.0,1.0,4.8,18.8,1.00,1009.3,-99.0,0.0,-9.9,-99,-999,彰化縣,14,埤頭鄉,165
23.8678,120.4447,埤頭,C0G830,2017-01-12T18:00:00+08:00,27.0,1.0,4.3,18.3,1.00,1009.7,-99.0,0.0,-9.9,-99,-999,彰化縣,14,埤頭鄉,165
23.8678,120.4447,埤頭,C0G830,2017-01-12T19:00:00+08:00,27.0,2.0,6.1,18.0,1.00,1010.3,-99.0,0.0,-9.9,-99,-999,彰化縣,14,埤頭鄉,165
23.8678,120.4447,埤頭,C0G830,2017-01-12T20:00:00+08:00,27.0,7.0,4.1,18.1,1.00,1010.8,-99.0,0.0,-9.9,-99,-999,彰化縣,14,埤頭鄉,165
23.8678,120.4447,埤頭,C0G830,2017-01-12T21:00:00+08:00,27.0,6.0,4.6,18.2,1.00,1010.9,-99.0,0.0,-9.9,-99,-999,彰化縣,14,埤頭鄉,165
23.8678,120.4447,埤頭,C0G830,2017-01-12T22:00:00+08:00,27.0,2.0,2.6,18.3,1.00,1010.8,-99.0,0.0,-9.9,-99,-999,彰化縣,14,埤頭鄉,165
23.8678,120.4447,埤頭,C0G830,2017-01-13T00:00:00+08:00,27.0,353.0,1.1,18.3,1.00,1010.5,-99.0,0.0,-9.9,-99,-999,彰化縣,14,埤頭鄉,165
23.8678,120.4447,埤頭,C0G830,2017-01-13T01:00:00+08:00,27.0,352.0,2.1,18.5,1.00,1010.4,-99.0,0.0,-9.9,-99,-999,彰化縣,14,埤頭鄉,165
23.8678,120.4447,埤頭,C0G830,2017-01-13T02:00:00+08:00,27.0,5.0,2.4,18.6,1.00,1010.3,-99.0,0.0,-9.9,-99,-999,彰化縣,14,埤頭鄉,165
23.8678,120.4447,埤頭,C0G830,2017-01-13T03:00:00+08:00,27.0,356.0,2.2,18.7,1.00,1010.1,-99.0,0.0,-9.9,-99,-999,彰化縣,14,埤頭鄉,165
23.8678,120.4447,埤頭,C0G830,2017-01-13T04:00:00+08:00,27.0,7.0,3.6,18.4,1.00,1009.7,-99.0,0.0,-9.9,-99,-999,彰化縣,14,埤頭鄉,165
23.8678,120.4447,埤頭,C0G830,2017-01-13T05:00:00+08:00,27.0,12.0,4.0,18.1,1.00,1009.2,-99.0,0.0,-9.9,-99,-999,彰化縣,14,埤頭鄉,165
23.8678,120.4447,埤頭,C0G830,2017-01-13T06:00:00+08:00,27.0,2.0,3.5,17.7,1.00,1009.6,-99.0,0.0,-9.9,-99,-999,彰化縣,14,埤頭鄉,165
23.8678,120.4447,埤頭,C0G830,2017-01-13T07:00:00+08:00,27.0,1.0,2.9,17.4,1.00,1010.0,-99.0,0.0,-9.9,-99,-999,彰化縣,14,埤頭鄉,165
23.8678,120.4447,埤頭,C0G830,2017-01-13T08:00:00+08:00,27.0,347.0,3.7,17.6,1.00,1011.1,-99.0,0.0,-9.9,-99,-999,彰化縣,14,埤頭鄉,165
23.8678,120.4447,埤頭,C0G830,2017-01-13T09:00:00+08:00,27.0,360.0,4.0,18.2,1.00,1011.3,-99.0,0.0,-9.9,-99,-999,彰化縣,14,埤頭鄉,165
23.8678,120.4447,埤頭,C0G830,2017-01-13T10:00:00+08:00,27.0,2.0,5.2,18.1,0.99,1011.5,-99.0,0.0,-9.9,-99,-999,彰化縣,14,埤頭鄉,165
23.8678,120.4447,埤頭,C0G830,2017-01-13T11:00:00+08:00,27.0,359.0,3.9,19.0,0.93,1010.8,-99.0,0.0,-9.9,-99,-999,彰化縣,14,埤頭鄉,165
23.8678,120.4447,埤頭,C0G830,2017-01-13T12:00:00+08:00,27.0,357.0,4.7,19.4,0.89,1009.8,-99.0,0.0,-9.9,-99,-999,彰化縣,14,埤頭鄉,165
23.8678,120.4447,埤頭,C0G830,2017-01-13T13:00:00+08:00,27.0,357.0,4.4,19.3,0.87,1009.2,-99.0,0.0,-9.9,-99,-999,彰化縣,14,埤頭鄉,165
23.8678,120.4447,埤頭,C0G830,2017-01-13T14:00:00+08:00,27.0,2.0,4.4,18.0,0.92,1008.9,-99.0,0.0,-9.9,-99,-999,彰化縣,14,埤頭鄉,165
23.8678,120.4447,埤頭,C0G830,2017-01-13T15:00:00+08:00,27.0,3.0,4.0,17.3,0.96,1009.2,-99.0,0.0,-9.9,-99,-999,彰化縣,14,埤頭鄉,165
23.8678,120.4447,埤頭,C0G830,2017-01-13T16:00:00+08:00,27.0,360.0,4.5,17.1,0.98,1009.5,-99.0,0.0,-9.9,-99,-999,彰化縣,14,埤頭鄉,165
23.8678,120.4447,埤頭,C0G830,2017-01-13T17:00:00+08:00,27.0,358.0,6.0,16.7,0.99,1009.5,-99.0,0.0,-9.9,-99,-999,彰化縣,14,埤頭鄉,165
23.8678,120.4447,埤頭,C0G830,2017-01-13T18:00:00+08:00,27.0,1.0,6.2,16.0,1.00,1009.7,-99.0,0.0,-9.9,-99,-999,彰化縣,14,埤頭鄉,165
23.8678,120.4447,埤頭,C0G830,2017-01-13T19:00:00+08:00,27.0,5.0,5.6,15.5,1.00,1010.2,-99.0,0.0,-9.9,-99,-999,彰化縣,14,埤頭鄉,165
23.8678,120.4447,埤頭,C0G830,2017-01-13T20:00:00+08:00,27.0,360.0,3.8,15.4,1.00,1010.8,-99.0,0.0,-9.9,-99,-999,彰化縣,14,埤頭鄉,165
23.8678,120.4447,埤頭,C0G830,2017-01-13T21:00:00+08:00,27.0,357.0,3.4,15.4,1.00,1011.6,-99.0,0.0,-9.9,-99,-999,彰化縣,14,埤頭鄉,165
23.8678,120.4447,埤頭,C0G830,2017-01-13T22:00:00+08:00,27.0,2.0,4.4,15.3,1.00,1011.8,-99.0,0.0,-9.9,-99,-999,彰化縣,14,埤頭鄉,165
23.8678,120.4447,埤頭,C0G830,2017-01-13T23:00:00+08:00,27.0,7.0,5.0,14.8,1.00,1011.5,-99.0,0.0,-9.9,-99,-999,彰化縣,14,埤頭鄉,165
23.8678,120.4447,埤頭,C0G830,2017-01-14T00:00:00+08:00,27.0,8.0,5.1,14.9,1.00,1011.4,-99.0,0.0,-9.9,-99,-999,彰化縣,14,埤頭鄉,165
23.8678,120.4447,埤頭,C0G830,2017-01-14T01:00:00+08:00,27.0,11.0,4.4,15.1,1.00,1011.2,-99.0,0.0,-9.9,-99,-999,彰化縣,14,埤頭鄉,165
23.8678,120.4447,埤頭,C0G830,2017-01-14T02:00:00+08:00,27.0,354.0,4.2,15.1,1.00,1011.2,-99.0,0.0,-9.9,-99,-999,彰化縣,14,埤頭鄉,165
23.8678,120.4447,埤頭,C0G830,2017-01-14T03:00:00+08:00,27.0,6.0,5.7,14.1,1.00,1011.4,-99.0,0.0,-9.9,-99,-999,彰化縣,14,埤頭鄉,165
23.8678,120.4447,埤頭,C0G830,2017-01-14T04:00:00+08:00,27.0,5.0,3.5,13.8,0.99,1011.5,-99.0,0.0,-9.9,-99,-999,彰化縣,14,埤頭鄉,165
23.8678,120.4447,埤頭,C0G830,2017-01-14T05:00:00+08:00,27.0,4.0,4.9,13.4,1.00,1011.4,-99.0,0.0,-9.9,-99,-999,彰化縣,14,埤頭鄉,165
23.8678,120.4447,埤頭,C0G830,2017-01-14T06:00:00+08:00,27.0,359.0,5.3,13.3,1.00,1011.9,-99.0,0.0,-9.9,-99,-999,彰化縣,14,埤頭鄉,165
23.8678,120.4447,埤頭,C0G830,2017-01-14T07:00:00+08:00,27.0,9.0,6.7,12.9,1.00,1012.5,-99.0,0.0,-9.9,-99,-999,彰化縣,14,埤頭鄉,165
23.8678,120.4447,埤頭,C0G830,2017-01-14T08:00:00+08:00,27.0,7.0,5.6,12.7,1.00,1013.4,-99.0,0.0,-9.9,-99,-999,彰化縣,14,埤頭鄉,165
23.8678,120.4447,埤頭,C0G830,2017-01-14T10:00:00+08:00,27.0,7.0,4.8,12.8,1.00,1014.4,-99.0,1.5,-9.9,-99,-999,彰化縣,14,埤頭鄉,165
23.8678,120.4447,埤頭,C0G830,2017-01-14T11:00:00+08:00,27.0,3.0,4.0,13.3,1.00,1014.1,-99.0,1.5,-9.9,-99,-999,彰化縣,14,埤頭鄉,165
23.8678,120.4447,埤頭,C0G830,2017-01-14T12:00:00+08:00,27.0,9.0,3.6,15.1,1.00,1013.0,-99.0,1.5,-9.9,-99,-999,彰化縣,14,埤頭鄉,165
23.8678,120.4447,埤頭,C0G830,2017-01-14T13:00:00+08:00,27.0,12.0,4.5,16.6,0.99,1012.1,-99.0,1.5,-9.9,-99,-999,彰化縣,14,埤頭鄉,165
23.8678,120.4447,埤頭,C0G830,2017-01-14T14:00:00+08:00,27.0,17.0,3.7,17.5,0.98,1011.3,-99.0,1.5,-9.9,-99,-999,彰化縣,14,埤頭鄉,165
23.8678,120.4447,埤頭,C0G830,2017-01-14T15:00:00+08:00,27.0,3.0,4.5,17.9,0.93,1011.2,-99.0,1.5,-9.9,-99,-999,彰化縣,14,埤頭鄉,165
23.8678,120.4447,埤頭,C0G830,2017-01-14T16:00:00+08:00,27.0,359.0,4.5,17.6,0.90,1011.4,-99.0,1.5,-9.9,-99,-999,彰化縣,14,埤頭鄉,165
23.8678,120.4447,埤頭,C0G830,2017-01-14T18:00:00+08:00,27.0,350.0,4.0,16.0,0.93,1012.8,-99.0,1.5,-9.9,-99,-999,彰化縣,14,埤頭鄉,165
23.8678,120.4447,埤頭,C0G830,2017-01-14T19:00:00+08:00,27.0,9.0,3.8,15.6,0.91,1013.5,-99.0,1.5,-9.9,-99,-999,彰化縣,14,埤頭鄉,165
23.8678,120.4447,埤頭,C0G830,2017-01-14T20:00:00+08:00,27.0,6.0,3.9,15.5,0.91,1014.1,-99.0,1.5,-9.9,-99,-999,彰化縣,14,埤頭鄉,165
23.8678,120.4447,埤頭,C0G830,2017-01-14T21:00:00+08:00,27.0,3.0,4.0,15.3,0.91,1014.6,-99.0,1.5,-9.9,-99,-999,彰化縣,14,埤頭鄉,165
23.8678,120.4447,埤頭,C0G830,2017-01-14T22:00:00+08:00,27.0,4.0,4.4,15.2,0.90,1014.6,-99.0,1.5,-9.9,-99,-999,彰化縣,14,埤頭鄉,165
23.8678,120.4447,埤頭,C0G830,2017-01-14T23:00:00+08:00,27.0,10.0,3.7,15.0,0.93,1014.6,-99.0,1.5,-9.9,-99,-999,彰化縣,14,埤頭鄉,165
23.8678,120.4447,埤頭,C0G830,2017-01-15T00:00:00+08:00,27.0,4.0,3.1,14.6,1.00,1015.0,-99.0,1.5,-9.9,-99,-999,彰化縣,14,埤頭鄉,165
23.8678,120.4447,埤頭,C0G830,2017-01-15T01:00:00+08:00,27.0,10.0,2.0,14.9,1.00,1015.1,-99.0,0.0,-9.9,-99,-999,彰化縣,14,埤頭鄉,165
23.8678,120.4447,埤頭,C0G830,2017-01-15T02:00:00+08:00,27.0,347.0,2.6,14.6,1.00,1015.2,-99.0,0.0,-9.9,-99,-999,彰化縣,14,埤頭鄉,165
23.8678,120.4447,埤頭,C0G830,2017-01-15T03:00:00+08:00,27.0,8.0,4.3,14.3,1.00,1014.4,-99.0,0.0,-9.9,-99,-999,彰化縣,14,埤頭鄉,165
23.8678,120.4447,埤頭,C0G830,2017-01-15T04:00:00+08:00,27.0,3.0,3.4,14.2,1.00,1013.8,-99.0,0.0,-9.9,-99,-999,彰化縣,14,埤頭鄉,165
23.8678,120.4447,埤頭,C0G830,2017-01-15T05:00:00+08:00,27.0,354.0,3.4,14.0,1.00,1013.9,-99.0,0.0,-9.9,-99,-999,彰化縣,14,埤頭鄉,165
23.8678,120.4447,埤頭,C0G830,2017-01-15T06:00:00+08:00,27.0,9.0,4.1,14.1,1.00,1014.4,-99.0,0.0,-9.9,-99,-999,彰化縣,14,埤頭鄉,165
23.8678,120.4447,埤頭,C0G830,2017-01-15T07:00:00+08:00,27.0,3.0,5.5,14.2,1.00,1015.2,-99.0,0.0,-9.9,-99,-999,彰化縣,14,埤頭鄉,165
23.8678,120.4447,埤頭,C0G830,2017-01-15T08:00:00+08:00,27.0,17.0,4.7,14.6,0.95,1015.6,-99.0,0.0,-9.9,-99,-999,彰化縣,14,埤頭鄉,165
23.8678,120.4447,埤頭,C0G830,2017-01-15T09:00:00+08:00,27.0,360.0,3.5,14.8,0.94,1016.7,-99.0,0.0,-9.9,-99,-999,彰化縣,14,埤頭鄉,165
23.8678,120.4447,埤頭,C0G830,2017-01-15T10:00:00+08:00,27.0,11.0,5.1,15.0,0.96,1016.3,-99.0,0.0,-9.9,-99,-999,彰化縣,14,埤頭鄉,165
23.8678,120.4447,埤頭,C0G830,2017-01-15T11:00:00+08:00,27.0,6.0,5.2,15.4,0.97,1016.2,-99.0,0.0,-9.9,-99,-999,彰化縣,14,埤頭鄉,165
23.8678,120.4447,埤頭,C0G830,2017-01-15T12:00:00+08:00,27.0,15.0,4.0,16.9,0.88,1015.2,-99.0,0.0,-9.9,-99,-999,彰化縣,14,埤頭鄉,165
23.8678,120.4447,埤頭,C0G830,2017-01-15T13:00:00+08:00,27.0,2.0,2.8,17.5,0.86,1014.3,-99.0,0.0,-9.9,-99,-999,彰化縣,14,埤頭鄉,165
23.8678,120.4447,埤頭,C0G830,2017-01-15T14:00:00+08:00,27.0,354.0,3.3,16.7,0.94,1014.0,-99.0,0.0,-9.9,-99,-999,彰化縣,14,埤頭鄉,165
23.8678,120.4447,埤頭,C0G830,2017-01-15T15:00:00+08:00,27.0,5.0,3.2,17.9,0.85,1013.6,-99.0,0.0,-9.9,-99,-999,彰化縣,14,埤頭鄉,165
23.8678,120.4447,埤頭,C0G830,2017-01-15T16:00:00+08:00,27.0,2.0,4.3,17.4,0.84,1013.7,-99.0,0.0,-9.9,-99,-999,彰化縣,14,埤頭鄉,165
23.8678,120.4447,埤頭,C0G830,2017-01-15T17:00:00+08:00,27.0,3.0,4.1,16.7,0.86,1013.6,-99.0,0.0,-9.9,-99,-999,彰化縣,14,埤頭鄉,165
23.8678,120.4447,埤頭,C0G830,2017-01-15T18:00:00+08:00,27.0,356.0,3.6,15.6,0.91,1014.6,-99.0,0.0,-9.9,-99,-999,彰化縣,14,埤頭鄉,165
23.8678,120.4447,埤頭,C0G830,2017-01-15T19:00:00+08:00,27.0,7.0,4.0,15.1,0.93,1015.0,-99.0,0.0,-9.9,-99,-999,彰化縣,14,埤頭鄉,165
23.8678,120.4447,埤頭,C0G830,2017-01-15T20:00:00+08:00,27.0,357.0,3.1,14.8,0.96,1015.5,-99.0,0.0,-9.9,-99,-999,彰化縣,14,埤頭鄉,165
23.8678,120.4447,埤頭,C0G830,2017-01-15T21:00:00+08:00,27.0,357.0,3.9,14.5,0.98,1016.0,-99.0,0.0,-9.9,-99,-999,彰化縣,14,埤頭鄉,165
23.8678,120.4447,埤頭,C0G830,2017-01-15T22:00:00+08:00,27.0,6.0,2.8,14.4,0.98,1015.7,-99.0,0.0,-9.9,-99,-999,彰化縣,14,埤頭鄉,165
23.8678,120.4447,埤頭,C0G830,2017-01-15T23:00:00+08:00,27.0,355.0,2.6,14.3,0.99,1015.8,-99.0,0.0,-9.9,-99,-999,彰化縣,14,埤頭鄉,165
23.8678,120.4447,埤頭,C0G830,2017-01-16T00:00:00+08:00,27.0,352.0,2.6,14.4,0.99,1016.1,-99.0,0.0,-9.9,-99,-999,彰化縣,14,埤頭鄉,165
23.8678,120.4447,埤頭,C0G830,2017-01-16T01:00:00+08:00,27.0,9.0,3.0,14.6,0.99,1016.1,-99.0,0.0,-9.9,-99,-999,彰化縣,14,埤頭鄉,165
23.8678,120.4447,埤頭,C0G830,2017-01-16T02:00:00+08:00,27.0,19.0,2.8,14.2,1.00,1015.6,-99.0,0.0,-9.9,-99,-999,彰化縣,14,埤頭鄉,165
23.8678,120.4447,埤頭,C0G830,2017-01-16T03:00:00+08:00,27.0,18.0,2.3,13.8,1.00,1015.3,-99.0,0.0,-9.9,-99,-999,彰化縣,14,埤頭鄉,165
23.8678,120.4447,埤頭,C0G830,2017-01-16T04:00:00+08:00,27.0,360.0,4.3,13.8,1.00,1015.4,-99.0,0.0,-9.9,-99,-999,彰化縣,14,埤頭鄉,165
23.8678,120.4447,埤頭,C0G830,2017-01-16T05:00:00+08:00,27.0,10.0,4.2,14.1,1.00,1015.5,-99.0,0.0,-9.9,-99,-999,彰化縣,14,埤頭鄉,165
23.8678,120.4447,埤頭,C0G830,2017-01-16T06:00:00+08:00,27.0,13.0,4.0,14.2,1.00,1015.7,-99.0,0.0,-9.9,-99,-999,彰化縣,14,埤頭鄉,165
23.8678,120.4447,埤頭,C0G830,2017-01-16T07:00:00+08:00,27.0,7.0,4.1,14.1,1.00,1016.0,-99.0,0.0,-9.9,-99,-999,彰化縣,14,埤頭鄉,165
23.8678,120.4447,埤頭,C0G830,2017-01-16T08:00:00+08:00,27.0,9.0,2.8,14.7,1.00,1016.0,-99.0,0.0,-9.9,-99,-999,彰化縣,14,埤頭鄉,165
23.8678,120.4447,埤頭,C0G830,2017-01-16T10:00:00+08:00,27.0,354.0,3.3,16.0,0.96,1016.7,-99.0,0.0,-9.9,-99,-999,彰化縣,14,埤頭鄉,165
23.8678,120.4447,埤頭,C0G830,2017-01-16T11:00:00+08:00,27.0,4.0,3.3,16.5,0.91,1016.3,-99.0,0.0,-9.9,-99,-999,彰化縣,14,埤頭鄉,165
23.8678,120.4447,埤頭,C0G830,2017-01-16T12:00:00+08:00,27.0,2.0,3.4,17.2,0.85,1015.6,-99.0,0.0,-9.9,-99,-999,彰化縣,14,埤頭鄉,165
23.8678,120.4447,埤頭,C0G830,2017-01-16T13:00:00+08:00,27.0,7.0,3.1,18.4,0.78,1014.5,-99.0,0.0,-9.9,-99,-999,彰化縣,14,埤頭鄉,165
23.8678,120.4447,埤頭,C0G830,2017-01-16T14:00:00+08:00,27.0,355.0,3.5,19.0,0.75,1013.5,-99.0,0.0,-9.9,-99,-999,彰化縣,14,埤頭鄉,165
23.8678,120.4447,埤頭,C0G830,2017-01-16T15:00:00+08:00,27.0,10.0,3.6,19.6,0.72,1013.1,-99.0,0.0,-9.9,-99,-999,彰化縣,14,埤頭鄉,165
23.8678,120.4447,埤頭,C0G830,2017-01-16T16:00:00+08:00,27.0,350.0,3.3,19.6,0.72,1013.0,-99.0,0.0,-9.9,-99,-999,彰化縣,14,埤頭鄉,165
23.8678,120.4447,埤頭,C0G830,2017-01-16T18:00:00+08:00,27.0,359.0,2.7,17.0,0.86,1014.1,-99.0,0.0,-9.9,-99,-999,彰化縣,14,埤頭鄉,165
23.8678,120.4447,埤頭,C0G830,2017-01-16T19:00:00+08:00,27.0,1.0,2.4,15.9,0.93,1014.7,-99.0,0.0,-9.9,-99,-999,彰化縣,14,埤頭鄉,165
23.8678,120.4447,埤頭,C0G830,2017-01-16T20:00:00+08:00,27.0,344.0,2.1,15.3,0.97,1015.5,-99.0,0.0,-9.9,-99,-999,彰化縣,14,埤頭鄉,165
23.8678,120.4447,埤頭,C0G830,2017-01-16T21:00:00+08:00,27.0,358.0,1.5,14.6,1.00,1016.2,-99.0,0.0,-9.9,-99,-999,彰化縣,14,埤頭鄉,165
23.8678,120.4447,埤頭,C0G830,2017-01-16T22:00:00+08:00,27.0,338.0,1.5,14.5,1.00,1016.3,-99.0,0.0,-9.9,-99,-999,彰化縣,14,埤頭鄉,165
23.8678,120.4447,埤頭,C0G830,2017-01-16T23:00:00+08:00,27.0,10.0,1.1,13.7,1.00,1016.7,-99.0,0.0,-9.9,-99,-999,彰化縣,14,埤頭鄉,165
23.8678,120.4447,埤頭,C0G830,2017-01-17T00:00:00+08:00,27.0,43.0,1.4,14.1,1.00,1016.4,-99.0,0.0,-9.9,-99,-999,彰化縣,14,埤頭鄉,165
23.8678,120.4447,埤頭,C0G830,2017-01-17T01:00:00+08:00,27.0,79.0,1.2,14.4,1.00,1015.8,-99.0,0.0,-9.9,-99,-999,彰化縣,14,埤頭鄉,165
23.8678,120.4447,埤頭,C0G830,2017-01-17T02:00:00+08:00,27.0,308.0,2.4,14.0,1.00,1016.3,-99.0,0.0,-9.9,-99,-999,彰化縣,14,埤頭鄉,165
23.8678,120.4447,埤頭,C0G830,2017-01-17T03:00:00+08:00,27.0,359.0,1.3,14.9,1.00,1016.5,-99.0,0.0,-9.9,-99,-999,彰化縣,14,埤頭鄉,165
23.8678,120.4447,埤頭,C0G830,2017-01-17T04:00:00+08:00,27.0,0.0,0.0,14.9,1.00,1016.5,-99.0,0.0,-9.9,-99,-999,彰化縣,14,埤頭鄉,165
23.8678,120.4447,埤頭,C0G830,2017-01-17T05:00:00+08:00,27.0,353.0,0.9,14.7,1.00,1016.2,-99.0,0.0,-9.9,-99,-999,彰化縣,14,埤頭鄉,165
23.8678,120.4447,埤頭,C0G830,2017-01-17T06:00:00+08:00,27.0,348.0,2.4,14.1,1.00,1016.6,-99.0,0.0,-9.9,-99,-999,彰化縣,14,埤頭鄉,165
23.8678,120.4447,埤頭,C0G830,2017-01-17T07:00:00+08:00,27.0,1.0,3.0,14.7,1.00,1017.2,-99.0,0.0,-9.9,-99,-999,彰化縣,14,埤頭鄉,165
23.8678,120.4447,埤頭,C0G830,2017-01-17T08:00:00+08:00,27.0,3.0,3.7,16.4,0.99,1017.6,-99.0,0.0,-9.9,-99,-999,彰化縣,14,埤頭鄉,165
23.8678,120.4447,埤頭,C0G830,2017-01-17T09:00:00+08:00,27.0,359.0,2.7,17.6,0.94,1018.1,-99.0,0.0,-9.9,-99,-999,彰化縣,14,埤頭鄉,165
23.8678,120.4447,埤頭,C0G830,2017-01-17T11:00:00+08:00,27.0,360.0,2.7,20.5,0.75,1017.5,-99.0,1.0,-9.9,-99,-999,彰化縣,14,埤頭鄉,165
23.8678,120.4447,埤頭,C0G830,2017-01-17T12:00:00+08:00,27.0,358.0,2.2,21.4,0.72,1016.6,-99.0,1.0,-9.9,-99,-999,彰化縣,14,埤頭鄉,165
23.8678,120.4447,埤頭,C0G830,2017-01-17T13:00:00+08:00,27.0,339.0,4.3,20.6,0.83,1015.8,-99.0,1.0,-9.9,-99,-999,彰化縣,14,埤頭鄉,165
23.8678,120.4447,埤頭,C0G830,2017-01-17T14:00:00+08:00,27.0,356.0,4.7,20.1,0.89,1015.3,-99.0,1.0,-9.9,-99,-999,彰化縣,14,埤頭鄉,165
23.8678,120.4447,埤頭,C0G830,2017-01-17T15:00:00+08:00,27.0,350.0,4.9,19.8,0.90,1015.0,-99.0,1.0,-9.9,-99,-999,彰化縣,14,埤頭鄉,165
23.8678,120.4447,埤頭,C0G830,2017-01-17T16:00:00+08:00,27.0,348.0,3.8,20.1,0.89,1015.3,-99.0,1.0,-9.9,-99,-999,彰化縣,14,埤頭鄉,165
23.8678,120.4447,埤頭,C0G830,2017-01-17T17:00:00+08:00,27.0,349.0,4.2,19.0,0.97,1015.6,-99.0,1.0,-9.9,-99,-999,彰化縣,14,埤頭鄉,165
23.8678,120.4447,埤頭,C0G830,2017-01-17T18:00:00+08:00,27.0,358.0,3.2,18.0,1.00,1016.3,-99.0,1.0,-9.9,-99,-999,彰化縣,14,埤頭鄉,165
23.8678,120.4447,埤頭,C0G830,2017-01-17T19:00:00+08:00,27.0,360.0,2.8,17.6,1.00,1016.9,-99.0,1.0,-9.9,-99,-999,彰化縣,14,埤頭鄉,165
23.8678,120.4447,埤頭,C0G830,2017-01-17T20:00:00+08:00,27.0,346.0,2.1,17.2,1.00,1017.6,-99.0,1.0,-9.9,-99,-999,彰化縣,14,埤頭鄉,165
23.8678,120.4447,埤頭,C0G830,2017-01-17T21:00:00+08:00,27.0,344.0,1.4,17.1,1.00,1018.1,-99.0,1.0,-9.9,-99,-999,彰化縣,14,埤頭鄉,165
23.8678,120.4447,埤頭,C0G830,2017-01-17T22:00:00+08:00,27.0,339.0,2.2,16.8,1.00,1018.5,-99.0,1.0,-9.9,-99,-999,彰化縣,14,埤頭鄉,165
23.8678,120.4447,埤頭,C0G830,2017-01-17T23:00:00+08:00,27.0,356.0,1.8,16.5,1.00,1018.5,-99.0,1.0,-9.9,-99,-999,彰化縣,14,埤頭鄉,165
23.8678,120.4447,埤頭,C0G830,2017-01-18T00:00:00+08:00,27.0,5.0,1.2,16.9,1.00,1018.4,-99.0,1.0,-9.9,-99,-999,彰化縣,14,埤頭鄉,165
23.8678,120.4447,埤頭,C0G830,2017-01-18T01:00:00+08:00,27.0,351.0,2.5,17.3,1.00,1018.4,-99.0,0.0,-9.9,-99,-999,彰化縣,14,埤頭鄉,165
23.8678,120.4447,埤頭,C0G830,2017-01-18T02:00:00+08:00,27.0,353.0,2.1,17.5,1.00,1018.4,-99.0,0.0,-9.9,-99,-999,彰化縣,14,埤頭鄉,165
23.8678,120.4447,埤頭,C0G830,2017-01-18T03:00:00+08:00,27.0,3.0,3.6,17.4,1.00,1018.4,-99.0,0.0,-9.9,-99,-999,彰化縣,14,埤頭鄉,165
23.8678,120.4447,埤頭,C0G830,2017-01-18T04:00:00+08:00,27.0,6.0,3.2,17.3,1.00,1018.4,-99.0,0.0,-9.9,-99,-999,彰化縣,14,埤頭鄉,165
23.8678,120.4447,埤頭,C0G830,2017-01-18T05:00:00+08:00,27.0,9.0,3.3,17.0,1.00,1018.4,-99.0,0.0,-9.9,-99,-999,彰化縣,14,埤頭鄉,165
23.8678,120.4447,埤頭,C0G830,2017-01-18T06:00:00+08:00,27.0,3.0,3.3,17.0,1.00,1018.5,-99.0,0.0,-9.9,-99,-999,彰化縣,14,埤頭鄉,165
23.8678,120.4447,埤頭,C0G830,2017-01-18T07:00:00+08:00,27.0,2.0,2.7,17.1,1.00,1018.5,-99.0,0.0,-9.9,-99,-999,彰化縣,14,埤頭鄉,165
23.8678,120.4447,埤頭,C0G830,2017-01-18T08:00:00+08:00,27.0,9.0,3.9,17.4,1.00,1019.2,-99.0,0.0,-9.9,-99,-999,彰化縣,14,埤頭鄉,165
23.8678,120.4447,埤頭,C0G830,2017-01-18T10:00:00+08:00,27.0,2.0,3.5,19.4,1.00,1019.4,-99.0,0.0,-9.9,-99,-999,彰化縣,14,埤頭鄉,165
23.8678,120.4447,埤頭,C0G830,2017-01-18T11:00:00+08:00,27.0,3.0,4.2,20.7,0.94,1018.4,-99.0,0.0,-9.9,-99,-999,彰化縣,14,埤頭鄉,165
23.8678,120.4447,埤頭,C0G830,2017-01-18T12:00:00+08:00,27.0,356.0,1.1,21.9,0.87,1017.0,-99.0,0.0,-9.9,-99,-999,彰化縣,14,埤頭鄉,165
23.8678,120.4447,埤頭,C0G830,2017-01-18T13:00:00+08:00,27.0,333.0,4.4,22.1,0.91,1015.8,-99.0,0.0,-9.9,-99,-999,彰化縣,14,埤頭鄉,165
23.8678,120.4447,埤頭,C0G830,2017-01-18T14:00:00+08:00,27.0,347.0,5.0,21.6,0.95,1015.4,-99.0,0.0,-9.9,-99,-999,彰化縣,14,埤頭鄉,165
23.8678,120.4447,埤頭,C0G830,2017-01-18T15:00:00+08:00,27.0,348.0,5.2,21.2,0.96,1015.3,-99.0,0.0,-9.9,-99,-999,彰化縣,14,埤頭鄉,165
23.8678,120.4447,埤頭,C0G830,2017-01-18T16:00:00+08:00,27.0,350.0,4.7,20.3,1.00,1015.4,-99.0,0.0,-9.9,-99,-999,彰化縣,14,埤頭鄉,165
23.8678,120.4447,埤頭,C0G830,2017-01-18T17:00:00+08:00,27.0,360.0,4.1,19.7,1.00,1015.7,-99.0,0.0,-9.9,-99,-999,彰化縣,14,埤頭鄉,165
23.8678,120.4447,埤頭,C0G830,2017-01-18T18:00:00+08:00,27.0,3.0,3.7,18.6,1.00,1015.8,-99.0,0.0,-9.9,-99,-999,彰化縣,14,埤頭鄉,165
23.8678,120.4447,埤頭,C0G830,2017-01-18T19:00:00+08:00,27.0,1.0,3.2,18.1,1.00,1016.3,-99.0,0.0,-9.9,-99,-999,彰化縣,14,埤頭鄉,165
23.8678,120.4447,埤頭,C0G830,2017-01-18T20:00:00+08:00,27.0,359.0,3.1,17.9,1.00,1016.5,-99.0,0.0,-9.9,-99,-999,彰化縣,14,埤頭鄉,165
23.8678,120.4447,埤頭,C0G830,2017-01-18T21:00:00+08:00,27.0,354.0,2.2,17.5,1.00,1017.1,-99.0,0.0,-9.9,-99,-999,彰化縣,14,埤頭鄉,165
23.8678,120.4447,埤頭,C0G830,2017-01-18T22:00:00+08:00,27.0,338.0,1.4,17.5,1.00,1017.2,-99.0,0.0,-9.9,-99,-999,彰化縣,14,埤頭鄉,165
23.8678,120.4447,埤頭,C0G830,2017-01-18T23:00:00+08:00,27.0,3.0,2.3,17.5,1.00,1017.2,-99.0,0.0,-9.9,-99,-999,彰化縣,14,埤頭鄉,165
23.8678,120.4447,埤頭,C0G830,2017-01-19T00:00:00+08:00,27.0,14.0,2.1,17.9,1.00,1017.2,-99.0,0.0,-9.9,-99,-999,彰化縣,14,埤頭鄉,165
23.8678,120.4447,埤頭,C0G830,2017-01-19T01:00:00+08:00,27.0,22.0,1.0,18.0,1.00,1017.0,-99.0,0.0,-9.9,-99,-999,彰化縣,14,埤頭鄉,165
23.8678,120.4447,埤頭,C0G830,2017-01-19T02:00:00+08:00,27.0,345.0,1.9,17.7,1.00,1016.8,-99.0,0.0,-9.9,-99,-999,彰化縣,14,埤頭鄉,165
23.8678,120.4447,埤頭,C0G830,2017-01-19T03:00:00+08:00,27.0,2.0,2.9,17.8,1.00,1016.8,-99.0,0.0,-9.9,-99,-999,彰化縣,14,埤頭鄉,165
23.8678,120.4447,埤頭,C0G830,2017-01-19T04:00:00+08:00,27.0,6.0,2.2,18.1,1.00,1016.9,-99.0,0.0,-9.9,-99,-999,彰化縣,14,埤頭鄉,165
23.8678,120.4447,埤頭,C0G830,2017-01-19T05:00:00+08:00,27.0,10.0,3.0,18.1,1.00,1016.8,-99.0,0.0,-9.9,-99,-999,彰化縣,14,埤頭鄉,165
23.8678,120.4447,埤頭,C0G830,2017-01-19T06:00:00+08:00,27.0,5.0,3.1,17.9,1.00,1017.1,-99.0,0.0,-9.9,-99,-999,彰化縣,14,埤頭鄉,165
23.8678,120.4447,埤頭,C0G830,2017-01-19T07:00:00+08:00,27.0,356.0,3.2,17.7,1.00,1017.4,-99.0,0.0,-9.9,-99,-999,彰化縣,14,埤頭鄉,165
23.8678,120.4447,埤頭,C0G830,2017-01-19T08:00:00+08:00,27.0,6.0,4.8,17.8,1.00,1017.7,-99.0,0.0,-9.9,-99,-999,彰化縣,14,埤頭鄉,165
23.8678,120.4447,埤頭,C0G830,2017-01-19T09:00:00+08:00,27.0,6.0,4.7,19.4,1.00,1017.9,-99.0,0.0,-9.9,-99,-999,彰化縣,14,埤頭鄉,165
23.8678,120.4447,埤頭,C0G830,2017-01-19T10:00:00+08:00,27.0,359.0,3.9,21.5,0.94,1017.7,-99.0,0.0,-9.9,-99,-999,彰化縣,14,埤頭鄉,165
23.8678,120.4447,埤頭,C0G830,2017-01-19T11:00:00+08:00,27.0,7.0,4.3,23.3,0.81,1017.2,-99.0,0.0,-9.9,-99,-999,彰化縣,14,埤頭鄉,165
23.8678,120.4447,埤頭,C0G830,2017-01-19T12:00:00+08:00,27.0,353.0,3.9,23.5,0.84,1015.8,-99.0,0.0,-9.9,-99,-999,彰化縣,14,埤頭鄉,165
23.8678,120.4447,埤頭,C0G830,2017-01-19T13:00:00+08:00,27.0,342.0,3.7,23.4,0.84,1014.6,-99.0,0.0,-9.9,-99,-999,彰化縣,14,埤頭鄉,165
23.8678,120.4447,埤頭,C0G830,2017-01-19T14:00:00+08:00,27.0,346.0,2.9,23.8,0.78,1013.6,-99.0,0.0,-9.9,-99,-999,彰化縣,14,埤頭鄉,165
23.8678,120.4447,埤頭,C0G830,2017-01-19T15:00:00+08:00,27.0,332.0,5.7,23.6,0.81,1013.2,-99.0,0.0,-9.9,-99,-999,彰化縣,14,埤頭鄉,165
23.8678,120.4447,埤頭,C0G830,2017-01-19T16:00:00+08:00,27.0,347.0,5.9,20.3,1.00,1013.5,-99.0,0.0,-9.9,-99,-999,彰化縣,14,埤頭鄉,165
23.8678,120.4447,埤頭,C0G830,2017-01-19T17:00:00+08:00,27.0,357.0,3.7,19.7,1.00,1013.8,-99.0,0.0,-9.9,-99,-999,彰化縣,14,埤頭鄉,165
23.8678,120.4447,埤頭,C0G830,2017-01-19T18:00:00+08:00,27.0,360.0,4.1,18.8,1.00,1014.3,-99.0,0.0,-9.9,-99,-999,彰化縣,14,埤頭鄉,165
23.8678,120.4447,埤頭,C0G830,2017-01-19T19:00:00+08:00,27.0,6.0,4.1,18.4,1.00,1014.7,-99.0,0.0,-9.9,-99,-999,彰化縣,14,埤頭鄉,165
23.8678,120.4447,埤頭,C0G830,2017-01-19T20:00:00+08:00,27.0,360.0,2.2,18.0,1.00,1015.3,-99.0,0.0,-9.9,-99,-999,彰化縣,14,埤頭鄉,165
23.8678,120.4447,埤頭,C0G830,2017-01-19T21:00:00+08:00,27.0,358.0,2.7,17.8,1.00,1015.5,-99.0,0.0,-9.9,-99,-999,彰化縣,14,埤頭鄉,165
23.8678,120.4447,埤頭,C0G830,2017-01-19T22:00:00+08:00,27.0,5.0,3.1,17.5,1.00,1015.6,-99.0,0.0,-9.9,-99,-999,彰化縣,14,埤頭鄉,165
23.8678,120.4447,埤頭,C0G830,2017-01-19T23:00:00+08:00,27.0,1.0,2.7,17.3,1.00,1015.7,-99.0,0.0,-9.9,-99,-999,彰化縣,14,埤頭鄉,165
23.8678,120.4447,埤頭,C0G830,2017-01-20T00:00:00+08:00,27.0,360.0,2.6,17.0,1.00,1015.7,-99.0,0.0,-9.9,-99,-999,彰化縣,14,埤頭鄉,165
23.8678,120.4447,埤頭,C0G830,2017-01-20T01:00:00+08:00,27.0,1.0,3.3,17.0,1.00,1015.8,-99.0,0.0,-9.9,-99,-999,彰化縣,14,埤頭鄉,165
23.8678,120.4447,埤頭,C0G830,2017-01-20T02:00:00+08:00,27.0,3.0,4.4,17.2,1.00,1015.8,-99.0,0.0,-9.9,-99,-999,彰化縣,14,埤頭鄉,165
23.8678,120.4447,埤頭,C0G830,2017-01-20T03:00:00+08:00,27.0,1.0,4.3,17.2,1.00,1015.7,-99.0,0.0,-9.9,-99,-999,彰化縣,14,埤頭鄉,165
23.8678,120.4447,埤頭,C0G830,2017-01-20T04:00:00+08:00,27.0,4.0,5.6,17.0,1.00,1015.6,-99.0,0.0,-9.9,-99,-999,彰化縣,14,埤頭鄉,165
23.8678,120.4447,埤頭,C0G830,2017-01-20T05:00:00+08:00,27.0,2.0,5.8,16.2,1.00,1015.8,-99.0,0.0,-9.9,-99,-999,彰化縣,14,埤頭鄉,165
23.8678,120.4447,埤頭,C0G830,2017-01-20T06:00:00+08:00,27.0,4.0,6.5,15.4,1.00,1016.5,-99.0,0.0,-9.9,-99,-999,彰化縣,14,埤頭鄉,165
23.8678,120.4447,埤頭,C0G830,2017-01-20T07:00:00+08:00,27.0,8.0,6.7,14.8,1.00,1017.1,-99.0,0.0,-9.9,-99,-999,彰化縣,14,埤頭鄉,165
23.8678,120.4447,埤頭,C0G830,2017-01-20T08:00:00+08:00,27.0,14.0,6.6,15.5,0.99,1017.7,-99.0,0.0,-9.9,-99,-999,彰化縣,14,埤頭鄉,165
23.8678,120.4447,埤頭,C0G830,2017-01-20T09:00:00+08:00,27.0,7.0,6.2,16.7,0.92,1018.2,-99.0,0.0,-9.9,-99,-999,彰化縣,14,埤頭鄉,165
23.8678,120.4447,埤頭,C0G830,2017-01-20T11:00:00+08:00,27.0,1.0,6.4,18.4,0.80,1018.2,-99.0,0.0,-9.9,-99,-999,彰化縣,14,埤頭鄉,165
23.8678,120.4447,埤頭,C0G830,2017-01-20T12:00:00+08:00,27.0,2.0,7.6,18.6,0.75,1017.3,-99.0,0.0,-9.9,-99,-999,彰化縣,14,埤頭鄉,165
23.8678,120.4447,埤頭,C0G830,2017-01-20T13:00:00+08:00,27.0,359.0,7.4,18.4,0.73,1016.3,-99.0,0.0,-9.9,-99,-999,彰化縣,14,埤頭鄉,165
23.8678,120.4447,埤頭,C0G830,2017-01-20T14:00:00+08:00,27.0,3.0,7.4,18.3,0.72,1015.6,-99.0,0.0,-9.9,-99,-999,彰化縣,14,埤頭鄉,165
23.8678,120.4447,埤頭,C0G830,2017-01-20T15:00:00+08:00,27.0,3.0,8.0,17.8,0.71,1015.2,-99.0,0.0,-9.9,-99,-999,彰化縣,14,埤頭鄉,165
23.8678,120.4447,埤頭,C0G830,2017-01-20T16:00:00+08:00,27.0,356.0,6.3,16.1,0.76,1015.6,-99.0,0.0,-9.9,-99,-999,彰化縣,14,埤頭鄉,165
23.8678,120.4447,埤頭,C0G830,2017-01-20T17:00:00+08:00,27.0,5.0,7.5,14.6,0.79,1016.0,-99.0,0.0,-9.9,-99,-999,彰化縣,14,埤頭鄉,165
23.8678,120.4447,埤頭,C0G830,2017-01-20T18:00:00+08:00,27.0,7.0,8.1,12.9,0.83,1016.7,-99.0,0.0,-9.9,-99,-999,彰化縣,14,埤頭鄉,165
23.8678,120.4447,埤頭,C0G830,2017-01-20T19:00:00+08:00,27.0,8.0,6.7,12.6,0.80,1017.4,-99.0,0.0,-9.9,-99,-999,彰化縣,14,埤頭鄉,165
23.8678,120.4447,埤頭,C0G830,2017-01-20T20:00:00+08:00,27.0,3.0,5.2,12.0,0.82,1017.9,-99.0,0.0,-9.9,-99,-999,彰化縣,14,埤頭鄉,165
23.8678,120.4447,埤頭,C0G830,2017-01-20T21:00:00+08:00,27.0,8.0,5.9,12.0,0.79,1018.4,-99.0,0.0,-9.9,-99,-999,彰化縣,14,埤頭鄉,165
23.8678,120.4447,埤頭,C0G830,2017-01-20T22:00:00+08:00,27.0,7.0,5.7,12.4,0.76,1018.4,-99.0,0.0,-9.9,-99,-999,彰化縣,14,埤頭鄉,165
23.8678,120.4447,埤頭,C0G830,2017-01-20T23:00:00+08:00,27.0,5.0,4.7,12.5,0.76,1018.5,-99.0,0.0,-9.9,-99,-999,彰化縣,14,埤頭鄉,165
23.8678,120.4447,埤頭,C0G830,2017-01-21T00:00:00+08:00,27.0,6.0,5.0,12.4,0.75,1018.7,-99.0,0.0,-9.9,-99,-999,彰化縣,14,埤頭鄉,165
23.8678,120.4447,埤頭,C0G830,2017-01-21T01:00:00+08:00,27.0,7.0,5.6,12.3,0.75,1018.8,-99.0,0.0,-9.9,-99,-999,彰化縣,14,埤頭鄉,165
23.8678,120.4447,埤頭,C0G830,2017-01-21T02:00:00+08:00,27.0,11.0,4.4,12.5,0.75,1018.9,-99.0,0.0,-9.9,-99,-999,彰化縣,14,埤頭鄉,165
23.8678,120.4447,埤頭,C0G830,2017-01-21T03:00:00+08:00,27.0,6.0,5.6,12.4,0.74,1018.8,-99.0,0.0,-9.9,-99,-999,彰化縣,14,埤頭鄉,165
23.8678,120.4447,埤頭,C0G830,2017-01-21T04:00:00+08:00,27.0,6.0,4.8,12.4,0.75,1019.0,-99.0,0.0,-9.9,-99,-999,彰化縣,14,埤頭鄉,165
23.8678,120.4447,埤頭,C0G830,2017-01-21T05:00:00+08:00,27.0,9.0,4.4,12.4,0.76,1019.4,-99.0,0.0,-9.9,-99,-999,彰化縣,14,埤頭鄉,165
23.8678,120.4447,埤頭,C0G830,2017-01-21T06:00:00+08:00,27.0,7.0,3.4,12.4,0.80,1019.9,-99.0,0.0,-9.9,-99,-999,彰化縣,14,埤頭鄉,165
23.8678,120.4447,埤頭,C0G830,2017-01-21T07:00:00+08:00,27.0,9.0,5.1,12.3,0.81,1020.4,-99.0,0.0,-9.9,-99,-999,彰化縣,14,埤頭鄉,165
23.8678,120.4447,埤頭,C0G830,2017-01-21T08:00:00+08:00,27.0,6.0,4.1,12.8,0.79,1021.0,-99.0,0.0,-9.9,-99,-999,彰化縣,14,埤頭鄉,165
23.8678,120.4447,埤頭,C0G830,2017-01-21T10:00:00+08:00,27.0,3.0,4.9,14.4,0.75,1022.0,-99.0,0.0,-9.9,-99,-999,彰化縣,14,埤頭鄉,165
23.8678,120.4447,埤頭,C0G830,2017-01-21T11:00:00+08:00,27.0,6.0,3.0,16.4,0.68,1021.2,-99.0,0.0,-9.9,-99,-999,彰化縣,14,埤頭鄉,165
23.8678,120.4447,埤頭,C0G830,2017-01-21T12:00:00+08:00,27.0,360.0,4.0,17.6,0.65,1020.0,-99.0,0.0,-9.9,-99,-999,彰化縣,14,埤頭鄉,165
23.8678,120.4447,埤頭,C0G830,2017-01-21T13:00:00+08:00,27.0,4.0,4.3,18.2,0.63,1019.1,-99.0,0.0,-9.9,-99,-999,彰化縣,14,埤頭鄉,165
23.8678,120.4447,埤頭,C0G830,2017-01-21T14:00:00+08:00,27.0,350.0,3.4,20.0,0.60,1018.1,-99.0,0.0,-9.9,-99,-999,彰化縣,14,埤頭鄉,165
23.8678,120.4447,埤頭,C0G830,2017-01-21T15:00:00+08:00,27.0,355.0,8.2,17.9,0.72,1017.8,-99.0,0.0,-9.9,-99,-999,彰化縣,14,埤頭鄉,165
23.8678,120.4447,埤頭,C0G830,2017-01-21T16:00:00+08:00,27.0,2.0,8.1,17.1,0.76,1017.8,-99.0,0.0,-9.9,-99,-999,彰化縣,14,埤頭鄉,165
23.8678,120.4447,埤頭,C0G830,2017-01-21T17:00:00+08:00,27.0,4.0,5.3,16.7,0.75,1018.2,-99.0,0.0,-9.9,-99,-999,彰化縣,14,埤頭鄉,165
23.8678,120.4447,埤頭,C0G830,2017-01-21T18:00:00+08:00,27.0,359.0,4.1,15.2,0.84,1019.0,-99.0,0.0,-9.9,-99,-999,彰化縣,14,埤頭鄉,165
23.8678,120.4447,埤頭,C0G830,2017-01-21T19:00:00+08:00,27.0,4.0,5.1,14.3,0.92,1019.4,-99.0,0.0,-9.9,-99,-999,彰化縣,14,埤頭鄉,165
23.8678,120.4447,埤頭,C0G830,2017-01-21T20:00:00+08:00,27.0,7.0,5.3,13.9,0.95,1020.1,-99.0,0.0,-9.9,-99,-999,彰化縣,14,埤頭鄉,165
23.8678,120.4447,埤頭,C0G830,2017-01-21T21:00:00+08:00,27.0,5.0,5.5,13.5,0.98,1020.6,-99.0,0.0,-9.9,-99,-999,彰化縣,14,埤頭鄉,165
23.8678,120.4447,埤頭,C0G830,2017-01-21T22:00:00+08:00,27.0,5.0,5.0,13.4,0.98,1020.9,-99.0,0.0,-9.9,-99,-999,彰化縣,14,埤頭鄉,165
23.8678,120.4447,埤頭,C0G830,2017-01-21T23:00:00+08:00,27.0,9.0,4.2,13.2,0.97,1021.0,-99.0,0.0,-9.9,-99,-999,彰化縣,14,埤頭鄉,165
23.8678,120.4447,埤頭,C0G830,2017-01-22T00:00:00+08:00,27.0,6.0,4.2,12.9,0.97,1020.9,-99.0,0.0,-9.9,-99,-999,彰化縣,14,埤頭鄉,165
23.8678,120.4447,埤頭,C0G830,2017-01-22T01:00:00+08:00,27.0,8.0,5.0,13.2,0.95,1020.9,-99.0,0.0,-9.9,-99,-999,彰化縣,14,埤頭鄉,165
23.8678,120.4447,埤頭,C0G830,2017-01-22T02:00:00+08:00,27.0,7.0,4.2,13.7,0.93,1020.6,-99.0,0.0,-9.9,-99,-999,彰化縣,14,埤頭鄉,165
23.8678,120.4447,埤頭,C0G830,2017-01-22T03:00:00+08:00,27.0,6.0,4.6,14.0,0.88,1020.4,-99.0,0.0,-9.9,-99,-999,彰化縣,14,埤頭鄉,165
23.8678,120.4447,埤頭,C0G830,2017-01-22T04:00:00+08:00,27.0,6.0,5.0,14.0,0.89,1020.4,-99.0,0.0,-9.9,-99,-999,彰化縣,14,埤頭鄉,165
23.8678,120.4447,埤頭,C0G830,2017-01-22T05:00:00+08:00,27.0,8.0,5.6,14.0,0.89,1020.5,-99.0,0.0,-9.9,-99,-999,彰化縣,14,埤頭鄉,165
23.8678,120.4447,埤頭,C0G830,2017-01-22T06:00:00+08:00,27.0,7.0,6.9,14.1,0.86,1021.1,-99.0,0.0,-9.9,-99,-999,彰化縣,14,埤頭鄉,165
23.8678,120.4447,埤頭,C0G830,2017-01-22T07:00:00+08:00,27.0,9.0,6.4,13.9,0.82,1021.3,-99.0,0.0,-9.9,-99,-999,彰化縣,14,埤頭鄉,165
23.8678,120.4447,埤頭,C0G830,2017-01-22T09:00:00+08:00,27.0,3.0,4.8,15.4,0.71,1021.8,-99.0,0.0,-9.9,-99,-999,彰化縣,14,埤頭鄉,165
23.8678,120.4447,埤頭,C0G830,2017-01-22T10:00:00+08:00,27.0,13.0,5.2,16.8,0.60,1021.8,-99.0,0.0,-9.9,-99,-999,彰化縣,14,埤頭鄉,165
23.8678,120.4447,埤頭,C0G830,2017-01-22T11:00:00+08:00,27.0,6.0,7.2,17.9,0.53,1021.4,-99.0,0.0,-9.9,-99,-999,彰化縣,14,埤頭鄉,165
23.8678,120.4447,埤頭,C0G830,2017-01-22T12:00:00+08:00,27.0,4.0,6.7,19.0,0.50,1020.2,-99.0,0.0,-9.9,-99,-999,彰化縣,14,埤頭鄉,165
23.8678,120.4447,埤頭,C0G830,2017-01-22T13:00:00+08:00,27.0,359.0,5.7,19.6,0.50,1019.1,-99.0,0.0,-9.9,-99,-999,彰化縣,14,埤頭鄉,165
23.8678,120.4447,埤頭,C0G830,2017-01-22T14:00:00+08:00,27.0,356.0,6.9,19.8,0.51,1018.0,-99.0,0.0,-9.9,-99,-999,彰化縣,14,埤頭鄉,165
23.8678,120.4447,埤頭,C0G830,2017-01-22T15:00:00+08:00,27.0,358.0,7.4,19.0,0.55,1017.5,-99.0,0.0,-9.9,-99,-999,彰化縣,14,埤頭鄉,165
23.8678,120.4447,埤頭,C0G830,2017-01-22T16:00:00+08:00,27.0,359.0,6.1,18.2,0.57,1017.4,-99.0,0.0,-9.9,-99,-999,彰化縣,14,埤頭鄉,165
23.8678,120.4447,埤頭,C0G830,2017-01-22T17:00:00+08:00,27.0,355.0,4.6,17.1,0.63,1017.7,-99.0,0.0,-9.9,-99,-999,彰化縣,14,埤頭鄉,165
23.8678,120.4447,埤頭,C0G830,2017-01-22T18:00:00+08:00,27.0,358.0,3.8,15.5,0.67,1018.1,-99.0,0.0,-9.9,-99,-999,彰化縣,14,埤頭鄉,165
23.8678,120.4447,埤頭,C0G830,2017-01-22T19:00:00+08:00,27.0,357.0,5.0,14.5,0.68,1019.1,-99.0,0.0,-9.9,-99,-999,彰化縣,14,埤頭鄉,165
23.8678,120.4447,埤頭,C0G830,2017-01-22T20:00:00+08:00,27.0,1.0,4.1,13.5,0.69,1020.1,-99.0,0.0,-9.9,-99,-999,彰化縣,14,埤頭鄉,165
23.8678,120.4447,埤頭,C0G830,2017-01-22T21:00:00+08:00,27.0,360.0,3.6,13.2,0.70,1020.4,-99.0,0.0,-9.9,-99,-999,彰化縣,14,埤頭鄉,165
23.8678,120.4447,埤頭,C0G830,2017-01-22T22:00:00+08:00,27.0,2.0,2.9,13.2,0.70,1020.6,-99.0,0.0,-9.9,-99,-999,彰化縣,14,埤頭鄉,165
23.8678,120.4447,埤頭,C0G830,2017-01-22T23:00:00+08:00,27.0,358.0,2.2,13.2,0.71,1020.1,-99.0,0.0,-9.9,-99,-999,彰化縣,14,埤頭鄉,165
23.8678,120.4447,埤頭,C0G830,2017-01-23T00:00:00+08:00,27.0,4.0,1.6,13.0,0.73,1019.8,-99.0,0.0,-9.9,-99,-999,彰化縣,14,埤頭鄉,165
23.8678,120.4447,埤頭,C0G830,2017-01-23T01:00:00+08:00,27.0,350.0,2.1,12.7,0.75,1019.7,-99.0,0.0,-9.9,-99,-999,彰化縣,14,埤頭鄉,165
23.8678,120.4447,埤頭,C0G830,2017-01-23T02:00:00+08:00,27.0,8.0,2.9,12.7,0.74,1019.8,-99.0,0.0,-9.9,-99,-999,彰化縣,14,埤頭鄉,165
23.8678,120.4447,埤頭,C0G830,2017-01-23T03:00:00+08:00,27.0,5.0,2.1,12.3,0.77,1019.6,-99.0,0.0,-9.9,-99,-999,彰化縣,14,埤頭鄉,165
23.8678,120.4447,埤頭,C0G830,2017-01-23T04:00:00+08:00,27.0,2.0,2.3,12.1,0.80,1019.5,-99.0,0.0,-9.9,-99,-999,彰化縣,14,埤頭鄉,165
23.8678,120.4447,埤頭,C0G830,2017-01-23T05:00:00+08:00,27.0,357.0,2.2,12.2,0.81,1019.5,-99.0,0.0,-9.9,-99,-999,彰化縣,14,埤頭鄉,165
23.8678,120.4447,埤頭,C0G830,2017-01-23T06:00:00+08:00,27.0,5.0,2.4,12.4,0.81,1020.0,-99.0,0.0,-9.9,-99,-999,彰化縣,14,埤頭鄉,165
23.8678,120.4447,埤頭,C0G830,2017-01-23T07:00:00+08:00,27.0,1.0,2.0,12.6,0.80,1020.6,-99.0,0.0,-9.9,-99,-999,彰化縣,14,埤頭鄉,165
23.8678,120.4447,埤頭,C0G830,2017-01-23T08:00:00+08:00,27.0,359.0,2.9,13.4,0.77,1021.2,-99.0,0.0,-9.9,-99,-999,彰化縣,14,埤頭鄉,165
23.8678,120.4447,埤頭,C0G830,2017-01-23T09:00:00+08:00,27.0,3.0,3.1,15.4,0.71,1021.5,-99.0,0.0,-9.9,-99,-999,彰化縣,14,埤頭鄉,165
23.8678,120.4447,埤頭,C0G830,2017-01-23T10:00:00+08:00,27.0,4.0,2.4,17.3,0.64,1021.4,-99.0,0.0,-9.9,-99,-999,彰化縣,14,埤頭鄉,165
23.8678,120.4447,埤頭,C0G830,2017-01-23T11:00:00+08:00,27.0,353.0,3.4,19.0,0.58,1021.3,-99.0,0.0,-9.9,-99,-999,彰化縣,14,埤頭鄉,165
23.8678,120.4447,埤頭,C0G830,2017-01-23T12:00:00+08:00,27.0,350.0,3.4,19.8,0.55,1020.6,-99.0,0.0,-9.9,-99,-999,彰化縣,14,埤頭鄉,165
23.8678,120.4447,埤頭,C0G830,2017-01-23T13:00:00+08:00,27.0,353.0,4.3,20.2,0.56,1019.4,-99.0,0.0,-9.9,-99,-999,彰化縣,14,埤頭鄉,165
23.8678,120.4447,埤頭,C0G830,2017-01-23T14:00:00+08:00,27.0,349.0,4.0,20.7,0.54,1018.5,-99.0,0.0,-9.9,-99,-999,彰化縣,14,埤頭鄉,165
23.8678,120.4447,埤頭,C0G830,2017-01-23T15:00:00+08:00,27.0,348.0,3.5,20.3,0.57,1018.1,-99.0,0.0,-9.9,-99,-999,彰化縣,14,埤頭鄉,165
23.8678,120.4447,埤頭,C0G830,2017-01-23T16:00:00+08:00,27.0,356.0,5.2,18.6,0.60,1018.4,-99.0,0.0,-9.9,-99,-999,彰化縣,14,埤頭鄉,165
23.8678,120.4447,埤頭,C0G830,2017-01-23T17:00:00+08:00,27.0,348.0,4.8,17.7,0.63,1018.8,-99.0,0.0,-9.9,-99,-999,彰化縣,14,埤頭鄉,165
23.8678,120.4447,埤頭,C0G830,2017-01-23T18:00:00+08:00,27.0,351.0,3.3,16.5,0.68,1019.4,-99.0,0.0,-9.9,-99,-999,彰化縣,14,埤頭鄉,165
23.8678,120.4447,埤頭,C0G830,2017-01-23T19:00:00+08:00,27.0,356.0,4.4,15.7,0.69,1019.7,-99.0,0.0,-9.9,-99,-999,彰化縣,14,埤頭鄉,165
23.8678,120.4447,埤頭,C0G830,2017-01-23T20:00:00+08:00,27.0,2.0,3.5,15.1,0.71,1020.2,-99.0,0.0,-9.9,-99,-999,彰化縣,14,埤頭鄉,165
23.8678,120.4447,埤頭,C0G830,2017-01-23T21:00:00+08:00,27.0,1.0,2.7,14.6,0.73,1020.3,-99.0,0.0,-9.9,-99,-999,彰化縣,14,埤頭鄉,165
23.8678,120.4447,埤頭,C0G830,2017-01-23T22:00:00+08:00,27.0,356.0,2.7,14.3,0.76,1020.7,-99.0,0.0,-9.9,-99,-999,彰化縣,14,埤頭鄉,165
23.8678,120.4447,埤頭,C0G830,2017-01-23T23:00:00+08:00,27.0,360.0,2.7,14.2,0.76,1020.9,-99.0,0.0,-9.9,-99,-999,彰化縣,14,埤頭鄉,165
23.8678,120.4447,埤頭,C0G830,2017-01-24T00:00:00+08:00,27.0,5.0,2.1,14.2,0.76,1021.2,-99.0,0.0,-9.9,-99,-999,彰化縣,14,埤頭鄉,165
23.8678,120.4447,埤頭,C0G830,2017-01-24T01:00:00+08:00,27.0,343.0,1.3,14.1,0.78,1021.0,-99.0,0.0,-9.9,-99,-999,彰化縣,14,埤頭鄉,165
23.8678,120.4447,埤頭,C0G830,2017-01-24T02:00:00+08:00,27.0,349.0,1.2,13.8,0.80,1020.7,-99.0,0.0,-9.9,-99,-999,彰化縣,14,埤頭鄉,165
23.8678,120.4447,埤頭,C0G830,2017-01-24T03:00:00+08:00,27.0,6.0,2.4,13.7,0.82,1020.4,-99.0,0.0,-9.9,-99,-999,彰化縣,14,埤頭鄉,165
23.8678,120.4447,埤頭,C0G830,2017-01-24T04:00:00+08:00,27.0,9.0,1.7,13.8,0.82,1020.0,-99.0,0.0,-9.9,-99,-999,彰化縣,14,埤頭鄉,165
23.8678,120.4447,埤頭,C0G830,2017-01-24T05:00:00+08:00,27.0,353.0,1.4,13.7,0.85,1020.0,-99.0,0.0,-9.9,-99,-999,彰化縣,14,埤頭鄉,165
23.8678,120.4447,埤頭,C0G830,2017-01-24T06:00:00+08:00,27.0,8.0,2.8,13.7,0.86,1020.3,-99.0,0.0,-9.9,-99,-999,彰化縣,14,埤頭鄉,165
23.8678,120.4447,埤頭,C0G830,2017-01-24T07:00:00+08:00,27.0,319.0,1.5,13.5,0.89,1021.0,-99.0,0.0,-9.9,-99,-999,彰化縣,14,埤頭鄉,165
23.8678,120.4447,埤頭,C0G830,2017-01-24T08:00:00+08:00,27.0,342.0,1.4,13.6,0.92,1021.6,-99.0,0.0,-9.9,-99,-999,彰化縣,14,埤頭鄉,165
23.8678,120.4447,埤頭,C0G830,2017-01-24T10:00:00+08:00,27.0,352.0,2.2,17.3,0.75,1022.0,-99.0,0.0,-9.9,-99,-999,彰化縣,14,埤頭鄉,165
23.8678,120.4447,埤頭,C0G830,2017-01-24T11:00:00+08:00,27.0,3.0,2.5,18.6,0.70,1021.6,-99.0,0.0,-9.9,-99,-999,彰化縣,14,埤頭鄉,165
23.8678,120.4447,埤頭,C0G830,2017-01-24T12:00:00+08:00,27.0,350.0,4.3,19.0,0.70,1021.0,-99.0,0.0,-9.9,-99,-999,彰化縣,14,埤頭鄉,165
23.8678,120.4447,埤頭,C0G830,2017-01-24T13:00:00+08:00,27.0,349.0,4.2,19.5,0.67,1020.0,-99.0,0.0,-9.9,-99,-999,彰化縣,14,埤頭鄉,165
23.8678,120.4447,埤頭,C0G830,2017-01-24T14:00:00+08:00,27.0,354.0,4.5,19.5,0.71,1019.4,-99.0,0.0,-9.9,-99,-999,彰化縣,14,埤頭鄉,165
23.8678,120.4447,埤頭,C0G830,2017-01-24T15:00:00+08:00,27.0,2.0,5.6,19.1,0.72,1019.1,-99.0,0.0,-9.9,-99,-999,彰化縣,14,埤頭鄉,165
23.8678,120.4447,埤頭,C0G830,2017-01-24T16:00:00+08:00,27.0,356.0,5.4,18.6,0.75,1019.2,-99.0,0.0,-9.9,-99,-999,彰化縣,14,埤頭鄉,165
23.8678,120.4447,埤頭,C0G830,2017-01-24T17:00:00+08:00,27.0,355.0,5.0,17.6,0.79,1019.6,-99.0,0.0,-9.9,-99,-999,彰化縣,14,埤頭鄉,165
23.8678,120.4447,埤頭,C0G830,2017-01-24T19:00:00+08:00,27.0,4.0,5.4,15.8,0.86,1020.6,-99.0,0.0,-9.9,-99,-999,彰化縣,14,埤頭鄉,165
23.8678,120.4447,埤頭,C0G830,2017-01-24T20:00:00+08:00,27.0,359.0,4.2,15.3,0.88,1021.5,-99.0,0.0,-9.9,-99,-999,彰化縣,14,埤頭鄉,165
23.8678,120.4447,埤頭,C0G830,2017-01-24T21:00:00+08:00,27.0,5.0,4.7,14.8,0.88,1021.9,-99.0,0.0,-9.9,-99,-999,彰化縣,14,埤頭鄉,165
23.8678,120.4447,埤頭,C0G830,2017-01-24T22:00:00+08:00,27.0,4.0,4.7,14.5,0.88,1022.0,-99.0,0.0,-9.9,-99,-999,彰化縣,14,埤頭鄉,165
23.8678,120.4447,埤頭,C0G830,2017-01-24T23:00:00+08:00,27.0,4.0,4.3,14.5,0.88,1022.2,-99.0,0.0,-9.9,-99,-999,彰化縣,14,埤頭鄉,165
23.8678,120.4447,埤頭,C0G830,2017-01-25T00:00:00+08:00,27.0,7.0,3.5,14.5,0.90,1021.9,-99.0,0.0,-9.9,-99,-999,彰化縣,14,埤頭鄉,165
23.8678,120.4447,埤頭,C0G830,2017-01-25T01:00:00+08:00,27.0,4.0,3.4,14.3,0.93,1021.3,-99.0,0.0,-9.9,-99,-999,彰化縣,14,埤頭鄉,165
23.8678,120.4447,埤頭,C0G830,2017-01-25T02:00:00+08:00,27.0,5.0,3.0,14.3,0.95,1021.1,-99.0,0.0,-9.9,-99,-999,彰化縣,14,埤頭鄉,165
23.8678,120.4447,埤頭,C0G830,2017-01-25T03:00:00+08:00,27.0,358.0,2.5,14.3,0.96,1020.6,-99.0,0.0,-9.9,-99,-999,彰化縣,14,埤頭鄉,165
23.8678,120.4447,埤頭,C0G830,2017-01-25T04:00:00+08:00,27.0,10.0,3.6,14.3,0.97,1020.5,-99.0,0.0,-9.9,-99,-999,彰化縣,14,埤頭鄉,165
23.8678,120.4447,埤頭,C0G830,2017-01-25T05:00:00+08:00,27.0,3.0,2.3,14.2,0.98,1020.4,-99.0,0.0,-9.9,-99,-999,彰化縣,14,埤頭鄉,165
23.8678,120.4447,埤頭,C0G830,2017-01-25T06:00:00+08:00,27.0,358.0,3.6,13.9,0.99,1020.5,-99.0,0.0,-9.9,-99,-999,彰化縣,14,埤頭鄉,165
23.8678,120.4447,埤頭,C0G830,2017-01-25T07:00:00+08:00,27.0,356.0,3.2,14.1,0.99,1021.2,-99.0,0.0,-9.9,-99,-999,彰化縣,14,埤頭鄉,165
23.8678,120.4447,埤頭,C0G830,2017-01-25T08:00:00+08:00,27.0,8.0,4.0,14.6,0.96,1021.3,-99.0,0.0,-9.9,-99,-999,彰化縣,14,埤頭鄉,165
23.8678,120.4447,埤頭,C0G830,2017-01-25T09:00:00+08:00,27.0,22.0,3.0,15.3,0.94,1021.6,-99.0,0.0,-9.9,-99,-999,彰化縣,14,埤頭鄉,165
23.8678,120.4447,埤頭,C0G830,2017-01-25T10:00:00+08:00,27.0,8.0,4.3,16.6,0.86,1021.6,-99.0,0.0,-9.9,-99,-999,彰化縣,14,埤頭鄉,165
23.8678,120.4447,埤頭,C0G830,2017-01-25T11:00:00+08:00,27.0,14.0,6.8,17.4,0.80,1021.1,-99.0,0.0,-9.9,-99,-999,彰化縣,14,埤頭鄉,165
23.8678,120.4447,埤頭,C0G830,2017-01-25T12:00:00+08:00,27.0,10.0,3.8,18.3,0.77,1020.6,-99.0,0.0,-9.9,-99,-999,彰化縣,14,埤頭鄉,165
23.8678,120.4447,埤頭,C0G830,2017-01-25T13:00:00+08:00,27.0,3.0,5.0,19.6,0.70,1019.3,-99.0,0.0,-9.9,-99,-999,彰化縣,14,埤頭鄉,165
23.8678,120.4447,埤頭,C0G830,2017-01-25T14:00:00+08:00,27.0,351.0,4.4,20.6,0.70,1018.6,-99.0,0.0,-9.9,-99,-999,彰化縣,14,埤頭鄉,165
23.8678,120.4447,埤頭,C0G830,2017-01-25T15:00:00+08:00,27.0,2.0,7.5,19.5,0.75,1018.3,-99.0,0.0,-9.9,-99,-999,彰化縣,14,埤頭鄉,165
23.8678,120.4447,埤頭,C0G830,2017-01-25T16:00:00+08:00,27.0,4.0,8.5,18.4,0.78,1018.5,-99.0,0.0,-9.9,-99,-999,彰化縣,14,埤頭鄉,165
23.8678,120.4447,埤頭,C0G830,2017-01-25T17:00:00+08:00,27.0,2.0,6.6,17.5,0.80,1018.7,-99.0,0.0,-9.9,-99,-999,彰化縣,14,埤頭鄉,165
23.8678,120.4447,埤頭,C0G830,2017-01-25T18:00:00+08:00,27.0,2.0,6.1,16.4,0.85,1019.2,-99.0,0.0,-9.9,-99,-999,彰化縣,14,埤頭鄉,165
23.8678,120.4447,埤頭,C0G830,2017-01-25T19:00:00+08:00,27.0,4.0,6.1,15.6,0.91,1019.7,-99.0,0.0,-9.9,-99,-999,彰化縣,14,埤頭鄉,165
23.8678,120.4447,埤頭,C0G830,2017-01-25T20:00:00+08:00,27.0,7.0,6.4,15.1,0.95,1020.2,-99.0,0.0,-9.9,-99,-999,彰化縣,14,埤頭鄉,165
23.8678,120.4447,埤頭,C0G830,2017-01-25T21:00:00+08:00,27.0,2.0,5.4,14.8,0.95,1020.6,-99.0,0.0,-9.9,-99,-999,彰化縣,14,埤頭鄉,165
23.8678,120.4447,埤頭,C0G830,2017-01-25T22:00:00+08:00,27.0,8.0,5.8,14.7,0.95,1020.6,-99.0,0.0,-9.9,-99,-999,彰化縣,14,埤頭鄉,165
23.8678,120.4447,埤頭,C0G830,2017-01-25T23:00:00+08:00,27.0,2.0,4.7,14.2,0.95,1020.6,-99.0,0.0,-9.9,-99,-999,彰化縣,14,埤頭鄉,165
23.8678,120.4447,埤頭,C0G830,2017-01-26T00:00:00+08:00,27.0,4.0,5.4,14.0,0.94,1020.2,-99.0,0.0,-9.9,-99,-999,彰化縣,14,埤頭鄉,165
23.8678,120.4447,埤頭,C0G830,2017-01-26T02:00:00+08:00,27.0,11.0,4.3,13.6,0.97,1019.7,-99.0,0.0,-9.9,-99,-999,彰化縣,14,埤頭鄉,165
23.8678,120.4447,埤頭,C0G830,2017-01-26T03:00:00+08:00,27.0,8.0,5.7,13.6,0.95,1019.4,-99.0,0.0,-9.9,-99,-999,彰化縣,14,埤頭鄉,165
23.8678,120.4447,埤頭,C0G830,2017-01-26T04:00:00+08:00,27.0,12.0,4.8,13.5,0.94,1019.0,-99.0,0.0,-9.9,-99,-999,彰化縣,14,埤頭鄉,165
23.8678,120.4447,埤頭,C0G830,2017-01-26T05:00:00+08:00,27.0,9.0,4.4,13.5,0.94,1019.4,-99.0,0.0,-9.9,-99,-999,彰化縣,14,埤頭鄉,165
23.8678,120.4447,埤頭,C0G830,2017-01-26T06:00:00+08:00,27.0,5.0,3.7,13.0,0.97,1020.0,-99.0,0.0,-9.9,-99,-999,彰化縣,14,埤頭鄉,165
23.8678,120.4447,埤頭,C0G830,2017-01-26T07:00:00+08:00,27.0,8.0,4.5,13.3,0.94,1020.0,-99.0,0.0,-9.9,-99,-999,彰化縣,14,埤頭鄉,165
23.8678,120.4447,埤頭,C0G830,2017-01-26T08:00:00+08:00,27.0,6.0,4.5,14.2,0.88,1020.2,-99.0,0.0,-9.9,-99,-999,彰化縣,14,埤頭鄉,165
23.8678,120.4447,埤頭,C0G830,2017-01-26T10:00:00+08:00,27.0,354.0,3.5,16.9,0.71,1020.0,-99.0,0.0,-9.9,-99,-999,彰化縣,14,埤頭鄉,165
23.8678,120.4447,埤頭,C0G830,2017-01-26T11:00:00+08:00,27.0,3.0,6.0,18.5,0.63,1019.6,-99.0,0.0,-9.9,-99,-999,彰化縣,14,埤頭鄉,165
23.8678,120.4447,埤頭,C0G830,2017-01-26T12:00:00+08:00,27.0,4.0,5.4,19.7,0.59,1018.6,-99.0,0.0,-9.9,-99,-999,彰化縣,14,埤頭鄉,165
23.8678,120.4447,埤頭,C0G830,2017-01-26T13:00:00+08:00,27.0,3.0,4.4,20.5,0.56,1016.9,-99.0,0.0,-9.9,-99,-999,彰化縣,14,埤頭鄉,165
23.8678,120.4447,埤頭,C0G830,2017-01-26T14:00:00+08:00,27.0,343.0,2.8,21.4,0.51,1015.7,-99.0,0.0,-9.9,-99,-999,彰化縣,14,埤頭鄉,165
23.8678,120.4447,埤頭,C0G830,2017-01-26T15:00:00+08:00,27.0,343.0,4.9,20.4,0.65,1015.4,-99.0,0.0,-9.9,-99,-999,彰化縣,14,埤頭鄉,165
23.8678,120.4447,埤頭,C0G830,2017-01-26T16:00:00+08:00,27.0,344.0,4.0,19.6,0.69,1015.7,-99.0,0.0,-9.9,-99,-999,彰化縣,14,埤頭鄉,165
23.8678,120.4447,埤頭,C0G830,2017-01-26T17:00:00+08:00,27.0,354.0,4.6,18.5,0.75,1016.3,-99.0,0.0,-9.9,-99,-999,彰化縣,14,埤頭鄉,165
23.8678,120.4447,埤頭,C0G830,2017-01-26T18:00:00+08:00,27.0,350.0,3.0,17.1,0.87,1016.7,-99.0,0.0,-9.9,-99,-999,彰化縣,14,埤頭鄉,165
23.8678,120.4447,埤頭,C0G830,2017-01-26T19:00:00+08:00,27.0,352.0,2.5,16.5,0.92,1017.2,-99.0,0.0,-9.9,-99,-999,彰化縣,14,埤頭鄉,165
23.8678,120.4447,埤頭,C0G830,2017-01-26T20:00:00+08:00,27.0,5.0,3.1,16.4,0.92,1017.8,-99.0,0.0,-9.9,-99,-999,彰化縣,14,埤頭鄉,165
23.8678,120.4447,埤頭,C0G830,2017-01-26T21:00:00+08:00,27.0,360.0,2.4,15.9,0.96,1017.9,-99.0,0.0,-9.9,-99,-999,彰化縣,14,埤頭鄉,165
23.8678,120.4447,埤頭,C0G830,2017-01-26T22:00:00+08:00,27.0,6.0,2.7,15.4,0.93,1018.2,-99.0,0.0,-9.9,-99,-999,彰化縣,14,埤頭鄉,165
23.8678,120.4447,埤頭,C0G830,2017-01-26T23:00:00+08:00,27.0,349.0,1.6,14.8,0.95,1018.5,-99.0,0.0,-9.9,-99,-999,彰化縣,14,埤頭鄉,165
23.8678,120.4447,埤頭,C0G830,2017-01-27T00:00:00+08:00,27.0,341.0,1.2,14.2,0.98,1018.5,-99.0,0.0,-9.9,-99,-999,彰化縣,14,埤頭鄉,165
23.8678,120.4447,埤頭,C0G830,2017-01-27T01:00:00+08:00,27.0,341.0,1.1,13.8,0.99,1018.8,-99.0,0.0,-9.9,-99,-999,彰化縣,14,埤頭鄉,165
23.8678,120.4447,埤頭,C0G830,2017-01-27T02:00:00+08:00,27.0,13.0,1.7,13.6,1.00,1018.5,-99.0,0.0,-9.9,-99,-999,彰化縣,14,埤頭鄉,165
23.8678,120.4447,埤頭,C0G830,2017-01-27T03:00:00+08:00,27.0,0.0,0.0,13.4,1.00,1018.4,-99.0,0.0,-9.9,-99,-999,彰化縣,14,埤頭鄉,165
23.8678,120.4447,埤頭,C0G830,2017-01-27T04:00:00+08:00,27.0,347.0,1.0,12.6,1.00,1018.4,-99.0,0.0,-9.9,-99,-999,彰化縣,14,埤頭鄉,165
23.8678,120.4447,埤頭,C0G830,2017-01-27T05:00:00+08:00,27.0,10.0,1.4,12.5,1.00,1018.6,-99.0,0.0,-9.9,-99,-999,彰化縣,14,埤頭鄉,165
23.8678,120.4447,埤頭,C0G830,2017-01-27T06:00:00+08:00,27.0,8.0,2.3,12.6,1.00,1019.1,-99.0,0.0,-9.9,-99,-999,彰化縣,14,埤頭鄉,165
23.8678,120.4447,埤頭,C0G830,2017-01-27T07:00:00+08:00,27.0,347.0,1.6,12.4,1.00,1019.8,-99.0,0.0,-9.9,-99,-999,彰化縣,14,埤頭鄉,165
23.8678,120.4447,埤頭,C0G830,2017-01-27T08:00:00+08:00,27.0,4.0,3.4,14.4,1.00,1020.2,-99.0,0.0,-9.9,-99,-999,彰化縣,14,埤頭鄉,165
23.8678,120.4447,埤頭,C0G830,2017-01-27T09:00:00+08:00,27.0,15.0,3.7,16.6,0.84,1020.4,-99.0,0.0,-9.9,-99,-999,彰化縣,14,埤頭鄉,165
23.8678,120.4447,埤頭,C0G830,2017-01-27T10:00:00+08:00,27.0,14.0,5.1,18.2,0.72,1019.7,-99.0,0.0,-9.9,-99,-999,彰化縣,14,埤頭鄉,165
23.8678,120.4447,埤頭,C0G830,2017-01-27T11:00:00+08:00,27.0,359.0,4.4,20.1,0.66,1019.2,-99.0,0.0,-9.9,-99,-999,彰化縣,14,埤頭鄉,165
23.8678,120.4447,埤頭,C0G830,2017-01-27T12:00:00+08:00,27.0,349.0,4.3,20.7,0.70,1018.3,-99.0,0.0,-9.9,-99,-999,彰化縣,14,埤頭鄉,165
23.8678,120.4447,埤頭,C0G830,2017-01-27T13:00:00+08:00,27.0,354.0,4.5,21.6,0.64,1017.1,-99.0,0.0,-9.9,-99,-999,彰化縣,14,埤頭鄉,165
23.8678,120.4447,埤頭,C0G830,2017-01-27T14:00:00+08:00,27.0,2.0,5.5,21.5,0.60,1016.2,-99.0,0.0,-9.9,-99,-999,彰化縣,14,埤頭鄉,165
23.8678,120.4447,埤頭,C0G830,2017-01-27T15:00:00+08:00,27.0,353.0,5.0,21.5,0.62,1015.4,-99.0,0.0,-9.9,-99,-999,彰化縣,14,埤頭鄉,165
23.8678,120.4447,埤頭,C0G830,2017-01-27T16:00:00+08:00,27.0,359.0,5.1,20.5,0.76,1015.7,-99.0,0.0,-9.9,-99,-999,彰化縣,14,埤頭鄉,165
23.8678,120.4447,埤頭,C0G830,2017-01-27T17:00:00+08:00,27.0,355.0,4.5,19.0,0.88,1015.8,-99.0,0.0,-9.9,-99,-999,彰化縣,14,埤頭鄉,165
23.8678,120.4447,埤頭,C0G830,2017-01-27T18:00:00+08:00,27.0,347.0,3.6,17.6,0.99,1016.2,-99.0,0.0,-9.9,-99,-999,彰化縣,14,埤頭鄉,165
23.8678,120.4447,埤頭,C0G830,2017-01-27T19:00:00+08:00,27.0,359.0,3.6,16.6,1.00,1016.3,-99.0,0.0,-9.9,-99,-999,彰化縣,14,埤頭鄉,165
23.8678,120.4447,埤頭,C0G830,2017-01-27T20:00:00+08:00,27.0,355.0,2.2,16.0,1.00,1016.8,-99.0,0.0,-9.9,-99,-999,彰化縣,14,埤頭鄉,165
23.8678,120.4447,埤頭,C0G830,2017-01-27T21:00:00+08:00,27.0,345.0,2.5,15.6,1.00,1016.6,-99.0,0.0,-9.9,-99,-999,彰化縣,14,埤頭鄉,165
23.8678,120.4447,埤頭,C0G830,2017-01-27T22:00:00+08:00,27.0,3.0,2.5,15.1,1.00,1016.8,-99.0,0.0,-9.9,-99,-999,彰化縣,14,埤頭鄉,165
23.8678,120.4447,埤頭,C0G830,2017-01-27T23:00:00+08:00,27.0,0.0,0.2,14.7,1.00,1016.5,-99.0,0.0,-9.9,-99,-999,彰化縣,14,埤頭鄉,165
23.8678,120.4447,埤頭,C0G830,2017-01-28T00:00:00+08:00,27.0,17.0,0.6,14.5,1.00,1016.2,-99.0,0.0,-9.9,-99,-999,彰化縣,14,埤頭鄉,165
23.8678,120.4447,埤頭,C0G830,2017-01-28T01:00:00+08:00,27.0,0.0,0.1,14.3,1.00,1016.1,-99.0,0.0,-9.9,-99,-999,彰化縣,14,埤頭鄉,165
23.8678,120.4447,埤頭,C0G830,2017-01-28T02:00:00+08:00,27.0,0.0,0.1,13.7,1.00,1015.9,-99.0,0.0,-9.9,-99,-999,彰化縣,14,埤頭鄉,165
23.8678,120.4447,埤頭,C0G830,2017-01-28T03:00:00+08:00,27.0,26.0,1.5,13.2,1.00,1015.5,-99.0,0.0,-9.9,-99,-999,彰化縣,14,埤頭鄉,165
23.8678,120.4447,埤頭,C0G830,2017-01-28T04:00:00+08:00,27.0,21.0,1.3,12.9,1.00,1014.6,-99.0,0.0,-9.9,-99,-999,彰化縣,14,埤頭鄉,165
23.8678,120.4447,埤頭,C0G830,2017-01-28T05:00:00+08:00,27.0,1.0,2.2,12.5,1.00,1014.6,-99.0,0.0,-9.9,-99,-999,彰化縣,14,埤頭鄉,165
23.8678,120.4447,埤頭,C0G830,2017-01-28T06:00:00+08:00,27.0,357.0,2.5,12.6,1.00,1015.0,-99.0,0.0,-9.9,-99,-999,彰化縣,14,埤頭鄉,165
23.8678,120.4447,埤頭,C0G830,2017-01-28T07:00:00+08:00,27.0,6.0,2.1,13.0,1.00,1015.3,-99.0,0.0,-9.9,-99,-999,彰化縣,14,埤頭鄉,165
23.8678,120.4447,埤頭,C0G830,2017-01-28T08:00:00+08:00,27.0,12.0,3.7,14.7,1.00,1015.4,-99.0,0.0,-9.9,-99,-999,彰化縣,14,埤頭鄉,165
23.8678,120.4447,埤頭,C0G830,2017-01-28T09:00:00+08:00,27.0,6.0,4.3,17.4,0.94,1015.2,-99.0,0.0,-9.9,-99,-999,彰化縣,14,埤頭鄉,165
23.8678,120.4447,埤頭,C0G830,2017-01-28T10:00:00+08:00,27.0,357.0,4.0,19.7,0.70,1015.3,-99.0,0.0,-9.9,-99,-999,彰化縣,14,埤頭鄉,165
23.8678,120.4447,埤頭,C0G830,2017-01-28T11:00:00+08:00,27.0,6.0,4.3,22.1,0.64,1014.5,-99.0,0.0,-9.9,-99,-999,彰化縣,14,埤頭鄉,165
23.8678,120.4447,埤頭,C0G830,2017-01-28T12:00:00+08:00,27.0,347.0,3.1,23.6,0.60,1013.7,-99.0,0.0,-9.9,-99,-999,彰化縣,14,埤頭鄉,165
23.8678,120.4447,埤頭,C0G830,2017-01-28T13:00:00+08:00,27.0,321.0,2.6,24.3,0.61,1012.9,-99.0,0.0,-9.9,-99,-999,彰化縣,14,埤頭鄉,165
23.8678,120.4447,埤頭,C0G830,2017-01-28T14:00:00+08:00,27.0,321.0,3.6,23.1,0.78,1012.2,-99.0,0.0,-9.9,-99,-999,彰化縣,14,埤頭鄉,165
23.8678,120.4447,埤頭,C0G830,2017-01-28T15:00:00+08:00,27.0,325.0,4.3,22.3,0.82,1011.8,-99.0,0.0,-9.9,-99,-999,彰化縣,14,埤頭鄉,165
23.8678,120.4447,埤頭,C0G830,2017-01-28T16:00:00+08:00,27.0,336.0,3.4,20.2,0.99,1012.1,-99.0,0.0,-9.9,-99,-999,彰化縣,14,埤頭鄉,165
23.8678,120.4447,埤頭,C0G830,2017-01-28T17:00:00+08:00,27.0,351.0,3.4,19.0,1.00,1012.4,-99.0,0.0,-9.9,-99,-999,彰化縣,14,埤頭鄉,165
23.8678,120.4447,埤頭,C0G830,2017-01-28T18:00:00+08:00,27.0,344.0,3.2,18.1,1.00,1012.8,-99.0,0.0,-9.9,-99,-999,彰化縣,14,埤頭鄉,165
23.8678,120.4447,埤頭,C0G830,2017-01-28T19:00:00+08:00,27.0,9.0,3.5,17.8,1.00,1013.3,-99.0,0.0,-9.9,-99,-999,彰化縣,14,埤頭鄉,165
23.8678,120.4447,埤頭,C0G830,2017-01-28T20:00:00+08:00,27.0,355.0,1.5,17.7,1.00,1013.7,-99.0,0.0,-9.9,-99,-999,彰化縣,14,埤頭鄉,165
23.8678,120.4447,埤頭,C0G830,2017-01-28T21:00:00+08:00,27.0,342.0,0.5,17.6,1.00,1013.9,-99.0,0.0,-9.9,-99,-999,彰化縣,14,埤頭鄉,165
23.8678,120.4447,埤頭,C0G830,2017-01-28T22:00:00+08:00,27.0,0.0,0.1,17.5,1.00,1013.7,-99.0,0.0,-9.9,-99,-999,彰化縣,14,埤頭鄉,165
23.8678,120.4447,埤頭,C0G830,2017-01-28T23:00:00+08:00,27.0,324.0,0.9,17.3,1.00,1013.5,-99.0,0.0,-9.9,-99,-999,彰化縣,14,埤頭鄉,165
23.8678,120.4447,埤頭,C0G830,2017-01-29T00:00:00+08:00,27.0,334.0,0.9,17.0,1.00,1013.5,-99.0,0.0,-9.9,-99,-999,彰化縣,14,埤頭鄉,165
23.8678,120.4447,埤頭,C0G830,2017-01-29T01:00:00+08:00,27.0,0.0,0.0,17.1,1.00,1013.5,-99.0,0.0,-9.9,-99,-999,彰化縣,14,埤頭鄉,165
23.8678,120.4447,埤頭,C0G830,2017-01-29T02:00:00+08:00,27.0,0.0,0.0,17.1,1.00,1013.1,-99.0,0.0,-9.9,-99,-999,彰化縣,14,埤頭鄉,165
23.8678,120.4447,埤頭,C0G830,2017-01-29T03:00:00+08:00,27.0,4.0,1.2,17.1,1.00,1013.0,-99.0,0.0,-9.9,-99,-999,彰化縣,14,埤頭鄉,165
23.8678,120.4447,埤頭,C0G830,2017-01-29T04:00:00+08:00,27.0,19.0,1.6,17.0,1.00,1012.8,-99.0,0.0,-9.9,-99,-999,彰化縣,14,埤頭鄉,165
23.8678,120.4447,埤頭,C0G830,2017-01-29T05:00:00+08:00,27.0,19.0,1.5,16.7,1.00,1012.7,-99.0,0.0,-9.9,-99,-999,彰化縣,14,埤頭鄉,165
23.8678,120.4447,埤頭,C0G830,2017-01-29T06:00:00+08:00,27.0,319.0,1.5,16.3,1.00,1013.4,-99.0,0.0,-9.9,-99,-999,彰化縣,14,埤頭鄉,165
23.8678,120.4447,埤頭,C0G830,2017-01-29T07:00:00+08:00,27.0,327.0,2.0,16.1,1.00,1014.0,-99.0,0.0,-9.9,-99,-999,彰化縣,14,埤頭鄉,165
23.8678,120.4447,埤頭,C0G830,2017-01-29T08:00:00+08:00,27.0,15.0,2.0,16.9,1.00,1014.9,-99.0,0.0,-9.9,-99,-999,彰化縣,14,埤頭鄉,165
23.8678,120.4447,埤頭,C0G830,2017-01-29T09:00:00+08:00,27.0,18.0,2.4,17.4,1.00,1015.3,-99.0,0.0,-9.9,-99,-999,彰化縣,14,埤頭鄉,165
23.8678,120.4447,埤頭,C0G830,2017-01-29T10:00:00+08:00,27.0,357.0,1.7,19.0,1.00,1015.6,-99.0,0.0,-9.9,-99,-999,彰化縣,14,埤頭鄉,165
23.8678,120.4447,埤頭,C0G830,2017-01-29T11:00:00+08:00,27.0,2.0,1.0,20.8,0.99,1015.1,-99.0,0.0,-9.9,-99,-999,彰化縣,14,埤頭鄉,165
23.8678,120.4447,埤頭,C0G830,2017-01-29T12:00:00+08:00,27.0,21.0,2.3,23.2,0.74,1013.9,-99.0,0.0,-9.9,-99,-999,彰化縣,14,埤頭鄉,165
23.8678,120.4447,埤頭,C0G830,2017-01-29T14:00:00+08:00,27.0,4.0,3.8,25.9,0.45,1011.6,-99.0,0.0,-9.9,-99,-999,彰化縣,14,埤頭鄉,165
23.8678,120.4447,埤頭,C0G830,2017-01-29T15:00:00+08:00,27.0,1.0,4.1,26.8,0.37,1011.0,-99.0,0.0,-9.9,-99,-999,彰化縣,14,埤頭鄉,165
23.8678,120.4447,埤頭,C0G830,2017-01-29T16:00:00+08:00,27.0,305.0,4.9,24.3,0.71,1011.3,-99.0,0.0,-9.9,-99,-999,彰化縣,14,埤頭鄉,165
23.8678,120.4447,埤頭,C0G830,2017-01-29T17:00:00+08:00,27.0,333.0,2.9,20.7,0.98,1011.9,-99.0,0.0,-9.9,-99,-999,彰化縣,14,埤頭鄉,165
23.8678,120.4447,埤頭,C0G830,2017-01-29T18:00:00+08:00,27.0,330.0,3.3,19.1,1.00,1012.8,-99.0,0.0,-9.9,-99,-999,彰化縣,14,埤頭鄉,165
23.8678,120.4447,埤頭,C0G830,2017-01-29T19:00:00+08:00,27.0,337.0,2.5,18.7,1.00,1013.3,-99.0,0.0,-9.9,-99,-999,彰化縣,14,埤頭鄉,165
23.8678,120.4447,埤頭,C0G830,2017-01-29T20:00:00+08:00,27.0,329.0,2.2,18.4,1.00,1014.1,-99.0,0.0,-9.9,-99,-999,彰化縣,14,埤頭鄉,165
23.8678,120.4447,埤頭,C0G830,2017-01-29T21:00:00+08:00,27.0,9.0,2.4,18.3,1.00,1013.7,-99.0,0.0,-9.9,-99,-999,彰化縣,14,埤頭鄉,165
23.8678,120.4447,埤頭,C0G830,2017-01-29T22:00:00+08:00,27.0,3.0,1.7,18.2,1.00,1013.8,-99.0,0.0,-9.9,-99,-999,彰化縣,14,埤頭鄉,165
23.8678,120.4447,埤頭,C0G830,2017-01-29T23:00:00+08:00,27.0,320.0,1.4,17.9,1.00,1013.9,-99.0,0.0,-9.9,-99,-999,彰化縣,14,埤頭鄉,165
23.8678,120.4447,埤頭,C0G830,2017-01-30T00:00:00+08:00,27.0,5.0,1.9,18.1,1.00,1013.8,-99.0,0.0,-9.9,-99,-999,彰化縣,14,埤頭鄉,165
23.8678,120.4447,埤頭,C0G830,2017-01-30T01:00:00+08:00,27.0,58.0,0.9,18.3,1.00,1013.7,-99.0,0.0,-9.9,-99,-999,彰化縣,14,埤頭鄉,165
23.8678,120.4447,埤頭,C0G830,2017-01-30T02:00:00+08:00,27.0,293.0,0.6,18.5,1.00,1013.5,-99.0,0.0,-9.9,-99,-999,彰化縣,14,埤頭鄉,165
23.8678,120.4447,埤頭,C0G830,2017-01-30T03:00:00+08:00,27.0,108.0,1.2,17.9,1.00,1012.9,-99.0,0.0,-9.9,-99,-999,彰化縣,14,埤頭鄉,165
23.8678,120.4447,埤頭,C0G830,2017-01-30T04:00:00+08:00,27.0,160.0,0.4,17.8,1.00,1012.7,-99.0,0.0,-9.9,-99,-999,彰化縣,14,埤頭鄉,165
23.8678,120.4447,埤頭,C0G830,2017-01-30T05:00:00+08:00,27.0,26.0,1.7,18.4,1.00,1012.7,-99.0,0.0,-9.9,-99,-999,彰化縣,14,埤頭鄉,165
23.8678,120.4447,埤頭,C0G830,2017-01-30T06:00:00+08:00,27.0,12.0,0.3,18.8,1.00,1013.1,-99.0,0.0,-9.9,-99,-999,彰化縣,14,埤頭鄉,165
23.8678,120.4447,埤頭,C0G830,2017-01-30T07:00:00+08:00,27.0,275.0,1.3,18.4,1.00,1013.5,-99.0,0.0,-9.9,-99,-999,彰化縣,14,埤頭鄉,165
23.8678,120.4447,埤頭,C0G830,2017-01-30T08:00:00+08:00,27.0,0.0,0.0,18.9,1.00,1014.3,-99.0,0.0,-9.9,-99,-999,彰化縣,14,埤頭鄉,165
23.8678,120.4447,埤頭,C0G830,2017-01-30T09:00:00+08:00,27.0,0.0,0.2,20.0,1.00,1014.7,-99.0,0.0,-9.9,-99,-999,彰化縣,14,埤頭鄉,165
23.8678,120.4447,埤頭,C0G830,2017-01-30T10:00:00+08:00,27.0,340.0,1.4,21.7,0.94,1014.7,-99.0,0.0,-9.9,-99,-999,彰化縣,14,埤頭鄉,165
23.8678,120.4447,埤頭,C0G830,2017-01-30T11:00:00+08:00,27.0,351.0,2.3,23.4,0.79,1014.0,-99.0,0.0,-9.9,-99,-999,彰化縣,14,埤頭鄉,165
23.8678,120.4447,埤頭,C0G830,2017-01-30T12:00:00+08:00,27.0,343.0,3.9,23.9,0.83,1013.0,-99.0,0.0,-9.9,-99,-999,彰化縣,14,埤頭鄉,165
23.8678,120.4447,埤頭,C0G830,2017-01-30T13:00:00+08:00,27.0,348.0,5.1,22.5,0.86,1012.1,-99.0,0.0,-9.9,-99,-999,彰化縣,14,埤頭鄉,165
23.8678,120.4447,埤頭,C0G830,2017-01-30T14:00:00+08:00,27.0,350.0,4.3,21.7,0.83,1011.6,-99.0,0.0,-9.9,-99,-999,彰化縣,14,埤頭鄉,165
23.8678,120.4447,埤頭,C0G830,2017-01-30T15:00:00+08:00,27.0,348.0,6.7,20.2,0.87,1011.5,-99.0,0.0,-9.9,-99,-999,彰化縣,14,埤頭鄉,165
23.8678,120.4447,埤頭,C0G830,2017-01-30T16:00:00+08:00,27.0,360.0,8.4,19.2,0.87,1012.0,-99.0,0.0,-9.9,-99,-999,彰化縣,14,埤頭鄉,165
23.8678,120.4447,埤頭,C0G830,2017-01-30T17:00:00+08:00,27.0,1.0,5.8,18.3,0.89,1012.7,-99.0,0.0,-9.9,-99,-999,彰化縣,14,埤頭鄉,165
23.8678,120.4447,埤頭,C0G830,2017-01-30T18:00:00+08:00,27.0,360.0,4.7,17.2,0.95,1013.5,-99.0,0.0,-9.9,-99,-999,彰化縣,14,埤頭鄉,165
23.8678,120.4447,埤頭,C0G830,2017-01-30T20:00:00+08:00,27.0,5.0,5.0,15.8,1.00,1014.6,-99.0,0.0,-9.9,-99,-999,彰化縣,14,埤頭鄉,165
23.8678,120.4447,埤頭,C0G830,2017-01-30T21:00:00+08:00,27.0,2.0,4.6,15.5,0.99,1014.7,-99.0,0.0,-9.9,-99,-999,彰化縣,14,埤頭鄉,165
23.8678,120.4447,埤頭,C0G830,2017-01-30T22:00:00+08:00,27.0,4.0,5.1,15.2,1.00,1014.6,-99.0,0.0,-9.9,-99,-999,彰化縣,14,埤頭鄉,165
23.8678,120.4447,埤頭,C0G830,2017-01-30T23:00:00+08:00,27.0,4.0,4.6,14.9,1.00,1014.6,-99.0,0.0,-9.9,-99,-999,彰化縣,14,埤頭鄉,165
23.8678,120.4447,埤頭,C0G830,2017-01-31T00:00:00+08:00,27.0,358.0,3.2,14.5,1.00,1014.7,-99.0,0.0,-9.9,-99,-999,彰化縣,14,埤頭鄉,165
23.8678,120.4447,埤頭,C0G830,2017-01-31T01:00:00+08:00,27.0,358.0,4.4,14.5,1.00,1014.3,-99.0,0.0,-9.9,-99,-999,彰化縣,14,埤頭鄉,165
23.8678,120.4447,埤頭,C0G830,2017-01-31T02:00:00+08:00,27.0,360.0,3.9,14.3,1.00,1014.0,-99.0,0.0,-9.9,-99,-999,彰化縣,14,埤頭鄉,165
23.8678,120.4447,埤頭,C0G830,2017-01-31T03:00:00+08:00,27.0,1.0,3.4,14.2,1.00,1013.8,-99.0,0.0,-9.9,-99,-999,彰化縣,14,埤頭鄉,165
23.8678,120.4447,埤頭,C0G830,2017-01-31T04:00:00+08:00,27.0,1.0,4.4,14.2,1.00,1013.9,-99.0,0.0,-9.9,-99,-999,彰化縣,14,埤頭鄉,165
23.8678,120.4447,埤頭,C0G830,2017-01-31T05:00:00+08:00,27.0,4.0,3.8,14.2,1.00,1014.1,-99.0,0.0,-9.9,-99,-999,彰化縣,14,埤頭鄉,165
23.8678,120.4447,埤頭,C0G830,2017-01-31T06:00:00+08:00,27.0,3.0,3.7,14.2,1.00,1014.6,-99.0,0.0,-9.9,-99,-999,彰化縣,14,埤頭鄉,165
23.8678,120.4447,埤頭,C0G830,2017-01-31T07:00:00+08:00,27.0,6.0,4.2,14.3,1.00,1015.2,-99.0,0.0,-9.9,-99,-999,彰化縣,14,埤頭鄉,165
