23.9722,120.9442,埔裡,C0H890,2017-01-01T00:00:00+08:00,451.0,217.0,0.3,16.0,0.93,970.1,-99.0,0.0,-9.9,-99,-999,南投縣,13,埔裡鎮,147
23.9722,120.9442,埔裡,C0H890,2017-01-10T10:00:00+08:00,451.0,86.0,0.7,18.8,0.67,968.2,-99.0,0.0,-9.9,-99,-999,南投縣,13,埔裡鎮,147
23.9722,120.9442,埔裡,C0H890,2017-01-10T11:00:00+08:00,451.0,222.0,0.6,21.9,0.55,967.4,-99.0,0.0,-9.9,-99,-999,南投縣,13,埔裡鎮,147
23.9722,120.9442,埔裡,C0H890,2017-01-10T12:00:00+08:00,451.0,233.0,1.4,23.7,0.43,966.3,-99.0,0.0,-9.9,-99,-999,南投縣,13,埔裡鎮,147
23.9722,120.9442,埔裡,C0H890,2017-01-10T13:00:00+08:00,451.0,278.0,1.7,24.5,0.45,965.3,-99.0,0.0,-9.9,-99,-999,南投縣,13,埔裡鎮,147
23.9722,120.9442,埔裡,C0H890,2017-01-10T14:00:00+08:00,451.0,272.0,2.8,23.8,0.52,964.7,-99.0,0.0,-9.9,-99,-999,南投縣,13,埔裡鎮,147
23.9722,120.9442,埔裡,C0H890,2017-01-10T15:00:00+08:00,451.0,266.0,2.4,23.6,0.51,964.7,-99.0,0.0,-9.9,-99,-999,南投縣,13,埔裡鎮,147
23.9722,120.9442,埔裡,C0H890,2017-01-10T16:00:00+08:00,451.0,258.0,2.6,22.6,0.55,965.4,-99.0,0.0,-9.9,-99,-999,南投縣,13,埔裡鎮,147
23.9722,120.9442,埔裡,C0H890,2017-01-10T17:00:00+08:00,451.0,262.0,1.4,21.8,0.57,965.9,-99.0,0.0,-9.9,-99,-999,南投縣,13,埔裡鎮,147
23.9722,120.9442,埔裡,C0H890,2017-01-10T18:00:00+08:00,451.0,192.0,0.7,19.8,0.68,966.3,-99.0,0.0,-9.9,-99,-999,南投縣,13,埔裡鎮,147
23.9722,120.9442,埔裡,C0H890,2017-01-10T19:00:00+08:00,451.0,216.0,1.0,17.6,0.78,966.8,-99.0,0.0,-9.9,-99,-999,南投縣,13,埔裡鎮,147
23.9722,120.9442,埔裡,C0H890,2017-01-10T20:00:00+08:00,451.0,230.0,0.6,16.6,0.82,967.2,-99.0,0.0,-9.9,-99,-999,南投縣,13,埔裡鎮,147
23.9722,120.9442,埔裡,C0H890,2017-01-10T21:00:00+08:00,451.0,211.0,0.5,16.0,0.84,967.7,-99.0,0.0,-9.9,-99,-999,南投縣,13,埔裡鎮,147
23.9722,120.9442,埔裡,C0H890,2017-01-10T22:00:00+08:00,451.0,0.0,0.0,15.8,0.86,968.2,-99.0,0.0,-9.9,-99,-999,南投縣,13,埔裡鎮,147
23.9722,120.9442,埔裡,C0H890,2017-01-10T23:00:00+08:00,451.0,195.0,0.5,15.3,0.88,968.1,-99.0,0.0,-9.9,-99,-999,南投縣,13,埔裡鎮,147
23.9722,120.9442,埔裡,C0H890,2017-01-11T00:00:00+08:00,451.0,180.0,0.4,15.3,0.90,967.9,-99.0,0.0,-9.9,-99,-999,南投縣,13,埔裡鎮,147
23.9722,120.9442,埔裡,C0H890,2017-01-11T01:00:00+08:00,451.0,160.0,0.9,15.0,0.90,967.6,-99.0,0.0,-9.9,-99,-999,南投縣,13,埔裡鎮,147
23.9722,120.9442,埔裡,C0H890,2017-01-11T02:00:00+08:00,451.0,0.0,0.0,14.8,0.92,967.3,-99.0,0.0,-9.9,-99,-999,南投縣,13,埔裡鎮,147
23.9722,120.9442,埔裡,C0H890,2017-01-11T03:00:00+08:00,451.0,0.0,0.0,14.6,0.91,967.2,-99.0,0.0,-9.9,-99,-999,南投縣,13,埔裡鎮,147
23.9722,120.9442,埔裡,C0H890,2017-01-11T04:00:00+08:00,451.0,203.0,0.6,13.7,0.93,967.0,-99.0,0.0,-9.9,-99,-999,南投縣,13,埔裡鎮,147
23.9722,120.9442,埔裡,C0H890,2017-01-11T05:00:00+08:00,451.0,0.0,0.0,13.6,0.92,967.2,-99.0,0.0,-9.9,-99,-999,南投縣,13,埔裡鎮,147
23.9722,120.9442,埔裡,C0H890,2017-01-11T06:00:00+08:00,451.0,213.0,0.6,12.8,0.93,967.8,-99.0,0.0,-9.9,-99,-999,南投縣,13,埔裡鎮,147
23.9722,120.9442,埔裡,C0H890,2017-01-11T07:00:00+08:00,451.0,0.0,0.0,12.8,0.92,967.9,-99.0,0.0,-9.9,-99,-999,南投縣,13,埔裡鎮,147
23.9722,120.9442,埔裡,C0H890,2017-01-11T08:00:00+08:00,451.0,119.0,0.5,14.1,0.87,968.2,-99.0,0.0,-9.9,-99,-999,南投縣,13,埔裡鎮,147
23.9722,120.9442,埔裡,C0H890,2017-01-11T09:00:00+08:00,451.0,268.0,0.4,16.3,0.77,968.7,-99.0,0.0,-9.9,-99,-999,南投縣,13,埔裡鎮,147
23.9722,120.9442,埔裡,C0H890,2017-01-11T10:00:00+08:00,451.0,39.0,0.8,19.1,0.65,968.2,-99.0,0.0,-9.9,-99,-999,南投縣,13,埔裡鎮,147
23.9722,120.9442,埔裡,C0H890,2017-01-11T11:00:00+08:00,451.0,358.0,0.4,22.3,0.45,967.2,-99.0,0.0,-9.9,-99,-999,南投縣,13,埔裡鎮,147
23.9722,120.9442,埔裡,C0H890,2017-01-11T12:00:00+08:00,451.0,245.0,1.1,24.4,0.39,965.8,-99.0,0.0,-9.9,-99,-999,南投縣,13,埔裡鎮,147
23.9722,120.9442,埔裡,C0H890,2017-01-11T13:00:00+08:00,451.0,234.0,1.0,25.3,0.36,964.4,-99.0,0.0,-9.9,-99,-999,南投縣,13,埔裡鎮,147
23.9722,120.9442,埔裡,C0H890,2017-01-11T14:00:00+08:00,451.0,260.0,2.1,25.5,0.39,963.6,-99.0,0.0,-9.9,-99,-999,南投縣,13,埔裡鎮,147
23.9722,120.9442,埔裡,C0H890,2017-01-11T15:00:00+08:00,451.0,284.0,2.8,24.1,0.43,963.3,-99.0,0.0,-9.9,-99,-999,南投縣,13,埔裡鎮,147
23.9722,120.9442,埔裡,C0H890,2017-01-11T16:00:00+08:00,451.0,273.0,2.6,23.4,0.45,963.6,-99.0,0.0,-9.9,-99,-999,南投縣,13,埔裡鎮,147
23.9722,120.9442,埔裡,C0H890,2017-01-11T17:00:00+08:00,451.0,250.0,1.2,21.9,0.60,964.1,-99.0,0.0,-9.9,-99,-999,南投縣,13,埔裡鎮,147
23.9722,120.9442,埔裡,C0H890,2017-01-11T18:00:00+08:00,451.0,227.0,0.3,20.6,0.66,964.9,-99.0,0.0,-9.9,-99,-999,南投縣,13,埔裡鎮,147
23.9722,120.9442,埔裡,C0H890,2017-01-11T19:00:00+08:00,451.0,199.0,0.6,18.9,0.75,965.8,-99.0,0.0,-9.9,-99,-999,南投縣,13,埔裡鎮,147
23.9722,120.9442,埔裡,C0H890,2017-01-11T20:00:00+08:00,451.0,218.0,0.4,18.1,0.80,966.5,-99.0,0.0,-9.9,-99,-999,南投縣,13,埔裡鎮,147
23.9722,120.9442,埔裡,C0H890,2017-01-11T21:00:00+08:00,451.0,238.0,0.3,17.6,0.82,966.7,-99.0,0.0,-9.9,-99,-999,南投縣,13,埔裡鎮,147
23.9722,120.9442,埔裡,C0H890,2017-01-11T22:00:00+08:00,451.0,181.0,0.7,17.1,0.86,966.9,-99.0,0.0,-9.9,-99,-999,南投縣,13,埔裡鎮,147
23.9722,120.9442,埔裡,C0H890,2017-01-11T23:00:00+08:00,451.0,0.0,0.0,17.0,0.87,967.1,-99.0,0.0,-9.9,-99,-999,南投縣,13,埔裡鎮,147
23.9722,120.9442,埔裡,C0H890,2017-01-12T00:00:00+08:00,451.0,316.0,0.3,16.9,0.89,966.6,-99.0,0.0,-9.9,-99,-999,南投縣,13,埔裡鎮,147
23.9722,120.9442,埔裡,C0H890,2017-01-12T01:00:00+08:00,451.0,0.0,0.2,17.0,0.88,966.2,-99.0,0.0,-9.9,-99,-999,南投縣,13,埔裡鎮,147
23.9722,120.9442,埔裡,C0H890,2017-01-12T02:00:00+08:00,451.0,341.0,0.7,16.8,0.90,965.8,-99.0,0.0,-9.9,-99,-999,南投縣,13,埔裡鎮,147
23.9722,120.9442,埔裡,C0H890,2017-01-12T03:00:00+08:00,451.0,0.0,0.0,17.0,0.89,965.4,-99.0,0.0,-9.9,-99,-999,南投縣,13,埔裡鎮,147
23.9722,120.9442,埔裡,C0H890,2017-01-12T04:00:00+08:00,451.0,0.0,0.0,16.7,0.90,965.4,-99.0,0.0,-9.9,-99,-999,南投縣,13,埔裡鎮,147
23.9722,120.9442,埔裡,C0H890,2017-01-12T05:00:00+08:00,451.0,164.0,0.7,16.9,0.89,965.3,-99.0,0.0,-9.9,-99,-999,南投縣,13,埔裡鎮,147
23.9722,120.9442,埔裡,C0H890,2017-01-12T06:00:00+08:00,451.0,0.0,0.0,16.2,0.92,965.5,-99.0,0.0,-9.9,-99,-999,南投縣,13,埔裡鎮,147
23.9722,120.9442,埔裡,C0H890,2017-01-12T07:00:00+08:00,451.0,0.0,0.0,16.1,0.92,965.8,-99.0,0.0,-9.9,-99,-999,南投縣,13,埔裡鎮,147
23.9722,120.9442,埔裡,C0H890,2017-01-12T08:00:00+08:00,451.0,0.0,0.0,16.8,0.88,965.9,-99.0,0.0,-9.9,-99,-999,南投縣,13,埔裡鎮,147
23.9722,120.9442,埔裡,C0H890,2017-01-12T09:00:00+08:00,451.0,195.0,0.4,18.2,0.81,965.3,-99.0,0.0,-9.9,-99,-999,南投縣,13,埔裡鎮,147
23.9722,120.9442,埔裡,C0H890,2017-01-12T10:00:00+08:00,451.0,352.0,0.6,18.6,0.78,965.1,-99.0,0.0,-9.9,-99,-999,南投縣,13,埔裡鎮,147
23.9722,120.9442,埔裡,C0H890,2017-01-12T11:00:00+08:00,451.0,165.0,1.3,21.0,0.69,964.3,-99.0,0.0,-9.9,-99,-999,南投縣,13,埔裡鎮,147
23.9722,120.9442,埔裡,C0H890,2017-01-12T12:00:00+08:00,451.0,303.0,1.2,22.0,0.64,963.1,-99.0,0.0,-9.9,-99,-999,南投縣,13,埔裡鎮,147
23.9722,120.9442,埔裡,C0H890,2017-01-12T13:00:00+08:00,451.0,266.0,2.2,22.4,0.62,962.5,-99.0,0.0,-9.9,-99,-999,南投縣,13,埔裡鎮,147
23.9722,120.9442,埔裡,C0H890,2017-01-12T14:00:00+08:00,451.0,266.0,2.3,22.5,0.66,961.9,-99.0,0.0,-9.9,-99,-999,南投縣,13,埔裡鎮,147
23.9722,120.9442,埔裡,C0H890,2017-01-12T15:00:00+08:00,451.0,272.0,2.0,22.4,0.65,961.5,-99.0,0.0,-9.9,-99,-999,南投縣,13,埔裡鎮,147
23.9722,120.9442,埔裡,C0H890,2017-01-12T16:00:00+08:00,451.0,287.0,2.2,22.5,0.64,961.8,-99.0,0.0,-9.9,-99,-999,南投縣,13,埔裡鎮,147
23.9722,120.9442,埔裡,C0H890,2017-01-12T17:00:00+08:00,451.0,272.0,1.5,21.4,0.69,961.9,-99.0,0.0,-9.9,-99,-999,南投縣,13,埔裡鎮,147
23.9722,120.9442,埔裡,C0H890,2017-01-12T18:00:00+08:00,451.0,247.0,0.6,20.3,0.75,962.4,-99.0,0.0,-9.9,-99,-999,南投縣,13,埔裡鎮,147
23.9722,120.9442,埔裡,C0H890,2017-01-12T19:00:00+08:00,451.0,0.0,0.0,19.7,0.80,963.1,-99.0,0.0,-9.9,-99,-999,南投縣,13,埔裡鎮,147
23.9722,120.9442,埔裡,C0H890,2017-01-12T20:00:00+08:00,451.0,282.0,0.6,19.2,0.85,963.5,-99.0,0.0,-9.9,-99,-999,南投縣,13,埔裡鎮,147
23.9722,120.9442,埔裡,C0H890,2017-01-12T21:00:00+08:00,451.0,0.0,0.0,19.0,0.87,963.7,-99.0,0.0,-9.9,-99,-999,南投縣,13,埔裡鎮,147
23.9722,120.9442,埔裡,C0H890,2017-01-12T22:00:00+08:00,451.0,349.0,0.6,18.3,0.91,963.6,-99.0,0.0,-9.9,-99,-999,南投縣,13,埔裡鎮,147
23.9722,120.9442,埔裡,C0H890,2017-01-12T23:00:00+08:00,451.0,293.0,0.8,18.1,0.92,963.5,-99.0,0.0,-9.9,-99,-999,南投縣,13,埔裡鎮,147
23.9722,120.9442,埔裡,C0H890,2017-01-13T00:00:00+08:00,451.0,25.0,0.5,18.1,0.93,963.7,-99.0,0.0,-9.9,-99,-999,南投縣,13,埔裡鎮,147
23.9722,120.9442,埔裡,C0H890,2017-01-13T01:00:00+08:00,451.0,274.0,0.6,18.0,0.93,963.6,-99.0,0.0,-9.9,-99,-999,南投縣,13,埔裡鎮,147
23.9722,120.9442,埔裡,C0H890,2017-01-13T02:00:00+08:00,451.0,304.0,0.4,17.9,0.93,963.4,-99.0,0.0,-9.9,-99,-999,南投縣,13,埔裡鎮,147
23.9722,120.9442,埔裡,C0H890,2017-01-13T03:00:00+08:00,451.0,0.0,0.0,18.1,0.92,963.1,-99.0,0.0,-9.9,-99,-999,南投縣,13,埔裡鎮,147
23.9722,120.9442,埔裡,C0H890,2017-01-13T04:00:00+08:00,451.0,0.0,0.0,17.9,0.93,962.7,-99.0,0.0,-9.9,-99,-999,南投縣,13,埔裡鎮,147
23.9722,120.9442,埔裡,C0H890,2017-01-13T05:00:00+08:00,451.0,325.0,0.5,17.8,0.95,962.5,-99.0,0.0,-9.9,-99,-999,南投縣,13,埔裡鎮,147
23.9722,120.9442,埔裡,C0H890,2017-01-13T06:00:00+08:00,451.0,324.0,0.4,17.5,0.95,962.7,-99.0,0.0,-9.9,-99,-999,南投縣,13,埔裡鎮,147
23.9722,120.9442,埔裡,C0H890,2017-01-13T07:00:00+08:00,451.0,0.0,0.0,17.9,0.93,963.1,-99.0,0.0,-9.9,-99,-999,南投縣,13,埔裡鎮,147
23.9722,120.9442,埔裡,C0H890,2017-01-13T08:00:00+08:00,451.0,351.0,0.7,18.1,0.93,963.6,-99.0,0.0,-9.9,-99,-999,南投縣,13,埔裡鎮,147
23.9722,120.9442,埔裡,C0H890,2017-01-13T09:00:00+08:00,451.0,7.0,0.6,19.0,0.88,964.1,-99.0,0.0,-9.9,-99,-999,南投縣,13,埔裡鎮,147
23.9722,120.9442,埔裡,C0H890,2017-01-13T10:00:00+08:00,451.0,57.0,0.4,20.2,0.80,963.9,-99.0,0.0,-9.9,-99,-999,南投縣,13,埔裡鎮,147
23.9722,120.9442,埔裡,C0H890,2017-01-13T11:00:00+08:00,451.0,315.0,0.9,21.6,0.70,963.1,-99.0,0.0,-9.9,-99,-999,南投縣,13,埔裡鎮,147
23.9722,120.9442,埔裡,C0H890,2017-01-13T12:00:00+08:00,451.0,317.0,1.3,22.0,0.70,962.2,-99.0,0.0,-9.9,-99,-999,南投縣,13,埔裡鎮,147
23.9722,120.9442,埔裡,C0H890,2017-01-13T13:00:00+08:00,451.0,302.0,0.5,22.2,0.70,961.6,-99.0,0.0,-9.9,-99,-999,南投縣,13,埔裡鎮,147
23.9722,120.9442,埔裡,C0H890,2017-01-13T14:00:00+08:00,451.0,289.0,1.7,21.1,0.74,961.4,-99.0,0.0,-9.9,-99,-999,南投縣,13,埔裡鎮,147
23.9722,120.9442,埔裡,C0H890,2017-01-13T15:00:00+08:00,451.0,275.0,1.3,20.8,0.76,961.7,-99.0,0.0,-9.9,-99,-999,南投縣,13,埔裡鎮,147
23.9722,120.9442,埔裡,C0H890,2017-01-13T16:00:00+08:00,451.0,258.0,0.8,20.1,0.79,962.1,-99.0,0.0,-9.9,-99,-999,南投縣,13,埔裡鎮,147
23.9722,120.9442,埔裡,C0H890,2017-01-13T17:00:00+08:00,451.0,306.0,1.1,19.6,0.83,962.5,-99.0,0.0,-9.9,-99,-999,南投縣,13,埔裡鎮,147
23.9722,120.9442,埔裡,C0H890,2017-01-13T18:00:00+08:00,451.0,296.0,1.4,19.2,0.83,962.3,-99.0,0.0,-9.9,-99,-999,南投縣,13,埔裡鎮,147
23.9722,120.9442,埔裡,C0H890,2017-01-13T19:00:00+08:00,451.0,28.0,0.9,18.8,0.88,962.7,-99.0,0.0,-9.9,-99,-999,南投縣,13,埔裡鎮,147
23.9722,120.9442,埔裡,C0H890,2017-01-13T20:00:00+08:00,451.0,323.0,0.7,18.8,0.88,962.8,-99.0,0.0,-9.9,-99,-999,南投縣,13,埔裡鎮,147
23.9722,120.9442,埔裡,C0H890,2017-01-13T21:00:00+08:00,451.0,275.0,0.5,18.4,0.87,963.3,-99.0,0.0,-9.9,-99,-999,南投縣,13,埔裡鎮,147
23.9722,120.9442,埔裡,C0H890,2017-01-13T22:00:00+08:00,451.0,316.0,0.4,17.9,0.92,964.3,-99.0,0.0,-9.9,-99,-999,南投縣,13,埔裡鎮,147
23.9722,120.9442,埔裡,C0H890,2017-01-13T23:00:00+08:00,451.0,55.0,0.4,17.8,0.94,964.0,-99.0,0.0,-9.9,-99,-999,南投縣,13,埔裡鎮,147
23.9722,120.9442,埔裡,C0H890,2017-01-14T00:00:00+08:00,451.0,311.0,0.5,16.9,0.96,963.5,-99.0,0.0,-9.9,-99,-999,南投縣,13,埔裡鎮,147
23.9722,120.9442,埔裡,C0H890,2017-01-14T01:00:00+08:00,451.0,359.0,0.7,16.8,0.96,963.2,-99.0,0.0,-9.9,-99,-999,南投縣,13,埔裡鎮,147
23.9722,120.9442,埔裡,C0H890,2017-01-14T02:00:00+08:00,451.0,351.0,0.6,16.9,0.96,963.0,-99.0,0.0,-9.9,-99,-999,南投縣,13,埔裡鎮,147
23.9722,120.9442,埔裡,C0H890,2017-01-14T03:00:00+08:00,451.0,0.0,0.0,16.8,0.97,963.1,-99.0,0.5,-9.9,-99,-999,南投縣,13,埔裡鎮,147
23.9722,120.9442,埔裡,C0H890,2017-01-14T04:00:00+08:00,451.0,348.0,0.7,16.1,0.97,963.1,-99.0,0.5,-9.9,-99,-999,南投縣,13,埔裡鎮,147
23.9722,120.9442,埔裡,C0H890,2017-01-14T05:00:00+08:00,451.0,290.0,1.8,15.9,0.96,963.2,-99.0,0.5,-9.9,-99,-999,南投縣,13,埔裡鎮,147
23.9722,120.9442,埔裡,C0H890,2017-01-14T06:00:00+08:00,451.0,290.0,1.4,15.7,0.97,963.6,-99.0,1.0,-9.9,-99,-999,南投縣,13,埔裡鎮,147
23.9722,120.9442,埔裡,C0H890,2017-01-14T07:00:00+08:00,451.0,268.0,0.8,15.7,0.96,964.0,-99.0,1.0,-9.9,-99,-999,南投縣,13,埔裡鎮,147
23.9722,120.9442,埔裡,C0H890,2017-01-14T08:00:00+08:00,451.0,349.0,0.7,15.5,0.97,964.7,-99.0,1.5,-9.9,-99,-999,南投縣,13,埔裡鎮,147
23.9722,120.9442,埔裡,C0H890,2017-01-14T10:00:00+08:00,451.0,207.0,0.4,15.3,0.95,966.2,-99.0,4.0,-9.9,-99,-999,南投縣,13,埔裡鎮,147
23.9722,120.9442,埔裡,C0H890,2017-01-14T11:00:00+08:00,451.0,0.0,0.2,15.8,0.95,965.7,-99.0,4.0,-9.9,-99,-999,南投縣,13,埔裡鎮,147
23.9722,120.9442,埔裡,C0H890,2017-01-14T12:00:00+08:00,451.0,8.0,0.4,16.0,0.94,965.0,-99.0,4.0,-9.9,-99,-999,南投縣,13,埔裡鎮,147
23.9722,120.9442,埔裡,C0H890,2017-01-14T13:00:00+08:00,451.0,323.0,0.8,16.4,0.94,964.1,-99.0,4.0,-9.9,-99,-999,南投縣,13,埔裡鎮,147
23.9722,120.9442,埔裡,C0H890,2017-01-14T14:00:00+08:00,451.0,13.0,0.6,16.4,0.94,963.9,-99.0,4.0,-9.9,-99,-999,南投縣,13,埔裡鎮,147
23.9722,120.9442,埔裡,C0H890,2017-01-14T15:00:00+08:00,451.0,178.0,0.6,17.4,0.93,963.7,-99.0,4.0,-9.9,-99,-999,南投縣,13,埔裡鎮,147
23.9722,120.9442,埔裡,C0H890,2017-01-14T16:00:00+08:00,451.0,291.0,0.6,17.7,0.92,963.9,-99.0,4.0,-9.9,-99,-999,南投縣,13,埔裡鎮,147
23.9722,120.9442,埔裡,C0H890,2017-01-14T17:00:00+08:00,451.0,0.0,0.0,17.8,0.91,964.0,-99.0,4.0,-9.9,-99,-999,南投縣,13,埔裡鎮,147
23.9722,120.9442,埔裡,C0H890,2017-01-14T18:00:00+08:00,451.0,284.0,0.7,17.4,0.94,964.3,-99.0,4.0,-9.9,-99,-999,南投縣,13,埔裡鎮,147
23.9722,120.9442,埔裡,C0H890,2017-01-14T19:00:00+08:00,451.0,352.0,0.8,17.2,0.95,965.2,-99.0,4.0,-9.9,-99,-999,南投縣,13,埔裡鎮,147
23.9722,120.9442,埔裡,C0H890,2017-01-14T20:00:00+08:00,451.0,0.0,0.0,16.6,0.97,966.0,-99.0,4.5,-9.9,-99,-999,南投縣,13,埔裡鎮,147
23.9722,120.9442,埔裡,C0H890,2017-01-14T21:00:00+08:00,451.0,304.0,1.0,16.0,0.97,966.3,-99.0,4.5,-9.9,-99,-999,南投縣,13,埔裡鎮,147
23.9722,120.9442,埔裡,C0H890,2017-01-14T22:00:00+08:00,451.0,349.0,0.5,15.6,0.97,966.5,-99.0,4.5,-9.9,-99,-999,南投縣,13,埔裡鎮,147
23.9722,120.9442,埔裡,C0H890,2017-01-14T23:00:00+08:00,451.0,288.0,1.1,15.4,0.95,966.6,-99.0,4.5,-9.9,-99,-999,南投縣,13,埔裡鎮,147
23.9722,120.9442,埔裡,C0H890,2017-01-15T00:00:00+08:00,451.0,288.0,1.1,15.1,0.96,967.0,-99.0,4.5,-9.9,-99,-999,南投縣,13,埔裡鎮,147
23.9722,120.9442,埔裡,C0H890,2017-01-15T01:00:00+08:00,451.0,291.0,0.3,15.2,0.96,967.2,-99.0,0.0,-9.9,-99,-999,南投縣,13,埔裡鎮,147
23.9722,120.9442,埔裡,C0H890,2017-01-15T02:00:00+08:00,451.0,348.0,0.5,15.2,0.96,967.5,-99.0,0.0,-9.9,-99,-999,南投縣,13,埔裡鎮,147
23.9722,120.9442,埔裡,C0H890,2017-01-15T03:00:00+08:00,451.0,301.0,0.5,15.4,0.96,967.0,-99.0,0.0,-9.9,-99,-999,南投縣,13,埔裡鎮,147
23.9722,120.9442,埔裡,C0H890,2017-01-15T04:00:00+08:00,451.0,0.0,0.0,15.4,0.96,966.5,-99.0,0.0,-9.9,-99,-999,南投縣,13,埔裡鎮,147
23.9722,120.9442,埔裡,C0H890,2017-01-15T05:00:00+08:00,451.0,316.0,0.5,15.5,0.97,966.0,-99.0,0.0,-9.9,-99,-999,南投縣,13,埔裡鎮,147
23.9722,120.9442,埔裡,C0H890,2017-01-15T06:00:00+08:00,451.0,335.0,0.3,15.6,0.96,966.3,-99.0,0.0,-9.9,-99,-999,南投縣,13,埔裡鎮,147
23.9722,120.9442,埔裡,C0H890,2017-01-15T07:00:00+08:00,451.0,71.0,0.3,15.9,0.96,966.9,-99.0,0.0,-9.9,-99,-999,南投縣,13,埔裡鎮,147
23.9722,120.9442,埔裡,C0H890,2017-01-15T08:00:00+08:00,451.0,299.0,0.7,15.9,0.96,967.8,-99.0,0.0,-9.9,-99,-999,南投縣,13,埔裡鎮,147
23.9722,120.9442,埔裡,C0H890,2017-01-15T09:00:00+08:00,451.0,1.0,0.4,16.3,0.93,968.3,-99.0,0.0,-9.9,-99,-999,南投縣,13,埔裡鎮,147
23.9722,120.9442,埔裡,C0H890,2017-01-15T10:00:00+08:00,451.0,297.0,0.4,16.8,0.93,968.3,-99.0,0.0,-9.9,-99,-999,南投縣,13,埔裡鎮,147
23.9722,120.9442,埔裡,C0H890,2017-01-15T11:00:00+08:00,451.0,332.0,0.5,16.4,0.94,967.8,-99.0,0.0,-9.9,-99,-999,南投縣,13,埔裡鎮,147
23.9722,120.9442,埔裡,C0H890,2017-01-15T12:00:00+08:00,451.0,296.0,1.6,17.3,0.90,967.2,-99.0,0.5,-9.9,-99,-999,南投縣,13,埔裡鎮,147
23.9722,120.9442,埔裡,C0H890,2017-01-15T13:00:00+08:00,451.0,268.0,0.6,18.8,0.79,966.1,-99.0,0.5,-9.9,-99,-999,南投縣,13,埔裡鎮,147
23.9722,120.9442,埔裡,C0H890,2017-01-15T14:00:00+08:00,451.0,272.0,1.7,18.4,0.81,965.7,-99.0,0.5,-9.9,-99,-999,南投縣,13,埔裡鎮,147
23.9722,120.9442,埔裡,C0H890,2017-01-15T15:00:00+08:00,451.0,303.0,1.7,18.4,0.77,965.7,-99.0,0.5,-9.9,-99,-999,南投縣,13,埔裡鎮,147
23.9722,120.9442,埔裡,C0H890,2017-01-15T16:00:00+08:00,451.0,142.0,0.8,19.3,0.77,965.9,-99.0,0.5,-9.9,-99,-999,南投縣,13,埔裡鎮,147
23.9722,120.9442,埔裡,C0H890,2017-01-15T17:00:00+08:00,451.0,269.0,1.3,18.2,0.83,965.8,-99.0,0.5,-9.9,-99,-999,南投縣,13,埔裡鎮,147
23.9722,120.9442,埔裡,C0H890,2017-01-15T18:00:00+08:00,451.0,305.0,1.6,17.1,0.88,966.0,-99.0,0.5,-9.9,-99,-999,南投縣,13,埔裡鎮,147
23.9722,120.9442,埔裡,C0H890,2017-01-15T19:00:00+08:00,451.0,274.0,1.2,16.5,0.90,966.8,-99.0,0.5,-9.9,-99,-999,南投縣,13,埔裡鎮,147
23.9722,120.9442,埔裡,C0H890,2017-01-15T20:00:00+08:00,451.0,279.0,0.9,16.2,0.88,967.2,-99.0,0.5,-9.9,-99,-999,南投縣,13,埔裡鎮,147
23.9722,120.9442,埔裡,C0H890,2017-01-15T21:00:00+08:00,451.0,286.0,0.6,16.1,0.87,967.6,-99.0,0.5,-9.9,-99,-999,南投縣,13,埔裡鎮,147
23.9722,120.9442,埔裡,C0H890,2017-01-15T22:00:00+08:00,451.0,344.0,0.7,15.8,0.92,968.0,-99.0,0.5,-9.9,-99,-999,南投縣,13,埔裡鎮,147
23.9722,120.9442,埔裡,C0H890,2017-01-15T23:00:00+08:00,451.0,244.0,0.3,15.7,0.92,967.6,-99.0,0.5,-9.9,-99,-999,南投縣,13,埔裡鎮,147
23.9722,120.9442,埔裡,C0H890,2017-01-16T00:00:00+08:00,451.0,320.0,0.4,15.6,0.92,967.8,-99.0,0.5,-9.9,-99,-999,南投縣,13,埔裡鎮,147
23.9722,120.9442,埔裡,C0H890,2017-01-16T01:00:00+08:00,451.0,298.0,0.7,15.4,0.94,967.9,-99.0,0.0,-9.9,-99,-999,南投縣,13,埔裡鎮,147
23.9722,120.9442,埔裡,C0H890,2017-01-16T02:00:00+08:00,451.0,260.0,0.5,15.2,0.97,967.9,-99.0,0.5,-9.9,-99,-999,南投縣,13,埔裡鎮,147
23.9722,120.9442,埔裡,C0H890,2017-01-16T03:00:00+08:00,451.0,301.0,1.3,14.9,0.98,967.6,-99.0,1.5,-9.9,-99,-999,南投縣,13,埔裡鎮,147
23.9722,120.9442,埔裡,C0H890,2017-01-16T04:00:00+08:00,451.0,0.0,0.0,14.9,0.97,967.4,-99.0,1.5,-9.9,-99,-999,南投縣,13,埔裡鎮,147
23.9722,120.9442,埔裡,C0H890,2017-01-16T05:00:00+08:00,451.0,0.0,0.0,15.2,0.97,967.4,-99.0,1.5,-9.9,-99,-999,南投縣,13,埔裡鎮,147
23.9722,120.9442,埔裡,C0H890,2017-01-16T06:00:00+08:00,451.0,339.0,0.6,15.1,0.97,967.6,-99.0,1.5,-9.9,-99,-999,南投縣,13,埔裡鎮,147
23.9722,120.9442,埔裡,C0H890,2017-01-16T07:00:00+08:00,451.0,0.0,0.0,15.1,0.98,967.6,-99.0,1.5,-9.9,-99,-999,南投縣,13,埔裡鎮,147
23.9722,120.9442,埔裡,C0H890,2017-01-16T08:00:00+08:00,451.0,302.0,1.0,15.1,0.97,968.1,-99.0,1.5,-9.9,-99,-999,南投縣,13,埔裡鎮,147
23.9722,120.9442,埔裡,C0H890,2017-01-16T10:00:00+08:00,451.0,213.0,0.6,17.3,0.83,968.3,-99.0,1.5,-9.9,-99,-999,南投縣,13,埔裡鎮,147
23.9722,120.9442,埔裡,C0H890,2017-01-16T11:00:00+08:00,451.0,56.0,1.2,18.7,0.75,967.9,-99.0,1.5,-9.9,-99,-999,南投縣,13,埔裡鎮,147
23.9722,120.9442,埔裡,C0H890,2017-01-16T12:00:00+08:00,451.0,262.0,1.7,21.0,0.66,966.8,-99.0,1.5,-9.9,-99,-999,南投縣,13,埔裡鎮,147
23.9722,120.9442,埔裡,C0H890,2017-01-16T13:00:00+08:00,451.0,263.0,1.9,21.0,0.64,965.8,-99.0,1.5,-9.9,-99,-999,南投縣,13,埔裡鎮,147
23.9722,120.9442,埔裡,C0H890,2017-01-16T14:00:00+08:00,451.0,284.0,2.7,19.4,0.70,965.2,-99.0,1.5,-9.9,-99,-999,南投縣,13,埔裡鎮,147
23.9722,120.9442,埔裡,C0H890,2017-01-16T15:00:00+08:00,451.0,297.0,2.4,19.5,0.69,965.1,-99.0,1.5,-9.9,-99,-999,南投縣,13,埔裡鎮,147
23.9722,120.9442,埔裡,C0H890,2017-01-16T16:00:00+08:00,451.0,285.0,2.1,19.4,0.68,965.2,-99.0,1.5,-9.9,-99,-999,南投縣,13,埔裡鎮,147
23.9722,120.9442,埔裡,C0H890,2017-01-16T17:00:00+08:00,451.0,282.0,1.2,18.4,0.72,965.9,-99.0,1.5,-9.9,-99,-999,南投縣,13,埔裡鎮,147
23.9722,120.9442,埔裡,C0H890,2017-01-16T18:00:00+08:00,451.0,265.0,0.8,17.1,0.79,966.7,-99.0,1.5,-9.9,-99,-999,南投縣,13,埔裡鎮,147
23.9722,120.9442,埔裡,C0H890,2017-01-16T19:00:00+08:00,451.0,0.0,0.0,16.4,0.87,967.3,-99.0,1.5,-9.9,-99,-999,南投縣,13,埔裡鎮,147
23.9722,120.9442,埔裡,C0H890,2017-01-16T20:00:00+08:00,451.0,0.0,0.0,16.2,0.88,968.0,-99.0,1.5,-9.9,-99,-999,南投縣,13,埔裡鎮,147
23.9722,120.9442,埔裡,C0H890,2017-01-16T21:00:00+08:00,451.0,293.0,0.4,16.1,0.89,968.7,-99.0,1.5,-9.9,-99,-999,南投縣,13,埔裡鎮,147
23.9722,120.9442,埔裡,C0H890,2017-01-16T22:00:00+08:00,451.0,296.0,0.8,15.6,0.91,969.0,-99.0,1.5,-9.9,-99,-999,南投縣,13,埔裡鎮,147
23.9722,120.9442,埔裡,C0H890,2017-01-16T23:00:00+08:00,451.0,189.0,0.5,15.0,0.96,969.4,-99.0,1.5,-9.9,-99,-999,南投縣,13,埔裡鎮,147
23.9722,120.9442,埔裡,C0H890,2017-01-17T00:00:00+08:00,451.0,348.0,0.4,14.2,0.97,969.3,-99.0,1.5,-9.9,-99,-999,南投縣,13,埔裡鎮,147
23.9722,120.9442,埔裡,C0H890,2017-01-17T01:00:00+08:00,451.0,190.0,0.3,14.0,0.97,968.9,-99.0,0.0,-9.9,-99,-999,南投縣,13,埔裡鎮,147
23.9722,120.9442,埔裡,C0H890,2017-01-17T02:00:00+08:00,451.0,184.0,0.6,13.8,0.96,968.1,-99.0,0.0,-9.9,-99,-999,南投縣,13,埔裡鎮,147
23.9722,120.9442,埔裡,C0H890,2017-01-17T03:00:00+08:00,451.0,66.0,1.6,13.8,0.97,969.2,-99.0,0.0,-9.9,-99,-999,南投縣,13,埔裡鎮,147
23.9722,120.9442,埔裡,C0H890,2017-01-17T04:00:00+08:00,451.0,162.0,1.2,14.2,0.94,969.4,-99.0,0.0,-9.9,-99,-999,南投縣,13,埔裡鎮,147
23.9722,120.9442,埔裡,C0H890,2017-01-17T05:00:00+08:00,451.0,210.0,0.9,13.9,0.95,969.1,-99.0,0.0,-9.9,-99,-999,南投縣,13,埔裡鎮,147
23.9722,120.9442,埔裡,C0H890,2017-01-17T06:00:00+08:00,451.0,94.0,0.7,13.8,0.97,969.3,-99.0,0.0,-9.9,-99,-999,南投縣,13,埔裡鎮,147
23.9722,120.9442,埔裡,C0H890,2017-01-17T07:00:00+08:00,451.0,184.0,0.6,13.3,0.96,969.6,-99.0,0.0,-9.9,-99,-999,南投縣,13,埔裡鎮,147
23.9722,120.9442,埔裡,C0H890,2017-01-17T08:00:00+08:00,451.0,112.0,0.4,15.0,0.90,970.5,-99.0,0.0,-9.9,-99,-999,南投縣,13,埔裡鎮,147
23.9722,120.9442,埔裡,C0H890,2017-01-17T09:00:00+08:00,451.0,267.0,0.6,16.5,0.81,970.6,-99.0,0.0,-9.9,-99,-999,南投縣,13,埔裡鎮,147
23.9722,120.9442,埔裡,C0H890,2017-01-17T10:00:00+08:00,451.0,40.0,0.8,17.8,0.73,970.4,-99.0,0.0,-9.9,-99,-999,南投縣,13,埔裡鎮,147
23.9722,120.9442,埔裡,C0H890,2017-01-17T11:00:00+08:00,451.0,6.0,0.6,20.0,0.61,969.8,-99.0,0.0,-9.9,-99,-999,南投縣,13,埔裡鎮,147
23.9722,120.9442,埔裡,C0H890,2017-01-17T12:00:00+08:00,451.0,345.0,1.0,20.9,0.58,968.6,-99.0,0.0,-9.9,-99,-999,南投縣,13,埔裡鎮,147
23.9722,120.9442,埔裡,C0H890,2017-01-17T13:00:00+08:00,451.0,252.0,0.9,23.8,0.49,967.5,-99.0,0.0,-9.9,-99,-999,南投縣,13,埔裡鎮,147
23.9722,120.9442,埔裡,C0H890,2017-01-17T14:00:00+08:00,451.0,259.0,2.6,22.3,0.58,967.3,-99.0,0.0,-9.9,-99,-999,南投縣,13,埔裡鎮,147
23.9722,120.9442,埔裡,C0H890,2017-01-17T15:00:00+08:00,451.0,266.0,2.5,21.7,0.60,967.0,-99.0,0.0,-9.9,-99,-999,南投縣,13,埔裡鎮,147
23.9722,120.9442,埔裡,C0H890,2017-01-17T16:00:00+08:00,451.0,265.0,2.0,21.3,0.65,967.4,-99.0,0.0,-9.9,-99,-999,南投縣,13,埔裡鎮,147
23.9722,120.9442,埔裡,C0H890,2017-01-17T17:00:00+08:00,451.0,268.0,1.6,20.0,0.72,967.9,-99.0,0.0,-9.9,-99,-999,南投縣,13,埔裡鎮,147
23.9722,120.9442,埔裡,C0H890,2017-01-17T18:00:00+08:00,451.0,249.0,1.2,18.9,0.76,968.6,-99.0,0.0,-9.9,-99,-999,南投縣,13,埔裡鎮,147
23.9722,120.9442,埔裡,C0H890,2017-01-17T19:00:00+08:00,451.0,262.0,1.3,17.9,0.82,969.6,-99.0,0.0,-9.9,-99,-999,南投縣,13,埔裡鎮,147
23.9722,120.9442,埔裡,C0H890,2017-01-17T20:00:00+08:00,451.0,214.0,0.7,17.5,0.85,970.1,-99.0,0.0,-9.9,-99,-999,南投縣,13,埔裡鎮,147
23.9722,120.9442,埔裡,C0H890,2017-01-17T21:00:00+08:00,451.0,0.0,0.0,16.9,0.88,970.6,-99.0,0.0,-9.9,-99,-999,南投縣,13,埔裡鎮,147
23.9722,120.9442,埔裡,C0H890,2017-01-17T22:00:00+08:00,451.0,216.0,0.8,16.2,0.91,970.7,-99.0,0.0,-9.9,-99,-999,南投縣,13,埔裡鎮,147
23.9722,120.9442,埔裡,C0H890,2017-01-17T23:00:00+08:00,451.0,163.0,0.9,16.1,0.92,971.2,-99.0,0.0,-9.9,-99,-999,南投縣,13,埔裡鎮,147
23.9722,120.9442,埔裡,C0H890,2017-01-18T00:00:00+08:00,451.0,218.0,0.6,15.5,0.94,971.0,-99.0,0.0,-9.9,-99,-999,南投縣,13,埔裡鎮,147
23.9722,120.9442,埔裡,C0H890,2017-01-18T01:00:00+08:00,451.0,293.0,0.8,15.2,0.96,971.0,-99.0,0.0,-9.9,-99,-999,南投縣,13,埔裡鎮,147
23.9722,120.9442,埔裡,C0H890,2017-01-18T02:00:00+08:00,451.0,0.0,0.0,14.9,0.95,970.8,-99.0,0.0,-9.9,-99,-999,南投縣,13,埔裡鎮,147
23.9722,120.9442,埔裡,C0H890,2017-01-18T03:00:00+08:00,451.0,0.0,0.0,14.9,0.96,970.8,-99.0,0.0,-9.9,-99,-999,南投縣,13,埔裡鎮,147
23.9722,120.9442,埔裡,C0H890,2017-01-18T04:00:00+08:00,451.0,152.0,0.7,15.5,0.94,971.0,-99.0,0.0,-9.9,-99,-999,南投縣,13,埔裡鎮,147
23.9722,120.9442,埔裡,C0H890,2017-01-18T05:00:00+08:00,451.0,311.0,0.6,15.4,0.96,971.0,-99.0,0.0,-9.9,-99,-999,南投縣,13,埔裡鎮,147
23.9722,120.9442,埔裡,C0H890,2017-01-18T06:00:00+08:00,451.0,78.0,0.5,15.1,0.91,971.3,-99.0,0.0,-9.9,-99,-999,南投縣,13,埔裡鎮,147
23.9722,120.9442,埔裡,C0H890,2017-01-18T07:00:00+08:00,451.0,51.0,0.9,14.3,0.91,971.3,-99.0,0.0,-9.9,-99,-999,南投縣,13,埔裡鎮,147
23.9722,120.9442,埔裡,C0H890,2017-01-18T08:00:00+08:00,451.0,168.0,0.8,16.3,0.85,971.7,-99.0,0.0,-9.9,-99,-999,南投縣,13,埔裡鎮,147
23.9722,120.9442,埔裡,C0H890,2017-01-18T10:00:00+08:00,451.0,222.0,0.7,19.0,0.72,971.4,-99.0,0.0,-9.9,-99,-999,南投縣,13,埔裡鎮,147
23.9722,120.9442,埔裡,C0H890,2017-01-18T11:00:00+08:00,451.0,204.0,0.8,21.4,0.61,970.8,-99.0,0.0,-9.9,-99,-999,南投縣,13,埔裡鎮,147
23.9722,120.9442,埔裡,C0H890,2017-01-18T12:00:00+08:00,451.0,180.0,0.9,24.1,0.46,969.3,-99.0,0.0,-9.9,-99,-999,南投縣,13,埔裡鎮,147
23.9722,120.9442,埔裡,C0H890,2017-01-18T13:00:00+08:00,451.0,108.0,0.7,25.5,0.38,967.7,-99.0,0.0,-9.9,-99,-999,南投縣,13,埔裡鎮,147
23.9722,120.9442,埔裡,C0H890,2017-01-18T14:00:00+08:00,451.0,271.0,2.3,26.1,0.49,967.0,-99.0,0.0,-9.9,-99,-999,南投縣,13,埔裡鎮,147
23.9722,120.9442,埔裡,C0H890,2017-01-18T15:00:00+08:00,451.0,276.0,3.3,23.8,0.62,967.1,-99.0,0.0,-9.9,-99,-999,南投縣,13,埔裡鎮,147
23.9722,120.9442,埔裡,C0H890,2017-01-18T16:00:00+08:00,451.0,274.0,3.4,21.5,0.70,967.8,-99.0,0.0,-9.9,-99,-999,南投縣,13,埔裡鎮,147
23.9722,120.9442,埔裡,C0H890,2017-01-18T17:00:00+08:00,451.0,263.0,1.7,21.0,0.72,968.3,-99.0,0.0,-9.9,-99,-999,南投縣,13,埔裡鎮,147
23.9722,120.9442,埔裡,C0H890,2017-01-18T18:00:00+08:00,451.0,263.0,1.1,20.4,0.75,968.6,-99.0,0.0,-9.9,-99,-999,南投縣,13,埔裡鎮,147
23.9722,120.9442,埔裡,C0H890,2017-01-18T19:00:00+08:00,451.0,256.0,0.9,20.1,0.77,969.2,-99.0,0.0,-9.9,-99,-999,南投縣,13,埔裡鎮,147
23.9722,120.9442,埔裡,C0H890,2017-01-18T20:00:00+08:00,451.0,198.0,0.4,20.0,0.78,969.4,-99.0,0.0,-9.9,-99,-999,南投縣,13,埔裡鎮,147
23.9722,120.9442,埔裡,C0H890,2017-01-18T21:00:00+08:00,451.0,298.0,1.5,18.8,0.85,969.8,-99.0,0.0,-9.9,-99,-999,南投縣,13,埔裡鎮,147
23.9722,120.9442,埔裡,C0H890,2017-01-18T22:00:00+08:00,451.0,253.0,0.5,17.7,0.89,970.0,-99.0,0.0,-9.9,-99,-999,南投縣,13,埔裡鎮,147
23.9722,120.9442,埔裡,C0H890,2017-01-18T23:00:00+08:00,451.0,273.0,0.7,16.7,0.93,970.1,-99.0,0.0,-9.9,-99,-999,南投縣,13,埔裡鎮,147
23.9722,120.9442,埔裡,C0H890,2017-01-19T00:00:00+08:00,451.0,224.0,0.5,16.4,0.92,970.3,-99.0,0.0,-9.9,-99,-999,南投縣,13,埔裡鎮,147
23.9722,120.9442,埔裡,C0H890,2017-01-19T01:00:00+08:00,451.0,10.0,0.3,16.6,0.94,970.2,-99.0,0.0,-9.9,-99,-999,南投縣,13,埔裡鎮,147
23.9722,120.9442,埔裡,C0H890,2017-01-19T02:00:00+08:00,451.0,8.0,0.3,16.7,0.86,970.0,-99.0,0.0,-9.9,-99,-999,南投縣,13,埔裡鎮,147
23.9722,120.9442,埔裡,C0H890,2017-01-19T03:00:00+08:00,451.0,0.0,0.2,16.3,0.93,969.8,-99.0,0.0,-9.9,-99,-999,南投縣,13,埔裡鎮,147
23.9722,120.9442,埔裡,C0H890,2017-01-19T04:00:00+08:00,451.0,179.0,0.5,16.0,0.94,970.1,-99.0,0.0,-9.9,-99,-999,南投縣,13,埔裡鎮,147
23.9722,120.9442,埔裡,C0H890,2017-01-19T05:00:00+08:00,451.0,0.0,0.0,15.9,0.92,970.4,-99.0,0.0,-9.9,-99,-999,南投縣,13,埔裡鎮,147
23.9722,120.9442,埔裡,C0H890,2017-01-19T06:00:00+08:00,451.0,0.0,0.0,15.9,0.94,970.6,-99.0,0.0,-9.9,-99,-999,南投縣,13,埔裡鎮,147
23.9722,120.9442,埔裡,C0H890,2017-01-19T07:00:00+08:00,451.0,0.0,0.0,15.4,0.95,970.7,-99.0,0.0,-9.9,-99,-999,南投縣,13,埔裡鎮,147
23.9722,120.9442,埔裡,C0H890,2017-01-19T08:00:00+08:00,451.0,207.0,0.4,16.7,0.88,970.9,-99.0,0.0,-9.9,-99,-999,南投縣,13,埔裡鎮,147
23.9722,120.9442,埔裡,C0H890,2017-01-19T09:00:00+08:00,451.0,351.0,0.9,18.3,0.77,970.9,-99.0,0.0,-9.9,-99,-999,南投縣,13,埔裡鎮,147
23.9722,120.9442,埔裡,C0H890,2017-01-19T10:00:00+08:00,451.0,132.0,0.7,21.2,0.64,970.5,-99.0,0.0,-9.9,-99,-999,南投縣,13,埔裡鎮,147
23.9722,120.9442,埔裡,C0H890,2017-01-19T11:00:00+08:00,451.0,165.0,1.2,23.9,0.50,969.7,-99.0,0.0,-9.9,-99,-999,南投縣,13,埔裡鎮,147
23.9722,120.9442,埔裡,C0H890,2017-01-19T12:00:00+08:00,451.0,278.0,2.1,24.3,0.50,968.4,-99.0,0.0,-9.9,-99,-999,南投縣,13,埔裡鎮,147
23.9722,120.9442,埔裡,C0H890,2017-01-19T13:00:00+08:00,451.0,261.0,2.8,24.9,0.50,967.2,-99.0,0.0,-9.9,-99,-999,南投縣,13,埔裡鎮,147
23.9722,120.9442,埔裡,C0H890,2017-01-19T14:00:00+08:00,451.0,276.0,1.7,25.7,0.48,966.2,-99.0,0.0,-9.9,-99,-999,南投縣,13,埔裡鎮,147
23.9722,120.9442,埔裡,C0H890,2017-01-19T15:00:00+08:00,451.0,260.0,2.6,25.1,0.51,965.9,-99.0,0.0,-9.9,-99,-999,南投縣,13,埔裡鎮,147
23.9722,120.9442,埔裡,C0H890,2017-01-19T16:00:00+08:00,451.0,269.0,2.0,24.4,0.56,966.0,-99.0,0.0,-9.9,-99,-999,南投縣,13,埔裡鎮,147
23.9722,120.9442,埔裡,C0H890,2017-01-19T17:00:00+08:00,451.0,266.0,1.9,22.4,0.67,966.3,-99.0,0.0,-9.9,-99,-999,南投縣,13,埔裡鎮,147
23.9722,120.9442,埔裡,C0H890,2017-01-19T18:00:00+08:00,451.0,285.0,1.2,20.5,0.74,967.1,-99.0,0.0,-9.9,-99,-999,南投縣,13,埔裡鎮,147
23.9722,120.9442,埔裡,C0H890,2017-01-19T19:00:00+08:00,451.0,244.0,0.8,20.4,0.73,967.6,-99.0,0.0,-9.9,-99,-999,南投縣,13,埔裡鎮,147
23.9722,120.9442,埔裡,C0H890,2017-01-19T20:00:00+08:00,451.0,181.0,0.7,19.3,0.81,968.2,-99.0,0.0,-9.9,-99,-999,南投縣,13,埔裡鎮,147
23.9722,120.9442,埔裡,C0H890,2017-01-19T21:00:00+08:00,451.0,267.0,0.6,18.2,0.86,968.4,-99.0,0.0,-9.9,-99,-999,南投縣,13,埔裡鎮,147
23.9722,120.9442,埔裡,C0H890,2017-01-19T22:00:00+08:00,451.0,227.0,0.4,17.4,0.90,968.6,-99.0,0.0,-9.9,-99,-999,南投縣,13,埔裡鎮,147
23.9722,120.9442,埔裡,C0H890,2017-01-19T23:00:00+08:00,451.0,217.0,0.6,16.7,0.92,968.8,-99.0,0.0,-9.9,-99,-999,南投縣,13,埔裡鎮,147
23.9722,120.9442,埔裡,C0H890,2017-01-20T00:00:00+08:00,451.0,210.0,0.6,16.3,0.93,968.7,-99.0,0.0,-9.9,-99,-999,南投縣,13,埔裡鎮,147
23.9722,120.9442,埔裡,C0H890,2017-01-20T01:00:00+08:00,451.0,168.0,0.5,16.1,0.93,968.7,-99.0,0.0,-9.9,-99,-999,南投縣,13,埔裡鎮,147
23.9722,120.9442,埔裡,C0H890,2017-01-20T02:00:00+08:00,451.0,207.0,0.5,15.4,0.94,968.7,-99.0,0.0,-9.9,-99,-999,南投縣,13,埔裡鎮,147
23.9722,120.9442,埔裡,C0H890,2017-01-20T03:00:00+08:00,451.0,0.0,0.0,15.3,0.94,968.6,-99.0,0.0,-9.9,-99,-999,南投縣,13,埔裡鎮,147
23.9722,120.9442,埔裡,C0H890,2017-01-20T04:00:00+08:00,451.0,223.0,0.3,15.1,0.94,968.3,-99.0,0.0,-9.9,-99,-999,南投縣,13,埔裡鎮,147
23.9722,120.9442,埔裡,C0H890,2017-01-20T05:00:00+08:00,451.0,0.0,0.0,14.9,0.95,968.3,-99.0,0.0,-9.9,-99,-999,南投縣,13,埔裡鎮,147
23.9722,120.9442,埔裡,C0H890,2017-01-20T06:00:00+08:00,451.0,0.0,0.0,14.7,0.95,968.9,-99.0,0.0,-9.9,-99,-999,南投縣,13,埔裡鎮,147
23.9722,120.9442,埔裡,C0H890,2017-01-20T07:00:00+08:00,451.0,265.0,0.3,14.6,0.97,969.3,-99.0,0.0,-9.9,-99,-999,南投縣,13,埔裡鎮,147
23.9722,120.9442,埔裡,C0H890,2017-01-20T08:00:00+08:00,451.0,0.0,0.2,14.8,0.98,969.9,-99.0,0.0,-9.9,-99,-999,南投縣,13,埔裡鎮,147
23.9722,120.9442,埔裡,C0H890,2017-01-20T09:00:00+08:00,451.0,4.0,0.9,15.7,0.93,970.4,-99.0,0.0,-9.9,-99,-999,南投縣,13,埔裡鎮,147
23.9722,120.9442,埔裡,C0H890,2017-01-20T10:00:00+08:00,451.0,68.0,0.7,18.9,0.77,970.2,-99.0,0.0,-9.9,-99,-999,南投縣,13,埔裡鎮,147
23.9722,120.9442,埔裡,C0H890,2017-01-20T11:00:00+08:00,451.0,309.0,0.5,22.1,0.60,969.5,-99.0,0.0,-9.9,-99,-999,南投縣,13,埔裡鎮,147
23.9722,120.9442,埔裡,C0H890,2017-01-20T12:00:00+08:00,451.0,261.0,2.2,22.8,0.60,968.2,-99.0,0.0,-9.9,-99,-999,南投縣,13,埔裡鎮,147
23.9722,120.9442,埔裡,C0H890,2017-01-20T13:00:00+08:00,451.0,287.0,3.6,21.7,0.64,967.3,-99.0,0.0,-9.9,-99,-999,南投縣,13,埔裡鎮,147
23.9722,120.9442,埔裡,C0H890,2017-01-20T14:00:00+08:00,440.0,270.0,2.6,22.3,0.60,966.8,-99.0,0.0,-9.9,-99,-999,南投縣,13,埔裡鎮,147
23.9722,120.9442,埔裡,C0H890,2017-01-20T15:00:00+08:00,440.0,290.0,3.1,21.6,0.60,966.5,-99.0,0.0,-9.9,-99,-999,南投縣,13,埔裡鎮,147
23.9722,120.9442,埔裡,C0H890,2017-01-20T16:00:00+08:00,440.0,296.0,2.3,21.1,0.61,966.7,-99.0,0.0,-9.9,-99,-999,南投縣,13,埔裡鎮,147
23.9722,120.9442,埔裡,C0H890,2017-01-20T17:00:00+08:00,440.0,255.0,2.1,20.5,0.61,967.3,-99.0,0.0,-9.9,-99,-999,南投縣,13,埔裡鎮,147
23.9722,120.9442,埔裡,C0H890,2017-01-20T18:00:00+08:00,440.0,265.0,1.7,18.9,0.66,967.9,-99.0,0.0,-9.9,-99,-999,南投縣,13,埔裡鎮,147
23.9722,120.9442,埔裡,C0H890,2017-01-20T19:00:00+08:00,440.0,289.0,2.0,17.8,0.69,968.6,-99.0,0.0,-9.9,-99,-999,南投縣,13,埔裡鎮,147
23.9722,120.9442,埔裡,C0H890,2017-01-20T20:00:00+08:00,440.0,266.0,1.7,17.2,0.71,969.2,-99.0,0.0,-9.9,-99,-999,南投縣,13,埔裡鎮,147
23.9722,120.9442,埔裡,C0H890,2017-01-20T21:00:00+08:00,440.0,219.0,0.8,17.3,0.72,969.5,-99.0,0.0,-9.9,-99,-999,南投縣,13,埔裡鎮,147
23.9722,120.9442,埔裡,C0H890,2017-01-20T22:00:00+08:00,440.0,329.0,0.4,16.2,0.78,969.7,-99.0,0.0,-9.9,-99,-999,南投縣,13,埔裡鎮,147
23.9722,120.9442,埔裡,C0H890,2017-01-20T23:00:00+08:00,440.0,295.0,0.7,15.6,0.79,969.6,-99.0,0.0,-9.9,-99,-999,南投縣,13,埔裡鎮,147
23.9722,120.9442,埔裡,C0H890,2017-01-21T00:00:00+08:00,440.0,284.0,0.7,15.3,0.81,969.7,-99.0,0.0,-9.9,-99,-999,南投縣,13,埔裡鎮,147
23.9722,120.9442,埔裡,C0H890,2017-01-21T01:00:00+08:00,440.0,297.0,0.8,14.8,0.81,969.7,-99.0,0.0,-9.9,-99,-999,南投縣,13,埔裡鎮,147
23.9722,120.9442,埔裡,C0H890,2017-01-21T02:00:00+08:00,440.0,270.0,1.0,14.1,0.85,969.8,-99.0,0.0,-9.9,-99,-999,南投縣,13,埔裡鎮,147
23.9722,120.9442,埔裡,C0H890,2017-01-21T03:00:00+08:00,440.0,316.0,1.0,13.3,0.91,969.9,-99.0,0.0,-9.9,-99,-999,南投縣,13,埔裡鎮,147
23.9722,120.9442,埔裡,C0H890,2017-01-21T04:00:00+08:00,440.0,40.0,0.4,13.2,0.94,970.1,-99.0,0.5,-9.9,-99,-999,南投縣,13,埔裡鎮,147
23.9722,120.9442,埔裡,C0H890,2017-01-21T05:00:00+08:00,440.0,313.0,0.6,13.0,0.94,970.7,-99.0,0.5,-9.9,-99,-999,南投縣,13,埔裡鎮,147
23.9722,120.9442,埔裡,C0H890,2017-01-21T06:00:00+08:00,440.0,335.0,0.4,13.1,0.96,971.4,-99.0,3.0,-9.9,-99,-999,南投縣,13,埔裡鎮,147
23.9722,120.9442,埔裡,C0H890,2017-01-21T07:00:00+08:00,440.0,321.0,0.7,13.1,0.96,971.8,-99.0,3.5,-9.9,-99,-999,南投縣,13,埔裡鎮,147
23.9722,120.9442,埔裡,C0H890,2017-01-21T08:00:00+08:00,440.0,236.0,0.6,14.2,0.95,972.4,-99.0,3.5,-9.9,-99,-999,南投縣,13,埔裡鎮,147
23.9722,120.9442,埔裡,C0H890,2017-01-21T10:00:00+08:00,440.0,65.0,0.7,16.6,0.83,973.2,-99.0,3.5,-9.9,-99,-999,南投縣,13,埔裡鎮,147
23.9722,120.9442,埔裡,C0H890,2017-01-21T11:00:00+08:00,440.0,352.0,0.8,17.7,0.79,972.5,-99.0,3.5,-9.9,-99,-999,南投縣,13,埔裡鎮,147
23.9722,120.9442,埔裡,C0H890,2017-01-21T12:00:00+08:00,440.0,284.0,1.0,19.4,0.72,971.5,-99.0,3.5,-9.9,-99,-999,南投縣,13,埔裡鎮,147
23.9722,120.9442,埔裡,C0H890,2017-01-21T13:00:00+08:00,440.0,308.0,1.5,20.7,0.59,970.6,-99.0,3.5,-9.9,-99,-999,南投縣,13,埔裡鎮,147
23.9722,120.9442,埔裡,C0H890,2017-01-21T14:00:00+08:00,440.0,216.0,1.1,22.0,0.38,969.9,-99.0,3.5,-9.9,-99,-999,南投縣,13,埔裡鎮,147
23.9722,120.9442,埔裡,C0H890,2017-01-21T15:00:00+08:00,440.0,180.0,0.9,22.3,0.35,969.3,-99.0,3.5,-9.9,-99,-999,南投縣,13,埔裡鎮,147
23.9722,120.9442,埔裡,C0H890,2017-01-21T16:00:00+08:00,440.0,280.0,2.5,20.2,0.56,969.5,-99.0,3.5,-9.9,-99,-999,南投縣,13,埔裡鎮,147
23.9722,120.9442,埔裡,C0H890,2017-01-21T17:00:00+08:00,440.0,299.0,0.8,19.5,0.56,970.1,-99.0,3.5,-9.9,-99,-999,南投縣,13,埔裡鎮,147
23.9722,120.9442,埔裡,C0H890,2017-01-21T18:00:00+08:00,440.0,239.0,0.3,18.1,0.66,970.7,-99.0,3.5,-9.9,-99,-999,南投縣,13,埔裡鎮,147
23.9722,120.9442,埔裡,C0H890,2017-01-21T19:00:00+08:00,440.0,288.0,0.4,15.9,0.80,971.4,-99.0,3.5,-9.9,-99,-999,南投縣,13,埔裡鎮,147
23.9722,120.9442,埔裡,C0H890,2017-01-21T20:00:00+08:00,440.0,280.0,0.9,14.9,0.84,971.8,-99.0,3.5,-9.9,-99,-999,南投縣,13,埔裡鎮,147
23.9722,120.9442,埔裡,C0H890,2017-01-21T21:00:00+08:00,440.0,243.0,0.8,14.0,0.89,972.3,-99.0,3.5,-9.9,-99,-999,南投縣,13,埔裡鎮,147
23.9722,120.9442,埔裡,C0H890,2017-01-21T22:00:00+08:00,440.0,0.0,0.0,13.2,0.92,972.6,-99.0,3.5,-9.9,-99,-999,南投縣,13,埔裡鎮,147
23.9722,120.9442,埔裡,C0H890,2017-01-21T23:00:00+08:00,440.0,214.0,0.8,12.5,0.93,972.8,-99.0,3.5,-9.9,-99,-999,南投縣,13,埔裡鎮,147
23.9722,120.9442,埔裡,C0H890,2017-01-22T00:00:00+08:00,440.0,0.0,0.0,12.5,0.93,972.7,-99.0,3.5,-9.9,-99,-999,南投縣,13,埔裡鎮,147
23.9722,120.9442,埔裡,C0H890,2017-01-22T01:00:00+08:00,440.0,43.0,0.7,11.7,0.95,972.8,-99.0,0.0,-9.9,-99,-999,南投縣,13,埔裡鎮,147
23.9722,120.9442,埔裡,C0H890,2017-01-22T02:00:00+08:00,440.0,208.0,0.5,12.1,0.94,972.6,-99.0,0.0,-9.9,-99,-999,南投縣,13,埔裡鎮,147
23.9722,120.9442,埔裡,C0H890,2017-01-22T03:00:00+08:00,440.0,337.0,0.7,12.0,0.96,972.7,-99.0,0.0,-9.9,-99,-999,南投縣,13,埔裡鎮,147
23.9722,120.9442,埔裡,C0H890,2017-01-22T04:00:00+08:00,440.0,348.0,0.6,12.1,0.95,972.4,-99.0,0.0,-9.9,-99,-999,南投縣,13,埔裡鎮,147
23.9722,120.9442,埔裡,C0H890,2017-01-22T05:00:00+08:00,440.0,0.0,0.0,12.5,0.94,972.7,-99.0,0.0,-9.9,-99,-999,南投縣,13,埔裡鎮,147
23.9722,120.9442,埔裡,C0H890,2017-01-22T06:00:00+08:00,440.0,248.0,0.3,12.5,0.95,973.1,-99.0,0.0,-9.9,-99,-999,南投縣,13,埔裡鎮,147
23.9722,120.9442,埔裡,C0H890,2017-01-22T07:00:00+08:00,440.0,0.0,0.0,12.4,0.96,973.5,-99.0,0.0,-9.9,-99,-999,南投縣,13,埔裡鎮,147
23.9722,120.9442,埔裡,C0H890,2017-01-22T08:00:00+08:00,440.0,0.0,0.0,13.8,0.89,973.9,-99.0,0.0,-9.9,-99,-999,南投縣,13,埔裡鎮,147
23.9722,120.9442,埔裡,C0H890,2017-01-22T09:00:00+08:00,440.0,0.0,0.2,15.4,0.76,974.0,-99.0,0.0,-9.9,-99,-999,南投縣,13,埔裡鎮,147
23.9722,120.9442,埔裡,C0H890,2017-01-22T10:00:00+08:00,440.0,99.0,0.7,17.6,0.60,973.7,-99.0,0.0,-9.9,-99,-999,南投縣,13,埔裡鎮,147
23.9722,120.9442,埔裡,C0H890,2017-01-22T11:00:00+08:00,440.0,349.0,1.1,19.3,0.48,972.9,-99.0,0.0,-9.9,-99,-999,南投縣,13,埔裡鎮,147
23.9722,120.9442,埔裡,C0H890,2017-01-22T12:00:00+08:00,440.0,345.0,1.1,22.1,0.33,971.6,-99.0,0.0,-9.9,-99,-999,南投縣,13,埔裡鎮,147
23.9722,120.9442,埔裡,C0H890,2017-01-22T13:00:00+08:00,440.0,303.0,1.5,23.2,0.38,970.5,-99.0,0.0,-9.9,-99,-999,南投縣,13,埔裡鎮,147
23.9722,120.9442,埔裡,C0H890,2017-01-22T14:00:00+08:00,440.0,264.0,1.7,23.9,0.36,969.7,-99.0,0.0,-9.9,-99,-999,南投縣,13,埔裡鎮,147
23.9722,120.9442,埔裡,C0H890,2017-01-22T15:00:00+08:00,440.0,260.0,2.3,23.8,0.37,969.0,-99.0,0.0,-9.9,-99,-999,南投縣,13,埔裡鎮,147
23.9722,120.9442,埔裡,C0H890,2017-01-22T16:00:00+08:00,440.0,256.0,2.2,22.8,0.41,968.9,-99.0,0.0,-9.9,-99,-999,南投縣,13,埔裡鎮,147
23.9722,120.9442,埔裡,C0H890,2017-01-22T17:00:00+08:00,440.0,278.0,1.8,21.1,0.46,969.2,-99.0,0.0,-9.9,-99,-999,南投縣,13,埔裡鎮,147
23.9722,120.9442,埔裡,C0H890,2017-01-22T18:00:00+08:00,440.0,252.0,1.6,19.2,0.53,969.6,-99.0,0.0,-9.9,-99,-999,南投縣,13,埔裡鎮,147
23.9722,120.9442,埔裡,C0H890,2017-01-22T19:00:00+08:00,440.0,208.0,0.5,17.5,0.64,970.5,-99.0,0.0,-9.9,-99,-999,南投縣,13,埔裡鎮,147
23.9722,120.9442,埔裡,C0H890,2017-01-22T20:00:00+08:00,440.0,248.0,0.6,16.3,0.68,971.8,-99.0,0.0,-9.9,-99,-999,南投縣,13,埔裡鎮,147
23.9722,120.9442,埔裡,C0H890,2017-01-22T21:00:00+08:00,440.0,256.0,0.5,15.6,0.70,972.3,-99.0,0.0,-9.9,-99,-999,南投縣,13,埔裡鎮,147
23.9722,120.9442,埔裡,C0H890,2017-01-22T22:00:00+08:00,440.0,302.0,0.7,15.0,0.74,972.3,-99.0,0.0,-9.9,-99,-999,南投縣,13,埔裡鎮,147
23.9722,120.9442,埔裡,C0H890,2017-01-22T23:00:00+08:00,440.0,0.0,0.0,14.2,0.79,972.1,-99.0,0.0,-9.9,-99,-999,南投縣,13,埔裡鎮,147
23.9722,120.9442,埔裡,C0H890,2017-01-23T00:00:00+08:00,440.0,0.0,0.0,14.1,0.78,971.9,-99.0,0.0,-9.9,-99,-999,南投縣,13,埔裡鎮,147
23.9722,120.9442,埔裡,C0H890,2017-01-23T01:00:00+08:00,440.0,0.0,0.0,13.6,0.86,971.6,-99.0,0.0,-9.9,-99,-999,南投縣,13,埔裡鎮,147
23.9722,120.9442,埔裡,C0H890,2017-01-23T02:00:00+08:00,440.0,212.0,0.3,13.3,0.87,971.7,-99.0,0.0,-9.9,-99,-999,南投縣,13,埔裡鎮,147
23.9722,120.9442,埔裡,C0H890,2017-01-23T03:00:00+08:00,440.0,0.0,0.0,13.2,0.90,971.7,-99.0,0.0,-9.9,-99,-999,南投縣,13,埔裡鎮,147
23.9722,120.9442,埔裡,C0H890,2017-01-23T04:00:00+08:00,440.0,207.0,0.7,13.1,0.88,971.7,-99.0,0.0,-9.9,-99,-999,南投縣,13,埔裡鎮,147
23.9722,120.9442,埔裡,C0H890,2017-01-23T05:00:00+08:00,440.0,0.0,0.2,13.1,0.89,971.7,-99.0,0.0,-9.9,-99,-999,南投縣,13,埔裡鎮,147
23.9722,120.9442,埔裡,C0H890,2017-01-23T06:00:00+08:00,440.0,0.0,0.0,13.3,0.89,972.2,-99.0,0.0,-9.9,-99,-999,南投縣,13,埔裡鎮,147
23.9722,120.9442,埔裡,C0H890,2017-01-23T07:00:00+08:00,440.0,185.0,0.5,13.2,0.90,972.7,-99.0,0.0,-9.9,-99,-999,南投縣,13,埔裡鎮,147
23.9722,120.9442,埔裡,C0H890,2017-01-23T08:00:00+08:00,440.0,337.0,0.3,13.9,0.88,973.3,-99.0,0.0,-9.9,-99,-999,南投縣,13,埔裡鎮,147
23.9722,120.9442,埔裡,C0H890,2017-01-23T09:00:00+08:00,440.0,213.0,0.6,15.9,0.76,973.5,-99.0,0.0,-9.9,-99,-999,南投縣,13,埔裡鎮,147
23.9722,120.9442,埔裡,C0H890,2017-01-23T10:00:00+08:00,440.0,314.0,0.7,17.4,0.68,973.4,-99.0,0.0,-9.9,-99,-999,南投縣,13,埔裡鎮,147
23.9722,120.9442,埔裡,C0H890,2017-01-23T11:00:00+08:00,440.0,12.0,0.6,19.7,0.58,972.9,-99.0,0.0,-9.9,-99,-999,南投縣,13,埔裡鎮,147
23.9722,120.9442,埔裡,C0H890,2017-01-23T12:00:00+08:00,440.0,238.0,0.9,21.7,0.51,971.9,-99.0,0.0,-9.9,-99,-999,南投縣,13,埔裡鎮,147
23.9722,120.9442,埔裡,C0H890,2017-01-23T13:00:00+08:00,440.0,263.0,2.8,21.1,0.56,970.9,-99.0,0.0,-9.9,-99,-999,南投縣,13,埔裡鎮,147
23.9722,120.9442,埔裡,C0H890,2017-01-23T14:00:00+08:00,440.0,257.0,2.2,21.1,0.53,970.1,-99.0,0.0,-9.9,-99,-999,南投縣,13,埔裡鎮,147
23.9722,120.9442,埔裡,C0H890,2017-01-23T15:00:00+08:00,440.0,283.0,2.9,20.9,0.53,969.8,-99.0,0.0,-9.9,-99,-999,南投縣,13,埔裡鎮,147
23.9722,120.9442,埔裡,C0H890,2017-01-23T16:00:00+08:00,440.0,297.0,2.8,20.4,0.55,970.2,-99.0,0.0,-9.9,-99,-999,南投縣,13,埔裡鎮,147
23.9722,120.9442,埔裡,C0H890,2017-01-23T17:00:00+08:00,440.0,280.0,1.1,19.5,0.58,970.7,-99.0,0.0,-9.9,-99,-999,南投縣,13,埔裡鎮,147
23.9722,120.9442,埔裡,C0H890,2017-01-23T18:00:00+08:00,440.0,257.0,1.1,18.5,0.61,971.4,-99.0,0.0,-9.9,-99,-999,南投縣,13,埔裡鎮,147
23.9722,120.9442,埔裡,C0H890,2017-01-23T19:00:00+08:00,440.0,203.0,0.6,17.7,0.68,971.8,-99.0,0.0,-9.9,-99,-999,南投縣,13,埔裡鎮,147
23.9722,120.9442,埔裡,C0H890,2017-01-23T20:00:00+08:00,440.0,319.0,0.4,17.2,0.68,972.2,-99.0,0.0,-9.9,-99,-999,南投縣,13,埔裡鎮,147
23.9722,120.9442,埔裡,C0H890,2017-01-23T21:00:00+08:00,440.0,196.0,0.3,16.4,0.74,972.4,-99.0,0.0,-9.9,-99,-999,南投縣,13,埔裡鎮,147
23.9722,120.9442,埔裡,C0H890,2017-01-23T22:00:00+08:00,440.0,271.0,0.6,15.9,0.77,972.7,-99.0,0.0,-9.9,-99,-999,南投縣,13,埔裡鎮,147
23.9722,120.9442,埔裡,C0H890,2017-01-23T23:00:00+08:00,440.0,230.0,0.8,15.6,0.81,972.9,-99.0,0.0,-9.9,-99,-999,南投縣,13,埔裡鎮,147
23.9722,120.9442,埔裡,C0H890,2017-01-24T00:00:00+08:00,440.0,0.0,0.0,15.4,0.82,973.0,-99.0,0.0,-9.9,-99,-999,南投縣,13,埔裡鎮,147
23.9722,120.9442,埔裡,C0H890,2017-01-24T01:00:00+08:00,440.0,318.0,0.3,15.1,0.85,972.9,-99.0,0.0,-9.9,-99,-999,南投縣,13,埔裡鎮,147
23.9722,120.9442,埔裡,C0H890,2017-01-24T02:00:00+08:00,440.0,0.0,0.0,15.2,0.85,972.7,-99.0,0.0,-9.9,-99,-999,南投縣,13,埔裡鎮,147
23.9722,120.9442,埔裡,C0H890,2017-01-24T03:00:00+08:00,440.0,0.0,0.2,14.8,0.88,972.3,-99.0,0.0,-9.9,-99,-999,南投縣,13,埔裡鎮,147
23.9722,120.9442,埔裡,C0H890,2017-01-24T04:00:00+08:00,440.0,217.0,0.6,14.6,0.89,971.9,-99.0,0.0,-9.9,-99,-999,南投縣,13,埔裡鎮,147
23.9722,120.9442,埔裡,C0H890,2017-01-24T05:00:00+08:00,440.0,199.0,0.6,14.4,0.89,972.2,-99.0,0.0,-9.9,-99,-999,南投縣,13,埔裡鎮,147
23.9722,120.9442,埔裡,C0H890,2017-01-24T06:00:00+08:00,440.0,0.0,0.0,14.4,0.92,972.4,-99.0,0.0,-9.9,-99,-999,南投縣,13,埔裡鎮,147
23.9722,120.9442,埔裡,C0H890,2017-01-24T07:00:00+08:00,440.0,167.0,0.4,14.5,0.90,973.0,-99.0,0.0,-9.9,-99,-999,南投縣,13,埔裡鎮,147
23.9722,120.9442,埔裡,C0H890,2017-01-24T08:00:00+08:00,440.0,0.0,0.0,14.9,0.91,973.6,-99.0,0.0,-9.9,-99,-999,南投縣,13,埔裡鎮,147
23.9722,120.9442,埔裡,C0H890,2017-01-24T10:00:00+08:00,440.0,328.0,0.3,17.0,0.76,974.0,-99.0,0.0,-9.9,-99,-999,南投縣,13,埔裡鎮,147
23.9722,120.9442,埔裡,C0H890,2017-01-24T11:00:00+08:00,440.0,246.0,0.6,18.7,0.66,973.3,-99.0,0.0,-9.9,-99,-999,南投縣,13,埔裡鎮,147
23.9722,120.9442,埔裡,C0H890,2017-01-24T12:00:00+08:00,440.0,14.0,0.7,19.7,0.62,972.6,-99.0,0.0,-9.9,-99,-999,南投縣,13,埔裡鎮,147
23.9722,120.9442,埔裡,C0H890,2017-01-24T13:00:00+08:00,440.0,7.0,0.6,20.6,0.58,971.8,-99.0,0.0,-9.9,-99,-999,南投縣,13,埔裡鎮,147
23.9722,120.9442,埔裡,C0H890,2017-01-24T14:00:00+08:00,440.0,270.0,1.9,20.5,0.61,971.3,-99.0,0.0,-9.9,-99,-999,南投縣,13,埔裡鎮,147
23.9722,120.9442,埔裡,C0H890,2017-01-24T15:00:00+08:00,440.0,267.0,1.4,21.0,0.56,971.2,-99.0,0.0,-9.9,-99,-999,南投縣,13,埔裡鎮,147
23.9722,120.9442,埔裡,C0H890,2017-01-24T16:00:00+08:00,440.0,266.0,1.8,20.7,0.56,971.2,-99.0,0.0,-9.9,-99,-999,南投縣,13,埔裡鎮,147
23.9722,120.9442,埔裡,C0H890,2017-01-24T17:00:00+08:00,440.0,274.0,1.6,19.9,0.62,971.5,-99.0,0.0,-9.9,-99,-999,南投縣,13,埔裡鎮,147
23.9722,120.9442,埔裡,C0H890,2017-01-24T18:00:00+08:00,440.0,245.0,0.7,18.9,0.66,971.9,-99.0,0.0,-9.9,-99,-999,南投縣,13,埔裡鎮,147
23.9722,120.9442,埔裡,C0H890,2017-01-24T19:00:00+08:00,440.0,261.0,0.8,18.1,0.70,972.6,-99.0,0.0,-9.9,-99,-999,南投縣,13,埔裡鎮,147
23.9722,120.9442,埔裡,C0H890,2017-01-24T20:00:00+08:00,440.0,211.0,0.4,17.3,0.75,973.4,-99.0,0.0,-9.9,-99,-999,南投縣,13,埔裡鎮,147
23.9722,120.9442,埔裡,C0H890,2017-01-24T21:00:00+08:00,440.0,298.0,0.6,16.7,0.79,973.7,-99.0,0.0,-9.9,-99,-999,南投縣,13,埔裡鎮,147
23.9722,120.9442,埔裡,C0H890,2017-01-24T22:00:00+08:00,440.0,276.0,0.6,16.1,0.82,973.7,-99.0,0.0,-9.9,-99,-999,南投縣,13,埔裡鎮,147
23.9722,120.9442,埔裡,C0H890,2017-01-24T23:00:00+08:00,440.0,213.0,0.4,15.9,0.84,973.8,-99.0,0.0,-9.9,-99,-999,南投縣,13,埔裡鎮,147
23.9722,120.9442,埔裡,C0H890,2017-01-25T00:00:00+08:00,440.0,278.0,0.5,15.5,0.86,973.7,-99.0,0.0,-9.9,-99,-999,南投縣,13,埔裡鎮,147
23.9722,120.9442,埔裡,C0H890,2017-01-25T01:00:00+08:00,440.0,212.0,0.3,15.4,0.88,973.4,-99.0,0.0,-9.9,-99,-999,南投縣,13,埔裡鎮,147
23.9722,120.9442,埔裡,C0H890,2017-01-25T02:00:00+08:00,440.0,213.0,0.7,15.0,0.91,972.8,-99.0,0.0,-9.9,-99,-999,南投縣,13,埔裡鎮,147
23.9722,120.9442,埔裡,C0H890,2017-01-25T03:00:00+08:00,440.0,0.0,0.0,15.0,0.92,972.5,-99.0,0.0,-9.9,-99,-999,南投縣,13,埔裡鎮,147
23.9722,120.9442,埔裡,C0H890,2017-01-25T04:00:00+08:00,440.0,0.0,0.2,15.1,0.91,972.3,-99.0,0.0,-9.9,-99,-999,南投縣,13,埔裡鎮,147
23.9722,120.9442,埔裡,C0H890,2017-01-25T05:00:00+08:00,440.0,298.0,1.2,14.6,0.95,972.6,-99.0,0.0,-9.9,-99,-999,南投縣,13,埔裡鎮,147
23.9722,120.9442,埔裡,C0H890,2017-01-25T06:00:00+08:00,440.0,188.0,0.4,14.7,0.94,972.9,-99.0,0.0,-9.9,-99,-999,南投縣,13,埔裡鎮,147
23.9722,120.9442,埔裡,C0H890,2017-01-25T07:00:00+08:00,440.0,247.0,0.4,14.5,0.95,973.0,-99.0,0.0,-9.9,-99,-999,南投縣,13,埔裡鎮,147
23.9722,120.9442,埔裡,C0H890,2017-01-25T08:00:00+08:00,440.0,0.0,0.0,15.1,0.93,973.4,-99.0,0.0,-9.9,-99,-999,南投縣,13,埔裡鎮,147
23.9722,120.9442,埔裡,C0H890,2017-01-25T09:00:00+08:00,440.0,307.0,1.0,15.6,0.92,973.8,-99.0,0.0,-9.9,-99,-999,南投縣,13,埔裡鎮,147
23.9722,120.9442,埔裡,C0H890,2017-01-25T10:00:00+08:00,440.0,165.0,0.5,18.1,0.75,973.3,-99.0,0.0,-9.9,-99,-999,南投縣,13,埔裡鎮,147
23.9722,120.9442,埔裡,C0H890,2017-01-25T11:00:00+08:00,440.0,314.0,0.9,18.8,0.67,972.8,-99.0,0.0,-9.9,-99,-999,南投縣,13,埔裡鎮,147
23.9722,120.9442,埔裡,C0H890,2017-01-25T12:00:00+08:00,440.0,340.0,0.4,19.6,0.58,971.9,-99.0,0.0,-9.9,-99,-999,南投縣,13,埔裡鎮,147
23.9722,120.9442,埔裡,C0H890,2017-01-25T13:00:00+08:00,440.0,275.0,1.8,20.6,0.61,971.0,-99.0,0.0,-9.9,-99,-999,南投縣,13,埔裡鎮,147
23.9722,120.9442,埔裡,C0H890,2017-01-25T14:00:00+08:00,440.0,239.0,1.2,22.1,0.47,970.5,-99.0,0.0,-9.9,-99,-999,南投縣,13,埔裡鎮,147
23.9722,120.9442,埔裡,C0H890,2017-01-25T15:00:00+08:00,440.0,256.0,1.5,21.7,0.49,970.2,-99.0,0.0,-9.9,-99,-999,南投縣,13,埔裡鎮,147
23.9722,120.9442,埔裡,C0H890,2017-01-25T16:00:00+08:00,440.0,263.0,2.3,21.2,0.50,970.3,-99.0,0.0,-9.9,-99,-999,南投縣,13,埔裡鎮,147
23.9722,120.9442,埔裡,C0H890,2017-01-25T17:00:00+08:00,440.0,269.0,1.1,20.3,0.56,970.5,-99.0,0.0,-9.9,-99,-999,南投縣,13,埔裡鎮,147
23.9722,120.9442,埔裡,C0H890,2017-01-25T18:00:00+08:00,440.0,218.0,0.7,18.2,0.67,970.9,-99.0,0.0,-9.9,-99,-999,南投縣,13,埔裡鎮,147
23.9722,120.9442,埔裡,C0H890,2017-01-25T19:00:00+08:00,440.0,226.0,0.6,16.2,0.78,971.5,-99.0,0.0,-9.9,-99,-999,南投縣,13,埔裡鎮,147
23.9722,120.9442,埔裡,C0H890,2017-01-25T20:00:00+08:00,440.0,226.0,0.3,15.3,0.84,972.0,-99.0,0.0,-9.9,-99,-999,南投縣,13,埔裡鎮,147
23.9722,120.9442,埔裡,C0H890,2017-01-25T21:00:00+08:00,440.0,277.0,0.4,14.6,0.87,972.3,-99.0,0.0,-9.9,-99,-999,南投縣,13,埔裡鎮,147
23.9722,120.9442,埔裡,C0H890,2017-01-25T22:00:00+08:00,440.0,222.0,0.4,13.6,0.91,972.3,-99.0,0.0,-9.9,-99,-999,南投縣,13,埔裡鎮,147
23.9722,120.9442,埔裡,C0H890,2017-01-25T23:00:00+08:00,440.0,252.0,0.7,12.8,0.93,972.2,-99.0,0.0,-9.9,-99,-999,南投縣,13,埔裡鎮,147
23.9722,120.9442,埔裡,C0H890,2017-01-26T00:00:00+08:00,440.0,0.0,0.0,12.4,0.94,972.0,-99.0,0.0,-9.9,-99,-999,南投縣,13,埔裡鎮,147
23.9722,120.9442,埔裡,C0H890,2017-01-26T01:00:00+08:00,440.0,212.0,0.3,11.8,0.94,971.7,-99.0,0.0,-9.9,-99,-999,南投縣,13,埔裡鎮,147
23.9722,120.9442,埔裡,C0H890,2017-01-26T02:00:00+08:00,440.0,188.0,0.5,11.7,0.96,971.3,-99.0,0.0,-9.9,-99,-999,南投縣,13,埔裡鎮,147
23.9722,120.9442,埔裡,C0H890,2017-01-26T03:00:00+08:00,440.0,358.0,0.4,11.5,0.98,970.9,-99.0,0.0,-9.9,-99,-999,南投縣,13,埔裡鎮,147
23.9722,120.9442,埔裡,C0H890,2017-01-26T04:00:00+08:00,440.0,263.0,0.7,11.4,0.97,970.9,-99.0,0.0,-9.9,-99,-999,南投縣,13,埔裡鎮,147
23.9722,120.9442,埔裡,C0H890,2017-01-26T05:00:00+08:00,440.0,320.0,0.6,11.6,0.95,971.2,-99.0,0.0,-9.9,-99,-999,南投縣,13,埔裡鎮,147
23.9722,120.9442,埔裡,C0H890,2017-01-26T06:00:00+08:00,440.0,157.0,1.8,11.6,0.93,971.9,-99.0,0.0,-9.9,-99,-999,南投縣,13,埔裡鎮,147
23.9722,120.9442,埔裡,C0H890,2017-01-26T07:00:00+08:00,440.0,193.0,0.3,11.3,0.93,972.0,-99.0,0.0,-9.9,-99,-999,南投縣,13,埔裡鎮,147
23.9722,120.9442,埔裡,C0H890,2017-01-26T08:00:00+08:00,440.0,187.0,0.7,12.1,0.88,972.2,-99.0,0.0,-9.9,-99,-999,南投縣,13,埔裡鎮,147
23.9722,120.9442,埔裡,C0H890,2017-01-26T10:00:00+08:00,440.0,248.0,0.5,16.1,0.69,971.6,-99.0,0.0,-9.9,-99,-999,南投縣,13,埔裡鎮,147
23.9722,120.9442,埔裡,C0H890,2017-01-26T11:00:00+08:00,440.0,337.0,0.7,18.9,0.48,970.9,-99.0,0.0,-9.9,-99,-999,南投縣,13,埔裡鎮,147
23.9722,120.9442,埔裡,C0H890,2017-01-26T12:00:00+08:00,440.0,262.0,1.5,21.7,0.41,969.7,-99.0,0.0,-9.9,-99,-999,南投縣,13,埔裡鎮,147
23.9722,120.9442,埔裡,C0H890,2017-01-26T13:00:00+08:00,440.0,259.0,2.7,22.1,0.44,968.5,-99.0,0.0,-9.9,-99,-999,南投縣,13,埔裡鎮,147
23.9722,120.9442,埔裡,C0H890,2017-01-26T14:00:00+08:00,440.0,264.0,2.2,22.4,0.40,967.5,-99.0,0.0,-9.9,-99,-999,南投縣,13,埔裡鎮,147
23.9722,120.9442,埔裡,C0H890,2017-01-26T15:00:00+08:00,440.0,299.0,3.6,21.7,0.40,967.5,-99.0,0.0,-9.9,-99,-999,南投縣,13,埔裡鎮,147
23.9722,120.9442,埔裡,C0H890,2017-01-26T16:00:00+08:00,440.0,298.0,2.7,21.5,0.41,967.9,-99.0,0.0,-9.9,-99,-999,南投縣,13,埔裡鎮,147
23.9722,120.9442,埔裡,C0H890,2017-01-26T17:00:00+08:00,440.0,280.0,1.6,20.5,0.44,968.6,-99.0,0.0,-9.9,-99,-999,南投縣,13,埔裡鎮,147
23.9722,120.9442,埔裡,C0H890,2017-01-26T18:00:00+08:00,440.0,208.0,0.7,18.1,0.57,969.1,-99.0,0.0,-9.9,-99,-999,南投縣,13,埔裡鎮,147
23.9722,120.9442,埔裡,C0H890,2017-01-26T19:00:00+08:00,440.0,225.0,0.9,15.8,0.70,969.6,-99.0,0.0,-9.9,-99,-999,南投縣,13,埔裡鎮,147
23.9722,120.9442,埔裡,C0H890,2017-01-26T20:00:00+08:00,440.0,198.0,0.8,14.6,0.75,970.3,-99.0,0.0,-9.9,-99,-999,南投縣,13,埔裡鎮,147
23.9722,120.9442,埔裡,C0H890,2017-01-26T21:00:00+08:00,440.0,217.0,0.7,13.6,0.81,970.6,-99.0,0.0,-9.9,-99,-999,南投縣,13,埔裡鎮,147
23.9722,120.9442,埔裡,C0H890,2017-01-26T22:00:00+08:00,440.0,219.0,0.5,13.0,0.84,971.0,-99.0,0.0,-9.9,-99,-999,南投縣,13,埔裡鎮,147
23.9722,120.9442,埔裡,C0H890,2017-01-26T23:00:00+08:00,440.0,217.0,0.9,12.0,0.88,971.2,-99.0,0.0,-9.9,-99,-999,南投縣,13,埔裡鎮,147
23.9722,120.9442,埔裡,C0H890,2017-01-27T00:00:00+08:00,440.0,215.0,0.7,11.7,0.89,971.3,-99.0,0.0,-9.9,-99,-999,南投縣,13,埔裡鎮,147
23.9722,120.9442,埔裡,C0H890,2017-01-27T01:00:00+08:00,440.0,207.0,0.8,11.1,0.91,971.4,-99.0,0.0,-9.9,-99,-999,南投縣,13,埔裡鎮,147
23.9722,120.9442,埔裡,C0H890,2017-01-27T02:00:00+08:00,440.0,0.0,0.0,11.7,0.90,971.1,-99.0,0.0,-9.9,-99,-999,南投縣,13,埔裡鎮,147
23.9722,120.9442,埔裡,C0H890,2017-01-27T03:00:00+08:00,440.0,347.0,0.5,11.4,0.92,970.9,-99.0,0.0,-9.9,-99,-999,南投縣,13,埔裡鎮,147
23.9722,120.9442,埔裡,C0H890,2017-01-27T04:00:00+08:00,440.0,0.0,0.0,11.3,0.92,970.8,-99.0,0.0,-9.9,-99,-999,南投縣,13,埔裡鎮,147
23.9722,120.9442,埔裡,C0H890,2017-01-27T05:00:00+08:00,440.0,231.0,0.6,10.5,0.91,971.3,-99.0,0.0,-9.9,-99,-999,南投縣,13,埔裡鎮,147
23.9722,120.9442,埔裡,C0H890,2017-01-27T06:00:00+08:00,440.0,226.0,0.8,10.2,0.91,971.9,-99.0,0.0,-9.9,-99,-999,南投縣,13,埔裡鎮,147
23.9722,120.9442,埔裡,C0H890,2017-01-27T07:00:00+08:00,440.0,0.0,0.0,10.2,0.91,972.4,-99.0,0.0,-9.9,-99,-999,南投縣,13,埔裡鎮,147
23.9722,120.9442,埔裡,C0H890,2017-01-27T08:00:00+08:00,440.0,213.0,0.5,11.7,0.83,972.8,-99.0,0.0,-9.9,-99,-999,南投縣,13,埔裡鎮,147
23.9722,120.9442,埔裡,C0H890,2017-01-27T09:00:00+08:00,440.0,91.0,0.7,14.5,0.72,973.1,-99.0,0.0,-9.9,-99,-999,南投縣,13,埔裡鎮,147
23.9722,120.9442,埔裡,C0H890,2017-01-27T10:00:00+08:00,440.0,289.0,0.3,17.6,0.52,972.0,-99.0,0.0,-9.9,-99,-999,南投縣,13,埔裡鎮,147
23.9722,120.9442,埔裡,C0H890,2017-01-27T11:00:00+08:00,440.0,341.0,1.5,19.5,0.46,971.3,-99.0,0.0,-9.9,-99,-999,南投縣,13,埔裡鎮,147
23.9722,120.9442,埔裡,C0H890,2017-01-27T12:00:00+08:00,440.0,245.0,0.6,21.8,0.31,970.1,-99.0,0.0,-9.9,-99,-999,南投縣,13,埔裡鎮,147
23.9722,120.9442,埔裡,C0H890,2017-01-27T13:00:00+08:00,440.0,268.0,2.2,22.7,0.37,968.8,-99.0,0.0,-9.9,-99,-999,南投縣,13,埔裡鎮,147
23.9722,120.9442,埔裡,C0H890,2017-01-27T14:00:00+08:00,440.0,268.0,2.7,22.9,0.31,968.3,-99.0,0.0,-9.9,-99,-999,南投縣,13,埔裡鎮,147
23.9722,120.9442,埔裡,C0H890,2017-01-27T15:00:00+08:00,440.0,247.0,1.7,23.7,0.25,967.7,-99.0,0.0,-9.9,-99,-999,南投縣,13,埔裡鎮,147
23.9722,120.9442,埔裡,C0H890,2017-01-27T16:00:00+08:00,440.0,255.0,2.6,22.2,0.43,967.9,-99.0,0.0,-9.9,-99,-999,南投縣,13,埔裡鎮,147
23.9722,120.9442,埔裡,C0H890,2017-01-27T17:00:00+08:00,440.0,265.0,2.2,20.7,0.49,968.6,-99.0,0.0,-9.9,-99,-999,南投縣,13,埔裡鎮,147
23.9722,120.9442,埔裡,C0H890,2017-01-27T18:00:00+08:00,440.0,250.0,0.8,19.0,0.53,968.9,-99.0,0.0,-9.9,-99,-999,南投縣,13,埔裡鎮,147
23.9722,120.9442,埔裡,C0H890,2017-01-27T19:00:00+08:00,440.0,219.0,0.7,16.4,0.70,969.3,-99.0,0.0,-9.9,-99,-999,南投縣,13,埔裡鎮,147
23.9722,120.9442,埔裡,C0H890,2017-01-27T20:00:00+08:00,440.0,212.0,0.6,14.8,0.76,969.7,-99.0,0.0,-9.9,-99,-999,南投縣,13,埔裡鎮,147
23.9722,120.9442,埔裡,C0H890,2017-01-27T21:00:00+08:00,440.0,212.0,0.8,13.7,0.82,969.7,-99.0,0.0,-9.9,-99,-999,南投縣,13,埔裡鎮,147
23.9722,120.9442,埔裡,C0H890,2017-01-27T22:00:00+08:00,440.0,224.0,0.4,13.0,0.85,970.0,-99.0,0.0,-9.9,-99,-999,南投縣,13,埔裡鎮,147
23.9722,120.9442,埔裡,C0H890,2017-01-27T23:00:00+08:00,440.0,218.0,0.8,12.3,0.88,969.6,-99.0,0.0,-9.9,-99,-999,南投縣,13,埔裡鎮,147
23.9722,120.9442,埔裡,C0H890,2017-01-28T00:00:00+08:00,440.0,224.0,1.0,11.7,0.90,969.3,-99.0,0.0,-9.9,-99,-999,南投縣,13,埔裡鎮,147
23.9722,120.9442,埔裡,C0H890,2017-01-28T01:00:00+08:00,440.0,218.0,0.3,11.4,0.90,969.1,-99.0,0.0,-9.9,-99,-999,南投縣,13,埔裡鎮,147
23.9722,120.9442,埔裡,C0H890,2017-01-28T02:00:00+08:00,440.0,210.0,0.4,10.9,0.91,969.0,-99.0,0.0,-9.9,-99,-999,南投縣,13,埔裡鎮,147
23.9722,120.9442,埔裡,C0H890,2017-01-28T03:00:00+08:00,440.0,214.0,0.3,10.5,0.92,968.8,-99.0,0.0,-9.9,-99,-999,南投縣,13,埔裡鎮,147
23.9722,120.9442,埔裡,C0H890,2017-01-28T04:00:00+08:00,440.0,221.0,0.7,9.9,0.93,968.2,-99.0,0.0,-9.9,-99,-999,南投縣,13,埔裡鎮,147
23.9722,120.9442,埔裡,C0H890,2017-01-28T05:00:00+08:00,440.0,235.0,0.4,9.7,0.93,968.3,-99.0,0.0,-9.9,-99,-999,南投縣,13,埔裡鎮,147
23.9722,120.9442,埔裡,C0H890,2017-01-28T06:00:00+08:00,440.0,228.0,0.6,9.3,0.93,968.6,-99.0,0.0,-9.9,-99,-999,南投縣,13,埔裡鎮,147
23.9722,120.9442,埔裡,C0H890,2017-01-28T07:00:00+08:00,440.0,0.0,0.0,9.1,0.93,969.2,-99.0,0.0,-9.9,-99,-999,南投縣,13,埔裡鎮,147
23.9722,120.9442,埔裡,C0H890,2017-01-28T08:00:00+08:00,440.0,0.0,0.0,12.7,0.78,969.3,-99.0,0.0,-9.9,-99,-999,南投縣,13,埔裡鎮,147
23.9722,120.9442,埔裡,C0H890,2017-01-28T09:00:00+08:00,440.0,48.0,0.8,14.0,0.74,969.3,-99.0,0.0,-9.9,-99,-999,南投縣,13,埔裡鎮,147
23.9722,120.9442,埔裡,C0H890,2017-01-28T10:00:00+08:00,440.0,98.0,0.6,18.0,0.55,969.0,-99.0,0.0,-9.9,-99,-999,南投縣,13,埔裡鎮,147
23.9722,120.9442,埔裡,C0H890,2017-01-28T11:00:00+08:00,440.0,225.0,0.4,21.7,0.37,968.0,-99.0,0.0,-9.9,-99,-999,南投縣,13,埔裡鎮,147
23.9722,120.9442,埔裡,C0H890,2017-01-28T12:00:00+08:00,440.0,14.0,0.9,24.4,0.28,966.8,-99.0,0.0,-9.9,-99,-999,南投縣,13,埔裡鎮,147
23.9722,120.9442,埔裡,C0H890,2017-01-28T13:00:00+08:00,440.0,283.0,1.4,25.7,0.24,965.8,-99.0,0.0,-9.9,-99,-999,南投縣,13,埔裡鎮,147
23.9722,120.9442,埔裡,C0H890,2017-01-28T14:00:00+08:00,440.0,293.0,1.5,26.4,0.28,964.9,-99.0,0.0,-9.9,-99,-999,南投縣,13,埔裡鎮,147
23.9722,120.9442,埔裡,C0H890,2017-01-28T15:00:00+08:00,440.0,262.0,1.9,26.8,0.29,964.4,-99.0,0.0,-9.9,-99,-999,南投縣,13,埔裡鎮,147
23.9722,120.9442,埔裡,C0H890,2017-01-28T16:00:00+08:00,440.0,267.0,2.2,26.2,0.33,964.6,-99.0,0.0,-9.9,-99,-999,南投縣,13,埔裡鎮,147
23.9722,120.9442,埔裡,C0H890,2017-01-28T17:00:00+08:00,440.0,285.0,2.4,24.3,0.43,965.0,-99.0,0.0,-9.9,-99,-999,南投縣,13,埔裡鎮,147
23.9722,120.9442,埔裡,C0H890,2017-01-28T18:00:00+08:00,440.0,317.0,0.8,22.1,0.57,965.5,-99.0,0.0,-9.9,-99,-999,南投縣,13,埔裡鎮,147
23.9722,120.9442,埔裡,C0H890,2017-01-28T19:00:00+08:00,440.0,217.0,0.7,19.5,0.68,966.0,-99.0,0.0,-9.9,-99,-999,南投縣,13,埔裡鎮,147
23.9722,120.9442,埔裡,C0H890,2017-01-28T20:00:00+08:00,440.0,213.0,0.6,18.0,0.76,966.7,-99.0,0.0,-9.9,-99,-999,南投縣,13,埔裡鎮,147
23.9722,120.9442,埔裡,C0H890,2017-01-28T21:00:00+08:00,440.0,230.0,0.4,16.8,0.80,967.0,-99.0,0.0,-9.9,-99,-999,南投縣,13,埔裡鎮,147
23.9722,120.9442,埔裡,C0H890,2017-01-28T22:00:00+08:00,440.0,211.0,0.5,16.1,0.84,967.1,-99.0,0.0,-9.9,-99,-999,南投縣,13,埔裡鎮,147
23.9722,120.9442,埔裡,C0H890,2017-01-28T23:00:00+08:00,440.0,206.0,0.7,15.1,0.89,967.1,-99.0,0.0,-9.9,-99,-999,南投縣,13,埔裡鎮,147
23.9722,120.9442,埔裡,C0H890,2017-01-29T00:00:00+08:00,440.0,211.0,0.5,14.5,0.90,967.0,-99.0,0.0,-9.9,-99,-999,南投縣,13,埔裡鎮,147
23.9722,120.9442,埔裡,C0H890,2017-01-29T01:00:00+08:00,440.0,0.0,0.2,14.2,0.90,967.0,-99.0,0.0,-9.9,-99,-999,南投縣,13,埔裡鎮,147
23.9722,120.9442,埔裡,C0H890,2017-01-29T02:00:00+08:00,440.0,209.0,0.6,13.4,0.92,966.6,-99.0,0.0,-9.9,-99,-999,南投縣,13,埔裡鎮,147
23.9722,120.9442,埔裡,C0H890,2017-01-29T03:00:00+08:00,440.0,0.0,0.0,13.1,0.93,966.5,-99.0,0.0,-9.9,-99,-999,南投縣,13,埔裡鎮,147
23.9722,120.9442,埔裡,C0H890,2017-01-29T04:00:00+08:00,440.0,207.0,0.4,12.7,0.93,966.4,-99.0,0.0,-9.9,-99,-999,南投縣,13,埔裡鎮,147
23.9722,120.9442,埔裡,C0H890,2017-01-29T05:00:00+08:00,440.0,209.0,0.5,12.4,0.93,966.4,-99.0,0.0,-9.9,-99,-999,南投縣,13,埔裡鎮,147
23.9722,120.9442,埔裡,C0H890,2017-01-29T06:00:00+08:00,440.0,215.0,0.5,12.1,0.93,966.6,-99.0,0.0,-9.9,-99,-999,南投縣,13,埔裡鎮,147
23.9722,120.9442,埔裡,C0H890,2017-01-29T07:00:00+08:00,440.0,189.0,0.4,12.2,0.93,967.0,-99.0,0.0,-9.9,-99,-999,南投縣,13,埔裡鎮,147
23.9722,120.9442,埔裡,C0H890,2017-01-29T08:00:00+08:00,440.0,0.0,0.0,14.1,0.83,967.9,-99.0,0.0,-9.9,-99,-999,南投縣,13,埔裡鎮,147
23.9722,120.9442,埔裡,C0H890,2017-01-29T09:00:00+08:00,440.0,0.0,0.0,17.3,0.72,968.4,-99.0,0.0,-9.9,-99,-999,南投縣,13,埔裡鎮,147
23.9722,120.9442,埔裡,C0H890,2017-01-29T10:00:00+08:00,440.0,224.0,0.4,20.6,0.58,968.3,-99.0,0.0,-9.9,-99,-999,南投縣,13,埔裡鎮,147
23.9722,120.9442,埔裡,C0H890,2017-01-29T11:00:00+08:00,440.0,57.0,0.7,22.9,0.47,967.7,-99.0,0.0,-9.9,-99,-999,南投縣,13,埔裡鎮,147
23.9722,120.9442,埔裡,C0H890,2017-01-29T12:00:00+08:00,440.0,36.0,1.6,24.1,0.46,966.5,-99.0,0.0,-9.9,-99,-999,南投縣,13,埔裡鎮,147
23.9722,120.9442,埔裡,C0H890,2017-01-29T13:00:00+08:00,440.0,249.0,0.9,26.5,0.42,965.2,-99.0,0.0,-9.9,-99,-999,南投縣,13,埔裡鎮,147
23.9722,120.9442,埔裡,C0H890,2017-01-29T14:00:00+08:00,440.0,267.0,2.5,26.6,0.45,964.4,-99.0,0.0,-9.9,-99,-999,南投縣,13,埔裡鎮,147
23.9722,120.9442,埔裡,C0H890,2017-01-29T15:00:00+08:00,440.0,268.0,2.8,25.5,0.47,964.3,-99.0,0.0,-9.9,-99,-999,南投縣,13,埔裡鎮,147
23.9722,120.9442,埔裡,C0H890,2017-01-29T16:00:00+08:00,440.0,259.0,2.0,25.6,0.47,964.5,-99.0,0.0,-9.9,-99,-999,南投縣,13,埔裡鎮,147
23.9722,120.9442,埔裡,C0H890,2017-01-29T17:00:00+08:00,440.0,252.0,2.1,24.5,0.51,965.2,-99.0,0.0,-9.9,-99,-999,南投縣,13,埔裡鎮,147
23.9722,120.9442,埔裡,C0H890,2017-01-29T18:00:00+08:00,440.0,0.0,0.0,23.3,0.56,965.8,-99.0,0.0,-9.9,-99,-999,南投縣,13,埔裡鎮,147
23.9722,120.9442,埔裡,C0H890,2017-01-29T19:00:00+08:00,440.0,212.0,1.0,21.1,0.66,966.3,-99.0,0.0,-9.9,-99,-999,南投縣,13,埔裡鎮,147
23.9722,120.9442,埔裡,C0H890,2017-01-29T20:00:00+08:00,440.0,212.0,0.6,20.3,0.71,966.7,-99.0,0.0,-9.9,-99,-999,南投縣,13,埔裡鎮,147
23.9722,120.9442,埔裡,C0H890,2017-01-29T21:00:00+08:00,440.0,236.0,0.5,19.5,0.74,967.0,-99.0,0.0,-9.9,-99,-999,南投縣,13,埔裡鎮,147
23.9722,120.9442,埔裡,C0H890,2017-01-29T22:00:00+08:00,440.0,269.0,1.1,18.2,0.76,966.9,-99.0,0.0,-9.9,-99,-999,南投縣,13,埔裡鎮,147
23.9722,120.9442,埔裡,C0H890,2017-01-29T23:00:00+08:00,440.0,245.0,0.6,17.2,0.82,966.6,-99.0,0.0,-9.9,-99,-999,南投縣,13,埔裡鎮,147
23.9722,120.9442,埔裡,C0H890,2017-01-30T00:00:00+08:00,440.0,225.0,0.4,16.7,0.85,966.7,-99.0,0.0,-9.9,-99,-999,南投縣,13,埔裡鎮,147
23.9722,120.9442,埔裡,C0H890,2017-01-30T01:00:00+08:00,440.0,224.0,0.8,16.3,0.86,966.4,-99.0,0.0,-9.9,-99,-999,南投縣,13,埔裡鎮,147
23.9722,120.9442,埔裡,C0H890,2017-01-30T02:00:00+08:00,440.0,157.0,0.5,16.0,0.87,966.5,-99.0,0.0,-9.9,-99,-999,南投縣,13,埔裡鎮,147
23.9722,120.9442,埔裡,C0H890,2017-01-30T03:00:00+08:00,440.0,214.0,0.4,15.5,0.90,966.5,-99.0,0.0,-9.9,-99,-999,南投縣,13,埔裡鎮,147
23.9722,120.9442,埔裡,C0H890,2017-01-30T04:00:00+08:00,440.0,289.0,0.9,15.4,0.92,966.2,-99.0,0.0,-9.9,-99,-999,南投縣,13,埔裡鎮,147
23.9722,120.9442,埔裡,C0H890,2017-01-30T05:00:00+08:00,440.0,193.0,0.7,15.8,0.89,966.5,-99.0,0.0,-9.9,-99,-999,南投縣,13,埔裡鎮,147
23.9722,120.9442,埔裡,C0H890,2017-01-30T06:00:00+08:00,440.0,0.0,0.0,15.9,0.90,966.8,-99.0,0.0,-9.9,-99,-999,南投縣,13,埔裡鎮,147
23.9722,120.9442,埔裡,C0H890,2017-01-30T07:00:00+08:00,440.0,111.0,0.3,16.0,0.89,967.3,-99.0,0.0,-9.9,-99,-999,南投縣,13,埔裡鎮,147
23.9722,120.9442,埔裡,C0H890,2017-01-30T08:00:00+08:00,440.0,344.0,0.4,16.8,0.88,967.6,-99.0,0.0,-9.9,-99,-999,南投縣,13,埔裡鎮,147
23.9722,120.9442,埔裡,C0H890,2017-01-30T09:00:00+08:00,440.0,336.0,0.5,18.4,0.78,968.2,-99.0,0.0,-9.9,-99,-999,南投縣,13,埔裡鎮,147
23.9722,120.9442,埔裡,C0H890,2017-01-30T10:00:00+08:00,440.0,245.0,0.6,21.6,0.64,967.5,-99.0,0.0,-9.9,-99,-999,南投縣,13,埔裡鎮,147
23.9722,120.9442,埔裡,C0H890,2017-01-30T11:00:00+08:00,440.0,315.0,0.9,24.1,0.51,966.5,-99.0,0.0,-9.9,-99,-999,南投縣,13,埔裡鎮,147
23.9722,120.9442,埔裡,C0H890,2017-01-30T12:00:00+08:00,440.0,330.0,1.0,25.5,0.47,965.3,-99.0,0.0,-9.9,-99,-999,南投縣,13,埔裡鎮,147
23.9722,120.9442,埔裡,C0H890,2017-01-30T13:00:00+08:00,440.0,265.0,2.8,26.3,0.49,964.4,-99.0,0.0,-9.9,-99,-999,南投縣,13,埔裡鎮,147
23.9722,120.9442,埔裡,C0H890,2017-01-30T14:00:00+08:00,440.0,284.0,3.0,25.9,0.52,963.9,-99.0,0.0,-9.9,-99,-999,南投縣,13,埔裡鎮,147
23.9722,120.9442,埔裡,C0H890,2017-01-30T15:00:00+08:00,440.0,274.0,2.0,25.8,0.53,963.5,-99.0,0.0,-9.9,-99,-999,南投縣,13,埔裡鎮,147
23.9722,120.9442,埔裡,C0H890,2017-01-30T16:00:00+08:00,440.0,285.0,2.8,24.5,0.59,964.2,-99.0,0.0,-9.9,-99,-999,南投縣,13,埔裡鎮,147
23.9722,120.9442,埔裡,C0H890,2017-01-30T17:00:00+08:00,440.0,300.0,1.9,23.1,0.63,965.2,-99.0,0.0,-9.9,-99,-999,南投縣,13,埔裡鎮,147
23.9722,120.9442,埔裡,C0H890,2017-01-30T18:00:00+08:00,440.0,260.0,0.5,22.4,0.66,965.9,-99.0,0.0,-9.9,-99,-999,南投縣,13,埔裡鎮,147
23.9722,120.9442,埔裡,C0H890,2017-01-30T20:00:00+08:00,440.0,285.0,0.4,20.2,0.75,967.0,-99.0,0.0,-9.9,-99,-999,南投縣,13,埔裡鎮,147
23.9722,120.9442,埔裡,C0H890,2017-01-30T21:00:00+08:00,440.0,276.0,0.8,19.5,0.77,967.0,-99.0,0.0,-9.9,-99,-999,南投縣,13,埔裡鎮,147
23.9722,120.9442,埔裡,C0H890,2017-01-30T22:00:00+08:00,440.0,253.0,0.8,18.5,0.81,966.6,-99.0,0.0,-9.9,-99,-999,南投縣,13,埔裡鎮,147
23.9722,120.9442,埔裡,C0H890,2017-01-30T23:00:00+08:00,440.0,289.0,0.6,18.0,0.83,966.7,-99.0,0.0,-9.9,-99,-999,南投縣,13,埔裡鎮,147
23.9722,120.9442,埔裡,C0H890,2017-01-31T00:00:00+08:00,440.0,0.0,0.0,18.0,0.85,966.6,-99.0,0.0,-9.9,-99,-999,南投縣,13,埔裡鎮,147
23.9722,120.9442,埔裡,C0H890,2017-01-31T01:00:00+08:00,440.0,0.0,0.0,17.1,0.87,966.4,-99.0,0.0,-9.9,-99,-999,南投縣,13,埔裡鎮,147
23.9722,120.9442,埔裡,C0H890,2017-01-31T02:00:00+08:00,440.0,0.0,0.0,16.4,0.89,965.9,-99.0,0.0,-9.9,-99,-999,南投縣,13,埔裡鎮,147
23.9722,120.9442,埔裡,C0H890,2017-01-31T03:00:00+08:00,440.0,0.0,0.0,15.7,0.91,966.0,-99.0,0.0,-9.9,-99,-999,南投縣,13,埔裡鎮,147
23.9722,120.9442,埔裡,C0H890,2017-01-31T04:00:00+08:00,440.0,281.0,0.7,15.2,0.93,966.0,-99.0,0.0,-9.9,-99,-999,南投縣,13,埔裡鎮,147
23.9722,120.9442,埔裡,C0H890,2017-01-31T05:00:00+08:00,440.0,0.0,0.0,14.8,0.94,966.4,-99.0,0.0,-9.9,-99,-999,南投縣,13,埔裡鎮,147
23.9722,120.9442,埔裡,C0H890,2017-01-31T06:00:00+08:00,440.0,206.0,0.7,14.8,0.96,966.8,-99.0,0.0,-9.9,-99,-999,南投縣,13,埔裡鎮,147
23.9722,120.9442,埔裡,C0H890,2017-01-31T07:00:00+08:00,440.0,0.0,0.2,15.0,0.94,967.4,-99.0,0.0,-9.9,-99,-999,南投縣,13,埔裡鎮,147
