23.8863,120.7585,中寮,C0H950,2017-01-01T00:00:00+08:00,192.0,0.0,0.0,15.0,0.99,998.3,-99.0,0.0,-9.9,-99,-999,南投縣,13,中寮鄉,159
23.8863,120.7585,中寮,C0H950,2017-01-10T10:00:00+08:00,192.0,287.0,0.3,20.7,0.75,996.7,-99.0,0.0,-9.9,-99,-999,南投縣,13,中寮鄉,159
23.8863,120.7585,中寮,C0H950,2017-01-10T11:00:00+08:00,192.0,287.0,0.9,21.6,0.68,996.2,-99.0,0.0,-9.9,-99,-999,南投縣,13,中寮鄉,159
23.8863,120.7585,中寮,C0H950,2017-01-10T12:00:00+08:00,192.0,276.0,0.9,22.3,0.63,995.3,-99.0,0.0,-9.9,-99,-999,南投縣,13,中寮鄉,159
23.8863,120.7585,中寮,C0H950,2017-01-10T13:00:00+08:00,192.0,277.0,1.7,23.3,0.57,994.4,-99.0,0.0,-9.9,-99,-999,南投縣,13,中寮鄉,159
23.8863,120.7585,中寮,C0H950,2017-01-10T14:00:00+08:00,192.0,312.0,1.1,23.9,0.54,993.7,-99.0,0.0,-9.9,-99,-999,南投縣,13,中寮鄉,159
23.8863,120.7585,中寮,C0H950,2017-01-10T15:00:00+08:00,192.0,288.0,0.8,24.7,0.54,993.4,-99.0,0.0,-9.9,-99,-999,南投縣,13,中寮鄉,159
23.8863,120.7585,中寮,C0H950,2017-01-10T16:00:00+08:00,192.0,320.0,0.8,24.1,0.55,993.8,-99.0,0.0,-9.9,-99,-999,南投縣,13,中寮鄉,159
23.8863,120.7585,中寮,C0H950,2017-01-10T17:00:00+08:00,192.0,0.0,0.0,22.3,0.62,994.1,-99.0,0.0,-9.9,-99,-999,南投縣,13,中寮鄉,159
23.8863,120.7585,中寮,C0H950,2017-01-10T18:00:00+08:00,192.0,0.0,0.2,18.7,0.86,994.2,-99.0,0.0,-9.9,-99,-999,南投縣,13,中寮鄉,159
23.8863,120.7585,中寮,C0H950,2017-01-10T19:00:00+08:00,192.0,0.0,0.0,17.1,0.94,994.9,-99.0,0.0,-9.9,-99,-999,南投縣,13,中寮鄉,159
23.8863,120.7585,中寮,C0H950,2017-01-10T20:00:00+08:00,192.0,0.0,0.0,16.0,0.99,995.4,-99.0,0.0,-9.9,-99,-999,南投縣,13,中寮鄉,159
23.8863,120.7585,中寮,C0H950,2017-01-10T21:00:00+08:00,192.0,0.0,0.0,15.4,0.99,996.0,-99.0,0.0,-9.9,-99,-999,南投縣,13,中寮鄉,159
23.8863,120.7585,中寮,C0H950,2017-01-10T22:00:00+08:00,192.0,251.0,0.3,14.6,0.99,996.7,-99.0,0.0,-9.9,-99,-999,南投縣,13,中寮鄉,159
23.8863,120.7585,中寮,C0H950,2017-01-10T23:00:00+08:00,192.0,335.0,0.3,14.3,0.99,996.3,-99.0,0.0,-9.9,-99,-999,南投縣,13,中寮鄉,159
23.8863,120.7585,中寮,C0H950,2017-01-11T00:00:00+08:00,192.0,0.0,0.0,14.6,0.99,996.0,-99.0,0.0,-9.9,-99,-999,南投縣,13,中寮鄉,159
23.8863,120.7585,中寮,C0H950,2017-01-11T01:00:00+08:00,192.0,0.0,0.0,14.8,0.99,995.7,-99.0,0.0,-9.9,-99,-999,南投縣,13,中寮鄉,159
23.8863,120.7585,中寮,C0H950,2017-01-11T02:00:00+08:00,192.0,0.0,0.0,14.5,0.99,995.2,-99.0,0.0,-9.9,-99,-999,南投縣,13,中寮鄉,159
23.8863,120.7585,中寮,C0H950,2017-01-11T03:00:00+08:00,192.0,0.0,0.0,14.1,0.99,995.1,-99.0,0.0,-9.9,-99,-999,南投縣,13,中寮鄉,159
23.8863,120.7585,中寮,C0H950,2017-01-11T04:00:00+08:00,192.0,0.0,0.0,13.7,0.99,995.1,-99.0,0.0,-9.9,-99,-999,南投縣,13,中寮鄉,159
23.8863,120.7585,中寮,C0H950,2017-01-11T05:00:00+08:00,192.0,0.0,0.0,13.3,0.99,995.1,-99.0,0.0,-9.9,-99,-999,南投縣,13,中寮鄉,159
23.8863,120.7585,中寮,C0H950,2017-01-11T06:00:00+08:00,192.0,0.0,0.0,12.8,0.99,995.7,-99.0,0.0,-9.9,-99,-999,南投縣,13,中寮鄉,159
23.8863,120.7585,中寮,C0H950,2017-01-11T07:00:00+08:00,192.0,0.0,0.0,12.4,0.99,995.7,-99.0,0.0,-9.9,-99,-999,南投縣,13,中寮鄉,159
23.8863,120.7585,中寮,C0H950,2017-01-11T08:00:00+08:00,192.0,0.0,0.0,13.6,0.99,996.2,-99.0,0.0,-9.9,-99,-999,南投縣,13,中寮鄉,159
23.8863,120.7585,中寮,C0H950,2017-01-11T09:00:00+08:00,192.0,0.0,0.1,16.9,0.93,996.8,-99.0,0.0,-9.9,-99,-999,南投縣,13,中寮鄉,159
23.8863,120.7585,中寮,C0H950,2017-01-11T10:00:00+08:00,192.0,289.0,0.8,20.5,0.71,996.4,-99.0,0.0,-9.9,-99,-999,南投縣,13,中寮鄉,159
23.8863,120.7585,中寮,C0H950,2017-01-11T11:00:00+08:00,192.0,318.0,1.1,22.9,0.57,995.9,-99.0,0.0,-9.9,-99,-999,南投縣,13,中寮鄉,159
23.8863,120.7585,中寮,C0H950,2017-01-11T12:00:00+08:00,192.0,263.0,0.9,24.4,0.49,994.8,-99.0,0.0,-9.9,-99,-999,南投縣,13,中寮鄉,159
23.8863,120.7585,中寮,C0H950,2017-01-11T13:00:00+08:00,192.0,315.0,0.8,24.7,0.48,993.3,-99.0,0.0,-9.9,-99,-999,南投縣,13,中寮鄉,159
23.8863,120.7585,中寮,C0H950,2017-01-11T14:00:00+08:00,192.0,303.0,1.0,25.4,0.47,992.3,-99.0,0.0,-9.9,-99,-999,南投縣,13,中寮鄉,159
23.8863,120.7585,中寮,C0H950,2017-01-11T15:00:00+08:00,192.0,300.0,0.5,25.8,0.44,991.9,-99.0,0.0,-9.9,-99,-999,南投縣,13,中寮鄉,159
23.8863,120.7585,中寮,C0H950,2017-01-11T16:00:00+08:00,192.0,303.0,0.8,24.2,0.54,992.0,-99.0,0.0,-9.9,-99,-999,南投縣,13,中寮鄉,159
23.8863,120.7585,中寮,C0H950,2017-01-11T17:00:00+08:00,192.0,287.0,0.8,22.4,0.69,992.5,-99.0,0.0,-9.9,-99,-999,南投縣,13,中寮鄉,159
23.8863,120.7585,中寮,C0H950,2017-01-11T18:00:00+08:00,192.0,274.0,0.4,20.9,0.77,993.2,-99.0,0.0,-9.9,-99,-999,南投縣,13,中寮鄉,159
23.8863,120.7585,中寮,C0H950,2017-01-11T19:00:00+08:00,192.0,0.0,0.0,19.8,0.84,994.0,-99.0,0.0,-9.9,-99,-999,南投縣,13,中寮鄉,159
23.8863,120.7585,中寮,C0H950,2017-01-11T20:00:00+08:00,192.0,0.0,0.0,18.9,0.91,994.8,-99.0,0.0,-9.9,-99,-999,南投縣,13,中寮鄉,159
23.8863,120.7585,中寮,C0H950,2017-01-11T21:00:00+08:00,192.0,0.0,0.0,18.1,0.96,994.8,-99.0,0.0,-9.9,-99,-999,南投縣,13,中寮鄉,159
23.8863,120.7585,中寮,C0H950,2017-01-11T22:00:00+08:00,192.0,0.0,0.0,17.4,0.99,995.2,-99.0,0.0,-9.9,-99,-999,南投縣,13,中寮鄉,159
23.8863,120.7585,中寮,C0H950,2017-01-11T23:00:00+08:00,192.0,0.0,0.0,17.4,0.99,995.5,-99.0,0.0,-9.9,-99,-999,南投縣,13,中寮鄉,159
23.8863,120.7585,中寮,C0H950,2017-01-12T00:00:00+08:00,192.0,0.0,0.2,17.3,0.99,994.9,-99.0,0.0,-9.9,-99,-999,南投縣,13,中寮鄉,159
23.8863,120.7585,中寮,C0H950,2017-01-12T01:00:00+08:00,192.0,0.0,0.1,17.1,0.99,994.4,-99.0,0.0,-9.9,-99,-999,南投縣,13,中寮鄉,159
23.8863,120.7585,中寮,C0H950,2017-01-12T02:00:00+08:00,192.0,0.0,0.2,17.1,0.99,994.1,-99.0,0.0,-9.9,-99,-999,南投縣,13,中寮鄉,159
23.8863,120.7585,中寮,C0H950,2017-01-12T03:00:00+08:00,192.0,226.0,0.3,17.1,0.99,993.6,-99.0,0.0,-9.9,-99,-999,南投縣,13,中寮鄉,159
23.8863,120.7585,中寮,C0H950,2017-01-12T04:00:00+08:00,192.0,0.0,0.0,17.1,0.99,993.6,-99.0,0.0,-9.9,-99,-999,南投縣,13,中寮鄉,159
23.8863,120.7585,中寮,C0H950,2017-01-12T05:00:00+08:00,192.0,0.0,0.1,17.0,0.99,993.5,-99.0,0.0,-9.9,-99,-999,南投縣,13,中寮鄉,159
23.8863,120.7585,中寮,C0H950,2017-01-12T06:00:00+08:00,192.0,0.0,0.0,16.5,0.99,993.6,-99.0,0.0,-9.9,-99,-999,南投縣,13,中寮鄉,159
23.8863,120.7585,中寮,C0H950,2017-01-12T07:00:00+08:00,192.0,110.0,0.3,16.0,0.99,993.7,-99.0,0.0,-9.9,-99,-999,南投縣,13,中寮鄉,159
23.8863,120.7585,中寮,C0H950,2017-01-12T08:00:00+08:00,192.0,0.0,0.0,16.9,0.99,993.6,-99.0,0.0,-9.9,-99,-999,南投縣,13,中寮鄉,159
23.8863,120.7585,中寮,C0H950,2017-01-12T09:00:00+08:00,192.0,309.0,0.3,19.4,0.91,992.9,-99.0,0.0,-9.9,-99,-999,南投縣,13,中寮鄉,159
23.8863,120.7585,中寮,C0H950,2017-01-12T10:00:00+08:00,192.0,344.0,0.6,21.1,0.82,993.3,-99.0,0.0,-9.9,-99,-999,南投縣,13,中寮鄉,159
23.8863,120.7585,中寮,C0H950,2017-01-12T11:00:00+08:00,192.0,282.0,0.4,21.9,0.75,992.9,-99.0,0.0,-9.9,-99,-999,南投縣,13,中寮鄉,159
23.8863,120.7585,中寮,C0H950,2017-01-12T12:00:00+08:00,192.0,271.0,0.7,22.5,0.75,992.0,-99.0,0.0,-9.9,-99,-999,南投縣,13,中寮鄉,159
23.8863,120.7585,中寮,C0H950,2017-01-12T13:00:00+08:00,192.0,303.0,0.6,23.1,0.70,991.3,-99.0,0.0,-9.9,-99,-999,南投縣,13,中寮鄉,159
23.8863,120.7585,中寮,C0H950,2017-01-12T14:00:00+08:00,192.0,259.0,0.6,23.6,0.69,990.5,-99.0,0.0,-9.9,-99,-999,南投縣,13,中寮鄉,159
23.8863,120.7585,中寮,C0H950,2017-01-12T15:00:00+08:00,192.0,269.0,0.6,23.9,0.66,990.1,-99.0,0.0,-9.9,-99,-999,南投縣,13,中寮鄉,159
23.8863,120.7585,中寮,C0H950,2017-01-12T16:00:00+08:00,192.0,295.0,0.7,23.3,0.71,990.0,-99.0,0.0,-9.9,-99,-999,南投縣,13,中寮鄉,159
23.8863,120.7585,中寮,C0H950,2017-01-12T17:00:00+08:00,192.0,309.0,0.6,21.4,0.82,990.4,-99.0,0.0,-9.9,-99,-999,南投縣,13,中寮鄉,159
23.8863,120.7585,中寮,C0H950,2017-01-12T18:00:00+08:00,192.0,276.0,0.5,19.1,0.94,991.0,-99.0,0.0,-9.9,-99,-999,南投縣,13,中寮鄉,159
23.8863,120.7585,中寮,C0H950,2017-01-12T19:00:00+08:00,192.0,273.0,0.4,18.2,0.99,991.5,-99.0,0.0,-9.9,-99,-999,南投縣,13,中寮鄉,159
23.8863,120.7585,中寮,C0H950,2017-01-12T20:00:00+08:00,192.0,287.0,0.3,18.3,0.99,992.0,-99.0,0.0,-9.9,-99,-999,南投縣,13,中寮鄉,159
23.8863,120.7585,中寮,C0H950,2017-01-12T21:00:00+08:00,192.0,302.0,0.4,18.4,0.99,992.2,-99.0,0.0,-9.9,-99,-999,南投縣,13,中寮鄉,159
23.8863,120.7585,中寮,C0H950,2017-01-12T22:00:00+08:00,192.0,256.0,0.4,18.3,0.99,992.1,-99.0,0.0,-9.9,-99,-999,南投縣,13,中寮鄉,159
23.8863,120.7585,中寮,C0H950,2017-01-12T23:00:00+08:00,192.0,0.0,0.0,18.4,0.99,992.0,-99.0,0.0,-9.9,-99,-999,南投縣,13,中寮鄉,159
23.8863,120.7585,中寮,C0H950,2017-01-13T01:00:00+08:00,192.0,0.0,0.0,18.0,0.99,991.7,-99.0,0.0,-9.9,-99,-999,南投縣,13,中寮鄉,159
23.8863,120.7585,中寮,C0H950,2017-01-13T02:00:00+08:00,192.0,0.0,0.1,18.0,0.99,991.8,-99.0,0.0,-9.9,-99,-999,南投縣,13,中寮鄉,159
23.8863,120.7585,中寮,C0H950,2017-01-13T03:00:00+08:00,192.0,0.0,0.0,18.2,0.99,991.1,-99.0,0.0,-9.9,-99,-999,南投縣,13,中寮鄉,159
23.8863,120.7585,中寮,C0H950,2017-01-13T04:00:00+08:00,192.0,303.0,0.3,18.1,0.99,991.0,-99.0,0.0,-9.9,-99,-999,南投縣,13,中寮鄉,159
23.8863,120.7585,中寮,C0H950,2017-01-13T05:00:00+08:00,192.0,298.0,0.3,18.0,0.99,990.7,-99.0,0.0,-9.9,-99,-999,南投縣,13,中寮鄉,159
23.8863,120.7585,中寮,C0H950,2017-01-13T06:00:00+08:00,192.0,333.0,0.4,18.0,0.99,990.7,-99.0,0.0,-9.9,-99,-999,南投縣,13,中寮鄉,159
23.8863,120.7585,中寮,C0H950,2017-01-13T07:00:00+08:00,192.0,279.0,0.5,18.0,0.99,991.0,-99.0,0.0,-9.9,-99,-999,南投縣,13,中寮鄉,159
23.8863,120.7585,中寮,C0H950,2017-01-13T08:00:00+08:00,192.0,321.0,0.4,18.0,0.99,992.0,-99.0,0.0,-9.9,-99,-999,南投縣,13,中寮鄉,159
23.8863,120.7585,中寮,C0H950,2017-01-13T09:00:00+08:00,192.0,281.0,0.4,18.1,0.97,992.6,-99.0,0.0,-9.9,-99,-999,南投縣,13,中寮鄉,159
23.8863,120.7585,中寮,C0H950,2017-01-13T10:00:00+08:00,192.0,291.0,0.5,19.2,0.92,992.4,-99.0,0.0,-9.9,-99,-999,南投縣,13,中寮鄉,159
23.8863,120.7585,中寮,C0H950,2017-01-13T11:00:00+08:00,192.0,291.0,0.5,20.1,0.85,992.0,-99.0,0.0,-9.9,-99,-999,南投縣,13,中寮鄉,159
23.8863,120.7585,中寮,C0H950,2017-01-13T12:00:00+08:00,192.0,280.0,0.6,20.9,0.79,990.9,-99.0,0.0,-9.9,-99,-999,南投縣,13,中寮鄉,159
23.8863,120.7585,中寮,C0H950,2017-01-13T13:00:00+08:00,192.0,321.0,0.4,21.5,0.76,990.3,-99.0,0.0,-9.9,-99,-999,南投縣,13,中寮鄉,159
23.8863,120.7585,中寮,C0H950,2017-01-13T14:00:00+08:00,192.0,271.0,0.5,20.9,0.79,989.9,-99.0,0.0,-9.9,-99,-999,南投縣,13,中寮鄉,159
23.8863,120.7585,中寮,C0H950,2017-01-13T15:00:00+08:00,192.0,304.0,0.5,19.5,0.80,990.3,-99.0,0.0,-9.9,-99,-999,南投縣,13,中寮鄉,159
23.8863,120.7585,中寮,C0H950,2017-01-13T16:00:00+08:00,192.0,286.0,0.5,18.5,0.83,990.9,-99.0,0.0,-9.9,-99,-999,南投縣,13,中寮鄉,159
23.8863,120.7585,中寮,C0H950,2017-01-13T17:00:00+08:00,192.0,274.0,0.4,18.0,0.85,990.3,-99.0,0.0,-9.9,-99,-999,南投縣,13,中寮鄉,159
23.8863,120.7585,中寮,C0H950,2017-01-13T18:00:00+08:00,192.0,284.0,0.5,17.0,0.88,991.0,-99.0,0.0,-9.9,-99,-999,南投縣,13,中寮鄉,159
23.8863,120.7585,中寮,C0H950,2017-01-13T19:00:00+08:00,192.0,0.0,0.2,16.8,0.89,991.3,-99.0,0.0,-9.9,-99,-999,南投縣,13,中寮鄉,159
23.8863,120.7585,中寮,C0H950,2017-01-13T20:00:00+08:00,192.0,304.0,0.5,16.1,0.91,991.7,-99.0,0.0,-9.9,-99,-999,南投縣,13,中寮鄉,159
23.8863,120.7585,中寮,C0H950,2017-01-13T21:00:00+08:00,192.0,0.0,0.2,16.0,0.92,992.5,-99.0,0.0,-9.9,-99,-999,南投縣,13,中寮鄉,159
23.8863,120.7585,中寮,C0H950,2017-01-13T22:00:00+08:00,192.0,0.0,0.1,15.9,0.96,993.1,-99.0,0.0,-9.9,-99,-999,南投縣,13,中寮鄉,159
23.8863,120.7585,中寮,C0H950,2017-01-13T23:00:00+08:00,192.0,319.0,0.3,15.7,0.99,992.5,-99.0,0.0,-9.9,-99,-999,南投縣,13,中寮鄉,159
23.8863,120.7585,中寮,C0H950,2017-01-14T00:00:00+08:00,192.0,297.0,0.6,15.2,0.99,992.0,-99.0,0.0,-9.9,-99,-999,南投縣,13,中寮鄉,159
23.8863,120.7585,中寮,C0H950,2017-01-14T01:00:00+08:00,192.0,248.0,0.5,15.2,0.99,992.1,-99.0,0.0,-9.9,-99,-999,南投縣,13,中寮鄉,159
23.8863,120.7585,中寮,C0H950,2017-01-14T02:00:00+08:00,192.0,320.0,0.4,14.7,0.99,991.8,-99.0,0.0,-9.9,-99,-999,南投縣,13,中寮鄉,159
23.8863,120.7585,中寮,C0H950,2017-01-14T03:00:00+08:00,192.0,299.0,0.3,14.4,0.99,992.3,-99.0,0.0,-9.9,-99,-999,南投縣,13,中寮鄉,159
23.8863,120.7585,中寮,C0H950,2017-01-14T04:00:00+08:00,192.0,0.0,0.0,14.2,0.99,992.2,-99.0,0.0,-9.9,-99,-999,南投縣,13,中寮鄉,159
23.8863,120.7585,中寮,C0H950,2017-01-14T05:00:00+08:00,192.0,0.0,0.0,14.2,0.99,992.2,-99.0,0.0,-9.9,-99,-999,南投縣,13,中寮鄉,159
23.8863,120.7585,中寮,C0H950,2017-01-14T06:00:00+08:00,192.0,292.0,0.3,14.0,0.99,992.6,-99.0,0.0,-9.9,-99,-999,南投縣,13,中寮鄉,159
23.8863,120.7585,中寮,C0H950,2017-01-14T07:00:00+08:00,192.0,297.0,0.5,13.6,0.99,993.2,-99.0,0.0,-9.9,-99,-999,南投縣,13,中寮鄉,159
23.8863,120.7585,中寮,C0H950,2017-01-14T08:00:00+08:00,192.0,279.0,0.5,13.1,0.99,993.9,-99.0,0.5,-9.9,-99,-999,南投縣,13,中寮鄉,159
23.8863,120.7585,中寮,C0H950,2017-01-14T10:00:00+08:00,192.0,260.0,0.4,14.0,0.99,995.1,-99.0,1.5,-9.9,-99,-999,南投縣,13,中寮鄉,159
23.8863,120.7585,中寮,C0H950,2017-01-14T11:00:00+08:00,192.0,263.0,0.3,14.2,0.99,994.7,-99.0,1.5,-9.9,-99,-999,南投縣,13,中寮鄉,159
23.8863,120.7585,中寮,C0H950,2017-01-14T12:00:00+08:00,192.0,299.0,0.6,14.0,0.99,994.0,-99.0,1.5,-9.9,-99,-999,南投縣,13,中寮鄉,159
23.8863,120.7585,中寮,C0H950,2017-01-14T13:00:00+08:00,192.0,295.0,0.4,14.4,0.99,993.2,-99.0,1.5,-9.9,-99,-999,南投縣,13,中寮鄉,159
23.8863,120.7585,中寮,C0H950,2017-01-14T14:00:00+08:00,192.0,0.0,0.1,14.8,0.99,992.3,-99.0,1.5,-9.9,-99,-999,南投縣,13,中寮鄉,159
23.8863,120.7585,中寮,C0H950,2017-01-14T15:00:00+08:00,192.0,312.0,0.6,15.6,0.99,992.3,-99.0,1.5,-9.9,-99,-999,南投縣,13,中寮鄉,159
23.8863,120.7585,中寮,C0H950,2017-01-14T16:00:00+08:00,192.0,289.0,0.4,16.6,0.99,992.5,-99.0,1.5,-9.9,-99,-999,南投縣,13,中寮鄉,159
23.8863,120.7585,中寮,C0H950,2017-01-14T17:00:00+08:00,192.0,0.0,0.0,16.7,0.99,992.4,-99.0,1.5,-9.9,-99,-999,南投縣,13,中寮鄉,159
23.8863,120.7585,中寮,C0H950,2017-01-14T18:00:00+08:00,192.0,247.0,0.3,16.5,0.99,993.4,-99.0,1.5,-9.9,-99,-999,南投縣,13,中寮鄉,159
23.8863,120.7585,中寮,C0H950,2017-01-14T19:00:00+08:00,192.0,288.0,0.4,15.8,0.94,994.6,-99.0,1.5,-9.9,-99,-999,南投縣,13,中寮鄉,159
23.8863,120.7585,中寮,C0H950,2017-01-14T20:00:00+08:00,192.0,303.0,0.4,14.7,0.99,995.1,-99.0,1.5,-9.9,-99,-999,南投縣,13,中寮鄉,159
23.8863,120.7585,中寮,C0H950,2017-01-14T21:00:00+08:00,192.0,0.0,0.2,14.7,0.99,995.4,-99.0,1.5,-9.9,-99,-999,南投縣,13,中寮鄉,159
23.8863,120.7585,中寮,C0H950,2017-01-14T22:00:00+08:00,192.0,338.0,0.3,14.5,0.99,995.7,-99.0,1.5,-9.9,-99,-999,南投縣,13,中寮鄉,159
23.8863,120.7585,中寮,C0H950,2017-01-14T23:00:00+08:00,192.0,291.0,0.4,14.5,0.99,995.7,-99.0,1.5,-9.9,-99,-999,南投縣,13,中寮鄉,159
23.8863,120.7585,中寮,C0H950,2017-01-15T00:00:00+08:00,192.0,287.0,0.3,14.3,0.99,995.7,-99.0,1.5,-9.9,-99,-999,南投縣,13,中寮鄉,159
23.8863,120.7585,中寮,C0H950,2017-01-15T01:00:00+08:00,192.0,0.0,0.0,14.3,0.99,996.1,-99.0,0.0,-9.9,-99,-999,南投縣,13,中寮鄉,159
23.8863,120.7585,中寮,C0H950,2017-01-15T02:00:00+08:00,192.0,0.0,0.0,14.4,0.99,995.7,-99.0,0.0,-9.9,-99,-999,南投縣,13,中寮鄉,159
23.8863,120.7585,中寮,C0H950,2017-01-15T03:00:00+08:00,192.0,0.0,0.0,14.6,0.99,995.7,-99.0,0.0,-9.9,-99,-999,南投縣,13,中寮鄉,159
23.8863,120.7585,中寮,C0H950,2017-01-15T04:00:00+08:00,192.0,0.0,0.0,14.5,0.99,994.6,-99.0,0.0,-9.9,-99,-999,南投縣,13,中寮鄉,159
23.8863,120.7585,中寮,C0H950,2017-01-15T05:00:00+08:00,192.0,0.0,0.1,13.8,0.99,994.7,-99.0,0.0,-9.9,-99,-999,南投縣,13,中寮鄉,159
23.8863,120.7585,中寮,C0H950,2017-01-15T06:00:00+08:00,192.0,315.0,0.3,14.0,0.99,995.4,-99.0,0.0,-9.9,-99,-999,南投縣,13,中寮鄉,159
23.8863,120.7585,中寮,C0H950,2017-01-15T07:00:00+08:00,192.0,278.0,0.3,13.7,0.99,995.7,-99.0,0.0,-9.9,-99,-999,南投縣,13,中寮鄉,159
23.8863,120.7585,中寮,C0H950,2017-01-15T08:00:00+08:00,192.0,280.0,0.5,13.7,0.99,997.1,-99.0,0.0,-9.9,-99,-999,南投縣,13,中寮鄉,159
23.8863,120.7585,中寮,C0H950,2017-01-15T09:00:00+08:00,192.0,270.0,0.3,14.5,0.99,997.3,-99.0,0.0,-9.9,-99,-999,南投縣,13,中寮鄉,159
23.8863,120.7585,中寮,C0H950,2017-01-15T10:00:00+08:00,192.0,0.0,0.2,14.4,0.99,997.4,-99.0,0.0,-9.9,-99,-999,南投縣,13,中寮鄉,159
23.8863,120.7585,中寮,C0H950,2017-01-15T11:00:00+08:00,192.0,276.0,0.3,14.6,0.99,996.9,-99.0,0.0,-9.9,-99,-999,南投縣,13,中寮鄉,159
23.8863,120.7585,中寮,C0H950,2017-01-15T12:00:00+08:00,192.0,279.0,0.4,14.8,0.99,996.2,-99.0,0.0,-9.9,-99,-999,南投縣,13,中寮鄉,159
23.8863,120.7585,中寮,C0H950,2017-01-15T13:00:00+08:00,192.0,324.0,0.4,15.9,0.97,995.6,-99.0,0.0,-9.9,-99,-999,南投縣,13,中寮鄉,159
23.8863,120.7585,中寮,C0H950,2017-01-15T14:00:00+08:00,192.0,276.0,0.4,16.7,0.94,994.8,-99.0,0.0,-9.9,-99,-999,南投縣,13,中寮鄉,159
23.8863,120.7585,中寮,C0H950,2017-01-15T15:00:00+08:00,192.0,0.0,0.1,16.7,0.96,994.7,-99.0,0.5,-9.9,-99,-999,南投縣,13,中寮鄉,159
23.8863,120.7585,中寮,C0H950,2017-01-15T16:00:00+08:00,192.0,308.0,0.3,17.5,0.94,994.6,-99.0,0.5,-9.9,-99,-999,南投縣,13,中寮鄉,159
23.8863,120.7585,中寮,C0H950,2017-01-15T17:00:00+08:00,192.0,0.0,0.1,17.2,0.94,994.7,-99.0,0.5,-9.9,-99,-999,南投縣,13,中寮鄉,159
23.8863,120.7585,中寮,C0H950,2017-01-15T18:00:00+08:00,192.0,318.0,0.4,16.0,0.94,995.2,-99.0,0.5,-9.9,-99,-999,南投縣,13,中寮鄉,159
23.8863,120.7585,中寮,C0H950,2017-01-15T19:00:00+08:00,192.0,0.0,0.2,15.3,0.93,995.8,-99.0,0.5,-9.9,-99,-999,南投縣,13,中寮鄉,159
23.8863,120.7585,中寮,C0H950,2017-01-15T20:00:00+08:00,192.0,298.0,0.3,15.1,0.94,996.2,-99.0,0.5,-9.9,-99,-999,南投縣,13,中寮鄉,159
23.8863,120.7585,中寮,C0H950,2017-01-15T21:00:00+08:00,192.0,337.0,0.3,14.7,0.95,996.5,-99.0,0.5,-9.9,-99,-999,南投縣,13,中寮鄉,159
23.8863,120.7585,中寮,C0H950,2017-01-15T22:00:00+08:00,192.0,0.0,0.0,14.6,0.95,996.7,-99.0,0.5,-9.9,-99,-999,南投縣,13,中寮鄉,159
23.8863,120.7585,中寮,C0H950,2017-01-15T23:00:00+08:00,192.0,348.0,0.3,13.9,0.99,996.5,-99.0,0.5,-9.9,-99,-999,南投縣,13,中寮鄉,159
23.8863,120.7585,中寮,C0H950,2017-01-16T00:00:00+08:00,192.0,0.0,0.1,13.7,0.98,996.8,-99.0,0.5,-9.9,-99,-999,南投縣,13,中寮鄉,159
23.8863,120.7585,中寮,C0H950,2017-01-16T01:00:00+08:00,192.0,47.0,0.3,13.7,0.98,997.2,-99.0,0.0,-9.9,-99,-999,南投縣,13,中寮鄉,159
23.8863,120.7585,中寮,C0H950,2017-01-16T02:00:00+08:00,192.0,0.0,0.0,13.5,0.99,996.8,-99.0,0.0,-9.9,-99,-999,南投縣,13,中寮鄉,159
23.8863,120.7585,中寮,C0H950,2017-01-16T03:00:00+08:00,192.0,0.0,0.1,13.5,0.99,996.2,-99.0,0.5,-9.9,-99,-999,南投縣,13,中寮鄉,159
23.8863,120.7585,中寮,C0H950,2017-01-16T04:00:00+08:00,192.0,330.0,0.4,13.6,0.99,996.1,-99.0,0.5,-9.9,-99,-999,南投縣,13,中寮鄉,159
23.8863,120.7585,中寮,C0H950,2017-01-16T05:00:00+08:00,192.0,0.0,0.2,13.4,0.99,996.5,-99.0,0.5,-9.9,-99,-999,南投縣,13,中寮鄉,159
23.8863,120.7585,中寮,C0H950,2017-01-16T06:00:00+08:00,192.0,322.0,0.3,13.4,0.99,996.6,-99.0,0.5,-9.9,-99,-999,南投縣,13,中寮鄉,159
23.8863,120.7585,中寮,C0H950,2017-01-16T07:00:00+08:00,192.0,0.0,0.2,13.4,0.99,996.7,-99.0,0.5,-9.9,-99,-999,南投縣,13,中寮鄉,159
23.8863,120.7585,中寮,C0H950,2017-01-16T08:00:00+08:00,192.0,0.0,0.2,13.7,0.99,997.0,-99.0,0.5,-9.9,-99,-999,南投縣,13,中寮鄉,159
23.8863,120.7585,中寮,C0H950,2017-01-16T10:00:00+08:00,192.0,344.0,0.5,16.1,0.97,997.3,-99.0,0.5,-9.9,-99,-999,南投縣,13,中寮鄉,159
23.8863,120.7585,中寮,C0H950,2017-01-16T11:00:00+08:00,192.0,312.0,0.6,16.4,0.95,997.1,-99.0,0.5,-9.9,-99,-999,南投縣,13,中寮鄉,159
23.8863,120.7585,中寮,C0H950,2017-01-16T12:00:00+08:00,192.0,332.0,0.4,17.2,0.90,996.4,-99.0,0.5,-9.9,-99,-999,南投縣,13,中寮鄉,159
23.8863,120.7585,中寮,C0H950,2017-01-16T13:00:00+08:00,192.0,281.0,0.4,17.8,0.86,995.5,-99.0,0.5,-9.9,-99,-999,南投縣,13,中寮鄉,159
23.8863,120.7585,中寮,C0H950,2017-01-16T14:00:00+08:00,192.0,291.0,0.5,18.4,0.84,994.7,-99.0,0.5,-9.9,-99,-999,南投縣,13,中寮鄉,159
23.8863,120.7585,中寮,C0H950,2017-01-16T15:00:00+08:00,192.0,0.0,0.0,19.3,0.80,994.2,-99.0,0.5,-9.9,-99,-999,南投縣,13,中寮鄉,159
23.8863,120.7585,中寮,C0H950,2017-01-16T16:00:00+08:00,192.0,319.0,0.6,19.6,0.78,994.2,-99.0,0.5,-9.9,-99,-999,南投縣,13,中寮鄉,159
23.8863,120.7585,中寮,C0H950,2017-01-16T17:00:00+08:00,192.0,307.0,0.4,18.9,0.79,994.7,-99.0,0.5,-9.9,-99,-999,南投縣,13,中寮鄉,159
23.8863,120.7585,中寮,C0H950,2017-01-16T18:00:00+08:00,192.0,0.0,0.0,16.7,0.95,995.2,-99.0,0.5,-9.9,-99,-999,南投縣,13,中寮鄉,159
23.8863,120.7585,中寮,C0H950,2017-01-16T19:00:00+08:00,192.0,0.0,0.0,16.3,0.99,995.8,-99.0,0.5,-9.9,-99,-999,南投縣,13,中寮鄉,159
23.8863,120.7585,中寮,C0H950,2017-01-16T20:00:00+08:00,192.0,0.0,0.0,15.5,0.99,996.6,-99.0,0.5,-9.9,-99,-999,南投縣,13,中寮鄉,159
23.8863,120.7585,中寮,C0H950,2017-01-16T21:00:00+08:00,192.0,0.0,0.0,14.8,0.99,997.3,-99.0,0.5,-9.9,-99,-999,南投縣,13,中寮鄉,159
23.8863,120.7585,中寮,C0H950,2017-01-16T22:00:00+08:00,192.0,0.0,0.0,14.0,0.99,997.4,-99.0,0.5,-9.9,-99,-999,南投縣,13,中寮鄉,159
23.8863,120.7585,中寮,C0H950,2017-01-16T23:00:00+08:00,192.0,0.0,0.0,13.6,0.99,997.9,-99.0,0.5,-9.9,-99,-999,南投縣,13,中寮鄉,159
23.8863,120.7585,中寮,C0H950,2017-01-17T00:00:00+08:00,192.0,0.0,0.0,13.1,0.99,997.5,-99.0,0.5,-9.9,-99,-999,南投縣,13,中寮鄉,159
23.8863,120.7585,中寮,C0H950,2017-01-17T01:00:00+08:00,192.0,292.0,0.3,12.8,0.99,997.1,-99.0,0.0,-9.9,-99,-999,南投縣,13,中寮鄉,159
23.8863,120.7585,中寮,C0H950,2017-01-17T02:00:00+08:00,192.0,332.0,0.6,12.5,0.99,996.5,-99.0,0.0,-9.9,-99,-999,南投縣,13,中寮鄉,159
23.8863,120.7585,中寮,C0H950,2017-01-17T04:00:00+08:00,192.0,0.0,0.0,14.1,0.99,997.6,-99.0,0.0,-9.9,-99,-999,南投縣,13,中寮鄉,159
23.8863,120.7585,中寮,C0H950,2017-01-17T05:00:00+08:00,192.0,0.0,0.0,13.9,0.99,997.4,-99.0,0.0,-9.9,-99,-999,南投縣,13,中寮鄉,159
23.8863,120.7585,中寮,C0H950,2017-01-17T06:00:00+08:00,192.0,0.0,0.1,13.3,0.99,997.6,-99.0,0.0,-9.9,-99,-999,南投縣,13,中寮鄉,159
23.8863,120.7585,中寮,C0H950,2017-01-17T08:00:00+08:00,192.0,125.0,0.3,14.0,0.99,998.8,-99.0,0.0,-9.9,-99,-999,南投縣,13,中寮鄉,159
23.8863,120.7585,中寮,C0H950,2017-01-17T09:00:00+08:00,192.0,344.0,0.3,16.2,0.99,999.0,-99.0,0.0,-9.9,-99,-999,南投縣,13,中寮鄉,159
23.8863,120.7585,中寮,C0H950,2017-01-17T10:00:00+08:00,192.0,247.0,0.3,20.4,0.76,998.9,-99.0,0.0,-9.9,-99,-999,南投縣,13,中寮鄉,159
23.8863,120.7585,中寮,C0H950,2017-01-17T11:00:00+08:00,192.0,263.0,0.8,21.6,0.72,998.4,-99.0,0.0,-9.9,-99,-999,南投縣,13,中寮鄉,159
23.8863,120.7585,中寮,C0H950,2017-01-17T12:00:00+08:00,192.0,313.0,1.1,22.3,0.64,997.5,-99.0,0.0,-9.9,-99,-999,南投縣,13,中寮鄉,159
23.8863,120.7585,中寮,C0H950,2017-01-17T13:00:00+08:00,192.0,306.0,1.2,23.3,0.58,996.6,-99.0,0.0,-9.9,-99,-999,南投縣,13,中寮鄉,159
23.8863,120.7585,中寮,C0H950,2017-01-17T14:00:00+08:00,192.0,302.0,1.4,23.2,0.59,996.3,-99.0,0.0,-9.9,-99,-999,南投縣,13,中寮鄉,159
23.8863,120.7585,中寮,C0H950,2017-01-17T15:00:00+08:00,192.0,323.0,1.6,22.9,0.65,995.9,-99.0,0.0,-9.9,-99,-999,南投縣,13,中寮鄉,159
23.8863,120.7585,中寮,C0H950,2017-01-17T16:00:00+08:00,192.0,334.0,0.9,21.6,0.69,996.4,-99.0,0.0,-9.9,-99,-999,南投縣,13,中寮鄉,159
23.8863,120.7585,中寮,C0H950,2017-01-17T17:00:00+08:00,192.0,292.0,0.5,20.3,0.76,996.7,-99.0,0.0,-9.9,-99,-999,南投縣,13,中寮鄉,159
23.8863,120.7585,中寮,C0H950,2017-01-17T18:00:00+08:00,192.0,0.0,0.2,18.4,0.86,997.4,-99.0,0.0,-9.9,-99,-999,南投縣,13,中寮鄉,159
23.8863,120.7585,中寮,C0H950,2017-01-17T19:00:00+08:00,192.0,0.0,0.0,16.9,0.95,998.2,-99.0,0.0,-9.9,-99,-999,南投縣,13,中寮鄉,159
23.8863,120.7585,中寮,C0H950,2017-01-17T20:00:00+08:00,192.0,106.0,0.4,16.2,0.99,998.6,-99.0,0.0,-9.9,-99,-999,南投縣,13,中寮鄉,159
23.8863,120.7585,中寮,C0H950,2017-01-17T21:00:00+08:00,192.0,0.0,0.0,15.3,0.99,999.2,-99.0,0.0,-9.9,-99,-999,南投縣,13,中寮鄉,159
23.8863,120.7585,中寮,C0H950,2017-01-17T22:00:00+08:00,192.0,0.0,0.2,15.2,0.99,999.5,-99.0,0.0,-9.9,-99,-999,南投縣,13,中寮鄉,159
23.8863,120.7585,中寮,C0H950,2017-01-17T23:00:00+08:00,192.0,0.0,0.2,14.5,0.99,999.8,-99.0,0.0,-9.9,-99,-999,南投縣,13,中寮鄉,159
23.8863,120.7585,中寮,C0H950,2017-01-18T00:00:00+08:00,192.0,0.0,0.0,14.4,0.99,999.5,-99.0,0.0,-9.9,-99,-999,南投縣,13,中寮鄉,159
23.8863,120.7585,中寮,C0H950,2017-01-18T01:00:00+08:00,192.0,0.0,0.0,14.4,0.99,999.6,-99.0,0.0,-9.9,-99,-999,南投縣,13,中寮鄉,159
23.8863,120.7585,中寮,C0H950,2017-01-18T02:00:00+08:00,192.0,0.0,0.0,13.9,0.99,999.6,-99.0,0.0,-9.9,-99,-999,南投縣,13,中寮鄉,159
23.8863,120.7585,中寮,C0H950,2017-01-18T03:00:00+08:00,192.0,0.0,0.0,13.4,0.99,999.6,-99.0,0.0,-9.9,-99,-999,南投縣,13,中寮鄉,159
23.8863,120.7585,中寮,C0H950,2017-01-18T04:00:00+08:00,192.0,0.0,0.0,14.6,0.99,999.6,-99.0,0.0,-9.9,-99,-999,南投縣,13,中寮鄉,159
23.8863,120.7585,中寮,C0H950,2017-01-18T05:00:00+08:00,192.0,0.0,0.0,14.7,0.99,999.6,-99.0,0.0,-9.9,-99,-999,南投縣,13,中寮鄉,159
23.8863,120.7585,中寮,C0H950,2017-01-18T06:00:00+08:00,192.0,0.0,0.0,14.1,0.99,999.7,-99.0,0.0,-9.9,-99,-999,南投縣,13,中寮鄉,159
23.8863,120.7585,中寮,C0H950,2017-01-18T07:00:00+08:00,192.0,0.0,0.0,13.9,0.99,999.7,-99.0,0.0,-9.9,-99,-999,南投縣,13,中寮鄉,159
23.8863,120.7585,中寮,C0H950,2017-01-18T08:00:00+08:00,192.0,180.0,0.4,15.1,0.99,1000.3,-99.0,0.0,-9.9,-99,-999,南投縣,13,中寮鄉,159
23.8863,120.7585,中寮,C0H950,2017-01-18T10:00:00+08:00,192.0,306.0,0.5,18.6,0.90,1000.3,-99.0,0.0,-9.9,-99,-999,南投縣,13,中寮鄉,159
23.8863,120.7585,中寮,C0H950,2017-01-18T11:00:00+08:00,192.0,282.0,0.7,21.1,0.78,999.6,-99.0,0.0,-9.9,-99,-999,南投縣,13,中寮鄉,159
23.8863,120.7585,中寮,C0H950,2017-01-18T12:00:00+08:00,192.0,145.0,0.6,23.3,0.68,997.8,-99.0,0.0,-9.9,-99,-999,南投縣,13,中寮鄉,159
23.8863,120.7585,中寮,C0H950,2017-01-18T13:00:00+08:00,192.0,260.0,1.1,25.1,0.60,996.7,-99.0,0.0,-9.9,-99,-999,南投縣,13,中寮鄉,159
23.8863,120.7585,中寮,C0H950,2017-01-18T14:00:00+08:00,192.0,293.0,2.0,24.8,0.62,996.4,-99.0,0.0,-9.9,-99,-999,南投縣,13,中寮鄉,159
23.8863,120.7585,中寮,C0H950,2017-01-18T15:00:00+08:00,192.0,283.0,1.2,23.5,0.71,996.5,-99.0,0.0,-9.9,-99,-999,南投縣,13,中寮鄉,159
23.8863,120.7585,中寮,C0H950,2017-01-18T16:00:00+08:00,192.0,344.0,0.8,23.2,0.70,996.4,-99.0,0.0,-9.9,-99,-999,南投縣,13,中寮鄉,159
23.8863,120.7585,中寮,C0H950,2017-01-18T17:00:00+08:00,192.0,296.0,0.7,21.5,0.80,996.8,-99.0,0.0,-9.9,-99,-999,南投縣,13,中寮鄉,159
23.8863,120.7585,中寮,C0H950,2017-01-18T18:00:00+08:00,192.0,287.0,0.4,19.2,0.93,997.1,-99.0,0.0,-9.9,-99,-999,南投縣,13,中寮鄉,159
23.8863,120.7585,中寮,C0H950,2017-01-18T19:00:00+08:00,192.0,0.0,0.0,17.8,0.99,997.7,-99.0,0.0,-9.9,-99,-999,南投縣,13,中寮鄉,159
23.8863,120.7585,中寮,C0H950,2017-01-18T20:00:00+08:00,192.0,0.0,0.0,16.8,0.99,997.9,-99.0,0.0,-9.9,-99,-999,南投縣,13,中寮鄉,159
23.8863,120.7585,中寮,C0H950,2017-01-18T21:00:00+08:00,192.0,0.0,0.0,16.2,0.99,998.3,-99.0,0.0,-9.9,-99,-999,南投縣,13,中寮鄉,159
23.8863,120.7585,中寮,C0H950,2017-01-18T22:00:00+08:00,192.0,0.0,0.0,15.6,0.99,998.5,-99.0,0.0,-9.9,-99,-999,南投縣,13,中寮鄉,159
23.8863,120.7585,中寮,C0H950,2017-01-18T23:00:00+08:00,192.0,0.0,0.0,15.7,0.99,998.6,-99.0,0.0,-9.9,-99,-999,南投縣,13,中寮鄉,159
23.8863,120.7585,中寮,C0H950,2017-01-19T00:00:00+08:00,192.0,285.0,0.4,16.2,0.99,998.6,-99.0,0.0,-9.9,-99,-999,南投縣,13,中寮鄉,159
23.8863,120.7585,中寮,C0H950,2017-01-19T01:00:00+08:00,192.0,0.0,0.0,16.4,0.99,998.5,-99.0,0.0,-9.9,-99,-999,南投縣,13,中寮鄉,159
23.8863,120.7585,中寮,C0H950,2017-01-19T02:00:00+08:00,192.0,0.0,0.0,16.1,0.99,998.0,-99.0,0.0,-9.9,-99,-999,南投縣,13,中寮鄉,159
23.8863,120.7585,中寮,C0H950,2017-01-19T03:00:00+08:00,192.0,0.0,0.0,15.6,0.99,997.9,-99.0,0.0,-9.9,-99,-999,南投縣,13,中寮鄉,159
23.8863,120.7585,中寮,C0H950,2017-01-19T04:00:00+08:00,192.0,0.0,0.0,16.0,0.99,998.3,-99.0,0.0,-9.9,-99,-999,南投縣,13,中寮鄉,159
23.8863,120.7585,中寮,C0H950,2017-01-19T05:00:00+08:00,192.0,0.0,0.0,16.0,0.99,998.1,-99.0,0.0,-9.9,-99,-999,南投縣,13,中寮鄉,159
23.8863,120.7585,中寮,C0H950,2017-01-19T06:00:00+08:00,192.0,0.0,0.0,16.1,0.99,998.4,-99.0,0.0,-9.9,-99,-999,南投縣,13,中寮鄉,159
23.8863,120.7585,中寮,C0H950,2017-01-19T07:00:00+08:00,192.0,0.0,0.0,15.5,0.99,998.6,-99.0,0.0,-9.9,-99,-999,南投縣,13,中寮鄉,159
23.8863,120.7585,中寮,C0H950,2017-01-19T08:00:00+08:00,192.0,0.0,0.2,16.9,0.99,998.9,-99.0,0.0,-9.9,-99,-999,南投縣,13,中寮鄉,159
23.8863,120.7585,中寮,C0H950,2017-01-19T09:00:00+08:00,192.0,281.0,0.3,19.2,0.94,999.2,-99.0,0.0,-9.9,-99,-999,南投縣,13,中寮鄉,159
23.8863,120.7585,中寮,C0H950,2017-01-19T10:00:00+08:00,192.0,0.0,0.2,22.5,0.75,998.9,-99.0,0.0,-9.9,-99,-999,南投縣,13,中寮鄉,159
23.8863,120.7585,中寮,C0H950,2017-01-19T11:00:00+08:00,192.0,277.0,1.3,24.2,0.69,998.4,-99.0,0.0,-9.9,-99,-999,南投縣,13,中寮鄉,159
23.8863,120.7585,中寮,C0H950,2017-01-19T12:00:00+08:00,192.0,284.0,1.2,25.3,0.56,997.1,-99.0,0.0,-9.9,-99,-999,南投縣,13,中寮鄉,159
23.8863,120.7585,中寮,C0H950,2017-01-19T13:00:00+08:00,192.0,276.0,1.3,26.2,0.51,995.9,-99.0,0.0,-9.9,-99,-999,南投縣,13,中寮鄉,159
23.8863,120.7585,中寮,C0H950,2017-01-19T14:00:00+08:00,192.0,267.0,1.4,26.7,0.52,994.8,-99.0,0.0,-9.9,-99,-999,南投縣,13,中寮鄉,159
23.8863,120.7585,中寮,C0H950,2017-01-19T15:00:00+08:00,192.0,293.0,1.0,26.3,0.54,994.4,-99.0,0.0,-9.9,-99,-999,南投縣,13,中寮鄉,159
23.8863,120.7585,中寮,C0H950,2017-01-19T16:00:00+08:00,192.0,347.0,0.7,26.0,0.55,994.4,-99.0,0.0,-9.9,-99,-999,南投縣,13,中寮鄉,159
23.8863,120.7585,中寮,C0H950,2017-01-19T17:00:00+08:00,192.0,317.0,1.0,21.7,0.77,995.1,-99.0,0.0,-9.9,-99,-999,南投縣,13,中寮鄉,159
23.8863,120.7585,中寮,C0H950,2017-01-19T18:00:00+08:00,192.0,299.0,0.3,19.5,0.88,995.6,-99.0,0.0,-9.9,-99,-999,南投縣,13,中寮鄉,159
23.8863,120.7585,中寮,C0H950,2017-01-19T19:00:00+08:00,192.0,281.0,0.3,18.3,0.95,996.2,-99.0,0.0,-9.9,-99,-999,南投縣,13,中寮鄉,159
23.8863,120.7585,中寮,C0H950,2017-01-19T20:00:00+08:00,192.0,0.0,0.0,17.0,0.99,996.5,-99.0,0.0,-9.9,-99,-999,南投縣,13,中寮鄉,159
23.8863,120.7585,中寮,C0H950,2017-01-19T21:00:00+08:00,192.0,0.0,0.0,16.2,0.99,996.8,-99.0,0.0,-9.9,-99,-999,南投縣,13,中寮鄉,159
23.8863,120.7585,中寮,C0H950,2017-01-19T22:00:00+08:00,192.0,0.0,0.0,15.9,0.99,996.9,-99.0,0.0,-9.9,-99,-999,南投縣,13,中寮鄉,159
23.8863,120.7585,中寮,C0H950,2017-01-19T23:00:00+08:00,192.0,0.0,0.0,15.4,0.99,997.0,-99.0,0.0,-9.9,-99,-999,南投縣,13,中寮鄉,159
23.8863,120.7585,中寮,C0H950,2017-01-20T00:00:00+08:00,192.0,0.0,0.0,15.2,0.99,997.0,-99.0,0.0,-9.9,-99,-999,南投縣,13,中寮鄉,159
23.8863,120.7585,中寮,C0H950,2017-01-20T01:00:00+08:00,192.0,0.0,0.0,15.3,0.99,996.8,-99.0,0.0,-9.9,-99,-999,南投縣,13,中寮鄉,159
23.8863,120.7585,中寮,C0H950,2017-01-20T02:00:00+08:00,192.0,0.0,0.0,15.5,0.99,997.1,-99.0,0.0,-9.9,-99,-999,南投縣,13,中寮鄉,159
23.8863,120.7585,中寮,C0H950,2017-01-20T03:00:00+08:00,192.0,0.0,0.0,15.8,0.99,996.9,-99.0,0.0,-9.9,-99,-999,南投縣,13,中寮鄉,159
23.8863,120.7585,中寮,C0H950,2017-01-20T04:00:00+08:00,192.0,321.0,0.3,15.9,0.99,996.8,-99.0,0.0,-9.9,-99,-999,南投縣,13,中寮鄉,159
23.8863,120.7585,中寮,C0H950,2017-01-20T05:00:00+08:00,192.0,0.0,0.2,16.2,0.99,996.9,-99.0,0.0,-9.9,-99,-999,南投縣,13,中寮鄉,159
23.8863,120.7585,中寮,C0H950,2017-01-20T06:00:00+08:00,192.0,0.0,0.0,16.3,0.99,997.4,-99.0,0.0,-9.9,-99,-999,南投縣,13,中寮鄉,159
23.8863,120.7585,中寮,C0H950,2017-01-20T07:00:00+08:00,192.0,293.0,0.5,15.8,0.99,998.0,-99.0,0.0,-9.9,-99,-999,南投縣,13,中寮鄉,159
23.8863,120.7585,中寮,C0H950,2017-01-20T08:00:00+08:00,192.0,274.0,0.5,15.5,0.99,998.6,-99.0,0.0,-9.9,-99,-999,南投縣,13,中寮鄉,159
23.8863,120.7585,中寮,C0H950,2017-01-20T09:00:00+08:00,192.0,302.0,0.3,15.8,0.97,999.1,-99.0,0.0,-9.9,-99,-999,南投縣,13,中寮鄉,159
23.8863,120.7585,中寮,C0H950,2017-01-20T10:00:00+08:00,192.0,294.0,0.5,17.0,0.93,999.4,-99.0,0.0,-9.9,-99,-999,南投縣,13,中寮鄉,159
23.8863,120.7585,中寮,C0H950,2017-01-20T11:00:00+08:00,192.0,298.0,0.5,18.9,0.84,999.1,-99.0,0.0,-9.9,-99,-999,南投縣,13,中寮鄉,159
23.8863,120.7585,中寮,C0H950,2017-01-20T12:00:00+08:00,192.0,299.0,1.2,21.3,0.70,998.0,-99.0,0.0,-9.9,-99,-999,南投縣,13,中寮鄉,159
23.8863,120.7585,中寮,C0H950,2017-01-20T13:00:00+08:00,192.0,250.0,1.2,22.1,0.62,997.0,-99.0,0.0,-9.9,-99,-999,南投縣,13,中寮鄉,159
23.8863,120.7585,中寮,C0H950,2017-01-20T14:00:00+08:00,192.0,293.0,1.3,21.9,0.61,996.3,-99.0,0.0,-9.9,-99,-999,南投縣,13,中寮鄉,159
23.8863,120.7585,中寮,C0H950,2017-01-20T15:00:00+08:00,192.0,261.0,1.3,21.5,0.61,995.9,-99.0,0.0,-9.9,-99,-999,南投縣,13,中寮鄉,159
23.8863,120.7585,中寮,C0H950,2017-01-20T16:00:00+08:00,192.0,276.0,0.9,20.4,0.62,996.0,-99.0,0.0,-9.9,-99,-999,南投縣,13,中寮鄉,159
23.8863,120.7585,中寮,C0H950,2017-01-20T17:00:00+08:00,192.0,274.0,0.6,17.3,0.70,996.7,-99.0,0.0,-9.9,-99,-999,南投縣,13,中寮鄉,159
23.8863,120.7585,中寮,C0H950,2017-01-20T18:00:00+08:00,192.0,297.0,0.6,15.5,0.75,997.4,-99.0,0.0,-9.9,-99,-999,南投縣,13,中寮鄉,159
23.8863,120.7585,中寮,C0H950,2017-01-20T19:00:00+08:00,192.0,286.0,0.5,13.6,0.80,998.2,-99.0,0.0,-9.9,-99,-999,南投縣,13,中寮鄉,159
23.8863,120.7585,中寮,C0H950,2017-01-20T20:00:00+08:00,192.0,306.0,0.4,13.1,0.80,998.6,-99.0,0.0,-9.9,-99,-999,南投縣,13,中寮鄉,159
23.8863,120.7585,中寮,C0H950,2017-01-20T21:00:00+08:00,192.0,296.0,0.4,12.7,0.82,998.9,-99.0,0.0,-9.9,-99,-999,南投縣,13,中寮鄉,159
23.8863,120.7585,中寮,C0H950,2017-01-20T23:00:00+08:00,192.0,303.0,0.3,12.3,0.82,999.1,-99.0,0.0,-9.9,-99,-999,南投縣,13,中寮鄉,159
23.8863,120.7585,中寮,C0H950,2017-01-21T00:00:00+08:00,192.0,0.0,0.1,12.5,0.80,999.4,-99.0,0.0,-9.9,-99,-999,南投縣,13,中寮鄉,159
23.8863,120.7585,中寮,C0H950,2017-01-21T01:00:00+08:00,192.0,0.0,0.2,12.4,0.80,999.4,-99.0,0.0,-9.9,-99,-999,南投縣,13,中寮鄉,159
23.8863,120.7585,中寮,C0H950,2017-01-21T02:00:00+08:00,192.0,0.0,0.1,12.4,0.81,999.6,-99.0,0.0,-9.9,-99,-999,南投縣,13,中寮鄉,159
23.8863,120.7585,中寮,C0H950,2017-01-21T03:00:00+08:00,192.0,0.0,0.1,12.2,0.81,999.2,-99.0,0.0,-9.9,-99,-999,南投縣,13,中寮鄉,159
23.8863,120.7585,中寮,C0H950,2017-01-21T04:00:00+08:00,192.0,291.0,0.3,12.2,0.81,999.6,-99.0,0.0,-9.9,-99,-999,南投縣,13,中寮鄉,159
23.8863,120.7585,中寮,C0H950,2017-01-21T05:00:00+08:00,192.0,0.0,0.1,11.8,0.90,1000.0,-99.0,0.5,-9.9,-99,-999,南投縣,13,中寮鄉,159
23.8863,120.7585,中寮,C0H950,2017-01-21T06:00:00+08:00,192.0,63.0,0.3,11.7,0.99,1000.6,-99.0,1.0,-9.9,-99,-999,南投縣,13,中寮鄉,159
23.8863,120.7585,中寮,C0H950,2017-01-21T07:00:00+08:00,192.0,0.0,0.1,11.5,0.99,1001.2,-99.0,1.0,-9.9,-99,-999,南投縣,13,中寮鄉,159
23.8863,120.7585,中寮,C0H950,2017-01-21T08:00:00+08:00,192.0,292.0,0.4,11.9,0.96,1001.7,-99.0,1.0,-9.9,-99,-999,南投縣,13,中寮鄉,159
23.8863,120.7585,中寮,C0H950,2017-01-21T10:00:00+08:00,192.0,303.0,0.4,14.2,0.80,1002.9,-99.0,1.0,-9.9,-99,-999,南投縣,13,中寮鄉,159
23.8863,120.7585,中寮,C0H950,2017-01-21T11:00:00+08:00,192.0,318.0,0.4,15.5,0.78,1001.7,-99.0,1.0,-9.9,-99,-999,南投縣,13,中寮鄉,159
23.8863,120.7585,中寮,C0H950,2017-01-21T12:00:00+08:00,192.0,226.0,0.5,18.3,0.69,1000.8,-99.0,1.0,-9.9,-99,-999,南投縣,13,中寮鄉,159
23.8863,120.7585,中寮,C0H950,2017-01-21T13:00:00+08:00,192.0,249.0,0.6,20.1,0.62,999.8,-99.0,1.0,-9.9,-99,-999,南投縣,13,中寮鄉,159
23.8863,120.7585,中寮,C0H950,2017-01-21T14:00:00+08:00,192.0,328.0,0.7,21.0,0.60,999.0,-99.0,1.0,-9.9,-99,-999,南投縣,13,中寮鄉,159
23.8863,120.7585,中寮,C0H950,2017-01-21T15:00:00+08:00,192.0,281.0,0.9,21.2,0.60,998.4,-99.0,1.0,-9.9,-99,-999,南投縣,13,中寮鄉,159
23.8863,120.7585,中寮,C0H950,2017-01-21T16:00:00+08:00,192.0,319.0,0.8,20.0,0.59,998.7,-99.0,1.0,-9.9,-99,-999,南投縣,13,中寮鄉,159
23.8863,120.7585,中寮,C0H950,2017-01-21T17:00:00+08:00,192.0,284.0,0.5,18.0,0.64,999.1,-99.0,1.0,-9.9,-99,-999,南投縣,13,中寮鄉,159
23.8863,120.7585,中寮,C0H950,2017-01-21T18:00:00+08:00,192.0,309.0,0.4,15.6,0.79,999.7,-99.0,1.0,-9.9,-99,-999,南投縣,13,中寮鄉,159
23.8863,120.7585,中寮,C0H950,2017-01-21T19:00:00+08:00,192.0,0.0,0.2,13.5,0.94,1000.1,-99.0,1.0,-9.9,-99,-999,南投縣,13,中寮鄉,159
23.8863,120.7585,中寮,C0H950,2017-01-21T20:00:00+08:00,192.0,311.0,0.4,12.5,0.97,1000.8,-99.0,1.0,-9.9,-99,-999,南投縣,13,中寮鄉,159
23.8863,120.7585,中寮,C0H950,2017-01-21T21:00:00+08:00,192.0,79.0,0.3,11.6,0.99,1001.5,-99.0,1.0,-9.9,-99,-999,南投縣,13,中寮鄉,159
23.8863,120.7585,中寮,C0H950,2017-01-21T22:00:00+08:00,192.0,0.0,0.2,10.9,0.99,1001.6,-99.0,1.0,-9.9,-99,-999,南投縣,13,中寮鄉,159
23.8863,120.7585,中寮,C0H950,2017-01-21T23:00:00+08:00,192.0,0.0,0.0,10.3,0.99,1001.7,-99.0,1.0,-9.9,-99,-999,南投縣,13,中寮鄉,159
23.8863,120.7585,中寮,C0H950,2017-01-22T00:00:00+08:00,192.0,0.0,0.0,10.2,0.99,1001.6,-99.0,1.0,-9.9,-99,-999,南投縣,13,中寮鄉,159
23.8863,120.7585,中寮,C0H950,2017-01-22T01:00:00+08:00,192.0,0.0,0.0,10.0,0.99,1001.7,-99.0,0.0,-9.9,-99,-999,南投縣,13,中寮鄉,159
23.8863,120.7585,中寮,C0H950,2017-01-22T02:00:00+08:00,192.0,0.0,0.0,10.7,0.99,1001.5,-99.0,0.0,-9.9,-99,-999,南投縣,13,中寮鄉,159
23.8863,120.7585,中寮,C0H950,2017-01-22T03:00:00+08:00,192.0,0.0,0.0,10.9,0.99,1001.5,-99.0,0.0,-9.9,-99,-999,南投縣,13,中寮鄉,159
23.8863,120.7585,中寮,C0H950,2017-01-22T04:00:00+08:00,192.0,0.0,0.0,11.1,0.99,1001.2,-99.0,0.0,-9.9,-99,-999,南投縣,13,中寮鄉,159
23.8863,120.7585,中寮,C0H950,2017-01-22T05:00:00+08:00,192.0,0.0,0.0,11.1,0.99,1001.4,-99.0,0.0,-9.9,-99,-999,南投縣,13,中寮鄉,159
23.8863,120.7585,中寮,C0H950,2017-01-22T06:00:00+08:00,192.0,0.0,0.0,11.3,0.99,1002.1,-99.0,0.0,-9.9,-99,-999,南投縣,13,中寮鄉,159
23.8863,120.7585,中寮,C0H950,2017-01-22T07:00:00+08:00,192.0,0.0,0.0,11.3,0.99,1002.3,-99.0,0.0,-9.9,-99,-999,南投縣,13,中寮鄉,159
23.8863,120.7585,中寮,C0H950,2017-01-22T08:00:00+08:00,192.0,0.0,0.0,12.3,0.99,1002.4,-99.0,0.0,-9.9,-99,-999,南投縣,13,中寮鄉,159
23.8863,120.7585,中寮,C0H950,2017-01-22T09:00:00+08:00,192.0,298.0,0.5,14.4,0.89,1002.8,-99.0,0.0,-9.9,-99,-999,南投縣,13,中寮鄉,159
23.8863,120.7585,中寮,C0H950,2017-01-22T10:00:00+08:00,192.0,280.0,0.4,17.5,0.73,1002.7,-99.0,0.0,-9.9,-99,-999,南投縣,13,中寮鄉,159
23.8863,120.7585,中寮,C0H950,2017-01-22T11:00:00+08:00,192.0,297.0,1.0,18.9,0.63,1002.1,-99.0,0.0,-9.9,-99,-999,南投縣,13,中寮鄉,159
23.8863,120.7585,中寮,C0H950,2017-01-22T12:00:00+08:00,192.0,265.0,0.7,20.4,0.55,1001.1,-99.0,0.0,-9.9,-99,-999,南投縣,13,中寮鄉,159
23.8863,120.7585,中寮,C0H950,2017-01-22T13:00:00+08:00,192.0,278.0,1.2,22.6,0.46,1000.0,-99.0,0.0,-9.9,-99,-999,南投縣,13,中寮鄉,159
23.8863,120.7585,中寮,C0H950,2017-01-22T14:00:00+08:00,192.0,300.0,1.4,22.9,0.43,999.1,-99.0,0.0,-9.9,-99,-999,南投縣,13,中寮鄉,159
23.8863,120.7585,中寮,C0H950,2017-01-22T15:00:00+08:00,192.0,267.0,1.3,22.3,0.44,998.4,-99.0,0.0,-9.9,-99,-999,南投縣,13,中寮鄉,159
23.8863,120.7585,中寮,C0H950,2017-01-22T16:00:00+08:00,192.0,281.0,0.8,21.3,0.45,998.2,-99.0,0.0,-9.9,-99,-999,南投縣,13,中寮鄉,159
23.8863,120.7585,中寮,C0H950,2017-01-22T17:00:00+08:00,192.0,275.0,0.5,19.7,0.51,998.4,-99.0,0.0,-9.9,-99,-999,南投縣,13,中寮鄉,159
23.8863,120.7585,中寮,C0H950,2017-01-22T18:00:00+08:00,192.0,267.0,0.4,16.7,0.60,998.9,-99.0,0.0,-9.9,-99,-999,南投縣,13,中寮鄉,159
23.8863,120.7585,中寮,C0H950,2017-01-22T19:00:00+08:00,192.0,77.0,0.3,14.2,0.80,999.8,-99.0,0.0,-9.9,-99,-999,南投縣,13,中寮鄉,159
23.8863,120.7585,中寮,C0H950,2017-01-22T20:00:00+08:00,192.0,279.0,0.3,13.6,0.81,1000.8,-99.0,0.0,-9.9,-99,-999,南投縣,13,中寮鄉,159
23.8863,120.7585,中寮,C0H950,2017-01-22T21:00:00+08:00,192.0,0.0,0.0,13.3,0.78,1001.1,-99.0,0.0,-9.9,-99,-999,南投縣,13,中寮鄉,159
23.8863,120.7585,中寮,C0H950,2017-01-22T22:00:00+08:00,192.0,0.0,0.0,12.3,0.88,1001.2,-99.0,0.0,-9.9,-99,-999,南投縣,13,中寮鄉,159
23.8863,120.7585,中寮,C0H950,2017-01-22T23:00:00+08:00,192.0,0.0,0.0,12.1,0.87,1001.0,-99.0,0.0,-9.9,-99,-999,南投縣,13,中寮鄉,159
23.8863,120.7585,中寮,C0H950,2017-01-23T00:00:00+08:00,192.0,0.0,0.0,11.7,0.93,1000.7,-99.0,0.0,-9.9,-99,-999,南投縣,13,中寮鄉,159
23.8863,120.7585,中寮,C0H950,2017-01-23T01:00:00+08:00,192.0,0.0,0.0,11.3,0.98,1000.5,-99.0,0.0,-9.9,-99,-999,南投縣,13,中寮鄉,159
23.8863,120.7585,中寮,C0H950,2017-01-23T02:00:00+08:00,192.0,0.0,0.1,11.3,0.98,1000.7,-99.0,0.0,-9.9,-99,-999,南投縣,13,中寮鄉,159
23.8863,120.7585,中寮,C0H950,2017-01-23T03:00:00+08:00,192.0,0.0,0.0,11.5,0.99,1000.6,-99.0,0.0,-9.9,-99,-999,南投縣,13,中寮鄉,159
23.8863,120.7585,中寮,C0H950,2017-01-23T04:00:00+08:00,192.0,0.0,0.1,11.6,0.99,1000.5,-99.0,0.0,-9.9,-99,-999,南投縣,13,中寮鄉,159
23.8863,120.7585,中寮,C0H950,2017-01-23T05:00:00+08:00,192.0,0.0,0.0,11.8,0.99,1000.4,-99.0,0.0,-9.9,-99,-999,南投縣,13,中寮鄉,159
23.8863,120.7585,中寮,C0H950,2017-01-23T06:00:00+08:00,192.0,0.0,0.0,11.7,0.99,1000.8,-99.0,0.0,-9.9,-99,-999,南投縣,13,中寮鄉,159
23.8863,120.7585,中寮,C0H950,2017-01-23T07:00:00+08:00,192.0,0.0,0.0,11.7,0.99,1001.4,-99.0,0.0,-9.9,-99,-999,南投縣,13,中寮鄉,159
23.8863,120.7585,中寮,C0H950,2017-01-23T08:00:00+08:00,192.0,0.0,0.2,12.6,0.98,1002.0,-99.0,0.0,-9.9,-99,-999,南投縣,13,中寮鄉,159
23.8863,120.7585,中寮,C0H950,2017-01-23T09:00:00+08:00,192.0,302.0,0.5,15.8,0.76,1002.3,-99.0,0.0,-9.9,-99,-999,南投縣,13,中寮鄉,159
23.8863,120.7585,中寮,C0H950,2017-01-23T10:00:00+08:00,192.0,314.0,0.5,18.9,0.68,1002.3,-99.0,0.0,-9.9,-99,-999,南投縣,13,中寮鄉,159
23.8863,120.7585,中寮,C0H950,2017-01-23T11:00:00+08:00,192.0,278.0,0.7,20.6,0.63,1002.1,-99.0,0.0,-9.9,-99,-999,南投縣,13,中寮鄉,159
23.8863,120.7585,中寮,C0H950,2017-01-23T12:00:00+08:00,192.0,321.0,1.1,21.4,0.58,1001.4,-99.0,0.0,-9.9,-99,-999,南投縣,13,中寮鄉,159
23.8863,120.7585,中寮,C0H950,2017-01-23T13:00:00+08:00,192.0,266.0,1.0,21.9,0.56,1000.2,-99.0,0.0,-9.9,-99,-999,南投縣,13,中寮鄉,159
23.8863,120.7585,中寮,C0H950,2017-01-23T14:00:00+08:00,192.0,260.0,0.9,23.0,0.51,999.2,-99.0,0.0,-9.9,-99,-999,南投縣,13,中寮鄉,159
23.8863,120.7585,中寮,C0H950,2017-01-23T15:00:00+08:00,192.0,274.0,0.6,21.9,0.53,999.1,-99.0,0.0,-9.9,-99,-999,南投縣,13,中寮鄉,159
23.8863,120.7585,中寮,C0H950,2017-01-23T16:00:00+08:00,192.0,287.0,0.6,21.7,0.54,999.2,-99.0,0.0,-9.9,-99,-999,南投縣,13,中寮鄉,159
23.8863,120.7585,中寮,C0H950,2017-01-23T17:00:00+08:00,192.0,278.0,0.7,19.6,0.57,999.8,-99.0,0.0,-9.9,-99,-999,南投縣,13,中寮鄉,159
23.8863,120.7585,中寮,C0H950,2017-01-23T18:00:00+08:00,192.0,286.0,0.5,18.0,0.63,1000.4,-99.0,0.0,-9.9,-99,-999,南投縣,13,中寮鄉,159
23.8863,120.7585,中寮,C0H950,2017-01-23T19:00:00+08:00,192.0,303.0,0.4,16.7,0.71,1000.8,-99.0,0.0,-9.9,-99,-999,南投縣,13,中寮鄉,159
23.8863,120.7585,中寮,C0H950,2017-01-23T20:00:00+08:00,192.0,310.0,0.3,15.8,0.75,1001.2,-99.0,0.0,-9.9,-99,-999,南投縣,13,中寮鄉,159
23.8863,120.7585,中寮,C0H950,2017-01-23T21:00:00+08:00,192.0,0.0,0.0,14.8,0.81,1001.2,-99.0,0.0,-9.9,-99,-999,南投縣,13,中寮鄉,159
23.8863,120.7585,中寮,C0H950,2017-01-23T22:00:00+08:00,192.0,0.0,0.0,14.5,0.84,1001.7,-99.0,0.0,-9.9,-99,-999,南投縣,13,中寮鄉,159
23.8863,120.7585,中寮,C0H950,2017-01-23T23:00:00+08:00,192.0,0.0,0.1,14.2,0.90,1001.8,-99.0,0.0,-9.9,-99,-999,南投縣,13,中寮鄉,159
23.8863,120.7585,中寮,C0H950,2017-01-24T00:00:00+08:00,192.0,0.0,0.0,13.9,0.95,1001.7,-99.0,0.0,-9.9,-99,-999,南投縣,13,中寮鄉,159
23.8863,120.7585,中寮,C0H950,2017-01-24T01:00:00+08:00,192.0,0.0,0.2,13.8,0.91,1001.7,-99.0,0.0,-9.9,-99,-999,南投縣,13,中寮鄉,159
23.8863,120.7585,中寮,C0H950,2017-01-24T02:00:00+08:00,192.0,0.0,0.0,13.4,0.97,1001.5,-99.0,0.0,-9.9,-99,-999,南投縣,13,中寮鄉,159
23.8863,120.7585,中寮,C0H950,2017-01-24T03:00:00+08:00,192.0,0.0,0.1,13.5,0.97,1001.2,-99.0,0.0,-9.9,-99,-999,南投縣,13,中寮鄉,159
23.8863,120.7585,中寮,C0H950,2017-01-24T04:00:00+08:00,192.0,0.0,0.0,13.7,0.98,1000.8,-99.0,0.0,-9.9,-99,-999,南投縣,13,中寮鄉,159
23.8863,120.7585,中寮,C0H950,2017-01-24T05:00:00+08:00,192.0,0.0,0.1,13.3,0.99,1000.8,-99.0,0.0,-9.9,-99,-999,南投縣,13,中寮鄉,159
23.8863,120.7585,中寮,C0H950,2017-01-24T06:00:00+08:00,192.0,242.0,0.3,12.9,0.99,1001.2,-99.0,0.0,-9.9,-99,-999,南投縣,13,中寮鄉,159
23.8863,120.7585,中寮,C0H950,2017-01-24T07:00:00+08:00,192.0,0.0,0.0,12.7,0.99,1001.8,-99.0,0.0,-9.9,-99,-999,南投縣,13,中寮鄉,159
23.8863,120.7585,中寮,C0H950,2017-01-24T08:00:00+08:00,192.0,0.0,0.0,13.8,0.99,1002.3,-99.0,0.0,-9.9,-99,-999,南投縣,13,中寮鄉,159
23.8863,120.7585,中寮,C0H950,2017-01-24T10:00:00+08:00,192.0,288.0,0.4,17.3,0.83,1002.6,-99.0,0.0,-9.9,-99,-999,南投縣,13,中寮鄉,159
23.8863,120.7585,中寮,C0H950,2017-01-24T11:00:00+08:00,192.0,303.0,1.5,19.3,0.70,1002.4,-99.0,0.0,-9.9,-99,-999,南投縣,13,中寮鄉,159
23.8863,120.7585,中寮,C0H950,2017-01-24T12:00:00+08:00,192.0,306.0,0.7,20.1,0.64,1001.8,-99.0,0.0,-9.9,-99,-999,南投縣,13,中寮鄉,159
23.8863,120.7585,中寮,C0H950,2017-01-24T13:00:00+08:00,192.0,294.0,0.6,21.2,0.60,1000.9,-99.0,0.0,-9.9,-99,-999,南投縣,13,中寮鄉,159
23.8863,120.7585,中寮,C0H950,2017-01-24T14:00:00+08:00,192.0,324.0,0.6,21.5,0.59,1000.3,-99.0,0.0,-9.9,-99,-999,南投縣,13,中寮鄉,159
23.8863,120.7585,中寮,C0H950,2017-01-24T15:00:00+08:00,192.0,279.0,0.5,21.9,0.59,1000.2,-99.0,0.0,-9.9,-99,-999,南投縣,13,中寮鄉,159
23.8863,120.7585,中寮,C0H950,2017-01-24T16:00:00+08:00,192.0,300.0,0.5,21.4,0.59,1000.1,-99.0,0.0,-9.9,-99,-999,南投縣,13,中寮鄉,159
23.8863,120.7585,中寮,C0H950,2017-01-24T17:00:00+08:00,192.0,312.0,0.5,19.8,0.65,1000.5,-99.0,0.0,-9.9,-99,-999,南投縣,13,中寮鄉,159
23.8863,120.7585,中寮,C0H950,2017-01-24T18:00:00+08:00,192.0,294.0,0.4,18.0,0.74,1000.9,-99.0,0.0,-9.9,-99,-999,南投縣,13,中寮鄉,159
23.8863,120.7585,中寮,C0H950,2017-01-24T19:00:00+08:00,192.0,279.0,0.4,16.8,0.80,1001.8,-99.0,0.0,-9.9,-99,-999,南投縣,13,中寮鄉,159
23.8863,120.7585,中寮,C0H950,2017-01-24T20:00:00+08:00,192.0,256.0,0.3,16.0,0.82,1002.4,-99.0,0.0,-9.9,-99,-999,南投縣,13,中寮鄉,159
23.8863,120.7585,中寮,C0H950,2017-01-24T21:00:00+08:00,192.0,338.0,0.3,15.4,0.86,1002.7,-99.0,0.0,-9.9,-99,-999,南投縣,13,中寮鄉,159
23.8863,120.7585,中寮,C0H950,2017-01-24T22:00:00+08:00,192.0,301.0,0.3,14.5,0.90,1002.8,-99.0,0.0,-9.9,-99,-999,南投縣,13,中寮鄉,159
23.8863,120.7585,中寮,C0H950,2017-01-24T23:00:00+08:00,192.0,0.0,0.1,14.3,0.91,1002.9,-99.0,0.0,-9.9,-99,-999,南投縣,13,中寮鄉,159
23.8863,120.7585,中寮,C0H950,2017-01-25T00:00:00+08:00,192.0,326.0,0.3,13.9,0.91,1002.9,-99.0,0.0,-9.9,-99,-999,南投縣,13,中寮鄉,159
23.8863,120.7585,中寮,C0H950,2017-01-25T01:00:00+08:00,192.0,0.0,0.0,13.5,0.95,1002.4,-99.0,0.0,-9.9,-99,-999,南投縣,13,中寮鄉,159
23.8863,120.7585,中寮,C0H950,2017-01-25T02:00:00+08:00,192.0,337.0,0.4,13.5,0.96,1001.7,-99.0,0.0,-9.9,-99,-999,南投縣,13,中寮鄉,159
23.8863,120.7585,中寮,C0H950,2017-01-25T03:00:00+08:00,192.0,0.0,0.2,13.3,0.96,1001.5,-99.0,0.0,-9.9,-99,-999,南投縣,13,中寮鄉,159
23.8863,120.7585,中寮,C0H950,2017-01-25T04:00:00+08:00,192.0,0.0,0.0,13.3,0.97,1001.2,-99.0,0.0,-9.9,-99,-999,南投縣,13,中寮鄉,159
23.8863,120.7585,中寮,C0H950,2017-01-25T05:00:00+08:00,192.0,0.0,0.0,13.3,0.99,1001.4,-99.0,0.0,-9.9,-99,-999,南投縣,13,中寮鄉,159
23.8863,120.7585,中寮,C0H950,2017-01-25T06:00:00+08:00,192.0,0.0,0.0,13.0,0.99,1001.4,-99.0,0.0,-9.9,-99,-999,南投縣,13,中寮鄉,159
23.8863,120.7585,中寮,C0H950,2017-01-25T07:00:00+08:00,192.0,0.0,0.0,13.0,0.99,1001.8,-99.0,0.0,-9.9,-99,-999,南投縣,13,中寮鄉,159
23.8863,120.7585,中寮,C0H950,2017-01-25T08:00:00+08:00,192.0,0.0,0.0,13.6,0.99,1002.3,-99.0,0.0,-9.9,-99,-999,南投縣,13,中寮鄉,159
23.8863,120.7585,中寮,C0H950,2017-01-25T09:00:00+08:00,192.0,0.0,0.1,14.8,0.95,1002.7,-99.0,0.0,-9.9,-99,-999,南投縣,13,中寮鄉,159
23.8863,120.7585,中寮,C0H950,2017-01-25T10:00:00+08:00,192.0,316.0,0.8,16.4,0.85,1002.1,-99.0,0.0,-9.9,-99,-999,南投縣,13,中寮鄉,159
23.8863,120.7585,中寮,C0H950,2017-01-25T11:00:00+08:00,192.0,305.0,0.5,17.3,0.79,1002.3,-99.0,0.0,-9.9,-99,-999,南投縣,13,中寮鄉,159
23.8863,120.7585,中寮,C0H950,2017-01-25T12:00:00+08:00,192.0,263.0,0.6,18.1,0.75,1001.3,-99.0,0.0,-9.9,-99,-999,南投縣,13,中寮鄉,159
23.8863,120.7585,中寮,C0H950,2017-01-25T13:00:00+08:00,192.0,277.0,0.7,19.8,0.69,1000.5,-99.0,0.0,-9.9,-99,-999,南投縣,13,中寮鄉,159
23.8863,120.7585,中寮,C0H950,2017-01-25T14:00:00+08:00,192.0,251.0,0.6,21.3,0.62,999.7,-99.0,0.0,-9.9,-99,-999,南投縣,13,中寮鄉,159
23.8863,120.7585,中寮,C0H950,2017-01-25T15:00:00+08:00,192.0,278.0,1.0,21.4,0.61,999.4,-99.0,0.0,-9.9,-99,-999,南投縣,13,中寮鄉,159
23.8863,120.7585,中寮,C0H950,2017-01-25T16:00:00+08:00,192.0,303.0,1.0,21.6,0.58,999.3,-99.0,0.0,-9.9,-99,-999,南投縣,13,中寮鄉,159
23.8863,120.7585,中寮,C0H950,2017-01-25T17:00:00+08:00,192.0,331.0,1.0,19.5,0.68,999.7,-99.0,0.0,-9.9,-99,-999,南投縣,13,中寮鄉,159
23.8863,120.7585,中寮,C0H950,2017-01-25T18:00:00+08:00,192.0,292.0,0.4,16.6,0.81,1000.0,-99.0,0.0,-9.9,-99,-999,南投縣,13,中寮鄉,159
23.8863,120.7585,中寮,C0H950,2017-01-25T19:00:00+08:00,192.0,0.0,0.0,14.6,0.93,1000.8,-99.0,0.0,-9.9,-99,-999,南投縣,13,中寮鄉,159
23.8863,120.7585,中寮,C0H950,2017-01-25T20:00:00+08:00,192.0,0.0,0.0,13.4,0.99,1001.2,-99.0,0.0,-9.9,-99,-999,南投縣,13,中寮鄉,159
23.8863,120.7585,中寮,C0H950,2017-01-25T21:00:00+08:00,192.0,0.0,0.0,12.7,0.99,1001.3,-99.0,0.0,-9.9,-99,-999,南投縣,13,中寮鄉,159
23.8863,120.7585,中寮,C0H950,2017-01-25T22:00:00+08:00,192.0,0.0,0.1,11.9,0.99,1001.5,-99.0,0.0,-9.9,-99,-999,南投縣,13,中寮鄉,159
23.8863,120.7585,中寮,C0H950,2017-01-25T23:00:00+08:00,192.0,0.0,0.0,11.1,0.99,1001.2,-99.0,0.0,-9.9,-99,-999,南投縣,13,中寮鄉,159
23.8863,120.7585,中寮,C0H950,2017-01-26T00:00:00+08:00,192.0,0.0,0.0,11.0,0.99,1001.1,-99.0,0.0,-9.9,-99,-999,南投縣,13,中寮鄉,159
23.8863,120.7585,中寮,C0H950,2017-01-26T01:00:00+08:00,192.0,0.0,0.0,11.7,0.99,1001.1,-99.0,0.0,-9.9,-99,-999,南投縣,13,中寮鄉,159
23.8863,120.7585,中寮,C0H950,2017-01-26T02:00:00+08:00,192.0,0.0,0.0,12.4,0.99,1000.6,-99.0,0.0,-9.9,-99,-999,南投縣,13,中寮鄉,159
23.8863,120.7585,中寮,C0H950,2017-01-26T03:00:00+08:00,192.0,299.0,0.5,12.2,0.99,1000.0,-99.0,0.0,-9.9,-99,-999,南投縣,13,中寮鄉,159
23.8863,120.7585,中寮,C0H950,2017-01-26T04:00:00+08:00,192.0,0.0,0.0,12.5,0.99,1000.0,-99.0,0.0,-9.9,-99,-999,南投縣,13,中寮鄉,159
23.8863,120.7585,中寮,C0H950,2017-01-26T05:00:00+08:00,192.0,309.0,0.3,12.6,0.99,1000.2,-99.0,0.0,-9.9,-99,-999,南投縣,13,中寮鄉,159
23.8863,120.7585,中寮,C0H950,2017-01-26T06:00:00+08:00,192.0,162.0,0.3,12.9,0.99,1000.4,-99.0,0.0,-9.9,-99,-999,南投縣,13,中寮鄉,159
23.8863,120.7585,中寮,C0H950,2017-01-26T07:00:00+08:00,192.0,336.0,0.4,12.4,0.99,1000.7,-99.0,0.0,-9.9,-99,-999,南投縣,13,中寮鄉,159
23.8863,120.7585,中寮,C0H950,2017-01-26T08:00:00+08:00,192.0,267.0,0.4,13.1,0.99,1001.0,-99.0,0.0,-9.9,-99,-999,南投縣,13,中寮鄉,159
23.8863,120.7585,中寮,C0H950,2017-01-26T10:00:00+08:00,192.0,359.0,0.5,17.3,0.74,1000.7,-99.0,0.0,-9.9,-99,-999,南投縣,13,中寮鄉,159
23.8863,120.7585,中寮,C0H950,2017-01-26T11:00:00+08:00,192.0,296.0,1.2,19.5,0.66,1000.3,-99.0,0.0,-9.9,-99,-999,南投縣,13,中寮鄉,159
23.8863,120.7585,中寮,C0H950,2017-01-26T12:00:00+08:00,192.0,272.0,1.0,20.8,0.55,999.7,-99.0,0.0,-9.9,-99,-999,南投縣,13,中寮鄉,159
23.8863,120.7585,中寮,C0H950,2017-01-26T13:00:00+08:00,192.0,265.0,0.8,21.8,0.49,998.2,-99.0,0.0,-9.9,-99,-999,南投縣,13,中寮鄉,159
23.8863,120.7585,中寮,C0H950,2017-01-26T14:00:00+08:00,192.0,284.0,0.7,22.8,0.44,996.8,-99.0,0.0,-9.9,-99,-999,南投縣,13,中寮鄉,159
23.8863,120.7585,中寮,C0H950,2017-01-26T15:00:00+08:00,192.0,292.0,1.0,22.9,0.43,996.4,-99.0,0.0,-9.9,-99,-999,南投縣,13,中寮鄉,159
23.8863,120.7585,中寮,C0H950,2017-01-26T16:00:00+08:00,192.0,312.0,0.8,22.8,0.44,996.7,-99.0,0.0,-9.9,-99,-999,南投縣,13,中寮鄉,159
23.8863,120.7585,中寮,C0H950,2017-01-26T17:00:00+08:00,192.0,285.0,0.6,21.5,0.50,997.2,-99.0,0.0,-9.9,-99,-999,南投縣,13,中寮鄉,159
23.8863,120.7585,中寮,C0H950,2017-01-26T18:00:00+08:00,192.0,308.0,0.3,18.5,0.66,997.7,-99.0,0.0,-9.9,-99,-999,南投縣,13,中寮鄉,159
23.8863,120.7585,中寮,C0H950,2017-01-26T19:00:00+08:00,192.0,0.0,0.0,15.3,0.87,998.2,-99.0,0.0,-9.9,-99,-999,南投縣,13,中寮鄉,159
23.8863,120.7585,中寮,C0H950,2017-01-26T20:00:00+08:00,192.0,73.0,0.4,13.9,0.96,999.0,-99.0,0.0,-9.9,-99,-999,南投縣,13,中寮鄉,159
23.8863,120.7585,中寮,C0H950,2017-01-26T22:00:00+08:00,192.0,0.0,0.0,12.5,0.99,999.5,-99.0,0.0,-9.9,-99,-999,南投縣,13,中寮鄉,159
23.8863,120.7585,中寮,C0H950,2017-01-27T00:00:00+08:00,192.0,0.0,0.0,11.9,0.99,999.6,-99.0,0.0,-9.9,-99,-999,南投縣,13,中寮鄉,159
23.8863,120.7585,中寮,C0H950,2017-01-27T01:00:00+08:00,192.0,0.0,0.0,11.4,0.99,999.6,-99.0,0.0,-9.9,-99,-999,南投縣,13,中寮鄉,159
23.8863,120.7585,中寮,C0H950,2017-01-27T02:00:00+08:00,192.0,0.0,0.1,10.9,0.99,999.6,-99.0,0.0,-9.9,-99,-999,南投縣,13,中寮鄉,159
23.8863,120.7585,中寮,C0H950,2017-01-27T03:00:00+08:00,192.0,0.0,0.0,11.0,0.99,999.5,-99.0,0.0,-9.9,-99,-999,南投縣,13,中寮鄉,159
23.8863,120.7585,中寮,C0H950,2017-01-27T04:00:00+08:00,192.0,0.0,0.0,10.4,0.99,999.2,-99.0,0.0,-9.9,-99,-999,南投縣,13,中寮鄉,159
23.8863,120.7585,中寮,C0H950,2017-01-27T05:00:00+08:00,192.0,0.0,0.0,10.5,0.99,999.5,-99.0,0.0,-9.9,-99,-999,南投縣,13,中寮鄉,159
23.8863,120.7585,中寮,C0H950,2017-01-27T06:00:00+08:00,192.0,0.0,0.0,10.6,0.99,1000.2,-99.0,0.0,-9.9,-99,-999,南投縣,13,中寮鄉,159
23.8863,120.7585,中寮,C0H950,2017-01-27T07:00:00+08:00,192.0,0.0,0.0,9.9,0.99,1000.9,-99.0,0.0,-9.9,-99,-999,南投縣,13,中寮鄉,159
23.8863,120.7585,中寮,C0H950,2017-01-27T08:00:00+08:00,192.0,0.0,0.0,11.3,0.99,1001.2,-99.0,0.0,-9.9,-99,-999,南投縣,13,中寮鄉,159
23.8863,120.7585,中寮,C0H950,2017-01-27T09:00:00+08:00,192.0,0.0,0.0,16.2,0.83,1001.3,-99.0,0.0,-9.9,-99,-999,南投縣,13,中寮鄉,159
23.8863,120.7585,中寮,C0H950,2017-01-27T10:00:00+08:00,192.0,317.0,0.8,19.3,0.62,1000.7,-99.0,0.0,-9.9,-99,-999,南投縣,13,中寮鄉,159
23.8863,120.7585,中寮,C0H950,2017-01-27T11:00:00+08:00,192.0,295.0,0.8,21.7,0.50,1000.1,-99.0,0.0,-9.9,-99,-999,南投縣,13,中寮鄉,159
23.8863,120.7585,中寮,C0H950,2017-01-27T12:00:00+08:00,192.0,320.0,1.3,22.8,0.44,999.2,-99.0,0.0,-9.9,-99,-999,南投縣,13,中寮鄉,159
23.8863,120.7585,中寮,C0H950,2017-01-27T13:00:00+08:00,192.0,301.0,2.0,23.9,0.39,998.0,-99.0,0.0,-9.9,-99,-999,南投縣,13,中寮鄉,159
23.8863,120.7585,中寮,C0H950,2017-01-27T14:00:00+08:00,192.0,314.0,1.4,24.0,0.40,997.3,-99.0,0.0,-9.9,-99,-999,南投縣,13,中寮鄉,159
23.8863,120.7585,中寮,C0H950,2017-01-27T15:00:00+08:00,192.0,285.0,1.6,23.5,0.46,996.8,-99.0,0.0,-9.9,-99,-999,南投縣,13,中寮鄉,159
23.8863,120.7585,中寮,C0H950,2017-01-27T16:00:00+08:00,192.0,311.0,1.2,22.8,0.49,996.8,-99.0,0.0,-9.9,-99,-999,南投縣,13,中寮鄉,159
23.8863,120.7585,中寮,C0H950,2017-01-27T17:00:00+08:00,192.0,314.0,0.7,21.5,0.53,997.2,-99.0,0.0,-9.9,-99,-999,南投縣,13,中寮鄉,159
23.8863,120.7585,中寮,C0H950,2017-01-27T18:00:00+08:00,192.0,0.0,0.0,18.2,0.74,997.3,-99.0,0.0,-9.9,-99,-999,南投縣,13,中寮鄉,159
23.8863,120.7585,中寮,C0H950,2017-01-27T19:00:00+08:00,192.0,0.0,0.0,15.7,0.87,997.6,-99.0,0.0,-9.9,-99,-999,南投縣,13,中寮鄉,159
23.8863,120.7585,中寮,C0H950,2017-01-27T20:00:00+08:00,192.0,93.0,0.4,13.9,0.97,997.9,-99.0,0.0,-9.9,-99,-999,南投縣,13,中寮鄉,159
23.8863,120.7585,中寮,C0H950,2017-01-27T21:00:00+08:00,192.0,0.0,0.1,12.8,0.99,997.6,-99.0,0.0,-9.9,-99,-999,南投縣,13,中寮鄉,159
23.8863,120.7585,中寮,C0H950,2017-01-27T23:00:00+08:00,192.0,0.0,0.2,11.3,0.99,997.6,-99.0,0.0,-9.9,-99,-999,南投縣,13,中寮鄉,159
23.8863,120.7585,中寮,C0H950,2017-01-28T00:00:00+08:00,192.0,0.0,0.0,10.8,0.99,997.3,-99.0,0.0,-9.9,-99,-999,南投縣,13,中寮鄉,159
23.8863,120.7585,中寮,C0H950,2017-01-28T01:00:00+08:00,192.0,0.0,0.0,10.3,0.99,997.3,-99.0,0.0,-9.9,-99,-999,南投縣,13,中寮鄉,159
23.8863,120.7585,中寮,C0H950,2017-01-28T02:00:00+08:00,192.0,0.0,0.1,10.0,0.99,997.1,-99.0,0.0,-9.9,-99,-999,南投縣,13,中寮鄉,159
23.8863,120.7585,中寮,C0H950,2017-01-28T03:00:00+08:00,192.0,0.0,0.0,9.7,0.99,996.5,-99.0,0.0,-9.9,-99,-999,南投縣,13,中寮鄉,159
23.8863,120.7585,中寮,C0H950,2017-01-28T04:00:00+08:00,192.0,0.0,0.0,9.2,0.99,996.0,-99.0,0.0,-9.9,-99,-999,南投縣,13,中寮鄉,159
23.8863,120.7585,中寮,C0H950,2017-01-28T05:00:00+08:00,192.0,0.0,0.0,9.0,0.99,996.0,-99.0,0.0,-9.9,-99,-999,南投縣,13,中寮鄉,159
23.8863,120.7585,中寮,C0H950,2017-01-28T06:00:00+08:00,192.0,0.0,0.0,8.8,0.99,996.2,-99.0,0.0,-9.9,-99,-999,南投縣,13,中寮鄉,159
23.8863,120.7585,中寮,C0H950,2017-01-28T07:00:00+08:00,192.0,108.0,0.3,8.7,0.99,996.7,-99.0,0.0,-9.9,-99,-999,南投縣,13,中寮鄉,159
23.8863,120.7585,中寮,C0H950,2017-01-28T08:00:00+08:00,192.0,0.0,0.0,10.5,0.99,996.7,-99.0,0.0,-9.9,-99,-999,南投縣,13,中寮鄉,159
23.8863,120.7585,中寮,C0H950,2017-01-28T09:00:00+08:00,192.0,0.0,0.1,17.0,0.78,996.7,-99.0,0.0,-9.9,-99,-999,南投縣,13,中寮鄉,159
23.8863,120.7585,中寮,C0H950,2017-01-28T10:00:00+08:00,192.0,0.0,0.2,22.1,0.52,996.7,-99.0,0.0,-9.9,-99,-999,南投縣,13,中寮鄉,159
23.8863,120.7585,中寮,C0H950,2017-01-28T11:00:00+08:00,192.0,280.0,0.9,26.3,0.35,995.7,-99.0,0.0,-9.9,-99,-999,南投縣,13,中寮鄉,159
23.8863,120.7585,中寮,C0H950,2017-01-28T12:00:00+08:00,192.0,304.0,1.5,27.1,0.33,994.8,-99.0,0.0,-9.9,-99,-999,南投縣,13,中寮鄉,159
23.8863,120.7585,中寮,C0H950,2017-01-28T13:00:00+08:00,192.0,302.0,1.5,27.7,0.30,994.0,-99.0,0.0,-9.9,-99,-999,南投縣,13,中寮鄉,159
23.8863,120.7585,中寮,C0H950,2017-01-28T14:00:00+08:00,192.0,282.0,0.9,28.6,0.29,993.3,-99.0,0.0,-9.9,-99,-999,南投縣,13,中寮鄉,159
23.8863,120.7585,中寮,C0H950,2017-01-28T15:00:00+08:00,192.0,266.0,1.0,28.0,0.34,992.8,-99.0,0.0,-9.9,-99,-999,南投縣,13,中寮鄉,159
23.8863,120.7585,中寮,C0H950,2017-01-28T16:00:00+08:00,192.0,280.0,0.9,26.5,0.46,993.0,-99.0,0.0,-9.9,-99,-999,南投縣,13,中寮鄉,159
23.8863,120.7585,中寮,C0H950,2017-01-28T17:00:00+08:00,192.0,297.0,0.8,24.1,0.64,993.5,-99.0,0.0,-9.9,-99,-999,南投縣,13,中寮鄉,159
23.8863,120.7585,中寮,C0H950,2017-01-28T18:00:00+08:00,192.0,0.0,0.2,21.1,0.80,993.8,-99.0,0.0,-9.9,-99,-999,南投縣,13,中寮鄉,159
23.8863,120.7585,中寮,C0H950,2017-01-28T19:00:00+08:00,192.0,0.0,0.1,18.8,0.92,994.5,-99.0,0.0,-9.9,-99,-999,南投縣,13,中寮鄉,159
23.8863,120.7585,中寮,C0H950,2017-01-28T20:00:00+08:00,192.0,106.0,0.3,17.8,0.97,995.3,-99.0,0.0,-9.9,-99,-999,南投縣,13,中寮鄉,159
23.8863,120.7585,中寮,C0H950,2017-01-28T21:00:00+08:00,192.0,0.0,0.0,16.6,0.99,995.2,-99.0,0.0,-9.9,-99,-999,南投縣,13,中寮鄉,159
23.8863,120.7585,中寮,C0H950,2017-01-28T22:00:00+08:00,192.0,85.0,0.5,15.7,0.99,995.2,-99.0,0.0,-9.9,-99,-999,南投縣,13,中寮鄉,159
23.8863,120.7585,中寮,C0H950,2017-01-28T23:00:00+08:00,192.0,0.0,0.0,15.1,0.99,995.1,-99.0,0.0,-9.9,-99,-999,南投縣,13,中寮鄉,159
23.8863,120.7585,中寮,C0H950,2017-01-29T00:00:00+08:00,192.0,0.0,0.2,15.1,0.99,994.9,-99.0,0.0,-9.9,-99,-999,南投縣,13,中寮鄉,159
23.8863,120.7585,中寮,C0H950,2017-01-29T01:00:00+08:00,192.0,89.0,0.4,14.3,0.99,994.8,-99.0,0.0,-9.9,-99,-999,南投縣,13,中寮鄉,159
23.8863,120.7585,中寮,C0H950,2017-01-29T02:00:00+08:00,192.0,0.0,0.0,13.9,0.99,994.2,-99.0,0.0,-9.9,-99,-999,南投縣,13,中寮鄉,159
23.8863,120.7585,中寮,C0H950,2017-01-29T03:00:00+08:00,192.0,0.0,0.0,13.7,0.99,994.1,-99.0,0.0,-9.9,-99,-999,南投縣,13,中寮鄉,159
23.8863,120.7585,中寮,C0H950,2017-01-29T04:00:00+08:00,192.0,0.0,0.0,13.1,0.99,994.1,-99.0,0.0,-9.9,-99,-999,南投縣,13,中寮鄉,159
23.8863,120.7585,中寮,C0H950,2017-01-29T05:00:00+08:00,192.0,0.0,0.0,12.9,0.99,994.1,-99.0,0.0,-9.9,-99,-999,南投縣,13,中寮鄉,159
23.8863,120.7585,中寮,C0H950,2017-01-29T06:00:00+08:00,192.0,0.0,0.0,12.6,0.99,994.5,-99.0,0.0,-9.9,-99,-999,南投縣,13,中寮鄉,159
23.8863,120.7585,中寮,C0H950,2017-01-29T07:00:00+08:00,192.0,0.0,0.0,12.3,0.99,995.1,-99.0,0.0,-9.9,-99,-999,南投縣,13,中寮鄉,159
23.8863,120.7585,中寮,C0H950,2017-01-29T08:00:00+08:00,192.0,0.0,0.0,13.7,0.99,996.2,-99.0,0.0,-9.9,-99,-999,南投縣,13,中寮鄉,159
23.8863,120.7585,中寮,C0H950,2017-01-29T09:00:00+08:00,192.0,319.0,0.5,18.3,0.83,996.4,-99.0,0.0,-9.9,-99,-999,南投縣,13,中寮鄉,159
23.8863,120.7585,中寮,C0H950,2017-01-29T10:00:00+08:00,192.0,290.0,0.7,21.9,0.60,996.4,-99.0,0.0,-9.9,-99,-999,南投縣,13,中寮鄉,159
23.8863,120.7585,中寮,C0H950,2017-01-29T11:00:00+08:00,192.0,286.0,0.7,23.8,0.61,996.2,-99.0,0.0,-9.9,-99,-999,南投縣,13,中寮鄉,159
23.8863,120.7585,中寮,C0H950,2017-01-29T12:00:00+08:00,192.0,323.0,1.1,25.5,0.49,995.1,-99.0,0.0,-9.9,-99,-999,南投縣,13,中寮鄉,159
23.8863,120.7585,中寮,C0H950,2017-01-29T13:00:00+08:00,192.0,305.0,0.9,26.1,0.46,994.0,-99.0,0.0,-9.9,-99,-999,南投縣,13,中寮鄉,159
23.8863,120.7585,中寮,C0H950,2017-01-29T14:00:00+08:00,192.0,274.0,1.7,26.5,0.49,993.3,-99.0,0.0,-9.9,-99,-999,南投縣,13,中寮鄉,159
23.8863,120.7585,中寮,C0H950,2017-01-29T15:00:00+08:00,192.0,315.0,1.0,26.7,0.45,992.6,-99.0,0.0,-9.9,-99,-999,南投縣,13,中寮鄉,159
23.8863,120.7585,中寮,C0H950,2017-01-29T16:00:00+08:00,192.0,289.0,1.1,26.5,0.43,992.8,-99.0,0.0,-9.9,-99,-999,南投縣,13,中寮鄉,159
23.8863,120.7585,中寮,C0H950,2017-01-29T17:00:00+08:00,192.0,278.0,0.5,25.5,0.48,993.3,-99.0,0.0,-9.9,-99,-999,南投縣,13,中寮鄉,159
23.8863,120.7585,中寮,C0H950,2017-01-29T18:00:00+08:00,192.0,0.0,0.2,21.5,0.65,993.8,-99.0,0.0,-9.9,-99,-999,南投縣,13,中寮鄉,159
23.8863,120.7585,中寮,C0H950,2017-01-29T19:00:00+08:00,192.0,0.0,0.2,19.0,0.80,994.4,-99.0,0.0,-9.9,-99,-999,南投縣,13,中寮鄉,159
23.8863,120.7585,中寮,C0H950,2017-01-29T20:00:00+08:00,192.0,0.0,0.0,17.6,0.90,995.0,-99.0,0.0,-9.9,-99,-999,南投縣,13,中寮鄉,159
23.8863,120.7585,中寮,C0H950,2017-01-29T21:00:00+08:00,192.0,0.0,0.1,17.1,0.92,995.4,-99.0,0.0,-9.9,-99,-999,南投縣,13,中寮鄉,159
23.8863,120.7585,中寮,C0H950,2017-01-29T22:00:00+08:00,192.0,320.0,0.3,16.0,0.98,995.2,-99.0,0.0,-9.9,-99,-999,南投縣,13,中寮鄉,159
23.8863,120.7585,中寮,C0H950,2017-01-29T23:00:00+08:00,192.0,0.0,0.0,15.7,0.99,995.1,-99.0,0.0,-9.9,-99,-999,南投縣,13,中寮鄉,159
23.8863,120.7585,中寮,C0H950,2017-01-30T00:00:00+08:00,192.0,0.0,0.1,15.5,0.99,995.2,-99.0,0.0,-9.9,-99,-999,南投縣,13,中寮鄉,159
23.8863,120.7585,中寮,C0H950,2017-01-30T01:00:00+08:00,192.0,0.0,0.1,15.1,0.99,995.2,-99.0,0.0,-9.9,-99,-999,南投縣,13,中寮鄉,159
23.8863,120.7585,中寮,C0H950,2017-01-30T02:00:00+08:00,192.0,0.0,0.0,15.0,0.99,994.7,-99.0,0.0,-9.9,-99,-999,南投縣,13,中寮鄉,159
23.8863,120.7585,中寮,C0H950,2017-01-30T03:00:00+08:00,192.0,0.0,0.2,15.1,0.99,994.3,-99.0,0.0,-9.9,-99,-999,南投縣,13,中寮鄉,159
23.8863,120.7585,中寮,C0H950,2017-01-30T04:00:00+08:00,192.0,112.0,0.5,15.5,0.99,994.1,-99.0,0.0,-9.9,-99,-999,南投縣,13,中寮鄉,159
23.8863,120.7585,中寮,C0H950,2017-01-30T05:00:00+08:00,192.0,0.0,0.2,15.9,0.99,994.3,-99.0,0.0,-9.9,-99,-999,南投縣,13,中寮鄉,159
23.8863,120.7585,中寮,C0H950,2017-01-30T06:00:00+08:00,192.0,0.0,0.2,16.0,0.99,994.5,-99.0,0.0,-9.9,-99,-999,南投縣,13,中寮鄉,159
23.8863,120.7585,中寮,C0H950,2017-01-30T07:00:00+08:00,192.0,0.0,0.0,16.3,0.99,994.9,-99.0,0.0,-9.9,-99,-999,南投縣,13,中寮鄉,159
23.8863,120.7585,中寮,C0H950,2017-01-30T08:00:00+08:00,192.0,207.0,0.4,17.7,0.98,995.9,-99.0,0.0,-9.9,-99,-999,南投縣,13,中寮鄉,159
23.8863,120.7585,中寮,C0H950,2017-01-30T09:00:00+08:00,192.0,113.0,0.3,19.6,0.86,996.1,-99.0,0.0,-9.9,-99,-999,南投縣,13,中寮鄉,159
23.8863,120.7585,中寮,C0H950,2017-01-30T10:00:00+08:00,192.0,269.0,0.3,23.7,0.64,995.8,-99.0,0.0,-9.9,-99,-999,南投縣,13,中寮鄉,159
23.8863,120.7585,中寮,C0H950,2017-01-30T11:00:00+08:00,192.0,303.0,1.1,25.9,0.56,994.9,-99.0,0.0,-9.9,-99,-999,南投縣,13,中寮鄉,159
23.8863,120.7585,中寮,C0H950,2017-01-30T13:00:00+08:00,192.0,260.0,0.7,27.8,0.50,993.1,-99.0,0.0,-9.9,-99,-999,南投縣,13,中寮鄉,159
23.8863,120.7585,中寮,C0H950,2017-01-30T14:00:00+08:00,192.0,277.0,1.7,26.6,0.57,992.5,-99.0,0.0,-9.9,-99,-999,南投縣,13,中寮鄉,159
23.8863,120.7585,中寮,C0H950,2017-01-30T15:00:00+08:00,192.0,284.0,1.1,26.4,0.56,992.2,-99.0,0.0,-9.9,-99,-999,南投縣,13,中寮鄉,159
23.8863,120.7585,中寮,C0H950,2017-01-30T16:00:00+08:00,192.0,280.0,1.0,23.7,0.63,993.1,-99.0,0.0,-9.9,-99,-999,南投縣,13,中寮鄉,159
23.8863,120.7585,中寮,C0H950,2017-01-30T17:00:00+08:00,192.0,281.0,0.8,22.3,0.66,993.8,-99.0,0.0,-9.9,-99,-999,南投縣,13,中寮鄉,159
23.8863,120.7585,中寮,C0H950,2017-01-30T18:00:00+08:00,192.0,296.0,0.5,20.1,0.72,994.4,-99.0,0.0,-9.9,-99,-999,南投縣,13,中寮鄉,159
23.8863,120.7585,中寮,C0H950,2017-01-30T20:00:00+08:00,192.0,288.0,0.4,17.9,0.80,995.5,-99.0,0.0,-9.9,-99,-999,南投縣,13,中寮鄉,159
23.8863,120.7585,中寮,C0H950,2017-01-30T21:00:00+08:00,192.0,296.0,0.4,16.8,0.84,995.5,-99.0,0.0,-9.9,-99,-999,南投縣,13,中寮鄉,159
23.8863,120.7585,中寮,C0H950,2017-01-30T22:00:00+08:00,192.0,289.0,0.4,15.7,0.89,995.5,-99.0,0.0,-9.9,-99,-999,南投縣,13,中寮鄉,159
23.8863,120.7585,中寮,C0H950,2017-01-30T23:00:00+08:00,192.0,0.0,0.1,15.6,0.89,995.7,-99.0,0.0,-9.9,-99,-999,南投縣,13,中寮鄉,159
23.8863,120.7585,中寮,C0H950,2017-01-31T00:00:00+08:00,192.0,321.0,0.3,15.4,0.92,995.6,-99.0,0.0,-9.9,-99,-999,南投縣,13,中寮鄉,159
23.8863,120.7585,中寮,C0H950,2017-01-31T01:00:00+08:00,192.0,0.0,0.0,14.8,0.95,995.2,-99.0,0.0,-9.9,-99,-999,南投縣,13,中寮鄉,159
23.8863,120.7585,中寮,C0H950,2017-01-31T02:00:00+08:00,192.0,339.0,0.3,14.0,0.99,994.7,-99.0,0.0,-9.9,-99,-999,南投縣,13,中寮鄉,159
23.8863,120.7585,中寮,C0H950,2017-01-31T03:00:00+08:00,192.0,0.0,0.0,13.4,0.99,994.9,-99.0,0.0,-9.9,-99,-999,南投縣,13,中寮鄉,159
23.8863,120.7585,中寮,C0H950,2017-01-31T04:00:00+08:00,192.0,0.0,0.0,13.0,0.99,994.7,-99.0,0.0,-9.9,-99,-999,南投縣,13,中寮鄉,159
23.8863,120.7585,中寮,C0H950,2017-01-31T05:00:00+08:00,192.0,0.0,0.0,12.6,0.99,995.1,-99.0,0.0,-9.9,-99,-999,南投縣,13,中寮鄉,159
23.8863,120.7585,中寮,C0H950,2017-01-31T06:00:00+08:00,192.0,0.0,0.0,12.4,0.99,995.5,-99.0,0.0,-9.9,-99,-999,南投縣,13,中寮鄉,159
23.8863,120.7585,中寮,C0H950,2017-01-31T07:00:00+08:00,192.0,0.0,0.0,12.0,0.99,996.1,-99.0,0.0,-9.9,-99,-999,南投縣,13,中寮鄉,159
