24.0239,121.1241,仁愛,C0I390,2017-01-10T11:00:00+08:00,1184.0,155.0,0.4,19.3,0.43,889.8,-99.0,0.0,-9.9,-99,-999,南投縣,13,仁愛鄉,122
24.0239,121.1241,仁愛,C0I390,2017-01-10T12:00:00+08:00,1184.0,252.0,1.6,19.5,0.40,888.9,-99.0,0.0,-9.9,-99,-999,南投縣,13,仁愛鄉,122
24.0239,121.1241,仁愛,C0I390,2017-01-10T13:00:00+08:00,1184.0,252.0,1.4,20.4,0.38,888.0,-99.0,0.0,-9.9,-99,-999,南投縣,13,仁愛鄉,122
24.0239,121.1241,仁愛,C0I390,2017-01-10T14:00:00+08:00,1184.0,261.0,2.8,19.7,0.42,887.6,-99.0,0.0,-9.9,-99,-999,南投縣,13,仁愛鄉,122
24.0239,121.1241,仁愛,C0I390,2017-01-10T15:00:00+08:00,1184.0,263.0,1.9,19.7,0.50,887.5,-99.0,0.0,-9.9,-99,-999,南投縣,13,仁愛鄉,122
24.0239,121.1241,仁愛,C0I390,2017-01-10T16:00:00+08:00,1184.0,261.0,1.7,18.4,0.53,888.0,-99.0,0.0,-9.9,-99,-999,南投縣,13,仁愛鄉,122
24.0239,121.1241,仁愛,C0I390,2017-01-10T17:00:00+08:00,1184.0,262.0,2.2,16.4,0.72,888.6,-99.0,0.0,-9.9,-99,-999,南投縣,13,仁愛鄉,122
24.0239,121.1241,仁愛,C0I390,2017-01-10T18:00:00+08:00,1184.0,255.0,0.9,14.8,0.81,889.2,-99.0,0.0,-9.9,-99,-999,南投縣,13,仁愛鄉,122
24.0239,121.1241,仁愛,C0I390,2017-01-10T19:00:00+08:00,1184.0,90.0,0.3,14.4,0.81,889.6,-99.0,0.0,-9.9,-99,-999,南投縣,13,仁愛鄉,122
24.0239,121.1241,仁愛,C0I390,2017-01-10T20:00:00+08:00,1184.0,98.0,1.7,13.0,0.85,889.9,-99.0,0.0,-9.9,-99,-999,南投縣,13,仁愛鄉,122
24.0239,121.1241,仁愛,C0I390,2017-01-10T21:00:00+08:00,1184.0,99.0,2.0,12.1,0.87,890.3,-99.0,0.0,-9.9,-99,-999,南投縣,13,仁愛鄉,122
24.0239,121.1241,仁愛,C0I390,2017-01-10T22:00:00+08:00,1184.0,97.0,2.2,12.2,0.78,890.5,-99.0,0.0,-9.9,-99,-999,南投縣,13,仁愛鄉,122
24.0239,121.1241,仁愛,C0I390,2017-01-10T23:00:00+08:00,1184.0,98.0,1.8,11.3,0.77,890.3,-99.0,0.0,-9.9,-99,-999,南投縣,13,仁愛鄉,122
24.0239,121.1241,仁愛,C0I390,2017-01-11T00:00:00+08:00,1184.0,99.0,2.2,11.1,0.77,890.2,-99.0,0.0,-9.9,-99,-999,南投縣,13,仁愛鄉,122
24.0239,121.1241,仁愛,C0I390,2017-01-11T01:00:00+08:00,1184.0,97.0,2.0,11.0,0.76,889.9,-99.0,0.0,-9.9,-99,-999,南投縣,13,仁愛鄉,122
24.0239,121.1241,仁愛,C0I390,2017-01-11T02:00:00+08:00,1184.0,97.0,1.5,11.4,0.71,889.3,-99.0,0.0,-9.9,-99,-999,南投縣,13,仁愛鄉,122
24.0239,121.1241,仁愛,C0I390,2017-01-11T03:00:00+08:00,1184.0,102.0,1.8,10.5,0.78,889.4,-99.0,0.0,-9.9,-99,-999,南投縣,13,仁愛鄉,122
24.0239,121.1241,仁愛,C0I390,2017-01-11T04:00:00+08:00,1184.0,100.0,1.7,10.0,0.82,889.0,-99.0,0.0,-9.9,-99,-999,南投縣,13,仁愛鄉,122
24.0239,121.1241,仁愛,C0I390,2017-01-11T05:00:00+08:00,1184.0,96.0,1.8,9.7,0.84,889.4,-99.0,0.0,-9.9,-99,-999,南投縣,13,仁愛鄉,122
24.0239,121.1241,仁愛,C0I390,2017-01-11T06:00:00+08:00,1184.0,96.0,2.2,9.2,0.84,889.9,-99.0,0.0,-9.9,-99,-999,南投縣,13,仁愛鄉,122
24.0239,121.1241,仁愛,C0I390,2017-01-11T07:00:00+08:00,1184.0,99.0,2.3,9.3,0.81,890.2,-99.0,0.0,-9.9,-99,-999,南投縣,13,仁愛鄉,122
24.0239,121.1241,仁愛,C0I390,2017-01-11T08:00:00+08:00,1184.0,96.0,1.7,10.6,0.83,890.4,-99.0,0.0,-9.9,-99,-999,南投縣,13,仁愛鄉,122
24.0239,121.1241,仁愛,C0I390,2017-01-11T09:00:00+08:00,1184.0,103.0,2.0,13.5,0.65,890.7,-99.0,0.0,-9.9,-99,-999,南投縣,13,仁愛鄉,122
24.0239,121.1241,仁愛,C0I390,2017-01-11T10:00:00+08:00,1184.0,110.0,0.9,17.3,0.54,890.4,-99.0,0.0,-9.9,-99,-999,南投縣,13,仁愛鄉,122
24.0239,121.1241,仁愛,C0I390,2017-01-11T11:00:00+08:00,1184.0,157.0,0.5,20.1,0.41,889.6,-99.0,0.0,-9.9,-99,-999,南投縣,13,仁愛鄉,122
24.0239,121.1241,仁愛,C0I390,2017-01-11T12:00:00+08:00,1184.0,252.0,1.6,20.0,0.43,888.5,-99.0,0.0,-9.9,-99,-999,南投縣,13,仁愛鄉,122
24.0239,121.1241,仁愛,C0I390,2017-01-11T13:00:00+08:00,1184.0,269.0,2.3,20.3,0.43,887.4,-99.0,0.0,-9.9,-99,-999,南投縣,13,仁愛鄉,122
24.0239,121.1241,仁愛,C0I390,2017-01-11T14:00:00+08:00,1184.0,253.0,2.1,20.8,0.46,886.7,-99.0,0.0,-9.9,-99,-999,南投縣,13,仁愛鄉,122
24.0239,121.1241,仁愛,C0I390,2017-01-11T15:00:00+08:00,1184.0,258.0,1.6,21.0,0.42,886.5,-99.0,0.0,-9.9,-99,-999,南投縣,13,仁愛鄉,122
24.0239,121.1241,仁愛,C0I390,2017-01-11T16:00:00+08:00,1184.0,266.0,3.0,19.2,0.52,886.6,-99.0,0.0,-9.9,-99,-999,南投縣,13,仁愛鄉,122
24.0239,121.1241,仁愛,C0I390,2017-01-11T17:00:00+08:00,1184.0,272.0,3.2,17.3,0.62,887.2,-99.0,0.0,-9.9,-99,-999,南投縣,13,仁愛鄉,122
24.0239,121.1241,仁愛,C0I390,2017-01-11T18:00:00+08:00,1184.0,285.0,0.7,15.8,0.69,887.9,-99.0,0.0,-9.9,-99,-999,南投縣,13,仁愛鄉,122
24.0239,121.1241,仁愛,C0I390,2017-01-11T19:00:00+08:00,1184.0,90.0,0.3,15.4,0.72,888.6,-99.0,0.0,-9.9,-99,-999,南投縣,13,仁愛鄉,122
24.0239,121.1241,仁愛,C0I390,2017-01-11T20:00:00+08:00,1184.0,91.0,0.7,14.9,0.73,889.0,-99.0,0.0,-9.9,-99,-999,南投縣,13,仁愛鄉,122
24.0239,121.1241,仁愛,C0I390,2017-01-11T21:00:00+08:00,1184.0,97.0,1.3,14.6,0.76,889.1,-99.0,0.0,-9.9,-99,-999,南投縣,13,仁愛鄉,122
24.0239,121.1241,仁愛,C0I390,2017-01-11T22:00:00+08:00,1184.0,109.0,1.2,14.2,0.79,889.2,-99.0,0.0,-9.9,-99,-999,南投縣,13,仁愛鄉,122
24.0239,121.1241,仁愛,C0I390,2017-01-11T23:00:00+08:00,1184.0,319.0,0.6,13.8,0.82,889.3,-99.0,0.0,-9.9,-99,-999,南投縣,13,仁愛鄉,122
24.0239,121.1241,仁愛,C0I390,2017-01-12T00:00:00+08:00,1184.0,93.0,1.0,13.9,0.83,889.1,-99.0,0.0,-9.9,-99,-999,南投縣,13,仁愛鄉,122
24.0239,121.1241,仁愛,C0I390,2017-01-12T01:00:00+08:00,1184.0,87.0,1.1,13.9,0.81,888.5,-99.0,0.0,-9.9,-99,-999,南投縣,13,仁愛鄉,122
24.0239,121.1241,仁愛,C0I390,2017-01-12T02:00:00+08:00,1184.0,91.0,0.7,13.9,0.80,888.1,-99.0,0.0,-9.9,-99,-999,南投縣,13,仁愛鄉,122
24.0239,121.1241,仁愛,C0I390,2017-01-12T03:00:00+08:00,1184.0,99.0,0.7,13.9,0.82,887.9,-99.0,0.0,-9.9,-99,-999,南投縣,13,仁愛鄉,122
24.0239,121.1241,仁愛,C0I390,2017-01-12T04:00:00+08:00,1184.0,0.0,0.2,13.9,0.84,887.7,-99.0,0.0,-9.9,-99,-999,南投縣,13,仁愛鄉,122
24.0239,121.1241,仁愛,C0I390,2017-01-12T05:00:00+08:00,1184.0,103.0,1.4,13.4,0.86,887.9,-99.0,0.0,-9.9,-99,-999,南投縣,13,仁愛鄉,122
24.0239,121.1241,仁愛,C0I390,2017-01-12T06:00:00+08:00,1184.0,102.0,0.8,13.4,0.85,887.9,-99.0,0.0,-9.9,-99,-999,南投縣,13,仁愛鄉,122
24.0239,121.1241,仁愛,C0I390,2017-01-12T07:00:00+08:00,1184.0,94.0,1.1,13.1,0.87,888.2,-99.0,0.0,-9.9,-99,-999,南投縣,13,仁愛鄉,122
24.0239,121.1241,仁愛,C0I390,2017-01-12T08:00:00+08:00,1184.0,97.0,1.3,13.6,0.88,888.6,-99.0,0.0,-9.9,-99,-999,南投縣,13,仁愛鄉,122
24.0239,121.1241,仁愛,C0I390,2017-01-12T09:00:00+08:00,1184.0,99.0,2.1,15.5,0.75,888.3,-99.0,0.0,-9.9,-99,-999,南投縣,13,仁愛鄉,122
24.0239,121.1241,仁愛,C0I390,2017-01-12T10:00:00+08:00,1184.0,116.0,0.9,17.1,0.71,888.0,-99.0,0.0,-9.9,-99,-999,南投縣,13,仁愛鄉,122
24.0239,121.1241,仁愛,C0I390,2017-01-12T11:00:00+08:00,1184.0,115.0,1.2,17.5,0.70,887.2,-99.0,0.0,-9.9,-99,-999,南投縣,13,仁愛鄉,122
24.0239,121.1241,仁愛,C0I390,2017-01-12T12:00:00+08:00,1184.0,248.0,1.1,19.3,0.65,886.0,-99.0,0.0,-9.9,-99,-999,南投縣,13,仁愛鄉,122
24.0239,121.1241,仁愛,C0I390,2017-01-12T13:00:00+08:00,1184.0,263.0,1.7,19.3,0.61,885.4,-99.0,0.0,-9.9,-99,-999,南投縣,13,仁愛鄉,122
24.0239,121.1241,仁愛,C0I390,2017-01-12T14:00:00+08:00,1184.0,274.0,3.9,18.0,0.67,884.8,-99.0,0.0,-9.9,-99,-999,南投縣,13,仁愛鄉,122
24.0239,121.1241,仁愛,C0I390,2017-01-12T15:00:00+08:00,1184.0,267.0,2.0,18.7,0.70,884.6,-99.0,0.0,-9.9,-99,-999,南投縣,13,仁愛鄉,122
24.0239,121.1241,仁愛,C0I390,2017-01-12T16:00:00+08:00,1184.0,247.0,1.9,18.6,0.71,884.8,-99.0,0.0,-9.9,-99,-999,南投縣,13,仁愛鄉,122
24.0239,121.1241,仁愛,C0I390,2017-01-12T17:00:00+08:00,1184.0,273.0,2.8,16.5,0.83,885.1,-99.0,0.0,-9.9,-99,-999,南投縣,13,仁愛鄉,122
24.0239,121.1241,仁愛,C0I390,2017-01-12T18:00:00+08:00,1184.0,268.0,1.6,15.3,0.90,885.6,-99.0,0.0,-9.9,-99,-999,南投縣,13,仁愛鄉,122
24.0239,121.1241,仁愛,C0I390,2017-01-12T19:00:00+08:00,1184.0,266.0,0.7,15.3,0.91,886.0,-99.0,0.0,-9.9,-99,-999,南投縣,13,仁愛鄉,122
24.0239,121.1241,仁愛,C0I390,2017-01-12T20:00:00+08:00,1184.0,241.0,0.4,15.2,0.91,886.4,-99.0,0.0,-9.9,-99,-999,南投縣,13,仁愛鄉,122
24.0239,121.1241,仁愛,C0I390,2017-01-12T21:00:00+08:00,1184.0,255.0,0.5,14.9,0.92,886.6,-99.0,0.0,-9.9,-99,-999,南投縣,13,仁愛鄉,122
24.0239,121.1241,仁愛,C0I390,2017-01-12T22:00:00+08:00,1184.0,86.0,0.5,15.3,0.90,886.7,-99.0,0.0,-9.9,-99,-999,南投縣,13,仁愛鄉,122
24.0239,121.1241,仁愛,C0I390,2017-01-12T23:00:00+08:00,1184.0,116.0,0.3,15.2,0.90,886.2,-99.0,0.0,-9.9,-99,-999,南投縣,13,仁愛鄉,122
24.0239,121.1241,仁愛,C0I390,2017-01-13T00:00:00+08:00,1184.0,215.0,0.5,14.4,0.95,886.2,-99.0,0.0,-9.9,-99,-999,南投縣,13,仁愛鄉,122
24.0239,121.1241,仁愛,C0I390,2017-01-13T01:00:00+08:00,1184.0,277.0,1.2,13.9,0.99,886.1,-99.0,0.0,-9.9,-99,-999,南投縣,13,仁愛鄉,122
24.0239,121.1241,仁愛,C0I390,2017-01-13T02:00:00+08:00,1184.0,0.0,0.0,14.1,0.98,886.0,-99.0,0.0,-9.9,-99,-999,南投縣,13,仁愛鄉,122
24.0239,121.1241,仁愛,C0I390,2017-01-13T03:00:00+08:00,1184.0,260.0,0.7,14.4,0.95,885.9,-99.0,0.0,-9.9,-99,-999,南投縣,13,仁愛鄉,122
24.0239,121.1241,仁愛,C0I390,2017-01-13T04:00:00+08:00,1184.0,0.0,0.0,14.5,0.94,885.7,-99.0,0.0,-9.9,-99,-999,南投縣,13,仁愛鄉,122
24.0239,121.1241,仁愛,C0I390,2017-01-13T05:00:00+08:00,1184.0,106.0,0.8,14.7,0.92,885.3,-99.0,0.0,-9.9,-99,-999,南投縣,13,仁愛鄉,122
24.0239,121.1241,仁愛,C0I390,2017-01-13T06:00:00+08:00,1184.0,97.0,0.9,14.4,0.94,885.2,-99.0,0.0,-9.9,-99,-999,南投縣,13,仁愛鄉,122
24.0239,121.1241,仁愛,C0I390,2017-01-13T07:00:00+08:00,1184.0,98.0,0.7,14.2,0.96,886.1,-99.0,0.0,-9.9,-99,-999,南投縣,13,仁愛鄉,122
24.0239,121.1241,仁愛,C0I390,2017-01-13T08:00:00+08:00,1184.0,96.0,0.7,14.8,0.92,886.8,-99.0,0.0,-9.9,-99,-999,南投縣,13,仁愛鄉,122
24.0239,121.1241,仁愛,C0I390,2017-01-13T09:00:00+08:00,1184.0,99.0,1.7,15.4,0.87,887.1,-99.0,0.0,-9.9,-99,-999,南投縣,13,仁愛鄉,122
24.0239,121.1241,仁愛,C0I390,2017-01-13T10:00:00+08:00,1184.0,0.0,0.0,17.9,0.73,887.0,-99.0,0.0,-9.9,-99,-999,南投縣,13,仁愛鄉,122
24.0239,121.1241,仁愛,C0I390,2017-01-13T11:00:00+08:00,1184.0,285.0,0.3,19.1,0.69,886.3,-99.0,0.0,-9.9,-99,-999,南投縣,13,仁愛鄉,122
24.0239,121.1241,仁愛,C0I390,2017-01-13T12:00:00+08:00,1184.0,262.0,1.0,18.4,0.67,885.3,-99.0,0.0,-9.9,-99,-999,南投縣,13,仁愛鄉,122
24.0239,121.1241,仁愛,C0I390,2017-01-13T13:00:00+08:00,1184.0,264.0,2.1,17.2,0.77,884.9,-99.0,0.0,-9.9,-99,-999,南投縣,13,仁愛鄉,122
24.0239,121.1241,仁愛,C0I390,2017-01-13T14:00:00+08:00,1184.0,249.0,0.7,16.6,0.81,884.9,-99.0,0.0,-9.9,-99,-999,南投縣,13,仁愛鄉,122
24.0239,121.1241,仁愛,C0I390,2017-01-13T15:00:00+08:00,1184.0,72.0,0.7,16.0,0.91,885.1,-99.0,0.0,-9.9,-99,-999,南投縣,13,仁愛鄉,122
24.0239,121.1241,仁愛,C0I390,2017-01-13T16:00:00+08:00,1184.0,79.0,1.1,15.6,0.89,885.4,-99.0,0.0,-9.9,-99,-999,南投縣,13,仁愛鄉,122
24.0239,121.1241,仁愛,C0I390,2017-01-13T17:00:00+08:00,1184.0,90.0,0.9,15.3,0.93,885.8,-99.0,0.0,-9.9,-99,-999,南投縣,13,仁愛鄉,122
24.0239,121.1241,仁愛,C0I390,2017-01-13T18:00:00+08:00,1184.0,86.0,0.8,14.8,0.97,885.9,-99.0,0.0,-9.9,-99,-999,南投縣,13,仁愛鄉,122
24.0239,121.1241,仁愛,C0I390,2017-01-13T19:00:00+08:00,1184.0,88.0,1.4,14.8,0.97,886.1,-99.0,0.5,-9.9,-99,-999,南投縣,13,仁愛鄉,122
24.0239,121.1241,仁愛,C0I390,2017-01-13T20:00:00+08:00,1184.0,82.0,1.3,14.5,0.98,886.3,-99.0,0.5,-9.9,-99,-999,南投縣,13,仁愛鄉,122
24.0239,121.1241,仁愛,C0I390,2017-01-13T21:00:00+08:00,1184.0,92.0,1.1,14.8,0.94,886.2,-99.0,0.5,-9.9,-99,-999,南投縣,13,仁愛鄉,122
24.0239,121.1241,仁愛,C0I390,2017-01-13T22:00:00+08:00,1184.0,106.0,0.5,14.6,0.98,887.0,-99.0,1.0,-9.9,-99,-999,南投縣,13,仁愛鄉,122
24.0239,121.1241,仁愛,C0I390,2017-01-13T23:00:00+08:00,1184.0,0.0,0.2,14.3,0.98,886.8,-99.0,1.0,-9.9,-99,-999,南投縣,13,仁愛鄉,122
24.0239,121.1241,仁愛,C0I390,2017-01-14T00:00:00+08:00,1184.0,37.0,0.4,14.4,0.98,886.2,-99.0,2.0,-9.9,-99,-999,南投縣,13,仁愛鄉,122
24.0239,121.1241,仁愛,C0I390,2017-01-14T01:00:00+08:00,1184.0,90.0,0.7,14.5,0.98,885.8,-99.0,0.0,-9.9,-99,-999,南投縣,13,仁愛鄉,122
24.0239,121.1241,仁愛,C0I390,2017-01-14T02:00:00+08:00,1184.0,0.0,0.0,14.4,0.98,885.5,-99.0,0.5,-9.9,-99,-999,南投縣,13,仁愛鄉,122
24.0239,121.1241,仁愛,C0I390,2017-01-14T03:00:00+08:00,1184.0,255.0,0.3,14.2,0.99,885.7,-99.0,1.0,-9.9,-99,-999,南投縣,13,仁愛鄉,122
24.0239,121.1241,仁愛,C0I390,2017-01-14T04:00:00+08:00,1184.0,246.0,0.7,14.3,0.99,885.5,-99.0,1.5,-9.9,-99,-999,南投縣,13,仁愛鄉,122
24.0239,121.1241,仁愛,C0I390,2017-01-14T05:00:00+08:00,1184.0,206.0,0.7,14.3,0.99,885.5,-99.0,2.0,-9.9,-99,-999,南投縣,13,仁愛鄉,122
24.0239,121.1241,仁愛,C0I390,2017-01-14T06:00:00+08:00,1184.0,81.0,0.5,14.4,0.99,885.7,-99.0,2.0,-9.9,-99,-999,南投縣,13,仁愛鄉,122
24.0239,121.1241,仁愛,C0I390,2017-01-14T07:00:00+08:00,1184.0,0.0,0.2,14.4,0.99,886.1,-99.0,2.0,-9.9,-99,-999,南投縣,13,仁愛鄉,122
24.0239,121.1241,仁愛,C0I390,2017-01-14T08:00:00+08:00,1184.0,266.0,0.9,14.1,0.99,886.7,-99.0,2.5,-9.9,-99,-999,南投縣,13,仁愛鄉,122
24.0239,121.1241,仁愛,C0I390,2017-01-14T10:00:00+08:00,1184.0,269.0,2.7,13.3,0.99,887.8,-99.0,7.0,-9.9,-99,-999,南投縣,13,仁愛鄉,122
24.0239,121.1241,仁愛,C0I390,2017-01-14T11:00:00+08:00,1184.0,277.0,0.6,13.2,0.99,887.5,-99.0,7.0,-9.9,-99,-999,南投縣,13,仁愛鄉,122
24.0239,121.1241,仁愛,C0I390,2017-01-14T12:00:00+08:00,1184.0,260.0,0.8,13.4,0.99,886.8,-99.0,8.0,-9.9,-99,-999,南投縣,13,仁愛鄉,122
24.0239,121.1241,仁愛,C0I390,2017-01-14T13:00:00+08:00,1184.0,302.0,0.6,13.7,0.99,886.3,-99.0,8.0,-9.9,-99,-999,南投縣,13,仁愛鄉,122
24.0239,121.1241,仁愛,C0I390,2017-01-14T14:00:00+08:00,1184.0,268.0,1.0,13.7,0.99,885.9,-99.0,9.0,-9.9,-99,-999,南投縣,13,仁愛鄉,122
24.0239,121.1241,仁愛,C0I390,2017-01-14T15:00:00+08:00,1184.0,263.0,0.9,13.8,0.99,886.1,-99.0,10.0,-9.9,-99,-999,南投縣,13,仁愛鄉,122
24.0239,121.1241,仁愛,C0I390,2017-01-14T16:00:00+08:00,1184.0,314.0,0.6,14.1,0.99,886.3,-99.0,10.0,-9.9,-99,-999,南投縣,13,仁愛鄉,122
24.0239,121.1241,仁愛,C0I390,2017-01-14T17:00:00+08:00,1184.0,0.0,0.0,14.8,0.97,886.7,-99.0,10.0,-9.9,-99,-999,南投縣,13,仁愛鄉,122
24.0239,121.1241,仁愛,C0I390,2017-01-14T18:00:00+08:00,1184.0,22.0,0.8,14.2,0.97,886.8,-99.0,10.0,-9.9,-99,-999,南投縣,13,仁愛鄉,122
24.0239,121.1241,仁愛,C0I390,2017-01-14T19:00:00+08:00,1184.0,254.0,0.6,13.7,0.98,887.2,-99.0,10.0,-9.9,-99,-999,南投縣,13,仁愛鄉,122
24.0239,121.1241,仁愛,C0I390,2017-01-14T20:00:00+08:00,1184.0,265.0,0.9,13.8,0.99,888.1,-99.0,10.0,-9.9,-99,-999,南投縣,13,仁愛鄉,122
24.0239,121.1241,仁愛,C0I390,2017-01-14T21:00:00+08:00,1184.0,0.0,0.0,13.7,0.99,888.3,-99.0,10.0,-9.9,-99,-999,南投縣,13,仁愛鄉,122
24.0239,121.1241,仁愛,C0I390,2017-01-14T22:00:00+08:00,1184.0,262.0,0.3,13.7,0.99,888.4,-99.0,10.5,-9.9,-99,-999,南投縣,13,仁愛鄉,122
24.0239,121.1241,仁愛,C0I390,2017-01-14T23:00:00+08:00,1184.0,267.0,0.7,13.4,0.99,888.4,-99.0,11.0,-9.9,-99,-999,南投縣,13,仁愛鄉,122
24.0239,121.1241,仁愛,C0I390,2017-01-15T00:00:00+08:00,1184.0,275.0,1.2,13.2,0.99,888.8,-99.0,11.0,-9.9,-99,-999,南投縣,13,仁愛鄉,122
24.0239,121.1241,仁愛,C0I390,2017-01-15T01:00:00+08:00,1184.0,271.0,0.8,13.2,0.99,888.9,-99.0,0.0,-9.9,-99,-999,南投縣,13,仁愛鄉,122
24.0239,121.1241,仁愛,C0I390,2017-01-15T02:00:00+08:00,1184.0,273.0,1.2,13.0,0.99,888.9,-99.0,0.0,-9.9,-99,-999,南投縣,13,仁愛鄉,122
24.0239,121.1241,仁愛,C0I390,2017-01-15T03:00:00+08:00,1184.0,0.0,0.0,12.8,0.99,888.9,-99.0,0.0,-9.9,-99,-999,南投縣,13,仁愛鄉,122
24.0239,121.1241,仁愛,C0I390,2017-01-15T04:00:00+08:00,1184.0,101.0,0.5,13.0,0.99,888.6,-99.0,0.0,-9.9,-99,-999,南投縣,13,仁愛鄉,122
24.0239,121.1241,仁愛,C0I390,2017-01-15T05:00:00+08:00,1184.0,66.0,1.1,12.9,0.99,888.4,-99.0,0.0,-9.9,-99,-999,南投縣,13,仁愛鄉,122
24.0239,121.1241,仁愛,C0I390,2017-01-15T06:00:00+08:00,1184.0,111.0,1.1,12.8,0.98,888.3,-99.0,0.0,-9.9,-99,-999,南投縣,13,仁愛鄉,122
24.0239,121.1241,仁愛,C0I390,2017-01-15T07:00:00+08:00,1184.0,78.0,0.7,12.6,0.95,888.5,-99.0,0.0,-9.9,-99,-999,南投縣,13,仁愛鄉,122
24.0239,121.1241,仁愛,C0I390,2017-01-15T08:00:00+08:00,1184.0,267.0,0.4,12.2,0.99,889.3,-99.0,0.0,-9.9,-99,-999,南投縣,13,仁愛鄉,122
24.0239,121.1241,仁愛,C0I390,2017-01-15T09:00:00+08:00,1184.0,273.0,1.8,12.3,0.99,890.0,-99.0,0.0,-9.9,-99,-999,南投縣,13,仁愛鄉,122
24.0239,121.1241,仁愛,C0I390,2017-01-15T10:00:00+08:00,1184.0,267.0,1.0,12.7,0.99,889.8,-99.0,0.0,-9.9,-99,-999,南投縣,13,仁愛鄉,122
24.0239,121.1241,仁愛,C0I390,2017-01-15T11:00:00+08:00,1184.0,270.0,2.0,12.9,0.99,889.5,-99.0,0.0,-9.9,-99,-999,南投縣,13,仁愛鄉,122
24.0239,121.1241,仁愛,C0I390,2017-01-15T12:00:00+08:00,1184.0,258.0,1.2,12.8,0.99,888.8,-99.0,0.0,-9.9,-99,-999,南投縣,13,仁愛鄉,122
24.0239,121.1241,仁愛,C0I390,2017-01-15T13:00:00+08:00,1184.0,262.0,1.2,13.9,0.94,887.9,-99.0,0.0,-9.9,-99,-999,南投縣,13,仁愛鄉,122
24.0239,121.1241,仁愛,C0I390,2017-01-15T14:00:00+08:00,1184.0,259.0,2.2,13.6,0.93,887.4,-99.0,0.0,-9.9,-99,-999,南投縣,13,仁愛鄉,122
24.0239,121.1241,仁愛,C0I390,2017-01-15T15:00:00+08:00,1184.0,258.0,1.2,14.4,0.89,887.7,-99.0,0.0,-9.9,-99,-999,南投縣,13,仁愛鄉,122
24.0239,121.1241,仁愛,C0I390,2017-01-15T16:00:00+08:00,1184.0,265.0,1.1,13.9,0.89,887.9,-99.0,0.0,-9.9,-99,-999,南投縣,13,仁愛鄉,122
24.0239,121.1241,仁愛,C0I390,2017-01-15T17:00:00+08:00,1184.0,272.0,0.8,13.6,0.94,887.8,-99.0,0.0,-9.9,-99,-999,南投縣,13,仁愛鄉,122
24.0239,121.1241,仁愛,C0I390,2017-01-15T18:00:00+08:00,1184.0,261.0,1.3,13.1,0.95,888.2,-99.0,0.0,-9.9,-99,-999,南投縣,13,仁愛鄉,122
24.0239,121.1241,仁愛,C0I390,2017-01-15T19:00:00+08:00,1184.0,266.0,1.5,12.7,0.99,888.5,-99.0,0.0,-9.9,-99,-999,南投縣,13,仁愛鄉,122
24.0239,121.1241,仁愛,C0I390,2017-01-15T20:00:00+08:00,1184.0,265.0,1.1,12.5,0.99,888.9,-99.0,0.0,-9.9,-99,-999,南投縣,13,仁愛鄉,122
24.0239,121.1241,仁愛,C0I390,2017-01-15T21:00:00+08:00,1184.0,267.0,1.4,12.5,0.97,889.2,-99.0,0.0,-9.9,-99,-999,南投縣,13,仁愛鄉,122
24.0239,121.1241,仁愛,C0I390,2017-01-15T22:00:00+08:00,1184.0,270.0,1.1,12.4,0.98,889.5,-99.0,0.0,-9.9,-99,-999,南投縣,13,仁愛鄉,122
24.0239,121.1241,仁愛,C0I390,2017-01-15T23:00:00+08:00,1184.0,278.0,1.0,12.3,0.98,889.3,-99.0,0.0,-9.9,-99,-999,南投縣,13,仁愛鄉,122
24.0239,121.1241,仁愛,C0I390,2017-01-16T00:00:00+08:00,1184.0,267.0,0.6,12.5,0.95,889.4,-99.0,0.5,-9.9,-99,-999,南投縣,13,仁愛鄉,122
24.0239,121.1241,仁愛,C0I390,2017-01-16T01:00:00+08:00,1184.0,218.0,0.7,12.3,0.95,889.3,-99.0,0.0,-9.9,-99,-999,南投縣,13,仁愛鄉,122
24.0239,121.1241,仁愛,C0I390,2017-01-16T02:00:00+08:00,1184.0,250.0,0.8,11.8,0.98,889.3,-99.0,1.5,-9.9,-99,-999,南投縣,13,仁愛鄉,122
24.0239,121.1241,仁愛,C0I390,2017-01-16T03:00:00+08:00,1184.0,0.0,0.0,11.6,0.98,889.2,-99.0,3.5,-9.9,-99,-999,南投縣,13,仁愛鄉,122
24.0239,121.1241,仁愛,C0I390,2017-01-16T04:00:00+08:00,1184.0,0.0,0.0,12.0,0.98,889.1,-99.0,4.0,-9.9,-99,-999,南投縣,13,仁愛鄉,122
24.0239,121.1241,仁愛,C0I390,2017-01-16T05:00:00+08:00,1184.0,93.0,0.5,11.9,0.98,889.1,-99.0,4.0,-9.9,-99,-999,南投縣,13,仁愛鄉,122
24.0239,121.1241,仁愛,C0I390,2017-01-16T06:00:00+08:00,1184.0,97.0,0.7,11.7,0.98,889.2,-99.0,4.0,-9.9,-99,-999,南投縣,13,仁愛鄉,122
24.0239,121.1241,仁愛,C0I390,2017-01-16T07:00:00+08:00,1184.0,102.0,1.4,11.3,0.98,889.3,-99.0,4.0,-9.9,-99,-999,南投縣,13,仁愛鄉,122
24.0239,121.1241,仁愛,C0I390,2017-01-16T08:00:00+08:00,1184.0,114.0,0.8,12.6,0.93,889.5,-99.0,4.0,-9.9,-99,-999,南投縣,13,仁愛鄉,122
24.0239,121.1241,仁愛,C0I390,2017-01-16T10:00:00+08:00,1184.0,254.0,1.0,14.2,0.80,889.6,-99.0,4.0,-9.9,-99,-999,南投縣,13,仁愛鄉,122
24.0239,121.1241,仁愛,C0I390,2017-01-16T11:00:00+08:00,1184.0,262.0,1.8,14.6,0.84,889.3,-99.0,4.0,-9.9,-99,-999,南投縣,13,仁愛鄉,122
24.0239,121.1241,仁愛,C0I390,2017-01-16T12:00:00+08:00,1184.0,267.0,1.1,16.3,0.75,888.6,-99.0,4.0,-9.9,-99,-999,南投縣,13,仁愛鄉,122
24.0239,121.1241,仁愛,C0I390,2017-01-16T13:00:00+08:00,1184.0,262.0,2.4,16.1,0.71,887.8,-99.0,4.0,-9.9,-99,-999,南投縣,13,仁愛鄉,122
24.0239,121.1241,仁愛,C0I390,2017-01-16T14:00:00+08:00,1184.0,259.0,1.8,17.4,0.63,887.3,-99.0,4.0,-9.9,-99,-999,南投縣,13,仁愛鄉,122
24.0239,121.1241,仁愛,C0I390,2017-01-16T15:00:00+08:00,1184.0,262.0,2.5,16.7,0.71,887.0,-99.0,4.0,-9.9,-99,-999,南投縣,13,仁愛鄉,122
24.0239,121.1241,仁愛,C0I390,2017-01-16T16:00:00+08:00,1184.0,262.0,2.2,15.7,0.77,887.3,-99.0,4.0,-9.9,-99,-999,南投縣,13,仁愛鄉,122
24.0239,121.1241,仁愛,C0I390,2017-01-16T17:00:00+08:00,1184.0,266.0,2.4,13.7,0.87,887.9,-99.0,4.0,-9.9,-99,-999,南投縣,13,仁愛鄉,122
24.0239,121.1241,仁愛,C0I390,2017-01-16T18:00:00+08:00,1184.0,263.0,1.6,12.7,0.93,888.6,-99.0,4.0,-9.9,-99,-999,南投縣,13,仁愛鄉,122
24.0239,121.1241,仁愛,C0I390,2017-01-16T19:00:00+08:00,1184.0,268.0,0.9,12.1,0.97,889.1,-99.0,4.0,-9.9,-99,-999,南投縣,13,仁愛鄉,122
24.0239,121.1241,仁愛,C0I390,2017-01-16T20:00:00+08:00,1184.0,0.0,0.0,12.0,0.97,889.7,-99.0,4.0,-9.9,-99,-999,南投縣,13,仁愛鄉,122
24.0239,121.1241,仁愛,C0I390,2017-01-16T21:00:00+08:00,1184.0,0.0,0.0,12.4,0.92,890.4,-99.0,4.0,-9.9,-99,-999,南投縣,13,仁愛鄉,122
24.0239,121.1241,仁愛,C0I390,2017-01-16T22:00:00+08:00,1184.0,83.0,0.4,12.0,0.93,890.9,-99.0,4.0,-9.9,-99,-999,南投縣,13,仁愛鄉,122
24.0239,121.1241,仁愛,C0I390,2017-01-16T23:00:00+08:00,1184.0,96.0,1.2,11.2,0.93,891.0,-99.0,4.0,-9.9,-99,-999,南投縣,13,仁愛鄉,122
24.0239,121.1241,仁愛,C0I390,2017-01-17T00:00:00+08:00,1184.0,100.0,1.7,10.5,0.93,891.0,-99.0,4.0,-9.9,-99,-999,南投縣,13,仁愛鄉,122
24.0239,121.1241,仁愛,C0I390,2017-01-17T01:00:00+08:00,1184.0,104.0,2.6,10.0,0.91,890.8,-99.0,0.0,-9.9,-99,-999,南投縣,13,仁愛鄉,122
24.0239,121.1241,仁愛,C0I390,2017-01-17T02:00:00+08:00,1184.0,99.0,1.5,10.3,0.87,890.7,-99.0,0.0,-9.9,-99,-999,南投縣,13,仁愛鄉,122
24.0239,121.1241,仁愛,C0I390,2017-01-17T03:00:00+08:00,1184.0,96.0,1.6,10.5,0.82,890.0,-99.0,0.0,-9.9,-99,-999,南投縣,13,仁愛鄉,122
24.0239,121.1241,仁愛,C0I390,2017-01-17T04:00:00+08:00,1184.0,240.0,1.3,9.8,0.96,890.7,-99.0,0.0,-9.9,-99,-999,南投縣,13,仁愛鄉,122
24.0239,121.1241,仁愛,C0I390,2017-01-17T05:00:00+08:00,1184.0,111.0,2.1,9.5,0.95,890.5,-99.0,0.0,-9.9,-99,-999,南投縣,13,仁愛鄉,122
24.0239,121.1241,仁愛,C0I390,2017-01-17T06:00:00+08:00,1184.0,87.0,1.3,9.5,0.90,890.8,-99.0,0.0,-9.9,-99,-999,南投縣,13,仁愛鄉,122
24.0239,121.1241,仁愛,C0I390,2017-01-17T07:00:00+08:00,1184.0,93.0,1.4,9.1,0.92,890.9,-99.0,0.0,-9.9,-99,-999,南投縣,13,仁愛鄉,122
24.0239,121.1241,仁愛,C0I390,2017-01-17T08:00:00+08:00,1184.0,88.0,1.2,10.8,0.83,891.4,-99.0,0.0,-9.9,-99,-999,南投縣,13,仁愛鄉,122
24.0239,121.1241,仁愛,C0I390,2017-01-17T09:00:00+08:00,1184.0,77.0,0.6,13.7,0.68,892.1,-99.0,0.0,-9.9,-99,-999,南投縣,13,仁愛鄉,122
24.0239,121.1241,仁愛,C0I390,2017-01-17T10:00:00+08:00,1184.0,124.0,1.0,14.9,0.64,891.9,-99.0,0.0,-9.9,-99,-999,南投縣,13,仁愛鄉,122
24.0239,121.1241,仁愛,C0I390,2017-01-17T11:00:00+08:00,1184.0,0.0,0.0,17.5,0.57,891.6,-99.0,0.0,-9.9,-99,-999,南投縣,13,仁愛鄉,122
24.0239,121.1241,仁愛,C0I390,2017-01-17T12:00:00+08:00,1184.0,266.0,1.0,18.8,0.56,890.6,-99.0,0.0,-9.9,-99,-999,南投縣,13,仁愛鄉,122
24.0239,121.1241,仁愛,C0I390,2017-01-17T13:00:00+08:00,1184.0,245.0,0.7,20.7,0.50,889.7,-99.0,0.0,-9.9,-99,-999,南投縣,13,仁愛鄉,122
24.0239,121.1241,仁愛,C0I390,2017-01-17T14:00:00+08:00,1184.0,264.0,3.1,18.9,0.60,889.4,-99.0,0.0,-9.9,-99,-999,南投縣,13,仁愛鄉,122
24.0239,121.1241,仁愛,C0I390,2017-01-17T15:00:00+08:00,1184.0,275.0,2.6,18.4,0.68,889.4,-99.0,0.0,-9.9,-99,-999,南投縣,13,仁愛鄉,122
24.0239,121.1241,仁愛,C0I390,2017-01-17T16:00:00+08:00,1184.0,264.0,1.9,16.3,0.78,889.9,-99.0,0.0,-9.9,-99,-999,南投縣,13,仁愛鄉,122
24.0239,121.1241,仁愛,C0I390,2017-01-17T17:00:00+08:00,1184.0,256.0,0.9,16.7,0.78,890.3,-99.0,0.0,-9.9,-99,-999,南投縣,13,仁愛鄉,122
24.0239,121.1241,仁愛,C0I390,2017-01-17T18:00:00+08:00,1184.0,278.0,1.0,14.8,0.88,890.9,-99.0,0.0,-9.9,-99,-999,南投縣,13,仁愛鄉,122
24.0239,121.1241,仁愛,C0I390,2017-01-17T19:00:00+08:00,1184.0,288.0,0.6,13.9,0.95,891.5,-99.0,0.0,-9.9,-99,-999,南投縣,13,仁愛鄉,122
24.0239,121.1241,仁愛,C0I390,2017-01-17T20:00:00+08:00,1184.0,87.0,0.8,14.1,0.87,892.1,-99.0,0.0,-9.9,-99,-999,南投縣,13,仁愛鄉,122
24.0239,121.1241,仁愛,C0I390,2017-01-17T21:00:00+08:00,1184.0,95.0,1.1,13.7,0.87,892.6,-99.0,0.0,-9.9,-99,-999,南投縣,13,仁愛鄉,122
24.0239,121.1241,仁愛,C0I390,2017-01-17T22:00:00+08:00,1184.0,97.0,1.2,13.4,0.87,892.6,-99.0,0.0,-9.9,-99,-999,南投縣,13,仁愛鄉,122
24.0239,121.1241,仁愛,C0I390,2017-01-17T23:00:00+08:00,1184.0,82.0,1.0,13.0,0.87,892.8,-99.0,0.0,-9.9,-99,-999,南投縣,13,仁愛鄉,122
24.0239,121.1241,仁愛,C0I390,2017-01-18T00:00:00+08:00,1184.0,296.0,0.4,12.8,0.89,892.8,-99.0,0.0,-9.9,-99,-999,南投縣,13,仁愛鄉,122
24.0239,121.1241,仁愛,C0I390,2017-01-18T01:00:00+08:00,1184.0,95.0,1.3,12.2,0.89,892.6,-99.0,0.0,-9.9,-99,-999,南投縣,13,仁愛鄉,122
24.0239,121.1241,仁愛,C0I390,2017-01-18T02:00:00+08:00,1184.0,97.0,1.5,11.8,0.90,892.4,-99.0,0.0,-9.9,-99,-999,南投縣,13,仁愛鄉,122
24.0239,121.1241,仁愛,C0I390,2017-01-18T03:00:00+08:00,1184.0,99.0,1.1,11.4,0.93,892.4,-99.0,0.0,-9.9,-99,-999,南投縣,13,仁愛鄉,122
24.0239,121.1241,仁愛,C0I390,2017-01-18T04:00:00+08:00,1184.0,97.0,1.7,10.6,0.91,892.2,-99.0,0.0,-9.9,-99,-999,南投縣,13,仁愛鄉,122
24.0239,121.1241,仁愛,C0I390,2017-01-18T05:00:00+08:00,1184.0,102.0,2.3,10.1,0.91,892.5,-99.0,0.0,-9.9,-99,-999,南投縣,13,仁愛鄉,122
24.0239,121.1241,仁愛,C0I390,2017-01-18T06:00:00+08:00,1184.0,90.0,1.9,9.8,0.90,892.7,-99.0,0.0,-9.9,-99,-999,南投縣,13,仁愛鄉,122
24.0239,121.1241,仁愛,C0I390,2017-01-18T07:00:00+08:00,1184.0,96.0,2.0,9.4,0.92,892.9,-99.0,0.0,-9.9,-99,-999,南投縣,13,仁愛鄉,122
24.0239,121.1241,仁愛,C0I390,2017-01-18T08:00:00+08:00,1184.0,98.0,2.0,10.9,0.88,893.4,-99.0,0.0,-9.9,-99,-999,南投縣,13,仁愛鄉,122
24.0239,121.1241,仁愛,C0I390,2017-01-18T10:00:00+08:00,1184.0,118.0,1.2,16.6,0.61,893.5,-99.0,0.0,-9.9,-99,-999,南投縣,13,仁愛鄉,122
24.0239,121.1241,仁愛,C0I390,2017-01-18T11:00:00+08:00,1184.0,110.0,0.9,20.5,0.44,892.7,-99.0,0.0,-9.9,-99,-999,南投縣,13,仁愛鄉,122
24.0239,121.1241,仁愛,C0I390,2017-01-18T12:00:00+08:00,1184.0,247.0,1.7,20.3,0.46,891.9,-99.0,0.0,-9.9,-99,-999,南投縣,13,仁愛鄉,122
24.0239,121.1241,仁愛,C0I390,2017-01-18T13:00:00+08:00,1184.0,267.0,1.7,21.9,0.39,890.8,-99.0,0.0,-9.9,-99,-999,南投縣,13,仁愛鄉,122
24.0239,121.1241,仁愛,C0I390,2017-01-18T14:00:00+08:00,1184.0,259.0,1.2,23.0,0.36,890.2,-99.0,0.0,-9.9,-99,-999,南投縣,13,仁愛鄉,122
24.0239,121.1241,仁愛,C0I390,2017-01-18T15:00:00+08:00,1184.0,240.0,0.9,23.2,0.37,889.9,-99.0,0.0,-9.9,-99,-999,南投縣,13,仁愛鄉,122
24.0239,121.1241,仁愛,C0I390,2017-01-18T16:00:00+08:00,1184.0,258.0,3.3,18.9,0.73,890.1,-99.0,0.0,-9.9,-99,-999,南投縣,13,仁愛鄉,122
24.0239,121.1241,仁愛,C0I390,2017-01-18T17:00:00+08:00,1184.0,267.0,3.3,15.9,0.90,890.6,-99.0,0.0,-9.9,-99,-999,南投縣,13,仁愛鄉,122
24.0239,121.1241,仁愛,C0I390,2017-01-18T18:00:00+08:00,1184.0,270.0,1.4,15.0,0.95,891.0,-99.0,0.0,-9.9,-99,-999,南投縣,13,仁愛鄉,122
24.0239,121.1241,仁愛,C0I390,2017-01-18T19:00:00+08:00,1184.0,262.0,1.6,14.6,0.96,891.4,-99.0,0.0,-9.9,-99,-999,南投縣,13,仁愛鄉,122
24.0239,121.1241,仁愛,C0I390,2017-01-18T20:00:00+08:00,1184.0,252.0,0.8,14.4,0.94,891.8,-99.0,0.0,-9.9,-99,-999,南投縣,13,仁愛鄉,122
24.0239,121.1241,仁愛,C0I390,2017-01-18T21:00:00+08:00,1184.0,101.0,0.9,14.2,0.81,892.1,-99.0,0.0,-9.9,-99,-999,南投縣,13,仁愛鄉,122
24.0239,121.1241,仁愛,C0I390,2017-01-18T22:00:00+08:00,1184.0,92.0,1.7,13.0,0.82,892.1,-99.0,0.0,-9.9,-99,-999,南投縣,13,仁愛鄉,122
24.0239,121.1241,仁愛,C0I390,2017-01-18T23:00:00+08:00,1184.0,97.0,1.6,12.1,0.86,892.1,-99.0,0.0,-9.9,-99,-999,南投縣,13,仁愛鄉,122
24.0239,121.1241,仁愛,C0I390,2017-01-19T00:00:00+08:00,1184.0,99.0,2.3,11.1,0.88,892.3,-99.0,0.0,-9.9,-99,-999,南投縣,13,仁愛鄉,122
24.0239,121.1241,仁愛,C0I390,2017-01-19T01:00:00+08:00,1184.0,98.0,1.7,10.8,0.86,892.4,-99.0,0.0,-9.9,-99,-999,南投縣,13,仁愛鄉,122
24.0239,121.1241,仁愛,C0I390,2017-01-19T02:00:00+08:00,1184.0,96.0,2.0,10.1,0.87,892.1,-99.0,0.0,-9.9,-99,-999,南投縣,13,仁愛鄉,122
24.0239,121.1241,仁愛,C0I390,2017-01-19T03:00:00+08:00,1184.0,99.0,2.4,9.5,0.90,892.1,-99.0,0.0,-9.9,-99,-999,南投縣,13,仁愛鄉,122
24.0239,121.1241,仁愛,C0I390,2017-01-19T04:00:00+08:00,1184.0,105.0,2.9,9.6,0.87,892.1,-99.0,0.0,-9.9,-99,-999,南投縣,13,仁愛鄉,122
24.0239,121.1241,仁愛,C0I390,2017-01-19T05:00:00+08:00,1184.0,106.0,1.6,9.9,0.86,892.2,-99.0,0.0,-9.9,-99,-999,南投縣,13,仁愛鄉,122
24.0239,121.1241,仁愛,C0I390,2017-01-19T06:00:00+08:00,1184.0,94.0,1.9,10.3,0.85,892.8,-99.0,0.0,-9.9,-99,-999,南投縣,13,仁愛鄉,122
24.0239,121.1241,仁愛,C0I390,2017-01-19T07:00:00+08:00,1184.0,95.0,2.0,10.6,0.82,892.9,-99.0,0.0,-9.9,-99,-999,南投縣,13,仁愛鄉,122
24.0239,121.1241,仁愛,C0I390,2017-01-19T08:00:00+08:00,1184.0,90.0,1.7,12.2,0.78,893.0,-99.0,0.0,-9.9,-99,-999,南投縣,13,仁愛鄉,122
24.0239,121.1241,仁愛,C0I390,2017-01-19T09:00:00+08:00,1184.0,101.0,1.9,14.1,0.73,893.0,-99.0,0.0,-9.9,-99,-999,南投縣,13,仁愛鄉,122
24.0239,121.1241,仁愛,C0I390,2017-01-19T10:00:00+08:00,1184.0,135.0,0.8,17.6,0.62,892.6,-99.0,0.0,-9.9,-99,-999,南投縣,13,仁愛鄉,122
24.0239,121.1241,仁愛,C0I390,2017-01-19T11:00:00+08:00,1184.0,254.0,1.3,18.5,0.59,892.2,-99.0,0.0,-9.9,-99,-999,南投縣,13,仁愛鄉,122
24.0239,121.1241,仁愛,C0I390,2017-01-19T12:00:00+08:00,1184.0,245.0,1.5,19.7,0.56,890.9,-99.0,0.0,-9.9,-99,-999,南投縣,13,仁愛鄉,122
24.0239,121.1241,仁愛,C0I390,2017-01-19T13:00:00+08:00,1184.0,254.0,1.2,20.7,0.55,889.8,-99.0,0.0,-9.9,-99,-999,南投縣,13,仁愛鄉,122
24.0239,121.1241,仁愛,C0I390,2017-01-19T14:00:00+08:00,1184.0,267.0,3.1,19.8,0.60,889.1,-99.0,0.0,-9.9,-99,-999,南投縣,13,仁愛鄉,122
24.0239,121.1241,仁愛,C0I390,2017-01-19T15:00:00+08:00,1184.0,259.0,2.1,20.6,0.58,888.8,-99.0,0.0,-9.9,-99,-999,南投縣,13,仁愛鄉,122
24.0239,121.1241,仁愛,C0I390,2017-01-19T16:00:00+08:00,1184.0,256.0,1.4,19.9,0.62,889.0,-99.0,0.0,-9.9,-99,-999,南投縣,13,仁愛鄉,122
24.0239,121.1241,仁愛,C0I390,2017-01-19T17:00:00+08:00,1184.0,264.0,2.8,17.7,0.72,889.2,-99.0,0.0,-9.9,-99,-999,南投縣,13,仁愛鄉,122
24.0239,121.1241,仁愛,C0I390,2017-01-19T18:00:00+08:00,1184.0,259.0,1.7,16.2,0.83,889.7,-99.0,0.0,-9.9,-99,-999,南投縣,13,仁愛鄉,122
24.0239,121.1241,仁愛,C0I390,2017-01-19T19:00:00+08:00,1184.0,270.0,1.3,15.1,0.92,890.2,-99.0,0.0,-9.9,-99,-999,南投縣,13,仁愛鄉,122
24.0239,121.1241,仁愛,C0I390,2017-01-19T20:00:00+08:00,1184.0,302.0,0.5,14.7,0.93,890.7,-99.0,0.0,-9.9,-99,-999,南投縣,13,仁愛鄉,122
24.0239,121.1241,仁愛,C0I390,2017-01-19T21:00:00+08:00,1184.0,0.0,0.0,14.8,0.89,890.9,-99.0,0.0,-9.9,-99,-999,南投縣,13,仁愛鄉,122
24.0239,121.1241,仁愛,C0I390,2017-01-19T22:00:00+08:00,1184.0,99.0,1.5,13.5,0.89,890.9,-99.0,0.0,-9.9,-99,-999,南投縣,13,仁愛鄉,122
24.0239,121.1241,仁愛,C0I390,2017-01-19T23:00:00+08:00,1184.0,103.0,1.6,13.2,0.89,891.2,-99.0,0.0,-9.9,-99,-999,南投縣,13,仁愛鄉,122
24.0239,121.1241,仁愛,C0I390,2017-01-20T00:00:00+08:00,1184.0,86.0,1.0,12.9,0.87,891.0,-99.0,0.0,-9.9,-99,-999,南投縣,13,仁愛鄉,122
24.0239,121.1241,仁愛,C0I390,2017-01-20T01:00:00+08:00,1184.0,102.0,1.8,12.2,0.89,890.9,-99.0,0.0,-9.9,-99,-999,南投縣,13,仁愛鄉,122
24.0239,121.1241,仁愛,C0I390,2017-01-20T02:00:00+08:00,1184.0,104.0,2.0,11.4,0.91,890.8,-99.0,0.0,-9.9,-99,-999,南投縣,13,仁愛鄉,122
24.0239,121.1241,仁愛,C0I390,2017-01-20T03:00:00+08:00,1184.0,102.0,1.7,11.1,0.92,890.7,-99.0,0.0,-9.9,-99,-999,南投縣,13,仁愛鄉,122
24.0239,121.1241,仁愛,C0I390,2017-01-20T04:00:00+08:00,1184.0,107.0,1.7,11.2,0.90,890.5,-99.0,0.0,-9.9,-99,-999,南投縣,13,仁愛鄉,122
24.0239,121.1241,仁愛,C0I390,2017-01-20T05:00:00+08:00,1184.0,101.0,2.1,11.2,0.90,890.5,-99.0,0.0,-9.9,-99,-999,南投縣,13,仁愛鄉,122
24.0239,121.1241,仁愛,C0I390,2017-01-20T06:00:00+08:00,1184.0,107.0,1.6,11.1,0.93,890.9,-99.0,0.0,-9.9,-99,-999,南投縣,13,仁愛鄉,122
24.0239,121.1241,仁愛,C0I390,2017-01-20T07:00:00+08:00,1184.0,100.0,1.9,10.4,0.95,891.2,-99.0,0.0,-9.9,-99,-999,南投縣,13,仁愛鄉,122
24.0239,121.1241,仁愛,C0I390,2017-01-20T08:00:00+08:00,1184.0,96.0,2.0,11.6,0.89,891.7,-99.0,0.0,-9.9,-99,-999,南投縣,13,仁愛鄉,122
24.0239,121.1241,仁愛,C0I390,2017-01-20T09:00:00+08:00,1184.0,114.0,1.3,14.1,0.76,892.1,-99.0,0.0,-9.9,-99,-999,南投縣,13,仁愛鄉,122
24.0239,121.1241,仁愛,C0I390,2017-01-20T10:00:00+08:00,1184.0,99.0,1.9,15.5,0.68,892.1,-99.0,0.0,-9.9,-99,-999,南投縣,13,仁愛鄉,122
24.0239,121.1241,仁愛,C0I390,2017-01-20T11:00:00+08:00,1184.0,240.0,1.0,18.3,0.60,891.6,-99.0,0.0,-9.9,-99,-999,南投縣,13,仁愛鄉,122
24.0239,121.1241,仁愛,C0I390,2017-01-20T12:00:00+08:00,1184.0,264.0,2.2,18.2,0.62,890.6,-99.0,0.0,-9.9,-99,-999,南投縣,13,仁愛鄉,122
24.0239,121.1241,仁愛,C0I390,2017-01-20T13:00:00+08:00,1184.0,258.0,1.8,19.5,0.53,889.7,-99.0,0.0,-9.9,-99,-999,南投縣,13,仁愛鄉,122
24.0239,121.1241,仁愛,C0I390,2017-01-20T14:00:00+08:00,1184.0,261.0,2.2,18.5,0.57,889.1,-99.0,0.0,-9.9,-99,-999,南投縣,13,仁愛鄉,122
24.0239,121.1241,仁愛,C0I390,2017-01-20T15:00:00+08:00,1184.0,251.0,1.5,19.1,0.57,888.9,-99.0,0.0,-9.9,-99,-999,南投縣,13,仁愛鄉,122
24.0239,121.1241,仁愛,C0I390,2017-01-20T16:00:00+08:00,1184.0,263.0,1.5,17.7,0.64,889.1,-99.0,0.0,-9.9,-99,-999,南投縣,13,仁愛鄉,122
24.0239,121.1241,仁愛,C0I390,2017-01-20T17:00:00+08:00,1184.0,249.0,1.5,15.6,0.82,889.6,-99.0,0.0,-9.9,-99,-999,南投縣,13,仁愛鄉,122
24.0239,121.1241,仁愛,C0I390,2017-01-20T18:00:00+08:00,1184.0,260.0,0.8,14.7,0.86,890.1,-99.0,0.0,-9.9,-99,-999,南投縣,13,仁愛鄉,122
24.0239,121.1241,仁愛,C0I390,2017-01-20T19:00:00+08:00,1184.0,257.0,1.5,14.0,0.88,890.7,-99.0,0.0,-9.9,-99,-999,南投縣,13,仁愛鄉,122
24.0239,121.1241,仁愛,C0I390,2017-01-20T20:00:00+08:00,1184.0,272.0,1.4,13.5,0.90,890.9,-99.0,0.0,-9.9,-99,-999,南投縣,13,仁愛鄉,122
24.0239,121.1241,仁愛,C0I390,2017-01-20T21:00:00+08:00,1184.0,261.0,1.4,13.1,0.92,891.0,-99.0,0.0,-9.9,-99,-999,南投縣,13,仁愛鄉,122
24.0239,121.1241,仁愛,C0I390,2017-01-20T22:00:00+08:00,1184.0,264.0,1.9,12.1,0.95,891.2,-99.0,0.0,-9.9,-99,-999,南投縣,13,仁愛鄉,122
24.0239,121.1241,仁愛,C0I390,2017-01-20T23:00:00+08:00,1184.0,283.0,0.8,12.1,0.95,891.1,-99.0,0.0,-9.9,-99,-999,南投縣,13,仁愛鄉,122
24.0239,121.1241,仁愛,C0I390,2017-01-21T00:00:00+08:00,1184.0,272.0,0.4,12.3,0.94,891.0,-99.0,0.0,-9.9,-99,-999,南投縣,13,仁愛鄉,122
24.0239,121.1241,仁愛,C0I390,2017-01-21T01:00:00+08:00,1184.0,274.0,0.7,12.3,0.94,891.0,-99.0,0.0,-9.9,-99,-999,南投縣,13,仁愛鄉,122
24.0239,121.1241,仁愛,C0I390,2017-01-21T02:00:00+08:00,1184.0,267.0,1.2,12.0,0.96,891.2,-99.0,0.0,-9.9,-99,-999,南投縣,13,仁愛鄉,122
24.0239,121.1241,仁愛,C0I390,2017-01-21T03:00:00+08:00,1184.0,231.0,1.0,12.3,0.93,891.1,-99.0,0.0,-9.9,-99,-999,南投縣,13,仁愛鄉,122
24.0239,121.1241,仁愛,C0I390,2017-01-21T04:00:00+08:00,1184.0,258.0,1.5,11.7,0.98,891.3,-99.0,0.0,-9.9,-99,-999,南投縣,13,仁愛鄉,122
24.0239,121.1241,仁愛,C0I390,2017-01-21T05:00:00+08:00,1184.0,278.0,0.6,11.3,0.94,891.5,-99.0,0.5,-9.9,-99,-999,南投縣,13,仁愛鄉,122
24.0239,121.1241,仁愛,C0I390,2017-01-21T06:00:00+08:00,1184.0,278.0,1.1,11.0,0.98,892.5,-99.0,3.0,-9.9,-99,-999,南投縣,13,仁愛鄉,122
24.0239,121.1241,仁愛,C0I390,2017-01-21T07:00:00+08:00,1184.0,0.0,0.2,11.0,0.96,892.8,-99.0,4.0,-9.9,-99,-999,南投縣,13,仁愛鄉,122
24.0239,121.1241,仁愛,C0I390,2017-01-21T08:00:00+08:00,1184.0,59.0,0.5,11.7,0.96,893.6,-99.0,4.0,-9.9,-99,-999,南投縣,13,仁愛鄉,122
24.0239,121.1241,仁愛,C0I390,2017-01-21T10:00:00+08:00,1184.0,89.0,0.4,13.3,0.87,894.5,-99.0,4.0,-9.9,-99,-999,南投縣,13,仁愛鄉,122
24.0239,121.1241,仁愛,C0I390,2017-01-21T11:00:00+08:00,1184.0,0.0,0.2,14.6,0.81,893.9,-99.0,4.0,-9.9,-99,-999,南投縣,13,仁愛鄉,122
24.0239,121.1241,仁愛,C0I390,2017-01-21T12:00:00+08:00,1184.0,162.0,0.7,15.0,0.68,893.1,-99.0,4.0,-9.9,-99,-999,南投縣,13,仁愛鄉,122
24.0239,121.1241,仁愛,C0I390,2017-01-21T13:00:00+08:00,1184.0,255.0,0.8,14.9,0.69,892.4,-99.0,4.0,-9.9,-99,-999,南投縣,13,仁愛鄉,122
24.0239,121.1241,仁愛,C0I390,2017-01-21T14:00:00+08:00,1184.0,255.0,1.0,15.0,0.65,891.9,-99.0,4.0,-9.9,-99,-999,南投縣,13,仁愛鄉,122
24.0239,121.1241,仁愛,C0I390,2017-01-21T15:00:00+08:00,1184.0,270.0,0.6,15.8,0.55,891.7,-99.0,4.0,-9.9,-99,-999,南投縣,13,仁愛鄉,122
24.0239,121.1241,仁愛,C0I390,2017-01-21T16:00:00+08:00,1184.0,255.0,0.9,15.6,0.52,891.6,-99.0,4.0,-9.9,-99,-999,南投縣,13,仁愛鄉,122
24.0239,121.1241,仁愛,C0I390,2017-01-21T17:00:00+08:00,1184.0,263.0,2.3,14.7,0.56,892.2,-99.0,4.0,-9.9,-99,-999,南投縣,13,仁愛鄉,122
24.0239,121.1241,仁愛,C0I390,2017-01-21T18:00:00+08:00,1184.0,0.0,0.0,13.7,0.67,892.6,-99.0,4.0,-9.9,-99,-999,南投縣,13,仁愛鄉,122
24.0239,121.1241,仁愛,C0I390,2017-01-21T19:00:00+08:00,1184.0,86.0,0.4,12.6,0.75,893.3,-99.0,4.0,-9.9,-99,-999,南投縣,13,仁愛鄉,122
24.0239,121.1241,仁愛,C0I390,2017-01-21T20:00:00+08:00,1184.0,90.0,1.1,11.5,0.81,893.5,-99.0,4.0,-9.9,-99,-999,南投縣,13,仁愛鄉,122
24.0239,121.1241,仁愛,C0I390,2017-01-21T21:00:00+08:00,1184.0,76.0,0.8,11.4,0.77,893.8,-99.0,4.0,-9.9,-99,-999,南投縣,13,仁愛鄉,122
24.0239,121.1241,仁愛,C0I390,2017-01-21T22:00:00+08:00,1184.0,63.0,1.3,10.8,0.73,893.9,-99.0,4.0,-9.9,-99,-999,南投縣,13,仁愛鄉,122
24.0239,121.1241,仁愛,C0I390,2017-01-21T23:00:00+08:00,1184.0,76.0,1.2,9.5,0.82,893.8,-99.0,4.0,-9.9,-99,-999,南投縣,13,仁愛鄉,122
24.0239,121.1241,仁愛,C0I390,2017-01-22T00:00:00+08:00,1184.0,92.0,1.5,9.5,0.79,893.8,-99.0,4.0,-9.9,-99,-999,南投縣,13,仁愛鄉,122
24.0239,121.1241,仁愛,C0I390,2017-01-22T01:00:00+08:00,1184.0,96.0,1.8,8.9,0.82,893.9,-99.0,0.0,-9.9,-99,-999,南投縣,13,仁愛鄉,122
24.0239,121.1241,仁愛,C0I390,2017-01-22T02:00:00+08:00,1184.0,102.0,1.5,9.5,0.77,893.7,-99.0,0.0,-9.9,-99,-999,南投縣,13,仁愛鄉,122
24.0239,121.1241,仁愛,C0I390,2017-01-22T03:00:00+08:00,1184.0,99.0,1.9,9.3,0.78,893.7,-99.0,0.0,-9.9,-99,-999,南投縣,13,仁愛鄉,122
24.0239,121.1241,仁愛,C0I390,2017-01-22T04:00:00+08:00,1184.0,96.0,1.6,9.4,0.78,893.6,-99.0,0.0,-9.9,-99,-999,南投縣,13,仁愛鄉,122
24.0239,121.1241,仁愛,C0I390,2017-01-22T05:00:00+08:00,1184.0,97.0,2.1,9.2,0.82,893.8,-99.0,0.0,-9.9,-99,-999,南投縣,13,仁愛鄉,122
24.0239,121.1241,仁愛,C0I390,2017-01-22T06:00:00+08:00,1184.0,93.0,1.8,9.5,0.80,894.2,-99.0,0.0,-9.9,-99,-999,南投縣,13,仁愛鄉,122
24.0239,121.1241,仁愛,C0I390,2017-01-22T07:00:00+08:00,1184.0,93.0,1.9,9.6,0.77,894.5,-99.0,0.0,-9.9,-99,-999,南投縣,13,仁愛鄉,122
24.0239,121.1241,仁愛,C0I390,2017-01-22T08:00:00+08:00,1184.0,101.0,2.0,9.9,0.81,895.0,-99.0,0.0,-9.9,-99,-999,南投縣,13,仁愛鄉,122
24.0239,121.1241,仁愛,C0I390,2017-01-22T09:00:00+08:00,1184.0,92.0,1.6,12.3,0.68,895.3,-99.0,0.0,-9.9,-99,-999,南投縣,13,仁愛鄉,122
24.0239,121.1241,仁愛,C0I390,2017-01-22T10:00:00+08:00,1184.0,122.0,1.1,14.3,0.58,895.3,-99.0,0.0,-9.9,-99,-999,南投縣,13,仁愛鄉,122
24.0239,121.1241,仁愛,C0I390,2017-01-22T11:00:00+08:00,1184.0,112.0,0.7,16.2,0.49,894.8,-99.0,0.0,-9.9,-99,-999,南投縣,13,仁愛鄉,122
24.0239,121.1241,仁愛,C0I390,2017-01-22T12:00:00+08:00,1184.0,242.0,0.9,17.9,0.45,893.7,-99.0,0.0,-9.9,-99,-999,南投縣,13,仁愛鄉,122
24.0239,121.1241,仁愛,C0I390,2017-01-22T13:00:00+08:00,1184.0,232.0,1.4,19.5,0.38,892.8,-99.0,0.0,-9.9,-99,-999,南投縣,13,仁愛鄉,122
24.0239,121.1241,仁愛,C0I390,2017-01-22T14:00:00+08:00,1184.0,234.0,0.9,19.2,0.39,892.2,-99.0,0.0,-9.9,-99,-999,南投縣,13,仁愛鄉,122
24.0239,121.1241,仁愛,C0I390,2017-01-22T15:00:00+08:00,1184.0,254.0,0.9,18.6,0.38,891.6,-99.0,0.0,-9.9,-99,-999,南投縣,13,仁愛鄉,122
24.0239,121.1241,仁愛,C0I390,2017-01-22T16:00:00+08:00,1184.0,236.0,0.6,20.2,0.36,891.5,-99.0,0.0,-9.9,-99,-999,南投縣,13,仁愛鄉,122
24.0239,121.1241,仁愛,C0I390,2017-01-22T17:00:00+08:00,1184.0,265.0,1.6,17.8,0.48,891.6,-99.0,0.0,-9.9,-99,-999,南投縣,13,仁愛鄉,122
24.0239,121.1241,仁愛,C0I390,2017-01-22T18:00:00+08:00,1184.0,267.0,1.0,15.3,0.59,891.8,-99.0,0.0,-9.9,-99,-999,南投縣,13,仁愛鄉,122
24.0239,121.1241,仁愛,C0I390,2017-01-22T19:00:00+08:00,1184.0,260.0,1.8,14.3,0.65,892.2,-99.0,0.0,-9.9,-99,-999,南投縣,13,仁愛鄉,122
24.0239,121.1241,仁愛,C0I390,2017-01-22T20:00:00+08:00,1184.0,270.0,2.2,13.3,0.70,892.9,-99.0,0.0,-9.9,-99,-999,南投縣,13,仁愛鄉,122
24.0239,121.1241,仁愛,C0I390,2017-01-22T21:00:00+08:00,1184.0,258.0,1.5,12.6,0.72,893.6,-99.0,0.0,-9.9,-99,-999,南投縣,13,仁愛鄉,122
24.0239,121.1241,仁愛,C0I390,2017-01-22T22:00:00+08:00,1184.0,267.0,0.4,12.3,0.76,893.7,-99.0,0.0,-9.9,-99,-999,南投縣,13,仁愛鄉,122
24.0239,121.1241,仁愛,C0I390,2017-01-22T23:00:00+08:00,1184.0,282.0,0.5,11.9,0.79,893.3,-99.0,0.0,-9.9,-99,-999,南投縣,13,仁愛鄉,122
24.0239,121.1241,仁愛,C0I390,2017-01-23T00:00:00+08:00,1184.0,0.0,0.0,12.5,0.75,893.0,-99.0,0.0,-9.9,-99,-999,南投縣,13,仁愛鄉,122
24.0239,121.1241,仁愛,C0I390,2017-01-23T01:00:00+08:00,1184.0,0.0,0.0,11.8,0.80,892.6,-99.0,0.0,-9.9,-99,-999,南投縣,13,仁愛鄉,122
24.0239,121.1241,仁愛,C0I390,2017-01-23T02:00:00+08:00,1184.0,110.0,0.5,11.3,0.84,892.7,-99.0,0.0,-9.9,-99,-999,南投縣,13,仁愛鄉,122
24.0239,121.1241,仁愛,C0I390,2017-01-23T03:00:00+08:00,1184.0,0.0,0.0,11.3,0.84,892.7,-99.0,0.0,-9.9,-99,-999,南投縣,13,仁愛鄉,122
24.0239,121.1241,仁愛,C0I390,2017-01-23T04:00:00+08:00,1184.0,70.0,0.4,11.4,0.84,892.6,-99.0,0.0,-9.9,-99,-999,南投縣,13,仁愛鄉,122
24.0239,121.1241,仁愛,C0I390,2017-01-23T05:00:00+08:00,1184.0,103.0,0.7,11.3,0.86,892.8,-99.0,0.0,-9.9,-99,-999,南投縣,13,仁愛鄉,122
24.0239,121.1241,仁愛,C0I390,2017-01-23T06:00:00+08:00,1184.0,98.0,1.1,11.1,0.89,893.2,-99.0,0.0,-9.9,-99,-999,南投縣,13,仁愛鄉,122
24.0239,121.1241,仁愛,C0I390,2017-01-23T07:00:00+08:00,1184.0,72.0,0.6,11.3,0.87,893.6,-99.0,0.0,-9.9,-99,-999,南投縣,13,仁愛鄉,122
24.0239,121.1241,仁愛,C0I390,2017-01-23T08:00:00+08:00,1184.0,87.0,0.9,11.9,0.86,894.2,-99.0,0.0,-9.9,-99,-999,南投縣,13,仁愛鄉,122
24.0239,121.1241,仁愛,C0I390,2017-01-23T09:00:00+08:00,1184.0,88.0,1.0,13.0,0.80,894.5,-99.0,0.0,-9.9,-99,-999,南投縣,13,仁愛鄉,122
24.0239,121.1241,仁愛,C0I390,2017-01-23T10:00:00+08:00,1184.0,0.0,0.2,15.1,0.63,894.6,-99.0,0.0,-9.9,-99,-999,南投縣,13,仁愛鄉,122
24.0239,121.1241,仁愛,C0I390,2017-01-23T11:00:00+08:00,1184.0,250.0,0.8,16.0,0.56,894.3,-99.0,0.0,-9.9,-99,-999,南投縣,13,仁愛鄉,122
24.0239,121.1241,仁愛,C0I390,2017-01-23T12:00:00+08:00,1184.0,257.0,2.0,16.3,0.61,893.5,-99.0,0.0,-9.9,-99,-999,南投縣,13,仁愛鄉,122
24.0239,121.1241,仁愛,C0I390,2017-01-23T13:00:00+08:00,1184.0,240.0,1.5,16.8,0.57,892.6,-99.0,0.0,-9.9,-99,-999,南投縣,13,仁愛鄉,122
24.0239,121.1241,仁愛,C0I390,2017-01-23T14:00:00+08:00,1184.0,258.0,2.5,15.6,0.65,892.1,-99.0,0.0,-9.9,-99,-999,南投縣,13,仁愛鄉,122
24.0239,121.1241,仁愛,C0I390,2017-01-23T15:00:00+08:00,1184.0,268.0,2.0,16.8,0.59,891.7,-99.0,0.0,-9.9,-99,-999,南投縣,13,仁愛鄉,122
24.0239,121.1241,仁愛,C0I390,2017-01-23T16:00:00+08:00,1184.0,275.0,2.9,15.5,0.67,892.0,-99.0,0.0,-9.9,-99,-999,南投縣,13,仁愛鄉,122
24.0239,121.1241,仁愛,C0I390,2017-01-23T17:00:00+08:00,1184.0,268.0,1.7,14.3,0.76,892.5,-99.0,0.0,-9.9,-99,-999,南投縣,13,仁愛鄉,122
24.0239,121.1241,仁愛,C0I390,2017-01-23T18:00:00+08:00,1184.0,271.0,1.5,13.3,0.79,893.0,-99.0,0.0,-9.9,-99,-999,南投縣,13,仁愛鄉,122
24.0239,121.1241,仁愛,C0I390,2017-01-23T19:00:00+08:00,1184.0,256.0,1.3,12.7,0.83,893.3,-99.0,0.0,-9.9,-99,-999,南投縣,13,仁愛鄉,122
24.0239,121.1241,仁愛,C0I390,2017-01-23T20:00:00+08:00,1184.0,277.0,0.7,12.3,0.85,893.7,-99.0,0.0,-9.9,-99,-999,南投縣,13,仁愛鄉,122
24.0239,121.1241,仁愛,C0I390,2017-01-23T21:00:00+08:00,1184.0,339.0,0.3,12.4,0.85,893.8,-99.0,0.0,-9.9,-99,-999,南投縣,13,仁愛鄉,122
24.0239,121.1241,仁愛,C0I390,2017-01-23T22:00:00+08:00,1184.0,0.0,0.0,12.4,0.86,894.0,-99.0,0.0,-9.9,-99,-999,南投縣,13,仁愛鄉,122
24.0239,121.1241,仁愛,C0I390,2017-01-23T23:00:00+08:00,1184.0,103.0,0.8,12.3,0.87,894.2,-99.0,0.0,-9.9,-99,-999,南投縣,13,仁愛鄉,122
24.0239,121.1241,仁愛,C0I390,2017-01-24T00:00:00+08:00,1184.0,102.0,0.8,12.0,0.89,894.2,-99.0,0.0,-9.9,-99,-999,南投縣,13,仁愛鄉,122
24.0239,121.1241,仁愛,C0I390,2017-01-24T01:00:00+08:00,1184.0,99.0,0.4,11.9,0.89,894.1,-99.0,0.0,-9.9,-99,-999,南投縣,13,仁愛鄉,122
24.0239,121.1241,仁愛,C0I390,2017-01-24T02:00:00+08:00,1184.0,0.0,0.0,11.8,0.89,893.7,-99.0,0.0,-9.9,-99,-999,南投縣,13,仁愛鄉,122
24.0239,121.1241,仁愛,C0I390,2017-01-24T03:00:00+08:00,1184.0,260.0,0.8,11.0,0.94,893.5,-99.0,0.0,-9.9,-99,-999,南投縣,13,仁愛鄉,122
24.0239,121.1241,仁愛,C0I390,2017-01-24T04:00:00+08:00,1184.0,288.0,0.3,10.9,0.94,893.0,-99.0,0.0,-9.9,-99,-999,南投縣,13,仁愛鄉,122
24.0239,121.1241,仁愛,C0I390,2017-01-24T05:00:00+08:00,1184.0,0.0,0.2,11.1,0.92,893.0,-99.0,0.0,-9.9,-99,-999,南投縣,13,仁愛鄉,122
24.0239,121.1241,仁愛,C0I390,2017-01-24T06:00:00+08:00,1184.0,316.0,0.3,11.1,0.90,893.6,-99.0,0.0,-9.9,-99,-999,南投縣,13,仁愛鄉,122
24.0239,121.1241,仁愛,C0I390,2017-01-24T07:00:00+08:00,1184.0,99.0,1.5,10.7,0.92,893.7,-99.0,0.0,-9.9,-99,-999,南投縣,13,仁愛鄉,122
24.0239,121.1241,仁愛,C0I390,2017-01-24T08:00:00+08:00,1184.0,218.0,0.4,11.5,0.91,894.5,-99.0,0.0,-9.9,-99,-999,南投縣,13,仁愛鄉,122
24.0239,121.1241,仁愛,C0I390,2017-01-24T10:00:00+08:00,1184.0,85.0,0.5,13.1,0.81,895.0,-99.0,0.0,-9.9,-99,-999,南投縣,13,仁愛鄉,122
24.0239,121.1241,仁愛,C0I390,2017-01-24T11:00:00+08:00,1184.0,0.0,0.0,14.8,0.73,894.6,-99.0,0.0,-9.9,-99,-999,南投縣,13,仁愛鄉,122
24.0239,121.1241,仁愛,C0I390,2017-01-24T12:00:00+08:00,1184.0,96.0,0.3,15.4,0.71,894.0,-99.0,0.0,-9.9,-99,-999,南投縣,13,仁愛鄉,122
24.0239,121.1241,仁愛,C0I390,2017-01-24T13:00:00+08:00,1184.0,264.0,1.6,14.6,0.75,893.5,-99.0,0.0,-9.9,-99,-999,南投縣,13,仁愛鄉,122
24.0239,121.1241,仁愛,C0I390,2017-01-24T14:00:00+08:00,1184.0,264.0,1.7,14.3,0.71,893.2,-99.0,0.0,-9.9,-99,-999,南投縣,13,仁愛鄉,122
24.0239,121.1241,仁愛,C0I390,2017-01-24T15:00:00+08:00,1184.0,272.0,1.6,14.6,0.73,893.2,-99.0,0.0,-9.9,-99,-999,南投縣,13,仁愛鄉,122
24.0239,121.1241,仁愛,C0I390,2017-01-24T16:00:00+08:00,1184.0,263.0,0.9,15.1,0.74,893.3,-99.0,0.0,-9.9,-99,-999,南投縣,13,仁愛鄉,122
24.0239,121.1241,仁愛,C0I390,2017-01-24T17:00:00+08:00,1184.0,238.0,0.7,14.5,0.77,893.5,-99.0,0.0,-9.9,-99,-999,南投縣,13,仁愛鄉,122
24.0239,121.1241,仁愛,C0I390,2017-01-24T18:00:00+08:00,1184.0,0.0,0.2,14.2,0.80,893.8,-99.0,0.0,-9.9,-99,-999,南投縣,13,仁愛鄉,122
24.0239,121.1241,仁愛,C0I390,2017-01-24T19:00:00+08:00,1184.0,90.0,0.9,13.3,0.81,894.3,-99.0,0.0,-9.9,-99,-999,南投縣,13,仁愛鄉,122
24.0239,121.1241,仁愛,C0I390,2017-01-24T20:00:00+08:00,1184.0,109.0,0.6,12.9,0.81,894.9,-99.0,0.0,-9.9,-99,-999,南投縣,13,仁愛鄉,122
24.0239,121.1241,仁愛,C0I390,2017-01-24T21:00:00+08:00,1184.0,88.0,0.9,12.5,0.82,895.1,-99.0,0.0,-9.9,-99,-999,南投縣,13,仁愛鄉,122
24.0239,121.1241,仁愛,C0I390,2017-01-24T22:00:00+08:00,1184.0,100.0,1.8,12.2,0.82,895.1,-99.0,0.0,-9.9,-99,-999,南投縣,13,仁愛鄉,122
24.0239,121.1241,仁愛,C0I390,2017-01-24T23:00:00+08:00,1184.0,100.0,1.4,11.9,0.82,895.1,-99.0,0.0,-9.9,-99,-999,南投縣,13,仁愛鄉,122
24.0239,121.1241,仁愛,C0I390,2017-01-25T00:00:00+08:00,1184.0,106.0,1.2,11.8,0.82,895.0,-99.0,0.0,-9.9,-99,-999,南投縣,13,仁愛鄉,122
24.0239,121.1241,仁愛,C0I390,2017-01-25T01:00:00+08:00,1184.0,98.0,1.0,11.7,0.80,894.7,-99.0,0.0,-9.9,-99,-999,南投縣,13,仁愛鄉,122
24.0239,121.1241,仁愛,C0I390,2017-01-25T02:00:00+08:00,1184.0,107.0,1.2,11.3,0.81,894.2,-99.0,0.0,-9.9,-99,-999,南投縣,13,仁愛鄉,122
24.0239,121.1241,仁愛,C0I390,2017-01-25T03:00:00+08:00,1184.0,98.0,1.2,11.3,0.80,893.9,-99.0,0.0,-9.9,-99,-999,南投縣,13,仁愛鄉,122
24.0239,121.1241,仁愛,C0I390,2017-01-25T04:00:00+08:00,1184.0,95.0,0.5,11.1,0.80,893.7,-99.0,0.0,-9.9,-99,-999,南投縣,13,仁愛鄉,122
24.0239,121.1241,仁愛,C0I390,2017-01-25T05:00:00+08:00,1184.0,102.0,1.3,10.9,0.83,894.0,-99.0,0.0,-9.9,-99,-999,南投縣,13,仁愛鄉,122
24.0239,121.1241,仁愛,C0I390,2017-01-25T06:00:00+08:00,1184.0,81.0,0.9,10.7,0.83,894.5,-99.0,0.0,-9.9,-99,-999,南投縣,13,仁愛鄉,122
24.0239,121.1241,仁愛,C0I390,2017-01-25T07:00:00+08:00,1184.0,93.0,1.6,10.7,0.85,894.5,-99.0,0.0,-9.9,-99,-999,南投縣,13,仁愛鄉,122
24.0239,121.1241,仁愛,C0I390,2017-01-25T08:00:00+08:00,1184.0,101.0,1.3,10.8,0.86,895.0,-99.0,0.0,-9.9,-99,-999,南投縣,13,仁愛鄉,122
24.0239,121.1241,仁愛,C0I390,2017-01-25T09:00:00+08:00,1184.0,85.0,0.8,12.2,0.80,895.3,-99.0,0.0,-9.9,-99,-999,南投縣,13,仁愛鄉,122
24.0239,121.1241,仁愛,C0I390,2017-01-25T10:00:00+08:00,1184.0,116.0,1.2,13.0,0.76,895.1,-99.0,0.0,-9.9,-99,-999,南投縣,13,仁愛鄉,122
24.0239,121.1241,仁愛,C0I390,2017-01-25T11:00:00+08:00,1184.0,108.0,0.4,14.3,0.69,894.6,-99.0,0.0,-9.9,-99,-999,南投縣,13,仁愛鄉,122
24.0239,121.1241,仁愛,C0I390,2017-01-25T12:00:00+08:00,1184.0,111.0,0.8,14.5,0.67,893.8,-99.0,0.0,-9.9,-99,-999,南投縣,13,仁愛鄉,122
24.0239,121.1241,仁愛,C0I390,2017-01-25T13:00:00+08:00,1184.0,0.0,0.0,16.7,0.55,892.8,-99.0,0.0,-9.9,-99,-999,南投縣,13,仁愛鄉,122
24.0239,121.1241,仁愛,C0I390,2017-01-25T14:00:00+08:00,1184.0,265.0,1.5,16.1,0.54,892.4,-99.0,0.0,-9.9,-99,-999,南投縣,13,仁愛鄉,122
24.0239,121.1241,仁愛,C0I390,2017-01-25T15:00:00+08:00,1184.0,183.0,0.5,17.0,0.53,892.1,-99.0,0.0,-9.9,-99,-999,南投縣,13,仁愛鄉,122
24.0239,121.1241,仁愛,C0I390,2017-01-25T16:00:00+08:00,1184.0,237.0,0.5,16.0,0.53,892.2,-99.0,0.0,-9.9,-99,-999,南投縣,13,仁愛鄉,122
24.0239,121.1241,仁愛,C0I390,2017-01-25T17:00:00+08:00,1184.0,262.0,1.4,16.0,0.55,892.3,-99.0,0.0,-9.9,-99,-999,南投縣,13,仁愛鄉,122
24.0239,121.1241,仁愛,C0I390,2017-01-25T18:00:00+08:00,1184.0,279.0,0.9,13.7,0.74,892.8,-99.0,0.0,-9.9,-99,-999,南投縣,13,仁愛鄉,122
24.0239,121.1241,仁愛,C0I390,2017-01-25T19:00:00+08:00,1184.0,29.0,0.4,12.9,0.76,893.2,-99.0,0.0,-9.9,-99,-999,南投縣,13,仁愛鄉,122
24.0239,121.1241,仁愛,C0I390,2017-01-25T20:00:00+08:00,1184.0,91.0,0.3,11.9,0.79,893.5,-99.0,0.0,-9.9,-99,-999,南投縣,13,仁愛鄉,122
24.0239,121.1241,仁愛,C0I390,2017-01-25T21:00:00+08:00,1184.0,98.0,1.6,10.5,0.84,893.6,-99.0,0.0,-9.9,-99,-999,南投縣,13,仁愛鄉,122
24.0239,121.1241,仁愛,C0I390,2017-01-25T22:00:00+08:00,1184.0,101.0,1.5,10.1,0.82,893.5,-99.0,0.0,-9.9,-99,-999,南投縣,13,仁愛鄉,122
24.0239,121.1241,仁愛,C0I390,2017-01-25T23:00:00+08:00,1184.0,101.0,1.8,8.9,0.87,893.3,-99.0,0.0,-9.9,-99,-999,南投縣,13,仁愛鄉,122
24.0239,121.1241,仁愛,C0I390,2017-01-26T00:00:00+08:00,1184.0,97.0,1.6,8.2,0.88,893.1,-99.0,0.0,-9.9,-99,-999,南投縣,13,仁愛鄉,122
24.0239,121.1241,仁愛,C0I390,2017-01-26T01:00:00+08:00,1184.0,91.0,1.6,8.0,0.85,892.7,-99.0,0.0,-9.9,-99,-999,南投縣,13,仁愛鄉,122
24.0239,121.1241,仁愛,C0I390,2017-01-26T02:00:00+08:00,1184.0,100.0,1.7,7.6,0.86,892.3,-99.0,0.0,-9.9,-99,-999,南投縣,13,仁愛鄉,122
24.0239,121.1241,仁愛,C0I390,2017-01-26T03:00:00+08:00,1184.0,95.0,2.0,7.2,0.85,891.8,-99.0,0.0,-9.9,-99,-999,南投縣,13,仁愛鄉,122
24.0239,121.1241,仁愛,C0I390,2017-01-26T04:00:00+08:00,1184.0,84.0,1.8,6.8,0.85,891.6,-99.0,0.0,-9.9,-99,-999,南投縣,13,仁愛鄉,122
24.0239,121.1241,仁愛,C0I390,2017-01-26T05:00:00+08:00,1184.0,98.0,1.7,6.4,0.86,891.8,-99.0,0.0,-9.9,-99,-999,南投縣,13,仁愛鄉,122
24.0239,121.1241,仁愛,C0I390,2017-01-26T06:00:00+08:00,1184.0,105.0,3.0,5.9,0.88,892.7,-99.0,0.0,-9.9,-99,-999,南投縣,13,仁愛鄉,122
24.0239,121.1241,仁愛,C0I390,2017-01-26T07:00:00+08:00,1184.0,90.0,1.7,6.0,0.83,892.8,-99.0,0.0,-9.9,-99,-999,南投縣,13,仁愛鄉,122
24.0239,121.1241,仁愛,C0I390,2017-01-26T08:00:00+08:00,1184.0,101.0,2.3,8.1,0.74,893.0,-99.0,0.0,-9.9,-99,-999,南投縣,13,仁愛鄉,122
24.0239,121.1241,仁愛,C0I390,2017-01-26T10:00:00+08:00,1184.0,122.0,1.2,13.7,0.50,892.9,-99.0,0.0,-9.9,-99,-999,南投縣,13,仁愛鄉,122
24.0239,121.1241,仁愛,C0I390,2017-01-26T11:00:00+08:00,1184.0,238.0,0.4,17.2,0.36,892.2,-99.0,0.0,-9.9,-99,-999,南投縣,13,仁愛鄉,122
24.0239,121.1241,仁愛,C0I390,2017-01-26T12:00:00+08:00,1184.0,245.0,1.4,17.1,0.40,891.3,-99.0,0.0,-9.9,-99,-999,南投縣,13,仁愛鄉,122
24.0239,121.1241,仁愛,C0I390,2017-01-26T13:00:00+08:00,1184.0,265.0,2.6,17.7,0.32,890.4,-99.0,0.0,-9.9,-99,-999,南投縣,13,仁愛鄉,122
24.0239,121.1241,仁愛,C0I390,2017-01-26T14:00:00+08:00,1184.0,258.0,2.4,18.5,0.32,889.4,-99.0,0.0,-9.9,-99,-999,南投縣,13,仁愛鄉,122
24.0239,121.1241,仁愛,C0I390,2017-01-26T15:00:00+08:00,1184.0,261.0,2.2,18.1,0.39,889.2,-99.0,0.0,-9.9,-99,-999,南投縣,13,仁愛鄉,122
24.0239,121.1241,仁愛,C0I390,2017-01-26T16:00:00+08:00,1184.0,270.0,3.4,16.5,0.48,889.7,-99.0,0.0,-9.9,-99,-999,南投縣,13,仁愛鄉,122
24.0239,121.1241,仁愛,C0I390,2017-01-26T17:00:00+08:00,1184.0,264.0,3.2,14.9,0.56,890.5,-99.0,0.0,-9.9,-99,-999,南投縣,13,仁愛鄉,122
24.0239,121.1241,仁愛,C0I390,2017-01-26T18:00:00+08:00,1184.0,248.0,1.3,13.2,0.64,891.0,-99.0,0.0,-9.9,-99,-999,南投縣,13,仁愛鄉,122
24.0239,121.1241,仁愛,C0I390,2017-01-26T19:00:00+08:00,1184.0,97.0,0.5,12.1,0.69,891.4,-99.0,0.0,-9.9,-99,-999,南投縣,13,仁愛鄉,122
24.0239,121.1241,仁愛,C0I390,2017-01-26T20:00:00+08:00,1184.0,99.0,1.3,11.0,0.74,891.9,-99.0,0.0,-9.9,-99,-999,南投縣,13,仁愛鄉,122
24.0239,121.1241,仁愛,C0I390,2017-01-26T21:00:00+08:00,1184.0,88.0,1.4,9.7,0.79,892.0,-99.0,0.0,-9.9,-99,-999,南投縣,13,仁愛鄉,122
24.0239,121.1241,仁愛,C0I390,2017-01-26T22:00:00+08:00,1184.0,104.0,1.5,8.9,0.81,892.3,-99.0,0.0,-9.9,-99,-999,南投縣,13,仁愛鄉,122
24.0239,121.1241,仁愛,C0I390,2017-01-26T23:00:00+08:00,1184.0,99.0,2.5,8.4,0.78,892.3,-99.0,0.0,-9.9,-99,-999,南投縣,13,仁愛鄉,122
24.0239,121.1241,仁愛,C0I390,2017-01-27T00:00:00+08:00,1184.0,94.0,1.9,7.8,0.78,892.5,-99.0,0.0,-9.9,-99,-999,南投縣,13,仁愛鄉,122
24.0239,121.1241,仁愛,C0I390,2017-01-27T01:00:00+08:00,1184.0,87.0,1.8,7.5,0.77,892.6,-99.0,0.0,-9.9,-99,-999,南投縣,13,仁愛鄉,122
24.0239,121.1241,仁愛,C0I390,2017-01-27T02:00:00+08:00,1184.0,98.0,2.4,7.5,0.75,892.2,-99.0,0.0,-9.9,-99,-999,南投縣,13,仁愛鄉,122
24.0239,121.1241,仁愛,C0I390,2017-01-27T03:00:00+08:00,1184.0,104.0,2.2,7.9,0.70,892.0,-99.0,0.0,-9.9,-99,-999,南投縣,13,仁愛鄉,122
24.0239,121.1241,仁愛,C0I390,2017-01-27T04:00:00+08:00,1184.0,104.0,2.3,7.7,0.69,891.8,-99.0,0.0,-9.9,-99,-999,南投縣,13,仁愛鄉,122
24.0239,121.1241,仁愛,C0I390,2017-01-27T05:00:00+08:00,1184.0,82.0,1.4,6.9,0.74,892.4,-99.0,0.0,-9.9,-99,-999,南投縣,13,仁愛鄉,122
24.0239,121.1241,仁愛,C0I390,2017-01-27T06:00:00+08:00,1184.0,92.0,1.0,6.7,0.74,892.8,-99.0,0.0,-9.9,-99,-999,南投縣,13,仁愛鄉,122
24.0239,121.1241,仁愛,C0I390,2017-01-27T07:00:00+08:00,1184.0,104.0,2.9,6.2,0.79,893.5,-99.0,0.0,-9.9,-99,-999,南投縣,13,仁愛鄉,122
24.0239,121.1241,仁愛,C0I390,2017-01-27T08:00:00+08:00,1184.0,107.0,2.7,8.4,0.65,893.4,-99.0,0.0,-9.9,-99,-999,南投縣,13,仁愛鄉,122
24.0239,121.1241,仁愛,C0I390,2017-01-27T09:00:00+08:00,1184.0,116.0,1.8,11.1,0.64,894.0,-99.0,0.0,-9.9,-99,-999,南投縣,13,仁愛鄉,122
24.0239,121.1241,仁愛,C0I390,2017-01-27T10:00:00+08:00,1184.0,107.0,0.5,14.4,0.47,893.4,-99.0,0.0,-9.9,-99,-999,南投縣,13,仁愛鄉,122
24.0239,121.1241,仁愛,C0I390,2017-01-27T11:00:00+08:00,1184.0,114.0,0.6,17.4,0.40,892.9,-99.0,0.0,-9.9,-99,-999,南投縣,13,仁愛鄉,122
24.0239,121.1241,仁愛,C0I390,2017-01-27T12:00:00+08:00,1184.0,235.0,1.8,17.7,0.24,891.8,-99.0,0.0,-9.9,-99,-999,南投縣,13,仁愛鄉,122
24.0239,121.1241,仁愛,C0I390,2017-01-27T13:00:00+08:00,1184.0,254.0,1.4,19.0,0.24,890.6,-99.0,0.0,-9.9,-99,-999,南投縣,13,仁愛鄉,122
24.0239,121.1241,仁愛,C0I390,2017-01-27T14:00:00+08:00,1184.0,266.0,3.0,18.1,0.27,890.3,-99.0,0.0,-9.9,-99,-999,南投縣,13,仁愛鄉,122
24.0239,121.1241,仁愛,C0I390,2017-01-27T15:00:00+08:00,1184.0,272.0,1.8,18.7,0.35,889.8,-99.0,0.0,-9.9,-99,-999,南投縣,13,仁愛鄉,122
24.0239,121.1241,仁愛,C0I390,2017-01-27T16:00:00+08:00,1184.0,264.0,2.9,17.3,0.40,890.0,-99.0,0.0,-9.9,-99,-999,南投縣,13,仁愛鄉,122
24.0239,121.1241,仁愛,C0I390,2017-01-27T17:00:00+08:00,1184.0,259.0,1.6,16.2,0.51,890.7,-99.0,0.0,-9.9,-99,-999,南投縣,13,仁愛鄉,122
24.0239,121.1241,仁愛,C0I390,2017-01-27T18:00:00+08:00,1184.0,280.0,0.4,13.8,0.67,891.1,-99.0,0.0,-9.9,-99,-999,南投縣,13,仁愛鄉,122
24.0239,121.1241,仁愛,C0I390,2017-01-27T19:00:00+08:00,1184.0,88.0,0.7,12.5,0.69,891.5,-99.0,0.0,-9.9,-99,-999,南投縣,13,仁愛鄉,122
24.0239,121.1241,仁愛,C0I390,2017-01-27T20:00:00+08:00,1184.0,91.0,0.9,11.7,0.69,891.7,-99.0,0.0,-9.9,-99,-999,南投縣,13,仁愛鄉,122
24.0239,121.1241,仁愛,C0I390,2017-01-27T21:00:00+08:00,1184.0,95.0,2.0,10.3,0.75,891.6,-99.0,0.0,-9.9,-99,-999,南投縣,13,仁愛鄉,122
24.0239,121.1241,仁愛,C0I390,2017-01-27T22:00:00+08:00,1184.0,101.0,2.0,9.6,0.74,891.8,-99.0,0.0,-9.9,-99,-999,南投縣,13,仁愛鄉,122
24.0239,121.1241,仁愛,C0I390,2017-01-27T23:00:00+08:00,1184.0,95.0,1.4,8.9,0.74,891.5,-99.0,0.0,-9.9,-99,-999,南投縣,13,仁愛鄉,122
24.0239,121.1241,仁愛,C0I390,2017-01-28T00:00:00+08:00,1184.0,94.0,2.1,8.6,0.73,891.0,-99.0,0.0,-9.9,-99,-999,南投縣,13,仁愛鄉,122
24.0239,121.1241,仁愛,C0I390,2017-01-28T01:00:00+08:00,1184.0,101.0,2.3,7.9,0.75,890.9,-99.0,0.0,-9.9,-99,-999,南投縣,13,仁愛鄉,122
24.0239,121.1241,仁愛,C0I390,2017-01-28T02:00:00+08:00,1184.0,100.0,2.5,7.4,0.76,890.6,-99.0,0.0,-9.9,-99,-999,南投縣,13,仁愛鄉,122
24.0239,121.1241,仁愛,C0I390,2017-01-28T03:00:00+08:00,1184.0,95.0,2.0,7.9,0.68,890.4,-99.0,0.0,-9.9,-99,-999,南投縣,13,仁愛鄉,122
24.0239,121.1241,仁愛,C0I390,2017-01-28T04:00:00+08:00,1184.0,98.0,2.9,7.2,0.74,890.0,-99.0,0.0,-9.9,-99,-999,南投縣,13,仁愛鄉,122
24.0239,121.1241,仁愛,C0I390,2017-01-28T05:00:00+08:00,1184.0,102.0,3.0,7.2,0.73,890.0,-99.0,0.0,-9.9,-99,-999,南投縣,13,仁愛鄉,122
24.0239,121.1241,仁愛,C0I390,2017-01-28T06:00:00+08:00,1184.0,99.0,2.5,6.6,0.78,890.5,-99.0,0.0,-9.9,-99,-999,南投縣,13,仁愛鄉,122
24.0239,121.1241,仁愛,C0I390,2017-01-28T07:00:00+08:00,1184.0,100.0,2.7,6.8,0.76,890.9,-99.0,0.0,-9.9,-99,-999,南投縣,13,仁愛鄉,122
24.0239,121.1241,仁愛,C0I390,2017-01-28T08:00:00+08:00,1184.0,101.0,2.9,9.1,0.65,891.1,-99.0,0.0,-9.9,-99,-999,南投縣,13,仁愛鄉,122
24.0239,121.1241,仁愛,C0I390,2017-01-28T09:00:00+08:00,1184.0,102.0,2.6,11.9,0.54,891.2,-99.0,0.0,-9.9,-99,-999,南投縣,13,仁愛鄉,122
24.0239,121.1241,仁愛,C0I390,2017-01-28T10:00:00+08:00,1184.0,117.0,1.3,15.0,0.45,891.3,-99.0,0.0,-9.9,-99,-999,南投縣,13,仁愛鄉,122
24.0239,121.1241,仁愛,C0I390,2017-01-28T11:00:00+08:00,1184.0,123.0,0.6,18.9,0.34,890.7,-99.0,0.0,-9.9,-99,-999,南投縣,13,仁愛鄉,122
24.0239,121.1241,仁愛,C0I390,2017-01-28T12:00:00+08:00,1184.0,220.0,0.8,20.5,0.29,889.5,-99.0,0.0,-9.9,-99,-999,南投縣,13,仁愛鄉,122
24.0239,121.1241,仁愛,C0I390,2017-01-28T13:00:00+08:00,1184.0,267.0,2.1,21.4,0.32,888.7,-99.0,0.0,-9.9,-99,-999,南投縣,13,仁愛鄉,122
24.0239,121.1241,仁愛,C0I390,2017-01-28T14:00:00+08:00,1184.0,259.0,1.7,21.7,0.34,888.1,-99.0,0.0,-9.9,-99,-999,南投縣,13,仁愛鄉,122
24.0239,121.1241,仁愛,C0I390,2017-01-28T15:00:00+08:00,1184.0,258.0,1.9,22.1,0.35,887.8,-99.0,0.0,-9.9,-99,-999,南投縣,13,仁愛鄉,122
24.0239,121.1241,仁愛,C0I390,2017-01-28T16:00:00+08:00,1184.0,270.0,2.3,20.9,0.40,888.0,-99.0,0.0,-9.9,-99,-999,南投縣,13,仁愛鄉,122
24.0239,121.1241,仁愛,C0I390,2017-01-28T17:00:00+08:00,1184.0,267.0,2.2,19.6,0.45,888.4,-99.0,0.0,-9.9,-99,-999,南投縣,13,仁愛鄉,122
24.0239,121.1241,仁愛,C0I390,2017-01-28T18:00:00+08:00,1184.0,15.0,0.3,17.6,0.53,888.8,-99.0,0.0,-9.9,-99,-999,南投縣,13,仁愛鄉,122
24.0239,121.1241,仁愛,C0I390,2017-01-28T19:00:00+08:00,1184.0,104.0,0.4,15.4,0.61,889.1,-99.0,0.0,-9.9,-99,-999,南投縣,13,仁愛鄉,122
24.0239,121.1241,仁愛,C0I390,2017-01-28T20:00:00+08:00,1184.0,107.0,1.9,13.5,0.71,889.5,-99.0,0.0,-9.9,-99,-999,南投縣,13,仁愛鄉,122
24.0239,121.1241,仁愛,C0I390,2017-01-28T21:00:00+08:00,1184.0,97.0,1.7,12.4,0.75,889.8,-99.0,0.0,-9.9,-99,-999,南投縣,13,仁愛鄉,122
24.0239,121.1241,仁愛,C0I390,2017-01-28T22:00:00+08:00,1184.0,104.0,2.0,11.8,0.76,889.6,-99.0,0.0,-9.9,-99,-999,南投縣,13,仁愛鄉,122
24.0239,121.1241,仁愛,C0I390,2017-01-28T23:00:00+08:00,1184.0,98.0,2.3,11.2,0.77,889.5,-99.0,0.0,-9.9,-99,-999,南投縣,13,仁愛鄉,122
24.0239,121.1241,仁愛,C0I390,2017-01-29T00:00:00+08:00,1184.0,94.0,2.0,10.5,0.79,889.6,-99.0,0.0,-9.9,-99,-999,南投縣,13,仁愛鄉,122
24.0239,121.1241,仁愛,C0I390,2017-01-29T01:00:00+08:00,1184.0,99.0,2.6,10.3,0.80,889.4,-99.0,0.0,-9.9,-99,-999,南投縣,13,仁愛鄉,122
24.0239,121.1241,仁愛,C0I390,2017-01-29T02:00:00+08:00,1184.0,94.0,2.2,9.8,0.82,889.2,-99.0,0.0,-9.9,-99,-999,南投縣,13,仁愛鄉,122
24.0239,121.1241,仁愛,C0I390,2017-01-29T03:00:00+08:00,1184.0,103.0,2.7,9.5,0.85,889.0,-99.0,0.0,-9.9,-99,-999,南投縣,13,仁愛鄉,122
24.0239,121.1241,仁愛,C0I390,2017-01-29T04:00:00+08:00,1184.0,94.0,2.2,9.3,0.87,889.0,-99.0,0.0,-9.9,-99,-999,南投縣,13,仁愛鄉,122
24.0239,121.1241,仁愛,C0I390,2017-01-29T05:00:00+08:00,1184.0,94.0,2.7,9.6,0.86,888.9,-99.0,0.0,-9.9,-99,-999,南投縣,13,仁愛鄉,122
24.0239,121.1241,仁愛,C0I390,2017-01-29T06:00:00+08:00,1184.0,82.0,1.8,9.3,0.88,889.3,-99.0,0.0,-9.9,-99,-999,南投縣,13,仁愛鄉,122
24.0239,121.1241,仁愛,C0I390,2017-01-29T07:00:00+08:00,1184.0,98.0,2.8,9.5,0.87,889.4,-99.0,0.0,-9.9,-99,-999,南投縣,13,仁愛鄉,122
24.0239,121.1241,仁愛,C0I390,2017-01-29T08:00:00+08:00,1184.0,101.0,2.6,11.9,0.77,889.9,-99.0,0.0,-9.9,-99,-999,南投縣,13,仁愛鄉,122
24.0239,121.1241,仁愛,C0I390,2017-01-29T09:00:00+08:00,1184.0,96.0,1.7,15.2,0.65,890.4,-99.0,0.0,-9.9,-99,-999,南投縣,13,仁愛鄉,122
24.0239,121.1241,仁愛,C0I390,2017-01-29T10:00:00+08:00,1184.0,217.0,0.4,18.9,0.53,890.4,-99.0,0.0,-9.9,-99,-999,南投縣,13,仁愛鄉,122
24.0239,121.1241,仁愛,C0I390,2017-01-29T11:00:00+08:00,1184.0,278.0,1.6,19.0,0.54,890.2,-99.0,0.0,-9.9,-99,-999,南投縣,13,仁愛鄉,122
24.0239,121.1241,仁愛,C0I390,2017-01-29T12:00:00+08:00,1184.0,256.0,2.1,20.9,0.52,889.2,-99.0,0.0,-9.9,-99,-999,南投縣,13,仁愛鄉,122
24.0239,121.1241,仁愛,C0I390,2017-01-29T13:00:00+08:00,1184.0,265.0,2.4,21.2,0.54,888.3,-99.0,0.0,-9.9,-99,-999,南投縣,13,仁愛鄉,122
24.0239,121.1241,仁愛,C0I390,2017-01-29T14:00:00+08:00,1184.0,261.0,1.8,21.9,0.52,887.7,-99.0,0.0,-9.9,-99,-999,南投縣,13,仁愛鄉,122
24.0239,121.1241,仁愛,C0I390,2017-01-29T15:00:00+08:00,1184.0,260.0,2.4,21.8,0.55,887.5,-99.0,0.0,-9.9,-99,-999,南投縣,13,仁愛鄉,122
24.0239,121.1241,仁愛,C0I390,2017-01-29T16:00:00+08:00,1184.0,265.0,3.2,20.5,0.60,887.8,-99.0,0.0,-9.9,-99,-999,南投縣,13,仁愛鄉,122
24.0239,121.1241,仁愛,C0I390,2017-01-29T17:00:00+08:00,1184.0,256.0,1.7,19.1,0.65,888.5,-99.0,0.0,-9.9,-99,-999,南投縣,13,仁愛鄉,122
24.0239,121.1241,仁愛,C0I390,2017-01-29T18:00:00+08:00,1184.0,262.0,1.7,17.6,0.73,889.2,-99.0,0.0,-9.9,-99,-999,南投縣,13,仁愛鄉,122
24.0239,121.1241,仁愛,C0I390,2017-01-29T19:00:00+08:00,1184.0,81.0,0.6,17.6,0.73,889.7,-99.0,0.0,-9.9,-99,-999,南投縣,13,仁愛鄉,122
24.0239,121.1241,仁愛,C0I390,2017-01-29T20:00:00+08:00,1184.0,12.0,0.3,17.0,0.76,889.9,-99.0,0.0,-9.9,-99,-999,南投縣,13,仁愛鄉,122
24.0239,121.1241,仁愛,C0I390,2017-01-29T21:00:00+08:00,1184.0,94.0,0.8,16.0,0.81,889.9,-99.0,0.0,-9.9,-99,-999,南投縣,13,仁愛鄉,122
24.0239,121.1241,仁愛,C0I390,2017-01-29T22:00:00+08:00,1184.0,100.0,1.7,15.3,0.85,889.8,-99.0,0.0,-9.9,-99,-999,南投縣,13,仁愛鄉,122
24.0239,121.1241,仁愛,C0I390,2017-01-29T23:00:00+08:00,1184.0,88.0,1.2,14.7,0.88,889.6,-99.0,0.0,-9.9,-99,-999,南投縣,13,仁愛鄉,122
24.0239,121.1241,仁愛,C0I390,2017-01-30T00:00:00+08:00,1184.0,88.0,1.3,14.2,0.89,889.3,-99.0,0.0,-9.9,-99,-999,南投縣,13,仁愛鄉,122
24.0239,121.1241,仁愛,C0I390,2017-01-30T01:00:00+08:00,1184.0,97.0,1.4,14.0,0.89,889.1,-99.0,0.0,-9.9,-99,-999,南投縣,13,仁愛鄉,122
24.0239,121.1241,仁愛,C0I390,2017-01-30T02:00:00+08:00,1184.0,95.0,1.8,13.6,0.86,888.8,-99.0,0.0,-9.9,-99,-999,南投縣,13,仁愛鄉,122
24.0239,121.1241,仁愛,C0I390,2017-01-30T03:00:00+08:00,1184.0,81.0,1.2,13.2,0.85,888.6,-99.0,0.0,-9.9,-99,-999,南投縣,13,仁愛鄉,122
24.0239,121.1241,仁愛,C0I390,2017-01-30T04:00:00+08:00,1184.0,107.0,1.0,13.0,0.88,888.9,-99.0,0.0,-9.9,-99,-999,南投縣,13,仁愛鄉,122
24.0239,121.1241,仁愛,C0I390,2017-01-30T05:00:00+08:00,1184.0,89.0,1.8,12.8,0.85,889.2,-99.0,0.0,-9.9,-99,-999,南投縣,13,仁愛鄉,122
24.0239,121.1241,仁愛,C0I390,2017-01-30T06:00:00+08:00,1184.0,92.0,2.2,13.5,0.79,889.9,-99.0,0.0,-9.9,-99,-999,南投縣,13,仁愛鄉,122
24.0239,121.1241,仁愛,C0I390,2017-01-30T07:00:00+08:00,1184.0,93.0,2.1,13.6,0.80,889.9,-99.0,0.0,-9.9,-99,-999,南投縣,13,仁愛鄉,122
24.0239,121.1241,仁愛,C0I390,2017-01-30T08:00:00+08:00,1184.0,92.0,1.6,14.3,0.81,890.2,-99.0,0.0,-9.9,-99,-999,南投縣,13,仁愛鄉,122
24.0239,121.1241,仁愛,C0I390,2017-01-30T09:00:00+08:00,1184.0,107.0,1.5,15.9,0.75,890.6,-99.0,0.0,-9.9,-99,-999,南投縣,13,仁愛鄉,122
24.0239,121.1241,仁愛,C0I390,2017-01-30T10:00:00+08:00,1184.0,140.0,0.4,20.2,0.57,890.2,-99.0,0.0,-9.9,-99,-999,南投縣,13,仁愛鄉,122
24.0239,121.1241,仁愛,C0I390,2017-01-30T11:00:00+08:00,1184.0,271.0,1.2,20.9,0.56,889.4,-99.0,0.0,-9.9,-99,-999,南投縣,13,仁愛鄉,122
24.0239,121.1241,仁愛,C0I390,2017-01-30T12:00:00+08:00,1184.0,255.0,1.4,22.1,0.53,888.4,-99.0,0.0,-9.9,-99,-999,南投縣,13,仁愛鄉,122
24.0239,121.1241,仁愛,C0I390,2017-01-30T13:00:00+08:00,1184.0,250.0,2.4,22.1,0.54,887.5,-99.0,0.0,-9.9,-99,-999,南投縣,13,仁愛鄉,122
24.0239,121.1241,仁愛,C0I390,2017-01-30T14:00:00+08:00,1184.0,265.0,3.2,21.5,0.57,887.0,-99.0,0.0,-9.9,-99,-999,南投縣,13,仁愛鄉,122
24.0239,121.1241,仁愛,C0I390,2017-01-30T15:00:00+08:00,1184.0,261.0,2.3,20.6,0.62,887.0,-99.0,0.0,-9.9,-99,-999,南投縣,13,仁愛鄉,122
24.0239,121.1241,仁愛,C0I390,2017-01-30T16:00:00+08:00,1184.0,269.0,3.9,19.6,0.69,887.6,-99.0,0.0,-9.9,-99,-999,南投縣,13,仁愛鄉,122
24.0239,121.1241,仁愛,C0I390,2017-01-30T17:00:00+08:00,1184.0,263.0,2.3,18.9,0.74,888.4,-99.0,0.0,-9.9,-99,-999,南投縣,13,仁愛鄉,122
24.0239,121.1241,仁愛,C0I390,2017-01-30T18:00:00+08:00,1184.0,267.0,1.8,17.5,0.82,889.1,-99.0,0.0,-9.9,-99,-999,南投縣,13,仁愛鄉,122
24.0239,121.1241,仁愛,C0I390,2017-01-30T20:00:00+08:00,1184.0,0.0,0.2,16.8,0.85,890.0,-99.0,0.0,-9.9,-99,-999,南投縣,13,仁愛鄉,122
24.0239,121.1241,仁愛,C0I390,2017-01-30T21:00:00+08:00,1184.0,0.0,0.0,16.6,0.85,889.9,-99.0,0.0,-9.9,-99,-999,南投縣,13,仁愛鄉,122
24.0239,121.1241,仁愛,C0I390,2017-01-30T22:00:00+08:00,1184.0,77.0,0.3,15.9,0.86,889.7,-99.0,0.0,-9.9,-99,-999,南投縣,13,仁愛鄉,122
24.0239,121.1241,仁愛,C0I390,2017-01-30T23:00:00+08:00,1184.0,88.0,0.5,15.5,0.85,889.5,-99.0,0.0,-9.9,-99,-999,南投縣,13,仁愛鄉,122
24.0239,121.1241,仁愛,C0I390,2017-01-31T00:00:00+08:00,1184.0,105.0,2.3,14.4,0.87,889.5,-99.0,0.0,-9.9,-99,-999,南投縣,13,仁愛鄉,122
24.0239,121.1241,仁愛,C0I390,2017-01-31T01:00:00+08:00,1184.0,78.0,0.9,14.7,0.82,889.0,-99.0,0.0,-9.9,-99,-999,南投縣,13,仁愛鄉,122
24.0239,121.1241,仁愛,C0I390,2017-01-31T02:00:00+08:00,1184.0,100.0,1.6,13.6,0.87,888.6,-99.0,0.0,-9.9,-99,-999,南投縣,13,仁愛鄉,122
24.0239,121.1241,仁愛,C0I390,2017-01-31T03:00:00+08:00,1184.0,99.0,1.4,13.1,0.87,888.6,-99.0,0.0,-9.9,-99,-999,南投縣,13,仁愛鄉,122
24.0239,121.1241,仁愛,C0I390,2017-01-31T04:00:00+08:00,1184.0,86.0,1.6,12.9,0.87,888.7,-99.0,0.0,-9.9,-99,-999,南投縣,13,仁愛鄉,122
24.0239,121.1241,仁愛,C0I390,2017-01-31T05:00:00+08:00,1184.0,103.0,2.3,12.8,0.86,888.8,-99.0,0.0,-9.9,-99,-999,南投縣,13,仁愛鄉,122
24.0239,121.1241,仁愛,C0I390,2017-01-31T06:00:00+08:00,1184.0,109.0,1.8,12.8,0.86,889.2,-99.0,0.0,-9.9,-99,-999,南投縣,13,仁愛鄉,122
24.0239,121.1241,仁愛,C0I390,2017-01-31T07:00:00+08:00,1184.0,101.0,1.7,12.9,0.84,889.5,-99.0,0.0,-9.9,-99,-999,南投縣,13,仁愛鄉,122
