23.8388,120.6933,名間,C0I410,2017-01-10T11:00:00+08:00,180.0,336.0,1.2,21.4,0.58,997.6,-99.0,0.0,-9.9,-99,-999,南投縣,13,名間鄉,173
23.8388,120.6933,名間,C0I410,2017-01-10T12:00:00+08:00,180.0,340.0,1.6,22.3,0.56,996.8,-99.0,0.0,-9.9,-99,-999,南投縣,13,名間鄉,173
23.8388,120.6933,名間,C0I410,2017-01-10T13:00:00+08:00,180.0,341.0,1.4,23.3,0.52,995.8,-99.0,0.0,-9.9,-99,-999,南投縣,13,名間鄉,173
23.8388,120.6933,名間,C0I410,2017-01-10T14:00:00+08:00,180.0,323.0,1.0,24.1,0.51,995.0,-99.0,0.0,-9.9,-99,-999,南投縣,13,名間鄉,173
23.8388,120.6933,名間,C0I410,2017-01-10T15:00:00+08:00,180.0,334.0,1.0,24.5,0.50,994.7,-99.0,0.0,-9.9,-99,-999,南投縣,13,名間鄉,173
23.8388,120.6933,名間,C0I410,2017-01-10T16:00:00+08:00,180.0,4.0,1.7,24.0,0.51,995.1,-99.0,0.0,-9.9,-99,-999,南投縣,13,名間鄉,173
23.8388,120.6933,名間,C0I410,2017-01-10T17:00:00+08:00,180.0,351.0,0.7,23.4,0.53,995.4,-99.0,0.0,-9.9,-99,-999,南投縣,13,名間鄉,173
23.8388,120.6933,名間,C0I410,2017-01-10T18:00:00+08:00,180.0,312.0,0.7,21.2,0.66,995.8,-99.0,0.0,-9.9,-99,-999,南投縣,13,名間鄉,173
23.8388,120.6933,名間,C0I410,2017-01-10T19:00:00+08:00,180.0,311.0,0.6,18.8,0.79,996.5,-99.0,0.0,-9.9,-99,-999,南投縣,13,名間鄉,173
23.8388,120.6933,名間,C0I410,2017-01-10T20:00:00+08:00,180.0,339.0,1.0,18.2,0.80,996.9,-99.0,0.0,-9.9,-99,-999,南投縣,13,名間鄉,173
23.8388,120.6933,名間,C0I410,2017-01-10T21:00:00+08:00,180.0,177.0,0.7,16.6,0.87,997.6,-99.0,0.0,-9.9,-99,-999,南投縣,13,名間鄉,173
23.8388,120.6933,名間,C0I410,2017-01-10T22:00:00+08:00,180.0,0.0,0.2,17.0,0.86,998.2,-99.0,0.0,-9.9,-99,-999,南投縣,13,名間鄉,173
23.8388,120.6933,名間,C0I410,2017-01-10T23:00:00+08:00,180.0,348.0,0.7,16.0,0.89,997.8,-99.0,0.0,-9.9,-99,-999,南投縣,13,名間鄉,173
23.8388,120.6933,名間,C0I410,2017-01-11T00:00:00+08:00,180.0,332.0,2.3,15.4,0.92,997.6,-99.0,0.0,-9.9,-99,-999,南投縣,13,名間鄉,173
23.8388,120.6933,名間,C0I410,2017-01-11T01:00:00+08:00,180.0,325.0,0.7,15.7,0.88,997.2,-99.0,0.0,-9.9,-99,-999,南投縣,13,名間鄉,173
23.8388,120.6933,名間,C0I410,2017-01-11T02:00:00+08:00,180.0,339.0,1.5,15.5,0.89,996.7,-99.0,0.0,-9.9,-99,-999,南投縣,13,名間鄉,173
23.8388,120.6933,名間,C0I410,2017-01-11T03:00:00+08:00,180.0,334.0,1.7,15.1,0.91,996.6,-99.0,0.0,-9.9,-99,-999,南投縣,13,名間鄉,173
23.8388,120.6933,名間,C0I410,2017-01-11T04:00:00+08:00,180.0,337.0,2.2,14.5,0.95,996.6,-99.0,0.0,-9.9,-99,-999,南投縣,13,名間鄉,173
23.8388,120.6933,名間,C0I410,2017-01-11T05:00:00+08:00,180.0,328.0,1.0,14.4,0.94,996.7,-99.0,0.0,-9.9,-99,-999,南投縣,13,名間鄉,173
23.8388,120.6933,名間,C0I410,2017-01-11T06:00:00+08:00,180.0,338.0,2.1,14.0,0.96,996.9,-99.0,0.0,-9.9,-99,-999,南投縣,13,名間鄉,173
23.8388,120.6933,名間,C0I410,2017-01-11T07:00:00+08:00,180.0,336.0,2.3,13.8,0.95,997.3,-99.0,0.0,-9.9,-99,-999,南投縣,13,名間鄉,173
23.8388,120.6933,名間,C0I410,2017-01-11T08:00:00+08:00,180.0,344.0,0.3,16.9,0.81,997.7,-99.0,0.0,-9.9,-99,-999,南投縣,13,名間鄉,173
23.8388,120.6933,名間,C0I410,2017-01-11T09:00:00+08:00,180.0,339.0,1.6,16.9,0.82,998.4,-99.0,0.0,-9.9,-99,-999,南投縣,13,名間鄉,173
23.8388,120.6933,名間,C0I410,2017-01-11T10:00:00+08:00,180.0,338.0,1.0,21.0,0.60,997.9,-99.0,0.0,-9.9,-99,-999,南投縣,13,名間鄉,173
23.8388,120.6933,名間,C0I410,2017-01-11T11:00:00+08:00,180.0,279.0,0.5,24.0,0.46,997.2,-99.0,0.0,-9.9,-99,-999,南投縣,13,名間鄉,173
23.8388,120.6933,名間,C0I410,2017-01-11T12:00:00+08:00,180.0,217.0,1.5,23.8,0.54,996.0,-99.0,0.0,-9.9,-99,-999,南投縣,13,名間鄉,173
23.8388,120.6933,名間,C0I410,2017-01-11T13:00:00+08:00,180.0,182.0,1.0,24.0,0.51,994.5,-99.0,0.0,-9.9,-99,-999,南投縣,13,名間鄉,173
23.8388,120.6933,名間,C0I410,2017-01-11T14:00:00+08:00,180.0,220.0,1.1,25.1,0.48,993.7,-99.0,0.0,-9.9,-99,-999,南投縣,13,名間鄉,173
23.8388,120.6933,名間,C0I410,2017-01-11T15:00:00+08:00,180.0,270.0,0.7,25.3,0.48,993.2,-99.0,0.0,-9.9,-99,-999,南投縣,13,名間鄉,173
23.8388,120.6933,名間,C0I410,2017-01-11T16:00:00+08:00,180.0,284.0,2.8,23.2,0.61,993.3,-99.0,0.0,-9.9,-99,-999,南投縣,13,名間鄉,173
23.8388,120.6933,名間,C0I410,2017-01-11T17:00:00+08:00,180.0,335.0,2.2,22.2,0.65,993.9,-99.0,0.0,-9.9,-99,-999,南投縣,13,名間鄉,173
23.8388,120.6933,名間,C0I410,2017-01-11T18:00:00+08:00,180.0,271.0,0.6,20.9,0.72,994.9,-99.0,0.0,-9.9,-99,-999,南投縣,13,名間鄉,173
23.8388,120.6933,名間,C0I410,2017-01-11T19:00:00+08:00,180.0,168.0,0.7,19.3,0.81,995.6,-99.0,0.0,-9.9,-99,-999,南投縣,13,名間鄉,173
23.8388,120.6933,名間,C0I410,2017-01-11T20:00:00+08:00,180.0,76.0,0.6,19.3,0.80,996.4,-99.0,0.0,-9.9,-99,-999,南投縣,13,名間鄉,173
23.8388,120.6933,名間,C0I410,2017-01-11T21:00:00+08:00,180.0,195.0,0.5,18.3,0.85,996.4,-99.0,0.0,-9.9,-99,-999,南投縣,13,名間鄉,173
23.8388,120.6933,名間,C0I410,2017-01-11T22:00:00+08:00,180.0,335.0,1.0,18.4,0.83,996.8,-99.0,0.0,-9.9,-99,-999,南投縣,13,名間鄉,173
23.8388,120.6933,名間,C0I410,2017-01-11T23:00:00+08:00,180.0,39.0,0.3,18.2,0.83,997.1,-99.0,0.0,-9.9,-99,-999,南投縣,13,名間鄉,173
23.8388,120.6933,名間,C0I410,2017-01-12T00:00:00+08:00,180.0,334.0,0.5,17.9,0.85,996.5,-99.0,0.0,-9.9,-99,-999,南投縣,13,名間鄉,173
23.8388,120.6933,名間,C0I410,2017-01-12T01:00:00+08:00,180.0,32.0,0.3,17.7,0.86,995.9,-99.0,0.0,-9.9,-99,-999,南投縣,13,名間鄉,173
23.8388,120.6933,名間,C0I410,2017-01-12T02:00:00+08:00,180.0,306.0,0.7,17.6,0.87,995.6,-99.0,0.0,-9.9,-99,-999,南投縣,13,名間鄉,173
23.8388,120.6933,名間,C0I410,2017-01-12T03:00:00+08:00,180.0,184.0,0.4,17.6,0.88,995.1,-99.0,0.0,-9.9,-99,-999,南投縣,13,名間鄉,173
23.8388,120.6933,名間,C0I410,2017-01-12T04:00:00+08:00,180.0,323.0,0.8,17.6,0.88,995.2,-99.0,0.0,-9.9,-99,-999,南投縣,13,名間鄉,173
23.8388,120.6933,名間,C0I410,2017-01-12T05:00:00+08:00,180.0,109.0,0.4,17.6,0.90,995.0,-99.0,0.0,-9.9,-99,-999,南投縣,13,名間鄉,173
23.8388,120.6933,名間,C0I410,2017-01-12T06:00:00+08:00,180.0,333.0,1.8,16.8,0.93,995.2,-99.0,0.0,-9.9,-99,-999,南投縣,13,名間鄉,173
23.8388,120.6933,名間,C0I410,2017-01-12T07:00:00+08:00,180.0,344.0,1.6,16.8,0.93,995.2,-99.0,0.0,-9.9,-99,-999,南投縣,13,名間鄉,173
23.8388,120.6933,名間,C0I410,2017-01-12T08:00:00+08:00,180.0,327.0,0.8,17.3,0.91,994.9,-99.0,0.0,-9.9,-99,-999,南投縣,13,名間鄉,173
23.8388,120.6933,名間,C0I410,2017-01-12T09:00:00+08:00,180.0,307.0,0.7,19.9,0.79,994.3,-99.0,0.0,-9.9,-99,-999,南投縣,13,名間鄉,173
23.8388,120.6933,名間,C0I410,2017-01-12T10:00:00+08:00,180.0,348.0,1.8,20.7,0.73,994.8,-99.0,0.0,-9.9,-99,-999,南投縣,13,名間鄉,173
23.8388,120.6933,名間,C0I410,2017-01-12T11:00:00+08:00,180.0,343.0,1.9,21.1,0.74,994.3,-99.0,0.0,-9.9,-99,-999,南投縣,13,名間鄉,173
23.8388,120.6933,名間,C0I410,2017-01-12T12:00:00+08:00,180.0,21.0,0.8,22.0,0.69,993.4,-99.0,0.0,-9.9,-99,-999,南投縣,13,名間鄉,173
23.8388,120.6933,名間,C0I410,2017-01-12T13:00:00+08:00,180.0,276.0,0.9,22.0,0.71,992.6,-99.0,0.0,-9.9,-99,-999,南投縣,13,名間鄉,173
23.8388,120.6933,名間,C0I410,2017-01-12T14:00:00+08:00,180.0,163.0,0.5,22.2,0.70,992.0,-99.0,0.0,-9.9,-99,-999,南投縣,13,名間鄉,173
23.8388,120.6933,名間,C0I410,2017-01-12T15:00:00+08:00,180.0,208.0,1.0,23.1,0.67,991.5,-99.0,0.0,-9.9,-99,-999,南投縣,13,名間鄉,173
23.8388,120.6933,名間,C0I410,2017-01-12T16:00:00+08:00,180.0,339.0,2.2,22.3,0.72,991.6,-99.0,0.0,-9.9,-99,-999,南投縣,13,名間鄉,173
23.8388,120.6933,名間,C0I410,2017-01-12T17:00:00+08:00,180.0,342.0,3.1,20.1,0.82,991.8,-99.0,0.0,-9.9,-99,-999,南投縣,13,名間鄉,173
23.8388,120.6933,名間,C0I410,2017-01-12T18:00:00+08:00,180.0,334.0,2.7,18.8,0.88,992.5,-99.0,0.0,-9.9,-99,-999,南投縣,13,名間鄉,173
23.8388,120.6933,名間,C0I410,2017-01-12T19:00:00+08:00,180.0,341.0,1.1,18.6,0.89,993.1,-99.0,0.0,-9.9,-99,-999,南投縣,13,名間鄉,173
23.8388,120.6933,名間,C0I410,2017-01-12T20:00:00+08:00,180.0,360.0,1.7,18.4,0.90,993.6,-99.0,0.0,-9.9,-99,-999,南投縣,13,名間鄉,173
23.8388,120.6933,名間,C0I410,2017-01-12T21:00:00+08:00,180.0,337.0,1.7,18.0,0.92,993.8,-99.0,0.0,-9.9,-99,-999,南投縣,13,名間鄉,173
23.8388,120.6933,名間,C0I410,2017-01-12T22:00:00+08:00,180.0,330.0,0.4,18.2,0.91,993.6,-99.0,0.0,-9.9,-99,-999,南投縣,13,名間鄉,173
23.8388,120.6933,名間,C0I410,2017-01-12T23:00:00+08:00,180.0,0.0,0.0,18.2,0.92,993.5,-99.0,0.0,-9.9,-99,-999,南投縣,13,名間鄉,173
23.8388,120.6933,名間,C0I410,2017-01-13T00:00:00+08:00,180.0,181.0,1.5,17.9,0.93,993.4,-99.0,0.0,-9.9,-99,-999,南投縣,13,名間鄉,173
23.8388,120.6933,名間,C0I410,2017-01-13T01:00:00+08:00,180.0,298.0,0.4,18.2,0.92,993.3,-99.0,0.0,-9.9,-99,-999,南投縣,13,名間鄉,173
23.8388,120.6933,名間,C0I410,2017-01-13T02:00:00+08:00,180.0,331.0,0.6,18.2,0.93,993.3,-99.0,0.0,-9.9,-99,-999,南投縣,13,名間鄉,173
23.8388,120.6933,名間,C0I410,2017-01-13T03:00:00+08:00,180.0,341.0,0.8,18.2,0.92,992.6,-99.0,0.0,-9.9,-99,-999,南投縣,13,名間鄉,173
23.8388,120.6933,名間,C0I410,2017-01-13T04:00:00+08:00,180.0,353.0,1.7,18.0,0.94,992.7,-99.0,0.0,-9.9,-99,-999,南投縣,13,名間鄉,173
23.8388,120.6933,名間,C0I410,2017-01-13T05:00:00+08:00,180.0,336.0,1.0,17.9,0.93,992.2,-99.0,0.0,-9.9,-99,-999,南投縣,13,名間鄉,173
23.8388,120.6933,名間,C0I410,2017-01-13T06:00:00+08:00,180.0,340.0,1.6,17.6,0.94,992.4,-99.0,0.0,-9.9,-99,-999,南投縣,13,名間鄉,173
23.8388,120.6933,名間,C0I410,2017-01-13T07:00:00+08:00,180.0,321.0,0.9,17.8,0.93,992.8,-99.0,0.0,-9.9,-99,-999,南投縣,13,名間鄉,173
23.8388,120.6933,名間,C0I410,2017-01-13T08:00:00+08:00,180.0,348.0,1.5,17.8,0.88,993.6,-99.0,0.0,-9.9,-99,-999,南投縣,13,名間鄉,173
23.8388,120.6933,名間,C0I410,2017-01-13T09:00:00+08:00,180.0,332.0,1.6,17.9,0.85,994.1,-99.0,0.0,-9.9,-99,-999,南投縣,13,名間鄉,173
23.8388,120.6933,名間,C0I410,2017-01-13T10:00:00+08:00,180.0,329.0,1.9,18.6,0.84,993.9,-99.0,0.0,-9.9,-99,-999,南投縣,13,名間鄉,173
23.8388,120.6933,名間,C0I410,2017-01-13T11:00:00+08:00,180.0,347.0,1.8,20.1,0.74,993.3,-99.0,0.0,-9.9,-99,-999,南投縣,13,名間鄉,173
23.8388,120.6933,名間,C0I410,2017-01-13T12:00:00+08:00,180.0,339.0,2.2,20.3,0.73,992.5,-99.0,0.0,-9.9,-99,-999,南投縣,13,名間鄉,173
23.8388,120.6933,名間,C0I410,2017-01-13T13:00:00+08:00,180.0,346.0,0.8,21.2,0.71,991.6,-99.0,0.0,-9.9,-99,-999,南投縣,13,名間鄉,173
23.8388,120.6933,名間,C0I410,2017-01-13T14:00:00+08:00,180.0,338.0,2.0,20.3,0.72,991.5,-99.0,0.0,-9.9,-99,-999,南投縣,13,名間鄉,173
23.8388,120.6933,名間,C0I410,2017-01-13T15:00:00+08:00,180.0,340.0,2.8,18.6,0.74,991.8,-99.0,0.0,-9.9,-99,-999,南投縣,13,名間鄉,173
23.8388,120.6933,名間,C0I410,2017-01-13T16:00:00+08:00,180.0,344.0,2.1,18.0,0.75,992.2,-99.0,0.0,-9.9,-99,-999,南投縣,13,名間鄉,173
23.8388,120.6933,名間,C0I410,2017-01-13T17:00:00+08:00,180.0,333.0,2.5,17.5,0.78,992.0,-99.0,0.0,-9.9,-99,-999,南投縣,13,名間鄉,173
23.8388,120.6933,名間,C0I410,2017-01-13T18:00:00+08:00,180.0,357.0,2.6,16.7,0.81,992.5,-99.0,0.0,-9.9,-99,-999,南投縣,13,名間鄉,173
23.8388,120.6933,名間,C0I410,2017-01-13T19:00:00+08:00,180.0,340.0,1.8,16.2,0.82,993.0,-99.0,0.0,-9.9,-99,-999,南投縣,13,名間鄉,173
23.8388,120.6933,名間,C0I410,2017-01-13T20:00:00+08:00,180.0,333.0,1.6,16.2,0.83,993.3,-99.0,0.0,-9.9,-99,-999,南投縣,13,名間鄉,173
23.8388,120.6933,名間,C0I410,2017-01-13T21:00:00+08:00,180.0,351.0,1.2,16.0,0.83,994.2,-99.0,0.0,-9.9,-99,-999,南投縣,13,名間鄉,173
23.8388,120.6933,名間,C0I410,2017-01-13T22:00:00+08:00,180.0,358.0,0.8,15.8,0.88,994.5,-99.0,0.0,-9.9,-99,-999,南投縣,13,名間鄉,173
23.8388,120.6933,名間,C0I410,2017-01-13T23:00:00+08:00,180.0,336.0,1.0,15.5,0.90,994.0,-99.0,0.0,-9.9,-99,-999,南投縣,13,名間鄉,173
23.8388,120.6933,名間,C0I410,2017-01-14T00:00:00+08:00,180.0,340.0,1.9,15.0,0.91,993.8,-99.0,0.0,-9.9,-99,-999,南投縣,13,名間鄉,173
23.8388,120.6933,名間,C0I410,2017-01-14T01:00:00+08:00,180.0,339.0,2.4,14.5,0.91,993.8,-99.0,0.0,-9.9,-99,-999,南投縣,13,名間鄉,173
23.8388,120.6933,名間,C0I410,2017-01-14T02:00:00+08:00,180.0,348.0,1.3,14.5,0.91,993.5,-99.0,0.0,-9.9,-99,-999,南投縣,13,名間鄉,173
23.8388,120.6933,名間,C0I410,2017-01-14T03:00:00+08:00,180.0,299.0,0.5,14.5,0.92,993.9,-99.0,0.0,-9.9,-99,-999,南投縣,13,名間鄉,173
23.8388,120.6933,名間,C0I410,2017-01-14T04:00:00+08:00,180.0,359.0,1.7,13.7,0.96,993.7,-99.0,0.0,-9.9,-99,-999,南投縣,13,名間鄉,173
23.8388,120.6933,名間,C0I410,2017-01-14T05:00:00+08:00,180.0,338.0,1.2,13.8,0.97,993.6,-99.0,0.5,-9.9,-99,-999,南投縣,13,名間鄉,173
23.8388,120.6933,名間,C0I410,2017-01-14T06:00:00+08:00,180.0,345.0,2.1,13.3,0.97,994.2,-99.0,0.5,-9.9,-99,-999,南投縣,13,名間鄉,173
23.8388,120.6933,名間,C0I410,2017-01-14T07:00:00+08:00,180.0,332.0,2.7,13.0,0.96,994.9,-99.0,0.5,-9.9,-99,-999,南投縣,13,名間鄉,173
23.8388,120.6933,名間,C0I410,2017-01-14T08:00:00+08:00,180.0,339.0,2.6,12.4,0.96,995.7,-99.0,0.5,-9.9,-99,-999,南投縣,13,名間鄉,173
23.8388,120.6933,名間,C0I410,2017-01-14T10:00:00+08:00,180.0,328.0,0.8,13.0,0.96,996.9,-99.0,2.5,-9.9,-99,-999,南投縣,13,名間鄉,173
23.8388,120.6933,名間,C0I410,2017-01-14T11:00:00+08:00,180.0,319.0,0.9,13.3,0.96,996.2,-99.0,2.5,-9.9,-99,-999,南投縣,13,名間鄉,173
23.8388,120.6933,名間,C0I410,2017-01-14T12:00:00+08:00,180.0,346.0,1.7,13.5,0.96,995.4,-99.0,2.5,-9.9,-99,-999,南投縣,13,名間鄉,173
23.8388,120.6933,名間,C0I410,2017-01-14T13:00:00+08:00,180.0,341.0,1.6,13.7,0.94,994.8,-99.0,2.5,-9.9,-99,-999,南投縣,13,名間鄉,173
23.8388,120.6933,名間,C0I410,2017-01-14T14:00:00+08:00,180.0,358.0,1.2,14.5,0.90,993.9,-99.0,2.5,-9.9,-99,-999,南投縣,13,名間鄉,173
23.8388,120.6933,名間,C0I410,2017-01-14T15:00:00+08:00,180.0,343.0,1.7,16.0,0.87,993.8,-99.0,2.5,-9.9,-99,-999,南投縣,13,名間鄉,173
23.8388,120.6933,名間,C0I410,2017-01-14T16:00:00+08:00,180.0,355.0,1.3,16.3,0.88,994.3,-99.0,2.5,-9.9,-99,-999,南投縣,13,名間鄉,173
23.8388,120.6933,名間,C0I410,2017-01-14T17:00:00+08:00,180.0,63.0,0.8,16.5,0.86,994.1,-99.0,2.5,-9.9,-99,-999,南投縣,13,名間鄉,173
23.8388,120.6933,名間,C0I410,2017-01-14T18:00:00+08:00,180.0,306.0,0.6,16.3,0.83,995.2,-99.0,2.5,-9.9,-99,-999,南投縣,13,名間鄉,173
23.8388,120.6933,名間,C0I410,2017-01-14T19:00:00+08:00,180.0,358.0,1.7,15.7,0.84,996.1,-99.0,2.5,-9.9,-99,-999,南投縣,13,名間鄉,173
23.8388,120.6933,名間,C0I410,2017-01-14T20:00:00+08:00,180.0,349.0,1.0,14.6,0.88,996.8,-99.0,2.5,-9.9,-99,-999,南投縣,13,名間鄉,173
23.8388,120.6933,名間,C0I410,2017-01-14T21:00:00+08:00,180.0,331.0,1.4,14.6,0.88,997.0,-99.0,2.5,-9.9,-99,-999,南投縣,13,名間鄉,173
23.8388,120.6933,名間,C0I410,2017-01-14T22:00:00+08:00,180.0,338.0,1.2,14.6,0.86,997.3,-99.0,2.5,-9.9,-99,-999,南投縣,13,名間鄉,173
23.8388,120.6933,名間,C0I410,2017-01-14T23:00:00+08:00,180.0,357.0,1.4,14.3,0.85,997.1,-99.0,2.5,-9.9,-99,-999,南投縣,13,名間鄉,173
23.8388,120.6933,名間,C0I410,2017-01-15T00:00:00+08:00,180.0,344.0,1.8,13.9,0.87,997.5,-99.0,2.5,-9.9,-99,-999,南投縣,13,名間鄉,173
23.8388,120.6933,名間,C0I410,2017-01-15T01:00:00+08:00,180.0,332.0,0.4,14.3,0.85,997.7,-99.0,0.0,-9.9,-99,-999,南投縣,13,名間鄉,173
23.8388,120.6933,名間,C0I410,2017-01-15T02:00:00+08:00,180.0,319.0,1.1,14.1,0.88,997.4,-99.0,0.0,-9.9,-99,-999,南投縣,13,名間鄉,173
23.8388,120.6933,名間,C0I410,2017-01-15T03:00:00+08:00,180.0,23.0,0.7,14.3,0.88,996.9,-99.0,0.0,-9.9,-99,-999,南投縣,13,名間鄉,173
23.8388,120.6933,名間,C0I410,2017-01-15T04:00:00+08:00,180.0,334.0,2.8,14.1,0.92,996.0,-99.0,0.0,-9.9,-99,-999,南投縣,13,名間鄉,173
23.8388,120.6933,名間,C0I410,2017-01-15T05:00:00+08:00,180.0,342.0,1.6,13.6,0.90,996.3,-99.0,0.0,-9.9,-99,-999,南投縣,13,名間鄉,173
23.8388,120.6933,名間,C0I410,2017-01-15T06:00:00+08:00,180.0,344.0,1.8,13.5,0.90,997.0,-99.0,0.0,-9.9,-99,-999,南投縣,13,名間鄉,173
23.8388,120.6933,名間,C0I410,2017-01-15T07:00:00+08:00,180.0,347.0,1.3,13.5,0.90,997.6,-99.0,0.0,-9.9,-99,-999,南投縣,13,名間鄉,173
23.8388,120.6933,名間,C0I410,2017-01-15T08:00:00+08:00,180.0,351.0,1.9,13.7,0.89,998.5,-99.0,0.0,-9.9,-99,-999,南投縣,13,名間鄉,173
23.8388,120.6933,名間,C0I410,2017-01-15T09:00:00+08:00,180.0,327.0,0.9,13.7,0.90,998.9,-99.0,0.0,-9.9,-99,-999,南投縣,13,名間鄉,173
23.8388,120.6933,名間,C0I410,2017-01-15T10:00:00+08:00,180.0,346.0,0.4,13.9,0.92,998.9,-99.0,0.5,-9.9,-99,-999,南投縣,13,名間鄉,173
23.8388,120.6933,名間,C0I410,2017-01-15T11:00:00+08:00,180.0,328.0,2.1,14.1,0.92,998.7,-99.0,0.5,-9.9,-99,-999,南投縣,13,名間鄉,173
23.8388,120.6933,名間,C0I410,2017-01-15T12:00:00+08:00,180.0,2.0,1.6,15.1,0.86,997.7,-99.0,0.5,-9.9,-99,-999,南投縣,13,名間鄉,173
23.8388,120.6933,名間,C0I410,2017-01-15T13:00:00+08:00,180.0,329.0,1.1,15.3,0.86,997.1,-99.0,0.5,-9.9,-99,-999,南投縣,13,名間鄉,173
23.8388,120.6933,名間,C0I410,2017-01-15T14:00:00+08:00,180.0,296.0,0.7,16.5,0.82,996.4,-99.0,0.5,-9.9,-99,-999,南投縣,13,名間鄉,173
23.8388,120.6933,名間,C0I410,2017-01-15T15:00:00+08:00,180.0,38.0,0.7,16.8,0.83,996.2,-99.0,0.5,-9.9,-99,-999,南投縣,13,名間鄉,173
23.8388,120.6933,名間,C0I410,2017-01-15T16:00:00+08:00,180.0,332.0,1.7,17.3,0.81,996.1,-99.0,0.5,-9.9,-99,-999,南投縣,13,名間鄉,173
23.8388,120.6933,名間,C0I410,2017-01-15T17:00:00+08:00,180.0,341.0,1.9,16.7,0.79,996.2,-99.0,0.5,-9.9,-99,-999,南投縣,13,名間鄉,173
23.8388,120.6933,名間,C0I410,2017-01-15T18:00:00+08:00,180.0,340.0,2.8,15.6,0.80,996.9,-99.0,0.5,-9.9,-99,-999,南投縣,13,名間鄉,173
23.8388,120.6933,名間,C0I410,2017-01-15T19:00:00+08:00,180.0,349.0,3.0,14.8,0.81,997.5,-99.0,0.5,-9.9,-99,-999,南投縣,13,名間鄉,173
23.8388,120.6933,名間,C0I410,2017-01-15T20:00:00+08:00,180.0,323.0,1.1,14.5,0.83,997.9,-99.0,0.5,-9.9,-99,-999,南投縣,13,名間鄉,173
23.8388,120.6933,名間,C0I410,2017-01-15T21:00:00+08:00,180.0,315.0,0.6,14.7,0.82,998.2,-99.0,0.5,-9.9,-99,-999,南投縣,13,名間鄉,173
23.8388,120.6933,名間,C0I410,2017-01-15T22:00:00+08:00,180.0,334.0,1.1,14.3,0.84,998.1,-99.0,0.5,-9.9,-99,-999,南投縣,13,名間鄉,173
23.8388,120.6933,名間,C0I410,2017-01-15T23:00:00+08:00,180.0,327.0,1.4,13.8,0.86,998.0,-99.0,0.5,-9.9,-99,-999,南投縣,13,名間鄉,173
23.8388,120.6933,名間,C0I410,2017-01-16T00:00:00+08:00,180.0,328.0,0.7,13.9,0.85,998.3,-99.0,0.5,-9.9,-99,-999,南投縣,13,名間鄉,173
23.8388,120.6933,名間,C0I410,2017-01-16T01:00:00+08:00,180.0,26.0,1.7,13.7,0.84,998.1,-99.0,0.0,-9.9,-99,-999,南投縣,13,名間鄉,173
23.8388,120.6933,名間,C0I410,2017-01-16T02:00:00+08:00,180.0,350.0,1.4,13.6,0.87,998.2,-99.0,0.0,-9.9,-99,-999,南投縣,13,名間鄉,173
23.8388,120.6933,名間,C0I410,2017-01-16T03:00:00+08:00,180.0,337.0,1.2,13.2,0.94,997.8,-99.0,0.5,-9.9,-99,-999,南投縣,13,名間鄉,173
23.8388,120.6933,名間,C0I410,2017-01-16T04:00:00+08:00,180.0,335.0,2.5,12.9,0.96,997.8,-99.0,0.5,-9.9,-99,-999,南投縣,13,名間鄉,173
23.8388,120.6933,名間,C0I410,2017-01-16T05:00:00+08:00,180.0,342.0,1.9,13.0,0.95,998.0,-99.0,0.5,-9.9,-99,-999,南投縣,13,名間鄉,173
23.8388,120.6933,名間,C0I410,2017-01-16T06:00:00+08:00,180.0,334.0,1.3,12.9,0.95,998.3,-99.0,0.5,-9.9,-99,-999,南投縣,13,名間鄉,173
23.8388,120.6933,名間,C0I410,2017-01-16T07:00:00+08:00,180.0,329.0,1.0,13.1,0.94,998.3,-99.0,0.5,-9.9,-99,-999,南投縣,13,名間鄉,173
23.8388,120.6933,名間,C0I410,2017-01-16T08:00:00+08:00,180.0,346.0,0.9,13.4,0.92,998.6,-99.0,0.5,-9.9,-99,-999,南投縣,13,名間鄉,173
23.8388,120.6933,名間,C0I410,2017-01-16T10:00:00+08:00,180.0,360.0,1.2,16.1,0.85,998.9,-99.0,0.5,-9.9,-99,-999,南投縣,13,名間鄉,173
23.8388,120.6933,名間,C0I410,2017-01-16T11:00:00+08:00,180.0,298.0,0.6,16.5,0.83,998.7,-99.0,0.5,-9.9,-99,-999,南投縣,13,名間鄉,173
23.8388,120.6933,名間,C0I410,2017-01-16T12:00:00+08:00,180.0,204.0,0.7,17.1,0.80,997.9,-99.0,0.5,-9.9,-99,-999,南投縣,13,名間鄉,173
23.8388,120.6933,名間,C0I410,2017-01-16T13:00:00+08:00,180.0,76.0,0.7,18.0,0.77,996.8,-99.0,0.5,-9.9,-99,-999,南投縣,13,名間鄉,173
23.8388,120.6933,名間,C0I410,2017-01-16T14:00:00+08:00,180.0,327.0,1.2,18.4,0.74,996.0,-99.0,0.5,-9.9,-99,-999,南投縣,13,名間鄉,173
23.8388,120.6933,名間,C0I410,2017-01-16T15:00:00+08:00,180.0,339.0,1.4,18.6,0.73,995.7,-99.0,0.5,-9.9,-99,-999,南投縣,13,名間鄉,173
23.8388,120.6933,名間,C0I410,2017-01-16T16:00:00+08:00,180.0,322.0,0.7,19.1,0.70,995.6,-99.0,0.5,-9.9,-99,-999,南投縣,13,名間鄉,173
23.8388,120.6933,名間,C0I410,2017-01-16T17:00:00+08:00,180.0,16.0,0.9,18.5,0.74,996.1,-99.0,0.5,-9.9,-99,-999,南投縣,13,名間鄉,173
23.8388,120.6933,名間,C0I410,2017-01-16T18:00:00+08:00,180.0,352.0,1.1,18.0,0.75,996.8,-99.0,0.5,-9.9,-99,-999,南投縣,13,名間鄉,173
23.8388,120.6933,名間,C0I410,2017-01-16T19:00:00+08:00,180.0,354.0,1.5,17.1,0.76,997.4,-99.0,0.5,-9.9,-99,-999,南投縣,13,名間鄉,173
23.8388,120.6933,名間,C0I410,2017-01-16T20:00:00+08:00,180.0,342.0,1.1,16.3,0.80,998.2,-99.0,0.5,-9.9,-99,-999,南投縣,13,名間鄉,173
23.8388,120.6933,名間,C0I410,2017-01-16T21:00:00+08:00,180.0,0.0,0.0,15.7,0.85,998.8,-99.0,0.5,-9.9,-99,-999,南投縣,13,名間鄉,173
23.8388,120.6933,名間,C0I410,2017-01-16T22:00:00+08:00,180.0,343.0,0.9,14.8,0.90,999.1,-99.0,0.5,-9.9,-99,-999,南投縣,13,名間鄉,173
23.8388,120.6933,名間,C0I410,2017-01-16T23:00:00+08:00,180.0,340.0,0.6,14.4,0.91,999.3,-99.0,0.5,-9.9,-99,-999,南投縣,13,名間鄉,173
23.8388,120.6933,名間,C0I410,2017-01-17T00:00:00+08:00,180.0,0.0,0.0,14.8,0.90,999.2,-99.0,0.5,-9.9,-99,-999,南投縣,13,名間鄉,173
23.8388,120.6933,名間,C0I410,2017-01-17T01:00:00+08:00,180.0,333.0,1.1,14.1,0.93,998.7,-99.0,0.0,-9.9,-99,-999,南投縣,13,名間鄉,173
23.8388,120.6933,名間,C0I410,2017-01-17T02:00:00+08:00,180.0,331.0,1.5,13.6,0.95,998.5,-99.0,0.0,-9.9,-99,-999,南投縣,13,名間鄉,173
23.8388,120.6933,名間,C0I410,2017-01-17T03:00:00+08:00,180.0,141.0,0.8,14.3,0.94,999.5,-99.0,0.0,-9.9,-99,-999,南投縣,13,名間鄉,173
23.8388,120.6933,名間,C0I410,2017-01-17T04:00:00+08:00,180.0,151.0,0.6,14.7,0.94,999.1,-99.0,0.0,-9.9,-99,-999,南投縣,13,名間鄉,173
23.8388,120.6933,名間,C0I410,2017-01-17T05:00:00+08:00,180.0,25.0,0.5,14.1,0.96,999.1,-99.0,0.0,-9.9,-99,-999,南投縣,13,名間鄉,173
23.8388,120.6933,名間,C0I410,2017-01-17T06:00:00+08:00,180.0,354.0,1.9,13.9,0.96,999.1,-99.0,0.0,-9.9,-99,-999,南投縣,13,名間鄉,173
23.8388,120.6933,名間,C0I410,2017-01-17T07:00:00+08:00,180.0,338.0,1.9,13.6,0.96,999.8,-99.0,0.0,-9.9,-99,-999,南投縣,13,名間鄉,173
23.8388,120.6933,名間,C0I410,2017-01-17T08:00:00+08:00,180.0,285.0,0.4,14.4,0.94,1000.4,-99.0,0.0,-9.9,-99,-999,南投縣,13,名間鄉,173
23.8388,120.6933,名間,C0I410,2017-01-17T09:00:00+08:00,180.0,304.0,0.6,16.9,0.83,1000.6,-99.0,0.0,-9.9,-99,-999,南投縣,13,名間鄉,173
23.8388,120.6933,名間,C0I410,2017-01-17T10:00:00+08:00,180.0,281.0,0.4,20.8,0.66,1000.3,-99.0,0.0,-9.9,-99,-999,南投縣,13,名間鄉,173
23.8388,120.6933,名間,C0I410,2017-01-17T11:00:00+08:00,180.0,278.0,0.9,21.4,0.63,999.8,-99.0,0.0,-9.9,-99,-999,南投縣,13,名間鄉,173
23.8388,120.6933,名間,C0I410,2017-01-17T12:00:00+08:00,180.0,246.0,0.8,22.5,0.59,998.8,-99.0,0.0,-9.9,-99,-999,南投縣,13,名間鄉,173
23.8388,120.6933,名間,C0I410,2017-01-17T13:00:00+08:00,180.0,279.0,1.0,23.2,0.57,998.0,-99.0,0.0,-9.9,-99,-999,南投縣,13,名間鄉,173
23.8388,120.6933,名間,C0I410,2017-01-17T14:00:00+08:00,180.0,299.0,2.0,22.3,0.59,997.6,-99.0,0.0,-9.9,-99,-999,南投縣,13,名間鄉,173
23.8388,120.6933,名間,C0I410,2017-01-17T15:00:00+08:00,180.0,340.0,2.0,21.8,0.64,997.3,-99.0,0.0,-9.9,-99,-999,南投縣,13,名間鄉,173
23.8388,120.6933,名間,C0I410,2017-01-17T16:00:00+08:00,180.0,339.0,2.8,20.6,0.68,997.9,-99.0,0.0,-9.9,-99,-999,南投縣,13,名間鄉,173
23.8388,120.6933,名間,C0I410,2017-01-17T17:00:00+08:00,180.0,330.0,1.7,20.1,0.71,998.2,-99.0,0.0,-9.9,-99,-999,南投縣,13,名間鄉,173
23.8388,120.6933,名間,C0I410,2017-01-17T18:00:00+08:00,180.0,338.0,1.9,18.8,0.77,998.9,-99.0,0.0,-9.9,-99,-999,南投縣,13,名間鄉,173
23.8388,120.6933,名間,C0I410,2017-01-17T19:00:00+08:00,180.0,343.0,0.8,17.8,0.84,999.7,-99.0,0.0,-9.9,-99,-999,南投縣,13,名間鄉,173
23.8388,120.6933,名間,C0I410,2017-01-17T20:00:00+08:00,180.0,323.0,0.3,17.1,0.87,1000.2,-99.0,0.0,-9.9,-99,-999,南投縣,13,名間鄉,173
23.8388,120.6933,名間,C0I410,2017-01-17T21:00:00+08:00,180.0,331.0,1.4,16.0,0.92,1000.8,-99.0,0.0,-9.9,-99,-999,南投縣,13,名間鄉,173
23.8388,120.6933,名間,C0I410,2017-01-17T22:00:00+08:00,180.0,123.0,0.8,16.0,0.92,1001.0,-99.0,0.0,-9.9,-99,-999,南投縣,13,名間鄉,173
23.8388,120.6933,名間,C0I410,2017-01-17T23:00:00+08:00,180.0,328.0,1.1,15.2,0.94,1001.2,-99.0,0.0,-9.9,-99,-999,南投縣,13,名間鄉,173
23.8388,120.6933,名間,C0I410,2017-01-18T00:00:00+08:00,180.0,331.0,0.6,15.2,0.94,1001.0,-99.0,0.0,-9.9,-99,-999,南投縣,13,名間鄉,173
23.8388,120.6933,名間,C0I410,2017-01-18T01:00:00+08:00,180.0,333.0,1.5,15.0,0.96,1001.0,-99.0,0.0,-9.9,-99,-999,南投縣,13,名間鄉,173
23.8388,120.6933,名間,C0I410,2017-01-18T02:00:00+08:00,180.0,273.0,0.5,15.1,0.95,1001.1,-99.0,0.0,-9.9,-99,-999,南投縣,13,名間鄉,173
23.8388,120.6933,名間,C0I410,2017-01-18T03:00:00+08:00,180.0,0.0,0.0,15.1,0.95,1001.1,-99.0,0.0,-9.9,-99,-999,南投縣,13,名間鄉,173
23.8388,120.6933,名間,C0I410,2017-01-18T04:00:00+08:00,180.0,129.0,1.1,15.2,0.95,1001.1,-99.0,0.0,-9.9,-99,-999,南投縣,13,名間鄉,173
23.8388,120.6933,名間,C0I410,2017-01-18T05:00:00+08:00,180.0,0.0,0.0,16.1,0.92,1001.1,-99.0,0.0,-9.9,-99,-999,南投縣,13,名間鄉,173
23.8388,120.6933,名間,C0I410,2017-01-18T06:00:00+08:00,180.0,0.0,0.0,15.8,0.94,1001.2,-99.0,0.0,-9.9,-99,-999,南投縣,13,名間鄉,173
23.8388,120.6933,名間,C0I410,2017-01-18T07:00:00+08:00,180.0,340.0,1.6,15.1,0.97,1001.2,-99.0,0.0,-9.9,-99,-999,南投縣,13,名間鄉,173
23.8388,120.6933,名間,C0I410,2017-01-18T08:00:00+08:00,180.0,0.0,0.0,16.8,0.90,1002.0,-99.0,0.0,-9.9,-99,-999,南投縣,13,名間鄉,173
23.8388,120.6933,名間,C0I410,2017-01-18T10:00:00+08:00,180.0,333.0,1.9,18.5,0.81,1001.7,-99.0,0.0,-9.9,-99,-999,南投縣,13,名間鄉,173
23.8388,120.6933,名間,C0I410,2017-01-18T11:00:00+08:00,180.0,358.0,2.2,20.3,0.71,1000.9,-99.0,0.0,-9.9,-99,-999,南投縣,13,名間鄉,173
23.8388,120.6933,名間,C0I410,2017-01-18T12:00:00+08:00,180.0,209.0,1.1,22.4,0.60,999.1,-99.0,0.0,-9.9,-99,-999,南投縣,13,名間鄉,173
23.8388,120.6933,名間,C0I410,2017-01-18T13:00:00+08:00,180.0,326.0,1.9,24.0,0.52,998.0,-99.0,0.0,-9.9,-99,-999,南投縣,13,名間鄉,173
23.8388,120.6933,名間,C0I410,2017-01-18T14:00:00+08:00,180.0,282.0,2.0,24.7,0.60,997.6,-99.0,0.0,-9.9,-99,-999,南投縣,13,名間鄉,173
23.8388,120.6933,名間,C0I410,2017-01-18T15:00:00+08:00,180.0,339.0,2.7,22.4,0.70,997.8,-99.0,0.0,-9.9,-99,-999,南投縣,13,名間鄉,173
23.8388,120.6933,名間,C0I410,2017-01-18T16:00:00+08:00,180.0,336.0,2.9,22.0,0.68,997.9,-99.0,0.0,-9.9,-99,-999,南投縣,13,名間鄉,173
23.8388,120.6933,名間,C0I410,2017-01-18T17:00:00+08:00,180.0,337.0,3.1,20.7,0.78,998.3,-99.0,0.0,-9.9,-99,-999,南投縣,13,名間鄉,173
23.8388,120.6933,名間,C0I410,2017-01-18T18:00:00+08:00,180.0,340.0,3.0,19.1,0.86,998.6,-99.0,0.0,-9.9,-99,-999,南投縣,13,名間鄉,173
23.8388,120.6933,名間,C0I410,2017-01-18T19:00:00+08:00,180.0,353.0,0.7,18.7,0.87,999.2,-99.0,0.0,-9.9,-99,-999,南投縣,13,名間鄉,173
23.8388,120.6933,名間,C0I410,2017-01-18T20:00:00+08:00,180.0,340.0,1.5,18.1,0.90,999.3,-99.0,0.0,-9.9,-99,-999,南投縣,13,名間鄉,173
23.8388,120.6933,名間,C0I410,2017-01-18T21:00:00+08:00,180.0,341.0,1.6,17.5,0.93,999.7,-99.0,0.0,-9.9,-99,-999,南投縣,13,名間鄉,173
23.8388,120.6933,名間,C0I410,2017-01-18T22:00:00+08:00,180.0,292.0,0.5,17.1,0.93,1000.0,-99.0,0.0,-9.9,-99,-999,南投縣,13,名間鄉,173
23.8388,120.6933,名間,C0I410,2017-01-18T23:00:00+08:00,180.0,333.0,0.7,17.0,0.94,1000.1,-99.0,0.0,-9.9,-99,-999,南投縣,13,名間鄉,173
23.8388,120.6933,名間,C0I410,2017-01-19T00:00:00+08:00,180.0,325.0,0.7,16.9,0.95,1000.1,-99.0,0.0,-9.9,-99,-999,南投縣,13,名間鄉,173
23.8388,120.6933,名間,C0I410,2017-01-19T01:00:00+08:00,180.0,323.0,1.0,16.5,0.97,999.9,-99.0,0.0,-9.9,-99,-999,南投縣,13,名間鄉,173
23.8388,120.6933,名間,C0I410,2017-01-19T02:00:00+08:00,180.0,341.0,1.3,16.4,0.98,999.5,-99.0,0.0,-9.9,-99,-999,南投縣,13,名間鄉,173
23.8388,120.6933,名間,C0I410,2017-01-19T03:00:00+08:00,180.0,343.0,1.4,16.4,0.97,999.5,-99.0,0.0,-9.9,-99,-999,南投縣,13,名間鄉,173
23.8388,120.6933,名間,C0I410,2017-01-19T04:00:00+08:00,180.0,338.0,1.8,16.4,0.97,999.7,-99.0,0.0,-9.9,-99,-999,南投縣,13,名間鄉,173
23.8388,120.6933,名間,C0I410,2017-01-19T05:00:00+08:00,180.0,344.0,1.0,16.4,0.97,999.7,-99.0,0.0,-9.9,-99,-999,南投縣,13,名間鄉,173
23.8388,120.6933,名間,C0I410,2017-01-19T06:00:00+08:00,180.0,341.0,0.9,16.7,0.95,999.8,-99.0,0.0,-9.9,-99,-999,南投縣,13,名間鄉,173
23.8388,120.6933,名間,C0I410,2017-01-19T07:00:00+08:00,180.0,339.0,1.4,16.8,0.93,999.9,-99.0,0.0,-9.9,-99,-999,南投縣,13,名間鄉,173
23.8388,120.6933,名間,C0I410,2017-01-19T08:00:00+08:00,180.0,335.0,2.5,16.9,0.94,1000.4,-99.0,0.0,-9.9,-99,-999,南投縣,13,名間鄉,173
23.8388,120.6933,名間,C0I410,2017-01-19T09:00:00+08:00,180.0,347.0,2.7,18.5,0.87,1000.8,-99.0,0.0,-9.9,-99,-999,南投縣,13,名間鄉,173
23.8388,120.6933,名間,C0I410,2017-01-19T10:00:00+08:00,180.0,332.0,2.0,20.7,0.76,1000.2,-99.0,0.0,-9.9,-99,-999,南投縣,13,名間鄉,173
23.8388,120.6933,名間,C0I410,2017-01-19T11:00:00+08:00,180.0,339.0,1.9,23.1,0.64,999.8,-99.0,0.0,-9.9,-99,-999,南投縣,13,名間鄉,173
23.8388,120.6933,名間,C0I410,2017-01-19T12:00:00+08:00,180.0,355.0,1.7,24.0,0.57,998.5,-99.0,0.0,-9.9,-99,-999,南投縣,13,名間鄉,173
23.8388,120.6933,名間,C0I410,2017-01-19T13:00:00+08:00,180.0,324.0,1.4,25.5,0.51,997.1,-99.0,0.0,-9.9,-99,-999,南投縣,13,名間鄉,173
23.8388,120.6933,名間,C0I410,2017-01-19T14:00:00+08:00,180.0,346.0,1.6,26.0,0.54,996.1,-99.0,0.0,-9.9,-99,-999,南投縣,13,名間鄉,173
23.8388,120.6933,名間,C0I410,2017-01-19T15:00:00+08:00,180.0,322.0,1.7,25.3,0.56,995.7,-99.0,0.0,-9.9,-99,-999,南投縣,13,名間鄉,173
23.8388,120.6933,名間,C0I410,2017-01-19T16:00:00+08:00,180.0,287.0,3.0,24.4,0.62,995.7,-99.0,0.0,-9.9,-99,-999,南投縣,13,名間鄉,173
23.8388,120.6933,名間,C0I410,2017-01-19T17:00:00+08:00,180.0,339.0,3.6,20.8,0.76,996.4,-99.0,0.0,-9.9,-99,-999,南投縣,13,名間鄉,173
23.8388,120.6933,名間,C0I410,2017-01-19T18:00:00+08:00,180.0,329.0,0.9,19.5,0.82,997.1,-99.0,0.0,-9.9,-99,-999,南投縣,13,名間鄉,173
23.8388,120.6933,名間,C0I410,2017-01-19T19:00:00+08:00,180.0,342.0,1.2,18.9,0.85,997.6,-99.0,0.0,-9.9,-99,-999,南投縣,13,名間鄉,173
23.8388,120.6933,名間,C0I410,2017-01-19T20:00:00+08:00,180.0,349.0,1.1,18.1,0.87,997.9,-99.0,0.0,-9.9,-99,-999,南投縣,13,名間鄉,173
23.8388,120.6933,名間,C0I410,2017-01-19T21:00:00+08:00,180.0,348.0,2.0,17.6,0.89,998.3,-99.0,0.0,-9.9,-99,-999,南投縣,13,名間鄉,173
23.8388,120.6933,名間,C0I410,2017-01-19T22:00:00+08:00,180.0,329.0,1.0,17.1,0.91,998.4,-99.0,0.0,-9.9,-99,-999,南投縣,13,名間鄉,173
23.8388,120.6933,名間,C0I410,2017-01-19T23:00:00+08:00,180.0,334.0,2.1,16.5,0.94,998.5,-99.0,0.0,-9.9,-99,-999,南投縣,13,名間鄉,173
23.8388,120.6933,名間,C0I410,2017-01-20T00:00:00+08:00,180.0,338.0,0.9,16.2,0.94,998.5,-99.0,0.0,-9.9,-99,-999,南投縣,13,名間鄉,173
23.8388,120.6933,名間,C0I410,2017-01-20T01:00:00+08:00,180.0,336.0,2.0,15.6,0.95,998.5,-99.0,0.0,-9.9,-99,-999,南投縣,13,名間鄉,173
23.8388,120.6933,名間,C0I410,2017-01-20T02:00:00+08:00,180.0,353.0,2.1,15.9,0.95,998.6,-99.0,0.0,-9.9,-99,-999,南投縣,13,名間鄉,173
23.8388,120.6933,名間,C0I410,2017-01-20T03:00:00+08:00,180.0,343.0,2.4,16.0,0.95,998.4,-99.0,0.0,-9.9,-99,-999,南投縣,13,名間鄉,173
23.8388,120.6933,名間,C0I410,2017-01-20T04:00:00+08:00,180.0,337.0,2.1,16.2,0.95,998.3,-99.0,0.0,-9.9,-99,-999,南投縣,13,名間鄉,173
23.8388,120.6933,名間,C0I410,2017-01-20T05:00:00+08:00,180.0,339.0,1.4,16.4,0.94,998.5,-99.0,0.0,-9.9,-99,-999,南投縣,13,名間鄉,173
23.8388,120.6933,名間,C0I410,2017-01-20T06:00:00+08:00,180.0,346.0,1.1,16.0,0.89,999.1,-99.0,0.0,-9.9,-99,-999,南投縣,13,名間鄉,173
23.8388,120.6933,名間,C0I410,2017-01-20T07:00:00+08:00,180.0,335.0,2.7,15.4,0.87,999.7,-99.0,0.0,-9.9,-99,-999,南投縣,13,名間鄉,173
23.8388,120.6933,名間,C0I410,2017-01-20T08:00:00+08:00,180.0,335.0,2.9,15.1,0.86,1000.2,-99.0,0.0,-9.9,-99,-999,南投縣,13,名間鄉,173
23.8388,120.6933,名間,C0I410,2017-01-20T09:00:00+08:00,180.0,336.0,2.3,15.6,0.84,1000.7,-99.0,0.0,-9.9,-99,-999,南投縣,13,名間鄉,173
23.8388,120.6933,名間,C0I410,2017-01-20T10:00:00+08:00,180.0,357.0,1.0,18.0,0.76,1000.9,-99.0,0.0,-9.9,-99,-999,南投縣,13,名間鄉,173
23.8388,120.6933,名間,C0I410,2017-01-20T11:00:00+08:00,180.0,14.0,1.6,19.1,0.70,1000.4,-99.0,0.0,-9.9,-99,-999,南投縣,13,名間鄉,173
23.8388,120.6933,名間,C0I410,2017-01-20T12:00:00+08:00,180.0,334.0,2.4,20.6,0.62,999.4,-99.0,0.0,-9.9,-99,-999,南投縣,13,名間鄉,173
23.8388,120.6933,名間,C0I410,2017-01-20T13:00:00+08:00,180.0,348.0,2.1,20.9,0.60,998.4,-99.0,0.0,-9.9,-99,-999,南投縣,13,名間鄉,173
23.8388,120.6933,名間,C0I410,2017-01-20T14:00:00+08:00,180.0,343.0,2.4,20.7,0.58,997.6,-99.0,0.0,-9.9,-99,-999,南投縣,13,名間鄉,173
23.8388,120.6933,名間,C0I410,2017-01-20T15:00:00+08:00,180.0,335.0,3.0,19.9,0.58,997.3,-99.0,0.0,-9.9,-99,-999,南投縣,13,名間鄉,173
23.8388,120.6933,名間,C0I410,2017-01-20T16:00:00+08:00,180.0,342.0,3.4,18.7,0.61,997.7,-99.0,0.0,-9.9,-99,-999,南投縣,13,名間鄉,173
23.8388,120.6933,名間,C0I410,2017-01-20T17:00:00+08:00,180.0,334.0,4.1,15.9,0.67,998.3,-99.0,0.0,-9.9,-99,-999,南投縣,13,名間鄉,173
23.8388,120.6933,名間,C0I410,2017-01-20T18:00:00+08:00,180.0,337.0,3.8,14.4,0.71,999.0,-99.0,0.0,-9.9,-99,-999,南投縣,13,名間鄉,173
23.8388,120.6933,名間,C0I410,2017-01-20T19:00:00+08:00,180.0,342.0,2.8,13.7,0.71,999.8,-99.0,0.0,-9.9,-99,-999,南投縣,13,名間鄉,173
23.8388,120.6933,名間,C0I410,2017-01-20T20:00:00+08:00,180.0,336.0,1.3,13.4,0.70,1000.3,-99.0,0.0,-9.9,-99,-999,南投縣,13,名間鄉,173
23.8388,120.6933,名間,C0I410,2017-01-20T21:00:00+08:00,180.0,345.0,2.1,12.7,0.73,1000.5,-99.0,0.0,-9.9,-99,-999,南投縣,13,名間鄉,173
23.8388,120.6933,名間,C0I410,2017-01-20T22:00:00+08:00,180.0,352.0,1.5,12.6,0.71,1000.8,-99.0,0.0,-9.9,-99,-999,南投縣,13,名間鄉,173
23.8388,120.6933,名間,C0I410,2017-01-20T23:00:00+08:00,180.0,357.0,1.2,12.4,0.72,1000.8,-99.0,0.0,-9.9,-99,-999,南投縣,13,名間鄉,173
23.8388,120.6933,名間,C0I410,2017-01-21T00:00:00+08:00,180.0,359.0,1.0,12.6,0.70,1000.8,-99.0,0.0,-9.9,-99,-999,南投縣,13,名間鄉,173
23.8388,120.6933,名間,C0I410,2017-01-21T01:00:00+08:00,180.0,345.0,1.1,12.6,0.70,1000.9,-99.0,0.0,-9.9,-99,-999,南投縣,13,名間鄉,173
23.8388,120.6933,名間,C0I410,2017-01-21T02:00:00+08:00,180.0,355.0,1.2,12.4,0.70,1001.1,-99.0,0.0,-9.9,-99,-999,南投縣,13,名間鄉,173
23.8388,120.6933,名間,C0I410,2017-01-21T03:00:00+08:00,180.0,337.0,1.0,12.3,0.73,1000.9,-99.0,0.0,-9.9,-99,-999,南投縣,13,名間鄉,173
23.8388,120.6933,名間,C0I410,2017-01-21T04:00:00+08:00,180.0,357.0,1.5,12.3,0.70,1001.2,-99.0,0.0,-9.9,-99,-999,南投縣,13,名間鄉,173
23.8388,120.6933,名間,C0I410,2017-01-21T05:00:00+08:00,180.0,346.0,1.1,11.9,0.78,1001.6,-99.0,0.0,-9.9,-99,-999,南投縣,13,名間鄉,173
23.8388,120.6933,名間,C0I410,2017-01-21T06:00:00+08:00,180.0,14.0,1.3,12.1,0.72,1002.1,-99.0,0.0,-9.9,-99,-999,南投縣,13,名間鄉,173
23.8388,120.6933,名間,C0I410,2017-01-21T07:00:00+08:00,180.0,339.0,1.5,12.0,0.76,1002.7,-99.0,0.0,-9.9,-99,-999,南投縣,13,名間鄉,173
23.8388,120.6933,名間,C0I410,2017-01-21T08:00:00+08:00,180.0,341.0,2.4,12.0,0.73,1003.3,-99.0,0.0,-9.9,-99,-999,南投縣,13,名間鄉,173
23.8388,120.6933,名間,C0I410,2017-01-21T10:00:00+08:00,180.0,333.0,1.3,13.8,0.69,1004.3,-99.0,0.0,-9.9,-99,-999,南投縣,13,名間鄉,173
23.8388,120.6933,名間,C0I410,2017-01-21T11:00:00+08:00,180.0,284.0,1.2,15.8,0.64,1003.3,-99.0,0.0,-9.9,-99,-999,南投縣,13,名間鄉,173
23.8388,120.6933,名間,C0I410,2017-01-21T12:00:00+08:00,180.0,345.0,1.6,17.4,0.62,1002.4,-99.0,0.0,-9.9,-99,-999,南投縣,13,名間鄉,173
23.8388,120.6933,名間,C0I410,2017-01-21T13:00:00+08:00,180.0,342.0,1.2,18.9,0.59,1001.4,-99.0,0.0,-9.9,-99,-999,南投縣,13,名間鄉,173
23.8388,120.6933,名間,C0I410,2017-01-21T14:00:00+08:00,180.0,108.0,0.6,19.9,0.60,1000.2,-99.0,0.0,-9.9,-99,-999,南投縣,13,名間鄉,173
23.8388,120.6933,名間,C0I410,2017-01-21T15:00:00+08:00,180.0,319.0,1.7,20.9,0.54,999.7,-99.0,0.0,-9.9,-99,-999,南投縣,13,名間鄉,173
23.8388,120.6933,名間,C0I410,2017-01-21T16:00:00+08:00,180.0,332.0,4.2,18.3,0.59,1000.4,-99.0,0.0,-9.9,-99,-999,南投縣,13,名間鄉,173
23.8388,120.6933,名間,C0I410,2017-01-21T17:00:00+08:00,180.0,336.0,2.4,17.3,0.62,1000.6,-99.0,0.0,-9.9,-99,-999,南投縣,13,名間鄉,173
23.8388,120.6933,名間,C0I410,2017-01-21T18:00:00+08:00,180.0,334.0,2.7,15.6,0.71,1001.2,-99.0,0.0,-9.9,-99,-999,南投縣,13,名間鄉,173
23.8388,120.6933,名間,C0I410,2017-01-21T19:00:00+08:00,180.0,3.0,1.3,14.8,0.73,1001.8,-99.0,0.0,-9.9,-99,-999,南投縣,13,名間鄉,173
23.8388,120.6933,名間,C0I410,2017-01-21T20:00:00+08:00,180.0,354.0,2.2,13.8,0.76,1002.4,-99.0,0.0,-9.9,-99,-999,南投縣,13,名間鄉,173
23.8388,120.6933,名間,C0I410,2017-01-21T21:00:00+08:00,180.0,352.0,1.7,13.0,0.80,1003.1,-99.0,0.0,-9.9,-99,-999,南投縣,13,名間鄉,173
23.8388,120.6933,名間,C0I410,2017-01-21T22:00:00+08:00,180.0,352.0,1.3,12.7,0.82,1003.2,-99.0,0.0,-9.9,-99,-999,南投縣,13,名間鄉,173
23.8388,120.6933,名間,C0I410,2017-01-21T23:00:00+08:00,180.0,344.0,1.6,12.1,0.86,1003.2,-99.0,0.0,-9.9,-99,-999,南投縣,13,名間鄉,173
23.8388,120.6933,名間,C0I410,2017-01-22T00:00:00+08:00,180.0,341.0,2.1,11.6,0.89,1003.2,-99.0,0.0,-9.9,-99,-999,南投縣,13,名間鄉,173
23.8388,120.6933,名間,C0I410,2017-01-22T01:00:00+08:00,180.0,354.0,1.3,11.9,0.85,1003.3,-99.0,0.0,-9.9,-99,-999,南投縣,13,名間鄉,173
23.8388,120.6933,名間,C0I410,2017-01-22T02:00:00+08:00,180.0,333.0,1.4,11.5,0.87,1003.0,-99.0,0.0,-9.9,-99,-999,南投縣,13,名間鄉,173
23.8388,120.6933,名間,C0I410,2017-01-22T03:00:00+08:00,180.0,339.0,1.2,11.5,0.87,1003.1,-99.0,0.0,-9.9,-99,-999,南投縣,13,名間鄉,173
23.8388,120.6933,名間,C0I410,2017-01-22T04:00:00+08:00,180.0,333.0,0.9,11.6,0.88,1002.7,-99.0,0.0,-9.9,-99,-999,南投縣,13,名間鄉,173
23.8388,120.6933,名間,C0I410,2017-01-22T05:00:00+08:00,180.0,305.0,0.7,11.4,0.92,1003.0,-99.0,0.0,-9.9,-99,-999,南投縣,13,名間鄉,173
23.8388,120.6933,名間,C0I410,2017-01-22T06:00:00+08:00,180.0,315.0,0.8,11.8,0.88,1003.7,-99.0,0.0,-9.9,-99,-999,南投縣,13,名間鄉,173
23.8388,120.6933,名間,C0I410,2017-01-22T07:00:00+08:00,180.0,0.0,0.2,12.3,0.86,1003.9,-99.0,0.0,-9.9,-99,-999,南投縣,13,名間鄉,173
23.8388,120.6933,名間,C0I410,2017-01-22T08:00:00+08:00,180.0,323.0,0.7,13.0,0.80,1004.0,-99.0,0.0,-9.9,-99,-999,南投縣,13,名間鄉,173
23.8388,120.6933,名間,C0I410,2017-01-22T09:00:00+08:00,180.0,335.0,2.5,14.1,0.75,1004.1,-99.0,0.0,-9.9,-99,-999,南投縣,13,名間鄉,173
23.8388,120.6933,名間,C0I410,2017-01-22T10:00:00+08:00,180.0,357.0,2.0,16.7,0.66,1004.2,-99.0,0.0,-9.9,-99,-999,南投縣,13,名間鄉,173
23.8388,120.6933,名間,C0I410,2017-01-22T11:00:00+08:00,180.0,352.0,2.5,18.3,0.56,1003.5,-99.0,0.0,-9.9,-99,-999,南投縣,13,名間鄉,173
23.8388,120.6933,名間,C0I410,2017-01-22T12:00:00+08:00,180.0,339.0,2.7,19.0,0.50,1002.5,-99.0,0.0,-9.9,-99,-999,南投縣,13,名間鄉,173
23.8388,120.6933,名間,C0I410,2017-01-22T13:00:00+08:00,180.0,343.0,2.3,20.6,0.44,1001.3,-99.0,0.0,-9.9,-99,-999,南投縣,13,名間鄉,173
23.8388,120.6933,名間,C0I410,2017-01-22T14:00:00+08:00,180.0,340.0,2.4,21.2,0.42,1000.5,-99.0,0.0,-9.9,-99,-999,南投縣,13,名間鄉,173
23.8388,120.6933,名間,C0I410,2017-01-22T15:00:00+08:00,180.0,329.0,2.6,20.9,0.43,999.8,-99.0,0.0,-9.9,-99,-999,南投縣,13,名間鄉,173
23.8388,120.6933,名間,C0I410,2017-01-22T16:00:00+08:00,180.0,332.0,3.3,20.4,0.43,999.7,-99.0,0.0,-9.9,-99,-999,南投縣,13,名間鄉,173
23.8388,120.6933,名間,C0I410,2017-01-22T17:00:00+08:00,180.0,337.0,2.8,19.2,0.47,999.7,-99.0,0.0,-9.9,-99,-999,南投縣,13,名間鄉,173
23.8388,120.6933,名間,C0I410,2017-01-22T18:00:00+08:00,180.0,341.0,1.4,17.4,0.52,1000.5,-99.0,0.0,-9.9,-99,-999,南投縣,13,名間鄉,173
23.8388,120.6933,名間,C0I410,2017-01-22T19:00:00+08:00,180.0,0.0,0.2,16.3,0.58,1001.4,-99.0,0.0,-9.9,-99,-999,南投縣,13,名間鄉,173
23.8388,120.6933,名間,C0I410,2017-01-22T20:00:00+08:00,180.0,360.0,1.8,14.6,0.61,1002.4,-99.0,0.0,-9.9,-99,-999,南投縣,13,名間鄉,173
23.8388,120.6933,名間,C0I410,2017-01-22T21:00:00+08:00,180.0,343.0,1.9,13.6,0.66,1002.7,-99.0,0.0,-9.9,-99,-999,南投縣,13,名間鄉,173
23.8388,120.6933,名間,C0I410,2017-01-22T22:00:00+08:00,180.0,333.0,1.5,13.2,0.68,1002.8,-99.0,0.0,-9.9,-99,-999,南投縣,13,名間鄉,173
23.8388,120.6933,名間,C0I410,2017-01-22T23:00:00+08:00,180.0,334.0,1.8,12.7,0.69,1002.5,-99.0,0.0,-9.9,-99,-999,南投縣,13,名間鄉,173
23.8388,120.6933,名間,C0I410,2017-01-23T00:00:00+08:00,180.0,334.0,1.3,12.5,0.70,1002.2,-99.0,0.0,-9.9,-99,-999,南投縣,13,名間鄉,173
23.8388,120.6933,名間,C0I410,2017-01-23T01:00:00+08:00,180.0,329.0,2.0,12.1,0.74,1001.9,-99.0,0.0,-9.9,-99,-999,南投縣,13,名間鄉,173
23.8388,120.6933,名間,C0I410,2017-01-23T02:00:00+08:00,180.0,341.0,1.6,12.2,0.72,1002.3,-99.0,0.0,-9.9,-99,-999,南投縣,13,名間鄉,173
23.8388,120.6933,名間,C0I410,2017-01-23T03:00:00+08:00,180.0,333.0,1.4,12.2,0.71,1002.1,-99.0,0.0,-9.9,-99,-999,南投縣,13,名間鄉,173
23.8388,120.6933,名間,C0I410,2017-01-23T04:00:00+08:00,180.0,321.0,1.0,12.0,0.76,1002.0,-99.0,0.0,-9.9,-99,-999,南投縣,13,名間鄉,173
23.8388,120.6933,名間,C0I410,2017-01-23T05:00:00+08:00,180.0,323.0,1.1,12.0,0.76,1002.0,-99.0,0.0,-9.9,-99,-999,南投縣,13,名間鄉,173
23.8388,120.6933,名間,C0I410,2017-01-23T06:00:00+08:00,180.0,338.0,1.6,12.1,0.78,1002.5,-99.0,0.0,-9.9,-99,-999,南投縣,13,名間鄉,173
23.8388,120.6933,名間,C0I410,2017-01-23T07:00:00+08:00,180.0,333.0,2.1,12.2,0.81,1003.0,-99.0,0.0,-9.9,-99,-999,南投縣,13,名間鄉,173
23.8388,120.6933,名間,C0I410,2017-01-23T08:00:00+08:00,180.0,332.0,1.9,12.7,0.79,1003.6,-99.0,0.0,-9.9,-99,-999,南投縣,13,名間鄉,173
23.8388,120.6933,名間,C0I410,2017-01-23T09:00:00+08:00,180.0,329.0,1.6,14.7,0.71,1003.9,-99.0,0.0,-9.9,-99,-999,南投縣,13,名間鄉,173
23.8388,120.6933,名間,C0I410,2017-01-23T10:00:00+08:00,180.0,333.0,2.0,17.5,0.65,1003.8,-99.0,0.0,-9.9,-99,-999,南投縣,13,名間鄉,173
23.8388,120.6933,名間,C0I410,2017-01-23T11:00:00+08:00,180.0,349.0,1.2,19.5,0.59,1003.5,-99.0,0.0,-9.9,-99,-999,南投縣,13,名間鄉,173
23.8388,120.6933,名間,C0I410,2017-01-23T12:00:00+08:00,180.0,1.0,1.4,21.5,0.54,1002.6,-99.0,0.0,-9.9,-99,-999,南投縣,13,名間鄉,173
23.8388,120.6933,名間,C0I410,2017-01-23T13:00:00+08:00,180.0,330.0,1.6,21.3,0.53,1001.6,-99.0,0.0,-9.9,-99,-999,南投縣,13,名間鄉,173
23.8388,120.6933,名間,C0I410,2017-01-23T14:00:00+08:00,180.0,352.0,0.6,22.7,0.48,1000.7,-99.0,0.0,-9.9,-99,-999,南投縣,13,名間鄉,173
23.8388,120.6933,名間,C0I410,2017-01-23T15:00:00+08:00,180.0,293.0,1.3,21.7,0.51,1000.4,-99.0,0.0,-9.9,-99,-999,南投縣,13,名間鄉,173
23.8388,120.6933,名間,C0I410,2017-01-23T16:00:00+08:00,180.0,284.0,2.8,20.6,0.52,1000.8,-99.0,0.0,-9.9,-99,-999,南投縣,13,名間鄉,173
23.8388,120.6933,名間,C0I410,2017-01-23T17:00:00+08:00,180.0,340.0,2.6,19.2,0.53,1001.1,-99.0,0.0,-9.9,-99,-999,南投縣,13,名間鄉,173
23.8388,120.6933,名間,C0I410,2017-01-23T18:00:00+08:00,180.0,343.0,2.3,18.1,0.58,1001.9,-99.0,0.0,-9.9,-99,-999,南投縣,13,名間鄉,173
23.8388,120.6933,名間,C0I410,2017-01-23T19:00:00+08:00,180.0,7.0,1.1,16.9,0.61,1002.3,-99.0,0.0,-9.9,-99,-999,南投縣,13,名間鄉,173
23.8388,120.6933,名間,C0I410,2017-01-23T20:00:00+08:00,180.0,336.0,1.1,16.3,0.63,1002.7,-99.0,0.0,-9.9,-99,-999,南投縣,13,名間鄉,173
23.8388,120.6933,名間,C0I410,2017-01-23T21:00:00+08:00,180.0,309.0,0.6,15.8,0.66,1002.8,-99.0,0.0,-9.9,-99,-999,南投縣,13,名間鄉,173
23.8388,120.6933,名間,C0I410,2017-01-23T22:00:00+08:00,180.0,349.0,1.1,15.3,0.69,1003.2,-99.0,0.0,-9.9,-99,-999,南投縣,13,名間鄉,173
23.8388,120.6933,名間,C0I410,2017-01-23T23:00:00+08:00,180.0,324.0,0.9,14.9,0.72,1003.3,-99.0,0.0,-9.9,-99,-999,南投縣,13,名間鄉,173
23.8388,120.6933,名間,C0I410,2017-01-24T00:00:00+08:00,180.0,217.0,0.9,14.4,0.75,1003.5,-99.0,0.0,-9.9,-99,-999,南投縣,13,名間鄉,173
23.8388,120.6933,名間,C0I410,2017-01-24T01:00:00+08:00,180.0,178.0,1.2,14.0,0.78,1003.4,-99.0,0.0,-9.9,-99,-999,南投縣,13,名間鄉,173
23.8388,120.6933,名間,C0I410,2017-01-24T02:00:00+08:00,180.0,249.0,0.3,14.3,0.75,1003.1,-99.0,0.0,-9.9,-99,-999,南投縣,13,名間鄉,173
23.8388,120.6933,名間,C0I410,2017-01-24T03:00:00+08:00,180.0,330.0,0.9,14.1,0.76,1002.8,-99.0,0.0,-9.9,-99,-999,南投縣,13,名間鄉,173
23.8388,120.6933,名間,C0I410,2017-01-24T04:00:00+08:00,180.0,346.0,0.7,14.0,0.78,1002.3,-99.0,0.0,-9.9,-99,-999,南投縣,13,名間鄉,173
23.8388,120.6933,名間,C0I410,2017-01-24T05:00:00+08:00,180.0,329.0,1.3,13.6,0.82,1002.4,-99.0,0.0,-9.9,-99,-999,南投縣,13,名間鄉,173
23.8388,120.6933,名間,C0I410,2017-01-24T06:00:00+08:00,180.0,330.0,1.7,13.1,0.83,1002.9,-99.0,0.0,-9.9,-99,-999,南投縣,13,名間鄉,173
23.8388,120.6933,名間,C0I410,2017-01-24T07:00:00+08:00,180.0,330.0,0.4,13.5,0.79,1003.5,-99.0,0.0,-9.9,-99,-999,南投縣,13,名間鄉,173
23.8388,120.6933,名間,C0I410,2017-01-24T08:00:00+08:00,180.0,309.0,0.9,13.9,0.76,1003.8,-99.0,0.0,-9.9,-99,-999,南投縣,13,名間鄉,173
23.8388,120.6933,名間,C0I410,2017-01-24T10:00:00+08:00,180.0,310.0,0.9,17.0,0.69,1004.2,-99.0,0.0,-9.9,-99,-999,南投縣,13,名間鄉,173
23.8388,120.6933,名間,C0I410,2017-01-24T11:00:00+08:00,180.0,346.0,1.7,18.4,0.66,1003.9,-99.0,0.0,-9.9,-99,-999,南投縣,13,名間鄉,173
23.8388,120.6933,名間,C0I410,2017-01-24T12:00:00+08:00,180.0,332.0,1.0,19.9,0.60,1003.2,-99.0,0.0,-9.9,-99,-999,南投縣,13,名間鄉,173
23.8388,120.6933,名間,C0I410,2017-01-24T13:00:00+08:00,180.0,311.0,1.0,20.7,0.57,1002.4,-99.0,0.0,-9.9,-99,-999,南投縣,13,名間鄉,173
23.8388,120.6933,名間,C0I410,2017-01-24T14:00:00+08:00,180.0,342.0,0.8,21.5,0.55,1001.7,-99.0,0.0,-9.9,-99,-999,南投縣,13,名間鄉,173
23.8388,120.6933,名間,C0I410,2017-01-24T15:00:00+08:00,180.0,331.0,1.3,21.7,0.55,1001.5,-99.0,0.0,-9.9,-99,-999,南投縣,13,名間鄉,173
23.8388,120.6933,名間,C0I410,2017-01-24T16:00:00+08:00,180.0,333.0,2.2,20.9,0.57,1001.6,-99.0,0.0,-9.9,-99,-999,南投縣,13,名間鄉,173
23.8388,120.6933,名間,C0I410,2017-01-24T17:00:00+08:00,180.0,338.0,3.0,19.2,0.63,1001.9,-99.0,0.0,-9.9,-99,-999,南投縣,13,名間鄉,173
23.8388,120.6933,名間,C0I410,2017-01-24T18:00:00+08:00,180.0,333.0,2.3,17.8,0.69,1002.4,-99.0,0.0,-9.9,-99,-999,南投縣,13,名間鄉,173
23.8388,120.6933,名間,C0I410,2017-01-24T19:00:00+08:00,180.0,337.0,1.7,17.0,0.71,1003.3,-99.0,0.0,-9.9,-99,-999,南投縣,13,名間鄉,173
23.8388,120.6933,名間,C0I410,2017-01-24T20:00:00+08:00,180.0,359.0,2.2,15.8,0.75,1003.9,-99.0,0.0,-9.9,-99,-999,南投縣,13,名間鄉,173
23.8388,120.6933,名間,C0I410,2017-01-24T21:00:00+08:00,180.0,336.0,2.0,15.4,0.77,1004.2,-99.0,0.0,-9.9,-99,-999,南投縣,13,名間鄉,173
23.8388,120.6933,名間,C0I410,2017-01-24T22:00:00+08:00,180.0,347.0,2.0,14.7,0.79,1004.3,-99.0,0.0,-9.9,-99,-999,南投縣,13,名間鄉,173
23.8388,120.6933,名間,C0I410,2017-01-24T23:00:00+08:00,180.0,331.0,1.3,14.3,0.80,1004.6,-99.0,0.0,-9.9,-99,-999,南投縣,13,名間鄉,173
23.8388,120.6933,名間,C0I410,2017-01-25T00:00:00+08:00,180.0,7.0,1.5,14.1,0.80,1004.3,-99.0,0.0,-9.9,-99,-999,南投縣,13,名間鄉,173
23.8388,120.6933,名間,C0I410,2017-01-25T01:00:00+08:00,180.0,340.0,1.9,13.7,0.82,1003.8,-99.0,0.0,-9.9,-99,-999,南投縣,13,名間鄉,173
23.8388,120.6933,名間,C0I410,2017-01-25T02:00:00+08:00,180.0,331.0,1.3,13.7,0.82,1003.4,-99.0,0.0,-9.9,-99,-999,南投縣,13,名間鄉,173
23.8388,120.6933,名間,C0I410,2017-01-25T03:00:00+08:00,180.0,350.0,0.9,13.8,0.81,1003.1,-99.0,0.0,-9.9,-99,-999,南投縣,13,名間鄉,173
23.8388,120.6933,名間,C0I410,2017-01-25T04:00:00+08:00,180.0,339.0,1.3,13.6,0.83,1002.9,-99.0,0.0,-9.9,-99,-999,南投縣,13,名間鄉,173
23.8388,120.6933,名間,C0I410,2017-01-25T05:00:00+08:00,180.0,338.0,0.6,13.7,0.84,1003.0,-99.0,0.0,-9.9,-99,-999,南投縣,13,名間鄉,173
23.8388,120.6933,名間,C0I410,2017-01-25T06:00:00+08:00,180.0,336.0,2.7,13.1,0.90,1002.9,-99.0,0.0,-9.9,-99,-999,南投縣,13,名間鄉,173
23.8388,120.6933,名間,C0I410,2017-01-25T07:00:00+08:00,180.0,300.0,0.9,13.3,0.88,1003.5,-99.0,0.0,-9.9,-99,-999,南投縣,13,名間鄉,173
23.8388,120.6933,名間,C0I410,2017-01-25T08:00:00+08:00,180.0,359.0,1.9,13.8,0.84,1003.7,-99.0,0.0,-9.9,-99,-999,南投縣,13,名間鄉,173
23.8388,120.6933,名間,C0I410,2017-01-25T09:00:00+08:00,180.0,349.0,2.1,14.3,0.83,1004.0,-99.0,0.0,-9.9,-99,-999,南投縣,13,名間鄉,173
23.8388,120.6933,名間,C0I410,2017-01-25T10:00:00+08:00,180.0,315.0,1.7,16.4,0.77,1003.7,-99.0,0.0,-9.9,-99,-999,南投縣,13,名間鄉,173
23.8388,120.6933,名間,C0I410,2017-01-25T11:00:00+08:00,180.0,350.0,2.1,16.4,0.73,1003.6,-99.0,0.0,-9.9,-99,-999,南投縣,13,名間鄉,173
23.8388,120.6933,名間,C0I410,2017-01-25T12:00:00+08:00,180.0,337.0,1.7,17.2,0.70,1002.7,-99.0,0.0,-9.9,-99,-999,南投縣,13,名間鄉,173
23.8388,120.6933,名間,C0I410,2017-01-25T13:00:00+08:00,180.0,325.0,1.5,18.3,0.65,1001.9,-99.0,0.0,-9.9,-99,-999,南投縣,13,名間鄉,173
23.8388,120.6933,名間,C0I410,2017-01-25T14:00:00+08:00,180.0,334.0,1.3,20.2,0.59,1001.1,-99.0,0.0,-9.9,-99,-999,南投縣,13,名間鄉,173
23.8388,120.6933,名間,C0I410,2017-01-25T15:00:00+08:00,180.0,8.0,1.3,21.2,0.55,1000.7,-99.0,0.0,-9.9,-99,-999,南投縣,13,名間鄉,173
23.8388,120.6933,名間,C0I410,2017-01-25T16:00:00+08:00,180.0,345.0,1.1,21.6,0.54,1000.7,-99.0,0.0,-9.9,-99,-999,南投縣,13,名間鄉,173
23.8388,120.6933,名間,C0I410,2017-01-25T17:00:00+08:00,180.0,335.0,3.7,18.1,0.69,1001.1,-99.0,0.0,-9.9,-99,-999,南投縣,13,名間鄉,173
23.8388,120.6933,名間,C0I410,2017-01-25T18:00:00+08:00,180.0,332.0,3.2,16.4,0.73,1001.5,-99.0,0.0,-9.9,-99,-999,南投縣,13,名間鄉,173
23.8388,120.6933,名間,C0I410,2017-01-25T19:00:00+08:00,180.0,338.0,2.4,15.6,0.77,1002.2,-99.0,0.0,-9.9,-99,-999,南投縣,13,名間鄉,173
23.8388,120.6933,名間,C0I410,2017-01-25T20:00:00+08:00,180.0,342.0,0.8,14.8,0.80,1002.7,-99.0,0.0,-9.9,-99,-999,南投縣,13,名間鄉,173
23.8388,120.6933,名間,C0I410,2017-01-25T21:00:00+08:00,180.0,340.0,1.1,14.1,0.83,1002.9,-99.0,0.0,-9.9,-99,-999,南投縣,13,名間鄉,173
23.8388,120.6933,名間,C0I410,2017-01-25T22:00:00+08:00,180.0,351.0,1.7,13.6,0.85,1003.0,-99.0,0.0,-9.9,-99,-999,南投縣,13,名間鄉,173
23.8388,120.6933,名間,C0I410,2017-01-25T23:00:00+08:00,180.0,0.0,0.0,13.6,0.84,1002.8,-99.0,0.0,-9.9,-99,-999,南投縣,13,名間鄉,173
23.8388,120.6933,名間,C0I410,2017-01-26T00:00:00+08:00,180.0,346.0,1.0,12.7,0.87,1002.6,-99.0,0.0,-9.9,-99,-999,南投縣,13,名間鄉,173
23.8388,120.6933,名間,C0I410,2017-01-26T01:00:00+08:00,180.0,340.0,0.7,12.2,0.89,1002.5,-99.0,0.0,-9.9,-99,-999,南投縣,13,名間鄉,173
23.8388,120.6933,名間,C0I410,2017-01-26T02:00:00+08:00,180.0,17.0,0.9,12.7,0.84,1002.1,-99.0,0.0,-9.9,-99,-999,南投縣,13,名間鄉,173
23.8388,120.6933,名間,C0I410,2017-01-26T03:00:00+08:00,180.0,335.0,1.1,12.5,0.86,1001.7,-99.0,0.0,-9.9,-99,-999,南投縣,13,名間鄉,173
23.8388,120.6933,名間,C0I410,2017-01-26T04:00:00+08:00,180.0,37.0,1.3,12.8,0.83,1001.6,-99.0,0.0,-9.9,-99,-999,南投縣,13,名間鄉,173
23.8388,120.6933,名間,C0I410,2017-01-26T05:00:00+08:00,180.0,69.0,0.5,13.1,0.84,1001.8,-99.0,0.0,-9.9,-99,-999,南投縣,13,名間鄉,173
23.8388,120.6933,名間,C0I410,2017-01-26T06:00:00+08:00,180.0,167.0,0.6,11.9,0.91,1002.0,-99.0,0.0,-9.9,-99,-999,南投縣,13,名間鄉,173
23.8388,120.6933,名間,C0I410,2017-01-26T07:00:00+08:00,180.0,347.0,1.8,11.8,0.94,1002.2,-99.0,0.0,-9.9,-99,-999,南投縣,13,名間鄉,173
23.8388,120.6933,名間,C0I410,2017-01-26T08:00:00+08:00,180.0,357.0,1.5,12.8,0.88,1002.6,-99.0,0.0,-9.9,-99,-999,南投縣,13,名間鄉,173
23.8388,120.6933,名間,C0I410,2017-01-26T10:00:00+08:00,180.0,321.0,0.9,17.2,0.67,1002.1,-99.0,0.0,-9.9,-99,-999,南投縣,13,名間鄉,173
23.8388,120.6933,名間,C0I410,2017-01-26T11:00:00+08:00,180.0,339.0,1.9,18.3,0.61,1001.8,-99.0,0.0,-9.9,-99,-999,南投縣,13,名間鄉,173
23.8388,120.6933,名間,C0I410,2017-01-26T12:00:00+08:00,180.0,21.0,1.5,19.5,0.52,1001.0,-99.0,0.0,-9.9,-99,-999,南投縣,13,名間鄉,173
23.8388,120.6933,名間,C0I410,2017-01-26T13:00:00+08:00,180.0,336.0,1.5,21.2,0.46,999.3,-99.0,0.0,-9.9,-99,-999,南投縣,13,名間鄉,173
23.8388,120.6933,名間,C0I410,2017-01-26T14:00:00+08:00,180.0,341.0,0.7,22.4,0.44,998.1,-99.0,0.0,-9.9,-99,-999,南投縣,13,名間鄉,173
23.8388,120.6933,名間,C0I410,2017-01-26T15:00:00+08:00,180.0,240.0,1.2,22.7,0.44,997.7,-99.0,0.0,-9.9,-99,-999,南投縣,13,名間鄉,173
23.8388,120.6933,名間,C0I410,2017-01-26T16:00:00+08:00,180.0,252.0,1.2,22.9,0.41,998.1,-99.0,0.0,-9.9,-99,-999,南投縣,13,名間鄉,173
23.8388,120.6933,名間,C0I410,2017-01-26T17:00:00+08:00,180.0,279.0,3.0,20.5,0.55,998.7,-99.0,0.0,-9.9,-99,-999,南投縣,13,名間鄉,173
23.8388,120.6933,名間,C0I410,2017-01-26T18:00:00+08:00,180.0,333.0,1.4,18.2,0.65,999.1,-99.0,0.0,-9.9,-99,-999,南投縣,13,名間鄉,173
23.8388,120.6933,名間,C0I410,2017-01-26T19:00:00+08:00,180.0,189.0,0.6,17.1,0.71,999.8,-99.0,0.0,-9.9,-99,-999,南投縣,13,名間鄉,173
23.8388,120.6933,名間,C0I410,2017-01-26T20:00:00+08:00,180.0,174.0,0.8,15.9,0.78,1000.6,-99.0,0.0,-9.9,-99,-999,南投縣,13,名間鄉,173
23.8388,120.6933,名間,C0I410,2017-01-26T21:00:00+08:00,180.0,187.0,0.4,15.5,0.80,1000.6,-99.0,0.0,-9.9,-99,-999,南投縣,13,名間鄉,173
23.8388,120.6933,名間,C0I410,2017-01-26T22:00:00+08:00,180.0,328.0,0.5,14.7,0.83,1000.9,-99.0,0.0,-9.9,-99,-999,南投縣,13,名間鄉,173
23.8388,120.6933,名間,C0I410,2017-01-26T23:00:00+08:00,180.0,325.0,0.9,14.3,0.83,1001.0,-99.0,0.0,-9.9,-99,-999,南投縣,13,名間鄉,173
23.8388,120.6933,名間,C0I410,2017-01-27T00:00:00+08:00,180.0,346.0,0.8,13.9,0.85,1001.0,-99.0,0.0,-9.9,-99,-999,南投縣,13,名間鄉,173
23.8388,120.6933,名間,C0I410,2017-01-27T01:00:00+08:00,180.0,188.0,0.5,13.2,0.89,1001.3,-99.0,0.0,-9.9,-99,-999,南投縣,13,名間鄉,173
23.8388,120.6933,名間,C0I410,2017-01-27T02:00:00+08:00,180.0,161.0,0.5,12.9,0.92,1001.1,-99.0,0.0,-9.9,-99,-999,南投縣,13,名間鄉,173
23.8388,120.6933,名間,C0I410,2017-01-27T03:00:00+08:00,180.0,296.0,0.5,12.6,0.89,1001.0,-99.0,0.0,-9.9,-99,-999,南投縣,13,名間鄉,173
23.8388,120.6933,名間,C0I410,2017-01-27T04:00:00+08:00,180.0,327.0,1.3,11.8,0.93,1000.7,-99.0,0.0,-9.9,-99,-999,南投縣,13,名間鄉,173
23.8388,120.6933,名間,C0I410,2017-01-27T05:00:00+08:00,180.0,335.0,1.8,11.7,0.93,1001.2,-99.0,0.0,-9.9,-99,-999,南投縣,13,名間鄉,173
23.8388,120.6933,名間,C0I410,2017-01-27T06:00:00+08:00,180.0,312.0,0.5,11.5,0.92,1001.8,-99.0,0.0,-9.9,-99,-999,南投縣,13,名間鄉,173
23.8388,120.6933,名間,C0I410,2017-01-27T07:00:00+08:00,180.0,331.0,1.6,11.1,0.92,1002.3,-99.0,0.0,-9.9,-99,-999,南投縣,13,名間鄉,173
23.8388,120.6933,名間,C0I410,2017-01-27T08:00:00+08:00,180.0,326.0,1.6,12.4,0.88,1002.9,-99.0,0.0,-9.9,-99,-999,南投縣,13,名間鄉,173
23.8388,120.6933,名間,C0I410,2017-01-27T09:00:00+08:00,180.0,324.0,1.3,15.9,0.73,1002.9,-99.0,0.0,-9.9,-99,-999,南投縣,13,名間鄉,173
23.8388,120.6933,名間,C0I410,2017-01-27T10:00:00+08:00,180.0,338.0,2.8,17.1,0.66,1002.1,-99.0,0.0,-9.9,-99,-999,南投縣,13,名間鄉,173
23.8388,120.6933,名間,C0I410,2017-01-27T11:00:00+08:00,180.0,351.0,2.2,20.6,0.45,1001.5,-99.0,0.0,-9.9,-99,-999,南投縣,13,名間鄉,173
23.8388,120.6933,名間,C0I410,2017-01-27T12:00:00+08:00,180.0,345.0,2.3,21.9,0.42,1000.6,-99.0,0.0,-9.9,-99,-999,南投縣,13,名間鄉,173
23.8388,120.6933,名間,C0I410,2017-01-27T13:00:00+08:00,180.0,346.0,2.2,22.6,0.38,999.3,-99.0,0.0,-9.9,-99,-999,南投縣,13,名間鄉,173
23.8388,120.6933,名間,C0I410,2017-01-27T14:00:00+08:00,180.0,349.0,2.6,22.6,0.39,998.6,-99.0,0.0,-9.9,-99,-999,南投縣,13,名間鄉,173
23.8388,120.6933,名間,C0I410,2017-01-27T15:00:00+08:00,180.0,311.0,2.3,22.6,0.42,998.2,-99.0,0.0,-9.9,-99,-999,南投縣,13,名間鄉,173
23.8388,120.6933,名間,C0I410,2017-01-27T16:00:00+08:00,180.0,319.0,2.2,22.3,0.42,998.2,-99.0,0.0,-9.9,-99,-999,南投縣,13,名間鄉,173
23.8388,120.6933,名間,C0I410,2017-01-27T17:00:00+08:00,180.0,342.0,2.6,21.0,0.53,998.6,-99.0,0.0,-9.9,-99,-999,南投縣,13,名間鄉,173
23.8388,120.6933,名間,C0I410,2017-01-27T18:00:00+08:00,180.0,344.0,2.6,18.6,0.73,998.7,-99.0,0.0,-9.9,-99,-999,南投縣,13,名間鄉,173
23.8388,120.6933,名間,C0I410,2017-01-27T19:00:00+08:00,180.0,333.0,0.8,17.4,0.79,999.1,-99.0,0.0,-9.9,-99,-999,南投縣,13,名間鄉,173
23.8388,120.6933,名間,C0I410,2017-01-27T20:00:00+08:00,180.0,342.0,1.4,16.5,0.83,999.4,-99.0,0.0,-9.9,-99,-999,南投縣,13,名間鄉,173
23.8388,120.6933,名間,C0I410,2017-01-27T21:00:00+08:00,180.0,343.0,1.3,15.7,0.85,999.2,-99.0,0.0,-9.9,-99,-999,南投縣,13,名間鄉,173
23.8388,120.6933,名間,C0I410,2017-01-27T22:00:00+08:00,180.0,272.0,0.3,15.1,0.87,999.5,-99.0,0.0,-9.9,-99,-999,南投縣,13,名間鄉,173
23.8388,120.6933,名間,C0I410,2017-01-27T23:00:00+08:00,180.0,183.0,0.4,14.1,0.88,999.1,-99.0,0.0,-9.9,-99,-999,南投縣,13,名間鄉,173
23.8388,120.6933,名間,C0I410,2017-01-28T00:00:00+08:00,180.0,150.0,0.9,13.5,0.85,998.8,-99.0,0.0,-9.9,-99,-999,南投縣,13,名間鄉,173
23.8388,120.6933,名間,C0I410,2017-01-28T01:00:00+08:00,180.0,0.0,0.0,13.3,0.87,998.7,-99.0,0.0,-9.9,-99,-999,南投縣,13,名間鄉,173
23.8388,120.6933,名間,C0I410,2017-01-28T02:00:00+08:00,180.0,346.0,0.3,12.9,0.87,998.6,-99.0,0.0,-9.9,-99,-999,南投縣,13,名間鄉,173
23.8388,120.6933,名間,C0I410,2017-01-28T03:00:00+08:00,180.0,347.0,1.7,12.0,0.88,998.0,-99.0,0.0,-9.9,-99,-999,南投縣,13,名間鄉,173
23.8388,120.6933,名間,C0I410,2017-01-28T04:00:00+08:00,180.0,340.0,1.7,11.5,0.91,997.4,-99.0,0.0,-9.9,-99,-999,南投縣,13,名間鄉,173
23.8388,120.6933,名間,C0I410,2017-01-28T05:00:00+08:00,180.0,329.0,2.0,10.4,0.92,997.5,-99.0,0.0,-9.9,-99,-999,南投縣,13,名間鄉,173
23.8388,120.6933,名間,C0I410,2017-01-28T06:00:00+08:00,180.0,327.0,1.9,10.5,0.91,997.9,-99.0,0.0,-9.9,-99,-999,南投縣,13,名間鄉,173
23.8388,120.6933,名間,C0I410,2017-01-28T07:00:00+08:00,180.0,327.0,2.4,10.8,0.90,998.1,-99.0,0.0,-9.9,-99,-999,南投縣,13,名間鄉,173
23.8388,120.6933,名間,C0I410,2017-01-28T08:00:00+08:00,180.0,340.0,2.2,12.3,0.85,998.1,-99.0,0.0,-9.9,-99,-999,南投縣,13,名間鄉,173
23.8388,120.6933,名間,C0I410,2017-01-28T09:00:00+08:00,180.0,334.0,2.0,15.6,0.73,998.3,-99.0,0.0,-9.9,-99,-999,南投縣,13,名間鄉,173
23.8388,120.6933,名間,C0I410,2017-01-28T10:00:00+08:00,180.0,337.0,2.3,19.7,0.54,998.0,-99.0,0.0,-9.9,-99,-999,南投縣,13,名間鄉,173
23.8388,120.6933,名間,C0I410,2017-01-28T11:00:00+08:00,180.0,329.0,1.7,23.9,0.41,997.0,-99.0,0.0,-9.9,-99,-999,南投縣,13,名間鄉,173
23.8388,120.6933,名間,C0I410,2017-01-28T12:00:00+08:00,180.0,336.0,2.4,24.7,0.40,996.1,-99.0,0.0,-9.9,-99,-999,南投縣,13,名間鄉,173
23.8388,120.6933,名間,C0I410,2017-01-28T13:00:00+08:00,180.0,319.0,0.9,26.9,0.32,995.3,-99.0,0.0,-9.9,-99,-999,南投縣,13,名間鄉,173
23.8388,120.6933,名間,C0I410,2017-01-28T14:00:00+08:00,180.0,214.0,1.5,26.9,0.37,994.6,-99.0,0.0,-9.9,-99,-999,南投縣,13,名間鄉,173
23.8388,120.6933,名間,C0I410,2017-01-28T15:00:00+08:00,180.0,248.0,1.5,26.7,0.41,994.2,-99.0,0.0,-9.9,-99,-999,南投縣,13,名間鄉,173
23.8388,120.6933,名間,C0I410,2017-01-28T16:00:00+08:00,180.0,244.0,1.8,25.0,0.53,994.5,-99.0,0.0,-9.9,-99,-999,南投縣,13,名間鄉,173
23.8388,120.6933,名間,C0I410,2017-01-28T17:00:00+08:00,180.0,276.0,1.1,22.7,0.68,994.9,-99.0,0.0,-9.9,-99,-999,南投縣,13,名間鄉,173
23.8388,120.6933,名間,C0I410,2017-01-28T18:00:00+08:00,180.0,184.0,1.2,19.7,0.82,995.4,-99.0,0.0,-9.9,-99,-999,南投縣,13,名間鄉,173
23.8388,120.6933,名間,C0I410,2017-01-28T19:00:00+08:00,180.0,232.0,0.3,18.8,0.83,996.2,-99.0,0.0,-9.9,-99,-999,南投縣,13,名間鄉,173
23.8388,120.6933,名間,C0I410,2017-01-28T20:00:00+08:00,180.0,168.0,1.2,17.5,0.91,996.7,-99.0,0.0,-9.9,-99,-999,南投縣,13,名間鄉,173
23.8388,120.6933,名間,C0I410,2017-01-28T21:00:00+08:00,180.0,194.0,0.7,17.2,0.92,996.6,-99.0,0.0,-9.9,-99,-999,南投縣,13,名間鄉,173
23.8388,120.6933,名間,C0I410,2017-01-28T22:00:00+08:00,180.0,178.0,0.5,16.7,0.93,996.6,-99.0,0.0,-9.9,-99,-999,南投縣,13,名間鄉,173
23.8388,120.6933,名間,C0I410,2017-01-28T23:00:00+08:00,180.0,0.0,0.0,16.8,0.91,996.4,-99.0,0.0,-9.9,-99,-999,南投縣,13,名間鄉,173
23.8388,120.6933,名間,C0I410,2017-01-29T00:00:00+08:00,180.0,0.0,0.0,16.6,0.91,996.4,-99.0,0.0,-9.9,-99,-999,南投縣,13,名間鄉,173
23.8388,120.6933,名間,C0I410,2017-01-29T01:00:00+08:00,180.0,197.0,0.9,15.5,0.89,996.3,-99.0,0.0,-9.9,-99,-999,南投縣,13,名間鄉,173
23.8388,120.6933,名間,C0I410,2017-01-29T02:00:00+08:00,180.0,187.0,0.7,15.7,0.85,995.8,-99.0,0.0,-9.9,-99,-999,南投縣,13,名間鄉,173
23.8388,120.6933,名間,C0I410,2017-01-29T03:00:00+08:00,180.0,0.0,0.0,15.4,0.84,995.8,-99.0,0.0,-9.9,-99,-999,南投縣,13,名間鄉,173
23.8388,120.6933,名間,C0I410,2017-01-29T04:00:00+08:00,180.0,329.0,0.8,14.9,0.93,995.6,-99.0,0.0,-9.9,-99,-999,南投縣,13,名間鄉,173
23.8388,120.6933,名間,C0I410,2017-01-29T05:00:00+08:00,180.0,336.0,2.1,13.9,0.94,995.4,-99.0,0.0,-9.9,-99,-999,南投縣,13,名間鄉,173
23.8388,120.6933,名間,C0I410,2017-01-29T06:00:00+08:00,180.0,337.0,1.9,14.3,0.93,996.0,-99.0,0.0,-9.9,-99,-999,南投縣,13,名間鄉,173
23.8388,120.6933,名間,C0I410,2017-01-29T07:00:00+08:00,180.0,0.0,0.0,14.3,0.91,996.8,-99.0,0.0,-9.9,-99,-999,南投縣,13,名間鄉,173
23.8388,120.6933,名間,C0I410,2017-01-29T08:00:00+08:00,180.0,301.0,0.3,18.0,0.76,997.7,-99.0,0.0,-9.9,-99,-999,南投縣,13,名間鄉,173
23.8388,120.6933,名間,C0I410,2017-01-29T09:00:00+08:00,180.0,326.0,1.1,18.3,0.80,998.0,-99.0,0.0,-9.9,-99,-999,南投縣,13,名間鄉,173
23.8388,120.6933,名間,C0I410,2017-01-29T10:00:00+08:00,180.0,323.0,1.1,20.8,0.67,998.0,-99.0,0.0,-9.9,-99,-999,南投縣,13,名間鄉,173
23.8388,120.6933,名間,C0I410,2017-01-29T11:00:00+08:00,180.0,339.0,1.2,23.6,0.55,997.7,-99.0,0.0,-9.9,-99,-999,南投縣,13,名間鄉,173
23.8388,120.6933,名間,C0I410,2017-01-29T12:00:00+08:00,180.0,312.0,2.0,24.5,0.42,996.4,-99.0,0.0,-9.9,-99,-999,南投縣,13,名間鄉,173
23.8388,120.6933,名間,C0I410,2017-01-29T13:00:00+08:00,180.0,345.0,2.4,25.1,0.39,995.3,-99.0,0.0,-9.9,-99,-999,南投縣,13,名間鄉,173
23.8388,120.6933,名間,C0I410,2017-01-29T14:00:00+08:00,180.0,350.0,2.6,25.2,0.45,994.5,-99.0,0.0,-9.9,-99,-999,南投縣,13,名間鄉,173
23.8388,120.6933,名間,C0I410,2017-01-29T15:00:00+08:00,180.0,346.0,2.3,25.8,0.43,994.1,-99.0,0.0,-9.9,-99,-999,南投縣,13,名間鄉,173
23.8388,120.6933,名間,C0I410,2017-01-29T16:00:00+08:00,180.0,328.0,2.0,26.3,0.39,994.2,-99.0,0.0,-9.9,-99,-999,南投縣,13,名間鄉,173
23.8388,120.6933,名間,C0I410,2017-01-29T17:00:00+08:00,180.0,335.0,1.1,25.5,0.42,994.7,-99.0,0.0,-9.9,-99,-999,南投縣,13,名間鄉,173
23.8388,120.6933,名間,C0I410,2017-01-29T18:00:00+08:00,180.0,340.0,1.8,22.1,0.63,995.4,-99.0,0.0,-9.9,-99,-999,南投縣,13,名間鄉,173
23.8388,120.6933,名間,C0I410,2017-01-29T19:00:00+08:00,180.0,163.0,1.7,19.9,0.80,996.1,-99.0,0.0,-9.9,-99,-999,南投縣,13,名間鄉,173
23.8388,120.6933,名間,C0I410,2017-01-29T20:00:00+08:00,180.0,163.0,1.3,18.8,0.86,996.6,-99.0,0.0,-9.9,-99,-999,南投縣,13,名間鄉,173
23.8388,120.6933,名間,C0I410,2017-01-29T21:00:00+08:00,180.0,159.0,1.4,18.4,0.88,996.9,-99.0,0.0,-9.9,-99,-999,南投縣,13,名間鄉,173
23.8388,120.6933,名間,C0I410,2017-01-29T22:00:00+08:00,180.0,0.0,0.0,18.3,0.88,996.6,-99.0,0.0,-9.9,-99,-999,南投縣,13,名間鄉,173
23.8388,120.6933,名間,C0I410,2017-01-29T23:00:00+08:00,180.0,203.0,0.5,17.4,0.91,996.6,-99.0,0.0,-9.9,-99,-999,南投縣,13,名間鄉,173
23.8388,120.6933,名間,C0I410,2017-01-30T00:00:00+08:00,180.0,0.0,0.0,17.5,0.89,996.7,-99.0,0.0,-9.9,-99,-999,南投縣,13,名間鄉,173
23.8388,120.6933,名間,C0I410,2017-01-30T01:00:00+08:00,180.0,149.0,1.4,16.7,0.92,996.6,-99.0,0.0,-9.9,-99,-999,南投縣,13,名間鄉,173
23.8388,120.6933,名間,C0I410,2017-01-30T02:00:00+08:00,180.0,185.0,0.7,16.8,0.94,996.2,-99.0,0.0,-9.9,-99,-999,南投縣,13,名間鄉,173
23.8388,120.6933,名間,C0I410,2017-01-30T03:00:00+08:00,180.0,7.0,0.4,16.9,0.90,995.7,-99.0,0.0,-9.9,-99,-999,南投縣,13,名間鄉,173
23.8388,120.6933,名間,C0I410,2017-01-30T04:00:00+08:00,180.0,322.0,1.4,16.7,0.90,995.6,-99.0,0.0,-9.9,-99,-999,南投縣,13,名間鄉,173
23.8388,120.6933,名間,C0I410,2017-01-30T05:00:00+08:00,180.0,317.0,1.2,16.7,0.91,995.6,-99.0,0.0,-9.9,-99,-999,南投縣,13,名間鄉,173
23.8388,120.6933,名間,C0I410,2017-01-30T06:00:00+08:00,180.0,309.0,1.6,16.7,0.91,996.1,-99.0,0.0,-9.9,-99,-999,南投縣,13,名間鄉,173
23.8388,120.6933,名間,C0I410,2017-01-30T07:00:00+08:00,180.0,336.0,0.9,17.4,0.85,996.5,-99.0,0.0,-9.9,-99,-999,南投縣,13,名間鄉,173
23.8388,120.6933,名間,C0I410,2017-01-30T08:00:00+08:00,180.0,168.0,1.1,18.1,0.84,997.3,-99.0,0.0,-9.9,-99,-999,南投縣,13,名間鄉,173
23.8388,120.6933,名間,C0I410,2017-01-30T09:00:00+08:00,180.0,189.0,1.1,19.6,0.75,997.6,-99.0,0.0,-9.9,-99,-999,南投縣,13,名間鄉,173
23.8388,120.6933,名間,C0I410,2017-01-30T10:00:00+08:00,180.0,254.0,0.4,23.1,0.62,997.3,-99.0,0.0,-9.9,-99,-999,南投縣,13,名間鄉,173
23.8388,120.6933,名間,C0I410,2017-01-30T11:00:00+08:00,180.0,299.0,1.3,24.7,0.52,996.4,-99.0,0.0,-9.9,-99,-999,南投縣,13,名間鄉,173
23.8388,120.6933,名間,C0I410,2017-01-30T12:00:00+08:00,180.0,339.0,2.7,25.9,0.48,995.3,-99.0,0.0,-9.9,-99,-999,南投縣,13,名間鄉,173
23.8388,120.6933,名間,C0I410,2017-01-30T13:00:00+08:00,180.0,310.0,1.2,26.6,0.52,994.4,-99.0,0.0,-9.9,-99,-999,南投縣,13,名間鄉,173
23.8388,120.6933,名間,C0I410,2017-01-30T14:00:00+08:00,180.0,338.0,1.5,26.7,0.53,993.8,-99.0,0.0,-9.9,-99,-999,南投縣,13,名間鄉,173
23.8388,120.6933,名間,C0I410,2017-01-30T15:00:00+08:00,180.0,339.0,2.6,25.1,0.58,993.6,-99.0,0.0,-9.9,-99,-999,南投縣,13,名間鄉,173
23.8388,120.6933,名間,C0I410,2017-01-30T16:00:00+08:00,180.0,349.0,3.0,22.8,0.60,994.5,-99.0,0.0,-9.9,-99,-999,南投縣,13,名間鄉,173
23.8388,120.6933,名間,C0I410,2017-01-30T17:00:00+08:00,180.0,336.0,2.2,21.6,0.63,995.4,-99.0,0.0,-9.9,-99,-999,南投縣,13,名間鄉,173
23.8388,120.6933,名間,C0I410,2017-01-30T18:00:00+08:00,180.0,337.0,2.1,20.2,0.66,995.9,-99.0,0.0,-9.9,-99,-999,南投縣,13,名間鄉,173
23.8388,120.6933,名間,C0I410,2017-01-30T20:00:00+08:00,180.0,345.0,1.9,17.8,0.73,997.0,-99.0,0.0,-9.9,-99,-999,南投縣,13,名間鄉,173
23.8388,120.6933,名間,C0I410,2017-01-30T21:00:00+08:00,180.0,339.0,2.4,16.8,0.76,997.1,-99.0,0.0,-9.9,-99,-999,南投縣,13,名間鄉,173
23.8388,120.6933,名間,C0I410,2017-01-30T22:00:00+08:00,180.0,343.0,1.5,16.6,0.76,997.2,-99.0,0.0,-9.9,-99,-999,南投縣,13,名間鄉,173
23.8388,120.6933,名間,C0I410,2017-01-30T23:00:00+08:00,180.0,360.0,2.1,15.8,0.78,997.2,-99.0,0.0,-9.9,-99,-999,南投縣,13,名間鄉,173
23.8388,120.6933,名間,C0I410,2017-01-31T00:00:00+08:00,180.0,331.0,1.5,15.5,0.79,997.1,-99.0,0.0,-9.9,-99,-999,南投縣,13,名間鄉,173
23.8388,120.6933,名間,C0I410,2017-01-31T01:00:00+08:00,180.0,358.0,1.1,15.4,0.80,996.8,-99.0,0.0,-9.9,-99,-999,南投縣,13,名間鄉,173
23.8388,120.6933,名間,C0I410,2017-01-31T02:00:00+08:00,180.0,342.0,1.9,14.6,0.84,996.2,-99.0,0.0,-9.9,-99,-999,南投縣,13,名間鄉,173
23.8388,120.6933,名間,C0I410,2017-01-31T03:00:00+08:00,180.0,4.0,1.4,14.2,0.84,996.4,-99.0,0.0,-9.9,-99,-999,南投縣,13,名間鄉,173
23.8388,120.6933,名間,C0I410,2017-01-31T04:00:00+08:00,180.0,348.0,0.7,14.5,0.83,996.5,-99.0,0.0,-9.9,-99,-999,南投縣,13,名間鄉,173
23.8388,120.6933,名間,C0I410,2017-01-31T05:00:00+08:00,180.0,330.0,1.0,13.7,0.88,996.7,-99.0,0.0,-9.9,-99,-999,南投縣,13,名間鄉,173
23.8388,120.6933,名間,C0I410,2017-01-31T06:00:00+08:00,180.0,334.0,1.1,13.5,0.88,997.1,-99.0,0.0,-9.9,-99,-999,南投縣,13,名間鄉,173
23.8388,120.6933,名間,C0I410,2017-01-31T07:00:00+08:00,180.0,356.0,1.4,13.4,0.87,997.7,-99.0,0.0,-9.9,-99,-999,南投縣,13,名間鄉,173
