23.5973,120.6853,¯óÀ­,C0K240,2017-01-01T00:00:00+08:00,1132.0,151.0,0.7,15.0,0.85,894.6,-99.0,0.0,-9.9,-99,-999,¶³ªL¿¤,16,¥j§|¶m,196
23.5973,120.6853,¯óÀ­,C0K240,2017-01-10T10:00:00+08:00,1132.0,323.0,1.1,16.8,0.81,892.6,-99.0,0.0,-9.9,-99,-999,¶³ªL¿¤,16,¥j§|¶m,196
23.5973,120.6853,¯óÀ­,C0K240,2017-01-10T11:00:00+08:00,1132.0,327.0,1.0,17.9,0.78,892.2,-99.0,0.0,-9.9,-99,-999,¶³ªL¿¤,16,¥j§|¶m,196
23.5973,120.6853,¯óÀ­,C0K240,2017-01-10T12:00:00+08:00,1132.0,323.0,1.2,18.8,0.75,891.5,-99.0,0.0,-9.9,-99,-999,¶³ªL¿¤,16,¥j§|¶m,196
23.5973,120.6853,¯óÀ­,C0K240,2017-01-10T13:00:00+08:00,1132.0,324.0,1.1,19.3,0.76,890.7,-99.0,0.0,-9.9,-99,-999,¶³ªL¿¤,16,¥j§|¶m,196
23.5973,120.6853,¯óÀ­,C0K240,2017-01-10T14:00:00+08:00,1132.0,324.0,1.1,19.0,0.77,890.0,-99.0,0.0,-9.9,-99,-999,¶³ªL¿¤,16,¥j§|¶m,196
23.5973,120.6853,¯óÀ­,C0K240,2017-01-10T15:00:00+08:00,1132.0,323.0,1.2,18.0,0.81,890.1,-99.0,0.0,-9.9,-99,-999,¶³ªL¿¤,16,¥j§|¶m,196
23.5973,120.6853,¯óÀ­,C0K240,2017-01-10T16:00:00+08:00,1132.0,331.0,1.2,17.4,0.82,890.4,-99.0,0.0,-9.9,-99,-999,¶³ªL¿¤,16,¥j§|¶m,196
23.5973,120.6853,¯óÀ­,C0K240,2017-01-10T17:00:00+08:00,1132.0,324.0,1.7,15.7,0.89,890.9,-99.0,0.0,-9.9,-99,-999,¶³ªL¿¤,16,¥j§|¶m,196
23.5973,120.6853,¯óÀ­,C0K240,2017-01-10T18:00:00+08:00,1132.0,300.0,1.7,14.4,0.83,891.0,-99.0,0.0,-9.9,-99,-999,¶³ªL¿¤,16,¥j§|¶m,196
23.5973,120.6853,¯óÀ­,C0K240,2017-01-10T19:00:00+08:00,1132.0,138.0,2.9,13.8,0.85,891.3,-99.0,0.0,-9.9,-99,-999,¶³ªL¿¤,16,¥j§|¶m,196
23.5973,120.6853,¯óÀ­,C0K240,2017-01-10T20:00:00+08:00,1132.0,139.0,2.5,13.7,0.91,891.8,-99.0,0.0,-9.9,-99,-999,¶³ªL¿¤,16,¥j§|¶m,196
23.5973,120.6853,¯óÀ­,C0K240,2017-01-10T21:00:00+08:00,1132.0,126.0,2.6,14.3,0.76,892.1,-99.0,0.0,-9.9,-99,-999,¶³ªL¿¤,16,¥j§|¶m,196
23.5973,120.6853,¯óÀ­,C0K240,2017-01-10T22:00:00+08:00,1132.0,307.0,1.4,14.0,0.84,892.5,-99.0,0.0,-9.9,-99,-999,¶³ªL¿¤,16,¥j§|¶m,196
23.5973,120.6853,¯óÀ­,C0K240,2017-01-10T23:00:00+08:00,1132.0,142.0,2.0,13.7,0.87,892.2,-99.0,0.0,-9.9,-99,-999,¶³ªL¿¤,16,¥j§|¶m,196
23.5973,120.6853,¯óÀ­,C0K240,2017-01-11T00:00:00+08:00,1132.0,103.0,1.7,14.1,0.75,891.8,-99.0,0.0,-9.9,-99,-999,¶³ªL¿¤,16,¥j§|¶m,196
23.5973,120.6853,¯óÀ­,C0K240,2017-01-11T01:00:00+08:00,1132.0,313.0,0.7,13.5,0.87,891.8,-99.0,0.0,-9.9,-99,-999,¶³ªL¿¤,16,¥j§|¶m,196
23.5973,120.6853,¯óÀ­,C0K240,2017-01-11T02:00:00+08:00,1132.0,80.0,1.4,14.1,0.74,891.4,-99.0,0.0,-9.9,-99,-999,¶³ªL¿¤,16,¥j§|¶m,196
23.5973,120.6853,¯óÀ­,C0K240,2017-01-11T03:00:00+08:00,1132.0,104.0,1.2,14.4,0.72,891.2,-99.0,0.0,-9.9,-99,-999,¶³ªL¿¤,16,¥j§|¶m,196
23.5973,120.6853,¯óÀ­,C0K240,2017-01-11T04:00:00+08:00,1132.0,76.0,0.8,13.8,0.70,890.9,-99.0,0.0,-9.9,-99,-999,¶³ªL¿¤,16,¥j§|¶m,196
23.5973,120.6853,¯óÀ­,C0K240,2017-01-11T05:00:00+08:00,1132.0,144.0,1.4,13.7,0.77,890.9,-99.0,0.0,-9.9,-99,-999,¶³ªL¿¤,16,¥j§|¶m,196
23.5973,120.6853,¯óÀ­,C0K240,2017-01-11T06:00:00+08:00,1132.0,110.0,2.2,13.6,0.68,891.5,-99.0,0.0,-9.9,-99,-999,¶³ªL¿¤,16,¥j§|¶m,196
23.5973,120.6853,¯óÀ­,C0K240,2017-01-11T07:00:00+08:00,1132.0,137.0,2.4,13.9,0.63,891.8,-99.0,0.0,-9.9,-99,-999,¶³ªL¿¤,16,¥j§|¶m,196
23.5973,120.6853,¯óÀ­,C0K240,2017-01-11T08:00:00+08:00,1132.0,334.0,1.3,16.6,0.55,892.3,-99.0,0.0,-9.9,-99,-999,¶³ªL¿¤,16,¥j§|¶m,196
23.5973,120.6853,¯óÀ­,C0K240,2017-01-11T09:00:00+08:00,1132.0,231.0,0.7,17.6,0.59,892.8,-99.0,0.0,-9.9,-99,-999,¶³ªL¿¤,16,¥j§|¶m,196
23.5973,120.6853,¯óÀ­,C0K240,2017-01-11T10:00:00+08:00,1132.0,321.0,0.7,19.0,0.52,892.8,-99.0,0.0,-9.9,-99,-999,¶³ªL¿¤,16,¥j§|¶m,196
23.5973,120.6853,¯óÀ­,C0K240,2017-01-11T11:00:00+08:00,1132.0,320.0,1.3,18.9,0.55,892.4,-99.0,0.0,-9.9,-99,-999,¶³ªL¿¤,16,¥j§|¶m,196
23.5973,120.6853,¯óÀ­,C0K240,2017-01-11T12:00:00+08:00,1132.0,318.0,1.0,18.8,0.63,891.0,-99.0,0.0,-9.9,-99,-999,¶³ªL¿¤,16,¥j§|¶m,196
23.5973,120.6853,¯óÀ­,C0K240,2017-01-11T13:00:00+08:00,1132.0,314.0,0.9,19.6,0.72,890.2,-99.0,0.0,-9.9,-99,-999,¶³ªL¿¤,16,¥j§|¶m,196
23.5973,120.6853,¯óÀ­,C0K240,2017-01-11T14:00:00+08:00,1132.0,304.0,1.1,19.2,0.70,889.5,-99.0,0.0,-9.9,-99,-999,¶³ªL¿¤,16,¥j§|¶m,196
23.5973,120.6853,¯óÀ­,C0K240,2017-01-11T15:00:00+08:00,1132.0,312.0,1.4,19.4,0.71,889.1,-99.0,0.0,-9.9,-99,-999,¶³ªL¿¤,16,¥j§|¶m,196
23.5973,120.6853,¯óÀ­,C0K240,2017-01-11T16:00:00+08:00,1132.0,300.0,1.4,18.1,0.76,889.1,-99.0,0.0,-9.9,-99,-999,¶³ªL¿¤,16,¥j§|¶m,196
23.5973,120.6853,¯óÀ­,C0K240,2017-01-11T17:00:00+08:00,1132.0,324.0,0.9,16.0,0.82,889.4,-99.0,0.0,-9.9,-99,-999,¶³ªL¿¤,16,¥j§|¶m,196
23.5973,120.6853,¯óÀ­,C0K240,2017-01-11T18:00:00+08:00,1132.0,332.0,1.7,14.6,0.95,889.9,-99.0,0.0,-9.9,-99,-999,¶³ªL¿¤,16,¥j§|¶m,196
23.5973,120.6853,¯óÀ­,C0K240,2017-01-11T19:00:00+08:00,1132.0,169.0,0.3,15.0,0.90,890.6,-99.0,0.0,-9.9,-99,-999,¶³ªL¿¤,16,¥j§|¶m,196
23.5973,120.6853,¯óÀ­,C0K240,2017-01-11T20:00:00+08:00,1132.0,84.0,1.3,14.8,0.91,891.2,-99.0,0.0,-9.9,-99,-999,¶³ªL¿¤,16,¥j§|¶m,196
23.5973,120.6853,¯óÀ­,C0K240,2017-01-11T21:00:00+08:00,1132.0,152.0,1.3,14.2,0.96,891.3,-99.0,0.0,-9.9,-99,-999,¶³ªL¿¤,16,¥j§|¶m,196
23.5973,120.6853,¯óÀ­,C0K240,2017-01-11T22:00:00+08:00,1132.0,321.0,1.5,14.6,0.91,891.5,-99.0,0.0,-9.9,-99,-999,¶³ªL¿¤,16,¥j§|¶m,196
23.5973,120.6853,¯óÀ­,C0K240,2017-01-11T23:00:00+08:00,1132.0,335.0,1.2,14.4,0.96,891.5,-99.0,0.0,-9.9,-99,-999,¶³ªL¿¤,16,¥j§|¶m,196
23.5973,120.6853,¯óÀ­,C0K240,2017-01-12T01:00:00+08:00,1132.0,136.0,1.6,14.1,0.97,890.3,-99.0,0.0,-9.9,-99,-999,¶³ªL¿¤,16,¥j§|¶m,196
23.5973,120.6853,¯óÀ­,C0K240,2017-01-12T02:00:00+08:00,1132.0,309.0,0.9,14.1,0.96,890.2,-99.0,0.0,-9.9,-99,-999,¶³ªL¿¤,16,¥j§|¶m,196
23.5973,120.6853,¯óÀ­,C0K240,2017-01-12T04:00:00+08:00,1132.0,332.0,0.8,14.1,0.96,889.8,-99.0,0.0,-9.9,-99,-999,¶³ªL¿¤,16,¥j§|¶m,196
23.5973,120.6853,¯óÀ­,C0K240,2017-01-12T05:00:00+08:00,1132.0,104.0,1.0,13.7,0.99,889.7,-99.0,0.0,-9.9,-99,-999,¶³ªL¿¤,16,¥j§|¶m,196
23.5973,120.6853,¯óÀ­,C0K240,2017-01-12T06:00:00+08:00,1132.0,117.0,2.2,14.0,0.95,889.8,-99.0,0.0,-9.9,-99,-999,¶³ªL¿¤,16,¥j§|¶m,196
23.5973,120.6853,¯óÀ­,C0K240,2017-01-12T07:00:00+08:00,1132.0,25.0,1.4,14.5,0.86,889.9,-99.0,0.0,-9.9,-99,-999,¶³ªL¿¤,16,¥j§|¶m,196
23.5973,120.6853,¯óÀ­,C0K240,2017-01-12T08:00:00+08:00,1132.0,143.0,2.1,15.9,0.82,890.0,-99.0,0.0,-9.9,-99,-999,¶³ªL¿¤,16,¥j§|¶m,196
23.5973,120.6853,¯óÀ­,C0K240,2017-01-12T09:00:00+08:00,1132.0,170.0,0.5,18.1,0.70,890.1,-99.0,0.0,-9.9,-99,-999,¶³ªL¿¤,16,¥j§|¶m,196
23.5973,120.6853,¯óÀ­,C0K240,2017-01-12T10:00:00+08:00,1132.0,159.0,0.7,19.2,0.69,890.5,-99.0,0.0,-9.9,-99,-999,¶³ªL¿¤,16,¥j§|¶m,196
23.5973,120.6853,¯óÀ­,C0K240,2017-01-12T11:00:00+08:00,1132.0,322.0,2.3,18.6,0.79,889.5,-99.0,0.0,-9.9,-99,-999,¶³ªL¿¤,16,¥j§|¶m,196
23.5973,120.6853,¯óÀ­,C0K240,2017-01-12T12:00:00+08:00,1132.0,317.0,1.9,18.3,0.86,888.5,-99.0,0.0,-9.9,-99,-999,¶³ªL¿¤,16,¥j§|¶m,196
23.5973,120.6853,¯óÀ­,C0K240,2017-01-12T13:00:00+08:00,1132.0,318.0,1.6,17.0,0.93,887.8,-99.0,0.0,-9.9,-99,-999,¶³ªL¿¤,16,¥j§|¶m,196
23.5973,120.6853,¯óÀ­,C0K240,2017-01-12T14:00:00+08:00,1132.0,333.0,1.5,16.8,0.93,887.4,-99.0,0.0,-9.9,-99,-999,¶³ªL¿¤,16,¥j§|¶m,196
23.5973,120.6853,¯óÀ­,C0K240,2017-01-12T15:00:00+08:00,1132.0,317.0,1.2,18.4,0.81,887.1,-99.0,0.0,-9.9,-99,-999,¶³ªL¿¤,16,¥j§|¶m,196
23.5973,120.6853,¯óÀ­,C0K240,2017-01-12T16:00:00+08:00,1132.0,303.0,1.3,16.5,0.93,887.2,-99.0,0.0,-9.9,-99,-999,¶³ªL¿¤,16,¥j§|¶m,196
23.5973,120.6853,¯óÀ­,C0K240,2017-01-12T17:00:00+08:00,1132.0,349.0,0.3,15.2,0.99,887.4,-99.0,0.0,-9.9,-99,-999,¶³ªL¿¤,16,¥j§|¶m,196
23.5973,120.6853,¯óÀ­,C0K240,2017-01-12T18:00:00+08:00,1132.0,122.0,1.3,14.6,1.00,887.7,-99.0,0.0,-9.9,-99,-999,¶³ªL¿¤,16,¥j§|¶m,196
23.5973,120.6853,¯óÀ­,C0K240,2017-01-12T19:00:00+08:00,1132.0,119.0,1.6,15.0,0.97,888.2,-99.0,0.0,-9.9,-99,-999,¶³ªL¿¤,16,¥j§|¶m,196
23.5973,120.6853,¯óÀ­,C0K240,2017-01-12T20:00:00+08:00,1132.0,140.0,1.0,15.1,0.97,888.5,-99.0,0.0,-9.9,-99,-999,¶³ªL¿¤,16,¥j§|¶m,196
23.5973,120.6853,¯óÀ­,C0K240,2017-01-12T21:00:00+08:00,1132.0,129.0,1.8,15.2,0.96,888.5,-99.0,0.0,-9.9,-99,-999,¶³ªL¿¤,16,¥j§|¶m,196
23.5973,120.6853,¯óÀ­,C0K240,2017-01-12T22:00:00+08:00,1132.0,0.0,0.2,15.3,0.95,888.6,-99.0,0.0,-9.9,-99,-999,¶³ªL¿¤,16,¥j§|¶m,196
23.5973,120.6853,¯óÀ­,C0K240,2017-01-12T23:00:00+08:00,1132.0,333.0,1.7,14.4,0.88,888.5,-99.0,0.0,-9.9,-99,-999,¶³ªL¿¤,16,¥j§|¶m,196
23.5973,120.6853,¯óÀ­,C0K240,2017-01-13T00:00:00+08:00,1132.0,219.0,1.1,14.7,0.87,888.5,-99.0,0.0,-9.9,-99,-999,¶³ªL¿¤,16,¥j§|¶m,196
23.5973,120.6853,¯óÀ­,C0K240,2017-01-13T01:00:00+08:00,1132.0,331.0,0.5,14.8,0.83,888.2,-99.0,0.0,-9.9,-99,-999,¶³ªL¿¤,16,¥j§|¶m,196
23.5973,120.6853,¯óÀ­,C0K240,2017-01-13T02:00:00+08:00,1132.0,331.0,1.6,14.3,0.93,888.1,-99.0,0.0,-9.9,-99,-999,¶³ªL¿¤,16,¥j§|¶m,196
23.5973,120.6853,¯óÀ­,C0K240,2017-01-13T03:00:00+08:00,1132.0,110.0,2.2,14.5,0.90,888.0,-99.0,0.0,-9.9,-99,-999,¶³ªL¿¤,16,¥j§|¶m,196
23.5973,120.6853,¯óÀ­,C0K240,2017-01-13T04:00:00+08:00,1132.0,317.0,1.6,14.4,0.93,887.4,-99.0,0.0,-9.9,-99,-999,¶³ªL¿¤,16,¥j§|¶m,196
23.5973,120.6853,¯óÀ­,C0K240,2017-01-13T05:00:00+08:00,1132.0,0.0,0.2,14.6,0.92,886.9,-99.0,0.0,-9.9,-99,-999,¶³ªL¿¤,16,¥j§|¶m,196
23.5973,120.6853,¯óÀ­,C0K240,2017-01-13T06:00:00+08:00,1132.0,93.0,0.4,14.5,0.93,887.4,-99.0,0.0,-9.9,-99,-999,¶³ªL¿¤,16,¥j§|¶m,196
23.5973,120.6853,¯óÀ­,C0K240,2017-01-13T07:00:00+08:00,1132.0,125.0,2.6,14.6,0.93,887.9,-99.0,0.0,-9.9,-99,-999,¶³ªL¿¤,16,¥j§|¶m,196
23.5973,120.6853,¯óÀ­,C0K240,2017-01-13T08:00:00+08:00,1132.0,142.0,2.0,15.6,0.87,888.8,-99.0,0.0,-9.9,-99,-999,¶³ªL¿¤,16,¥j§|¶m,196
23.5973,120.6853,¯óÀ­,C0K240,2017-01-13T09:00:00+08:00,1132.0,152.0,1.7,18.9,0.74,889.0,-99.0,0.0,-9.9,-99,-999,¶³ªL¿¤,16,¥j§|¶m,196
23.5973,120.6853,¯óÀ­,C0K240,2017-01-13T10:00:00+08:00,1132.0,333.0,1.1,20.0,0.72,889.0,-99.0,0.0,-9.9,-99,-999,¶³ªL¿¤,16,¥j§|¶m,196
23.5973,120.6853,¯óÀ­,C0K240,2017-01-13T11:00:00+08:00,1132.0,328.0,1.4,19.6,0.76,888.5,-99.0,0.0,-9.9,-99,-999,¶³ªL¿¤,16,¥j§|¶m,196
23.5973,120.6853,¯óÀ­,C0K240,2017-01-13T12:00:00+08:00,1132.0,308.0,1.8,20.8,0.77,887.8,-99.0,0.0,-9.9,-99,-999,¶³ªL¿¤,16,¥j§|¶m,196
23.5973,120.6853,¯óÀ­,C0K240,2017-01-13T13:00:00+08:00,1132.0,312.0,1.7,19.3,0.81,887.2,-99.0,0.0,-9.9,-99,-999,¶³ªL¿¤,16,¥j§|¶m,196
23.5973,120.6853,¯óÀ­,C0K240,2017-01-13T14:00:00+08:00,1132.0,332.0,1.0,18.2,0.85,887.0,-99.0,0.0,-9.9,-99,-999,¶³ªL¿¤,16,¥j§|¶m,196
23.5973,120.6853,¯óÀ­,C0K240,2017-01-13T15:00:00+08:00,1132.0,321.0,1.7,16.9,0.93,886.9,-99.0,0.0,-9.9,-99,-999,¶³ªL¿¤,16,¥j§|¶m,196
23.5973,120.6853,¯óÀ­,C0K240,2017-01-13T16:00:00+08:00,1132.0,338.0,1.5,15.7,0.97,887.4,-99.0,0.0,-9.9,-99,-999,¶³ªL¿¤,16,¥j§|¶m,196
23.5973,120.6853,¯óÀ­,C0K240,2017-01-13T17:00:00+08:00,1132.0,141.0,3.0,16.0,0.95,887.5,-99.0,0.0,-9.9,-99,-999,¶³ªL¿¤,16,¥j§|¶m,196
23.5973,120.6853,¯óÀ­,C0K240,2017-01-13T18:00:00+08:00,1132.0,127.0,3.3,16.3,0.95,887.5,-99.0,0.0,-9.9,-99,-999,¶³ªL¿¤,16,¥j§|¶m,196
23.5973,120.6853,¯óÀ­,C0K240,2017-01-13T19:00:00+08:00,1132.0,339.0,1.7,16.0,0.93,887.8,-99.0,0.0,-9.9,-99,-999,¶³ªL¿¤,16,¥j§|¶m,196
23.5973,120.6853,¯óÀ­,C0K240,2017-01-13T20:00:00+08:00,1132.0,340.0,1.2,16.4,0.87,888.3,-99.0,0.0,-9.9,-99,-999,¶³ªL¿¤,16,¥j§|¶m,196
23.5973,120.6853,¯óÀ­,C0K240,2017-01-13T21:00:00+08:00,1132.0,278.0,1.6,16.1,0.92,888.7,-99.0,0.0,-9.9,-99,-999,¶³ªL¿¤,16,¥j§|¶m,196
23.5973,120.6853,¯óÀ­,C0K240,2017-01-13T22:00:00+08:00,1132.0,145.0,1.1,15.5,0.97,889.1,-99.0,0.0,-9.9,-99,-999,¶³ªL¿¤,16,¥j§|¶m,196
23.5973,120.6853,¯óÀ­,C0K240,2017-01-13T23:00:00+08:00,1132.0,178.0,1.3,15.2,0.98,888.9,-99.0,0.0,-9.9,-99,-999,¶³ªL¿¤,16,¥j§|¶m,196
23.5973,120.6853,¯óÀ­,C0K240,2017-01-14T01:00:00+08:00,1132.0,211.0,1.0,15.0,1.00,888.1,-99.0,0.0,-9.9,-99,-999,¶³ªL¿¤,16,¥j§|¶m,196
23.5973,120.6853,¯óÀ­,C0K240,2017-01-14T02:00:00+08:00,1132.0,15.0,1.3,14.6,1.00,887.4,-99.0,0.0,-9.9,-99,-999,¶³ªL¿¤,16,¥j§|¶m,196
23.5973,120.6853,¯óÀ­,C0K240,2017-01-14T03:00:00+08:00,1132.0,239.0,1.5,14.5,1.00,887.8,-99.0,0.0,-9.9,-99,-999,¶³ªL¿¤,16,¥j§|¶m,196
23.5973,120.6853,¯óÀ­,C0K240,2017-01-14T04:00:00+08:00,1132.0,144.0,0.7,14.5,1.00,887.7,-99.0,0.0,-9.9,-99,-999,¶³ªL¿¤,16,¥j§|¶m,196
23.5973,120.6853,¯óÀ­,C0K240,2017-01-14T05:00:00+08:00,1132.0,145.0,1.1,14.5,1.00,887.7,-99.0,0.0,-9.9,-99,-999,¶³ªL¿¤,16,¥j§|¶m,196
23.5973,120.6853,¯óÀ­,C0K240,2017-01-14T06:00:00+08:00,1132.0,310.0,1.5,13.4,1.00,887.9,-99.0,0.0,-9.9,-99,-999,¶³ªL¿¤,16,¥j§|¶m,196
23.5973,120.6853,¯óÀ­,C0K240,2017-01-14T07:00:00+08:00,1132.0,119.0,2.1,14.3,1.00,888.5,-99.0,0.0,-9.9,-99,-999,¶³ªL¿¤,16,¥j§|¶m,196
23.5973,120.6853,¯óÀ­,C0K240,2017-01-14T08:00:00+08:00,1132.0,167.0,0.8,14.5,1.00,889.0,-99.0,0.0,-9.9,-99,-999,¶³ªL¿¤,16,¥j§|¶m,196
23.5973,120.6853,¯óÀ­,C0K240,2017-01-14T10:00:00+08:00,1132.0,287.0,1.8,14.4,1.00,890.3,-99.0,0.0,-9.9,-99,-999,¶³ªL¿¤,16,¥j§|¶m,196
23.5973,120.6853,¯óÀ­,C0K240,2017-01-14T11:00:00+08:00,1132.0,331.0,0.6,14.4,1.00,889.8,-99.0,0.0,-9.9,-99,-999,¶³ªL¿¤,16,¥j§|¶m,196
23.5973,120.6853,¯óÀ­,C0K240,2017-01-14T12:00:00+08:00,1132.0,281.0,0.7,15.5,1.00,889.2,-99.0,0.0,-9.9,-99,-999,¶³ªL¿¤,16,¥j§|¶m,196
23.5973,120.6853,¯óÀ­,C0K240,2017-01-14T13:00:00+08:00,1132.0,296.0,1.6,14.8,1.00,888.6,-99.0,0.0,-9.9,-99,-999,¶³ªL¿¤,16,¥j§|¶m,196
23.5973,120.6853,¯óÀ­,C0K240,2017-01-14T14:00:00+08:00,1132.0,84.0,0.9,15.3,1.00,888.2,-99.0,0.0,-9.9,-99,-999,¶³ªL¿¤,16,¥j§|¶m,196
23.5973,120.6853,¯óÀ­,C0K240,2017-01-14T15:00:00+08:00,1132.0,323.0,1.0,15.6,1.00,888.1,-99.0,0.0,-9.9,-99,-999,¶³ªL¿¤,16,¥j§|¶m,196
23.5973,120.6853,¯óÀ­,C0K240,2017-01-14T16:00:00+08:00,1132.0,261.0,0.7,15.0,1.00,888.4,-99.0,0.0,-9.9,-99,-999,¶³ªL¿¤,16,¥j§|¶m,196
23.5973,120.6853,¯óÀ­,C0K240,2017-01-14T17:00:00+08:00,1132.0,129.0,2.7,14.8,1.00,888.4,-99.0,0.0,-9.9,-99,-999,¶³ªL¿¤,16,¥j§|¶m,196
23.5973,120.6853,¯óÀ­,C0K240,2017-01-14T18:00:00+08:00,1132.0,293.0,1.6,14.1,1.00,889.1,-99.0,0.0,-9.9,-99,-999,¶³ªL¿¤,16,¥j§|¶m,196
23.5973,120.6853,¯óÀ­,C0K240,2017-01-14T19:00:00+08:00,1132.0,274.0,1.9,14.0,1.00,889.7,-99.0,0.0,-9.9,-99,-999,¶³ªL¿¤,16,¥j§|¶m,196
23.5973,120.6853,¯óÀ­,C0K240,2017-01-14T20:00:00+08:00,1132.0,252.0,1.6,13.5,1.00,890.3,-99.0,0.0,-9.9,-99,-999,¶³ªL¿¤,16,¥j§|¶m,196
23.5973,120.6853,¯óÀ­,C0K240,2017-01-14T21:00:00+08:00,1132.0,218.0,1.4,13.5,1.00,890.7,-99.0,0.0,-9.9,-99,-999,¶³ªL¿¤,16,¥j§|¶m,196
23.5973,120.6853,¯óÀ­,C0K240,2017-01-14T22:00:00+08:00,1132.0,168.0,1.4,13.4,1.00,890.8,-99.0,0.0,-9.9,-99,-999,¶³ªL¿¤,16,¥j§|¶m,196
23.5973,120.6853,¯óÀ­,C0K240,2017-01-14T23:00:00+08:00,1132.0,278.0,1.7,13.1,1.00,890.6,-99.0,0.0,-9.9,-99,-999,¶³ªL¿¤,16,¥j§|¶m,196
23.5973,120.6853,¯óÀ­,C0K240,2017-01-15T00:00:00+08:00,1132.0,187.0,1.5,13.0,1.00,890.9,-99.0,0.0,-9.9,-99,-999,¶³ªL¿¤,16,¥j§|¶m,196
23.5973,120.6853,¯óÀ­,C0K240,2017-01-15T01:00:00+08:00,1132.0,341.0,0.4,13.2,1.00,891.3,-99.0,0.0,-9.9,-99,-999,¶³ªL¿¤,16,¥j§|¶m,196
23.5973,120.6853,¯óÀ­,C0K240,2017-01-15T02:00:00+08:00,1132.0,119.0,2.7,13.2,1.00,891.4,-99.0,0.0,-9.9,-99,-999,¶³ªL¿¤,16,¥j§|¶m,196
23.5973,120.6853,¯óÀ­,C0K240,2017-01-15T03:00:00+08:00,1132.0,120.0,3.1,13.3,1.00,891.2,-99.0,0.0,-9.9,-99,-999,¶³ªL¿¤,16,¥j§|¶m,196
23.5973,120.6853,¯óÀ­,C0K240,2017-01-15T04:00:00+08:00,1132.0,124.0,3.9,13.5,0.88,890.2,-99.0,0.0,-9.9,-99,-999,¶³ªL¿¤,16,¥j§|¶m,196
23.5973,120.6853,¯óÀ­,C0K240,2017-01-15T05:00:00+08:00,1132.0,134.0,3.0,14.6,0.84,890.2,-99.0,0.0,-9.9,-99,-999,¶³ªL¿¤,16,¥j§|¶m,196
23.5973,120.6853,¯óÀ­,C0K240,2017-01-15T06:00:00+08:00,1132.0,332.0,1.5,12.5,1.00,890.6,-99.0,0.0,-9.9,-99,-999,¶³ªL¿¤,16,¥j§|¶m,196
23.5973,120.6853,¯óÀ­,C0K240,2017-01-15T07:00:00+08:00,1132.0,110.0,1.2,12.7,0.99,890.6,-99.0,0.0,-9.9,-99,-999,¶³ªL¿¤,16,¥j§|¶m,196
23.5973,120.6853,¯óÀ­,C0K240,2017-01-15T08:00:00+08:00,1132.0,281.0,0.6,12.6,1.00,891.8,-99.0,0.0,-9.9,-99,-999,¶³ªL¿¤,16,¥j§|¶m,196
23.5973,120.6853,¯óÀ­,C0K240,2017-01-15T09:00:00+08:00,1132.0,155.0,0.7,12.8,1.00,892.3,-99.0,0.0,-9.9,-99,-999,¶³ªL¿¤,16,¥j§|¶m,196
23.5973,120.6853,¯óÀ­,C0K240,2017-01-15T10:00:00+08:00,1132.0,293.0,0.6,13.4,1.00,892.4,-99.0,0.0,-9.9,-99,-999,¶³ªL¿¤,16,¥j§|¶m,196
23.5973,120.6853,¯óÀ­,C0K240,2017-01-15T11:00:00+08:00,1132.0,158.0,1.1,13.5,1.00,891.8,-99.0,0.0,-9.9,-99,-999,¶³ªL¿¤,16,¥j§|¶m,196
23.5973,120.6853,¯óÀ­,C0K240,2017-01-15T12:00:00+08:00,1132.0,336.0,0.6,14.3,1.00,891.2,-99.0,0.0,-9.9,-99,-999,¶³ªL¿¤,16,¥j§|¶m,196
23.5973,120.6853,¯óÀ­,C0K240,2017-01-15T13:00:00+08:00,1132.0,300.0,0.4,13.8,1.00,890.6,-99.0,0.0,-9.9,-99,-999,¶³ªL¿¤,16,¥j§|¶m,196
23.5973,120.6853,¯óÀ­,C0K240,2017-01-15T14:00:00+08:00,1132.0,337.0,0.5,13.9,1.00,890.0,-99.0,0.0,-9.9,-99,-999,¶³ªL¿¤,16,¥j§|¶m,196
23.5973,120.6853,¯óÀ­,C0K240,2017-01-15T15:00:00+08:00,1132.0,312.0,1.6,13.8,0.99,890.0,-99.0,0.0,-9.9,-99,-999,¶³ªL¿¤,16,¥j§|¶m,196
23.5973,120.6853,¯óÀ­,C0K240,2017-01-15T16:00:00+08:00,1132.0,319.0,1.4,15.3,0.94,890.3,-99.0,0.0,-9.9,-99,-999,¶³ªL¿¤,16,¥j§|¶m,196
23.5973,120.6853,¯óÀ­,C0K240,2017-01-15T17:00:00+08:00,1132.0,223.0,1.3,14.4,0.88,890.3,-99.0,0.0,-9.9,-99,-999,¶³ªL¿¤,16,¥j§|¶m,196
23.5973,120.6853,¯óÀ­,C0K240,2017-01-15T18:00:00+08:00,1132.0,147.0,0.3,13.1,1.00,890.6,-99.0,0.0,-9.9,-99,-999,¶³ªL¿¤,16,¥j§|¶m,196
23.5973,120.6853,¯óÀ­,C0K240,2017-01-15T19:00:00+08:00,1132.0,258.0,1.5,13.0,0.96,890.8,-99.0,0.0,-9.9,-99,-999,¶³ªL¿¤,16,¥j§|¶m,196
23.5973,120.6853,¯óÀ­,C0K240,2017-01-15T20:00:00+08:00,1132.0,223.0,1.4,13.9,0.87,891.3,-99.0,0.0,-9.9,-99,-999,¶³ªL¿¤,16,¥j§|¶m,196
23.5973,120.6853,¯óÀ­,C0K240,2017-01-15T21:00:00+08:00,1132.0,230.0,1.7,13.3,0.88,891.6,-99.0,0.0,-9.9,-99,-999,¶³ªL¿¤,16,¥j§|¶m,196
23.5973,120.6853,¯óÀ­,C0K240,2017-01-15T22:00:00+08:00,1132.0,206.0,2.1,12.9,0.90,891.7,-99.0,0.0,-9.9,-99,-999,¶³ªL¿¤,16,¥j§|¶m,196
23.5973,120.6853,¯óÀ­,C0K240,2017-01-15T23:00:00+08:00,1132.0,302.0,1.0,13.4,0.89,891.8,-99.0,0.0,-9.9,-99,-999,¶³ªL¿¤,16,¥j§|¶m,196
23.5973,120.6853,¯óÀ­,C0K240,2017-01-16T00:00:00+08:00,1132.0,357.0,1.8,12.5,0.95,891.8,-99.0,0.0,-9.9,-99,-999,¶³ªL¿¤,16,¥j§|¶m,196
23.5973,120.6853,¯óÀ­,C0K240,2017-01-16T01:00:00+08:00,1132.0,311.0,1.2,12.2,0.99,891.8,-99.0,0.0,-9.9,-99,-999,¶³ªL¿¤,16,¥j§|¶m,196
23.5973,120.6853,¯óÀ­,C0K240,2017-01-16T02:00:00+08:00,1132.0,309.0,1.0,12.3,0.98,891.5,-99.0,0.0,-9.9,-99,-999,¶³ªL¿¤,16,¥j§|¶m,196
23.5973,120.6853,¯óÀ­,C0K240,2017-01-16T03:00:00+08:00,1132.0,347.0,1.3,12.1,1.00,891.3,-99.0,0.0,-9.9,-99,-999,¶³ªL¿¤,16,¥j§|¶m,196
23.5973,120.6853,¯óÀ­,C0K240,2017-01-16T04:00:00+08:00,1132.0,103.0,0.9,12.1,1.00,891.1,-99.0,0.0,-9.9,-99,-999,¶³ªL¿¤,16,¥j§|¶m,196
23.5973,120.6853,¯óÀ­,C0K240,2017-01-16T05:00:00+08:00,1132.0,86.0,1.3,11.9,1.00,891.2,-99.0,0.0,-9.9,-99,-999,¶³ªL¿¤,16,¥j§|¶m,196
23.5973,120.6853,¯óÀ­,C0K240,2017-01-16T06:00:00+08:00,1132.0,324.0,1.3,11.7,1.00,891.3,-99.0,0.0,-9.9,-99,-999,¶³ªL¿¤,16,¥j§|¶m,196
23.5973,120.6853,¯óÀ­,C0K240,2017-01-16T07:00:00+08:00,1132.0,121.0,0.6,12.0,1.00,891.8,-99.0,0.0,-9.9,-99,-999,¶³ªL¿¤,16,¥j§|¶m,196
23.5973,120.6853,¯óÀ­,C0K240,2017-01-16T08:00:00+08:00,1132.0,131.0,0.9,14.1,0.96,891.8,-99.0,0.0,-9.9,-99,-999,¶³ªL¿¤,16,¥j§|¶m,196
23.5973,120.6853,¯óÀ­,C0K240,2017-01-16T10:00:00+08:00,1132.0,307.0,0.9,14.8,0.92,892.5,-99.0,0.0,-9.9,-99,-999,¶³ªL¿¤,16,¥j§|¶m,196
23.5973,120.6853,¯óÀ­,C0K240,2017-01-16T11:00:00+08:00,1132.0,309.0,1.1,14.0,0.97,892.0,-99.0,0.0,-9.9,-99,-999,¶³ªL¿¤,16,¥j§|¶m,196
23.5973,120.6853,¯óÀ­,C0K240,2017-01-16T12:00:00+08:00,1132.0,279.0,1.3,13.6,0.99,891.4,-99.0,0.0,-9.9,-99,-999,¶³ªL¿¤,16,¥j§|¶m,196
23.5973,120.6853,¯óÀ­,C0K240,2017-01-16T13:00:00+08:00,1132.0,305.0,1.4,14.6,0.93,890.6,-99.0,0.0,-9.9,-99,-999,¶³ªL¿¤,16,¥j§|¶m,196
23.5973,120.6853,¯óÀ­,C0K240,2017-01-16T14:00:00+08:00,1132.0,305.0,1.4,15.7,0.89,889.9,-99.0,0.0,-9.9,-99,-999,¶³ªL¿¤,16,¥j§|¶m,196
23.5973,120.6853,¯óÀ­,C0K240,2017-01-16T15:00:00+08:00,1132.0,306.0,1.6,13.8,0.97,889.7,-99.0,0.0,-9.9,-99,-999,¶³ªL¿¤,16,¥j§|¶m,196
23.5973,120.6853,¯óÀ­,C0K240,2017-01-16T16:00:00+08:00,1132.0,252.0,0.8,13.5,0.98,889.7,-99.0,0.0,-9.9,-99,-999,¶³ªL¿¤,16,¥j§|¶m,196
23.5973,120.6853,¯óÀ­,C0K240,2017-01-16T17:00:00+08:00,1132.0,330.0,1.0,12.9,1.00,890.2,-99.0,0.0,-9.9,-99,-999,¶³ªL¿¤,16,¥j§|¶m,196
23.5973,120.6853,¯óÀ­,C0K240,2017-01-16T19:00:00+08:00,1132.0,0.0,0.2,12.3,1.00,891.3,-99.0,0.0,-9.9,-99,-999,¶³ªL¿¤,16,¥j§|¶m,196
23.5973,120.6853,¯óÀ­,C0K240,2017-01-16T20:00:00+08:00,1132.0,134.0,1.2,12.3,1.00,892.0,-99.0,0.0,-9.9,-99,-999,¶³ªL¿¤,16,¥j§|¶m,196
23.5973,120.6853,¯óÀ­,C0K240,2017-01-16T21:00:00+08:00,1132.0,143.0,1.9,12.0,1.00,892.5,-99.0,0.0,-9.9,-99,-999,¶³ªL¿¤,16,¥j§|¶m,196
23.5973,120.6853,¯óÀ­,C0K240,2017-01-16T22:00:00+08:00,1132.0,139.0,2.0,11.8,1.00,892.8,-99.0,0.0,-9.9,-99,-999,¶³ªL¿¤,16,¥j§|¶m,196
23.5973,120.6853,¯óÀ­,C0K240,2017-01-16T23:00:00+08:00,1132.0,131.0,2.3,11.4,1.00,892.8,-99.0,0.0,-9.9,-99,-999,¶³ªL¿¤,16,¥j§|¶m,196
23.5973,120.6853,¯óÀ­,C0K240,2017-01-17T00:00:00+08:00,1132.0,31.0,1.1,11.3,1.00,892.8,-99.0,0.0,-9.9,-99,-999,¶³ªL¿¤,16,¥j§|¶m,196
23.5973,120.6853,¯óÀ­,C0K240,2017-01-17T01:00:00+08:00,1132.0,123.0,3.2,10.7,1.00,892.2,-99.0,0.0,-9.9,-99,-999,¶³ªL¿¤,16,¥j§|¶m,196
23.5973,120.6853,¯óÀ­,C0K240,2017-01-17T02:00:00+08:00,1132.0,129.0,3.4,12.2,0.79,892.0,-99.0,0.0,-9.9,-99,-999,¶³ªL¿¤,16,¥j§|¶m,196
23.5973,120.6853,¯óÀ­,C0K240,2017-01-17T03:00:00+08:00,1132.0,343.0,0.5,11.3,1.00,892.5,-99.0,0.0,-9.9,-99,-999,¶³ªL¿¤,16,¥j§|¶m,196
23.5973,120.6853,¯óÀ­,C0K240,2017-01-17T04:00:00+08:00,1132.0,123.0,1.6,11.1,1.00,892.3,-99.0,0.0,-9.9,-99,-999,¶³ªL¿¤,16,¥j§|¶m,196
23.5973,120.6853,¯óÀ­,C0K240,2017-01-17T05:00:00+08:00,1132.0,184.0,0.3,11.0,1.00,892.4,-99.0,0.0,-9.9,-99,-999,¶³ªL¿¤,16,¥j§|¶m,196
23.5973,120.6853,¯óÀ­,C0K240,2017-01-17T06:00:00+08:00,1132.0,138.0,3.0,10.2,1.00,892.3,-99.0,0.0,-9.9,-99,-999,¶³ªL¿¤,16,¥j§|¶m,196
23.5973,120.6853,¯óÀ­,C0K240,2017-01-17T07:00:00+08:00,1132.0,322.0,1.5,10.4,1.00,892.9,-99.0,0.0,-9.9,-99,-999,¶³ªL¿¤,16,¥j§|¶m,196
23.5973,120.6853,¯óÀ­,C0K240,2017-01-17T08:00:00+08:00,1132.0,252.0,0.6,11.2,1.00,893.4,-99.0,0.0,-9.9,-99,-999,¶³ªL¿¤,16,¥j§|¶m,196
23.5973,120.6853,¯óÀ­,C0K240,2017-01-17T09:00:00+08:00,1132.0,129.0,1.9,14.2,0.84,893.8,-99.0,0.0,-9.9,-99,-999,¶³ªL¿¤,16,¥j§|¶m,196
23.5973,120.6853,¯óÀ­,C0K240,2017-01-17T10:00:00+08:00,1132.0,330.0,1.6,16.3,0.76,894.1,-99.0,0.0,-9.9,-99,-999,¶³ªL¿¤,16,¥j§|¶m,196
23.5973,120.6853,¯óÀ­,C0K240,2017-01-17T11:00:00+08:00,1132.0,313.0,1.4,15.6,0.82,894.0,-99.0,0.0,-9.9,-99,-999,¶³ªL¿¤,16,¥j§|¶m,196
23.5973,120.6853,¯óÀ­,C0K240,2017-01-17T12:00:00+08:00,1132.0,330.0,1.9,17.0,0.79,893.3,-99.0,0.0,-9.9,-99,-999,¶³ªL¿¤,16,¥j§|¶m,196
23.5973,120.6853,¯óÀ­,C0K240,2017-01-17T13:00:00+08:00,1132.0,306.0,1.7,17.8,0.80,892.7,-99.0,0.0,-9.9,-99,-999,¶³ªL¿¤,16,¥j§|¶m,196
23.5973,120.6853,¯óÀ­,C0K240,2017-01-17T14:00:00+08:00,1132.0,340.0,1.2,16.1,0.89,892.3,-99.0,0.0,-9.9,-99,-999,¶³ªL¿¤,16,¥j§|¶m,196
23.5973,120.6853,¯óÀ­,C0K240,2017-01-17T15:00:00+08:00,1132.0,323.0,1.4,16.4,0.85,891.9,-99.0,0.0,-9.9,-99,-999,¶³ªL¿¤,16,¥j§|¶m,196
23.5973,120.6853,¯óÀ­,C0K240,2017-01-17T16:00:00+08:00,1132.0,332.0,1.2,14.5,0.97,892.1,-99.0,0.0,-9.9,-99,-999,¶³ªL¿¤,16,¥j§|¶m,196
23.5973,120.6853,¯óÀ­,C0K240,2017-01-17T17:00:00+08:00,1132.0,316.0,1.2,13.3,1.00,892.5,-99.0,0.0,-9.9,-99,-999,¶³ªL¿¤,16,¥j§|¶m,196
23.5973,120.6853,¯óÀ­,C0K240,2017-01-17T18:00:00+08:00,1132.0,132.0,0.9,13.4,1.00,892.9,-99.0,0.0,-9.9,-99,-999,¶³ªL¿¤,16,¥j§|¶m,196
23.5973,120.6853,¯óÀ­,C0K240,2017-01-17T19:00:00+08:00,1132.0,136.0,1.3,13.2,1.00,893.4,-99.0,0.0,-9.9,-99,-999,¶³ªL¿¤,16,¥j§|¶m,196
23.5973,120.6853,¯óÀ­,C0K240,2017-01-17T20:00:00+08:00,1132.0,182.0,1.0,13.0,1.00,894.0,-99.0,0.0,-9.9,-99,-999,¶³ªL¿¤,16,¥j§|¶m,196
23.5973,120.6853,¯óÀ­,C0K240,2017-01-17T21:00:00+08:00,1132.0,111.0,3.0,12.6,1.00,894.4,-99.0,0.0,-9.9,-99,-999,¶³ªL¿¤,16,¥j§|¶m,196
23.5973,120.6853,¯óÀ­,C0K240,2017-01-17T22:00:00+08:00,1132.0,0.0,0.2,12.9,1.00,895.0,-99.0,0.0,-9.9,-99,-999,¶³ªL¿¤,16,¥j§|¶m,196
23.5973,120.6853,¯óÀ­,C0K240,2017-01-17T23:00:00+08:00,1132.0,0.0,0.0,12.6,1.00,895.0,-99.0,0.0,-9.9,-99,-999,¶³ªL¿¤,16,¥j§|¶m,196
23.5973,120.6853,¯óÀ­,C0K240,2017-01-18T00:00:00+08:00,1132.0,111.0,1.1,12.2,1.00,895.0,-99.0,0.0,-9.9,-99,-999,¶³ªL¿¤,16,¥j§|¶m,196
23.5973,120.6853,¯óÀ­,C0K240,2017-01-18T01:00:00+08:00,1132.0,133.0,2.1,11.9,1.00,894.7,-99.0,0.0,-9.9,-99,-999,¶³ªL¿¤,16,¥j§|¶m,196
23.5973,120.6853,¯óÀ­,C0K240,2017-01-18T02:00:00+08:00,1132.0,331.0,1.0,11.6,1.00,894.4,-99.0,0.0,-9.9,-99,-999,¶³ªL¿¤,16,¥j§|¶m,196
23.5973,120.6853,¯óÀ­,C0K240,2017-01-18T03:00:00+08:00,1132.0,327.0,1.0,11.5,0.99,894.4,-99.0,0.0,-9.9,-99,-999,¶³ªL¿¤,16,¥j§|¶m,196
23.5973,120.6853,¯óÀ­,C0K240,2017-01-18T04:00:00+08:00,1132.0,111.0,1.5,12.0,0.98,894.2,-99.0,0.0,-9.9,-99,-999,¶³ªL¿¤,16,¥j§|¶m,196
23.5973,120.6853,¯óÀ­,C0K240,2017-01-18T05:00:00+08:00,1132.0,122.0,0.6,12.6,0.92,894.3,-99.0,0.0,-9.9,-99,-999,¶³ªL¿¤,16,¥j§|¶m,196
23.5973,120.6853,¯óÀ­,C0K240,2017-01-18T06:00:00+08:00,1132.0,127.0,2.7,12.1,0.88,894.3,-99.0,0.0,-9.9,-99,-999,¶³ªL¿¤,16,¥j§|¶m,196
23.5973,120.6853,¯óÀ­,C0K240,2017-01-18T07:00:00+08:00,1132.0,138.0,2.3,13.4,0.79,894.4,-99.0,0.0,-9.9,-99,-999,¶³ªL¿¤,16,¥j§|¶m,196
23.5973,120.6853,¯óÀ­,C0K240,2017-01-18T08:00:00+08:00,1132.0,325.0,0.7,17.4,0.56,895.1,-99.0,0.0,-9.9,-99,-999,¶³ªL¿¤,16,¥j§|¶m,196
23.5973,120.6853,¯óÀ­,C0K240,2017-01-18T10:00:00+08:00,1132.0,186.0,0.7,19.5,0.66,895.7,-99.0,0.0,-9.9,-99,-999,¶³ªL¿¤,16,¥j§|¶m,196
23.5973,120.6853,¯óÀ­,C0K240,2017-01-18T11:00:00+08:00,1132.0,320.0,1.7,17.2,0.72,895.1,-99.0,0.0,-9.9,-99,-999,¶³ªL¿¤,16,¥j§|¶m,196
23.5973,120.6853,¯óÀ­,C0K240,2017-01-18T12:00:00+08:00,1132.0,314.0,1.0,19.9,0.53,894.6,-99.0,0.0,-9.9,-99,-999,¶³ªL¿¤,16,¥j§|¶m,196
23.5973,120.6853,¯óÀ­,C0K240,2017-01-18T13:00:00+08:00,1132.0,317.0,0.8,22.2,0.48,893.7,-99.0,0.0,-9.9,-99,-999,¶³ªL¿¤,16,¥j§|¶m,196
23.5973,120.6853,¯óÀ­,C0K240,2017-01-18T14:00:00+08:00,1132.0,303.0,1.6,19.8,0.75,893.0,-99.0,0.0,-9.9,-99,-999,¶³ªL¿¤,16,¥j§|¶m,196
23.5973,120.6853,¯óÀ­,C0K240,2017-01-18T15:00:00+08:00,1132.0,338.0,1.1,18.6,0.83,892.7,-99.0,0.0,-9.9,-99,-999,¶³ªL¿¤,16,¥j§|¶m,196
23.5973,120.6853,¯óÀ­,C0K240,2017-01-18T16:00:00+08:00,1132.0,318.0,2.0,15.6,0.98,892.8,-99.0,0.0,-9.9,-99,-999,¶³ªL¿¤,16,¥j§|¶m,196
23.5973,120.6853,¯óÀ­,C0K240,2017-01-18T17:00:00+08:00,1132.0,317.0,1.3,15.0,1.00,892.9,-99.0,0.0,-9.9,-99,-999,¶³ªL¿¤,16,¥j§|¶m,196
23.5973,120.6853,¯óÀ­,C0K240,2017-01-18T18:00:00+08:00,1132.0,319.0,1.1,14.5,1.00,892.9,-99.0,0.0,-9.9,-99,-999,¶³ªL¿¤,16,¥j§|¶m,196
23.5973,120.6853,¯óÀ­,C0K240,2017-01-18T19:00:00+08:00,1132.0,0.0,0.1,14.7,1.00,893.5,-99.0,0.0,-9.9,-99,-999,¶³ªL¿¤,16,¥j§|¶m,196
23.5973,120.6853,¯óÀ­,C0K240,2017-01-18T20:00:00+08:00,1132.0,0.0,0.0,14.7,1.00,893.8,-99.0,0.0,-9.9,-99,-999,¶³ªL¿¤,16,¥j§|¶m,196
23.5973,120.6853,¯óÀ­,C0K240,2017-01-18T21:00:00+08:00,1132.0,129.0,0.8,14.6,1.00,894.2,-99.0,0.0,-9.9,-99,-999,¶³ªL¿¤,16,¥j§|¶m,196
23.5973,120.6853,¯óÀ­,C0K240,2017-01-18T22:00:00+08:00,1132.0,124.0,0.8,14.5,1.00,894.4,-99.0,0.0,-9.9,-99,-999,¶³ªL¿¤,16,¥j§|¶m,196
23.5973,120.6853,¯óÀ­,C0K240,2017-01-18T23:00:00+08:00,1132.0,163.0,1.0,14.5,1.00,894.5,-99.0,0.0,-9.9,-99,-999,¶³ªL¿¤,16,¥j§|¶m,196
23.5973,120.6853,¯óÀ­,C0K240,2017-01-19T00:00:00+08:00,1132.0,327.0,1.2,14.4,1.00,894.4,-99.0,0.0,-9.9,-99,-999,¶³ªL¿¤,16,¥j§|¶m,196
23.5973,120.6853,¯óÀ­,C0K240,2017-01-19T01:00:00+08:00,1132.0,289.0,0.9,14.3,1.00,894.3,-99.0,0.0,-9.9,-99,-999,¶³ªL¿¤,16,¥j§|¶m,196
23.5973,120.6853,¯óÀ­,C0K240,2017-01-19T02:00:00+08:00,1132.0,316.0,0.7,13.9,1.00,893.8,-99.0,0.0,-9.9,-99,-999,¶³ªL¿¤,16,¥j§|¶m,196
23.5973,120.6853,¯óÀ­,C0K240,2017-01-19T03:00:00+08:00,1132.0,0.0,0.0,14.0,1.00,893.8,-99.0,0.0,-9.9,-99,-999,¶³ªL¿¤,16,¥j§|¶m,196
23.5973,120.6853,¯óÀ­,C0K240,2017-01-19T04:00:00+08:00,1132.0,52.0,0.5,13.4,0.94,894.0,-99.0,0.0,-9.9,-99,-999,¶³ªL¿¤,16,¥j§|¶m,196
23.5973,120.6853,¯óÀ­,C0K240,2017-01-19T05:00:00+08:00,1132.0,132.0,2.8,13.0,0.96,894.0,-99.0,0.0,-9.9,-99,-999,¶³ªL¿¤,16,¥j§|¶m,196
23.5973,120.6853,¯óÀ­,C0K240,2017-01-19T06:00:00+08:00,1132.0,126.0,3.0,13.6,0.90,894.4,-99.0,0.0,-9.9,-99,-999,¶³ªL¿¤,16,¥j§|¶m,196
23.5973,120.6853,¯óÀ­,C0K240,2017-01-19T07:00:00+08:00,1132.0,129.0,2.4,14.1,0.82,894.5,-99.0,0.0,-9.9,-99,-999,¶³ªL¿¤,16,¥j§|¶m,196
23.5973,120.6853,¯óÀ­,C0K240,2017-01-19T08:00:00+08:00,1132.0,356.0,0.8,16.3,0.71,894.9,-99.0,0.0,-9.9,-99,-999,¶³ªL¿¤,16,¥j§|¶m,196
23.5973,120.6853,¯óÀ­,C0K240,2017-01-19T09:00:00+08:00,1132.0,227.0,1.0,16.8,0.76,895.1,-99.0,0.0,-9.9,-99,-999,¶³ªL¿¤,16,¥j§|¶m,196
23.5973,120.6853,¯óÀ­,C0K240,2017-01-19T10:00:00+08:00,1132.0,313.0,1.3,18.2,0.69,895.1,-99.0,0.0,-9.9,-99,-999,¶³ªL¿¤,16,¥j§|¶m,196
23.5973,120.6853,¯óÀ­,C0K240,2017-01-19T11:00:00+08:00,1132.0,351.0,1.0,19.4,0.66,894.7,-99.0,0.0,-9.9,-99,-999,¶³ªL¿¤,16,¥j§|¶m,196
23.5973,120.6853,¯óÀ­,C0K240,2017-01-19T12:00:00+08:00,1132.0,310.0,1.6,20.0,0.74,893.6,-99.0,0.0,-9.9,-99,-999,¶³ªL¿¤,16,¥j§|¶m,196
23.5973,120.6853,¯óÀ­,C0K240,2017-01-19T13:00:00+08:00,1132.0,333.0,1.1,20.4,0.77,892.7,-99.0,0.0,-9.9,-99,-999,¶³ªL¿¤,16,¥j§|¶m,196
23.5973,120.6853,¯óÀ­,C0K240,2017-01-19T14:00:00+08:00,1132.0,315.0,0.7,21.1,0.72,892.0,-99.0,0.0,-9.9,-99,-999,¶³ªL¿¤,16,¥j§|¶m,196
23.5973,120.6853,¯óÀ­,C0K240,2017-01-19T15:00:00+08:00,1132.0,318.0,0.8,19.4,0.76,891.8,-99.0,0.0,-9.9,-99,-999,¶³ªL¿¤,16,¥j§|¶m,196
23.5973,120.6853,¯óÀ­,C0K240,2017-01-19T16:00:00+08:00,1132.0,321.0,1.3,17.6,0.88,891.7,-99.0,0.0,-9.9,-99,-999,¶³ªL¿¤,16,¥j§|¶m,196
23.5973,120.6853,¯óÀ­,C0K240,2017-01-19T17:00:00+08:00,1132.0,337.0,1.1,15.9,0.99,891.5,-99.0,0.0,-9.9,-99,-999,¶³ªL¿¤,16,¥j§|¶m,196
23.5973,120.6853,¯óÀ­,C0K240,2017-01-19T18:00:00+08:00,1132.0,348.0,1.4,14.9,1.00,891.9,-99.0,0.0,-9.9,-99,-999,¶³ªL¿¤,16,¥j§|¶m,196
23.5973,120.6853,¯óÀ­,C0K240,2017-01-19T19:00:00+08:00,1132.0,136.0,1.9,15.0,1.00,892.3,-99.0,0.0,-9.9,-99,-999,¶³ªL¿¤,16,¥j§|¶m,196
23.5973,120.6853,¯óÀ­,C0K240,2017-01-19T20:00:00+08:00,1132.0,138.0,2.2,14.7,0.98,892.7,-99.0,0.0,-9.9,-99,-999,¶³ªL¿¤,16,¥j§|¶m,196
23.5973,120.6853,¯óÀ­,C0K240,2017-01-19T21:00:00+08:00,1132.0,124.0,3.1,14.7,0.89,892.8,-99.0,0.0,-9.9,-99,-999,¶³ªL¿¤,16,¥j§|¶m,196
23.5973,120.6853,¯óÀ­,C0K240,2017-01-19T22:00:00+08:00,1132.0,316.0,1.6,14.1,0.99,892.9,-99.0,0.0,-9.9,-99,-999,¶³ªL¿¤,16,¥j§|¶m,196
23.5973,120.6853,¯óÀ­,C0K240,2017-01-19T23:00:00+08:00,1132.0,102.0,0.7,14.6,0.92,892.9,-99.0,0.0,-9.9,-99,-999,¶³ªL¿¤,16,¥j§|¶m,196
23.5973,120.6853,¯óÀ­,C0K240,2017-01-20T00:00:00+08:00,1132.0,234.0,0.9,14.4,0.90,892.9,-99.0,0.0,-9.9,-99,-999,¶³ªL¿¤,16,¥j§|¶m,196
23.5973,120.6853,¯óÀ­,C0K240,2017-01-20T01:00:00+08:00,1132.0,320.0,1.3,13.9,0.95,892.9,-99.0,0.0,-9.9,-99,-999,¶³ªL¿¤,16,¥j§|¶m,196
23.5973,120.6853,¯óÀ­,C0K240,2017-01-20T02:00:00+08:00,1132.0,283.0,0.5,13.9,0.93,892.8,-99.0,0.0,-9.9,-99,-999,¶³ªL¿¤,16,¥j§|¶m,196
23.5973,120.6853,¯óÀ­,C0K240,2017-01-20T03:00:00+08:00,1132.0,270.0,0.8,14.1,0.87,892.7,-99.0,0.0,-9.9,-99,-999,¶³ªL¿¤,16,¥j§|¶m,196
23.5973,120.6853,¯óÀ­,C0K240,2017-01-20T04:00:00+08:00,1132.0,128.0,1.7,14.1,0.88,892.4,-99.0,0.0,-9.9,-99,-999,¶³ªL¿¤,16,¥j§|¶m,196
23.5973,120.6853,¯óÀ­,C0K240,2017-01-20T05:00:00+08:00,1132.0,6.0,0.9,14.1,0.85,892.4,-99.0,0.0,-9.9,-99,-999,¶³ªL¿¤,16,¥j§|¶m,196
23.5973,120.6853,¯óÀ­,C0K240,2017-01-20T06:00:00+08:00,1132.0,334.0,1.0,14.1,0.87,892.8,-99.0,0.0,-9.9,-99,-999,¶³ªL¿¤,16,¥j§|¶m,196
23.5973,120.6853,¯óÀ­,C0K240,2017-01-20T07:00:00+08:00,1132.0,132.0,1.3,14.3,0.78,893.1,-99.0,0.0,-9.9,-99,-999,¶³ªL¿¤,16,¥j§|¶m,196
23.5973,120.6853,¯óÀ­,C0K240,2017-01-20T08:00:00+08:00,1132.0,197.0,0.5,16.4,0.71,893.5,-99.0,0.0,-9.9,-99,-999,¶³ªL¿¤,16,¥j§|¶m,196
23.5973,120.6853,¯óÀ­,C0K240,2017-01-20T09:00:00+08:00,1132.0,327.0,1.2,17.2,0.73,894.3,-99.0,0.0,-9.9,-99,-999,¶³ªL¿¤,16,¥j§|¶m,196
23.5973,120.6853,¯óÀ­,C0K240,2017-01-20T10:00:00+08:00,1132.0,328.0,1.3,18.0,0.71,894.7,-99.0,0.0,-9.9,-99,-999,¶³ªL¿¤,16,¥j§|¶m,196
23.5973,120.6853,¯óÀ­,C0K240,2017-01-20T11:00:00+08:00,1132.0,321.0,1.4,18.8,0.70,894.3,-99.0,0.0,-9.9,-99,-999,¶³ªL¿¤,16,¥j§|¶m,196
23.5973,120.6853,¯óÀ­,C0K240,2017-01-20T12:00:00+08:00,1132.0,319.0,1.6,19.0,0.75,893.3,-99.0,0.0,-9.9,-99,-999,¶³ªL¿¤,16,¥j§|¶m,196
23.5973,120.6853,¯óÀ­,C0K240,2017-01-20T13:00:00+08:00,1132.0,314.0,1.6,17.4,0.83,892.6,-99.0,0.0,-9.9,-99,-999,¶³ªL¿¤,16,¥j§|¶m,196
23.5973,120.6853,¯óÀ­,C0K240,2017-01-20T14:00:00+08:00,1132.0,321.0,1.7,17.9,0.81,892.0,-99.0,0.0,-9.9,-99,-999,¶³ªL¿¤,16,¥j§|¶m,196
23.5973,120.6853,¯óÀ­,C0K240,2017-01-20T15:00:00+08:00,1132.0,321.0,2.1,16.8,0.85,891.5,-99.0,0.0,-9.9,-99,-999,¶³ªL¿¤,16,¥j§|¶m,196
23.5973,120.6853,¯óÀ­,C0K240,2017-01-20T16:00:00+08:00,1132.0,313.0,1.8,16.1,0.87,891.6,-99.0,0.0,-9.9,-99,-999,¶³ªL¿¤,16,¥j§|¶m,196
23.5973,120.6853,¯óÀ­,C0K240,2017-01-20T17:00:00+08:00,1132.0,322.0,1.6,15.6,0.82,891.9,-99.0,0.0,-9.9,-99,-999,¶³ªL¿¤,16,¥j§|¶m,196
23.5973,120.6853,¯óÀ­,C0K240,2017-01-20T18:00:00+08:00,1132.0,319.0,1.3,13.3,0.90,892.3,-99.0,0.0,-9.9,-99,-999,¶³ªL¿¤,16,¥j§|¶m,196
23.5973,120.6853,¯óÀ­,C0K240,2017-01-20T19:00:00+08:00,1132.0,324.0,0.6,13.6,0.84,892.9,-99.0,0.0,-9.9,-99,-999,¶³ªL¿¤,16,¥j§|¶m,196
23.5973,120.6853,¯óÀ­,C0K240,2017-01-20T20:00:00+08:00,1132.0,300.0,0.5,14.2,0.83,893.3,-99.0,0.0,-9.9,-99,-999,¶³ªL¿¤,16,¥j§|¶m,196
23.5973,120.6853,¯óÀ­,C0K240,2017-01-20T21:00:00+08:00,1132.0,342.0,0.7,12.7,0.91,893.5,-99.0,0.0,-9.9,-99,-999,¶³ªL¿¤,16,¥j§|¶m,196
23.5973,120.6853,¯óÀ­,C0K240,2017-01-20T22:00:00+08:00,1132.0,282.0,1.0,13.4,0.85,893.4,-99.0,0.0,-9.9,-99,-999,¶³ªL¿¤,16,¥j§|¶m,196
23.5973,120.6853,¯óÀ­,C0K240,2017-01-20T23:00:00+08:00,1132.0,281.0,1.6,12.6,0.96,893.3,-99.0,0.0,-9.9,-99,-999,¶³ªL¿¤,16,¥j§|¶m,196
23.5973,120.6853,¯óÀ­,C0K240,2017-01-21T00:00:00+08:00,1132.0,294.0,0.7,12.3,0.99,893.4,-99.0,0.0,-9.9,-99,-999,¶³ªL¿¤,16,¥j§|¶m,196
23.5973,120.6853,¯óÀ­,C0K240,2017-01-21T01:00:00+08:00,1132.0,264.0,0.6,12.3,1.00,893.4,-99.0,0.0,-9.9,-99,-999,¶³ªL¿¤,16,¥j§|¶m,196
23.5973,120.6853,¯óÀ­,C0K240,2017-01-21T02:00:00+08:00,1132.0,312.0,0.3,12.2,1.00,893.4,-99.0,0.0,-9.9,-99,-999,¶³ªL¿¤,16,¥j§|¶m,196
23.5973,120.6853,¯óÀ­,C0K240,2017-01-21T03:00:00+08:00,1132.0,352.0,0.7,12.2,1.00,893.2,-99.0,0.0,-9.9,-99,-999,¶³ªL¿¤,16,¥j§|¶m,196
23.5973,120.6853,¯óÀ­,C0K240,2017-01-21T04:00:00+08:00,1132.0,322.0,1.1,12.2,1.00,893.4,-99.0,0.0,-9.9,-99,-999,¶³ªL¿¤,16,¥j§|¶m,196
23.5973,120.6853,¯óÀ­,C0K240,2017-01-21T05:00:00+08:00,1132.0,183.0,0.8,12.4,1.00,893.8,-99.0,0.0,-9.9,-99,-999,¶³ªL¿¤,16,¥j§|¶m,196
23.5973,120.6853,¯óÀ­,C0K240,2017-01-21T06:00:00+08:00,1132.0,280.0,0.3,12.4,1.00,894.5,-99.0,0.0,-9.9,-99,-999,¶³ªL¿¤,16,¥j§|¶m,196
23.5973,120.6853,¯óÀ­,C0K240,2017-01-21T07:00:00+08:00,1132.0,261.0,0.8,12.4,1.00,895.0,-99.0,0.0,-9.9,-99,-999,¶³ªL¿¤,16,¥j§|¶m,196
23.5973,120.6853,¯óÀ­,C0K240,2017-01-21T08:00:00+08:00,1132.0,110.0,0.9,12.5,1.00,895.6,-99.0,0.0,-9.9,-99,-999,¶³ªL¿¤,16,¥j§|¶m,196
23.5973,120.6853,¯óÀ­,C0K240,2017-01-21T10:00:00+08:00,1132.0,327.0,0.7,14.0,0.97,896.8,-99.0,0.0,-9.9,-99,-999,¶³ªL¿¤,16,¥j§|¶m,196
23.5973,120.6853,¯óÀ­,C0K240,2017-01-21T11:00:00+08:00,1132.0,266.0,1.0,15.6,0.62,896.4,-99.0,0.0,-9.9,-99,-999,¶³ªL¿¤,16,¥j§|¶m,196
23.5973,120.6853,¯óÀ­,C0K240,2017-01-21T12:00:00+08:00,1132.0,342.0,0.9,17.6,0.52,895.6,-99.0,0.0,-9.9,-99,-999,¶³ªL¿¤,16,¥j§|¶m,196
23.5973,120.6853,¯óÀ­,C0K240,2017-01-21T13:00:00+08:00,1132.0,328.0,0.8,17.2,0.64,894.9,-99.0,0.0,-9.9,-99,-999,¶³ªL¿¤,16,¥j§|¶m,196
23.5973,120.6853,¯óÀ­,C0K240,2017-01-21T14:00:00+08:00,1132.0,355.0,1.1,18.1,0.49,894.5,-99.0,0.0,-9.9,-99,-999,¶³ªL¿¤,16,¥j§|¶m,196
23.5973,120.6853,¯óÀ­,C0K240,2017-01-21T15:00:00+08:00,1132.0,313.0,0.8,18.5,0.52,893.8,-99.0,0.0,-9.9,-99,-999,¶³ªL¿¤,16,¥j§|¶m,196
23.5973,120.6853,¯óÀ­,C0K240,2017-01-21T16:00:00+08:00,1132.0,323.0,2.0,15.1,0.80,893.8,-99.0,0.0,-9.9,-99,-999,¶³ªL¿¤,16,¥j§|¶m,196
23.5973,120.6853,¯óÀ­,C0K240,2017-01-21T17:00:00+08:00,1132.0,294.0,1.1,16.6,0.52,894.3,-99.0,0.0,-9.9,-99,-999,¶³ªL¿¤,16,¥j§|¶m,196
23.5973,120.6853,¯óÀ­,C0K240,2017-01-21T18:00:00+08:00,1132.0,67.0,0.7,14.1,0.57,894.9,-99.0,0.0,-9.9,-99,-999,¶³ªL¿¤,16,¥j§|¶m,196
23.5973,120.6853,¯óÀ­,C0K240,2017-01-21T19:00:00+08:00,1132.0,125.0,2.5,13.7,0.55,895.1,-99.0,0.0,-9.9,-99,-999,¶³ªL¿¤,16,¥j§|¶m,196
23.5973,120.6853,¯óÀ­,C0K240,2017-01-21T20:00:00+08:00,1132.0,129.0,2.3,14.1,0.48,895.5,-99.0,0.0,-9.9,-99,-999,¶³ªL¿¤,16,¥j§|¶m,196
23.5973,120.6853,¯óÀ­,C0K240,2017-01-21T21:00:00+08:00,1132.0,139.0,2.4,13.6,0.58,895.6,-99.0,0.0,-9.9,-99,-999,¶³ªL¿¤,16,¥j§|¶m,196
23.5973,120.6853,¯óÀ­,C0K240,2017-01-21T22:00:00+08:00,1132.0,313.0,2.0,12.7,0.59,895.6,-99.0,0.0,-9.9,-99,-999,¶³ªL¿¤,16,¥j§|¶m,196
23.5973,120.6853,¯óÀ­,C0K240,2017-01-21T23:00:00+08:00,1132.0,319.0,0.7,13.1,0.49,895.6,-99.0,0.0,-9.9,-99,-999,¶³ªL¿¤,16,¥j§|¶m,196
23.5973,120.6853,¯óÀ­,C0K240,2017-01-22T00:00:00+08:00,1132.0,95.0,0.7,13.2,0.48,895.8,-99.0,0.0,-9.9,-99,-999,¶³ªL¿¤,16,¥j§|¶m,196
23.5973,120.6853,¯óÀ­,C0K240,2017-01-22T01:00:00+08:00,1132.0,51.0,1.0,12.7,0.56,895.7,-99.0,0.0,-9.9,-99,-999,¶³ªL¿¤,16,¥j§|¶m,196
23.5973,120.6853,¯óÀ­,C0K240,2017-01-22T02:00:00+08:00,1132.0,111.0,1.5,12.8,0.57,895.6,-99.0,0.0,-9.9,-99,-999,¶³ªL¿¤,16,¥j§|¶m,196
23.5973,120.6853,¯óÀ­,C0K240,2017-01-22T03:00:00+08:00,1132.0,147.0,1.2,13.6,0.50,895.6,-99.0,0.0,-9.9,-99,-999,¶³ªL¿¤,16,¥j§|¶m,196
23.5973,120.6853,¯óÀ­,C0K240,2017-01-22T04:00:00+08:00,1132.0,121.0,2.1,13.0,0.51,895.5,-99.0,0.0,-9.9,-99,-999,¶³ªL¿¤,16,¥j§|¶m,196
23.5973,120.6853,¯óÀ­,C0K240,2017-01-22T05:00:00+08:00,1132.0,143.0,1.8,12.9,0.52,895.6,-99.0,0.0,-9.9,-99,-999,¶³ªL¿¤,16,¥j§|¶m,196
23.5973,120.6853,¯óÀ­,C0K240,2017-01-22T06:00:00+08:00,1132.0,148.0,1.9,13.1,0.53,896.0,-99.0,0.0,-9.9,-99,-999,¶³ªL¿¤,16,¥j§|¶m,196
23.5973,120.6853,¯óÀ­,C0K240,2017-01-22T07:00:00+08:00,1132.0,128.0,2.1,13.8,0.50,896.0,-99.0,0.0,-9.9,-99,-999,¶³ªL¿¤,16,¥j§|¶m,196
23.5973,120.6853,¯óÀ­,C0K240,2017-01-22T08:00:00+08:00,1132.0,271.0,0.9,15.1,0.43,896.6,-99.0,0.0,-9.9,-99,-999,¶³ªL¿¤,16,¥j§|¶m,196
23.5973,120.6853,¯óÀ­,C0K240,2017-01-22T09:00:00+08:00,1132.0,302.0,0.6,16.4,0.41,897.3,-99.0,0.0,-9.9,-99,-999,¶³ªL¿¤,16,¥j§|¶m,196
23.5973,120.6853,¯óÀ­,C0K240,2017-01-22T10:00:00+08:00,1132.0,306.0,1.3,17.8,0.39,897.3,-99.0,0.0,-9.9,-99,-999,¶³ªL¿¤,16,¥j§|¶m,196
23.5973,120.6853,¯óÀ­,C0K240,2017-01-22T11:00:00+08:00,1132.0,320.0,1.2,18.4,0.50,896.7,-99.0,0.0,-9.9,-99,-999,¶³ªL¿¤,16,¥j§|¶m,196
23.5973,120.6853,¯óÀ­,C0K240,2017-01-22T12:00:00+08:00,1132.0,321.0,2.1,15.5,0.70,895.9,-99.0,0.0,-9.9,-99,-999,¶³ªL¿¤,16,¥j§|¶m,196
23.5973,120.6853,¯óÀ­,C0K240,2017-01-22T13:00:00+08:00,1132.0,320.0,2.3,16.9,0.72,895.0,-99.0,0.0,-9.9,-99,-999,¶³ªL¿¤,16,¥j§|¶m,196
23.5973,120.6853,¯óÀ­,C0K240,2017-01-22T14:00:00+08:00,1132.0,313.0,2.1,17.8,0.69,894.4,-99.0,0.0,-9.9,-99,-999,¶³ªL¿¤,16,¥j§|¶m,196
23.5973,120.6853,¯óÀ­,C0K240,2017-01-22T15:00:00+08:00,1132.0,313.0,1.6,17.7,0.66,894.0,-99.0,0.0,-9.9,-99,-999,¶³ªL¿¤,16,¥j§|¶m,196
23.5973,120.6853,¯óÀ­,C0K240,2017-01-22T16:00:00+08:00,1132.0,324.0,1.5,16.2,0.65,893.9,-99.0,0.0,-9.9,-99,-999,¶³ªL¿¤,16,¥j§|¶m,196
23.5973,120.6853,¯óÀ­,C0K240,2017-01-22T17:00:00+08:00,1132.0,98.0,0.5,16.5,0.66,894.0,-99.0,0.0,-9.9,-99,-999,¶³ªL¿¤,16,¥j§|¶m,196
23.5973,120.6853,¯óÀ­,C0K240,2017-01-22T18:00:00+08:00,1132.0,330.0,1.7,13.1,0.77,894.1,-99.0,0.0,-9.9,-99,-999,¶³ªL¿¤,16,¥j§|¶m,196
23.5973,120.6853,¯óÀ­,C0K240,2017-01-22T19:00:00+08:00,1132.0,354.0,0.9,14.1,0.71,894.6,-99.0,0.0,-9.9,-99,-999,¶³ªL¿¤,16,¥j§|¶m,196
23.5973,120.6853,¯óÀ­,C0K240,2017-01-22T20:00:00+08:00,1132.0,315.0,0.5,12.5,0.83,895.3,-99.0,0.0,-9.9,-99,-999,¶³ªL¿¤,16,¥j§|¶m,196
23.5973,120.6853,¯óÀ­,C0K240,2017-01-22T21:00:00+08:00,1132.0,358.0,1.5,12.3,0.90,895.6,-99.0,0.0,-9.9,-99,-999,¶³ªL¿¤,16,¥j§|¶m,196
23.5973,120.6853,¯óÀ­,C0K240,2017-01-22T22:00:00+08:00,1132.0,96.0,0.7,11.9,0.91,895.6,-99.0,0.0,-9.9,-99,-999,¶³ªL¿¤,16,¥j§|¶m,196
23.5973,120.6853,¯óÀ­,C0K240,2017-01-22T23:00:00+08:00,1132.0,0.0,0.0,12.0,0.91,895.4,-99.0,0.0,-9.9,-99,-999,¶³ªL¿¤,16,¥j§|¶m,196
23.5973,120.6853,¯óÀ­,C0K240,2017-01-23T00:00:00+08:00,1132.0,150.0,1.2,12.0,0.88,895.1,-99.0,0.0,-9.9,-99,-999,¶³ªL¿¤,16,¥j§|¶m,196
23.5973,120.6853,¯óÀ­,C0K240,2017-01-23T01:00:00+08:00,1132.0,140.0,1.2,12.1,0.87,895.0,-99.0,0.0,-9.9,-99,-999,¶³ªL¿¤,16,¥j§|¶m,196
23.5973,120.6853,¯óÀ­,C0K240,2017-01-23T02:00:00+08:00,1132.0,334.0,1.5,11.9,0.91,895.0,-99.0,0.0,-9.9,-99,-999,¶³ªL¿¤,16,¥j§|¶m,196
23.5973,120.6853,¯óÀ­,C0K240,2017-01-23T03:00:00+08:00,1132.0,313.0,0.8,11.7,0.96,894.7,-99.0,0.0,-9.9,-99,-999,¶³ªL¿¤,16,¥j§|¶m,196
23.5973,120.6853,¯óÀ­,C0K240,2017-01-23T04:00:00+08:00,1132.0,321.0,1.1,11.4,0.99,894.8,-99.0,0.0,-9.9,-99,-999,¶³ªL¿¤,16,¥j§|¶m,196
23.5973,120.6853,¯óÀ­,C0K240,2017-01-23T05:00:00+08:00,1132.0,2.0,0.7,11.8,0.97,894.8,-99.0,0.0,-9.9,-99,-999,¶³ªL¿¤,16,¥j§|¶m,196
23.5973,120.6853,¯óÀ­,C0K240,2017-01-23T06:00:00+08:00,1132.0,336.0,0.7,11.9,0.96,895.3,-99.0,0.0,-9.9,-99,-999,¶³ªL¿¤,16,¥j§|¶m,196
23.5973,120.6853,¯óÀ­,C0K240,2017-01-23T07:00:00+08:00,1132.0,325.0,0.8,11.5,0.93,895.8,-99.0,0.0,-9.9,-99,-999,¶³ªL¿¤,16,¥j§|¶m,196
23.5973,120.6853,¯óÀ­,C0K240,2017-01-23T08:00:00+08:00,1132.0,323.0,1.2,12.4,0.78,896.3,-99.0,0.0,-9.9,-99,-999,¶³ªL¿¤,16,¥j§|¶m,196
23.5973,120.6853,¯óÀ­,C0K240,2017-01-23T09:00:00+08:00,1132.0,205.0,0.7,14.9,0.73,896.7,-99.0,0.0,-9.9,-99,-999,¶³ªL¿¤,16,¥j§|¶m,196
23.5973,120.6853,¯óÀ­,C0K240,2017-01-23T10:00:00+08:00,1132.0,316.0,1.1,16.3,0.66,896.8,-99.0,0.0,-9.9,-99,-999,¶³ªL¿¤,16,¥j§|¶m,196
23.5973,120.6853,¯óÀ­,C0K240,2017-01-23T11:00:00+08:00,1132.0,308.0,1.1,15.7,0.75,896.9,-99.0,0.0,-9.9,-99,-999,¶³ªL¿¤,16,¥j§|¶m,196
23.5973,120.6853,¯óÀ­,C0K240,2017-01-23T12:00:00+08:00,1132.0,313.0,1.1,16.7,0.74,896.2,-99.0,0.0,-9.9,-99,-999,¶³ªL¿¤,16,¥j§|¶m,196
23.5973,120.6853,¯óÀ­,C0K240,2017-01-23T13:00:00+08:00,1132.0,326.0,1.5,17.6,0.74,895.1,-99.0,0.0,-9.9,-99,-999,¶³ªL¿¤,16,¥j§|¶m,196
23.5973,120.6853,¯óÀ­,C0K240,2017-01-23T14:00:00+08:00,1132.0,295.0,1.2,18.3,0.71,894.7,-99.0,0.0,-9.9,-99,-999,¶³ªL¿¤,16,¥j§|¶m,196
23.5973,120.6853,¯óÀ­,C0K240,2017-01-23T15:00:00+08:00,1132.0,325.0,0.9,16.6,0.77,894.4,-99.0,0.0,-9.9,-99,-999,¶³ªL¿¤,16,¥j§|¶m,196
23.5973,120.6853,¯óÀ­,C0K240,2017-01-23T16:00:00+08:00,1132.0,314.0,1.2,15.2,0.82,894.6,-99.0,0.0,-9.9,-99,-999,¶³ªL¿¤,16,¥j§|¶m,196
23.5973,120.6853,¯óÀ­,C0K240,2017-01-23T18:00:00+08:00,1132.0,329.0,1.6,12.3,0.93,895.1,-99.0,0.0,-9.9,-99,-999,¶³ªL¿¤,16,¥j§|¶m,196
23.5973,120.6853,¯óÀ­,C0K240,2017-01-23T19:00:00+08:00,1132.0,141.0,1.7,12.3,0.95,895.3,-99.0,0.0,-9.9,-99,-999,¶³ªL¿¤,16,¥j§|¶m,196
23.5973,120.6853,¯óÀ­,C0K240,2017-01-23T20:00:00+08:00,1132.0,318.0,1.5,11.3,0.98,895.7,-99.0,0.0,-9.9,-99,-999,¶³ªL¿¤,16,¥j§|¶m,196
23.5973,120.6853,¯óÀ­,C0K240,2017-01-23T21:00:00+08:00,1132.0,333.0,0.8,11.3,0.97,895.9,-99.0,0.0,-9.9,-99,-999,¶³ªL¿¤,16,¥j§|¶m,196
23.5973,120.6853,¯óÀ­,C0K240,2017-01-23T22:00:00+08:00,1132.0,0.0,0.2,12.1,0.95,896.3,-99.0,0.0,-9.9,-99,-999,¶³ªL¿¤,16,¥j§|¶m,196
23.5973,120.6853,¯óÀ­,C0K240,2017-01-23T23:00:00+08:00,1132.0,342.0,0.6,11.7,0.96,896.3,-99.0,0.0,-9.9,-99,-999,¶³ªL¿¤,16,¥j§|¶m,196
23.5973,120.6853,¯óÀ­,C0K240,2017-01-24T00:00:00+08:00,1132.0,283.0,1.8,11.3,0.98,896.4,-99.0,0.0,-9.9,-99,-999,¶³ªL¿¤,16,¥j§|¶m,196
23.5973,120.6853,¯óÀ­,C0K240,2017-01-24T01:00:00+08:00,1132.0,204.0,0.6,11.5,0.98,896.4,-99.0,0.0,-9.9,-99,-999,¶³ªL¿¤,16,¥j§|¶m,196
23.5973,120.6853,¯óÀ­,C0K240,2017-01-24T02:00:00+08:00,1132.0,345.0,0.3,11.8,0.95,895.9,-99.0,0.0,-9.9,-99,-999,¶³ªL¿¤,16,¥j§|¶m,196
23.5973,120.6853,¯óÀ­,C0K240,2017-01-24T03:00:00+08:00,1132.0,177.0,0.6,11.8,0.93,895.6,-99.0,0.0,-9.9,-99,-999,¶³ªL¿¤,16,¥j§|¶m,196
23.5973,120.6853,¯óÀ­,C0K240,2017-01-24T04:00:00+08:00,1132.0,199.0,1.1,11.5,0.96,895.2,-99.0,0.0,-9.9,-99,-999,¶³ªL¿¤,16,¥j§|¶m,196
23.5973,120.6853,¯óÀ­,C0K240,2017-01-24T05:00:00+08:00,1132.0,110.0,1.5,11.3,0.99,895.1,-99.0,0.0,-9.9,-99,-999,¶³ªL¿¤,16,¥j§|¶m,196
23.5973,120.6853,¯óÀ­,C0K240,2017-01-24T06:00:00+08:00,1132.0,285.0,1.0,11.7,0.94,895.6,-99.0,0.0,-9.9,-99,-999,¶³ªL¿¤,16,¥j§|¶m,196
23.5973,120.6853,¯óÀ­,C0K240,2017-01-24T07:00:00+08:00,1132.0,138.0,1.8,10.9,1.00,896.0,-99.0,0.0,-9.9,-99,-999,¶³ªL¿¤,16,¥j§|¶m,196
23.5973,120.6853,¯óÀ­,C0K240,2017-01-24T08:00:00+08:00,1132.0,68.0,1.4,11.8,0.98,896.7,-99.0,0.0,-9.9,-99,-999,¶³ªL¿¤,16,¥j§|¶m,196
23.5973,120.6853,¯óÀ­,C0K240,2017-01-24T10:00:00+08:00,1132.0,331.0,1.3,14.8,0.86,897.3,-99.0,0.0,-9.9,-99,-999,¶³ªL¿¤,16,¥j§|¶m,196
23.5973,120.6853,¯óÀ­,C0K240,2017-01-24T11:00:00+08:00,1132.0,313.0,0.9,15.6,0.80,897.2,-99.0,0.0,-9.9,-99,-999,¶³ªL¿¤,16,¥j§|¶m,196
23.5973,120.6853,¯óÀ­,C0K240,2017-01-24T12:00:00+08:00,1132.0,318.0,1.3,16.6,0.80,896.5,-99.0,0.0,-9.9,-99,-999,¶³ªL¿¤,16,¥j§|¶m,196
23.5973,120.6853,¯óÀ­,C0K240,2017-01-24T13:00:00+08:00,1132.0,321.0,1.0,17.8,0.75,895.7,-99.0,0.0,-9.9,-99,-999,¶³ªL¿¤,16,¥j§|¶m,196
23.5973,120.6853,¯óÀ­,C0K240,2017-01-24T14:00:00+08:00,1132.0,351.0,0.9,17.2,0.76,895.4,-99.0,0.0,-9.9,-99,-999,¶³ªL¿¤,16,¥j§|¶m,196
23.5973,120.6853,¯óÀ­,C0K240,2017-01-24T15:00:00+08:00,1132.0,314.0,1.1,16.1,0.80,895.3,-99.0,0.0,-9.9,-99,-999,¶³ªL¿¤,16,¥j§|¶m,196
23.5973,120.6853,¯óÀ­,C0K240,2017-01-24T16:00:00+08:00,1132.0,318.0,1.3,16.9,0.77,895.4,-99.0,0.0,-9.9,-99,-999,¶³ªL¿¤,16,¥j§|¶m,196
23.5973,120.6853,¯óÀ­,C0K240,2017-01-24T17:00:00+08:00,1132.0,312.0,1.1,14.9,0.77,895.7,-99.0,0.0,-9.9,-99,-999,¶³ªL¿¤,16,¥j§|¶m,196
23.5973,120.6853,¯óÀ­,C0K240,2017-01-24T18:00:00+08:00,1132.0,0.0,0.2,13.9,0.80,895.9,-99.0,0.0,-9.9,-99,-999,¶³ªL¿¤,16,¥j§|¶m,196
23.5973,120.6853,¯óÀ­,C0K240,2017-01-24T19:00:00+08:00,1132.0,346.0,1.2,12.9,0.89,896.3,-99.0,0.0,-9.9,-99,-999,¶³ªL¿¤,16,¥j§|¶m,196
23.5973,120.6853,¯óÀ­,C0K240,2017-01-24T20:00:00+08:00,1132.0,135.0,0.7,13.8,0.76,897.0,-99.0,0.0,-9.9,-99,-999,¶³ªL¿¤,16,¥j§|¶m,196
23.5973,120.6853,¯óÀ­,C0K240,2017-01-24T21:00:00+08:00,1132.0,134.0,1.9,12.7,0.91,897.3,-99.0,0.0,-9.9,-99,-999,¶³ªL¿¤,16,¥j§|¶m,196
23.5973,120.6853,¯óÀ­,C0K240,2017-01-24T22:00:00+08:00,1132.0,0.0,0.2,13.2,0.83,897.1,-99.0,0.0,-9.9,-99,-999,¶³ªL¿¤,16,¥j§|¶m,196
23.5973,120.6853,¯óÀ­,C0K240,2017-01-24T23:00:00+08:00,1132.0,0.0,0.1,13.0,0.83,897.3,-99.0,0.0,-9.9,-99,-999,¶³ªL¿¤,16,¥j§|¶m,196
23.5973,120.6853,¯óÀ­,C0K240,2017-01-25T00:00:00+08:00,1132.0,127.0,0.6,12.5,0.80,897.2,-99.0,0.0,-9.9,-99,-999,¶³ªL¿¤,16,¥j§|¶m,196
23.5973,120.6853,¯óÀ­,C0K240,2017-01-25T01:00:00+08:00,1132.0,113.0,2.0,12.3,0.85,896.6,-99.0,0.0,-9.9,-99,-999,¶³ªL¿¤,16,¥j§|¶m,196
23.5973,120.6853,¯óÀ­,C0K240,2017-01-25T02:00:00+08:00,1132.0,109.0,1.3,12.7,0.82,896.4,-99.0,0.0,-9.9,-99,-999,¶³ªL¿¤,16,¥j§|¶m,196
23.5973,120.6853,¯óÀ­,C0K240,2017-01-25T03:00:00+08:00,1132.0,0.0,0.1,13.4,0.72,896.0,-99.0,0.0,-9.9,-99,-999,¶³ªL¿¤,16,¥j§|¶m,196
23.5973,120.6853,¯óÀ­,C0K240,2017-01-25T04:00:00+08:00,1132.0,134.0,1.5,12.9,0.78,895.8,-99.0,0.0,-9.9,-99,-999,¶³ªL¿¤,16,¥j§|¶m,196
23.5973,120.6853,¯óÀ­,C0K240,2017-01-25T05:00:00+08:00,1132.0,139.0,1.4,13.5,0.72,896.0,-99.0,0.0,-9.9,-99,-999,¶³ªL¿¤,16,¥j§|¶m,196
23.5973,120.6853,¯óÀ­,C0K240,2017-01-25T06:00:00+08:00,1132.0,109.0,0.6,13.6,0.57,896.1,-99.0,0.0,-9.9,-99,-999,¶³ªL¿¤,16,¥j§|¶m,196
23.5973,120.6853,¯óÀ­,C0K240,2017-01-25T07:00:00+08:00,1132.0,120.0,1.1,13.6,0.61,896.5,-99.0,0.0,-9.9,-99,-999,¶³ªL¿¤,16,¥j§|¶m,196
23.5973,120.6853,¯óÀ­,C0K240,2017-01-25T08:00:00+08:00,1132.0,178.0,1.2,14.0,0.59,896.8,-99.0,0.0,-9.9,-99,-999,¶³ªL¿¤,16,¥j§|¶m,196
23.5973,120.6853,¯óÀ­,C0K240,2017-01-25T09:00:00+08:00,1132.0,138.0,2.4,14.0,0.63,897.3,-99.0,0.0,-9.9,-99,-999,¶³ªL¿¤,16,¥j§|¶m,196
23.5973,120.6853,¯óÀ­,C0K240,2017-01-25T10:00:00+08:00,1132.0,225.0,0.4,16.3,0.54,897.3,-99.0,0.0,-9.9,-99,-999,¶³ªL¿¤,16,¥j§|¶m,196
23.5973,120.6853,¯óÀ­,C0K240,2017-01-25T11:00:00+08:00,1132.0,298.0,0.4,16.9,0.57,896.8,-99.0,0.0,-9.9,-99,-999,¶³ªL¿¤,16,¥j§|¶m,196
23.5973,120.6853,¯óÀ­,C0K240,2017-01-25T12:00:00+08:00,1132.0,324.0,1.1,17.7,0.57,896.1,-99.0,0.0,-9.9,-99,-999,¶³ªL¿¤,16,¥j§|¶m,196
23.5973,120.6853,¯óÀ­,C0K240,2017-01-25T13:00:00+08:00,1132.0,323.0,2.2,15.3,0.85,895.1,-99.0,0.0,-9.9,-99,-999,¶³ªL¿¤,16,¥j§|¶m,196
23.5973,120.6853,¯óÀ­,C0K240,2017-01-25T14:00:00+08:00,1132.0,338.0,1.3,15.9,0.78,894.7,-99.0,0.0,-9.9,-99,-999,¶³ªL¿¤,16,¥j§|¶m,196
23.5973,120.6853,¯óÀ­,C0K240,2017-01-25T15:00:00+08:00,1132.0,308.0,1.1,17.3,0.61,894.7,-99.0,0.0,-9.9,-99,-999,¶³ªL¿¤,16,¥j§|¶m,196
23.5973,120.6853,¯óÀ­,C0K240,2017-01-25T16:00:00+08:00,1132.0,315.0,1.9,15.4,0.80,894.6,-99.0,0.0,-9.9,-99,-999,¶³ªL¿¤,16,¥j§|¶m,196
23.5973,120.6853,¯óÀ­,C0K240,2017-01-25T17:00:00+08:00,1132.0,320.0,1.9,13.6,0.88,894.6,-99.0,0.0,-9.9,-99,-999,¶³ªL¿¤,16,¥j§|¶m,196
23.5973,120.6853,¯óÀ­,C0K240,2017-01-25T18:00:00+08:00,1132.0,174.0,1.0,13.2,0.73,894.8,-99.0,0.0,-9.9,-99,-999,¶³ªL¿¤,16,¥j§|¶m,196
23.5973,120.6853,¯óÀ­,C0K240,2017-01-25T19:00:00+08:00,1132.0,117.0,2.1,12.2,0.90,895.1,-99.0,0.0,-9.9,-99,-999,¶³ªL¿¤,16,¥j§|¶m,196
23.5973,120.6853,¯óÀ­,C0K240,2017-01-25T20:00:00+08:00,1132.0,127.0,1.4,11.9,0.85,895.5,-99.0,0.0,-9.9,-99,-999,¶³ªL¿¤,16,¥j§|¶m,196
23.5973,120.6853,¯óÀ­,C0K240,2017-01-25T21:00:00+08:00,1132.0,313.0,0.7,12.5,0.67,895.6,-99.0,0.0,-9.9,-99,-999,¶³ªL¿¤,16,¥j§|¶m,196
23.5973,120.6853,¯óÀ­,C0K240,2017-01-25T22:00:00+08:00,1132.0,131.0,2.2,11.7,0.72,895.5,-99.0,0.0,-9.9,-99,-999,¶³ªL¿¤,16,¥j§|¶m,196
23.5973,120.6853,¯óÀ­,C0K240,2017-01-25T23:00:00+08:00,1132.0,17.0,0.5,12.4,0.61,895.6,-99.0,0.0,-9.9,-99,-999,¶³ªL¿¤,16,¥j§|¶m,196
23.5973,120.6853,¯óÀ­,C0K240,2017-01-26T00:00:00+08:00,1132.0,320.0,1.5,11.0,0.70,895.0,-99.0,0.0,-9.9,-99,-999,¶³ªL¿¤,16,¥j§|¶m,196
23.5973,120.6853,¯óÀ­,C0K240,2017-01-26T01:00:00+08:00,1132.0,313.0,0.8,11.9,0.68,894.8,-99.0,0.0,-9.9,-99,-999,¶³ªL¿¤,16,¥j§|¶m,196
23.5973,120.6853,¯óÀ­,C0K240,2017-01-26T02:00:00+08:00,1132.0,118.0,1.9,10.6,0.72,894.2,-99.0,0.0,-9.9,-99,-999,¶³ªL¿¤,16,¥j§|¶m,196
23.5973,120.6853,¯óÀ­,C0K240,2017-01-26T03:00:00+08:00,1132.0,142.0,1.1,11.9,0.63,893.7,-99.0,0.0,-9.9,-99,-999,¶³ªL¿¤,16,¥j§|¶m,196
23.5973,120.6853,¯óÀ­,C0K240,2017-01-26T04:00:00+08:00,1132.0,130.0,2.4,10.2,0.71,893.5,-99.0,0.0,-9.9,-99,-999,¶³ªL¿¤,16,¥j§|¶m,196
23.5973,120.6853,¯óÀ­,C0K240,2017-01-26T05:00:00+08:00,1132.0,130.0,2.1,11.2,0.59,893.6,-99.0,0.0,-9.9,-99,-999,¶³ªL¿¤,16,¥j§|¶m,196
23.5973,120.6853,¯óÀ­,C0K240,2017-01-26T06:00:00+08:00,1132.0,330.0,1.7,12.0,0.55,894.4,-99.0,0.0,-9.9,-99,-999,¶³ªL¿¤,16,¥j§|¶m,196
23.5973,120.6853,¯óÀ­,C0K240,2017-01-26T07:00:00+08:00,1132.0,137.0,2.1,10.4,0.66,894.6,-99.0,0.0,-9.9,-99,-999,¶³ªL¿¤,16,¥j§|¶m,196
23.5973,120.6853,¯óÀ­,C0K240,2017-01-26T08:00:00+08:00,1132.0,135.0,2.4,13.1,0.55,894.9,-99.0,0.0,-9.9,-99,-999,¶³ªL¿¤,16,¥j§|¶m,196
23.5973,120.6853,¯óÀ­,C0K240,2017-01-26T10:00:00+08:00,1132.0,324.0,1.4,16.4,0.49,895.3,-99.0,0.0,-9.9,-99,-999,¶³ªL¿¤,16,¥j§|¶m,196
23.5973,120.6853,¯óÀ­,C0K240,2017-01-26T11:00:00+08:00,1132.0,301.0,0.8,17.4,0.50,894.9,-99.0,0.0,-9.9,-99,-999,¶³ªL¿¤,16,¥j§|¶m,196
23.5973,120.6853,¯óÀ­,C0K240,2017-01-26T12:00:00+08:00,1132.0,304.0,1.6,15.3,0.75,894.2,-99.0,0.0,-9.9,-99,-999,¶³ªL¿¤,16,¥j§|¶m,196
23.5973,120.6853,¯óÀ­,C0K240,2017-01-26T13:00:00+08:00,1132.0,298.0,1.6,16.6,0.72,893.2,-99.0,0.0,-9.9,-99,-999,¶³ªL¿¤,16,¥j§|¶m,196
23.5973,120.6853,¯óÀ­,C0K240,2017-01-26T14:00:00+08:00,1132.0,290.0,1.2,16.7,0.71,892.4,-99.0,0.0,-9.9,-99,-999,¶³ªL¿¤,16,¥j§|¶m,196
23.5973,120.6853,¯óÀ­,C0K240,2017-01-26T15:00:00+08:00,1132.0,307.0,1.1,17.0,0.72,892.1,-99.0,0.0,-9.9,-99,-999,¶³ªL¿¤,16,¥j§|¶m,196
23.5973,120.6853,¯óÀ­,C0K240,2017-01-26T16:00:00+08:00,1132.0,316.0,0.9,16.8,0.69,892.6,-99.0,0.0,-9.9,-99,-999,¶³ªL¿¤,16,¥j§|¶m,196
23.5973,120.6853,¯óÀ­,C0K240,2017-01-26T17:00:00+08:00,1132.0,308.0,1.1,15.2,0.74,893.1,-99.0,0.0,-9.9,-99,-999,¶³ªL¿¤,16,¥j§|¶m,196
23.5973,120.6853,¯óÀ­,C0K240,2017-01-26T18:00:00+08:00,1132.0,153.0,0.9,12.6,0.82,893.1,-99.0,0.0,-9.9,-99,-999,¶³ªL¿¤,16,¥j§|¶m,196
23.5973,120.6853,¯óÀ­,C0K240,2017-01-26T19:00:00+08:00,1132.0,319.0,0.6,12.6,0.83,893.4,-99.0,0.0,-9.9,-99,-999,¶³ªL¿¤,16,¥j§|¶m,196
23.5973,120.6853,¯óÀ­,C0K240,2017-01-26T20:00:00+08:00,1132.0,329.0,0.9,11.5,0.90,894.0,-99.0,0.0,-9.9,-99,-999,¶³ªL¿¤,16,¥j§|¶m,196
23.5973,120.6853,¯óÀ­,C0K240,2017-01-26T21:00:00+08:00,1132.0,347.0,1.5,11.5,0.89,893.9,-99.0,0.0,-9.9,-99,-999,¶³ªL¿¤,16,¥j§|¶m,196
23.5973,120.6853,¯óÀ­,C0K240,2017-01-26T22:00:00+08:00,1132.0,312.0,0.8,12.0,0.83,894.4,-99.0,0.0,-9.9,-99,-999,¶³ªL¿¤,16,¥j§|¶m,196
23.5973,120.6853,¯óÀ­,C0K240,2017-01-26T23:00:00+08:00,1132.0,306.0,0.9,12.0,0.79,894.5,-99.0,0.0,-9.9,-99,-999,¶³ªL¿¤,16,¥j§|¶m,196
23.5973,120.6853,¯óÀ­,C0K240,2017-01-27T00:00:00+08:00,1132.0,0.0,0.1,11.8,0.74,894.5,-99.0,0.0,-9.9,-99,-999,¶³ªL¿¤,16,¥j§|¶m,196
23.5973,120.6853,¯óÀ­,C0K240,2017-01-27T01:00:00+08:00,1132.0,149.0,1.3,11.2,0.78,894.5,-99.0,0.0,-9.9,-99,-999,¶³ªL¿¤,16,¥j§|¶m,196
23.5973,120.6853,¯óÀ­,C0K240,2017-01-27T02:00:00+08:00,1132.0,142.0,0.8,11.1,0.80,894.0,-99.0,0.0,-9.9,-99,-999,¶³ªL¿¤,16,¥j§|¶m,196
23.5973,120.6853,¯óÀ­,C0K240,2017-01-27T03:00:00+08:00,1132.0,335.0,1.0,10.9,0.81,893.8,-99.0,0.0,-9.9,-99,-999,¶³ªL¿¤,16,¥j§|¶m,196
23.5973,120.6853,¯óÀ­,C0K240,2017-01-27T04:00:00+08:00,1132.0,0.0,0.2,10.7,0.80,893.8,-99.0,0.0,-9.9,-99,-999,¶³ªL¿¤,16,¥j§|¶m,196
23.5973,120.6853,¯óÀ­,C0K240,2017-01-27T05:00:00+08:00,1132.0,122.0,1.9,10.2,0.78,894.0,-99.0,0.0,-9.9,-99,-999,¶³ªL¿¤,16,¥j§|¶m,196
23.5973,120.6853,¯óÀ­,C0K240,2017-01-27T06:00:00+08:00,1132.0,329.0,1.1,10.2,0.78,894.4,-99.0,0.0,-9.9,-99,-999,¶³ªL¿¤,16,¥j§|¶m,196
23.5973,120.6853,¯óÀ­,C0K240,2017-01-27T07:00:00+08:00,1132.0,358.0,2.2,11.0,0.67,894.8,-99.0,0.0,-9.9,-99,-999,¶³ªL¿¤,16,¥j§|¶m,196
23.5973,120.6853,¯óÀ­,C0K240,2017-01-27T08:00:00+08:00,1132.0,0.0,0.0,12.2,0.70,895.4,-99.0,0.0,-9.9,-99,-999,¶³ªL¿¤,16,¥j§|¶m,196
23.5973,120.6853,¯óÀ­,C0K240,2017-01-27T09:00:00+08:00,1132.0,324.0,0.7,13.6,0.64,895.7,-99.0,0.0,-9.9,-99,-999,¶³ªL¿¤,16,¥j§|¶m,196
23.5973,120.6853,¯óÀ­,C0K240,2017-01-27T10:00:00+08:00,1132.0,185.0,1.8,16.3,0.57,895.3,-99.0,0.0,-9.9,-99,-999,¶³ªL¿¤,16,¥j§|¶m,196
23.5973,120.6853,¯óÀ­,C0K240,2017-01-27T11:00:00+08:00,1132.0,320.0,1.2,16.8,0.61,895.1,-99.0,0.0,-9.9,-99,-999,¶³ªL¿¤,16,¥j§|¶m,196
23.5973,120.6853,¯óÀ­,C0K240,2017-01-27T12:00:00+08:00,1132.0,328.0,1.2,16.9,0.63,894.2,-99.0,0.0,-9.9,-99,-999,¶³ªL¿¤,16,¥j§|¶m,196
23.5973,120.6853,¯óÀ­,C0K240,2017-01-27T13:00:00+08:00,1132.0,328.0,1.0,18.0,0.58,893.5,-99.0,0.0,-9.9,-99,-999,¶³ªL¿¤,16,¥j§|¶m,196
23.5973,120.6853,¯óÀ­,C0K240,2017-01-27T14:00:00+08:00,1132.0,315.0,0.7,17.6,0.63,892.8,-99.0,0.0,-9.9,-99,-999,¶³ªL¿¤,16,¥j§|¶m,196
23.5973,120.6853,¯óÀ­,C0K240,2017-01-27T16:00:00+08:00,1132.0,316.0,2.2,16.0,0.68,892.6,-99.0,0.0,-9.9,-99,-999,¶³ªL¿¤,16,¥j§|¶m,196
23.5973,120.6853,¯óÀ­,C0K240,2017-01-27T17:00:00+08:00,1132.0,317.0,1.5,14.1,0.74,892.8,-99.0,0.0,-9.9,-99,-999,¶³ªL¿¤,16,¥j§|¶m,196
23.5973,120.6853,¯óÀ­,C0K240,2017-01-27T18:00:00+08:00,1132.0,122.0,1.3,13.4,0.74,892.9,-99.0,0.0,-9.9,-99,-999,¶³ªL¿¤,16,¥j§|¶m,196
23.5973,120.6853,¯óÀ­,C0K240,2017-01-27T20:00:00+08:00,1132.0,121.0,2.2,13.2,0.75,893.4,-99.0,0.0,-9.9,-99,-999,¶³ªL¿¤,16,¥j§|¶m,196
23.5973,120.6853,¯óÀ­,C0K240,2017-01-27T21:00:00+08:00,1132.0,116.0,1.3,13.7,0.66,893.4,-99.0,0.0,-9.9,-99,-999,¶³ªL¿¤,16,¥j§|¶m,196
23.5973,120.6853,¯óÀ­,C0K240,2017-01-27T22:00:00+08:00,1132.0,110.0,1.5,14.0,0.68,893.5,-99.0,0.0,-9.9,-99,-999,¶³ªL¿¤,16,¥j§|¶m,196
23.5973,120.6853,¯óÀ­,C0K240,2017-01-27T23:00:00+08:00,1132.0,331.0,0.7,14.1,0.65,893.4,-99.0,0.0,-9.9,-99,-999,¶³ªL¿¤,16,¥j§|¶m,196
23.5973,120.6853,¯óÀ­,C0K240,2017-01-28T00:00:00+08:00,1132.0,340.0,1.4,12.6,0.73,893.0,-99.0,0.0,-9.9,-99,-999,¶³ªL¿¤,16,¥j§|¶m,196
23.5973,120.6853,¯óÀ­,C0K240,2017-01-28T01:00:00+08:00,1132.0,156.0,1.1,13.0,0.69,892.8,-99.0,0.0,-9.9,-99,-999,¶³ªL¿¤,16,¥j§|¶m,196
23.5973,120.6853,¯óÀ­,C0K240,2017-01-28T02:00:00+08:00,1132.0,158.0,1.0,13.3,0.54,892.6,-99.0,0.0,-9.9,-99,-999,¶³ªL¿¤,16,¥j§|¶m,196
23.5973,120.6853,¯óÀ­,C0K240,2017-01-28T03:00:00+08:00,1132.0,135.0,1.3,13.4,0.52,892.1,-99.0,0.0,-9.9,-99,-999,¶³ªL¿¤,16,¥j§|¶m,196
23.5973,120.6853,¯óÀ­,C0K240,2017-01-28T04:00:00+08:00,1132.0,134.0,2.7,13.8,0.45,891.4,-99.0,0.0,-9.9,-99,-999,¶³ªL¿¤,16,¥j§|¶m,196
23.5973,120.6853,¯óÀ­,C0K240,2017-01-28T05:00:00+08:00,1132.0,135.0,2.5,14.0,0.46,891.5,-99.0,0.0,-9.9,-99,-999,¶³ªL¿¤,16,¥j§|¶m,196
23.5973,120.6853,¯óÀ­,C0K240,2017-01-28T06:00:00+08:00,1132.0,138.0,2.5,13.5,0.50,891.8,-99.0,0.0,-9.9,-99,-999,¶³ªL¿¤,16,¥j§|¶m,196
23.5973,120.6853,¯óÀ­,C0K240,2017-01-28T07:00:00+08:00,1132.0,133.0,3.1,13.5,0.53,892.2,-99.0,0.0,-9.9,-99,-999,¶³ªL¿¤,16,¥j§|¶m,196
23.5973,120.6853,¯óÀ­,C0K240,2017-01-28T08:00:00+08:00,1132.0,127.0,2.5,16.2,0.51,892.4,-99.0,0.0,-9.9,-99,-999,¶³ªL¿¤,16,¥j§|¶m,196
23.5973,120.6853,¯óÀ­,C0K240,2017-01-28T09:00:00+08:00,1132.0,132.0,1.1,19.4,0.41,892.9,-99.0,0.0,-9.9,-99,-999,¶³ªL¿¤,16,¥j§|¶m,196
23.5973,120.6853,¯óÀ­,C0K240,2017-01-28T11:00:00+08:00,1132.0,319.0,1.1,20.8,0.41,892.6,-99.0,0.0,-9.9,-99,-999,¶³ªL¿¤,16,¥j§|¶m,196
23.5973,120.6853,¯óÀ­,C0K240,2017-01-28T12:00:00+08:00,1132.0,297.0,1.1,20.9,0.45,891.9,-99.0,0.0,-9.9,-99,-999,¶³ªL¿¤,16,¥j§|¶m,196
23.5973,120.6853,¯óÀ­,C0K240,2017-01-28T13:00:00+08:00,1132.0,323.0,1.8,21.4,0.52,891.3,-99.0,0.0,-9.9,-99,-999,¶³ªL¿¤,16,¥j§|¶m,196
23.5973,120.6853,¯óÀ­,C0K240,2017-01-28T14:00:00+08:00,1132.0,299.0,1.2,20.4,0.58,890.6,-99.0,0.0,-9.9,-99,-999,¶³ªL¿¤,16,¥j§|¶m,196
23.5973,120.6853,¯óÀ­,C0K240,2017-01-28T15:00:00+08:00,1132.0,309.0,1.2,20.2,0.59,890.3,-99.0,0.0,-9.9,-99,-999,¶³ªL¿¤,16,¥j§|¶m,196
23.5973,120.6853,¯óÀ­,C0K240,2017-01-28T16:00:00+08:00,1132.0,288.0,1.4,17.9,0.67,890.5,-99.0,0.0,-9.9,-99,-999,¶³ªL¿¤,16,¥j§|¶m,196
23.5973,120.6853,¯óÀ­,C0K240,2017-01-28T17:00:00+08:00,1132.0,0.0,0.2,17.9,0.67,890.6,-99.0,0.0,-9.9,-99,-999,¶³ªL¿¤,16,¥j§|¶m,196
23.5973,120.6853,¯óÀ­,C0K240,2017-01-28T18:00:00+08:00,1132.0,122.0,2.4,16.2,0.73,890.9,-99.0,0.0,-9.9,-99,-999,¶³ªL¿¤,16,¥j§|¶m,196
23.5973,120.6853,¯óÀ­,C0K240,2017-01-28T19:00:00+08:00,1132.0,126.0,2.1,16.0,0.70,891.2,-99.0,0.0,-9.9,-99,-999,¶³ªL¿¤,16,¥j§|¶m,196
23.5973,120.6853,¯óÀ­,C0K240,2017-01-28T20:00:00+08:00,1132.0,133.0,2.0,16.1,0.66,891.5,-99.0,0.0,-9.9,-99,-999,¶³ªL¿¤,16,¥j§|¶m,196
23.5973,120.6853,¯óÀ­,C0K240,2017-01-28T21:00:00+08:00,1132.0,143.0,1.1,16.1,0.64,891.4,-99.0,0.0,-9.9,-99,-999,¶³ªL¿¤,16,¥j§|¶m,196
23.5973,120.6853,¯óÀ­,C0K240,2017-01-28T22:00:00+08:00,1132.0,339.0,0.3,15.6,0.68,891.6,-99.0,0.0,-9.9,-99,-999,¶³ªL¿¤,16,¥j§|¶m,196
23.5973,120.6853,¯óÀ­,C0K240,2017-01-28T23:00:00+08:00,1132.0,321.0,1.4,15.5,0.69,891.3,-99.0,0.0,-9.9,-99,-999,¶³ªL¿¤,16,¥j§|¶m,196
23.5973,120.6853,¯óÀ­,C0K240,2017-01-29T01:00:00+08:00,1132.0,139.0,0.6,15.0,0.77,891.3,-99.0,0.0,-9.9,-99,-999,¶³ªL¿¤,16,¥j§|¶m,196
23.5973,120.6853,¯óÀ­,C0K240,2017-01-29T02:00:00+08:00,1132.0,112.0,2.0,14.6,0.73,890.8,-99.0,0.0,-9.9,-99,-999,¶³ªL¿¤,16,¥j§|¶m,196
23.5973,120.6853,¯óÀ­,C0K240,2017-01-29T03:00:00+08:00,1132.0,124.0,2.1,15.0,0.72,890.7,-99.0,0.0,-9.9,-99,-999,¶³ªL¿¤,16,¥j§|¶m,196
23.5973,120.6853,¯óÀ­,C0K240,2017-01-29T04:00:00+08:00,1132.0,125.0,2.1,15.4,0.70,890.5,-99.0,0.0,-9.9,-99,-999,¶³ªL¿¤,16,¥j§|¶m,196
23.5973,120.6853,¯óÀ­,C0K240,2017-01-29T05:00:00+08:00,1132.0,108.0,1.1,16.5,0.66,890.3,-99.0,0.0,-9.9,-99,-999,¶³ªL¿¤,16,¥j§|¶m,196
23.5973,120.6853,¯óÀ­,C0K240,2017-01-29T06:00:00+08:00,1132.0,318.0,1.4,15.4,0.70,890.7,-99.0,0.0,-9.9,-99,-999,¶³ªL¿¤,16,¥j§|¶m,196
23.5973,120.6853,¯óÀ­,C0K240,2017-01-29T07:00:00+08:00,1132.0,141.0,1.4,15.6,0.71,891.3,-99.0,0.0,-9.9,-99,-999,¶³ªL¿¤,16,¥j§|¶m,196
23.5973,120.6853,¯óÀ­,C0K240,2017-01-29T08:00:00+08:00,1132.0,165.0,1.0,17.8,0.65,891.9,-99.0,0.0,-9.9,-99,-999,¶³ªL¿¤,16,¥j§|¶m,196
23.5973,120.6853,¯óÀ­,C0K240,2017-01-29T09:00:00+08:00,1132.0,326.0,1.9,16.9,0.70,892.5,-99.0,0.0,-9.9,-99,-999,¶³ªL¿¤,16,¥j§|¶m,196
23.5973,120.6853,¯óÀ­,C0K240,2017-01-29T10:00:00+08:00,1132.0,323.0,1.4,18.1,0.70,892.8,-99.0,0.0,-9.9,-99,-999,¶³ªL¿¤,16,¥j§|¶m,196
23.5973,120.6853,¯óÀ­,C0K240,2017-01-29T11:00:00+08:00,1132.0,317.0,1.4,19.3,0.64,892.6,-99.0,0.0,-9.9,-99,-999,¶³ªL¿¤,16,¥j§|¶m,196
23.5973,120.6853,¯óÀ­,C0K240,2017-01-29T12:00:00+08:00,1132.0,327.0,1.5,20.1,0.67,891.8,-99.0,0.0,-9.9,-99,-999,¶³ªL¿¤,16,¥j§|¶m,196
23.5973,120.6853,¯óÀ­,C0K240,2017-01-29T13:00:00+08:00,1132.0,319.0,1.4,20.9,0.67,891.0,-99.0,0.0,-9.9,-99,-999,¶³ªL¿¤,16,¥j§|¶m,196
23.5973,120.6853,¯óÀ­,C0K240,2017-01-29T14:00:00+08:00,1132.0,311.0,1.8,21.1,0.67,890.4,-99.0,0.0,-9.9,-99,-999,¶³ªL¿¤,16,¥j§|¶m,196
23.5973,120.6853,¯óÀ­,C0K240,2017-01-29T15:00:00+08:00,1132.0,310.0,1.9,20.6,0.67,890.1,-99.0,0.0,-9.9,-99,-999,¶³ªL¿¤,16,¥j§|¶m,196
23.5973,120.6853,¯óÀ­,C0K240,2017-01-29T16:00:00+08:00,1132.0,307.0,1.0,19.6,0.68,890.4,-99.0,0.0,-9.9,-99,-999,¶³ªL¿¤,16,¥j§|¶m,196
23.5973,120.6853,¯óÀ­,C0K240,2017-01-29T17:00:00+08:00,1132.0,310.0,1.1,17.8,0.75,890.9,-99.0,0.0,-9.9,-99,-999,¶³ªL¿¤,16,¥j§|¶m,196
23.5973,120.6853,¯óÀ­,C0K240,2017-01-29T18:00:00+08:00,1132.0,308.0,1.9,15.6,0.85,891.3,-99.0,0.0,-9.9,-99,-999,¶³ªL¿¤,16,¥j§|¶m,196
23.5973,120.6853,¯óÀ­,C0K240,2017-01-29T19:00:00+08:00,1132.0,137.0,1.8,16.0,0.81,891.7,-99.0,0.0,-9.9,-99,-999,¶³ªL¿¤,16,¥j§|¶m,196
23.5973,120.6853,¯óÀ­,C0K240,2017-01-29T20:00:00+08:00,1132.0,126.0,2.2,15.9,0.82,891.9,-99.0,0.0,-9.9,-99,-999,¶³ªL¿¤,16,¥j§|¶m,196
23.5973,120.6853,¯óÀ­,C0K240,2017-01-29T21:00:00+08:00,1132.0,129.0,1.5,15.9,0.81,891.8,-99.0,0.0,-9.9,-99,-999,¶³ªL¿¤,16,¥j§|¶m,196
23.5973,120.6853,¯óÀ­,C0K240,2017-01-29T22:00:00+08:00,1132.0,328.0,1.5,15.7,0.81,891.6,-99.0,0.0,-9.9,-99,-999,¶³ªL¿¤,16,¥j§|¶m,196
23.5973,120.6853,¯óÀ­,C0K240,2017-01-29T23:00:00+08:00,1132.0,171.0,0.9,16.0,0.79,891.6,-99.0,0.0,-9.9,-99,-999,¶³ªL¿¤,16,¥j§|¶m,196
23.5973,120.6853,¯óÀ­,C0K240,2017-01-30T00:00:00+08:00,1132.0,139.0,2.9,14.7,0.87,891.2,-99.0,0.0,-9.9,-99,-999,¶³ªL¿¤,16,¥j§|¶m,196
23.5973,120.6853,¯óÀ­,C0K240,2017-01-30T01:00:00+08:00,1132.0,123.0,1.7,15.5,0.83,891.0,-99.0,0.0,-9.9,-99,-999,¶³ªL¿¤,16,¥j§|¶m,196
23.5973,120.6853,¯óÀ­,C0K240,2017-01-30T02:00:00+08:00,1132.0,276.0,2.3,14.9,0.86,891.0,-99.0,0.0,-9.9,-99,-999,¶³ªL¿¤,16,¥j§|¶m,196
23.5973,120.6853,¯óÀ­,C0K240,2017-01-30T03:00:00+08:00,1132.0,140.0,1.1,14.7,0.84,890.6,-99.0,0.0,-9.9,-99,-999,¶³ªL¿¤,16,¥j§|¶m,196
23.5973,120.6853,¯óÀ­,C0K240,2017-01-30T04:00:00+08:00,1132.0,40.0,0.3,15.0,0.80,890.7,-99.0,0.0,-9.9,-99,-999,¶³ªL¿¤,16,¥j§|¶m,196
23.5973,120.6853,¯óÀ­,C0K240,2017-01-30T05:00:00+08:00,1132.0,139.0,2.8,15.3,0.78,890.7,-99.0,0.0,-9.9,-99,-999,¶³ªL¿¤,16,¥j§|¶m,196
23.5973,120.6853,¯óÀ­,C0K240,2017-01-30T06:00:00+08:00,1132.0,114.0,2.2,16.0,0.74,891.2,-99.0,0.0,-9.9,-99,-999,¶³ªL¿¤,16,¥j§|¶m,196
23.5973,120.6853,¯óÀ­,C0K240,2017-01-30T07:00:00+08:00,1132.0,270.0,0.8,16.0,0.76,891.8,-99.0,0.0,-9.9,-99,-999,¶³ªL¿¤,16,¥j§|¶m,196
23.5973,120.6853,¯óÀ­,C0K240,2017-01-30T08:00:00+08:00,1132.0,355.0,1.0,16.2,0.78,892.4,-99.0,0.0,-9.9,-99,-999,¶³ªL¿¤,16,¥j§|¶m,196
23.5973,120.6853,¯óÀ­,C0K240,2017-01-30T09:00:00+08:00,1132.0,341.0,0.8,19.1,0.70,892.8,-99.0,0.0,-9.9,-99,-999,¶³ªL¿¤,16,¥j§|¶m,196
23.5973,120.6853,¯óÀ­,C0K240,2017-01-30T10:00:00+08:00,1132.0,334.0,1.3,18.5,0.74,892.7,-99.0,0.0,-9.9,-99,-999,¶³ªL¿¤,16,¥j§|¶m,196
23.5973,120.6853,¯óÀ­,C0K240,2017-01-30T11:00:00+08:00,1132.0,333.0,1.2,20.1,0.68,892.2,-99.0,0.0,-9.9,-99,-999,¶³ªL¿¤,16,¥j§|¶m,196
23.5973,120.6853,¯óÀ­,C0K240,2017-01-30T12:00:00+08:00,1132.0,321.0,0.8,20.8,0.66,891.5,-99.0,0.0,-9.9,-99,-999,¶³ªL¿¤,16,¥j§|¶m,196
23.5973,120.6853,¯óÀ­,C0K240,2017-01-30T13:00:00+08:00,1132.0,301.0,1.3,21.7,0.66,890.8,-99.0,0.0,-9.9,-99,-999,¶³ªL¿¤,16,¥j§|¶m,196
23.5973,120.6853,¯óÀ­,C0K240,2017-01-30T14:00:00+08:00,1132.0,309.0,0.8,19.9,0.73,890.3,-99.0,0.0,-9.9,-99,-999,¶³ªL¿¤,16,¥j§|¶m,196
23.5973,120.6853,¯óÀ­,C0K240,2017-01-30T15:00:00+08:00,1132.0,344.0,1.1,20.0,0.77,889.9,-99.0,0.0,-9.9,-99,-999,¶³ªL¿¤,16,¥j§|¶m,196
23.5973,120.6853,¯óÀ­,C0K240,2017-01-30T16:00:00+08:00,1132.0,323.0,1.4,17.9,0.90,890.2,-99.0,0.0,-9.9,-99,-999,¶³ªL¿¤,16,¥j§|¶m,196
23.5973,120.6853,¯óÀ­,C0K240,2017-01-30T17:00:00+08:00,1132.0,315.0,0.7,16.9,0.93,890.9,-99.0,0.0,-9.9,-99,-999,¶³ªL¿¤,16,¥j§|¶m,196
23.5973,120.6853,¯óÀ­,C0K240,2017-01-30T18:00:00+08:00,1132.0,336.0,1.6,16.2,0.93,891.3,-99.0,0.0,-9.9,-99,-999,¶³ªL¿¤,16,¥j§|¶m,196
23.5973,120.6853,¯óÀ­,C0K240,2017-01-30T20:00:00+08:00,1132.0,8.0,0.4,17.0,0.87,892.0,-99.0,0.0,-9.9,-99,-999,¶³ªL¿¤,16,¥j§|¶m,196
23.5973,120.6853,¯óÀ­,C0K240,2017-01-30T21:00:00+08:00,1132.0,0.0,0.1,16.7,0.88,891.9,-99.0,0.0,-9.9,-99,-999,¶³ªL¿¤,16,¥j§|¶m,196
23.5973,120.6853,¯óÀ­,C0K240,2017-01-30T22:00:00+08:00,1132.0,88.0,0.4,16.3,0.92,891.7,-99.0,0.0,-9.9,-99,-999,¶³ªL¿¤,16,¥j§|¶m,196
23.5973,120.6853,¯óÀ­,C0K240,2017-01-30T23:00:00+08:00,1132.0,293.0,0.9,16.5,0.91,891.5,-99.0,0.0,-9.9,-99,-999,¶³ªL¿¤,16,¥j§|¶m,196
23.5973,120.6853,¯óÀ­,C0K240,2017-01-31T00:00:00+08:00,1132.0,241.0,1.5,16.2,0.92,891.7,-99.0,0.0,-9.9,-99,-999,¶³ªL¿¤,16,¥j§|¶m,196
23.5973,120.6853,¯óÀ­,C0K240,2017-01-31T01:00:00+08:00,1132.0,213.0,1.2,16.6,0.81,891.3,-99.0,0.0,-9.9,-99,-999,¶³ªL¿¤,16,¥j§|¶m,196
23.5973,120.6853,¯óÀ­,C0K240,2017-01-31T02:00:00+08:00,1132.0,139.0,1.7,15.7,0.91,890.7,-99.0,0.0,-9.9,-99,-999,¶³ªL¿¤,16,¥j§|¶m,196
23.5973,120.6853,¯óÀ­,C0K240,2017-01-31T03:00:00+08:00,1132.0,120.0,2.0,15.6,0.94,890.6,-99.0,0.0,-9.9,-99,-999,¶³ªL¿¤,16,¥j§|¶m,196
23.5973,120.6853,¯óÀ­,C0K240,2017-01-31T04:00:00+08:00,1132.0,311.0,1.1,15.7,0.86,890.5,-99.0,0.0,-9.9,-99,-999,¶³ªL¿¤,16,¥j§|¶m,196
23.5973,120.6853,¯óÀ­,C0K240,2017-01-31T05:00:00+08:00,1132.0,115.0,0.8,14.8,0.91,890.7,-99.0,0.0,-9.9,-99,-999,¶³ªL¿¤,16,¥j§|¶m,196
23.5973,120.6853,¯óÀ­,C0K240,2017-01-31T06:00:00+08:00,1132.0,318.0,0.6,14.9,0.91,891.2,-99.0,0.0,-9.9,-99,-999,¶³ªL¿¤,16,¥j§|¶m,196
23.5973,120.6853,¯óÀ­,C0K240,2017-01-31T07:00:00+08:00,1132.0,153.0,0.5,15.3,0.86,891.7,-99.0,0.0,-9.9,-99,-999,¶³ªL¿¤,16,¥j§|¶m,196
