23.3264,120.5736,馬頭山,C0M410,2017-01-01T00:00:00+08:00,245.0,339.0,1.2,16.4,0.95,988.6,-99.0,0.0,-9.9,-99,-999,嘉義縣,17,大埔鄉,233
23.3264,120.5736,馬頭山,C0M410,2017-01-10T10:00:00+08:00,245.0,188.0,0.9,22.1,0.64,986.1,-99.0,0.0,-9.9,-99,-999,嘉義縣,17,大埔鄉,233
23.3264,120.5736,馬頭山,C0M410,2017-01-10T11:00:00+08:00,245.0,141.0,2.1,22.2,0.71,985.7,-99.0,0.0,-9.9,-99,-999,嘉義縣,17,大埔鄉,233
23.3264,120.5736,馬頭山,C0M410,2017-01-10T12:00:00+08:00,245.0,145.0,2.0,23.2,0.68,984.9,-99.0,0.0,-9.9,-99,-999,嘉義縣,17,大埔鄉,233
23.3264,120.5736,馬頭山,C0M410,2017-01-10T13:00:00+08:00,245.0,185.0,1.9,25.6,0.59,984.0,-99.0,0.0,-9.9,-99,-999,嘉義縣,17,大埔鄉,233
23.3264,120.5736,馬頭山,C0M410,2017-01-10T14:00:00+08:00,245.0,202.0,1.3,25.5,0.59,983.1,-99.0,0.0,-9.9,-99,-999,嘉義縣,17,大埔鄉,233
23.3264,120.5736,馬頭山,C0M410,2017-01-10T15:00:00+08:00,245.0,197.0,1.1,24.6,0.60,983.0,-99.0,0.0,-9.9,-99,-999,嘉義縣,17,大埔鄉,233
23.3264,120.5736,馬頭山,C0M410,2017-01-10T16:00:00+08:00,245.0,216.0,0.4,24.0,0.65,983.1,-99.0,0.0,-9.9,-99,-999,嘉義縣,17,大埔鄉,233
23.3264,120.5736,馬頭山,C0M410,2017-01-10T17:00:00+08:00,245.0,343.0,1.3,21.4,0.68,983.8,-99.0,0.0,-9.9,-99,-999,嘉義縣,17,大埔鄉,233
23.3264,120.5736,馬頭山,C0M410,2017-01-10T18:00:00+08:00,245.0,332.0,1.6,19.6,0.77,984.3,-99.0,0.0,-9.9,-99,-999,嘉義縣,17,大埔鄉,233
23.3264,120.5736,馬頭山,C0M410,2017-01-10T19:00:00+08:00,245.0,348.0,1.0,18.3,0.84,984.9,-99.0,0.0,-9.9,-99,-999,嘉義縣,17,大埔鄉,233
23.3264,120.5736,馬頭山,C0M410,2017-01-10T20:00:00+08:00,245.0,346.0,1.1,17.8,0.86,985.6,-99.0,0.0,-9.9,-99,-999,嘉義縣,17,大埔鄉,233
23.3264,120.5736,馬頭山,C0M410,2017-01-10T21:00:00+08:00,245.0,356.0,1.3,17.5,0.87,986.0,-99.0,0.0,-9.9,-99,-999,嘉義縣,17,大埔鄉,233
23.3264,120.5736,馬頭山,C0M410,2017-01-10T22:00:00+08:00,245.0,360.0,0.8,16.9,0.91,986.2,-99.0,0.0,-9.9,-99,-999,嘉義縣,17,大埔鄉,233
23.3264,120.5736,馬頭山,C0M410,2017-01-10T23:00:00+08:00,245.0,0.0,0.0,16.6,0.92,986.1,-99.0,0.0,-9.9,-99,-999,嘉義縣,17,大埔鄉,233
23.3264,120.5736,馬頭山,C0M410,2017-01-11T00:00:00+08:00,245.0,348.0,0.7,17.0,0.90,985.5,-99.0,0.0,-9.9,-99,-999,嘉義縣,17,大埔鄉,233
23.3264,120.5736,馬頭山,C0M410,2017-01-11T01:00:00+08:00,245.0,351.0,0.9,15.6,0.96,985.6,-99.0,0.0,-9.9,-99,-999,嘉義縣,17,大埔鄉,233
23.3264,120.5736,馬頭山,C0M410,2017-01-11T02:00:00+08:00,245.0,0.0,0.0,15.9,0.93,985.3,-99.0,0.0,-9.9,-99,-999,嘉義縣,17,大埔鄉,233
23.3264,120.5736,馬頭山,C0M410,2017-01-11T03:00:00+08:00,245.0,0.0,0.0,15.5,0.95,984.9,-99.0,0.0,-9.9,-99,-999,嘉義縣,17,大埔鄉,233
23.3264,120.5736,馬頭山,C0M410,2017-01-11T04:00:00+08:00,245.0,352.0,1.1,15.4,0.95,985.0,-99.0,0.0,-9.9,-99,-999,嘉義縣,17,大埔鄉,233
23.3264,120.5736,馬頭山,C0M410,2017-01-11T05:00:00+08:00,245.0,343.0,0.4,14.8,0.97,985.1,-99.0,0.0,-9.9,-99,-999,嘉義縣,17,大埔鄉,233
23.3264,120.5736,馬頭山,C0M410,2017-01-11T06:00:00+08:00,245.0,344.0,0.8,14.9,0.96,985.6,-99.0,0.0,-9.9,-99,-999,嘉義縣,17,大埔鄉,233
23.3264,120.5736,馬頭山,C0M410,2017-01-11T07:00:00+08:00,245.0,14.0,0.4,14.4,0.97,985.9,-99.0,0.0,-9.9,-99,-999,嘉義縣,17,大埔鄉,233
23.3264,120.5736,馬頭山,C0M410,2017-01-11T08:00:00+08:00,245.0,0.0,0.2,15.5,0.97,986.4,-99.0,0.0,-9.9,-99,-999,嘉義縣,17,大埔鄉,233
23.3264,120.5736,馬頭山,C0M410,2017-01-11T09:00:00+08:00,245.0,169.0,0.8,18.4,0.82,986.9,-99.0,0.0,-9.9,-99,-999,嘉義縣,17,大埔鄉,233
23.3264,120.5736,馬頭山,C0M410,2017-01-11T10:00:00+08:00,245.0,170.0,0.9,21.3,0.64,986.5,-99.0,0.0,-9.9,-99,-999,嘉義縣,17,大埔鄉,233
23.3264,120.5736,馬頭山,C0M410,2017-01-11T11:00:00+08:00,245.0,174.0,1.2,24.5,0.54,985.6,-99.0,0.0,-9.9,-99,-999,嘉義縣,17,大埔鄉,233
23.3264,120.5736,馬頭山,C0M410,2017-01-11T12:00:00+08:00,245.0,175.0,1.2,24.8,0.55,984.1,-99.0,0.0,-9.9,-99,-999,嘉義縣,17,大埔鄉,233
23.3264,120.5736,馬頭山,C0M410,2017-01-11T13:00:00+08:00,245.0,175.0,1.8,26.1,0.53,982.8,-99.0,0.0,-9.9,-99,-999,嘉義縣,17,大埔鄉,233
23.3264,120.5736,馬頭山,C0M410,2017-01-11T14:00:00+08:00,245.0,159.0,1.8,25.1,0.59,982.0,-99.0,0.0,-9.9,-99,-999,嘉義縣,17,大埔鄉,233
23.3264,120.5736,馬頭山,C0M410,2017-01-11T15:00:00+08:00,245.0,147.0,1.4,24.3,0.63,981.6,-99.0,0.0,-9.9,-99,-999,嘉義縣,17,大埔鄉,233
23.3264,120.5736,馬頭山,C0M410,2017-01-11T16:00:00+08:00,245.0,147.0,1.6,23.1,0.66,981.7,-99.0,0.0,-9.9,-99,-999,嘉義縣,17,大埔鄉,233
23.3264,120.5736,馬頭山,C0M410,2017-01-11T18:00:00+08:00,245.0,4.0,1.2,20.3,0.77,983.1,-99.0,0.0,-9.9,-99,-999,嘉義縣,17,大埔鄉,233
23.3264,120.5736,馬頭山,C0M410,2017-01-11T19:00:00+08:00,245.0,351.0,1.3,19.2,0.81,983.9,-99.0,0.0,-9.9,-99,-999,嘉義縣,17,大埔鄉,233
23.3264,120.5736,馬頭山,C0M410,2017-01-11T20:00:00+08:00,245.0,335.0,0.8,19.1,0.83,984.5,-99.0,0.0,-9.9,-99,-999,嘉義縣,17,大埔鄉,233
23.3264,120.5736,馬頭山,C0M410,2017-01-11T21:00:00+08:00,245.0,333.0,1.0,18.8,0.86,984.9,-99.0,0.0,-9.9,-99,-999,嘉義縣,17,大埔鄉,233
23.3264,120.5736,馬頭山,C0M410,2017-01-11T22:00:00+08:00,245.0,350.0,0.8,18.6,0.88,985.2,-99.0,0.0,-9.9,-99,-999,嘉義縣,17,大埔鄉,233
23.3264,120.5736,馬頭山,C0M410,2017-01-11T23:00:00+08:00,245.0,0.0,0.1,18.5,0.91,985.2,-99.0,0.0,-9.9,-99,-999,嘉義縣,17,大埔鄉,233
23.3264,120.5736,馬頭山,C0M410,2017-01-12T00:00:00+08:00,245.0,315.0,0.9,18.5,0.90,984.7,-99.0,0.0,-9.9,-99,-999,嘉義縣,17,大埔鄉,233
23.3264,120.5736,馬頭山,C0M410,2017-01-12T01:00:00+08:00,245.0,329.0,0.7,17.9,0.92,984.2,-99.0,0.0,-9.9,-99,-999,嘉義縣,17,大埔鄉,233
23.3264,120.5736,馬頭山,C0M410,2017-01-12T02:00:00+08:00,245.0,0.0,0.2,18.3,0.90,984.0,-99.0,0.0,-9.9,-99,-999,嘉義縣,17,大埔鄉,233
23.3264,120.5736,馬頭山,C0M410,2017-01-12T03:00:00+08:00,245.0,329.0,0.9,18.3,0.93,983.8,-99.0,0.0,-9.9,-99,-999,嘉義縣,17,大埔鄉,233
23.3264,120.5736,馬頭山,C0M410,2017-01-12T04:00:00+08:00,245.0,343.0,0.9,18.2,0.93,983.5,-99.0,0.0,-9.9,-99,-999,嘉義縣,17,大埔鄉,233
23.3264,120.5736,馬頭山,C0M410,2017-01-12T05:00:00+08:00,245.0,0.0,0.0,17.9,0.95,983.3,-99.0,0.0,-9.9,-99,-999,嘉義縣,17,大埔鄉,233
23.3264,120.5736,馬頭山,C0M410,2017-01-12T06:00:00+08:00,245.0,342.0,1.2,17.5,0.93,983.2,-99.0,0.0,-9.9,-99,-999,嘉義縣,17,大埔鄉,233
23.3264,120.5736,馬頭山,C0M410,2017-01-12T07:00:00+08:00,245.0,341.0,1.0,17.5,0.94,983.0,-99.0,0.0,-9.9,-99,-999,嘉義縣,17,大埔鄉,233
23.3264,120.5736,馬頭山,C0M410,2017-01-12T08:00:00+08:00,245.0,0.0,0.0,19.0,0.90,983.3,-99.0,0.0,-9.9,-99,-999,嘉義縣,17,大埔鄉,233
23.3264,120.5736,馬頭山,C0M410,2017-01-12T09:00:00+08:00,245.0,0.0,0.1,20.6,0.78,983.1,-99.0,0.0,-9.9,-99,-999,嘉義縣,17,大埔鄉,233
23.3264,120.5736,馬頭山,C0M410,2017-01-12T10:00:00+08:00,245.0,188.0,1.0,23.5,0.69,983.5,-99.0,0.0,-9.9,-99,-999,嘉義縣,17,大埔鄉,233
23.3264,120.5736,馬頭山,C0M410,2017-01-12T11:00:00+08:00,245.0,151.0,1.3,24.9,0.60,982.3,-99.0,0.0,-9.9,-99,-999,嘉義縣,17,大埔鄉,233
23.3264,120.5736,馬頭山,C0M410,2017-01-12T12:00:00+08:00,245.0,147.0,2.9,23.7,0.69,981.5,-99.0,0.0,-9.9,-99,-999,嘉義縣,17,大埔鄉,233
23.3264,120.5736,馬頭山,C0M410,2017-01-12T13:00:00+08:00,245.0,149.0,2.6,23.2,0.69,980.6,-99.0,0.0,-9.9,-99,-999,嘉義縣,17,大埔鄉,233
23.3264,120.5736,馬頭山,C0M410,2017-01-12T14:00:00+08:00,245.0,143.0,1.2,23.5,0.68,980.0,-99.0,0.0,-9.9,-99,-999,嘉義縣,17,大埔鄉,233
23.3264,120.5736,馬頭山,C0M410,2017-01-12T15:00:00+08:00,245.0,356.0,1.8,22.2,0.73,979.5,-99.0,0.0,-9.9,-99,-999,嘉義縣,17,大埔鄉,233
23.3264,120.5736,馬頭山,C0M410,2017-01-12T16:00:00+08:00,245.0,360.0,1.1,21.7,0.75,979.8,-99.0,0.0,-9.9,-99,-999,嘉義縣,17,大埔鄉,233
23.3264,120.5736,馬頭山,C0M410,2017-01-12T17:00:00+08:00,245.0,334.0,1.3,21.4,0.74,980.1,-99.0,0.0,-9.9,-99,-999,嘉義縣,17,大埔鄉,233
23.3264,120.5736,馬頭山,C0M410,2017-01-12T18:00:00+08:00,245.0,353.0,1.2,21.1,0.75,980.3,-99.0,0.0,-9.9,-99,-999,嘉義縣,17,大埔鄉,233
23.3264,120.5736,馬頭山,C0M410,2017-01-12T19:00:00+08:00,245.0,337.0,1.4,20.1,0.82,981.1,-99.0,0.0,-9.9,-99,-999,嘉義縣,17,大埔鄉,233
23.3264,120.5736,馬頭山,C0M410,2017-01-12T20:00:00+08:00,245.0,347.0,0.4,19.5,0.86,981.6,-99.0,0.0,-9.9,-99,-999,嘉義縣,17,大埔鄉,233
23.3264,120.5736,馬頭山,C0M410,2017-01-12T22:00:00+08:00,245.0,344.0,1.0,18.6,0.90,982.0,-99.0,0.0,-9.9,-99,-999,嘉義縣,17,大埔鄉,233
23.3264,120.5736,馬頭山,C0M410,2017-01-12T23:00:00+08:00,245.0,352.0,0.8,17.8,0.94,982.0,-99.0,0.0,-9.9,-99,-999,嘉義縣,17,大埔鄉,233
23.3264,120.5736,馬頭山,C0M410,2017-01-13T00:00:00+08:00,245.0,349.0,1.1,17.7,0.94,981.8,-99.0,0.0,-9.9,-99,-999,嘉義縣,17,大埔鄉,233
23.3264,120.5736,馬頭山,C0M410,2017-01-13T01:00:00+08:00,245.0,0.0,0.1,18.5,0.92,981.2,-99.0,0.0,-9.9,-99,-999,嘉義縣,17,大埔鄉,233
23.3264,120.5736,馬頭山,C0M410,2017-01-13T02:00:00+08:00,245.0,348.0,1.2,18.2,0.93,981.1,-99.0,0.0,-9.9,-99,-999,嘉義縣,17,大埔鄉,233
23.3264,120.5736,馬頭山,C0M410,2017-01-13T03:00:00+08:00,245.0,355.0,1.1,17.2,0.95,980.8,-99.0,0.0,-9.9,-99,-999,嘉義縣,17,大埔鄉,233
23.3264,120.5736,馬頭山,C0M410,2017-01-13T04:00:00+08:00,245.0,0.0,0.1,17.1,0.94,980.6,-99.0,0.0,-9.9,-99,-999,嘉義縣,17,大埔鄉,233
23.3264,120.5736,馬頭山,C0M410,2017-01-13T05:00:00+08:00,245.0,338.0,1.5,17.0,0.94,980.2,-99.0,0.0,-9.9,-99,-999,嘉義縣,17,大埔鄉,233
23.3264,120.5736,馬頭山,C0M410,2017-01-13T06:00:00+08:00,245.0,337.0,1.1,16.6,0.95,980.5,-99.0,0.0,-9.9,-99,-999,嘉義縣,17,大埔鄉,233
23.3264,120.5736,馬頭山,C0M410,2017-01-13T07:00:00+08:00,245.0,337.0,1.2,16.6,0.95,981.2,-99.0,0.0,-9.9,-99,-999,嘉義縣,17,大埔鄉,233
23.3264,120.5736,馬頭山,C0M410,2017-01-13T08:00:00+08:00,245.0,337.0,0.3,17.5,0.94,982.0,-99.0,0.0,-9.9,-99,-999,嘉義縣,17,大埔鄉,233
23.3264,120.5736,馬頭山,C0M410,2017-01-13T10:00:00+08:00,245.0,184.0,1.3,24.4,0.67,981.6,-99.0,0.0,-9.9,-99,-999,嘉義縣,17,大埔鄉,233
23.3264,120.5736,馬頭山,C0M410,2017-01-13T11:00:00+08:00,245.0,163.0,1.4,26.0,0.60,980.8,-99.0,0.0,-9.9,-99,-999,嘉義縣,17,大埔鄉,233
23.3264,120.5736,馬頭山,C0M410,2017-01-13T12:00:00+08:00,245.0,162.0,1.9,25.5,0.65,979.7,-99.0,0.0,-9.9,-99,-999,嘉義縣,17,大埔鄉,233
23.3264,120.5736,馬頭山,C0M410,2017-01-13T13:00:00+08:00,245.0,138.0,2.4,24.9,0.67,979.2,-99.0,0.0,-9.9,-99,-999,嘉義縣,17,大埔鄉,233
23.3264,120.5736,馬頭山,C0M410,2017-01-13T14:00:00+08:00,245.0,121.0,1.4,24.1,0.68,979.0,-99.0,0.0,-9.9,-99,-999,嘉義縣,17,大埔鄉,233
23.3264,120.5736,馬頭山,C0M410,2017-01-13T15:00:00+08:00,245.0,5.0,1.9,22.9,0.73,979.0,-99.0,0.0,-9.9,-99,-999,嘉義縣,17,大埔鄉,233
23.3264,120.5736,馬頭山,C0M410,2017-01-13T16:00:00+08:00,245.0,335.0,1.1,21.9,0.76,979.5,-99.0,0.0,-9.9,-99,-999,嘉義縣,17,大埔鄉,233
23.3264,120.5736,馬頭山,C0M410,2017-01-13T17:00:00+08:00,245.0,0.0,0.0,21.8,0.81,979.6,-99.0,0.0,-9.9,-99,-999,嘉義縣,17,大埔鄉,233
23.3264,120.5736,馬頭山,C0M410,2017-01-13T18:00:00+08:00,245.0,33.0,0.3,21.2,0.85,980.0,-99.0,0.0,-9.9,-99,-999,嘉義縣,17,大埔鄉,233
23.3264,120.5736,馬頭山,C0M410,2017-01-13T19:00:00+08:00,245.0,349.0,0.6,21.0,0.85,980.3,-99.0,0.0,-9.9,-99,-999,嘉義縣,17,大埔鄉,233
23.3264,120.5736,馬頭山,C0M410,2017-01-13T20:00:00+08:00,245.0,46.0,0.3,20.3,0.90,981.2,-99.0,0.0,-9.9,-99,-999,嘉義縣,17,大埔鄉,233
23.3264,120.5736,馬頭山,C0M410,2017-01-13T21:00:00+08:00,245.0,351.0,0.5,19.8,0.86,981.7,-99.0,0.0,-9.9,-99,-999,嘉義縣,17,大埔鄉,233
23.3264,120.5736,馬頭山,C0M410,2017-01-13T22:00:00+08:00,245.0,181.0,1.3,19.5,0.89,982.0,-99.0,0.0,-9.9,-99,-999,嘉義縣,17,大埔鄉,233
23.3264,120.5736,馬頭山,C0M410,2017-01-13T23:00:00+08:00,245.0,325.0,0.9,19.0,0.90,981.8,-99.0,0.0,-9.9,-99,-999,嘉義縣,17,大埔鄉,233
23.3264,120.5736,馬頭山,C0M410,2017-01-14T00:00:00+08:00,245.0,129.0,0.6,19.0,0.92,981.7,-99.0,0.0,-9.9,-99,-999,嘉義縣,17,大埔鄉,233
23.3264,120.5736,馬頭山,C0M410,2017-01-14T01:00:00+08:00,245.0,140.0,0.9,18.5,0.90,981.7,-99.0,0.0,-9.9,-99,-999,嘉義縣,17,大埔鄉,233
23.3264,120.5736,馬頭山,C0M410,2017-01-14T02:00:00+08:00,245.0,0.0,0.0,18.1,0.91,981.3,-99.0,0.0,-9.9,-99,-999,嘉義縣,17,大埔鄉,233
23.3264,120.5736,馬頭山,C0M410,2017-01-14T03:00:00+08:00,245.0,167.0,0.3,18.1,0.92,981.4,-99.0,0.0,-9.9,-99,-999,嘉義縣,17,大埔鄉,233
23.3264,120.5736,馬頭山,C0M410,2017-01-14T04:00:00+08:00,245.0,0.0,0.0,17.8,0.96,981.5,-99.0,0.0,-9.9,-99,-999,嘉義縣,17,大埔鄉,233
23.3264,120.5736,馬頭山,C0M410,2017-01-14T05:00:00+08:00,245.0,179.0,1.0,17.9,0.97,981.2,-99.0,0.0,-9.9,-99,-999,嘉義縣,17,大埔鄉,233
23.3264,120.5736,馬頭山,C0M410,2017-01-14T06:00:00+08:00,245.0,154.0,0.3,17.9,0.97,981.6,-99.0,0.0,-9.9,-99,-999,嘉義縣,17,大埔鄉,233
23.3264,120.5736,馬頭山,C0M410,2017-01-14T07:00:00+08:00,245.0,117.0,0.4,16.8,0.97,982.6,-99.0,0.0,-9.9,-99,-999,嘉義縣,17,大埔鄉,233
23.3264,120.5736,馬頭山,C0M410,2017-01-14T08:00:00+08:00,245.0,224.0,0.5,17.6,0.97,983.0,-99.0,0.0,-9.9,-99,-999,嘉義縣,17,大埔鄉,233
23.3264,120.5736,馬頭山,C0M410,2017-01-14T10:00:00+08:00,245.0,0.0,0.0,17.2,0.97,984.4,-99.0,0.5,-9.9,-99,-999,嘉義縣,17,大埔鄉,233
23.3264,120.5736,馬頭山,C0M410,2017-01-14T11:00:00+08:00,245.0,0.0,0.2,17.9,0.97,983.8,-99.0,0.5,-9.9,-99,-999,嘉義縣,17,大埔鄉,233
23.3264,120.5736,馬頭山,C0M410,2017-01-14T12:00:00+08:00,245.0,0.0,0.1,17.7,0.97,983.2,-99.0,0.5,-9.9,-99,-999,嘉義縣,17,大埔鄉,233
23.3264,120.5736,馬頭山,C0M410,2017-01-14T13:00:00+08:00,245.0,175.0,0.9,18.1,0.97,982.5,-99.0,0.5,-9.9,-99,-999,嘉義縣,17,大埔鄉,233
23.3264,120.5736,馬頭山,C0M410,2017-01-14T14:00:00+08:00,245.0,327.0,0.5,18.0,0.95,981.9,-99.0,0.5,-9.9,-99,-999,嘉義縣,17,大埔鄉,233
23.3264,120.5736,馬頭山,C0M410,2017-01-14T15:00:00+08:00,245.0,0.0,0.0,18.7,0.95,981.8,-99.0,0.5,-9.9,-99,-999,嘉義縣,17,大埔鄉,233
23.3264,120.5736,馬頭山,C0M410,2017-01-14T16:00:00+08:00,245.0,175.0,0.8,18.8,0.95,981.8,-99.0,0.5,-9.9,-99,-999,嘉義縣,17,大埔鄉,233
23.3264,120.5736,馬頭山,C0M410,2017-01-14T17:00:00+08:00,245.0,178.0,0.6,18.9,0.94,982.3,-99.0,0.5,-9.9,-99,-999,嘉義縣,17,大埔鄉,233
23.3264,120.5736,馬頭山,C0M410,2017-01-14T18:00:00+08:00,245.0,161.0,2.3,17.8,0.96,983.4,-99.0,0.5,-9.9,-99,-999,嘉義縣,17,大埔鄉,233
23.3264,120.5736,馬頭山,C0M410,2017-01-14T19:00:00+08:00,245.0,87.0,0.8,16.8,0.96,984.3,-99.0,0.5,-9.9,-99,-999,嘉義縣,17,大埔鄉,233
23.3264,120.5736,馬頭山,C0M410,2017-01-14T20:00:00+08:00,245.0,126.0,0.8,16.9,0.96,985.0,-99.0,0.5,-9.9,-99,-999,嘉義縣,17,大埔鄉,233
23.3264,120.5736,馬頭山,C0M410,2017-01-14T21:00:00+08:00,245.0,0.0,0.0,17.1,0.97,985.2,-99.0,0.5,-9.9,-99,-999,嘉義縣,17,大埔鄉,233
23.3264,120.5736,馬頭山,C0M410,2017-01-14T22:00:00+08:00,245.0,347.0,0.7,17.1,0.97,985.2,-99.0,0.5,-9.9,-99,-999,嘉義縣,17,大埔鄉,233
23.3264,120.5736,馬頭山,C0M410,2017-01-14T23:00:00+08:00,245.0,0.0,0.0,17.3,0.97,985.1,-99.0,0.5,-9.9,-99,-999,嘉義縣,17,大埔鄉,233
23.3264,120.5736,馬頭山,C0M410,2017-01-15T00:00:00+08:00,245.0,346.0,0.7,17.3,0.97,985.4,-99.0,0.5,-9.9,-99,-999,嘉義縣,17,大埔鄉,233
23.3264,120.5736,馬頭山,C0M410,2017-01-15T01:00:00+08:00,245.0,178.0,1.3,17.2,0.97,985.8,-99.0,0.0,-9.9,-99,-999,嘉義縣,17,大埔鄉,233
23.3264,120.5736,馬頭山,C0M410,2017-01-15T02:00:00+08:00,245.0,0.0,0.0,17.1,0.96,985.8,-99.0,0.0,-9.9,-99,-999,嘉義縣,17,大埔鄉,233
23.3264,120.5736,馬頭山,C0M410,2017-01-15T03:00:00+08:00,245.0,90.0,0.8,17.3,0.95,984.9,-99.0,0.0,-9.9,-99,-999,嘉義縣,17,大埔鄉,233
23.3264,120.5736,馬頭山,C0M410,2017-01-15T04:00:00+08:00,245.0,349.0,0.5,16.6,0.96,984.1,-99.0,0.0,-9.9,-99,-999,嘉義縣,17,大埔鄉,233
23.3264,120.5736,馬頭山,C0M410,2017-01-15T05:00:00+08:00,245.0,316.0,0.6,16.4,0.97,984.2,-99.0,0.0,-9.9,-99,-999,嘉義縣,17,大埔鄉,233
23.3264,120.5736,馬頭山,C0M410,2017-01-15T06:00:00+08:00,245.0,113.0,0.9,16.9,0.96,985.0,-99.0,0.0,-9.9,-99,-999,嘉義縣,17,大埔鄉,233
23.3264,120.5736,馬頭山,C0M410,2017-01-15T07:00:00+08:00,245.0,115.0,0.9,17.1,0.94,985.4,-99.0,0.0,-9.9,-99,-999,嘉義縣,17,大埔鄉,233
23.3264,120.5736,馬頭山,C0M410,2017-01-15T08:00:00+08:00,245.0,161.0,1.0,17.4,0.96,986.3,-99.0,0.0,-9.9,-99,-999,嘉義縣,17,大埔鄉,233
23.3264,120.5736,馬頭山,C0M410,2017-01-15T09:00:00+08:00,245.0,190.0,0.3,17.7,0.94,987.1,-99.0,0.0,-9.9,-99,-999,嘉義縣,17,大埔鄉,233
23.3264,120.5736,馬頭山,C0M410,2017-01-15T10:00:00+08:00,245.0,156.0,1.4,17.7,0.92,986.9,-99.0,0.0,-9.9,-99,-999,嘉義縣,17,大埔鄉,233
23.3264,120.5736,馬頭山,C0M410,2017-01-15T11:00:00+08:00,245.0,147.0,0.4,17.8,0.88,986.8,-99.0,0.0,-9.9,-99,-999,嘉義縣,17,大埔鄉,233
23.3264,120.5736,馬頭山,C0M410,2017-01-15T12:00:00+08:00,245.0,346.0,0.7,18.2,0.85,985.8,-99.0,0.0,-9.9,-99,-999,嘉義縣,17,大埔鄉,233
23.3264,120.5736,馬頭山,C0M410,2017-01-15T13:00:00+08:00,245.0,177.0,1.1,19.5,0.80,984.9,-99.0,0.0,-9.9,-99,-999,嘉義縣,17,大埔鄉,233
23.3264,120.5736,馬頭山,C0M410,2017-01-15T14:00:00+08:00,245.0,179.0,1.2,20.3,0.76,984.0,-99.0,0.0,-9.9,-99,-999,嘉義縣,17,大埔鄉,233
23.3264,120.5736,馬頭山,C0M410,2017-01-15T15:00:00+08:00,245.0,213.0,0.7,20.8,0.75,983.9,-99.0,0.0,-9.9,-99,-999,嘉義縣,17,大埔鄉,233
23.3264,120.5736,馬頭山,C0M410,2017-01-15T16:00:00+08:00,245.0,215.0,0.6,21.4,0.73,983.9,-99.0,0.0,-9.9,-99,-999,嘉義縣,17,大埔鄉,233
23.3264,120.5736,馬頭山,C0M410,2017-01-15T17:00:00+08:00,245.0,338.0,0.6,19.3,0.85,984.1,-99.0,0.0,-9.9,-99,-999,嘉義縣,17,大埔鄉,233
23.3264,120.5736,馬頭山,C0M410,2017-01-15T18:00:00+08:00,245.0,357.0,1.4,18.2,0.88,984.5,-99.0,0.0,-9.9,-99,-999,嘉義縣,17,大埔鄉,233
23.3264,120.5736,馬頭山,C0M410,2017-01-15T19:00:00+08:00,245.0,330.0,1.0,17.7,0.85,984.9,-99.0,0.0,-9.9,-99,-999,嘉義縣,17,大埔鄉,233
23.3264,120.5736,馬頭山,C0M410,2017-01-15T21:00:00+08:00,245.0,121.0,0.7,17.4,0.90,986.1,-99.0,0.0,-9.9,-99,-999,嘉義縣,17,大埔鄉,233
23.3264,120.5736,馬頭山,C0M410,2017-01-15T22:00:00+08:00,245.0,0.0,0.0,17.3,0.92,986.2,-99.0,0.0,-9.9,-99,-999,嘉義縣,17,大埔鄉,233
23.3264,120.5736,馬頭山,C0M410,2017-01-15T23:00:00+08:00,245.0,0.0,0.0,17.1,0.93,986.2,-99.0,0.0,-9.9,-99,-999,嘉義縣,17,大埔鄉,233
23.3264,120.5736,馬頭山,C0M410,2017-01-16T00:00:00+08:00,245.0,129.0,0.6,17.0,0.92,986.5,-99.0,0.0,-9.9,-99,-999,嘉義縣,17,大埔鄉,233
23.3264,120.5736,馬頭山,C0M410,2017-01-16T01:00:00+08:00,245.0,0.0,0.1,16.9,0.93,986.2,-99.0,0.0,-9.9,-99,-999,嘉義縣,17,大埔鄉,233
23.3264,120.5736,馬頭山,C0M410,2017-01-16T02:00:00+08:00,245.0,0.0,0.0,16.7,0.94,986.0,-99.0,0.0,-9.9,-99,-999,嘉義縣,17,大埔鄉,233
23.3264,120.5736,馬頭山,C0M410,2017-01-16T03:00:00+08:00,245.0,355.0,0.8,16.6,0.94,985.6,-99.0,0.0,-9.9,-99,-999,嘉義縣,17,大埔鄉,233
23.3264,120.5736,馬頭山,C0M410,2017-01-16T04:00:00+08:00,245.0,20.0,0.8,16.4,0.96,985.3,-99.0,0.0,-9.9,-99,-999,嘉義縣,17,大埔鄉,233
23.3264,120.5736,馬頭山,C0M410,2017-01-16T05:00:00+08:00,245.0,352.0,1.3,16.2,0.92,985.7,-99.0,0.0,-9.9,-99,-999,嘉義縣,17,大埔鄉,233
23.3264,120.5736,馬頭山,C0M410,2017-01-16T06:00:00+08:00,245.0,353.0,1.4,15.7,0.93,985.9,-99.0,0.0,-9.9,-99,-999,嘉義縣,17,大埔鄉,233
23.3264,120.5736,馬頭山,C0M410,2017-01-16T08:00:00+08:00,245.0,0.0,0.1,16.1,0.91,986.5,-99.0,0.0,-9.9,-99,-999,嘉義縣,17,大埔鄉,233
23.3264,120.5736,馬頭山,C0M410,2017-01-16T10:00:00+08:00,245.0,171.0,1.2,19.1,0.84,986.8,-99.0,0.0,-9.9,-99,-999,嘉義縣,17,大埔鄉,233
23.3264,120.5736,馬頭山,C0M410,2017-01-16T11:00:00+08:00,245.0,274.0,0.6,18.9,0.83,986.8,-99.0,0.0,-9.9,-99,-999,嘉義縣,17,大埔鄉,233
23.3264,120.5736,馬頭山,C0M410,2017-01-16T12:00:00+08:00,245.0,143.0,2.2,19.9,0.75,985.9,-99.0,0.0,-9.9,-99,-999,嘉義縣,17,大埔鄉,233
23.3264,120.5736,馬頭山,C0M410,2017-01-16T13:00:00+08:00,245.0,145.0,2.2,20.5,0.71,984.9,-99.0,0.0,-9.9,-99,-999,嘉義縣,17,大埔鄉,233
23.3264,120.5736,馬頭山,C0M410,2017-01-16T14:00:00+08:00,245.0,158.0,1.6,21.7,0.68,983.9,-99.0,0.0,-9.9,-99,-999,嘉義縣,17,大埔鄉,233
23.3264,120.5736,馬頭山,C0M410,2017-01-16T15:00:00+08:00,245.0,156.0,1.6,20.4,0.71,983.6,-99.0,0.0,-9.9,-99,-999,嘉義縣,17,大埔鄉,233
23.3264,120.5736,馬頭山,C0M410,2017-01-16T16:00:00+08:00,245.0,144.0,1.6,20.1,0.72,983.6,-99.0,0.0,-9.9,-99,-999,嘉義縣,17,大埔鄉,233
23.3264,120.5736,馬頭山,C0M410,2017-01-16T17:00:00+08:00,245.0,157.0,1.2,19.7,0.74,984.0,-99.0,0.0,-9.9,-99,-999,嘉義縣,17,大埔鄉,233
23.3264,120.5736,馬頭山,C0M410,2017-01-16T18:00:00+08:00,245.0,0.0,0.1,18.7,0.82,984.6,-99.0,0.0,-9.9,-99,-999,嘉義縣,17,大埔鄉,233
23.3264,120.5736,馬頭山,C0M410,2017-01-16T19:00:00+08:00,245.0,336.0,0.4,18.5,0.79,985.7,-99.0,0.0,-9.9,-99,-999,嘉義縣,17,大埔鄉,233
23.3264,120.5736,馬頭山,C0M410,2017-01-16T20:00:00+08:00,245.0,345.0,0.8,17.5,0.88,986.5,-99.0,0.0,-9.9,-99,-999,嘉義縣,17,大埔鄉,233
23.3264,120.5736,馬頭山,C0M410,2017-01-16T21:00:00+08:00,245.0,345.0,1.0,17.1,0.89,987.1,-99.0,0.0,-9.9,-99,-999,嘉義縣,17,大埔鄉,233
23.3264,120.5736,馬頭山,C0M410,2017-01-16T22:00:00+08:00,245.0,0.0,0.0,17.3,0.90,987.6,-99.0,0.0,-9.9,-99,-999,嘉義縣,17,大埔鄉,233
23.3264,120.5736,馬頭山,C0M410,2017-01-16T23:00:00+08:00,245.0,0.0,0.0,17.4,0.91,987.7,-99.0,0.0,-9.9,-99,-999,嘉義縣,17,大埔鄉,233
23.3264,120.5736,馬頭山,C0M410,2017-01-17T00:00:00+08:00,245.0,335.0,1.3,16.4,0.93,987.4,-99.0,0.0,-9.9,-99,-999,嘉義縣,17,大埔鄉,233
23.3264,120.5736,馬頭山,C0M410,2017-01-17T01:00:00+08:00,245.0,347.0,1.4,15.6,0.93,986.9,-99.0,0.0,-9.9,-99,-999,嘉義縣,17,大埔鄉,233
23.3264,120.5736,馬頭山,C0M410,2017-01-17T02:00:00+08:00,245.0,2.0,0.7,15.0,0.94,987.0,-99.0,0.0,-9.9,-99,-999,嘉義縣,17,大埔鄉,233
23.3264,120.5736,馬頭山,C0M410,2017-01-17T03:00:00+08:00,245.0,329.0,0.4,15.6,0.91,987.2,-99.0,0.0,-9.9,-99,-999,嘉義縣,17,大埔鄉,233
23.3264,120.5736,馬頭山,C0M410,2017-01-17T04:00:00+08:00,245.0,0.0,0.2,15.6,0.94,987.0,-99.0,0.0,-9.9,-99,-999,嘉義縣,17,大埔鄉,233
23.3264,120.5736,馬頭山,C0M410,2017-01-17T05:00:00+08:00,245.0,303.0,0.3,15.4,0.94,986.9,-99.0,0.0,-9.9,-99,-999,嘉義縣,17,大埔鄉,233
23.3264,120.5736,馬頭山,C0M410,2017-01-17T06:00:00+08:00,245.0,7.0,1.5,14.3,0.97,987.1,-99.0,0.0,-9.9,-99,-999,嘉義縣,17,大埔鄉,233
23.3264,120.5736,馬頭山,C0M410,2017-01-17T07:00:00+08:00,245.0,21.0,0.4,14.0,0.96,987.9,-99.0,0.0,-9.9,-99,-999,嘉義縣,17,大埔鄉,233
23.3264,120.5736,馬頭山,C0M410,2017-01-17T08:00:00+08:00,245.0,2.0,0.4,15.5,0.91,988.5,-99.0,0.0,-9.9,-99,-999,嘉義縣,17,大埔鄉,233
23.3264,120.5736,馬頭山,C0M410,2017-01-17T09:00:00+08:00,245.0,194.0,0.9,18.2,0.78,988.8,-99.0,0.0,-9.9,-99,-999,嘉義縣,17,大埔鄉,233
23.3264,120.5736,馬頭山,C0M410,2017-01-17T10:00:00+08:00,245.0,174.0,1.0,21.1,0.67,988.6,-99.0,0.0,-9.9,-99,-999,嘉義縣,17,大埔鄉,233
23.3264,120.5736,馬頭山,C0M410,2017-01-17T11:00:00+08:00,245.0,200.0,1.5,22.9,0.59,988.1,-99.0,0.0,-9.9,-99,-999,嘉義縣,17,大埔鄉,233
23.3264,120.5736,馬頭山,C0M410,2017-01-17T12:00:00+08:00,245.0,190.0,1.5,24.3,0.54,987.0,-99.0,0.0,-9.9,-99,-999,嘉義縣,17,大埔鄉,233
23.3264,120.5736,馬頭山,C0M410,2017-01-17T13:00:00+08:00,245.0,167.0,1.5,25.2,0.55,986.1,-99.0,0.0,-9.9,-99,-999,嘉義縣,17,大埔鄉,233
23.3264,120.5736,馬頭山,C0M410,2017-01-17T14:00:00+08:00,245.0,158.0,1.1,23.5,0.61,985.6,-99.0,0.0,-9.9,-99,-999,嘉義縣,17,大埔鄉,233
23.3264,120.5736,馬頭山,C0M410,2017-01-17T15:00:00+08:00,245.0,353.0,2.0,22.4,0.62,985.1,-99.0,0.0,-9.9,-99,-999,嘉義縣,17,大埔鄉,233
23.3264,120.5736,馬頭山,C0M410,2017-01-17T16:00:00+08:00,245.0,347.0,2.4,20.6,0.71,985.5,-99.0,0.0,-9.9,-99,-999,嘉義縣,17,大埔鄉,233
23.3264,120.5736,馬頭山,C0M410,2017-01-17T17:00:00+08:00,245.0,339.0,2.4,19.4,0.77,986.1,-99.0,0.0,-9.9,-99,-999,嘉義縣,17,大埔鄉,233
23.3264,120.5736,馬頭山,C0M410,2017-01-17T18:00:00+08:00,245.0,335.0,1.9,18.4,0.81,986.7,-99.0,0.0,-9.9,-99,-999,嘉義縣,17,大埔鄉,233
23.3264,120.5736,馬頭山,C0M410,2017-01-17T19:00:00+08:00,245.0,341.0,0.5,18.1,0.83,987.6,-99.0,0.0,-9.9,-99,-999,嘉義縣,17,大埔鄉,233
23.3264,120.5736,馬頭山,C0M410,2017-01-17T20:00:00+08:00,245.0,332.0,0.4,18.4,0.83,988.4,-99.0,0.0,-9.9,-99,-999,嘉義縣,17,大埔鄉,233
23.3264,120.5736,馬頭山,C0M410,2017-01-17T21:00:00+08:00,245.0,344.0,0.9,17.4,0.90,988.8,-99.0,0.0,-9.9,-99,-999,嘉義縣,17,大埔鄉,233
23.3264,120.5736,馬頭山,C0M410,2017-01-17T22:00:00+08:00,245.0,348.0,1.1,17.4,0.89,988.8,-99.0,0.0,-9.9,-99,-999,嘉義縣,17,大埔鄉,233
23.3264,120.5736,馬頭山,C0M410,2017-01-17T23:00:00+08:00,245.0,343.0,1.3,16.8,0.92,989.3,-99.0,0.0,-9.9,-99,-999,嘉義縣,17,大埔鄉,233
23.3264,120.5736,馬頭山,C0M410,2017-01-18T00:00:00+08:00,245.0,354.0,0.8,17.2,0.90,989.3,-99.0,0.0,-9.9,-99,-999,嘉義縣,17,大埔鄉,233
23.3264,120.5736,馬頭山,C0M410,2017-01-18T01:00:00+08:00,245.0,357.0,0.7,16.4,0.93,989.0,-99.0,0.0,-9.9,-99,-999,嘉義縣,17,大埔鄉,233
23.3264,120.5736,馬頭山,C0M410,2017-01-18T02:00:00+08:00,245.0,357.0,1.2,16.0,0.92,988.9,-99.0,0.0,-9.9,-99,-999,嘉義縣,17,大埔鄉,233
23.3264,120.5736,馬頭山,C0M410,2017-01-18T03:00:00+08:00,245.0,346.0,1.3,15.4,0.93,988.9,-99.0,0.0,-9.9,-99,-999,嘉義縣,17,大埔鄉,233
23.3264,120.5736,馬頭山,C0M410,2017-01-18T04:00:00+08:00,245.0,0.0,0.0,14.9,0.95,988.8,-99.0,0.0,-9.9,-99,-999,嘉義縣,17,大埔鄉,233
23.3264,120.5736,馬頭山,C0M410,2017-01-18T05:00:00+08:00,245.0,352.0,1.3,14.5,0.97,989.1,-99.0,0.0,-9.9,-99,-999,嘉義縣,17,大埔鄉,233
23.3264,120.5736,馬頭山,C0M410,2017-01-18T06:00:00+08:00,245.0,5.0,0.8,13.9,0.97,989.1,-99.0,0.0,-9.9,-99,-999,嘉義縣,17,大埔鄉,233
23.3264,120.5736,馬頭山,C0M410,2017-01-18T07:00:00+08:00,245.0,352.0,1.1,13.9,0.97,989.4,-99.0,0.0,-9.9,-99,-999,嘉義縣,17,大埔鄉,233
23.3264,120.5736,馬頭山,C0M410,2017-01-18T08:00:00+08:00,245.0,346.0,0.7,15.7,0.90,989.9,-99.0,0.0,-9.9,-99,-999,嘉義縣,17,大埔鄉,233
23.3264,120.5736,馬頭山,C0M410,2017-01-18T10:00:00+08:00,245.0,197.0,0.8,21.6,0.67,989.5,-99.0,0.0,-9.9,-99,-999,嘉義縣,17,大埔鄉,233
23.3264,120.5736,馬頭山,C0M410,2017-01-18T11:00:00+08:00,245.0,177.0,1.6,25.1,0.53,988.7,-99.0,0.0,-9.9,-99,-999,嘉義縣,17,大埔鄉,233
23.3264,120.5736,馬頭山,C0M410,2017-01-18T12:00:00+08:00,245.0,175.0,1.6,26.8,0.51,987.6,-99.0,0.0,-9.9,-99,-999,嘉義縣,17,大埔鄉,233
23.3264,120.5736,馬頭山,C0M410,2017-01-18T13:00:00+08:00,245.0,159.0,1.4,27.0,0.46,986.3,-99.0,0.0,-9.9,-99,-999,嘉義縣,17,大埔鄉,233
23.3264,120.5736,馬頭山,C0M410,2017-01-18T14:00:00+08:00,245.0,151.0,2.2,26.2,0.51,985.6,-99.0,0.0,-9.9,-99,-999,嘉義縣,17,大埔鄉,233
23.3264,120.5736,馬頭山,C0M410,2017-01-18T15:00:00+08:00,245.0,15.0,2.2,26.4,0.52,985.3,-99.0,0.0,-9.9,-99,-999,嘉義縣,17,大埔鄉,233
23.3264,120.5736,馬頭山,C0M410,2017-01-18T16:00:00+08:00,245.0,344.0,4.0,22.1,0.71,985.7,-99.0,0.0,-9.9,-99,-999,嘉義縣,17,大埔鄉,233
23.3264,120.5736,馬頭山,C0M410,2017-01-18T17:00:00+08:00,245.0,346.0,2.3,20.8,0.78,986.0,-99.0,0.0,-9.9,-99,-999,嘉義縣,17,大埔鄉,233
23.3264,120.5736,馬頭山,C0M410,2017-01-18T18:00:00+08:00,245.0,347.0,0.9,19.9,0.81,986.3,-99.0,0.0,-9.9,-99,-999,嘉義縣,17,大埔鄉,233
23.3264,120.5736,馬頭山,C0M410,2017-01-18T19:00:00+08:00,245.0,328.0,1.4,18.8,0.85,987.0,-99.0,0.0,-9.9,-99,-999,嘉義縣,17,大埔鄉,233
23.3264,120.5736,馬頭山,C0M410,2017-01-18T20:00:00+08:00,245.0,341.0,1.0,18.9,0.85,987.6,-99.0,0.0,-9.9,-99,-999,嘉義縣,17,大埔鄉,233
23.3264,120.5736,馬頭山,C0M410,2017-01-18T21:00:00+08:00,245.0,3.0,0.3,19.0,0.88,988.1,-99.0,0.0,-9.9,-99,-999,嘉義縣,17,大埔鄉,233
23.3264,120.5736,馬頭山,C0M410,2017-01-18T22:00:00+08:00,245.0,0.0,0.0,19.0,0.89,988.2,-99.0,0.0,-9.9,-99,-999,嘉義縣,17,大埔鄉,233
23.3264,120.5736,馬頭山,C0M410,2017-01-18T23:00:00+08:00,245.0,351.0,1.1,18.7,0.90,988.2,-99.0,0.0,-9.9,-99,-999,嘉義縣,17,大埔鄉,233
23.3264,120.5736,馬頭山,C0M410,2017-01-19T00:00:00+08:00,245.0,350.0,0.7,18.5,0.89,988.1,-99.0,0.0,-9.9,-99,-999,嘉義縣,17,大埔鄉,233
23.3264,120.5736,馬頭山,C0M410,2017-01-19T01:00:00+08:00,245.0,9.0,0.7,17.4,0.93,987.8,-99.0,0.0,-9.9,-99,-999,嘉義縣,17,大埔鄉,233
23.3264,120.5736,馬頭山,C0M410,2017-01-19T02:00:00+08:00,245.0,344.0,1.1,17.0,0.93,987.7,-99.0,0.0,-9.9,-99,-999,嘉義縣,17,大埔鄉,233
23.3264,120.5736,馬頭山,C0M410,2017-01-19T03:00:00+08:00,245.0,334.0,1.1,17.0,0.93,987.8,-99.0,0.0,-9.9,-99,-999,嘉義縣,17,大埔鄉,233
23.3264,120.5736,馬頭山,C0M410,2017-01-19T04:00:00+08:00,245.0,21.0,0.4,17.2,0.95,987.7,-99.0,0.0,-9.9,-99,-999,嘉義縣,17,大埔鄉,233
23.3264,120.5736,馬頭山,C0M410,2017-01-19T05:00:00+08:00,245.0,345.0,0.6,17.2,0.94,987.9,-99.0,0.0,-9.9,-99,-999,嘉義縣,17,大埔鄉,233
23.3264,120.5736,馬頭山,C0M410,2017-01-19T06:00:00+08:00,245.0,348.0,1.2,16.8,0.93,988.0,-99.0,0.0,-9.9,-99,-999,嘉義縣,17,大埔鄉,233
23.3264,120.5736,馬頭山,C0M410,2017-01-19T07:00:00+08:00,245.0,344.0,1.1,16.4,0.92,988.4,-99.0,0.0,-9.9,-99,-999,嘉義縣,17,大埔鄉,233
23.3264,120.5736,馬頭山,C0M410,2017-01-19T08:00:00+08:00,245.0,360.0,0.4,17.2,0.92,988.8,-99.0,0.0,-9.9,-99,-999,嘉義縣,17,大埔鄉,233
23.3264,120.5736,馬頭山,C0M410,2017-01-19T09:00:00+08:00,245.0,211.0,0.6,20.7,0.74,988.9,-99.0,0.0,-9.9,-99,-999,嘉義縣,17,大埔鄉,233
23.3264,120.5736,馬頭山,C0M410,2017-01-19T10:00:00+08:00,245.0,194.0,0.9,23.8,0.60,988.4,-99.0,0.0,-9.9,-99,-999,嘉義縣,17,大埔鄉,233
23.3264,120.5736,馬頭山,C0M410,2017-01-19T11:00:00+08:00,245.0,19.0,2.3,24.9,0.49,987.6,-99.0,0.0,-9.9,-99,-999,嘉義縣,17,大埔鄉,233
23.3264,120.5736,馬頭山,C0M410,2017-01-19T12:00:00+08:00,245.0,313.0,0.8,25.5,0.50,986.4,-99.0,0.0,-9.9,-99,-999,嘉義縣,17,大埔鄉,233
23.3264,120.5736,馬頭山,C0M410,2017-01-19T13:00:00+08:00,245.0,330.0,2.0,25.0,0.56,985.1,-99.0,0.0,-9.9,-99,-999,嘉義縣,17,大埔鄉,233
23.3264,120.5736,馬頭山,C0M410,2017-01-19T14:00:00+08:00,245.0,344.0,3.2,25.2,0.55,984.3,-99.0,0.0,-9.9,-99,-999,嘉義縣,17,大埔鄉,233
23.3264,120.5736,馬頭山,C0M410,2017-01-19T15:00:00+08:00,245.0,349.0,2.7,25.0,0.55,983.9,-99.0,0.0,-9.9,-99,-999,嘉義縣,17,大埔鄉,233
23.3264,120.5736,馬頭山,C0M410,2017-01-19T16:00:00+08:00,245.0,328.0,2.2,24.4,0.58,983.9,-99.0,0.0,-9.9,-99,-999,嘉義縣,17,大埔鄉,233
23.3264,120.5736,馬頭山,C0M410,2017-01-19T17:00:00+08:00,245.0,348.0,3.0,22.6,0.71,984.1,-99.0,0.0,-9.9,-99,-999,嘉義縣,17,大埔鄉,233
23.3264,120.5736,馬頭山,C0M410,2017-01-19T18:00:00+08:00,245.0,350.0,2.9,21.2,0.75,984.6,-99.0,0.0,-9.9,-99,-999,嘉義縣,17,大埔鄉,233
23.3264,120.5736,馬頭山,C0M410,2017-01-19T19:00:00+08:00,245.0,340.0,0.5,20.9,0.75,985.1,-99.0,0.0,-9.9,-99,-999,嘉義縣,17,大埔鄉,233
23.3264,120.5736,馬頭山,C0M410,2017-01-19T20:00:00+08:00,245.0,313.0,0.8,19.9,0.82,985.6,-99.0,0.0,-9.9,-99,-999,嘉義縣,17,大埔鄉,233
23.3264,120.5736,馬頭山,C0M410,2017-01-19T22:00:00+08:00,245.0,349.0,1.0,18.4,0.87,986.4,-99.0,0.0,-9.9,-99,-999,嘉義縣,17,大埔鄉,233
23.3264,120.5736,馬頭山,C0M410,2017-01-19T23:00:00+08:00,245.0,349.0,0.9,17.5,0.92,986.5,-99.0,0.0,-9.9,-99,-999,嘉義縣,17,大埔鄉,233
23.3264,120.5736,馬頭山,C0M410,2017-01-20T00:00:00+08:00,245.0,345.0,1.0,17.4,0.92,986.7,-99.0,0.0,-9.9,-99,-999,嘉義縣,17,大埔鄉,233
23.3264,120.5736,馬頭山,C0M410,2017-01-20T01:00:00+08:00,245.0,345.0,0.8,16.9,0.94,986.6,-99.0,0.0,-9.9,-99,-999,嘉義縣,17,大埔鄉,233
23.3264,120.5736,馬頭山,C0M410,2017-01-20T02:00:00+08:00,245.0,346.0,1.4,16.8,0.94,986.5,-99.0,0.0,-9.9,-99,-999,嘉義縣,17,大埔鄉,233
23.3264,120.5736,馬頭山,C0M410,2017-01-20T03:00:00+08:00,245.0,342.0,1.0,16.6,0.94,986.2,-99.0,0.0,-9.9,-99,-999,嘉義縣,17,大埔鄉,233
23.3264,120.5736,馬頭山,C0M410,2017-01-20T04:00:00+08:00,245.0,344.0,1.2,16.6,0.93,986.1,-99.0,0.0,-9.9,-99,-999,嘉義縣,17,大埔鄉,233
23.3264,120.5736,馬頭山,C0M410,2017-01-20T05:00:00+08:00,245.0,345.0,1.0,16.1,0.94,986.1,-99.0,0.0,-9.9,-99,-999,嘉義縣,17,大埔鄉,233
23.3264,120.5736,馬頭山,C0M410,2017-01-20T06:00:00+08:00,245.0,0.0,0.2,15.7,0.95,986.7,-99.0,0.0,-9.9,-99,-999,嘉義縣,17,大埔鄉,233
23.3264,120.5736,馬頭山,C0M410,2017-01-20T07:00:00+08:00,245.0,349.0,0.8,15.0,0.97,987.3,-99.0,0.0,-9.9,-99,-999,嘉義縣,17,大埔鄉,233
23.3264,120.5736,馬頭山,C0M410,2017-01-20T08:00:00+08:00,245.0,0.0,0.0,16.5,0.94,987.9,-99.0,0.0,-9.9,-99,-999,嘉義縣,17,大埔鄉,233
23.3264,120.5736,馬頭山,C0M410,2017-01-20T09:00:00+08:00,245.0,176.0,0.8,19.0,0.84,988.3,-99.0,0.0,-9.9,-99,-999,嘉義縣,17,大埔鄉,233
23.3264,120.5736,馬頭山,C0M410,2017-01-20T10:00:00+08:00,245.0,167.0,1.4,21.6,0.71,988.4,-99.0,0.0,-9.9,-99,-999,嘉義縣,17,大埔鄉,233
23.3264,120.5736,馬頭山,C0M410,2017-01-20T11:00:00+08:00,245.0,173.0,1.6,23.7,0.63,987.9,-99.0,0.0,-9.9,-99,-999,嘉義縣,17,大埔鄉,233
23.3264,120.5736,馬頭山,C0M410,2017-01-20T12:00:00+08:00,245.0,154.0,1.5,21.8,0.74,987.0,-99.0,0.0,-9.9,-99,-999,嘉義縣,17,大埔鄉,233
23.3264,120.5736,馬頭山,C0M410,2017-01-20T14:00:00+08:00,245.0,173.0,1.8,24.2,0.64,985.2,-99.0,0.0,-9.9,-99,-999,嘉義縣,17,大埔鄉,233
23.3264,120.5736,馬頭山,C0M410,2017-01-20T15:00:00+08:00,245.0,18.0,1.8,23.2,0.63,984.6,-99.0,0.0,-9.9,-99,-999,嘉義縣,17,大埔鄉,233
23.3264,120.5736,馬頭山,C0M410,2017-01-20T16:00:00+08:00,245.0,3.0,1.2,21.0,0.67,985.0,-99.0,0.0,-9.9,-99,-999,嘉義縣,17,大埔鄉,233
23.3264,120.5736,馬頭山,C0M410,2017-01-20T17:00:00+08:00,245.0,342.0,1.4,19.5,0.68,985.3,-99.0,0.0,-9.9,-99,-999,嘉義縣,17,大埔鄉,233
23.3264,120.5736,馬頭山,C0M410,2017-01-20T18:00:00+08:00,245.0,359.0,0.8,18.0,0.79,986.1,-99.0,0.0,-9.9,-99,-999,嘉義縣,17,大埔鄉,233
23.3264,120.5736,馬頭山,C0M410,2017-01-20T19:00:00+08:00,245.0,342.0,1.5,17.5,0.83,987.0,-99.0,0.0,-9.9,-99,-999,嘉義縣,17,大埔鄉,233
23.3264,120.5736,馬頭山,C0M410,2017-01-20T20:00:00+08:00,245.0,0.0,0.0,16.9,0.88,987.5,-99.0,0.0,-9.9,-99,-999,嘉義縣,17,大埔鄉,233
23.3264,120.5736,馬頭山,C0M410,2017-01-20T21:00:00+08:00,245.0,0.0,0.0,17.2,0.88,988.0,-99.0,0.0,-9.9,-99,-999,嘉義縣,17,大埔鄉,233
23.3264,120.5736,馬頭山,C0M410,2017-01-20T22:00:00+08:00,245.0,0.0,0.0,16.9,0.84,988.2,-99.0,0.0,-9.9,-99,-999,嘉義縣,17,大埔鄉,233
23.3264,120.5736,馬頭山,C0M410,2017-01-20T23:00:00+08:00,245.0,0.0,0.0,16.9,0.87,988.2,-99.0,0.0,-9.9,-99,-999,嘉義縣,17,大埔鄉,233
23.3264,120.5736,馬頭山,C0M410,2017-01-21T00:00:00+08:00,245.0,114.0,0.7,16.4,0.89,988.3,-99.0,0.0,-9.9,-99,-999,嘉義縣,17,大埔鄉,233
23.3264,120.5736,馬頭山,C0M410,2017-01-21T01:00:00+08:00,245.0,0.0,0.0,16.3,0.87,988.3,-99.0,0.0,-9.9,-99,-999,嘉義縣,17,大埔鄉,233
23.3264,120.5736,馬頭山,C0M410,2017-01-21T02:00:00+08:00,245.0,161.0,0.7,16.1,0.88,988.4,-99.0,0.0,-9.9,-99,-999,嘉義縣,17,大埔鄉,233
23.3264,120.5736,馬頭山,C0M410,2017-01-21T03:00:00+08:00,245.0,167.0,0.3,16.1,0.89,988.3,-99.0,0.0,-9.9,-99,-999,嘉義縣,17,大埔鄉,233
23.3264,120.5736,馬頭山,C0M410,2017-01-21T04:00:00+08:00,245.0,0.0,0.0,16.1,0.90,988.6,-99.0,0.0,-9.9,-99,-999,嘉義縣,17,大埔鄉,233
23.3264,120.5736,馬頭山,C0M410,2017-01-21T05:00:00+08:00,245.0,0.0,0.0,16.1,0.91,988.7,-99.0,0.0,-9.9,-99,-999,嘉義縣,17,大埔鄉,233
23.3264,120.5736,馬頭山,C0M410,2017-01-21T06:00:00+08:00,245.0,154.0,0.7,16.1,0.92,989.3,-99.0,0.0,-9.9,-99,-999,嘉義縣,17,大埔鄉,233
23.3264,120.5736,馬頭山,C0M410,2017-01-21T07:00:00+08:00,245.0,0.0,0.2,16.0,0.92,990.0,-99.0,0.0,-9.9,-99,-999,嘉義縣,17,大埔鄉,233
23.3264,120.5736,馬頭山,C0M410,2017-01-21T08:00:00+08:00,245.0,0.0,0.0,16.5,0.91,990.5,-99.0,0.0,-9.9,-99,-999,嘉義縣,17,大埔鄉,233
23.3264,120.5736,馬頭山,C0M410,2017-01-21T10:00:00+08:00,245.0,136.0,0.4,17.0,0.85,991.7,-99.0,0.0,-9.9,-99,-999,嘉義縣,17,大埔鄉,233
23.3264,120.5736,馬頭山,C0M410,2017-01-21T11:00:00+08:00,245.0,161.0,0.9,18.5,0.81,991.0,-99.0,0.0,-9.9,-99,-999,嘉義縣,17,大埔鄉,233
23.3264,120.5736,馬頭山,C0M410,2017-01-21T12:00:00+08:00,245.0,0.0,0.2,19.2,0.78,990.0,-99.0,0.0,-9.9,-99,-999,嘉義縣,17,大埔鄉,233
23.3264,120.5736,馬頭山,C0M410,2017-01-21T13:00:00+08:00,245.0,187.0,1.0,20.2,0.75,988.9,-99.0,0.0,-9.9,-99,-999,嘉義縣,17,大埔鄉,233
23.3264,120.5736,馬頭山,C0M410,2017-01-21T14:00:00+08:00,245.0,171.0,0.9,21.1,0.70,988.2,-99.0,0.0,-9.9,-99,-999,嘉義縣,17,大埔鄉,233
23.3264,120.5736,馬頭山,C0M410,2017-01-21T15:00:00+08:00,245.0,185.0,1.3,23.2,0.60,987.2,-99.0,0.0,-9.9,-99,-999,嘉義縣,17,大埔鄉,233
23.3264,120.5736,馬頭山,C0M410,2017-01-21T16:00:00+08:00,245.0,352.0,3.9,19.9,0.60,987.4,-99.0,0.0,-9.9,-99,-999,嘉義縣,17,大埔鄉,233
23.3264,120.5736,馬頭山,C0M410,2017-01-21T17:00:00+08:00,245.0,2.0,0.9,18.3,0.71,988.0,-99.0,0.0,-9.9,-99,-999,嘉義縣,17,大埔鄉,233
23.3264,120.5736,馬頭山,C0M410,2017-01-21T18:00:00+08:00,245.0,342.0,1.3,16.6,0.79,988.9,-99.0,0.0,-9.9,-99,-999,嘉義縣,17,大埔鄉,233
23.3264,120.5736,馬頭山,C0M410,2017-01-21T19:00:00+08:00,245.0,351.0,1.6,15.7,0.81,989.4,-99.0,0.0,-9.9,-99,-999,嘉義縣,17,大埔鄉,233
23.3264,120.5736,馬頭山,C0M410,2017-01-21T20:00:00+08:00,245.0,343.0,0.8,15.6,0.76,989.9,-99.0,0.0,-9.9,-99,-999,嘉義縣,17,大埔鄉,233
23.3264,120.5736,馬頭山,C0M410,2017-01-21T21:00:00+08:00,245.0,360.0,0.3,15.5,0.83,990.5,-99.0,0.0,-9.9,-99,-999,嘉義縣,17,大埔鄉,233
23.3264,120.5736,馬頭山,C0M410,2017-01-21T22:00:00+08:00,245.0,0.0,0.2,15.0,0.89,990.8,-99.0,0.0,-9.9,-99,-999,嘉義縣,17,大埔鄉,233
23.3264,120.5736,馬頭山,C0M410,2017-01-21T23:00:00+08:00,245.0,359.0,0.7,13.9,0.94,991.1,-99.0,0.0,-9.9,-99,-999,嘉義縣,17,大埔鄉,233
23.3264,120.5736,馬頭山,C0M410,2017-01-22T00:00:00+08:00,245.0,352.0,0.3,14.7,0.89,991.1,-99.0,0.0,-9.9,-99,-999,嘉義縣,17,大埔鄉,233
23.3264,120.5736,馬頭山,C0M410,2017-01-22T02:00:00+08:00,245.0,346.0,0.7,14.6,0.92,990.8,-99.0,0.0,-9.9,-99,-999,嘉義縣,17,大埔鄉,233
23.3264,120.5736,馬頭山,C0M410,2017-01-22T03:00:00+08:00,245.0,354.0,0.5,14.4,0.94,990.8,-99.0,0.0,-9.9,-99,-999,嘉義縣,17,大埔鄉,233
23.3264,120.5736,馬頭山,C0M410,2017-01-22T04:00:00+08:00,245.0,358.0,0.9,14.7,0.91,990.5,-99.0,0.0,-9.9,-99,-999,嘉義縣,17,大埔鄉,233
23.3264,120.5736,馬頭山,C0M410,2017-01-22T06:00:00+08:00,245.0,7.0,0.8,14.0,0.95,991.1,-99.0,0.0,-9.9,-99,-999,嘉義縣,17,大埔鄉,233
23.3264,120.5736,馬頭山,C0M410,2017-01-22T07:00:00+08:00,245.0,6.0,0.3,13.9,0.96,991.4,-99.0,0.0,-9.9,-99,-999,嘉義縣,17,大埔鄉,233
23.3264,120.5736,馬頭山,C0M410,2017-01-22T08:00:00+08:00,245.0,0.0,0.1,15.1,0.93,991.9,-99.0,0.0,-9.9,-99,-999,嘉義縣,17,大埔鄉,233
23.3264,120.5736,馬頭山,C0M410,2017-01-22T09:00:00+08:00,245.0,180.0,0.7,17.1,0.81,992.1,-99.0,0.0,-9.9,-99,-999,嘉義縣,17,大埔鄉,233
23.3264,120.5736,馬頭山,C0M410,2017-01-22T10:00:00+08:00,245.0,147.0,1.0,20.2,0.65,991.7,-99.0,0.0,-9.9,-99,-999,嘉義縣,17,大埔鄉,233
23.3264,120.5736,馬頭山,C0M410,2017-01-22T11:00:00+08:00,245.0,171.0,1.6,22.7,0.56,991.1,-99.0,0.0,-9.9,-99,-999,嘉義縣,17,大埔鄉,233
23.3264,120.5736,馬頭山,C0M410,2017-01-22T12:00:00+08:00,245.0,169.0,2.1,22.6,0.60,990.0,-99.0,0.0,-9.9,-99,-999,嘉義縣,17,大埔鄉,233
23.3264,120.5736,馬頭山,C0M410,2017-01-22T13:00:00+08:00,245.0,149.0,2.5,21.8,0.61,989.0,-99.0,0.0,-9.9,-99,-999,嘉義縣,17,大埔鄉,233
23.3264,120.5736,馬頭山,C0M410,2017-01-22T14:00:00+08:00,245.0,160.0,1.8,23.1,0.56,988.2,-99.0,0.0,-9.9,-99,-999,嘉義縣,17,大埔鄉,233
23.3264,120.5736,馬頭山,C0M410,2017-01-22T15:00:00+08:00,245.0,170.0,2.0,23.0,0.56,987.7,-99.0,0.0,-9.9,-99,-999,嘉義縣,17,大埔鄉,233
23.3264,120.5736,馬頭山,C0M410,2017-01-22T16:00:00+08:00,245.0,138.0,2.1,21.6,0.57,987.7,-99.0,0.0,-9.9,-99,-999,嘉義縣,17,大埔鄉,233
23.3264,120.5736,馬頭山,C0M410,2017-01-22T17:00:00+08:00,245.0,123.0,1.7,20.4,0.58,988.2,-99.0,0.0,-9.9,-99,-999,嘉義縣,17,大埔鄉,233
23.3264,120.5736,馬頭山,C0M410,2017-01-22T18:00:00+08:00,245.0,14.0,0.3,18.8,0.69,988.7,-99.0,0.0,-9.9,-99,-999,嘉義縣,17,大埔鄉,233
23.3264,120.5736,馬頭山,C0M410,2017-01-22T19:00:00+08:00,245.0,325.0,0.6,17.9,0.74,989.5,-99.0,0.0,-9.9,-99,-999,嘉義縣,17,大埔鄉,233
23.3264,120.5736,馬頭山,C0M410,2017-01-22T20:00:00+08:00,245.0,0.0,0.0,17.8,0.75,990.3,-99.0,0.0,-9.9,-99,-999,嘉義縣,17,大埔鄉,233
23.3264,120.5736,馬頭山,C0M410,2017-01-22T21:00:00+08:00,245.0,0.0,0.0,17.5,0.78,990.7,-99.0,0.0,-9.9,-99,-999,嘉義縣,17,大埔鄉,233
23.3264,120.5736,馬頭山,C0M410,2017-01-22T22:00:00+08:00,245.0,0.0,0.1,17.3,0.78,990.9,-99.0,0.0,-9.9,-99,-999,嘉義縣,17,大埔鄉,233
23.3264,120.5736,馬頭山,C0M410,2017-01-22T23:00:00+08:00,245.0,0.0,0.0,17.0,0.82,990.7,-99.0,0.0,-9.9,-99,-999,嘉義縣,17,大埔鄉,233
23.3264,120.5736,馬頭山,C0M410,2017-01-23T00:00:00+08:00,245.0,0.0,0.0,16.8,0.84,990.4,-99.0,0.0,-9.9,-99,-999,嘉義縣,17,大埔鄉,233
23.3264,120.5736,馬頭山,C0M410,2017-01-23T01:00:00+08:00,245.0,277.0,0.3,16.6,0.84,990.2,-99.0,0.0,-9.9,-99,-999,嘉義縣,17,大埔鄉,233
23.3264,120.5736,馬頭山,C0M410,2017-01-23T02:00:00+08:00,245.0,304.0,0.7,16.5,0.84,990.0,-99.0,0.0,-9.9,-99,-999,嘉義縣,17,大埔鄉,233
23.3264,120.5736,馬頭山,C0M410,2017-01-23T03:00:00+08:00,245.0,0.0,0.2,16.4,0.87,989.7,-99.0,0.0,-9.9,-99,-999,嘉義縣,17,大埔鄉,233
23.3264,120.5736,馬頭山,C0M410,2017-01-23T04:00:00+08:00,245.0,0.0,0.1,16.5,0.86,989.6,-99.0,0.0,-9.9,-99,-999,嘉義縣,17,大埔鄉,233
23.3264,120.5736,馬頭山,C0M410,2017-01-23T05:00:00+08:00,245.0,305.0,0.6,16.1,0.87,989.9,-99.0,0.0,-9.9,-99,-999,嘉義縣,17,大埔鄉,233
23.3264,120.5736,馬頭山,C0M410,2017-01-23T06:00:00+08:00,245.0,320.0,1.2,15.9,0.88,990.5,-99.0,0.0,-9.9,-99,-999,嘉義縣,17,大埔鄉,233
23.3264,120.5736,馬頭山,C0M410,2017-01-23T07:00:00+08:00,245.0,334.0,1.0,15.5,0.89,990.9,-99.0,0.0,-9.9,-99,-999,嘉義縣,17,大埔鄉,233
23.3264,120.5736,馬頭山,C0M410,2017-01-23T08:00:00+08:00,245.0,0.0,0.0,16.7,0.83,991.5,-99.0,0.0,-9.9,-99,-999,嘉義縣,17,大埔鄉,233
23.3264,120.5736,馬頭山,C0M410,2017-01-23T09:00:00+08:00,245.0,168.0,0.5,18.8,0.76,991.9,-99.0,0.0,-9.9,-99,-999,嘉義縣,17,大埔鄉,233
23.3264,120.5736,馬頭山,C0M410,2017-01-23T10:00:00+08:00,245.0,164.0,1.0,19.8,0.73,991.7,-99.0,0.0,-9.9,-99,-999,嘉義縣,17,大埔鄉,233
23.3264,120.5736,馬頭山,C0M410,2017-01-23T11:00:00+08:00,245.0,160.0,1.7,21.6,0.63,991.6,-99.0,0.0,-9.9,-99,-999,嘉義縣,17,大埔鄉,233
23.3264,120.5736,馬頭山,C0M410,2017-01-23T12:00:00+08:00,245.0,137.0,2.7,20.9,0.64,990.8,-99.0,0.0,-9.9,-99,-999,嘉義縣,17,大埔鄉,233
23.3264,120.5736,馬頭山,C0M410,2017-01-23T13:00:00+08:00,245.0,140.0,1.4,21.5,0.62,989.8,-99.0,0.0,-9.9,-99,-999,嘉義縣,17,大埔鄉,233
23.3264,120.5736,馬頭山,C0M410,2017-01-23T14:00:00+08:00,245.0,178.0,1.3,23.1,0.55,988.9,-99.0,0.0,-9.9,-99,-999,嘉義縣,17,大埔鄉,233
23.3264,120.5736,馬頭山,C0M410,2017-01-23T15:00:00+08:00,245.0,156.0,2.1,22.3,0.57,988.6,-99.0,0.0,-9.9,-99,-999,嘉義縣,17,大埔鄉,233
23.3264,120.5736,馬頭山,C0M410,2017-01-23T16:00:00+08:00,245.0,141.0,2.2,20.9,0.61,988.7,-99.0,0.0,-9.9,-99,-999,嘉義縣,17,大埔鄉,233
23.3264,120.5736,馬頭山,C0M410,2017-01-23T17:00:00+08:00,245.0,356.0,1.4,20.4,0.65,989.1,-99.0,0.0,-9.9,-99,-999,嘉義縣,17,大埔鄉,233
23.3264,120.5736,馬頭山,C0M410,2017-01-23T18:00:00+08:00,245.0,355.0,1.2,18.6,0.73,989.6,-99.0,0.0,-9.9,-99,-999,嘉義縣,17,大埔鄉,233
23.3264,120.5736,馬頭山,C0M410,2017-01-23T19:00:00+08:00,245.0,330.0,0.9,17.9,0.71,990.2,-99.0,0.0,-9.9,-99,-999,嘉義縣,17,大埔鄉,233
23.3264,120.5736,馬頭山,C0M410,2017-01-23T20:00:00+08:00,245.0,341.0,1.0,17.5,0.77,990.6,-99.0,0.0,-9.9,-99,-999,嘉義縣,17,大埔鄉,233
23.3264,120.5736,馬頭山,C0M410,2017-01-23T21:00:00+08:00,245.0,354.0,0.7,17.0,0.82,991.1,-99.0,0.0,-9.9,-99,-999,嘉義縣,17,大埔鄉,233
23.3264,120.5736,馬頭山,C0M410,2017-01-23T22:00:00+08:00,245.0,348.0,0.6,16.8,0.84,991.5,-99.0,0.0,-9.9,-99,-999,嘉義縣,17,大埔鄉,233
23.3264,120.5736,馬頭山,C0M410,2017-01-23T23:00:00+08:00,245.0,335.0,0.7,17.0,0.83,991.8,-99.0,0.0,-9.9,-99,-999,嘉義縣,17,大埔鄉,233
23.3264,120.5736,馬頭山,C0M410,2017-01-24T00:00:00+08:00,245.0,0.0,0.1,16.9,0.84,991.9,-99.0,0.0,-9.9,-99,-999,嘉義縣,17,大埔鄉,233
23.3264,120.5736,馬頭山,C0M410,2017-01-24T01:00:00+08:00,245.0,351.0,1.1,16.8,0.83,991.8,-99.0,0.0,-9.9,-99,-999,嘉義縣,17,大埔鄉,233
23.3264,120.5736,馬頭山,C0M410,2017-01-24T02:00:00+08:00,245.0,350.0,1.0,16.4,0.85,991.2,-99.0,0.0,-9.9,-99,-999,嘉義縣,17,大埔鄉,233
23.3264,120.5736,馬頭山,C0M410,2017-01-24T03:00:00+08:00,245.0,332.0,0.6,16.1,0.87,990.8,-99.0,0.0,-9.9,-99,-999,嘉義縣,17,大埔鄉,233
23.3264,120.5736,馬頭山,C0M410,2017-01-24T04:00:00+08:00,245.0,345.0,0.8,15.9,0.86,990.2,-99.0,0.0,-9.9,-99,-999,嘉義縣,17,大埔鄉,233
23.3264,120.5736,馬頭山,C0M410,2017-01-24T06:00:00+08:00,245.0,359.0,0.8,15.6,0.87,990.7,-99.0,0.0,-9.9,-99,-999,嘉義縣,17,大埔鄉,233
23.3264,120.5736,馬頭山,C0M410,2017-01-24T07:00:00+08:00,245.0,351.0,0.4,15.2,0.91,991.4,-99.0,0.0,-9.9,-99,-999,嘉義縣,17,大埔鄉,233
23.3264,120.5736,馬頭山,C0M410,2017-01-24T08:00:00+08:00,245.0,0.0,0.0,16.4,0.85,991.9,-99.0,0.0,-9.9,-99,-999,嘉義縣,17,大埔鄉,233
23.3264,120.5736,馬頭山,C0M410,2017-01-24T10:00:00+08:00,245.0,172.0,0.8,19.9,0.69,992.2,-99.0,0.0,-9.9,-99,-999,嘉義縣,17,大埔鄉,233
23.3264,120.5736,馬頭山,C0M410,2017-01-24T11:00:00+08:00,245.0,131.0,0.5,20.9,0.66,991.7,-99.0,0.0,-9.9,-99,-999,嘉義縣,17,大埔鄉,233
23.3264,120.5736,馬頭山,C0M410,2017-01-24T12:00:00+08:00,245.0,167.0,1.4,22.9,0.59,990.7,-99.0,0.0,-9.9,-99,-999,嘉義縣,17,大埔鄉,233
23.3264,120.5736,馬頭山,C0M410,2017-01-24T13:00:00+08:00,245.0,179.0,0.7,24.4,0.55,990.0,-99.0,0.0,-9.9,-99,-999,嘉義縣,17,大埔鄉,233
23.3264,120.5736,馬頭山,C0M410,2017-01-24T14:00:00+08:00,245.0,347.0,2.3,21.3,0.59,989.4,-99.0,0.0,-9.9,-99,-999,嘉義縣,17,大埔鄉,233
23.3264,120.5736,馬頭山,C0M410,2017-01-24T15:00:00+08:00,245.0,331.0,1.5,22.0,0.56,989.2,-99.0,0.0,-9.9,-99,-999,嘉義縣,17,大埔鄉,233
23.3264,120.5736,馬頭山,C0M410,2017-01-24T16:00:00+08:00,245.0,329.0,1.5,21.5,0.57,989.3,-99.0,0.0,-9.9,-99,-999,嘉義縣,17,大埔鄉,233
23.3264,120.5736,馬頭山,C0M410,2017-01-24T17:00:00+08:00,245.0,340.0,1.3,20.2,0.62,989.9,-99.0,0.0,-9.9,-99,-999,嘉義縣,17,大埔鄉,233
23.3264,120.5736,馬頭山,C0M410,2017-01-24T18:00:00+08:00,245.0,347.0,1.5,19.1,0.68,990.2,-99.0,0.0,-9.9,-99,-999,嘉義縣,17,大埔鄉,233
23.3264,120.5736,馬頭山,C0M410,2017-01-24T19:00:00+08:00,245.0,354.0,0.5,17.6,0.75,991.0,-99.0,0.0,-9.9,-99,-999,嘉義縣,17,大埔鄉,233
23.3264,120.5736,馬頭山,C0M410,2017-01-24T20:00:00+08:00,245.0,338.0,0.8,17.2,0.79,991.6,-99.0,0.0,-9.9,-99,-999,嘉義縣,17,大埔鄉,233
23.3264,120.5736,馬頭山,C0M410,2017-01-24T22:00:00+08:00,245.0,346.0,1.0,16.5,0.85,992.3,-99.0,0.0,-9.9,-99,-999,嘉義縣,17,大埔鄉,233
23.3264,120.5736,馬頭山,C0M410,2017-01-24T23:00:00+08:00,245.0,342.0,1.1,16.4,0.86,992.3,-99.0,0.0,-9.9,-99,-999,嘉義縣,17,大埔鄉,233
23.3264,120.5736,馬頭山,C0M410,2017-01-25T00:00:00+08:00,245.0,2.0,0.4,15.9,0.89,992.1,-99.0,0.0,-9.9,-99,-999,嘉義縣,17,大埔鄉,233
23.3264,120.5736,馬頭山,C0M410,2017-01-25T01:00:00+08:00,245.0,352.0,1.1,16.1,0.87,991.8,-99.0,0.0,-9.9,-99,-999,嘉義縣,17,大埔鄉,233
23.3264,120.5736,馬頭山,C0M410,2017-01-25T02:00:00+08:00,245.0,357.0,0.9,15.9,0.90,991.3,-99.0,0.0,-9.9,-99,-999,嘉義縣,17,大埔鄉,233
23.3264,120.5736,馬頭山,C0M410,2017-01-25T03:00:00+08:00,245.0,355.0,0.7,15.5,0.92,990.8,-99.0,0.0,-9.9,-99,-999,嘉義縣,17,大埔鄉,233
23.3264,120.5736,馬頭山,C0M410,2017-01-25T04:00:00+08:00,245.0,353.0,1.1,15.2,0.93,990.6,-99.0,0.0,-9.9,-99,-999,嘉義縣,17,大埔鄉,233
23.3264,120.5736,馬頭山,C0M410,2017-01-25T05:00:00+08:00,245.0,0.0,0.0,15.2,0.92,990.8,-99.0,0.0,-9.9,-99,-999,嘉義縣,17,大埔鄉,233
23.3264,120.5736,馬頭山,C0M410,2017-01-25T06:00:00+08:00,245.0,294.0,0.7,15.3,0.92,991.0,-99.0,0.0,-9.9,-99,-999,嘉義縣,17,大埔鄉,233
23.3264,120.5736,馬頭山,C0M410,2017-01-25T07:00:00+08:00,245.0,0.0,0.0,15.3,0.93,991.2,-99.0,0.0,-9.9,-99,-999,嘉義縣,17,大埔鄉,233
23.3264,120.5736,馬頭山,C0M410,2017-01-25T08:00:00+08:00,245.0,343.0,0.4,16.4,0.90,991.7,-99.0,0.0,-9.9,-99,-999,嘉義縣,17,大埔鄉,233
23.3264,120.5736,馬頭山,C0M410,2017-01-25T09:00:00+08:00,245.0,0.0,0.1,18.4,0.80,991.8,-99.0,0.0,-9.9,-99,-999,嘉義縣,17,大埔鄉,233
23.3264,120.5736,馬頭山,C0M410,2017-01-25T10:00:00+08:00,245.0,182.0,0.6,20.8,0.66,991.5,-99.0,0.0,-9.9,-99,-999,嘉義縣,17,大埔鄉,233
23.3264,120.5736,馬頭山,C0M410,2017-01-25T11:00:00+08:00,245.0,188.0,1.1,22.9,0.57,990.8,-99.0,0.0,-9.9,-99,-999,嘉義縣,17,大埔鄉,233
23.3264,120.5736,馬頭山,C0M410,2017-01-25T12:00:00+08:00,245.0,149.0,1.1,21.6,0.66,990.1,-99.0,0.0,-9.9,-99,-999,嘉義縣,17,大埔鄉,233
23.3264,120.5736,馬頭山,C0M410,2017-01-25T13:00:00+08:00,245.0,168.0,1.3,21.3,0.65,989.0,-99.0,0.0,-9.9,-99,-999,嘉義縣,17,大埔鄉,233
23.3264,120.5736,馬頭山,C0M410,2017-01-25T14:00:00+08:00,245.0,15.0,1.3,21.6,0.61,988.8,-99.0,0.0,-9.9,-99,-999,嘉義縣,17,大埔鄉,233
23.3264,120.5736,馬頭山,C0M410,2017-01-25T15:00:00+08:00,245.0,184.0,1.0,23.5,0.57,988.2,-99.0,0.0,-9.9,-99,-999,嘉義縣,17,大埔鄉,233
23.3264,120.5736,馬頭山,C0M410,2017-01-25T16:00:00+08:00,245.0,31.0,1.9,21.6,0.58,988.1,-99.0,0.0,-9.9,-99,-999,嘉義縣,17,大埔鄉,233
23.3264,120.5736,馬頭山,C0M410,2017-01-25T17:00:00+08:00,245.0,340.0,1.9,19.7,0.66,988.3,-99.0,0.0,-9.9,-99,-999,嘉義縣,17,大埔鄉,233
23.3264,120.5736,馬頭山,C0M410,2017-01-25T18:00:00+08:00,245.0,358.0,2.5,18.0,0.72,988.8,-99.0,0.0,-9.9,-99,-999,嘉義縣,17,大埔鄉,233
23.3264,120.5736,馬頭山,C0M410,2017-01-25T19:00:00+08:00,245.0,348.0,1.4,16.4,0.77,989.4,-99.0,0.0,-9.9,-99,-999,嘉義縣,17,大埔鄉,233
23.3264,120.5736,馬頭山,C0M410,2017-01-25T20:00:00+08:00,245.0,346.0,0.9,15.3,0.80,990.1,-99.0,0.0,-9.9,-99,-999,嘉義縣,17,大埔鄉,233
23.3264,120.5736,馬頭山,C0M410,2017-01-25T21:00:00+08:00,245.0,341.0,1.5,14.7,0.84,990.5,-99.0,0.0,-9.9,-99,-999,嘉義縣,17,大埔鄉,233
23.3264,120.5736,馬頭山,C0M410,2017-01-25T22:00:00+08:00,245.0,347.0,0.8,13.7,0.89,990.6,-99.0,0.0,-9.9,-99,-999,嘉義縣,17,大埔鄉,233
23.3264,120.5736,馬頭山,C0M410,2017-01-25T23:00:00+08:00,245.0,344.0,1.4,13.9,0.87,990.6,-99.0,0.0,-9.9,-99,-999,嘉義縣,17,大埔鄉,233
23.3264,120.5736,馬頭山,C0M410,2017-01-26T00:00:00+08:00,245.0,353.0,1.3,13.4,0.88,990.4,-99.0,0.0,-9.9,-99,-999,嘉義縣,17,大埔鄉,233
23.3264,120.5736,馬頭山,C0M410,2017-01-26T01:00:00+08:00,245.0,339.0,1.3,12.8,0.91,990.0,-99.0,0.0,-9.9,-99,-999,嘉義縣,17,大埔鄉,233
23.3264,120.5736,馬頭山,C0M410,2017-01-26T02:00:00+08:00,245.0,347.0,1.3,12.8,0.91,989.6,-99.0,0.0,-9.9,-99,-999,嘉義縣,17,大埔鄉,233
23.3264,120.5736,馬頭山,C0M410,2017-01-26T03:00:00+08:00,245.0,0.0,0.1,12.3,0.93,989.1,-99.0,0.0,-9.9,-99,-999,嘉義縣,17,大埔鄉,233
23.3264,120.5736,馬頭山,C0M410,2017-01-26T04:00:00+08:00,245.0,357.0,1.0,12.3,0.94,989.0,-99.0,0.0,-9.9,-99,-999,嘉義縣,17,大埔鄉,233
23.3264,120.5736,馬頭山,C0M410,2017-01-26T05:00:00+08:00,245.0,340.0,1.3,12.5,0.92,989.0,-99.0,0.0,-9.9,-99,-999,嘉義縣,17,大埔鄉,233
23.3264,120.5736,馬頭山,C0M410,2017-01-26T06:00:00+08:00,245.0,342.0,0.3,11.6,0.96,989.9,-99.0,0.0,-9.9,-99,-999,嘉義縣,17,大埔鄉,233
23.3264,120.5736,馬頭山,C0M410,2017-01-26T07:00:00+08:00,245.0,0.0,0.0,11.3,0.97,990.3,-99.0,0.0,-9.9,-99,-999,嘉義縣,17,大埔鄉,233
23.3264,120.5736,馬頭山,C0M410,2017-01-26T08:00:00+08:00,245.0,219.0,0.4,13.5,0.93,990.5,-99.0,0.0,-9.9,-99,-999,嘉義縣,17,大埔鄉,233
23.3264,120.5736,馬頭山,C0M410,2017-01-26T10:00:00+08:00,245.0,164.0,1.1,19.9,0.57,990.1,-99.0,0.0,-9.9,-99,-999,嘉義縣,17,大埔鄉,233
23.3264,120.5736,馬頭山,C0M410,2017-01-26T11:00:00+08:00,245.0,162.0,1.5,22.3,0.46,989.4,-99.0,0.0,-9.9,-99,-999,嘉義縣,17,大埔鄉,233
23.3264,120.5736,馬頭山,C0M410,2017-01-26T12:00:00+08:00,245.0,164.0,1.6,22.6,0.56,988.5,-99.0,0.0,-9.9,-99,-999,嘉義縣,17,大埔鄉,233
23.3264,120.5736,馬頭山,C0M410,2017-01-26T13:00:00+08:00,245.0,163.0,2.5,22.9,0.53,987.3,-99.0,0.0,-9.9,-99,-999,嘉義縣,17,大埔鄉,233
23.3264,120.5736,馬頭山,C0M410,2017-01-26T14:00:00+08:00,245.0,147.0,2.8,22.3,0.53,986.1,-99.0,0.0,-9.9,-99,-999,嘉義縣,17,大埔鄉,233
23.3264,120.5736,馬頭山,C0M410,2017-01-26T15:00:00+08:00,245.0,137.0,2.9,22.3,0.50,985.8,-99.0,0.0,-9.9,-99,-999,嘉義縣,17,大埔鄉,233
23.3264,120.5736,馬頭山,C0M410,2017-01-26T16:00:00+08:00,245.0,98.0,1.5,23.3,0.52,986.2,-99.0,0.0,-9.9,-99,-999,嘉義縣,17,大埔鄉,233
23.3264,120.5736,馬頭山,C0M410,2017-01-26T17:00:00+08:00,245.0,346.0,2.0,20.3,0.57,986.8,-99.0,0.0,-9.9,-99,-999,嘉義縣,17,大埔鄉,233
23.3264,120.5736,馬頭山,C0M410,2017-01-26T18:00:00+08:00,245.0,343.0,1.3,18.9,0.63,987.3,-99.0,0.0,-9.9,-99,-999,嘉義縣,17,大埔鄉,233
23.3264,120.5736,馬頭山,C0M410,2017-01-26T19:00:00+08:00,245.0,353.0,1.4,16.8,0.75,987.8,-99.0,0.0,-9.9,-99,-999,嘉義縣,17,大埔鄉,233
23.3264,120.5736,馬頭山,C0M410,2017-01-26T20:00:00+08:00,245.0,348.0,1.2,16.5,0.77,988.5,-99.0,0.0,-9.9,-99,-999,嘉義縣,17,大埔鄉,233
23.3264,120.5736,馬頭山,C0M410,2017-01-26T21:00:00+08:00,245.0,341.0,1.6,15.1,0.84,988.9,-99.0,0.0,-9.9,-99,-999,嘉義縣,17,大埔鄉,233
23.3264,120.5736,馬頭山,C0M410,2017-01-26T22:00:00+08:00,245.0,340.0,1.2,14.9,0.83,989.2,-99.0,0.0,-9.9,-99,-999,嘉義縣,17,大埔鄉,233
23.3264,120.5736,馬頭山,C0M410,2017-01-26T23:00:00+08:00,245.0,0.0,0.0,15.3,0.84,989.4,-99.0,0.0,-9.9,-99,-999,嘉義縣,17,大埔鄉,233
23.3264,120.5736,馬頭山,C0M410,2017-01-27T00:00:00+08:00,245.0,353.0,0.5,15.1,0.85,989.5,-99.0,0.0,-9.9,-99,-999,嘉義縣,17,大埔鄉,233
23.3264,120.5736,馬頭山,C0M410,2017-01-27T01:00:00+08:00,245.0,343.0,0.4,14.9,0.88,989.6,-99.0,0.0,-9.9,-99,-999,嘉義縣,17,大埔鄉,233
23.3264,120.5736,馬頭山,C0M410,2017-01-27T02:00:00+08:00,245.0,352.0,1.1,14.1,0.90,989.2,-99.0,0.0,-9.9,-99,-999,嘉義縣,17,大埔鄉,233
23.3264,120.5736,馬頭山,C0M410,2017-01-27T03:00:00+08:00,245.0,344.0,0.9,13.6,0.89,988.9,-99.0,0.0,-9.9,-99,-999,嘉義縣,17,大埔鄉,233
23.3264,120.5736,馬頭山,C0M410,2017-01-27T04:00:00+08:00,245.0,356.0,1.3,12.9,0.91,989.0,-99.0,0.0,-9.9,-99,-999,嘉義縣,17,大埔鄉,233
23.3264,120.5736,馬頭山,C0M410,2017-01-27T05:00:00+08:00,245.0,353.0,1.6,13.2,0.82,989.0,-99.0,0.0,-9.9,-99,-999,嘉義縣,17,大埔鄉,233
23.3264,120.5736,馬頭山,C0M410,2017-01-27T06:00:00+08:00,245.0,351.0,1.2,11.7,0.89,989.3,-99.0,0.0,-9.9,-99,-999,嘉義縣,17,大埔鄉,233
23.3264,120.5736,馬頭山,C0M410,2017-01-27T07:00:00+08:00,245.0,339.0,0.7,11.5,0.90,989.7,-99.0,0.0,-9.9,-99,-999,嘉義縣,17,大埔鄉,233
23.3264,120.5736,馬頭山,C0M410,2017-01-27T08:00:00+08:00,245.0,164.0,1.0,14.7,0.81,990.3,-99.0,0.0,-9.9,-99,-999,嘉義縣,17,大埔鄉,233
23.3264,120.5736,馬頭山,C0M410,2017-01-27T09:00:00+08:00,245.0,200.0,0.9,19.4,0.57,990.4,-99.0,0.0,-9.9,-99,-999,嘉義縣,17,大埔鄉,233
23.3264,120.5736,馬頭山,C0M410,2017-01-27T10:00:00+08:00,245.0,186.0,1.3,21.6,0.46,990.0,-99.0,0.0,-9.9,-99,-999,嘉義縣,17,大埔鄉,233
23.3264,120.5736,馬頭山,C0M410,2017-01-27T11:00:00+08:00,245.0,167.0,1.6,23.9,0.40,989.2,-99.0,0.0,-9.9,-99,-999,嘉義縣,17,大埔鄉,233
23.3264,120.5736,馬頭山,C0M410,2017-01-27T13:00:00+08:00,245.0,350.0,2.8,22.2,0.43,987.1,-99.0,0.0,-9.9,-99,-999,嘉義縣,17,大埔鄉,233
23.3264,120.5736,馬頭山,C0M410,2017-01-27T14:00:00+08:00,245.0,336.0,2.0,22.6,0.45,986.2,-99.0,0.0,-9.9,-99,-999,嘉義縣,17,大埔鄉,233
23.3264,120.5736,馬頭山,C0M410,2017-01-27T15:00:00+08:00,245.0,327.0,2.2,22.2,0.48,985.5,-99.0,0.0,-9.9,-99,-999,嘉義縣,17,大埔鄉,233
23.3264,120.5736,馬頭山,C0M410,2017-01-27T16:00:00+08:00,245.0,335.0,2.5,21.9,0.48,985.7,-99.0,0.0,-9.9,-99,-999,嘉義縣,17,大埔鄉,233
23.3264,120.5736,馬頭山,C0M410,2017-01-27T17:00:00+08:00,245.0,350.0,3.8,20.8,0.50,986.1,-99.0,0.0,-9.9,-99,-999,嘉義縣,17,大埔鄉,233
23.3264,120.5736,馬頭山,C0M410,2017-01-27T18:00:00+08:00,245.0,350.0,2.2,19.6,0.54,986.5,-99.0,0.0,-9.9,-99,-999,嘉義縣,17,大埔鄉,233
23.3264,120.5736,馬頭山,C0M410,2017-01-27T19:00:00+08:00,245.0,350.0,1.3,17.3,0.67,986.8,-99.0,0.0,-9.9,-99,-999,嘉義縣,17,大埔鄉,233
23.3264,120.5736,馬頭山,C0M410,2017-01-27T20:00:00+08:00,245.0,353.0,1.4,16.4,0.72,987.4,-99.0,0.0,-9.9,-99,-999,嘉義縣,17,大埔鄉,233
23.3264,120.5736,馬頭山,C0M410,2017-01-27T21:00:00+08:00,245.0,342.0,1.0,15.4,0.77,987.9,-99.0,0.0,-9.9,-99,-999,嘉義縣,17,大埔鄉,233
23.3264,120.5736,馬頭山,C0M410,2017-01-27T22:00:00+08:00,245.0,355.0,0.8,13.8,0.86,988.2,-99.0,0.0,-9.9,-99,-999,嘉義縣,17,大埔鄉,233
23.3264,120.5736,馬頭山,C0M410,2017-01-27T23:00:00+08:00,245.0,345.0,1.0,14.4,0.82,987.8,-99.0,0.0,-9.9,-99,-999,嘉義縣,17,大埔鄉,233
23.3264,120.5736,馬頭山,C0M410,2017-01-28T00:00:00+08:00,245.0,358.0,0.6,13.8,0.86,987.6,-99.0,0.0,-9.9,-99,-999,嘉義縣,17,大埔鄉,233
23.3264,120.5736,馬頭山,C0M410,2017-01-28T02:00:00+08:00,245.0,345.0,1.0,13.3,0.88,987.2,-99.0,0.0,-9.9,-99,-999,嘉義縣,17,大埔鄉,233
23.3264,120.5736,馬頭山,C0M410,2017-01-28T03:00:00+08:00,245.0,341.0,0.9,13.4,0.87,986.6,-99.0,0.0,-9.9,-99,-999,嘉義縣,17,大埔鄉,233
23.3264,120.5736,馬頭山,C0M410,2017-01-28T04:00:00+08:00,245.0,336.0,1.1,13.1,0.88,985.9,-99.0,0.0,-9.9,-99,-999,嘉義縣,17,大埔鄉,233
23.3264,120.5736,馬頭山,C0M410,2017-01-28T05:00:00+08:00,245.0,342.0,1.5,12.6,0.90,985.8,-99.0,0.0,-9.9,-99,-999,嘉義縣,17,大埔鄉,233
23.3264,120.5736,馬頭山,C0M410,2017-01-28T06:00:00+08:00,245.0,340.0,1.3,12.6,0.89,986.0,-99.0,0.0,-9.9,-99,-999,嘉義縣,17,大埔鄉,233
23.3264,120.5736,馬頭山,C0M410,2017-01-28T07:00:00+08:00,245.0,338.0,1.8,13.2,0.82,986.3,-99.0,0.0,-9.9,-99,-999,嘉義縣,17,大埔鄉,233
23.3264,120.5736,馬頭山,C0M410,2017-01-28T08:00:00+08:00,245.0,331.0,1.4,14.1,0.80,986.3,-99.0,0.0,-9.9,-99,-999,嘉義縣,17,大埔鄉,233
23.3264,120.5736,馬頭山,C0M410,2017-01-28T09:00:00+08:00,245.0,0.0,0.1,19.1,0.58,986.4,-99.0,0.0,-9.9,-99,-999,嘉義縣,17,大埔鄉,233
23.3264,120.5736,馬頭山,C0M410,2017-01-28T10:00:00+08:00,245.0,168.0,2.0,23.2,0.46,986.3,-99.0,0.0,-9.9,-99,-999,嘉義縣,17,大埔鄉,233
23.3264,120.5736,馬頭山,C0M410,2017-01-28T11:00:00+08:00,245.0,161.0,1.8,23.9,0.43,986.0,-99.0,0.0,-9.9,-99,-999,嘉義縣,17,大埔鄉,233
23.3264,120.5736,馬頭山,C0M410,2017-01-28T12:00:00+08:00,245.0,164.0,1.6,25.6,0.41,984.9,-99.0,0.0,-9.9,-99,-999,嘉義縣,17,大埔鄉,233
23.3264,120.5736,馬頭山,C0M410,2017-01-28T13:00:00+08:00,245.0,164.0,1.7,26.4,0.39,983.7,-99.0,0.0,-9.9,-99,-999,嘉義縣,17,大埔鄉,233
23.3264,120.5736,馬頭山,C0M410,2017-01-28T14:00:00+08:00,245.0,162.0,1.7,26.6,0.42,983.0,-99.0,0.0,-9.9,-99,-999,嘉義縣,17,大埔鄉,233
23.3264,120.5736,馬頭山,C0M410,2017-01-28T15:00:00+08:00,245.0,146.0,2.4,25.0,0.46,982.6,-99.0,0.0,-9.9,-99,-999,嘉義縣,17,大埔鄉,233
23.3264,120.5736,馬頭山,C0M410,2017-01-28T16:00:00+08:00,245.0,252.0,0.9,25.3,0.48,982.9,-99.0,0.0,-9.9,-99,-999,嘉義縣,17,大埔鄉,233
23.3264,120.5736,馬頭山,C0M410,2017-01-28T17:00:00+08:00,245.0,0.0,0.2,21.8,0.62,983.1,-99.0,0.0,-9.9,-99,-999,嘉義縣,17,大埔鄉,233
23.3264,120.5736,馬頭山,C0M410,2017-01-28T18:00:00+08:00,245.0,357.0,1.3,19.9,0.72,983.7,-99.0,0.0,-9.9,-99,-999,嘉義縣,17,大埔鄉,233
23.3264,120.5736,馬頭山,C0M410,2017-01-28T19:00:00+08:00,245.0,348.0,1.2,18.6,0.75,984.5,-99.0,0.0,-9.9,-99,-999,嘉義縣,17,大埔鄉,233
23.3264,120.5736,馬頭山,C0M410,2017-01-28T20:00:00+08:00,245.0,353.0,1.1,17.8,0.79,985.1,-99.0,0.0,-9.9,-99,-999,嘉義縣,17,大埔鄉,233
23.3264,120.5736,馬頭山,C0M410,2017-01-28T21:00:00+08:00,245.0,359.0,0.4,16.9,0.85,985.2,-99.0,0.0,-9.9,-99,-999,嘉義縣,17,大埔鄉,233
23.3264,120.5736,馬頭山,C0M410,2017-01-28T22:00:00+08:00,245.0,355.0,1.0,16.4,0.87,985.2,-99.0,0.0,-9.9,-99,-999,嘉義縣,17,大埔鄉,233
23.3264,120.5736,馬頭山,C0M410,2017-01-28T23:00:00+08:00,245.0,355.0,0.6,16.0,0.88,985.2,-99.0,0.0,-9.9,-99,-999,嘉義縣,17,大埔鄉,233
23.3264,120.5736,馬頭山,C0M410,2017-01-29T00:00:00+08:00,245.0,0.0,0.1,14.8,0.94,985.2,-99.0,0.0,-9.9,-99,-999,嘉義縣,17,大埔鄉,233
23.3264,120.5736,馬頭山,C0M410,2017-01-29T01:00:00+08:00,245.0,343.0,1.1,15.1,0.91,985.0,-99.0,0.0,-9.9,-99,-999,嘉義縣,17,大埔鄉,233
23.3264,120.5736,馬頭山,C0M410,2017-01-29T02:00:00+08:00,245.0,346.0,1.1,14.6,0.93,984.6,-99.0,0.0,-9.9,-99,-999,嘉義縣,17,大埔鄉,233
23.3264,120.5736,馬頭山,C0M410,2017-01-29T03:00:00+08:00,245.0,344.0,1.2,14.5,0.93,984.4,-99.0,0.0,-9.9,-99,-999,嘉義縣,17,大埔鄉,233
23.3264,120.5736,馬頭山,C0M410,2017-01-29T04:00:00+08:00,245.0,346.0,0.8,14.4,0.94,983.9,-99.0,0.0,-9.9,-99,-999,嘉義縣,17,大埔鄉,233
23.3264,120.5736,馬頭山,C0M410,2017-01-29T05:00:00+08:00,245.0,18.0,0.3,13.9,0.95,983.9,-99.0,0.0,-9.9,-99,-999,嘉義縣,17,大埔鄉,233
23.3264,120.5736,馬頭山,C0M410,2017-01-29T06:00:00+08:00,245.0,0.0,0.0,13.8,0.95,984.6,-99.0,0.0,-9.9,-99,-999,嘉義縣,17,大埔鄉,233
23.3264,120.5736,馬頭山,C0M410,2017-01-29T07:00:00+08:00,245.0,0.0,0.0,13.8,0.97,985.2,-99.0,0.0,-9.9,-99,-999,嘉義縣,17,大埔鄉,233
23.3264,120.5736,馬頭山,C0M410,2017-01-29T08:00:00+08:00,245.0,291.0,0.3,16.1,0.88,985.9,-99.0,0.0,-9.9,-99,-999,嘉義縣,17,大埔鄉,233
23.3264,120.5736,馬頭山,C0M410,2017-01-29T09:00:00+08:00,245.0,0.0,0.0,19.1,0.75,986.4,-99.0,0.0,-9.9,-99,-999,嘉義縣,17,大埔鄉,233
23.3264,120.5736,馬頭山,C0M410,2017-01-29T10:00:00+08:00,245.0,185.0,0.9,22.7,0.58,986.4,-99.0,0.0,-9.9,-99,-999,嘉義縣,17,大埔鄉,233
23.3264,120.5736,馬頭山,C0M410,2017-01-29T11:00:00+08:00,245.0,144.0,1.5,25.0,0.46,985.6,-99.0,0.0,-9.9,-99,-999,嘉義縣,17,大埔鄉,233
23.3264,120.5736,馬頭山,C0M410,2017-01-29T12:00:00+08:00,245.0,164.0,1.5,27.4,0.41,984.1,-99.0,0.0,-9.9,-99,-999,嘉義縣,17,大埔鄉,233
23.3264,120.5736,馬頭山,C0M410,2017-01-29T13:00:00+08:00,245.0,155.0,2.3,27.9,0.43,983.3,-99.0,0.0,-9.9,-99,-999,嘉義縣,17,大埔鄉,233
23.3264,120.5736,馬頭山,C0M410,2017-01-29T14:00:00+08:00,245.0,184.0,1.5,28.9,0.43,982.3,-99.0,0.0,-9.9,-99,-999,嘉義縣,17,大埔鄉,233
23.3264,120.5736,馬頭山,C0M410,2017-01-29T15:00:00+08:00,245.0,135.0,1.8,26.7,0.48,982.1,-99.0,0.0,-9.9,-99,-999,嘉義縣,17,大埔鄉,233
23.3264,120.5736,馬頭山,C0M410,2017-01-29T16:00:00+08:00,245.0,325.0,0.9,25.9,0.51,982.2,-99.0,0.0,-9.9,-99,-999,嘉義縣,17,大埔鄉,233
23.3264,120.5736,馬頭山,C0M410,2017-01-29T17:00:00+08:00,245.0,342.0,0.7,23.4,0.61,982.9,-99.0,0.0,-9.9,-99,-999,嘉義縣,17,大埔鄉,233
23.3264,120.5736,馬頭山,C0M410,2017-01-29T18:00:00+08:00,245.0,339.0,1.3,22.1,0.62,983.6,-99.0,0.0,-9.9,-99,-999,嘉義縣,17,大埔鄉,233
23.3264,120.5736,馬頭山,C0M410,2017-01-29T19:00:00+08:00,245.0,343.0,0.8,21.3,0.65,984.3,-99.0,0.0,-9.9,-99,-999,嘉義縣,17,大埔鄉,233
23.3264,120.5736,馬頭山,C0M410,2017-01-29T20:00:00+08:00,245.0,344.0,1.5,19.8,0.73,984.7,-99.0,0.0,-9.9,-99,-999,嘉義縣,17,大埔鄉,233
23.3264,120.5736,馬頭山,C0M410,2017-01-29T21:00:00+08:00,245.0,0.0,0.1,19.1,0.79,984.7,-99.0,0.0,-9.9,-99,-999,嘉義縣,17,大埔鄉,233
23.3264,120.5736,馬頭山,C0M410,2017-01-29T22:00:00+08:00,245.0,355.0,0.9,17.8,0.85,985.1,-99.0,0.0,-9.9,-99,-999,嘉義縣,17,大埔鄉,233
23.3264,120.5736,馬頭山,C0M410,2017-01-29T23:00:00+08:00,245.0,0.0,0.0,17.8,0.84,984.9,-99.0,0.0,-9.9,-99,-999,嘉義縣,17,大埔鄉,233
23.3264,120.5736,馬頭山,C0M410,2017-01-30T00:00:00+08:00,245.0,342.0,0.5,16.8,0.89,984.9,-99.0,0.0,-9.9,-99,-999,嘉義縣,17,大埔鄉,233
23.3264,120.5736,馬頭山,C0M410,2017-01-30T01:00:00+08:00,245.0,0.0,0.2,16.5,0.90,984.5,-99.0,0.0,-9.9,-99,-999,嘉義縣,17,大埔鄉,233
23.3264,120.5736,馬頭山,C0M410,2017-01-30T02:00:00+08:00,245.0,332.0,1.0,15.7,0.93,984.5,-99.0,0.0,-9.9,-99,-999,嘉義縣,17,大埔鄉,233
23.3264,120.5736,馬頭山,C0M410,2017-01-30T03:00:00+08:00,245.0,356.0,0.8,16.7,0.88,984.0,-99.0,0.0,-9.9,-99,-999,嘉義縣,17,大埔鄉,233
23.3264,120.5736,馬頭山,C0M410,2017-01-30T04:00:00+08:00,245.0,1.0,0.9,16.0,0.93,983.9,-99.0,0.0,-9.9,-99,-999,嘉義縣,17,大埔鄉,233
23.3264,120.5736,馬頭山,C0M410,2017-01-30T05:00:00+08:00,245.0,1.0,0.3,17.0,0.88,984.1,-99.0,0.0,-9.9,-99,-999,嘉義縣,17,大埔鄉,233
23.3264,120.5736,馬頭山,C0M410,2017-01-30T06:00:00+08:00,245.0,0.0,0.2,16.9,0.88,984.6,-99.0,0.0,-9.9,-99,-999,嘉義縣,17,大埔鄉,233
23.3264,120.5736,馬頭山,C0M410,2017-01-30T07:00:00+08:00,245.0,341.0,1.3,16.9,0.89,985.2,-99.0,0.0,-9.9,-99,-999,嘉義縣,17,大埔鄉,233
23.3264,120.5736,馬頭山,C0M410,2017-01-30T08:00:00+08:00,245.0,0.0,0.0,18.3,0.84,986.0,-99.0,0.0,-9.9,-99,-999,嘉義縣,17,大埔鄉,233
23.3264,120.5736,馬頭山,C0M410,2017-01-30T09:00:00+08:00,245.0,175.0,0.6,21.6,0.71,986.1,-99.0,0.0,-9.9,-99,-999,嘉義縣,17,大埔鄉,233
23.3264,120.5736,馬頭山,C0M410,2017-01-30T10:00:00+08:00,245.0,174.0,1.0,24.8,0.57,985.6,-99.0,0.0,-9.9,-99,-999,嘉義縣,17,大埔鄉,233
23.3264,120.5736,馬頭山,C0M410,2017-01-30T11:00:00+08:00,245.0,167.0,0.4,27.1,0.47,984.8,-99.0,0.0,-9.9,-99,-999,嘉義縣,17,大埔鄉,233
23.3264,120.5736,馬頭山,C0M410,2017-01-30T12:00:00+08:00,245.0,213.0,0.6,28.7,0.44,983.6,-99.0,0.0,-9.9,-99,-999,嘉義縣,17,大埔鄉,233
23.3264,120.5736,馬頭山,C0M410,2017-01-30T13:00:00+08:00,245.0,186.0,1.8,29.4,0.43,982.8,-99.0,0.0,-9.9,-99,-999,嘉義縣,17,大埔鄉,233
23.3264,120.5736,馬頭山,C0M410,2017-01-30T14:00:00+08:00,245.0,147.0,2.6,25.9,0.54,982.2,-99.0,0.0,-9.9,-99,-999,嘉義縣,17,大埔鄉,233
23.3264,120.5736,馬頭山,C0M410,2017-01-30T15:00:00+08:00,245.0,343.0,2.7,24.8,0.61,982.0,-99.0,0.0,-9.9,-99,-999,嘉義縣,17,大埔鄉,233
23.3264,120.5736,馬頭山,C0M410,2017-01-30T16:00:00+08:00,245.0,347.0,3.1,23.1,0.68,982.4,-99.0,0.0,-9.9,-99,-999,嘉義縣,17,大埔鄉,233
23.3264,120.5736,馬頭山,C0M410,2017-01-30T17:00:00+08:00,245.0,359.0,1.0,22.5,0.70,983.1,-99.0,0.0,-9.9,-99,-999,嘉義縣,17,大埔鄉,233
23.3264,120.5736,馬頭山,C0M410,2017-01-30T18:00:00+08:00,245.0,343.0,0.4,21.8,0.75,983.7,-99.0,0.0,-9.9,-99,-999,嘉義縣,17,大埔鄉,233
23.3264,120.5736,馬頭山,C0M410,2017-01-30T21:00:00+08:00,245.0,347.0,1.1,19.7,0.87,985.0,-99.0,0.0,-9.9,-99,-999,嘉義縣,17,大埔鄉,233
23.3264,120.5736,馬頭山,C0M410,2017-01-30T22:00:00+08:00,245.0,345.0,0.8,19.1,0.90,984.7,-99.0,0.0,-9.9,-99,-999,嘉義縣,17,大埔鄉,233
23.3264,120.5736,馬頭山,C0M410,2017-01-30T23:00:00+08:00,245.0,0.0,0.1,18.8,0.91,984.7,-99.0,0.0,-9.9,-99,-999,嘉義縣,17,大埔鄉,233
23.3264,120.5736,馬頭山,C0M410,2017-01-31T00:00:00+08:00,245.0,161.0,0.9,18.9,0.91,984.9,-99.0,0.0,-9.9,-99,-999,嘉義縣,17,大埔鄉,233
23.3264,120.5736,馬頭山,C0M410,2017-01-31T01:00:00+08:00,245.0,147.0,0.4,18.2,0.91,984.4,-99.0,0.0,-9.9,-99,-999,嘉義縣,17,大埔鄉,233
23.3264,120.5736,馬頭山,C0M410,2017-01-31T02:00:00+08:00,245.0,313.0,0.4,17.5,0.94,984.1,-99.0,0.0,-9.9,-99,-999,嘉義縣,17,大埔鄉,233
23.3264,120.5736,馬頭山,C0M410,2017-01-31T03:00:00+08:00,245.0,0.0,0.0,17.0,0.95,983.8,-99.0,0.0,-9.9,-99,-999,嘉義縣,17,大埔鄉,233
23.3264,120.5736,馬頭山,C0M410,2017-01-31T04:00:00+08:00,245.0,0.0,0.2,16.9,0.96,983.9,-99.0,0.0,-9.9,-99,-999,嘉義縣,17,大埔鄉,233
23.3264,120.5736,馬頭山,C0M410,2017-01-31T05:00:00+08:00,245.0,313.0,0.5,16.9,0.96,984.4,-99.0,0.0,-9.9,-99,-999,嘉義縣,17,大埔鄉,233
23.3264,120.5736,馬頭山,C0M410,2017-01-31T06:00:00+08:00,245.0,0.0,0.0,16.8,0.97,984.8,-99.0,0.0,-9.9,-99,-999,嘉義縣,17,大埔鄉,233
23.3264,120.5736,馬頭山,C0M410,2017-01-31T07:00:00+08:00,245.0,313.0,0.3,17.0,0.97,985.4,-99.0,0.0,-9.9,-99,-999,嘉義縣,17,大埔鄉,233
