23.4664,120.5460,엱젒,C0M720,2017-01-10T11:00:00+08:00,225.0,236.0,0.8,20.2,0.71,992.8,-99.0,0.0,-9.9,-99,-999,좐잠찏,17,엱젒욠,220
23.4664,120.5460,엱젒,C0M720,2017-01-10T12:00:00+08:00,225.0,275.0,1.5,20.6,0.70,992.1,-99.0,0.0,-9.9,-99,-999,좐잠찏,17,엱젒욠,220
23.4664,120.5460,엱젒,C0M720,2017-01-10T13:00:00+08:00,225.0,291.0,0.8,22.0,0.64,991.2,-99.0,0.0,-9.9,-99,-999,좐잠찏,17,엱젒욠,220
23.4664,120.5460,엱젒,C0M720,2017-01-10T14:00:00+08:00,225.0,211.0,1.1,23.0,0.59,990.2,-99.0,0.0,-9.9,-99,-999,좐잠찏,17,엱젒욠,220
23.4664,120.5460,엱젒,C0M720,2017-01-10T15:00:00+08:00,225.0,264.0,1.2,22.9,0.59,990.0,-99.0,0.0,-9.9,-99,-999,좐잠찏,17,엱젒욠,220
23.4664,120.5460,엱젒,C0M720,2017-01-10T16:00:00+08:00,225.0,330.0,1.0,22.8,0.59,990.2,-99.0,0.0,-9.9,-99,-999,좐잠찏,17,엱젒욠,220
23.4664,120.5460,엱젒,C0M720,2017-01-10T17:00:00+08:00,225.0,297.0,0.8,22.0,0.64,990.7,-99.0,0.0,-9.9,-99,-999,좐잠찏,17,엱젒욠,220
23.4664,120.5460,엱젒,C0M720,2017-01-10T18:00:00+08:00,225.0,353.0,0.9,20.5,0.69,991.2,-99.0,0.0,-9.9,-99,-999,좐잠찏,17,엱젒욠,220
23.4664,120.5460,엱젒,C0M720,2017-01-10T19:00:00+08:00,225.0,326.0,1.2,18.7,0.82,991.7,-99.0,0.0,-9.9,-99,-999,좐잠찏,17,엱젒욠,220
23.4664,120.5460,엱젒,C0M720,2017-01-10T20:00:00+08:00,225.0,0.0,0.0,17.1,0.91,992.2,-99.0,0.0,-9.9,-99,-999,좐잠찏,17,엱젒욠,220
23.4664,120.5460,엱젒,C0M720,2017-01-10T21:00:00+08:00,225.0,288.0,0.4,16.5,0.92,992.8,-99.0,0.0,-9.9,-99,-999,좐잠찏,17,엱젒욠,220
23.4664,120.5460,엱젒,C0M720,2017-01-10T22:00:00+08:00,225.0,336.0,0.6,16.0,0.95,993.0,-99.0,0.0,-9.9,-99,-999,좐잠찏,17,엱젒욠,220
23.4664,120.5460,엱젒,C0M720,2017-01-10T23:00:00+08:00,225.0,129.0,0.3,16.0,0.94,992.8,-99.0,0.0,-9.9,-99,-999,좐잠찏,17,엱젒욠,220
23.4664,120.5460,엱젒,C0M720,2017-01-11T00:00:00+08:00,225.0,356.0,0.5,16.5,0.94,992.1,-99.0,0.0,-9.9,-99,-999,좐잠찏,17,엱젒욠,220
23.4664,120.5460,엱젒,C0M720,2017-01-11T01:00:00+08:00,225.0,0.0,0.0,15.5,0.97,992.2,-99.0,0.0,-9.9,-99,-999,좐잠찏,17,엱젒욠,220
23.4664,120.5460,엱젒,C0M720,2017-01-11T02:00:00+08:00,225.0,108.0,0.9,16.7,0.91,991.6,-99.0,0.0,-9.9,-99,-999,좐잠찏,17,엱젒욠,220
23.4664,120.5460,엱젒,C0M720,2017-01-11T03:00:00+08:00,225.0,104.0,0.5,16.5,0.91,991.4,-99.0,0.0,-9.9,-99,-999,좐잠찏,17,엱젒욠,220
23.4664,120.5460,엱젒,C0M720,2017-01-11T04:00:00+08:00,225.0,290.0,1.5,14.9,0.98,991.6,-99.0,0.0,-9.9,-99,-999,좐잠찏,17,엱젒욠,220
23.4664,120.5460,엱젒,C0M720,2017-01-11T05:00:00+08:00,225.0,0.0,0.0,14.5,0.97,991.6,-99.0,0.0,-9.9,-99,-999,좐잠찏,17,엱젒욠,220
23.4664,120.5460,엱젒,C0M720,2017-01-11T06:00:00+08:00,225.0,338.0,0.5,14.8,0.97,992.0,-99.0,0.0,-9.9,-99,-999,좐잠찏,17,엱젒욠,220
23.4664,120.5460,엱젒,C0M720,2017-01-11T07:00:00+08:00,225.0,0.0,0.0,15.2,0.95,992.2,-99.0,0.0,-9.9,-99,-999,좐잠찏,17,엱젒욠,220
23.4664,120.5460,엱젒,C0M720,2017-01-11T08:00:00+08:00,225.0,45.0,0.6,16.6,0.91,992.8,-99.0,0.0,-9.9,-99,-999,좐잠찏,17,엱젒욠,220
23.4664,120.5460,엱젒,C0M720,2017-01-11T09:00:00+08:00,225.0,260.0,0.6,18.2,0.82,993.5,-99.0,0.0,-9.9,-99,-999,좐잠찏,17,엱젒욠,220
23.4664,120.5460,엱젒,C0M720,2017-01-11T10:00:00+08:00,225.0,169.0,0.4,21.3,0.69,993.1,-99.0,0.0,-9.9,-99,-999,좐잠찏,17,엱젒욠,220
23.4664,120.5460,엱젒,C0M720,2017-01-11T11:00:00+08:00,225.0,325.0,1.5,21.0,0.71,992.5,-99.0,0.0,-9.9,-99,-999,좐잠찏,17,엱젒욠,220
23.4664,120.5460,엱젒,C0M720,2017-01-11T12:00:00+08:00,225.0,288.0,1.6,22.6,0.63,991.1,-99.0,0.0,-9.9,-99,-999,좐잠찏,17,엱젒욠,220
23.4664,120.5460,엱젒,C0M720,2017-01-11T13:00:00+08:00,225.0,250.0,0.7,23.5,0.57,989.9,-99.0,0.0,-9.9,-99,-999,좐잠찏,17,엱젒욠,220
23.4664,120.5460,엱젒,C0M720,2017-01-11T14:00:00+08:00,225.0,301.0,1.6,23.5,0.57,989.0,-99.0,0.0,-9.9,-99,-999,좐잠찏,17,엱젒욠,220
23.4664,120.5460,엱젒,C0M720,2017-01-11T15:00:00+08:00,225.0,261.0,1.3,24.0,0.53,988.5,-99.0,0.0,-9.9,-99,-999,좐잠찏,17,엱젒욠,220
23.4664,120.5460,엱젒,C0M720,2017-01-11T16:00:00+08:00,225.0,313.0,3.6,22.7,0.66,988.5,-99.0,0.0,-9.9,-99,-999,좐잠찏,17,엱젒욠,220
23.4664,120.5460,엱젒,C0M720,2017-01-11T17:00:00+08:00,225.0,305.0,2.2,21.0,0.74,989.4,-99.0,0.0,-9.9,-99,-999,좐잠찏,17,엱젒욠,220
23.4664,120.5460,엱젒,C0M720,2017-01-11T18:00:00+08:00,225.0,328.0,1.9,19.6,0.80,990.2,-99.0,0.0,-9.9,-99,-999,좐잠찏,17,엱젒욠,220
23.4664,120.5460,엱젒,C0M720,2017-01-11T19:00:00+08:00,225.0,268.0,0.7,19.1,0.82,990.9,-99.0,0.0,-9.9,-99,-999,좐잠찏,17,엱젒욠,220
23.4664,120.5460,엱젒,C0M720,2017-01-11T20:00:00+08:00,225.0,309.0,1.4,18.0,0.89,991.6,-99.0,0.0,-9.9,-99,-999,좐잠찏,17,엱젒욠,220
23.4664,120.5460,엱젒,C0M720,2017-01-11T21:00:00+08:00,225.0,295.0,0.6,17.7,0.91,991.6,-99.0,0.0,-9.9,-99,-999,좐잠찏,17,엱젒욠,220
23.4664,120.5460,엱젒,C0M720,2017-01-11T22:00:00+08:00,225.0,325.0,1.1,17.4,0.91,992.3,-99.0,0.0,-9.9,-99,-999,좐잠찏,17,엱젒욠,220
23.4664,120.5460,엱젒,C0M720,2017-01-11T23:00:00+08:00,225.0,71.0,0.3,17.5,0.91,992.1,-99.0,0.0,-9.9,-99,-999,좐잠찏,17,엱젒욠,220
23.4664,120.5460,엱젒,C0M720,2017-01-12T00:00:00+08:00,225.0,306.0,1.1,17.0,0.94,991.3,-99.0,0.0,-9.9,-99,-999,좐잠찏,17,엱젒욠,220
23.4664,120.5460,엱젒,C0M720,2017-01-12T01:00:00+08:00,225.0,140.0,0.3,17.2,0.93,990.9,-99.0,0.0,-9.9,-99,-999,좐잠찏,17,엱젒욠,220
23.4664,120.5460,엱젒,C0M720,2017-01-12T02:00:00+08:00,225.0,0.0,0.0,17.3,0.93,990.6,-99.0,0.0,-9.9,-99,-999,좐잠찏,17,엱젒욠,220
23.4664,120.5460,엱젒,C0M720,2017-01-12T03:00:00+08:00,225.0,0.0,0.0,17.5,0.92,990.3,-99.0,0.0,-9.9,-99,-999,좐잠찏,17,엱젒욠,220
23.4664,120.5460,엱젒,C0M720,2017-01-12T04:00:00+08:00,225.0,0.0,0.2,17.1,0.95,989.9,-99.0,0.0,-9.9,-99,-999,좐잠찏,17,엱젒욠,220
23.4664,120.5460,엱젒,C0M720,2017-01-12T05:00:00+08:00,225.0,0.0,0.2,16.9,0.96,990.0,-99.0,0.0,-9.9,-99,-999,좐잠찏,17,엱젒욠,220
23.4664,120.5460,엱젒,C0M720,2017-01-12T06:00:00+08:00,225.0,20.0,0.3,16.5,0.97,989.8,-99.0,0.0,-9.9,-99,-999,좐잠찏,17,엱젒욠,220
23.4664,120.5460,엱젒,C0M720,2017-01-12T07:00:00+08:00,225.0,346.0,1.3,16.6,0.97,990.1,-99.0,0.0,-9.9,-99,-999,좐잠찏,17,엱젒욠,220
23.4664,120.5460,엱젒,C0M720,2017-01-12T08:00:00+08:00,225.0,105.0,0.6,17.7,0.93,989.8,-99.0,0.0,-9.9,-99,-999,좐잠찏,17,엱젒욠,220
23.4664,120.5460,엱젒,C0M720,2017-01-12T09:00:00+08:00,225.0,270.0,1.1,20.4,0.79,989.7,-99.0,0.0,-9.9,-99,-999,좐잠찏,17,엱젒욠,220
23.4664,120.5460,엱젒,C0M720,2017-01-12T10:00:00+08:00,225.0,268.0,1.1,21.5,0.75,990.2,-99.0,0.0,-9.9,-99,-999,좐잠찏,17,엱젒욠,220
23.4664,120.5460,엱젒,C0M720,2017-01-12T11:00:00+08:00,225.0,309.0,2.0,20.8,0.79,989.6,-99.0,0.0,-9.9,-99,-999,좐잠찏,17,엱젒욠,220
23.4664,120.5460,엱젒,C0M720,2017-01-12T12:00:00+08:00,225.0,299.0,1.2,21.0,0.77,988.8,-99.0,0.0,-9.9,-99,-999,좐잠찏,17,엱젒욠,220
23.4664,120.5460,엱젒,C0M720,2017-01-12T13:00:00+08:00,225.0,345.0,0.8,20.7,0.78,987.8,-99.0,0.0,-9.9,-99,-999,좐잠찏,17,엱젒욠,220
23.4664,120.5460,엱젒,C0M720,2017-01-12T14:00:00+08:00,225.0,323.0,0.4,21.0,0.77,987.1,-99.0,0.0,-9.9,-99,-999,좐잠찏,17,엱젒욠,220
23.4664,120.5460,엱젒,C0M720,2017-01-12T15:00:00+08:00,225.0,108.0,0.8,21.2,0.76,986.7,-99.0,0.0,-9.9,-99,-999,좐잠찏,17,엱젒욠,220
23.4664,120.5460,엱젒,C0M720,2017-01-12T16:00:00+08:00,225.0,307.0,0.4,21.8,0.75,986.8,-99.0,0.0,-9.9,-99,-999,좐잠찏,17,엱젒욠,220
23.4664,120.5460,엱젒,C0M720,2017-01-12T17:00:00+08:00,225.0,309.0,2.6,20.2,0.86,987.2,-99.0,0.0,-9.9,-99,-999,좐잠찏,17,엱젒욠,220
23.4664,120.5460,엱젒,C0M720,2017-01-12T18:00:00+08:00,225.0,343.0,2.6,19.0,0.91,987.4,-99.0,0.0,-9.9,-99,-999,좐잠찏,17,엱젒욠,220
23.4664,120.5460,엱젒,C0M720,2017-01-12T19:00:00+08:00,225.0,353.0,0.8,17.7,0.97,988.2,-99.0,0.0,-9.9,-99,-999,좐잠찏,17,엱젒욠,220
23.4664,120.5460,엱젒,C0M720,2017-01-12T20:00:00+08:00,225.0,333.0,2.2,17.4,0.98,988.6,-99.0,0.0,-9.9,-99,-999,좐잠찏,17,엱젒욠,220
23.4664,120.5460,엱젒,C0M720,2017-01-12T21:00:00+08:00,225.0,330.0,1.9,17.2,0.99,988.9,-99.0,0.0,-9.9,-99,-999,좐잠찏,17,엱젒욠,220
23.4664,120.5460,엱젒,C0M720,2017-01-12T22:00:00+08:00,225.0,303.0,1.0,17.2,0.99,988.9,-99.0,0.0,-9.9,-99,-999,좐잠찏,17,엱젒욠,220
23.4664,120.5460,엱젒,C0M720,2017-01-12T23:00:00+08:00,225.0,0.0,0.0,17.3,0.99,988.7,-99.0,0.0,-9.9,-99,-999,좐잠찏,17,엱젒욠,220
23.4664,120.5460,엱젒,C0M720,2017-01-13T00:00:00+08:00,225.0,329.0,0.4,17.1,0.99,988.5,-99.0,0.0,-9.9,-99,-999,좐잠찏,17,엱젒욠,220
23.4664,120.5460,엱젒,C0M720,2017-01-13T01:00:00+08:00,225.0,326.0,1.3,17.2,0.99,988.1,-99.0,0.0,-9.9,-99,-999,좐잠찏,17,엱젒욠,220
23.4664,120.5460,엱젒,C0M720,2017-01-13T02:00:00+08:00,225.0,333.0,1.8,17.0,1.00,988.3,-99.0,0.0,-9.9,-99,-999,좐잠찏,17,엱젒욠,220
23.4664,120.5460,엱젒,C0M720,2017-01-13T03:00:00+08:00,225.0,121.0,1.1,17.1,1.00,987.7,-99.0,0.0,-9.9,-99,-999,좐잠찏,17,엱젒욠,220
23.4664,120.5460,엱젒,C0M720,2017-01-13T04:00:00+08:00,225.0,348.0,1.4,17.0,1.00,987.6,-99.0,0.0,-9.9,-99,-999,좐잠찏,17,엱젒욠,220
23.4664,120.5460,엱젒,C0M720,2017-01-13T05:00:00+08:00,225.0,121.0,1.0,17.1,1.00,987.0,-99.0,0.0,-9.9,-99,-999,좐잠찏,17,엱젒욠,220
23.4664,120.5460,엱젒,C0M720,2017-01-13T06:00:00+08:00,225.0,0.0,0.2,17.3,0.99,987.4,-99.0,0.0,-9.9,-99,-999,좐잠찏,17,엱젒욠,220
23.4664,120.5460,엱젒,C0M720,2017-01-13T07:00:00+08:00,225.0,130.0,1.6,17.2,0.99,987.8,-99.0,0.0,-9.9,-99,-999,좐잠찏,17,엱젒욠,220
23.4664,120.5460,엱젒,C0M720,2017-01-13T08:00:00+08:00,225.0,192.0,1.1,17.6,0.98,988.5,-99.0,0.0,-9.9,-99,-999,좐잠찏,17,엱젒욠,220
23.4664,120.5460,엱젒,C0M720,2017-01-13T09:00:00+08:00,225.0,330.0,2.8,17.8,0.96,989.0,-99.0,0.0,-9.9,-99,-999,좐잠찏,17,엱젒욠,220
23.4664,120.5460,엱젒,C0M720,2017-01-13T10:00:00+08:00,225.0,300.0,1.8,18.5,0.91,989.1,-99.0,0.0,-9.9,-99,-999,좐잠찏,17,엱젒욠,220
23.4664,120.5460,엱젒,C0M720,2017-01-13T11:00:00+08:00,225.0,306.0,1.6,18.7,0.90,988.4,-99.0,0.0,-9.9,-99,-999,좐잠찏,17,엱젒욠,220
23.4664,120.5460,엱젒,C0M720,2017-01-13T12:00:00+08:00,225.0,320.0,2.5,18.9,0.88,987.5,-99.0,0.0,-9.9,-99,-999,좐잠찏,17,엱젒욠,220
23.4664,120.5460,엱젒,C0M720,2017-01-13T13:00:00+08:00,225.0,0.0,0.2,20.9,0.80,986.7,-99.0,0.0,-9.9,-99,-999,좐잠찏,17,엱젒욠,220
23.4664,120.5460,엱젒,C0M720,2017-01-13T14:00:00+08:00,225.0,315.0,1.6,21.1,0.77,986.4,-99.0,0.0,-9.9,-99,-999,좐잠찏,17,엱젒욠,220
23.4664,120.5460,엱젒,C0M720,2017-01-13T15:00:00+08:00,225.0,319.0,2.9,19.7,0.80,986.7,-99.0,0.0,-9.9,-99,-999,좐잠찏,17,엱젒욠,220
23.4664,120.5460,엱젒,C0M720,2017-01-13T16:00:00+08:00,225.0,309.0,1.8,19.1,0.79,986.8,-99.0,0.0,-9.9,-99,-999,좐잠찏,17,엱젒욠,220
23.4664,120.5460,엱젒,C0M720,2017-01-13T17:00:00+08:00,225.0,334.0,3.4,17.8,0.83,986.9,-99.0,0.0,-9.9,-99,-999,좐잠찏,17,엱젒욠,220
23.4664,120.5460,엱젒,C0M720,2017-01-13T18:00:00+08:00,225.0,326.0,1.6,16.7,0.86,987.4,-99.0,0.0,-9.9,-99,-999,좐잠찏,17,엱젒욠,220
23.4664,120.5460,엱젒,C0M720,2017-01-13T19:00:00+08:00,225.0,335.0,2.2,16.2,0.88,987.8,-99.0,0.0,-9.9,-99,-999,좐잠찏,17,엱젒욠,220
23.4664,120.5460,엱젒,C0M720,2017-01-13T20:00:00+08:00,225.0,278.0,0.4,16.6,0.87,988.5,-99.0,0.0,-9.9,-99,-999,좐잠찏,17,엱젒욠,220
23.4664,120.5460,엱젒,C0M720,2017-01-13T21:00:00+08:00,225.0,302.0,1.3,15.5,0.91,988.8,-99.0,0.0,-9.9,-99,-999,좐잠찏,17,엱젒욠,220
23.4664,120.5460,엱젒,C0M720,2017-01-13T22:00:00+08:00,225.0,292.0,1.0,15.1,0.93,989.2,-99.0,0.0,-9.9,-99,-999,좐잠찏,17,엱젒욠,220
23.4664,120.5460,엱젒,C0M720,2017-01-13T23:00:00+08:00,225.0,320.0,0.4,15.3,0.93,988.6,-99.0,0.0,-9.9,-99,-999,좐잠찏,17,엱젒욠,220
23.4664,120.5460,엱젒,C0M720,2017-01-14T00:00:00+08:00,225.0,309.0,1.3,14.6,0.96,989.0,-99.0,0.0,-9.9,-99,-999,좐잠찏,17,엱젒욠,220
23.4664,120.5460,엱젒,C0M720,2017-01-14T01:00:00+08:00,225.0,320.0,1.6,14.2,0.98,989.0,-99.0,0.0,-9.9,-99,-999,좐잠찏,17,엱젒욠,220
23.4664,120.5460,엱젒,C0M720,2017-01-14T02:00:00+08:00,225.0,305.0,2.0,14.1,0.98,988.5,-99.0,0.0,-9.9,-99,-999,좐잠찏,17,엱젒욠,220
23.4664,120.5460,엱젒,C0M720,2017-01-14T03:00:00+08:00,225.0,314.0,1.2,14.1,0.99,988.9,-99.0,0.0,-9.9,-99,-999,좐잠찏,17,엱젒욠,220
23.4664,120.5460,엱젒,C0M720,2017-01-14T04:00:00+08:00,225.0,310.0,3.8,13.9,0.99,988.4,-99.0,0.0,-9.9,-99,-999,좐잠찏,17,엱젒욠,220
23.4664,120.5460,엱젒,C0M720,2017-01-14T05:00:00+08:00,225.0,81.0,0.6,14.3,0.99,988.3,-99.0,0.5,-9.9,-99,-999,좐잠찏,17,엱젒욠,220
23.4664,120.5460,엱젒,C0M720,2017-01-14T06:00:00+08:00,225.0,1.0,1.1,13.6,0.99,989.3,-99.0,0.5,-9.9,-99,-999,좐잠찏,17,엱젒욠,220
23.4664,120.5460,엱젒,C0M720,2017-01-14T07:00:00+08:00,225.0,310.0,2.7,13.7,1.00,989.6,-99.0,0.5,-9.9,-99,-999,좐잠찏,17,엱젒욠,220
23.4664,120.5460,엱젒,C0M720,2017-01-14T08:00:00+08:00,225.0,324.0,2.0,13.1,1.00,990.5,-99.0,0.5,-9.9,-99,-999,좐잠찏,17,엱젒욠,220
23.4664,120.5460,엱젒,C0M720,2017-01-14T10:00:00+08:00,225.0,303.0,0.7,13.0,1.00,991.9,-99.0,1.0,-9.9,-99,-999,좐잠찏,17,엱젒욠,220
23.4664,120.5460,엱젒,C0M720,2017-01-14T11:00:00+08:00,225.0,65.0,0.6,13.3,1.00,991.1,-99.0,1.5,-9.9,-99,-999,좐잠찏,17,엱젒욠,220
23.4664,120.5460,엱젒,C0M720,2017-01-14T12:00:00+08:00,225.0,314.0,2.3,13.7,1.00,990.2,-99.0,2.0,-9.9,-99,-999,좐잠찏,17,엱젒욠,220
23.4664,120.5460,엱젒,C0M720,2017-01-14T13:00:00+08:00,225.0,93.0,1.8,13.9,1.00,989.3,-99.0,2.0,-9.9,-99,-999,좐잠찏,17,엱젒욠,220
23.4664,120.5460,엱젒,C0M720,2017-01-14T14:00:00+08:00,225.0,95.0,0.8,14.3,1.00,988.6,-99.0,2.0,-9.9,-99,-999,좐잠찏,17,엱젒욠,220
23.4664,120.5460,엱젒,C0M720,2017-01-14T15:00:00+08:00,225.0,304.0,1.9,14.4,0.99,988.9,-99.0,2.0,-9.9,-99,-999,좐잠찏,17,엱젒욠,220
23.4664,120.5460,엱젒,C0M720,2017-01-14T16:00:00+08:00,225.0,335.0,1.0,14.5,0.99,989.1,-99.0,2.0,-9.9,-99,-999,좐잠찏,17,엱젒욠,220
23.4664,120.5460,엱젒,C0M720,2017-01-14T17:00:00+08:00,225.0,6.0,0.3,15.0,0.98,989.2,-99.0,2.0,-9.9,-99,-999,좐잠찏,17,엱젒욠,220
23.4664,120.5460,엱젒,C0M720,2017-01-14T18:00:00+08:00,225.0,128.0,0.4,15.2,0.98,990.8,-99.0,2.0,-9.9,-99,-999,좐잠찏,17,엱젒욠,220
23.4664,120.5460,엱젒,C0M720,2017-01-14T19:00:00+08:00,225.0,97.0,0.4,15.4,0.97,991.2,-99.0,2.0,-9.9,-99,-999,좐잠찏,17,엱젒욠,220
23.4664,120.5460,엱젒,C0M720,2017-01-14T20:00:00+08:00,225.0,0.0,0.0,15.6,0.97,991.8,-99.0,2.0,-9.9,-99,-999,좐잠찏,17,엱젒욠,220
23.4664,120.5460,엱젒,C0M720,2017-01-14T21:00:00+08:00,225.0,333.0,2.1,14.5,0.89,991.9,-99.0,2.0,-9.9,-99,-999,좐잠찏,17,엱젒욠,220
23.4664,120.5460,엱젒,C0M720,2017-01-14T22:00:00+08:00,225.0,322.0,0.8,14.4,0.92,992.1,-99.0,2.0,-9.9,-99,-999,좐잠찏,17,엱젒욠,220
23.4664,120.5460,엱젒,C0M720,2017-01-14T23:00:00+08:00,225.0,0.0,0.0,14.6,0.92,992.1,-99.0,2.0,-9.9,-99,-999,좐잠찏,17,엱젒욠,220
23.4664,120.5460,엱젒,C0M720,2017-01-15T00:00:00+08:00,225.0,0.0,0.0,14.6,0.94,992.5,-99.0,2.0,-9.9,-99,-999,좐잠찏,17,엱젒욠,220
23.4664,120.5460,엱젒,C0M720,2017-01-15T01:00:00+08:00,225.0,118.0,0.7,14.6,0.96,992.5,-99.0,0.0,-9.9,-99,-999,좐잠찏,17,엱젒욠,220
23.4664,120.5460,엱젒,C0M720,2017-01-15T02:00:00+08:00,225.0,320.0,0.5,15.8,0.93,991.9,-99.0,0.0,-9.9,-99,-999,좐잠찏,17,엱젒욠,220
23.4664,120.5460,엱젒,C0M720,2017-01-15T03:00:00+08:00,225.0,41.0,1.6,14.4,0.97,991.3,-99.0,0.0,-9.9,-99,-999,좐잠찏,17,엱젒욠,220
23.4664,120.5460,엱젒,C0M720,2017-01-15T04:00:00+08:00,225.0,269.0,0.6,14.0,0.97,991.2,-99.0,0.0,-9.9,-99,-999,좐잠찏,17,엱젒욠,220
23.4664,120.5460,엱젒,C0M720,2017-01-15T05:00:00+08:00,225.0,308.0,0.4,13.7,0.98,991.4,-99.0,0.0,-9.9,-99,-999,좐잠찏,17,엱젒욠,220
23.4664,120.5460,엱젒,C0M720,2017-01-15T06:00:00+08:00,225.0,119.0,0.5,13.7,0.98,991.8,-99.0,0.0,-9.9,-99,-999,좐잠찏,17,엱젒욠,220
23.4664,120.5460,엱젒,C0M720,2017-01-15T07:00:00+08:00,225.0,0.0,0.0,13.7,0.98,992.4,-99.0,0.0,-9.9,-99,-999,좐잠찏,17,엱젒욠,220
23.4664,120.5460,엱젒,C0M720,2017-01-15T08:00:00+08:00,225.0,112.0,0.3,13.8,0.96,993.5,-99.0,0.0,-9.9,-99,-999,좐잠찏,17,엱젒욠,220
23.4664,120.5460,엱젒,C0M720,2017-01-15T09:00:00+08:00,225.0,0.0,0.0,14.8,0.95,993.8,-99.0,0.0,-9.9,-99,-999,좐잠찏,17,엱젒욠,220
23.4664,120.5460,엱젒,C0M720,2017-01-15T10:00:00+08:00,225.0,343.0,1.3,13.8,0.97,994.1,-99.0,0.0,-9.9,-99,-999,좐잠찏,17,엱젒욠,220
23.4664,120.5460,엱젒,C0M720,2017-01-15T11:00:00+08:00,225.0,0.0,0.0,15.5,0.96,993.2,-99.0,0.0,-9.9,-99,-999,좐잠찏,17,엱젒욠,220
23.4664,120.5460,엱젒,C0M720,2017-01-15T12:00:00+08:00,225.0,297.0,1.9,15.0,0.92,992.7,-99.0,0.0,-9.9,-99,-999,좐잠찏,17,엱젒욠,220
23.4664,120.5460,엱젒,C0M720,2017-01-15T13:00:00+08:00,225.0,0.0,0.0,16.4,0.87,992.0,-99.0,0.0,-9.9,-99,-999,좐잠찏,17,엱젒욠,220
23.4664,120.5460,엱젒,C0M720,2017-01-15T14:00:00+08:00,225.0,269.0,0.9,17.3,0.85,991.0,-99.0,0.0,-9.9,-99,-999,좐잠찏,17,엱젒욠,220
23.4664,120.5460,엱젒,C0M720,2017-01-15T15:00:00+08:00,225.0,309.0,1.9,17.5,0.83,991.0,-99.0,0.0,-9.9,-99,-999,좐잠찏,17,엱젒욠,220
23.4664,120.5460,엱젒,C0M720,2017-01-15T16:00:00+08:00,225.0,315.0,2.1,17.5,0.83,991.1,-99.0,0.0,-9.9,-99,-999,좐잠찏,17,엱젒욠,220
23.4664,120.5460,엱젒,C0M720,2017-01-15T17:00:00+08:00,225.0,332.0,1.0,17.1,0.85,991.3,-99.0,0.0,-9.9,-99,-999,좐잠찏,17,엱젒욠,220
23.4664,120.5460,엱젒,C0M720,2017-01-15T18:00:00+08:00,225.0,335.0,2.3,16.3,0.89,991.7,-99.0,0.0,-9.9,-99,-999,좐잠찏,17,엱젒욠,220
23.4664,120.5460,엱젒,C0M720,2017-01-15T19:00:00+08:00,225.0,340.0,3.2,15.4,0.83,992.3,-99.0,0.0,-9.9,-99,-999,좐잠찏,17,엱젒욠,220
23.4664,120.5460,엱젒,C0M720,2017-01-15T20:00:00+08:00,225.0,331.0,2.0,14.7,0.85,993.0,-99.0,0.0,-9.9,-99,-999,좐잠찏,17,엱젒욠,220
23.4664,120.5460,엱젒,C0M720,2017-01-15T21:00:00+08:00,225.0,105.0,1.1,14.8,0.86,993.0,-99.0,0.0,-9.9,-99,-999,좐잠찏,17,엱젒욠,220
23.4664,120.5460,엱젒,C0M720,2017-01-15T22:00:00+08:00,225.0,297.0,1.1,14.3,0.88,993.1,-99.0,0.0,-9.9,-99,-999,좐잠찏,17,엱젒욠,220
23.4664,120.5460,엱젒,C0M720,2017-01-15T23:00:00+08:00,225.0,0.0,0.2,14.3,0.89,993.2,-99.0,0.0,-9.9,-99,-999,좐잠찏,17,엱젒욠,220
23.4664,120.5460,엱젒,C0M720,2017-01-16T00:00:00+08:00,225.0,301.0,1.8,13.5,0.91,993.5,-99.0,0.0,-9.9,-99,-999,좐잠찏,17,엱젒욠,220
23.4664,120.5460,엱젒,C0M720,2017-01-16T01:00:00+08:00,225.0,19.0,0.7,13.6,0.91,993.1,-99.0,0.0,-9.9,-99,-999,좐잠찏,17,엱젒욠,220
23.4664,120.5460,엱젒,C0M720,2017-01-16T02:00:00+08:00,225.0,2.0,0.6,13.3,0.92,993.0,-99.0,0.0,-9.9,-99,-999,좐잠찏,17,엱젒욠,220
23.4664,120.5460,엱젒,C0M720,2017-01-16T03:00:00+08:00,225.0,32.0,0.6,13.4,0.93,992.6,-99.0,0.0,-9.9,-99,-999,좐잠찏,17,엱젒욠,220
23.4664,120.5460,엱젒,C0M720,2017-01-16T04:00:00+08:00,225.0,360.0,0.4,13.6,0.96,992.4,-99.0,0.0,-9.9,-99,-999,좐잠찏,17,엱젒욠,220
23.4664,120.5460,엱젒,C0M720,2017-01-16T05:00:00+08:00,225.0,229.0,0.6,13.4,0.96,992.9,-99.0,0.0,-9.9,-99,-999,좐잠찏,17,엱젒욠,220
23.4664,120.5460,엱젒,C0M720,2017-01-16T06:00:00+08:00,225.0,327.0,2.2,12.9,0.97,993.1,-99.0,0.0,-9.9,-99,-999,좐잠찏,17,엱젒욠,220
23.4664,120.5460,엱젒,C0M720,2017-01-16T07:00:00+08:00,225.0,74.0,0.6,13.3,0.97,993.0,-99.0,0.0,-9.9,-99,-999,좐잠찏,17,엱젒욠,220
23.4664,120.5460,엱젒,C0M720,2017-01-16T08:00:00+08:00,225.0,281.0,1.1,13.7,0.96,993.3,-99.0,0.0,-9.9,-99,-999,좐잠찏,17,엱젒욠,220
23.4664,120.5460,엱젒,C0M720,2017-01-16T10:00:00+08:00,225.0,220.0,0.7,15.5,0.88,994.1,-99.0,0.0,-9.9,-99,-999,좐잠찏,17,엱젒욠,220
23.4664,120.5460,엱젒,C0M720,2017-01-16T11:00:00+08:00,225.0,233.0,1.0,15.5,0.90,993.9,-99.0,0.0,-9.9,-99,-999,좐잠찏,17,엱젒욠,220
23.4664,120.5460,엱젒,C0M720,2017-01-16T12:00:00+08:00,225.0,303.0,0.7,16.4,0.87,993.1,-99.0,0.0,-9.9,-99,-999,좐잠찏,17,엱젒욠,220
23.4664,120.5460,엱젒,C0M720,2017-01-16T13:00:00+08:00,225.0,256.0,0.4,18.2,0.79,992.0,-99.0,0.0,-9.9,-99,-999,좐잠찏,17,엱젒욠,220
23.4664,120.5460,엱젒,C0M720,2017-01-16T14:00:00+08:00,225.0,260.0,1.1,18.9,0.77,990.9,-99.0,0.0,-9.9,-99,-999,좐잠찏,17,엱젒욠,220
23.4664,120.5460,엱젒,C0M720,2017-01-16T15:00:00+08:00,225.0,283.0,1.0,19.3,0.74,990.6,-99.0,0.0,-9.9,-99,-999,좐잠찏,17,엱젒욠,220
23.4664,120.5460,엱젒,C0M720,2017-01-16T16:00:00+08:00,225.0,311.0,1.6,18.8,0.75,990.7,-99.0,0.0,-9.9,-99,-999,좐잠찏,17,엱젒욠,220
23.4664,120.5460,엱젒,C0M720,2017-01-16T17:00:00+08:00,225.0,336.0,1.7,18.4,0.76,991.1,-99.0,0.0,-9.9,-99,-999,좐잠찏,17,엱젒욠,220
23.4664,120.5460,엱젒,C0M720,2017-01-16T18:00:00+08:00,225.0,357.0,1.6,18.1,0.78,991.8,-99.0,0.0,-9.9,-99,-999,좐잠찏,17,엱젒욠,220
23.4664,120.5460,엱젒,C0M720,2017-01-16T19:00:00+08:00,225.0,300.0,1.3,17.5,0.80,992.6,-99.0,0.0,-9.9,-99,-999,좐잠찏,17,엱젒욠,220
23.4664,120.5460,엱젒,C0M720,2017-01-16T20:00:00+08:00,225.0,0.0,0.0,17.1,0.81,993.3,-99.0,0.0,-9.9,-99,-999,좐잠찏,17,엱젒욠,220
23.4664,120.5460,엱젒,C0M720,2017-01-16T21:00:00+08:00,225.0,335.0,0.5,15.9,0.90,993.7,-99.0,0.0,-9.9,-99,-999,좐잠찏,17,엱젒욠,220
23.4664,120.5460,엱젒,C0M720,2017-01-16T22:00:00+08:00,225.0,109.0,0.4,15.4,0.92,994.0,-99.0,0.0,-9.9,-99,-999,좐잠찏,17,엱젒욠,220
23.4664,120.5460,엱젒,C0M720,2017-01-16T23:00:00+08:00,225.0,0.0,0.0,15.2,0.91,994.2,-99.0,0.0,-9.9,-99,-999,좐잠찏,17,엱젒욠,220
23.4664,120.5460,엱젒,C0M720,2017-01-17T00:00:00+08:00,225.0,0.0,0.2,13.9,0.95,994.0,-99.0,0.0,-9.9,-99,-999,좐잠찏,17,엱젒욠,220
23.4664,120.5460,엱젒,C0M720,2017-01-17T01:00:00+08:00,225.0,286.0,0.6,13.4,0.97,993.7,-99.0,0.0,-9.9,-99,-999,좐잠찏,17,엱젒욠,220
23.4664,120.5460,엱젒,C0M720,2017-01-17T02:00:00+08:00,225.0,55.0,0.6,14.1,0.95,993.8,-99.0,0.0,-9.9,-99,-999,좐잠찏,17,엱젒욠,220
23.4664,120.5460,엱젒,C0M720,2017-01-17T03:00:00+08:00,225.0,80.0,0.8,15.4,0.92,994.2,-99.0,0.0,-9.9,-99,-999,좐잠찏,17,엱젒욠,220
23.4664,120.5460,엱젒,C0M720,2017-01-17T04:00:00+08:00,225.0,109.0,0.7,15.7,0.90,993.5,-99.0,0.0,-9.9,-99,-999,좐잠찏,17,엱젒욠,220
23.4664,120.5460,엱젒,C0M720,2017-01-17T05:00:00+08:00,225.0,238.0,0.5,14.6,0.96,994.0,-99.0,0.0,-9.9,-99,-999,좐잠찏,17,엱젒욠,220
23.4664,120.5460,엱젒,C0M720,2017-01-17T06:00:00+08:00,225.0,318.0,0.6,13.9,0.95,993.7,-99.0,0.0,-9.9,-99,-999,좐잠찏,17,엱젒욠,220
23.4664,120.5460,엱젒,C0M720,2017-01-17T07:00:00+08:00,225.0,297.0,0.6,13.7,0.97,994.6,-99.0,0.0,-9.9,-99,-999,좐잠찏,17,엱젒욠,220
23.4664,120.5460,엱젒,C0M720,2017-01-17T08:00:00+08:00,225.0,233.0,0.3,15.1,0.94,995.3,-99.0,0.0,-9.9,-99,-999,좐잠찏,17,엱젒욠,220
23.4664,120.5460,엱젒,C0M720,2017-01-17T09:00:00+08:00,225.0,161.0,0.6,17.6,0.80,995.5,-99.0,0.0,-9.9,-99,-999,좐잠찏,17,엱젒욠,220
23.4664,120.5460,엱젒,C0M720,2017-01-17T10:00:00+08:00,225.0,314.0,1.1,18.0,0.83,995.7,-99.0,0.0,-9.9,-99,-999,좐잠찏,17,엱젒욠,220
23.4664,120.5460,엱젒,C0M720,2017-01-17T11:00:00+08:00,225.0,262.0,1.5,19.6,0.73,995.1,-99.0,0.0,-9.9,-99,-999,좐잠찏,17,엱젒욠,220
23.4664,120.5460,엱젒,C0M720,2017-01-17T12:00:00+08:00,225.0,348.0,1.7,20.3,0.70,993.9,-99.0,0.0,-9.9,-99,-999,좐잠찏,17,엱젒욠,220
23.4664,120.5460,엱젒,C0M720,2017-01-17T13:00:00+08:00,225.0,285.0,1.6,21.7,0.65,993.3,-99.0,0.0,-9.9,-99,-999,좐잠찏,17,엱젒욠,220
23.4664,120.5460,엱젒,C0M720,2017-01-17T14:00:00+08:00,225.0,298.0,2.0,21.5,0.63,992.8,-99.0,0.0,-9.9,-99,-999,좐잠찏,17,엱젒욠,220
23.4664,120.5460,엱젒,C0M720,2017-01-17T15:00:00+08:00,225.0,309.0,3.0,20.0,0.75,992.5,-99.0,0.0,-9.9,-99,-999,좐잠찏,17,엱젒욠,220
23.4664,120.5460,엱젒,C0M720,2017-01-17T16:00:00+08:00,225.0,304.0,3.2,19.5,0.76,992.9,-99.0,0.0,-9.9,-99,-999,좐잠찏,17,엱젒욠,220
23.4664,120.5460,엱젒,C0M720,2017-01-17T17:00:00+08:00,225.0,310.0,2.3,18.8,0.80,993.4,-99.0,0.0,-9.9,-99,-999,좐잠찏,17,엱젒욠,220
23.4664,120.5460,엱젒,C0M720,2017-01-17T18:00:00+08:00,225.0,302.0,1.4,18.3,0.82,994.0,-99.0,0.0,-9.9,-99,-999,좐잠찏,17,엱젒욠,220
23.4664,120.5460,엱젒,C0M720,2017-01-17T19:00:00+08:00,225.0,341.0,1.9,17.6,0.85,994.7,-99.0,0.0,-9.9,-99,-999,좐잠찏,17,엱젒욠,220
23.4664,120.5460,엱젒,C0M720,2017-01-17T20:00:00+08:00,225.0,1.0,0.4,16.5,0.92,995.2,-99.0,0.0,-9.9,-99,-999,좐잠찏,17,엱젒욠,220
23.4664,120.5460,엱젒,C0M720,2017-01-17T21:00:00+08:00,225.0,295.0,1.6,16.2,0.94,995.5,-99.0,0.0,-9.9,-99,-999,좐잠찏,17,엱젒욠,220
23.4664,120.5460,엱젒,C0M720,2017-01-17T22:00:00+08:00,225.0,117.0,1.4,16.2,0.94,995.8,-99.0,0.0,-9.9,-99,-999,좐잠찏,17,엱젒욠,220
23.4664,120.5460,엱젒,C0M720,2017-01-17T23:00:00+08:00,225.0,333.0,1.5,15.6,0.97,996.1,-99.0,0.0,-9.9,-99,-999,좐잠찏,17,엱젒욠,220
23.4664,120.5460,엱젒,C0M720,2017-01-18T00:00:00+08:00,225.0,0.0,0.0,15.4,0.97,996.1,-99.0,0.0,-9.9,-99,-999,좐잠찏,17,엱젒욠,220
23.4664,120.5460,엱젒,C0M720,2017-01-18T01:00:00+08:00,225.0,318.0,1.1,15.2,0.98,995.9,-99.0,0.0,-9.9,-99,-999,좐잠찏,17,엱젒욠,220
23.4664,120.5460,엱젒,C0M720,2017-01-18T02:00:00+08:00,225.0,101.0,0.7,15.0,0.99,996.1,-99.0,0.0,-9.9,-99,-999,좐잠찏,17,엱젒욠,220
23.4664,120.5460,엱젒,C0M720,2017-01-18T03:00:00+08:00,225.0,0.0,0.0,15.5,0.99,995.9,-99.0,0.0,-9.9,-99,-999,좐잠찏,17,엱젒욠,220
23.4664,120.5460,엱젒,C0M720,2017-01-18T04:00:00+08:00,225.0,79.0,0.4,16.0,0.96,995.8,-99.0,0.0,-9.9,-99,-999,좐잠찏,17,엱젒욠,220
23.4664,120.5460,엱젒,C0M720,2017-01-18T05:00:00+08:00,225.0,103.0,1.0,16.1,0.94,996.0,-99.0,0.0,-9.9,-99,-999,좐잠찏,17,엱젒욠,220
23.4664,120.5460,엱젒,C0M720,2017-01-18T06:00:00+08:00,225.0,76.0,1.5,16.0,0.93,995.9,-99.0,0.0,-9.9,-99,-999,좐잠찏,17,엱젒욠,220
23.4664,120.5460,엱젒,C0M720,2017-01-18T07:00:00+08:00,225.0,80.0,0.6,15.2,0.93,995.9,-99.0,0.0,-9.9,-99,-999,좐잠찏,17,엱젒욠,220
23.4664,120.5460,엱젒,C0M720,2017-01-18T08:00:00+08:00,225.0,325.0,0.5,15.7,0.98,996.8,-99.0,0.0,-9.9,-99,-999,좐잠찏,17,엱젒욠,220
23.4664,120.5460,엱젒,C0M720,2017-01-18T10:00:00+08:00,225.0,331.0,1.4,18.9,0.79,996.4,-99.0,0.0,-9.9,-99,-999,좐잠찏,17,엱젒욠,220
23.4664,120.5460,엱젒,C0M720,2017-01-18T11:00:00+08:00,225.0,325.0,2.4,20.0,0.74,995.9,-99.0,0.0,-9.9,-99,-999,좐잠찏,17,엱젒욠,220
23.4664,120.5460,엱젒,C0M720,2017-01-18T12:00:00+08:00,225.0,35.0,1.3,22.3,0.64,994.6,-99.0,0.0,-9.9,-99,-999,좐잠찏,17,엱젒욠,220
23.4664,120.5460,엱젒,C0M720,2017-01-18T13:00:00+08:00,225.0,231.0,1.4,24.5,0.53,993.1,-99.0,0.0,-9.9,-99,-999,좐잠찏,17,엱젒욠,220
23.4664,120.5460,엱젒,C0M720,2017-01-18T14:00:00+08:00,225.0,312.0,3.1,23.6,0.60,992.8,-99.0,0.0,-9.9,-99,-999,좐잠찏,17,엱젒욠,220
23.4664,120.5460,엱젒,C0M720,2017-01-18T15:00:00+08:00,225.0,292.0,3.3,22.3,0.73,992.8,-99.0,0.0,-9.9,-99,-999,좐잠찏,17,엱젒욠,220
23.4664,120.5460,엱젒,C0M720,2017-01-18T16:00:00+08:00,225.0,311.0,3.3,21.1,0.78,993.1,-99.0,0.0,-9.9,-99,-999,좐잠찏,17,엱젒욠,220
23.4664,120.5460,엱젒,C0M720,2017-01-18T17:00:00+08:00,225.0,320.0,1.8,20.3,0.81,993.3,-99.0,0.0,-9.9,-99,-999,좐잠찏,17,엱젒욠,220
23.4664,120.5460,엱젒,C0M720,2017-01-18T18:00:00+08:00,225.0,324.0,1.2,19.0,0.89,993.5,-99.0,0.0,-9.9,-99,-999,좐잠찏,17,엱젒욠,220
23.4664,120.5460,엱젒,C0M720,2017-01-18T19:00:00+08:00,225.0,176.0,0.4,18.6,0.91,994.1,-99.0,0.0,-9.9,-99,-999,좐잠찏,17,엱젒욠,220
23.4664,120.5460,엱젒,C0M720,2017-01-18T20:00:00+08:00,225.0,300.0,1.1,17.7,0.95,994.4,-99.0,0.0,-9.9,-99,-999,좐잠찏,17,엱젒욠,220
23.4664,120.5460,엱젒,C0M720,2017-01-18T21:00:00+08:00,225.0,286.0,0.7,17.5,0.96,995.0,-99.0,0.0,-9.9,-99,-999,좐잠찏,17,엱젒욠,220
23.4664,120.5460,엱젒,C0M720,2017-01-18T22:00:00+08:00,225.0,0.0,0.0,17.3,0.98,994.9,-99.0,0.0,-9.9,-99,-999,좐잠찏,17,엱젒욠,220
23.4664,120.5460,엱젒,C0M720,2017-01-18T23:00:00+08:00,225.0,278.0,0.3,17.0,0.98,994.8,-99.0,0.0,-9.9,-99,-999,좐잠찏,17,엱젒욠,220
23.4664,120.5460,엱젒,C0M720,2017-01-19T00:00:00+08:00,225.0,290.0,0.4,16.4,0.99,994.8,-99.0,0.0,-9.9,-99,-999,좐잠찏,17,엱젒욠,220
23.4664,120.5460,엱젒,C0M720,2017-01-19T01:00:00+08:00,225.0,303.0,0.4,16.5,0.99,994.5,-99.0,0.0,-9.9,-99,-999,좐잠찏,17,엱젒욠,220
23.4664,120.5460,엱젒,C0M720,2017-01-19T02:00:00+08:00,225.0,117.0,0.9,17.3,0.98,994.2,-99.0,0.0,-9.9,-99,-999,좐잠찏,17,엱젒욠,220
23.4664,120.5460,엱젒,C0M720,2017-01-19T03:00:00+08:00,225.0,105.0,0.8,18.2,0.91,994.2,-99.0,0.0,-9.9,-99,-999,좐잠찏,17,엱젒욠,220
23.4664,120.5460,엱젒,C0M720,2017-01-19T04:00:00+08:00,225.0,57.0,0.6,16.3,0.99,994.5,-99.0,0.0,-9.9,-99,-999,좐잠찏,17,엱젒욠,220
23.4664,120.5460,엱젒,C0M720,2017-01-19T05:00:00+08:00,225.0,347.0,0.5,16.5,0.99,994.4,-99.0,0.0,-9.9,-99,-999,좐잠찏,17,엱젒욠,220
23.4664,120.5460,엱젒,C0M720,2017-01-19T06:00:00+08:00,225.0,110.0,0.6,15.9,1.00,994.3,-99.0,0.0,-9.9,-99,-999,좐잠찏,17,엱젒욠,220
23.4664,120.5460,엱젒,C0M720,2017-01-19T07:00:00+08:00,225.0,288.0,1.0,16.1,0.96,994.8,-99.0,0.0,-9.9,-99,-999,좐잠찏,17,엱젒욠,220
23.4664,120.5460,엱젒,C0M720,2017-01-19T08:00:00+08:00,225.0,287.0,1.1,16.0,0.99,995.4,-99.0,0.0,-9.9,-99,-999,좐잠찏,17,엱젒욠,220
23.4664,120.5460,엱젒,C0M720,2017-01-19T09:00:00+08:00,225.0,289.0,1.3,17.1,0.98,995.5,-99.0,0.0,-9.9,-99,-999,좐잠찏,17,엱젒욠,220
23.4664,120.5460,엱젒,C0M720,2017-01-19T10:00:00+08:00,225.0,238.0,0.7,21.9,0.74,995.1,-99.0,0.0,-9.9,-99,-999,좐잠찏,17,엱젒욠,220
23.4664,120.5460,엱젒,C0M720,2017-01-19T11:00:00+08:00,225.0,325.0,3.0,22.1,0.70,994.6,-99.0,0.0,-9.9,-99,-999,좐잠찏,17,엱젒욠,220
23.4664,120.5460,엱젒,C0M720,2017-01-19T12:00:00+08:00,225.0,299.0,2.4,23.2,0.67,993.5,-99.0,0.0,-9.9,-99,-999,좐잠찏,17,엱젒욠,220
23.4664,120.5460,엱젒,C0M720,2017-01-19T13:00:00+08:00,225.0,301.0,2.3,24.2,0.59,992.3,-99.0,0.0,-9.9,-99,-999,좐잠찏,17,엱젒욠,220
23.4664,120.5460,엱젒,C0M720,2017-01-19T14:00:00+08:00,225.0,300.0,1.4,25.1,0.54,991.3,-99.0,0.0,-9.9,-99,-999,좐잠찏,17,엱젒욠,220
23.4664,120.5460,엱젒,C0M720,2017-01-19T15:00:00+08:00,225.0,283.0,1.9,24.8,0.59,990.9,-99.0,0.0,-9.9,-99,-999,좐잠찏,17,엱젒욠,220
23.4664,120.5460,엱젒,C0M720,2017-01-19T16:00:00+08:00,225.0,306.0,2.3,24.2,0.65,990.9,-99.0,0.0,-9.9,-99,-999,좐잠찏,17,엱젒욠,220
23.4664,120.5460,엱젒,C0M720,2017-01-19T17:00:00+08:00,225.0,308.0,1.8,20.9,0.81,991.5,-99.0,0.0,-9.9,-99,-999,좐잠찏,17,엱젒욠,220
23.4664,120.5460,엱젒,C0M720,2017-01-19T18:00:00+08:00,225.0,290.0,0.6,19.5,0.86,992.1,-99.0,0.0,-9.9,-99,-999,좐잠찏,17,엱젒욠,220
23.4664,120.5460,엱젒,C0M720,2017-01-19T19:00:00+08:00,225.0,272.0,0.4,18.9,0.89,992.4,-99.0,0.0,-9.9,-99,-999,좐잠찏,17,엱젒욠,220
23.4664,120.5460,엱젒,C0M720,2017-01-19T20:00:00+08:00,225.0,291.0,0.4,18.1,0.92,992.8,-99.0,0.0,-9.9,-99,-999,좐잠찏,17,엱젒욠,220
23.4664,120.5460,엱젒,C0M720,2017-01-19T21:00:00+08:00,225.0,292.0,1.2,17.0,0.96,993.1,-99.0,0.0,-9.9,-99,-999,좐잠찏,17,엱젒욠,220
23.4664,120.5460,엱젒,C0M720,2017-01-19T22:00:00+08:00,225.0,292.0,0.6,16.6,0.97,993.3,-99.0,0.0,-9.9,-99,-999,좐잠찏,17,엱젒욠,220
23.4664,120.5460,엱젒,C0M720,2017-01-19T23:00:00+08:00,225.0,295.0,0.7,16.3,0.98,993.3,-99.0,0.0,-9.9,-99,-999,좐잠찏,17,엱젒욠,220
23.4664,120.5460,엱젒,C0M720,2017-01-20T00:00:00+08:00,225.0,0.0,0.0,16.0,0.98,993.3,-99.0,0.0,-9.9,-99,-999,좐잠찏,17,엱젒욠,220
23.4664,120.5460,엱젒,C0M720,2017-01-20T01:00:00+08:00,225.0,282.0,0.5,16.1,0.98,993.3,-99.0,0.0,-9.9,-99,-999,좐잠찏,17,엱젒욠,220
23.4664,120.5460,엱젒,C0M720,2017-01-20T02:00:00+08:00,225.0,307.0,0.9,15.7,0.99,993.5,-99.0,0.0,-9.9,-99,-999,좐잠찏,17,엱젒욠,220
23.4664,120.5460,엱젒,C0M720,2017-01-20T03:00:00+08:00,225.0,319.0,0.9,15.7,1.00,993.3,-99.0,0.0,-9.9,-99,-999,좐잠찏,17,엱젒욠,220
23.4664,120.5460,엱젒,C0M720,2017-01-20T04:00:00+08:00,225.0,208.0,0.4,15.7,1.00,993.1,-99.0,0.0,-9.9,-99,-999,좐잠찏,17,엱젒욠,220
23.4664,120.5460,엱젒,C0M720,2017-01-20T05:00:00+08:00,225.0,307.0,0.9,15.6,1.00,993.4,-99.0,0.0,-9.9,-99,-999,좐잠찏,17,엱젒욠,220
23.4664,120.5460,엱젒,C0M720,2017-01-20T06:00:00+08:00,225.0,348.0,1.3,15.5,1.00,993.8,-99.0,0.0,-9.9,-99,-999,좐잠찏,17,엱젒욠,220
23.4664,120.5460,엱젒,C0M720,2017-01-20T07:00:00+08:00,225.0,310.0,1.9,15.3,1.00,994.4,-99.0,0.0,-9.9,-99,-999,좐잠찏,17,엱젒욠,220
23.4664,120.5460,엱젒,C0M720,2017-01-20T08:00:00+08:00,225.0,311.0,2.0,15.0,0.99,994.9,-99.0,0.0,-9.9,-99,-999,좐잠찏,17,엱젒욠,220
23.4664,120.5460,엱젒,C0M720,2017-01-20T09:00:00+08:00,225.0,331.0,2.8,14.9,0.95,995.5,-99.0,0.0,-9.9,-99,-999,좐잠찏,17,엱젒욠,220
23.4664,120.5460,엱젒,C0M720,2017-01-20T10:00:00+08:00,225.0,319.0,3.0,15.6,0.91,995.9,-99.0,0.0,-9.9,-99,-999,좐잠찏,17,엱젒욠,220
23.4664,120.5460,엱젒,C0M720,2017-01-20T11:00:00+08:00,225.0,313.0,1.2,16.7,0.87,995.6,-99.0,0.0,-9.9,-99,-999,좐잠찏,17,엱젒욠,220
23.4664,120.5460,엱젒,C0M720,2017-01-20T12:00:00+08:00,225.0,286.0,0.5,17.6,0.84,994.9,-99.0,0.0,-9.9,-99,-999,좐잠찏,17,엱젒욠,220
23.4664,120.5460,엱젒,C0M720,2017-01-20T13:00:00+08:00,225.0,81.0,1.0,17.9,0.81,993.8,-99.0,0.0,-9.9,-99,-999,좐잠찏,17,엱젒욠,220
23.4664,120.5460,엱젒,C0M720,2017-01-20T14:00:00+08:00,225.0,9.0,0.3,20.2,0.71,992.9,-99.0,0.0,-9.9,-99,-999,좐잠찏,17,엱젒욠,220
23.4664,120.5460,엱젒,C0M720,2017-01-20T15:00:00+08:00,225.0,308.0,3.1,19.9,0.65,992.3,-99.0,0.0,-9.9,-99,-999,좐잠찏,17,엱젒욠,220
23.4664,120.5460,엱젒,C0M720,2017-01-20T16:00:00+08:00,225.0,326.0,3.3,18.7,0.66,992.6,-99.0,0.0,-9.9,-99,-999,좐잠찏,17,엱젒욠,220
23.4664,120.5460,엱젒,C0M720,2017-01-20T17:00:00+08:00,225.0,320.0,3.6,16.8,0.71,993.0,-99.0,0.0,-9.9,-99,-999,좐잠찏,17,엱젒욠,220
23.4664,120.5460,엱젒,C0M720,2017-01-20T18:00:00+08:00,225.0,333.0,4.1,14.4,0.76,993.7,-99.0,0.0,-9.9,-99,-999,좐잠찏,17,엱젒욠,220
23.4664,120.5460,엱젒,C0M720,2017-01-20T19:00:00+08:00,225.0,322.0,2.5,13.3,0.79,994.5,-99.0,0.0,-9.9,-99,-999,좐잠찏,17,엱젒욠,220
23.4664,120.5460,엱젒,C0M720,2017-01-20T20:00:00+08:00,225.0,169.0,0.3,13.3,0.80,995.1,-99.0,0.0,-9.9,-99,-999,좐잠찏,17,엱젒욠,220
23.4664,120.5460,엱젒,C0M720,2017-01-20T21:00:00+08:00,225.0,300.0,1.4,12.3,0.85,995.5,-99.0,0.0,-9.9,-99,-999,좐잠찏,17,엱젒욠,220
23.4664,120.5460,엱젒,C0M720,2017-01-20T22:00:00+08:00,225.0,315.0,1.6,11.5,0.83,995.6,-99.0,0.0,-9.9,-99,-999,좐잠찏,17,엱젒욠,220
23.4664,120.5460,엱젒,C0M720,2017-01-20T23:00:00+08:00,225.0,301.0,1.3,11.3,0.82,995.7,-99.0,0.0,-9.9,-99,-999,좐잠찏,17,엱젒욠,220
23.4664,120.5460,엱젒,C0M720,2017-01-21T00:00:00+08:00,225.0,300.0,0.8,11.4,0.82,995.8,-99.0,0.0,-9.9,-99,-999,좐잠찏,17,엱젒욠,220
23.4664,120.5460,엱젒,C0M720,2017-01-21T01:00:00+08:00,225.0,319.0,1.3,11.3,0.82,995.7,-99.0,0.0,-9.9,-99,-999,좐잠찏,17,엱젒욠,220
23.4664,120.5460,엱젒,C0M720,2017-01-21T02:00:00+08:00,225.0,331.0,1.2,11.4,0.81,995.8,-99.0,0.0,-9.9,-99,-999,좐잠찏,17,엱젒욠,220
23.4664,120.5460,엱젒,C0M720,2017-01-21T03:00:00+08:00,225.0,335.0,1.6,11.5,0.80,995.6,-99.0,0.0,-9.9,-99,-999,좐잠찏,17,엱젒욠,220
23.4664,120.5460,엱젒,C0M720,2017-01-21T04:00:00+08:00,225.0,337.0,1.2,11.4,0.78,996.0,-99.0,0.0,-9.9,-99,-999,좐잠찏,17,엱젒욠,220
23.4664,120.5460,엱젒,C0M720,2017-01-21T05:00:00+08:00,225.0,312.0,2.2,11.3,0.80,996.2,-99.0,0.0,-9.9,-99,-999,좐잠찏,17,엱젒욠,220
23.4664,120.5460,엱젒,C0M720,2017-01-21T06:00:00+08:00,225.0,324.0,1.7,11.4,0.82,996.9,-99.0,0.0,-9.9,-99,-999,좐잠찏,17,엱젒욠,220
23.4664,120.5460,엱젒,C0M720,2017-01-21T07:00:00+08:00,225.0,311.0,1.7,11.4,0.83,997.3,-99.0,0.0,-9.9,-99,-999,좐잠찏,17,엱젒욠,220
23.4664,120.5460,엱젒,C0M720,2017-01-21T08:00:00+08:00,225.0,317.0,1.6,11.7,0.78,997.9,-99.0,0.0,-9.9,-99,-999,좐잠찏,17,엱젒욠,220
23.4664,120.5460,엱젒,C0M720,2017-01-21T10:00:00+08:00,225.0,288.0,0.7,13.2,0.74,999.1,-99.0,0.0,-9.9,-99,-999,좐잠찏,17,엱젒욠,220
23.4664,120.5460,엱젒,C0M720,2017-01-21T11:00:00+08:00,225.0,348.0,0.8,14.0,0.74,998.1,-99.0,0.0,-9.9,-99,-999,좐잠찏,17,엱젒욠,220
23.4664,120.5460,엱젒,C0M720,2017-01-21T12:00:00+08:00,225.0,303.0,1.6,15.1,0.71,997.2,-99.0,0.0,-9.9,-99,-999,좐잠찏,17,엱젒욠,220
23.4664,120.5460,엱젒,C0M720,2017-01-21T13:00:00+08:00,225.0,299.0,1.9,16.5,0.68,996.5,-99.0,0.0,-9.9,-99,-999,좐잠찏,17,엱젒욠,220
23.4664,120.5460,엱젒,C0M720,2017-01-21T14:00:00+08:00,225.0,123.0,1.1,18.5,0.65,995.2,-99.0,0.0,-9.9,-99,-999,좐잠찏,17,엱젒욠,220
23.4664,120.5460,엱젒,C0M720,2017-01-21T15:00:00+08:00,225.0,313.0,3.1,18.9,0.64,994.8,-99.0,0.0,-9.9,-99,-999,좐잠찏,17,엱젒욠,220
23.4664,120.5460,엱젒,C0M720,2017-01-21T16:00:00+08:00,225.0,311.0,2.3,18.4,0.64,995.3,-99.0,0.0,-9.9,-99,-999,좐잠찏,17,엱젒욠,220
23.4664,120.5460,엱젒,C0M720,2017-01-21T17:00:00+08:00,225.0,342.0,2.4,17.4,0.67,995.4,-99.0,0.0,-9.9,-99,-999,좐잠찏,17,엱젒욠,220
23.4664,120.5460,엱젒,C0M720,2017-01-21T18:00:00+08:00,225.0,328.0,2.5,15.6,0.75,996.1,-99.0,0.0,-9.9,-99,-999,좐잠찏,17,엱젒욠,220
23.4664,120.5460,엱젒,C0M720,2017-01-21T19:00:00+08:00,225.0,330.0,1.4,14.4,0.80,996.6,-99.0,0.0,-9.9,-99,-999,좐잠찏,17,엱젒욠,220
23.4664,120.5460,엱젒,C0M720,2017-01-21T20:00:00+08:00,225.0,336.0,2.1,13.6,0.82,997.3,-99.0,0.0,-9.9,-99,-999,좐잠찏,17,엱젒욠,220
23.4664,120.5460,엱젒,C0M720,2017-01-21T21:00:00+08:00,225.0,2.0,0.6,13.1,0.85,997.8,-99.0,0.0,-9.9,-99,-999,좐잠찏,17,엱젒욠,220
23.4664,120.5460,엱젒,C0M720,2017-01-21T22:00:00+08:00,225.0,0.0,0.0,12.7,0.88,998.0,-99.0,0.0,-9.9,-99,-999,좐잠찏,17,엱젒욠,220
23.4664,120.5460,엱젒,C0M720,2017-01-21T23:00:00+08:00,225.0,304.0,1.1,11.7,0.93,998.0,-99.0,0.0,-9.9,-99,-999,좐잠찏,17,엱젒욠,220
23.4664,120.5460,엱젒,C0M720,2017-01-22T00:00:00+08:00,225.0,288.0,1.3,11.5,0.94,997.9,-99.0,0.0,-9.9,-99,-999,좐잠찏,17,엱젒욠,220
23.4664,120.5460,엱젒,C0M720,2017-01-22T01:00:00+08:00,225.0,283.0,0.5,11.9,0.90,998.2,-99.0,0.0,-9.9,-99,-999,좐잠찏,17,엱젒욠,220
23.4664,120.5460,엱젒,C0M720,2017-01-22T02:00:00+08:00,225.0,304.0,0.5,11.8,0.94,997.8,-99.0,0.0,-9.9,-99,-999,좐잠찏,17,엱젒욠,220
23.4664,120.5460,엱젒,C0M720,2017-01-22T03:00:00+08:00,225.0,288.0,0.5,11.7,0.93,997.9,-99.0,0.0,-9.9,-99,-999,좐잠찏,17,엱젒욠,220
23.4664,120.5460,엱젒,C0M720,2017-01-22T04:00:00+08:00,225.0,289.0,0.8,11.6,0.94,997.3,-99.0,0.0,-9.9,-99,-999,좐잠찏,17,엱젒욠,220
23.4664,120.5460,엱젒,C0M720,2017-01-22T05:00:00+08:00,225.0,234.0,0.3,11.6,0.94,997.9,-99.0,0.0,-9.9,-99,-999,좐잠찏,17,엱젒욠,220
23.4664,120.5460,엱젒,C0M720,2017-01-22T06:00:00+08:00,225.0,102.0,0.5,11.7,0.94,998.4,-99.0,0.0,-9.9,-99,-999,좐잠찏,17,엱젒욠,220
23.4664,120.5460,엱젒,C0M720,2017-01-22T07:00:00+08:00,225.0,90.0,0.3,11.8,0.93,998.5,-99.0,0.0,-9.9,-99,-999,좐잠찏,17,엱젒욠,220
23.4664,120.5460,엱젒,C0M720,2017-01-22T08:00:00+08:00,225.0,141.0,0.5,12.6,0.92,998.8,-99.0,0.0,-9.9,-99,-999,좐잠찏,17,엱젒욠,220
23.4664,120.5460,엱젒,C0M720,2017-01-22T09:00:00+08:00,225.0,0.0,0.2,14.9,0.80,998.8,-99.0,0.0,-9.9,-99,-999,좐잠찏,17,엱젒욠,220
23.4664,120.5460,엱젒,C0M720,2017-01-22T10:00:00+08:00,225.0,286.0,1.6,15.6,0.78,999.3,-99.0,0.0,-9.9,-99,-999,좐잠찏,17,엱젒욠,220
23.4664,120.5460,엱젒,C0M720,2017-01-22T11:00:00+08:00,225.0,274.0,1.2,17.2,0.68,998.5,-99.0,0.0,-9.9,-99,-999,좐잠찏,17,엱젒욠,220
23.4664,120.5460,엱젒,C0M720,2017-01-22T12:00:00+08:00,225.0,287.0,1.9,18.8,0.62,997.4,-99.0,0.0,-9.9,-99,-999,좐잠찏,17,엱젒욠,220
23.4664,120.5460,엱젒,C0M720,2017-01-22T13:00:00+08:00,225.0,296.0,1.8,19.9,0.55,996.2,-99.0,0.0,-9.9,-99,-999,좐잠찏,17,엱젒욠,220
23.4664,120.5460,엱젒,C0M720,2017-01-22T14:00:00+08:00,225.0,279.0,1.9,20.9,0.50,995.5,-99.0,0.0,-9.9,-99,-999,좐잠찏,17,엱젒욠,220
23.4664,120.5460,엱젒,C0M720,2017-01-22T15:00:00+08:00,225.0,324.0,2.3,20.9,0.47,994.8,-99.0,0.0,-9.9,-99,-999,좐잠찏,17,엱젒욠,220
23.4664,120.5460,엱젒,C0M720,2017-01-22T16:00:00+08:00,225.0,317.0,3.5,19.8,0.50,994.8,-99.0,0.0,-9.9,-99,-999,좐잠찏,17,엱젒욠,220
23.4664,120.5460,엱젒,C0M720,2017-01-22T17:00:00+08:00,225.0,290.0,1.5,18.4,0.56,995.4,-99.0,0.0,-9.9,-99,-999,좐잠찏,17,엱젒욠,220
23.4664,120.5460,엱젒,C0M720,2017-01-22T18:00:00+08:00,225.0,320.0,1.2,16.7,0.62,995.8,-99.0,0.0,-9.9,-99,-999,좐잠찏,17,엱젒욠,220
23.4664,120.5460,엱젒,C0M720,2017-01-22T19:00:00+08:00,225.0,291.0,0.7,15.7,0.66,996.6,-99.0,0.0,-9.9,-99,-999,좐잠찏,17,엱젒욠,220
23.4664,120.5460,엱젒,C0M720,2017-01-22T20:00:00+08:00,225.0,297.0,1.1,14.7,0.70,997.2,-99.0,0.0,-9.9,-99,-999,좐잠찏,17,엱젒욠,220
23.4664,120.5460,엱젒,C0M720,2017-01-22T21:00:00+08:00,225.0,306.0,1.0,14.1,0.73,997.7,-99.0,0.0,-9.9,-99,-999,좐잠찏,17,엱젒욠,220
23.4664,120.5460,엱젒,C0M720,2017-01-22T22:00:00+08:00,225.0,293.0,0.5,13.8,0.73,997.8,-99.0,0.0,-9.9,-99,-999,좐잠찏,17,엱젒욠,220
23.4664,120.5460,엱젒,C0M720,2017-01-22T23:00:00+08:00,225.0,289.0,0.5,13.5,0.74,997.5,-99.0,0.0,-9.9,-99,-999,좐잠찏,17,엱젒욠,220
23.4664,120.5460,엱젒,C0M720,2017-01-23T00:00:00+08:00,225.0,0.0,0.2,13.5,0.74,997.0,-99.0,0.0,-9.9,-99,-999,좐잠찏,17,엱젒욠,220
23.4664,120.5460,엱젒,C0M720,2017-01-23T01:00:00+08:00,225.0,281.0,0.5,13.3,0.78,996.8,-99.0,0.0,-9.9,-99,-999,좐잠찏,17,엱젒욠,220
23.4664,120.5460,엱젒,C0M720,2017-01-23T02:00:00+08:00,225.0,293.0,1.2,12.2,0.81,997.1,-99.0,0.0,-9.9,-99,-999,좐잠찏,17,엱젒욠,220
23.4664,120.5460,엱젒,C0M720,2017-01-23T03:00:00+08:00,225.0,0.0,0.0,12.7,0.80,996.8,-99.0,0.0,-9.9,-99,-999,좐잠찏,17,엱젒욠,220
23.4664,120.5460,엱젒,C0M720,2017-01-23T04:00:00+08:00,225.0,0.0,0.0,13.3,0.82,996.6,-99.0,0.0,-9.9,-99,-999,좐잠찏,17,엱젒욠,220
23.4664,120.5460,엱젒,C0M720,2017-01-23T05:00:00+08:00,225.0,0.0,0.0,13.6,0.84,996.5,-99.0,0.0,-9.9,-99,-999,좐잠찏,17,엱젒욠,220
23.4664,120.5460,엱젒,C0M720,2017-01-23T06:00:00+08:00,225.0,0.0,0.0,13.8,0.84,997.3,-99.0,0.0,-9.9,-99,-999,좐잠찏,17,엱젒욠,220
23.4664,120.5460,엱젒,C0M720,2017-01-23T07:00:00+08:00,225.0,0.0,0.0,14.2,0.84,997.7,-99.0,0.0,-9.9,-99,-999,좐잠찏,17,엱젒욠,220
23.4664,120.5460,엱젒,C0M720,2017-01-23T08:00:00+08:00,225.0,278.0,0.8,13.4,0.86,998.4,-99.0,0.0,-9.9,-99,-999,좐잠찏,17,엱젒욠,220
23.4664,120.5460,엱젒,C0M720,2017-01-23T09:00:00+08:00,225.0,196.0,0.4,17.2,0.74,998.6,-99.0,0.0,-9.9,-99,-999,좐잠찏,17,엱젒욠,220
23.4664,120.5460,엱젒,C0M720,2017-01-23T10:00:00+08:00,225.0,273.0,1.4,18.1,0.69,998.8,-99.0,0.0,-9.9,-99,-999,좐잠찏,17,엱젒욠,220
23.4664,120.5460,엱젒,C0M720,2017-01-23T11:00:00+08:00,225.0,284.0,1.6,19.4,0.66,998.7,-99.0,0.0,-9.9,-99,-999,좐잠찏,17,엱젒욠,220
23.4664,120.5460,엱젒,C0M720,2017-01-23T12:00:00+08:00,225.0,264.0,1.6,20.1,0.62,997.8,-99.0,0.0,-9.9,-99,-999,좐잠찏,17,엱젒욠,220
23.4664,120.5460,엱젒,C0M720,2017-01-23T13:00:00+08:00,225.0,261.0,1.9,20.1,0.60,996.9,-99.0,0.0,-9.9,-99,-999,좐잠찏,17,엱젒욠,220
23.4664,120.5460,엱젒,C0M720,2017-01-23T14:00:00+08:00,225.0,282.0,1.6,20.8,0.59,996.0,-99.0,0.0,-9.9,-99,-999,좐잠찏,17,엱젒욠,220
23.4664,120.5460,엱젒,C0M720,2017-01-23T15:00:00+08:00,225.0,257.0,1.4,21.2,0.58,995.6,-99.0,0.0,-9.9,-99,-999,좐잠찏,17,엱젒욠,220
23.4664,120.5460,엱젒,C0M720,2017-01-23T16:00:00+08:00,225.0,315.0,2.0,20.3,0.60,995.8,-99.0,0.0,-9.9,-99,-999,좐잠찏,17,엱젒욠,220
23.4664,120.5460,엱젒,C0M720,2017-01-23T17:00:00+08:00,225.0,317.0,2.2,18.9,0.62,996.1,-99.0,0.0,-9.9,-99,-999,좐잠찏,17,엱젒욠,220
23.4664,120.5460,엱젒,C0M720,2017-01-23T18:00:00+08:00,225.0,314.0,1.8,17.3,0.66,997.0,-99.0,0.0,-9.9,-99,-999,좐잠찏,17,엱젒욠,220
23.4664,120.5460,엱젒,C0M720,2017-01-23T19:00:00+08:00,225.0,0.0,0.0,16.5,0.70,997.4,-99.0,0.0,-9.9,-99,-999,좐잠찏,17,엱젒욠,220
23.4664,120.5460,엱젒,C0M720,2017-01-23T20:00:00+08:00,225.0,303.0,1.5,15.5,0.71,997.7,-99.0,0.0,-9.9,-99,-999,좐잠찏,17,엱젒욠,220
23.4664,120.5460,엱젒,C0M720,2017-01-23T21:00:00+08:00,225.0,299.0,1.2,14.9,0.74,997.8,-99.0,0.0,-9.9,-99,-999,좐잠찏,17,엱젒욠,220
23.4664,120.5460,엱젒,C0M720,2017-01-23T22:00:00+08:00,225.0,291.0,0.7,14.6,0.78,998.2,-99.0,0.0,-9.9,-99,-999,좐잠찏,17,엱젒욠,220
23.4664,120.5460,엱젒,C0M720,2017-01-23T23:00:00+08:00,225.0,0.0,0.2,14.8,0.80,998.4,-99.0,0.0,-9.9,-99,-999,좐잠찏,17,엱젒욠,220
23.4664,120.5460,엱젒,C0M720,2017-01-24T00:00:00+08:00,225.0,141.0,0.6,14.7,0.76,998.6,-99.0,0.0,-9.9,-99,-999,좐잠찏,17,엱젒욠,220
23.4664,120.5460,엱젒,C0M720,2017-01-24T01:00:00+08:00,225.0,307.0,0.6,14.1,0.82,998.4,-99.0,0.0,-9.9,-99,-999,좐잠찏,17,엱젒욠,220
23.4664,120.5460,엱젒,C0M720,2017-01-24T02:00:00+08:00,225.0,316.0,0.6,14.4,0.84,997.7,-99.0,0.0,-9.9,-99,-999,좐잠찏,17,엱젒욠,220
23.4664,120.5460,엱젒,C0M720,2017-01-24T03:00:00+08:00,225.0,309.0,1.2,13.2,0.86,997.5,-99.0,0.0,-9.9,-99,-999,좐잠찏,17,엱젒욠,220
23.4664,120.5460,엱젒,C0M720,2017-01-24T04:00:00+08:00,225.0,0.0,0.2,13.9,0.84,997.2,-99.0,0.0,-9.9,-99,-999,좐잠찏,17,엱젒욠,220
23.4664,120.5460,엱젒,C0M720,2017-01-24T05:00:00+08:00,225.0,327.0,0.4,13.7,0.88,997.1,-99.0,0.0,-9.9,-99,-999,좐잠찏,17,엱젒욠,220
23.4664,120.5460,엱젒,C0M720,2017-01-24T06:00:00+08:00,225.0,265.0,0.4,13.5,0.87,997.8,-99.0,0.0,-9.9,-99,-999,좐잠찏,17,엱젒욠,220
23.4664,120.5460,엱젒,C0M720,2017-01-24T07:00:00+08:00,225.0,0.0,0.0,13.3,0.89,998.2,-99.0,0.0,-9.9,-99,-999,좐잠찏,17,엱젒욠,220
23.4664,120.5460,엱젒,C0M720,2017-01-24T08:00:00+08:00,225.0,126.0,0.3,16.1,0.82,998.6,-99.0,0.0,-9.9,-99,-999,좐잠찏,17,엱젒욠,220
23.4664,120.5460,엱젒,C0M720,2017-01-24T10:00:00+08:00,225.0,245.0,0.3,16.7,0.75,999.4,-99.0,0.0,-9.9,-99,-999,좐잠찏,17,엱젒욠,220
23.4664,120.5460,엱젒,C0M720,2017-01-24T11:00:00+08:00,225.0,305.0,1.5,17.6,0.72,999.0,-99.0,0.0,-9.9,-99,-999,좐잠찏,17,엱젒욠,220
23.4664,120.5460,엱젒,C0M720,2017-01-24T12:00:00+08:00,225.0,320.0,1.8,18.7,0.68,998.1,-99.0,0.0,-9.9,-99,-999,좐잠찏,17,엱젒욠,220
23.4664,120.5460,엱젒,C0M720,2017-01-24T13:00:00+08:00,225.0,290.0,1.9,19.4,0.64,997.4,-99.0,0.0,-9.9,-99,-999,좐잠찏,17,엱젒욠,220
23.4664,120.5460,엱젒,C0M720,2017-01-24T14:00:00+08:00,225.0,327.0,1.5,20.2,0.62,996.8,-99.0,0.0,-9.9,-99,-999,좐잠찏,17,엱젒욠,220
23.4664,120.5460,엱젒,C0M720,2017-01-24T15:00:00+08:00,225.0,314.0,1.7,20.4,0.62,996.6,-99.0,0.0,-9.9,-99,-999,좐잠찏,17,엱젒욠,220
23.4664,120.5460,엱젒,C0M720,2017-01-24T16:00:00+08:00,225.0,297.0,3.1,19.6,0.65,996.7,-99.0,0.0,-9.9,-99,-999,좐잠찏,17,엱젒욠,220
23.4664,120.5460,엱젒,C0M720,2017-01-24T17:00:00+08:00,225.0,313.0,3.2,18.6,0.69,997.0,-99.0,0.0,-9.9,-99,-999,좐잠찏,17,엱젒욠,220
23.4664,120.5460,엱젒,C0M720,2017-01-24T18:00:00+08:00,225.0,334.0,3.0,16.7,0.76,997.6,-99.0,0.0,-9.9,-99,-999,좐잠찏,17,엱젒욠,220
23.4664,120.5460,엱젒,C0M720,2017-01-24T19:00:00+08:00,225.0,296.0,1.0,15.7,0.82,998.4,-99.0,0.0,-9.9,-99,-999,좐잠찏,17,엱젒욠,220
23.4664,120.5460,엱젒,C0M720,2017-01-24T20:00:00+08:00,225.0,0.0,0.0,15.3,0.84,998.9,-99.0,0.0,-9.9,-99,-999,좐잠찏,17,엱젒욠,220
23.4664,120.5460,엱젒,C0M720,2017-01-24T21:00:00+08:00,225.0,301.0,1.1,14.6,0.86,999.2,-99.0,0.0,-9.9,-99,-999,좐잠찏,17,엱젒욠,220
23.4664,120.5460,엱젒,C0M720,2017-01-24T22:00:00+08:00,225.0,279.0,0.4,14.6,0.85,999.5,-99.0,0.0,-9.9,-99,-999,좐잠찏,17,엱젒욠,220
23.4664,120.5460,엱젒,C0M720,2017-01-24T23:00:00+08:00,225.0,304.0,1.4,13.7,0.89,999.5,-99.0,0.0,-9.9,-99,-999,좐잠찏,17,엱젒욠,220
23.4664,120.5460,엱젒,C0M720,2017-01-25T00:00:00+08:00,225.0,293.0,0.9,13.3,0.90,999.2,-99.0,0.0,-9.9,-99,-999,좐잠찏,17,엱젒욠,220
23.4664,120.5460,엱젒,C0M720,2017-01-25T01:00:00+08:00,225.0,305.0,0.3,13.0,0.91,998.7,-99.0,0.0,-9.9,-99,-999,좐잠찏,17,엱젒욠,220
23.4664,120.5460,엱젒,C0M720,2017-01-25T02:00:00+08:00,225.0,305.0,1.4,12.8,0.92,998.1,-99.0,0.0,-9.9,-99,-999,좐잠찏,17,엱젒욠,220
23.4664,120.5460,엱젒,C0M720,2017-01-25T03:00:00+08:00,225.0,0.0,0.0,13.1,0.92,998.0,-99.0,0.0,-9.9,-99,-999,좐잠찏,17,엱젒욠,220
23.4664,120.5460,엱젒,C0M720,2017-01-25T04:00:00+08:00,225.0,301.0,0.8,13.0,0.94,997.5,-99.0,0.0,-9.9,-99,-999,좐잠찏,17,엱젒욠,220
23.4664,120.5460,엱젒,C0M720,2017-01-25T05:00:00+08:00,225.0,247.0,0.6,13.1,0.92,997.5,-99.0,0.0,-9.9,-99,-999,좐잠찏,17,엱젒욠,220
23.4664,120.5460,엱젒,C0M720,2017-01-25T06:00:00+08:00,225.0,312.0,1.0,12.7,0.94,997.8,-99.0,0.0,-9.9,-99,-999,좐잠찏,17,엱젒욠,220
23.4664,120.5460,엱젒,C0M720,2017-01-25T07:00:00+08:00,225.0,0.0,0.0,12.7,0.95,998.3,-99.0,0.0,-9.9,-99,-999,좐잠찏,17,엱젒욠,220
23.4664,120.5460,엱젒,C0M720,2017-01-25T08:00:00+08:00,225.0,344.0,0.5,13.3,0.94,998.7,-99.0,0.0,-9.9,-99,-999,좐잠찏,17,엱젒욠,220
23.4664,120.5460,엱젒,C0M720,2017-01-25T09:00:00+08:00,225.0,0.0,0.2,15.5,0.85,998.5,-99.0,0.0,-9.9,-99,-999,좐잠찏,17,엱젒욠,220
23.4664,120.5460,엱젒,C0M720,2017-01-25T10:00:00+08:00,225.0,317.0,2.0,15.0,0.88,998.8,-99.0,0.0,-9.9,-99,-999,좐잠찏,17,엱젒욠,220
23.4664,120.5460,엱젒,C0M720,2017-01-25T11:00:00+08:00,225.0,346.0,1.3,16.5,0.80,998.5,-99.0,0.0,-9.9,-99,-999,좐잠찏,17,엱젒욠,220
23.4664,120.5460,엱젒,C0M720,2017-01-25T12:00:00+08:00,225.0,269.0,0.9,17.6,0.75,997.8,-99.0,0.0,-9.9,-99,-999,좐잠찏,17,엱젒욠,220
23.4664,120.5460,엱젒,C0M720,2017-01-25T13:00:00+08:00,225.0,338.0,1.7,17.9,0.75,996.6,-99.0,0.0,-9.9,-99,-999,좐잠찏,17,엱젒욠,220
23.4664,120.5460,엱젒,C0M720,2017-01-25T14:00:00+08:00,225.0,264.0,1.0,19.6,0.67,996.1,-99.0,0.0,-9.9,-99,-999,좐잠찏,17,엱젒욠,220
23.4664,120.5460,엱젒,C0M720,2017-01-25T15:00:00+08:00,225.0,305.0,1.7,20.5,0.66,995.6,-99.0,0.0,-9.9,-99,-999,좐잠찏,17,엱젒욠,220
23.4664,120.5460,엱젒,C0M720,2017-01-25T16:00:00+08:00,225.0,297.0,2.3,20.6,0.60,995.6,-99.0,0.0,-9.9,-99,-999,좐잠찏,17,엱젒욠,220
23.4664,120.5460,엱젒,C0M720,2017-01-25T17:00:00+08:00,225.0,310.0,3.1,18.4,0.71,995.7,-99.0,0.0,-9.9,-99,-999,좐잠찏,17,엱젒욠,220
23.4664,120.5460,엱젒,C0M720,2017-01-25T18:00:00+08:00,225.0,327.0,1.8,16.1,0.79,996.4,-99.0,0.0,-9.9,-99,-999,좐잠찏,17,엱젒욠,220
23.4664,120.5460,엱젒,C0M720,2017-01-25T19:00:00+08:00,225.0,328.0,2.5,15.1,0.82,997.0,-99.0,0.0,-9.9,-99,-999,좐잠찏,17,엱젒욠,220
23.4664,120.5460,엱젒,C0M720,2017-01-25T20:00:00+08:00,225.0,0.0,0.0,14.4,0.85,997.4,-99.0,0.0,-9.9,-99,-999,좐잠찏,17,엱젒욠,220
23.4664,120.5460,엱젒,C0M720,2017-01-25T21:00:00+08:00,225.0,0.0,0.0,13.6,0.89,997.6,-99.0,0.0,-9.9,-99,-999,좐잠찏,17,엱젒욠,220
23.4664,120.5460,엱젒,C0M720,2017-01-25T22:00:00+08:00,225.0,330.0,2.2,12.9,0.92,997.9,-99.0,0.0,-9.9,-99,-999,좐잠찏,17,엱젒욠,220
23.4664,120.5460,엱젒,C0M720,2017-01-25T23:00:00+08:00,225.0,0.0,0.0,12.5,0.93,997.7,-99.0,0.0,-9.9,-99,-999,좐잠찏,17,엱젒욠,220
23.4664,120.5460,엱젒,C0M720,2017-01-26T00:00:00+08:00,225.0,342.0,1.2,12.2,0.96,997.5,-99.0,0.0,-9.9,-99,-999,좐잠찏,17,엱젒욠,220
23.4664,120.5460,엱젒,C0M720,2017-01-26T01:00:00+08:00,225.0,326.0,1.0,12.5,0.93,997.5,-99.0,0.0,-9.9,-99,-999,좐잠찏,17,엱젒욠,220
23.4664,120.5460,엱젒,C0M720,2017-01-26T02:00:00+08:00,225.0,238.0,0.3,12.6,0.93,996.7,-99.0,0.0,-9.9,-99,-999,좐잠찏,17,엱젒욠,220
23.4664,120.5460,엱젒,C0M720,2017-01-26T03:00:00+08:00,225.0,311.0,2.0,12.0,0.95,996.5,-99.0,0.0,-9.9,-99,-999,좐잠찏,17,엱젒욠,220
23.4664,120.5460,엱젒,C0M720,2017-01-26T04:00:00+08:00,225.0,310.0,2.2,11.9,0.95,996.2,-99.0,0.0,-9.9,-99,-999,좐잠찏,17,엱젒욠,220
23.4664,120.5460,엱젒,C0M720,2017-01-26T05:00:00+08:00,225.0,303.0,0.5,12.1,0.93,996.5,-99.0,0.0,-9.9,-99,-999,좐잠찏,17,엱젒욠,220
23.4664,120.5460,엱젒,C0M720,2017-01-26T06:00:00+08:00,225.0,354.0,1.1,12.1,0.94,996.9,-99.0,0.0,-9.9,-99,-999,좐잠찏,17,엱젒욠,220
23.4664,120.5460,엱젒,C0M720,2017-01-26T07:00:00+08:00,225.0,329.0,1.8,11.7,0.96,997.1,-99.0,0.0,-9.9,-99,-999,좐잠찏,17,엱젒욠,220
23.4664,120.5460,엱젒,C0M720,2017-01-26T08:00:00+08:00,225.0,309.0,1.2,12.2,0.94,997.6,-99.0,0.0,-9.9,-99,-999,좐잠찏,17,엱젒욠,220
23.4664,120.5460,엱젒,C0M720,2017-01-26T10:00:00+08:00,225.0,268.0,0.8,15.1,0.78,997.4,-99.0,0.0,-9.9,-99,-999,좐잠찏,17,엱젒욠,220
23.4664,120.5460,엱젒,C0M720,2017-01-26T11:00:00+08:00,225.0,305.0,1.3,17.2,0.68,996.7,-99.0,0.0,-9.9,-99,-999,좐잠찏,17,엱젒욠,220
23.4664,120.5460,엱젒,C0M720,2017-01-26T12:00:00+08:00,225.0,291.0,2.0,18.6,0.64,996.0,-99.0,0.0,-9.9,-99,-999,좐잠찏,17,엱젒욠,220
23.4664,120.5460,엱젒,C0M720,2017-01-26T13:00:00+08:00,225.0,281.0,1.1,19.9,0.59,994.5,-99.0,0.0,-9.9,-99,-999,좐잠찏,17,엱젒욠,220
23.4664,120.5460,엱젒,C0M720,2017-01-26T14:00:00+08:00,225.0,331.0,1.5,20.6,0.56,993.3,-99.0,0.0,-9.9,-99,-999,좐잠찏,17,엱젒욠,220
23.4664,120.5460,엱젒,C0M720,2017-01-26T15:00:00+08:00,225.0,228.0,0.6,22.2,0.50,993.0,-99.0,0.0,-9.9,-99,-999,좐잠찏,17,엱젒욠,220
23.4664,120.5460,엱젒,C0M720,2017-01-26T16:00:00+08:00,225.0,313.0,1.4,21.2,0.51,993.4,-99.0,0.0,-9.9,-99,-999,좐잠찏,17,엱젒욠,220
23.4664,120.5460,엱젒,C0M720,2017-01-26T17:00:00+08:00,225.0,306.0,2.5,20.0,0.59,993.9,-99.0,0.0,-9.9,-99,-999,좐잠찏,17,엱젒욠,220
23.4664,120.5460,엱젒,C0M720,2017-01-26T18:00:00+08:00,225.0,323.0,2.2,17.6,0.70,994.4,-99.0,0.0,-9.9,-99,-999,좐잠찏,17,엱젒욠,220
23.4664,120.5460,엱젒,C0M720,2017-01-26T19:00:00+08:00,225.0,297.0,1.1,16.1,0.77,995.0,-99.0,0.0,-9.9,-99,-999,좐잠찏,17,엱젒욠,220
23.4664,120.5460,엱젒,C0M720,2017-01-26T20:00:00+08:00,225.0,304.0,1.0,15.5,0.83,995.6,-99.0,0.0,-9.9,-99,-999,좐잠찏,17,엱젒욠,220
23.4664,120.5460,엱젒,C0M720,2017-01-26T21:00:00+08:00,225.0,0.0,0.0,14.8,0.87,995.6,-99.0,0.0,-9.9,-99,-999,좐잠찏,17,엱젒욠,220
23.4664,120.5460,엱젒,C0M720,2017-01-26T22:00:00+08:00,225.0,0.0,0.0,14.4,0.88,995.8,-99.0,0.0,-9.9,-99,-999,좐잠찏,17,엱젒욠,220
23.4664,120.5460,엱젒,C0M720,2017-01-26T23:00:00+08:00,225.0,0.0,0.0,14.3,0.90,996.0,-99.0,0.0,-9.9,-99,-999,좐잠찏,17,엱젒욠,220
23.4664,120.5460,엱젒,C0M720,2017-01-27T00:00:00+08:00,225.0,0.0,0.0,14.2,0.90,996.2,-99.0,0.0,-9.9,-99,-999,좐잠찏,17,엱젒욠,220
23.4664,120.5460,엱젒,C0M720,2017-01-27T01:00:00+08:00,225.0,9.0,0.4,13.8,0.92,996.2,-99.0,0.0,-9.9,-99,-999,좐잠찏,17,엱젒욠,220
23.4664,120.5460,엱젒,C0M720,2017-01-27T02:00:00+08:00,225.0,109.0,0.5,13.2,0.94,996.0,-99.0,0.0,-9.9,-99,-999,좐잠찏,17,엱젒욠,220
23.4664,120.5460,엱젒,C0M720,2017-01-27T03:00:00+08:00,225.0,0.0,0.2,12.9,0.95,995.7,-99.0,0.0,-9.9,-99,-999,좐잠찏,17,엱젒욠,220
23.4664,120.5460,엱젒,C0M720,2017-01-27T04:00:00+08:00,225.0,108.0,1.3,13.9,0.88,995.4,-99.0,0.0,-9.9,-99,-999,좐잠찏,17,엱젒욠,220
23.4664,120.5460,엱젒,C0M720,2017-01-27T05:00:00+08:00,225.0,0.0,0.2,14.4,0.85,995.8,-99.0,0.0,-9.9,-99,-999,좐잠찏,17,엱젒욠,220
23.4664,120.5460,엱젒,C0M720,2017-01-27T06:00:00+08:00,225.0,324.0,0.6,13.5,0.89,996.3,-99.0,0.0,-9.9,-99,-999,좐잠찏,17,엱젒욠,220
23.4664,120.5460,엱젒,C0M720,2017-01-27T07:00:00+08:00,225.0,69.0,0.9,15.4,0.68,996.4,-99.0,0.0,-9.9,-99,-999,좐잠찏,17,엱젒욠,220
23.4664,120.5460,엱젒,C0M720,2017-01-27T08:00:00+08:00,225.0,357.0,2.9,13.8,0.85,997.2,-99.0,0.0,-9.9,-99,-999,좐잠찏,17,엱젒욠,220
23.4664,120.5460,엱젒,C0M720,2017-01-27T09:00:00+08:00,225.0,285.0,0.7,15.8,0.77,997.4,-99.0,0.0,-9.9,-99,-999,좐잠찏,17,엱젒욠,220
23.4664,120.5460,엱젒,C0M720,2017-01-27T10:00:00+08:00,225.0,304.0,0.6,19.0,0.59,996.9,-99.0,0.0,-9.9,-99,-999,좐잠찏,17,엱젒욠,220
23.4664,120.5460,엱젒,C0M720,2017-01-27T11:00:00+08:00,225.0,303.0,1.8,20.2,0.53,996.4,-99.0,0.0,-9.9,-99,-999,좐잠찏,17,엱젒욠,220
23.4664,120.5460,엱젒,C0M720,2017-01-27T12:00:00+08:00,225.0,300.0,2.4,21.4,0.51,995.6,-99.0,0.0,-9.9,-99,-999,좐잠찏,17,엱젒욠,220
23.4664,120.5460,엱젒,C0M720,2017-01-27T13:00:00+08:00,225.0,294.0,2.6,21.9,0.47,994.5,-99.0,0.0,-9.9,-99,-999,좐잠찏,17,엱젒욠,220
23.4664,120.5460,엱젒,C0M720,2017-01-27T14:00:00+08:00,225.0,309.0,3.0,21.9,0.49,993.5,-99.0,0.0,-9.9,-99,-999,좐잠찏,17,엱젒욠,220
23.4664,120.5460,엱젒,C0M720,2017-01-27T15:00:00+08:00,225.0,304.0,3.4,21.9,0.47,992.7,-99.0,0.0,-9.9,-99,-999,좐잠찏,17,엱젒욠,220
23.4664,120.5460,엱젒,C0M720,2017-01-27T16:00:00+08:00,225.0,290.0,2.8,21.9,0.47,992.8,-99.0,0.0,-9.9,-99,-999,좐잠찏,17,엱젒욠,220
23.4664,120.5460,엱젒,C0M720,2017-01-27T17:00:00+08:00,225.0,301.0,3.3,20.7,0.52,993.2,-99.0,0.0,-9.9,-99,-999,좐잠찏,17,엱젒욠,220
23.4664,120.5460,엱젒,C0M720,2017-01-27T18:00:00+08:00,225.0,294.0,1.2,18.7,0.62,993.8,-99.0,0.0,-9.9,-99,-999,좐잠찏,17,엱젒욠,220
23.4664,120.5460,엱젒,C0M720,2017-01-27T19:00:00+08:00,225.0,360.0,2.6,17.3,0.77,993.8,-99.0,0.0,-9.9,-99,-999,좐잠찏,17,엱젒욠,220
23.4664,120.5460,엱젒,C0M720,2017-01-27T20:00:00+08:00,225.0,0.0,0.0,15.7,0.83,994.3,-99.0,0.0,-9.9,-99,-999,좐잠찏,17,엱젒욠,220
23.4664,120.5460,엱젒,C0M720,2017-01-27T21:00:00+08:00,225.0,117.0,0.4,15.2,0.84,994.4,-99.0,0.0,-9.9,-99,-999,좐잠찏,17,엱젒욠,220
23.4664,120.5460,엱젒,C0M720,2017-01-27T22:00:00+08:00,225.0,0.0,0.0,14.7,0.89,994.5,-99.0,0.0,-9.9,-99,-999,좐잠찏,17,엱젒욠,220
23.4664,120.5460,엱젒,C0M720,2017-01-27T23:00:00+08:00,225.0,93.0,0.7,15.0,0.83,994.1,-99.0,0.0,-9.9,-99,-999,좐잠찏,17,엱젒욠,220
23.4664,120.5460,엱젒,C0M720,2017-01-28T00:00:00+08:00,225.0,142.0,0.9,14.9,0.80,993.8,-99.0,0.0,-9.9,-99,-999,좐잠찏,17,엱젒욠,220
23.4664,120.5460,엱젒,C0M720,2017-01-28T01:00:00+08:00,225.0,119.0,1.1,15.3,0.76,993.6,-99.0,0.0,-9.9,-99,-999,좐잠찏,17,엱젒욠,220
23.4664,120.5460,엱젒,C0M720,2017-01-28T02:00:00+08:00,225.0,0.0,0.0,13.7,0.87,993.3,-99.0,0.0,-9.9,-99,-999,좐잠찏,17,엱젒욠,220
23.4664,120.5460,엱젒,C0M720,2017-01-28T03:00:00+08:00,225.0,295.0,0.7,13.3,0.89,992.7,-99.0,0.0,-9.9,-99,-999,좐잠찏,17,엱젒욠,220
23.4664,120.5460,엱젒,C0M720,2017-01-28T04:00:00+08:00,225.0,0.0,0.0,13.5,0.88,991.9,-99.0,0.0,-9.9,-99,-999,좐잠찏,17,엱젒욠,220
23.4664,120.5460,엱젒,C0M720,2017-01-28T05:00:00+08:00,225.0,58.0,0.4,14.1,0.85,992.0,-99.0,0.0,-9.9,-99,-999,좐잠찏,17,엱젒욠,220
23.4664,120.5460,엱젒,C0M720,2017-01-28T06:00:00+08:00,225.0,73.0,0.8,15.6,0.70,992.2,-99.0,0.0,-9.9,-99,-999,좐잠찏,17,엱젒욠,220
23.4664,120.5460,엱젒,C0M720,2017-01-28T07:00:00+08:00,225.0,291.0,0.5,14.7,0.75,992.5,-99.0,0.0,-9.9,-99,-999,좐잠찏,17,엱젒욠,220
23.4664,120.5460,엱젒,C0M720,2017-01-28T08:00:00+08:00,225.0,0.0,0.0,17.7,0.64,992.5,-99.0,0.0,-9.9,-99,-999,좐잠찏,17,엱젒욠,220
23.4664,120.5460,엱젒,C0M720,2017-01-28T09:00:00+08:00,225.0,201.0,1.3,18.9,0.63,992.9,-99.0,0.0,-9.9,-99,-999,좐잠찏,17,엱젒욠,220
23.4664,120.5460,엱젒,C0M720,2017-01-28T10:00:00+08:00,225.0,217.0,1.5,19.5,0.58,993.0,-99.0,0.0,-9.9,-99,-999,좐잠찏,17,엱젒욠,220
23.4664,120.5460,엱젒,C0M720,2017-01-28T11:00:00+08:00,225.0,235.0,1.3,21.0,0.53,992.8,-99.0,0.0,-9.9,-99,-999,좐잠찏,17,엱젒욠,220
23.4664,120.5460,엱젒,C0M720,2017-01-28T12:00:00+08:00,225.0,239.0,1.1,23.2,0.48,991.9,-99.0,0.0,-9.9,-99,-999,좐잠찏,17,엱젒욠,220
23.4664,120.5460,엱젒,C0M720,2017-01-28T13:00:00+08:00,225.0,281.0,2.0,23.6,0.44,990.9,-99.0,0.0,-9.9,-99,-999,좐잠찏,17,엱젒욠,220
23.4664,120.5460,엱젒,C0M720,2017-01-28T14:00:00+08:00,225.0,249.0,1.8,24.3,0.45,990.3,-99.0,0.0,-9.9,-99,-999,좐잠찏,17,엱젒욠,220
23.4664,120.5460,엱젒,C0M720,2017-01-28T15:00:00+08:00,225.0,295.0,2.6,24.1,0.45,989.9,-99.0,0.0,-9.9,-99,-999,좐잠찏,17,엱젒욠,220
23.4664,120.5460,엱젒,C0M720,2017-01-28T16:00:00+08:00,225.0,315.0,2.6,22.5,0.67,990.0,-99.0,0.0,-9.9,-99,-999,좐잠찏,17,엱젒욠,220
23.4664,120.5460,엱젒,C0M720,2017-01-28T17:00:00+08:00,225.0,305.0,2.0,20.4,0.78,990.4,-99.0,0.0,-9.9,-99,-999,좐잠찏,17,엱젒욠,220
23.4664,120.5460,엱젒,C0M720,2017-01-28T18:00:00+08:00,225.0,316.0,1.5,19.0,0.85,990.9,-99.0,0.0,-9.9,-99,-999,좐잠찏,17,엱젒욠,220
23.4664,120.5460,엱젒,C0M720,2017-01-28T19:00:00+08:00,225.0,344.0,0.4,18.1,0.90,991.3,-99.0,0.0,-9.9,-99,-999,좐잠찏,17,엱젒욠,220
23.4664,120.5460,엱젒,C0M720,2017-01-28T20:00:00+08:00,225.0,0.0,0.2,17.1,0.93,991.7,-99.0,0.0,-9.9,-99,-999,좐잠찏,17,엱젒욠,220
23.4664,120.5460,엱젒,C0M720,2017-01-28T21:00:00+08:00,225.0,286.0,0.7,16.6,0.96,991.6,-99.0,0.0,-9.9,-99,-999,좐잠찏,17,엱젒욠,220
23.4664,120.5460,엱젒,C0M720,2017-01-28T22:00:00+08:00,225.0,121.0,0.6,18.0,0.81,991.6,-99.0,0.0,-9.9,-99,-999,좐잠찏,17,엱젒욠,220
23.4664,120.5460,엱젒,C0M720,2017-01-28T23:00:00+08:00,225.0,135.0,0.7,17.1,0.83,991.6,-99.0,0.0,-9.9,-99,-999,좐잠찏,17,엱젒욠,220
23.4664,120.5460,엱젒,C0M720,2017-01-29T00:00:00+08:00,225.0,108.0,1.5,18.2,0.72,991.4,-99.0,0.0,-9.9,-99,-999,좐잠찏,17,엱젒욠,220
23.4664,120.5460,엱젒,C0M720,2017-01-29T01:00:00+08:00,225.0,292.0,0.4,16.3,0.82,991.3,-99.0,0.0,-9.9,-99,-999,좐잠찏,17,엱젒욠,220
23.4664,120.5460,엱젒,C0M720,2017-01-29T02:00:00+08:00,225.0,118.0,1.4,17.6,0.70,990.8,-99.0,0.0,-9.9,-99,-999,좐잠찏,17,엱젒욠,220
23.4664,120.5460,엱젒,C0M720,2017-01-29T03:00:00+08:00,225.0,0.0,0.0,16.7,0.73,990.6,-99.0,0.0,-9.9,-99,-999,좐잠찏,17,엱젒욠,220
23.4664,120.5460,엱젒,C0M720,2017-01-29T04:00:00+08:00,225.0,290.0,0.6,14.4,0.95,990.3,-99.0,0.0,-9.9,-99,-999,좐잠찏,17,엱젒욠,220
23.4664,120.5460,엱젒,C0M720,2017-01-29T05:00:00+08:00,225.0,262.0,0.5,15.5,0.95,990.5,-99.0,0.0,-9.9,-99,-999,좐잠찏,17,엱젒욠,220
23.4664,120.5460,엱젒,C0M720,2017-01-29T06:00:00+08:00,225.0,86.0,1.1,15.8,0.95,991.2,-99.0,0.0,-9.9,-99,-999,좐잠찏,17,엱젒욠,220
23.4664,120.5460,엱젒,C0M720,2017-01-29T07:00:00+08:00,225.0,90.0,0.5,16.0,0.90,991.7,-99.0,0.0,-9.9,-99,-999,좐잠찏,17,엱젒욠,220
23.4664,120.5460,엱젒,C0M720,2017-01-29T08:00:00+08:00,225.0,292.0,0.5,15.4,0.95,992.5,-99.0,0.0,-9.9,-99,-999,좐잠찏,17,엱젒욠,220
23.4664,120.5460,엱젒,C0M720,2017-01-29T09:00:00+08:00,225.0,277.0,1.1,18.0,0.87,993.1,-99.0,0.0,-9.9,-99,-999,좐잠찏,17,엱젒욠,220
23.4664,120.5460,엱젒,C0M720,2017-01-29T10:00:00+08:00,225.0,268.0,0.8,20.3,0.74,993.3,-99.0,0.0,-9.9,-99,-999,좐잠찏,17,엱젒욠,220
23.4664,120.5460,엱젒,C0M720,2017-01-29T11:00:00+08:00,225.0,277.0,1.0,22.0,0.67,992.6,-99.0,0.0,-9.9,-99,-999,좐잠찏,17,엱젒욠,220
23.4664,120.5460,엱젒,C0M720,2017-01-29T12:00:00+08:00,225.0,306.0,2.4,23.1,0.57,991.4,-99.0,0.0,-9.9,-99,-999,좐잠찏,17,엱젒욠,220
23.4664,120.5460,엱젒,C0M720,2017-01-29T13:00:00+08:00,225.0,328.0,1.9,23.7,0.58,990.6,-99.0,0.0,-9.9,-99,-999,좐잠찏,17,엱젒욠,220
23.4664,120.5460,엱젒,C0M720,2017-01-29T14:00:00+08:00,225.0,3.0,1.4,24.8,0.52,989.5,-99.0,0.0,-9.9,-99,-999,좐잠찏,17,엱젒욠,220
23.4664,120.5460,엱젒,C0M720,2017-01-29T15:00:00+08:00,225.0,281.0,1.4,25.5,0.50,989.3,-99.0,0.0,-9.9,-99,-999,좐잠찏,17,엱젒욠,220
23.4664,120.5460,엱젒,C0M720,2017-01-29T16:00:00+08:00,225.0,311.0,1.9,25.4,0.44,989.4,-99.0,0.0,-9.9,-99,-999,좐잠찏,17,엱젒욠,220
23.4664,120.5460,엱젒,C0M720,2017-01-29T17:00:00+08:00,225.0,328.0,1.4,24.6,0.47,989.9,-99.0,0.0,-9.9,-99,-999,좐잠찏,17,엱젒욠,220
23.4664,120.5460,엱젒,C0M720,2017-01-29T18:00:00+08:00,225.0,317.0,3.1,21.3,0.74,990.7,-99.0,0.0,-9.9,-99,-999,좐잠찏,17,엱젒욠,220
23.4664,120.5460,엱젒,C0M720,2017-01-29T19:00:00+08:00,225.0,0.0,0.0,20.1,0.81,991.4,-99.0,0.0,-9.9,-99,-999,좐잠찏,17,엱젒욠,220
23.4664,120.5460,엱젒,C0M720,2017-01-29T20:00:00+08:00,225.0,309.0,2.2,18.6,0.87,991.6,-99.0,0.0,-9.9,-99,-999,좐잠찏,17,엱젒욠,220
23.4664,120.5460,엱젒,C0M720,2017-01-29T21:00:00+08:00,225.0,148.0,0.3,18.6,0.89,991.5,-99.0,0.0,-9.9,-99,-999,좐잠찏,17,엱젒욠,220
23.4664,120.5460,엱젒,C0M720,2017-01-29T22:00:00+08:00,225.0,0.0,0.2,17.8,0.93,991.9,-99.0,0.0,-9.9,-99,-999,좐잠찏,17,엱젒욠,220
23.4664,120.5460,엱젒,C0M720,2017-01-29T23:00:00+08:00,225.0,92.0,1.1,17.7,0.90,991.4,-99.0,0.0,-9.9,-99,-999,좐잠찏,17,엱젒욠,220
23.4664,120.5460,엱젒,C0M720,2017-01-30T00:00:00+08:00,225.0,333.0,1.8,16.8,0.98,992.0,-99.0,0.0,-9.9,-99,-999,좐잠찏,17,엱젒욠,220
23.4664,120.5460,엱젒,C0M720,2017-01-30T01:00:00+08:00,225.0,72.0,1.0,16.6,0.99,991.4,-99.0,0.0,-9.9,-99,-999,좐잠찏,17,엱젒욠,220
23.4664,120.5460,엱젒,C0M720,2017-01-30T02:00:00+08:00,225.0,41.0,0.6,16.4,0.98,991.2,-99.0,0.0,-9.9,-99,-999,좐잠찏,17,엱젒욠,220
23.4664,120.5460,엱젒,C0M720,2017-01-30T03:00:00+08:00,225.0,81.0,0.7,16.1,0.98,990.6,-99.0,0.0,-9.9,-99,-999,좐잠찏,17,엱젒욠,220
23.4664,120.5460,엱젒,C0M720,2017-01-30T04:00:00+08:00,225.0,280.0,0.3,16.8,0.95,990.4,-99.0,0.0,-9.9,-99,-999,좐잠찏,17,엱젒욠,220
23.4664,120.5460,엱젒,C0M720,2017-01-30T05:00:00+08:00,225.0,105.0,0.5,17.7,0.89,990.5,-99.0,0.0,-9.9,-99,-999,좐잠찏,17,엱젒욠,220
23.4664,120.5460,엱젒,C0M720,2017-01-30T06:00:00+08:00,225.0,96.0,0.6,17.4,0.89,991.3,-99.0,0.0,-9.9,-99,-999,좐잠찏,17,엱젒욠,220
23.4664,120.5460,엱젒,C0M720,2017-01-30T07:00:00+08:00,225.0,108.0,0.4,18.1,0.84,991.6,-99.0,0.0,-9.9,-99,-999,좐잠찏,17,엱젒욠,220
23.4664,120.5460,엱젒,C0M720,2017-01-30T08:00:00+08:00,225.0,8.0,0.6,18.3,0.86,992.2,-99.0,0.0,-9.9,-99,-999,좐잠찏,17,엱젒욠,220
23.4664,120.5460,엱젒,C0M720,2017-01-30T09:00:00+08:00,225.0,125.0,0.4,23.8,0.62,992.5,-99.0,0.0,-9.9,-99,-999,좐잠찏,17,엱젒욠,220
23.4664,120.5460,엱젒,C0M720,2017-01-30T10:00:00+08:00,225.0,322.0,2.0,22.6,0.72,992.6,-99.0,0.0,-9.9,-99,-999,좐잠찏,17,엱젒욠,220
23.4664,120.5460,엱젒,C0M720,2017-01-30T11:00:00+08:00,225.0,276.0,1.1,24.5,0.55,991.8,-99.0,0.0,-9.9,-99,-999,좐잠찏,17,엱젒욠,220
23.4664,120.5460,엱젒,C0M720,2017-01-30T12:00:00+08:00,225.0,293.0,2.4,25.2,0.54,990.7,-99.0,0.0,-9.9,-99,-999,좐잠찏,17,엱젒욠,220
23.4664,120.5460,엱젒,C0M720,2017-01-30T13:00:00+08:00,225.0,272.0,1.9,26.0,0.53,989.8,-99.0,0.0,-9.9,-99,-999,좐잠찏,17,엱젒욠,220
23.4664,120.5460,엱젒,C0M720,2017-01-30T14:00:00+08:00,225.0,311.0,2.7,26.2,0.52,989.2,-99.0,0.0,-9.9,-99,-999,좐잠찏,17,엱젒욠,220
23.4664,120.5460,엱젒,C0M720,2017-01-30T15:00:00+08:00,225.0,311.0,3.5,24.1,0.66,989.1,-99.0,0.0,-9.9,-99,-999,좐잠찏,17,엱젒욠,220
23.4664,120.5460,엱젒,C0M720,2017-01-30T16:00:00+08:00,225.0,309.0,3.2,21.2,0.72,990.0,-99.0,0.0,-9.9,-99,-999,좐잠찏,17,엱젒욠,220
23.4664,120.5460,엱젒,C0M720,2017-01-30T17:00:00+08:00,225.0,300.0,1.8,20.3,0.74,990.6,-99.0,0.0,-9.9,-99,-999,좐잠찏,17,엱젒욠,220
23.4664,120.5460,엱젒,C0M720,2017-01-30T18:00:00+08:00,225.0,298.0,1.0,19.1,0.76,991.1,-99.0,0.0,-9.9,-99,-999,좐잠찏,17,엱젒욠,220
23.4664,120.5460,엱젒,C0M720,2017-01-30T20:00:00+08:00,225.0,329.0,2.2,16.9,0.83,992.1,-99.0,0.0,-9.9,-99,-999,좐잠찏,17,엱젒욠,220
23.4664,120.5460,엱젒,C0M720,2017-01-30T21:00:00+08:00,225.0,324.0,1.7,15.9,0.86,992.2,-99.0,0.0,-9.9,-99,-999,좐잠찏,17,엱젒욠,220
23.4664,120.5460,엱젒,C0M720,2017-01-30T22:00:00+08:00,225.0,338.0,2.6,15.1,0.88,992.1,-99.0,0.0,-9.9,-99,-999,좐잠찏,17,엱젒욠,220
23.4664,120.5460,엱젒,C0M720,2017-01-30T23:00:00+08:00,225.0,308.0,1.6,14.7,0.90,992.3,-99.0,0.0,-9.9,-99,-999,좐잠찏,17,엱젒욠,220
23.4664,120.5460,엱젒,C0M720,2017-01-31T00:00:00+08:00,225.0,320.0,0.9,14.9,0.89,992.0,-99.0,0.0,-9.9,-99,-999,좐잠찏,17,엱젒욠,220
23.4664,120.5460,엱젒,C0M720,2017-01-31T01:00:00+08:00,225.0,300.0,1.3,14.3,0.91,991.6,-99.0,0.0,-9.9,-99,-999,좐잠찏,17,엱젒욠,220
23.4664,120.5460,엱젒,C0M720,2017-01-31T02:00:00+08:00,225.0,304.0,1.6,13.5,0.93,991.4,-99.0,0.0,-9.9,-99,-999,좐잠찏,17,엱젒욠,220
23.4664,120.5460,엱젒,C0M720,2017-01-31T03:00:00+08:00,225.0,290.0,0.8,13.5,0.93,991.2,-99.0,0.0,-9.9,-99,-999,좐잠찏,17,엱젒욠,220
23.4664,120.5460,엱젒,C0M720,2017-01-31T04:00:00+08:00,225.0,287.0,0.5,12.7,0.96,991.3,-99.0,0.0,-9.9,-99,-999,좐잠찏,17,엱젒욠,220
23.4664,120.5460,엱젒,C0M720,2017-01-31T05:00:00+08:00,225.0,0.0,0.0,12.9,0.96,991.5,-99.0,0.0,-9.9,-99,-999,좐잠찏,17,엱젒욠,220
23.4664,120.5460,엱젒,C0M720,2017-01-31T06:00:00+08:00,225.0,303.0,0.5,12.6,0.97,992.0,-99.0,0.0,-9.9,-99,-999,좐잠찏,17,엱젒욠,220
23.4664,120.5460,엱젒,C0M720,2017-01-31T07:00:00+08:00,225.0,280.0,0.6,12.9,0.96,992.6,-99.0,0.0,-9.9,-99,-999,좐잠찏,17,엱젒욠,220
