23.5535,120.4203,チ动,C0M760,2017-01-10T11:00:00+08:00,40.0,334.0,1.6,20.7,0.62,1014.7,-99.0,0.0,-9.9,-99,-999,古q郡,17,チ动m,213
23.5535,120.4203,チ动,C0M760,2017-01-10T12:00:00+08:00,40.0,345.0,1.7,22.2,0.56,1013.9,-99.0,0.0,-9.9,-99,-999,古q郡,17,チ动m,213
23.5535,120.4203,チ动,C0M760,2017-01-10T13:00:00+08:00,40.0,22.0,1.4,22.6,0.55,1012.8,-99.0,0.0,-9.9,-99,-999,古q郡,17,チ动m,213
23.5535,120.4203,チ动,C0M760,2017-01-10T14:00:00+08:00,40.0,341.0,1.4,23.9,0.52,1011.8,-99.0,0.0,-9.9,-99,-999,古q郡,17,チ动m,213
23.5535,120.4203,チ动,C0M760,2017-01-10T15:00:00+08:00,40.0,338.0,2.0,24.1,0.53,1011.5,-99.0,0.0,-9.9,-99,-999,古q郡,17,チ动m,213
23.5535,120.4203,チ动,C0M760,2017-01-10T16:00:00+08:00,40.0,326.0,2.0,24.3,0.54,1011.8,-99.0,0.0,-9.9,-99,-999,古q郡,17,チ动m,213
23.5535,120.4203,チ动,C0M760,2017-01-10T17:00:00+08:00,40.0,332.0,1.4,23.2,0.63,1012.2,-99.0,0.0,-9.9,-99,-999,古q郡,17,チ动m,213
23.5535,120.4203,チ动,C0M760,2017-01-10T18:00:00+08:00,40.0,316.0,2.3,20.4,0.76,1012.9,-99.0,0.0,-9.9,-99,-999,古q郡,17,チ动m,213
23.5535,120.4203,チ动,C0M760,2017-01-10T19:00:00+08:00,40.0,359.0,2.0,19.0,0.81,1013.5,-99.0,0.0,-9.9,-99,-999,古q郡,17,チ动m,213
23.5535,120.4203,チ动,C0M760,2017-01-10T20:00:00+08:00,40.0,338.0,1.3,18.5,0.82,1014.2,-99.0,0.0,-9.9,-99,-999,古q郡,17,チ动m,213
23.5535,120.4203,チ动,C0M760,2017-01-10T21:00:00+08:00,40.0,342.0,1.2,18.1,0.83,1014.7,-99.0,0.0,-9.9,-99,-999,古q郡,17,チ动m,213
23.5535,120.4203,チ动,C0M760,2017-01-10T22:00:00+08:00,40.0,351.0,1.1,17.6,0.83,1015.0,-99.0,0.0,-9.9,-99,-999,古q郡,17,チ动m,213
23.5535,120.4203,チ动,C0M760,2017-01-10T23:00:00+08:00,40.0,40.0,0.9,17.3,0.82,1014.5,-99.0,0.0,-9.9,-99,-999,古q郡,17,チ动m,213
23.5535,120.4203,チ动,C0M760,2017-01-11T00:00:00+08:00,40.0,345.0,1.1,17.0,0.83,1014.3,-99.0,0.0,-9.9,-99,-999,古q郡,17,チ动m,213
23.5535,120.4203,チ动,C0M760,2017-01-11T01:00:00+08:00,40.0,53.0,0.9,16.7,0.84,1014.0,-99.0,0.0,-9.9,-99,-999,古q郡,17,チ动m,213
23.5535,120.4203,チ动,C0M760,2017-01-11T02:00:00+08:00,40.0,351.0,0.8,16.5,0.88,1013.7,-99.0,0.0,-9.9,-99,-999,古q郡,17,チ动m,213
23.5535,120.4203,チ动,C0M760,2017-01-11T03:00:00+08:00,40.0,345.0,1.2,16.2,0.87,1013.4,-99.0,0.0,-9.9,-99,-999,古q郡,17,チ动m,213
23.5535,120.4203,チ动,C0M760,2017-01-11T04:00:00+08:00,40.0,22.0,1.0,15.9,0.86,1013.5,-99.0,0.0,-9.9,-99,-999,古q郡,17,チ动m,213
23.5535,120.4203,チ动,C0M760,2017-01-11T05:00:00+08:00,40.0,71.0,0.5,15.6,0.89,1013.5,-99.0,0.0,-9.9,-99,-999,古q郡,17,チ动m,213
23.5535,120.4203,チ动,C0M760,2017-01-11T06:00:00+08:00,40.0,53.0,0.4,15.6,0.90,1013.9,-99.0,0.0,-9.9,-99,-999,古q郡,17,チ动m,213
23.5535,120.4203,チ动,C0M760,2017-01-11T07:00:00+08:00,40.0,17.0,0.5,15.7,0.88,1014.3,-99.0,0.0,-9.9,-99,-999,古q郡,17,チ动m,213
23.5535,120.4203,チ动,C0M760,2017-01-11T08:00:00+08:00,40.0,24.0,1.0,16.5,0.84,1014.7,-99.0,0.0,-9.9,-99,-999,古q郡,17,チ动m,213
23.5535,120.4203,チ动,C0M760,2017-01-11T09:00:00+08:00,40.0,356.0,1.0,17.9,0.79,1015.3,-99.0,0.0,-9.9,-99,-999,古q郡,17,チ动m,213
23.5535,120.4203,チ动,C0M760,2017-01-11T10:00:00+08:00,40.0,345.0,0.9,20.1,0.69,1015.1,-99.0,0.0,-9.9,-99,-999,古q郡,17,チ动m,213
23.5535,120.4203,チ动,C0M760,2017-01-11T11:00:00+08:00,40.0,303.0,1.1,22.1,0.59,1014.3,-99.0,0.0,-9.9,-99,-999,古q郡,17,チ动m,213
23.5535,120.4203,チ动,C0M760,2017-01-11T12:00:00+08:00,40.0,337.0,2.0,22.6,0.57,1012.9,-99.0,0.0,-9.9,-99,-999,古q郡,17,チ动m,213
23.5535,120.4203,チ动,C0M760,2017-01-11T13:00:00+08:00,40.0,341.0,1.0,24.3,0.50,1011.4,-99.0,0.0,-9.9,-99,-999,古q郡,17,チ动m,213
23.5535,120.4203,チ动,C0M760,2017-01-11T14:00:00+08:00,40.0,336.0,1.5,24.9,0.50,1010.6,-99.0,0.0,-9.9,-99,-999,古q郡,17,チ动m,213
23.5535,120.4203,チ动,C0M760,2017-01-11T15:00:00+08:00,40.0,304.0,3.1,24.2,0.63,1009.9,-99.0,0.0,-9.9,-99,-999,古q郡,17,チ动m,213
23.5535,120.4203,チ动,C0M760,2017-01-11T16:00:00+08:00,40.0,320.0,3.4,23.1,0.66,1010.2,-99.0,0.0,-9.9,-99,-999,古q郡,17,チ动m,213
23.5535,120.4203,チ动,C0M760,2017-01-11T17:00:00+08:00,40.0,346.0,2.2,21.6,0.71,1011.0,-99.0,0.0,-9.9,-99,-999,古q郡,17,チ动m,213
23.5535,120.4203,チ动,C0M760,2017-01-11T18:00:00+08:00,40.0,340.0,1.9,20.3,0.79,1011.9,-99.0,0.0,-9.9,-99,-999,古q郡,17,チ动m,213
23.5535,120.4203,チ动,C0M760,2017-01-11T19:00:00+08:00,40.0,323.0,2.5,19.5,0.82,1012.6,-99.0,0.0,-9.9,-99,-999,古q郡,17,チ动m,213
23.5535,120.4203,チ动,C0M760,2017-01-11T20:00:00+08:00,40.0,352.0,1.2,19.1,0.85,1013.2,-99.0,0.0,-9.9,-99,-999,古q郡,17,チ动m,213
23.5535,120.4203,チ动,C0M760,2017-01-11T21:00:00+08:00,40.0,328.0,1.3,19.2,0.86,1013.5,-99.0,0.0,-9.9,-99,-999,古q郡,17,チ动m,213
23.5535,120.4203,チ动,C0M760,2017-01-11T22:00:00+08:00,40.0,337.0,1.0,19.0,0.87,1013.9,-99.0,0.0,-9.9,-99,-999,古q郡,17,チ动m,213
23.5535,120.4203,チ动,C0M760,2017-01-11T23:00:00+08:00,40.0,18.0,1.0,19.1,0.86,1013.8,-99.0,0.0,-9.9,-99,-999,古q郡,17,チ动m,213
23.5535,120.4203,チ动,C0M760,2017-01-12T00:00:00+08:00,40.0,9.0,0.6,19.0,0.87,1013.2,-99.0,0.0,-9.9,-99,-999,古q郡,17,チ动m,213
23.5535,120.4203,チ动,C0M760,2017-01-12T01:00:00+08:00,40.0,331.0,0.5,18.8,0.89,1012.7,-99.0,0.0,-9.9,-99,-999,古q郡,17,チ动m,213
23.5535,120.4203,チ动,C0M760,2017-01-12T02:00:00+08:00,40.0,354.0,0.7,18.8,0.89,1012.4,-99.0,0.0,-9.9,-99,-999,古q郡,17,チ动m,213
23.5535,120.4203,チ动,C0M760,2017-01-12T03:00:00+08:00,40.0,92.0,0.4,18.8,0.90,1011.9,-99.0,0.0,-9.9,-99,-999,古q郡,17,チ动m,213
23.5535,120.4203,チ动,C0M760,2017-01-12T04:00:00+08:00,40.0,323.0,1.0,18.5,0.91,1011.8,-99.0,0.0,-9.9,-99,-999,古q郡,17,チ动m,213
23.5535,120.4203,チ动,C0M760,2017-01-12T05:00:00+08:00,40.0,2.0,0.7,18.3,0.91,1011.8,-99.0,0.0,-9.9,-99,-999,古q郡,17,チ动m,213
23.5535,120.4203,チ动,C0M760,2017-01-12T06:00:00+08:00,40.0,358.0,0.9,18.1,0.92,1011.7,-99.0,0.0,-9.9,-99,-999,古q郡,17,チ动m,213
23.5535,120.4203,チ动,C0M760,2017-01-12T07:00:00+08:00,40.0,28.0,1.3,17.9,0.92,1011.8,-99.0,0.0,-9.9,-99,-999,古q郡,17,チ动m,213
23.5535,120.4203,チ动,C0M760,2017-01-12T08:00:00+08:00,40.0,42.0,1.1,18.5,0.90,1011.5,-99.0,0.0,-9.9,-99,-999,古q郡,17,チ动m,213
23.5535,120.4203,チ动,C0M760,2017-01-12T09:00:00+08:00,40.0,341.0,1.3,19.9,0.84,1011.4,-99.0,0.0,-9.9,-99,-999,古q郡,17,チ动m,213
23.5535,120.4203,チ动,C0M760,2017-01-12T10:00:00+08:00,40.0,307.0,1.9,20.6,0.80,1012.0,-99.0,0.0,-9.9,-99,-999,古q郡,17,チ动m,213
23.5535,120.4203,チ动,C0M760,2017-01-12T11:00:00+08:00,40.0,331.0,1.7,21.6,0.76,1011.3,-99.0,0.0,-9.9,-99,-999,古q郡,17,チ动m,213
23.5535,120.4203,チ动,C0M760,2017-01-12T12:00:00+08:00,40.0,322.0,1.7,22.8,0.71,1010.3,-99.0,0.0,-9.9,-99,-999,古q郡,17,チ动m,213
23.5535,120.4203,チ动,C0M760,2017-01-12T13:00:00+08:00,40.0,335.0,1.7,23.3,0.69,1009.3,-99.0,0.0,-9.9,-99,-999,古q郡,17,チ动m,213
23.5535,120.4203,チ动,C0M760,2017-01-12T14:00:00+08:00,40.0,16.0,1.2,23.7,0.66,1008.5,-99.0,0.0,-9.9,-99,-999,古q郡,17,チ动m,213
23.5535,120.4203,チ动,C0M760,2017-01-12T15:00:00+08:00,40.0,335.0,2.4,23.2,0.74,1008.1,-99.0,0.0,-9.9,-99,-999,古q郡,17,チ动m,213
23.5535,120.4203,チ动,C0M760,2017-01-12T16:00:00+08:00,40.0,322.0,3.0,21.9,0.79,1008.4,-99.0,0.0,-9.9,-99,-999,古q郡,17,チ动m,213
23.5535,120.4203,チ动,C0M760,2017-01-12T17:00:00+08:00,40.0,338.0,2.8,20.1,0.86,1008.9,-99.0,0.0,-9.9,-99,-999,古q郡,17,チ动m,213
23.5535,120.4203,チ动,C0M760,2017-01-12T18:00:00+08:00,40.0,354.0,2.8,19.1,0.91,1009.4,-99.0,0.0,-9.9,-99,-999,古q郡,17,チ动m,213
23.5535,120.4203,チ动,C0M760,2017-01-12T19:00:00+08:00,40.0,2.0,2.2,18.8,0.91,1009.9,-99.0,0.0,-9.9,-99,-999,古q郡,17,チ动m,213
23.5535,120.4203,チ动,C0M760,2017-01-12T20:00:00+08:00,40.0,354.0,2.1,18.8,0.92,1010.5,-99.0,0.0,-9.9,-99,-999,古q郡,17,チ动m,213
23.5535,120.4203,チ动,C0M760,2017-01-12T21:00:00+08:00,40.0,11.0,1.9,18.7,0.92,1010.7,-99.0,0.0,-9.9,-99,-999,古q郡,17,チ动m,213
23.5535,120.4203,チ动,C0M760,2017-01-12T22:00:00+08:00,40.0,3.0,1.7,18.7,0.92,1010.6,-99.0,0.0,-9.9,-99,-999,古q郡,17,チ动m,213
23.5535,120.4203,チ动,C0M760,2017-01-12T23:00:00+08:00,40.0,337.0,1.2,18.7,0.93,1010.6,-99.0,0.0,-9.9,-99,-999,古q郡,17,チ动m,213
23.5535,120.4203,チ动,C0M760,2017-01-13T00:00:00+08:00,40.0,355.0,0.9,18.7,0.93,1010.2,-99.0,0.0,-9.9,-99,-999,古q郡,17,チ动m,213
23.5535,120.4203,チ动,C0M760,2017-01-13T01:00:00+08:00,40.0,22.0,0.6,18.9,0.93,1009.9,-99.0,0.0,-9.9,-99,-999,古q郡,17,チ动m,213
23.5535,120.4203,チ动,C0M760,2017-01-13T02:00:00+08:00,40.0,353.0,1.6,18.8,0.94,1010.0,-99.0,0.0,-9.9,-99,-999,古q郡,17,チ动m,213
23.5535,120.4203,チ动,C0M760,2017-01-13T03:00:00+08:00,40.0,357.0,0.9,18.9,0.93,1009.5,-99.0,0.0,-9.9,-99,-999,古q郡,17,チ动m,213
23.5535,120.4203,チ动,C0M760,2017-01-13T04:00:00+08:00,40.0,344.0,2.0,18.9,0.93,1009.3,-99.0,0.0,-9.9,-99,-999,古q郡,17,チ动m,213
23.5535,120.4203,チ动,C0M760,2017-01-13T05:00:00+08:00,40.0,4.0,1.0,18.9,0.92,1008.8,-99.0,0.0,-9.9,-99,-999,古q郡,17,チ动m,213
23.5535,120.4203,チ动,C0M760,2017-01-13T06:00:00+08:00,40.0,334.0,1.8,18.8,0.92,1009.2,-99.0,0.0,-9.9,-99,-999,古q郡,17,チ动m,213
23.5535,120.4203,チ动,C0M760,2017-01-13T07:00:00+08:00,40.0,358.0,1.9,18.4,0.90,1009.6,-99.0,0.0,-9.9,-99,-999,古q郡,17,チ动m,213
23.5535,120.4203,チ动,C0M760,2017-01-13T08:00:00+08:00,40.0,332.0,1.9,18.7,0.88,1010.5,-99.0,0.0,-9.9,-99,-999,古q郡,17,チ动m,213
23.5535,120.4203,チ动,C0M760,2017-01-13T09:00:00+08:00,40.0,358.0,1.9,18.7,0.85,1010.8,-99.0,0.0,-9.9,-99,-999,古q郡,17,チ动m,213
23.5535,120.4203,チ动,C0M760,2017-01-13T10:00:00+08:00,40.0,345.0,2.1,19.3,0.82,1011.0,-99.0,0.0,-9.9,-99,-999,古q郡,17,チ动m,213
23.5535,120.4203,チ动,C0M760,2017-01-13T11:00:00+08:00,40.0,359.0,1.7,20.1,0.76,1010.3,-99.0,0.0,-9.9,-99,-999,古q郡,17,チ动m,213
23.5535,120.4203,チ动,C0M760,2017-01-13T12:00:00+08:00,40.0,342.0,1.9,21.2,0.75,1009.2,-99.0,0.0,-9.9,-99,-999,古q郡,17,チ动m,213
23.5535,120.4203,チ动,C0M760,2017-01-13T13:00:00+08:00,40.0,21.0,1.1,21.8,0.72,1008.3,-99.0,0.0,-9.9,-99,-999,古q郡,17,チ动m,213
23.5535,120.4203,チ动,C0M760,2017-01-13T14:00:00+08:00,40.0,330.0,2.7,21.4,0.70,1008.2,-99.0,0.0,-9.9,-99,-999,古q郡,17,チ动m,213
23.5535,120.4203,チ动,C0M760,2017-01-13T15:00:00+08:00,40.0,9.0,2.4,19.9,0.72,1008.3,-99.0,0.0,-9.9,-99,-999,古q郡,17,チ动m,213
23.5535,120.4203,チ动,C0M760,2017-01-13T16:00:00+08:00,40.0,358.0,2.7,19.2,0.74,1008.7,-99.0,0.0,-9.9,-99,-999,古q郡,17,チ动m,213
23.5535,120.4203,チ动,C0M760,2017-01-13T17:00:00+08:00,40.0,354.0,2.2,17.9,0.79,1008.9,-99.0,0.0,-9.9,-99,-999,古q郡,17,チ动m,213
23.5535,120.4203,チ动,C0M760,2017-01-13T18:00:00+08:00,40.0,354.0,2.3,17.6,0.80,1009.5,-99.0,0.0,-9.9,-99,-999,古q郡,17,チ动m,213
23.5535,120.4203,チ动,C0M760,2017-01-13T19:00:00+08:00,40.0,7.0,2.4,17.0,0.83,1009.7,-99.0,0.0,-9.9,-99,-999,古q郡,17,チ动m,213
23.5535,120.4203,チ动,C0M760,2017-01-13T20:00:00+08:00,40.0,355.0,2.3,16.5,0.85,1010.3,-99.0,0.0,-9.9,-99,-999,古q郡,17,チ动m,213
23.5535,120.4203,チ动,C0M760,2017-01-13T21:00:00+08:00,40.0,350.0,2.4,15.8,0.90,1011.0,-99.0,0.0,-9.9,-99,-999,古q郡,17,チ动m,213
23.5535,120.4203,チ动,C0M760,2017-01-13T22:00:00+08:00,40.0,3.0,2.1,15.7,0.91,1011.3,-99.0,0.0,-9.9,-99,-999,古q郡,17,チ动m,213
23.5535,120.4203,チ动,C0M760,2017-01-13T23:00:00+08:00,40.0,344.0,2.2,15.6,0.91,1010.9,-99.0,0.0,-9.9,-99,-999,古q郡,17,チ动m,213
23.5535,120.4203,チ动,C0M760,2017-01-14T00:00:00+08:00,40.0,7.0,1.8,15.4,0.91,1011.0,-99.0,0.0,-9.9,-99,-999,古q郡,17,チ动m,213
23.5535,120.4203,チ动,C0M760,2017-01-14T01:00:00+08:00,40.0,4.0,1.2,15.4,0.92,1011.0,-99.0,0.0,-9.9,-99,-999,古q郡,17,チ动m,213
23.5535,120.4203,チ动,C0M760,2017-01-14T02:00:00+08:00,40.0,349.0,1.4,15.5,0.90,1010.7,-99.0,0.0,-9.9,-99,-999,古q郡,17,チ动m,213
23.5535,120.4203,チ动,C0M760,2017-01-14T03:00:00+08:00,40.0,18.0,1.8,14.8,0.94,1010.8,-99.0,0.0,-9.9,-99,-999,古q郡,17,チ动m,213
23.5535,120.4203,チ动,C0M760,2017-01-14T04:00:00+08:00,40.0,4.0,2.0,14.6,0.96,1010.7,-99.0,0.0,-9.9,-99,-999,古q郡,17,チ动m,213
23.5535,120.4203,チ动,C0M760,2017-01-14T05:00:00+08:00,40.0,2.0,1.9,14.6,0.96,1010.8,-99.0,0.0,-9.9,-99,-999,古q郡,17,チ动m,213
23.5535,120.4203,チ动,C0M760,2017-01-14T06:00:00+08:00,40.0,350.0,2.0,14.2,0.95,1011.6,-99.0,0.0,-9.9,-99,-999,古q郡,17,チ动m,213
23.5535,120.4203,チ动,C0M760,2017-01-14T07:00:00+08:00,40.0,354.0,2.2,13.9,0.95,1012.1,-99.0,0.0,-9.9,-99,-999,古q郡,17,チ动m,213
23.5535,120.4203,チ动,C0M760,2017-01-14T08:00:00+08:00,40.0,356.0,2.3,13.4,0.96,1013.0,-99.0,0.5,-9.9,-99,-999,古q郡,17,チ动m,213
23.5535,120.4203,チ动,C0M760,2017-01-14T10:00:00+08:00,40.0,354.0,2.3,13.3,0.97,1014.1,-99.0,2.5,-9.9,-99,-999,古q郡,17,チ动m,213
23.5535,120.4203,チ动,C0M760,2017-01-14T11:00:00+08:00,40.0,339.0,1.6,13.5,0.98,1013.4,-99.0,3.0,-9.9,-99,-999,古q郡,17,チ动m,213
23.5535,120.4203,チ动,C0M760,2017-01-14T12:00:00+08:00,40.0,345.0,2.1,13.9,0.95,1012.6,-99.0,3.0,-9.9,-99,-999,古q郡,17,チ动m,213
23.5535,120.4203,チ动,C0M760,2017-01-14T13:00:00+08:00,40.0,29.0,1.5,15.2,0.90,1011.7,-99.0,3.0,-9.9,-99,-999,古q郡,17,チ动m,213
23.5535,120.4203,チ动,C0M760,2017-01-14T14:00:00+08:00,40.0,15.0,2.1,16.4,0.85,1010.7,-99.0,3.0,-9.9,-99,-999,古q郡,17,チ动m,213
23.5535,120.4203,チ动,C0M760,2017-01-14T15:00:00+08:00,40.0,355.0,1.4,17.2,0.85,1010.8,-99.0,3.0,-9.9,-99,-999,古q郡,17,チ动m,213
23.5535,120.4203,チ动,C0M760,2017-01-14T16:00:00+08:00,40.0,65.0,1.2,17.7,0.83,1011.0,-99.0,3.0,-9.9,-99,-999,古q郡,17,チ动m,213
23.5535,120.4203,チ动,C0M760,2017-01-14T17:00:00+08:00,40.0,57.0,0.7,17.7,0.85,1011.3,-99.0,3.0,-9.9,-99,-999,古q郡,17,チ动m,213
23.5535,120.4203,チ动,C0M760,2017-01-14T18:00:00+08:00,40.0,325.0,2.3,17.5,0.76,1012.5,-99.0,3.0,-9.9,-99,-999,古q郡,17,チ动m,213
23.5535,120.4203,チ动,C0M760,2017-01-14T19:00:00+08:00,40.0,335.0,1.9,16.7,0.76,1013.4,-99.0,3.0,-9.9,-99,-999,古q郡,17,チ动m,213
23.5535,120.4203,チ动,C0M760,2017-01-14T20:00:00+08:00,40.0,349.0,1.5,16.3,0.77,1013.8,-99.0,3.0,-9.9,-99,-999,古q郡,17,チ动m,213
23.5535,120.4203,チ动,C0M760,2017-01-14T21:00:00+08:00,40.0,354.0,1.3,16.0,0.75,1014.1,-99.0,3.0,-9.9,-99,-999,古q郡,17,チ动m,213
23.5535,120.4203,チ动,C0M760,2017-01-14T22:00:00+08:00,40.0,357.0,1.6,15.9,0.78,1014.2,-99.0,3.0,-9.9,-99,-999,古q郡,17,チ动m,213
23.5535,120.4203,チ动,C0M760,2017-01-14T23:00:00+08:00,40.0,357.0,1.6,15.7,0.77,1014.2,-99.0,3.0,-9.9,-99,-999,古q郡,17,チ动m,213
23.5535,120.4203,チ动,C0M760,2017-01-15T00:00:00+08:00,40.0,2.0,1.1,15.7,0.78,1014.5,-99.0,3.0,-9.9,-99,-999,古q郡,17,チ动m,213
23.5535,120.4203,チ动,C0M760,2017-01-15T01:00:00+08:00,40.0,20.0,0.5,15.7,0.79,1014.5,-99.0,0.0,-9.9,-99,-999,古q郡,17,チ动m,213
23.5535,120.4203,チ动,C0M760,2017-01-15T02:00:00+08:00,40.0,347.0,1.5,15.4,0.81,1014.4,-99.0,0.0,-9.9,-99,-999,古q郡,17,チ动m,213
23.5535,120.4203,チ动,C0M760,2017-01-15T03:00:00+08:00,40.0,332.0,1.4,15.3,0.85,1013.8,-99.0,0.0,-9.9,-99,-999,古q郡,17,チ动m,213
23.5535,120.4203,チ动,C0M760,2017-01-15T04:00:00+08:00,40.0,4.0,1.7,14.7,0.85,1013.4,-99.0,0.0,-9.9,-99,-999,古q郡,17,チ动m,213
23.5535,120.4203,チ动,C0M760,2017-01-15T05:00:00+08:00,40.0,337.0,1.2,14.7,0.87,1013.7,-99.0,0.0,-9.9,-99,-999,古q郡,17,チ动m,213
23.5535,120.4203,チ动,C0M760,2017-01-15T06:00:00+08:00,40.0,346.0,1.2,14.5,0.89,1014.2,-99.0,0.0,-9.9,-99,-999,古q郡,17,チ动m,213
23.5535,120.4203,チ动,C0M760,2017-01-15T07:00:00+08:00,40.0,331.0,2.2,14.3,0.88,1014.9,-99.0,0.0,-9.9,-99,-999,古q郡,17,チ动m,213
23.5535,120.4203,チ动,C0M760,2017-01-15T08:00:00+08:00,40.0,30.0,1.6,15.0,0.83,1015.6,-99.0,0.0,-9.9,-99,-999,古q郡,17,チ动m,213
23.5535,120.4203,チ动,C0M760,2017-01-15T09:00:00+08:00,40.0,346.0,1.5,15.4,0.82,1016.2,-99.0,0.0,-9.9,-99,-999,古q郡,17,チ动m,213
23.5535,120.4203,チ动,C0M760,2017-01-15T10:00:00+08:00,40.0,10.0,1.3,15.8,0.79,1016.1,-99.0,0.0,-9.9,-99,-999,古q郡,17,チ动m,213
23.5535,120.4203,チ动,C0M760,2017-01-15T11:00:00+08:00,40.0,338.0,2.1,16.3,0.75,1015.7,-99.0,0.0,-9.9,-99,-999,古q郡,17,チ动m,213
23.5535,120.4203,チ动,C0M760,2017-01-15T12:00:00+08:00,40.0,30.0,1.2,18.0,0.72,1014.7,-99.0,0.0,-9.9,-99,-999,古q郡,17,チ动m,213
23.5535,120.4203,チ动,C0M760,2017-01-15T13:00:00+08:00,40.0,21.0,1.8,17.7,0.74,1014.0,-99.0,0.0,-9.9,-99,-999,古q郡,17,チ动m,213
23.5535,120.4203,チ动,C0M760,2017-01-15T14:00:00+08:00,40.0,336.0,1.9,18.7,0.72,1013.1,-99.0,0.0,-9.9,-99,-999,古q郡,17,チ动m,213
23.5535,120.4203,チ动,C0M760,2017-01-15T15:00:00+08:00,40.0,41.0,1.8,19.1,0.72,1012.9,-99.0,0.0,-9.9,-99,-999,古q郡,17,チ动m,213
23.5535,120.4203,チ动,C0M760,2017-01-15T16:00:00+08:00,40.0,350.0,1.8,19.4,0.70,1013.1,-99.0,0.0,-9.9,-99,-999,古q郡,17,チ动m,213
23.5535,120.4203,チ动,C0M760,2017-01-15T17:00:00+08:00,40.0,3.0,1.9,18.5,0.72,1013.1,-99.0,0.0,-9.9,-99,-999,古q郡,17,チ动m,213
23.5535,120.4203,チ动,C0M760,2017-01-15T18:00:00+08:00,40.0,341.0,2.4,17.3,0.74,1013.9,-99.0,0.0,-9.9,-99,-999,古q郡,17,チ动m,213
23.5535,120.4203,チ动,C0M760,2017-01-15T19:00:00+08:00,40.0,359.0,2.2,16.4,0.74,1014.5,-99.0,0.0,-9.9,-99,-999,古q郡,17,チ动m,213
23.5535,120.4203,チ动,C0M760,2017-01-15T20:00:00+08:00,40.0,1.0,2.1,16.0,0.76,1015.1,-99.0,0.0,-9.9,-99,-999,古q郡,17,チ动m,213
23.5535,120.4203,チ动,C0M760,2017-01-15T21:00:00+08:00,40.0,323.0,2.0,15.5,0.78,1015.4,-99.0,0.0,-9.9,-99,-999,古q郡,17,チ动m,213
23.5535,120.4203,チ动,C0M760,2017-01-15T22:00:00+08:00,40.0,20.0,1.6,15.1,0.80,1015.3,-99.0,0.0,-9.9,-99,-999,古q郡,17,チ动m,213
23.5535,120.4203,チ动,C0M760,2017-01-15T23:00:00+08:00,40.0,6.0,1.3,15.1,0.81,1015.3,-99.0,0.0,-9.9,-99,-999,古q郡,17,チ动m,213
23.5535,120.4203,チ动,C0M760,2017-01-16T00:00:00+08:00,40.0,340.0,1.6,15.0,0.81,1015.7,-99.0,0.0,-9.9,-99,-999,古q郡,17,チ动m,213
23.5535,120.4203,チ动,C0M760,2017-01-16T01:00:00+08:00,40.0,10.0,1.2,14.9,0.81,1015.5,-99.0,0.0,-9.9,-99,-999,古q郡,17,チ动m,213
23.5535,120.4203,チ动,C0M760,2017-01-16T02:00:00+08:00,40.0,14.0,1.6,14.9,0.81,1015.0,-99.0,0.0,-9.9,-99,-999,古q郡,17,チ动m,213
23.5535,120.4203,チ动,C0M760,2017-01-16T03:00:00+08:00,40.0,29.0,1.1,15.1,0.81,1014.6,-99.0,0.0,-9.9,-99,-999,古q郡,17,チ动m,213
23.5535,120.4203,チ动,C0M760,2017-01-16T04:00:00+08:00,40.0,324.0,1.9,14.9,0.84,1014.9,-99.0,0.0,-9.9,-99,-999,古q郡,17,チ动m,213
23.5535,120.4203,チ动,C0M760,2017-01-16T05:00:00+08:00,40.0,355.0,2.6,14.3,0.89,1015.0,-99.0,0.0,-9.9,-99,-999,古q郡,17,チ动m,213
23.5535,120.4203,チ动,C0M760,2017-01-16T06:00:00+08:00,40.0,24.0,1.6,14.5,0.88,1015.4,-99.0,0.0,-9.9,-99,-999,古q郡,17,チ动m,213
23.5535,120.4203,チ动,C0M760,2017-01-16T07:00:00+08:00,40.0,346.0,1.3,14.4,0.90,1015.5,-99.0,0.0,-9.9,-99,-999,古q郡,17,チ动m,213
23.5535,120.4203,チ动,C0M760,2017-01-16T08:00:00+08:00,40.0,347.0,1.7,14.9,0.87,1015.7,-99.0,0.0,-9.9,-99,-999,古q郡,17,チ动m,213
23.5535,120.4203,チ动,C0M760,2017-01-16T10:00:00+08:00,40.0,323.0,1.7,16.6,0.80,1016.3,-99.0,0.0,-9.9,-99,-999,古q郡,17,チ动m,213
23.5535,120.4203,チ动,C0M760,2017-01-16T11:00:00+08:00,40.0,3.0,1.1,17.7,0.75,1015.9,-99.0,0.0,-9.9,-99,-999,古q郡,17,チ动m,213
23.5535,120.4203,チ动,C0M760,2017-01-16T12:00:00+08:00,40.0,347.0,1.1,18.0,0.72,1015.1,-99.0,0.0,-9.9,-99,-999,古q郡,17,チ动m,213
23.5535,120.4203,チ动,C0M760,2017-01-16T13:00:00+08:00,40.0,325.0,1.8,18.9,0.68,1013.9,-99.0,0.0,-9.9,-99,-999,古q郡,17,チ动m,213
23.5535,120.4203,チ动,C0M760,2017-01-16T14:00:00+08:00,40.0,296.0,1.8,19.7,0.65,1012.8,-99.0,0.0,-9.9,-99,-999,古q郡,17,チ动m,213
23.5535,120.4203,チ动,C0M760,2017-01-16T15:00:00+08:00,40.0,335.0,1.4,20.9,0.61,1012.4,-99.0,0.0,-9.9,-99,-999,古q郡,17,チ动m,213
23.5535,120.4203,チ动,C0M760,2017-01-16T16:00:00+08:00,40.0,327.0,1.9,20.8,0.62,1012.5,-99.0,0.0,-9.9,-99,-999,古q郡,17,チ动m,213
23.5535,120.4203,チ动,C0M760,2017-01-16T17:00:00+08:00,40.0,330.0,2.1,20.3,0.64,1012.9,-99.0,0.0,-9.9,-99,-999,古q郡,17,チ动m,213
23.5535,120.4203,チ动,C0M760,2017-01-16T18:00:00+08:00,40.0,327.0,2.4,19.0,0.68,1013.6,-99.0,0.0,-9.9,-99,-999,古q郡,17,チ动m,213
23.5535,120.4203,チ动,C0M760,2017-01-16T19:00:00+08:00,40.0,338.0,1.6,17.9,0.73,1014.6,-99.0,0.0,-9.9,-99,-999,古q郡,17,チ动m,213
23.5535,120.4203,チ动,C0M760,2017-01-16T20:00:00+08:00,40.0,343.0,1.1,17.3,0.75,1015.2,-99.0,0.0,-9.9,-99,-999,古q郡,17,チ动m,213
23.5535,120.4203,チ动,C0M760,2017-01-16T21:00:00+08:00,40.0,332.0,1.3,16.4,0.79,1015.8,-99.0,0.0,-9.9,-99,-999,古q郡,17,チ动m,213
23.5535,120.4203,チ动,C0M760,2017-01-16T22:00:00+08:00,40.0,316.0,0.9,15.9,0.80,1016.2,-99.0,0.0,-9.9,-99,-999,古q郡,17,チ动m,213
23.5535,120.4203,チ动,C0M760,2017-01-16T23:00:00+08:00,40.0,338.0,1.0,15.8,0.80,1016.3,-99.0,0.0,-9.9,-99,-999,古q郡,17,チ动m,213
23.5535,120.4203,チ动,C0M760,2017-01-17T00:00:00+08:00,40.0,9.0,0.6,15.7,0.82,1016.1,-99.0,0.0,-9.9,-99,-999,古q郡,17,チ动m,213
23.5535,120.4203,チ动,C0M760,2017-01-17T01:00:00+08:00,40.0,54.0,0.5,15.2,0.85,1015.5,-99.0,0.0,-9.9,-99,-999,古q郡,17,チ动m,213
23.5535,120.4203,チ动,C0M760,2017-01-17T02:00:00+08:00,40.0,268.0,0.3,14.7,0.88,1016.0,-99.0,0.0,-9.9,-99,-999,古q郡,17,チ动m,213
23.5535,120.4203,チ动,C0M760,2017-01-17T03:00:00+08:00,40.0,305.0,1.6,15.0,0.86,1016.4,-99.0,0.0,-9.9,-99,-999,古q郡,17,チ动m,213
23.5535,120.4203,チ动,C0M760,2017-01-17T04:00:00+08:00,40.0,11.0,0.6,15.3,0.84,1015.8,-99.0,0.0,-9.9,-99,-999,古q郡,17,チ动m,213
23.5535,120.4203,チ动,C0M760,2017-01-17T05:00:00+08:00,40.0,42.0,0.7,15.9,0.84,1015.9,-99.0,0.0,-9.9,-99,-999,古q郡,17,チ动m,213
23.5535,120.4203,チ动,C0M760,2017-01-17T06:00:00+08:00,40.0,313.0,1.1,15.2,0.90,1016.1,-99.0,0.0,-9.9,-99,-999,古q郡,17,チ动m,213
23.5535,120.4203,チ动,C0M760,2017-01-17T07:00:00+08:00,40.0,5.0,1.1,14.8,0.90,1016.8,-99.0,0.0,-9.9,-99,-999,古q郡,17,チ动m,213
23.5535,120.4203,チ动,C0M760,2017-01-17T08:00:00+08:00,40.0,62.0,0.9,15.5,0.88,1017.3,-99.0,0.0,-9.9,-99,-999,古q郡,17,チ动m,213
23.5535,120.4203,チ动,C0M760,2017-01-17T09:00:00+08:00,40.0,343.0,1.9,16.8,0.81,1017.7,-99.0,0.0,-9.9,-99,-999,古q郡,17,チ动m,213
23.5535,120.4203,チ动,C0M760,2017-01-17T10:00:00+08:00,40.0,337.0,1.5,18.8,0.74,1017.7,-99.0,0.0,-9.9,-99,-999,古q郡,17,チ动m,213
23.5535,120.4203,チ动,C0M760,2017-01-17T11:00:00+08:00,40.0,335.0,2.1,20.5,0.66,1017.0,-99.0,0.0,-9.9,-99,-999,古q郡,17,チ动m,213
23.5535,120.4203,チ动,C0M760,2017-01-17T12:00:00+08:00,40.0,325.0,2.5,21.7,0.61,1016.0,-99.0,0.0,-9.9,-99,-999,古q郡,17,チ动m,213
23.5535,120.4203,チ动,C0M760,2017-01-17T13:00:00+08:00,40.0,332.0,2.3,22.4,0.60,1015.1,-99.0,0.0,-9.9,-99,-999,古q郡,17,チ动m,213
23.5535,120.4203,チ动,C0M760,2017-01-17T14:00:00+08:00,40.0,322.0,3.4,21.2,0.70,1014.7,-99.0,0.0,-9.9,-99,-999,古q郡,17,チ动m,213
23.5535,120.4203,チ动,C0M760,2017-01-17T15:00:00+08:00,40.0,329.0,3.7,20.9,0.70,1014.5,-99.0,0.0,-9.9,-99,-999,古q郡,17,チ动m,213
23.5535,120.4203,チ动,C0M760,2017-01-17T16:00:00+08:00,40.0,334.0,2.9,20.7,0.72,1014.9,-99.0,0.0,-9.9,-99,-999,古q郡,17,チ动m,213
23.5535,120.4203,チ动,C0M760,2017-01-17T17:00:00+08:00,40.0,340.0,2.3,20.3,0.72,1015.2,-99.0,0.0,-9.9,-99,-999,古q郡,17,チ动m,213
23.5535,120.4203,チ动,C0M760,2017-01-17T18:00:00+08:00,40.0,333.0,2.2,19.0,0.81,1015.8,-99.0,0.0,-9.9,-99,-999,古q郡,17,チ动m,213
23.5535,120.4203,チ动,C0M760,2017-01-17T19:00:00+08:00,40.0,360.0,1.8,18.2,0.85,1016.7,-99.0,0.0,-9.9,-99,-999,古q郡,17,チ动m,213
23.5535,120.4203,チ动,C0M760,2017-01-17T20:00:00+08:00,40.0,354.0,1.6,17.9,0.87,1017.2,-99.0,0.0,-9.9,-99,-999,古q郡,17,チ动m,213
23.5535,120.4203,チ动,C0M760,2017-01-17T21:00:00+08:00,40.0,350.0,1.6,17.4,0.91,1017.6,-99.0,0.0,-9.9,-99,-999,古q郡,17,チ动m,213
23.5535,120.4203,チ动,C0M760,2017-01-17T22:00:00+08:00,40.0,352.0,1.5,17.2,0.93,1017.9,-99.0,0.0,-9.9,-99,-999,古q郡,17,チ动m,213
23.5535,120.4203,チ动,C0M760,2017-01-17T23:00:00+08:00,40.0,358.0,0.7,17.2,0.93,1018.2,-99.0,0.0,-9.9,-99,-999,古q郡,17,チ动m,213
23.5535,120.4203,チ动,C0M760,2017-01-18T00:00:00+08:00,40.0,3.0,0.4,17.4,0.93,1018.1,-99.0,0.0,-9.9,-99,-999,古q郡,17,チ动m,213
23.5535,120.4203,チ动,C0M760,2017-01-18T01:00:00+08:00,40.0,326.0,0.7,17.5,0.93,1018.0,-99.0,0.0,-9.9,-99,-999,古q郡,17,チ动m,213
23.5535,120.4203,チ动,C0M760,2017-01-18T02:00:00+08:00,40.0,332.0,1.1,17.5,0.96,1018.0,-99.0,0.0,-9.9,-99,-999,古q郡,17,チ动m,213
23.5535,120.4203,チ动,C0M760,2017-01-18T03:00:00+08:00,40.0,30.0,1.0,17.6,0.95,1017.9,-99.0,0.0,-9.9,-99,-999,古q郡,17,チ动m,213
23.5535,120.4203,チ动,C0M760,2017-01-18T04:00:00+08:00,40.0,50.0,1.5,17.3,0.95,1017.8,-99.0,0.0,-9.9,-99,-999,古q郡,17,チ动m,213
23.5535,120.4203,チ动,C0M760,2017-01-18T05:00:00+08:00,40.0,18.0,1.6,17.4,0.95,1017.9,-99.0,0.0,-9.9,-99,-999,古q郡,17,チ动m,213
23.5535,120.4203,チ动,C0M760,2017-01-18T06:00:00+08:00,40.0,13.0,1.5,17.4,0.94,1018.0,-99.0,0.0,-9.9,-99,-999,古q郡,17,チ动m,213
23.5535,120.4203,チ动,C0M760,2017-01-18T07:00:00+08:00,40.0,8.0,1.0,17.5,0.93,1018.0,-99.0,0.0,-9.9,-99,-999,古q郡,17,チ动m,213
23.5535,120.4203,チ动,C0M760,2017-01-18T08:00:00+08:00,40.0,359.0,1.6,17.7,0.93,1018.7,-99.0,0.0,-9.9,-99,-999,古q郡,17,チ动m,213
23.5535,120.4203,チ动,C0M760,2017-01-18T10:00:00+08:00,40.0,356.0,2.3,19.4,0.82,1018.5,-99.0,0.0,-9.9,-99,-999,古q郡,17,チ动m,213
23.5535,120.4203,チ动,C0M760,2017-01-18T11:00:00+08:00,40.0,7.0,2.4,20.7,0.76,1017.8,-99.0,0.0,-9.9,-99,-999,古q郡,17,チ动m,213
23.5535,120.4203,チ动,C0M760,2017-01-18T12:00:00+08:00,40.0,59.0,1.4,22.8,0.67,1016.3,-99.0,0.0,-9.9,-99,-999,古q郡,17,チ动m,213
23.5535,120.4203,チ动,C0M760,2017-01-18T13:00:00+08:00,40.0,315.0,1.9,23.9,0.62,1015.1,-99.0,0.0,-9.9,-99,-999,古q郡,17,チ动m,213
23.5535,120.4203,チ动,C0M760,2017-01-18T14:00:00+08:00,40.0,302.0,3.7,23.3,0.71,1014.7,-99.0,0.0,-9.9,-99,-999,古q郡,17,チ动m,213
23.5535,120.4203,チ动,C0M760,2017-01-18T15:00:00+08:00,40.0,313.0,3.5,22.2,0.74,1014.8,-99.0,0.0,-9.9,-99,-999,古q郡,17,チ动m,213
23.5535,120.4203,チ动,C0M760,2017-01-18T16:00:00+08:00,40.0,342.0,3.1,21.6,0.76,1014.9,-99.0,0.0,-9.9,-99,-999,古q郡,17,チ动m,213
23.5535,120.4203,チ动,C0M760,2017-01-18T17:00:00+08:00,40.0,346.0,2.9,20.5,0.82,1015.2,-99.0,0.0,-9.9,-99,-999,古q郡,17,チ动m,213
23.5535,120.4203,チ动,C0M760,2017-01-18T18:00:00+08:00,40.0,355.0,2.5,19.9,0.85,1015.3,-99.0,0.0,-9.9,-99,-999,古q郡,17,チ动m,213
23.5535,120.4203,チ动,C0M760,2017-01-18T19:00:00+08:00,40.0,351.0,1.7,19.2,0.89,1015.9,-99.0,0.0,-9.9,-99,-999,古q郡,17,チ动m,213
23.5535,120.4203,チ动,C0M760,2017-01-18T20:00:00+08:00,40.0,330.0,1.5,18.5,0.92,1016.3,-99.0,0.0,-9.9,-99,-999,古q郡,17,チ动m,213
23.5535,120.4203,チ动,C0M760,2017-01-18T21:00:00+08:00,40.0,357.0,1.7,18.3,0.93,1016.9,-99.0,0.0,-9.9,-99,-999,古q郡,17,チ动m,213
23.5535,120.4203,チ动,C0M760,2017-01-18T22:00:00+08:00,40.0,20.0,1.4,18.3,0.93,1016.7,-99.0,0.0,-9.9,-99,-999,古q郡,17,チ动m,213
23.5535,120.4203,チ动,C0M760,2017-01-18T23:00:00+08:00,40.0,26.0,0.8,18.2,0.93,1016.7,-99.0,0.0,-9.9,-99,-999,古q郡,17,チ动m,213
23.5535,120.4203,チ动,C0M760,2017-01-19T00:00:00+08:00,40.0,4.0,0.9,18.0,0.94,1016.7,-99.0,0.0,-9.9,-99,-999,古q郡,17,チ动m,213
23.5535,120.4203,チ动,C0M760,2017-01-19T01:00:00+08:00,40.0,28.0,0.8,18.1,0.94,1016.5,-99.0,0.0,-9.9,-99,-999,古q郡,17,チ动m,213
23.5535,120.4203,チ动,C0M760,2017-01-19T02:00:00+08:00,40.0,0.0,0.0,17.9,0.95,1016.1,-99.0,0.0,-9.9,-99,-999,古q郡,17,チ动m,213
23.5535,120.4203,チ动,C0M760,2017-01-19T03:00:00+08:00,40.0,315.0,1.5,17.6,0.96,1016.3,-99.0,0.0,-9.9,-99,-999,古q郡,17,チ动m,213
23.5535,120.4203,チ动,C0M760,2017-01-19T04:00:00+08:00,40.0,11.0,1.4,18.0,0.95,1016.4,-99.0,0.0,-9.9,-99,-999,古q郡,17,チ动m,213
23.5535,120.4203,チ动,C0M760,2017-01-19T05:00:00+08:00,40.0,29.0,1.3,18.1,0.94,1016.3,-99.0,0.0,-9.9,-99,-999,古q郡,17,チ动m,213
23.5535,120.4203,チ动,C0M760,2017-01-19T06:00:00+08:00,40.0,15.0,0.3,17.9,0.95,1016.4,-99.0,0.0,-9.9,-99,-999,古q郡,17,チ动m,213
23.5535,120.4203,チ动,C0M760,2017-01-19T07:00:00+08:00,40.0,307.0,0.4,17.7,0.96,1016.8,-99.0,0.0,-9.9,-99,-999,古q郡,17,チ动m,213
23.5535,120.4203,チ动,C0M760,2017-01-19T08:00:00+08:00,40.0,26.0,1.4,18.2,0.93,1017.2,-99.0,0.0,-9.9,-99,-999,古q郡,17,チ动m,213
23.5535,120.4203,チ动,C0M760,2017-01-19T09:00:00+08:00,40.0,17.0,2.1,18.9,0.91,1017.4,-99.0,0.0,-9.9,-99,-999,古q郡,17,チ动m,213
23.5535,120.4203,チ动,C0M760,2017-01-19T10:00:00+08:00,40.0,36.0,1.3,21.4,0.76,1017.0,-99.0,0.0,-9.9,-99,-999,古q郡,17,チ动m,213
23.5535,120.4203,チ动,C0M760,2017-01-19T11:00:00+08:00,40.0,343.0,2.6,23.0,0.69,1016.5,-99.0,0.0,-9.9,-99,-999,古q郡,17,チ动m,213
23.5535,120.4203,チ动,C0M760,2017-01-19T12:00:00+08:00,40.0,354.0,2.4,25.0,0.58,1015.2,-99.0,0.0,-9.9,-99,-999,古q郡,17,チ动m,213
23.5535,120.4203,チ动,C0M760,2017-01-19T13:00:00+08:00,40.0,334.0,2.5,26.0,0.54,1013.8,-99.0,0.0,-9.9,-99,-999,古q郡,17,チ动m,213
23.5535,120.4203,チ动,C0M760,2017-01-19T14:00:00+08:00,40.0,320.0,2.3,26.1,0.61,1012.8,-99.0,0.0,-9.9,-99,-999,古q郡,17,チ动m,213
23.5535,120.4203,チ动,C0M760,2017-01-19T15:00:00+08:00,40.0,320.0,2.7,25.8,0.59,1012.6,-99.0,0.0,-9.9,-99,-999,古q郡,17,チ动m,213
23.5535,120.4203,チ动,C0M760,2017-01-19T16:00:00+08:00,40.0,327.0,3.0,22.9,0.72,1012.8,-99.0,0.0,-9.9,-99,-999,古q郡,17,チ动m,213
23.5535,120.4203,チ动,C0M760,2017-01-19T17:00:00+08:00,40.0,355.0,2.9,21.3,0.79,1013.3,-99.0,0.0,-9.9,-99,-999,古q郡,17,チ动m,213
23.5535,120.4203,チ动,C0M760,2017-01-19T18:00:00+08:00,40.0,353.0,2.1,20.1,0.84,1013.9,-99.0,0.0,-9.9,-99,-999,古q郡,17,チ动m,213
23.5535,120.4203,チ动,C0M760,2017-01-19T19:00:00+08:00,40.0,345.0,1.9,19.4,0.86,1014.2,-99.0,0.0,-9.9,-99,-999,古q郡,17,チ动m,213
23.5535,120.4203,チ动,C0M760,2017-01-19T20:00:00+08:00,40.0,6.0,1.6,19.0,0.87,1014.7,-99.0,0.0,-9.9,-99,-999,古q郡,17,チ动m,213
23.5535,120.4203,チ动,C0M760,2017-01-19T21:00:00+08:00,40.0,360.0,2.0,18.5,0.88,1015.0,-99.0,0.0,-9.9,-99,-999,古q郡,17,チ动m,213
23.5535,120.4203,チ动,C0M760,2017-01-19T22:00:00+08:00,40.0,7.0,1.3,18.3,0.90,1015.1,-99.0,0.0,-9.9,-99,-999,古q郡,17,チ动m,213
23.5535,120.4203,チ动,C0M760,2017-01-19T23:00:00+08:00,40.0,1.0,1.5,17.9,0.91,1015.2,-99.0,0.0,-9.9,-99,-999,古q郡,17,チ动m,213
23.5535,120.4203,チ动,C0M760,2017-01-20T00:00:00+08:00,40.0,355.0,1.3,17.6,0.92,1015.2,-99.0,0.0,-9.9,-99,-999,古q郡,17,チ动m,213
23.5535,120.4203,チ动,C0M760,2017-01-20T01:00:00+08:00,40.0,345.0,1.4,17.3,0.94,1015.4,-99.0,0.0,-9.9,-99,-999,古q郡,17,チ动m,213
23.5535,120.4203,チ动,C0M760,2017-01-20T02:00:00+08:00,40.0,358.0,2.4,17.2,0.93,1015.5,-99.0,0.0,-9.9,-99,-999,古q郡,17,チ动m,213
23.5535,120.4203,チ动,C0M760,2017-01-20T03:00:00+08:00,40.0,8.0,1.4,17.1,0.94,1015.3,-99.0,0.0,-9.9,-99,-999,古q郡,17,チ动m,213
23.5535,120.4203,チ动,C0M760,2017-01-20T04:00:00+08:00,40.0,1.0,1.8,17.3,0.92,1015.2,-99.0,0.0,-9.9,-99,-999,古q郡,17,チ动m,213
23.5535,120.4203,チ动,C0M760,2017-01-20T05:00:00+08:00,40.0,4.0,2.7,17.3,0.91,1015.3,-99.0,0.0,-9.9,-99,-999,古q郡,17,チ动m,213
23.5535,120.4203,チ动,C0M760,2017-01-20T06:00:00+08:00,40.0,357.0,3.0,16.7,0.88,1015.9,-99.0,0.0,-9.9,-99,-999,古q郡,17,チ动m,213
23.5535,120.4203,チ动,C0M760,2017-01-20T07:00:00+08:00,40.0,351.0,2.9,16.1,0.87,1016.5,-99.0,0.0,-9.9,-99,-999,古q郡,17,チ动m,213
23.5535,120.4203,チ动,C0M760,2017-01-20T08:00:00+08:00,40.0,7.0,3.1,15.9,0.84,1017.2,-99.0,0.0,-9.9,-99,-999,古q郡,17,チ动m,213
23.5535,120.4203,チ动,C0M760,2017-01-20T09:00:00+08:00,40.0,6.0,2.2,16.4,0.81,1017.8,-99.0,0.0,-9.9,-99,-999,古q郡,17,チ动m,213
23.5535,120.4203,チ动,C0M760,2017-01-20T10:00:00+08:00,40.0,357.0,2.6,17.3,0.77,1018.1,-99.0,0.0,-9.9,-99,-999,古q郡,17,チ动m,213
23.5535,120.4203,チ动,C0M760,2017-01-20T11:00:00+08:00,40.0,8.0,2.0,19.6,0.69,1017.6,-99.0,0.0,-9.9,-99,-999,古q郡,17,チ动m,213
23.5535,120.4203,チ动,C0M760,2017-01-20T12:00:00+08:00,40.0,329.0,2.9,20.2,0.64,1016.7,-99.0,0.0,-9.9,-99,-999,古q郡,17,チ动m,213
23.5535,120.4203,チ动,C0M760,2017-01-20T13:00:00+08:00,40.0,344.0,2.3,20.8,0.61,1015.6,-99.0,0.0,-9.9,-99,-999,古q郡,17,チ动m,213
23.5535,120.4203,チ动,C0M760,2017-01-20T14:00:00+08:00,40.0,340.0,3.0,20.8,0.59,1014.9,-99.0,0.0,-9.9,-99,-999,古q郡,17,チ动m,213
23.5535,120.4203,チ动,C0M760,2017-01-20T15:00:00+08:00,40.0,334.0,3.2,19.9,0.61,1014.4,-99.0,0.0,-9.9,-99,-999,古q郡,17,チ动m,213
23.5535,120.4203,チ动,C0M760,2017-01-20T16:00:00+08:00,40.0,346.0,3.7,18.8,0.61,1014.9,-99.0,0.0,-9.9,-99,-999,古q郡,17,チ动m,213
23.5535,120.4203,チ动,C0M760,2017-01-20T17:00:00+08:00,40.0,348.0,3.7,16.6,0.66,1015.3,-99.0,0.0,-9.9,-99,-999,古q郡,17,チ动m,213
23.5535,120.4203,チ动,C0M760,2017-01-20T18:00:00+08:00,40.0,356.0,3.0,14.9,0.71,1016.2,-99.0,0.0,-9.9,-99,-999,古q郡,17,チ动m,213
23.5535,120.4203,チ动,C0M760,2017-01-20T19:00:00+08:00,40.0,3.0,2.4,13.9,0.73,1017.0,-99.0,0.0,-9.9,-99,-999,古q郡,17,チ动m,213
23.5535,120.4203,チ动,C0M760,2017-01-20T20:00:00+08:00,40.0,356.0,2.0,13.6,0.72,1017.4,-99.0,0.0,-9.9,-99,-999,古q郡,17,チ动m,213
23.5535,120.4203,チ动,C0M760,2017-01-20T21:00:00+08:00,40.0,351.0,2.4,12.7,0.71,1018.1,-99.0,0.0,-9.9,-99,-999,古q郡,17,チ动m,213
23.5535,120.4203,チ动,C0M760,2017-01-20T22:00:00+08:00,40.0,359.0,2.5,12.6,0.71,1018.2,-99.0,0.0,-9.9,-99,-999,古q郡,17,チ动m,213
23.5535,120.4203,チ动,C0M760,2017-01-20T23:00:00+08:00,40.0,2.0,2.1,12.9,0.68,1018.2,-99.0,0.0,-9.9,-99,-999,古q郡,17,チ动m,213
23.5535,120.4203,チ动,C0M760,2017-01-21T00:00:00+08:00,40.0,358.0,2.3,13.1,0.66,1018.3,-99.0,0.0,-9.9,-99,-999,古q郡,17,チ动m,213
23.5535,120.4203,チ动,C0M760,2017-01-21T01:00:00+08:00,40.0,4.0,2.2,12.9,0.66,1018.3,-99.0,0.0,-9.9,-99,-999,古q郡,17,チ动m,213
23.5535,120.4203,チ动,C0M760,2017-01-21T02:00:00+08:00,40.0,1.0,2.0,13.1,0.67,1018.4,-99.0,0.0,-9.9,-99,-999,古q郡,17,チ动m,213
23.5535,120.4203,チ动,C0M760,2017-01-21T03:00:00+08:00,40.0,4.0,1.7,13.1,0.67,1018.1,-99.0,0.0,-9.9,-99,-999,古q郡,17,チ动m,213
23.5535,120.4203,チ动,C0M760,2017-01-21T04:00:00+08:00,40.0,5.0,2.0,13.1,0.66,1018.6,-99.0,0.0,-9.9,-99,-999,古q郡,17,チ动m,213
23.5535,120.4203,チ动,C0M760,2017-01-21T05:00:00+08:00,40.0,14.0,1.9,13.1,0.66,1018.6,-99.0,0.0,-9.9,-99,-999,古q郡,17,チ动m,213
23.5535,120.4203,チ动,C0M760,2017-01-21T06:00:00+08:00,40.0,1.0,2.2,13.1,0.67,1019.3,-99.0,0.0,-9.9,-99,-999,古q郡,17,チ动m,213
23.5535,120.4203,チ动,C0M760,2017-01-21T07:00:00+08:00,40.0,4.0,2.6,13.0,0.68,1019.9,-99.0,0.0,-9.9,-99,-999,古q郡,17,チ动m,213
23.5535,120.4203,チ动,C0M760,2017-01-21T08:00:00+08:00,40.0,2.0,2.4,13.1,0.70,1020.6,-99.0,0.0,-9.9,-99,-999,古q郡,17,チ动m,213
23.5535,120.4203,チ动,C0M760,2017-01-21T10:00:00+08:00,40.0,6.0,1.9,14.3,0.67,1021.5,-99.0,0.0,-9.9,-99,-999,古q郡,17,チ动m,213
23.5535,120.4203,チ动,C0M760,2017-01-21T11:00:00+08:00,40.0,13.0,1.8,15.4,0.65,1020.6,-99.0,0.0,-9.9,-99,-999,古q郡,17,チ动m,213
23.5535,120.4203,チ动,C0M760,2017-01-21T12:00:00+08:00,40.0,353.0,2.3,16.9,0.62,1019.4,-99.0,0.0,-9.9,-99,-999,古q郡,17,チ动m,213
23.5535,120.4203,チ动,C0M760,2017-01-21T13:00:00+08:00,40.0,356.0,1.6,18.3,0.60,1018.6,-99.0,0.0,-9.9,-99,-999,古q郡,17,チ动m,213
23.5535,120.4203,チ动,C0M760,2017-01-21T14:00:00+08:00,40.0,78.0,1.5,19.9,0.59,1017.1,-99.0,0.0,-9.9,-99,-999,古q郡,17,チ动m,213
23.5535,120.4203,チ动,C0M760,2017-01-21T15:00:00+08:00,40.0,323.0,3.9,19.7,0.59,1017.0,-99.0,0.0,-9.9,-99,-999,古q郡,17,チ动m,213
23.5535,120.4203,チ动,C0M760,2017-01-21T16:00:00+08:00,40.0,349.0,3.0,18.7,0.64,1017.3,-99.0,0.0,-9.9,-99,-999,古q郡,17,チ动m,213
23.5535,120.4203,チ动,C0M760,2017-01-21T17:00:00+08:00,40.0,358.0,2.6,17.9,0.66,1017.6,-99.0,0.0,-9.9,-99,-999,古q郡,17,チ动m,213
23.5535,120.4203,チ动,C0M760,2017-01-21T18:00:00+08:00,40.0,338.0,2.3,16.6,0.71,1018.3,-99.0,0.0,-9.9,-99,-999,古q郡,17,チ动m,213
23.5535,120.4203,チ动,C0M760,2017-01-21T19:00:00+08:00,40.0,355.0,2.6,15.4,0.75,1019.1,-99.0,0.0,-9.9,-99,-999,古q郡,17,チ动m,213
23.5535,120.4203,チ动,C0M760,2017-01-21T20:00:00+08:00,40.0,356.0,2.4,14.6,0.79,1019.7,-99.0,0.0,-9.9,-99,-999,古q郡,17,チ动m,213
23.5535,120.4203,チ动,C0M760,2017-01-21T21:00:00+08:00,40.0,13.0,1.9,14.1,0.80,1020.1,-99.0,0.0,-9.9,-99,-999,古q郡,17,チ动m,213
23.5535,120.4203,チ动,C0M760,2017-01-21T22:00:00+08:00,40.0,12.0,1.7,13.8,0.82,1020.5,-99.0,0.0,-9.9,-99,-999,古q郡,17,チ动m,213
23.5535,120.4203,チ动,C0M760,2017-01-21T23:00:00+08:00,40.0,14.0,1.6,13.6,0.83,1020.4,-99.0,0.0,-9.9,-99,-999,古q郡,17,チ动m,213
23.5535,120.4203,チ动,C0M760,2017-01-22T00:00:00+08:00,40.0,18.0,1.4,13.3,0.84,1020.4,-99.0,0.0,-9.9,-99,-999,古q郡,17,チ动m,213
23.5535,120.4203,チ动,C0M760,2017-01-22T01:00:00+08:00,40.0,17.0,1.5,13.4,0.81,1020.5,-99.0,0.0,-9.9,-99,-999,古q郡,17,チ动m,213
23.5535,120.4203,チ动,C0M760,2017-01-22T02:00:00+08:00,40.0,45.0,0.8,13.2,0.82,1020.3,-99.0,0.0,-9.9,-99,-999,古q郡,17,チ动m,213
23.5535,120.4203,チ动,C0M760,2017-01-22T03:00:00+08:00,40.0,352.0,1.2,13.3,0.81,1020.3,-99.0,0.0,-9.9,-99,-999,古q郡,17,チ动m,213
23.5535,120.4203,チ动,C0M760,2017-01-22T04:00:00+08:00,40.0,5.0,1.2,13.5,0.79,1019.9,-99.0,0.0,-9.9,-99,-999,古q郡,17,チ动m,213
23.5535,120.4203,チ动,C0M760,2017-01-22T05:00:00+08:00,40.0,15.0,0.5,13.6,0.79,1020.4,-99.0,0.0,-9.9,-99,-999,古q郡,17,チ动m,213
23.5535,120.4203,チ动,C0M760,2017-01-22T06:00:00+08:00,40.0,9.0,1.4,13.6,0.80,1020.7,-99.0,0.0,-9.9,-99,-999,古q郡,17,チ动m,213
23.5535,120.4203,チ动,C0M760,2017-01-22T07:00:00+08:00,40.0,11.0,1.4,13.6,0.81,1021.0,-99.0,0.0,-9.9,-99,-999,古q郡,17,チ动m,213
23.5535,120.4203,チ动,C0M760,2017-01-22T08:00:00+08:00,40.0,21.0,1.3,14.4,0.76,1021.2,-99.0,0.0,-9.9,-99,-999,古q郡,17,チ动m,213
23.5535,120.4203,チ动,C0M760,2017-01-22T09:00:00+08:00,40.0,6.0,2.5,15.0,0.71,1021.4,-99.0,0.0,-9.9,-99,-999,古q郡,17,チ动m,213
23.5535,120.4203,チ动,C0M760,2017-01-22T10:00:00+08:00,40.0,351.0,2.3,16.8,0.63,1021.5,-99.0,0.0,-9.9,-99,-999,古q郡,17,チ动m,213
23.5535,120.4203,チ动,C0M760,2017-01-22T11:00:00+08:00,40.0,4.0,2.7,18.2,0.56,1020.8,-99.0,0.0,-9.9,-99,-999,古q郡,17,チ动m,213
23.5535,120.4203,チ动,C0M760,2017-01-22T12:00:00+08:00,40.0,359.0,2.6,20.0,0.48,1019.5,-99.0,0.0,-9.9,-99,-999,古q郡,17,チ动m,213
23.5535,120.4203,チ动,C0M760,2017-01-22T13:00:00+08:00,40.0,349.0,2.7,20.8,0.45,1018.3,-99.0,0.0,-9.9,-99,-999,古q郡,17,チ动m,213
23.5535,120.4203,チ动,C0M760,2017-01-22T14:00:00+08:00,40.0,348.0,2.2,21.9,0.44,1017.5,-99.0,0.0,-9.9,-99,-999,古q郡,17,チ动m,213
23.5535,120.4203,チ动,C0M760,2017-01-22T15:00:00+08:00,40.0,332.0,3.2,20.9,0.48,1016.8,-99.0,0.0,-9.9,-99,-999,古q郡,17,チ动m,213
23.5535,120.4203,チ动,C0M760,2017-01-22T16:00:00+08:00,40.0,334.0,3.1,19.9,0.52,1016.8,-99.0,0.0,-9.9,-99,-999,古q郡,17,チ动m,213
23.5535,120.4203,チ动,C0M760,2017-01-22T17:00:00+08:00,40.0,340.0,2.3,18.8,0.55,1017.4,-99.0,0.0,-9.9,-99,-999,古q郡,17,チ动m,213
23.5535,120.4203,チ动,C0M760,2017-01-22T18:00:00+08:00,40.0,343.0,1.6,17.3,0.61,1018.0,-99.0,0.0,-9.9,-99,-999,古q郡,17,チ动m,213
23.5535,120.4203,チ动,C0M760,2017-01-22T19:00:00+08:00,40.0,351.0,1.5,16.1,0.63,1018.8,-99.0,0.0,-9.9,-99,-999,古q郡,17,チ动m,213
23.5535,120.4203,チ动,C0M760,2017-01-22T20:00:00+08:00,40.0,348.0,1.5,15.3,0.63,1019.6,-99.0,0.0,-9.9,-99,-999,古q郡,17,チ动m,213
23.5535,120.4203,チ动,C0M760,2017-01-22T21:00:00+08:00,40.0,353.0,2.1,14.7,0.63,1020.1,-99.0,0.0,-9.9,-99,-999,古q郡,17,チ动m,213
23.5535,120.4203,チ动,C0M760,2017-01-22T22:00:00+08:00,40.0,355.0,1.9,14.2,0.64,1020.1,-99.0,0.0,-9.9,-99,-999,古q郡,17,チ动m,213
23.5535,120.4203,チ动,C0M760,2017-01-22T23:00:00+08:00,40.0,343.0,1.4,13.8,0.66,1019.9,-99.0,0.0,-9.9,-99,-999,古q郡,17,チ动m,213
23.5535,120.4203,チ动,C0M760,2017-01-23T00:00:00+08:00,40.0,7.0,1.0,13.8,0.66,1019.3,-99.0,0.0,-9.9,-99,-999,古q郡,17,チ动m,213
23.5535,120.4203,チ动,C0M760,2017-01-23T01:00:00+08:00,40.0,352.0,1.6,13.6,0.67,1019.2,-99.0,0.0,-9.9,-99,-999,古q郡,17,チ动m,213
23.5535,120.4203,チ动,C0M760,2017-01-23T02:00:00+08:00,40.0,3.0,1.1,13.5,0.70,1019.4,-99.0,0.0,-9.9,-99,-999,古q郡,17,チ动m,213
23.5535,120.4203,チ动,C0M760,2017-01-23T03:00:00+08:00,40.0,25.0,0.6,13.8,0.68,1019.1,-99.0,0.0,-9.9,-99,-999,古q郡,17,チ动m,213
23.5535,120.4203,チ动,C0M760,2017-01-23T04:00:00+08:00,40.0,12.0,0.9,13.4,0.72,1019.0,-99.0,0.0,-9.9,-99,-999,古q郡,17,チ动m,213
23.5535,120.4203,チ动,C0M760,2017-01-23T05:00:00+08:00,40.0,356.0,0.9,13.2,0.73,1019.0,-99.0,0.0,-9.9,-99,-999,古q郡,17,チ动m,213
23.5535,120.4203,チ动,C0M760,2017-01-23T06:00:00+08:00,40.0,340.0,1.0,13.0,0.73,1019.6,-99.0,0.0,-9.9,-99,-999,古q郡,17,チ动m,213
23.5535,120.4203,チ动,C0M760,2017-01-23T07:00:00+08:00,40.0,330.0,1.3,12.9,0.75,1020.1,-99.0,0.0,-9.9,-99,-999,古q郡,17,チ动m,213
23.5535,120.4203,チ动,C0M760,2017-01-23T08:00:00+08:00,40.0,20.0,1.4,13.4,0.71,1020.8,-99.0,0.0,-9.9,-99,-999,古q郡,17,チ动m,213
23.5535,120.4203,チ动,C0M760,2017-01-23T09:00:00+08:00,40.0,26.0,0.5,14.7,0.68,1021.1,-99.0,0.0,-9.9,-99,-999,古q郡,17,チ动m,213
23.5535,120.4203,チ动,C0M760,2017-01-23T10:00:00+08:00,40.0,348.0,1.8,16.9,0.63,1021.0,-99.0,0.0,-9.9,-99,-999,古q郡,17,チ动m,213
23.5535,120.4203,チ动,C0M760,2017-01-23T11:00:00+08:00,40.0,341.0,1.2,19.4,0.57,1020.9,-99.0,0.0,-9.9,-99,-999,古q郡,17,チ动m,213
23.5535,120.4203,チ动,C0M760,2017-01-23T12:00:00+08:00,40.0,352.0,1.5,20.6,0.55,1019.9,-99.0,0.0,-9.9,-99,-999,古q郡,17,チ动m,213
23.5535,120.4203,チ动,C0M760,2017-01-23T13:00:00+08:00,40.0,354.0,0.9,21.5,0.53,1018.9,-99.0,0.0,-9.9,-99,-999,古q郡,17,チ动m,213
23.5535,120.4203,チ动,C0M760,2017-01-23T14:00:00+08:00,40.0,299.0,1.6,21.8,0.53,1018.0,-99.0,0.0,-9.9,-99,-999,古q郡,17,チ动m,213
23.5535,120.4203,チ动,C0M760,2017-01-23T15:00:00+08:00,40.0,347.0,2.4,21.7,0.53,1017.5,-99.0,0.0,-9.9,-99,-999,古q郡,17,チ动m,213
23.5535,120.4203,チ动,C0M760,2017-01-23T16:00:00+08:00,40.0,334.0,2.6,20.6,0.55,1017.8,-99.0,0.0,-9.9,-99,-999,古q郡,17,チ动m,213
23.5535,120.4203,チ动,C0M760,2017-01-23T17:00:00+08:00,40.0,347.0,2.4,19.3,0.59,1018.3,-99.0,0.0,-9.9,-99,-999,古q郡,17,チ动m,213
23.5535,120.4203,チ动,C0M760,2017-01-23T18:00:00+08:00,40.0,333.0,2.3,17.8,0.62,1019.0,-99.0,0.0,-9.9,-99,-999,古q郡,17,チ动m,213
23.5535,120.4203,チ动,C0M760,2017-01-23T19:00:00+08:00,40.0,330.0,1.7,16.9,0.66,1019.5,-99.0,0.0,-9.9,-99,-999,古q郡,17,チ动m,213
23.5535,120.4203,チ动,C0M760,2017-01-23T20:00:00+08:00,40.0,352.0,1.6,16.3,0.66,1019.8,-99.0,0.0,-9.9,-99,-999,古q郡,17,チ动m,213
23.5535,120.4203,チ动,C0M760,2017-01-23T21:00:00+08:00,40.0,348.0,1.3,16.0,0.66,1020.1,-99.0,0.0,-9.9,-99,-999,古q郡,17,チ动m,213
23.5535,120.4203,チ动,C0M760,2017-01-23T22:00:00+08:00,40.0,345.0,1.2,15.4,0.68,1020.4,-99.0,0.0,-9.9,-99,-999,古q郡,17,チ动m,213
23.5535,120.4203,チ动,C0M760,2017-01-23T23:00:00+08:00,40.0,322.0,1.1,15.1,0.68,1020.7,-99.0,0.0,-9.9,-99,-999,古q郡,17,チ动m,213
23.5535,120.4203,チ动,C0M760,2017-01-24T00:00:00+08:00,40.0,7.0,1.1,14.9,0.68,1020.8,-99.0,0.0,-9.9,-99,-999,古q郡,17,チ动m,213
23.5535,120.4203,チ动,C0M760,2017-01-24T01:00:00+08:00,40.0,22.0,0.5,15.0,0.70,1020.7,-99.0,0.0,-9.9,-99,-999,古q郡,17,チ动m,213
23.5535,120.4203,チ动,C0M760,2017-01-24T02:00:00+08:00,40.0,328.0,1.2,14.8,0.72,1020.2,-99.0,0.0,-9.9,-99,-999,古q郡,17,チ动m,213
23.5535,120.4203,チ动,C0M760,2017-01-24T03:00:00+08:00,40.0,342.0,0.9,14.5,0.72,1019.9,-99.0,0.0,-9.9,-99,-999,古q郡,17,チ动m,213
23.5535,120.4203,チ动,C0M760,2017-01-24T04:00:00+08:00,40.0,343.0,1.0,14.3,0.74,1019.5,-99.0,0.0,-9.9,-99,-999,古q郡,17,チ动m,213
23.5535,120.4203,チ动,C0M760,2017-01-24T05:00:00+08:00,40.0,342.0,1.3,14.2,0.75,1019.6,-99.0,0.0,-9.9,-99,-999,古q郡,17,チ动m,213
23.5535,120.4203,チ动,C0M760,2017-01-24T06:00:00+08:00,40.0,349.0,1.0,14.3,0.74,1020.2,-99.0,0.0,-9.9,-99,-999,古q郡,17,チ动m,213
23.5535,120.4203,チ动,C0M760,2017-01-24T07:00:00+08:00,40.0,344.0,0.8,14.2,0.77,1020.5,-99.0,0.0,-9.9,-99,-999,古q郡,17,チ动m,213
23.5535,120.4203,チ动,C0M760,2017-01-24T08:00:00+08:00,40.0,336.0,1.3,14.5,0.75,1021.0,-99.0,0.0,-9.9,-99,-999,古q郡,17,チ动m,213
23.5535,120.4203,チ动,C0M760,2017-01-24T10:00:00+08:00,40.0,1.0,0.9,16.9,0.67,1021.7,-99.0,0.0,-9.9,-99,-999,古q郡,17,チ动m,213
23.5535,120.4203,チ动,C0M760,2017-01-24T11:00:00+08:00,40.0,346.0,1.3,18.1,0.64,1021.3,-99.0,0.0,-9.9,-99,-999,古q郡,17,チ动m,213
23.5535,120.4203,チ动,C0M760,2017-01-24T12:00:00+08:00,40.0,331.0,2.0,19.5,0.61,1020.4,-99.0,0.0,-9.9,-99,-999,古q郡,17,チ动m,213
23.5535,120.4203,チ动,C0M760,2017-01-24T13:00:00+08:00,40.0,329.0,1.7,20.8,0.58,1019.4,-99.0,0.0,-9.9,-99,-999,古q郡,17,チ动m,213
23.5535,120.4203,チ动,C0M760,2017-01-24T14:00:00+08:00,40.0,335.0,2.5,21.0,0.59,1018.8,-99.0,0.0,-9.9,-99,-999,古q郡,17,チ动m,213
23.5535,120.4203,チ动,C0M760,2017-01-24T15:00:00+08:00,40.0,328.0,2.8,20.5,0.62,1018.6,-99.0,0.0,-9.9,-99,-999,古q郡,17,チ动m,213
23.5535,120.4203,チ动,C0M760,2017-01-24T16:00:00+08:00,40.0,332.0,2.9,20.0,0.65,1018.7,-99.0,0.0,-9.9,-99,-999,古q郡,17,チ动m,213
23.5535,120.4203,チ动,C0M760,2017-01-24T17:00:00+08:00,40.0,314.0,2.7,18.7,0.69,1019.3,-99.0,0.0,-9.9,-99,-999,古q郡,17,チ动m,213
23.5535,120.4203,チ动,C0M760,2017-01-24T18:00:00+08:00,40.0,339.0,2.1,17.6,0.74,1019.9,-99.0,0.0,-9.9,-99,-999,古q郡,17,チ动m,213
23.5535,120.4203,チ动,C0M760,2017-01-24T19:00:00+08:00,40.0,359.0,2.3,16.8,0.74,1020.5,-99.0,0.0,-9.9,-99,-999,古q郡,17,チ动m,213
23.5535,120.4203,チ动,C0M760,2017-01-24T20:00:00+08:00,40.0,3.0,1.6,16.4,0.74,1021.1,-99.0,0.0,-9.9,-99,-999,古q郡,17,チ动m,213
23.5535,120.4203,チ动,C0M760,2017-01-24T21:00:00+08:00,40.0,347.0,2.3,15.7,0.77,1021.4,-99.0,0.0,-9.9,-99,-999,古q郡,17,チ动m,213
23.5535,120.4203,チ动,C0M760,2017-01-24T22:00:00+08:00,40.0,22.0,1.3,15.4,0.76,1021.9,-99.0,0.0,-9.9,-99,-999,古q郡,17,チ动m,213
23.5535,120.4203,チ动,C0M760,2017-01-24T23:00:00+08:00,40.0,10.0,2.1,15.0,0.77,1021.9,-99.0,0.0,-9.9,-99,-999,古q郡,17,チ动m,213
23.5535,120.4203,チ动,C0M760,2017-01-25T00:00:00+08:00,40.0,8.0,1.3,14.8,0.78,1021.5,-99.0,0.0,-9.9,-99,-999,古q郡,17,チ动m,213
23.5535,120.4203,チ动,C0M760,2017-01-25T01:00:00+08:00,40.0,31.0,1.1,14.8,0.79,1021.0,-99.0,0.0,-9.9,-99,-999,古q郡,17,チ动m,213
23.5535,120.4203,チ动,C0M760,2017-01-25T02:00:00+08:00,40.0,342.0,1.4,14.8,0.80,1020.5,-99.0,0.0,-9.9,-99,-999,古q郡,17,チ动m,213
23.5535,120.4203,チ动,C0M760,2017-01-25T03:00:00+08:00,40.0,4.0,1.5,14.6,0.81,1020.3,-99.0,0.0,-9.9,-99,-999,古q郡,17,チ动m,213
23.5535,120.4203,チ动,C0M760,2017-01-25T04:00:00+08:00,40.0,7.0,1.2,14.6,0.82,1019.8,-99.0,0.0,-9.9,-99,-999,古q郡,17,チ动m,213
23.5535,120.4203,チ动,C0M760,2017-01-25T05:00:00+08:00,40.0,22.0,1.0,14.5,0.84,1019.8,-99.0,0.0,-9.9,-99,-999,古q郡,17,チ动m,213
23.5535,120.4203,チ动,C0M760,2017-01-25T06:00:00+08:00,40.0,333.0,1.5,14.4,0.85,1020.2,-99.0,0.0,-9.9,-99,-999,古q郡,17,チ动m,213
23.5535,120.4203,チ动,C0M760,2017-01-25T07:00:00+08:00,40.0,17.0,1.3,14.3,0.85,1020.4,-99.0,0.0,-9.9,-99,-999,古q郡,17,チ动m,213
23.5535,120.4203,チ动,C0M760,2017-01-25T08:00:00+08:00,40.0,360.0,1.6,14.6,0.82,1021.0,-99.0,0.0,-9.9,-99,-999,古q郡,17,チ动m,213
23.5535,120.4203,チ动,C0M760,2017-01-25T09:00:00+08:00,40.0,51.0,1.1,15.8,0.79,1020.8,-99.0,0.0,-9.9,-99,-999,古q郡,17,チ动m,213
23.5535,120.4203,チ动,C0M760,2017-01-25T10:00:00+08:00,40.0,338.0,2.2,16.6,0.75,1020.9,-99.0,0.0,-9.9,-99,-999,古q郡,17,チ动m,213
23.5535,120.4203,チ动,C0M760,2017-01-25T11:00:00+08:00,40.0,21.0,2.1,17.6,0.70,1020.8,-99.0,0.0,-9.9,-99,-999,古q郡,17,チ动m,213
23.5535,120.4203,チ动,C0M760,2017-01-25T12:00:00+08:00,40.0,5.0,2.1,18.4,0.66,1020.0,-99.0,0.0,-9.9,-99,-999,古q郡,17,チ动m,213
23.5535,120.4203,チ动,C0M760,2017-01-25T13:00:00+08:00,40.0,10.0,2.4,19.1,0.66,1018.7,-99.0,0.0,-9.9,-99,-999,古q郡,17,チ动m,213
23.5535,120.4203,チ动,C0M760,2017-01-25T14:00:00+08:00,40.0,11.0,2.0,20.8,0.58,1018.1,-99.0,0.0,-9.9,-99,-999,古q郡,17,チ动m,213
23.5535,120.4203,チ动,C0M760,2017-01-25T15:00:00+08:00,40.0,353.0,2.1,22.0,0.55,1017.6,-99.0,0.0,-9.9,-99,-999,古q郡,17,チ动m,213
23.5535,120.4203,チ动,C0M760,2017-01-25T16:00:00+08:00,40.0,333.0,3.8,20.2,0.66,1017.6,-99.0,0.0,-9.9,-99,-999,古q郡,17,チ动m,213
23.5535,120.4203,チ动,C0M760,2017-01-25T17:00:00+08:00,40.0,356.0,3.7,18.6,0.69,1018.0,-99.0,0.0,-9.9,-99,-999,古q郡,17,チ动m,213
23.5535,120.4203,チ动,C0M760,2017-01-25T18:00:00+08:00,40.0,355.0,2.9,17.2,0.72,1018.6,-99.0,0.0,-9.9,-99,-999,古q郡,17,チ动m,213
23.5535,120.4203,チ动,C0M760,2017-01-25T19:00:00+08:00,40.0,356.0,3.0,16.3,0.74,1019.3,-99.0,0.0,-9.9,-99,-999,古q郡,17,チ动m,213
23.5535,120.4203,チ动,C0M760,2017-01-25T20:00:00+08:00,40.0,4.0,2.2,15.7,0.78,1019.8,-99.0,0.0,-9.9,-99,-999,古q郡,17,チ动m,213
23.5535,120.4203,チ动,C0M760,2017-01-25T21:00:00+08:00,40.0,354.0,2.8,15.1,0.81,1020.0,-99.0,0.0,-9.9,-99,-999,古q郡,17,チ动m,213
23.5535,120.4203,チ动,C0M760,2017-01-25T22:00:00+08:00,40.0,3.0,2.7,14.8,0.81,1020.2,-99.0,0.0,-9.9,-99,-999,古q郡,17,チ动m,213
23.5535,120.4203,チ动,C0M760,2017-01-25T23:00:00+08:00,40.0,20.0,1.6,14.5,0.83,1020.1,-99.0,0.0,-9.9,-99,-999,古q郡,17,チ动m,213
23.5535,120.4203,チ动,C0M760,2017-01-26T00:00:00+08:00,40.0,352.0,1.7,14.0,0.84,1020.0,-99.0,0.0,-9.9,-99,-999,古q郡,17,チ动m,213
23.5535,120.4203,チ动,C0M760,2017-01-26T01:00:00+08:00,40.0,3.0,1.8,13.8,0.83,1019.8,-99.0,0.0,-9.9,-99,-999,古q郡,17,チ动m,213
23.5535,120.4203,チ动,C0M760,2017-01-26T02:00:00+08:00,40.0,356.0,2.0,13.4,0.84,1019.3,-99.0,0.0,-9.9,-99,-999,古q郡,17,チ动m,213
23.5535,120.4203,チ动,C0M760,2017-01-26T03:00:00+08:00,40.0,19.0,2.3,13.7,0.82,1018.8,-99.0,0.0,-9.9,-99,-999,古q郡,17,チ动m,213
23.5535,120.4203,チ动,C0M760,2017-01-26T04:00:00+08:00,40.0,13.0,1.9,13.8,0.82,1018.7,-99.0,0.0,-9.9,-99,-999,古q郡,17,チ动m,213
23.5535,120.4203,チ动,C0M760,2017-01-26T05:00:00+08:00,40.0,6.0,1.6,13.3,0.84,1018.9,-99.0,0.0,-9.9,-99,-999,古q郡,17,チ动m,213
23.5535,120.4203,チ动,C0M760,2017-01-26T06:00:00+08:00,40.0,10.0,1.1,13.3,0.84,1019.3,-99.0,0.0,-9.9,-99,-999,古q郡,17,チ动m,213
23.5535,120.4203,チ动,C0M760,2017-01-26T07:00:00+08:00,40.0,341.0,1.3,12.5,0.87,1019.6,-99.0,0.0,-9.9,-99,-999,古q郡,17,チ动m,213
23.5535,120.4203,チ动,C0M760,2017-01-26T08:00:00+08:00,40.0,358.0,1.0,13.7,0.80,1020.0,-99.0,0.0,-9.9,-99,-999,古q郡,17,チ动m,213
23.5535,120.4203,チ动,C0M760,2017-01-26T10:00:00+08:00,40.0,10.0,1.2,16.9,0.69,1019.6,-99.0,0.0,-9.9,-99,-999,古q郡,17,チ动m,213
23.5535,120.4203,チ动,C0M760,2017-01-26T11:00:00+08:00,40.0,342.0,1.9,17.9,0.65,1019.2,-99.0,0.0,-9.9,-99,-999,古q郡,17,チ动m,213
23.5535,120.4203,チ动,C0M760,2017-01-26T12:00:00+08:00,40.0,13.0,2.6,19.4,0.55,1018.2,-99.0,0.0,-9.9,-99,-999,古q郡,17,チ动m,213
23.5535,120.4203,チ动,C0M760,2017-01-26T13:00:00+08:00,40.0,343.0,1.9,21.1,0.50,1016.5,-99.0,0.0,-9.9,-99,-999,古q郡,17,チ动m,213
23.5535,120.4203,チ动,C0M760,2017-01-26T14:00:00+08:00,40.0,343.0,1.4,21.8,0.47,1015.3,-99.0,0.0,-9.9,-99,-999,古q郡,17,チ动m,213
23.5535,120.4203,チ动,C0M760,2017-01-26T15:00:00+08:00,40.0,316.0,1.4,23.0,0.45,1014.9,-99.0,0.0,-9.9,-99,-999,古q郡,17,チ动m,213
23.5535,120.4203,チ动,C0M760,2017-01-26T16:00:00+08:00,40.0,321.0,3.1,21.4,0.56,1015.3,-99.0,0.0,-9.9,-99,-999,古q郡,17,チ动m,213
23.5535,120.4203,チ动,C0M760,2017-01-26T17:00:00+08:00,40.0,322.0,3.2,19.9,0.61,1015.9,-99.0,0.0,-9.9,-99,-999,古q郡,17,チ动m,213
23.5535,120.4203,チ动,C0M760,2017-01-26T18:00:00+08:00,40.0,346.0,2.4,18.1,0.70,1016.5,-99.0,0.0,-9.9,-99,-999,古q郡,17,チ动m,213
23.5535,120.4203,チ动,C0M760,2017-01-26T19:00:00+08:00,40.0,341.0,2.0,17.1,0.75,1017.0,-99.0,0.0,-9.9,-99,-999,古q郡,17,チ动m,213
23.5535,120.4203,チ动,C0M760,2017-01-26T20:00:00+08:00,40.0,348.0,1.4,16.6,0.79,1017.7,-99.0,0.0,-9.9,-99,-999,古q郡,17,チ动m,213
23.5535,120.4203,チ动,C0M760,2017-01-26T21:00:00+08:00,40.0,344.0,0.9,16.4,0.80,1017.6,-99.0,0.0,-9.9,-99,-999,古q郡,17,チ动m,213
23.5535,120.4203,チ动,C0M760,2017-01-26T22:00:00+08:00,40.0,0.0,0.2,16.0,0.83,1018.0,-99.0,0.0,-9.9,-99,-999,古q郡,17,チ动m,213
23.5535,120.4203,チ动,C0M760,2017-01-26T23:00:00+08:00,40.0,0.0,0.2,15.6,0.85,1018.1,-99.0,0.0,-9.9,-99,-999,古q郡,17,チ动m,213
23.5535,120.4203,チ动,C0M760,2017-01-27T00:00:00+08:00,40.0,333.0,0.9,15.2,0.83,1018.3,-99.0,0.0,-9.9,-99,-999,古q郡,17,チ动m,213
23.5535,120.4203,チ动,C0M760,2017-01-27T01:00:00+08:00,40.0,351.0,0.4,14.7,0.83,1018.5,-99.0,0.0,-9.9,-99,-999,古q郡,17,チ动m,213
23.5535,120.4203,チ动,C0M760,2017-01-27T02:00:00+08:00,40.0,48.0,0.6,14.6,0.84,1018.3,-99.0,0.0,-9.9,-99,-999,古q郡,17,チ动m,213
23.5535,120.4203,チ动,C0M760,2017-01-27T03:00:00+08:00,40.0,88.0,0.3,14.0,0.89,1017.9,-99.0,0.0,-9.9,-99,-999,古q郡,17,チ动m,213
23.5535,120.4203,チ动,C0M760,2017-01-27T04:00:00+08:00,40.0,36.0,0.3,14.0,0.89,1017.7,-99.0,0.0,-9.9,-99,-999,古q郡,17,チ动m,213
23.5535,120.4203,チ动,C0M760,2017-01-27T05:00:00+08:00,40.0,14.0,0.4,13.6,0.91,1018.1,-99.0,0.0,-9.9,-99,-999,古q郡,17,チ动m,213
23.5535,120.4203,チ动,C0M760,2017-01-27T06:00:00+08:00,40.0,25.0,1.0,12.9,0.92,1018.6,-99.0,0.0,-9.9,-99,-999,古q郡,17,チ动m,213
23.5535,120.4203,チ动,C0M760,2017-01-27T07:00:00+08:00,40.0,24.0,1.8,12.8,0.94,1018.9,-99.0,0.0,-9.9,-99,-999,古q郡,17,チ动m,213
23.5535,120.4203,チ动,C0M760,2017-01-27T08:00:00+08:00,40.0,31.0,2.6,14.7,0.82,1019.3,-99.0,0.0,-9.9,-99,-999,古q郡,17,チ动m,213
23.5535,120.4203,チ动,C0M760,2017-01-27T09:00:00+08:00,40.0,19.0,1.3,16.6,0.74,1019.7,-99.0,0.0,-9.9,-99,-999,古q郡,17,チ动m,213
23.5535,120.4203,チ动,C0M760,2017-01-27T10:00:00+08:00,40.0,355.0,1.9,19.0,0.63,1019.1,-99.0,0.0,-9.9,-99,-999,古q郡,17,チ动m,213
23.5535,120.4203,チ动,C0M760,2017-01-27T11:00:00+08:00,40.0,320.0,2.4,20.3,0.57,1018.5,-99.0,0.0,-9.9,-99,-999,古q郡,17,チ动m,213
23.5535,120.4203,チ动,C0M760,2017-01-27T12:00:00+08:00,40.0,338.0,2.9,21.8,0.52,1017.7,-99.0,0.0,-9.9,-99,-999,古q郡,17,チ动m,213
23.5535,120.4203,チ动,C0M760,2017-01-27T13:00:00+08:00,40.0,352.0,2.9,22.7,0.50,1016.3,-99.0,0.0,-9.9,-99,-999,古q郡,17,チ动m,213
23.5535,120.4203,チ动,C0M760,2017-01-27T14:00:00+08:00,40.0,348.0,3.3,22.9,0.44,1015.5,-99.0,0.0,-9.9,-99,-999,古q郡,17,チ动m,213
23.5535,120.4203,チ动,C0M760,2017-01-27T15:00:00+08:00,40.0,350.0,3.2,23.2,0.46,1014.7,-99.0,0.0,-9.9,-99,-999,古q郡,17,チ动m,213
23.5535,120.4203,チ动,C0M760,2017-01-27T16:00:00+08:00,40.0,336.0,3.7,22.7,0.50,1014.8,-99.0,0.0,-9.9,-99,-999,古q郡,17,チ动m,213
23.5535,120.4203,チ动,C0M760,2017-01-27T17:00:00+08:00,40.0,338.0,2.2,20.8,0.66,1015.2,-99.0,0.0,-9.9,-99,-999,古q郡,17,チ动m,213
23.5535,120.4203,チ动,C0M760,2017-01-27T18:00:00+08:00,40.0,346.0,2.0,18.6,0.80,1015.8,-99.0,0.0,-9.9,-99,-999,古q郡,17,チ动m,213
23.5535,120.4203,チ动,C0M760,2017-01-27T19:00:00+08:00,40.0,7.0,1.7,17.6,0.83,1015.9,-99.0,0.0,-9.9,-99,-999,古q郡,17,チ动m,213
23.5535,120.4203,チ动,C0M760,2017-01-27T20:00:00+08:00,40.0,345.0,1.7,16.7,0.87,1016.2,-99.0,0.0,-9.9,-99,-999,古q郡,17,チ动m,213
23.5535,120.4203,チ动,C0M760,2017-01-27T21:00:00+08:00,40.0,35.0,0.7,16.3,0.88,1016.5,-99.0,0.0,-9.9,-99,-999,古q郡,17,チ动m,213
23.5535,120.4203,チ动,C0M760,2017-01-27T22:00:00+08:00,40.0,28.0,0.8,16.1,0.88,1016.5,-99.0,0.0,-9.9,-99,-999,古q郡,17,チ动m,213
23.5535,120.4203,チ动,C0M760,2017-01-27T23:00:00+08:00,40.0,360.0,0.4,15.6,0.90,1016.1,-99.0,0.0,-9.9,-99,-999,古q郡,17,チ动m,213
23.5535,120.4203,チ动,C0M760,2017-01-28T00:00:00+08:00,40.0,0.0,0.0,14.9,0.93,1015.9,-99.0,0.0,-9.9,-99,-999,古q郡,17,チ动m,213
23.5535,120.4203,チ动,C0M760,2017-01-28T01:00:00+08:00,40.0,0.0,0.0,14.5,0.93,1015.8,-99.0,0.0,-9.9,-99,-999,古q郡,17,チ动m,213
23.5535,120.4203,チ动,C0M760,2017-01-28T02:00:00+08:00,40.0,0.0,0.0,14.0,0.94,1015.5,-99.0,0.0,-9.9,-99,-999,古q郡,17,チ动m,213
23.5535,120.4203,チ动,C0M760,2017-01-28T03:00:00+08:00,40.0,0.0,0.2,13.9,0.95,1014.8,-99.0,0.0,-9.9,-99,-999,古q郡,17,チ动m,213
23.5535,120.4203,チ动,C0M760,2017-01-28T04:00:00+08:00,40.0,51.0,0.5,13.7,0.95,1013.9,-99.0,0.0,-9.9,-99,-999,古q郡,17,チ动m,213
23.5535,120.4203,チ动,C0M760,2017-01-28T05:00:00+08:00,40.0,7.0,1.3,13.2,0.95,1014.1,-99.0,0.0,-9.9,-99,-999,古q郡,17,チ动m,213
23.5535,120.4203,チ动,C0M760,2017-01-28T06:00:00+08:00,40.0,39.0,1.0,12.9,0.95,1014.3,-99.0,0.0,-9.9,-99,-999,古q郡,17,チ动m,213
23.5535,120.4203,チ动,C0M760,2017-01-28T07:00:00+08:00,40.0,29.0,1.2,12.7,0.94,1014.7,-99.0,0.0,-9.9,-99,-999,古q郡,17,チ动m,213
23.5535,120.4203,チ动,C0M760,2017-01-28T08:00:00+08:00,40.0,33.0,1.0,14.6,0.87,1014.7,-99.0,0.0,-9.9,-99,-999,古q郡,17,チ动m,213
23.5535,120.4203,チ动,C0M760,2017-01-28T09:00:00+08:00,40.0,23.0,0.7,17.3,0.71,1015.0,-99.0,0.0,-9.9,-99,-999,古q郡,17,チ动m,213
23.5535,120.4203,チ动,C0M760,2017-01-28T10:00:00+08:00,40.0,337.0,1.2,19.3,0.59,1014.8,-99.0,0.0,-9.9,-99,-999,古q郡,17,チ动m,213
23.5535,120.4203,チ动,C0M760,2017-01-28T11:00:00+08:00,40.0,187.0,0.9,21.5,0.51,1014.6,-99.0,0.0,-9.9,-99,-999,古q郡,17,チ动m,213
23.5535,120.4203,チ动,C0M760,2017-01-28T12:00:00+08:00,40.0,255.0,1.1,23.1,0.48,1013.6,-99.0,0.0,-9.9,-99,-999,古q郡,17,チ动m,213
23.5535,120.4203,チ动,C0M760,2017-01-28T13:00:00+08:00,40.0,293.0,1.6,24.2,0.45,1012.5,-99.0,0.0,-9.9,-99,-999,古q郡,17,チ动m,213
23.5535,120.4203,チ动,C0M760,2017-01-28T14:00:00+08:00,40.0,288.0,2.4,25.1,0.45,1011.8,-99.0,0.0,-9.9,-99,-999,古q郡,17,チ动m,213
23.5535,120.4203,チ动,C0M760,2017-01-28T15:00:00+08:00,40.0,299.0,3.4,23.1,0.67,1011.6,-99.0,0.0,-9.9,-99,-999,古q郡,17,チ动m,213
23.5535,120.4203,チ动,C0M760,2017-01-28T16:00:00+08:00,40.0,310.0,3.3,21.6,0.73,1011.8,-99.0,0.0,-9.9,-99,-999,古q郡,17,チ动m,213
23.5535,120.4203,チ动,C0M760,2017-01-28T17:00:00+08:00,40.0,314.0,2.3,20.5,0.80,1012.2,-99.0,0.0,-9.9,-99,-999,古q郡,17,チ动m,213
23.5535,120.4203,チ动,C0M760,2017-01-28T18:00:00+08:00,40.0,329.0,1.9,19.1,0.87,1012.6,-99.0,0.0,-9.9,-99,-999,古q郡,17,チ动m,213
23.5535,120.4203,チ动,C0M760,2017-01-28T19:00:00+08:00,40.0,346.0,1.4,18.4,0.90,1013.1,-99.0,0.0,-9.9,-99,-999,古q郡,17,チ动m,213
23.5535,120.4203,チ动,C0M760,2017-01-28T20:00:00+08:00,40.0,346.0,1.3,18.1,0.92,1013.4,-99.0,0.0,-9.9,-99,-999,古q郡,17,チ动m,213
23.5535,120.4203,チ动,C0M760,2017-01-28T21:00:00+08:00,40.0,346.0,0.8,17.7,0.93,1013.4,-99.0,0.0,-9.9,-99,-999,古q郡,17,チ动m,213
23.5535,120.4203,チ动,C0M760,2017-01-28T22:00:00+08:00,40.0,0.0,0.0,17.6,0.94,1013.5,-99.0,0.0,-9.9,-99,-999,古q郡,17,チ动m,213
23.5535,120.4203,チ动,C0M760,2017-01-28T23:00:00+08:00,40.0,0.0,0.0,17.4,0.95,1013.4,-99.0,0.0,-9.9,-99,-999,古q郡,17,チ动m,213
23.5535,120.4203,チ动,C0M760,2017-01-29T00:00:00+08:00,40.0,240.0,0.3,17.4,0.95,1013.3,-99.0,0.0,-9.9,-99,-999,古q郡,17,チ动m,213
23.5535,120.4203,チ动,C0M760,2017-01-29T01:00:00+08:00,40.0,342.0,0.3,17.5,0.95,1013.1,-99.0,0.0,-9.9,-99,-999,古q郡,17,チ动m,213
23.5535,120.4203,チ动,C0M760,2017-01-29T02:00:00+08:00,40.0,0.0,0.0,16.8,0.96,1012.7,-99.0,0.0,-9.9,-99,-999,古q郡,17,チ动m,213
23.5535,120.4203,チ动,C0M760,2017-01-29T03:00:00+08:00,40.0,0.0,0.0,16.6,0.96,1012.5,-99.0,0.0,-9.9,-99,-999,古q郡,17,チ动m,213
23.5535,120.4203,チ动,C0M760,2017-01-29T04:00:00+08:00,40.0,49.0,0.5,15.7,0.99,1012.3,-99.0,0.0,-9.9,-99,-999,古q郡,17,チ动m,213
23.5535,120.4203,チ动,C0M760,2017-01-29T05:00:00+08:00,40.0,30.0,0.4,15.5,0.99,1012.5,-99.0,0.0,-9.9,-99,-999,古q郡,17,チ动m,213
23.5535,120.4203,チ动,C0M760,2017-01-29T06:00:00+08:00,40.0,0.0,0.0,15.8,0.99,1013.2,-99.0,0.0,-9.9,-99,-999,古q郡,17,チ动m,213
23.5535,120.4203,チ动,C0M760,2017-01-29T07:00:00+08:00,40.0,0.0,0.0,15.7,0.99,1013.7,-99.0,0.0,-9.9,-99,-999,古q郡,17,チ动m,213
23.5535,120.4203,チ动,C0M760,2017-01-29T08:00:00+08:00,40.0,0.0,0.0,16.4,0.99,1014.5,-99.0,0.0,-9.9,-99,-999,古q郡,17,チ动m,213
23.5535,120.4203,チ动,C0M760,2017-01-29T09:00:00+08:00,40.0,359.0,0.8,16.9,0.99,1015.0,-99.0,0.0,-9.9,-99,-999,古q郡,17,チ动m,213
23.5535,120.4203,チ动,C0M760,2017-01-29T10:00:00+08:00,40.0,345.0,1.1,18.5,0.89,1015.2,-99.0,0.0,-9.9,-99,-999,古q郡,17,チ动m,213
23.5535,120.4203,チ动,C0M760,2017-01-29T11:00:00+08:00,40.0,355.0,1.5,21.2,0.74,1014.5,-99.0,0.0,-9.9,-99,-999,古q郡,17,チ动m,213
23.5535,120.4203,チ动,C0M760,2017-01-29T12:00:00+08:00,40.0,345.0,2.0,23.5,0.63,1013.2,-99.0,0.0,-9.9,-99,-999,古q郡,17,チ动m,213
23.5535,120.4203,チ动,C0M760,2017-01-29T13:00:00+08:00,40.0,331.0,2.3,25.0,0.51,1012.1,-99.0,0.0,-9.9,-99,-999,古q郡,17,チ动m,213
23.5535,120.4203,チ动,C0M760,2017-01-29T14:00:00+08:00,40.0,13.0,2.3,26.4,0.38,1011.0,-99.0,0.0,-9.9,-99,-999,古q郡,17,チ动m,213
23.5535,120.4203,チ动,C0M760,2017-01-29T15:00:00+08:00,40.0,351.0,1.3,27.5,0.37,1010.7,-99.0,0.0,-9.9,-99,-999,古q郡,17,チ动m,213
23.5535,120.4203,チ动,C0M760,2017-01-29T16:00:00+08:00,40.0,2.0,1.8,27.3,0.39,1010.7,-99.0,0.0,-9.9,-99,-999,古q郡,17,チ动m,213
23.5535,120.4203,チ动,C0M760,2017-01-29T17:00:00+08:00,40.0,323.0,2.7,22.6,0.72,1011.4,-99.0,0.0,-9.9,-99,-999,古q郡,17,チ动m,213
23.5535,120.4203,チ动,C0M760,2017-01-29T18:00:00+08:00,40.0,341.0,2.4,21.0,0.74,1012.3,-99.0,0.0,-9.9,-99,-999,古q郡,17,チ动m,213
23.5535,120.4203,チ动,C0M760,2017-01-29T19:00:00+08:00,40.0,345.0,1.6,20.2,0.81,1013.1,-99.0,0.0,-9.9,-99,-999,古q郡,17,チ动m,213
23.5535,120.4203,チ动,C0M760,2017-01-29T20:00:00+08:00,40.0,336.0,1.3,19.8,0.84,1013.5,-99.0,0.0,-9.9,-99,-999,古q郡,17,チ动m,213
23.5535,120.4203,チ动,C0M760,2017-01-29T21:00:00+08:00,40.0,354.0,1.4,19.5,0.85,1013.4,-99.0,0.0,-9.9,-99,-999,古q郡,17,チ动m,213
23.5535,120.4203,チ动,C0M760,2017-01-29T22:00:00+08:00,40.0,331.0,1.2,19.2,0.87,1013.5,-99.0,0.0,-9.9,-99,-999,古q郡,17,チ动m,213
23.5535,120.4203,チ动,C0M760,2017-01-29T23:00:00+08:00,40.0,349.0,2.0,18.4,0.92,1013.5,-99.0,0.0,-9.9,-99,-999,古q郡,17,チ动m,213
23.5535,120.4203,チ动,C0M760,2017-01-30T00:00:00+08:00,40.0,357.0,1.2,18.1,0.93,1013.7,-99.0,0.0,-9.9,-99,-999,古q郡,17,チ动m,213
23.5535,120.4203,チ动,C0M760,2017-01-30T01:00:00+08:00,40.0,66.0,0.9,18.0,0.94,1013.2,-99.0,0.0,-9.9,-99,-999,古q郡,17,チ动m,213
23.5535,120.4203,チ动,C0M760,2017-01-30T02:00:00+08:00,40.0,42.0,0.8,17.9,0.94,1012.7,-99.0,0.0,-9.9,-99,-999,古q郡,17,チ动m,213
23.5535,120.4203,チ动,C0M760,2017-01-30T03:00:00+08:00,40.0,119.0,0.3,18.0,0.93,1012.4,-99.0,0.0,-9.9,-99,-999,古q郡,17,チ动m,213
23.5535,120.4203,チ动,C0M760,2017-01-30T04:00:00+08:00,40.0,69.0,0.4,18.0,0.94,1011.9,-99.0,0.0,-9.9,-99,-999,古q郡,17,チ动m,213
23.5535,120.4203,チ动,C0M760,2017-01-30T05:00:00+08:00,40.0,290.0,1.2,17.9,0.93,1012.2,-99.0,0.0,-9.9,-99,-999,古q郡,17,チ动m,213
23.5535,120.4203,チ动,C0M760,2017-01-30T06:00:00+08:00,40.0,0.0,0.2,18.3,0.92,1013.0,-99.0,0.0,-9.9,-99,-999,古q郡,17,チ动m,213
23.5535,120.4203,チ动,C0M760,2017-01-30T07:00:00+08:00,40.0,0.0,0.0,18.3,0.92,1013.6,-99.0,0.0,-9.9,-99,-999,古q郡,17,チ动m,213
23.5535,120.4203,チ动,C0M760,2017-01-30T08:00:00+08:00,40.0,100.0,0.8,18.8,0.89,1014.0,-99.0,0.0,-9.9,-99,-999,古q郡,17,チ动m,213
23.5535,120.4203,チ动,C0M760,2017-01-30T09:00:00+08:00,40.0,128.0,0.8,21.9,0.72,1014.3,-99.0,0.0,-9.9,-99,-999,古q郡,17,チ动m,213
23.5535,120.4203,チ动,C0M760,2017-01-30T10:00:00+08:00,40.0,30.0,1.1,24.5,0.59,1014.2,-99.0,0.0,-9.9,-99,-999,古q郡,17,チ动m,213
23.5535,120.4203,チ动,C0M760,2017-01-30T11:00:00+08:00,40.0,322.0,2.6,24.5,0.61,1013.4,-99.0,0.0,-9.9,-99,-999,古q郡,17,チ动m,213
23.5535,120.4203,チ动,C0M760,2017-01-30T12:00:00+08:00,40.0,306.0,2.1,25.5,0.57,1012.4,-99.0,0.0,-9.9,-99,-999,古q郡,17,チ动m,213
23.5535,120.4203,チ动,C0M760,2017-01-30T13:00:00+08:00,40.0,330.0,2.4,26.2,0.60,1011.4,-99.0,0.0,-9.9,-99,-999,古q郡,17,チ动m,213
23.5535,120.4203,チ动,C0M760,2017-01-30T14:00:00+08:00,40.0,323.0,3.1,25.2,0.62,1010.9,-99.0,0.0,-9.9,-99,-999,古q郡,17,チ动m,213
23.5535,120.4203,チ动,C0M760,2017-01-30T15:00:00+08:00,40.0,312.0,4.1,23.3,0.64,1010.9,-99.0,0.0,-9.9,-99,-999,古q郡,17,チ动m,213
23.5535,120.4203,チ动,C0M760,2017-01-30T16:00:00+08:00,40.0,334.0,3.0,21.3,0.70,1011.7,-99.0,0.0,-9.9,-99,-999,古q郡,17,チ动m,213
23.5535,120.4203,チ动,C0M760,2017-01-30T17:00:00+08:00,40.0,341.0,2.8,20.2,0.71,1012.5,-99.0,0.0,-9.9,-99,-999,古q郡,17,チ动m,213
23.5535,120.4203,チ动,C0M760,2017-01-30T18:00:00+08:00,40.0,340.0,2.3,19.1,0.74,1012.9,-99.0,0.0,-9.9,-99,-999,古q郡,17,チ动m,213
23.5535,120.4203,チ动,C0M760,2017-01-30T20:00:00+08:00,40.0,350.0,2.8,17.0,0.78,1014.2,-99.0,0.0,-9.9,-99,-999,古q郡,17,チ动m,213
23.5535,120.4203,チ动,C0M760,2017-01-30T21:00:00+08:00,40.0,1.0,2.4,16.6,0.79,1014.3,-99.0,0.0,-9.9,-99,-999,古q郡,17,チ动m,213
23.5535,120.4203,チ动,C0M760,2017-01-30T22:00:00+08:00,40.0,359.0,3.1,16.2,0.79,1014.1,-99.0,0.0,-9.9,-99,-999,古q郡,17,チ动m,213
23.5535,120.4203,チ动,C0M760,2017-01-30T23:00:00+08:00,40.0,355.0,2.0,15.9,0.81,1014.4,-99.0,0.0,-9.9,-99,-999,古q郡,17,チ动m,213
23.5535,120.4203,チ动,C0M760,2017-01-31T00:00:00+08:00,40.0,357.0,1.5,15.5,0.82,1014.3,-99.0,0.0,-9.9,-99,-999,古q郡,17,チ动m,213
23.5535,120.4203,チ动,C0M760,2017-01-31T01:00:00+08:00,40.0,346.0,1.6,15.3,0.82,1013.8,-99.0,0.0,-9.9,-99,-999,古q郡,17,チ动m,213
23.5535,120.4203,チ动,C0M760,2017-01-31T02:00:00+08:00,40.0,349.0,1.9,14.9,0.83,1013.6,-99.0,0.0,-9.9,-99,-999,古q郡,17,チ动m,213
23.5535,120.4203,チ动,C0M760,2017-01-31T03:00:00+08:00,40.0,26.0,1.6,14.7,0.84,1013.4,-99.0,0.0,-9.9,-99,-999,古q郡,17,チ动m,213
23.5535,120.4203,チ动,C0M760,2017-01-31T04:00:00+08:00,40.0,350.0,1.3,14.6,0.85,1013.5,-99.0,0.0,-9.9,-99,-999,古q郡,17,チ动m,213
23.5535,120.4203,チ动,C0M760,2017-01-31T05:00:00+08:00,40.0,7.0,1.1,14.5,0.85,1013.7,-99.0,0.0,-9.9,-99,-999,古q郡,17,チ动m,213
23.5535,120.4203,チ动,C0M760,2017-01-31T06:00:00+08:00,40.0,2.0,1.5,14.4,0.85,1014.2,-99.0,0.0,-9.9,-99,-999,古q郡,17,チ动m,213
23.5535,120.4203,チ动,C0M760,2017-01-31T07:00:00+08:00,40.0,2.0,1.1,14.5,0.84,1014.9,-99.0,0.0,-9.9,-99,-999,古q郡,17,チ动m,213
