23.5279,120.5474,뷂쎖,C0M700,2017-01-10T11:00:00+08:00,150.0,247.0,0.7,20.9,0.75,1002.3,-99.0,0.0,-9.9,-99,-999,좐잠찏,17,뷂쎖욠,215
23.5279,120.5474,뷂쎖,C0M700,2017-01-10T12:00:00+08:00,150.0,313.0,1.0,22.5,0.64,1001.5,-99.0,0.0,-9.9,-99,-999,좐잠찏,17,뷂쎖욠,215
23.5279,120.5474,뷂쎖,C0M700,2017-01-10T13:00:00+08:00,150.0,359.0,1.5,22.3,0.64,1000.6,-99.0,0.0,-9.9,-99,-999,좐잠찏,17,뷂쎖욠,215
23.5279,120.5474,뷂쎖,C0M700,2017-01-10T14:00:00+08:00,150.0,299.0,0.7,23.8,0.59,999.6,-99.0,0.0,-9.9,-99,-999,좐잠찏,17,뷂쎖욠,215
23.5279,120.5474,뷂쎖,C0M700,2017-01-10T15:00:00+08:00,150.0,304.0,1.0,24.2,0.55,999.3,-99.0,0.0,-9.9,-99,-999,좐잠찏,17,뷂쎖욠,215
23.5279,120.5474,뷂쎖,C0M700,2017-01-10T16:00:00+08:00,150.0,286.0,0.7,24.2,0.58,999.6,-99.0,0.0,-9.9,-99,-999,좐잠찏,17,뷂쎖욠,215
23.5279,120.5474,뷂쎖,C0M700,2017-01-10T17:00:00+08:00,150.0,314.0,0.5,22.8,0.63,1000.0,-99.0,0.0,-9.9,-99,-999,좐잠찏,17,뷂쎖욠,215
23.5279,120.5474,뷂쎖,C0M700,2017-01-10T18:00:00+08:00,150.0,84.0,0.6,20.3,0.87,1000.6,-99.0,0.0,-9.9,-99,-999,좐잠찏,17,뷂쎖욠,215
23.5279,120.5474,뷂쎖,C0M700,2017-01-10T19:00:00+08:00,150.0,303.0,0.6,18.8,0.95,1001.1,-99.0,0.0,-9.9,-99,-999,좐잠찏,17,뷂쎖욠,215
23.5279,120.5474,뷂쎖,C0M700,2017-01-10T20:00:00+08:00,150.0,0.0,0.0,17.6,0.99,1001.8,-99.0,0.0,-9.9,-99,-999,좐잠찏,17,뷂쎖욠,215
23.5279,120.5474,뷂쎖,C0M700,2017-01-10T21:00:00+08:00,150.0,137.0,0.4,16.5,0.99,1002.4,-99.0,0.0,-9.9,-99,-999,좐잠찏,17,뷂쎖욠,215
23.5279,120.5474,뷂쎖,C0M700,2017-01-10T22:00:00+08:00,150.0,0.0,0.0,16.2,0.99,1002.6,-99.0,0.0,-9.9,-99,-999,좐잠찏,17,뷂쎖욠,215
23.5279,120.5474,뷂쎖,C0M700,2017-01-10T23:00:00+08:00,150.0,102.0,0.7,15.6,0.99,1002.2,-99.0,0.0,-9.9,-99,-999,좐잠찏,17,뷂쎖욠,215
23.5279,120.5474,뷂쎖,C0M700,2017-01-11T00:00:00+08:00,150.0,0.0,0.0,16.2,0.99,1001.9,-99.0,0.0,-9.9,-99,-999,좐잠찏,17,뷂쎖욠,215
23.5279,120.5474,뷂쎖,C0M700,2017-01-11T01:00:00+08:00,150.0,139.0,0.3,15.9,0.99,1001.7,-99.0,0.0,-9.9,-99,-999,좐잠찏,17,뷂쎖욠,215
23.5279,120.5474,뷂쎖,C0M700,2017-01-11T02:00:00+08:00,150.0,86.0,1.1,15.7,0.99,1001.2,-99.0,0.0,-9.9,-99,-999,좐잠찏,17,뷂쎖욠,215
23.5279,120.5474,뷂쎖,C0M700,2017-01-11T03:00:00+08:00,150.0,99.0,0.6,15.1,0.99,1000.9,-99.0,0.0,-9.9,-99,-999,좐잠찏,17,뷂쎖욠,215
23.5279,120.5474,뷂쎖,C0M700,2017-01-11T04:00:00+08:00,150.0,300.0,0.6,15.1,0.99,1001.2,-99.0,0.0,-9.9,-99,-999,좐잠찏,17,뷂쎖욠,215
23.5279,120.5474,뷂쎖,C0M700,2017-01-11T05:00:00+08:00,150.0,0.0,0.0,14.6,0.99,1001.2,-99.0,0.0,-9.9,-99,-999,좐잠찏,17,뷂쎖욠,215
23.5279,120.5474,뷂쎖,C0M700,2017-01-11T06:00:00+08:00,150.0,0.0,0.0,14.2,0.99,1001.7,-99.0,0.0,-9.9,-99,-999,좐잠찏,17,뷂쎖욠,215
23.5279,120.5474,뷂쎖,C0M700,2017-01-11T07:00:00+08:00,150.0,0.0,0.0,14.2,0.99,1001.8,-99.0,0.0,-9.9,-99,-999,좐잠찏,17,뷂쎖욠,215
23.5279,120.5474,뷂쎖,C0M700,2017-01-11T08:00:00+08:00,150.0,144.0,1.1,15.3,0.99,1002.1,-99.0,0.0,-9.9,-99,-999,좐잠찏,17,뷂쎖욠,215
23.5279,120.5474,뷂쎖,C0M700,2017-01-11T09:00:00+08:00,150.0,0.0,0.0,18.4,0.94,1003.1,-99.0,0.0,-9.9,-99,-999,좐잠찏,17,뷂쎖욠,215
23.5279,120.5474,뷂쎖,C0M700,2017-01-11T10:00:00+08:00,150.0,232.0,0.5,20.6,0.74,1002.7,-99.0,0.0,-9.9,-99,-999,좐잠찏,17,뷂쎖욠,215
23.5279,120.5474,뷂쎖,C0M700,2017-01-11T11:00:00+08:00,150.0,253.0,0.8,22.6,0.67,1002.0,-99.0,0.0,-9.9,-99,-999,좐잠찏,17,뷂쎖욠,215
23.5279,120.5474,뷂쎖,C0M700,2017-01-11T12:00:00+08:00,150.0,240.0,1.4,22.9,0.65,1000.6,-99.0,0.0,-9.9,-99,-999,좐잠찏,17,뷂쎖욠,215
23.5279,120.5474,뷂쎖,C0M700,2017-01-11T13:00:00+08:00,150.0,235.0,1.3,24.0,0.58,999.2,-99.0,0.0,-9.9,-99,-999,좐잠찏,17,뷂쎖욠,215
23.5279,120.5474,뷂쎖,C0M700,2017-01-11T14:00:00+08:00,150.0,233.0,1.5,24.6,0.56,998.4,-99.0,0.0,-9.9,-99,-999,좐잠찏,17,뷂쎖욠,215
23.5279,120.5474,뷂쎖,C0M700,2017-01-11T15:00:00+08:00,150.0,240.0,0.8,25.2,0.53,997.8,-99.0,0.0,-9.9,-99,-999,좐잠찏,17,뷂쎖욠,215
23.5279,120.5474,뷂쎖,C0M700,2017-01-11T16:00:00+08:00,150.0,312.0,1.2,23.8,0.68,997.9,-99.0,0.0,-9.9,-99,-999,좐잠찏,17,뷂쎖욠,215
23.5279,120.5474,뷂쎖,C0M700,2017-01-11T17:00:00+08:00,150.0,310.0,1.0,22.0,0.76,998.7,-99.0,0.0,-9.9,-99,-999,좐잠찏,17,뷂쎖욠,215
23.5279,120.5474,뷂쎖,C0M700,2017-01-11T18:00:00+08:00,150.0,301.0,0.4,20.4,0.83,999.6,-99.0,0.0,-9.9,-99,-999,좐잠찏,17,뷂쎖욠,215
23.5279,120.5474,뷂쎖,C0M700,2017-01-11T19:00:00+08:00,150.0,331.0,0.3,19.7,0.91,1000.3,-99.0,0.0,-9.9,-99,-999,좐잠찏,17,뷂쎖욠,215
23.5279,120.5474,뷂쎖,C0M700,2017-01-11T20:00:00+08:00,150.0,0.0,0.0,19.3,0.95,1001.0,-99.0,0.0,-9.9,-99,-999,좐잠찏,17,뷂쎖욠,215
23.5279,120.5474,뷂쎖,C0M700,2017-01-11T21:00:00+08:00,150.0,0.0,0.0,18.7,0.99,1001.1,-99.0,0.0,-9.9,-99,-999,좐잠찏,17,뷂쎖욠,215
23.5279,120.5474,뷂쎖,C0M700,2017-01-11T22:00:00+08:00,150.0,293.0,0.3,18.3,0.99,1001.7,-99.0,0.0,-9.9,-99,-999,좐잠찏,17,뷂쎖욠,215
23.5279,120.5474,뷂쎖,C0M700,2017-01-11T23:00:00+08:00,150.0,0.0,0.0,18.3,0.99,1001.6,-99.0,0.0,-9.9,-99,-999,좐잠찏,17,뷂쎖욠,215
23.5279,120.5474,뷂쎖,C0M700,2017-01-12T00:00:00+08:00,150.0,1.0,0.3,17.8,0.99,1000.9,-99.0,0.0,-9.9,-99,-999,좐잠찏,17,뷂쎖욠,215
23.5279,120.5474,뷂쎖,C0M700,2017-01-12T01:00:00+08:00,150.0,105.0,0.9,17.7,0.99,1000.4,-99.0,0.0,-9.9,-99,-999,좐잠찏,17,뷂쎖욠,215
23.5279,120.5474,뷂쎖,C0M700,2017-01-12T02:00:00+08:00,150.0,0.0,0.0,17.7,0.99,1000.1,-99.0,0.0,-9.9,-99,-999,좐잠찏,17,뷂쎖욠,215
23.5279,120.5474,뷂쎖,C0M700,2017-01-12T03:00:00+08:00,150.0,102.0,0.5,17.7,0.99,999.7,-99.0,0.0,-9.9,-99,-999,좐잠찏,17,뷂쎖욠,215
23.5279,120.5474,뷂쎖,C0M700,2017-01-12T04:00:00+08:00,150.0,6.0,1.1,17.3,0.99,999.4,-99.0,0.0,-9.9,-99,-999,좐잠찏,17,뷂쎖욠,215
23.5279,120.5474,뷂쎖,C0M700,2017-01-12T05:00:00+08:00,150.0,247.0,0.3,17.5,0.99,999.4,-99.0,0.0,-9.9,-99,-999,좐잠찏,17,뷂쎖욠,215
23.5279,120.5474,뷂쎖,C0M700,2017-01-12T06:00:00+08:00,150.0,335.0,0.4,17.0,0.99,999.5,-99.0,0.0,-9.9,-99,-999,좐잠찏,17,뷂쎖욠,215
23.5279,120.5474,뷂쎖,C0M700,2017-01-12T07:00:00+08:00,150.0,0.0,0.0,16.9,0.99,999.6,-99.0,0.0,-9.9,-99,-999,좐잠찏,17,뷂쎖욠,215
23.5279,120.5474,뷂쎖,C0M700,2017-01-12T08:00:00+08:00,150.0,180.0,0.3,18.1,0.99,999.2,-99.0,0.0,-9.9,-99,-999,좐잠찏,17,뷂쎖욠,215
23.5279,120.5474,뷂쎖,C0M700,2017-01-12T09:00:00+08:00,150.0,0.0,0.0,21.0,0.91,999.1,-99.0,0.0,-9.9,-99,-999,좐잠찏,17,뷂쎖욠,215
23.5279,120.5474,뷂쎖,C0M700,2017-01-12T10:00:00+08:00,150.0,225.0,0.9,21.6,0.85,999.6,-99.0,0.0,-9.9,-99,-999,좐잠찏,17,뷂쎖욠,215
23.5279,120.5474,뷂쎖,C0M700,2017-01-12T11:00:00+08:00,150.0,303.0,1.2,22.1,0.84,999.0,-99.0,0.0,-9.9,-99,-999,좐잠찏,17,뷂쎖욠,215
23.5279,120.5474,뷂쎖,C0M700,2017-01-12T12:00:00+08:00,150.0,315.0,1.0,22.0,0.81,998.2,-99.0,0.0,-9.9,-99,-999,좐잠찏,17,뷂쎖욠,215
23.5279,120.5474,뷂쎖,C0M700,2017-01-12T13:00:00+08:00,150.0,345.0,0.6,22.0,0.81,997.1,-99.0,0.0,-9.9,-99,-999,좐잠찏,17,뷂쎖욠,215
23.5279,120.5474,뷂쎖,C0M700,2017-01-12T14:00:00+08:00,150.0,73.0,1.0,22.4,0.79,996.4,-99.0,0.0,-9.9,-99,-999,좐잠찏,17,뷂쎖욠,215
23.5279,120.5474,뷂쎖,C0M700,2017-01-12T15:00:00+08:00,150.0,78.0,0.4,23.0,0.75,995.9,-99.0,0.0,-9.9,-99,-999,좐잠찏,17,뷂쎖욠,215
23.5279,120.5474,뷂쎖,C0M700,2017-01-12T16:00:00+08:00,150.0,254.0,1.1,22.7,0.78,996.1,-99.0,0.0,-9.9,-99,-999,좐잠찏,17,뷂쎖욠,215
23.5279,120.5474,뷂쎖,C0M700,2017-01-12T17:00:00+08:00,150.0,330.0,1.0,21.1,0.95,996.6,-99.0,0.0,-9.9,-99,-999,좐잠찏,17,뷂쎖욠,215
23.5279,120.5474,뷂쎖,C0M700,2017-01-12T18:00:00+08:00,150.0,286.0,0.5,19.5,0.99,996.8,-99.0,0.0,-9.9,-99,-999,좐잠찏,17,뷂쎖욠,215
23.5279,120.5474,뷂쎖,C0M700,2017-01-12T19:00:00+08:00,150.0,350.0,1.3,18.6,0.99,997.5,-99.0,0.0,-9.9,-99,-999,좐잠찏,17,뷂쎖욠,215
23.5279,120.5474,뷂쎖,C0M700,2017-01-12T20:00:00+08:00,150.0,345.0,1.3,18.3,0.99,998.1,-99.0,0.0,-9.9,-99,-999,좐잠찏,17,뷂쎖욠,215
23.5279,120.5474,뷂쎖,C0M700,2017-01-12T21:00:00+08:00,150.0,336.0,0.3,18.5,0.99,998.4,-99.0,0.0,-9.9,-99,-999,좐잠찏,17,뷂쎖욠,215
23.5279,120.5474,뷂쎖,C0M700,2017-01-12T22:00:00+08:00,150.0,344.0,1.0,18.0,0.99,998.4,-99.0,0.0,-9.9,-99,-999,좐잠찏,17,뷂쎖욠,215
23.5279,120.5474,뷂쎖,C0M700,2017-01-12T23:00:00+08:00,150.0,239.0,0.3,18.0,0.99,998.3,-99.0,0.0,-9.9,-99,-999,좐잠찏,17,뷂쎖욠,215
23.5279,120.5474,뷂쎖,C0M700,2017-01-13T00:00:00+08:00,150.0,117.0,0.3,18.0,0.99,997.9,-99.0,0.0,-9.9,-99,-999,좐잠찏,17,뷂쎖욠,215
23.5279,120.5474,뷂쎖,C0M700,2017-01-13T01:00:00+08:00,150.0,346.0,0.4,18.0,0.99,997.6,-99.0,0.0,-9.9,-99,-999,좐잠찏,17,뷂쎖욠,215
23.5279,120.5474,뷂쎖,C0M700,2017-01-13T02:00:00+08:00,150.0,296.0,0.7,18.1,0.99,997.7,-99.0,0.0,-9.9,-99,-999,좐잠찏,17,뷂쎖욠,215
23.5279,120.5474,뷂쎖,C0M700,2017-01-13T03:00:00+08:00,150.0,219.0,0.4,18.1,0.99,997.3,-99.0,0.0,-9.9,-99,-999,좐잠찏,17,뷂쎖욠,215
23.5279,120.5474,뷂쎖,C0M700,2017-01-13T04:00:00+08:00,150.0,345.0,0.4,18.2,0.99,997.1,-99.0,0.0,-9.9,-99,-999,좐잠찏,17,뷂쎖욠,215
23.5279,120.5474,뷂쎖,C0M700,2017-01-13T05:00:00+08:00,150.0,0.0,0.2,18.2,0.99,996.4,-99.0,0.0,-9.9,-99,-999,좐잠찏,17,뷂쎖욠,215
23.5279,120.5474,뷂쎖,C0M700,2017-01-13T06:00:00+08:00,150.0,0.0,0.0,18.4,0.99,996.9,-99.0,0.0,-9.9,-99,-999,좐잠찏,17,뷂쎖욠,215
23.5279,120.5474,뷂쎖,C0M700,2017-01-13T07:00:00+08:00,150.0,233.0,1.1,18.1,0.99,997.3,-99.0,0.0,-9.9,-99,-999,좐잠찏,17,뷂쎖욠,215
23.5279,120.5474,뷂쎖,C0M700,2017-01-13T08:00:00+08:00,150.0,102.0,1.3,18.8,0.99,997.9,-99.0,0.0,-9.9,-99,-999,좐잠찏,17,뷂쎖욠,215
23.5279,120.5474,뷂쎖,C0M700,2017-01-13T09:00:00+08:00,150.0,335.0,0.8,18.6,0.99,998.5,-99.0,0.0,-9.9,-99,-999,좐잠찏,17,뷂쎖욠,215
23.5279,120.5474,뷂쎖,C0M700,2017-01-13T10:00:00+08:00,150.0,289.0,1.4,19.2,0.99,998.7,-99.0,0.0,-9.9,-99,-999,좐잠찏,17,뷂쎖욠,215
23.5279,120.5474,뷂쎖,C0M700,2017-01-13T11:00:00+08:00,150.0,309.0,0.8,19.7,0.98,997.8,-99.0,0.0,-9.9,-99,-999,좐잠찏,17,뷂쎖욠,215
23.5279,120.5474,뷂쎖,C0M700,2017-01-13T12:00:00+08:00,150.0,307.0,1.1,20.1,0.91,997.0,-99.0,0.0,-9.9,-99,-999,좐잠찏,17,뷂쎖욠,215
23.5279,120.5474,뷂쎖,C0M700,2017-01-13T13:00:00+08:00,150.0,15.0,0.4,22.2,0.80,996.0,-99.0,0.0,-9.9,-99,-999,좐잠찏,17,뷂쎖욠,215
23.5279,120.5474,뷂쎖,C0M700,2017-01-13T14:00:00+08:00,150.0,310.0,1.1,22.0,0.80,995.9,-99.0,0.0,-9.9,-99,-999,좐잠찏,17,뷂쎖욠,215
23.5279,120.5474,뷂쎖,C0M700,2017-01-13T15:00:00+08:00,150.0,317.0,1.1,20.1,0.81,996.2,-99.0,0.0,-9.9,-99,-999,좐잠찏,17,뷂쎖욠,215
23.5279,120.5474,뷂쎖,C0M700,2017-01-13T16:00:00+08:00,150.0,347.0,1.5,19.6,0.84,996.3,-99.0,0.0,-9.9,-99,-999,좐잠찏,17,뷂쎖욠,215
23.5279,120.5474,뷂쎖,C0M700,2017-01-13T17:00:00+08:00,150.0,345.0,1.5,18.4,0.88,996.5,-99.0,0.0,-9.9,-99,-999,좐잠찏,17,뷂쎖욠,215
23.5279,120.5474,뷂쎖,C0M700,2017-01-13T18:00:00+08:00,150.0,331.0,0.8,17.5,0.94,997.0,-99.0,0.0,-9.9,-99,-999,좐잠찏,17,뷂쎖욠,215
23.5279,120.5474,뷂쎖,C0M700,2017-01-13T19:00:00+08:00,150.0,353.0,0.9,17.2,0.94,997.3,-99.0,0.0,-9.9,-99,-999,좐잠찏,17,뷂쎖욠,215
23.5279,120.5474,뷂쎖,C0M700,2017-01-13T20:00:00+08:00,150.0,284.0,0.9,17.0,0.97,998.0,-99.0,0.0,-9.9,-99,-999,좐잠찏,17,뷂쎖욠,215
23.5279,120.5474,뷂쎖,C0M700,2017-01-13T21:00:00+08:00,150.0,346.0,0.7,16.6,0.99,998.4,-99.0,0.0,-9.9,-99,-999,좐잠찏,17,뷂쎖욠,215
23.5279,120.5474,뷂쎖,C0M700,2017-01-13T22:00:00+08:00,150.0,332.0,1.0,16.1,0.99,998.8,-99.0,0.0,-9.9,-99,-999,좐잠찏,17,뷂쎖욠,215
23.5279,120.5474,뷂쎖,C0M700,2017-01-13T23:00:00+08:00,150.0,0.0,0.2,16.3,0.99,998.3,-99.0,0.0,-9.9,-99,-999,좐잠찏,17,뷂쎖욠,215
23.5279,120.5474,뷂쎖,C0M700,2017-01-14T00:00:00+08:00,150.0,333.0,0.5,15.5,0.99,998.6,-99.0,0.0,-9.9,-99,-999,좐잠찏,17,뷂쎖욠,215
23.5279,120.5474,뷂쎖,C0M700,2017-01-14T01:00:00+08:00,150.0,339.0,0.5,15.4,0.99,998.6,-99.0,0.0,-9.9,-99,-999,좐잠찏,17,뷂쎖욠,215
23.5279,120.5474,뷂쎖,C0M700,2017-01-14T02:00:00+08:00,150.0,326.0,0.6,15.1,0.99,998.2,-99.0,0.0,-9.9,-99,-999,좐잠찏,17,뷂쎖욠,215
23.5279,120.5474,뷂쎖,C0M700,2017-01-14T03:00:00+08:00,150.0,0.0,0.0,15.4,0.99,998.5,-99.0,0.0,-9.9,-99,-999,좐잠찏,17,뷂쎖욠,215
23.5279,120.5474,뷂쎖,C0M700,2017-01-14T04:00:00+08:00,150.0,312.0,1.0,14.7,0.99,998.2,-99.0,0.5,-9.9,-99,-999,좐잠찏,17,뷂쎖욠,215
23.5279,120.5474,뷂쎖,C0M700,2017-01-14T05:00:00+08:00,150.0,266.0,0.4,14.8,0.99,998.1,-99.0,0.5,-9.9,-99,-999,좐잠찏,17,뷂쎖욠,215
23.5279,120.5474,뷂쎖,C0M700,2017-01-14T06:00:00+08:00,150.0,4.0,1.5,14.3,0.99,998.8,-99.0,0.5,-9.9,-99,-999,좐잠찏,17,뷂쎖욠,215
23.5279,120.5474,뷂쎖,C0M700,2017-01-14T07:00:00+08:00,150.0,336.0,1.1,14.2,0.99,999.4,-99.0,0.5,-9.9,-99,-999,좐잠찏,17,뷂쎖욠,215
23.5279,120.5474,뷂쎖,C0M700,2017-01-14T08:00:00+08:00,150.0,318.0,1.1,13.4,0.99,1000.3,-99.0,0.5,-9.9,-99,-999,좐잠찏,17,뷂쎖욠,215
23.5279,120.5474,뷂쎖,C0M700,2017-01-14T10:00:00+08:00,150.0,337.0,0.5,13.9,0.99,1001.5,-99.0,2.5,-9.9,-99,-999,좐잠찏,17,뷂쎖욠,215
23.5279,120.5474,뷂쎖,C0M700,2017-01-14T11:00:00+08:00,150.0,0.0,0.0,14.4,0.99,1000.7,-99.0,3.0,-9.9,-99,-999,좐잠찏,17,뷂쎖욠,215
23.5279,120.5474,뷂쎖,C0M700,2017-01-14T12:00:00+08:00,150.0,336.0,0.9,14.2,0.99,1000.0,-99.0,3.0,-9.9,-99,-999,좐잠찏,17,뷂쎖욠,215
23.5279,120.5474,뷂쎖,C0M700,2017-01-14T13:00:00+08:00,150.0,13.0,0.7,14.7,0.99,999.1,-99.0,3.0,-9.9,-99,-999,좐잠찏,17,뷂쎖욠,215
23.5279,120.5474,뷂쎖,C0M700,2017-01-14T14:00:00+08:00,150.0,0.0,0.0,15.0,0.99,998.3,-99.0,3.0,-9.9,-99,-999,좐잠찏,17,뷂쎖욠,215
23.5279,120.5474,뷂쎖,C0M700,2017-01-14T15:00:00+08:00,150.0,307.0,0.5,15.5,0.99,998.5,-99.0,3.0,-9.9,-99,-999,좐잠찏,17,뷂쎖욠,215
23.5279,120.5474,뷂쎖,C0M700,2017-01-14T16:00:00+08:00,150.0,322.0,0.5,15.5,0.99,998.7,-99.0,3.0,-9.9,-99,-999,좐잠찏,17,뷂쎖욠,215
23.5279,120.5474,뷂쎖,C0M700,2017-01-14T17:00:00+08:00,150.0,1.0,0.8,15.8,0.99,998.8,-99.0,3.0,-9.9,-99,-999,좐잠찏,17,뷂쎖욠,215
23.5279,120.5474,뷂쎖,C0M700,2017-01-14T18:00:00+08:00,150.0,0.0,0.2,16.1,0.99,1000.3,-99.0,3.0,-9.9,-99,-999,좐잠찏,17,뷂쎖욠,215
23.5279,120.5474,뷂쎖,C0M700,2017-01-14T19:00:00+08:00,150.0,0.0,0.2,16.1,0.99,1000.9,-99.0,3.0,-9.9,-99,-999,좐잠찏,17,뷂쎖욠,215
23.5279,120.5474,뷂쎖,C0M700,2017-01-14T20:00:00+08:00,150.0,345.0,0.5,15.6,0.99,1001.4,-99.0,3.0,-9.9,-99,-999,좐잠찏,17,뷂쎖욠,215
23.5279,120.5474,뷂쎖,C0M700,2017-01-14T21:00:00+08:00,150.0,330.0,0.7,15.1,0.99,1001.6,-99.0,3.0,-9.9,-99,-999,좐잠찏,17,뷂쎖욠,215
23.5279,120.5474,뷂쎖,C0M700,2017-01-14T22:00:00+08:00,150.0,350.0,0.9,14.9,0.99,1001.7,-99.0,3.0,-9.9,-99,-999,좐잠찏,17,뷂쎖욠,215
23.5279,120.5474,뷂쎖,C0M700,2017-01-14T23:00:00+08:00,150.0,149.0,0.5,14.9,0.99,1001.7,-99.0,3.0,-9.9,-99,-999,좐잠찏,17,뷂쎖욠,215
23.5279,120.5474,뷂쎖,C0M700,2017-01-15T00:00:00+08:00,150.0,33.0,0.3,15.2,0.99,1002.1,-99.0,3.0,-9.9,-99,-999,좐잠찏,17,뷂쎖욠,215
23.5279,120.5474,뷂쎖,C0M700,2017-01-15T01:00:00+08:00,150.0,216.0,0.3,14.9,0.99,1002.1,-99.0,0.0,-9.9,-99,-999,좐잠찏,17,뷂쎖욠,215
23.5279,120.5474,뷂쎖,C0M700,2017-01-15T02:00:00+08:00,150.0,349.0,1.2,14.7,0.99,1001.8,-99.0,0.0,-9.9,-99,-999,좐잠찏,17,뷂쎖욠,215
23.5279,120.5474,뷂쎖,C0M700,2017-01-15T03:00:00+08:00,150.0,102.0,1.5,15.2,0.99,1000.7,-99.0,0.0,-9.9,-99,-999,좐잠찏,17,뷂쎖욠,215
23.5279,120.5474,뷂쎖,C0M700,2017-01-15T04:00:00+08:00,150.0,256.0,0.8,14.7,0.99,1000.9,-99.0,0.0,-9.9,-99,-999,좐잠찏,17,뷂쎖욠,215
23.5279,120.5474,뷂쎖,C0M700,2017-01-15T05:00:00+08:00,150.0,276.0,1.0,14.3,0.99,1001.0,-99.0,0.0,-9.9,-99,-999,좐잠찏,17,뷂쎖욠,215
23.5279,120.5474,뷂쎖,C0M700,2017-01-15T06:00:00+08:00,150.0,234.0,0.7,14.2,0.99,1001.4,-99.0,0.0,-9.9,-99,-999,좐잠찏,17,뷂쎖욠,215
23.5279,120.5474,뷂쎖,C0M700,2017-01-15T07:00:00+08:00,150.0,138.0,0.9,14.4,0.99,1002.2,-99.0,0.0,-9.9,-99,-999,좐잠찏,17,뷂쎖욠,215
23.5279,120.5474,뷂쎖,C0M700,2017-01-15T08:00:00+08:00,150.0,87.0,0.3,14.6,0.99,1003.0,-99.0,0.0,-9.9,-99,-999,좐잠찏,17,뷂쎖욠,215
23.5279,120.5474,뷂쎖,C0M700,2017-01-15T09:00:00+08:00,150.0,295.0,0.6,14.9,0.99,1003.6,-99.0,0.0,-9.9,-99,-999,좐잠찏,17,뷂쎖욠,215
23.5279,120.5474,뷂쎖,C0M700,2017-01-15T10:00:00+08:00,150.0,341.0,0.4,15.0,0.99,1003.7,-99.0,0.0,-9.9,-99,-999,좐잠찏,17,뷂쎖욠,215
23.5279,120.5474,뷂쎖,C0M700,2017-01-15T11:00:00+08:00,150.0,261.0,1.9,15.6,0.99,1003.1,-99.0,0.0,-9.9,-99,-999,좐잠찏,17,뷂쎖욠,215
23.5279,120.5474,뷂쎖,C0M700,2017-01-15T12:00:00+08:00,150.0,324.0,0.9,16.3,0.97,1002.4,-99.0,0.0,-9.9,-99,-999,좐잠찏,17,뷂쎖욠,215
23.5279,120.5474,뷂쎖,C0M700,2017-01-15T13:00:00+08:00,150.0,341.0,0.7,16.9,0.93,1001.6,-99.0,0.0,-9.9,-99,-999,좐잠찏,17,뷂쎖욠,215
23.5279,120.5474,뷂쎖,C0M700,2017-01-15T14:00:00+08:00,150.0,242.0,1.1,18.4,0.87,1000.6,-99.0,0.0,-9.9,-99,-999,좐잠찏,17,뷂쎖욠,215
23.5279,120.5474,뷂쎖,C0M700,2017-01-15T15:00:00+08:00,150.0,310.0,0.6,18.7,0.85,1000.5,-99.0,0.0,-9.9,-99,-999,좐잠찏,17,뷂쎖욠,215
23.5279,120.5474,뷂쎖,C0M700,2017-01-15T16:00:00+08:00,150.0,326.0,0.8,18.6,0.87,1000.7,-99.0,0.0,-9.9,-99,-999,좐잠찏,17,뷂쎖욠,215
23.5279,120.5474,뷂쎖,C0M700,2017-01-15T17:00:00+08:00,150.0,327.0,0.6,17.8,0.94,1000.9,-99.0,0.0,-9.9,-99,-999,좐잠찏,17,뷂쎖욠,215
23.5279,120.5474,뷂쎖,C0M700,2017-01-15T18:00:00+08:00,150.0,336.0,0.8,17.1,0.99,1001.4,-99.0,0.0,-9.9,-99,-999,좐잠찏,17,뷂쎖욠,215
23.5279,120.5474,뷂쎖,C0M700,2017-01-15T19:00:00+08:00,150.0,314.0,1.0,16.0,0.90,1001.9,-99.0,0.0,-9.9,-99,-999,좐잠찏,17,뷂쎖욠,215
23.5279,120.5474,뷂쎖,C0M700,2017-01-15T20:00:00+08:00,150.0,338.0,1.0,15.6,0.92,1002.6,-99.0,0.0,-9.9,-99,-999,좐잠찏,17,뷂쎖욠,215
23.5279,120.5474,뷂쎖,C0M700,2017-01-15T21:00:00+08:00,150.0,0.0,0.0,15.6,0.97,1002.7,-99.0,0.0,-9.9,-99,-999,좐잠찏,17,뷂쎖욠,215
23.5279,120.5474,뷂쎖,C0M700,2017-01-15T22:00:00+08:00,150.0,312.0,0.7,15.1,0.97,1002.7,-99.0,0.0,-9.9,-99,-999,좐잠찏,17,뷂쎖욠,215
23.5279,120.5474,뷂쎖,C0M700,2017-01-15T23:00:00+08:00,150.0,0.0,0.0,14.9,0.98,1002.8,-99.0,0.0,-9.9,-99,-999,좐잠찏,17,뷂쎖욠,215
23.5279,120.5474,뷂쎖,C0M700,2017-01-16T00:00:00+08:00,150.0,0.0,0.2,14.5,0.99,1003.2,-99.0,0.0,-9.9,-99,-999,좐잠찏,17,뷂쎖욠,215
23.5279,120.5474,뷂쎖,C0M700,2017-01-16T01:00:00+08:00,150.0,326.0,0.7,14.3,0.99,1002.9,-99.0,0.0,-9.9,-99,-999,좐잠찏,17,뷂쎖욠,215
23.5279,120.5474,뷂쎖,C0M700,2017-01-16T02:00:00+08:00,150.0,3.0,0.6,14.2,0.99,1002.6,-99.0,0.0,-9.9,-99,-999,좐잠찏,17,뷂쎖욠,215
23.5279,120.5474,뷂쎖,C0M700,2017-01-16T03:00:00+08:00,150.0,91.0,1.0,14.2,0.99,1002.3,-99.0,0.0,-9.9,-99,-999,좐잠찏,17,뷂쎖욠,215
23.5279,120.5474,뷂쎖,C0M700,2017-01-16T04:00:00+08:00,150.0,285.0,1.2,14.0,0.99,1002.2,-99.0,0.0,-9.9,-99,-999,좐잠찏,17,뷂쎖욠,215
23.5279,120.5474,뷂쎖,C0M700,2017-01-16T05:00:00+08:00,150.0,340.0,1.0,14.1,0.99,1002.5,-99.0,0.0,-9.9,-99,-999,좐잠찏,17,뷂쎖욠,215
23.5279,120.5474,뷂쎖,C0M700,2017-01-16T06:00:00+08:00,150.0,352.0,1.0,13.8,0.99,1002.8,-99.0,0.0,-9.9,-99,-999,좐잠찏,17,뷂쎖욠,215
23.5279,120.5474,뷂쎖,C0M700,2017-01-16T07:00:00+08:00,150.0,108.0,0.5,14.0,0.99,1002.9,-99.0,0.0,-9.9,-99,-999,좐잠찏,17,뷂쎖욠,215
23.5279,120.5474,뷂쎖,C0M700,2017-01-16T08:00:00+08:00,150.0,302.0,0.6,14.4,0.99,1003.0,-99.0,0.0,-9.9,-99,-999,좐잠찏,17,뷂쎖욠,215
23.5279,120.5474,뷂쎖,C0M700,2017-01-16T10:00:00+08:00,150.0,83.0,0.3,16.2,0.99,1003.7,-99.0,0.0,-9.9,-99,-999,좐잠찏,17,뷂쎖욠,215
23.5279,120.5474,뷂쎖,C0M700,2017-01-16T11:00:00+08:00,150.0,278.0,0.4,16.2,0.99,1003.5,-99.0,0.0,-9.9,-99,-999,좐잠찏,17,뷂쎖욠,215
23.5279,120.5474,뷂쎖,C0M700,2017-01-16T12:00:00+08:00,150.0,271.0,0.6,17.0,0.96,1002.7,-99.0,0.0,-9.9,-99,-999,좐잠찏,17,뷂쎖욠,215
23.5279,120.5474,뷂쎖,C0M700,2017-01-16T13:00:00+08:00,150.0,262.0,0.8,18.6,0.87,1001.5,-99.0,0.0,-9.9,-99,-999,좐잠찏,17,뷂쎖욠,215
23.5279,120.5474,뷂쎖,C0M700,2017-01-16T14:00:00+08:00,150.0,266.0,0.6,20.5,0.77,1000.4,-99.0,0.0,-9.9,-99,-999,좐잠찏,17,뷂쎖욠,215
23.5279,120.5474,뷂쎖,C0M700,2017-01-16T15:00:00+08:00,150.0,310.0,0.8,20.3,0.75,1000.0,-99.0,0.0,-9.9,-99,-999,좐잠찏,17,뷂쎖욠,215
23.5279,120.5474,뷂쎖,C0M700,2017-01-16T16:00:00+08:00,150.0,281.0,1.2,19.5,0.77,1000.2,-99.0,0.0,-9.9,-99,-999,좐잠찏,17,뷂쎖욠,215
23.5279,120.5474,뷂쎖,C0M700,2017-01-16T17:00:00+08:00,150.0,323.0,0.6,19.1,0.82,1000.6,-99.0,0.0,-9.9,-99,-999,좐잠찏,17,뷂쎖욠,215
23.5279,120.5474,뷂쎖,C0M700,2017-01-16T18:00:00+08:00,150.0,325.0,0.3,18.6,0.88,1001.3,-99.0,0.0,-9.9,-99,-999,좐잠찏,17,뷂쎖욠,215
23.5279,120.5474,뷂쎖,C0M700,2017-01-16T19:00:00+08:00,150.0,291.0,0.3,18.1,0.83,1002.2,-99.0,0.0,-9.9,-99,-999,좐잠찏,17,뷂쎖욠,215
23.5279,120.5474,뷂쎖,C0M700,2017-01-16T20:00:00+08:00,150.0,4.0,0.4,17.6,0.88,1002.9,-99.0,0.0,-9.9,-99,-999,좐잠찏,17,뷂쎖욠,215
23.5279,120.5474,뷂쎖,C0M700,2017-01-16T21:00:00+08:00,150.0,281.0,0.4,15.7,0.99,1003.4,-99.0,0.0,-9.9,-99,-999,좐잠찏,17,뷂쎖욠,215
23.5279,120.5474,뷂쎖,C0M700,2017-01-16T22:00:00+08:00,150.0,135.0,0.4,14.8,0.99,1003.6,-99.0,0.0,-9.9,-99,-999,좐잠찏,17,뷂쎖욠,215
23.5279,120.5474,뷂쎖,C0M700,2017-01-16T23:00:00+08:00,150.0,0.0,0.0,14.4,0.99,1003.9,-99.0,0.0,-9.9,-99,-999,좐잠찏,17,뷂쎖욠,215
23.5279,120.5474,뷂쎖,C0M700,2017-01-17T00:00:00+08:00,150.0,0.0,0.0,14.9,0.99,1003.6,-99.0,0.0,-9.9,-99,-999,좐잠찏,17,뷂쎖욠,215
23.5279,120.5474,뷂쎖,C0M700,2017-01-17T01:00:00+08:00,150.0,72.0,0.7,14.1,0.99,1003.2,-99.0,0.0,-9.9,-99,-999,좐잠찏,17,뷂쎖욠,215
23.5279,120.5474,뷂쎖,C0M700,2017-01-17T02:00:00+08:00,150.0,0.0,0.0,14.0,0.99,1003.5,-99.0,0.0,-9.9,-99,-999,좐잠찏,17,뷂쎖욠,215
23.5279,120.5474,뷂쎖,C0M700,2017-01-17T03:00:00+08:00,150.0,84.0,1.6,15.1,0.99,1003.8,-99.0,0.0,-9.9,-99,-999,좐잠찏,17,뷂쎖욠,215
23.5279,120.5474,뷂쎖,C0M700,2017-01-17T04:00:00+08:00,150.0,81.0,1.4,15.6,0.99,1003.1,-99.0,0.0,-9.9,-99,-999,좐잠찏,17,뷂쎖욠,215
23.5279,120.5474,뷂쎖,C0M700,2017-01-17T05:00:00+08:00,150.0,235.0,0.4,14.7,0.99,1003.6,-99.0,0.0,-9.9,-99,-999,좐잠찏,17,뷂쎖욠,215
23.5279,120.5474,뷂쎖,C0M700,2017-01-17T06:00:00+08:00,150.0,299.0,0.5,14.0,0.99,1003.4,-99.0,0.0,-9.9,-99,-999,좐잠찏,17,뷂쎖욠,215
23.5279,120.5474,뷂쎖,C0M700,2017-01-17T07:00:00+08:00,150.0,270.0,0.4,13.5,0.99,1004.3,-99.0,0.0,-9.9,-99,-999,좐잠찏,17,뷂쎖욠,215
23.5279,120.5474,뷂쎖,C0M700,2017-01-17T08:00:00+08:00,150.0,89.0,0.5,15.0,0.99,1004.9,-99.0,0.0,-9.9,-99,-999,좐잠찏,17,뷂쎖욠,215
23.5279,120.5474,뷂쎖,C0M700,2017-01-17T09:00:00+08:00,150.0,128.0,0.5,16.8,0.99,1005.2,-99.0,0.0,-9.9,-99,-999,좐잠찏,17,뷂쎖욠,215
23.5279,120.5474,뷂쎖,C0M700,2017-01-17T10:00:00+08:00,150.0,248.0,0.7,18.6,0.88,1005.2,-99.0,0.0,-9.9,-99,-999,좐잠찏,17,뷂쎖욠,215
23.5279,120.5474,뷂쎖,C0M700,2017-01-17T11:00:00+08:00,150.0,3.0,0.6,20.7,0.76,1004.6,-99.0,0.0,-9.9,-99,-999,좐잠찏,17,뷂쎖욠,215
23.5279,120.5474,뷂쎖,C0M700,2017-01-17T12:00:00+08:00,150.0,14.0,0.9,22.0,0.67,1003.5,-99.0,0.0,-9.9,-99,-999,좐잠찏,17,뷂쎖욠,215
23.5279,120.5474,뷂쎖,C0M700,2017-01-17T13:00:00+08:00,150.0,329.0,1.3,22.5,0.64,1002.7,-99.0,0.0,-9.9,-99,-999,좐잠찏,17,뷂쎖욠,215
23.5279,120.5474,뷂쎖,C0M700,2017-01-17T14:00:00+08:00,150.0,297.0,1.3,22.2,0.64,1002.3,-99.0,0.0,-9.9,-99,-999,좐잠찏,17,뷂쎖욠,215
23.5279,120.5474,뷂쎖,C0M700,2017-01-17T15:00:00+08:00,150.0,323.0,1.5,20.9,0.76,1002.1,-99.0,0.0,-9.9,-99,-999,좐잠찏,17,뷂쎖욠,215
23.5279,120.5474,뷂쎖,C0M700,2017-01-17T16:00:00+08:00,150.0,344.0,2.4,20.3,0.80,1002.4,-99.0,0.0,-9.9,-99,-999,좐잠찏,17,뷂쎖욠,215
23.5279,120.5474,뷂쎖,C0M700,2017-01-17T17:00:00+08:00,150.0,318.0,0.7,19.7,0.85,1002.8,-99.0,0.0,-9.9,-99,-999,좐잠찏,17,뷂쎖욠,215
23.5279,120.5474,뷂쎖,C0M700,2017-01-17T18:00:00+08:00,150.0,337.0,1.0,18.9,0.89,1003.5,-99.0,0.0,-9.9,-99,-999,좐잠찏,17,뷂쎖욠,215
23.5279,120.5474,뷂쎖,C0M700,2017-01-17T19:00:00+08:00,150.0,342.0,0.8,17.7,0.99,1004.2,-99.0,0.0,-9.9,-99,-999,좐잠찏,17,뷂쎖욠,215
23.5279,120.5474,뷂쎖,C0M700,2017-01-17T20:00:00+08:00,150.0,20.0,0.5,17.0,0.99,1004.8,-99.0,0.0,-9.9,-99,-999,좐잠찏,17,뷂쎖욠,215
23.5279,120.5474,뷂쎖,C0M700,2017-01-17T21:00:00+08:00,150.0,0.0,0.2,16.8,0.99,1005.1,-99.0,0.0,-9.9,-99,-999,좐잠찏,17,뷂쎖욠,215
23.5279,120.5474,뷂쎖,C0M700,2017-01-17T22:00:00+08:00,150.0,0.0,0.0,16.9,0.99,1005.4,-99.0,0.0,-9.9,-99,-999,좐잠찏,17,뷂쎖욠,215
23.5279,120.5474,뷂쎖,C0M700,2017-01-17T23:00:00+08:00,150.0,0.0,0.0,16.3,0.99,1005.9,-99.0,0.0,-9.9,-99,-999,좐잠찏,17,뷂쎖욠,215
23.5279,120.5474,뷂쎖,C0M700,2017-01-18T00:00:00+08:00,150.0,0.0,0.0,15.5,0.99,1005.6,-99.0,0.0,-9.9,-99,-999,좐잠찏,17,뷂쎖욠,215
23.5279,120.5474,뷂쎖,C0M700,2017-01-18T01:00:00+08:00,150.0,0.0,0.0,15.0,0.99,1005.6,-99.0,0.0,-9.9,-99,-999,좐잠찏,17,뷂쎖욠,215
23.5279,120.5474,뷂쎖,C0M700,2017-01-18T02:00:00+08:00,150.0,273.0,0.4,14.8,0.99,1005.7,-99.0,0.0,-9.9,-99,-999,좐잠찏,17,뷂쎖욠,215
23.5279,120.5474,뷂쎖,C0M700,2017-01-18T03:00:00+08:00,150.0,84.0,0.8,15.1,0.99,1005.5,-99.0,0.0,-9.9,-99,-999,좐잠찏,17,뷂쎖욠,215
23.5279,120.5474,뷂쎖,C0M700,2017-01-18T04:00:00+08:00,150.0,0.0,0.0,15.9,0.99,1005.4,-99.0,0.0,-9.9,-99,-999,좐잠찏,17,뷂쎖욠,215
23.5279,120.5474,뷂쎖,C0M700,2017-01-18T05:00:00+08:00,150.0,0.0,0.2,16.0,0.99,1005.6,-99.0,0.0,-9.9,-99,-999,좐잠찏,17,뷂쎖욠,215
23.5279,120.5474,뷂쎖,C0M700,2017-01-18T06:00:00+08:00,150.0,97.0,1.3,16.0,0.99,1005.6,-99.0,0.0,-9.9,-99,-999,좐잠찏,17,뷂쎖욠,215
23.5279,120.5474,뷂쎖,C0M700,2017-01-18T07:00:00+08:00,150.0,111.0,0.4,14.7,0.99,1005.6,-99.0,0.0,-9.9,-99,-999,좐잠찏,17,뷂쎖욠,215
23.5279,120.5474,뷂쎖,C0M700,2017-01-18T08:00:00+08:00,150.0,102.0,1.1,15.5,0.99,1006.3,-99.0,0.0,-9.9,-99,-999,좐잠찏,17,뷂쎖욠,215
23.5279,120.5474,뷂쎖,C0M700,2017-01-18T10:00:00+08:00,150.0,306.0,0.7,19.7,0.86,1006.0,-99.0,0.0,-9.9,-99,-999,좐잠찏,17,뷂쎖욠,215
23.5279,120.5474,뷂쎖,C0M700,2017-01-18T11:00:00+08:00,150.0,323.0,1.2,21.9,0.72,1005.2,-99.0,0.0,-9.9,-99,-999,좐잠찏,17,뷂쎖욠,215
23.5279,120.5474,뷂쎖,C0M700,2017-01-18T12:00:00+08:00,150.0,99.0,1.0,23.7,0.63,1003.9,-99.0,0.0,-9.9,-99,-999,좐잠찏,17,뷂쎖욠,215
23.5279,120.5474,뷂쎖,C0M700,2017-01-18T13:00:00+08:00,150.0,261.0,1.5,24.9,0.56,1002.6,-99.0,0.0,-9.9,-99,-999,좐잠찏,17,뷂쎖욠,215
23.5279,120.5474,뷂쎖,C0M700,2017-01-18T14:00:00+08:00,150.0,307.0,1.2,25.0,0.59,1002.3,-99.0,0.0,-9.9,-99,-999,좐잠찏,17,뷂쎖욠,215
23.5279,120.5474,뷂쎖,C0M700,2017-01-18T15:00:00+08:00,150.0,339.0,2.2,23.3,0.74,1002.3,-99.0,0.0,-9.9,-99,-999,좐잠찏,17,뷂쎖욠,215
23.5279,120.5474,뷂쎖,C0M700,2017-01-18T16:00:00+08:00,150.0,346.0,2.4,22.0,0.82,1002.5,-99.0,0.0,-9.9,-99,-999,좐잠찏,17,뷂쎖욠,215
23.5279,120.5474,뷂쎖,C0M700,2017-01-18T17:00:00+08:00,150.0,351.0,2.8,20.8,0.91,1002.7,-99.0,0.0,-9.9,-99,-999,좐잠찏,17,뷂쎖욠,215
23.5279,120.5474,뷂쎖,C0M700,2017-01-18T18:00:00+08:00,150.0,339.0,1.4,20.1,0.97,1002.9,-99.0,0.0,-9.9,-99,-999,좐잠찏,17,뷂쎖욠,215
23.5279,120.5474,뷂쎖,C0M700,2017-01-18T19:00:00+08:00,150.0,359.0,0.7,19.3,0.99,1003.5,-99.0,0.0,-9.9,-99,-999,좐잠찏,17,뷂쎖욠,215
23.5279,120.5474,뷂쎖,C0M700,2017-01-18T20:00:00+08:00,150.0,0.0,0.0,18.5,0.99,1003.9,-99.0,0.0,-9.9,-99,-999,좐잠찏,17,뷂쎖욠,215
23.5279,120.5474,뷂쎖,C0M700,2017-01-18T21:00:00+08:00,150.0,0.0,0.2,18.3,0.99,1004.5,-99.0,0.0,-9.9,-99,-999,좐잠찏,17,뷂쎖욠,215
23.5279,120.5474,뷂쎖,C0M700,2017-01-18T22:00:00+08:00,150.0,0.0,0.0,18.2,0.99,1004.5,-99.0,0.0,-9.9,-99,-999,좐잠찏,17,뷂쎖욠,215
23.5279,120.5474,뷂쎖,C0M700,2017-01-18T23:00:00+08:00,150.0,0.0,0.0,17.7,0.99,1004.3,-99.0,0.0,-9.9,-99,-999,좐잠찏,17,뷂쎖욠,215
23.5279,120.5474,뷂쎖,C0M700,2017-01-19T00:00:00+08:00,150.0,0.0,0.0,17.2,0.99,1004.3,-99.0,0.0,-9.9,-99,-999,좐잠찏,17,뷂쎖욠,215
23.5279,120.5474,뷂쎖,C0M700,2017-01-19T01:00:00+08:00,150.0,0.0,0.0,17.2,0.99,1004.1,-99.0,0.0,-9.9,-99,-999,좐잠찏,17,뷂쎖욠,215
23.5279,120.5474,뷂쎖,C0M700,2017-01-19T02:00:00+08:00,150.0,86.0,1.3,16.7,0.99,1003.7,-99.0,0.0,-9.9,-99,-999,좐잠찏,17,뷂쎖욠,215
23.5279,120.5474,뷂쎖,C0M700,2017-01-19T03:00:00+08:00,150.0,304.0,0.3,16.3,0.99,1003.8,-99.0,0.0,-9.9,-99,-999,좐잠찏,17,뷂쎖욠,215
23.5279,120.5474,뷂쎖,C0M700,2017-01-19T04:00:00+08:00,150.0,87.0,0.8,16.6,0.99,1004.1,-99.0,0.0,-9.9,-99,-999,좐잠찏,17,뷂쎖욠,215
23.5279,120.5474,뷂쎖,C0M700,2017-01-19T05:00:00+08:00,150.0,175.0,0.3,16.7,0.99,1004.1,-99.0,0.0,-9.9,-99,-999,좐잠찏,17,뷂쎖욠,215
23.5279,120.5474,뷂쎖,C0M700,2017-01-19T06:00:00+08:00,150.0,86.0,1.4,16.2,0.99,1003.9,-99.0,0.0,-9.9,-99,-999,좐잠찏,17,뷂쎖욠,215
23.5279,120.5474,뷂쎖,C0M700,2017-01-19T07:00:00+08:00,150.0,186.0,0.6,15.8,0.99,1004.4,-99.0,0.0,-9.9,-99,-999,좐잠찏,17,뷂쎖욠,215
23.5279,120.5474,뷂쎖,C0M700,2017-01-19T08:00:00+08:00,150.0,347.0,0.3,16.7,0.99,1005.0,-99.0,0.0,-9.9,-99,-999,좐잠찏,17,뷂쎖욠,215
23.5279,120.5474,뷂쎖,C0M700,2017-01-19T09:00:00+08:00,150.0,0.0,0.2,19.4,0.99,1005.2,-99.0,0.0,-9.9,-99,-999,좐잠찏,17,뷂쎖욠,215
23.5279,120.5474,뷂쎖,C0M700,2017-01-19T10:00:00+08:00,150.0,248.0,0.4,22.7,0.75,1004.6,-99.0,0.0,-9.9,-99,-999,좐잠찏,17,뷂쎖욠,215
23.5279,120.5474,뷂쎖,C0M700,2017-01-19T11:00:00+08:00,150.0,323.0,1.6,23.7,0.74,1004.1,-99.0,0.0,-9.9,-99,-999,좐잠찏,17,뷂쎖욠,215
23.5279,120.5474,뷂쎖,C0M700,2017-01-19T12:00:00+08:00,150.0,330.0,2.3,24.4,0.65,1002.8,-99.0,0.0,-9.9,-99,-999,좐잠찏,17,뷂쎖욠,215
23.5279,120.5474,뷂쎖,C0M700,2017-01-19T13:00:00+08:00,150.0,341.0,2.2,25.3,0.55,1001.5,-99.0,0.0,-9.9,-99,-999,좐잠찏,17,뷂쎖욠,215
23.5279,120.5474,뷂쎖,C0M700,2017-01-19T14:00:00+08:00,150.0,346.0,1.8,26.2,0.53,1000.5,-99.0,0.0,-9.9,-99,-999,좐잠찏,17,뷂쎖욠,215
23.5279,120.5474,뷂쎖,C0M700,2017-01-19T15:00:00+08:00,150.0,319.0,1.1,26.0,0.61,1000.3,-99.0,0.0,-9.9,-99,-999,좐잠찏,17,뷂쎖욠,215
23.5279,120.5474,뷂쎖,C0M700,2017-01-19T16:00:00+08:00,150.0,310.0,1.7,25.1,0.65,1000.3,-99.0,0.0,-9.9,-99,-999,좐잠찏,17,뷂쎖욠,215
23.5279,120.5474,뷂쎖,C0M700,2017-01-19T17:00:00+08:00,150.0,331.0,1.4,21.4,0.88,1000.8,-99.0,0.0,-9.9,-99,-999,좐잠찏,17,뷂쎖욠,215
23.5279,120.5474,뷂쎖,C0M700,2017-01-19T18:00:00+08:00,150.0,355.0,2.1,20.3,0.95,1001.3,-99.0,0.0,-9.9,-99,-999,좐잠찏,17,뷂쎖욠,215
23.5279,120.5474,뷂쎖,C0M700,2017-01-19T19:00:00+08:00,150.0,354.0,1.7,19.3,0.99,1001.8,-99.0,0.0,-9.9,-99,-999,좐잠찏,17,뷂쎖욠,215
23.5279,120.5474,뷂쎖,C0M700,2017-01-19T20:00:00+08:00,150.0,7.0,0.8,18.9,0.99,1002.3,-99.0,0.0,-9.9,-99,-999,좐잠찏,17,뷂쎖욠,215
23.5279,120.5474,뷂쎖,C0M700,2017-01-19T21:00:00+08:00,150.0,347.0,0.8,17.8,0.99,1002.6,-99.0,0.0,-9.9,-99,-999,좐잠찏,17,뷂쎖욠,215
23.5279,120.5474,뷂쎖,C0M700,2017-01-19T22:00:00+08:00,150.0,75.0,0.4,18.1,0.99,1002.8,-99.0,0.0,-9.9,-99,-999,좐잠찏,17,뷂쎖욠,215
23.5279,120.5474,뷂쎖,C0M700,2017-01-19T23:00:00+08:00,150.0,0.0,0.2,17.4,0.99,1002.9,-99.0,0.0,-9.9,-99,-999,좐잠찏,17,뷂쎖욠,215
23.5279,120.5474,뷂쎖,C0M700,2017-01-20T00:00:00+08:00,150.0,91.0,1.2,16.5,0.99,1002.8,-99.0,0.0,-9.9,-99,-999,좐잠찏,17,뷂쎖욠,215
23.5279,120.5474,뷂쎖,C0M700,2017-01-20T01:00:00+08:00,150.0,0.0,0.0,16.4,0.99,1003.0,-99.0,0.0,-9.9,-99,-999,좐잠찏,17,뷂쎖욠,215
23.5279,120.5474,뷂쎖,C0M700,2017-01-20T02:00:00+08:00,150.0,352.0,1.0,16.5,0.99,1003.1,-99.0,0.0,-9.9,-99,-999,좐잠찏,17,뷂쎖욠,215
23.5279,120.5474,뷂쎖,C0M700,2017-01-20T03:00:00+08:00,150.0,353.0,0.4,16.7,0.99,1002.9,-99.0,0.0,-9.9,-99,-999,좐잠찏,17,뷂쎖욠,215
23.5279,120.5474,뷂쎖,C0M700,2017-01-20T04:00:00+08:00,150.0,0.0,0.2,17.0,0.99,1002.7,-99.0,0.0,-9.9,-99,-999,좐잠찏,17,뷂쎖욠,215
23.5279,120.5474,뷂쎖,C0M700,2017-01-20T05:00:00+08:00,150.0,5.0,1.1,16.6,0.99,1003.0,-99.0,0.0,-9.9,-99,-999,좐잠찏,17,뷂쎖욠,215
23.5279,120.5474,뷂쎖,C0M700,2017-01-20T06:00:00+08:00,150.0,15.0,1.9,16.7,0.99,1003.3,-99.0,0.0,-9.9,-99,-999,좐잠찏,17,뷂쎖욠,215
23.5279,120.5474,뷂쎖,C0M700,2017-01-20T07:00:00+08:00,150.0,332.0,0.9,16.6,0.99,1004.0,-99.0,0.0,-9.9,-99,-999,좐잠찏,17,뷂쎖욠,215
23.5279,120.5474,뷂쎖,C0M700,2017-01-20T08:00:00+08:00,150.0,356.0,2.4,16.0,0.99,1004.5,-99.0,0.0,-9.9,-99,-999,좐잠찏,17,뷂쎖욠,215
23.5279,120.5474,뷂쎖,C0M700,2017-01-20T09:00:00+08:00,150.0,353.0,1.8,16.0,0.99,1005.2,-99.0,0.0,-9.9,-99,-999,좐잠찏,17,뷂쎖욠,215
23.5279,120.5474,뷂쎖,C0M700,2017-01-20T10:00:00+08:00,150.0,328.0,1.3,16.9,0.98,1005.6,-99.0,0.0,-9.9,-99,-999,좐잠찏,17,뷂쎖욠,215
23.5279,120.5474,뷂쎖,C0M700,2017-01-20T11:00:00+08:00,150.0,316.0,0.7,17.9,0.91,1005.2,-99.0,0.0,-9.9,-99,-999,좐잠찏,17,뷂쎖욠,215
23.5279,120.5474,뷂쎖,C0M700,2017-01-20T12:00:00+08:00,150.0,329.0,1.1,18.9,0.85,1004.3,-99.0,0.0,-9.9,-99,-999,좐잠찏,17,뷂쎖욠,215
23.5279,120.5474,뷂쎖,C0M700,2017-01-20T13:00:00+08:00,150.0,187.0,0.6,20.5,0.72,1003.2,-99.0,0.0,-9.9,-99,-999,좐잠찏,17,뷂쎖욠,215
23.5279,120.5474,뷂쎖,C0M700,2017-01-20T14:00:00+08:00,150.0,336.0,1.0,21.9,0.63,1002.3,-99.0,0.0,-9.9,-99,-999,좐잠찏,17,뷂쎖욠,215
23.5279,120.5474,뷂쎖,C0M700,2017-01-20T15:00:00+08:00,150.0,342.0,1.9,20.8,0.62,1001.9,-99.0,0.0,-9.9,-99,-999,좐잠찏,17,뷂쎖욠,215
23.5279,120.5474,뷂쎖,C0M700,2017-01-20T16:00:00+08:00,150.0,327.0,1.6,19.6,0.66,1002.3,-99.0,0.0,-9.9,-99,-999,좐잠찏,17,뷂쎖욠,215
23.5279,120.5474,뷂쎖,C0M700,2017-01-20T17:00:00+08:00,150.0,342.0,2.4,17.2,0.71,1002.6,-99.0,0.0,-9.9,-99,-999,좐잠찏,17,뷂쎖욠,215
23.5279,120.5474,뷂쎖,C0M700,2017-01-20T18:00:00+08:00,150.0,340.0,1.8,15.3,0.78,1003.3,-99.0,0.0,-9.9,-99,-999,좐잠찏,17,뷂쎖욠,215
23.5279,120.5474,뷂쎖,C0M700,2017-01-20T19:00:00+08:00,150.0,344.0,1.4,14.3,0.80,1004.2,-99.0,0.0,-9.9,-99,-999,좐잠찏,17,뷂쎖욠,215
23.5279,120.5474,뷂쎖,C0M700,2017-01-20T20:00:00+08:00,150.0,352.0,1.2,13.8,0.85,1004.7,-99.0,0.0,-9.9,-99,-999,좐잠찏,17,뷂쎖욠,215
23.5279,120.5474,뷂쎖,C0M700,2017-01-20T21:00:00+08:00,150.0,274.0,0.4,13.7,0.85,1005.3,-99.0,0.0,-9.9,-99,-999,좐잠찏,17,뷂쎖욠,215
23.5279,120.5474,뷂쎖,C0M700,2017-01-20T22:00:00+08:00,150.0,301.0,0.4,12.7,0.80,1005.5,-99.0,0.0,-9.9,-99,-999,좐잠찏,17,뷂쎖욠,215
23.5279,120.5474,뷂쎖,C0M700,2017-01-20T23:00:00+08:00,150.0,324.0,0.5,12.6,0.81,1005.5,-99.0,0.0,-9.9,-99,-999,좐잠찏,17,뷂쎖욠,215
23.5279,120.5474,뷂쎖,C0M700,2017-01-21T00:00:00+08:00,150.0,286.0,0.3,13.0,0.79,1005.6,-99.0,0.0,-9.9,-99,-999,좐잠찏,17,뷂쎖욠,215
23.5279,120.5474,뷂쎖,C0M700,2017-01-21T01:00:00+08:00,150.0,337.0,0.6,12.6,0.80,1005.6,-99.0,0.0,-9.9,-99,-999,좐잠찏,17,뷂쎖욠,215
23.5279,120.5474,뷂쎖,C0M700,2017-01-21T02:00:00+08:00,150.0,318.0,0.5,12.7,0.79,1005.6,-99.0,0.0,-9.9,-99,-999,좐잠찏,17,뷂쎖욠,215
23.5279,120.5474,뷂쎖,C0M700,2017-01-21T03:00:00+08:00,150.0,321.0,0.4,12.9,0.77,1005.4,-99.0,0.0,-9.9,-99,-999,좐잠찏,17,뷂쎖욠,215
23.5279,120.5474,뷂쎖,C0M700,2017-01-21T04:00:00+08:00,150.0,316.0,0.6,12.7,0.77,1005.8,-99.0,0.0,-9.9,-99,-999,좐잠찏,17,뷂쎖욠,215
23.5279,120.5474,뷂쎖,C0M700,2017-01-21T05:00:00+08:00,150.0,348.0,1.1,12.4,0.83,1006.0,-99.0,0.0,-9.9,-99,-999,좐잠찏,17,뷂쎖욠,215
23.5279,120.5474,뷂쎖,C0M700,2017-01-21T06:00:00+08:00,150.0,322.0,0.4,13.0,0.80,1006.6,-99.0,0.0,-9.9,-99,-999,좐잠찏,17,뷂쎖욠,215
23.5279,120.5474,뷂쎖,C0M700,2017-01-21T07:00:00+08:00,150.0,349.0,1.0,12.6,0.79,1007.0,-99.0,0.0,-9.9,-99,-999,좐잠찏,17,뷂쎖욠,215
23.5279,120.5474,뷂쎖,C0M700,2017-01-21T08:00:00+08:00,150.0,339.0,1.3,12.7,0.78,1007.8,-99.0,0.0,-9.9,-99,-999,좐잠찏,17,뷂쎖욠,215
23.5279,120.5474,뷂쎖,C0M700,2017-01-21T10:00:00+08:00,150.0,313.0,0.6,14.5,0.73,1008.9,-99.0,0.0,-9.9,-99,-999,좐잠찏,17,뷂쎖욠,215
23.5279,120.5474,뷂쎖,C0M700,2017-01-21T11:00:00+08:00,150.0,314.0,0.4,15.4,0.71,1007.9,-99.0,0.0,-9.9,-99,-999,좐잠찏,17,뷂쎖욠,215
23.5279,120.5474,뷂쎖,C0M700,2017-01-21T12:00:00+08:00,150.0,311.0,0.8,17.4,0.67,1006.7,-99.0,0.0,-9.9,-99,-999,좐잠찏,17,뷂쎖욠,215
23.5279,120.5474,뷂쎖,C0M700,2017-01-21T13:00:00+08:00,150.0,263.0,0.8,18.8,0.65,1006.0,-99.0,0.0,-9.9,-99,-999,좐잠찏,17,뷂쎖욠,215
23.5279,120.5474,뷂쎖,C0M700,2017-01-21T14:00:00+08:00,150.0,340.0,0.7,20.0,0.61,1004.6,-99.0,0.0,-9.9,-99,-999,좐잠찏,17,뷂쎖욠,215
23.5279,120.5474,뷂쎖,C0M700,2017-01-21T15:00:00+08:00,150.0,309.0,1.7,19.9,0.63,1004.3,-99.0,0.0,-9.9,-99,-999,좐잠찏,17,뷂쎖욠,215
23.5279,120.5474,뷂쎖,C0M700,2017-01-21T16:00:00+08:00,150.0,319.0,1.5,19.1,0.65,1004.8,-99.0,0.0,-9.9,-99,-999,좐잠찏,17,뷂쎖욠,215
23.5279,120.5474,뷂쎖,C0M700,2017-01-21T17:00:00+08:00,150.0,350.0,1.5,18.2,0.69,1004.9,-99.0,0.0,-9.9,-99,-999,좐잠찏,17,뷂쎖욠,215
23.5279,120.5474,뷂쎖,C0M700,2017-01-21T18:00:00+08:00,150.0,339.0,0.9,16.3,0.79,1005.8,-99.0,0.0,-9.9,-99,-999,좐잠찏,17,뷂쎖욠,215
23.5279,120.5474,뷂쎖,C0M700,2017-01-21T19:00:00+08:00,150.0,346.0,0.5,14.9,0.88,1006.3,-99.0,0.0,-9.9,-99,-999,좐잠찏,17,뷂쎖욠,215
23.5279,120.5474,뷂쎖,C0M700,2017-01-21T20:00:00+08:00,150.0,325.0,0.4,14.3,0.89,1007.0,-99.0,0.0,-9.9,-99,-999,좐잠찏,17,뷂쎖욠,215
23.5279,120.5474,뷂쎖,C0M700,2017-01-21T21:00:00+08:00,150.0,19.0,1.3,13.9,0.91,1007.5,-99.0,0.0,-9.9,-99,-999,좐잠찏,17,뷂쎖욠,215
23.5279,120.5474,뷂쎖,C0M700,2017-01-21T22:00:00+08:00,150.0,0.0,0.0,13.8,0.96,1007.7,-99.0,0.0,-9.9,-99,-999,좐잠찏,17,뷂쎖욠,215
23.5279,120.5474,뷂쎖,C0M700,2017-01-21T23:00:00+08:00,150.0,323.0,0.5,13.0,0.99,1007.8,-99.0,0.0,-9.9,-99,-999,좐잠찏,17,뷂쎖욠,215
23.5279,120.5474,뷂쎖,C0M700,2017-01-22T00:00:00+08:00,150.0,350.0,1.1,12.3,0.99,1007.7,-99.0,0.0,-9.9,-99,-999,좐잠찏,17,뷂쎖욠,215
23.5279,120.5474,뷂쎖,C0M700,2017-01-22T01:00:00+08:00,150.0,354.0,0.5,12.7,0.99,1007.7,-99.0,0.0,-9.9,-99,-999,좐잠찏,17,뷂쎖욠,215
23.5279,120.5474,뷂쎖,C0M700,2017-01-22T02:00:00+08:00,150.0,262.0,0.3,12.7,0.99,1007.6,-99.0,0.0,-9.9,-99,-999,좐잠찏,17,뷂쎖욠,215
23.5279,120.5474,뷂쎖,C0M700,2017-01-22T03:00:00+08:00,150.0,0.0,0.2,12.7,0.99,1007.7,-99.0,0.0,-9.9,-99,-999,좐잠찏,17,뷂쎖욠,215
23.5279,120.5474,뷂쎖,C0M700,2017-01-22T04:00:00+08:00,150.0,256.0,0.6,12.4,0.99,1007.3,-99.0,0.0,-9.9,-99,-999,좐잠찏,17,뷂쎖욠,215
23.5279,120.5474,뷂쎖,C0M700,2017-01-22T05:00:00+08:00,150.0,347.0,0.4,12.1,0.99,1007.7,-99.0,0.0,-9.9,-99,-999,좐잠찏,17,뷂쎖욠,215
23.5279,120.5474,뷂쎖,C0M700,2017-01-22T06:00:00+08:00,150.0,30.0,0.9,12.3,0.99,1008.2,-99.0,0.0,-9.9,-99,-999,좐잠찏,17,뷂쎖욠,215
23.5279,120.5474,뷂쎖,C0M700,2017-01-22T07:00:00+08:00,150.0,113.0,0.4,12.2,0.99,1008.4,-99.0,0.0,-9.9,-99,-999,좐잠찏,17,뷂쎖욠,215
23.5279,120.5474,뷂쎖,C0M700,2017-01-22T08:00:00+08:00,150.0,0.0,0.2,13.3,0.99,1008.7,-99.0,0.0,-9.9,-99,-999,좐잠찏,17,뷂쎖욠,215
23.5279,120.5474,뷂쎖,C0M700,2017-01-22T09:00:00+08:00,150.0,0.0,0.2,14.9,0.90,1008.8,-99.0,0.0,-9.9,-99,-999,좐잠찏,17,뷂쎖욠,215
23.5279,120.5474,뷂쎖,C0M700,2017-01-22T10:00:00+08:00,150.0,304.0,0.9,16.9,0.72,1008.8,-99.0,0.0,-9.9,-99,-999,좐잠찏,17,뷂쎖욠,215
23.5279,120.5474,뷂쎖,C0M700,2017-01-22T11:00:00+08:00,150.0,321.0,1.0,19.0,0.64,1008.1,-99.0,0.0,-9.9,-99,-999,좐잠찏,17,뷂쎖욠,215
23.5279,120.5474,뷂쎖,C0M700,2017-01-22T12:00:00+08:00,150.0,307.0,1.2,20.1,0.58,1007.0,-99.0,0.0,-9.9,-99,-999,좐잠찏,17,뷂쎖욠,215
23.5279,120.5474,뷂쎖,C0M700,2017-01-22T13:00:00+08:00,150.0,309.0,1.0,21.0,0.52,1005.8,-99.0,0.0,-9.9,-99,-999,좐잠찏,17,뷂쎖욠,215
23.5279,120.5474,뷂쎖,C0M700,2017-01-22T14:00:00+08:00,150.0,304.0,1.4,22.7,0.46,1004.9,-99.0,0.0,-9.9,-99,-999,좐잠찏,17,뷂쎖욠,215
23.5279,120.5474,뷂쎖,C0M700,2017-01-22T15:00:00+08:00,150.0,317.0,1.9,21.9,0.46,1004.4,-99.0,0.0,-9.9,-99,-999,좐잠찏,17,뷂쎖욠,215
23.5279,120.5474,뷂쎖,C0M700,2017-01-22T16:00:00+08:00,150.0,284.0,1.1,21.3,0.48,1004.5,-99.0,0.0,-9.9,-99,-999,좐잠찏,17,뷂쎖욠,215
23.5279,120.5474,뷂쎖,C0M700,2017-01-22T17:00:00+08:00,150.0,299.0,0.8,19.3,0.55,1004.8,-99.0,0.0,-9.9,-99,-999,좐잠찏,17,뷂쎖욠,215
23.5279,120.5474,뷂쎖,C0M700,2017-01-22T18:00:00+08:00,150.0,265.0,0.4,17.3,0.65,1005.5,-99.0,0.0,-9.9,-99,-999,좐잠찏,17,뷂쎖욠,215
23.5279,120.5474,뷂쎖,C0M700,2017-01-22T19:00:00+08:00,150.0,0.0,0.0,16.6,0.67,1006.2,-99.0,0.0,-9.9,-99,-999,좐잠찏,17,뷂쎖욠,215
23.5279,120.5474,뷂쎖,C0M700,2017-01-22T20:00:00+08:00,150.0,300.0,0.3,15.5,0.73,1006.9,-99.0,0.0,-9.9,-99,-999,좐잠찏,17,뷂쎖욠,215
23.5279,120.5474,뷂쎖,C0M700,2017-01-22T21:00:00+08:00,150.0,312.0,0.3,14.9,0.72,1007.5,-99.0,0.0,-9.9,-99,-999,좐잠찏,17,뷂쎖욠,215
23.5279,120.5474,뷂쎖,C0M700,2017-01-22T22:00:00+08:00,150.0,0.0,0.0,14.7,0.73,1007.5,-99.0,0.0,-9.9,-99,-999,좐잠찏,17,뷂쎖욠,215
23.5279,120.5474,뷂쎖,C0M700,2017-01-22T23:00:00+08:00,150.0,316.0,0.3,14.2,0.77,1007.2,-99.0,0.0,-9.9,-99,-999,좐잠찏,17,뷂쎖욠,215
23.5279,120.5474,뷂쎖,C0M700,2017-01-23T00:00:00+08:00,150.0,0.0,0.0,13.8,0.82,1006.7,-99.0,0.0,-9.9,-99,-999,좐잠찏,17,뷂쎖욠,215
23.5279,120.5474,뷂쎖,C0M700,2017-01-23T01:00:00+08:00,150.0,0.0,0.0,13.6,0.83,1006.6,-99.0,0.0,-9.9,-99,-999,좐잠찏,17,뷂쎖욠,215
23.5279,120.5474,뷂쎖,C0M700,2017-01-23T02:00:00+08:00,150.0,324.0,0.4,13.2,0.82,1006.9,-99.0,0.0,-9.9,-99,-999,좐잠찏,17,뷂쎖욠,215
23.5279,120.5474,뷂쎖,C0M700,2017-01-23T03:00:00+08:00,150.0,0.0,0.0,13.2,0.87,1006.5,-99.0,0.0,-9.9,-99,-999,좐잠찏,17,뷂쎖욠,215
23.5279,120.5474,뷂쎖,C0M700,2017-01-23T04:00:00+08:00,150.0,77.0,0.4,13.2,0.87,1006.3,-99.0,0.0,-9.9,-99,-999,좐잠찏,17,뷂쎖욠,215
23.5279,120.5474,뷂쎖,C0M700,2017-01-23T05:00:00+08:00,150.0,0.0,0.0,13.0,0.95,1006.3,-99.0,0.0,-9.9,-99,-999,좐잠찏,17,뷂쎖욠,215
23.5279,120.5474,뷂쎖,C0M700,2017-01-23T06:00:00+08:00,150.0,0.0,0.0,12.9,0.99,1006.9,-99.0,0.0,-9.9,-99,-999,좐잠찏,17,뷂쎖욠,215
23.5279,120.5474,뷂쎖,C0M700,2017-01-23T07:00:00+08:00,150.0,360.0,0.3,12.9,0.99,1007.4,-99.0,0.0,-9.9,-99,-999,좐잠찏,17,뷂쎖욠,215
23.5279,120.5474,뷂쎖,C0M700,2017-01-23T08:00:00+08:00,150.0,285.0,0.3,13.6,0.98,1008.2,-99.0,0.0,-9.9,-99,-999,좐잠찏,17,뷂쎖욠,215
23.5279,120.5474,뷂쎖,C0M700,2017-01-23T09:00:00+08:00,150.0,269.0,0.6,15.4,0.85,1008.3,-99.0,0.0,-9.9,-99,-999,좐잠찏,17,뷂쎖욠,215
23.5279,120.5474,뷂쎖,C0M700,2017-01-23T10:00:00+08:00,150.0,310.0,0.7,19.0,0.70,1008.3,-99.0,0.0,-9.9,-99,-999,좐잠찏,17,뷂쎖욠,215
23.5279,120.5474,뷂쎖,C0M700,2017-01-23T11:00:00+08:00,150.0,271.0,1.4,19.8,0.65,1008.3,-99.0,0.0,-9.9,-99,-999,좐잠찏,17,뷂쎖욠,215
23.5279,120.5474,뷂쎖,C0M700,2017-01-23T12:00:00+08:00,150.0,310.0,0.9,21.2,0.60,1007.3,-99.0,0.0,-9.9,-99,-999,좐잠찏,17,뷂쎖욠,215
23.5279,120.5474,뷂쎖,C0M700,2017-01-23T13:00:00+08:00,150.0,177.0,0.9,21.7,0.57,1006.3,-99.0,0.0,-9.9,-99,-999,좐잠찏,17,뷂쎖욠,215
23.5279,120.5474,뷂쎖,C0M700,2017-01-23T14:00:00+08:00,150.0,238.0,1.6,21.9,0.56,1005.5,-99.0,0.0,-9.9,-99,-999,좐잠찏,17,뷂쎖욠,215
23.5279,120.5474,뷂쎖,C0M700,2017-01-23T15:00:00+08:00,150.0,338.0,0.9,22.1,0.57,1005.1,-99.0,0.0,-9.9,-99,-999,좐잠찏,17,뷂쎖욠,215
23.5279,120.5474,뷂쎖,C0M700,2017-01-23T16:00:00+08:00,150.0,314.0,1.3,21.4,0.58,1005.3,-99.0,0.0,-9.9,-99,-999,좐잠찏,17,뷂쎖욠,215
23.5279,120.5474,뷂쎖,C0M700,2017-01-23T17:00:00+08:00,150.0,318.0,1.1,19.6,0.61,1005.8,-99.0,0.0,-9.9,-99,-999,좐잠찏,17,뷂쎖욠,215
23.5279,120.5474,뷂쎖,C0M700,2017-01-23T18:00:00+08:00,150.0,330.0,0.8,18.1,0.65,1006.4,-99.0,0.0,-9.9,-99,-999,좐잠찏,17,뷂쎖욠,215
23.5279,120.5474,뷂쎖,C0M700,2017-01-23T19:00:00+08:00,150.0,308.0,0.6,17.3,0.68,1006.9,-99.0,0.0,-9.9,-99,-999,좐잠찏,17,뷂쎖욠,215
23.5279,120.5474,뷂쎖,C0M700,2017-01-23T20:00:00+08:00,150.0,0.0,0.0,16.2,0.81,1007.3,-99.0,0.0,-9.9,-99,-999,좐잠찏,17,뷂쎖욠,215
23.5279,120.5474,뷂쎖,C0M700,2017-01-23T21:00:00+08:00,150.0,64.0,0.3,15.7,0.83,1007.5,-99.0,0.0,-9.9,-99,-999,좐잠찏,17,뷂쎖욠,215
23.5279,120.5474,뷂쎖,C0M700,2017-01-23T22:00:00+08:00,150.0,0.0,0.0,15.3,0.85,1007.9,-99.0,0.0,-9.9,-99,-999,좐잠찏,17,뷂쎖욠,215
23.5279,120.5474,뷂쎖,C0M700,2017-01-23T23:00:00+08:00,150.0,0.0,0.2,15.0,0.82,1008.2,-99.0,0.0,-9.9,-99,-999,좐잠찏,17,뷂쎖욠,215
23.5279,120.5474,뷂쎖,C0M700,2017-01-24T00:00:00+08:00,150.0,272.0,1.0,14.6,0.83,1008.4,-99.0,0.0,-9.9,-99,-999,좐잠찏,17,뷂쎖욠,215
23.5279,120.5474,뷂쎖,C0M700,2017-01-24T01:00:00+08:00,150.0,280.0,0.4,14.7,0.83,1008.0,-99.0,0.0,-9.9,-99,-999,좐잠찏,17,뷂쎖욠,215
23.5279,120.5474,뷂쎖,C0M700,2017-01-24T02:00:00+08:00,150.0,269.0,0.9,14.3,0.91,1007.6,-99.0,0.0,-9.9,-99,-999,좐잠찏,17,뷂쎖욠,215
23.5279,120.5474,뷂쎖,C0M700,2017-01-24T03:00:00+08:00,150.0,1.0,0.4,14.2,0.90,1007.3,-99.0,0.0,-9.9,-99,-999,좐잠찏,17,뷂쎖욠,215
23.5279,120.5474,뷂쎖,C0M700,2017-01-24T04:00:00+08:00,150.0,87.0,0.3,14.4,0.92,1006.9,-99.0,0.0,-9.9,-99,-999,좐잠찏,17,뷂쎖욠,215
23.5279,120.5474,뷂쎖,C0M700,2017-01-24T05:00:00+08:00,150.0,331.0,0.5,13.9,0.99,1006.8,-99.0,0.0,-9.9,-99,-999,좐잠찏,17,뷂쎖욠,215
23.5279,120.5474,뷂쎖,C0M700,2017-01-24T06:00:00+08:00,150.0,114.0,0.4,13.7,0.96,1007.6,-99.0,0.0,-9.9,-99,-999,좐잠찏,17,뷂쎖욠,215
23.5279,120.5474,뷂쎖,C0M700,2017-01-24T07:00:00+08:00,150.0,0.0,0.0,13.7,0.99,1007.9,-99.0,0.0,-9.9,-99,-999,좐잠찏,17,뷂쎖욠,215
23.5279,120.5474,뷂쎖,C0M700,2017-01-24T08:00:00+08:00,150.0,0.0,0.2,14.6,0.98,1008.3,-99.0,0.0,-9.9,-99,-999,좐잠찏,17,뷂쎖욠,215
23.5279,120.5474,뷂쎖,C0M700,2017-01-24T10:00:00+08:00,150.0,0.0,0.2,17.1,0.79,1009.0,-99.0,0.0,-9.9,-99,-999,좐잠찏,17,뷂쎖욠,215
23.5279,120.5474,뷂쎖,C0M700,2017-01-24T11:00:00+08:00,150.0,271.0,1.0,18.2,0.74,1008.7,-99.0,0.0,-9.9,-99,-999,좐잠찏,17,뷂쎖욠,215
23.5279,120.5474,뷂쎖,C0M700,2017-01-24T12:00:00+08:00,150.0,325.0,0.9,19.9,0.67,1007.7,-99.0,0.0,-9.9,-99,-999,좐잠찏,17,뷂쎖욠,215
23.5279,120.5474,뷂쎖,C0M700,2017-01-24T13:00:00+08:00,150.0,319.0,1.3,20.4,0.63,1007.0,-99.0,0.0,-9.9,-99,-999,좐잠찏,17,뷂쎖욠,215
23.5279,120.5474,뷂쎖,C0M700,2017-01-24T14:00:00+08:00,150.0,295.0,1.5,21.1,0.62,1006.3,-99.0,0.0,-9.9,-99,-999,좐잠찏,17,뷂쎖욠,215
23.5279,120.5474,뷂쎖,C0M700,2017-01-24T15:00:00+08:00,150.0,284.0,1.5,21.3,0.61,1006.1,-99.0,0.0,-9.9,-99,-999,좐잠찏,17,뷂쎖욠,215
23.5279,120.5474,뷂쎖,C0M700,2017-01-24T16:00:00+08:00,150.0,321.0,1.4,20.8,0.63,1006.2,-99.0,0.0,-9.9,-99,-999,좐잠찏,17,뷂쎖욠,215
23.5279,120.5474,뷂쎖,C0M700,2017-01-24T17:00:00+08:00,150.0,278.0,1.0,19.4,0.71,1006.7,-99.0,0.0,-9.9,-99,-999,좐잠찏,17,뷂쎖욠,215
23.5279,120.5474,뷂쎖,C0M700,2017-01-24T18:00:00+08:00,150.0,329.0,1.0,17.4,0.81,1007.2,-99.0,0.0,-9.9,-99,-999,좐잠찏,17,뷂쎖욠,215
23.5279,120.5474,뷂쎖,C0M700,2017-01-24T19:00:00+08:00,150.0,18.0,0.4,16.7,0.84,1007.9,-99.0,0.0,-9.9,-99,-999,좐잠찏,17,뷂쎖욠,215
23.5279,120.5474,뷂쎖,C0M700,2017-01-24T20:00:00+08:00,150.0,0.0,0.2,16.6,0.86,1008.5,-99.0,0.0,-9.9,-99,-999,좐잠찏,17,뷂쎖욠,215
23.5279,120.5474,뷂쎖,C0M700,2017-01-24T21:00:00+08:00,150.0,329.0,0.4,15.9,0.87,1008.8,-99.0,0.0,-9.9,-99,-999,좐잠찏,17,뷂쎖욠,215
23.5279,120.5474,뷂쎖,C0M700,2017-01-24T22:00:00+08:00,150.0,0.0,0.0,15.6,0.88,1009.2,-99.0,0.0,-9.9,-99,-999,좐잠찏,17,뷂쎖욠,215
23.5279,120.5474,뷂쎖,C0M700,2017-01-24T23:00:00+08:00,150.0,339.0,0.8,14.5,0.95,1009.2,-99.0,0.0,-9.9,-99,-999,좐잠찏,17,뷂쎖욠,215
23.5279,120.5474,뷂쎖,C0M700,2017-01-25T00:00:00+08:00,150.0,286.0,0.4,14.4,0.95,1008.8,-99.0,0.0,-9.9,-99,-999,좐잠찏,17,뷂쎖욠,215
23.5279,120.5474,뷂쎖,C0M700,2017-01-25T01:00:00+08:00,150.0,360.0,0.4,14.2,0.99,1008.4,-99.0,0.0,-9.9,-99,-999,좐잠찏,17,뷂쎖욠,215
23.5279,120.5474,뷂쎖,C0M700,2017-01-25T02:00:00+08:00,150.0,344.0,0.6,14.0,0.99,1007.9,-99.0,0.0,-9.9,-99,-999,좐잠찏,17,뷂쎖욠,215
23.5279,120.5474,뷂쎖,C0M700,2017-01-25T03:00:00+08:00,150.0,270.0,0.3,14.0,0.99,1007.7,-99.0,0.0,-9.9,-99,-999,좐잠찏,17,뷂쎖욠,215
23.5279,120.5474,뷂쎖,C0M700,2017-01-25T04:00:00+08:00,150.0,318.0,0.3,13.9,0.99,1007.3,-99.0,0.0,-9.9,-99,-999,좐잠찏,17,뷂쎖욠,215
23.5279,120.5474,뷂쎖,C0M700,2017-01-25T05:00:00+08:00,150.0,104.0,0.6,13.5,0.99,1007.1,-99.0,0.0,-9.9,-99,-999,좐잠찏,17,뷂쎖욠,215
23.5279,120.5474,뷂쎖,C0M700,2017-01-25T06:00:00+08:00,150.0,354.0,0.9,13.4,0.99,1007.6,-99.0,0.0,-9.9,-99,-999,좐잠찏,17,뷂쎖욠,215
23.5279,120.5474,뷂쎖,C0M700,2017-01-25T07:00:00+08:00,150.0,138.0,1.0,13.2,0.99,1008.0,-99.0,0.0,-9.9,-99,-999,좐잠찏,17,뷂쎖욠,215
23.5279,120.5474,뷂쎖,C0M700,2017-01-25T08:00:00+08:00,150.0,159.0,0.7,13.8,0.99,1008.6,-99.0,0.0,-9.9,-99,-999,좐잠찏,17,뷂쎖욠,215
23.5279,120.5474,뷂쎖,C0M700,2017-01-25T09:00:00+08:00,150.0,15.0,0.4,15.1,0.99,1008.2,-99.0,0.0,-9.9,-99,-999,좐잠찏,17,뷂쎖욠,215
23.5279,120.5474,뷂쎖,C0M700,2017-01-25T10:00:00+08:00,150.0,307.0,0.8,16.5,0.90,1008.5,-99.0,0.0,-9.9,-99,-999,좐잠찏,17,뷂쎖욠,215
23.5279,120.5474,뷂쎖,C0M700,2017-01-25T11:00:00+08:00,150.0,294.0,1.1,17.2,0.83,1008.2,-99.0,0.0,-9.9,-99,-999,좐잠찏,17,뷂쎖욠,215
23.5279,120.5474,뷂쎖,C0M700,2017-01-25T12:00:00+08:00,150.0,332.0,1.2,18.5,0.75,1007.4,-99.0,0.0,-9.9,-99,-999,좐잠찏,17,뷂쎖욠,215
23.5279,120.5474,뷂쎖,C0M700,2017-01-25T13:00:00+08:00,150.0,304.0,1.3,19.0,0.75,1006.3,-99.0,0.0,-9.9,-99,-999,좐잠찏,17,뷂쎖욠,215
23.5279,120.5474,뷂쎖,C0M700,2017-01-25T14:00:00+08:00,150.0,319.0,1.1,20.5,0.70,1005.5,-99.0,0.0,-9.9,-99,-999,좐잠찏,17,뷂쎖욠,215
23.5279,120.5474,뷂쎖,C0M700,2017-01-25T15:00:00+08:00,150.0,349.0,2.3,21.0,0.63,1005.1,-99.0,0.0,-9.9,-99,-999,좐잠찏,17,뷂쎖욠,215
23.5279,120.5474,뷂쎖,C0M700,2017-01-25T16:00:00+08:00,150.0,333.0,1.8,21.5,0.59,1005.0,-99.0,0.0,-9.9,-99,-999,좐잠찏,17,뷂쎖욠,215
23.5279,120.5474,뷂쎖,C0M700,2017-01-25T17:00:00+08:00,150.0,345.0,2.9,19.0,0.72,1005.1,-99.0,0.0,-9.9,-99,-999,좐잠찏,17,뷂쎖욠,215
23.5279,120.5474,뷂쎖,C0M700,2017-01-25T18:00:00+08:00,150.0,349.0,2.7,17.0,0.81,1005.8,-99.0,0.0,-9.9,-99,-999,좐잠찏,17,뷂쎖욠,215
23.5279,120.5474,뷂쎖,C0M700,2017-01-25T19:00:00+08:00,150.0,344.0,1.6,15.9,0.87,1006.7,-99.0,0.0,-9.9,-99,-999,좐잠찏,17,뷂쎖욠,215
23.5279,120.5474,뷂쎖,C0M700,2017-01-25T20:00:00+08:00,150.0,56.0,0.9,15.3,0.91,1007.0,-99.0,0.0,-9.9,-99,-999,좐잠찏,17,뷂쎖욠,215
23.5279,120.5474,뷂쎖,C0M700,2017-01-25T21:00:00+08:00,150.0,67.0,0.3,13.9,0.99,1007.4,-99.0,0.0,-9.9,-99,-999,좐잠찏,17,뷂쎖욠,215
23.5279,120.5474,뷂쎖,C0M700,2017-01-25T22:00:00+08:00,150.0,355.0,1.8,13.7,0.99,1007.6,-99.0,0.0,-9.9,-99,-999,좐잠찏,17,뷂쎖욠,215
23.5279,120.5474,뷂쎖,C0M700,2017-01-25T23:00:00+08:00,150.0,0.0,0.0,12.7,0.99,1007.5,-99.0,0.0,-9.9,-99,-999,좐잠찏,17,뷂쎖욠,215
23.5279,120.5474,뷂쎖,C0M700,2017-01-26T00:00:00+08:00,150.0,2.0,1.9,13.5,0.99,1007.2,-99.0,0.0,-9.9,-99,-999,좐잠찏,17,뷂쎖욠,215
23.5279,120.5474,뷂쎖,C0M700,2017-01-26T01:00:00+08:00,150.0,352.0,1.1,13.3,0.99,1007.1,-99.0,0.0,-9.9,-99,-999,좐잠찏,17,뷂쎖욠,215
23.5279,120.5474,뷂쎖,C0M700,2017-01-26T02:00:00+08:00,150.0,0.0,0.2,13.6,0.99,1006.5,-99.0,0.0,-9.9,-99,-999,좐잠찏,17,뷂쎖욠,215
23.5279,120.5474,뷂쎖,C0M700,2017-01-26T03:00:00+08:00,150.0,350.0,1.3,13.0,0.99,1006.3,-99.0,0.0,-9.9,-99,-999,좐잠찏,17,뷂쎖욠,215
23.5279,120.5474,뷂쎖,C0M700,2017-01-26T04:00:00+08:00,150.0,347.0,1.1,13.1,0.99,1006.0,-99.0,0.0,-9.9,-99,-999,좐잠찏,17,뷂쎖욠,215
23.5279,120.5474,뷂쎖,C0M700,2017-01-26T05:00:00+08:00,150.0,358.0,1.2,13.2,0.99,1006.2,-99.0,0.0,-9.9,-99,-999,좐잠찏,17,뷂쎖욠,215
23.5279,120.5474,뷂쎖,C0M700,2017-01-26T06:00:00+08:00,150.0,0.0,0.0,13.5,0.99,1006.7,-99.0,0.0,-9.9,-99,-999,좐잠찏,17,뷂쎖욠,215
23.5279,120.5474,뷂쎖,C0M700,2017-01-26T07:00:00+08:00,150.0,348.0,0.8,12.7,0.99,1006.9,-99.0,0.0,-9.9,-99,-999,좐잠찏,17,뷂쎖욠,215
23.5279,120.5474,뷂쎖,C0M700,2017-01-26T08:00:00+08:00,150.0,1.0,1.1,13.0,0.99,1007.4,-99.0,0.0,-9.9,-99,-999,좐잠찏,17,뷂쎖욠,215
23.5279,120.5474,뷂쎖,C0M700,2017-01-26T10:00:00+08:00,150.0,96.0,0.7,16.9,0.76,1007.0,-99.0,0.0,-9.9,-99,-999,좐잠찏,17,뷂쎖욠,215
23.5279,120.5474,뷂쎖,C0M700,2017-01-26T11:00:00+08:00,150.0,294.0,1.2,19.3,0.64,1006.5,-99.0,0.0,-9.9,-99,-999,좐잠찏,17,뷂쎖욠,215
23.5279,120.5474,뷂쎖,C0M700,2017-01-26T12:00:00+08:00,150.0,333.0,1.4,20.6,0.61,1005.6,-99.0,0.0,-9.9,-99,-999,좐잠찏,17,뷂쎖욠,215
23.5279,120.5474,뷂쎖,C0M700,2017-01-26T13:00:00+08:00,150.0,270.0,1.0,21.1,0.56,1004.0,-99.0,0.0,-9.9,-99,-999,좐잠찏,17,뷂쎖욠,215
23.5279,120.5474,뷂쎖,C0M700,2017-01-26T14:00:00+08:00,150.0,307.0,0.7,22.3,0.51,1002.8,-99.0,0.0,-9.9,-99,-999,좐잠찏,17,뷂쎖욠,215
23.5279,120.5474,뷂쎖,C0M700,2017-01-26T15:00:00+08:00,150.0,272.0,0.8,23.2,0.48,1002.5,-99.0,0.0,-9.9,-99,-999,좐잠찏,17,뷂쎖욠,215
23.5279,120.5474,뷂쎖,C0M700,2017-01-26T16:00:00+08:00,150.0,272.0,1.4,22.7,0.48,1002.9,-99.0,0.0,-9.9,-99,-999,좐잠찏,17,뷂쎖욠,215
23.5279,120.5474,뷂쎖,C0M700,2017-01-26T17:00:00+08:00,150.0,338.0,1.3,20.6,0.59,1003.5,-99.0,0.0,-9.9,-99,-999,좐잠찏,17,뷂쎖욠,215
23.5279,120.5474,뷂쎖,C0M700,2017-01-26T18:00:00+08:00,150.0,289.0,0.9,18.2,0.71,1003.9,-99.0,0.0,-9.9,-99,-999,좐잠찏,17,뷂쎖욠,215
23.5279,120.5474,뷂쎖,C0M700,2017-01-26T19:00:00+08:00,150.0,292.0,0.4,16.8,0.83,1004.5,-99.0,0.0,-9.9,-99,-999,좐잠찏,17,뷂쎖욠,215
23.5279,120.5474,뷂쎖,C0M700,2017-01-26T20:00:00+08:00,150.0,0.0,0.0,16.3,0.89,1005.2,-99.0,0.0,-9.9,-99,-999,좐잠찏,17,뷂쎖욠,215
23.5279,120.5474,뷂쎖,C0M700,2017-01-26T21:00:00+08:00,150.0,99.0,0.9,15.1,0.99,1005.2,-99.0,0.0,-9.9,-99,-999,좐잠찏,17,뷂쎖욠,215
23.5279,120.5474,뷂쎖,C0M700,2017-01-26T22:00:00+08:00,150.0,106.0,0.7,13.9,0.99,1005.5,-99.0,0.0,-9.9,-99,-999,좐잠찏,17,뷂쎖욠,215
23.5279,120.5474,뷂쎖,C0M700,2017-01-26T23:00:00+08:00,150.0,89.0,1.0,13.2,0.99,1005.7,-99.0,0.0,-9.9,-99,-999,좐잠찏,17,뷂쎖욠,215
23.5279,120.5474,뷂쎖,C0M700,2017-01-27T00:00:00+08:00,150.0,0.0,0.0,13.3,0.99,1005.9,-99.0,0.0,-9.9,-99,-999,좐잠찏,17,뷂쎖욠,215
23.5279,120.5474,뷂쎖,C0M700,2017-01-27T01:00:00+08:00,150.0,0.0,0.0,13.0,0.99,1006.0,-99.0,0.0,-9.9,-99,-999,좐잠찏,17,뷂쎖욠,215
23.5279,120.5474,뷂쎖,C0M700,2017-01-27T02:00:00+08:00,150.0,80.0,0.4,12.5,0.99,1005.8,-99.0,0.0,-9.9,-99,-999,좐잠찏,17,뷂쎖욠,215
23.5279,120.5474,뷂쎖,C0M700,2017-01-27T03:00:00+08:00,150.0,96.0,1.5,12.9,0.99,1005.4,-99.0,0.0,-9.9,-99,-999,좐잠찏,17,뷂쎖욠,215
23.5279,120.5474,뷂쎖,C0M700,2017-01-27T04:00:00+08:00,150.0,95.0,0.3,13.0,0.99,1005.1,-99.0,0.0,-9.9,-99,-999,좐잠찏,17,뷂쎖욠,215
23.5279,120.5474,뷂쎖,C0M700,2017-01-27T05:00:00+08:00,150.0,57.0,0.7,12.3,0.99,1005.6,-99.0,0.0,-9.9,-99,-999,좐잠찏,17,뷂쎖욠,215
23.5279,120.5474,뷂쎖,C0M700,2017-01-27T06:00:00+08:00,150.0,86.0,1.3,11.7,0.99,1006.0,-99.0,0.0,-9.9,-99,-999,좐잠찏,17,뷂쎖욠,215
23.5279,120.5474,뷂쎖,C0M700,2017-01-27T07:00:00+08:00,150.0,334.0,0.6,11.4,0.99,1006.3,-99.0,0.0,-9.9,-99,-999,좐잠찏,17,뷂쎖욠,215
23.5279,120.5474,뷂쎖,C0M700,2017-01-27T08:00:00+08:00,150.0,343.0,1.2,14.1,0.99,1006.8,-99.0,0.0,-9.9,-99,-999,좐잠찏,17,뷂쎖욠,215
23.5279,120.5474,뷂쎖,C0M700,2017-01-27T09:00:00+08:00,150.0,278.0,1.0,17.6,0.75,1006.8,-99.0,0.0,-9.9,-99,-999,좐잠찏,17,뷂쎖욠,215
23.5279,120.5474,뷂쎖,C0M700,2017-01-27T10:00:00+08:00,150.0,197.0,2.1,19.0,0.67,1006.4,-99.0,0.0,-9.9,-99,-999,좐잠찏,17,뷂쎖욠,215
23.5279,120.5474,뷂쎖,C0M700,2017-01-27T11:00:00+08:00,150.0,300.0,1.2,22.0,0.52,1005.8,-99.0,0.0,-9.9,-99,-999,좐잠찏,17,뷂쎖욠,215
23.5279,120.5474,뷂쎖,C0M700,2017-01-27T12:00:00+08:00,150.0,323.0,1.9,22.4,0.50,1005.1,-99.0,0.0,-9.9,-99,-999,좐잠찏,17,뷂쎖욠,215
23.5279,120.5474,뷂쎖,C0M700,2017-01-27T13:00:00+08:00,150.0,344.0,2.2,22.7,0.47,1003.9,-99.0,0.0,-9.9,-99,-999,좐잠찏,17,뷂쎖욠,215
23.5279,120.5474,뷂쎖,C0M700,2017-01-27T14:00:00+08:00,150.0,329.0,2.2,23.1,0.47,1002.9,-99.0,0.0,-9.9,-99,-999,좐잠찏,17,뷂쎖욠,215
23.5279,120.5474,뷂쎖,C0M700,2017-01-27T15:00:00+08:00,150.0,351.0,2.9,23.2,0.46,1002.2,-99.0,0.0,-9.9,-99,-999,좐잠찏,17,뷂쎖욠,215
23.5279,120.5474,뷂쎖,C0M700,2017-01-27T16:00:00+08:00,150.0,331.0,2.0,23.1,0.46,1002.2,-99.0,0.0,-9.9,-99,-999,좐잠찏,17,뷂쎖욠,215
23.5279,120.5474,뷂쎖,C0M700,2017-01-27T17:00:00+08:00,150.0,338.0,2.3,21.6,0.51,1002.6,-99.0,0.0,-9.9,-99,-999,좐잠찏,17,뷂쎖욠,215
23.5279,120.5474,뷂쎖,C0M700,2017-01-27T18:00:00+08:00,150.0,338.0,1.4,19.5,0.61,1003.1,-99.0,0.0,-9.9,-99,-999,좐잠찏,17,뷂쎖욠,215
23.5279,120.5474,뷂쎖,C0M700,2017-01-27T19:00:00+08:00,150.0,19.0,0.9,17.6,0.87,1003.4,-99.0,0.0,-9.9,-99,-999,좐잠찏,17,뷂쎖욠,215
23.5279,120.5474,뷂쎖,C0M700,2017-01-27T20:00:00+08:00,150.0,0.0,0.0,15.2,0.94,1003.8,-99.0,0.0,-9.9,-99,-999,좐잠찏,17,뷂쎖욠,215
23.5279,120.5474,뷂쎖,C0M700,2017-01-27T21:00:00+08:00,150.0,100.0,1.2,14.1,0.99,1004.0,-99.0,0.0,-9.9,-99,-999,좐잠찏,17,뷂쎖욠,215
23.5279,120.5474,뷂쎖,C0M700,2017-01-27T22:00:00+08:00,150.0,0.0,0.0,13.9,0.99,1004.1,-99.0,0.0,-9.9,-99,-999,좐잠찏,17,뷂쎖욠,215
23.5279,120.5474,뷂쎖,C0M700,2017-01-27T23:00:00+08:00,150.0,95.0,0.3,13.1,0.99,1003.7,-99.0,0.0,-9.9,-99,-999,좐잠찏,17,뷂쎖욠,215
23.5279,120.5474,뷂쎖,C0M700,2017-01-28T00:00:00+08:00,150.0,107.0,0.3,12.5,0.99,1003.4,-99.0,0.0,-9.9,-99,-999,좐잠찏,17,뷂쎖욠,215
23.5279,120.5474,뷂쎖,C0M700,2017-01-28T01:00:00+08:00,150.0,82.0,1.6,11.8,0.99,1003.3,-99.0,0.0,-9.9,-99,-999,좐잠찏,17,뷂쎖욠,215
23.5279,120.5474,뷂쎖,C0M700,2017-01-28T02:00:00+08:00,150.0,87.0,1.5,11.7,0.99,1003.0,-99.0,0.0,-9.9,-99,-999,좐잠찏,17,뷂쎖욠,215
23.5279,120.5474,뷂쎖,C0M700,2017-01-28T03:00:00+08:00,150.0,86.0,1.4,11.6,0.99,1002.4,-99.0,0.0,-9.9,-99,-999,좐잠찏,17,뷂쎖욠,215
23.5279,120.5474,뷂쎖,C0M700,2017-01-28T04:00:00+08:00,150.0,80.0,1.6,11.6,0.99,1001.5,-99.0,0.0,-9.9,-99,-999,좐잠찏,17,뷂쎖욠,215
23.5279,120.5474,뷂쎖,C0M700,2017-01-28T05:00:00+08:00,150.0,93.0,2.1,11.6,0.99,1001.6,-99.0,0.0,-9.9,-99,-999,좐잠찏,17,뷂쎖욠,215
23.5279,120.5474,뷂쎖,C0M700,2017-01-28T06:00:00+08:00,150.0,98.0,1.3,11.1,0.99,1001.8,-99.0,0.0,-9.9,-99,-999,좐잠찏,17,뷂쎖욠,215
23.5279,120.5474,뷂쎖,C0M700,2017-01-28T07:00:00+08:00,150.0,0.0,0.0,10.9,0.99,1002.2,-99.0,0.0,-9.9,-99,-999,좐잠찏,17,뷂쎖욠,215
23.5279,120.5474,뷂쎖,C0M700,2017-01-28T08:00:00+08:00,150.0,0.0,0.2,14.8,0.91,1002.2,-99.0,0.0,-9.9,-99,-999,좐잠찏,17,뷂쎖욠,215
23.5279,120.5474,뷂쎖,C0M700,2017-01-28T09:00:00+08:00,150.0,0.0,0.0,19.3,0.65,1002.3,-99.0,0.0,-9.9,-99,-999,좐잠찏,17,뷂쎖욠,215
23.5279,120.5474,뷂쎖,C0M700,2017-01-28T10:00:00+08:00,150.0,212.0,0.7,20.5,0.63,1002.4,-99.0,0.0,-9.9,-99,-999,좐잠찏,17,뷂쎖욠,215
23.5279,120.5474,뷂쎖,C0M700,2017-01-28T11:00:00+08:00,150.0,217.0,2.5,21.1,0.54,1002.3,-99.0,0.0,-9.9,-99,-999,좐잠찏,17,뷂쎖욠,215
23.5279,120.5474,뷂쎖,C0M700,2017-01-28T12:00:00+08:00,150.0,204.0,2.3,22.8,0.48,1001.4,-99.0,0.0,-9.9,-99,-999,좐잠찏,17,뷂쎖욠,215
23.5279,120.5474,뷂쎖,C0M700,2017-01-28T13:00:00+08:00,150.0,224.0,1.6,24.7,0.42,1000.3,-99.0,0.0,-9.9,-99,-999,좐잠찏,17,뷂쎖욠,215
23.5279,120.5474,뷂쎖,C0M700,2017-01-28T14:00:00+08:00,150.0,270.0,2.3,25.2,0.41,999.6,-99.0,0.0,-9.9,-99,-999,좐잠찏,17,뷂쎖욠,215
23.5279,120.5474,뷂쎖,C0M700,2017-01-28T15:00:00+08:00,150.0,199.0,1.8,25.6,0.43,999.2,-99.0,0.0,-9.9,-99,-999,좐잠찏,17,뷂쎖욠,215
23.5279,120.5474,뷂쎖,C0M700,2017-01-28T16:00:00+08:00,150.0,311.0,1.2,23.8,0.68,999.4,-99.0,0.0,-9.9,-99,-999,좐잠찏,17,뷂쎖욠,215
23.5279,120.5474,뷂쎖,C0M700,2017-01-28T17:00:00+08:00,150.0,293.0,1.2,21.3,0.84,999.9,-99.0,0.0,-9.9,-99,-999,좐잠찏,17,뷂쎖욠,215
23.5279,120.5474,뷂쎖,C0M700,2017-01-28T18:00:00+08:00,150.0,266.0,0.5,19.7,0.94,1000.3,-99.0,0.0,-9.9,-99,-999,좐잠찏,17,뷂쎖욠,215
23.5279,120.5474,뷂쎖,C0M700,2017-01-28T19:00:00+08:00,150.0,0.0,0.0,18.4,0.99,1000.8,-99.0,0.0,-9.9,-99,-999,좐잠찏,17,뷂쎖욠,215
23.5279,120.5474,뷂쎖,C0M700,2017-01-28T20:00:00+08:00,150.0,73.0,0.6,17.0,0.99,1001.1,-99.0,0.0,-9.9,-99,-999,좐잠찏,17,뷂쎖욠,215
23.5279,120.5474,뷂쎖,C0M700,2017-01-28T21:00:00+08:00,150.0,0.0,0.0,16.4,0.99,1001.1,-99.0,0.0,-9.9,-99,-999,좐잠찏,17,뷂쎖욠,215
23.5279,120.5474,뷂쎖,C0M700,2017-01-28T22:00:00+08:00,150.0,96.0,0.7,15.6,0.99,1001.1,-99.0,0.0,-9.9,-99,-999,좐잠찏,17,뷂쎖욠,215
23.5279,120.5474,뷂쎖,C0M700,2017-01-28T23:00:00+08:00,150.0,103.0,0.9,15.0,0.99,1001.2,-99.0,0.0,-9.9,-99,-999,좐잠찏,17,뷂쎖욠,215
23.5279,120.5474,뷂쎖,C0M700,2017-01-29T00:00:00+08:00,150.0,92.0,0.4,14.9,0.99,1001.0,-99.0,0.0,-9.9,-99,-999,좐잠찏,17,뷂쎖욠,215
23.5279,120.5474,뷂쎖,C0M700,2017-01-29T01:00:00+08:00,150.0,78.0,0.6,14.4,0.99,1000.9,-99.0,0.0,-9.9,-99,-999,좐잠찏,17,뷂쎖욠,215
23.5279,120.5474,뷂쎖,C0M700,2017-01-29T02:00:00+08:00,150.0,0.0,0.0,14.5,0.99,1000.4,-99.0,0.0,-9.9,-99,-999,좐잠찏,17,뷂쎖욠,215
23.5279,120.5474,뷂쎖,C0M700,2017-01-29T03:00:00+08:00,150.0,0.0,0.0,13.8,0.99,1000.2,-99.0,0.0,-9.9,-99,-999,좐잠찏,17,뷂쎖욠,215
23.5279,120.5474,뷂쎖,C0M700,2017-01-29T04:00:00+08:00,150.0,92.0,0.9,13.0,0.99,999.8,-99.0,0.0,-9.9,-99,-999,좐잠찏,17,뷂쎖욠,215
23.5279,120.5474,뷂쎖,C0M700,2017-01-29T05:00:00+08:00,150.0,100.0,1.3,13.3,0.99,1000.0,-99.0,0.0,-9.9,-99,-999,좐잠찏,17,뷂쎖욠,215
23.5279,120.5474,뷂쎖,C0M700,2017-01-29T06:00:00+08:00,150.0,97.0,1.8,13.2,0.99,1000.7,-99.0,0.0,-9.9,-99,-999,좐잠찏,17,뷂쎖욠,215
23.5279,120.5474,뷂쎖,C0M700,2017-01-29T07:00:00+08:00,150.0,102.0,0.3,13.2,0.99,1001.4,-99.0,0.0,-9.9,-99,-999,좐잠찏,17,뷂쎖욠,215
23.5279,120.5474,뷂쎖,C0M700,2017-01-29T08:00:00+08:00,150.0,0.0,0.0,16.5,0.99,1002.1,-99.0,0.0,-9.9,-99,-999,좐잠찏,17,뷂쎖욠,215
23.5279,120.5474,뷂쎖,C0M700,2017-01-29T09:00:00+08:00,150.0,273.0,0.8,17.6,0.99,1002.7,-99.0,0.0,-9.9,-99,-999,좐잠찏,17,뷂쎖욠,215
23.5279,120.5474,뷂쎖,C0M700,2017-01-29T10:00:00+08:00,150.0,208.0,1.2,20.5,0.91,1002.7,-99.0,0.0,-9.9,-99,-999,좐잠찏,17,뷂쎖욠,215
23.5279,120.5474,뷂쎖,C0M700,2017-01-29T11:00:00+08:00,150.0,265.0,0.5,22.5,0.68,1002.0,-99.0,0.0,-9.9,-99,-999,좐잠찏,17,뷂쎖욠,215
23.5279,120.5474,뷂쎖,C0M700,2017-01-29T12:00:00+08:00,150.0,325.0,1.5,24.2,0.62,1000.9,-99.0,0.0,-9.9,-99,-999,좐잠찏,17,뷂쎖욠,215
23.5279,120.5474,뷂쎖,C0M700,2017-01-29T13:00:00+08:00,150.0,336.0,1.5,25.2,0.53,999.9,-99.0,0.0,-9.9,-99,-999,좐잠찏,17,뷂쎖욠,215
23.5279,120.5474,뷂쎖,C0M700,2017-01-29T14:00:00+08:00,150.0,347.0,2.0,25.8,0.51,998.8,-99.0,0.0,-9.9,-99,-999,좐잠찏,17,뷂쎖욠,215
23.5279,120.5474,뷂쎖,C0M700,2017-01-29T15:00:00+08:00,150.0,329.0,1.2,26.9,0.44,998.5,-99.0,0.0,-9.9,-99,-999,좐잠찏,17,뷂쎖욠,215
23.5279,120.5474,뷂쎖,C0M700,2017-01-29T16:00:00+08:00,150.0,321.0,1.0,27.2,0.43,998.7,-99.0,0.0,-9.9,-99,-999,좐잠찏,17,뷂쎖욠,215
23.5279,120.5474,뷂쎖,C0M700,2017-01-29T17:00:00+08:00,150.0,284.0,0.8,25.3,0.47,999.2,-99.0,0.0,-9.9,-99,-999,좐잠찏,17,뷂쎖욠,215
23.5279,120.5474,뷂쎖,C0M700,2017-01-29T18:00:00+08:00,150.0,266.0,1.4,21.9,0.81,1000.1,-99.0,0.0,-9.9,-99,-999,좐잠찏,17,뷂쎖욠,215
23.5279,120.5474,뷂쎖,C0M700,2017-01-29T19:00:00+08:00,150.0,194.0,1.4,20.3,0.91,1000.9,-99.0,0.0,-9.9,-99,-999,좐잠찏,17,뷂쎖욠,215
23.5279,120.5474,뷂쎖,C0M700,2017-01-29T20:00:00+08:00,150.0,336.0,1.0,19.3,0.98,1001.1,-99.0,0.0,-9.9,-99,-999,좐잠찏,17,뷂쎖욠,215
23.5279,120.5474,뷂쎖,C0M700,2017-01-29T21:00:00+08:00,150.0,123.0,0.4,19.4,0.99,1000.9,-99.0,0.0,-9.9,-99,-999,좐잠찏,17,뷂쎖욠,215
23.5279,120.5474,뷂쎖,C0M700,2017-01-29T22:00:00+08:00,150.0,180.0,0.5,18.3,0.99,1001.3,-99.0,0.0,-9.9,-99,-999,좐잠찏,17,뷂쎖욠,215
23.5279,120.5474,뷂쎖,C0M700,2017-01-29T23:00:00+08:00,150.0,360.0,0.4,17.7,0.99,1001.0,-99.0,0.0,-9.9,-99,-999,좐잠찏,17,뷂쎖욠,215
23.5279,120.5474,뷂쎖,C0M700,2017-01-30T00:00:00+08:00,150.0,348.0,1.3,17.5,0.99,1001.4,-99.0,0.0,-9.9,-99,-999,좐잠찏,17,뷂쎖욠,215
23.5279,120.5474,뷂쎖,C0M700,2017-01-30T01:00:00+08:00,150.0,91.0,1.0,16.9,0.99,1000.8,-99.0,0.0,-9.9,-99,-999,좐잠찏,17,뷂쎖욠,215
23.5279,120.5474,뷂쎖,C0M700,2017-01-30T02:00:00+08:00,150.0,326.0,0.5,16.5,0.99,1000.8,-99.0,0.0,-9.9,-99,-999,좐잠찏,17,뷂쎖욠,215
23.5279,120.5474,뷂쎖,C0M700,2017-01-30T03:00:00+08:00,150.0,94.0,1.4,16.2,0.99,1000.2,-99.0,0.0,-9.9,-99,-999,좐잠찏,17,뷂쎖욠,215
23.5279,120.5474,뷂쎖,C0M700,2017-01-30T04:00:00+08:00,150.0,0.0,0.0,16.5,0.99,999.8,-99.0,0.0,-9.9,-99,-999,좐잠찏,17,뷂쎖욠,215
23.5279,120.5474,뷂쎖,C0M700,2017-01-30T05:00:00+08:00,150.0,124.0,1.1,16.7,0.99,999.9,-99.0,0.0,-9.9,-99,-999,좐잠찏,17,뷂쎖욠,215
23.5279,120.5474,뷂쎖,C0M700,2017-01-30T06:00:00+08:00,150.0,0.0,0.2,17.0,0.99,1000.8,-99.0,0.0,-9.9,-99,-999,좐잠찏,17,뷂쎖욠,215
23.5279,120.5474,뷂쎖,C0M700,2017-01-30T07:00:00+08:00,150.0,155.0,0.4,16.9,0.99,1001.1,-99.0,0.0,-9.9,-99,-999,좐잠찏,17,뷂쎖욠,215
23.5279,120.5474,뷂쎖,C0M700,2017-01-30T08:00:00+08:00,150.0,0.0,0.0,18.7,0.99,1001.7,-99.0,0.0,-9.9,-99,-999,좐잠찏,17,뷂쎖욠,215
23.5279,120.5474,뷂쎖,C0M700,2017-01-30T09:00:00+08:00,150.0,248.0,0.4,21.8,0.80,1002.0,-99.0,0.0,-9.9,-99,-999,좐잠찏,17,뷂쎖욠,215
23.5279,120.5474,뷂쎖,C0M700,2017-01-30T10:00:00+08:00,150.0,311.0,0.9,23.9,0.63,1002.0,-99.0,0.0,-9.9,-99,-999,좐잠찏,17,뷂쎖욠,215
23.5279,120.5474,뷂쎖,C0M700,2017-01-30T11:00:00+08:00,150.0,234.0,1.3,26.3,0.54,1001.1,-99.0,0.0,-9.9,-99,-999,좐잠찏,17,뷂쎖욠,215
23.5279,120.5474,뷂쎖,C0M700,2017-01-30T12:00:00+08:00,150.0,292.0,1.3,25.7,0.55,999.9,-99.0,0.0,-9.9,-99,-999,좐잠찏,17,뷂쎖욠,215
23.5279,120.5474,뷂쎖,C0M700,2017-01-30T13:00:00+08:00,150.0,332.0,1.6,27.2,0.51,999.1,-99.0,0.0,-9.9,-99,-999,좐잠찏,17,뷂쎖욠,215
23.5279,120.5474,뷂쎖,C0M700,2017-01-30T14:00:00+08:00,150.0,293.0,2.4,26.7,0.61,998.5,-99.0,0.0,-9.9,-99,-999,좐잠찏,17,뷂쎖욠,215
23.5279,120.5474,뷂쎖,C0M700,2017-01-30T15:00:00+08:00,150.0,303.0,1.5,25.6,0.63,998.5,-99.0,0.0,-9.9,-99,-999,좐잠찏,17,뷂쎖욠,215
23.5279,120.5474,뷂쎖,C0M700,2017-01-30T16:00:00+08:00,150.0,320.0,1.6,22.3,0.71,999.4,-99.0,0.0,-9.9,-99,-999,좐잠찏,17,뷂쎖욠,215
23.5279,120.5474,뷂쎖,C0M700,2017-01-30T17:00:00+08:00,150.0,292.0,1.1,21.2,0.74,1000.0,-99.0,0.0,-9.9,-99,-999,좐잠찏,17,뷂쎖욠,215
23.5279,120.5474,뷂쎖,C0M700,2017-01-30T18:00:00+08:00,150.0,294.0,0.4,20.2,0.77,1000.5,-99.0,0.0,-9.9,-99,-999,좐잠찏,17,뷂쎖욠,215
23.5279,120.5474,뷂쎖,C0M700,2017-01-30T20:00:00+08:00,150.0,339.0,1.3,17.7,0.85,1001.7,-99.0,0.0,-9.9,-99,-999,좐잠찏,17,뷂쎖욠,215
23.5279,120.5474,뷂쎖,C0M700,2017-01-30T21:00:00+08:00,150.0,317.0,0.3,17.3,0.86,1001.8,-99.0,0.0,-9.9,-99,-999,좐잠찏,17,뷂쎖욠,215
23.5279,120.5474,뷂쎖,C0M700,2017-01-30T22:00:00+08:00,150.0,357.0,0.9,16.2,0.93,1001.7,-99.0,0.0,-9.9,-99,-999,좐잠찏,17,뷂쎖욠,215
23.5279,120.5474,뷂쎖,C0M700,2017-01-30T23:00:00+08:00,150.0,340.0,0.9,15.7,0.95,1001.9,-99.0,0.0,-9.9,-99,-999,좐잠찏,17,뷂쎖욠,215
23.5279,120.5474,뷂쎖,C0M700,2017-01-31T00:00:00+08:00,150.0,281.0,0.6,15.9,0.94,1001.8,-99.0,0.0,-9.9,-99,-999,좐잠찏,17,뷂쎖욠,215
23.5279,120.5474,뷂쎖,C0M700,2017-01-31T01:00:00+08:00,150.0,324.0,0.6,15.4,0.96,1001.3,-99.0,0.0,-9.9,-99,-999,좐잠찏,17,뷂쎖욠,215
23.5279,120.5474,뷂쎖,C0M700,2017-01-31T02:00:00+08:00,150.0,0.0,0.2,14.9,0.98,1001.0,-99.0,0.0,-9.9,-99,-999,좐잠찏,17,뷂쎖욠,215
23.5279,120.5474,뷂쎖,C0M700,2017-01-31T03:00:00+08:00,150.0,359.0,0.9,13.9,0.99,1000.9,-99.0,0.0,-9.9,-99,-999,좐잠찏,17,뷂쎖욠,215
23.5279,120.5474,뷂쎖,C0M700,2017-01-31T04:00:00+08:00,150.0,0.0,0.0,14.1,0.99,1001.0,-99.0,0.0,-9.9,-99,-999,좐잠찏,17,뷂쎖욠,215
23.5279,120.5474,뷂쎖,C0M700,2017-01-31T05:00:00+08:00,150.0,0.0,0.0,13.7,0.99,1001.2,-99.0,0.0,-9.9,-99,-999,좐잠찏,17,뷂쎖욠,215
23.5279,120.5474,뷂쎖,C0M700,2017-01-31T06:00:00+08:00,150.0,0.0,0.0,13.8,0.99,1001.7,-99.0,0.0,-9.9,-99,-999,좐잠찏,17,뷂쎖욠,215
23.5279,120.5474,뷂쎖,C0M700,2017-01-31T07:00:00+08:00,150.0,0.0,0.0,13.9,0.99,1002.3,-99.0,0.0,-9.9,-99,-999,좐잠찏,17,뷂쎖욠,215
