21.9942,120.8367,佳樂水,C0R370,2017-01-10T11:00:00+08:00,55.0,238.0,0.7,23.0,-0.99,1013.4,-99.0,0.0,-9.9,-99,-999,屏東縣,20,滿州鄉,348
21.9942,120.8367,佳樂水,C0R370,2017-01-10T12:00:00+08:00,55.0,237.0,0.3,22.1,-0.99,1012.9,-99.0,0.0,-9.9,-99,-999,屏東縣,20,滿州鄉,348
21.9942,120.8367,佳樂水,C0R370,2017-01-10T13:00:00+08:00,55.0,266.0,0.7,22.4,-0.99,1012.3,-99.0,0.0,-9.9,-99,-999,屏東縣,20,滿州鄉,348
21.9942,120.8367,佳樂水,C0R370,2017-01-10T14:00:00+08:00,55.0,175.0,1.0,22.5,-0.99,1011.8,-99.0,0.0,-9.9,-99,-999,屏東縣,20,滿州鄉,348
21.9942,120.8367,佳樂水,C0R370,2017-01-10T15:00:00+08:00,55.0,200.0,0.6,22.4,-0.99,1011.8,-99.0,0.0,-9.9,-99,-999,屏東縣,20,滿州鄉,348
21.9942,120.8367,佳樂水,C0R370,2017-01-10T16:00:00+08:00,55.0,148.0,0.6,21.3,-0.99,1012.2,-99.0,0.0,-9.9,-99,-999,屏東縣,20,滿州鄉,348
21.9942,120.8367,佳樂水,C0R370,2017-01-10T17:00:00+08:00,55.0,278.0,0.3,20.7,-0.99,1012.7,-99.0,0.0,-9.9,-99,-999,屏東縣,20,滿州鄉,348
21.9942,120.8367,佳樂水,C0R370,2017-01-10T18:00:00+08:00,55.0,138.0,0.5,20.7,-0.99,1013.2,-99.0,0.0,-9.9,-99,-999,屏東縣,20,滿州鄉,348
21.9942,120.8367,佳樂水,C0R370,2017-01-10T19:00:00+08:00,55.0,136.0,0.8,20.6,-0.99,1013.6,-99.0,0.0,-9.9,-99,-999,屏東縣,20,滿州鄉,348
21.9942,120.8367,佳樂水,C0R370,2017-01-10T20:00:00+08:00,55.0,0.0,0.2,20.4,-0.99,1013.7,-99.0,0.0,-9.9,-99,-999,屏東縣,20,滿州鄉,348
21.9942,120.8367,佳樂水,C0R370,2017-01-10T21:00:00+08:00,55.0,213.0,0.9,20.4,-0.99,1013.9,-99.0,0.0,-9.9,-99,-999,屏東縣,20,滿州鄉,348
21.9942,120.8367,佳樂水,C0R370,2017-01-10T22:00:00+08:00,55.0,241.0,0.7,20.2,-0.99,1014.1,-99.0,0.0,-9.9,-99,-999,屏東縣,20,滿州鄉,348
21.9942,120.8367,佳樂水,C0R370,2017-01-10T23:00:00+08:00,55.0,207.0,0.5,20.3,-0.99,1013.8,-99.0,0.0,-9.9,-99,-999,屏東縣,20,滿州鄉,348
21.9942,120.8367,佳樂水,C0R370,2017-01-11T00:00:00+08:00,55.0,244.0,0.4,20.2,-0.99,1014.0,-99.0,0.0,-9.9,-99,-999,屏東縣,20,滿州鄉,348
21.9942,120.8367,佳樂水,C0R370,2017-01-11T01:00:00+08:00,55.0,210.0,0.6,20.0,-0.99,1013.4,-99.0,0.0,-9.9,-99,-999,屏東縣,20,滿州鄉,348
21.9942,120.8367,佳樂水,C0R370,2017-01-11T02:00:00+08:00,55.0,270.0,0.5,19.6,-0.99,1012.9,-99.0,0.0,-9.9,-99,-999,屏東縣,20,滿州鄉,348
21.9942,120.8367,佳樂水,C0R370,2017-01-11T03:00:00+08:00,55.0,222.0,0.7,20.2,-0.99,1012.3,-99.0,0.0,-9.9,-99,-999,屏東縣,20,滿州鄉,348
21.9942,120.8367,佳樂水,C0R370,2017-01-11T04:00:00+08:00,55.0,265.0,0.9,20.3,-0.99,1012.3,-99.0,0.0,-9.9,-99,-999,屏東縣,20,滿州鄉,348
21.9942,120.8367,佳樂水,C0R370,2017-01-11T05:00:00+08:00,55.0,227.0,0.7,20.2,-0.99,1012.5,-99.0,0.0,-9.9,-99,-999,屏東縣,20,滿州鄉,348
21.9942,120.8367,佳樂水,C0R370,2017-01-11T06:00:00+08:00,55.0,244.0,0.5,20.4,-0.99,1013.2,-99.0,0.0,-9.9,-99,-999,屏東縣,20,滿州鄉,348
21.9942,120.8367,佳樂水,C0R370,2017-01-11T07:00:00+08:00,55.0,266.0,0.8,19.8,-0.99,1013.6,-99.0,0.0,-9.9,-99,-999,屏東縣,20,滿州鄉,348
21.9942,120.8367,佳樂水,C0R370,2017-01-11T08:00:00+08:00,55.0,279.0,0.5,20.3,-0.99,1014.4,-99.0,0.0,-9.9,-99,-999,屏東縣,20,滿州鄉,348
21.9942,120.8367,佳樂水,C0R370,2017-01-11T09:00:00+08:00,55.0,237.0,0.8,21.1,-0.99,1015.0,-99.0,0.0,-9.9,-99,-999,屏東縣,20,滿州鄉,348
21.9942,120.8367,佳樂水,C0R370,2017-01-11T10:00:00+08:00,55.0,242.0,0.7,22.0,-0.99,1014.5,-99.0,0.0,-9.9,-99,-999,屏東縣,20,滿州鄉,348
21.9942,120.8367,佳樂水,C0R370,2017-01-11T11:00:00+08:00,55.0,209.0,0.6,21.9,-0.99,1013.7,-99.0,0.0,-9.9,-99,-999,屏東縣,20,滿州鄉,348
21.9942,120.8367,佳樂水,C0R370,2017-01-11T12:00:00+08:00,55.0,154.0,0.5,21.4,-0.99,1012.9,-99.0,0.0,-9.9,-99,-999,屏東縣,20,滿州鄉,348
21.9942,120.8367,佳樂水,C0R370,2017-01-11T13:00:00+08:00,55.0,185.0,0.9,23.1,-0.99,1011.9,-99.0,0.0,-9.9,-99,-999,屏東縣,20,滿州鄉,348
21.9942,120.8367,佳樂水,C0R370,2017-01-11T14:00:00+08:00,55.0,137.0,1.2,22.9,-0.99,1011.0,-99.0,0.0,-9.9,-99,-999,屏東縣,20,滿州鄉,348
21.9942,120.8367,佳樂水,C0R370,2017-01-11T15:00:00+08:00,55.0,128.0,0.7,23.1,-0.99,1010.6,-99.0,0.0,-9.9,-99,-999,屏東縣,20,滿州鄉,348
21.9942,120.8367,佳樂水,C0R370,2017-01-11T16:00:00+08:00,55.0,0.0,0.1,22.4,-0.99,1010.6,-99.0,0.0,-9.9,-99,-999,屏東縣,20,滿州鄉,348
21.9942,120.8367,佳樂水,C0R370,2017-01-11T17:00:00+08:00,55.0,0.0,0.1,21.7,-0.99,1011.3,-99.0,0.0,-9.9,-99,-999,屏東縣,20,滿州鄉,348
21.9942,120.8367,佳樂水,C0R370,2017-01-11T18:00:00+08:00,55.0,108.0,0.5,21.5,-0.99,1011.8,-99.0,0.0,-9.9,-99,-999,屏東縣,20,滿州鄉,348
21.9942,120.8367,佳樂水,C0R370,2017-01-11T19:00:00+08:00,55.0,173.0,0.3,21.3,-0.99,1012.3,-99.0,0.0,-9.9,-99,-999,屏東縣,20,滿州鄉,348
21.9942,120.8367,佳樂水,C0R370,2017-01-11T20:00:00+08:00,55.0,204.0,0.9,21.4,-0.99,1012.5,-99.0,0.0,-9.9,-99,-999,屏東縣,20,滿州鄉,348
21.9942,120.8367,佳樂水,C0R370,2017-01-11T21:00:00+08:00,55.0,213.0,0.9,21.4,-0.99,1012.8,-99.0,0.0,-9.9,-99,-999,屏東縣,20,滿州鄉,348
21.9942,120.8367,佳樂水,C0R370,2017-01-11T22:00:00+08:00,55.0,243.0,0.5,21.2,-0.99,1013.1,-99.0,0.0,-9.9,-99,-999,屏東縣,20,滿州鄉,348
21.9942,120.8367,佳樂水,C0R370,2017-01-11T23:00:00+08:00,55.0,279.0,0.9,20.7,-0.99,1013.2,-99.0,0.0,-9.9,-99,-999,屏東縣,20,滿州鄉,348
21.9942,120.8367,佳樂水,C0R370,2017-01-12T00:00:00+08:00,55.0,263.0,0.7,20.5,-0.99,1012.5,-99.0,0.0,-9.9,-99,-999,屏東縣,20,滿州鄉,348
21.9942,120.8367,佳樂水,C0R370,2017-01-12T01:00:00+08:00,55.0,246.0,0.4,20.7,-0.99,1011.9,-99.0,0.0,-9.9,-99,-999,屏東縣,20,滿州鄉,348
21.9942,120.8367,佳樂水,C0R370,2017-01-12T02:00:00+08:00,55.0,268.0,0.3,20.5,-0.99,1011.5,-99.0,0.0,-9.9,-99,-999,屏東縣,20,滿州鄉,348
21.9942,120.8367,佳樂水,C0R370,2017-01-12T03:00:00+08:00,55.0,256.0,0.3,20.8,-0.99,1010.8,-99.0,0.0,-9.9,-99,-999,屏東縣,20,滿州鄉,348
21.9942,120.8367,佳樂水,C0R370,2017-01-12T04:00:00+08:00,55.0,140.0,0.3,21.0,-0.99,1010.4,-99.0,0.0,-9.9,-99,-999,屏東縣,20,滿州鄉,348
21.9942,120.8367,佳樂水,C0R370,2017-01-12T05:00:00+08:00,55.0,143.0,0.4,21.1,-0.99,1010.5,-99.0,0.0,-9.9,-99,-999,屏東縣,20,滿州鄉,348
21.9942,120.8367,佳樂水,C0R370,2017-01-12T06:00:00+08:00,55.0,0.0,0.2,21.3,-0.99,1010.4,-99.0,0.0,-9.9,-99,-999,屏東縣,20,滿州鄉,348
21.9942,120.8367,佳樂水,C0R370,2017-01-12T07:00:00+08:00,55.0,0.0,0.1,21.0,-0.99,1010.7,-99.0,0.0,-9.9,-99,-999,屏東縣,20,滿州鄉,348
21.9942,120.8367,佳樂水,C0R370,2017-01-12T08:00:00+08:00,55.0,0.0,0.2,21.5,-0.99,1011.0,-99.0,0.0,-9.9,-99,-999,屏東縣,20,滿州鄉,348
21.9942,120.8367,佳樂水,C0R370,2017-01-12T09:00:00+08:00,55.0,261.0,0.5,22.9,-0.99,1011.2,-99.0,0.0,-9.9,-99,-999,屏東縣,20,滿州鄉,348
21.9942,120.8367,佳樂水,C0R370,2017-01-12T10:00:00+08:00,55.0,0.0,0.2,22.0,-0.99,1011.4,-99.0,0.0,-9.9,-99,-999,屏東縣,20,滿州鄉,348
21.9942,120.8367,佳樂水,C0R370,2017-01-12T11:00:00+08:00,55.0,121.0,0.6,22.0,-0.99,1010.9,-99.0,0.0,-9.9,-99,-999,屏東縣,20,滿州鄉,348
21.9942,120.8367,佳樂水,C0R370,2017-01-12T12:00:00+08:00,55.0,0.0,0.2,23.3,-0.99,1009.8,-99.0,0.0,-9.9,-99,-999,屏東縣,20,滿州鄉,348
21.9942,120.8367,佳樂水,C0R370,2017-01-12T13:00:00+08:00,55.0,56.0,0.6,22.8,-0.99,1008.5,-99.0,0.0,-9.9,-99,-999,屏東縣,20,滿州鄉,348
21.9942,120.8367,佳樂水,C0R370,2017-01-12T14:00:00+08:00,55.0,50.0,0.3,23.6,-0.99,1007.9,-99.0,0.0,-9.9,-99,-999,屏東縣,20,滿州鄉,348
21.9942,120.8367,佳樂水,C0R370,2017-01-12T15:00:00+08:00,55.0,28.0,0.3,22.9,-0.99,1007.5,-99.0,0.0,-9.9,-99,-999,屏東縣,20,滿州鄉,348
21.9942,120.8367,佳樂水,C0R370,2017-01-12T16:00:00+08:00,55.0,0.0,0.2,22.1,-0.99,1007.8,-99.0,0.0,-9.9,-99,-999,屏東縣,20,滿州鄉,348
21.9942,120.8367,佳樂水,C0R370,2017-01-12T17:00:00+08:00,55.0,66.0,0.4,22.2,-0.99,1007.8,-99.0,0.0,-9.9,-99,-999,屏東縣,20,滿州鄉,348
21.9942,120.8367,佳樂水,C0R370,2017-01-12T18:00:00+08:00,55.0,62.0,0.3,22.0,-0.99,1007.9,-99.0,0.0,-9.9,-99,-999,屏東縣,20,滿州鄉,348
21.9942,120.8367,佳樂水,C0R370,2017-01-12T19:00:00+08:00,55.0,10.0,0.3,22.0,-0.99,1008.4,-99.0,0.0,-9.9,-99,-999,屏東縣,20,滿州鄉,348
21.9942,120.8367,佳樂水,C0R370,2017-01-12T20:00:00+08:00,55.0,0.0,0.2,21.8,-0.99,1008.7,-99.0,0.0,-9.9,-99,-999,屏東縣,20,滿州鄉,348
21.9942,120.8367,佳樂水,C0R370,2017-01-12T21:00:00+08:00,55.0,89.0,0.3,22.2,-0.99,1009.1,-99.0,0.0,-9.9,-99,-999,屏東縣,20,滿州鄉,348
21.9942,120.8367,佳樂水,C0R370,2017-01-12T22:00:00+08:00,55.0,0.0,0.0,21.6,-0.99,1009.1,-99.0,0.0,-9.9,-99,-999,屏東縣,20,滿州鄉,348
21.9942,120.8367,佳樂水,C0R370,2017-01-12T23:00:00+08:00,55.0,0.0,0.0,20.3,-0.99,1008.9,-99.0,0.0,-9.9,-99,-999,屏東縣,20,滿州鄉,348
21.9942,120.8367,佳樂水,C0R370,2017-01-13T00:00:00+08:00,55.0,0.0,0.0,19.5,-0.99,1008.6,-99.0,0.0,-9.9,-99,-999,屏東縣,20,滿州鄉,348
21.9942,120.8367,佳樂水,C0R370,2017-01-13T01:00:00+08:00,55.0,0.0,0.1,19.3,-0.99,1008.2,-99.0,0.0,-9.9,-99,-999,屏東縣,20,滿州鄉,348
21.9942,120.8367,佳樂水,C0R370,2017-01-13T02:00:00+08:00,55.0,0.0,0.1,19.1,-0.99,1007.5,-99.0,0.0,-9.9,-99,-999,屏東縣,20,滿州鄉,348
21.9942,120.8367,佳樂水,C0R370,2017-01-13T03:00:00+08:00,55.0,0.0,0.1,18.6,-0.99,1007.1,-99.0,0.0,-9.9,-99,-999,屏東縣,20,滿州鄉,348
21.9942,120.8367,佳樂水,C0R370,2017-01-13T04:00:00+08:00,55.0,247.0,0.3,17.8,-0.99,1007.0,-99.0,0.0,-9.9,-99,-999,屏東縣,20,滿州鄉,348
21.9942,120.8367,佳樂水,C0R370,2017-01-13T05:00:00+08:00,55.0,0.0,0.0,17.6,-0.99,1007.0,-99.0,0.0,-9.9,-99,-999,屏東縣,20,滿州鄉,348
21.9942,120.8367,佳樂水,C0R370,2017-01-13T06:00:00+08:00,55.0,0.0,0.0,17.6,-0.99,1007.4,-99.0,0.0,-9.9,-99,-999,屏東縣,20,滿州鄉,348
21.9942,120.8367,佳樂水,C0R370,2017-01-13T07:00:00+08:00,55.0,0.0,0.0,18.3,-0.99,1007.9,-99.0,0.0,-9.9,-99,-999,屏東縣,20,滿州鄉,348
21.9942,120.8367,佳樂水,C0R370,2017-01-13T08:00:00+08:00,55.0,0.0,0.2,20.6,-0.99,1008.6,-99.0,0.0,-9.9,-99,-999,屏東縣,20,滿州鄉,348
21.9942,120.8367,佳樂水,C0R370,2017-01-13T09:00:00+08:00,55.0,274.0,0.7,23.1,-0.99,1009.4,-99.0,0.0,-9.9,-99,-999,屏東縣,20,滿州鄉,348
21.9942,120.8367,佳樂水,C0R370,2017-01-13T10:00:00+08:00,55.0,201.0,0.4,23.9,-0.99,1009.6,-99.0,0.0,-9.9,-99,-999,屏東縣,20,滿州鄉,348
21.9942,120.8367,佳樂水,C0R370,2017-01-13T11:00:00+08:00,55.0,0.0,0.2,23.6,-0.99,1009.4,-99.0,0.0,-9.9,-99,-999,屏東縣,20,滿州鄉,348
21.9942,120.8367,佳樂水,C0R370,2017-01-13T12:00:00+08:00,55.0,207.0,0.3,23.1,-0.99,1008.7,-99.0,0.0,-9.9,-99,-999,屏東縣,20,滿州鄉,348
21.9942,120.8367,佳樂水,C0R370,2017-01-13T13:00:00+08:00,55.0,238.0,0.5,22.4,-0.99,1007.9,-99.0,0.0,-9.9,-99,-999,屏東縣,20,滿州鄉,348
21.9942,120.8367,佳樂水,C0R370,2017-01-13T14:00:00+08:00,55.0,229.0,0.8,22.2,-0.99,1007.6,-99.0,0.0,-9.9,-99,-999,屏東縣,20,滿州鄉,348
21.9942,120.8367,佳樂水,C0R370,2017-01-13T15:00:00+08:00,55.0,238.0,0.7,21.3,-0.99,1007.5,-99.0,0.0,-9.9,-99,-999,屏東縣,20,滿州鄉,348
21.9942,120.8367,佳樂水,C0R370,2017-01-13T16:00:00+08:00,55.0,274.0,1.2,20.8,-0.99,1007.8,-99.0,0.0,-9.9,-99,-999,屏東縣,20,滿州鄉,348
21.9942,120.8367,佳樂水,C0R370,2017-01-13T17:00:00+08:00,55.0,218.0,0.8,20.5,-0.99,1008.7,-99.0,0.0,-9.9,-99,-999,屏東縣,20,滿州鄉,348
21.9942,120.8367,佳樂水,C0R370,2017-01-13T18:00:00+08:00,55.0,260.0,0.7,20.0,-0.99,1008.8,-99.0,0.0,-9.9,-99,-999,屏東縣,20,滿州鄉,348
21.9942,120.8367,佳樂水,C0R370,2017-01-13T19:00:00+08:00,55.0,259.0,0.7,19.9,-0.99,1009.3,-99.0,0.0,-9.9,-99,-999,屏東縣,20,滿州鄉,348
21.9942,120.8367,佳樂水,C0R370,2017-01-13T20:00:00+08:00,55.0,239.0,0.8,19.9,-0.99,1009.6,-99.0,0.0,-9.9,-99,-999,屏東縣,20,滿州鄉,348
21.9942,120.8367,佳樂水,C0R370,2017-01-13T21:00:00+08:00,55.0,207.0,0.9,20.0,-0.99,1009.9,-99.0,0.0,-9.9,-99,-999,屏東縣,20,滿州鄉,348
21.9942,120.8367,佳樂水,C0R370,2017-01-13T22:00:00+08:00,55.0,273.0,0.9,19.7,-0.99,1010.1,-99.0,0.0,-9.9,-99,-999,屏東縣,20,滿州鄉,348
21.9942,120.8367,佳樂水,C0R370,2017-01-13T23:00:00+08:00,55.0,258.0,1.0,19.6,-0.99,1010.1,-99.0,0.0,-9.9,-99,-999,屏東縣,20,滿州鄉,348
21.9942,120.8367,佳樂水,C0R370,2017-01-14T00:00:00+08:00,55.0,261.0,0.9,19.7,-0.99,1009.8,-99.0,0.0,-9.9,-99,-999,屏東縣,20,滿州鄉,348
21.9942,120.8367,佳樂水,C0R370,2017-01-14T01:00:00+08:00,55.0,226.0,0.8,19.9,-0.99,1009.5,-99.0,0.0,-9.9,-99,-999,屏東縣,20,滿州鄉,348
21.9942,120.8367,佳樂水,C0R370,2017-01-14T02:00:00+08:00,55.0,240.0,0.8,19.7,-0.99,1008.8,-99.0,0.0,-9.9,-99,-999,屏東縣,20,滿州鄉,348
21.9942,120.8367,佳樂水,C0R370,2017-01-14T03:00:00+08:00,55.0,242.0,1.0,19.7,-0.99,1009.1,-99.0,0.0,-9.9,-99,-999,屏東縣,20,滿州鄉,348
21.9942,120.8367,佳樂水,C0R370,2017-01-14T04:00:00+08:00,55.0,216.0,1.0,19.9,-0.99,1009.0,-99.0,0.0,-9.9,-99,-999,屏東縣,20,滿州鄉,348
21.9942,120.8367,佳樂水,C0R370,2017-01-14T05:00:00+08:00,55.0,216.0,1.1,19.8,-0.99,1009.2,-99.0,0.0,-9.9,-99,-999,屏東縣,20,滿州鄉,348
21.9942,120.8367,佳樂水,C0R370,2017-01-14T06:00:00+08:00,55.0,224.0,0.5,19.7,-0.99,1009.9,-99.0,0.0,-9.9,-99,-999,屏東縣,20,滿州鄉,348
21.9942,120.8367,佳樂水,C0R370,2017-01-14T07:00:00+08:00,55.0,220.0,1.0,19.6,-0.99,1010.2,-99.0,0.0,-9.9,-99,-999,屏東縣,20,滿州鄉,348
21.9942,120.8367,佳樂水,C0R370,2017-01-14T08:00:00+08:00,55.0,248.0,1.2,19.5,-0.99,1011.4,-99.0,0.0,-9.9,-99,-999,屏東縣,20,滿州鄉,348
21.9942,120.8367,佳樂水,C0R370,2017-01-14T10:00:00+08:00,55.0,247.0,1.3,20.1,-0.99,1011.9,-99.0,0.0,-9.9,-99,-999,屏東縣,20,滿州鄉,348
21.9942,120.8367,佳樂水,C0R370,2017-01-14T11:00:00+08:00,55.0,225.0,0.9,21.6,-0.99,1011.3,-99.0,0.0,-9.9,-99,-999,屏東縣,20,滿州鄉,348
21.9942,120.8367,佳樂水,C0R370,2017-01-14T12:00:00+08:00,55.0,227.0,0.9,19.7,-0.99,1011.5,-99.0,0.0,-9.9,-99,-999,屏東縣,20,滿州鄉,348
21.9942,120.8367,佳樂水,C0R370,2017-01-14T13:00:00+08:00,55.0,193.0,0.9,20.8,-0.99,1010.5,-99.0,0.0,-9.9,-99,-999,屏東縣,20,滿州鄉,348
21.9942,120.8367,佳樂水,C0R370,2017-01-14T14:00:00+08:00,55.0,251.0,1.1,19.3,-0.99,1010.1,-99.0,0.0,-9.9,-99,-999,屏東縣,20,滿州鄉,348
21.9942,120.8367,佳樂水,C0R370,2017-01-14T15:00:00+08:00,55.0,240.0,0.6,19.6,-0.99,1010.1,-99.0,0.0,-9.9,-99,-999,屏東縣,20,滿州鄉,348
21.9942,120.8367,佳樂水,C0R370,2017-01-14T16:00:00+08:00,55.0,174.0,0.9,19.4,-0.99,1010.7,-99.0,0.0,-9.9,-99,-999,屏東縣,20,滿州鄉,348
21.9942,120.8367,佳樂水,C0R370,2017-01-14T17:00:00+08:00,55.0,237.0,0.7,19.1,-0.99,1011.6,-99.0,0.0,-9.9,-99,-999,屏東縣,20,滿州鄉,348
21.9942,120.8367,佳樂水,C0R370,2017-01-14T18:00:00+08:00,55.0,239.0,0.9,18.2,-0.99,1012.3,-99.0,0.0,-9.9,-99,-999,屏東縣,20,滿州鄉,348
21.9942,120.8367,佳樂水,C0R370,2017-01-14T19:00:00+08:00,55.0,237.0,0.7,18.4,-0.99,1012.4,-99.0,0.0,-9.9,-99,-999,屏東縣,20,滿州鄉,348
21.9942,120.8367,佳樂水,C0R370,2017-01-14T20:00:00+08:00,55.0,227.0,0.7,18.4,-0.99,1012.9,-99.0,0.0,-9.9,-99,-999,屏東縣,20,滿州鄉,348
21.9942,120.8367,佳樂水,C0R370,2017-01-14T21:00:00+08:00,55.0,242.0,0.9,18.5,-0.99,1013.1,-99.0,0.0,-9.9,-99,-999,屏東縣,20,滿州鄉,348
21.9942,120.8367,佳樂水,C0R370,2017-01-14T22:00:00+08:00,55.0,251.0,1.0,18.4,-0.99,1013.5,-99.0,0.0,-9.9,-99,-999,屏東縣,20,滿州鄉,348
21.9942,120.8367,佳樂水,C0R370,2017-01-14T23:00:00+08:00,55.0,223.0,0.9,18.5,-0.99,1013.1,-99.0,0.0,-9.9,-99,-999,屏東縣,20,滿州鄉,348
21.9942,120.8367,佳樂水,C0R370,2017-01-15T00:00:00+08:00,55.0,222.0,1.1,18.7,-0.99,1013.4,-99.0,0.0,-9.9,-99,-999,屏東縣,20,滿州鄉,348
21.9942,120.8367,佳樂水,C0R370,2017-01-15T01:00:00+08:00,55.0,271.0,0.7,18.6,-0.99,1013.1,-99.0,0.0,-9.9,-99,-999,屏東縣,20,滿州鄉,348
21.9942,120.8367,佳樂水,C0R370,2017-01-15T02:00:00+08:00,55.0,240.0,1.1,18.7,-0.99,1012.8,-99.0,0.0,-9.9,-99,-999,屏東縣,20,滿州鄉,348
21.9942,120.8367,佳樂水,C0R370,2017-01-15T03:00:00+08:00,55.0,229.0,0.7,18.7,-0.99,1012.8,-99.0,0.0,-9.9,-99,-999,屏東縣,20,滿州鄉,348
21.9942,120.8367,佳樂水,C0R370,2017-01-15T04:00:00+08:00,55.0,276.0,0.7,18.8,-0.99,1012.7,-99.0,0.0,-9.9,-99,-999,屏東縣,20,滿州鄉,348
21.9942,120.8367,佳樂水,C0R370,2017-01-15T05:00:00+08:00,55.0,268.0,0.6,18.6,-0.99,1013.2,-99.0,0.0,-9.9,-99,-999,屏東縣,20,滿州鄉,348
21.9942,120.8367,佳樂水,C0R370,2017-01-15T06:00:00+08:00,55.0,260.0,1.1,18.8,-0.99,1013.7,-99.0,0.0,-9.9,-99,-999,屏東縣,20,滿州鄉,348
21.9942,120.8367,佳樂水,C0R370,2017-01-15T07:00:00+08:00,55.0,269.0,0.7,18.8,-0.99,1013.6,-99.0,0.0,-9.9,-99,-999,屏東縣,20,滿州鄉,348
21.9942,120.8367,佳樂水,C0R370,2017-01-15T08:00:00+08:00,55.0,155.0,0.5,19.2,-0.99,1014.7,-99.0,0.0,-9.9,-99,-999,屏東縣,20,滿州鄉,348
21.9942,120.8367,佳樂水,C0R370,2017-01-15T09:00:00+08:00,55.0,296.0,0.4,20.6,-0.99,1014.8,-99.0,0.0,-9.9,-99,-999,屏東縣,20,滿州鄉,348
21.9942,120.8367,佳樂水,C0R370,2017-01-15T10:00:00+08:00,55.0,250.0,1.0,21.4,-0.99,1014.5,-99.0,0.0,-9.9,-99,-999,屏東縣,20,滿州鄉,348
21.9942,120.8367,佳樂水,C0R370,2017-01-15T11:00:00+08:00,55.0,230.0,0.9,23.5,-0.99,1014.2,-99.0,0.0,-9.9,-99,-999,屏東縣,20,滿州鄉,348
21.9942,120.8367,佳樂水,C0R370,2017-01-15T12:00:00+08:00,55.0,244.0,0.5,23.1,-0.99,1013.3,-99.0,0.0,-9.9,-99,-999,屏東縣,20,滿州鄉,348
21.9942,120.8367,佳樂水,C0R370,2017-01-15T13:00:00+08:00,55.0,213.0,0.8,23.1,-0.99,1012.2,-99.0,0.0,-9.9,-99,-999,屏東縣,20,滿州鄉,348
21.9942,120.8367,佳樂水,C0R370,2017-01-15T14:00:00+08:00,55.0,257.0,0.9,20.7,-0.99,1011.3,-99.0,0.0,-9.9,-99,-999,屏東縣,20,滿州鄉,348
21.9942,120.8367,佳樂水,C0R370,2017-01-15T15:00:00+08:00,55.0,245.0,0.8,21.5,-0.99,1011.4,-99.0,0.0,-9.9,-99,-999,屏東縣,20,滿州鄉,348
21.9942,120.8367,佳樂水,C0R370,2017-01-15T16:00:00+08:00,55.0,154.0,0.6,20.5,-0.99,1011.6,-99.0,0.0,-9.9,-99,-999,屏東縣,20,滿州鄉,348
21.9942,120.8367,佳樂水,C0R370,2017-01-15T17:00:00+08:00,55.0,255.0,0.5,19.6,-0.99,1012.4,-99.0,0.0,-9.9,-99,-999,屏東縣,20,滿州鄉,348
21.9942,120.8367,佳樂水,C0R370,2017-01-15T18:00:00+08:00,55.0,228.0,0.9,19.1,-0.99,1013.0,-99.0,0.0,-9.9,-99,-999,屏東縣,20,滿州鄉,348
21.9942,120.8367,佳樂水,C0R370,2017-01-15T19:00:00+08:00,55.0,235.0,0.3,19.1,-0.99,1013.3,-99.0,0.0,-9.9,-99,-999,屏東縣,20,滿州鄉,348
21.9942,120.8367,佳樂水,C0R370,2017-01-15T20:00:00+08:00,55.0,221.0,0.9,18.8,-0.99,1013.7,-99.0,0.0,-9.9,-99,-999,屏東縣,20,滿州鄉,348
21.9942,120.8367,佳樂水,C0R370,2017-01-15T21:00:00+08:00,55.0,228.0,0.8,18.8,-0.99,1013.8,-99.0,0.0,-9.9,-99,-999,屏東縣,20,滿州鄉,348
21.9942,120.8367,佳樂水,C0R370,2017-01-15T22:00:00+08:00,55.0,244.0,0.9,18.5,-0.99,1014.1,-99.0,0.0,-9.9,-99,-999,屏東縣,20,滿州鄉,348
21.9942,120.8367,佳樂水,C0R370,2017-01-15T23:00:00+08:00,55.0,255.0,0.8,18.5,-0.99,1014.2,-99.0,0.0,-9.9,-99,-999,屏東縣,20,滿州鄉,348
21.9942,120.8367,佳樂水,C0R370,2017-01-16T00:00:00+08:00,55.0,267.0,1.0,18.1,-0.99,1014.0,-99.0,0.0,-9.9,-99,-999,屏東縣,20,滿州鄉,348
21.9942,120.8367,佳樂水,C0R370,2017-01-16T01:00:00+08:00,55.0,268.0,0.9,18.3,-0.99,1013.6,-99.0,0.0,-9.9,-99,-999,屏東縣,20,滿州鄉,348
21.9942,120.8367,佳樂水,C0R370,2017-01-16T02:00:00+08:00,55.0,263.0,1.1,18.2,-0.99,1013.0,-99.0,0.0,-9.9,-99,-999,屏東縣,20,滿州鄉,348
21.9942,120.8367,佳樂水,C0R370,2017-01-16T03:00:00+08:00,55.0,267.0,1.0,18.3,-0.99,1013.0,-99.0,0.0,-9.9,-99,-999,屏東縣,20,滿州鄉,348
21.9942,120.8367,佳樂水,C0R370,2017-01-16T04:00:00+08:00,55.0,266.0,0.8,17.9,-0.99,1013.0,-99.0,0.0,-9.9,-99,-999,屏東縣,20,滿州鄉,348
21.9942,120.8367,佳樂水,C0R370,2017-01-16T05:00:00+08:00,55.0,281.0,1.0,18.1,-0.99,1013.3,-99.0,0.0,-9.9,-99,-999,屏東縣,20,滿州鄉,348
21.9942,120.8367,佳樂水,C0R370,2017-01-16T06:00:00+08:00,55.0,293.0,0.4,17.9,-0.99,1014.0,-99.0,0.0,-9.9,-99,-999,屏東縣,20,滿州鄉,348
21.9942,120.8367,佳樂水,C0R370,2017-01-16T07:00:00+08:00,55.0,255.0,0.8,18.5,-0.99,1014.5,-99.0,0.0,-9.9,-99,-999,屏東縣,20,滿州鄉,348
21.9942,120.8367,佳樂水,C0R370,2017-01-16T08:00:00+08:00,55.0,237.0,0.6,19.4,-0.99,1014.6,-99.0,0.0,-9.9,-99,-999,屏東縣,20,滿州鄉,348
21.9942,120.8367,佳樂水,C0R370,2017-01-16T10:00:00+08:00,55.0,185.0,0.7,20.5,-0.99,1015.5,-99.0,0.0,-9.9,-99,-999,屏東縣,20,滿州鄉,348
21.9942,120.8367,佳樂水,C0R370,2017-01-16T11:00:00+08:00,55.0,176.0,0.7,23.2,-0.99,1014.8,-99.0,0.0,-9.9,-99,-999,屏東縣,20,滿州鄉,348
21.9942,120.8367,佳樂水,C0R370,2017-01-16T12:00:00+08:00,55.0,239.0,1.1,22.2,-0.99,1013.9,-99.0,0.0,-9.9,-99,-999,屏東縣,20,滿州鄉,348
21.9942,120.8367,佳樂水,C0R370,2017-01-16T13:00:00+08:00,55.0,185.0,0.9,22.9,-0.99,1013.0,-99.0,0.0,-9.9,-99,-999,屏東縣,20,滿州鄉,348
21.9942,120.8367,佳樂水,C0R370,2017-01-16T14:00:00+08:00,55.0,225.0,0.7,21.0,-0.99,1012.5,-99.0,0.0,-9.9,-99,-999,屏東縣,20,滿州鄉,348
21.9942,120.8367,佳樂水,C0R370,2017-01-16T15:00:00+08:00,55.0,218.0,0.4,22.0,-0.99,1012.1,-99.0,0.0,-9.9,-99,-999,屏東縣,20,滿州鄉,348
21.9942,120.8367,佳樂水,C0R370,2017-01-16T16:00:00+08:00,55.0,167.0,0.3,20.3,-0.99,1012.1,-99.0,0.0,-9.9,-99,-999,屏東縣,20,滿州鄉,348
21.9942,120.8367,佳樂水,C0R370,2017-01-16T17:00:00+08:00,55.0,159.0,1.0,19.8,-0.99,1012.5,-99.0,0.0,-9.9,-99,-999,屏東縣,20,滿州鄉,348
21.9942,120.8367,佳樂水,C0R370,2017-01-16T18:00:00+08:00,55.0,167.0,1.3,19.4,-0.99,1013.2,-99.0,0.0,-9.9,-99,-999,屏東縣,20,滿州鄉,348
21.9942,120.8367,佳樂水,C0R370,2017-01-16T19:00:00+08:00,55.0,217.0,0.5,19.6,-0.99,1014.1,-99.0,0.0,-9.9,-99,-999,屏東縣,20,滿州鄉,348
21.9942,120.8367,佳樂水,C0R370,2017-01-16T20:00:00+08:00,55.0,219.0,0.6,19.6,-0.99,1014.8,-99.0,0.0,-9.9,-99,-999,屏東縣,20,滿州鄉,348
21.9942,120.8367,佳樂水,C0R370,2017-01-16T21:00:00+08:00,55.0,205.0,0.8,19.5,-0.99,1015.3,-99.0,0.0,-9.9,-99,-999,屏東縣,20,滿州鄉,348
21.9942,120.8367,佳樂水,C0R370,2017-01-16T22:00:00+08:00,55.0,0.0,0.2,19.4,-0.99,1015.5,-99.0,0.0,-9.9,-99,-999,屏東縣,20,滿州鄉,348
21.9942,120.8367,佳樂水,C0R370,2017-01-16T23:00:00+08:00,55.0,137.0,0.5,18.6,-0.99,1015.5,-99.0,0.0,-9.9,-99,-999,屏東縣,20,滿州鄉,348
21.9942,120.8367,佳樂水,C0R370,2017-01-17T00:00:00+08:00,55.0,216.0,0.7,18.1,-0.99,1015.2,-99.0,0.0,-9.9,-99,-999,屏東縣,20,滿州鄉,348
21.9942,120.8367,佳樂水,C0R370,2017-01-17T01:00:00+08:00,55.0,222.0,0.6,18.6,-0.99,1015.0,-99.0,0.0,-9.9,-99,-999,屏東縣,20,滿州鄉,348
21.9942,120.8367,佳樂水,C0R370,2017-01-17T02:00:00+08:00,55.0,154.0,0.8,18.2,-0.99,1014.7,-99.0,0.0,-9.9,-99,-999,屏東縣,20,滿州鄉,348
21.9942,120.8367,佳樂水,C0R370,2017-01-17T03:00:00+08:00,55.0,206.0,0.6,18.8,-0.99,1014.6,-99.0,0.0,-9.9,-99,-999,屏東縣,20,滿州鄉,348
21.9942,120.8367,佳樂水,C0R370,2017-01-17T04:00:00+08:00,55.0,208.0,0.7,19.0,-0.99,1014.1,-99.0,0.0,-9.9,-99,-999,屏東縣,20,滿州鄉,348
21.9942,120.8367,佳樂水,C0R370,2017-01-17T05:00:00+08:00,55.0,266.0,1.0,18.8,-0.99,1014.7,-99.0,0.0,-9.9,-99,-999,屏東縣,20,滿州鄉,348
21.9942,120.8367,佳樂水,C0R370,2017-01-17T06:00:00+08:00,55.0,99.0,0.4,19.1,-0.99,1015.2,-99.0,0.0,-9.9,-99,-999,屏東縣,20,滿州鄉,348
21.9942,120.8367,佳樂水,C0R370,2017-01-17T07:00:00+08:00,55.0,239.0,0.4,19.0,-0.99,1015.6,-99.0,0.0,-9.9,-99,-999,屏東縣,20,滿州鄉,348
21.9942,120.8367,佳樂水,C0R370,2017-01-17T08:00:00+08:00,55.0,216.0,0.9,19.8,-0.99,1016.1,-99.0,0.0,-9.9,-99,-999,屏東縣,20,滿州鄉,348
21.9942,120.8367,佳樂水,C0R370,2017-01-17T09:00:00+08:00,55.0,232.0,0.3,20.9,-0.99,1016.6,-99.0,0.0,-9.9,-99,-999,屏東縣,20,滿州鄉,348
21.9942,120.8367,佳樂水,C0R370,2017-01-17T10:00:00+08:00,55.0,239.0,0.9,21.5,-0.99,1016.8,-99.0,0.0,-9.9,-99,-999,屏東縣,20,滿州鄉,348
21.9942,120.8367,佳樂水,C0R370,2017-01-17T11:00:00+08:00,55.0,216.0,0.4,21.9,-0.99,1016.3,-99.0,0.0,-9.9,-99,-999,屏東縣,20,滿州鄉,348
21.9942,120.8367,佳樂水,C0R370,2017-01-17T12:00:00+08:00,55.0,240.0,0.9,22.6,-0.99,1015.4,-99.0,0.0,-9.9,-99,-999,屏東縣,20,滿州鄉,348
21.9942,120.8367,佳樂水,C0R370,2017-01-17T13:00:00+08:00,55.0,215.0,0.6,22.9,-0.99,1014.9,-99.0,0.0,-9.9,-99,-999,屏東縣,20,滿州鄉,348
21.9942,120.8367,佳樂水,C0R370,2017-01-17T14:00:00+08:00,55.0,212.0,0.5,22.4,-0.99,1014.0,-99.0,0.0,-9.9,-99,-999,屏東縣,20,滿州鄉,348
21.9942,120.8367,佳樂水,C0R370,2017-01-17T15:00:00+08:00,55.0,157.0,0.7,22.5,-0.99,1013.8,-99.0,0.0,-9.9,-99,-999,屏東縣,20,滿州鄉,348
21.9942,120.8367,佳樂水,C0R370,2017-01-17T16:00:00+08:00,55.0,151.0,0.8,21.8,-0.99,1014.2,-99.0,0.0,-9.9,-99,-999,屏東縣,20,滿州鄉,348
21.9942,120.8367,佳樂水,C0R370,2017-01-17T17:00:00+08:00,55.0,0.0,0.2,20.0,-0.99,1014.9,-99.0,0.0,-9.9,-99,-999,屏東縣,20,滿州鄉,348
21.9942,120.8367,佳樂水,C0R370,2017-01-17T18:00:00+08:00,55.0,247.0,0.3,19.2,-0.99,1015.4,-99.0,2.0,-9.9,-99,-999,屏東縣,20,滿州鄉,348
21.9942,120.8367,佳樂水,C0R370,2017-01-17T19:00:00+08:00,55.0,212.0,0.3,19.0,-0.99,1016.3,-99.0,2.0,-9.9,-99,-999,屏東縣,20,滿州鄉,348
21.9942,120.8367,佳樂水,C0R370,2017-01-17T20:00:00+08:00,55.0,79.0,0.7,19.2,-0.99,1016.6,-99.0,3.5,-9.9,-99,-999,屏東縣,20,滿州鄉,348
21.9942,120.8367,佳樂水,C0R370,2017-01-17T21:00:00+08:00,55.0,303.0,0.4,19.5,-0.99,1016.8,-99.0,3.5,-9.9,-99,-999,屏東縣,20,滿州鄉,348
21.9942,120.8367,佳樂水,C0R370,2017-01-17T22:00:00+08:00,55.0,32.0,0.5,19.2,-0.99,1017.1,-99.0,3.5,-9.9,-99,-999,屏東縣,20,滿州鄉,348
21.9942,120.8367,佳樂水,C0R370,2017-01-17T23:00:00+08:00,55.0,32.0,0.8,19.6,-0.99,1016.5,-99.0,3.5,-9.9,-99,-999,屏東縣,20,滿州鄉,348
21.9942,120.8367,佳樂水,C0R370,2017-01-18T00:00:00+08:00,55.0,57.0,0.5,19.8,-0.99,1016.5,-99.0,3.5,-9.9,-99,-999,屏東縣,20,滿州鄉,348
21.9942,120.8367,佳樂水,C0R370,2017-01-18T01:00:00+08:00,55.0,23.0,0.4,19.3,-0.99,1016.5,-99.0,1.0,-9.9,-99,-999,屏東縣,20,滿州鄉,348
21.9942,120.8367,佳樂水,C0R370,2017-01-18T02:00:00+08:00,55.0,64.0,0.4,19.5,-0.99,1016.0,-99.0,1.0,-9.9,-99,-999,屏東縣,20,滿州鄉,348
21.9942,120.8367,佳樂水,C0R370,2017-01-18T03:00:00+08:00,55.0,0.0,0.2,19.7,-0.99,1015.5,-99.0,1.0,-9.9,-99,-999,屏東縣,20,滿州鄉,348
21.9942,120.8367,佳樂水,C0R370,2017-01-18T04:00:00+08:00,55.0,0.0,0.2,19.6,-0.99,1015.6,-99.0,1.0,-9.9,-99,-999,屏東縣,20,滿州鄉,348
21.9942,120.8367,佳樂水,C0R370,2017-01-18T05:00:00+08:00,55.0,0.0,0.0,19.2,-0.99,1016.0,-99.0,1.0,-9.9,-99,-999,屏東縣,20,滿州鄉,348
21.9942,120.8367,佳樂水,C0R370,2017-01-18T06:00:00+08:00,55.0,0.0,0.0,19.0,-0.99,1016.3,-99.0,1.0,-9.9,-99,-999,屏東縣,20,滿州鄉,348
21.9942,120.8367,佳樂水,C0R370,2017-01-18T07:00:00+08:00,55.0,0.0,0.2,19.4,-0.99,1016.5,-99.0,1.0,-9.9,-99,-999,屏東縣,20,滿州鄉,348
21.9942,120.8367,佳樂水,C0R370,2017-01-18T08:00:00+08:00,55.0,0.0,0.2,21.0,-0.99,1016.9,-99.0,1.0,-9.9,-99,-999,屏東縣,20,滿州鄉,348
21.9942,120.8367,佳樂水,C0R370,2017-01-18T10:00:00+08:00,55.0,22.0,0.3,21.0,-0.99,1017.3,-99.0,2.5,-9.9,-99,-999,屏東縣,20,滿州鄉,348
21.9942,120.8367,佳樂水,C0R370,2017-01-18T11:00:00+08:00,55.0,67.0,0.4,24.0,-0.99,1016.6,-99.0,2.5,-9.9,-99,-999,屏東縣,20,滿州鄉,348
21.9942,120.8367,佳樂水,C0R370,2017-01-18T12:00:00+08:00,55.0,100.0,0.4,22.4,-0.99,1016.1,-99.0,2.5,-9.9,-99,-999,屏東縣,20,滿州鄉,348
21.9942,120.8367,佳樂水,C0R370,2017-01-18T13:00:00+08:00,55.0,99.0,0.4,24.5,-0.99,1014.9,-99.0,2.5,-9.9,-99,-999,屏東縣,20,滿州鄉,348
21.9942,120.8367,佳樂水,C0R370,2017-01-18T14:00:00+08:00,55.0,0.0,0.2,22.0,-0.99,1014.6,-99.0,2.5,-9.9,-99,-999,屏東縣,20,滿州鄉,348
21.9942,120.8367,佳樂水,C0R370,2017-01-18T15:00:00+08:00,55.0,0.0,0.1,20.9,-0.99,1014.4,-99.0,8.5,-9.9,-99,-999,屏東縣,20,滿州鄉,348
21.9942,120.8367,佳樂水,C0R370,2017-01-18T16:00:00+08:00,55.0,47.0,0.3,21.3,-0.99,1013.9,-99.0,9.0,-9.9,-99,-999,屏東縣,20,滿州鄉,348
21.9942,120.8367,佳樂水,C0R370,2017-01-18T17:00:00+08:00,55.0,0.0,0.2,21.3,-0.99,1014.3,-99.0,9.0,-9.9,-99,-999,屏東縣,20,滿州鄉,348
21.9942,120.8367,佳樂水,C0R370,2017-01-18T18:00:00+08:00,55.0,0.0,0.1,20.0,-0.99,1014.3,-99.0,9.0,-9.9,-99,-999,屏東縣,20,滿州鄉,348
21.9942,120.8367,佳樂水,C0R370,2017-01-18T19:00:00+08:00,55.0,0.0,0.0,19.6,-0.99,1014.6,-99.0,9.0,-9.9,-99,-999,屏東縣,20,滿州鄉,348
21.9942,120.8367,佳樂水,C0R370,2017-01-18T20:00:00+08:00,55.0,0.0,0.1,19.4,-0.99,1014.9,-99.0,9.0,-9.9,-99,-999,屏東縣,20,滿州鄉,348
21.9942,120.8367,佳樂水,C0R370,2017-01-18T21:00:00+08:00,55.0,0.0,0.1,19.1,-0.99,1015.3,-99.0,9.0,-9.9,-99,-999,屏東縣,20,滿州鄉,348
21.9942,120.8367,佳樂水,C0R370,2017-01-18T22:00:00+08:00,55.0,0.0,0.0,19.0,-0.99,1015.3,-99.0,9.0,-9.9,-99,-999,屏東縣,20,滿州鄉,348
21.9942,120.8367,佳樂水,C0R370,2017-01-18T23:00:00+08:00,55.0,0.0,0.0,18.4,-0.99,1015.4,-99.0,9.0,-9.9,-99,-999,屏東縣,20,滿州鄉,348
21.9942,120.8367,佳樂水,C0R370,2017-01-19T00:00:00+08:00,55.0,0.0,0.0,18.2,-0.99,1015.1,-99.0,9.0,-9.9,-99,-999,屏東縣,20,滿州鄉,348
21.9942,120.8367,佳樂水,C0R370,2017-01-19T01:00:00+08:00,55.0,0.0,0.0,18.1,-0.99,1014.8,-99.0,0.0,-9.9,-99,-999,屏東縣,20,滿州鄉,348
21.9942,120.8367,佳樂水,C0R370,2017-01-19T02:00:00+08:00,55.0,0.0,0.0,17.8,-0.99,1014.6,-99.0,0.0,-9.9,-99,-999,屏東縣,20,滿州鄉,348
21.9942,120.8367,佳樂水,C0R370,2017-01-19T03:00:00+08:00,55.0,0.0,0.0,17.5,-0.99,1014.4,-99.0,0.0,-9.9,-99,-999,屏東縣,20,滿州鄉,348
21.9942,120.8367,佳樂水,C0R370,2017-01-19T04:00:00+08:00,55.0,0.0,0.0,17.2,-0.99,1014.3,-99.0,0.0,-9.9,-99,-999,屏東縣,20,滿州鄉,348
21.9942,120.8367,佳樂水,C0R370,2017-01-19T05:00:00+08:00,55.0,0.0,0.0,17.0,-0.99,1014.5,-99.0,0.0,-9.9,-99,-999,屏東縣,20,滿州鄉,348
21.9942,120.8367,佳樂水,C0R370,2017-01-19T06:00:00+08:00,55.0,0.0,0.0,16.8,-0.99,1014.7,-99.0,0.0,-9.9,-99,-999,屏東縣,20,滿州鄉,348
21.9942,120.8367,佳樂水,C0R370,2017-01-19T07:00:00+08:00,55.0,0.0,0.0,16.7,-0.99,1015.2,-99.0,0.0,-9.9,-99,-999,屏東縣,20,滿州鄉,348
21.9942,120.8367,佳樂水,C0R370,2017-01-19T08:00:00+08:00,55.0,0.0,0.0,18.2,-0.99,1015.6,-99.0,0.0,-9.9,-99,-999,屏東縣,20,滿州鄉,348
21.9942,120.8367,佳樂水,C0R370,2017-01-19T09:00:00+08:00,55.0,0.0,0.0,21.3,-0.99,1015.8,-99.0,0.0,-9.9,-99,-999,屏東縣,20,滿州鄉,348
21.9942,120.8367,佳樂水,C0R370,2017-01-19T10:00:00+08:00,55.0,155.0,0.7,25.0,-0.99,1015.8,-99.0,0.0,-9.9,-99,-999,屏東縣,20,滿州鄉,348
21.9942,120.8367,佳樂水,C0R370,2017-01-19T11:00:00+08:00,55.0,158.0,0.9,25.3,-0.99,1015.2,-99.0,0.0,-9.9,-99,-999,屏東縣,20,滿州鄉,348
21.9942,120.8367,佳樂水,C0R370,2017-01-19T12:00:00+08:00,55.0,149.0,0.8,25.4,-0.99,1014.4,-99.0,0.0,-9.9,-99,-999,屏東縣,20,滿州鄉,348
21.9942,120.8367,佳樂水,C0R370,2017-01-19T13:00:00+08:00,55.0,130.0,0.9,26.0,-0.99,1013.2,-99.0,0.0,-9.9,-99,-999,屏東縣,20,滿州鄉,348
21.9942,120.8367,佳樂水,C0R370,2017-01-19T14:00:00+08:00,55.0,161.0,0.6,25.3,-0.99,1012.6,-99.0,0.0,-9.9,-99,-999,屏東縣,20,滿州鄉,348
21.9942,120.8367,佳樂水,C0R370,2017-01-19T15:00:00+08:00,55.0,166.0,0.7,24.9,-0.99,1012.1,-99.0,0.0,-9.9,-99,-999,屏東縣,20,滿州鄉,348
21.9942,120.8367,佳樂水,C0R370,2017-01-19T16:00:00+08:00,55.0,119.0,0.9,24.1,-0.99,1012.1,-99.0,0.0,-9.9,-99,-999,屏東縣,20,滿州鄉,348
21.9942,120.8367,佳樂水,C0R370,2017-01-19T17:00:00+08:00,55.0,101.0,0.4,23.0,-0.99,1012.1,-99.0,0.0,-9.9,-99,-999,屏東縣,20,滿州鄉,348
21.9942,120.8367,佳樂水,C0R370,2017-01-19T18:00:00+08:00,55.0,0.0,0.1,21.4,-0.99,1012.6,-99.0,0.0,-9.9,-99,-999,屏東縣,20,滿州鄉,348
21.9942,120.8367,佳樂水,C0R370,2017-01-19T19:00:00+08:00,55.0,0.0,0.2,20.1,-0.99,1012.8,-99.0,0.0,-9.9,-99,-999,屏東縣,20,滿州鄉,348
21.9942,120.8367,佳樂水,C0R370,2017-01-19T20:00:00+08:00,55.0,0.0,0.0,19.9,-0.99,1013.3,-99.0,0.0,-9.9,-99,-999,屏東縣,20,滿州鄉,348
21.9942,120.8367,佳樂水,C0R370,2017-01-19T21:00:00+08:00,55.0,0.0,0.0,20.0,-0.99,1013.5,-99.0,0.0,-9.9,-99,-999,屏東縣,20,滿州鄉,348
21.9942,120.8367,佳樂水,C0R370,2017-01-19T22:00:00+08:00,55.0,0.0,0.1,19.7,-0.99,1013.6,-99.0,0.0,-9.9,-99,-999,屏東縣,20,滿州鄉,348
21.9942,120.8367,佳樂水,C0R370,2017-01-19T23:00:00+08:00,55.0,274.0,0.4,20.0,-0.99,1013.6,-99.0,0.0,-9.9,-99,-999,屏東縣,20,滿州鄉,348
21.9942,120.8367,佳樂水,C0R370,2017-01-20T00:00:00+08:00,55.0,268.0,0.7,20.7,-0.99,1013.5,-99.0,0.0,-9.9,-99,-999,屏東縣,20,滿州鄉,348
21.9942,120.8367,佳樂水,C0R370,2017-01-20T01:00:00+08:00,55.0,274.0,0.5,20.5,-0.99,1013.4,-99.0,0.0,-9.9,-99,-999,屏東縣,20,滿州鄉,348
21.9942,120.8367,佳樂水,C0R370,2017-01-20T02:00:00+08:00,55.0,287.0,0.3,20.2,-0.99,1013.3,-99.0,0.0,-9.9,-99,-999,屏東縣,20,滿州鄉,348
21.9942,120.8367,佳樂水,C0R370,2017-01-20T03:00:00+08:00,55.0,0.0,0.2,20.1,-0.99,1013.0,-99.0,0.0,-9.9,-99,-999,屏東縣,20,滿州鄉,348
21.9942,120.8367,佳樂水,C0R370,2017-01-20T04:00:00+08:00,55.0,257.0,0.3,19.9,-0.99,1013.3,-99.0,0.0,-9.9,-99,-999,屏東縣,20,滿州鄉,348
21.9942,120.8367,佳樂水,C0R370,2017-01-20T05:00:00+08:00,55.0,0.0,0.2,19.9,-0.99,1013.4,-99.0,0.0,-9.9,-99,-999,屏東縣,20,滿州鄉,348
21.9942,120.8367,佳樂水,C0R370,2017-01-20T06:00:00+08:00,55.0,300.0,0.3,19.5,-0.99,1013.9,-99.0,0.0,-9.9,-99,-999,屏東縣,20,滿州鄉,348
21.9942,120.8367,佳樂水,C0R370,2017-01-20T07:00:00+08:00,55.0,274.0,0.7,19.5,-0.99,1014.3,-99.0,0.0,-9.9,-99,-999,屏東縣,20,滿州鄉,348
21.9942,120.8367,佳樂水,C0R370,2017-01-20T08:00:00+08:00,55.0,312.0,0.5,20.9,-0.99,1015.1,-99.0,0.0,-9.9,-99,-999,屏東縣,20,滿州鄉,348
21.9942,120.8367,佳樂水,C0R370,2017-01-20T09:00:00+08:00,55.0,259.0,0.7,21.3,-0.99,1016.0,-99.0,0.0,-9.9,-99,-999,屏東縣,20,滿州鄉,348
21.9942,120.8367,佳樂水,C0R370,2017-01-20T10:00:00+08:00,55.0,253.0,0.8,21.8,-0.99,1016.1,-99.0,0.0,-9.9,-99,-999,屏東縣,20,滿州鄉,348
21.9942,120.8367,佳樂水,C0R370,2017-01-20T11:00:00+08:00,55.0,180.0,0.3,22.0,-0.99,1016.1,-99.0,0.0,-9.9,-99,-999,屏東縣,20,滿州鄉,348
21.9942,120.8367,佳樂水,C0R370,2017-01-20T12:00:00+08:00,55.0,171.0,0.5,21.0,-0.99,1015.5,-99.0,0.0,-9.9,-99,-999,屏東縣,20,滿州鄉,348
21.9942,120.8367,佳樂水,C0R370,2017-01-20T13:00:00+08:00,55.0,253.0,0.6,19.6,-0.99,1014.8,-99.0,0.0,-9.9,-99,-999,屏東縣,20,滿州鄉,348
21.9942,120.8367,佳樂水,C0R370,2017-01-20T14:00:00+08:00,55.0,188.0,0.6,19.4,-0.99,1014.0,-99.0,0.5,-9.9,-99,-999,屏東縣,20,滿州鄉,348
21.9942,120.8367,佳樂水,C0R370,2017-01-20T15:00:00+08:00,55.0,182.0,0.6,19.8,-0.99,1013.9,-99.0,0.5,-9.9,-99,-999,屏東縣,20,滿州鄉,348
21.9942,120.8367,佳樂水,C0R370,2017-01-20T16:00:00+08:00,55.0,288.0,0.5,18.3,-0.99,1014.3,-99.0,1.0,-9.9,-99,-999,屏東縣,20,滿州鄉,348
21.9942,120.8367,佳樂水,C0R370,2017-01-20T17:00:00+08:00,55.0,338.0,0.3,17.8,-0.99,1015.0,-99.0,2.0,-9.9,-99,-999,屏東縣,20,滿州鄉,348
21.9942,120.8367,佳樂水,C0R370,2017-01-20T18:00:00+08:00,55.0,248.0,1.0,17.1,-0.99,1015.6,-99.0,2.0,-9.9,-99,-999,屏東縣,20,滿州鄉,348
21.9942,120.8367,佳樂水,C0R370,2017-01-20T19:00:00+08:00,55.0,216.0,0.8,16.6,-0.99,1016.2,-99.0,3.0,-9.9,-99,-999,屏東縣,20,滿州鄉,348
21.9942,120.8367,佳樂水,C0R370,2017-01-20T20:00:00+08:00,55.0,220.0,1.0,16.1,-0.99,1017.3,-99.0,4.0,-9.9,-99,-999,屏東縣,20,滿州鄉,348
21.9942,120.8367,佳樂水,C0R370,2017-01-20T21:00:00+08:00,55.0,247.0,1.1,16.2,-0.99,1017.2,-99.0,4.5,-9.9,-99,-999,屏東縣,20,滿州鄉,348
21.9942,120.8367,佳樂水,C0R370,2017-01-20T22:00:00+08:00,55.0,266.0,1.0,15.9,-0.99,1017.5,-99.0,4.5,-9.9,-99,-999,屏東縣,20,滿州鄉,348
21.9942,120.8367,佳樂水,C0R370,2017-01-20T23:00:00+08:00,55.0,230.0,0.8,15.8,-0.99,1017.6,-99.0,4.5,-9.9,-99,-999,屏東縣,20,滿州鄉,348
21.9942,120.8367,佳樂水,C0R370,2017-01-21T00:00:00+08:00,55.0,249.0,0.9,15.9,-0.99,1017.5,-99.0,4.5,-9.9,-99,-999,屏東縣,20,滿州鄉,348
21.9942,120.8367,佳樂水,C0R370,2017-01-21T01:00:00+08:00,55.0,256.0,1.1,15.7,-0.99,1017.1,-99.0,0.0,-9.9,-99,-999,屏東縣,20,滿州鄉,348
21.9942,120.8367,佳樂水,C0R370,2017-01-21T02:00:00+08:00,55.0,262.0,1.6,15.8,-0.99,1016.8,-99.0,0.0,-9.9,-99,-999,屏東縣,20,滿州鄉,348
21.9942,120.8367,佳樂水,C0R370,2017-01-21T03:00:00+08:00,55.0,263.0,2.0,15.8,-0.99,1016.0,-99.0,0.0,-9.9,-99,-999,屏東縣,20,滿州鄉,348
21.9942,120.8367,佳樂水,C0R370,2017-01-21T04:00:00+08:00,55.0,222.0,1.1,16.2,-0.99,1016.6,-99.0,0.0,-9.9,-99,-999,屏東縣,20,滿州鄉,348
21.9942,120.8367,佳樂水,C0R370,2017-01-21T05:00:00+08:00,55.0,245.0,0.9,16.5,-0.99,1016.1,-99.0,0.0,-9.9,-99,-999,屏東縣,20,滿州鄉,348
21.9942,120.8367,佳樂水,C0R370,2017-01-21T06:00:00+08:00,55.0,265.0,1.0,16.9,-0.99,1017.1,-99.0,0.0,-9.9,-99,-999,屏東縣,20,滿州鄉,348
21.9942,120.8367,佳樂水,C0R370,2017-01-21T07:00:00+08:00,55.0,265.0,0.7,16.6,-0.99,1018.1,-99.0,0.0,-9.9,-99,-999,屏東縣,20,滿州鄉,348
21.9942,120.8367,佳樂水,C0R370,2017-01-21T08:00:00+08:00,55.0,221.0,0.4,16.9,-0.99,1019.0,-99.0,0.0,-9.9,-99,-999,屏東縣,20,滿州鄉,348
21.9942,120.8367,佳樂水,C0R370,2017-01-21T10:00:00+08:00,55.0,257.0,0.9,18.1,-0.99,1019.2,-99.0,0.0,-9.9,-99,-999,屏東縣,20,滿州鄉,348
21.9942,120.8367,佳樂水,C0R370,2017-01-21T11:00:00+08:00,55.0,232.0,0.9,18.7,-0.99,1018.8,-99.0,0.0,-9.9,-99,-999,屏東縣,20,滿州鄉,348
21.9942,120.8367,佳樂水,C0R370,2017-01-21T12:00:00+08:00,55.0,213.0,0.8,18.8,-0.99,1018.0,-99.0,0.0,-9.9,-99,-999,屏東縣,20,滿州鄉,348
21.9942,120.8367,佳樂水,C0R370,2017-01-21T13:00:00+08:00,55.0,292.0,0.3,18.9,-0.99,1017.2,-99.0,0.0,-9.9,-99,-999,屏東縣,20,滿州鄉,348
21.9942,120.8367,佳樂水,C0R370,2017-01-21T14:00:00+08:00,55.0,143.0,0.3,19.3,-0.99,1016.5,-99.0,0.0,-9.9,-99,-999,屏東縣,20,滿州鄉,348
21.9942,120.8367,佳樂水,C0R370,2017-01-21T15:00:00+08:00,55.0,222.0,0.6,20.7,-0.99,1016.1,-99.0,0.0,-9.9,-99,-999,屏東縣,20,滿州鄉,348
21.9942,120.8367,佳樂水,C0R370,2017-01-21T16:00:00+08:00,55.0,234.0,0.3,18.9,-0.99,1016.4,-99.0,0.0,-9.9,-99,-999,屏東縣,20,滿州鄉,348
21.9942,120.8367,佳樂水,C0R370,2017-01-21T17:00:00+08:00,55.0,232.0,0.5,18.8,-0.99,1016.8,-99.0,0.0,-9.9,-99,-999,屏東縣,20,滿州鄉,348
21.9942,120.8367,佳樂水,C0R370,2017-01-21T18:00:00+08:00,55.0,219.0,1.0,18.5,-0.99,1017.2,-99.0,0.0,-9.9,-99,-999,屏東縣,20,滿州鄉,348
21.9942,120.8367,佳樂水,C0R370,2017-01-21T19:00:00+08:00,55.0,241.0,0.7,18.6,-0.99,1018.0,-99.0,0.0,-9.9,-99,-999,屏東縣,20,滿州鄉,348
21.9942,120.8367,佳樂水,C0R370,2017-01-21T20:00:00+08:00,55.0,266.0,0.6,18.9,-0.99,1018.7,-99.0,0.0,-9.9,-99,-999,屏東縣,20,滿州鄉,348
21.9942,120.8367,佳樂水,C0R370,2017-01-21T21:00:00+08:00,55.0,306.0,0.4,18.7,-0.99,1018.6,-99.0,0.0,-9.9,-99,-999,屏東縣,20,滿州鄉,348
21.9942,120.8367,佳樂水,C0R370,2017-01-21T22:00:00+08:00,55.0,262.0,0.8,18.5,-0.99,1018.7,-99.0,0.0,-9.9,-99,-999,屏東縣,20,滿州鄉,348
21.9942,120.8367,佳樂水,C0R370,2017-01-21T23:00:00+08:00,55.0,249.0,0.5,18.5,-0.99,1018.3,-99.0,0.0,-9.9,-99,-999,屏東縣,20,滿州鄉,348
21.9942,120.8367,佳樂水,C0R370,2017-01-22T00:00:00+08:00,55.0,275.0,0.6,18.5,-0.99,1018.7,-99.0,0.0,-9.9,-99,-999,屏東縣,20,滿州鄉,348
21.9942,120.8367,佳樂水,C0R370,2017-01-22T01:00:00+08:00,55.0,265.0,1.4,18.6,-0.99,1018.3,-99.0,0.0,-9.9,-99,-999,屏東縣,20,滿州鄉,348
21.9942,120.8367,佳樂水,C0R370,2017-01-22T02:00:00+08:00,55.0,263.0,0.9,18.7,-0.99,1017.9,-99.0,0.0,-9.9,-99,-999,屏東縣,20,滿州鄉,348
21.9942,120.8367,佳樂水,C0R370,2017-01-22T03:00:00+08:00,55.0,260.0,1.1,18.8,-0.99,1017.6,-99.0,0.0,-9.9,-99,-999,屏東縣,20,滿州鄉,348
21.9942,120.8367,佳樂水,C0R370,2017-01-22T04:00:00+08:00,55.0,269.0,1.0,18.6,-0.99,1017.8,-99.0,0.0,-9.9,-99,-999,屏東縣,20,滿州鄉,348
21.9942,120.8367,佳樂水,C0R370,2017-01-22T05:00:00+08:00,55.0,277.0,1.0,19.0,-0.99,1018.0,-99.0,0.0,-9.9,-99,-999,屏東縣,20,滿州鄉,348
21.9942,120.8367,佳樂水,C0R370,2017-01-22T06:00:00+08:00,55.0,259.0,0.9,18.9,-0.99,1018.6,-99.0,0.0,-9.9,-99,-999,屏東縣,20,滿州鄉,348
21.9942,120.8367,佳樂水,C0R370,2017-01-22T07:00:00+08:00,55.0,221.0,0.7,19.1,-0.99,1018.7,-99.0,0.0,-9.9,-99,-999,屏東縣,20,滿州鄉,348
21.9942,120.8367,佳樂水,C0R370,2017-01-22T08:00:00+08:00,55.0,238.0,0.7,19.2,-0.99,1019.8,-99.0,0.0,-9.9,-99,-999,屏東縣,20,滿州鄉,348
21.9942,120.8367,佳樂水,C0R370,2017-01-22T09:00:00+08:00,55.0,204.0,0.8,19.5,-0.99,1020.2,-99.0,0.0,-9.9,-99,-999,屏東縣,20,滿州鄉,348
21.9942,120.8367,佳樂水,C0R370,2017-01-22T10:00:00+08:00,55.0,237.0,1.1,18.4,-0.99,1020.0,-99.0,0.0,-9.9,-99,-999,屏東縣,20,滿州鄉,348
21.9942,120.8367,佳樂水,C0R370,2017-01-22T11:00:00+08:00,55.0,228.0,1.1,19.7,-0.99,1019.7,-99.0,0.0,-9.9,-99,-999,屏東縣,20,滿州鄉,348
21.9942,120.8367,佳樂水,C0R370,2017-01-22T12:00:00+08:00,55.0,241.0,0.9,19.1,-0.99,1019.2,-99.0,0.0,-9.9,-99,-999,屏東縣,20,滿州鄉,348
21.9942,120.8367,佳樂水,C0R370,2017-01-22T13:00:00+08:00,55.0,191.0,1.0,19.1,-0.99,1018.4,-99.0,0.0,-9.9,-99,-999,屏東縣,20,滿州鄉,348
21.9942,120.8367,佳樂水,C0R370,2017-01-22T14:00:00+08:00,55.0,233.0,0.8,19.4,-0.99,1017.8,-99.0,0.0,-9.9,-99,-999,屏東縣,20,滿州鄉,348
21.9942,120.8367,佳樂水,C0R370,2017-01-22T15:00:00+08:00,55.0,201.0,1.1,18.7,-0.99,1017.6,-99.0,0.0,-9.9,-99,-999,屏東縣,20,滿州鄉,348
21.9942,120.8367,佳樂水,C0R370,2017-01-22T16:00:00+08:00,55.0,175.0,0.4,18.6,-0.99,1017.7,-99.0,0.0,-9.9,-99,-999,屏東縣,20,滿州鄉,348
21.9942,120.8367,佳樂水,C0R370,2017-01-22T17:00:00+08:00,55.0,237.0,0.9,18.0,-0.99,1018.3,-99.0,0.0,-9.9,-99,-999,屏東縣,20,滿州鄉,348
21.9942,120.8367,佳樂水,C0R370,2017-01-22T18:00:00+08:00,55.0,232.0,0.9,17.8,-0.99,1019.0,-99.0,0.0,-9.9,-99,-999,屏東縣,20,滿州鄉,348
21.9942,120.8367,佳樂水,C0R370,2017-01-22T19:00:00+08:00,55.0,210.0,0.9,16.7,-0.99,1019.2,-99.0,0.0,-9.9,-99,-999,屏東縣,20,滿州鄉,348
21.9942,120.8367,佳樂水,C0R370,2017-01-22T20:00:00+08:00,55.0,229.0,1.1,15.8,-0.99,1019.7,-99.0,0.5,-9.9,-99,-999,屏東縣,20,滿州鄉,348
21.9942,120.8367,佳樂水,C0R370,2017-01-22T21:00:00+08:00,55.0,244.0,1.0,15.7,-0.99,1020.2,-99.0,1.0,-9.9,-99,-999,屏東縣,20,滿州鄉,348
21.9942,120.8367,佳樂水,C0R370,2017-01-22T22:00:00+08:00,55.0,226.0,0.9,15.7,-0.99,1020.4,-99.0,1.0,-9.9,-99,-999,屏東縣,20,滿州鄉,348
21.9942,120.8367,佳樂水,C0R370,2017-01-22T23:00:00+08:00,55.0,205.0,1.1,15.1,-0.99,1019.7,-99.0,1.5,-9.9,-99,-999,屏東縣,20,滿州鄉,348
21.9942,120.8367,佳樂水,C0R370,2017-01-23T00:00:00+08:00,55.0,206.0,0.7,15.0,-0.99,1019.8,-99.0,1.5,-9.9,-99,-999,屏東縣,20,滿州鄉,348
21.9942,120.8367,佳樂水,C0R370,2017-01-23T01:00:00+08:00,55.0,229.0,0.7,15.4,-0.99,1018.9,-99.0,0.0,-9.9,-99,-999,屏東縣,20,滿州鄉,348
21.9942,120.8367,佳樂水,C0R370,2017-01-23T02:00:00+08:00,55.0,219.0,1.0,15.6,-0.99,1018.2,-99.0,0.0,-9.9,-99,-999,屏東縣,20,滿州鄉,348
21.9942,120.8367,佳樂水,C0R370,2017-01-23T03:00:00+08:00,55.0,230.0,1.0,16.5,-0.99,1018.2,-99.0,0.0,-9.9,-99,-999,屏東縣,20,滿州鄉,348
21.9942,120.8367,佳樂水,C0R370,2017-01-23T04:00:00+08:00,55.0,259.0,0.8,16.5,-0.99,1018.4,-99.0,0.0,-9.9,-99,-999,屏東縣,20,滿州鄉,348
21.9942,120.8367,佳樂水,C0R370,2017-01-23T05:00:00+08:00,55.0,183.0,0.9,16.7,-0.99,1018.8,-99.0,0.0,-9.9,-99,-999,屏東縣,20,滿州鄉,348
21.9942,120.8367,佳樂水,C0R370,2017-01-23T06:00:00+08:00,55.0,229.0,1.0,16.9,-0.99,1019.0,-99.0,0.0,-9.9,-99,-999,屏東縣,20,滿州鄉,348
21.9942,120.8367,佳樂水,C0R370,2017-01-23T07:00:00+08:00,55.0,218.0,1.2,16.9,-0.99,1019.8,-99.0,0.0,-9.9,-99,-999,屏東縣,20,滿州鄉,348
21.9942,120.8367,佳樂水,C0R370,2017-01-23T08:00:00+08:00,55.0,185.0,0.6,17.3,-0.99,1020.6,-99.0,0.0,-9.9,-99,-999,屏東縣,20,滿州鄉,348
21.9942,120.8367,佳樂水,C0R370,2017-01-23T09:00:00+08:00,55.0,220.0,1.1,17.9,-0.99,1021.0,-99.0,0.0,-9.9,-99,-999,屏東縣,20,滿州鄉,348
21.9942,120.8367,佳樂水,C0R370,2017-01-23T10:00:00+08:00,55.0,246.0,0.7,18.5,-0.99,1020.9,-99.0,0.0,-9.9,-99,-999,屏東縣,20,滿州鄉,348
21.9942,120.8367,佳樂水,C0R370,2017-01-23T11:00:00+08:00,55.0,0.0,0.2,19.6,-0.99,1020.7,-99.0,0.0,-9.9,-99,-999,屏東縣,20,滿州鄉,348
21.9942,120.8367,佳樂水,C0R370,2017-01-23T12:00:00+08:00,55.0,245.0,1.1,18.8,-0.99,1019.6,-99.0,0.0,-9.9,-99,-999,屏東縣,20,滿州鄉,348
21.9942,120.8367,佳樂水,C0R370,2017-01-23T13:00:00+08:00,55.0,158.0,1.0,18.9,-0.99,1019.0,-99.0,0.0,-9.9,-99,-999,屏東縣,20,滿州鄉,348
21.9942,120.8367,佳樂水,C0R370,2017-01-23T14:00:00+08:00,55.0,172.0,0.8,18.7,-0.99,1018.4,-99.0,0.0,-9.9,-99,-999,屏東縣,20,滿州鄉,348
21.9942,120.8367,佳樂水,C0R370,2017-01-23T15:00:00+08:00,55.0,136.0,0.7,18.2,-0.99,1018.3,-99.0,0.0,-9.9,-99,-999,屏東縣,20,滿州鄉,348
21.9942,120.8367,佳樂水,C0R370,2017-01-23T16:00:00+08:00,55.0,265.0,0.4,18.2,-0.99,1018.5,-99.0,0.0,-9.9,-99,-999,屏東縣,20,滿州鄉,348
21.9942,120.8367,佳樂水,C0R370,2017-01-23T17:00:00+08:00,55.0,235.0,0.8,18.0,-0.99,1018.4,-99.0,0.0,-9.9,-99,-999,屏東縣,20,滿州鄉,348
21.9942,120.8367,佳樂水,C0R370,2017-01-23T18:00:00+08:00,55.0,220.0,0.4,17.4,-0.99,1019.0,-99.0,0.0,-9.9,-99,-999,屏東縣,20,滿州鄉,348
21.9942,120.8367,佳樂水,C0R370,2017-01-23T19:00:00+08:00,55.0,204.0,1.1,17.3,-0.99,1019.3,-99.0,0.0,-9.9,-99,-999,屏東縣,20,滿州鄉,348
21.9942,120.8367,佳樂水,C0R370,2017-01-23T20:00:00+08:00,55.0,246.0,1.1,17.0,-0.99,1020.0,-99.0,0.0,-9.9,-99,-999,屏東縣,20,滿州鄉,348
21.9942,120.8367,佳樂水,C0R370,2017-01-23T21:00:00+08:00,55.0,199.0,0.4,17.4,-0.99,1020.4,-99.0,0.0,-9.9,-99,-999,屏東縣,20,滿州鄉,348
21.9942,120.8367,佳樂水,C0R370,2017-01-23T22:00:00+08:00,55.0,233.0,0.9,17.3,-0.99,1020.8,-99.0,0.0,-9.9,-99,-999,屏東縣,20,滿州鄉,348
21.9942,120.8367,佳樂水,C0R370,2017-01-23T23:00:00+08:00,55.0,219.0,0.8,17.8,-0.99,1020.8,-99.0,0.0,-9.9,-99,-999,屏東縣,20,滿州鄉,348
21.9942,120.8367,佳樂水,C0R370,2017-01-24T00:00:00+08:00,55.0,228.0,0.6,17.3,-0.99,1020.4,-99.0,0.0,-9.9,-99,-999,屏東縣,20,滿州鄉,348
21.9942,120.8367,佳樂水,C0R370,2017-01-24T01:00:00+08:00,55.0,228.0,1.0,17.4,-0.99,1020.1,-99.0,0.0,-9.9,-99,-999,屏東縣,20,滿州鄉,348
21.9942,120.8367,佳樂水,C0R370,2017-01-24T02:00:00+08:00,55.0,264.0,1.2,17.3,-0.99,1019.5,-99.0,0.0,-9.9,-99,-999,屏東縣,20,滿州鄉,348
21.9942,120.8367,佳樂水,C0R370,2017-01-24T03:00:00+08:00,55.0,226.0,0.9,17.6,-0.99,1019.2,-99.0,0.0,-9.9,-99,-999,屏東縣,20,滿州鄉,348
21.9942,120.8367,佳樂水,C0R370,2017-01-24T04:00:00+08:00,55.0,226.0,0.9,17.2,-0.99,1018.6,-99.0,0.0,-9.9,-99,-999,屏東縣,20,滿州鄉,348
21.9942,120.8367,佳樂水,C0R370,2017-01-24T05:00:00+08:00,55.0,226.0,0.7,17.6,-0.99,1018.3,-99.0,0.0,-9.9,-99,-999,屏東縣,20,滿州鄉,348
21.9942,120.8367,佳樂水,C0R370,2017-01-24T06:00:00+08:00,55.0,238.0,0.4,17.7,-0.99,1019.0,-99.0,0.0,-9.9,-99,-999,屏東縣,20,滿州鄉,348
21.9942,120.8367,佳樂水,C0R370,2017-01-24T07:00:00+08:00,55.0,221.0,1.0,17.1,-0.99,1019.7,-99.0,0.0,-9.9,-99,-999,屏東縣,20,滿州鄉,348
21.9942,120.8367,佳樂水,C0R370,2017-01-24T08:00:00+08:00,55.0,177.0,0.5,17.7,-0.99,1020.2,-99.0,0.0,-9.9,-99,-999,屏東縣,20,滿州鄉,348
21.9942,120.8367,佳樂水,C0R370,2017-01-24T10:00:00+08:00,55.0,225.0,0.4,19.2,-0.99,1020.5,-99.0,0.0,-9.9,-99,-999,屏東縣,20,滿州鄉,348
21.9942,120.8367,佳樂水,C0R370,2017-01-24T11:00:00+08:00,55.0,226.0,0.8,20.3,-0.99,1020.0,-99.0,0.0,-9.9,-99,-999,屏東縣,20,滿州鄉,348
21.9942,120.8367,佳樂水,C0R370,2017-01-24T12:00:00+08:00,55.0,281.0,0.8,19.7,-0.99,1019.5,-99.0,0.0,-9.9,-99,-999,屏東縣,20,滿州鄉,348
21.9942,120.8367,佳樂水,C0R370,2017-01-24T13:00:00+08:00,55.0,219.0,0.5,19.4,-0.99,1018.9,-99.0,0.0,-9.9,-99,-999,屏東縣,20,滿州鄉,348
21.9942,120.8367,佳樂水,C0R370,2017-01-24T14:00:00+08:00,55.0,224.0,0.7,19.5,-0.99,1017.9,-99.0,0.0,-9.9,-99,-999,屏東縣,20,滿州鄉,348
21.9942,120.8367,佳樂水,C0R370,2017-01-24T15:00:00+08:00,55.0,234.0,0.7,19.9,-0.99,1017.9,-99.0,0.0,-9.9,-99,-999,屏東縣,20,滿州鄉,348
21.9942,120.8367,佳樂水,C0R370,2017-01-24T16:00:00+08:00,55.0,164.0,0.4,19.6,-0.99,1018.4,-99.0,0.0,-9.9,-99,-999,屏東縣,20,滿州鄉,348
21.9942,120.8367,佳樂水,C0R370,2017-01-24T17:00:00+08:00,55.0,144.0,1.2,19.6,-0.99,1018.9,-99.0,0.0,-9.9,-99,-999,屏東縣,20,滿州鄉,348
21.9942,120.8367,佳樂水,C0R370,2017-01-24T18:00:00+08:00,55.0,126.0,0.3,18.9,-0.99,1019.3,-99.0,0.0,-9.9,-99,-999,屏東縣,20,滿州鄉,348
21.9942,120.8367,佳樂水,C0R370,2017-01-24T19:00:00+08:00,55.0,166.0,0.3,19.1,-0.99,1019.7,-99.0,0.0,-9.9,-99,-999,屏東縣,20,滿州鄉,348
21.9942,120.8367,佳樂水,C0R370,2017-01-24T20:00:00+08:00,55.0,161.0,0.4,17.8,-0.99,1020.2,-99.0,0.0,-9.9,-99,-999,屏東縣,20,滿州鄉,348
21.9942,120.8367,佳樂水,C0R370,2017-01-24T21:00:00+08:00,55.0,213.0,0.6,18.6,-0.99,1020.4,-99.0,0.0,-9.9,-99,-999,屏東縣,20,滿州鄉,348
21.9942,120.8367,佳樂水,C0R370,2017-01-24T22:00:00+08:00,55.0,216.0,0.6,18.3,-0.99,1020.7,-99.0,0.0,-9.9,-99,-999,屏東縣,20,滿州鄉,348
21.9942,120.8367,佳樂水,C0R370,2017-01-24T23:00:00+08:00,55.0,226.0,0.4,18.0,-0.99,1020.6,-99.0,0.5,-9.9,-99,-999,屏東縣,20,滿州鄉,348
21.9942,120.8367,佳樂水,C0R370,2017-01-25T00:00:00+08:00,55.0,277.0,0.4,18.6,-0.99,1019.9,-99.0,0.5,-9.9,-99,-999,屏東縣,20,滿州鄉,348
21.9942,120.8367,佳樂水,C0R370,2017-01-25T01:00:00+08:00,55.0,216.0,0.6,18.7,-0.99,1019.7,-99.0,0.0,-9.9,-99,-999,屏東縣,20,滿州鄉,348
21.9942,120.8367,佳樂水,C0R370,2017-01-25T02:00:00+08:00,55.0,217.0,0.4,18.7,-0.99,1019.2,-99.0,0.0,-9.9,-99,-999,屏東縣,20,滿州鄉,348
21.9942,120.8367,佳樂水,C0R370,2017-01-25T03:00:00+08:00,55.0,262.0,0.3,18.7,-0.99,1018.7,-99.0,0.0,-9.9,-99,-999,屏東縣,20,滿州鄉,348
21.9942,120.8367,佳樂水,C0R370,2017-01-25T04:00:00+08:00,55.0,250.0,0.8,18.8,-0.99,1018.4,-99.0,0.0,-9.9,-99,-999,屏東縣,20,滿州鄉,348
21.9942,120.8367,佳樂水,C0R370,2017-01-25T05:00:00+08:00,55.0,252.0,0.8,18.4,-0.99,1018.2,-99.0,0.0,-9.9,-99,-999,屏東縣,20,滿州鄉,348
21.9942,120.8367,佳樂水,C0R370,2017-01-25T06:00:00+08:00,55.0,277.0,1.0,18.5,-0.99,1018.6,-99.0,0.0,-9.9,-99,-999,屏東縣,20,滿州鄉,348
21.9942,120.8367,佳樂水,C0R370,2017-01-25T07:00:00+08:00,55.0,239.0,0.3,18.2,-0.99,1019.1,-99.0,0.0,-9.9,-99,-999,屏東縣,20,滿州鄉,348
21.9942,120.8367,佳樂水,C0R370,2017-01-25T08:00:00+08:00,55.0,185.0,0.3,19.2,-0.99,1019.1,-99.0,0.0,-9.9,-99,-999,屏東縣,20,滿州鄉,348
21.9942,120.8367,佳樂水,C0R370,2017-01-25T09:00:00+08:00,55.0,215.0,0.8,18.8,-0.99,1019.6,-99.0,0.0,-9.9,-99,-999,屏東縣,20,滿州鄉,348
21.9942,120.8367,佳樂水,C0R370,2017-01-25T10:00:00+08:00,55.0,230.0,0.7,20.8,-0.99,1019.8,-99.0,0.0,-9.9,-99,-999,屏東縣,20,滿州鄉,348
21.9942,120.8367,佳樂水,C0R370,2017-01-25T11:00:00+08:00,55.0,251.0,0.4,20.0,-0.99,1019.2,-99.0,0.0,-9.9,-99,-999,屏東縣,20,滿州鄉,348
21.9942,120.8367,佳樂水,C0R370,2017-01-25T12:00:00+08:00,55.0,214.0,0.5,21.3,-0.99,1018.3,-99.0,0.0,-9.9,-99,-999,屏東縣,20,滿州鄉,348
21.9942,120.8367,佳樂水,C0R370,2017-01-25T13:00:00+08:00,55.0,235.0,0.6,21.5,-0.99,1017.0,-99.0,0.0,-9.9,-99,-999,屏東縣,20,滿州鄉,348
21.9942,120.8367,佳樂水,C0R370,2017-01-25T14:00:00+08:00,55.0,150.0,0.4,21.8,-0.99,1016.8,-99.0,0.0,-9.9,-99,-999,屏東縣,20,滿州鄉,348
21.9942,120.8367,佳樂水,C0R370,2017-01-25T15:00:00+08:00,55.0,229.0,0.4,21.9,-0.99,1016.4,-99.0,0.0,-9.9,-99,-999,屏東縣,20,滿州鄉,348
21.9942,120.8367,佳樂水,C0R370,2017-01-25T16:00:00+08:00,55.0,197.0,0.3,21.4,-0.99,1016.5,-99.0,0.0,-9.9,-99,-999,屏東縣,20,滿州鄉,348
21.9942,120.8367,佳樂水,C0R370,2017-01-25T17:00:00+08:00,55.0,249.0,0.6,19.9,-0.99,1016.7,-99.0,0.0,-9.9,-99,-999,屏東縣,20,滿州鄉,348
21.9942,120.8367,佳樂水,C0R370,2017-01-25T18:00:00+08:00,55.0,0.0,0.2,19.6,-0.99,1016.9,-99.0,0.0,-9.9,-99,-999,屏東縣,20,滿州鄉,348
21.9942,120.8367,佳樂水,C0R370,2017-01-25T19:00:00+08:00,55.0,273.0,0.5,19.3,-0.99,1017.4,-99.0,0.0,-9.9,-99,-999,屏東縣,20,滿州鄉,348
21.9942,120.8367,佳樂水,C0R370,2017-01-25T20:00:00+08:00,55.0,263.0,0.8,19.1,-0.99,1017.8,-99.0,0.0,-9.9,-99,-999,屏東縣,20,滿州鄉,348
21.9942,120.8367,佳樂水,C0R370,2017-01-25T21:00:00+08:00,55.0,0.0,0.0,17.8,-0.99,1018.0,-99.0,0.0,-9.9,-99,-999,屏東縣,20,滿州鄉,348
21.9942,120.8367,佳樂水,C0R370,2017-01-25T22:00:00+08:00,55.0,254.0,0.5,18.0,-0.99,1018.0,-99.0,0.0,-9.9,-99,-999,屏東縣,20,滿州鄉,348
21.9942,120.8367,佳樂水,C0R370,2017-01-25T23:00:00+08:00,55.0,309.0,0.3,18.5,-0.99,1017.8,-99.0,0.0,-9.9,-99,-999,屏東縣,20,滿州鄉,348
21.9942,120.8367,佳樂水,C0R370,2017-01-26T00:00:00+08:00,55.0,248.0,0.6,18.0,-0.99,1017.5,-99.0,0.0,-9.9,-99,-999,屏東縣,20,滿州鄉,348
21.9942,120.8367,佳樂水,C0R370,2017-01-26T01:00:00+08:00,55.0,244.0,0.3,19.0,-0.99,1017.1,-99.0,0.0,-9.9,-99,-999,屏東縣,20,滿州鄉,348
21.9942,120.8367,佳樂水,C0R370,2017-01-26T02:00:00+08:00,55.0,246.0,0.3,18.8,-0.99,1016.6,-99.0,0.0,-9.9,-99,-999,屏東縣,20,滿州鄉,348
21.9942,120.8367,佳樂水,C0R370,2017-01-26T03:00:00+08:00,55.0,261.0,0.9,18.6,-0.99,1016.0,-99.0,0.0,-9.9,-99,-999,屏東縣,20,滿州鄉,348
21.9942,120.8367,佳樂水,C0R370,2017-01-26T04:00:00+08:00,55.0,256.0,1.1,18.3,-0.99,1016.1,-99.0,0.0,-9.9,-99,-999,屏東縣,20,滿州鄉,348
21.9942,120.8367,佳樂水,C0R370,2017-01-26T05:00:00+08:00,55.0,0.0,0.2,18.2,-0.99,1016.4,-99.0,0.0,-9.9,-99,-999,屏東縣,20,滿州鄉,348
21.9942,120.8367,佳樂水,C0R370,2017-01-26T06:00:00+08:00,55.0,268.0,0.8,18.6,-0.99,1016.8,-99.0,0.0,-9.9,-99,-999,屏東縣,20,滿州鄉,348
21.9942,120.8367,佳樂水,C0R370,2017-01-26T07:00:00+08:00,55.0,247.0,0.9,17.8,-0.99,1017.4,-99.0,0.0,-9.9,-99,-999,屏東縣,20,滿州鄉,348
21.9942,120.8367,佳樂水,C0R370,2017-01-26T08:00:00+08:00,55.0,249.0,0.9,18.9,-0.99,1017.9,-99.0,0.0,-9.9,-99,-999,屏東縣,20,滿州鄉,348
21.9942,120.8367,佳樂水,C0R370,2017-01-26T10:00:00+08:00,55.0,170.0,0.8,20.9,-0.99,1018.0,-99.0,0.0,-9.9,-99,-999,屏東縣,20,滿州鄉,348
21.9942,120.8367,佳樂水,C0R370,2017-01-26T11:00:00+08:00,55.0,169.0,0.8,21.6,-0.99,1017.7,-99.0,0.0,-9.9,-99,-999,屏東縣,20,滿州鄉,348
21.9942,120.8367,佳樂水,C0R370,2017-01-26T12:00:00+08:00,55.0,203.0,0.8,23.1,-0.99,1017.0,-99.0,0.0,-9.9,-99,-999,屏東縣,20,滿州鄉,348
21.9942,120.8367,佳樂水,C0R370,2017-01-26T13:00:00+08:00,55.0,253.0,1.0,21.9,-0.99,1016.3,-99.0,0.0,-9.9,-99,-999,屏東縣,20,滿州鄉,348
21.9942,120.8367,佳樂水,C0R370,2017-01-26T14:00:00+08:00,55.0,187.0,1.2,21.3,-0.99,1015.6,-99.0,0.0,-9.9,-99,-999,屏東縣,20,滿州鄉,348
21.9942,120.8367,佳樂水,C0R370,2017-01-26T15:00:00+08:00,55.0,224.0,0.5,21.1,-0.99,1015.4,-99.0,0.0,-9.9,-99,-999,屏東縣,20,滿州鄉,348
21.9942,120.8367,佳樂水,C0R370,2017-01-26T16:00:00+08:00,55.0,174.0,1.0,20.4,-0.99,1015.2,-99.0,0.0,-9.9,-99,-999,屏東縣,20,滿州鄉,348
21.9942,120.8367,佳樂水,C0R370,2017-01-26T17:00:00+08:00,55.0,148.0,1.4,20.0,-0.99,1015.8,-99.0,0.0,-9.9,-99,-999,屏東縣,20,滿州鄉,348
21.9942,120.8367,佳樂水,C0R370,2017-01-26T18:00:00+08:00,55.0,139.0,1.1,19.8,-0.99,1016.2,-99.0,0.0,-9.9,-99,-999,屏東縣,20,滿州鄉,348
21.9942,120.8367,佳樂水,C0R370,2017-01-26T19:00:00+08:00,55.0,243.0,0.3,19.4,-0.99,1016.6,-99.0,0.0,-9.9,-99,-999,屏東縣,20,滿州鄉,348
21.9942,120.8367,佳樂水,C0R370,2017-01-26T20:00:00+08:00,55.0,202.0,0.7,19.6,-0.99,1017.1,-99.0,0.0,-9.9,-99,-999,屏東縣,20,滿州鄉,348
21.9942,120.8367,佳樂水,C0R370,2017-01-26T21:00:00+08:00,55.0,223.0,0.5,19.3,-0.99,1017.3,-99.0,0.0,-9.9,-99,-999,屏東縣,20,滿州鄉,348
21.9942,120.8367,佳樂水,C0R370,2017-01-26T22:00:00+08:00,55.0,270.0,0.6,19.0,-0.99,1017.3,-99.0,0.0,-9.9,-99,-999,屏東縣,20,滿州鄉,348
21.9942,120.8367,佳樂水,C0R370,2017-01-26T23:00:00+08:00,55.0,179.0,0.6,19.0,-0.99,1016.9,-99.0,0.0,-9.9,-99,-999,屏東縣,20,滿州鄉,348
21.9942,120.8367,佳樂水,C0R370,2017-01-27T00:00:00+08:00,55.0,250.0,0.7,18.5,-0.99,1016.6,-99.0,0.0,-9.9,-99,-999,屏東縣,20,滿州鄉,348
21.9942,120.8367,佳樂水,C0R370,2017-01-27T01:00:00+08:00,55.0,255.0,0.3,18.4,-0.99,1016.6,-99.0,0.0,-9.9,-99,-999,屏東縣,20,滿州鄉,348
21.9942,120.8367,佳樂水,C0R370,2017-01-27T02:00:00+08:00,55.0,250.0,0.7,18.4,-0.99,1016.0,-99.0,0.0,-9.9,-99,-999,屏東縣,20,滿州鄉,348
21.9942,120.8367,佳樂水,C0R370,2017-01-27T03:00:00+08:00,55.0,265.0,0.8,18.4,-0.99,1015.4,-99.0,0.0,-9.9,-99,-999,屏東縣,20,滿州鄉,348
21.9942,120.8367,佳樂水,C0R370,2017-01-27T04:00:00+08:00,55.0,241.0,0.6,18.9,-0.99,1015.7,-99.0,0.0,-9.9,-99,-999,屏東縣,20,滿州鄉,348
21.9942,120.8367,佳樂水,C0R370,2017-01-27T05:00:00+08:00,55.0,135.0,0.8,18.8,-0.99,1016.0,-99.0,0.0,-9.9,-99,-999,屏東縣,20,滿州鄉,348
21.9942,120.8367,佳樂水,C0R370,2017-01-27T06:00:00+08:00,55.0,117.0,0.7,19.7,-0.99,1016.5,-99.0,0.0,-9.9,-99,-999,屏東縣,20,滿州鄉,348
21.9942,120.8367,佳樂水,C0R370,2017-01-27T07:00:00+08:00,55.0,104.0,0.3,18.1,-0.99,1017.3,-99.0,0.5,-9.9,-99,-999,屏東縣,20,滿州鄉,348
21.9942,120.8367,佳樂水,C0R370,2017-01-27T08:00:00+08:00,55.0,266.0,0.5,18.5,-0.99,1017.9,-99.0,0.5,-9.9,-99,-999,屏東縣,20,滿州鄉,348
21.9942,120.8367,佳樂水,C0R370,2017-01-27T09:00:00+08:00,55.0,82.0,0.5,19.6,-0.99,1018.0,-99.0,0.5,-9.9,-99,-999,屏東縣,20,滿州鄉,348
21.9942,120.8367,佳樂水,C0R370,2017-01-27T10:00:00+08:00,55.0,224.0,0.8,22.3,-0.99,1017.6,-99.0,0.5,-9.9,-99,-999,屏東縣,20,滿州鄉,348
21.9942,120.8367,佳樂水,C0R370,2017-01-27T11:00:00+08:00,55.0,172.0,0.6,22.8,-0.99,1017.0,-99.0,0.5,-9.9,-99,-999,屏東縣,20,滿州鄉,348
21.9942,120.8367,佳樂水,C0R370,2017-01-27T12:00:00+08:00,55.0,201.0,0.8,23.5,-0.99,1016.0,-99.0,0.5,-9.9,-99,-999,屏東縣,20,滿州鄉,348
21.9942,120.8367,佳樂水,C0R370,2017-01-27T13:00:00+08:00,55.0,200.0,0.7,24.2,-0.99,1014.9,-99.0,0.5,-9.9,-99,-999,屏東縣,20,滿州鄉,348
21.9942,120.8367,佳樂水,C0R370,2017-01-27T14:00:00+08:00,55.0,144.0,0.8,22.8,-0.99,1014.4,-99.0,0.5,-9.9,-99,-999,屏東縣,20,滿州鄉,348
21.9942,120.8367,佳樂水,C0R370,2017-01-27T15:00:00+08:00,55.0,150.0,1.4,22.8,-0.99,1014.0,-99.0,0.5,-9.9,-99,-999,屏東縣,20,滿州鄉,348
21.9942,120.8367,佳樂水,C0R370,2017-01-27T16:00:00+08:00,55.0,146.0,0.9,21.8,-0.99,1014.4,-99.0,0.5,-9.9,-99,-999,屏東縣,20,滿州鄉,348
21.9942,120.8367,佳樂水,C0R370,2017-01-27T17:00:00+08:00,55.0,135.0,0.9,21.4,-0.99,1014.7,-99.0,0.5,-9.9,-99,-999,屏東縣,20,滿州鄉,348
21.9942,120.8367,佳樂水,C0R370,2017-01-27T18:00:00+08:00,55.0,153.0,0.4,20.9,-0.99,1015.2,-99.0,0.5,-9.9,-99,-999,屏東縣,20,滿州鄉,348
21.9942,120.8367,佳樂水,C0R370,2017-01-27T19:00:00+08:00,55.0,125.0,0.5,20.5,-0.99,1015.4,-99.0,0.5,-9.9,-99,-999,屏東縣,20,滿州鄉,348
21.9942,120.8367,佳樂水,C0R370,2017-01-27T20:00:00+08:00,55.0,116.0,0.4,21.2,-0.99,1015.9,-99.0,0.5,-9.9,-99,-999,屏東縣,20,滿州鄉,348
21.9942,120.8367,佳樂水,C0R370,2017-01-27T21:00:00+08:00,55.0,128.0,1.0,21.4,-0.99,1016.1,-99.0,0.5,-9.9,-99,-999,屏東縣,20,滿州鄉,348
21.9942,120.8367,佳樂水,C0R370,2017-01-27T22:00:00+08:00,55.0,139.0,0.6,21.2,-0.99,1016.1,-99.0,0.5,-9.9,-99,-999,屏東縣,20,滿州鄉,348
21.9942,120.8367,佳樂水,C0R370,2017-01-27T23:00:00+08:00,55.0,196.0,0.8,20.3,-0.99,1015.4,-99.0,0.5,-9.9,-99,-999,屏東縣,20,滿州鄉,348
21.9942,120.8367,佳樂水,C0R370,2017-01-28T00:00:00+08:00,55.0,218.0,0.7,20.2,-0.99,1014.9,-99.0,0.5,-9.9,-99,-999,屏東縣,20,滿州鄉,348
21.9942,120.8367,佳樂水,C0R370,2017-01-28T01:00:00+08:00,55.0,222.0,0.6,19.8,-0.99,1015.3,-99.0,0.0,-9.9,-99,-999,屏東縣,20,滿州鄉,348
21.9942,120.8367,佳樂水,C0R370,2017-01-28T02:00:00+08:00,55.0,93.0,0.6,19.0,-0.99,1014.9,-99.0,0.0,-9.9,-99,-999,屏東縣,20,滿州鄉,348
21.9942,120.8367,佳樂水,C0R370,2017-01-28T03:00:00+08:00,55.0,112.0,0.9,17.9,-0.99,1014.2,-99.0,1.0,-9.9,-99,-999,屏東縣,20,滿州鄉,348
21.9942,120.8367,佳樂水,C0R370,2017-01-28T04:00:00+08:00,55.0,137.0,0.3,18.5,-0.99,1013.4,-99.0,1.0,-9.9,-99,-999,屏東縣,20,滿州鄉,348
21.9942,120.8367,佳樂水,C0R370,2017-01-28T05:00:00+08:00,55.0,278.0,0.3,18.5,-0.99,1013.8,-99.0,1.0,-9.9,-99,-999,屏東縣,20,滿州鄉,348
21.9942,120.8367,佳樂水,C0R370,2017-01-28T06:00:00+08:00,55.0,213.0,0.4,18.9,-0.99,1014.0,-99.0,1.0,-9.9,-99,-999,屏東縣,20,滿州鄉,348
21.9942,120.8367,佳樂水,C0R370,2017-01-28T07:00:00+08:00,55.0,182.0,0.5,19.4,-0.99,1014.0,-99.0,1.0,-9.9,-99,-999,屏東縣,20,滿州鄉,348
21.9942,120.8367,佳樂水,C0R370,2017-01-28T08:00:00+08:00,55.0,216.0,0.5,19.9,-0.99,1014.5,-99.0,1.0,-9.9,-99,-999,屏東縣,20,滿州鄉,348
21.9942,120.8367,佳樂水,C0R370,2017-01-28T09:00:00+08:00,55.0,187.0,0.4,21.6,-0.99,1015.0,-99.0,1.0,-9.9,-99,-999,屏東縣,20,滿州鄉,348
21.9942,120.8367,佳樂水,C0R370,2017-01-28T10:00:00+08:00,55.0,167.0,1.0,21.9,-0.99,1014.8,-99.0,1.0,-9.9,-99,-999,屏東縣,20,滿州鄉,348
21.9942,120.8367,佳樂水,C0R370,2017-01-28T11:00:00+08:00,55.0,140.0,0.6,24.0,-0.99,1014.2,-99.0,1.0,-9.9,-99,-999,屏東縣,20,滿州鄉,348
21.9942,120.8367,佳樂水,C0R370,2017-01-28T12:00:00+08:00,55.0,134.0,0.8,23.8,-0.99,1013.7,-99.0,1.0,-9.9,-99,-999,屏東縣,20,滿州鄉,348
21.9942,120.8367,佳樂水,C0R370,2017-01-28T13:00:00+08:00,55.0,140.0,0.9,24.1,-0.99,1012.5,-99.0,1.0,-9.9,-99,-999,屏東縣,20,滿州鄉,348
21.9942,120.8367,佳樂水,C0R370,2017-01-28T14:00:00+08:00,55.0,169.0,0.5,23.3,-0.99,1012.0,-99.0,1.0,-9.9,-99,-999,屏東縣,20,滿州鄉,348
21.9942,120.8367,佳樂水,C0R370,2017-01-28T15:00:00+08:00,55.0,139.0,1.6,23.7,-0.99,1011.5,-99.0,1.0,-9.9,-99,-999,屏東縣,20,滿州鄉,348
21.9942,120.8367,佳樂水,C0R370,2017-01-28T16:00:00+08:00,55.0,131.0,1.2,22.3,-0.99,1011.8,-99.0,1.0,-9.9,-99,-999,屏東縣,20,滿州鄉,348
21.9942,120.8367,佳樂水,C0R370,2017-01-28T17:00:00+08:00,55.0,117.0,0.7,22.1,-0.99,1012.5,-99.0,1.0,-9.9,-99,-999,屏東縣,20,滿州鄉,348
21.9942,120.8367,佳樂水,C0R370,2017-01-28T18:00:00+08:00,55.0,109.0,1.5,22.0,-0.99,1012.6,-99.0,1.0,-9.9,-99,-999,屏東縣,20,滿州鄉,348
21.9942,120.8367,佳樂水,C0R370,2017-01-28T19:00:00+08:00,55.0,97.0,1.3,22.0,-0.99,1013.1,-99.0,1.0,-9.9,-99,-999,屏東縣,20,滿州鄉,348
21.9942,120.8367,佳樂水,C0R370,2017-01-28T20:00:00+08:00,55.0,99.0,1.6,22.0,-0.99,1013.4,-99.0,1.0,-9.9,-99,-999,屏東縣,20,滿州鄉,348
21.9942,120.8367,佳樂水,C0R370,2017-01-28T21:00:00+08:00,55.0,95.0,1.4,21.8,-0.99,1013.7,-99.0,1.0,-9.9,-99,-999,屏東縣,20,滿州鄉,348
21.9942,120.8367,佳樂水,C0R370,2017-01-28T22:00:00+08:00,55.0,105.0,1.7,21.8,-0.99,1013.8,-99.0,1.0,-9.9,-99,-999,屏東縣,20,滿州鄉,348
21.9942,120.8367,佳樂水,C0R370,2017-01-28T23:00:00+08:00,55.0,98.0,0.5,21.7,-0.99,1013.4,-99.0,1.0,-9.9,-99,-999,屏東縣,20,滿州鄉,348
21.9942,120.8367,佳樂水,C0R370,2017-01-29T00:00:00+08:00,55.0,104.0,0.7,21.7,-0.99,1013.0,-99.0,1.0,-9.9,-99,-999,屏東縣,20,滿州鄉,348
21.9942,120.8367,佳樂水,C0R370,2017-01-29T01:00:00+08:00,55.0,124.0,1.2,21.6,-0.99,1012.6,-99.0,0.0,-9.9,-99,-999,屏東縣,20,滿州鄉,348
21.9942,120.8367,佳樂水,C0R370,2017-01-29T02:00:00+08:00,55.0,120.0,0.6,21.2,-0.99,1012.1,-99.0,0.0,-9.9,-99,-999,屏東縣,20,滿州鄉,348
21.9942,120.8367,佳樂水,C0R370,2017-01-29T03:00:00+08:00,55.0,107.0,0.7,21.0,-0.99,1012.0,-99.0,0.0,-9.9,-99,-999,屏東縣,20,滿州鄉,348
21.9942,120.8367,佳樂水,C0R370,2017-01-29T04:00:00+08:00,55.0,116.0,0.6,20.9,-0.99,1011.8,-99.0,0.0,-9.9,-99,-999,屏東縣,20,滿州鄉,348
21.9942,120.8367,佳樂水,C0R370,2017-01-29T05:00:00+08:00,55.0,41.0,0.4,20.7,-0.99,1012.1,-99.0,0.0,-9.9,-99,-999,屏東縣,20,滿州鄉,348
21.9942,120.8367,佳樂水,C0R370,2017-01-29T06:00:00+08:00,55.0,147.0,0.8,20.4,-0.99,1012.4,-99.0,0.0,-9.9,-99,-999,屏東縣,20,滿州鄉,348
21.9942,120.8367,佳樂水,C0R370,2017-01-29T07:00:00+08:00,55.0,230.0,0.3,20.8,-0.99,1012.8,-99.0,0.0,-9.9,-99,-999,屏東縣,20,滿州鄉,348
21.9942,120.8367,佳樂水,C0R370,2017-01-29T08:00:00+08:00,55.0,0.0,0.2,21.4,-0.99,1013.7,-99.0,0.0,-9.9,-99,-999,屏東縣,20,滿州鄉,348
21.9942,120.8367,佳樂水,C0R370,2017-01-29T09:00:00+08:00,55.0,0.0,0.2,22.3,-0.99,1014.4,-99.0,0.0,-9.9,-99,-999,屏東縣,20,滿州鄉,348
21.9942,120.8367,佳樂水,C0R370,2017-01-29T10:00:00+08:00,55.0,0.0,0.2,24.4,-0.99,1014.5,-99.0,0.0,-9.9,-99,-999,屏東縣,20,滿州鄉,348
21.9942,120.8367,佳樂水,C0R370,2017-01-29T11:00:00+08:00,55.0,142.0,0.6,24.1,-0.99,1013.7,-99.0,0.0,-9.9,-99,-999,屏東縣,20,滿州鄉,348
21.9942,120.8367,佳樂水,C0R370,2017-01-29T12:00:00+08:00,55.0,146.0,0.5,23.2,-0.99,1012.9,-99.0,0.0,-9.9,-99,-999,屏東縣,20,滿州鄉,348
21.9942,120.8367,佳樂水,C0R370,2017-01-29T13:00:00+08:00,55.0,213.0,0.5,23.4,-0.99,1012.0,-99.0,0.0,-9.9,-99,-999,屏東縣,20,滿州鄉,348
21.9942,120.8367,佳樂水,C0R370,2017-01-29T14:00:00+08:00,55.0,222.0,0.3,24.4,-0.99,1011.5,-99.0,0.0,-9.9,-99,-999,屏東縣,20,滿州鄉,348
21.9942,120.8367,佳樂水,C0R370,2017-01-29T15:00:00+08:00,55.0,132.0,1.1,23.8,-0.99,1011.2,-99.0,0.0,-9.9,-99,-999,屏東縣,20,滿州鄉,348
21.9942,120.8367,佳樂水,C0R370,2017-01-29T16:00:00+08:00,55.0,236.0,0.3,23.3,-0.99,1011.3,-99.0,0.0,-9.9,-99,-999,屏東縣,20,滿州鄉,348
21.9942,120.8367,佳樂水,C0R370,2017-01-29T17:00:00+08:00,55.0,162.0,0.3,22.1,-0.99,1012.0,-99.0,0.0,-9.9,-99,-999,屏東縣,20,滿州鄉,348
21.9942,120.8367,佳樂水,C0R370,2017-01-29T18:00:00+08:00,55.0,152.0,0.4,21.7,-0.99,1012.1,-99.0,0.0,-9.9,-99,-999,屏東縣,20,滿州鄉,348
21.9942,120.8367,佳樂水,C0R370,2017-01-29T19:00:00+08:00,55.0,221.0,0.4,21.6,-0.99,1012.5,-99.0,0.0,-9.9,-99,-999,屏東縣,20,滿州鄉,348
21.9942,120.8367,佳樂水,C0R370,2017-01-29T20:00:00+08:00,55.0,219.0,0.5,21.2,-0.99,1012.9,-99.0,0.0,-9.9,-99,-999,屏東縣,20,滿州鄉,348
21.9942,120.8367,佳樂水,C0R370,2017-01-29T21:00:00+08:00,55.0,0.0,0.2,21.0,-0.99,1013.0,-99.0,0.0,-9.9,-99,-999,屏東縣,20,滿州鄉,348
21.9942,120.8367,佳樂水,C0R370,2017-01-29T22:00:00+08:00,55.0,0.0,0.2,21.3,-0.99,1012.7,-99.0,0.0,-9.9,-99,-999,屏東縣,20,滿州鄉,348
21.9942,120.8367,佳樂水,C0R370,2017-01-29T23:00:00+08:00,55.0,258.0,0.4,21.0,-0.99,1012.5,-99.0,0.0,-9.9,-99,-999,屏東縣,20,滿州鄉,348
21.9942,120.8367,佳樂水,C0R370,2017-01-30T00:00:00+08:00,55.0,196.0,0.3,20.6,-0.99,1012.3,-99.0,0.0,-9.9,-99,-999,屏東縣,20,滿州鄉,348
21.9942,120.8367,佳樂水,C0R370,2017-01-30T01:00:00+08:00,55.0,0.0,0.1,19.8,-0.99,1012.2,-99.0,0.0,-9.9,-99,-999,屏東縣,20,滿州鄉,348
21.9942,120.8367,佳樂水,C0R370,2017-01-30T02:00:00+08:00,55.0,134.0,0.3,20.9,-0.99,1011.6,-99.0,0.0,-9.9,-99,-999,屏東縣,20,滿州鄉,348
21.9942,120.8367,佳樂水,C0R370,2017-01-30T03:00:00+08:00,55.0,114.0,0.6,21.8,-0.99,1011.4,-99.0,0.0,-9.9,-99,-999,屏東縣,20,滿州鄉,348
21.9942,120.8367,佳樂水,C0R370,2017-01-30T04:00:00+08:00,55.0,0.0,0.1,20.2,-0.99,1011.5,-99.0,0.0,-9.9,-99,-999,屏東縣,20,滿州鄉,348
21.9942,120.8367,佳樂水,C0R370,2017-01-30T05:00:00+08:00,55.0,0.0,0.2,21.3,-0.99,1011.4,-99.0,0.0,-9.9,-99,-999,屏東縣,20,滿州鄉,348
21.9942,120.8367,佳樂水,C0R370,2017-01-30T06:00:00+08:00,55.0,276.0,0.5,20.1,-0.99,1012.3,-99.0,0.0,-9.9,-99,-999,屏東縣,20,滿州鄉,348
21.9942,120.8367,佳樂水,C0R370,2017-01-30T07:00:00+08:00,55.0,272.0,0.5,20.6,-0.99,1012.7,-99.0,0.0,-9.9,-99,-999,屏東縣,20,滿州鄉,348
21.9942,120.8367,佳樂水,C0R370,2017-01-30T08:00:00+08:00,55.0,253.0,0.4,22.1,-0.99,1013.3,-99.0,0.0,-9.9,-99,-999,屏東縣,20,滿州鄉,348
21.9942,120.8367,佳樂水,C0R370,2017-01-30T09:00:00+08:00,55.0,217.0,0.4,24.3,-0.99,1013.8,-99.0,0.0,-9.9,-99,-999,屏東縣,20,滿州鄉,348
21.9942,120.8367,佳樂水,C0R370,2017-01-30T10:00:00+08:00,55.0,0.0,0.2,24.6,-0.99,1013.3,-99.0,0.0,-9.9,-99,-999,屏東縣,20,滿州鄉,348
21.9942,120.8367,佳樂水,C0R370,2017-01-30T11:00:00+08:00,55.0,123.0,0.6,25.7,-0.99,1013.0,-99.0,0.0,-9.9,-99,-999,屏東縣,20,滿州鄉,348
21.9942,120.8367,佳樂水,C0R370,2017-01-30T12:00:00+08:00,55.0,161.0,0.6,25.7,-0.99,1012.1,-99.0,0.0,-9.9,-99,-999,屏東縣,20,滿州鄉,348
21.9942,120.8367,佳樂水,C0R370,2017-01-30T13:00:00+08:00,55.0,152.0,1.6,24.7,-0.99,1011.7,-99.0,0.0,-9.9,-99,-999,屏東縣,20,滿州鄉,348
21.9942,120.8367,佳樂水,C0R370,2017-01-30T14:00:00+08:00,55.0,141.0,1.8,24.3,-0.99,1011.1,-99.0,0.0,-9.9,-99,-999,屏東縣,20,滿州鄉,348
21.9942,120.8367,佳樂水,C0R370,2017-01-30T15:00:00+08:00,55.0,196.0,0.3,23.8,-0.99,1010.7,-99.0,0.0,-9.9,-99,-999,屏東縣,20,滿州鄉,348
21.9942,120.8367,佳樂水,C0R370,2017-01-30T16:00:00+08:00,55.0,221.0,0.5,23.3,-0.99,1011.5,-99.0,0.0,-9.9,-99,-999,屏東縣,20,滿州鄉,348
21.9942,120.8367,佳樂水,C0R370,2017-01-30T17:00:00+08:00,55.0,159.0,0.8,22.7,-0.99,1012.0,-99.0,0.0,-9.9,-99,-999,屏東縣,20,滿州鄉,348
21.9942,120.8367,佳樂水,C0R370,2017-01-30T18:00:00+08:00,55.0,164.0,1.4,22.4,-0.99,1012.5,-99.0,0.0,-9.9,-99,-999,屏東縣,20,滿州鄉,348
21.9942,120.8367,佳樂水,C0R370,2017-01-30T20:00:00+08:00,55.0,213.0,0.5,20.8,-0.99,1013.7,-99.0,0.0,-9.9,-99,-999,屏東縣,20,滿州鄉,348
21.9942,120.8367,佳樂水,C0R370,2017-01-30T21:00:00+08:00,55.0,234.0,1.1,20.8,-0.99,1013.6,-99.0,0.0,-9.9,-99,-999,屏東縣,20,滿州鄉,348
21.9942,120.8367,佳樂水,C0R370,2017-01-30T22:00:00+08:00,55.0,167.0,1.1,20.8,-0.99,1013.5,-99.0,0.0,-9.9,-99,-999,屏東縣,20,滿州鄉,348
21.9942,120.8367,佳樂水,C0R370,2017-01-30T23:00:00+08:00,55.0,228.0,0.9,20.0,-0.99,1014.1,-99.0,0.0,-9.9,-99,-999,屏東縣,20,滿州鄉,348
21.9942,120.8367,佳樂水,C0R370,2017-01-31T00:00:00+08:00,55.0,197.0,0.7,20.5,-0.99,1013.0,-99.0,0.0,-9.9,-99,-999,屏東縣,20,滿州鄉,348
21.9942,120.8367,佳樂水,C0R370,2017-01-31T01:00:00+08:00,55.0,227.0,0.9,20.4,-0.99,1012.6,-99.0,0.0,-9.9,-99,-999,屏東縣,20,滿州鄉,348
21.9942,120.8367,佳樂水,C0R370,2017-01-31T02:00:00+08:00,55.0,205.0,1.0,20.2,-0.99,1012.5,-99.0,0.0,-9.9,-99,-999,屏東縣,20,滿州鄉,348
21.9942,120.8367,佳樂水,C0R370,2017-01-31T03:00:00+08:00,55.0,209.0,1.5,20.0,-0.99,1012.4,-99.0,0.0,-9.9,-99,-999,屏東縣,20,滿州鄉,348
21.9942,120.8367,佳樂水,C0R370,2017-01-31T04:00:00+08:00,55.0,254.0,0.7,19.7,-0.99,1012.4,-99.0,0.0,-9.9,-99,-999,屏東縣,20,滿州鄉,348
21.9942,120.8367,佳樂水,C0R370,2017-01-31T05:00:00+08:00,55.0,205.0,1.1,19.6,-0.99,1012.5,-99.0,0.0,-9.9,-99,-999,屏東縣,20,滿州鄉,348
21.9942,120.8367,佳樂水,C0R370,2017-01-31T06:00:00+08:00,55.0,262.0,0.9,19.2,-0.99,1013.3,-99.0,0.0,-9.9,-99,-999,屏東縣,20,滿州鄉,348
21.9942,120.8367,佳樂水,C0R370,2017-01-31T07:00:00+08:00,55.0,261.0,1.0,19.6,-0.99,1013.6,-99.0,0.0,-9.9,-99,-999,屏東縣,20,滿州鄉,348
