21.9026,120.8472,¾Á¹p,C0R620,2017-01-10T11:00:00+08:00,34.0,48.0,6.1,23.3,0.71,1015.2,-99.0,0.0,-9.9,-99,-999,«ÌªF¿¤,20,«í¬KÂí,350
21.9026,120.8472,¾Á¹p,C0R620,2017-01-10T12:00:00+08:00,34.0,49.0,6.0,23.2,0.70,1014.4,-99.0,0.0,-9.9,-99,-999,«ÌªF¿¤,20,«í¬KÂí,350
21.9026,120.8472,¾Á¹p,C0R620,2017-01-10T13:00:00+08:00,34.0,53.0,4.9,23.4,0.72,1013.8,-99.0,0.0,-9.9,-99,-999,«ÌªF¿¤,20,«í¬KÂí,350
21.9026,120.8472,¾Á¹p,C0R620,2017-01-10T14:00:00+08:00,34.0,51.0,5.3,23.6,0.71,1013.2,-99.0,0.0,-9.9,-99,-999,«ÌªF¿¤,20,«í¬KÂí,350
21.9026,120.8472,¾Á¹p,C0R620,2017-01-10T15:00:00+08:00,34.0,55.0,5.4,22.7,0.73,1013.3,-99.0,0.0,-9.9,-99,-999,«ÌªF¿¤,20,«í¬KÂí,350
21.9026,120.8472,¾Á¹p,C0R620,2017-01-10T16:00:00+08:00,34.0,63.0,4.2,22.8,0.72,1013.6,-99.0,0.0,-9.9,-99,-999,«ÌªF¿¤,20,«í¬KÂí,350
21.9026,120.8472,¾Á¹p,C0R620,2017-01-10T17:00:00+08:00,34.0,58.0,5.3,22.1,0.74,1013.9,-99.0,0.0,-9.9,-99,-999,«ÌªF¿¤,20,«í¬KÂí,350
21.9026,120.8472,¾Á¹p,C0R620,2017-01-10T18:00:00+08:00,34.0,56.0,4.5,22.0,0.73,1014.6,-99.0,0.0,-9.9,-99,-999,«ÌªF¿¤,20,«í¬KÂí,350
21.9026,120.8472,¾Á¹p,C0R620,2017-01-10T19:00:00+08:00,34.0,60.0,4.8,22.0,0.77,1014.9,-99.0,0.0,-9.9,-99,-999,«ÌªF¿¤,20,«í¬KÂí,350
21.9026,120.8472,¾Á¹p,C0R620,2017-01-10T20:00:00+08:00,34.0,62.0,4.8,22.3,0.77,1014.9,-99.0,0.0,-9.9,-99,-999,«ÌªF¿¤,20,«í¬KÂí,350
21.9026,120.8472,¾Á¹p,C0R620,2017-01-10T21:00:00+08:00,34.0,61.0,4.6,22.2,0.75,1015.3,-99.0,0.0,-9.9,-99,-999,«ÌªF¿¤,20,«í¬KÂí,350
21.9026,120.8472,¾Á¹p,C0R620,2017-01-10T22:00:00+08:00,34.0,53.0,5.3,22.0,0.80,1015.4,-99.0,0.0,-9.9,-99,-999,«ÌªF¿¤,20,«í¬KÂí,350
21.9026,120.8472,¾Á¹p,C0R620,2017-01-10T23:00:00+08:00,34.0,54.0,5.2,21.9,0.79,1015.2,-99.0,0.0,-9.9,-99,-999,«ÌªF¿¤,20,«í¬KÂí,350
21.9026,120.8472,¾Á¹p,C0R620,2017-01-11T00:00:00+08:00,34.0,55.0,5.2,21.9,0.78,1015.3,-99.0,0.0,-9.9,-99,-999,«ÌªF¿¤,20,«í¬KÂí,350
21.9026,120.8472,¾Á¹p,C0R620,2017-01-11T01:00:00+08:00,34.0,62.0,5.2,21.5,0.78,1015.0,-99.0,0.0,-9.9,-99,-999,«ÌªF¿¤,20,«í¬KÂí,350
21.9026,120.8472,¾Á¹p,C0R620,2017-01-11T02:00:00+08:00,34.0,64.0,4.6,22.1,0.74,1014.2,-99.0,0.0,-9.9,-99,-999,«ÌªF¿¤,20,«í¬KÂí,350
21.9026,120.8472,¾Á¹p,C0R620,2017-01-11T03:00:00+08:00,34.0,54.0,6.1,21.7,0.79,1013.5,-99.0,0.0,-9.9,-99,-999,«ÌªF¿¤,20,«í¬KÂí,350
21.9026,120.8472,¾Á¹p,C0R620,2017-01-11T04:00:00+08:00,34.0,51.0,5.8,21.5,0.79,1013.3,-99.0,0.0,-9.9,-99,-999,«ÌªF¿¤,20,«í¬KÂí,350
21.9026,120.8472,¾Á¹p,C0R620,2017-01-11T05:00:00+08:00,34.0,50.0,5.4,21.6,0.79,1013.7,-99.0,0.0,-9.9,-99,-999,«ÌªF¿¤,20,«í¬KÂí,350
21.9026,120.8472,¾Á¹p,C0R620,2017-01-11T06:00:00+08:00,34.0,49.0,5.1,21.6,0.79,1014.5,-99.0,0.0,-9.9,-99,-999,«ÌªF¿¤,20,«í¬KÂí,350
21.9026,120.8472,¾Á¹p,C0R620,2017-01-11T07:00:00+08:00,34.0,51.0,5.1,21.9,0.79,1015.0,-99.0,0.0,-9.9,-99,-999,«ÌªF¿¤,20,«í¬KÂí,350
21.9026,120.8472,¾Á¹p,C0R620,2017-01-11T08:00:00+08:00,34.0,48.0,5.5,21.2,0.86,1015.9,-99.0,0.0,-9.9,-99,-999,«ÌªF¿¤,20,«í¬KÂí,350
21.9026,120.8472,¾Á¹p,C0R620,2017-01-11T09:00:00+08:00,34.0,48.0,6.1,21.7,0.81,1016.4,-99.0,0.0,-9.9,-99,-999,«ÌªF¿¤,20,«í¬KÂí,350
21.9026,120.8472,¾Á¹p,C0R620,2017-01-11T10:00:00+08:00,34.0,53.0,5.7,21.9,0.80,1015.9,-99.0,0.0,-9.9,-99,-999,«ÌªF¿¤,20,«í¬KÂí,350
21.9026,120.8472,¾Á¹p,C0R620,2017-01-11T11:00:00+08:00,34.0,58.0,5.4,22.6,0.78,1014.9,-99.0,0.0,-9.9,-99,-999,«ÌªF¿¤,20,«í¬KÂí,350
21.9026,120.8472,¾Á¹p,C0R620,2017-01-11T12:00:00+08:00,34.0,55.0,5.4,23.1,0.77,1014.2,-99.0,0.0,-9.9,-99,-999,«ÌªF¿¤,20,«í¬KÂí,350
21.9026,120.8472,¾Á¹p,C0R620,2017-01-11T13:00:00+08:00,34.0,58.0,4.7,23.7,0.74,1013.1,-99.0,0.0,-9.9,-99,-999,«ÌªF¿¤,20,«í¬KÂí,350
21.9026,120.8472,¾Á¹p,C0R620,2017-01-11T14:00:00+08:00,34.0,57.0,4.8,23.3,0.75,1012.3,-99.0,0.0,-9.9,-99,-999,«ÌªF¿¤,20,«í¬KÂí,350
21.9026,120.8472,¾Á¹p,C0R620,2017-01-11T15:00:00+08:00,34.0,64.0,4.7,23.7,0.73,1011.8,-99.0,0.0,-9.9,-99,-999,«ÌªF¿¤,20,«í¬KÂí,350
21.9026,120.8472,¾Á¹p,C0R620,2017-01-11T16:00:00+08:00,34.0,66.0,4.3,23.4,0.74,1011.9,-99.0,0.0,-9.9,-99,-999,«ÌªF¿¤,20,«í¬KÂí,350
21.9026,120.8472,¾Á¹p,C0R620,2017-01-11T17:00:00+08:00,34.0,68.0,4.3,22.8,0.77,1012.5,-99.0,0.0,-9.9,-99,-999,«ÌªF¿¤,20,«í¬KÂí,350
21.9026,120.8472,¾Á¹p,C0R620,2017-01-11T18:00:00+08:00,34.0,67.0,4.1,22.9,0.76,1012.9,-99.0,0.0,-9.9,-99,-999,«ÌªF¿¤,20,«í¬KÂí,350
21.9026,120.8472,¾Á¹p,C0R620,2017-01-11T19:00:00+08:00,34.0,62.0,5.2,22.1,0.76,1013.4,-99.0,0.0,-9.9,-99,-999,«ÌªF¿¤,20,«í¬KÂí,350
21.9026,120.8472,¾Á¹p,C0R620,2017-01-11T20:00:00+08:00,34.0,63.0,4.7,22.7,0.77,1013.9,-99.0,0.0,-9.9,-99,-999,«ÌªF¿¤,20,«í¬KÂí,350
21.9026,120.8472,¾Á¹p,C0R620,2017-01-11T21:00:00+08:00,34.0,56.0,4.2,22.6,0.78,1014.1,-99.0,0.0,-9.9,-99,-999,«ÌªF¿¤,20,«í¬KÂí,350
21.9026,120.8472,¾Á¹p,C0R620,2017-01-11T22:00:00+08:00,34.0,57.0,4.7,22.7,0.78,1014.5,-99.0,0.0,-9.9,-99,-999,«ÌªF¿¤,20,«í¬KÂí,350
21.9026,120.8472,¾Á¹p,C0R620,2017-01-11T23:00:00+08:00,34.0,47.0,5.9,21.8,0.82,1014.4,-99.0,0.0,-9.9,-99,-999,«ÌªF¿¤,20,«í¬KÂí,350
21.9026,120.8472,¾Á¹p,C0R620,2017-01-12T00:00:00+08:00,34.0,50.0,5.0,21.8,0.80,1014.0,-99.0,0.0,-9.9,-99,-999,«ÌªF¿¤,20,«í¬KÂí,350
21.9026,120.8472,¾Á¹p,C0R620,2017-01-12T01:00:00+08:00,34.0,53.0,5.0,21.9,0.79,1013.3,-99.0,0.0,-9.9,-99,-999,«ÌªF¿¤,20,«í¬KÂí,350
21.9026,120.8472,¾Á¹p,C0R620,2017-01-12T02:00:00+08:00,34.0,49.0,4.9,22.1,0.78,1012.8,-99.0,0.0,-9.9,-99,-999,«ÌªF¿¤,20,«í¬KÂí,350
21.9026,120.8472,¾Á¹p,C0R620,2017-01-12T03:00:00+08:00,34.0,68.0,3.6,22.1,0.79,1012.3,-99.0,0.0,-9.9,-99,-999,«ÌªF¿¤,20,«í¬KÂí,350
21.9026,120.8472,¾Á¹p,C0R620,2017-01-12T04:00:00+08:00,34.0,62.0,4.3,22.2,0.79,1011.6,-99.0,0.0,-9.9,-99,-999,«ÌªF¿¤,20,«í¬KÂí,350
21.9026,120.8472,¾Á¹p,C0R620,2017-01-12T05:00:00+08:00,34.0,60.0,3.8,22.2,0.81,1011.7,-99.0,0.0,-9.9,-99,-999,«ÌªF¿¤,20,«í¬KÂí,350
21.9026,120.8472,¾Á¹p,C0R620,2017-01-12T06:00:00+08:00,34.0,55.0,3.4,22.2,0.82,1011.7,-99.0,0.0,-9.9,-99,-999,«ÌªF¿¤,20,«í¬KÂí,350
21.9026,120.8472,¾Á¹p,C0R620,2017-01-12T07:00:00+08:00,34.0,50.0,4.0,21.9,0.84,1012.0,-99.0,0.0,-9.9,-99,-999,«ÌªF¿¤,20,«í¬KÂí,350
21.9026,120.8472,¾Á¹p,C0R620,2017-01-12T08:00:00+08:00,34.0,51.0,3.7,22.4,0.82,1012.6,-99.0,0.0,-9.9,-99,-999,«ÌªF¿¤,20,«í¬KÂí,350
21.9026,120.8472,¾Á¹p,C0R620,2017-01-12T09:00:00+08:00,34.0,47.0,4.6,22.3,0.83,1012.9,-99.0,0.0,-9.9,-99,-999,«ÌªF¿¤,20,«í¬KÂí,350
21.9026,120.8472,¾Á¹p,C0R620,2017-01-12T10:00:00+08:00,34.0,47.0,4.5,22.4,0.83,1012.8,-99.0,0.0,-9.9,-99,-999,«ÌªF¿¤,20,«í¬KÂí,350
21.9026,120.8472,¾Á¹p,C0R620,2017-01-12T11:00:00+08:00,34.0,46.0,4.4,22.8,0.84,1012.1,-99.0,0.0,-9.9,-99,-999,«ÌªF¿¤,20,«í¬KÂí,350
21.9026,120.8472,¾Á¹p,C0R620,2017-01-12T12:00:00+08:00,34.0,46.0,5.2,23.3,0.81,1011.3,-99.0,0.0,-9.9,-99,-999,«ÌªF¿¤,20,«í¬KÂí,350
21.9026,120.8472,¾Á¹p,C0R620,2017-01-12T13:00:00+08:00,34.0,45.0,3.6,23.4,0.80,1010.0,-99.0,0.0,-9.9,-99,-999,«ÌªF¿¤,20,«í¬KÂí,350
21.9026,120.8472,¾Á¹p,C0R620,2017-01-12T14:00:00+08:00,34.0,43.0,3.7,24.0,0.77,1009.3,-99.0,0.0,-9.9,-99,-999,«ÌªF¿¤,20,«í¬KÂí,350
21.9026,120.8472,¾Á¹p,C0R620,2017-01-12T15:00:00+08:00,34.0,47.0,3.1,23.0,0.79,1008.9,-99.0,0.0,-9.9,-99,-999,«ÌªF¿¤,20,«í¬KÂí,350
21.9026,120.8472,¾Á¹p,C0R620,2017-01-12T16:00:00+08:00,34.0,46.0,3.5,22.7,0.82,1009.1,-99.0,0.0,-9.9,-99,-999,«ÌªF¿¤,20,«í¬KÂí,350
21.9026,120.8472,¾Á¹p,C0R620,2017-01-12T17:00:00+08:00,34.0,48.0,3.6,22.6,0.82,1009.2,-99.0,0.0,-9.9,-99,-999,«ÌªF¿¤,20,«í¬KÂí,350
21.9026,120.8472,¾Á¹p,C0R620,2017-01-12T18:00:00+08:00,34.0,51.0,3.1,22.5,0.83,1009.4,-99.0,0.0,-9.9,-99,-999,«ÌªF¿¤,20,«í¬KÂí,350
21.9026,120.8472,¾Á¹p,C0R620,2017-01-12T19:00:00+08:00,34.0,50.0,3.2,22.6,0.83,1009.9,-99.0,0.0,-9.9,-99,-999,«ÌªF¿¤,20,«í¬KÂí,350
21.9026,120.8472,¾Á¹p,C0R620,2017-01-12T20:00:00+08:00,34.0,50.0,3.3,22.3,0.83,1010.2,-99.0,0.0,-9.9,-99,-999,«ÌªF¿¤,20,«í¬KÂí,350
21.9026,120.8472,¾Á¹p,C0R620,2017-01-12T21:00:00+08:00,34.0,48.0,2.6,22.4,0.82,1010.5,-99.0,0.0,-9.9,-99,-999,«ÌªF¿¤,20,«í¬KÂí,350
21.9026,120.8472,¾Á¹p,C0R620,2017-01-12T22:00:00+08:00,34.0,41.0,2.5,22.3,0.82,1010.6,-99.0,0.0,-9.9,-99,-999,«ÌªF¿¤,20,«í¬KÂí,350
21.9026,120.8472,¾Á¹p,C0R620,2017-01-12T23:00:00+08:00,34.0,41.0,2.5,22.5,0.80,1010.3,-99.0,0.0,-9.9,-99,-999,«ÌªF¿¤,20,«í¬KÂí,350
21.9026,120.8472,¾Á¹p,C0R620,2017-01-13T00:00:00+08:00,34.0,44.0,2.5,22.3,0.80,1010.0,-99.0,0.0,-9.9,-99,-999,«ÌªF¿¤,20,«í¬KÂí,350
21.9026,120.8472,¾Á¹p,C0R620,2017-01-13T01:00:00+08:00,34.0,44.0,2.5,22.4,0.80,1009.4,-99.0,0.0,-9.9,-99,-999,«ÌªF¿¤,20,«í¬KÂí,350
21.9026,120.8472,¾Á¹p,C0R620,2017-01-13T02:00:00+08:00,34.0,38.0,2.1,22.0,0.82,1009.0,-99.0,0.0,-9.9,-99,-999,«ÌªF¿¤,20,«í¬KÂí,350
21.9026,120.8472,¾Á¹p,C0R620,2017-01-13T03:00:00+08:00,34.0,45.0,1.7,21.8,0.84,1008.5,-99.0,0.0,-9.9,-99,-999,«ÌªF¿¤,20,«í¬KÂí,350
21.9026,120.8472,¾Á¹p,C0R620,2017-01-13T04:00:00+08:00,34.0,35.0,1.9,21.7,0.82,1008.3,-99.0,0.0,-9.9,-99,-999,«ÌªF¿¤,20,«í¬KÂí,350
21.9026,120.8472,¾Á¹p,C0R620,2017-01-13T05:00:00+08:00,34.0,44.0,1.6,22.0,0.82,1008.5,-99.0,0.0,-9.9,-99,-999,«ÌªF¿¤,20,«í¬KÂí,350
21.9026,120.8472,¾Á¹p,C0R620,2017-01-13T06:00:00+08:00,34.0,43.0,2.1,22.0,0.84,1008.7,-99.0,0.0,-9.9,-99,-999,«ÌªF¿¤,20,«í¬KÂí,350
21.9026,120.8472,¾Á¹p,C0R620,2017-01-13T07:00:00+08:00,34.0,39.0,2.4,22.2,0.86,1009.5,-99.0,0.0,-9.9,-99,-999,«ÌªF¿¤,20,«í¬KÂí,350
21.9026,120.8472,¾Á¹p,C0R620,2017-01-13T08:00:00+08:00,34.0,39.0,3.6,22.8,0.83,1010.3,-99.0,0.0,-9.9,-99,-999,«ÌªF¿¤,20,«í¬KÂí,350
21.9026,120.8472,¾Á¹p,C0R620,2017-01-13T09:00:00+08:00,34.0,38.0,4.2,23.8,0.78,1011.0,-99.0,0.0,-9.9,-99,-999,«ÌªF¿¤,20,«í¬KÂí,350
21.9026,120.8472,¾Á¹p,C0R620,2017-01-13T10:00:00+08:00,34.0,42.0,5.0,24.0,0.81,1011.2,-99.0,0.0,-9.9,-99,-999,«ÌªF¿¤,20,«í¬KÂí,350
21.9026,120.8472,¾Á¹p,C0R620,2017-01-13T11:00:00+08:00,34.0,46.0,6.3,23.8,0.80,1010.8,-99.0,0.0,-9.9,-99,-999,«ÌªF¿¤,20,«í¬KÂí,350
21.9026,120.8472,¾Á¹p,C0R620,2017-01-13T12:00:00+08:00,34.0,48.0,5.8,22.9,0.84,1010.0,-99.0,0.0,-9.9,-99,-999,«ÌªF¿¤,20,«í¬KÂí,350
21.9026,120.8472,¾Á¹p,C0R620,2017-01-13T13:00:00+08:00,34.0,52.0,6.1,23.0,0.80,1009.3,-99.0,0.0,-9.9,-99,-999,«ÌªF¿¤,20,«í¬KÂí,350
21.9026,120.8472,¾Á¹p,C0R620,2017-01-13T14:00:00+08:00,34.0,50.0,6.4,23.4,0.78,1008.9,-99.0,0.0,-9.9,-99,-999,«ÌªF¿¤,20,«í¬KÂí,350
21.9026,120.8472,¾Á¹p,C0R620,2017-01-13T15:00:00+08:00,34.0,55.0,6.1,22.8,0.77,1008.7,-99.0,0.0,-9.9,-99,-999,«ÌªF¿¤,20,«í¬KÂí,350
21.9026,120.8472,¾Á¹p,C0R620,2017-01-13T16:00:00+08:00,34.0,47.0,6.3,22.5,0.76,1009.4,-99.0,0.0,-9.9,-99,-999,«ÌªF¿¤,20,«í¬KÂí,350
21.9026,120.8472,¾Á¹p,C0R620,2017-01-13T17:00:00+08:00,34.0,51.0,6.2,21.9,0.78,1009.9,-99.0,0.0,-9.9,-99,-999,«ÌªF¿¤,20,«í¬KÂí,350
21.9026,120.8472,¾Á¹p,C0R620,2017-01-13T18:00:00+08:00,34.0,45.0,6.6,21.4,0.81,1010.3,-99.0,0.0,-9.9,-99,-999,«ÌªF¿¤,20,«í¬KÂí,350
21.9026,120.8472,¾Á¹p,C0R620,2017-01-13T19:00:00+08:00,34.0,46.0,5.8,21.3,0.80,1010.7,-99.0,0.0,-9.9,-99,-999,«ÌªF¿¤,20,«í¬KÂí,350
21.9026,120.8472,¾Á¹p,C0R620,2017-01-13T20:00:00+08:00,34.0,48.0,6.2,21.5,0.81,1011.1,-99.0,0.0,-9.9,-99,-999,«ÌªF¿¤,20,«í¬KÂí,350
21.9026,120.8472,¾Á¹p,C0R620,2017-01-13T21:00:00+08:00,34.0,54.0,6.3,21.4,0.80,1011.4,-99.0,0.0,-9.9,-99,-999,«ÌªF¿¤,20,«í¬KÂí,350
21.9026,120.8472,¾Á¹p,C0R620,2017-01-13T22:00:00+08:00,34.0,48.0,6.3,21.2,0.80,1011.7,-99.0,0.0,-9.9,-99,-999,«ÌªF¿¤,20,«í¬KÂí,350
21.9026,120.8472,¾Á¹p,C0R620,2017-01-13T23:00:00+08:00,34.0,47.0,6.3,21.0,0.81,1011.8,-99.0,0.0,-9.9,-99,-999,«ÌªF¿¤,20,«í¬KÂí,350
21.9026,120.8472,¾Á¹p,C0R620,2017-01-14T00:00:00+08:00,34.0,46.0,6.6,20.9,0.80,1011.3,-99.0,0.0,-9.9,-99,-999,«ÌªF¿¤,20,«í¬KÂí,350
21.9026,120.8472,¾Á¹p,C0R620,2017-01-14T01:00:00+08:00,34.0,46.0,6.6,21.0,0.80,1010.9,-99.0,0.0,-9.9,-99,-999,«ÌªF¿¤,20,«í¬KÂí,350
21.9026,120.8472,¾Á¹p,C0R620,2017-01-14T02:00:00+08:00,34.0,46.0,6.3,21.1,0.78,1010.5,-99.0,0.0,-9.9,-99,-999,«ÌªF¿¤,20,«í¬KÂí,350
21.9026,120.8472,¾Á¹p,C0R620,2017-01-14T03:00:00+08:00,34.0,51.0,6.1,21.1,0.79,1010.7,-99.0,0.0,-9.9,-99,-999,«ÌªF¿¤,20,«í¬KÂí,350
21.9026,120.8472,¾Á¹p,C0R620,2017-01-14T04:00:00+08:00,34.0,51.0,6.5,21.1,0.78,1010.6,-99.0,0.0,-9.9,-99,-999,«ÌªF¿¤,20,«í¬KÂí,350
21.9026,120.8472,¾Á¹p,C0R620,2017-01-14T05:00:00+08:00,34.0,51.0,6.8,21.1,0.77,1010.7,-99.0,0.0,-9.9,-99,-999,«ÌªF¿¤,20,«í¬KÂí,350
21.9026,120.8472,¾Á¹p,C0R620,2017-01-14T06:00:00+08:00,34.0,45.0,6.9,21.1,0.77,1011.5,-99.0,0.0,-9.9,-99,-999,«ÌªF¿¤,20,«í¬KÂí,350
21.9026,120.8472,¾Á¹p,C0R620,2017-01-14T07:00:00+08:00,34.0,51.0,6.7,20.8,0.77,1011.8,-99.0,0.0,-9.9,-99,-999,«ÌªF¿¤,20,«í¬KÂí,350
21.9026,120.8472,¾Á¹p,C0R620,2017-01-14T08:00:00+08:00,34.0,47.0,7.5,20.9,0.76,1013.0,-99.0,0.0,-9.9,-99,-999,«ÌªF¿¤,20,«í¬KÂí,350
21.9026,120.8472,¾Á¹p,C0R620,2017-01-14T10:00:00+08:00,34.0,50.0,7.0,21.3,0.74,1013.5,-99.0,0.0,-9.9,-99,-999,«ÌªF¿¤,20,«í¬KÂí,350
21.9026,120.8472,¾Á¹p,C0R620,2017-01-14T11:00:00+08:00,34.0,45.0,7.7,21.0,0.73,1013.3,-99.0,0.0,-9.9,-99,-999,«ÌªF¿¤,20,«í¬KÂí,350
21.9026,120.8472,¾Á¹p,C0R620,2017-01-14T12:00:00+08:00,34.0,44.0,7.1,20.4,0.78,1012.9,-99.0,0.0,-9.9,-99,-999,«ÌªF¿¤,20,«í¬KÂí,350
21.9026,120.8472,¾Á¹p,C0R620,2017-01-14T13:00:00+08:00,34.0,45.0,7.1,20.4,0.76,1012.2,-99.0,0.0,-9.9,-99,-999,«ÌªF¿¤,20,«í¬KÂí,350
21.9026,120.8472,¾Á¹p,C0R620,2017-01-14T14:00:00+08:00,34.0,48.0,6.9,20.9,0.72,1011.7,-99.0,0.0,-9.9,-99,-999,«ÌªF¿¤,20,«í¬KÂí,350
21.9026,120.8472,¾Á¹p,C0R620,2017-01-14T15:00:00+08:00,34.0,48.0,7.2,20.7,0.72,1011.7,-99.0,0.0,-9.9,-99,-999,«ÌªF¿¤,20,«í¬KÂí,350
21.9026,120.8472,¾Á¹p,C0R620,2017-01-14T16:00:00+08:00,34.0,50.0,7.5,20.7,0.72,1012.3,-99.0,0.0,-9.9,-99,-999,«ÌªF¿¤,20,«í¬KÂí,350
21.9026,120.8472,¾Á¹p,C0R620,2017-01-14T17:00:00+08:00,34.0,52.0,6.5,20.5,0.74,1013.0,-99.0,0.0,-9.9,-99,-999,«ÌªF¿¤,20,«í¬KÂí,350
21.9026,120.8472,¾Á¹p,C0R620,2017-01-14T18:00:00+08:00,34.0,52.0,7.0,19.9,0.78,1013.6,-99.0,0.0,-9.9,-99,-999,«ÌªF¿¤,20,«í¬KÂí,350
21.9026,120.8472,¾Á¹p,C0R620,2017-01-14T19:00:00+08:00,34.0,50.0,7.4,19.7,0.78,1014.0,-99.0,0.0,-9.9,-99,-999,«ÌªF¿¤,20,«í¬KÂí,350
21.9026,120.8472,¾Á¹p,C0R620,2017-01-14T20:00:00+08:00,34.0,52.0,6.2,19.7,0.80,1014.6,-99.0,0.0,-9.9,-99,-999,«ÌªF¿¤,20,«í¬KÂí,350
21.9026,120.8472,¾Á¹p,C0R620,2017-01-14T21:00:00+08:00,34.0,46.0,7.0,19.9,0.76,1014.7,-99.0,0.0,-9.9,-99,-999,«ÌªF¿¤,20,«í¬KÂí,350
21.9026,120.8472,¾Á¹p,C0R620,2017-01-14T22:00:00+08:00,34.0,48.0,6.6,20.2,0.74,1015.0,-99.0,0.0,-9.9,-99,-999,«ÌªF¿¤,20,«í¬KÂí,350
21.9026,120.8472,¾Á¹p,C0R620,2017-01-14T23:00:00+08:00,34.0,49.0,6.3,20.0,0.74,1014.7,-99.0,0.0,-9.9,-99,-999,«ÌªF¿¤,20,«í¬KÂí,350
21.9026,120.8472,¾Á¹p,C0R620,2017-01-15T00:00:00+08:00,34.0,47.0,6.5,20.2,0.75,1014.8,-99.0,0.0,-9.9,-99,-999,«ÌªF¿¤,20,«í¬KÂí,350
21.9026,120.8472,¾Á¹p,C0R620,2017-01-15T01:00:00+08:00,34.0,49.0,6.1,20.3,0.76,1014.7,-99.0,0.0,-9.9,-99,-999,«ÌªF¿¤,20,«í¬KÂí,350
21.9026,120.8472,¾Á¹p,C0R620,2017-01-15T02:00:00+08:00,34.0,45.0,6.5,20.2,0.76,1014.6,-99.0,0.0,-9.9,-99,-999,«ÌªF¿¤,20,«í¬KÂí,350
21.9026,120.8472,¾Á¹p,C0R620,2017-01-15T03:00:00+08:00,34.0,49.0,6.1,20.1,0.76,1014.4,-99.0,0.0,-9.9,-99,-999,«ÌªF¿¤,20,«í¬KÂí,350
21.9026,120.8472,¾Á¹p,C0R620,2017-01-15T04:00:00+08:00,34.0,50.0,6.4,20.2,0.76,1014.1,-99.0,0.0,-9.9,-99,-999,«ÌªF¿¤,20,«í¬KÂí,350
21.9026,120.8472,¾Á¹p,C0R620,2017-01-15T05:00:00+08:00,34.0,47.0,6.6,20.2,0.75,1014.5,-99.0,0.0,-9.9,-99,-999,«ÌªF¿¤,20,«í¬KÂí,350
21.9026,120.8472,¾Á¹p,C0R620,2017-01-15T06:00:00+08:00,34.0,45.0,7.5,20.1,0.75,1014.9,-99.0,0.0,-9.9,-99,-999,«ÌªF¿¤,20,«í¬KÂí,350
21.9026,120.8472,¾Á¹p,C0R620,2017-01-15T07:00:00+08:00,34.0,45.0,5.9,20.2,0.75,1015.2,-99.0,0.0,-9.9,-99,-999,«ÌªF¿¤,20,«í¬KÂí,350
21.9026,120.8472,¾Á¹p,C0R620,2017-01-15T08:00:00+08:00,34.0,47.0,6.0,20.5,0.74,1016.2,-99.0,0.0,-9.9,-99,-999,«ÌªF¿¤,20,«í¬KÂí,350
21.9026,120.8472,¾Á¹p,C0R620,2017-01-15T09:00:00+08:00,34.0,47.0,6.5,20.9,0.72,1016.5,-99.0,0.0,-9.9,-99,-999,«ÌªF¿¤,20,«í¬KÂí,350
21.9026,120.8472,¾Á¹p,C0R620,2017-01-15T10:00:00+08:00,34.0,47.0,5.8,21.4,0.73,1016.3,-99.0,0.0,-9.9,-99,-999,«ÌªF¿¤,20,«í¬KÂí,350
21.9026,120.8472,¾Á¹p,C0R620,2017-01-15T11:00:00+08:00,34.0,46.0,6.1,22.1,0.72,1015.9,-99.0,0.0,-9.9,-99,-999,«ÌªF¿¤,20,«í¬KÂí,350
21.9026,120.8472,¾Á¹p,C0R620,2017-01-15T12:00:00+08:00,34.0,47.0,6.6,22.5,0.66,1014.7,-99.0,0.0,-9.9,-99,-999,«ÌªF¿¤,20,«í¬KÂí,350
21.9026,120.8472,¾Á¹p,C0R620,2017-01-15T13:00:00+08:00,34.0,46.0,6.3,22.7,0.66,1013.6,-99.0,0.0,-9.9,-99,-999,«ÌªF¿¤,20,«í¬KÂí,350
21.9026,120.8472,¾Á¹p,C0R620,2017-01-15T14:00:00+08:00,34.0,48.0,5.9,22.1,0.68,1013.1,-99.0,0.0,-9.9,-99,-999,«ÌªF¿¤,20,«í¬KÂí,350
21.9026,120.8472,¾Á¹p,C0R620,2017-01-15T15:00:00+08:00,34.0,48.0,6.3,22.2,0.69,1013.0,-99.0,0.0,-9.9,-99,-999,«ÌªF¿¤,20,«í¬KÂí,350
21.9026,120.8472,¾Á¹p,C0R620,2017-01-15T16:00:00+08:00,34.0,50.0,6.6,21.2,0.69,1013.3,-99.0,0.0,-9.9,-99,-999,«ÌªF¿¤,20,«í¬KÂí,350
21.9026,120.8472,¾Á¹p,C0R620,2017-01-15T17:00:00+08:00,34.0,51.0,5.9,21.0,0.73,1014.1,-99.0,0.0,-9.9,-99,-999,«ÌªF¿¤,20,«í¬KÂí,350
21.9026,120.8472,¾Á¹p,C0R620,2017-01-15T18:00:00+08:00,34.0,46.0,5.8,20.6,0.75,1014.7,-99.0,0.0,-9.9,-99,-999,«ÌªF¿¤,20,«í¬KÂí,350
21.9026,120.8472,¾Á¹p,C0R620,2017-01-15T19:00:00+08:00,34.0,50.0,6.4,20.4,0.74,1014.8,-99.0,0.0,-9.9,-99,-999,«ÌªF¿¤,20,«í¬KÂí,350
21.9026,120.8472,¾Á¹p,C0R620,2017-01-15T20:00:00+08:00,34.0,46.0,6.7,20.5,0.75,1015.2,-99.0,0.0,-9.9,-99,-999,«ÌªF¿¤,20,«í¬KÂí,350
21.9026,120.8472,¾Á¹p,C0R620,2017-01-15T21:00:00+08:00,34.0,47.0,6.3,20.5,0.74,1015.5,-99.0,0.0,-9.9,-99,-999,«ÌªF¿¤,20,«í¬KÂí,350
21.9026,120.8472,¾Á¹p,C0R620,2017-01-15T22:00:00+08:00,34.0,46.0,5.8,20.1,0.75,1015.7,-99.0,0.0,-9.9,-99,-999,«ÌªF¿¤,20,«í¬KÂí,350
21.9026,120.8472,¾Á¹p,C0R620,2017-01-15T23:00:00+08:00,34.0,40.0,6.0,20.1,0.74,1015.7,-99.0,0.0,-9.9,-99,-999,«ÌªF¿¤,20,«í¬KÂí,350
21.9026,120.8472,¾Á¹p,C0R620,2017-01-16T00:00:00+08:00,34.0,43.0,5.5,20.2,0.74,1015.5,-99.0,0.0,-9.9,-99,-999,«ÌªF¿¤,20,«í¬KÂí,350
21.9026,120.8472,¾Á¹p,C0R620,2017-01-16T01:00:00+08:00,34.0,42.0,4.9,20.1,0.73,1015.2,-99.0,0.0,-9.9,-99,-999,«ÌªF¿¤,20,«í¬KÂí,350
21.9026,120.8472,¾Á¹p,C0R620,2017-01-16T02:00:00+08:00,34.0,43.0,5.3,20.1,0.71,1014.7,-99.0,0.0,-9.9,-99,-999,«ÌªF¿¤,20,«í¬KÂí,350
21.9026,120.8472,¾Á¹p,C0R620,2017-01-16T03:00:00+08:00,34.0,40.0,4.8,20.1,0.74,1014.5,-99.0,0.0,-9.9,-99,-999,«ÌªF¿¤,20,«í¬KÂí,350
21.9026,120.8472,¾Á¹p,C0R620,2017-01-16T04:00:00+08:00,34.0,39.0,4.8,20.0,0.75,1014.4,-99.0,0.0,-9.9,-99,-999,«ÌªF¿¤,20,«í¬KÂí,350
21.9026,120.8472,¾Á¹p,C0R620,2017-01-16T05:00:00+08:00,34.0,34.0,4.9,19.9,0.77,1014.7,-99.0,0.0,-9.9,-99,-999,«ÌªF¿¤,20,«í¬KÂí,350
21.9026,120.8472,¾Á¹p,C0R620,2017-01-16T06:00:00+08:00,34.0,39.0,5.0,20.1,0.74,1015.4,-99.0,0.0,-9.9,-99,-999,«ÌªF¿¤,20,«í¬KÂí,350
21.9026,120.8472,¾Á¹p,C0R620,2017-01-16T07:00:00+08:00,34.0,43.0,5.8,20.5,0.74,1015.9,-99.0,0.0,-9.9,-99,-999,«ÌªF¿¤,20,«í¬KÂí,350
21.9026,120.8472,¾Á¹p,C0R620,2017-01-16T08:00:00+08:00,34.0,46.0,6.2,21.0,0.72,1016.2,-99.0,0.0,-9.9,-99,-999,«ÌªF¿¤,20,«í¬KÂí,350
21.9026,120.8472,¾Á¹p,C0R620,2017-01-16T10:00:00+08:00,34.0,54.0,6.4,21.8,0.76,1017.0,-99.0,0.0,-9.9,-99,-999,«ÌªF¿¤,20,«í¬KÂí,350
21.9026,120.8472,¾Á¹p,C0R620,2017-01-16T11:00:00+08:00,34.0,49.0,6.9,22.3,0.67,1016.2,-99.0,0.0,-9.9,-99,-999,«ÌªF¿¤,20,«í¬KÂí,350
21.9026,120.8472,¾Á¹p,C0R620,2017-01-16T12:00:00+08:00,34.0,51.0,6.3,22.6,0.68,1015.3,-99.0,0.0,-9.9,-99,-999,«ÌªF¿¤,20,«í¬KÂí,350
21.9026,120.8472,¾Á¹p,C0R620,2017-01-16T13:00:00+08:00,34.0,50.0,6.1,22.6,0.70,1014.4,-99.0,0.0,-9.9,-99,-999,«ÌªF¿¤,20,«í¬KÂí,350
21.9026,120.8472,¾Á¹p,C0R620,2017-01-16T14:00:00+08:00,34.0,51.0,6.0,22.9,0.66,1014.0,-99.0,0.0,-9.9,-99,-999,«ÌªF¿¤,20,«í¬KÂí,350
21.9026,120.8472,¾Á¹p,C0R620,2017-01-16T15:00:00+08:00,34.0,51.0,6.0,22.3,0.68,1013.6,-99.0,0.0,-9.9,-99,-999,«ÌªF¿¤,20,«í¬KÂí,350
21.9026,120.8472,¾Á¹p,C0R620,2017-01-16T16:00:00+08:00,34.0,55.0,5.9,21.8,0.72,1013.6,-99.0,0.0,-9.9,-99,-999,«ÌªF¿¤,20,«í¬KÂí,350
21.9026,120.8472,¾Á¹p,C0R620,2017-01-16T17:00:00+08:00,34.0,55.0,6.3,21.0,0.75,1014.0,-99.0,0.0,-9.9,-99,-999,«ÌªF¿¤,20,«í¬KÂí,350
21.9026,120.8472,¾Á¹p,C0R620,2017-01-16T18:00:00+08:00,34.0,58.0,6.1,20.8,0.74,1014.9,-99.0,0.0,-9.9,-99,-999,«ÌªF¿¤,20,«í¬KÂí,350
21.9026,120.8472,¾Á¹p,C0R620,2017-01-16T19:00:00+08:00,34.0,55.0,6.1,21.0,0.74,1015.3,-99.0,0.0,-9.9,-99,-999,«ÌªF¿¤,20,«í¬KÂí,350
21.9026,120.8472,¾Á¹p,C0R620,2017-01-16T20:00:00+08:00,34.0,53.0,6.5,21.0,0.74,1016.1,-99.0,0.0,-9.9,-99,-999,«ÌªF¿¤,20,«í¬KÂí,350
21.9026,120.8472,¾Á¹p,C0R620,2017-01-16T21:00:00+08:00,34.0,56.0,6.5,20.9,0.76,1016.6,-99.0,0.0,-9.9,-99,-999,«ÌªF¿¤,20,«í¬KÂí,350
21.9026,120.8472,¾Á¹p,C0R620,2017-01-16T22:00:00+08:00,34.0,57.0,5.5,21.0,0.77,1017.1,-99.0,0.0,-9.9,-99,-999,«ÌªF¿¤,20,«í¬KÂí,350
21.9026,120.8472,¾Á¹p,C0R620,2017-01-16T23:00:00+08:00,34.0,57.0,5.2,20.4,0.79,1017.0,-99.0,0.0,-9.9,-99,-999,«ÌªF¿¤,20,«í¬KÂí,350
21.9026,120.8472,¾Á¹p,C0R620,2017-01-17T00:00:00+08:00,34.0,57.0,5.8,20.2,0.81,1016.6,-99.0,0.0,-9.9,-99,-999,«ÌªF¿¤,20,«í¬KÂí,350
21.9026,120.8472,¾Á¹p,C0R620,2017-01-17T01:00:00+08:00,34.0,51.0,6.4,20.2,0.81,1016.4,-99.0,0.0,-9.9,-99,-999,«ÌªF¿¤,20,«í¬KÂí,350
21.9026,120.8472,¾Á¹p,C0R620,2017-01-17T02:00:00+08:00,34.0,53.0,5.7,19.9,0.83,1016.3,-99.0,0.0,-9.9,-99,-999,«ÌªF¿¤,20,«í¬KÂí,350
21.9026,120.8472,¾Á¹p,C0R620,2017-01-17T03:00:00+08:00,34.0,57.0,6.2,20.2,0.84,1015.9,-99.0,0.0,-9.9,-99,-999,«ÌªF¿¤,20,«í¬KÂí,350
21.9026,120.8472,¾Á¹p,C0R620,2017-01-17T04:00:00+08:00,34.0,60.0,5.8,20.8,0.78,1015.5,-99.0,0.0,-9.9,-99,-999,«ÌªF¿¤,20,«í¬KÂí,350
21.9026,120.8472,¾Á¹p,C0R620,2017-01-17T05:00:00+08:00,34.0,56.0,5.7,21.1,0.79,1016.0,-99.0,0.0,-9.9,-99,-999,«ÌªF¿¤,20,«í¬KÂí,350
21.9026,120.8472,¾Á¹p,C0R620,2017-01-17T06:00:00+08:00,34.0,51.0,6.1,20.4,0.80,1016.5,-99.0,0.0,-9.9,-99,-999,«ÌªF¿¤,20,«í¬KÂí,350
21.9026,120.8472,¾Á¹p,C0R620,2017-01-17T07:00:00+08:00,34.0,52.0,6.1,20.6,0.82,1016.8,-99.0,0.0,-9.9,-99,-999,«ÌªF¿¤,20,«í¬KÂí,350
21.9026,120.8472,¾Á¹p,C0R620,2017-01-17T08:00:00+08:00,34.0,48.0,6.0,20.9,0.82,1017.3,-99.0,0.0,-9.9,-99,-999,«ÌªF¿¤,20,«í¬KÂí,350
21.9026,120.8472,¾Á¹p,C0R620,2017-01-17T09:00:00+08:00,34.0,52.0,5.9,21.4,0.79,1018.0,-99.0,0.0,-9.9,-99,-999,«ÌªF¿¤,20,«í¬KÂí,350
21.9026,120.8472,¾Á¹p,C0R620,2017-01-17T10:00:00+08:00,34.0,48.0,6.4,21.6,0.76,1018.0,-99.0,0.0,-9.9,-99,-999,«ÌªF¿¤,20,«í¬KÂí,350
21.9026,120.8472,¾Á¹p,C0R620,2017-01-17T11:00:00+08:00,34.0,61.0,5.2,22.3,0.74,1017.6,-99.0,0.0,-9.9,-99,-999,«ÌªF¿¤,20,«í¬KÂí,350
21.9026,120.8472,¾Á¹p,C0R620,2017-01-17T12:00:00+08:00,34.0,52.0,5.3,23.1,0.72,1016.9,-99.0,0.0,-9.9,-99,-999,«ÌªF¿¤,20,«í¬KÂí,350
21.9026,120.8472,¾Á¹p,C0R620,2017-01-17T13:00:00+08:00,34.0,55.0,5.3,23.3,0.71,1016.2,-99.0,0.0,-9.9,-99,-999,«ÌªF¿¤,20,«í¬KÂí,350
21.9026,120.8472,¾Á¹p,C0R620,2017-01-17T14:00:00+08:00,34.0,54.0,4.9,23.5,0.70,1015.5,-99.0,0.0,-9.9,-99,-999,«ÌªF¿¤,20,«í¬KÂí,350
21.9026,120.8472,¾Á¹p,C0R620,2017-01-17T15:00:00+08:00,34.0,58.0,4.6,23.2,0.75,1015.2,-99.0,0.0,-9.9,-99,-999,«ÌªF¿¤,20,«í¬KÂí,350
21.9026,120.8472,¾Á¹p,C0R620,2017-01-17T16:00:00+08:00,34.0,78.0,4.3,21.7,0.83,1015.8,-99.0,0.0,-9.9,-99,-999,«ÌªF¿¤,20,«í¬KÂí,350
21.9026,120.8472,¾Á¹p,C0R620,2017-01-17T17:00:00+08:00,34.0,69.0,4.2,21.4,0.83,1016.2,-99.0,0.5,-9.9,-99,-999,«ÌªF¿¤,20,«í¬KÂí,350
21.9026,120.8472,¾Á¹p,C0R620,2017-01-17T18:00:00+08:00,34.0,58.0,3.0,21.0,0.88,1016.7,-99.0,1.5,-9.9,-99,-999,«ÌªF¿¤,20,«í¬KÂí,350
21.9026,120.8472,¾Á¹p,C0R620,2017-01-17T19:00:00+08:00,34.0,73.0,3.3,20.9,0.90,1017.6,-99.0,1.5,-9.9,-99,-999,«ÌªF¿¤,20,«í¬KÂí,350
21.9026,120.8472,¾Á¹p,C0R620,2017-01-17T20:00:00+08:00,34.0,61.0,2.9,20.3,0.93,1018.0,-99.0,6.5,-9.9,-99,-999,«ÌªF¿¤,20,«í¬KÂí,350
21.9026,120.8472,¾Á¹p,C0R620,2017-01-17T21:00:00+08:00,34.0,60.0,4.4,20.9,0.88,1018.4,-99.0,6.5,-9.9,-99,-999,«ÌªF¿¤,20,«í¬KÂí,350
21.9026,120.8472,¾Á¹p,C0R620,2017-01-17T22:00:00+08:00,34.0,50.0,3.7,20.6,0.91,1018.4,-99.0,6.5,-9.9,-99,-999,«ÌªF¿¤,20,«í¬KÂí,350
21.9026,120.8472,¾Á¹p,C0R620,2017-01-17T23:00:00+08:00,34.0,57.0,2.9,20.2,0.92,1018.1,-99.0,9.0,-9.9,-99,-999,«ÌªF¿¤,20,«í¬KÂí,350
21.9026,120.8472,¾Á¹p,C0R620,2017-01-18T00:00:00+08:00,34.0,45.0,3.8,20.7,0.93,1018.0,-99.0,9.0,-9.9,-99,-999,«ÌªF¿¤,20,«í¬KÂí,350
21.9026,120.8472,¾Á¹p,C0R620,2017-01-18T01:00:00+08:00,34.0,39.0,3.4,20.3,0.93,1018.1,-99.0,0.0,-9.9,-99,-999,«ÌªF¿¤,20,«í¬KÂí,350
21.9026,120.8472,¾Á¹p,C0R620,2017-01-18T02:00:00+08:00,34.0,40.0,4.0,20.2,0.93,1017.5,-99.0,0.5,-9.9,-99,-999,«ÌªF¿¤,20,«í¬KÂí,350
21.9026,120.8472,¾Á¹p,C0R620,2017-01-18T03:00:00+08:00,34.0,46.0,3.4,20.5,0.93,1017.2,-99.0,2.0,-9.9,-99,-999,«ÌªF¿¤,20,«í¬KÂí,350
21.9026,120.8472,¾Á¹p,C0R620,2017-01-18T04:00:00+08:00,34.0,46.0,3.4,20.4,0.92,1017.1,-99.0,2.0,-9.9,-99,-999,«ÌªF¿¤,20,«í¬KÂí,350
21.9026,120.8472,¾Á¹p,C0R620,2017-01-18T05:00:00+08:00,34.0,42.0,3.1,20.5,0.88,1017.5,-99.0,2.0,-9.9,-99,-999,«ÌªF¿¤,20,«í¬KÂí,350
21.9026,120.8472,¾Á¹p,C0R620,2017-01-18T06:00:00+08:00,34.0,55.0,2.5,20.6,0.87,1017.6,-99.0,2.0,-9.9,-99,-999,«ÌªF¿¤,20,«í¬KÂí,350
21.9026,120.8472,¾Á¹p,C0R620,2017-01-18T07:00:00+08:00,34.0,51.0,2.8,20.7,0.86,1018.1,-99.0,2.0,-9.9,-99,-999,«ÌªF¿¤,20,«í¬KÂí,350
21.9026,120.8472,¾Á¹p,C0R620,2017-01-18T08:00:00+08:00,34.0,62.0,3.3,21.3,0.89,1018.6,-99.0,2.5,-9.9,-99,-999,«ÌªF¿¤,20,«í¬KÂí,350
21.9026,120.8472,¾Á¹p,C0R620,2017-01-18T10:00:00+08:00,34.0,59.0,1.6,21.5,0.90,1018.9,-99.0,3.5,-9.9,-99,-999,«ÌªF¿¤,20,«í¬KÂí,350
21.9026,120.8472,¾Á¹p,C0R620,2017-01-18T11:00:00+08:00,34.0,65.0,2.4,22.2,0.88,1018.4,-99.0,3.5,-9.9,-99,-999,«ÌªF¿¤,20,«í¬KÂí,350
21.9026,120.8472,¾Á¹p,C0R620,2017-01-18T12:00:00+08:00,34.0,65.0,2.3,22.1,0.90,1017.7,-99.0,3.5,-9.9,-99,-999,«ÌªF¿¤,20,«í¬KÂí,350
21.9026,120.8472,¾Á¹p,C0R620,2017-01-18T13:00:00+08:00,34.0,56.0,2.7,21.9,0.92,1016.5,-99.0,5.0,-9.9,-99,-999,«ÌªF¿¤,20,«í¬KÂí,350
21.9026,120.8472,¾Á¹p,C0R620,2017-01-18T14:00:00+08:00,34.0,43.0,3.0,21.4,0.93,1016.0,-99.0,7.0,-9.9,-99,-999,«ÌªF¿¤,20,«í¬KÂí,350
21.9026,120.8472,¾Á¹p,C0R620,2017-01-18T15:00:00+08:00,34.0,42.0,2.9,21.9,0.91,1015.7,-99.0,7.0,-9.9,-99,-999,«ÌªF¿¤,20,«í¬KÂí,350
21.9026,120.8472,¾Á¹p,C0R620,2017-01-18T16:00:00+08:00,34.0,75.0,1.8,22.7,0.89,1015.5,-99.0,7.0,-9.9,-99,-999,«ÌªF¿¤,20,«í¬KÂí,350
21.9026,120.8472,¾Á¹p,C0R620,2017-01-18T17:00:00+08:00,34.0,52.0,2.6,22.3,0.87,1015.7,-99.0,7.0,-9.9,-99,-999,«ÌªF¿¤,20,«í¬KÂí,350
21.9026,120.8472,¾Á¹p,C0R620,2017-01-18T18:00:00+08:00,34.0,54.0,2.5,22.1,0.89,1015.9,-99.0,7.0,-9.9,-99,-999,«ÌªF¿¤,20,«í¬KÂí,350
21.9026,120.8472,¾Á¹p,C0R620,2017-01-18T19:00:00+08:00,34.0,59.0,1.7,22.2,0.90,1016.2,-99.0,7.0,-9.9,-99,-999,«ÌªF¿¤,20,«í¬KÂí,350
21.9026,120.8472,¾Á¹p,C0R620,2017-01-18T20:00:00+08:00,34.0,73.0,1.5,22.1,0.90,1016.5,-99.0,7.0,-9.9,-99,-999,«ÌªF¿¤,20,«í¬KÂí,350
21.9026,120.8472,¾Á¹p,C0R620,2017-01-18T21:00:00+08:00,34.0,90.0,1.6,21.5,0.89,1016.9,-99.0,7.0,-9.9,-99,-999,«ÌªF¿¤,20,«í¬KÂí,350
21.9026,120.8472,¾Á¹p,C0R620,2017-01-18T22:00:00+08:00,34.0,108.0,1.6,22.1,0.84,1016.9,-99.0,7.0,-9.9,-99,-999,«ÌªF¿¤,20,«í¬KÂí,350
21.9026,120.8472,¾Á¹p,C0R620,2017-01-18T23:00:00+08:00,34.0,99.0,1.6,22.0,0.85,1016.8,-99.0,7.0,-9.9,-99,-999,«ÌªF¿¤,20,«í¬KÂí,350
21.9026,120.8472,¾Á¹p,C0R620,2017-01-19T00:00:00+08:00,34.0,103.0,1.5,21.9,0.87,1016.7,-99.0,7.0,-9.9,-99,-999,«ÌªF¿¤,20,«í¬KÂí,350
21.9026,120.8472,¾Á¹p,C0R620,2017-01-19T01:00:00+08:00,34.0,114.0,1.7,21.9,0.85,1016.3,-99.0,0.0,-9.9,-99,-999,«ÌªF¿¤,20,«í¬KÂí,350
21.9026,120.8472,¾Á¹p,C0R620,2017-01-19T02:00:00+08:00,34.0,107.0,1.4,21.7,0.86,1016.0,-99.0,0.0,-9.9,-99,-999,«ÌªF¿¤,20,«í¬KÂí,350
21.9026,120.8472,¾Á¹p,C0R620,2017-01-19T03:00:00+08:00,34.0,95.0,1.3,21.4,0.87,1015.9,-99.0,0.0,-9.9,-99,-999,«ÌªF¿¤,20,«í¬KÂí,350
21.9026,120.8472,¾Á¹p,C0R620,2017-01-19T04:00:00+08:00,34.0,59.0,0.9,21.0,0.89,1015.7,-99.0,0.0,-9.9,-99,-999,«ÌªF¿¤,20,«í¬KÂí,350
21.9026,120.8472,¾Á¹p,C0R620,2017-01-19T05:00:00+08:00,34.0,24.0,1.4,20.6,0.90,1016.0,-99.0,0.0,-9.9,-99,-999,«ÌªF¿¤,20,«í¬KÂí,350
21.9026,120.8472,¾Á¹p,C0R620,2017-01-19T06:00:00+08:00,34.0,27.0,1.4,20.5,0.90,1016.2,-99.0,0.0,-9.9,-99,-999,«ÌªF¿¤,20,«í¬KÂí,350
21.9026,120.8472,¾Á¹p,C0R620,2017-01-19T07:00:00+08:00,34.0,33.0,1.3,20.5,0.90,1016.7,-99.0,0.0,-9.9,-99,-999,«ÌªF¿¤,20,«í¬KÂí,350
21.9026,120.8472,¾Á¹p,C0R620,2017-01-19T08:00:00+08:00,34.0,41.0,1.0,23.6,0.80,1017.2,-99.0,0.0,-9.9,-99,-999,«ÌªF¿¤,20,«í¬KÂí,350
21.9026,120.8472,¾Á¹p,C0R620,2017-01-19T09:00:00+08:00,34.0,44.0,1.1,24.8,0.74,1017.5,-99.0,0.0,-9.9,-99,-999,«ÌªF¿¤,20,«í¬KÂí,350
21.9026,120.8472,¾Á¹p,C0R620,2017-01-19T10:00:00+08:00,34.0,45.0,2.0,25.0,0.73,1017.4,-99.0,0.0,-9.9,-99,-999,«ÌªF¿¤,20,«í¬KÂí,350
21.9026,120.8472,¾Á¹p,C0R620,2017-01-19T11:00:00+08:00,34.0,61.0,1.9,25.6,0.72,1016.8,-99.0,0.0,-9.9,-99,-999,«ÌªF¿¤,20,«í¬KÂí,350
21.9026,120.8472,¾Á¹p,C0R620,2017-01-19T12:00:00+08:00,34.0,62.0,1.7,26.1,0.70,1016.0,-99.0,0.0,-9.9,-99,-999,«ÌªF¿¤,20,«í¬KÂí,350
21.9026,120.8472,¾Á¹p,C0R620,2017-01-19T13:00:00+08:00,34.0,69.0,1.9,26.0,0.69,1014.8,-99.0,0.0,-9.9,-99,-999,«ÌªF¿¤,20,«í¬KÂí,350
21.9026,120.8472,¾Á¹p,C0R620,2017-01-19T14:00:00+08:00,34.0,108.0,1.9,26.2,0.69,1014.1,-99.0,0.0,-9.9,-99,-999,«ÌªF¿¤,20,«í¬KÂí,350
21.9026,120.8472,¾Á¹p,C0R620,2017-01-19T15:00:00+08:00,34.0,109.0,1.5,26.5,0.69,1013.5,-99.0,0.0,-9.9,-99,-999,«ÌªF¿¤,20,«í¬KÂí,350
21.9026,120.8472,¾Á¹p,C0R620,2017-01-19T16:00:00+08:00,34.0,115.0,2.1,25.6,0.68,1013.5,-99.0,0.0,-9.9,-99,-999,«ÌªF¿¤,20,«í¬KÂí,350
21.9026,120.8472,¾Á¹p,C0R620,2017-01-19T17:00:00+08:00,34.0,77.0,1.8,24.9,0.75,1013.6,-99.0,0.0,-9.9,-99,-999,«ÌªF¿¤,20,«í¬KÂí,350
21.9026,120.8472,¾Á¹p,C0R620,2017-01-19T18:00:00+08:00,34.0,68.0,0.9,22.8,0.81,1013.9,-99.0,0.0,-9.9,-99,-999,«ÌªF¿¤,20,«í¬KÂí,350
21.9026,120.8472,¾Á¹p,C0R620,2017-01-19T19:00:00+08:00,34.0,22.0,1.2,23.0,0.84,1014.3,-99.0,0.0,-9.9,-99,-999,«ÌªF¿¤,20,«í¬KÂí,350
21.9026,120.8472,¾Á¹p,C0R620,2017-01-19T20:00:00+08:00,34.0,359.0,1.3,22.8,0.84,1014.7,-99.0,0.0,-9.9,-99,-999,«ÌªF¿¤,20,«í¬KÂí,350
21.9026,120.8472,¾Á¹p,C0R620,2017-01-19T21:00:00+08:00,34.0,54.0,1.3,22.7,0.85,1015.0,-99.0,0.0,-9.9,-99,-999,«ÌªF¿¤,20,«í¬KÂí,350
21.9026,120.8472,¾Á¹p,C0R620,2017-01-19T22:00:00+08:00,34.0,75.0,1.5,22.5,0.83,1015.0,-99.0,0.0,-9.9,-99,-999,«ÌªF¿¤,20,«í¬KÂí,350
21.9026,120.8472,¾Á¹p,C0R620,2017-01-19T23:00:00+08:00,34.0,25.0,1.6,22.5,0.85,1015.1,-99.0,0.0,-9.9,-99,-999,«ÌªF¿¤,20,«í¬KÂí,350
21.9026,120.8472,¾Á¹p,C0R620,2017-01-20T00:00:00+08:00,34.0,34.0,2.9,22.5,0.87,1015.0,-99.0,0.0,-9.9,-99,-999,«ÌªF¿¤,20,«í¬KÂí,350
21.9026,120.8472,¾Á¹p,C0R620,2017-01-20T01:00:00+08:00,34.0,40.0,3.4,22.3,0.88,1015.0,-99.0,0.0,-9.9,-99,-999,«ÌªF¿¤,20,«í¬KÂí,350
21.9026,120.8472,¾Á¹p,C0R620,2017-01-20T02:00:00+08:00,34.0,37.0,3.4,22.1,0.87,1014.7,-99.0,0.0,-9.9,-99,-999,«ÌªF¿¤,20,«í¬KÂí,350
21.9026,120.8472,¾Á¹p,C0R620,2017-01-20T03:00:00+08:00,34.0,37.0,3.3,22.1,0.86,1014.6,-99.0,0.0,-9.9,-99,-999,«ÌªF¿¤,20,«í¬KÂí,350
21.9026,120.8472,¾Á¹p,C0R620,2017-01-20T04:00:00+08:00,34.0,28.0,2.3,21.9,0.85,1014.8,-99.0,0.0,-9.9,-99,-999,«ÌªF¿¤,20,«í¬KÂí,350
21.9026,120.8472,¾Á¹p,C0R620,2017-01-20T05:00:00+08:00,34.0,24.0,1.8,21.3,0.85,1015.0,-99.0,0.0,-9.9,-99,-999,«ÌªF¿¤,20,«í¬KÂí,350
21.9026,120.8472,¾Á¹p,C0R620,2017-01-20T06:00:00+08:00,34.0,34.0,3.3,21.5,0.85,1015.3,-99.0,0.0,-9.9,-99,-999,«ÌªF¿¤,20,«í¬KÂí,350
21.9026,120.8472,¾Á¹p,C0R620,2017-01-20T07:00:00+08:00,34.0,35.0,3.5,21.8,0.85,1015.9,-99.0,0.0,-9.9,-99,-999,«ÌªF¿¤,20,«í¬KÂí,350
21.9026,120.8472,¾Á¹p,C0R620,2017-01-20T08:00:00+08:00,34.0,33.0,4.0,21.8,0.87,1016.6,-99.0,0.5,-9.9,-99,-999,«ÌªF¿¤,20,«í¬KÂí,350
21.9026,120.8472,¾Á¹p,C0R620,2017-01-20T09:00:00+08:00,34.0,47.0,5.7,22.8,0.82,1017.4,-99.0,0.5,-9.9,-99,-999,«ÌªF¿¤,20,«í¬KÂí,350
21.9026,120.8472,¾Á¹p,C0R620,2017-01-20T10:00:00+08:00,34.0,43.0,6.2,22.8,0.79,1017.5,-99.0,0.5,-9.9,-99,-999,«ÌªF¿¤,20,«í¬KÂí,350
21.9026,120.8472,¾Á¹p,C0R620,2017-01-20T11:00:00+08:00,34.0,44.0,6.8,21.8,0.82,1017.4,-99.0,0.5,-9.9,-99,-999,«ÌªF¿¤,20,«í¬KÂí,350
21.9026,120.8472,¾Á¹p,C0R620,2017-01-20T12:00:00+08:00,34.0,47.0,6.8,22.5,0.76,1016.7,-99.0,0.5,-9.9,-99,-999,«ÌªF¿¤,20,«í¬KÂí,350
21.9026,120.8472,¾Á¹p,C0R620,2017-01-20T13:00:00+08:00,34.0,49.0,6.6,23.1,0.70,1015.8,-99.0,0.5,-9.9,-99,-999,«ÌªF¿¤,20,«í¬KÂí,350
21.9026,120.8472,¾Á¹p,C0R620,2017-01-20T14:00:00+08:00,34.0,47.0,6.7,22.2,0.72,1015.2,-99.0,0.5,-9.9,-99,-999,«ÌªF¿¤,20,«í¬KÂí,350
21.9026,120.8472,¾Á¹p,C0R620,2017-01-20T15:00:00+08:00,34.0,52.0,6.5,21.0,0.79,1015.3,-99.0,0.5,-9.9,-99,-999,«ÌªF¿¤,20,«í¬KÂí,350
21.9026,120.8472,¾Á¹p,C0R620,2017-01-20T16:00:00+08:00,34.0,55.0,6.3,20.5,0.80,1015.8,-99.0,0.5,-9.9,-99,-999,«ÌªF¿¤,20,«í¬KÂí,350
21.9026,120.8472,¾Á¹p,C0R620,2017-01-20T17:00:00+08:00,34.0,52.0,7.0,20.6,0.76,1016.2,-99.0,0.5,-9.9,-99,-999,«ÌªF¿¤,20,«í¬KÂí,350
21.9026,120.8472,¾Á¹p,C0R620,2017-01-20T18:00:00+08:00,34.0,55.0,7.5,19.8,0.79,1016.6,-99.0,0.5,-9.9,-99,-999,«ÌªF¿¤,20,«í¬KÂí,350
21.9026,120.8472,¾Á¹p,C0R620,2017-01-20T19:00:00+08:00,34.0,51.0,7.4,19.8,0.78,1017.6,-99.0,0.5,-9.9,-99,-999,«ÌªF¿¤,20,«í¬KÂí,350
21.9026,120.8472,¾Á¹p,C0R620,2017-01-20T20:00:00+08:00,34.0,56.0,7.9,19.0,0.80,1018.3,-99.0,0.5,-9.9,-99,-999,«ÌªF¿¤,20,«í¬KÂí,350
21.9026,120.8472,¾Á¹p,C0R620,2017-01-20T21:00:00+08:00,34.0,53.0,7.5,19.2,0.77,1018.3,-99.0,0.5,-9.9,-99,-999,«ÌªF¿¤,20,«í¬KÂí,350
21.9026,120.8472,¾Á¹p,C0R620,2017-01-20T22:00:00+08:00,34.0,54.0,8.1,18.1,0.85,1018.6,-99.0,0.5,-9.9,-99,-999,«ÌªF¿¤,20,«í¬KÂí,350
21.9026,120.8472,¾Á¹p,C0R620,2017-01-20T23:00:00+08:00,34.0,56.0,8.0,18.1,0.85,1018.7,-99.0,0.5,-9.9,-99,-999,«ÌªF¿¤,20,«í¬KÂí,350
21.9026,120.8472,¾Á¹p,C0R620,2017-01-21T00:00:00+08:00,34.0,48.0,8.3,18.3,0.83,1018.4,-99.0,0.5,-9.9,-99,-999,«ÌªF¿¤,20,«í¬KÂí,350
21.9026,120.8472,¾Á¹p,C0R620,2017-01-21T01:00:00+08:00,34.0,54.0,8.3,17.6,0.88,1018.4,-99.0,0.0,-9.9,-99,-999,«ÌªF¿¤,20,«í¬KÂí,350
21.9026,120.8472,¾Á¹p,C0R620,2017-01-21T02:00:00+08:00,34.0,51.0,7.8,18.1,0.81,1018.1,-99.0,0.0,-9.9,-99,-999,«ÌªF¿¤,20,«í¬KÂí,350
21.9026,120.8472,¾Á¹p,C0R620,2017-01-21T03:00:00+08:00,34.0,49.0,8.3,17.9,0.79,1017.5,-99.0,0.0,-9.9,-99,-999,«ÌªF¿¤,20,«í¬KÂí,350
21.9026,120.8472,¾Á¹p,C0R620,2017-01-21T04:00:00+08:00,34.0,53.0,8.4,18.5,0.77,1017.8,-99.0,0.0,-9.9,-99,-999,«ÌªF¿¤,20,«í¬KÂí,350
21.9026,120.8472,¾Á¹p,C0R620,2017-01-21T05:00:00+08:00,34.0,52.0,7.9,18.4,0.75,1018.1,-99.0,0.0,-9.9,-99,-999,«ÌªF¿¤,20,«í¬KÂí,350
21.9026,120.8472,¾Á¹p,C0R620,2017-01-21T06:00:00+08:00,34.0,49.0,7.4,18.8,0.77,1018.8,-99.0,0.0,-9.9,-99,-999,«ÌªF¿¤,20,«í¬KÂí,350
21.9026,120.8472,¾Á¹p,C0R620,2017-01-21T07:00:00+08:00,34.0,48.0,7.6,18.9,0.74,1019.5,-99.0,0.0,-9.9,-99,-999,«ÌªF¿¤,20,«í¬KÂí,350
21.9026,120.8472,¾Á¹p,C0R620,2017-01-21T08:00:00+08:00,34.0,42.0,6.7,18.8,0.76,1020.2,-99.0,0.0,-9.9,-99,-999,«ÌªF¿¤,20,«í¬KÂí,350
21.9026,120.8472,¾Á¹p,C0R620,2017-01-21T10:00:00+08:00,34.0,42.0,7.3,19.3,0.73,1020.9,-99.0,0.0,-9.9,-99,-999,«ÌªF¿¤,20,«í¬KÂí,350
21.9026,120.8472,¾Á¹p,C0R620,2017-01-21T11:00:00+08:00,34.0,45.0,5.9,19.9,0.72,1020.4,-99.0,0.0,-9.9,-99,-999,«ÌªF¿¤,20,«í¬KÂí,350
21.9026,120.8472,¾Á¹p,C0R620,2017-01-21T12:00:00+08:00,34.0,45.0,5.9,20.0,0.71,1019.7,-99.0,0.0,-9.9,-99,-999,«ÌªF¿¤,20,«í¬KÂí,350
21.9026,120.8472,¾Á¹p,C0R620,2017-01-21T13:00:00+08:00,34.0,45.0,5.6,20.1,0.71,1018.9,-99.0,0.0,-9.9,-99,-999,«ÌªF¿¤,20,«í¬KÂí,350
21.9026,120.8472,¾Á¹p,C0R620,2017-01-21T14:00:00+08:00,34.0,45.0,5.1,20.6,0.69,1018.0,-99.0,0.0,-9.9,-99,-999,«ÌªF¿¤,20,«í¬KÂí,350
21.9026,120.8472,¾Á¹p,C0R620,2017-01-21T15:00:00+08:00,34.0,53.0,4.7,20.5,0.71,1017.7,-99.0,0.0,-9.9,-99,-999,«ÌªF¿¤,20,«í¬KÂí,350
21.9026,120.8472,¾Á¹p,C0R620,2017-01-21T16:00:00+08:00,34.0,55.0,5.1,20.1,0.72,1018.0,-99.0,0.0,-9.9,-99,-999,«ÌªF¿¤,20,«í¬KÂí,350
21.9026,120.8472,¾Á¹p,C0R620,2017-01-21T17:00:00+08:00,34.0,57.0,4.8,20.0,0.73,1018.3,-99.0,0.0,-9.9,-99,-999,«ÌªF¿¤,20,«í¬KÂí,350
21.9026,120.8472,¾Á¹p,C0R620,2017-01-21T18:00:00+08:00,34.0,53.0,4.8,20.2,0.75,1018.8,-99.0,0.0,-9.9,-99,-999,«ÌªF¿¤,20,«í¬KÂí,350
21.9026,120.8472,¾Á¹p,C0R620,2017-01-21T19:00:00+08:00,34.0,52.0,5.6,20.3,0.75,1019.3,-99.0,0.0,-9.9,-99,-999,«ÌªF¿¤,20,«í¬KÂí,350
21.9026,120.8472,¾Á¹p,C0R620,2017-01-21T20:00:00+08:00,34.0,50.0,5.2,20.4,0.75,1019.9,-99.0,0.0,-9.9,-99,-999,«ÌªF¿¤,20,«í¬KÂí,350
21.9026,120.8472,¾Á¹p,C0R620,2017-01-21T21:00:00+08:00,34.0,49.0,5.6,20.4,0.76,1020.2,-99.0,0.0,-9.9,-99,-999,«ÌªF¿¤,20,«í¬KÂí,350
21.9026,120.8472,¾Á¹p,C0R620,2017-01-21T22:00:00+08:00,34.0,50.0,5.6,20.2,0.75,1020.2,-99.0,0.0,-9.9,-99,-999,«ÌªF¿¤,20,«í¬KÂí,350
21.9026,120.8472,¾Á¹p,C0R620,2017-01-21T23:00:00+08:00,34.0,48.0,5.7,20.4,0.75,1019.9,-99.0,0.0,-9.9,-99,-999,«ÌªF¿¤,20,«í¬KÂí,350
21.9026,120.8472,¾Á¹p,C0R620,2017-01-22T00:00:00+08:00,34.0,43.0,5.8,20.3,0.74,1020.0,-99.0,0.0,-9.9,-99,-999,«ÌªF¿¤,20,«í¬KÂí,350
21.9026,120.8472,¾Á¹p,C0R620,2017-01-22T01:00:00+08:00,34.0,44.0,5.5,20.3,0.73,1019.9,-99.0,0.0,-9.9,-99,-999,«ÌªF¿¤,20,«í¬KÂí,350
21.9026,120.8472,¾Á¹p,C0R620,2017-01-22T02:00:00+08:00,34.0,42.0,5.5,20.4,0.74,1019.6,-99.0,0.0,-9.9,-99,-999,«ÌªF¿¤,20,«í¬KÂí,350
21.9026,120.8472,¾Á¹p,C0R620,2017-01-22T03:00:00+08:00,34.0,42.0,5.1,20.4,0.74,1019.3,-99.0,0.0,-9.9,-99,-999,«ÌªF¿¤,20,«í¬KÂí,350
21.9026,120.8472,¾Á¹p,C0R620,2017-01-22T04:00:00+08:00,34.0,40.0,5.2,20.5,0.74,1019.4,-99.0,0.0,-9.9,-99,-999,«ÌªF¿¤,20,«í¬KÂí,350
21.9026,120.8472,¾Á¹p,C0R620,2017-01-22T05:00:00+08:00,34.0,46.0,6.0,20.6,0.74,1019.5,-99.0,0.0,-9.9,-99,-999,«ÌªF¿¤,20,«í¬KÂí,350
21.9026,120.8472,¾Á¹p,C0R620,2017-01-22T06:00:00+08:00,34.0,45.0,5.3,20.8,0.77,1020.2,-99.0,0.0,-9.9,-99,-999,«ÌªF¿¤,20,«í¬KÂí,350
21.9026,120.8472,¾Á¹p,C0R620,2017-01-22T07:00:00+08:00,34.0,51.0,5.9,20.6,0.77,1020.3,-99.0,0.0,-9.9,-99,-999,«ÌªF¿¤,20,«í¬KÂí,350
21.9026,120.8472,¾Á¹p,C0R620,2017-01-22T08:00:00+08:00,34.0,55.0,6.3,20.9,0.80,1021.2,-99.0,0.0,-9.9,-99,-999,«ÌªF¿¤,20,«í¬KÂí,350
21.9026,120.8472,¾Á¹p,C0R620,2017-01-22T09:00:00+08:00,34.0,54.0,6.6,20.3,0.82,1021.9,-99.0,0.0,-9.9,-99,-999,«ÌªF¿¤,20,«í¬KÂí,350
21.9026,120.8472,¾Á¹p,C0R620,2017-01-22T10:00:00+08:00,34.0,52.0,7.9,20.9,0.75,1021.5,-99.0,0.0,-9.9,-99,-999,«ÌªF¿¤,20,«í¬KÂí,350
21.9026,120.8472,¾Á¹p,C0R620,2017-01-22T11:00:00+08:00,34.0,51.0,6.9,20.6,0.73,1021.1,-99.0,0.0,-9.9,-99,-999,«ÌªF¿¤,20,«í¬KÂí,350
21.9026,120.8472,¾Á¹p,C0R620,2017-01-22T12:00:00+08:00,34.0,50.0,6.7,20.5,0.74,1020.7,-99.0,0.0,-9.9,-99,-999,«ÌªF¿¤,20,«í¬KÂí,350
21.9026,120.8472,¾Á¹p,C0R620,2017-01-22T13:00:00+08:00,34.0,56.0,6.2,20.3,0.73,1019.8,-99.0,0.0,-9.9,-99,-999,«ÌªF¿¤,20,«í¬KÂí,350
21.9026,120.8472,¾Á¹p,C0R620,2017-01-22T14:00:00+08:00,34.0,55.0,5.5,20.6,0.73,1019.3,-99.0,0.0,-9.9,-99,-999,«ÌªF¿¤,20,«í¬KÂí,350
21.9026,120.8472,¾Á¹p,C0R620,2017-01-22T15:00:00+08:00,34.0,55.0,6.7,20.3,0.72,1019.1,-99.0,0.0,-9.9,-99,-999,«ÌªF¿¤,20,«í¬KÂí,350
21.9026,120.8472,¾Á¹p,C0R620,2017-01-22T16:00:00+08:00,34.0,58.0,5.9,20.2,0.71,1019.1,-99.0,0.0,-9.9,-99,-999,«ÌªF¿¤,20,«í¬KÂí,350
21.9026,120.8472,¾Á¹p,C0R620,2017-01-22T17:00:00+08:00,34.0,55.0,6.5,20.1,0.71,1019.6,-99.0,0.0,-9.9,-99,-999,«ÌªF¿¤,20,«í¬KÂí,350
21.9026,120.8472,¾Á¹p,C0R620,2017-01-22T18:00:00+08:00,34.0,59.0,6.7,19.9,0.70,1019.9,-99.0,0.0,-9.9,-99,-999,«ÌªF¿¤,20,«í¬KÂí,350
21.9026,120.8472,¾Á¹p,C0R620,2017-01-22T19:00:00+08:00,34.0,56.0,6.6,18.6,0.84,1020.6,-99.0,0.0,-9.9,-99,-999,«ÌªF¿¤,20,«í¬KÂí,350
21.9026,120.8472,¾Á¹p,C0R620,2017-01-22T20:00:00+08:00,34.0,54.0,7.5,18.2,0.84,1021.4,-99.0,0.0,-9.9,-99,-999,«ÌªF¿¤,20,«í¬KÂí,350
21.9026,120.8472,¾Á¹p,C0R620,2017-01-22T21:00:00+08:00,34.0,52.0,7.6,18.6,0.81,1021.7,-99.0,0.0,-9.9,-99,-999,«ÌªF¿¤,20,«í¬KÂí,350
21.9026,120.8472,¾Á¹p,C0R620,2017-01-22T22:00:00+08:00,34.0,48.0,7.6,18.5,0.81,1021.7,-99.0,0.0,-9.9,-99,-999,«ÌªF¿¤,20,«í¬KÂí,350
21.9026,120.8472,¾Á¹p,C0R620,2017-01-22T23:00:00+08:00,34.0,50.0,7.7,18.2,0.80,1021.3,-99.0,0.0,-9.9,-99,-999,«ÌªF¿¤,20,«í¬KÂí,350
21.9026,120.8472,¾Á¹p,C0R620,2017-01-23T00:00:00+08:00,34.0,49.0,8.0,18.2,0.79,1021.0,-99.0,0.0,-9.9,-99,-999,«ÌªF¿¤,20,«í¬KÂí,350
21.9026,120.8472,¾Á¹p,C0R620,2017-01-23T01:00:00+08:00,34.0,48.0,7.4,17.7,0.82,1020.7,-99.0,0.0,-9.9,-99,-999,«ÌªF¿¤,20,«í¬KÂí,350
21.9026,120.8472,¾Á¹p,C0R620,2017-01-23T02:00:00+08:00,34.0,49.0,8.4,18.0,0.78,1019.8,-99.0,0.0,-9.9,-99,-999,«ÌªF¿¤,20,«í¬KÂí,350
21.9026,120.8472,¾Á¹p,C0R620,2017-01-23T03:00:00+08:00,34.0,53.0,7.6,18.6,0.75,1019.9,-99.0,0.0,-9.9,-99,-999,«ÌªF¿¤,20,«í¬KÂí,350
21.9026,120.8472,¾Á¹p,C0R620,2017-01-23T04:00:00+08:00,34.0,49.0,7.1,18.8,0.73,1020.1,-99.0,0.0,-9.9,-99,-999,«ÌªF¿¤,20,«í¬KÂí,350
21.9026,120.8472,¾Á¹p,C0R620,2017-01-23T05:00:00+08:00,34.0,46.0,8.1,18.9,0.73,1020.1,-99.0,0.0,-9.9,-99,-999,«ÌªF¿¤,20,«í¬KÂí,350
21.9026,120.8472,¾Á¹p,C0R620,2017-01-23T06:00:00+08:00,34.0,49.0,7.9,18.8,0.72,1020.7,-99.0,0.0,-9.9,-99,-999,«ÌªF¿¤,20,«í¬KÂí,350
21.9026,120.8472,¾Á¹p,C0R620,2017-01-23T07:00:00+08:00,34.0,53.0,7.2,18.7,0.74,1021.3,-99.0,0.0,-9.9,-99,-999,«ÌªF¿¤,20,«í¬KÂí,350
21.9026,120.8472,¾Á¹p,C0R620,2017-01-23T08:00:00+08:00,34.0,50.0,6.8,18.9,0.72,1022.1,-99.0,0.0,-9.9,-99,-999,«ÌªF¿¤,20,«í¬KÂí,350
21.9026,120.8472,¾Á¹p,C0R620,2017-01-23T09:00:00+08:00,34.0,50.0,7.5,19.2,0.72,1022.5,-99.0,0.0,-9.9,-99,-999,«ÌªF¿¤,20,«í¬KÂí,350
21.9026,120.8472,¾Á¹p,C0R620,2017-01-23T10:00:00+08:00,34.0,47.0,7.1,19.8,0.68,1022.4,-99.0,0.0,-9.9,-99,-999,«ÌªF¿¤,20,«í¬KÂí,350
21.9026,120.8472,¾Á¹p,C0R620,2017-01-23T11:00:00+08:00,34.0,54.0,5.9,19.8,0.69,1022.3,-99.0,0.0,-9.9,-99,-999,«ÌªF¿¤,20,«í¬KÂí,350
21.9026,120.8472,¾Á¹p,C0R620,2017-01-23T12:00:00+08:00,34.0,53.0,6.3,19.7,0.70,1021.4,-99.0,0.0,-9.9,-99,-999,«ÌªF¿¤,20,«í¬KÂí,350
21.9026,120.8472,¾Á¹p,C0R620,2017-01-23T13:00:00+08:00,34.0,55.0,6.6,19.7,0.71,1020.3,-99.0,0.0,-9.9,-99,-999,«ÌªF¿¤,20,«í¬KÂí,350
21.9026,120.8472,¾Á¹p,C0R620,2017-01-23T14:00:00+08:00,34.0,53.0,6.8,19.3,0.74,1020.0,-99.0,0.0,-9.9,-99,-999,«ÌªF¿¤,20,«í¬KÂí,350
21.9026,120.8472,¾Á¹p,C0R620,2017-01-23T15:00:00+08:00,34.0,57.0,6.1,19.3,0.75,1019.8,-99.0,0.0,-9.9,-99,-999,«ÌªF¿¤,20,«í¬KÂí,350
21.9026,120.8472,¾Á¹p,C0R620,2017-01-23T16:00:00+08:00,34.0,56.0,6.3,19.5,0.74,1019.8,-99.0,0.0,-9.9,-99,-999,«ÌªF¿¤,20,«í¬KÂí,350
21.9026,120.8472,¾Á¹p,C0R620,2017-01-23T17:00:00+08:00,34.0,53.0,6.5,18.8,0.78,1020.2,-99.0,0.0,-9.9,-99,-999,«ÌªF¿¤,20,«í¬KÂí,350
21.9026,120.8472,¾Á¹p,C0R620,2017-01-23T18:00:00+08:00,34.0,53.0,7.5,19.1,0.78,1020.3,-99.0,0.0,-9.9,-99,-999,«ÌªF¿¤,20,«í¬KÂí,350
21.9026,120.8472,¾Á¹p,C0R620,2017-01-23T19:00:00+08:00,34.0,52.0,7.6,19.3,0.78,1020.7,-99.0,0.0,-9.9,-99,-999,«ÌªF¿¤,20,«í¬KÂí,350
21.9026,120.8472,¾Á¹p,C0R620,2017-01-23T20:00:00+08:00,34.0,50.0,7.4,19.2,0.80,1021.4,-99.0,0.0,-9.9,-99,-999,«ÌªF¿¤,20,«í¬KÂí,350
21.9026,120.8472,¾Á¹p,C0R620,2017-01-23T21:00:00+08:00,34.0,48.0,7.6,19.1,0.77,1021.6,-99.0,0.0,-9.9,-99,-999,«ÌªF¿¤,20,«í¬KÂí,350
21.9026,120.8472,¾Á¹p,C0R620,2017-01-23T22:00:00+08:00,34.0,52.0,7.0,19.1,0.78,1022.2,-99.0,0.0,-9.9,-99,-999,«ÌªF¿¤,20,«í¬KÂí,350
21.9026,120.8472,¾Á¹p,C0R620,2017-01-23T23:00:00+08:00,34.0,57.0,7.0,19.3,0.73,1022.0,-99.0,0.0,-9.9,-99,-999,«ÌªF¿¤,20,«í¬KÂí,350
21.9026,120.8472,¾Á¹p,C0R620,2017-01-24T00:00:00+08:00,34.0,50.0,7.5,19.0,0.78,1021.7,-99.0,0.0,-9.9,-99,-999,«ÌªF¿¤,20,«í¬KÂí,350
21.9026,120.8472,¾Á¹p,C0R620,2017-01-24T01:00:00+08:00,34.0,46.0,7.6,19.0,0.78,1021.4,-99.0,0.0,-9.9,-99,-999,«ÌªF¿¤,20,«í¬KÂí,350
21.9026,120.8472,¾Á¹p,C0R620,2017-01-24T02:00:00+08:00,34.0,49.0,7.3,19.0,0.79,1020.9,-99.0,0.0,-9.9,-99,-999,«ÌªF¿¤,20,«í¬KÂí,350
21.9026,120.8472,¾Á¹p,C0R620,2017-01-24T03:00:00+08:00,34.0,52.0,6.9,19.1,0.77,1020.4,-99.0,0.0,-9.9,-99,-999,«ÌªF¿¤,20,«í¬KÂí,350
21.9026,120.8472,¾Á¹p,C0R620,2017-01-24T04:00:00+08:00,34.0,52.0,7.0,19.2,0.76,1019.6,-99.0,0.0,-9.9,-99,-999,«ÌªF¿¤,20,«í¬KÂí,350
21.9026,120.8472,¾Á¹p,C0R620,2017-01-24T05:00:00+08:00,34.0,51.0,7.0,19.3,0.75,1019.8,-99.0,0.0,-9.9,-99,-999,«ÌªF¿¤,20,«í¬KÂí,350
21.9026,120.8472,¾Á¹p,C0R620,2017-01-24T06:00:00+08:00,34.0,54.0,6.3,19.4,0.74,1020.5,-99.0,0.0,-9.9,-99,-999,«ÌªF¿¤,20,«í¬KÂí,350
21.9026,120.8472,¾Á¹p,C0R620,2017-01-24T07:00:00+08:00,34.0,48.0,7.1,18.7,0.84,1021.1,-99.0,0.0,-9.9,-99,-999,«ÌªF¿¤,20,«í¬KÂí,350
21.9026,120.8472,¾Á¹p,C0R620,2017-01-24T08:00:00+08:00,34.0,54.0,6.3,19.2,0.79,1021.9,-99.0,0.0,-9.9,-99,-999,«ÌªF¿¤,20,«í¬KÂí,350
21.9026,120.8472,¾Á¹p,C0R620,2017-01-24T10:00:00+08:00,34.0,50.0,7.1,20.4,0.74,1022.0,-99.0,0.0,-9.9,-99,-999,«ÌªF¿¤,20,«í¬KÂí,350
21.9026,120.8472,¾Á¹p,C0R620,2017-01-24T11:00:00+08:00,34.0,53.0,7.2,21.2,0.74,1021.4,-99.0,0.0,-9.9,-99,-999,«ÌªF¿¤,20,«í¬KÂí,350
21.9026,120.8472,¾Á¹p,C0R620,2017-01-24T12:00:00+08:00,34.0,57.0,6.6,20.8,0.71,1020.8,-99.0,0.0,-9.9,-99,-999,«ÌªF¿¤,20,«í¬KÂí,350
21.9026,120.8472,¾Á¹p,C0R620,2017-01-24T13:00:00+08:00,34.0,49.0,6.4,20.5,0.73,1020.1,-99.0,0.0,-9.9,-99,-999,«ÌªF¿¤,20,«í¬KÂí,350
21.9026,120.8472,¾Á¹p,C0R620,2017-01-24T14:00:00+08:00,34.0,52.0,5.8,20.8,0.73,1019.4,-99.0,0.0,-9.9,-99,-999,«ÌªF¿¤,20,«í¬KÂí,350
21.9026,120.8472,¾Á¹p,C0R620,2017-01-24T15:00:00+08:00,34.0,57.0,5.7,20.9,0.71,1019.4,-99.0,0.0,-9.9,-99,-999,«ÌªF¿¤,20,«í¬KÂí,350
21.9026,120.8472,¾Á¹p,C0R620,2017-01-24T16:00:00+08:00,34.0,62.0,5.2,20.9,0.72,1019.7,-99.0,0.0,-9.9,-99,-999,«ÌªF¿¤,20,«í¬KÂí,350
21.9026,120.8472,¾Á¹p,C0R620,2017-01-24T17:00:00+08:00,34.0,74.0,5.6,20.2,0.82,1020.2,-99.0,0.0,-9.9,-99,-999,«ÌªF¿¤,20,«í¬KÂí,350
21.9026,120.8472,¾Á¹p,C0R620,2017-01-24T18:00:00+08:00,34.0,59.0,5.8,19.7,0.81,1020.5,-99.0,0.0,-9.9,-99,-999,«ÌªF¿¤,20,«í¬KÂí,350
21.9026,120.8472,¾Á¹p,C0R620,2017-01-24T19:00:00+08:00,34.0,64.0,5.1,20.1,0.81,1021.0,-99.0,0.0,-9.9,-99,-999,«ÌªF¿¤,20,«í¬KÂí,350
21.9026,120.8472,¾Á¹p,C0R620,2017-01-24T20:00:00+08:00,34.0,55.0,5.0,19.9,0.80,1021.4,-99.0,0.0,-9.9,-99,-999,«ÌªF¿¤,20,«í¬KÂí,350
21.9026,120.8472,¾Á¹p,C0R620,2017-01-24T21:00:00+08:00,34.0,67.0,5.6,19.7,0.83,1021.9,-99.0,0.0,-9.9,-99,-999,«ÌªF¿¤,20,«í¬KÂí,350
21.9026,120.8472,¾Á¹p,C0R620,2017-01-24T22:00:00+08:00,34.0,58.0,5.1,19.8,0.85,1021.9,-99.0,0.0,-9.9,-99,-999,«ÌªF¿¤,20,«í¬KÂí,350
21.9026,120.8472,¾Á¹p,C0R620,2017-01-24T23:00:00+08:00,34.0,53.0,5.9,19.8,0.81,1021.9,-99.0,0.0,-9.9,-99,-999,«ÌªF¿¤,20,«í¬KÂí,350
21.9026,120.8472,¾Á¹p,C0R620,2017-01-25T00:00:00+08:00,34.0,54.0,5.8,20.4,0.77,1021.5,-99.0,0.0,-9.9,-99,-999,«ÌªF¿¤,20,«í¬KÂí,350
21.9026,120.8472,¾Á¹p,C0R620,2017-01-25T01:00:00+08:00,34.0,57.0,4.7,20.4,0.75,1021.2,-99.0,0.0,-9.9,-99,-999,«ÌªF¿¤,20,«í¬KÂí,350
21.9026,120.8472,¾Á¹p,C0R620,2017-01-25T02:00:00+08:00,34.0,62.0,5.1,20.4,0.77,1020.3,-99.0,0.0,-9.9,-99,-999,«ÌªF¿¤,20,«í¬KÂí,350
21.9026,120.8472,¾Á¹p,C0R620,2017-01-25T03:00:00+08:00,34.0,52.0,5.7,20.7,0.78,1019.9,-99.0,0.0,-9.9,-99,-999,«ÌªF¿¤,20,«í¬KÂí,350
21.9026,120.8472,¾Á¹p,C0R620,2017-01-25T04:00:00+08:00,34.0,53.0,5.8,20.7,0.76,1019.7,-99.0,0.0,-9.9,-99,-999,«ÌªF¿¤,20,«í¬KÂí,350
21.9026,120.8472,¾Á¹p,C0R620,2017-01-25T05:00:00+08:00,34.0,56.0,5.9,20.2,0.80,1019.7,-99.0,0.0,-9.9,-99,-999,«ÌªF¿¤,20,«í¬KÂí,350
21.9026,120.8472,¾Á¹p,C0R620,2017-01-25T06:00:00+08:00,34.0,46.0,6.2,19.6,0.85,1019.9,-99.0,0.5,-9.9,-99,-999,«ÌªF¿¤,20,«í¬KÂí,350
21.9026,120.8472,¾Á¹p,C0R620,2017-01-25T07:00:00+08:00,34.0,47.0,5.9,20.3,0.79,1020.6,-99.0,0.5,-9.9,-99,-999,«ÌªF¿¤,20,«í¬KÂí,350
21.9026,120.8472,¾Á¹p,C0R620,2017-01-25T08:00:00+08:00,34.0,44.0,6.4,19.8,0.86,1020.8,-99.0,1.0,-9.9,-99,-999,«ÌªF¿¤,20,«í¬KÂí,350
21.9026,120.8472,¾Á¹p,C0R620,2017-01-25T09:00:00+08:00,34.0,51.0,6.0,20.6,0.79,1021.0,-99.0,1.0,-9.9,-99,-999,«ÌªF¿¤,20,«í¬KÂí,350
21.9026,120.8472,¾Á¹p,C0R620,2017-01-25T10:00:00+08:00,34.0,49.0,6.3,20.8,0.77,1021.2,-99.0,1.0,-9.9,-99,-999,«ÌªF¿¤,20,«í¬KÂí,350
21.9026,120.8472,¾Á¹p,C0R620,2017-01-25T11:00:00+08:00,34.0,54.0,6.3,21.5,0.78,1020.7,-99.0,1.0,-9.9,-99,-999,«ÌªF¿¤,20,«í¬KÂí,350
21.9026,120.8472,¾Á¹p,C0R620,2017-01-25T12:00:00+08:00,34.0,50.0,5.4,22.3,0.77,1019.9,-99.0,1.0,-9.9,-99,-999,«ÌªF¿¤,20,«í¬KÂí,350
21.9026,120.8472,¾Á¹p,C0R620,2017-01-25T13:00:00+08:00,34.0,50.0,5.0,22.6,0.70,1018.8,-99.0,1.0,-9.9,-99,-999,«ÌªF¿¤,20,«í¬KÂí,350
21.9026,120.8472,¾Á¹p,C0R620,2017-01-25T14:00:00+08:00,34.0,52.0,5.0,22.6,0.70,1018.3,-99.0,1.0,-9.9,-99,-999,«ÌªF¿¤,20,«í¬KÂí,350
21.9026,120.8472,¾Á¹p,C0R620,2017-01-25T15:00:00+08:00,34.0,49.0,5.8,22.0,0.73,1017.8,-99.0,1.0,-9.9,-99,-999,«ÌªF¿¤,20,«í¬KÂí,350
21.9026,120.8472,¾Á¹p,C0R620,2017-01-25T16:00:00+08:00,34.0,50.0,4.9,22.2,0.71,1017.9,-99.0,1.0,-9.9,-99,-999,«ÌªF¿¤,20,«í¬KÂí,350
21.9026,120.8472,¾Á¹p,C0R620,2017-01-25T17:00:00+08:00,34.0,43.0,5.3,21.5,0.73,1018.2,-99.0,1.0,-9.9,-99,-999,«ÌªF¿¤,20,«í¬KÂí,350
21.9026,120.8472,¾Á¹p,C0R620,2017-01-25T18:00:00+08:00,34.0,56.0,4.0,21.3,0.75,1018.4,-99.0,1.0,-9.9,-99,-999,«ÌªF¿¤,20,«í¬KÂí,350
21.9026,120.8472,¾Á¹p,C0R620,2017-01-25T19:00:00+08:00,34.0,48.0,4.3,21.1,0.74,1018.9,-99.0,1.0,-9.9,-99,-999,«ÌªF¿¤,20,«í¬KÂí,350
21.9026,120.8472,¾Á¹p,C0R620,2017-01-25T20:00:00+08:00,34.0,50.0,4.7,21.2,0.75,1019.3,-99.0,1.0,-9.9,-99,-999,«ÌªF¿¤,20,«í¬KÂí,350
21.9026,120.8472,¾Á¹p,C0R620,2017-01-25T21:00:00+08:00,34.0,49.0,5.3,21.3,0.74,1019.4,-99.0,1.0,-9.9,-99,-999,«ÌªF¿¤,20,«í¬KÂí,350
21.9026,120.8472,¾Á¹p,C0R620,2017-01-25T22:00:00+08:00,34.0,51.0,5.6,21.2,0.73,1019.3,-99.0,1.0,-9.9,-99,-999,«ÌªF¿¤,20,«í¬KÂí,350
21.9026,120.8472,¾Á¹p,C0R620,2017-01-25T23:00:00+08:00,34.0,53.0,5.3,19.8,0.85,1019.5,-99.0,1.0,-9.9,-99,-999,«ÌªF¿¤,20,«í¬KÂí,350
21.9026,120.8472,¾Á¹p,C0R620,2017-01-26T00:00:00+08:00,34.0,39.0,4.9,19.7,0.81,1019.2,-99.0,1.5,-9.9,-99,-999,«ÌªF¿¤,20,«í¬KÂí,350
21.9026,120.8472,¾Á¹p,C0R620,2017-01-26T01:00:00+08:00,34.0,37.0,5.3,20.2,0.77,1018.8,-99.0,0.0,-9.9,-99,-999,«ÌªF¿¤,20,«í¬KÂí,350
21.9026,120.8472,¾Á¹p,C0R620,2017-01-26T02:00:00+08:00,34.0,44.0,6.5,20.5,0.74,1018.0,-99.0,0.0,-9.9,-99,-999,«ÌªF¿¤,20,«í¬KÂí,350
21.9026,120.8472,¾Á¹p,C0R620,2017-01-26T03:00:00+08:00,34.0,48.0,7.1,20.6,0.71,1017.7,-99.0,0.0,-9.9,-99,-999,«ÌªF¿¤,20,«í¬KÂí,350
21.9026,120.8472,¾Á¹p,C0R620,2017-01-26T04:00:00+08:00,34.0,41.0,6.8,20.3,0.75,1017.5,-99.0,0.0,-9.9,-99,-999,«ÌªF¿¤,20,«í¬KÂí,350
21.9026,120.8472,¾Á¹p,C0R620,2017-01-26T05:00:00+08:00,34.0,35.0,6.1,19.9,0.75,1017.9,-99.0,0.0,-9.9,-99,-999,«ÌªF¿¤,20,«í¬KÂí,350
21.9026,120.8472,¾Á¹p,C0R620,2017-01-26T06:00:00+08:00,34.0,39.0,6.6,20.1,0.73,1018.5,-99.0,0.0,-9.9,-99,-999,«ÌªF¿¤,20,«í¬KÂí,350
21.9026,120.8472,¾Á¹p,C0R620,2017-01-26T07:00:00+08:00,34.0,40.0,6.6,20.0,0.73,1019.0,-99.0,0.0,-9.9,-99,-999,«ÌªF¿¤,20,«í¬KÂí,350
21.9026,120.8472,¾Á¹p,C0R620,2017-01-26T08:00:00+08:00,34.0,41.0,6.8,20.2,0.74,1019.5,-99.0,0.0,-9.9,-99,-999,«ÌªF¿¤,20,«í¬KÂí,350
21.9026,120.8472,¾Á¹p,C0R620,2017-01-26T10:00:00+08:00,34.0,48.0,8.1,21.4,0.69,1019.8,-99.0,0.0,-9.9,-99,-999,«ÌªF¿¤,20,«í¬KÂí,350
21.9026,120.8472,¾Á¹p,C0R620,2017-01-26T11:00:00+08:00,34.0,50.0,7.2,22.2,0.66,1019.3,-99.0,0.0,-9.9,-99,-999,«ÌªF¿¤,20,«í¬KÂí,350
21.9026,120.8472,¾Á¹p,C0R620,2017-01-26T12:00:00+08:00,34.0,51.0,7.0,22.9,0.64,1018.6,-99.0,0.0,-9.9,-99,-999,«ÌªF¿¤,20,«í¬KÂí,350
21.9026,120.8472,¾Á¹p,C0R620,2017-01-26T13:00:00+08:00,34.0,51.0,7.5,22.2,0.67,1017.8,-99.0,0.0,-9.9,-99,-999,«ÌªF¿¤,20,«í¬KÂí,350
21.9026,120.8472,¾Á¹p,C0R620,2017-01-26T14:00:00+08:00,34.0,55.0,6.8,22.5,0.64,1017.2,-99.0,0.0,-9.9,-99,-999,«ÌªF¿¤,20,«í¬KÂí,350
21.9026,120.8472,¾Á¹p,C0R620,2017-01-26T15:00:00+08:00,34.0,61.0,5.9,22.1,0.63,1016.8,-99.0,0.0,-9.9,-99,-999,«ÌªF¿¤,20,«í¬KÂí,350
21.9026,120.8472,¾Á¹p,C0R620,2017-01-26T16:00:00+08:00,34.0,62.0,6.2,21.7,0.65,1016.6,-99.0,0.0,-9.9,-99,-999,«ÌªF¿¤,20,«í¬KÂí,350
21.9026,120.8472,¾Á¹p,C0R620,2017-01-26T17:00:00+08:00,34.0,60.0,5.7,21.4,0.66,1017.0,-99.0,0.0,-9.9,-99,-999,«ÌªF¿¤,20,«í¬KÂí,350
21.9026,120.8472,¾Á¹p,C0R620,2017-01-26T18:00:00+08:00,34.0,60.0,5.8,21.0,0.67,1017.3,-99.0,0.0,-9.9,-99,-999,«ÌªF¿¤,20,«í¬KÂí,350
21.9026,120.8472,¾Á¹p,C0R620,2017-01-26T19:00:00+08:00,34.0,62.0,5.8,21.1,0.63,1017.9,-99.0,0.0,-9.9,-99,-999,«ÌªF¿¤,20,«í¬KÂí,350
21.9026,120.8472,¾Á¹p,C0R620,2017-01-26T20:00:00+08:00,34.0,65.0,5.5,21.1,0.65,1018.3,-99.0,0.0,-9.9,-99,-999,«ÌªF¿¤,20,«í¬KÂí,350
21.9026,120.8472,¾Á¹p,C0R620,2017-01-26T21:00:00+08:00,34.0,60.0,5.4,21.1,0.62,1018.6,-99.0,0.0,-9.9,-99,-999,«ÌªF¿¤,20,«í¬KÂí,350
21.9026,120.8472,¾Á¹p,C0R620,2017-01-26T22:00:00+08:00,34.0,63.0,4.6,21.2,0.65,1018.7,-99.0,0.0,-9.9,-99,-999,«ÌªF¿¤,20,«í¬KÂí,350
21.9026,120.8472,¾Á¹p,C0R620,2017-01-26T23:00:00+08:00,34.0,62.0,4.6,21.1,0.63,1018.3,-99.0,0.0,-9.9,-99,-999,«ÌªF¿¤,20,«í¬KÂí,350
21.9026,120.8472,¾Á¹p,C0R620,2017-01-27T00:00:00+08:00,34.0,44.0,5.6,20.6,0.72,1018.1,-99.0,0.0,-9.9,-99,-999,«ÌªF¿¤,20,«í¬KÂí,350
21.9026,120.8472,¾Á¹p,C0R620,2017-01-27T01:00:00+08:00,34.0,47.0,5.1,20.6,0.70,1018.0,-99.0,0.0,-9.9,-99,-999,«ÌªF¿¤,20,«í¬KÂí,350
21.9026,120.8472,¾Á¹p,C0R620,2017-01-27T02:00:00+08:00,34.0,48.0,5.9,20.9,0.69,1017.3,-99.0,0.0,-9.9,-99,-999,«ÌªF¿¤,20,«í¬KÂí,350
21.9026,120.8472,¾Á¹p,C0R620,2017-01-27T03:00:00+08:00,34.0,51.0,5.6,20.9,0.67,1017.2,-99.0,0.0,-9.9,-99,-999,«ÌªF¿¤,20,«í¬KÂí,350
21.9026,120.8472,¾Á¹p,C0R620,2017-01-27T04:00:00+08:00,34.0,54.0,4.9,21.3,0.66,1017.1,-99.0,0.0,-9.9,-99,-999,«ÌªF¿¤,20,«í¬KÂí,350
21.9026,120.8472,¾Á¹p,C0R620,2017-01-27T05:00:00+08:00,34.0,74.0,4.9,20.4,0.75,1017.8,-99.0,0.0,-9.9,-99,-999,«ÌªF¿¤,20,«í¬KÂí,350
21.9026,120.8472,¾Á¹p,C0R620,2017-01-27T06:00:00+08:00,34.0,63.0,3.7,21.1,0.69,1018.0,-99.0,0.0,-9.9,-99,-999,«ÌªF¿¤,20,«í¬KÂí,350
21.9026,120.8472,¾Á¹p,C0R620,2017-01-27T07:00:00+08:00,34.0,65.0,4.2,21.1,0.72,1018.5,-99.0,0.0,-9.9,-99,-999,«ÌªF¿¤,20,«í¬KÂí,350
21.9026,120.8472,¾Á¹p,C0R620,2017-01-27T08:00:00+08:00,34.0,50.0,4.0,21.8,0.70,1019.1,-99.0,0.0,-9.9,-99,-999,«ÌªF¿¤,20,«í¬KÂí,350
21.9026,120.8472,¾Á¹p,C0R620,2017-01-27T09:00:00+08:00,34.0,52.0,5.3,22.6,0.62,1019.4,-99.0,0.0,-9.9,-99,-999,«ÌªF¿¤,20,«í¬KÂí,350
21.9026,120.8472,¾Á¹p,C0R620,2017-01-27T10:00:00+08:00,34.0,51.0,5.0,22.8,0.66,1019.2,-99.0,0.0,-9.9,-99,-999,«ÌªF¿¤,20,«í¬KÂí,350
21.9026,120.8472,¾Á¹p,C0R620,2017-01-27T11:00:00+08:00,34.0,52.0,5.6,23.2,0.64,1018.6,-99.0,0.0,-9.9,-99,-999,«ÌªF¿¤,20,«í¬KÂí,350
21.9026,120.8472,¾Á¹p,C0R620,2017-01-27T12:00:00+08:00,34.0,52.0,5.5,24.2,0.63,1017.6,-99.0,0.0,-9.9,-99,-999,«ÌªF¿¤,20,«í¬KÂí,350
21.9026,120.8472,¾Á¹p,C0R620,2017-01-27T13:00:00+08:00,34.0,57.0,5.1,24.1,0.60,1016.6,-99.0,0.0,-9.9,-99,-999,«ÌªF¿¤,20,«í¬KÂí,350
21.9026,120.8472,¾Á¹p,C0R620,2017-01-27T14:00:00+08:00,34.0,56.0,4.9,23.9,0.64,1016.0,-99.0,0.0,-9.9,-99,-999,«ÌªF¿¤,20,«í¬KÂí,350
21.9026,120.8472,¾Á¹p,C0R620,2017-01-27T15:00:00+08:00,34.0,65.0,4.7,24.2,0.61,1015.4,-99.0,0.0,-9.9,-99,-999,«ÌªF¿¤,20,«í¬KÂí,350
21.9026,120.8472,¾Á¹p,C0R620,2017-01-27T16:00:00+08:00,34.0,63.0,4.8,23.2,0.64,1015.6,-99.0,0.0,-9.9,-99,-999,«ÌªF¿¤,20,«í¬KÂí,350
21.9026,120.8472,¾Á¹p,C0R620,2017-01-27T17:00:00+08:00,34.0,61.0,4.6,22.7,0.66,1016.0,-99.0,0.0,-9.9,-99,-999,«ÌªF¿¤,20,«í¬KÂí,350
21.9026,120.8472,¾Á¹p,C0R620,2017-01-27T18:00:00+08:00,34.0,66.0,5.0,22.2,0.67,1016.4,-99.0,0.0,-9.9,-99,-999,«ÌªF¿¤,20,«í¬KÂí,350
21.9026,120.8472,¾Á¹p,C0R620,2017-01-27T19:00:00+08:00,34.0,69.0,4.4,22.2,0.70,1016.7,-99.0,0.0,-9.9,-99,-999,«ÌªF¿¤,20,«í¬KÂí,350
21.9026,120.8472,¾Á¹p,C0R620,2017-01-27T20:00:00+08:00,34.0,69.0,4.6,22.3,0.68,1017.2,-99.0,0.0,-9.9,-99,-999,«ÌªF¿¤,20,«í¬KÂí,350
21.9026,120.8472,¾Á¹p,C0R620,2017-01-27T21:00:00+08:00,34.0,65.0,4.6,22.5,0.68,1017.4,-99.0,0.0,-9.9,-99,-999,«ÌªF¿¤,20,«í¬KÂí,350
21.9026,120.8472,¾Á¹p,C0R620,2017-01-27T22:00:00+08:00,34.0,66.0,4.8,22.4,0.68,1017.4,-99.0,0.0,-9.9,-99,-999,«ÌªF¿¤,20,«í¬KÂí,350
21.9026,120.8472,¾Á¹p,C0R620,2017-01-27T23:00:00+08:00,34.0,63.0,4.9,22.6,0.72,1016.8,-99.0,0.0,-9.9,-99,-999,«ÌªF¿¤,20,«í¬KÂí,350
21.9026,120.8472,¾Á¹p,C0R620,2017-01-28T00:00:00+08:00,34.0,51.0,6.0,22.0,0.74,1016.3,-99.0,0.0,-9.9,-99,-999,«ÌªF¿¤,20,«í¬KÂí,350
21.9026,120.8472,¾Á¹p,C0R620,2017-01-28T01:00:00+08:00,34.0,54.0,5.3,21.3,0.78,1016.3,-99.0,0.0,-9.9,-99,-999,«ÌªF¿¤,20,«í¬KÂí,350
21.9026,120.8472,¾Á¹p,C0R620,2017-01-28T02:00:00+08:00,34.0,56.0,4.1,21.6,0.81,1015.9,-99.0,0.0,-9.9,-99,-999,«ÌªF¿¤,20,«í¬KÂí,350
21.9026,120.8472,¾Á¹p,C0R620,2017-01-28T03:00:00+08:00,34.0,45.0,6.0,20.5,0.83,1015.2,-99.0,0.0,-9.9,-99,-999,«ÌªF¿¤,20,«í¬KÂí,350
21.9026,120.8472,¾Á¹p,C0R620,2017-01-28T04:00:00+08:00,34.0,49.0,4.7,21.2,0.78,1014.8,-99.0,0.0,-9.9,-99,-999,«ÌªF¿¤,20,«í¬KÂí,350
21.9026,120.8472,¾Á¹p,C0R620,2017-01-28T05:00:00+08:00,34.0,57.0,5.2,21.3,0.75,1014.8,-99.0,0.0,-9.9,-99,-999,«ÌªF¿¤,20,«í¬KÂí,350
21.9026,120.8472,¾Á¹p,C0R620,2017-01-28T06:00:00+08:00,34.0,58.0,4.4,21.5,0.76,1015.2,-99.0,0.0,-9.9,-99,-999,«ÌªF¿¤,20,«í¬KÂí,350
21.9026,120.8472,¾Á¹p,C0R620,2017-01-28T07:00:00+08:00,34.0,59.0,4.8,21.5,0.71,1015.4,-99.0,0.0,-9.9,-99,-999,«ÌªF¿¤,20,«í¬KÂí,350
21.9026,120.8472,¾Á¹p,C0R620,2017-01-28T08:00:00+08:00,34.0,62.0,4.1,22.1,0.72,1015.8,-99.0,0.0,-9.9,-99,-999,«ÌªF¿¤,20,«í¬KÂí,350
21.9026,120.8472,¾Á¹p,C0R620,2017-01-28T09:00:00+08:00,34.0,55.0,5.4,23.1,0.71,1016.2,-99.0,0.0,-9.9,-99,-999,«ÌªF¿¤,20,«í¬KÂí,350
21.9026,120.8472,¾Á¹p,C0R620,2017-01-28T10:00:00+08:00,34.0,57.0,6.3,23.2,0.71,1016.2,-99.0,0.0,-9.9,-99,-999,«ÌªF¿¤,20,«í¬KÂí,350
21.9026,120.8472,¾Á¹p,C0R620,2017-01-28T11:00:00+08:00,34.0,60.0,5.4,24.0,0.70,1015.9,-99.0,0.0,-9.9,-99,-999,«ÌªF¿¤,20,«í¬KÂí,350
21.9026,120.8472,¾Á¹p,C0R620,2017-01-28T12:00:00+08:00,34.0,65.0,5.2,24.6,0.68,1015.1,-99.0,0.0,-9.9,-99,-999,«ÌªF¿¤,20,«í¬KÂí,350
21.9026,120.8472,¾Á¹p,C0R620,2017-01-28T13:00:00+08:00,34.0,60.0,5.1,25.0,0.67,1014.0,-99.0,0.0,-9.9,-99,-999,«ÌªF¿¤,20,«í¬KÂí,350
21.9026,120.8472,¾Á¹p,C0R620,2017-01-28T14:00:00+08:00,34.0,66.0,4.2,24.9,0.65,1013.2,-99.0,0.0,-9.9,-99,-999,«ÌªF¿¤,20,«í¬KÂí,350
21.9026,120.8472,¾Á¹p,C0R620,2017-01-28T15:00:00+08:00,34.0,72.0,4.6,24.6,0.66,1012.9,-99.0,0.0,-9.9,-99,-999,«ÌªF¿¤,20,«í¬KÂí,350
21.9026,120.8472,¾Á¹p,C0R620,2017-01-28T16:00:00+08:00,34.0,79.0,4.5,24.4,0.60,1013.2,-99.0,0.0,-9.9,-99,-999,«ÌªF¿¤,20,«í¬KÂí,350
21.9026,120.8472,¾Á¹p,C0R620,2017-01-28T17:00:00+08:00,34.0,76.0,4.2,23.6,0.59,1013.8,-99.0,0.0,-9.9,-99,-999,«ÌªF¿¤,20,«í¬KÂí,350
21.9026,120.8472,¾Á¹p,C0R620,2017-01-28T18:00:00+08:00,34.0,79.0,4.2,23.0,0.61,1014.1,-99.0,0.0,-9.9,-99,-999,«ÌªF¿¤,20,«í¬KÂí,350
21.9026,120.8472,¾Á¹p,C0R620,2017-01-28T19:00:00+08:00,34.0,84.0,4.8,22.9,0.62,1014.6,-99.0,0.0,-9.9,-99,-999,«ÌªF¿¤,20,«í¬KÂí,350
21.9026,120.8472,¾Á¹p,C0R620,2017-01-28T20:00:00+08:00,34.0,89.0,4.8,22.8,0.64,1014.8,-99.0,0.0,-9.9,-99,-999,«ÌªF¿¤,20,«í¬KÂí,350
21.9026,120.8472,¾Á¹p,C0R620,2017-01-28T21:00:00+08:00,34.0,85.0,5.2,22.8,0.63,1015.1,-99.0,0.0,-9.9,-99,-999,«ÌªF¿¤,20,«í¬KÂí,350
21.9026,120.8472,¾Á¹p,C0R620,2017-01-28T22:00:00+08:00,34.0,83.0,5.0,22.9,0.66,1015.0,-99.0,0.0,-9.9,-99,-999,«ÌªF¿¤,20,«í¬KÂí,350
21.9026,120.8472,¾Á¹p,C0R620,2017-01-28T23:00:00+08:00,34.0,77.0,4.9,22.9,0.68,1014.8,-99.0,0.0,-9.9,-99,-999,«ÌªF¿¤,20,«í¬KÂí,350
21.9026,120.8472,¾Á¹p,C0R620,2017-01-29T00:00:00+08:00,34.0,81.0,4.6,23.0,0.72,1014.4,-99.0,0.0,-9.9,-99,-999,«ÌªF¿¤,20,«í¬KÂí,350
21.9026,120.8472,¾Á¹p,C0R620,2017-01-29T01:00:00+08:00,34.0,77.0,4.7,23.1,0.69,1014.0,-99.0,0.0,-9.9,-99,-999,«ÌªF¿¤,20,«í¬KÂí,350
21.9026,120.8472,¾Á¹p,C0R620,2017-01-29T02:00:00+08:00,34.0,87.0,5.2,23.2,0.75,1013.6,-99.0,0.0,-9.9,-99,-999,«ÌªF¿¤,20,«í¬KÂí,350
21.9026,120.8472,¾Á¹p,C0R620,2017-01-29T03:00:00+08:00,34.0,79.0,4.2,23.2,0.74,1013.4,-99.0,0.0,-9.9,-99,-999,«ÌªF¿¤,20,«í¬KÂí,350
21.9026,120.8472,¾Á¹p,C0R620,2017-01-29T04:00:00+08:00,34.0,64.0,4.1,22.5,0.79,1013.2,-99.0,0.0,-9.9,-99,-999,«ÌªF¿¤,20,«í¬KÂí,350
21.9026,120.8472,¾Á¹p,C0R620,2017-01-29T05:00:00+08:00,34.0,56.0,4.3,21.8,0.83,1013.4,-99.0,0.0,-9.9,-99,-999,«ÌªF¿¤,20,«í¬KÂí,350
21.9026,120.8472,¾Á¹p,C0R620,2017-01-29T06:00:00+08:00,34.0,59.0,4.1,21.8,0.84,1013.9,-99.0,0.0,-9.9,-99,-999,«ÌªF¿¤,20,«í¬KÂí,350
21.9026,120.8472,¾Á¹p,C0R620,2017-01-29T07:00:00+08:00,34.0,56.0,4.2,22.1,0.78,1014.4,-99.0,0.0,-9.9,-99,-999,«ÌªF¿¤,20,«í¬KÂí,350
21.9026,120.8472,¾Á¹p,C0R620,2017-01-29T08:00:00+08:00,34.0,57.0,4.2,23.2,0.76,1015.1,-99.0,0.0,-9.9,-99,-999,«ÌªF¿¤,20,«í¬KÂí,350
21.9026,120.8472,¾Á¹p,C0R620,2017-01-29T09:00:00+08:00,34.0,56.0,4.3,23.5,0.78,1015.7,-99.0,0.0,-9.9,-99,-999,«ÌªF¿¤,20,«í¬KÂí,350
21.9026,120.8472,¾Á¹p,C0R620,2017-01-29T10:00:00+08:00,34.0,46.0,4.9,23.6,0.77,1015.9,-99.0,0.0,-9.9,-99,-999,«ÌªF¿¤,20,«í¬KÂí,350
21.9026,120.8472,¾Á¹p,C0R620,2017-01-29T11:00:00+08:00,34.0,48.0,4.8,23.4,0.77,1015.2,-99.0,0.0,-9.9,-99,-999,«ÌªF¿¤,20,«í¬KÂí,350
21.9026,120.8472,¾Á¹p,C0R620,2017-01-29T12:00:00+08:00,34.0,49.0,4.8,24.5,0.72,1014.3,-99.0,0.0,-9.9,-99,-999,«ÌªF¿¤,20,«í¬KÂí,350
21.9026,120.8472,¾Á¹p,C0R620,2017-01-29T13:00:00+08:00,34.0,54.0,4.0,23.9,0.73,1013.6,-99.0,0.0,-9.9,-99,-999,«ÌªF¿¤,20,«í¬KÂí,350
21.9026,120.8472,¾Á¹p,C0R620,2017-01-29T14:00:00+08:00,34.0,52.0,4.7,24.6,0.72,1012.9,-99.0,0.0,-9.9,-99,-999,«ÌªF¿¤,20,«í¬KÂí,350
21.9026,120.8472,¾Á¹p,C0R620,2017-01-29T15:00:00+08:00,34.0,56.0,4.1,24.2,0.73,1012.7,-99.0,0.0,-9.9,-99,-999,«ÌªF¿¤,20,«í¬KÂí,350
21.9026,120.8472,¾Á¹p,C0R620,2017-01-29T16:00:00+08:00,34.0,58.0,3.8,24.3,0.74,1012.9,-99.0,0.0,-9.9,-99,-999,«ÌªF¿¤,20,«í¬KÂí,350
21.9026,120.8472,¾Á¹p,C0R620,2017-01-29T17:00:00+08:00,34.0,64.0,3.4,23.3,0.78,1013.4,-99.0,0.0,-9.9,-99,-999,«ÌªF¿¤,20,«í¬KÂí,350
21.9026,120.8472,¾Á¹p,C0R620,2017-01-29T18:00:00+08:00,34.0,67.0,3.7,23.0,0.79,1013.5,-99.0,0.0,-9.9,-99,-999,«ÌªF¿¤,20,«í¬KÂí,350
21.9026,120.8472,¾Á¹p,C0R620,2017-01-29T19:00:00+08:00,34.0,62.0,3.5,23.1,0.78,1013.8,-99.0,0.0,-9.9,-99,-999,«ÌªF¿¤,20,«í¬KÂí,350
21.9026,120.8472,¾Á¹p,C0R620,2017-01-29T20:00:00+08:00,34.0,58.0,3.5,23.0,0.78,1014.2,-99.0,0.0,-9.9,-99,-999,«ÌªF¿¤,20,«í¬KÂí,350
21.9026,120.8472,¾Á¹p,C0R620,2017-01-29T21:00:00+08:00,34.0,59.0,3.4,23.0,0.77,1014.2,-99.0,0.0,-9.9,-99,-999,«ÌªF¿¤,20,«í¬KÂí,350
21.9026,120.8472,¾Á¹p,C0R620,2017-01-29T22:00:00+08:00,34.0,59.0,3.4,23.0,0.80,1014.1,-99.0,0.0,-9.9,-99,-999,«ÌªF¿¤,20,«í¬KÂí,350
21.9026,120.8472,¾Á¹p,C0R620,2017-01-29T23:00:00+08:00,34.0,54.0,4.1,22.9,0.77,1014.0,-99.0,0.0,-9.9,-99,-999,«ÌªF¿¤,20,«í¬KÂí,350
21.9026,120.8472,¾Á¹p,C0R620,2017-01-30T00:00:00+08:00,34.0,63.0,3.5,22.8,0.75,1013.8,-99.0,0.0,-9.9,-99,-999,«ÌªF¿¤,20,«í¬KÂí,350
21.9026,120.8472,¾Á¹p,C0R620,2017-01-30T01:00:00+08:00,34.0,57.0,3.4,22.9,0.76,1013.5,-99.0,0.0,-9.9,-99,-999,«ÌªF¿¤,20,«í¬KÂí,350
21.9026,120.8472,¾Á¹p,C0R620,2017-01-30T02:00:00+08:00,34.0,61.0,3.5,22.9,0.76,1012.9,-99.0,0.0,-9.9,-99,-999,«ÌªF¿¤,20,«í¬KÂí,350
21.9026,120.8472,¾Á¹p,C0R620,2017-01-30T03:00:00+08:00,34.0,68.0,3.2,22.9,0.75,1012.8,-99.0,0.0,-9.9,-99,-999,«ÌªF¿¤,20,«í¬KÂí,350
21.9026,120.8472,¾Á¹p,C0R620,2017-01-30T04:00:00+08:00,34.0,59.0,3.4,23.1,0.78,1012.9,-99.0,0.0,-9.9,-99,-999,«ÌªF¿¤,20,«í¬KÂí,350
21.9026,120.8472,¾Á¹p,C0R620,2017-01-30T05:00:00+08:00,34.0,71.0,3.6,22.8,0.72,1012.7,-99.0,0.0,-9.9,-99,-999,«ÌªF¿¤,20,«í¬KÂí,350
21.9026,120.8472,¾Á¹p,C0R620,2017-01-30T06:00:00+08:00,34.0,53.0,4.0,22.9,0.78,1013.6,-99.0,0.0,-9.9,-99,-999,«ÌªF¿¤,20,«í¬KÂí,350
21.9026,120.8472,¾Á¹p,C0R620,2017-01-30T07:00:00+08:00,34.0,54.0,3.9,22.9,0.77,1014.1,-99.0,0.0,-9.9,-99,-999,«ÌªF¿¤,20,«í¬KÂí,350
21.9026,120.8472,¾Á¹p,C0R620,2017-01-30T08:00:00+08:00,34.0,55.0,4.2,23.7,0.76,1014.7,-99.0,0.0,-9.9,-99,-999,«ÌªF¿¤,20,«í¬KÂí,350
21.9026,120.8472,¾Á¹p,C0R620,2017-01-30T09:00:00+08:00,34.0,55.0,3.4,24.8,0.72,1015.3,-99.0,0.0,-9.9,-99,-999,«ÌªF¿¤,20,«í¬KÂí,350
21.9026,120.8472,¾Á¹p,C0R620,2017-01-30T10:00:00+08:00,34.0,59.0,3.5,25.2,0.70,1014.9,-99.0,0.0,-9.9,-99,-999,«ÌªF¿¤,20,«í¬KÂí,350
21.9026,120.8472,¾Á¹p,C0R620,2017-01-30T11:00:00+08:00,34.0,59.0,3.8,26.1,0.69,1014.5,-99.0,0.0,-9.9,-99,-999,«ÌªF¿¤,20,«í¬KÂí,350
21.9026,120.8472,¾Á¹p,C0R620,2017-01-30T12:00:00+08:00,34.0,67.0,3.8,26.0,0.64,1013.6,-99.0,0.0,-9.9,-99,-999,«ÌªF¿¤,20,«í¬KÂí,350
21.9026,120.8472,¾Á¹p,C0R620,2017-01-30T13:00:00+08:00,34.0,65.0,4.6,25.4,0.68,1013.1,-99.0,0.0,-9.9,-99,-999,«ÌªF¿¤,20,«í¬KÂí,350
21.9026,120.8472,¾Á¹p,C0R620,2017-01-30T14:00:00+08:00,34.0,63.0,4.9,25.7,0.69,1012.4,-99.0,0.0,-9.9,-99,-999,«ÌªF¿¤,20,«í¬KÂí,350
21.9026,120.8472,¾Á¹p,C0R620,2017-01-30T15:00:00+08:00,34.0,66.0,5.5,24.7,0.73,1012.0,-99.0,0.0,-9.9,-99,-999,«ÌªF¿¤,20,«í¬KÂí,350
21.9026,120.8472,¾Á¹p,C0R620,2017-01-30T16:00:00+08:00,34.0,58.0,5.8,24.4,0.75,1012.6,-99.0,0.0,-9.9,-99,-999,«ÌªF¿¤,20,«í¬KÂí,350
21.9026,120.8472,¾Á¹p,C0R620,2017-01-30T17:00:00+08:00,34.0,65.0,6.4,23.9,0.75,1013.0,-99.0,0.0,-9.9,-99,-999,«ÌªF¿¤,20,«í¬KÂí,350
21.9026,120.8472,¾Á¹p,C0R620,2017-01-30T18:00:00+08:00,34.0,63.0,7.0,23.6,0.79,1013.7,-99.0,0.0,-9.9,-99,-999,«ÌªF¿¤,20,«í¬KÂí,350
21.9026,120.8472,¾Á¹p,C0R620,2017-01-30T20:00:00+08:00,34.0,51.0,8.1,22.2,0.84,1014.9,-99.0,0.0,-9.9,-99,-999,«ÌªF¿¤,20,«í¬KÂí,350
21.9026,120.8472,¾Á¹p,C0R620,2017-01-30T21:00:00+08:00,34.0,54.0,8.4,21.8,0.82,1014.9,-99.0,0.0,-9.9,-99,-999,«ÌªF¿¤,20,«í¬KÂí,350
21.9026,120.8472,¾Á¹p,C0R620,2017-01-30T22:00:00+08:00,34.0,53.0,7.7,22.1,0.78,1015.1,-99.0,0.0,-9.9,-99,-999,«ÌªF¿¤,20,«í¬KÂí,350
21.9026,120.8472,¾Á¹p,C0R620,2017-01-30T23:00:00+08:00,34.0,51.0,8.4,21.1,0.84,1015.3,-99.0,0.0,-9.9,-99,-999,«ÌªF¿¤,20,«í¬KÂí,350
21.9026,120.8472,¾Á¹p,C0R620,2017-01-31T00:00:00+08:00,34.0,54.0,7.8,21.5,0.80,1014.6,-99.0,0.0,-9.9,-99,-999,«ÌªF¿¤,20,«í¬KÂí,350
21.9026,120.8472,¾Á¹p,C0R620,2017-01-31T01:00:00+08:00,34.0,51.0,8.4,21.3,0.77,1014.6,-99.0,0.0,-9.9,-99,-999,«ÌªF¿¤,20,«í¬KÂí,350
21.9026,120.8472,¾Á¹p,C0R620,2017-01-31T02:00:00+08:00,34.0,54.0,8.7,21.3,0.78,1013.7,-99.0,0.0,-9.9,-99,-999,«ÌªF¿¤,20,«í¬KÂí,350
21.9026,120.8472,¾Á¹p,C0R620,2017-01-31T03:00:00+08:00,34.0,50.0,8.5,21.2,0.78,1014.1,-99.0,0.0,-9.9,-99,-999,«ÌªF¿¤,20,«í¬KÂí,350
21.9026,120.8472,¾Á¹p,C0R620,2017-01-31T04:00:00+08:00,34.0,53.0,7.9,20.8,0.79,1013.9,-99.0,0.0,-9.9,-99,-999,«ÌªF¿¤,20,«í¬KÂí,350
21.9026,120.8472,¾Á¹p,C0R620,2017-01-31T05:00:00+08:00,34.0,54.0,8.0,20.9,0.79,1013.8,-99.0,0.0,-9.9,-99,-999,«ÌªF¿¤,20,«í¬KÂí,350
21.9026,120.8472,¾Á¹p,C0R620,2017-01-31T06:00:00+08:00,34.0,49.0,8.8,20.7,0.76,1014.6,-99.0,0.0,-9.9,-99,-999,«ÌªF¿¤,20,«í¬KÂí,350
21.9026,120.8472,¾Á¹p,C0R620,2017-01-31T07:00:00+08:00,34.0,43.0,8.7,21.1,0.76,1014.9,-99.0,0.0,-9.9,-99,-999,«ÌªF¿¤,20,«í¬KÂí,350
