22.9186,121.1147,³À³¥,C0S710,2017-01-10T11:00:00+08:00,313.0,40.0,2.9,18.7,-0.99,976.6,-99.0,0.0,-9.9,-99,-999,»OªF¿¤,22,³À³¥¶m,274
22.9186,121.1147,³À³¥,C0S710,2017-01-10T12:00:00+08:00,313.0,16.0,2.2,19.4,-0.99,975.5,-99.0,0.0,-9.9,-99,-999,»OªF¿¤,22,³À³¥¶m,274
22.9186,121.1147,³À³¥,C0S710,2017-01-10T13:00:00+08:00,313.0,5.0,1.6,19.0,-0.99,975.0,-99.0,0.0,-9.9,-99,-999,»OªF¿¤,22,³À³¥¶m,274
22.9186,121.1147,³À³¥,C0S710,2017-01-10T14:00:00+08:00,313.0,1.0,1.8,18.6,-0.99,974.4,-99.0,0.0,-9.9,-99,-999,»OªF¿¤,22,³À³¥¶m,274
22.9186,121.1147,³À³¥,C0S710,2017-01-10T15:00:00+08:00,313.0,354.0,1.9,18.6,-0.99,974.6,-99.0,0.0,-9.9,-99,-999,»OªF¿¤,22,³À³¥¶m,274
22.9186,121.1147,³À³¥,C0S710,2017-01-10T16:00:00+08:00,313.0,358.0,2.0,18.2,-0.99,974.9,-99.0,0.0,-9.9,-99,-999,»OªF¿¤,22,³À³¥¶m,274
22.9186,121.1147,³À³¥,C0S710,2017-01-10T17:00:00+08:00,313.0,358.0,2.4,17.9,-0.99,975.5,-99.0,0.0,-9.9,-99,-999,»OªF¿¤,22,³À³¥¶m,274
22.9186,121.1147,³À³¥,C0S710,2017-01-10T18:00:00+08:00,313.0,29.0,1.0,17.4,-0.99,976.0,-99.0,0.0,-9.9,-99,-999,»OªF¿¤,22,³À³¥¶m,274
22.9186,121.1147,³À³¥,C0S710,2017-01-10T19:00:00+08:00,313.0,3.0,1.9,17.0,-0.99,976.8,-99.0,0.0,-9.9,-99,-999,»OªF¿¤,22,³À³¥¶m,274
22.9186,121.1147,³À³¥,C0S710,2017-01-10T20:00:00+08:00,313.0,2.0,1.9,16.6,-0.99,977.1,-99.0,0.0,-9.9,-99,-999,»OªF¿¤,22,³À³¥¶m,274
22.9186,121.1147,³À³¥,C0S710,2017-01-10T21:00:00+08:00,313.0,11.0,2.2,16.8,-0.99,977.3,-99.0,0.0,-9.9,-99,-999,»OªF¿¤,22,³À³¥¶m,274
22.9186,121.1147,³À³¥,C0S710,2017-01-10T22:00:00+08:00,313.0,1.0,2.3,16.1,-0.99,977.3,-99.0,0.0,-9.9,-99,-999,»OªF¿¤,22,³À³¥¶m,274
22.9186,121.1147,³À³¥,C0S710,2017-01-10T23:00:00+08:00,313.0,350.0,2.2,15.7,-0.99,976.9,-99.0,0.0,-9.9,-99,-999,»OªF¿¤,22,³À³¥¶m,274
22.9186,121.1147,³À³¥,C0S710,2017-01-11T00:00:00+08:00,313.0,360.0,2.3,15.2,-0.99,977.0,-99.0,0.0,-9.9,-99,-999,»OªF¿¤,22,³À³¥¶m,274
22.9186,121.1147,³À³¥,C0S710,2017-01-11T01:00:00+08:00,313.0,360.0,2.1,15.2,-0.99,976.9,-99.0,0.0,-9.9,-99,-999,»OªF¿¤,22,³À³¥¶m,274
22.9186,121.1147,³À³¥,C0S710,2017-01-11T02:00:00+08:00,313.0,352.0,1.8,15.0,-0.99,976.5,-99.0,0.0,-9.9,-99,-999,»OªF¿¤,22,³À³¥¶m,274
22.9186,121.1147,³À³¥,C0S710,2017-01-11T03:00:00+08:00,313.0,5.0,1.4,14.6,-0.99,976.1,-99.0,0.0,-9.9,-99,-999,»OªF¿¤,22,³À³¥¶m,274
22.9186,121.1147,³À³¥,C0S710,2017-01-11T04:00:00+08:00,313.0,354.0,1.6,14.3,-0.99,975.5,-99.0,0.0,-9.9,-99,-999,»OªF¿¤,22,³À³¥¶m,274
22.9186,121.1147,³À³¥,C0S710,2017-01-11T05:00:00+08:00,313.0,17.0,1.6,14.5,-0.99,975.8,-99.0,0.0,-9.9,-99,-999,»OªF¿¤,22,³À³¥¶m,274
22.9186,121.1147,³À³¥,C0S710,2017-01-11T06:00:00+08:00,313.0,9.0,1.8,14.8,-0.99,976.3,-99.0,0.0,-9.9,-99,-999,»OªF¿¤,22,³À³¥¶m,274
22.9186,121.1147,³À³¥,C0S710,2017-01-11T07:00:00+08:00,313.0,5.0,1.5,15.7,-0.99,976.9,-99.0,0.0,-9.9,-99,-999,»OªF¿¤,22,³À³¥¶m,274
22.9186,121.1147,³À³¥,C0S710,2017-01-11T08:00:00+08:00,313.0,358.0,2.3,15.6,-0.99,977.8,-99.0,0.0,-9.9,-99,-999,»OªF¿¤,22,³À³¥¶m,274
22.9186,121.1147,³À³¥,C0S710,2017-01-11T09:00:00+08:00,313.0,349.0,2.2,17.4,-0.99,978.3,-99.0,0.0,-9.9,-99,-999,»OªF¿¤,22,³À³¥¶m,274
22.9186,121.1147,³À³¥,C0S710,2017-01-11T10:00:00+08:00,313.0,25.0,1.8,18.8,-0.99,978.1,-99.0,0.0,-9.9,-99,-999,»OªF¿¤,22,³À³¥¶m,274
22.9186,121.1147,³À³¥,C0S710,2017-01-11T11:00:00+08:00,313.0,16.0,2.1,21.2,-0.99,977.0,-99.0,0.0,-9.9,-99,-999,»OªF¿¤,22,³À³¥¶m,274
22.9186,121.1147,³À³¥,C0S710,2017-01-11T12:00:00+08:00,313.0,14.0,1.6,21.4,-0.99,975.7,-99.0,0.0,-9.9,-99,-999,»OªF¿¤,22,³À³¥¶m,274
22.9186,121.1147,³À³¥,C0S710,2017-01-11T13:00:00+08:00,313.0,50.0,1.4,22.1,-0.99,974.3,-99.0,0.0,-9.9,-99,-999,»OªF¿¤,22,³À³¥¶m,274
22.9186,121.1147,³À³¥,C0S710,2017-01-11T14:00:00+08:00,313.0,51.0,0.7,21.7,-0.99,973.6,-99.0,0.0,-9.9,-99,-999,»OªF¿¤,22,³À³¥¶m,274
22.9186,121.1147,³À³¥,C0S710,2017-01-11T15:00:00+08:00,313.0,59.0,1.5,20.4,-0.99,973.3,-99.0,0.0,-9.9,-99,-999,»OªF¿¤,22,³À³¥¶m,274
22.9186,121.1147,³À³¥,C0S710,2017-01-11T16:00:00+08:00,313.0,358.0,1.9,19.3,-0.99,973.6,-99.0,0.0,-9.9,-99,-999,»OªF¿¤,22,³À³¥¶m,274
22.9186,121.1147,³À³¥,C0S710,2017-01-11T17:00:00+08:00,313.0,2.0,1.1,19.0,-0.99,974.2,-99.0,0.0,-9.9,-99,-999,»OªF¿¤,22,³À³¥¶m,274
22.9186,121.1147,³À³¥,C0S710,2017-01-11T18:00:00+08:00,313.0,344.0,0.8,18.8,-0.99,974.8,-99.0,0.0,-9.9,-99,-999,»OªF¿¤,22,³À³¥¶m,274
22.9186,121.1147,³À³¥,C0S710,2017-01-11T19:00:00+08:00,313.0,43.0,0.9,18.7,-0.99,975.4,-99.0,0.0,-9.9,-99,-999,»OªF¿¤,22,³À³¥¶m,274
22.9186,121.1147,³À³¥,C0S710,2017-01-11T20:00:00+08:00,313.0,359.0,2.5,18.3,-0.99,975.8,-99.0,0.0,-9.9,-99,-999,»OªF¿¤,22,³À³¥¶m,274
22.9186,121.1147,³À³¥,C0S710,2017-01-11T21:00:00+08:00,313.0,359.0,1.8,18.0,-0.99,976.2,-99.0,0.0,-9.9,-99,-999,»OªF¿¤,22,³À³¥¶m,274
22.9186,121.1147,³À³¥,C0S710,2017-01-11T22:00:00+08:00,313.0,3.0,2.2,17.7,-0.99,976.2,-99.0,0.0,-9.9,-99,-999,»OªF¿¤,22,³À³¥¶m,274
22.9186,121.1147,³À³¥,C0S710,2017-01-11T23:00:00+08:00,313.0,355.0,1.6,17.4,-0.99,976.0,-99.0,0.0,-9.9,-99,-999,»OªF¿¤,22,³À³¥¶m,274
22.9186,121.1147,³À³¥,C0S710,2017-01-12T00:00:00+08:00,313.0,2.0,1.1,17.2,-0.99,975.4,-99.0,0.0,-9.9,-99,-999,»OªF¿¤,22,³À³¥¶m,274
22.9186,121.1147,³À³¥,C0S710,2017-01-12T01:00:00+08:00,313.0,7.0,0.8,17.0,-0.99,975.0,-99.0,0.0,-9.9,-99,-999,»OªF¿¤,22,³À³¥¶m,274
22.9186,121.1147,³À³¥,C0S710,2017-01-12T02:00:00+08:00,313.0,356.0,1.3,17.0,-0.99,974.5,-99.0,0.0,-9.9,-99,-999,»OªF¿¤,22,³À³¥¶m,274
22.9186,121.1147,³À³¥,C0S710,2017-01-12T03:00:00+08:00,313.0,343.0,1.0,16.9,-0.99,973.8,-99.0,0.0,-9.9,-99,-999,»OªF¿¤,22,³À³¥¶m,274
22.9186,121.1147,³À³¥,C0S710,2017-01-12T04:00:00+08:00,313.0,27.0,0.9,17.2,-0.99,973.4,-99.0,0.0,-9.9,-99,-999,»OªF¿¤,22,³À³¥¶m,274
22.9186,121.1147,³À³¥,C0S710,2017-01-12T05:00:00+08:00,313.0,326.0,1.0,17.4,-0.99,973.2,-99.0,0.0,-9.9,-99,-999,»OªF¿¤,22,³À³¥¶m,274
22.9186,121.1147,³À³¥,C0S710,2017-01-12T06:00:00+08:00,313.0,352.0,1.1,17.0,-0.99,973.2,-99.0,0.0,-9.9,-99,-999,»OªF¿¤,22,³À³¥¶m,274
22.9186,121.1147,³À³¥,C0S710,2017-01-12T07:00:00+08:00,313.0,2.0,1.0,17.6,-0.99,973.5,-99.0,0.0,-9.9,-99,-999,»OªF¿¤,22,³À³¥¶m,274
22.9186,121.1147,³À³¥,C0S710,2017-01-12T08:00:00+08:00,313.0,321.0,0.7,18.1,-0.99,974.0,-99.0,0.0,-9.9,-99,-999,»OªF¿¤,22,³À³¥¶m,274
22.9186,121.1147,³À³¥,C0S710,2017-01-12T09:00:00+08:00,313.0,0.0,0.2,20.3,-0.99,974.3,-99.0,0.0,-9.9,-99,-999,»OªF¿¤,22,³À³¥¶m,274
22.9186,121.1147,³À³¥,C0S710,2017-01-12T10:00:00+08:00,313.0,0.0,0.1,20.1,-0.99,973.9,-99.0,0.0,-9.9,-99,-999,»OªF¿¤,22,³À³¥¶m,274
22.9186,121.1147,³À³¥,C0S710,2017-01-12T11:00:00+08:00,313.0,25.0,0.3,20.8,-0.99,973.3,-99.0,0.0,-9.9,-99,-999,»OªF¿¤,22,³À³¥¶m,274
22.9186,121.1147,³À³¥,C0S710,2017-01-12T12:00:00+08:00,313.0,144.0,0.8,20.1,-0.99,972.1,-99.0,0.0,-9.9,-99,-999,»OªF¿¤,22,³À³¥¶m,274
22.9186,121.1147,³À³¥,C0S710,2017-01-12T13:00:00+08:00,313.0,110.0,0.3,18.6,-0.99,971.1,-99.0,0.0,-9.9,-99,-999,»OªF¿¤,22,³À³¥¶m,274
22.9186,121.1147,³À³¥,C0S710,2017-01-12T14:00:00+08:00,313.0,0.0,0.0,18.7,-0.99,970.4,-99.0,0.0,-9.9,-99,-999,»OªF¿¤,22,³À³¥¶m,274
22.9186,121.1147,³À³¥,C0S710,2017-01-12T15:00:00+08:00,313.0,261.0,0.8,18.0,-0.99,970.1,-99.0,1.0,-9.9,-99,-999,»OªF¿¤,22,³À³¥¶m,274
22.9186,121.1147,³À³¥,C0S710,2017-01-12T16:00:00+08:00,313.0,243.0,0.7,18.0,-0.99,970.4,-99.0,3.0,-9.9,-99,-999,»OªF¿¤,22,³À³¥¶m,274
22.9186,121.1147,³À³¥,C0S710,2017-01-12T17:00:00+08:00,313.0,227.0,0.3,17.9,-0.99,970.8,-99.0,3.5,-9.9,-99,-999,»OªF¿¤,22,³À³¥¶m,274
22.9186,121.1147,³À³¥,C0S710,2017-01-12T18:00:00+08:00,313.0,220.0,0.7,17.8,-0.99,971.0,-99.0,4.0,-9.9,-99,-999,»OªF¿¤,22,³À³¥¶m,274
22.9186,121.1147,³À³¥,C0S710,2017-01-12T19:00:00+08:00,313.0,277.0,1.3,17.6,-0.99,971.2,-99.0,5.0,-9.9,-99,-999,»OªF¿¤,22,³À³¥¶m,274
22.9186,121.1147,³À³¥,C0S710,2017-01-12T20:00:00+08:00,313.0,32.0,0.6,17.9,-0.99,971.4,-99.0,5.0,-9.9,-99,-999,»OªF¿¤,22,³À³¥¶m,274
22.9186,121.1147,³À³¥,C0S710,2017-01-12T21:00:00+08:00,313.0,339.0,0.8,17.7,-0.99,971.5,-99.0,5.0,-9.9,-99,-999,»OªF¿¤,22,³À³¥¶m,274
22.9186,121.1147,³À³¥,C0S710,2017-01-12T22:00:00+08:00,313.0,345.0,1.2,17.7,-0.99,971.6,-99.0,5.0,-9.9,-99,-999,»OªF¿¤,22,³À³¥¶m,274
22.9186,121.1147,³À³¥,C0S710,2017-01-12T23:00:00+08:00,313.0,359.0,0.7,17.6,-0.99,971.5,-99.0,5.0,-9.9,-99,-999,»OªF¿¤,22,³À³¥¶m,274
22.9186,121.1147,³À³¥,C0S710,2017-01-13T00:00:00+08:00,313.0,12.0,0.3,18.2,-0.99,971.1,-99.0,5.0,-9.9,-99,-999,»OªF¿¤,22,³À³¥¶m,274
22.9186,121.1147,³À³¥,C0S710,2017-01-13T01:00:00+08:00,313.0,354.0,1.2,17.5,-0.99,970.6,-99.0,0.0,-9.9,-99,-999,»OªF¿¤,22,³À³¥¶m,274
22.9186,121.1147,³À³¥,C0S710,2017-01-13T02:00:00+08:00,313.0,154.0,0.5,17.7,-0.99,969.9,-99.0,0.0,-9.9,-99,-999,»OªF¿¤,22,³À³¥¶m,274
22.9186,121.1147,³À³¥,C0S710,2017-01-13T03:00:00+08:00,313.0,1.0,0.9,17.0,-0.99,969.6,-99.0,0.0,-9.9,-99,-999,»OªF¿¤,22,³À³¥¶m,274
22.9186,121.1147,³À³¥,C0S710,2017-01-13T04:00:00+08:00,313.0,4.0,1.6,16.9,-0.99,969.8,-99.0,0.0,-9.9,-99,-999,»OªF¿¤,22,³À³¥¶m,274
22.9186,121.1147,³À³¥,C0S710,2017-01-13T05:00:00+08:00,313.0,5.0,1.4,16.8,-0.99,969.9,-99.0,0.0,-9.9,-99,-999,»OªF¿¤,22,³À³¥¶m,274
22.9186,121.1147,³À³¥,C0S710,2017-01-13T06:00:00+08:00,313.0,358.0,2.5,16.8,-0.99,970.4,-99.0,0.0,-9.9,-99,-999,»OªF¿¤,22,³À³¥¶m,274
22.9186,121.1147,³À³¥,C0S710,2017-01-13T07:00:00+08:00,313.0,360.0,2.0,17.0,-0.99,971.0,-99.0,0.0,-9.9,-99,-999,»OªF¿¤,22,³À³¥¶m,274
22.9186,121.1147,³À³¥,C0S710,2017-01-13T08:00:00+08:00,313.0,358.0,2.2,17.5,-0.99,971.7,-99.0,0.0,-9.9,-99,-999,»OªF¿¤,22,³À³¥¶m,274
22.9186,121.1147,³À³¥,C0S710,2017-01-13T09:00:00+08:00,313.0,12.0,3.4,17.6,-0.99,972.1,-99.0,0.0,-9.9,-99,-999,»OªF¿¤,22,³À³¥¶m,274
22.9186,121.1147,³À³¥,C0S710,2017-01-13T10:00:00+08:00,313.0,16.0,3.1,17.6,-0.99,972.4,-99.0,0.5,-9.9,-99,-999,»OªF¿¤,22,³À³¥¶m,274
22.9186,121.1147,³À³¥,C0S710,2017-01-13T11:00:00+08:00,313.0,5.0,3.1,17.6,-0.99,972.0,-99.0,0.5,-9.9,-99,-999,»OªF¿¤,22,³À³¥¶m,274
22.9186,121.1147,³À³¥,C0S710,2017-01-13T12:00:00+08:00,313.0,6.0,2.5,16.9,-0.99,971.2,-99.0,0.5,-9.9,-99,-999,»OªF¿¤,22,³À³¥¶m,274
22.9186,121.1147,³À³¥,C0S710,2017-01-13T13:00:00+08:00,313.0,7.0,2.6,16.9,-0.99,970.8,-99.0,0.5,-9.9,-99,-999,»OªF¿¤,22,³À³¥¶m,274
22.9186,121.1147,³À³¥,C0S710,2017-01-13T14:00:00+08:00,313.0,3.0,2.6,16.5,-0.99,970.7,-99.0,0.5,-9.9,-99,-999,»OªF¿¤,22,³À³¥¶m,274
22.9186,121.1147,³À³¥,C0S710,2017-01-13T15:00:00+08:00,313.0,23.0,1.7,16.5,-0.99,970.7,-99.0,0.5,-9.9,-99,-999,»OªF¿¤,22,³À³¥¶m,274
22.9186,121.1147,³À³¥,C0S710,2017-01-13T16:00:00+08:00,313.0,17.0,1.4,16.5,-0.99,971.1,-99.0,0.5,-9.9,-99,-999,»OªF¿¤,22,³À³¥¶m,274
22.9186,121.1147,³À³¥,C0S710,2017-01-13T17:00:00+08:00,313.0,9.0,1.9,16.3,-0.99,971.5,-99.0,0.5,-9.9,-99,-999,»OªF¿¤,22,³À³¥¶m,274
22.9186,121.1147,³À³¥,C0S710,2017-01-13T18:00:00+08:00,313.0,5.0,2.8,15.9,-0.99,971.8,-99.0,0.5,-9.9,-99,-999,»OªF¿¤,22,³À³¥¶m,274
22.9186,121.1147,³À³¥,C0S710,2017-01-13T19:00:00+08:00,313.0,6.0,3.8,15.7,-0.99,972.3,-99.0,0.5,-9.9,-99,-999,»OªF¿¤,22,³À³¥¶m,274
22.9186,121.1147,³À³¥,C0S710,2017-01-13T20:00:00+08:00,313.0,6.0,2.8,15.4,-0.99,973.0,-99.0,0.5,-9.9,-99,-999,»OªF¿¤,22,³À³¥¶m,274
22.9186,121.1147,³À³¥,C0S710,2017-01-13T21:00:00+08:00,313.0,13.0,2.1,15.2,-0.99,973.2,-99.0,0.5,-9.9,-99,-999,»OªF¿¤,22,³À³¥¶m,274
22.9186,121.1147,³À³¥,C0S710,2017-01-13T22:00:00+08:00,313.0,9.0,2.4,15.3,-0.99,973.5,-99.0,0.5,-9.9,-99,-999,»OªF¿¤,22,³À³¥¶m,274
22.9186,121.1147,³À³¥,C0S710,2017-01-13T23:00:00+08:00,313.0,21.0,2.1,15.3,-0.99,973.4,-99.0,0.5,-9.9,-99,-999,»OªF¿¤,22,³À³¥¶m,274
22.9186,121.1147,³À³¥,C0S710,2017-01-14T00:00:00+08:00,313.0,16.0,2.3,15.1,-0.99,973.1,-99.0,0.5,-9.9,-99,-999,»OªF¿¤,22,³À³¥¶m,274
22.9186,121.1147,³À³¥,C0S710,2017-01-14T01:00:00+08:00,313.0,37.0,2.2,14.9,-0.99,972.8,-99.0,0.0,-9.9,-99,-999,»OªF¿¤,22,³À³¥¶m,274
22.9186,121.1147,³À³¥,C0S710,2017-01-14T02:00:00+08:00,313.0,2.0,3.7,14.7,-0.99,972.5,-99.0,0.0,-9.9,-99,-999,»OªF¿¤,22,³À³¥¶m,274
22.9186,121.1147,³À³¥,C0S710,2017-01-14T03:00:00+08:00,313.0,12.0,2.5,14.6,-0.99,972.5,-99.0,0.0,-9.9,-99,-999,»OªF¿¤,22,³À³¥¶m,274
22.9186,121.1147,³À³¥,C0S710,2017-01-14T04:00:00+08:00,313.0,6.0,3.9,14.7,-0.99,972.7,-99.0,1.0,-9.9,-99,-999,»OªF¿¤,22,³À³¥¶m,274
22.9186,121.1147,³À³¥,C0S710,2017-01-14T05:00:00+08:00,313.0,11.0,3.0,14.5,-0.99,972.8,-99.0,1.0,-9.9,-99,-999,»OªF¿¤,22,³À³¥¶m,274
22.9186,121.1147,³À³¥,C0S710,2017-01-14T06:00:00+08:00,313.0,7.0,3.3,14.5,-0.99,973.4,-99.0,1.0,-9.9,-99,-999,»OªF¿¤,22,³À³¥¶m,274
22.9186,121.1147,³À³¥,C0S710,2017-01-14T07:00:00+08:00,313.0,7.0,3.8,14.4,-0.99,973.9,-99.0,1.0,-9.9,-99,-999,»OªF¿¤,22,³À³¥¶m,274
22.9186,121.1147,³À³¥,C0S710,2017-01-14T08:00:00+08:00,313.0,360.0,4.3,14.2,-0.99,974.8,-99.0,1.0,-9.9,-99,-999,»OªF¿¤,22,³À³¥¶m,274
22.9186,121.1147,³À³¥,C0S710,2017-01-14T10:00:00+08:00,313.0,8.0,4.0,14.0,-0.99,975.7,-99.0,1.0,-9.9,-99,-999,»OªF¿¤,22,³À³¥¶m,274
22.9186,121.1147,³À³¥,C0S710,2017-01-14T11:00:00+08:00,313.0,16.0,3.1,14.3,-0.99,975.2,-99.0,1.0,-9.9,-99,-999,»OªF¿¤,22,³À³¥¶m,274
22.9186,121.1147,³À³¥,C0S710,2017-01-14T12:00:00+08:00,313.0,13.0,3.3,14.4,-0.99,974.4,-99.0,1.0,-9.9,-99,-999,»OªF¿¤,22,³À³¥¶m,274
22.9186,121.1147,³À³¥,C0S710,2017-01-14T13:00:00+08:00,313.0,14.0,2.9,14.7,-0.99,973.8,-99.0,1.0,-9.9,-99,-999,»OªF¿¤,22,³À³¥¶m,274
22.9186,121.1147,³À³¥,C0S710,2017-01-14T14:00:00+08:00,313.0,4.0,2.7,14.8,-0.99,973.8,-99.0,1.0,-9.9,-99,-999,»OªF¿¤,22,³À³¥¶m,274
22.9186,121.1147,³À³¥,C0S710,2017-01-14T15:00:00+08:00,313.0,22.0,3.1,14.5,-0.99,973.5,-99.0,1.0,-9.9,-99,-999,»OªF¿¤,22,³À³¥¶m,274
22.9186,121.1147,³À³¥,C0S710,2017-01-14T16:00:00+08:00,313.0,1.0,4.2,14.5,-0.99,974.0,-99.0,1.0,-9.9,-99,-999,»OªF¿¤,22,³À³¥¶m,274
22.9186,121.1147,³À³¥,C0S710,2017-01-14T17:00:00+08:00,313.0,7.0,3.3,14.2,-0.99,974.9,-99.0,1.0,-9.9,-99,-999,»OªF¿¤,22,³À³¥¶m,274
22.9186,121.1147,³À³¥,C0S710,2017-01-14T18:00:00+08:00,313.0,359.0,2.8,13.9,-0.99,975.7,-99.0,1.0,-9.9,-99,-999,»OªF¿¤,22,³À³¥¶m,274
22.9186,121.1147,³À³¥,C0S710,2017-01-14T19:00:00+08:00,313.0,13.0,1.8,13.9,-0.99,976.0,-99.0,1.0,-9.9,-99,-999,»OªF¿¤,22,³À³¥¶m,274
22.9186,121.1147,³À³¥,C0S710,2017-01-14T20:00:00+08:00,313.0,5.0,2.9,13.7,-0.99,976.5,-99.0,1.0,-9.9,-99,-999,»OªF¿¤,22,³À³¥¶m,274
22.9186,121.1147,³À³¥,C0S710,2017-01-14T21:00:00+08:00,313.0,26.0,2.4,13.5,-0.99,976.9,-99.0,1.0,-9.9,-99,-999,»OªF¿¤,22,³À³¥¶m,274
22.9186,121.1147,³À³¥,C0S710,2017-01-14T22:00:00+08:00,313.0,17.0,2.3,13.3,-0.99,976.8,-99.0,1.0,-9.9,-99,-999,»OªF¿¤,22,³À³¥¶m,274
22.9186,121.1147,³À³¥,C0S710,2017-01-14T23:00:00+08:00,313.0,359.0,3.2,13.2,-0.99,976.6,-99.0,1.0,-9.9,-99,-999,»OªF¿¤,22,³À³¥¶m,274
22.9186,121.1147,³À³¥,C0S710,2017-01-15T00:00:00+08:00,313.0,5.0,3.0,13.4,-0.99,976.6,-99.0,1.0,-9.9,-99,-999,»OªF¿¤,22,³À³¥¶m,274
22.9186,121.1147,³À³¥,C0S710,2017-01-15T01:00:00+08:00,313.0,13.0,2.0,13.3,-0.99,976.6,-99.0,0.0,-9.9,-99,-999,»OªF¿¤,22,³À³¥¶m,274
22.9186,121.1147,³À³¥,C0S710,2017-01-15T02:00:00+08:00,313.0,10.0,2.9,13.3,-0.99,976.2,-99.0,0.0,-9.9,-99,-999,»OªF¿¤,22,³À³¥¶m,274
22.9186,121.1147,³À³¥,C0S710,2017-01-15T03:00:00+08:00,313.0,6.0,3.0,13.6,-0.99,975.9,-99.0,0.0,-9.9,-99,-999,»OªF¿¤,22,³À³¥¶m,274
22.9186,121.1147,³À³¥,C0S710,2017-01-15T04:00:00+08:00,313.0,8.0,3.9,13.9,-0.99,975.8,-99.0,0.0,-9.9,-99,-999,»OªF¿¤,22,³À³¥¶m,274
22.9186,121.1147,³À³¥,C0S710,2017-01-15T05:00:00+08:00,313.0,5.0,3.7,14.0,-0.99,976.3,-99.0,0.0,-9.9,-99,-999,»OªF¿¤,22,³À³¥¶m,274
22.9186,121.1147,³À³¥,C0S710,2017-01-15T06:00:00+08:00,313.0,18.0,3.1,14.0,-0.99,976.4,-99.0,0.0,-9.9,-99,-999,»OªF¿¤,22,³À³¥¶m,274
22.9186,121.1147,³À³¥,C0S710,2017-01-15T07:00:00+08:00,313.0,7.0,3.1,13.8,-0.99,976.7,-99.0,0.0,-9.9,-99,-999,»OªF¿¤,22,³À³¥¶m,274
22.9186,121.1147,³À³¥,C0S710,2017-01-15T08:00:00+08:00,313.0,8.0,3.3,14.1,-0.99,977.5,-99.0,0.0,-9.9,-99,-999,»OªF¿¤,22,³À³¥¶m,274
22.9186,121.1147,³À³¥,C0S710,2017-01-15T09:00:00+08:00,313.0,26.0,1.8,14.7,-0.99,977.8,-99.0,0.0,-9.9,-99,-999,»OªF¿¤,22,³À³¥¶m,274
22.9186,121.1147,³À³¥,C0S710,2017-01-15T10:00:00+08:00,313.0,17.0,2.0,15.9,-0.99,977.4,-99.0,0.0,-9.9,-99,-999,»OªF¿¤,22,³À³¥¶m,274
22.9186,121.1147,³À³¥,C0S710,2017-01-15T11:00:00+08:00,313.0,33.0,1.9,16.0,-0.99,976.8,-99.0,0.0,-9.9,-99,-999,»OªF¿¤,22,³À³¥¶m,274
22.9186,121.1147,³À³¥,C0S710,2017-01-15T12:00:00+08:00,313.0,16.0,2.1,15.7,-0.99,976.1,-99.0,0.0,-9.9,-99,-999,»OªF¿¤,22,³À³¥¶m,274
22.9186,121.1147,³À³¥,C0S710,2017-01-15T13:00:00+08:00,313.0,10.0,2.8,15.3,-0.99,975.2,-99.0,0.0,-9.9,-99,-999,»OªF¿¤,22,³À³¥¶m,274
22.9186,121.1147,³À³¥,C0S710,2017-01-15T14:00:00+08:00,313.0,11.0,2.4,15.4,-0.99,974.7,-99.0,0.0,-9.9,-99,-999,»OªF¿¤,22,³À³¥¶m,274
22.9186,121.1147,³À³¥,C0S710,2017-01-15T15:00:00+08:00,313.0,17.0,2.3,15.4,-0.99,974.5,-99.0,0.0,-9.9,-99,-999,»OªF¿¤,22,³À³¥¶m,274
22.9186,121.1147,³À³¥,C0S710,2017-01-15T16:00:00+08:00,313.0,11.0,3.0,15.1,-0.99,975.0,-99.0,0.0,-9.9,-99,-999,»OªF¿¤,22,³À³¥¶m,274
22.9186,121.1147,³À³¥,C0S710,2017-01-15T17:00:00+08:00,313.0,27.0,2.6,14.7,-0.99,975.4,-99.0,0.0,-9.9,-99,-999,»OªF¿¤,22,³À³¥¶m,274
22.9186,121.1147,³À³¥,C0S710,2017-01-15T18:00:00+08:00,313.0,16.0,2.9,14.4,-0.99,976.0,-99.0,0.0,-9.9,-99,-999,»OªF¿¤,22,³À³¥¶m,274
22.9186,121.1147,³À³¥,C0S710,2017-01-15T19:00:00+08:00,313.0,16.0,2.9,13.6,-0.99,976.2,-99.0,0.0,-9.9,-99,-999,»OªF¿¤,22,³À³¥¶m,274
22.9186,121.1147,³À³¥,C0S710,2017-01-15T20:00:00+08:00,313.0,5.0,2.6,13.4,-0.99,976.6,-99.0,0.0,-9.9,-99,-999,»OªF¿¤,22,³À³¥¶m,274
22.9186,121.1147,³À³¥,C0S710,2017-01-15T21:00:00+08:00,313.0,360.0,3.6,13.6,-0.99,977.0,-99.0,0.0,-9.9,-99,-999,»OªF¿¤,22,³À³¥¶m,274
22.9186,121.1147,³À³¥,C0S710,2017-01-15T22:00:00+08:00,313.0,23.0,1.9,13.4,-0.99,976.9,-99.0,0.0,-9.9,-99,-999,»OªF¿¤,22,³À³¥¶m,274
22.9186,121.1147,³À³¥,C0S710,2017-01-15T23:00:00+08:00,313.0,7.0,2.4,13.8,-0.99,976.8,-99.0,0.0,-9.9,-99,-999,»OªF¿¤,22,³À³¥¶m,274
22.9186,121.1147,³À³¥,C0S710,2017-01-16T00:00:00+08:00,313.0,18.0,2.0,13.6,-0.99,976.6,-99.0,0.0,-9.9,-99,-999,»OªF¿¤,22,³À³¥¶m,274
22.9186,121.1147,³À³¥,C0S710,2017-01-16T01:00:00+08:00,313.0,2.0,2.4,13.4,-0.99,976.3,-99.0,0.0,-9.9,-99,-999,»OªF¿¤,22,³À³¥¶m,274
22.9186,121.1147,³À³¥,C0S710,2017-01-16T02:00:00+08:00,313.0,4.0,2.5,13.4,-0.99,975.7,-99.0,0.0,-9.9,-99,-999,»OªF¿¤,22,³À³¥¶m,274
22.9186,121.1147,³À³¥,C0S710,2017-01-16T03:00:00+08:00,313.0,358.0,2.5,13.4,-0.99,975.6,-99.0,0.0,-9.9,-99,-999,»OªF¿¤,22,³À³¥¶m,274
22.9186,121.1147,³À³¥,C0S710,2017-01-16T04:00:00+08:00,313.0,5.0,3.2,13.6,-0.99,975.6,-99.0,0.0,-9.9,-99,-999,»OªF¿¤,22,³À³¥¶m,274
22.9186,121.1147,³À³¥,C0S710,2017-01-16T05:00:00+08:00,313.0,20.0,2.2,13.9,-0.99,976.1,-99.0,0.0,-9.9,-99,-999,»OªF¿¤,22,³À³¥¶m,274
22.9186,121.1147,³À³¥,C0S710,2017-01-16T06:00:00+08:00,313.0,5.0,3.5,13.7,-0.99,976.7,-99.0,0.0,-9.9,-99,-999,»OªF¿¤,22,³À³¥¶m,274
22.9186,121.1147,³À³¥,C0S710,2017-01-16T07:00:00+08:00,313.0,8.0,3.1,13.8,-0.99,977.2,-99.0,0.0,-9.9,-99,-999,»OªF¿¤,22,³À³¥¶m,274
22.9186,121.1147,³À³¥,C0S710,2017-01-16T08:00:00+08:00,313.0,14.0,2.7,14.8,-0.99,977.7,-99.0,0.0,-9.9,-99,-999,»OªF¿¤,22,³À³¥¶m,274
22.9186,121.1147,³À³¥,C0S710,2017-01-16T10:00:00+08:00,313.0,33.0,2.0,16.0,-0.99,978.2,-99.0,0.0,-9.9,-99,-999,»OªF¿¤,22,³À³¥¶m,274
22.9186,121.1147,³À³¥,C0S710,2017-01-16T11:00:00+08:00,313.0,16.0,2.7,17.2,-0.99,977.7,-99.0,0.0,-9.9,-99,-999,»OªF¿¤,22,³À³¥¶m,274
22.9186,121.1147,³À³¥,C0S710,2017-01-16T12:00:00+08:00,313.0,12.0,2.7,17.7,-0.99,976.6,-99.0,0.0,-9.9,-99,-999,»OªF¿¤,22,³À³¥¶m,274
22.9186,121.1147,³À³¥,C0S710,2017-01-16T13:00:00+08:00,313.0,20.0,3.0,18.2,-0.99,975.7,-99.0,0.0,-9.9,-99,-999,»OªF¿¤,22,³À³¥¶m,274
22.9186,121.1147,³À³¥,C0S710,2017-01-16T14:00:00+08:00,313.0,38.0,3.2,18.7,-0.99,975.1,-99.0,0.0,-9.9,-99,-999,»OªF¿¤,22,³À³¥¶m,274
22.9186,121.1147,³À³¥,C0S710,2017-01-16T15:00:00+08:00,313.0,25.0,2.4,17.9,-0.99,974.9,-99.0,0.0,-9.9,-99,-999,»OªF¿¤,22,³À³¥¶m,274
22.9186,121.1147,³À³¥,C0S710,2017-01-16T16:00:00+08:00,313.0,9.0,2.9,17.3,-0.99,975.2,-99.0,0.0,-9.9,-99,-999,»OªF¿¤,22,³À³¥¶m,274
22.9186,121.1147,³À³¥,C0S710,2017-01-16T17:00:00+08:00,313.0,3.0,4.0,16.4,-0.99,975.9,-99.0,0.0,-9.9,-99,-999,»OªF¿¤,22,³À³¥¶m,274
22.9186,121.1147,³À³¥,C0S710,2017-01-16T18:00:00+08:00,313.0,2.0,4.0,15.9,-0.99,976.6,-99.0,0.0,-9.9,-99,-999,»OªF¿¤,22,³À³¥¶m,274
22.9186,121.1147,³À³¥,C0S710,2017-01-16T19:00:00+08:00,313.0,15.0,3.1,15.4,-0.99,977.3,-99.0,0.0,-9.9,-99,-999,»OªF¿¤,22,³À³¥¶m,274
22.9186,121.1147,³À³¥,C0S710,2017-01-16T20:00:00+08:00,313.0,359.0,4.0,14.5,-0.99,978.1,-99.0,0.0,-9.9,-99,-999,»OªF¿¤,22,³À³¥¶m,274
22.9186,121.1147,³À³¥,C0S710,2017-01-16T21:00:00+08:00,313.0,357.0,3.6,14.6,-0.99,978.6,-99.0,0.0,-9.9,-99,-999,»OªF¿¤,22,³À³¥¶m,274
22.9186,121.1147,³À³¥,C0S710,2017-01-16T22:00:00+08:00,313.0,2.0,2.6,14.0,-0.99,978.9,-99.0,0.0,-9.9,-99,-999,»OªF¿¤,22,³À³¥¶m,274
22.9186,121.1147,³À³¥,C0S710,2017-01-16T23:00:00+08:00,313.0,40.0,2.0,13.5,-0.99,978.7,-99.0,0.0,-9.9,-99,-999,»OªF¿¤,22,³À³¥¶m,274
22.9186,121.1147,³À³¥,C0S710,2017-01-17T00:00:00+08:00,313.0,360.0,3.3,13.4,-0.99,978.5,-99.0,0.0,-9.9,-99,-999,»OªF¿¤,22,³À³¥¶m,274
22.9186,121.1147,³À³¥,C0S710,2017-01-17T01:00:00+08:00,313.0,13.0,2.0,13.5,-0.99,978.2,-99.0,0.0,-9.9,-99,-999,»OªF¿¤,22,³À³¥¶m,274
22.9186,121.1147,³À³¥,C0S710,2017-01-17T02:00:00+08:00,313.0,1.0,2.5,13.6,-0.99,978.0,-99.0,0.0,-9.9,-99,-999,»OªF¿¤,22,³À³¥¶m,274
22.9186,121.1147,³À³¥,C0S710,2017-01-17T03:00:00+08:00,313.0,357.0,2.7,12.9,-0.99,977.8,-99.0,0.0,-9.9,-99,-999,»OªF¿¤,22,³À³¥¶m,274
22.9186,121.1147,³À³¥,C0S710,2017-01-17T04:00:00+08:00,313.0,4.0,2.5,13.4,-0.99,977.6,-99.0,0.0,-9.9,-99,-999,»OªF¿¤,22,³À³¥¶m,274
22.9186,121.1147,³À³¥,C0S710,2017-01-17T05:00:00+08:00,313.0,354.0,1.1,13.2,-0.99,978.0,-99.0,0.0,-9.9,-99,-999,»OªF¿¤,22,³À³¥¶m,274
22.9186,121.1147,³À³¥,C0S710,2017-01-17T06:00:00+08:00,313.0,355.0,2.8,12.5,-0.99,978.6,-99.0,0.0,-9.9,-99,-999,»OªF¿¤,22,³À³¥¶m,274
22.9186,121.1147,³À³¥,C0S710,2017-01-17T07:00:00+08:00,313.0,4.0,2.0,12.9,-0.99,979.0,-99.0,0.0,-9.9,-99,-999,»OªF¿¤,22,³À³¥¶m,274
22.9186,121.1147,³À³¥,C0S710,2017-01-17T08:00:00+08:00,313.0,340.0,1.8,13.4,-0.99,979.4,-99.0,0.0,-9.9,-99,-999,»OªF¿¤,22,³À³¥¶m,274
22.9186,121.1147,³À³¥,C0S710,2017-01-17T09:00:00+08:00,313.0,2.0,2.6,14.9,-0.99,979.9,-99.0,0.0,-9.9,-99,-999,»OªF¿¤,22,³À³¥¶m,274
22.9186,121.1147,³À³¥,C0S710,2017-01-17T10:00:00+08:00,313.0,24.0,1.3,16.5,-0.99,979.8,-99.0,0.0,-9.9,-99,-999,»OªF¿¤,22,³À³¥¶m,274
22.9186,121.1147,³À³¥,C0S710,2017-01-17T11:00:00+08:00,313.0,39.0,1.7,18.0,-0.99,979.2,-99.0,0.0,-9.9,-99,-999,»OªF¿¤,22,³À³¥¶m,274
22.9186,121.1147,³À³¥,C0S710,2017-01-17T12:00:00+08:00,313.0,34.0,1.6,19.3,-0.99,978.4,-99.0,0.0,-9.9,-99,-999,»OªF¿¤,22,³À³¥¶m,274
22.9186,121.1147,³À³¥,C0S710,2017-01-17T13:00:00+08:00,313.0,29.0,0.4,20.7,-0.99,977.4,-99.0,0.0,-9.9,-99,-999,»OªF¿¤,22,³À³¥¶m,274
22.9186,121.1147,³À³¥,C0S710,2017-01-17T14:00:00+08:00,313.0,55.0,0.5,22.3,-0.99,976.8,-99.0,0.0,-9.9,-99,-999,»OªF¿¤,22,³À³¥¶m,274
22.9186,121.1147,³À³¥,C0S710,2017-01-17T15:00:00+08:00,313.0,103.0,0.3,21.6,-0.99,976.4,-99.0,0.0,-9.9,-99,-999,»OªF¿¤,22,³À³¥¶m,274
22.9186,121.1147,³À³¥,C0S710,2017-01-17T16:00:00+08:00,313.0,200.0,0.4,20.1,-0.99,976.8,-99.0,0.0,-9.9,-99,-999,»OªF¿¤,22,³À³¥¶m,274
22.9186,121.1147,³À³¥,C0S710,2017-01-17T17:00:00+08:00,313.0,33.0,0.9,18.9,-0.99,977.3,-99.0,0.0,-9.9,-99,-999,»OªF¿¤,22,³À³¥¶m,274
22.9186,121.1147,³À³¥,C0S710,2017-01-17T18:00:00+08:00,313.0,357.0,1.3,18.3,-0.99,977.9,-99.0,0.0,-9.9,-99,-999,»OªF¿¤,22,³À³¥¶m,274
22.9186,121.1147,³À³¥,C0S710,2017-01-17T19:00:00+08:00,313.0,3.0,1.6,17.6,-0.99,978.7,-99.0,0.0,-9.9,-99,-999,»OªF¿¤,22,³À³¥¶m,274
22.9186,121.1147,³À³¥,C0S710,2017-01-17T20:00:00+08:00,313.0,2.0,2.6,16.8,-0.99,979.1,-99.0,0.0,-9.9,-99,-999,»OªF¿¤,22,³À³¥¶m,274
22.9186,121.1147,³À³¥,C0S710,2017-01-17T21:00:00+08:00,313.0,345.0,1.4,16.6,-0.99,979.5,-99.0,0.0,-9.9,-99,-999,»OªF¿¤,22,³À³¥¶m,274
22.9186,121.1147,³À³¥,C0S710,2017-01-17T22:00:00+08:00,313.0,4.0,0.8,16.7,-0.99,979.5,-99.0,0.0,-9.9,-99,-999,»OªF¿¤,22,³À³¥¶m,274
22.9186,121.1147,³À³¥,C0S710,2017-01-17T23:00:00+08:00,313.0,356.0,2.0,15.8,-0.99,979.3,-99.0,0.0,-9.9,-99,-999,»OªF¿¤,22,³À³¥¶m,274
22.9186,121.1147,³À³¥,C0S710,2017-01-18T00:00:00+08:00,313.0,7.0,0.8,16.0,-0.99,979.1,-99.0,0.0,-9.9,-99,-999,»OªF¿¤,22,³À³¥¶m,274
22.9186,121.1147,³À³¥,C0S710,2017-01-18T01:00:00+08:00,313.0,0.0,0.0,16.2,-0.99,979.0,-99.0,0.0,-9.9,-99,-999,»OªF¿¤,22,³À³¥¶m,274
22.9186,121.1147,³À³¥,C0S710,2017-01-18T02:00:00+08:00,313.0,4.0,0.3,15.8,-0.99,978.6,-99.0,0.0,-9.9,-99,-999,»OªF¿¤,22,³À³¥¶m,274
22.9186,121.1147,³À³¥,C0S710,2017-01-18T03:00:00+08:00,313.0,323.0,0.5,15.5,-0.99,978.3,-99.0,0.0,-9.9,-99,-999,»OªF¿¤,22,³À³¥¶m,274
22.9186,121.1147,³À³¥,C0S710,2017-01-18T04:00:00+08:00,313.0,250.0,0.4,16.0,-0.99,978.2,-99.0,0.0,-9.9,-99,-999,»OªF¿¤,22,³À³¥¶m,274
22.9186,121.1147,³À³¥,C0S710,2017-01-18T05:00:00+08:00,313.0,16.0,0.9,15.3,-0.99,978.4,-99.0,0.0,-9.9,-99,-999,»OªF¿¤,22,³À³¥¶m,274
22.9186,121.1147,³À³¥,C0S710,2017-01-18T06:00:00+08:00,313.0,4.0,1.3,15.5,-0.99,978.8,-99.0,0.0,-9.9,-99,-999,»OªF¿¤,22,³À³¥¶m,274
22.9186,121.1147,³À³¥,C0S710,2017-01-18T07:00:00+08:00,313.0,348.0,1.3,15.6,-0.99,979.1,-99.0,0.0,-9.9,-99,-999,»OªF¿¤,22,³À³¥¶m,274
22.9186,121.1147,³À³¥,C0S710,2017-01-18T08:00:00+08:00,313.0,23.0,1.2,16.1,-0.99,979.5,-99.0,0.0,-9.9,-99,-999,»OªF¿¤,22,³À³¥¶m,274
22.9186,121.1147,³À³¥,C0S710,2017-01-18T10:00:00+08:00,313.0,198.0,0.3,19.9,-0.99,979.6,-99.0,0.0,-9.9,-99,-999,»OªF¿¤,22,³À³¥¶m,274
22.9186,121.1147,³À³¥,C0S710,2017-01-18T11:00:00+08:00,313.0,187.0,0.7,22.0,-0.99,979.0,-99.0,0.0,-9.9,-99,-999,»OªF¿¤,22,³À³¥¶m,274
22.9186,121.1147,³À³¥,C0S710,2017-01-18T12:00:00+08:00,313.0,160.0,1.3,22.4,-0.99,978.0,-99.0,0.0,-9.9,-99,-999,»OªF¿¤,22,³À³¥¶m,274
22.9186,121.1147,³À³¥,C0S710,2017-01-18T13:00:00+08:00,313.0,155.0,1.5,23.4,-0.99,976.8,-99.0,0.0,-9.9,-99,-999,»OªF¿¤,22,³À³¥¶m,274
22.9186,121.1147,³À³¥,C0S710,2017-01-18T14:00:00+08:00,313.0,158.0,1.5,22.1,-0.99,976.1,-99.0,0.0,-9.9,-99,-999,»OªF¿¤,22,³À³¥¶m,274
22.9186,121.1147,³À³¥,C0S710,2017-01-18T15:00:00+08:00,313.0,191.0,0.9,21.1,-0.99,975.9,-99.0,0.0,-9.9,-99,-999,»OªF¿¤,22,³À³¥¶m,274
22.9186,121.1147,³À³¥,C0S710,2017-01-18T16:00:00+08:00,313.0,214.0,0.9,20.3,-0.99,976.2,-99.0,0.0,-9.9,-99,-999,»OªF¿¤,22,³À³¥¶m,274
22.9186,121.1147,³À³¥,C0S710,2017-01-18T17:00:00+08:00,313.0,0.0,0.1,19.8,-0.99,976.4,-99.0,0.0,-9.9,-99,-999,»OªF¿¤,22,³À³¥¶m,274
22.9186,121.1147,³À³¥,C0S710,2017-01-18T18:00:00+08:00,313.0,0.0,0.1,19.2,-0.99,976.5,-99.0,0.0,-9.9,-99,-999,»OªF¿¤,22,³À³¥¶m,274
22.9186,121.1147,³À³¥,C0S710,2017-01-18T19:00:00+08:00,313.0,0.0,0.0,19.0,-0.99,976.9,-99.0,0.0,-9.9,-99,-999,»OªF¿¤,22,³À³¥¶m,274
22.9186,121.1147,³À³¥,C0S710,2017-01-18T20:00:00+08:00,313.0,354.0,0.5,18.6,-0.99,977.3,-99.0,0.0,-9.9,-99,-999,»OªF¿¤,22,³À³¥¶m,274
22.9186,121.1147,³À³¥,C0S710,2017-01-18T21:00:00+08:00,313.0,33.0,0.4,18.5,-0.99,977.5,-99.0,0.0,-9.9,-99,-999,»OªF¿¤,22,³À³¥¶m,274
22.9186,121.1147,³À³¥,C0S710,2017-01-18T22:00:00+08:00,313.0,358.0,0.9,18.3,-0.99,977.6,-99.0,0.0,-9.9,-99,-999,»OªF¿¤,22,³À³¥¶m,274
22.9186,121.1147,³À³¥,C0S710,2017-01-18T23:00:00+08:00,313.0,36.0,0.8,18.1,-0.99,977.5,-99.0,0.0,-9.9,-99,-999,»OªF¿¤,22,³À³¥¶m,274
22.9186,121.1147,³À³¥,C0S710,2017-01-19T00:00:00+08:00,313.0,359.0,0.4,18.2,-0.99,977.2,-99.0,0.0,-9.9,-99,-999,»OªF¿¤,22,³À³¥¶m,274
22.9186,121.1147,³À³¥,C0S710,2017-01-19T01:00:00+08:00,313.0,0.0,0.1,17.9,-0.99,976.9,-99.0,0.0,-9.9,-99,-999,»OªF¿¤,22,³À³¥¶m,274
22.9186,121.1147,³À³¥,C0S710,2017-01-19T02:00:00+08:00,313.0,72.0,0.3,17.5,-0.99,976.5,-99.0,0.0,-9.9,-99,-999,»OªF¿¤,22,³À³¥¶m,274
22.9186,121.1147,³À³¥,C0S710,2017-01-19T03:00:00+08:00,313.0,359.0,0.3,17.8,-0.99,976.4,-99.0,0.0,-9.9,-99,-999,»OªF¿¤,22,³À³¥¶m,274
22.9186,121.1147,³À³¥,C0S710,2017-01-19T04:00:00+08:00,313.0,0.0,0.2,17.8,-0.99,976.3,-99.0,0.0,-9.9,-99,-999,»OªF¿¤,22,³À³¥¶m,274
22.9186,121.1147,³À³¥,C0S710,2017-01-19T05:00:00+08:00,313.0,31.0,1.0,17.2,-0.99,976.5,-99.0,0.0,-9.9,-99,-999,»OªF¿¤,22,³À³¥¶m,274
22.9186,121.1147,³À³¥,C0S710,2017-01-19T06:00:00+08:00,313.0,10.0,0.8,17.2,-0.99,977.0,-99.0,0.0,-9.9,-99,-999,»OªF¿¤,22,³À³¥¶m,274
22.9186,121.1147,³À³¥,C0S710,2017-01-19T07:00:00+08:00,313.0,54.0,0.5,16.4,-0.99,977.4,-99.0,0.0,-9.9,-99,-999,»OªF¿¤,22,³À³¥¶m,274
22.9186,121.1147,³À³¥,C0S710,2017-01-19T08:00:00+08:00,313.0,16.0,0.7,18.1,-0.99,977.8,-99.0,0.0,-9.9,-99,-999,»OªF¿¤,22,³À³¥¶m,274
22.9186,121.1147,³À³¥,C0S710,2017-01-19T09:00:00+08:00,313.0,1.0,1.4,19.1,-0.99,978.2,-99.0,0.0,-9.9,-99,-999,»OªF¿¤,22,³À³¥¶m,274
22.9186,121.1147,³À³¥,C0S710,2017-01-19T10:00:00+08:00,313.0,37.0,1.5,20.3,-0.99,978.0,-99.0,0.0,-9.9,-99,-999,»OªF¿¤,22,³À³¥¶m,274
22.9186,121.1147,³À³¥,C0S710,2017-01-19T11:00:00+08:00,313.0,1.0,0.4,23.7,-0.99,977.4,-99.0,0.0,-9.9,-99,-999,»OªF¿¤,22,³À³¥¶m,274
22.9186,121.1147,³À³¥,C0S710,2017-01-19T12:00:00+08:00,313.0,151.0,1.4,24.2,-0.99,976.3,-99.0,0.0,-9.9,-99,-999,»OªF¿¤,22,³À³¥¶m,274
22.9186,121.1147,³À³¥,C0S710,2017-01-19T13:00:00+08:00,313.0,179.0,1.2,24.8,-0.99,975.2,-99.0,0.0,-9.9,-99,-999,»OªF¿¤,22,³À³¥¶m,274
22.9186,121.1147,³À³¥,C0S710,2017-01-19T14:00:00+08:00,313.0,155.0,1.4,24.2,-0.99,974.3,-99.0,0.0,-9.9,-99,-999,»OªF¿¤,22,³À³¥¶m,274
22.9186,121.1147,³À³¥,C0S710,2017-01-19T15:00:00+08:00,313.0,176.0,0.9,22.6,-0.99,974.1,-99.0,0.0,-9.9,-99,-999,»OªF¿¤,22,³À³¥¶m,274
22.9186,121.1147,³À³¥,C0S710,2017-01-19T16:00:00+08:00,313.0,216.0,1.1,21.8,-0.99,974.1,-99.0,0.0,-9.9,-99,-999,»OªF¿¤,22,³À³¥¶m,274
22.9186,121.1147,³À³¥,C0S710,2017-01-19T17:00:00+08:00,313.0,237.0,1.3,21.0,-0.99,974.3,-99.0,0.0,-9.9,-99,-999,»OªF¿¤,22,³À³¥¶m,274
22.9186,121.1147,³À³¥,C0S710,2017-01-19T18:00:00+08:00,313.0,254.0,0.4,20.5,-0.99,974.6,-99.0,0.0,-9.9,-99,-999,»OªF¿¤,22,³À³¥¶m,274
22.9186,121.1147,³À³¥,C0S710,2017-01-19T19:00:00+08:00,313.0,7.0,1.0,20.0,-0.99,975.2,-99.0,0.0,-9.9,-99,-999,»OªF¿¤,22,³À³¥¶m,274
22.9186,121.1147,³À³¥,C0S710,2017-01-19T20:00:00+08:00,313.0,6.0,1.9,19.0,-0.99,975.6,-99.0,0.0,-9.9,-99,-999,»OªF¿¤,22,³À³¥¶m,274
22.9186,121.1147,³À³¥,C0S710,2017-01-19T21:00:00+08:00,313.0,7.0,1.9,19.0,-0.99,975.9,-99.0,0.0,-9.9,-99,-999,»OªF¿¤,22,³À³¥¶m,274
22.9186,121.1147,³À³¥,C0S710,2017-01-19T22:00:00+08:00,313.0,5.0,1.4,18.5,-0.99,975.9,-99.0,0.0,-9.9,-99,-999,»OªF¿¤,22,³À³¥¶m,274
22.9186,121.1147,³À³¥,C0S710,2017-01-19T23:00:00+08:00,313.0,349.0,0.9,18.0,-0.99,976.0,-99.0,0.0,-9.9,-99,-999,»OªF¿¤,22,³À³¥¶m,274
22.9186,121.1147,³À³¥,C0S710,2017-01-20T00:00:00+08:00,313.0,2.0,2.0,18.0,-0.99,976.1,-99.0,0.0,-9.9,-99,-999,»OªF¿¤,22,³À³¥¶m,274
22.9186,121.1147,³À³¥,C0S710,2017-01-20T01:00:00+08:00,313.0,2.0,1.6,17.8,-0.99,975.9,-99.0,0.0,-9.9,-99,-999,»OªF¿¤,22,³À³¥¶m,274
22.9186,121.1147,³À³¥,C0S710,2017-01-20T02:00:00+08:00,313.0,359.0,1.5,17.7,-0.99,975.7,-99.0,0.0,-9.9,-99,-999,»OªF¿¤,22,³À³¥¶m,274
22.9186,121.1147,³À³¥,C0S710,2017-01-20T03:00:00+08:00,313.0,14.0,0.8,17.5,-0.99,975.9,-99.0,0.0,-9.9,-99,-999,»OªF¿¤,22,³À³¥¶m,274
22.9186,121.1147,³À³¥,C0S710,2017-01-20T04:00:00+08:00,313.0,359.0,0.7,17.4,-0.99,975.9,-99.0,0.0,-9.9,-99,-999,»OªF¿¤,22,³À³¥¶m,274
22.9186,121.1147,³À³¥,C0S710,2017-01-20T05:00:00+08:00,313.0,0.0,0.0,17.4,-0.99,976.0,-99.0,0.0,-9.9,-99,-999,»OªF¿¤,22,³À³¥¶m,274
22.9186,121.1147,³À³¥,C0S710,2017-01-20T06:00:00+08:00,313.0,346.0,1.7,17.0,-0.99,976.5,-99.0,0.0,-9.9,-99,-999,»OªF¿¤,22,³À³¥¶m,274
22.9186,121.1147,³À³¥,C0S710,2017-01-20T07:00:00+08:00,313.0,353.0,2.0,16.9,-0.99,977.1,-99.0,0.0,-9.9,-99,-999,»OªF¿¤,22,³À³¥¶m,274
22.9186,121.1147,³À³¥,C0S710,2017-01-20T08:00:00+08:00,313.0,3.0,3.5,17.1,-0.99,977.7,-99.0,0.0,-9.9,-99,-999,»OªF¿¤,22,³À³¥¶m,274
22.9186,121.1147,³À³¥,C0S710,2017-01-20T09:00:00+08:00,313.0,11.0,3.5,17.0,-0.99,978.3,-99.0,0.5,-9.9,-99,-999,»OªF¿¤,22,³À³¥¶m,274
22.9186,121.1147,³À³¥,C0S710,2017-01-20T10:00:00+08:00,313.0,10.0,4.1,17.4,-0.99,978.7,-99.0,0.5,-9.9,-99,-999,»OªF¿¤,22,³À³¥¶m,274
22.9186,121.1147,³À³¥,C0S710,2017-01-20T11:00:00+08:00,313.0,14.0,3.7,17.8,-0.99,978.5,-99.0,0.5,-9.9,-99,-999,»OªF¿¤,22,³À³¥¶m,274
22.9186,121.1147,³À³¥,C0S710,2017-01-20T12:00:00+08:00,313.0,13.0,3.7,17.7,-0.99,977.8,-99.0,0.5,-9.9,-99,-999,»OªF¿¤,22,³À³¥¶m,274
22.9186,121.1147,³À³¥,C0S710,2017-01-20T13:00:00+08:00,313.0,11.0,3.8,16.7,-0.99,977.1,-99.0,0.5,-9.9,-99,-999,»OªF¿¤,22,³À³¥¶m,274
22.9186,121.1147,³À³¥,C0S710,2017-01-20T14:00:00+08:00,313.0,10.0,4.1,15.7,-0.99,976.7,-99.0,0.5,-9.9,-99,-999,»OªF¿¤,22,³À³¥¶m,274
22.9186,121.1147,³À³¥,C0S710,2017-01-20T15:00:00+08:00,313.0,15.0,3.0,15.4,-0.99,976.7,-99.0,0.5,-9.9,-99,-999,»OªF¿¤,22,³À³¥¶m,274
22.9186,121.1147,³À³¥,C0S710,2017-01-20T16:00:00+08:00,313.0,10.0,3.7,14.8,-0.99,977.1,-99.0,0.5,-9.9,-99,-999,»OªF¿¤,22,³À³¥¶m,274
22.9186,121.1147,³À³¥,C0S710,2017-01-20T17:00:00+08:00,313.0,1.0,5.4,13.7,-0.99,977.8,-99.0,0.5,-9.9,-99,-999,»OªF¿¤,22,³À³¥¶m,274
22.9186,121.1147,³À³¥,C0S710,2017-01-20T18:00:00+08:00,313.0,18.0,3.5,13.1,-0.99,978.7,-99.0,0.5,-9.9,-99,-999,»OªF¿¤,22,³À³¥¶m,274
22.9186,121.1147,³À³¥,C0S710,2017-01-20T19:00:00+08:00,313.0,14.0,3.2,12.5,-0.99,979.6,-99.0,0.5,-9.9,-99,-999,»OªF¿¤,22,³À³¥¶m,274
22.9186,121.1147,³À³¥,C0S710,2017-01-20T20:00:00+08:00,313.0,16.0,3.8,12.2,-0.99,980.3,-99.0,0.5,-9.9,-99,-999,»OªF¿¤,22,³À³¥¶m,274
22.9186,121.1147,³À³¥,C0S710,2017-01-20T21:00:00+08:00,313.0,4.0,4.7,11.8,-0.99,980.6,-99.0,0.5,-9.9,-99,-999,»OªF¿¤,22,³À³¥¶m,274
22.9186,121.1147,³À³¥,C0S710,2017-01-20T22:00:00+08:00,313.0,4.0,4.4,11.6,-0.99,980.7,-99.0,0.5,-9.9,-99,-999,»OªF¿¤,22,³À³¥¶m,274
22.9186,121.1147,³À³¥,C0S710,2017-01-20T23:00:00+08:00,313.0,4.0,4.0,11.4,-0.99,980.9,-99.0,0.5,-9.9,-99,-999,»OªF¿¤,22,³À³¥¶m,274
22.9186,121.1147,³À³¥,C0S710,2017-01-21T00:00:00+08:00,313.0,1.0,4.9,11.2,-0.99,980.8,-99.0,0.5,-9.9,-99,-999,»OªF¿¤,22,³À³¥¶m,274
22.9186,121.1147,³À³¥,C0S710,2017-01-21T01:00:00+08:00,313.0,6.0,4.8,11.2,-0.99,980.8,-99.0,0.0,-9.9,-99,-999,»OªF¿¤,22,³À³¥¶m,274
22.9186,121.1147,³À³¥,C0S710,2017-01-21T02:00:00+08:00,313.0,15.0,3.1,11.0,-0.99,980.6,-99.0,0.0,-9.9,-99,-999,»OªF¿¤,22,³À³¥¶m,274
22.9186,121.1147,³À³¥,C0S710,2017-01-21T03:00:00+08:00,313.0,13.0,2.8,11.1,-0.99,980.2,-99.0,0.0,-9.9,-99,-999,»OªF¿¤,22,³À³¥¶m,274
22.9186,121.1147,³À³¥,C0S710,2017-01-21T04:00:00+08:00,313.0,11.0,2.9,11.0,-0.99,980.1,-99.0,0.0,-9.9,-99,-999,»OªF¿¤,22,³À³¥¶m,274
22.9186,121.1147,³À³¥,C0S710,2017-01-21T05:00:00+08:00,313.0,17.0,3.0,11.1,-0.99,980.2,-99.0,0.0,-9.9,-99,-999,»OªF¿¤,22,³À³¥¶m,274
22.9186,121.1147,³À³¥,C0S710,2017-01-21T06:00:00+08:00,313.0,7.0,3.6,11.3,-0.99,980.8,-99.0,0.0,-9.9,-99,-999,»OªF¿¤,22,³À³¥¶m,274
22.9186,121.1147,³À³¥,C0S710,2017-01-21T07:00:00+08:00,313.0,8.0,4.2,11.4,-0.99,981.1,-99.0,0.0,-9.9,-99,-999,»OªF¿¤,22,³À³¥¶m,274
22.9186,121.1147,³À³¥,C0S710,2017-01-21T08:00:00+08:00,313.0,10.0,3.0,11.8,-0.99,981.8,-99.0,0.0,-9.9,-99,-999,»OªF¿¤,22,³À³¥¶m,274
22.9186,121.1147,³À³¥,C0S710,2017-01-21T10:00:00+08:00,313.0,1.0,3.1,12.8,-0.99,982.2,-99.0,0.0,-9.9,-99,-999,»OªF¿¤,22,³À³¥¶m,274
22.9186,121.1147,³À³¥,C0S710,2017-01-21T11:00:00+08:00,313.0,20.0,2.8,13.4,-0.99,981.4,-99.0,0.0,-9.9,-99,-999,»OªF¿¤,22,³À³¥¶m,274
22.9186,121.1147,³À³¥,C0S710,2017-01-21T12:00:00+08:00,313.0,17.0,2.2,14.2,-0.99,980.4,-99.0,0.0,-9.9,-99,-999,»OªF¿¤,22,³À³¥¶m,274
22.9186,121.1147,³À³¥,C0S710,2017-01-21T13:00:00+08:00,313.0,19.0,1.9,15.3,-0.99,979.4,-99.0,0.0,-9.9,-99,-999,»OªF¿¤,22,³À³¥¶m,274
22.9186,121.1147,³À³¥,C0S710,2017-01-21T14:00:00+08:00,313.0,5.0,1.7,15.5,-0.99,978.8,-99.0,0.0,-9.9,-99,-999,»OªF¿¤,22,³À³¥¶m,274
22.9186,121.1147,³À³¥,C0S710,2017-01-21T15:00:00+08:00,313.0,21.0,1.5,15.8,-0.99,978.5,-99.0,0.0,-9.9,-99,-999,»OªF¿¤,22,³À³¥¶m,274
22.9186,121.1147,³À³¥,C0S710,2017-01-21T16:00:00+08:00,313.0,21.0,1.4,15.7,-0.99,978.6,-99.0,0.0,-9.9,-99,-999,»OªF¿¤,22,³À³¥¶m,274
22.9186,121.1147,³À³¥,C0S710,2017-01-21T17:00:00+08:00,313.0,17.0,1.3,15.4,-0.99,979.3,-99.0,0.0,-9.9,-99,-999,»OªF¿¤,22,³À³¥¶m,274
22.9186,121.1147,³À³¥,C0S710,2017-01-21T18:00:00+08:00,313.0,359.0,2.6,14.9,-0.99,979.9,-99.0,0.0,-9.9,-99,-999,»OªF¿¤,22,³À³¥¶m,274
22.9186,121.1147,³À³¥,C0S710,2017-01-21T19:00:00+08:00,313.0,2.0,2.1,14.9,-0.99,980.6,-99.0,0.0,-9.9,-99,-999,»OªF¿¤,22,³À³¥¶m,274
22.9186,121.1147,³À³¥,C0S710,2017-01-21T20:00:00+08:00,313.0,19.0,1.3,14.6,-0.99,981.0,-99.0,0.0,-9.9,-99,-999,»OªF¿¤,22,³À³¥¶m,274
22.9186,121.1147,³À³¥,C0S710,2017-01-21T21:00:00+08:00,313.0,1.0,2.5,14.5,-0.99,981.4,-99.0,0.0,-9.9,-99,-999,»OªF¿¤,22,³À³¥¶m,274
22.9186,121.1147,³À³¥,C0S710,2017-01-21T22:00:00+08:00,313.0,358.0,2.6,14.2,-0.99,981.6,-99.0,0.0,-9.9,-99,-999,»OªF¿¤,22,³À³¥¶m,274
22.9186,121.1147,³À³¥,C0S710,2017-01-21T23:00:00+08:00,313.0,1.0,2.4,14.2,-0.99,981.2,-99.0,0.0,-9.9,-99,-999,»OªF¿¤,22,³À³¥¶m,274
22.9186,121.1147,³À³¥,C0S710,2017-01-22T00:00:00+08:00,313.0,1.0,2.7,13.9,-0.99,980.9,-99.0,0.0,-9.9,-99,-999,»OªF¿¤,22,³À³¥¶m,274
22.9186,121.1147,³À³¥,C0S710,2017-01-22T01:00:00+08:00,313.0,354.0,2.4,13.6,-0.99,980.9,-99.0,0.0,-9.9,-99,-999,»OªF¿¤,22,³À³¥¶m,274
22.9186,121.1147,³À³¥,C0S710,2017-01-22T02:00:00+08:00,313.0,2.0,2.7,13.6,-0.99,980.6,-99.0,0.0,-9.9,-99,-999,»OªF¿¤,22,³À³¥¶m,274
22.9186,121.1147,³À³¥,C0S710,2017-01-22T03:00:00+08:00,313.0,9.0,2.5,14.1,-0.99,980.5,-99.0,0.0,-9.9,-99,-999,»OªF¿¤,22,³À³¥¶m,274
22.9186,121.1147,³À³¥,C0S710,2017-01-22T04:00:00+08:00,313.0,4.0,2.4,14.0,-0.99,980.5,-99.0,0.0,-9.9,-99,-999,»OªF¿¤,22,³À³¥¶m,274
22.9186,121.1147,³À³¥,C0S710,2017-01-22T05:00:00+08:00,313.0,3.0,2.6,13.9,-0.99,980.8,-99.0,0.0,-9.9,-99,-999,»OªF¿¤,22,³À³¥¶m,274
22.9186,121.1147,³À³¥,C0S710,2017-01-22T06:00:00+08:00,313.0,1.0,3.9,14.2,-0.99,981.3,-99.0,0.0,-9.9,-99,-999,»OªF¿¤,22,³À³¥¶m,274
22.9186,121.1147,³À³¥,C0S710,2017-01-22T07:00:00+08:00,313.0,6.0,3.5,14.2,-0.99,982.0,-99.0,0.0,-9.9,-99,-999,»OªF¿¤,22,³À³¥¶m,274
22.9186,121.1147,³À³¥,C0S710,2017-01-22T08:00:00+08:00,313.0,7.0,3.5,14.5,-0.99,982.7,-99.0,0.0,-9.9,-99,-999,»OªF¿¤,22,³À³¥¶m,274
22.9186,121.1147,³À³¥,C0S710,2017-01-22T09:00:00+08:00,313.0,15.0,2.5,14.1,-0.99,983.3,-99.0,0.0,-9.9,-99,-999,»OªF¿¤,22,³À³¥¶m,274
22.9186,121.1147,³À³¥,C0S710,2017-01-22T10:00:00+08:00,313.0,8.0,3.9,13.7,-0.99,983.4,-99.0,0.0,-9.9,-99,-999,»OªF¿¤,22,³À³¥¶m,274
22.9186,121.1147,³À³¥,C0S710,2017-01-22T11:00:00+08:00,313.0,21.0,2.5,14.4,-0.99,982.7,-99.0,0.0,-9.9,-99,-999,»OªF¿¤,22,³À³¥¶m,274
22.9186,121.1147,³À³¥,C0S710,2017-01-22T12:00:00+08:00,313.0,19.0,2.2,14.9,-0.99,981.9,-99.0,0.0,-9.9,-99,-999,»OªF¿¤,22,³À³¥¶m,274
22.9186,121.1147,³À³¥,C0S710,2017-01-22T13:00:00+08:00,313.0,14.0,2.8,15.2,-0.99,981.0,-99.0,0.0,-9.9,-99,-999,»OªF¿¤,22,³À³¥¶m,274
22.9186,121.1147,³À³¥,C0S710,2017-01-22T14:00:00+08:00,313.0,11.0,2.7,15.0,-0.99,980.6,-99.0,0.0,-9.9,-99,-999,»OªF¿¤,22,³À³¥¶m,274
22.9186,121.1147,³À³¥,C0S710,2017-01-22T15:00:00+08:00,313.0,12.0,3.1,14.3,-0.99,980.4,-99.0,0.0,-9.9,-99,-999,»OªF¿¤,22,³À³¥¶m,274
22.9186,121.1147,³À³¥,C0S710,2017-01-22T16:00:00+08:00,313.0,20.0,2.3,13.7,-0.99,980.9,-99.0,0.0,-9.9,-99,-999,»OªF¿¤,22,³À³¥¶m,274
22.9186,121.1147,³À³¥,C0S710,2017-01-22T17:00:00+08:00,313.0,15.0,2.6,13.2,-0.99,981.6,-99.0,0.0,-9.9,-99,-999,»OªF¿¤,22,³À³¥¶m,274
22.9186,121.1147,³À³¥,C0S710,2017-01-22T18:00:00+08:00,313.0,18.0,3.1,12.7,-0.99,982.1,-99.0,0.0,-9.9,-99,-999,»OªF¿¤,22,³À³¥¶m,274
22.9186,121.1147,³À³¥,C0S710,2017-01-22T19:00:00+08:00,313.0,10.0,3.6,12.4,-0.99,982.7,-99.0,0.0,-9.9,-99,-999,»OªF¿¤,22,³À³¥¶m,274
22.9186,121.1147,³À³¥,C0S710,2017-01-22T20:00:00+08:00,313.0,10.0,3.1,12.2,-0.99,983.2,-99.0,0.0,-9.9,-99,-999,»OªF¿¤,22,³À³¥¶m,274
22.9186,121.1147,³À³¥,C0S710,2017-01-22T21:00:00+08:00,313.0,4.0,4.3,12.1,-0.99,983.7,-99.0,0.0,-9.9,-99,-999,»OªF¿¤,22,³À³¥¶m,274
22.9186,121.1147,³À³¥,C0S710,2017-01-22T22:00:00+08:00,313.0,6.0,3.7,11.8,-0.99,983.6,-99.0,0.0,-9.9,-99,-999,»OªF¿¤,22,³À³¥¶m,274
22.9186,121.1147,³À³¥,C0S710,2017-01-22T23:00:00+08:00,313.0,8.0,3.8,11.7,-0.99,983.4,-99.0,0.0,-9.9,-99,-999,»OªF¿¤,22,³À³¥¶m,274
22.9186,121.1147,³À³¥,C0S710,2017-01-23T00:00:00+08:00,313.0,4.0,3.0,11.8,-0.99,983.1,-99.0,0.0,-9.9,-99,-999,»OªF¿¤,22,³À³¥¶m,274
22.9186,121.1147,³À³¥,C0S710,2017-01-23T01:00:00+08:00,313.0,2.0,3.2,12.2,-0.99,982.8,-99.0,0.0,-9.9,-99,-999,»OªF¿¤,22,³À³¥¶m,274
22.9186,121.1147,³À³¥,C0S710,2017-01-23T02:00:00+08:00,313.0,15.0,1.7,12.3,-0.99,982.1,-99.0,0.0,-9.9,-99,-999,»OªF¿¤,22,³À³¥¶m,274
22.9186,121.1147,³À³¥,C0S710,2017-01-23T03:00:00+08:00,313.0,359.0,3.0,12.6,-0.99,981.9,-99.0,0.0,-9.9,-99,-999,»OªF¿¤,22,³À³¥¶m,274
22.9186,121.1147,³À³¥,C0S710,2017-01-23T04:00:00+08:00,313.0,9.0,2.9,12.6,-0.99,981.7,-99.0,0.0,-9.9,-99,-999,»OªF¿¤,22,³À³¥¶m,274
22.9186,121.1147,³À³¥,C0S710,2017-01-23T05:00:00+08:00,313.0,11.0,3.0,12.8,-0.99,981.9,-99.0,0.0,-9.9,-99,-999,»OªF¿¤,22,³À³¥¶m,274
22.9186,121.1147,³À³¥,C0S710,2017-01-23T06:00:00+08:00,313.0,7.0,3.8,12.6,-0.99,982.4,-99.0,0.0,-9.9,-99,-999,»OªF¿¤,22,³À³¥¶m,274
22.9186,121.1147,³À³¥,C0S710,2017-01-23T07:00:00+08:00,313.0,360.0,4.0,12.6,-0.99,983.0,-99.0,0.0,-9.9,-99,-999,»OªF¿¤,22,³À³¥¶m,274
22.9186,121.1147,³À³¥,C0S710,2017-01-23T08:00:00+08:00,313.0,4.0,3.6,12.9,-0.99,983.6,-99.0,0.0,-9.9,-99,-999,»OªF¿¤,22,³À³¥¶m,274
22.9186,121.1147,³À³¥,C0S710,2017-01-23T09:00:00+08:00,313.0,5.0,3.2,13.3,-0.99,984.3,-99.0,0.0,-9.9,-99,-999,»OªF¿¤,22,³À³¥¶m,274
22.9186,121.1147,³À³¥,C0S710,2017-01-23T10:00:00+08:00,313.0,8.0,2.4,14.2,-0.99,984.4,-99.0,0.0,-9.9,-99,-999,»OªF¿¤,22,³À³¥¶m,274
22.9186,121.1147,³À³¥,C0S710,2017-01-23T11:00:00+08:00,313.0,19.0,2.3,15.1,-0.99,983.7,-99.0,0.0,-9.9,-99,-999,»OªF¿¤,22,³À³¥¶m,274
22.9186,121.1147,³À³¥,C0S710,2017-01-23T12:00:00+08:00,313.0,30.0,2.9,16.7,-0.99,982.7,-99.0,0.0,-9.9,-99,-999,»OªF¿¤,22,³À³¥¶m,274
22.9186,121.1147,³À³¥,C0S710,2017-01-23T13:00:00+08:00,313.0,29.0,2.2,16.5,-0.99,981.7,-99.0,0.0,-9.9,-99,-999,»OªF¿¤,22,³À³¥¶m,274
22.9186,121.1147,³À³¥,C0S710,2017-01-23T14:00:00+08:00,313.0,12.0,2.4,15.1,-0.99,981.3,-99.0,0.0,-9.9,-99,-999,»OªF¿¤,22,³À³¥¶m,274
22.9186,121.1147,³À³¥,C0S710,2017-01-23T15:00:00+08:00,313.0,7.0,3.5,14.2,-0.99,981.2,-99.0,0.0,-9.9,-99,-999,»OªF¿¤,22,³À³¥¶m,274
22.9186,121.1147,³À³¥,C0S710,2017-01-23T16:00:00+08:00,313.0,13.0,2.7,13.8,-0.99,981.5,-99.0,0.0,-9.9,-99,-999,»OªF¿¤,22,³À³¥¶m,274
22.9186,121.1147,³À³¥,C0S710,2017-01-23T17:00:00+08:00,313.0,29.0,2.4,13.4,-0.99,982.0,-99.0,0.0,-9.9,-99,-999,»OªF¿¤,22,³À³¥¶m,274
22.9186,121.1147,³À³¥,C0S710,2017-01-23T18:00:00+08:00,313.0,4.0,3.6,13.1,-0.99,982.3,-99.0,0.0,-9.9,-99,-999,»OªF¿¤,22,³À³¥¶m,274
22.9186,121.1147,³À³¥,C0S710,2017-01-23T19:00:00+08:00,313.0,5.0,3.2,12.9,-0.99,982.8,-99.0,0.0,-9.9,-99,-999,»OªF¿¤,22,³À³¥¶m,274
22.9186,121.1147,³À³¥,C0S710,2017-01-23T20:00:00+08:00,313.0,6.0,4.4,12.9,-0.99,983.1,-99.0,0.0,-9.9,-99,-999,»OªF¿¤,22,³À³¥¶m,274
22.9186,121.1147,³À³¥,C0S710,2017-01-23T21:00:00+08:00,313.0,24.0,2.3,12.7,-0.99,983.5,-99.0,0.0,-9.9,-99,-999,»OªF¿¤,22,³À³¥¶m,274
22.9186,121.1147,³À³¥,C0S710,2017-01-23T22:00:00+08:00,313.0,13.0,3.1,12.7,-0.99,983.9,-99.0,0.0,-9.9,-99,-999,»OªF¿¤,22,³À³¥¶m,274
22.9186,121.1147,³À³¥,C0S710,2017-01-23T23:00:00+08:00,313.0,7.0,2.6,12.6,-0.99,984.1,-99.0,0.0,-9.9,-99,-999,»OªF¿¤,22,³À³¥¶m,274
22.9186,121.1147,³À³¥,C0S710,2017-01-24T00:00:00+08:00,313.0,11.0,2.4,12.7,-0.99,983.8,-99.0,0.0,-9.9,-99,-999,»OªF¿¤,22,³À³¥¶m,274
22.9186,121.1147,³À³¥,C0S710,2017-01-24T01:00:00+08:00,313.0,358.0,3.7,12.7,-0.99,983.4,-99.0,0.0,-9.9,-99,-999,»OªF¿¤,22,³À³¥¶m,274
22.9186,121.1147,³À³¥,C0S710,2017-01-24T02:00:00+08:00,313.0,5.0,2.3,12.9,-0.99,983.0,-99.0,0.0,-9.9,-99,-999,»OªF¿¤,22,³À³¥¶m,274
22.9186,121.1147,³À³¥,C0S710,2017-01-24T03:00:00+08:00,313.0,12.0,2.0,12.5,-0.99,982.5,-99.0,0.0,-9.9,-99,-999,»OªF¿¤,22,³À³¥¶m,274
22.9186,121.1147,³À³¥,C0S710,2017-01-24T04:00:00+08:00,313.0,1.0,3.7,12.9,-0.99,981.9,-99.0,0.0,-9.9,-99,-999,»OªF¿¤,22,³À³¥¶m,274
22.9186,121.1147,³À³¥,C0S710,2017-01-24T05:00:00+08:00,313.0,9.0,2.4,12.8,-0.99,981.8,-99.0,0.0,-9.9,-99,-999,»OªF¿¤,22,³À³¥¶m,274
22.9186,121.1147,³À³¥,C0S710,2017-01-24T06:00:00+08:00,313.0,2.0,3.1,12.6,-0.99,982.4,-99.0,0.0,-9.9,-99,-999,»OªF¿¤,22,³À³¥¶m,274
22.9186,121.1147,³À³¥,C0S710,2017-01-24T07:00:00+08:00,313.0,3.0,2.9,12.7,-0.99,982.9,-99.0,0.0,-9.9,-99,-999,»OªF¿¤,22,³À³¥¶m,274
22.9186,121.1147,³À³¥,C0S710,2017-01-24T08:00:00+08:00,313.0,18.0,1.9,13.0,-0.99,983.4,-99.0,0.0,-9.9,-99,-999,»OªF¿¤,22,³À³¥¶m,274
22.9186,121.1147,³À³¥,C0S710,2017-01-24T10:00:00+08:00,313.0,4.0,3.4,14.4,-0.99,984.0,-99.0,0.0,-9.9,-99,-999,»OªF¿¤,22,³À³¥¶m,274
22.9186,121.1147,³À³¥,C0S710,2017-01-24T11:00:00+08:00,313.0,36.0,2.7,15.7,-0.99,983.3,-99.0,0.0,-9.9,-99,-999,»OªF¿¤,22,³À³¥¶m,274
22.9186,121.1147,³À³¥,C0S710,2017-01-24T12:00:00+08:00,313.0,23.0,2.6,17.1,-0.99,982.1,-99.0,0.0,-9.9,-99,-999,»OªF¿¤,22,³À³¥¶m,274
22.9186,121.1147,³À³¥,C0S710,2017-01-24T13:00:00+08:00,313.0,25.0,2.6,18.0,-0.99,981.3,-99.0,0.0,-9.9,-99,-999,»OªF¿¤,22,³À³¥¶m,274
22.9186,121.1147,³À³¥,C0S710,2017-01-24T14:00:00+08:00,313.0,35.0,2.5,18.7,-0.99,980.5,-99.0,0.0,-9.9,-99,-999,»OªF¿¤,22,³À³¥¶m,274
22.9186,121.1147,³À³¥,C0S710,2017-01-24T15:00:00+08:00,313.0,2.0,2.3,18.4,-0.99,980.5,-99.0,0.0,-9.9,-99,-999,»OªF¿¤,22,³À³¥¶m,274
22.9186,121.1147,³À³¥,C0S710,2017-01-24T16:00:00+08:00,313.0,12.0,2.3,17.9,-0.99,980.9,-99.0,0.0,-9.9,-99,-999,»OªF¿¤,22,³À³¥¶m,274
22.9186,121.1147,³À³¥,C0S710,2017-01-24T17:00:00+08:00,313.0,11.0,2.3,17.1,-0.99,981.4,-99.0,0.0,-9.9,-99,-999,»OªF¿¤,22,³À³¥¶m,274
22.9186,121.1147,³À³¥,C0S710,2017-01-24T18:00:00+08:00,313.0,9.0,2.8,16.5,-0.99,981.8,-99.0,0.0,-9.9,-99,-999,»OªF¿¤,22,³À³¥¶m,274
22.9186,121.1147,³À³¥,C0S710,2017-01-24T19:00:00+08:00,313.0,16.0,2.6,16.0,-0.99,982.2,-99.0,0.0,-9.9,-99,-999,»OªF¿¤,22,³À³¥¶m,274
22.9186,121.1147,³À³¥,C0S710,2017-01-24T20:00:00+08:00,313.0,4.0,2.9,15.6,-0.99,982.8,-99.0,0.0,-9.9,-99,-999,»OªF¿¤,22,³À³¥¶m,274
22.9186,121.1147,³À³¥,C0S710,2017-01-24T21:00:00+08:00,313.0,2.0,4.1,15.2,-0.99,983.0,-99.0,0.0,-9.9,-99,-999,»OªF¿¤,22,³À³¥¶m,274
22.9186,121.1147,³À³¥,C0S710,2017-01-24T22:00:00+08:00,313.0,7.0,2.9,14.9,-0.99,983.1,-99.0,0.0,-9.9,-99,-999,»OªF¿¤,22,³À³¥¶m,274
22.9186,121.1147,³À³¥,C0S710,2017-01-24T23:00:00+08:00,313.0,7.0,3.0,14.8,-0.99,983.1,-99.0,0.0,-9.9,-99,-999,»OªF¿¤,22,³À³¥¶m,274
22.9186,121.1147,³À³¥,C0S710,2017-01-25T00:00:00+08:00,313.0,19.0,2.2,14.9,-0.99,982.8,-99.0,0.0,-9.9,-99,-999,»OªF¿¤,22,³À³¥¶m,274
22.9186,121.1147,³À³¥,C0S710,2017-01-25T01:00:00+08:00,313.0,6.0,3.5,14.9,-0.99,982.4,-99.0,0.0,-9.9,-99,-999,»OªF¿¤,22,³À³¥¶m,274
22.9186,121.1147,³À³¥,C0S710,2017-01-25T02:00:00+08:00,313.0,7.0,3.4,14.6,-0.99,981.7,-99.0,0.0,-9.9,-99,-999,»OªF¿¤,22,³À³¥¶m,274
22.9186,121.1147,³À³¥,C0S710,2017-01-25T03:00:00+08:00,313.0,7.0,3.5,14.7,-0.99,981.2,-99.0,0.0,-9.9,-99,-999,»OªF¿¤,22,³À³¥¶m,274
22.9186,121.1147,³À³¥,C0S710,2017-01-25T04:00:00+08:00,313.0,10.0,2.7,14.4,-0.99,981.1,-99.0,0.0,-9.9,-99,-999,»OªF¿¤,22,³À³¥¶m,274
22.9186,121.1147,³À³¥,C0S710,2017-01-25T05:00:00+08:00,313.0,8.0,2.8,14.5,-0.99,981.2,-99.0,0.0,-9.9,-99,-999,»OªF¿¤,22,³À³¥¶m,274
22.9186,121.1147,³À³¥,C0S710,2017-01-25T06:00:00+08:00,313.0,3.0,3.1,14.1,-0.99,981.4,-99.0,0.0,-9.9,-99,-999,»OªF¿¤,22,³À³¥¶m,274
22.9186,121.1147,³À³¥,C0S710,2017-01-25T07:00:00+08:00,313.0,6.0,2.6,14.5,-0.99,981.7,-99.0,0.0,-9.9,-99,-999,»OªF¿¤,22,³À³¥¶m,274
22.9186,121.1147,³À³¥,C0S710,2017-01-25T08:00:00+08:00,313.0,19.0,2.6,14.7,-0.99,982.1,-99.0,0.0,-9.9,-99,-999,»OªF¿¤,22,³À³¥¶m,274
22.9186,121.1147,³À³¥,C0S710,2017-01-25T09:00:00+08:00,313.0,25.0,2.9,16.0,-0.99,982.4,-99.0,0.0,-9.9,-99,-999,»OªF¿¤,22,³À³¥¶m,274
22.9186,121.1147,³À³¥,C0S710,2017-01-25T10:00:00+08:00,313.0,31.0,3.2,16.1,-0.99,982.4,-99.0,0.0,-9.9,-99,-999,»OªF¿¤,22,³À³¥¶m,274
22.9186,121.1147,³À³¥,C0S710,2017-01-25T11:00:00+08:00,313.0,20.0,2.6,17.7,-0.99,981.5,-99.0,0.0,-9.9,-99,-999,»OªF¿¤,22,³À³¥¶m,274
22.9186,121.1147,³À³¥,C0S710,2017-01-25T12:00:00+08:00,313.0,5.0,2.9,17.5,-0.99,980.7,-99.0,0.0,-9.9,-99,-999,»OªF¿¤,22,³À³¥¶m,274
22.9186,121.1147,³À³¥,C0S710,2017-01-25T13:00:00+08:00,313.0,15.0,2.2,18.0,-0.99,979.8,-99.0,0.0,-9.9,-99,-999,»OªF¿¤,22,³À³¥¶m,274
22.9186,121.1147,³À³¥,C0S710,2017-01-25T14:00:00+08:00,313.0,7.0,2.6,18.7,-0.99,979.1,-99.0,0.0,-9.9,-99,-999,»OªF¿¤,22,³À³¥¶m,274
22.9186,121.1147,³À³¥,C0S710,2017-01-25T15:00:00+08:00,313.0,36.0,2.7,17.9,-0.99,978.7,-99.0,0.0,-9.9,-99,-999,»OªF¿¤,22,³À³¥¶m,274
22.9186,121.1147,³À³¥,C0S710,2017-01-25T16:00:00+08:00,313.0,31.0,2.0,17.6,-0.99,978.8,-99.0,0.0,-9.9,-99,-999,»OªF¿¤,22,³À³¥¶m,274
22.9186,121.1147,³À³¥,C0S710,2017-01-25T17:00:00+08:00,313.0,23.0,1.8,16.7,-0.99,979.0,-99.0,0.0,-9.9,-99,-999,»OªF¿¤,22,³À³¥¶m,274
22.9186,121.1147,³À³¥,C0S710,2017-01-25T18:00:00+08:00,313.0,4.0,3.0,16.3,-0.99,979.3,-99.0,0.0,-9.9,-99,-999,»OªF¿¤,22,³À³¥¶m,274
22.9186,121.1147,³À³¥,C0S710,2017-01-25T19:00:00+08:00,313.0,13.0,2.5,15.8,-0.99,979.8,-99.0,0.0,-9.9,-99,-999,»OªF¿¤,22,³À³¥¶m,274
22.9186,121.1147,³À³¥,C0S710,2017-01-25T20:00:00+08:00,313.0,9.0,2.9,15.4,-0.99,980.1,-99.0,0.0,-9.9,-99,-999,»OªF¿¤,22,³À³¥¶m,274
22.9186,121.1147,³À³¥,C0S710,2017-01-25T21:00:00+08:00,313.0,35.0,2.1,15.5,-0.99,980.1,-99.0,0.0,-9.9,-99,-999,»OªF¿¤,22,³À³¥¶m,274
22.9186,121.1147,³À³¥,C0S710,2017-01-25T22:00:00+08:00,313.0,28.0,1.6,15.3,-0.99,980.4,-99.0,0.0,-9.9,-99,-999,»OªF¿¤,22,³À³¥¶m,274
22.9186,121.1147,³À³¥,C0S710,2017-01-25T23:00:00+08:00,313.0,8.0,2.4,15.2,-0.99,980.4,-99.0,0.0,-9.9,-99,-999,»OªF¿¤,22,³À³¥¶m,274
22.9186,121.1147,³À³¥,C0S710,2017-01-26T00:00:00+08:00,313.0,8.0,3.5,15.5,-0.99,980.1,-99.0,0.0,-9.9,-99,-999,»OªF¿¤,22,³À³¥¶m,274
22.9186,121.1147,³À³¥,C0S710,2017-01-26T01:00:00+08:00,313.0,10.0,2.1,14.7,-0.99,979.9,-99.0,0.0,-9.9,-99,-999,»OªF¿¤,22,³À³¥¶m,274
22.9186,121.1147,³À³¥,C0S710,2017-01-26T02:00:00+08:00,313.0,6.0,2.6,14.4,-0.99,979.6,-99.0,0.0,-9.9,-99,-999,»OªF¿¤,22,³À³¥¶m,274
22.9186,121.1147,³À³¥,C0S710,2017-01-26T03:00:00+08:00,313.0,22.0,2.3,14.5,-0.99,979.1,-99.0,0.0,-9.9,-99,-999,»OªF¿¤,22,³À³¥¶m,274
22.9186,121.1147,³À³¥,C0S710,2017-01-26T04:00:00+08:00,313.0,2.0,2.9,14.3,-0.99,979.0,-99.0,0.0,-9.9,-99,-999,»OªF¿¤,22,³À³¥¶m,274
22.9186,121.1147,³À³¥,C0S710,2017-01-26T05:00:00+08:00,313.0,11.0,2.7,14.0,-0.99,979.4,-99.0,0.0,-9.9,-99,-999,»OªF¿¤,22,³À³¥¶m,274
22.9186,121.1147,³À³¥,C0S710,2017-01-26T06:00:00+08:00,313.0,9.0,2.6,13.9,-0.99,979.9,-99.0,0.0,-9.9,-99,-999,»OªF¿¤,22,³À³¥¶m,274
22.9186,121.1147,³À³¥,C0S710,2017-01-26T07:00:00+08:00,313.0,360.0,3.2,14.0,-0.99,980.5,-99.0,0.0,-9.9,-99,-999,»OªF¿¤,22,³À³¥¶m,274
22.9186,121.1147,³À³¥,C0S710,2017-01-26T08:00:00+08:00,313.0,6.0,3.4,14.8,-0.99,981.0,-99.0,0.0,-9.9,-99,-999,»OªF¿¤,22,³À³¥¶m,274
22.9186,121.1147,³À³¥,C0S710,2017-01-26T10:00:00+08:00,313.0,22.0,3.7,17.1,-0.99,981.1,-99.0,0.0,-9.9,-99,-999,»OªF¿¤,22,³À³¥¶m,274
22.9186,121.1147,³À³¥,C0S710,2017-01-26T11:00:00+08:00,313.0,9.0,4.1,18.0,-0.99,980.5,-99.0,0.0,-9.9,-99,-999,»OªF¿¤,22,³À³¥¶m,274
22.9186,121.1147,³À³¥,C0S710,2017-01-26T12:00:00+08:00,313.0,10.0,3.4,18.8,-0.99,979.7,-99.0,0.0,-9.9,-99,-999,»OªF¿¤,22,³À³¥¶m,274
22.9186,121.1147,³À³¥,C0S710,2017-01-26T13:00:00+08:00,313.0,16.0,3.6,19.3,-0.99,979.0,-99.0,0.0,-9.9,-99,-999,»OªF¿¤,22,³À³¥¶m,274
22.9186,121.1147,³À³¥,C0S710,2017-01-26T14:00:00+08:00,313.0,19.0,3.3,18.0,-0.99,978.3,-99.0,0.0,-9.9,-99,-999,»OªF¿¤,22,³À³¥¶m,274
22.9186,121.1147,³À³¥,C0S710,2017-01-26T15:00:00+08:00,313.0,11.0,3.0,17.8,-0.99,978.0,-99.0,0.0,-9.9,-99,-999,»OªF¿¤,22,³À³¥¶m,274
22.9186,121.1147,³À³¥,C0S710,2017-01-26T16:00:00+08:00,313.0,13.0,2.6,16.8,-0.99,978.4,-99.0,0.0,-9.9,-99,-999,»OªF¿¤,22,³À³¥¶m,274
22.9186,121.1147,³À³¥,C0S710,2017-01-26T17:00:00+08:00,313.0,20.0,2.5,16.3,-0.99,978.7,-99.0,0.0,-9.9,-99,-999,»OªF¿¤,22,³À³¥¶m,274
22.9186,121.1147,³À³¥,C0S710,2017-01-26T18:00:00+08:00,313.0,15.0,2.2,15.6,-0.99,979.2,-99.0,0.0,-9.9,-99,-999,»OªF¿¤,22,³À³¥¶m,274
22.9186,121.1147,³À³¥,C0S710,2017-01-26T19:00:00+08:00,313.0,1.0,3.5,15.2,-0.99,979.7,-99.0,0.0,-9.9,-99,-999,»OªF¿¤,22,³À³¥¶m,274
22.9186,121.1147,³À³¥,C0S710,2017-01-26T20:00:00+08:00,313.0,14.0,2.1,14.9,-0.99,979.8,-99.0,0.0,-9.9,-99,-999,»OªF¿¤,22,³À³¥¶m,274
22.9186,121.1147,³À³¥,C0S710,2017-01-26T21:00:00+08:00,313.0,5.0,2.8,14.5,-0.99,980.2,-99.0,0.0,-9.9,-99,-999,»OªF¿¤,22,³À³¥¶m,274
22.9186,121.1147,³À³¥,C0S710,2017-01-26T22:00:00+08:00,313.0,9.0,1.6,14.3,-0.99,980.4,-99.0,0.0,-9.9,-99,-999,»OªF¿¤,22,³À³¥¶m,274
22.9186,121.1147,³À³¥,C0S710,2017-01-26T23:00:00+08:00,313.0,358.0,2.2,14.0,-0.99,980.1,-99.0,0.0,-9.9,-99,-999,»OªF¿¤,22,³À³¥¶m,274
22.9186,121.1147,³À³¥,C0S710,2017-01-27T00:00:00+08:00,313.0,10.0,2.3,14.1,-0.99,979.9,-99.0,0.0,-9.9,-99,-999,»OªF¿¤,22,³À³¥¶m,274
22.9186,121.1147,³À³¥,C0S710,2017-01-27T01:00:00+08:00,313.0,343.0,1.3,13.2,-0.99,979.6,-99.0,0.0,-9.9,-99,-999,»OªF¿¤,22,³À³¥¶m,274
22.9186,121.1147,³À³¥,C0S710,2017-01-27T02:00:00+08:00,313.0,335.0,2.0,13.2,-0.99,979.0,-99.0,0.0,-9.9,-99,-999,»OªF¿¤,22,³À³¥¶m,274
22.9186,121.1147,³À³¥,C0S710,2017-01-27T03:00:00+08:00,313.0,357.0,2.3,13.8,-0.99,978.8,-99.0,0.0,-9.9,-99,-999,»OªF¿¤,22,³À³¥¶m,274
22.9186,121.1147,³À³¥,C0S710,2017-01-27T04:00:00+08:00,313.0,350.0,2.1,12.3,-0.99,978.6,-99.0,0.0,-9.9,-99,-999,»OªF¿¤,22,³À³¥¶m,274
22.9186,121.1147,³À³¥,C0S710,2017-01-27T05:00:00+08:00,313.0,344.0,2.0,13.3,-0.99,978.7,-99.0,0.0,-9.9,-99,-999,»OªF¿¤,22,³À³¥¶m,274
22.9186,121.1147,³À³¥,C0S710,2017-01-27T06:00:00+08:00,313.0,357.0,2.6,13.6,-0.99,979.2,-99.0,0.0,-9.9,-99,-999,»OªF¿¤,22,³À³¥¶m,274
22.9186,121.1147,³À³¥,C0S710,2017-01-27T07:00:00+08:00,313.0,337.0,1.6,14.0,-0.99,979.9,-99.0,0.0,-9.9,-99,-999,»OªF¿¤,22,³À³¥¶m,274
22.9186,121.1147,³À³¥,C0S710,2017-01-27T08:00:00+08:00,313.0,9.0,0.8,13.3,-0.99,980.3,-99.0,0.0,-9.9,-99,-999,»OªF¿¤,22,³À³¥¶m,274
22.9186,121.1147,³À³¥,C0S710,2017-01-27T09:00:00+08:00,313.0,28.0,1.6,15.0,-0.99,980.7,-99.0,0.0,-9.9,-99,-999,»OªF¿¤,22,³À³¥¶m,274
22.9186,121.1147,³À³¥,C0S710,2017-01-27T10:00:00+08:00,313.0,9.0,1.8,17.2,-0.99,980.6,-99.0,0.0,-9.9,-99,-999,»OªF¿¤,22,³À³¥¶m,274
22.9186,121.1147,³À³¥,C0S710,2017-01-27T11:00:00+08:00,313.0,27.0,1.5,19.0,-0.99,979.9,-99.0,0.0,-9.9,-99,-999,»OªF¿¤,22,³À³¥¶m,274
22.9186,121.1147,³À³¥,C0S710,2017-01-27T12:00:00+08:00,313.0,19.0,1.3,19.7,-0.99,978.9,-99.0,0.0,-9.9,-99,-999,»OªF¿¤,22,³À³¥¶m,274
22.9186,121.1147,³À³¥,C0S710,2017-01-27T13:00:00+08:00,313.0,64.0,1.3,21.8,-0.99,977.5,-99.0,0.0,-9.9,-99,-999,»OªF¿¤,22,³À³¥¶m,274
22.9186,121.1147,³À³¥,C0S710,2017-01-27T14:00:00+08:00,313.0,60.0,0.9,22.1,-0.99,976.7,-99.0,0.0,-9.9,-99,-999,»OªF¿¤,22,³À³¥¶m,274
22.9186,121.1147,³À³¥,C0S710,2017-01-27T15:00:00+08:00,313.0,214.0,0.6,23.1,-0.99,976.4,-99.0,0.0,-9.9,-99,-999,»OªF¿¤,22,³À³¥¶m,274
22.9186,121.1147,³À³¥,C0S710,2017-01-27T16:00:00+08:00,313.0,167.0,0.8,21.8,-0.99,976.7,-99.0,0.0,-9.9,-99,-999,»OªF¿¤,22,³À³¥¶m,274
22.9186,121.1147,³À³¥,C0S710,2017-01-27T17:00:00+08:00,313.0,3.0,0.9,19.8,-0.99,977.2,-99.0,0.0,-9.9,-99,-999,»OªF¿¤,22,³À³¥¶m,274
22.9186,121.1147,³À³¥,C0S710,2017-01-27T18:00:00+08:00,313.0,359.0,1.9,17.5,-0.99,978.0,-99.0,0.0,-9.9,-99,-999,»OªF¿¤,22,³À³¥¶m,274
22.9186,121.1147,³À³¥,C0S710,2017-01-27T19:00:00+08:00,313.0,348.0,1.3,17.5,-0.99,978.4,-99.0,0.0,-9.9,-99,-999,»OªF¿¤,22,³À³¥¶m,274
22.9186,121.1147,³À³¥,C0S710,2017-01-27T20:00:00+08:00,313.0,34.0,1.1,17.3,-0.99,978.8,-99.0,0.0,-9.9,-99,-999,»OªF¿¤,22,³À³¥¶m,274
22.9186,121.1147,³À³¥,C0S710,2017-01-27T21:00:00+08:00,313.0,3.0,1.8,17.4,-0.99,979.2,-99.0,0.0,-9.9,-99,-999,»OªF¿¤,22,³À³¥¶m,274
22.9186,121.1147,³À³¥,C0S710,2017-01-27T22:00:00+08:00,313.0,5.0,1.4,17.0,-0.99,979.3,-99.0,0.0,-9.9,-99,-999,»OªF¿¤,22,³À³¥¶m,274
22.9186,121.1147,³À³¥,C0S710,2017-01-27T23:00:00+08:00,313.0,360.0,2.3,16.9,-0.99,978.9,-99.0,0.0,-9.9,-99,-999,»OªF¿¤,22,³À³¥¶m,274
22.9186,121.1147,³À³¥,C0S710,2017-01-28T00:00:00+08:00,313.0,11.0,1.2,16.1,-0.99,978.4,-99.0,0.0,-9.9,-99,-999,»OªF¿¤,22,³À³¥¶m,274
22.9186,121.1147,³À³¥,C0S710,2017-01-28T01:00:00+08:00,313.0,351.0,1.4,15.4,-0.99,978.0,-99.0,0.0,-9.9,-99,-999,»OªF¿¤,22,³À³¥¶m,274
22.9186,121.1147,³À³¥,C0S710,2017-01-28T02:00:00+08:00,313.0,335.0,2.4,15.6,-0.99,977.6,-99.0,0.0,-9.9,-99,-999,»OªF¿¤,22,³À³¥¶m,274
22.9186,121.1147,³À³¥,C0S710,2017-01-28T03:00:00+08:00,313.0,337.0,1.7,15.5,-0.99,976.9,-99.0,0.0,-9.9,-99,-999,»OªF¿¤,22,³À³¥¶m,274
22.9186,121.1147,³À³¥,C0S710,2017-01-28T04:00:00+08:00,313.0,245.0,0.6,15.0,-0.99,976.5,-99.0,0.0,-9.9,-99,-999,»OªF¿¤,22,³À³¥¶m,274
22.9186,121.1147,³À³¥,C0S710,2017-01-28T05:00:00+08:00,313.0,67.0,0.3,14.0,-0.99,976.7,-99.0,0.0,-9.9,-99,-999,»OªF¿¤,22,³À³¥¶m,274
22.9186,121.1147,³À³¥,C0S710,2017-01-28T06:00:00+08:00,313.0,358.0,1.4,13.7,-0.99,977.3,-99.0,0.0,-9.9,-99,-999,»OªF¿¤,22,³À³¥¶m,274
22.9186,121.1147,³À³¥,C0S710,2017-01-28T07:00:00+08:00,313.0,353.0,0.7,13.6,-0.99,977.5,-99.0,0.0,-9.9,-99,-999,»OªF¿¤,22,³À³¥¶m,274
22.9186,121.1147,³À³¥,C0S710,2017-01-28T08:00:00+08:00,313.0,1.0,1.1,15.0,-0.99,977.8,-99.0,0.0,-9.9,-99,-999,»OªF¿¤,22,³À³¥¶m,274
22.9186,121.1147,³À³¥,C0S710,2017-01-28T09:00:00+08:00,313.0,280.0,0.4,17.8,-0.99,978.3,-99.0,0.0,-9.9,-99,-999,»OªF¿¤,22,³À³¥¶m,274
22.9186,121.1147,³À³¥,C0S710,2017-01-28T10:00:00+08:00,313.0,353.0,1.1,18.8,-0.99,978.2,-99.0,0.0,-9.9,-99,-999,»OªF¿¤,22,³À³¥¶m,274
22.9186,121.1147,³À³¥,C0S710,2017-01-28T11:00:00+08:00,313.0,43.0,1.5,21.0,-0.99,977.5,-99.0,0.0,-9.9,-99,-999,»OªF¿¤,22,³À³¥¶m,274
22.9186,121.1147,³À³¥,C0S710,2017-01-28T12:00:00+08:00,313.0,51.0,1.0,22.1,-0.99,976.4,-99.0,0.0,-9.9,-99,-999,»OªF¿¤,22,³À³¥¶m,274
22.9186,121.1147,³À³¥,C0S710,2017-01-28T13:00:00+08:00,313.0,21.0,0.4,21.3,-0.99,975.3,-99.0,0.0,-9.9,-99,-999,»OªF¿¤,22,³À³¥¶m,274
22.9186,121.1147,³À³¥,C0S710,2017-01-28T14:00:00+08:00,313.0,173.0,0.3,20.7,-0.99,974.5,-99.0,0.0,-9.9,-99,-999,»OªF¿¤,22,³À³¥¶m,274
22.9186,121.1147,³À³¥,C0S710,2017-01-28T15:00:00+08:00,313.0,46.0,0.3,20.3,-0.99,974.2,-99.0,0.0,-9.9,-99,-999,»OªF¿¤,22,³À³¥¶m,274
22.9186,121.1147,³À³¥,C0S710,2017-01-28T16:00:00+08:00,313.0,311.0,0.8,20.0,-0.99,974.4,-99.0,0.0,-9.9,-99,-999,»OªF¿¤,22,³À³¥¶m,274
22.9186,121.1147,³À³¥,C0S710,2017-01-28T17:00:00+08:00,313.0,316.0,0.9,19.2,-0.99,975.2,-99.0,0.0,-9.9,-99,-999,»OªF¿¤,22,³À³¥¶m,274
22.9186,121.1147,³À³¥,C0S710,2017-01-28T18:00:00+08:00,313.0,301.0,1.0,18.8,-0.99,975.7,-99.0,0.0,-9.9,-99,-999,»OªF¿¤,22,³À³¥¶m,274
22.9186,121.1147,³À³¥,C0S710,2017-01-28T19:00:00+08:00,313.0,0.0,0.1,18.3,-0.99,976.3,-99.0,0.0,-9.9,-99,-999,»OªF¿¤,22,³À³¥¶m,274
22.9186,121.1147,³À³¥,C0S710,2017-01-28T20:00:00+08:00,313.0,83.0,0.4,17.9,-0.99,976.6,-99.0,0.0,-9.9,-99,-999,»OªF¿¤,22,³À³¥¶m,274
22.9186,121.1147,³À³¥,C0S710,2017-01-28T21:00:00+08:00,313.0,279.0,0.6,18.4,-0.99,976.7,-99.0,0.0,-9.9,-99,-999,»OªF¿¤,22,³À³¥¶m,274
22.9186,121.1147,³À³¥,C0S710,2017-01-28T22:00:00+08:00,313.0,165.0,0.3,18.3,-0.99,976.8,-99.0,0.0,-9.9,-99,-999,»OªF¿¤,22,³À³¥¶m,274
22.9186,121.1147,³À³¥,C0S710,2017-01-28T23:00:00+08:00,313.0,0.0,0.2,17.7,-0.99,976.7,-99.0,0.0,-9.9,-99,-999,»OªF¿¤,22,³À³¥¶m,274
22.9186,121.1147,³À³¥,C0S710,2017-01-29T00:00:00+08:00,313.0,49.0,0.5,17.3,-0.99,976.6,-99.0,0.0,-9.9,-99,-999,»OªF¿¤,22,³À³¥¶m,274
22.9186,121.1147,³À³¥,C0S710,2017-01-29T01:00:00+08:00,313.0,343.0,1.3,17.4,-0.99,976.0,-99.0,0.0,-9.9,-99,-999,»OªF¿¤,22,³À³¥¶m,274
22.9186,121.1147,³À³¥,C0S710,2017-01-29T02:00:00+08:00,313.0,9.0,0.8,16.5,-0.99,975.5,-99.0,0.0,-9.9,-99,-999,»OªF¿¤,22,³À³¥¶m,274
22.9186,121.1147,³À³¥,C0S710,2017-01-29T03:00:00+08:00,313.0,49.0,1.0,16.9,-0.99,974.9,-99.0,0.0,-9.9,-99,-999,»OªF¿¤,22,³À³¥¶m,274
22.9186,121.1147,³À³¥,C0S710,2017-01-29T04:00:00+08:00,313.0,344.0,1.8,16.9,-0.99,974.6,-99.0,0.0,-9.9,-99,-999,»OªF¿¤,22,³À³¥¶m,274
22.9186,121.1147,³À³¥,C0S710,2017-01-29T05:00:00+08:00,313.0,317.0,0.9,17.5,-0.99,975.0,-99.0,0.0,-9.9,-99,-999,»OªF¿¤,22,³À³¥¶m,274
22.9186,121.1147,³À³¥,C0S710,2017-01-29T06:00:00+08:00,313.0,350.0,0.7,16.5,-0.99,975.5,-99.0,0.0,-9.9,-99,-999,»OªF¿¤,22,³À³¥¶m,274
22.9186,121.1147,³À³¥,C0S710,2017-01-29T07:00:00+08:00,313.0,345.0,1.2,17.6,-0.99,975.9,-99.0,0.0,-9.9,-99,-999,»OªF¿¤,22,³À³¥¶m,274
22.9186,121.1147,³À³¥,C0S710,2017-01-29T08:00:00+08:00,313.0,0.0,0.0,18.2,-0.99,976.5,-99.0,0.0,-9.9,-99,-999,»OªF¿¤,22,³À³¥¶m,274
22.9186,121.1147,³À³¥,C0S710,2017-01-29T09:00:00+08:00,313.0,14.0,1.2,19.4,-0.99,977.2,-99.0,0.0,-9.9,-99,-999,»OªF¿¤,22,³À³¥¶m,274
22.9186,121.1147,³À³¥,C0S710,2017-01-29T10:00:00+08:00,313.0,18.0,1.0,20.0,-0.99,977.2,-99.0,0.0,-9.9,-99,-999,»OªF¿¤,22,³À³¥¶m,274
22.9186,121.1147,³À³¥,C0S710,2017-01-29T11:00:00+08:00,313.0,277.0,0.6,21.0,-0.99,976.7,-99.0,0.0,-9.9,-99,-999,»OªF¿¤,22,³À³¥¶m,274
22.9186,121.1147,³À³¥,C0S710,2017-01-29T12:00:00+08:00,313.0,69.0,0.4,20.9,-0.99,975.8,-99.0,0.0,-9.9,-99,-999,»OªF¿¤,22,³À³¥¶m,274
22.9186,121.1147,³À³¥,C0S710,2017-01-29T13:00:00+08:00,313.0,267.0,0.7,21.4,-0.99,974.9,-99.0,0.0,-9.9,-99,-999,»OªF¿¤,22,³À³¥¶m,274
22.9186,121.1147,³À³¥,C0S710,2017-01-29T14:00:00+08:00,313.0,197.0,0.9,20.4,-0.99,974.1,-99.0,0.0,-9.9,-99,-999,»OªF¿¤,22,³À³¥¶m,274
22.9186,121.1147,³À³¥,C0S710,2017-01-29T15:00:00+08:00,313.0,192.0,0.6,20.6,-0.99,973.8,-99.0,0.0,-9.9,-99,-999,»OªF¿¤,22,³À³¥¶m,274
22.9186,121.1147,³À³¥,C0S710,2017-01-29T16:00:00+08:00,313.0,316.0,0.6,19.4,-0.99,974.1,-99.0,0.0,-9.9,-99,-999,»OªF¿¤,22,³À³¥¶m,274
22.9186,121.1147,³À³¥,C0S710,2017-01-29T17:00:00+08:00,313.0,332.0,1.1,18.7,-0.99,974.6,-99.0,0.0,-9.9,-99,-999,»OªF¿¤,22,³À³¥¶m,274
22.9186,121.1147,³À³¥,C0S710,2017-01-29T18:00:00+08:00,313.0,57.0,0.6,18.4,-0.99,975.2,-99.0,0.0,-9.9,-99,-999,»OªF¿¤,22,³À³¥¶m,274
22.9186,121.1147,³À³¥,C0S710,2017-01-29T19:00:00+08:00,313.0,18.0,0.8,17.9,-0.99,975.6,-99.0,0.0,-9.9,-99,-999,»OªF¿¤,22,³À³¥¶m,274
22.9186,121.1147,³À³¥,C0S710,2017-01-29T20:00:00+08:00,313.0,16.0,1.1,17.7,-0.99,976.0,-99.0,0.0,-9.9,-99,-999,»OªF¿¤,22,³À³¥¶m,274
22.9186,121.1147,³À³¥,C0S710,2017-01-29T21:00:00+08:00,313.0,17.0,0.8,17.5,-0.99,976.0,-99.0,0.0,-9.9,-99,-999,»OªF¿¤,22,³À³¥¶m,274
22.9186,121.1147,³À³¥,C0S710,2017-01-29T22:00:00+08:00,313.0,355.0,1.1,17.4,-0.99,976.0,-99.0,0.0,-9.9,-99,-999,»OªF¿¤,22,³À³¥¶m,274
22.9186,121.1147,³À³¥,C0S710,2017-01-29T23:00:00+08:00,313.0,350.0,1.6,17.5,-0.99,975.4,-99.0,0.0,-9.9,-99,-999,»OªF¿¤,22,³À³¥¶m,274
22.9186,121.1147,³À³¥,C0S710,2017-01-30T00:00:00+08:00,313.0,337.0,1.6,17.6,-0.99,975.0,-99.0,0.0,-9.9,-99,-999,»OªF¿¤,22,³À³¥¶m,274
22.9186,121.1147,³À³¥,C0S710,2017-01-30T01:00:00+08:00,313.0,360.0,1.4,18.0,-0.99,974.8,-99.0,0.0,-9.9,-99,-999,»OªF¿¤,22,³À³¥¶m,274
22.9186,121.1147,³À³¥,C0S710,2017-01-30T02:00:00+08:00,313.0,23.0,0.7,17.2,-0.99,974.4,-99.0,0.0,-9.9,-99,-999,»OªF¿¤,22,³À³¥¶m,274
22.9186,121.1147,³À³¥,C0S710,2017-01-30T03:00:00+08:00,313.0,7.0,1.1,17.1,-0.99,974.3,-99.0,0.0,-9.9,-99,-999,»OªF¿¤,22,³À³¥¶m,274
22.9186,121.1147,³À³¥,C0S710,2017-01-30T04:00:00+08:00,313.0,321.0,0.3,17.3,-0.99,974.3,-99.0,0.0,-9.9,-99,-999,»OªF¿¤,22,³À³¥¶m,274
22.9186,121.1147,³À³¥,C0S710,2017-01-30T05:00:00+08:00,313.0,25.0,0.3,17.2,-0.99,974.5,-99.0,0.0,-9.9,-99,-999,»OªF¿¤,22,³À³¥¶m,274
22.9186,121.1147,³À³¥,C0S710,2017-01-30T06:00:00+08:00,313.0,348.0,1.0,17.4,-0.99,975.1,-99.0,0.0,-9.9,-99,-999,»OªF¿¤,22,³À³¥¶m,274
22.9186,121.1147,³À³¥,C0S710,2017-01-30T07:00:00+08:00,313.0,18.0,0.7,16.9,-0.99,975.6,-99.0,0.0,-9.9,-99,-999,»OªF¿¤,22,³À³¥¶m,274
22.9186,121.1147,³À³¥,C0S710,2017-01-30T08:00:00+08:00,313.0,21.0,0.8,19.1,-0.99,976.1,-99.0,0.0,-9.9,-99,-999,»OªF¿¤,22,³À³¥¶m,274
22.9186,121.1147,³À³¥,C0S710,2017-01-30T09:00:00+08:00,313.0,3.0,1.7,20.3,-0.99,976.5,-99.0,0.0,-9.9,-99,-999,»OªF¿¤,22,³À³¥¶m,274
22.9186,121.1147,³À³¥,C0S710,2017-01-30T10:00:00+08:00,313.0,16.0,2.0,22.0,-0.99,976.2,-99.0,0.0,-9.9,-99,-999,»OªF¿¤,22,³À³¥¶m,274
22.9186,121.1147,³À³¥,C0S710,2017-01-30T11:00:00+08:00,313.0,45.0,2.4,23.7,-0.99,976.0,-99.0,0.0,-9.9,-99,-999,»OªF¿¤,22,³À³¥¶m,274
22.9186,121.1147,³À³¥,C0S710,2017-01-30T12:00:00+08:00,313.0,46.0,2.1,25.3,-0.99,975.0,-99.0,0.0,-9.9,-99,-999,»OªF¿¤,22,³À³¥¶m,274
22.9186,121.1147,³À³¥,C0S710,2017-01-30T13:00:00+08:00,313.0,38.0,2.0,24.1,-0.99,974.5,-99.0,0.0,-9.9,-99,-999,»OªF¿¤,22,³À³¥¶m,274
22.9186,121.1147,³À³¥,C0S710,2017-01-30T14:00:00+08:00,313.0,35.0,1.9,23.6,-0.99,974.1,-99.0,0.0,-9.9,-99,-999,»OªF¿¤,22,³À³¥¶m,274
22.9186,121.1147,³À³¥,C0S710,2017-01-30T15:00:00+08:00,313.0,29.0,3.4,22.8,-0.99,973.7,-99.0,0.0,-9.9,-99,-999,»OªF¿¤,22,³À³¥¶m,274
22.9186,121.1147,³À³¥,C0S710,2017-01-30T16:00:00+08:00,313.0,16.0,3.5,21.4,-0.99,974.4,-99.0,0.0,-9.9,-99,-999,»OªF¿¤,22,³À³¥¶m,274
22.9186,121.1147,³À³¥,C0S710,2017-01-30T17:00:00+08:00,313.0,12.0,4.1,19.0,-0.99,975.7,-99.0,0.0,-9.9,-99,-999,»OªF¿¤,22,³À³¥¶m,274
22.9186,121.1147,³À³¥,C0S710,2017-01-30T18:00:00+08:00,313.0,11.0,4.7,17.7,-0.99,976.5,-99.0,0.0,-9.9,-99,-999,»OªF¿¤,22,³À³¥¶m,274
22.9186,121.1147,³À³¥,C0S710,2017-01-30T20:00:00+08:00,313.0,2.0,5.2,16.7,-0.99,977.8,-99.0,0.0,-9.9,-99,-999,»OªF¿¤,22,³À³¥¶m,274
22.9186,121.1147,³À³¥,C0S710,2017-01-30T21:00:00+08:00,313.0,8.0,4.3,16.3,-0.99,978.0,-99.0,0.0,-9.9,-99,-999,»OªF¿¤,22,³À³¥¶m,274
22.9186,121.1147,³À³¥,C0S710,2017-01-30T22:00:00+08:00,313.0,3.0,5.1,16.2,-0.99,978.0,-99.0,0.0,-9.9,-99,-999,»OªF¿¤,22,³À³¥¶m,274
22.9186,121.1147,³À³¥,C0S710,2017-01-30T23:00:00+08:00,313.0,2.0,5.7,16.0,-0.99,977.9,-99.0,0.0,-9.9,-99,-999,»OªF¿¤,22,³À³¥¶m,274
22.9186,121.1147,³À³¥,C0S710,2017-01-31T00:00:00+08:00,313.0,6.0,4.5,16.0,-0.99,977.6,-99.0,0.0,-9.9,-99,-999,»OªF¿¤,22,³À³¥¶m,274
22.9186,121.1147,³À³¥,C0S710,2017-01-31T01:00:00+08:00,313.0,6.0,4.1,15.8,-0.99,977.4,-99.0,0.0,-9.9,-99,-999,»OªF¿¤,22,³À³¥¶m,274
22.9186,121.1147,³À³¥,C0S710,2017-01-31T02:00:00+08:00,313.0,359.0,4.8,15.4,-0.99,976.7,-99.0,0.0,-9.9,-99,-999,»OªF¿¤,22,³À³¥¶m,274
22.9186,121.1147,³À³¥,C0S710,2017-01-31T03:00:00+08:00,313.0,5.0,4.2,15.2,-0.99,976.6,-99.0,0.0,-9.9,-99,-999,»OªF¿¤,22,³À³¥¶m,274
22.9186,121.1147,³À³¥,C0S710,2017-01-31T04:00:00+08:00,313.0,360.0,4.6,15.1,-0.99,976.9,-99.0,0.0,-9.9,-99,-999,»OªF¿¤,22,³À³¥¶m,274
22.9186,121.1147,³À³¥,C0S710,2017-01-31T05:00:00+08:00,313.0,5.0,3.9,14.9,-0.99,977.1,-99.0,0.0,-9.9,-99,-999,»OªF¿¤,22,³À³¥¶m,274
22.9186,121.1147,³À³¥,C0S710,2017-01-31T06:00:00+08:00,313.0,8.0,3.5,15.0,-0.99,977.2,-99.0,0.0,-9.9,-99,-999,»OªF¿¤,22,³À³¥¶m,274
22.9186,121.1147,³À³¥,C0S710,2017-01-31T07:00:00+08:00,313.0,8.0,3.9,15.0,-0.99,977.5,-99.0,0.0,-9.9,-99,-999,»OªF¿¤,22,³À³¥¶m,274
