22.6867,120.9976,知本,C0S700,2017-01-10T11:00:00+08:00,507.0,46.0,0.8,19.8,-0.99,962.4,-99.0,0.0,-9.9,-99,-999,臺東縣,22,卑南鄉,289
22.6867,120.9976,知本,C0S700,2017-01-10T12:00:00+08:00,507.0,52.0,1.0,20.1,-0.99,961.6,-99.0,0.0,-9.9,-99,-999,臺東縣,22,卑南鄉,289
22.6867,120.9976,知本,C0S700,2017-01-10T13:00:00+08:00,507.0,52.0,1.6,17.8,-0.99,961.1,-99.0,0.0,-9.9,-99,-999,臺東縣,22,卑南鄉,289
22.6867,120.9976,知本,C0S700,2017-01-10T14:00:00+08:00,507.0,46.0,1.2,17.3,-0.99,960.6,-99.0,0.0,-9.9,-99,-999,臺東縣,22,卑南鄉,289
22.6867,120.9976,知本,C0S700,2017-01-10T15:00:00+08:00,507.0,68.0,0.8,17.4,-0.99,960.6,-99.0,0.0,-9.9,-99,-999,臺東縣,22,卑南鄉,289
22.6867,120.9976,知本,C0S700,2017-01-10T16:00:00+08:00,507.0,42.0,0.4,17.1,-0.99,961.0,-99.0,0.0,-9.9,-99,-999,臺東縣,22,卑南鄉,289
22.6867,120.9976,知本,C0S700,2017-01-10T17:00:00+08:00,507.0,0.0,0.0,17.0,-0.99,961.5,-99.0,0.0,-9.9,-99,-999,臺東縣,22,卑南鄉,289
22.6867,120.9976,知本,C0S700,2017-01-10T18:00:00+08:00,507.0,0.0,0.0,16.8,-0.99,961.9,-99.0,0.0,-9.9,-99,-999,臺東縣,22,卑南鄉,289
22.6867,120.9976,知本,C0S700,2017-01-10T19:00:00+08:00,507.0,0.0,0.0,16.8,-0.99,962.6,-99.0,0.0,-9.9,-99,-999,臺東縣,22,卑南鄉,289
22.6867,120.9976,知本,C0S700,2017-01-10T20:00:00+08:00,507.0,231.0,0.9,16.8,-0.99,962.9,-99.0,0.0,-9.9,-99,-999,臺東縣,22,卑南鄉,289
22.6867,120.9976,知本,C0S700,2017-01-10T21:00:00+08:00,507.0,0.0,0.0,16.9,-0.99,963.1,-99.0,0.0,-9.9,-99,-999,臺東縣,22,卑南鄉,289
22.6867,120.9976,知本,C0S700,2017-01-10T22:00:00+08:00,507.0,269.0,0.9,16.2,-0.99,963.0,-99.0,0.0,-9.9,-99,-999,臺東縣,22,卑南鄉,289
22.6867,120.9976,知本,C0S700,2017-01-10T23:00:00+08:00,507.0,0.0,0.0,16.0,-0.99,963.0,-99.0,0.0,-9.9,-99,-999,臺東縣,22,卑南鄉,289
22.6867,120.9976,知本,C0S700,2017-01-11T00:00:00+08:00,507.0,272.0,0.3,16.1,-0.99,962.9,-99.0,0.0,-9.9,-99,-999,臺東縣,22,卑南鄉,289
22.6867,120.9976,知本,C0S700,2017-01-11T01:00:00+08:00,507.0,228.0,0.8,15.7,-0.99,962.6,-99.0,0.0,-9.9,-99,-999,臺東縣,22,卑南鄉,289
22.6867,120.9976,知本,C0S700,2017-01-11T02:00:00+08:00,507.0,210.0,0.9,15.3,-0.99,962.1,-99.0,0.0,-9.9,-99,-999,臺東縣,22,卑南鄉,289
22.6867,120.9976,知本,C0S700,2017-01-11T03:00:00+08:00,507.0,217.0,0.7,15.0,-0.99,961.7,-99.0,0.0,-9.9,-99,-999,臺東縣,22,卑南鄉,289
22.6867,120.9976,知本,C0S700,2017-01-11T04:00:00+08:00,507.0,249.0,1.4,15.0,-0.99,961.1,-99.0,0.0,-9.9,-99,-999,臺東縣,22,卑南鄉,289
22.6867,120.9976,知本,C0S700,2017-01-11T05:00:00+08:00,507.0,92.0,0.6,16.4,-0.99,961.3,-99.0,0.0,-9.9,-99,-999,臺東縣,22,卑南鄉,289
22.6867,120.9976,知本,C0S700,2017-01-11T06:00:00+08:00,507.0,0.0,0.2,16.0,-0.99,962.1,-99.0,0.0,-9.9,-99,-999,臺東縣,22,卑南鄉,289
22.6867,120.9976,知本,C0S700,2017-01-11T07:00:00+08:00,507.0,0.0,0.1,16.4,-0.99,962.8,-99.0,0.0,-9.9,-99,-999,臺東縣,22,卑南鄉,289
22.6867,120.9976,知本,C0S700,2017-01-11T08:00:00+08:00,507.0,197.0,0.5,17.0,-0.99,963.6,-99.0,0.0,-9.9,-99,-999,臺東縣,22,卑南鄉,289
22.6867,120.9976,知本,C0S700,2017-01-11T09:00:00+08:00,507.0,0.0,0.2,18.5,-0.99,964.1,-99.0,0.0,-9.9,-99,-999,臺東縣,22,卑南鄉,289
22.6867,120.9976,知本,C0S700,2017-01-11T10:00:00+08:00,507.0,39.0,1.8,18.3,-0.99,963.9,-99.0,0.0,-9.9,-99,-999,臺東縣,22,卑南鄉,289
22.6867,120.9976,知本,C0S700,2017-01-11T11:00:00+08:00,507.0,40.0,0.9,20.3,-0.99,962.6,-99.0,0.0,-9.9,-99,-999,臺東縣,22,卑南鄉,289
22.6867,120.9976,知本,C0S700,2017-01-11T12:00:00+08:00,507.0,70.0,1.4,21.2,-0.99,961.6,-99.0,0.0,-9.9,-99,-999,臺東縣,22,卑南鄉,289
22.6867,120.9976,知本,C0S700,2017-01-11T13:00:00+08:00,507.0,60.0,1.7,20.6,-0.99,960.5,-99.0,0.0,-9.9,-99,-999,臺東縣,22,卑南鄉,289
22.6867,120.9976,知本,C0S700,2017-01-11T14:00:00+08:00,507.0,64.0,1.5,19.0,-0.99,959.8,-99.0,0.0,-9.9,-99,-999,臺東縣,22,卑南鄉,289
22.6867,120.9976,知本,C0S700,2017-01-11T15:00:00+08:00,507.0,67.0,1.7,17.7,-0.99,959.5,-99.0,0.0,-9.9,-99,-999,臺東縣,22,卑南鄉,289
22.6867,120.9976,知本,C0S700,2017-01-11T16:00:00+08:00,507.0,54.0,1.8,17.5,-0.99,959.8,-99.0,0.0,-9.9,-99,-999,臺東縣,22,卑南鄉,289
22.6867,120.9976,知本,C0S700,2017-01-11T17:00:00+08:00,507.0,57.0,1.1,17.3,-0.99,960.3,-99.0,0.5,-9.9,-99,-999,臺東縣,22,卑南鄉,289
22.6867,120.9976,知本,C0S700,2017-01-11T18:00:00+08:00,507.0,55.0,1.1,17.3,-0.99,960.8,-99.0,0.5,-9.9,-99,-999,臺東縣,22,卑南鄉,289
22.6867,120.9976,知本,C0S700,2017-01-11T19:00:00+08:00,507.0,52.0,1.4,16.9,-0.99,961.4,-99.0,6.0,-9.9,-99,-999,臺東縣,22,卑南鄉,289
22.6867,120.9976,知本,C0S700,2017-01-11T20:00:00+08:00,507.0,78.0,0.5,16.8,-0.99,961.8,-99.0,7.5,-9.9,-99,-999,臺東縣,22,卑南鄉,289
22.6867,120.9976,知本,C0S700,2017-01-11T21:00:00+08:00,507.0,0.0,0.1,16.8,-0.99,962.2,-99.0,7.5,-9.9,-99,-999,臺東縣,22,卑南鄉,289
22.6867,120.9976,知本,C0S700,2017-01-11T22:00:00+08:00,507.0,46.0,0.4,16.5,-0.99,962.3,-99.0,7.5,-9.9,-99,-999,臺東縣,22,卑南鄉,289
22.6867,120.9976,知本,C0S700,2017-01-11T23:00:00+08:00,507.0,223.0,0.9,16.7,-0.99,962.0,-99.0,7.5,-9.9,-99,-999,臺東縣,22,卑南鄉,289
22.6867,120.9976,知本,C0S700,2017-01-12T00:00:00+08:00,507.0,249.0,0.5,17.0,-0.99,961.4,-99.0,7.5,-9.9,-99,-999,臺東縣,22,卑南鄉,289
22.6867,120.9976,知本,C0S700,2017-01-12T01:00:00+08:00,507.0,0.0,0.1,17.4,-0.99,961.0,-99.0,0.0,-9.9,-99,-999,臺東縣,22,卑南鄉,289
22.6867,120.9976,知本,C0S700,2017-01-12T02:00:00+08:00,507.0,196.0,0.8,16.9,-0.99,960.4,-99.0,0.0,-9.9,-99,-999,臺東縣,22,卑南鄉,289
22.6867,120.9976,知本,C0S700,2017-01-12T03:00:00+08:00,507.0,199.0,1.1,17.0,-0.99,959.7,-99.0,0.0,-9.9,-99,-999,臺東縣,22,卑南鄉,289
22.6867,120.9976,知本,C0S700,2017-01-12T04:00:00+08:00,507.0,205.0,1.2,17.0,-0.99,959.2,-99.0,0.0,-9.9,-99,-999,臺東縣,22,卑南鄉,289
22.6867,120.9976,知本,C0S700,2017-01-12T05:00:00+08:00,507.0,199.0,1.1,17.3,-0.99,959.0,-99.0,0.0,-9.9,-99,-999,臺東縣,22,卑南鄉,289
22.6867,120.9976,知本,C0S700,2017-01-12T06:00:00+08:00,507.0,176.0,0.7,17.6,-0.99,959.1,-99.0,0.0,-9.9,-99,-999,臺東縣,22,卑南鄉,289
22.6867,120.9976,知本,C0S700,2017-01-12T07:00:00+08:00,507.0,0.0,0.1,18.2,-0.99,959.5,-99.0,0.0,-9.9,-99,-999,臺東縣,22,卑南鄉,289
22.6867,120.9976,知本,C0S700,2017-01-12T08:00:00+08:00,507.0,255.0,0.6,17.9,-0.99,960.0,-99.0,0.0,-9.9,-99,-999,臺東縣,22,卑南鄉,289
22.6867,120.9976,知本,C0S700,2017-01-12T09:00:00+08:00,507.0,0.0,0.0,19.4,-0.99,960.3,-99.0,0.0,-9.9,-99,-999,臺東縣,22,卑南鄉,289
22.6867,120.9976,知本,C0S700,2017-01-12T10:00:00+08:00,507.0,69.0,0.3,19.4,-0.99,959.9,-99.0,0.0,-9.9,-99,-999,臺東縣,22,卑南鄉,289
22.6867,120.9976,知本,C0S700,2017-01-12T11:00:00+08:00,507.0,77.0,0.3,19.6,-0.99,959.3,-99.0,0.0,-9.9,-99,-999,臺東縣,22,卑南鄉,289
22.6867,120.9976,知本,C0S700,2017-01-12T12:00:00+08:00,507.0,68.0,0.7,20.2,-0.99,958.2,-99.0,0.0,-9.9,-99,-999,臺東縣,22,卑南鄉,289
22.6867,120.9976,知本,C0S700,2017-01-12T13:00:00+08:00,507.0,64.0,0.7,18.7,-0.99,957.1,-99.0,0.0,-9.9,-99,-999,臺東縣,22,卑南鄉,289
22.6867,120.9976,知本,C0S700,2017-01-12T14:00:00+08:00,507.0,112.0,0.8,17.9,-0.99,956.5,-99.0,0.0,-9.9,-99,-999,臺東縣,22,卑南鄉,289
22.6867,120.9976,知本,C0S700,2017-01-12T15:00:00+08:00,507.0,101.0,0.3,17.8,-0.99,956.2,-99.0,0.5,-9.9,-99,-999,臺東縣,22,卑南鄉,289
22.6867,120.9976,知本,C0S700,2017-01-12T16:00:00+08:00,507.0,88.0,0.5,17.8,-0.99,956.5,-99.0,1.0,-9.9,-99,-999,臺東縣,22,卑南鄉,289
22.6867,120.9976,知本,C0S700,2017-01-12T17:00:00+08:00,507.0,0.0,0.0,17.5,-0.99,956.8,-99.0,1.5,-9.9,-99,-999,臺東縣,22,卑南鄉,289
22.6867,120.9976,知本,C0S700,2017-01-12T18:00:00+08:00,507.0,0.0,0.0,17.5,-0.99,957.1,-99.0,1.5,-9.9,-99,-999,臺東縣,22,卑南鄉,289
22.6867,120.9976,知本,C0S700,2017-01-12T19:00:00+08:00,507.0,0.0,0.2,17.3,-0.99,957.3,-99.0,1.5,-9.9,-99,-999,臺東縣,22,卑南鄉,289
22.6867,120.9976,知本,C0S700,2017-01-12T20:00:00+08:00,507.0,214.0,0.9,17.5,-0.99,957.4,-99.0,1.5,-9.9,-99,-999,臺東縣,22,卑南鄉,289
22.6867,120.9976,知本,C0S700,2017-01-12T21:00:00+08:00,507.0,183.0,1.4,17.8,-0.99,957.6,-99.0,1.5,-9.9,-99,-999,臺東縣,22,卑南鄉,289
22.6867,120.9976,知本,C0S700,2017-01-12T22:00:00+08:00,507.0,184.0,1.3,17.8,-0.99,957.7,-99.0,1.5,-9.9,-99,-999,臺東縣,22,卑南鄉,289
22.6867,120.9976,知本,C0S700,2017-01-12T23:00:00+08:00,507.0,175.0,0.9,18.1,-0.99,957.5,-99.0,1.5,-9.9,-99,-999,臺東縣,22,卑南鄉,289
22.6867,120.9976,知本,C0S700,2017-01-13T00:00:00+08:00,507.0,196.0,1.1,17.9,-0.99,957.1,-99.0,1.5,-9.9,-99,-999,臺東縣,22,卑南鄉,289
22.6867,120.9976,知本,C0S700,2017-01-13T01:00:00+08:00,507.0,206.0,0.8,18.1,-0.99,956.6,-99.0,0.0,-9.9,-99,-999,臺東縣,22,卑南鄉,289
22.6867,120.9976,知本,C0S700,2017-01-13T02:00:00+08:00,507.0,180.0,0.7,17.7,-0.99,956.0,-99.0,0.0,-9.9,-99,-999,臺東縣,22,卑南鄉,289
22.6867,120.9976,知本,C0S700,2017-01-13T03:00:00+08:00,507.0,198.0,0.6,17.7,-0.99,955.4,-99.0,0.0,-9.9,-99,-999,臺東縣,22,卑南鄉,289
22.6867,120.9976,知本,C0S700,2017-01-13T04:00:00+08:00,507.0,0.0,0.1,17.5,-0.99,955.5,-99.0,0.0,-9.9,-99,-999,臺東縣,22,卑南鄉,289
22.6867,120.9976,知本,C0S700,2017-01-13T05:00:00+08:00,507.0,231.0,0.3,18.3,-0.99,955.9,-99.0,0.0,-9.9,-99,-999,臺東縣,22,卑南鄉,289
22.6867,120.9976,知本,C0S700,2017-01-13T06:00:00+08:00,507.0,0.0,0.0,18.4,-0.99,956.3,-99.0,0.0,-9.9,-99,-999,臺東縣,22,卑南鄉,289
22.6867,120.9976,知本,C0S700,2017-01-13T07:00:00+08:00,507.0,231.0,0.9,18.1,-0.99,956.7,-99.0,0.0,-9.9,-99,-999,臺東縣,22,卑南鄉,289
22.6867,120.9976,知本,C0S700,2017-01-13T08:00:00+08:00,507.0,188.0,0.3,18.5,-0.99,957.6,-99.0,0.0,-9.9,-99,-999,臺東縣,22,卑南鄉,289
22.6867,120.9976,知本,C0S700,2017-01-13T09:00:00+08:00,507.0,73.0,1.3,18.3,-0.99,958.3,-99.0,0.0,-9.9,-99,-999,臺東縣,22,卑南鄉,289
22.6867,120.9976,知本,C0S700,2017-01-13T10:00:00+08:00,507.0,63.0,0.8,18.3,-0.99,958.5,-99.0,0.0,-9.9,-99,-999,臺東縣,22,卑南鄉,289
22.6867,120.9976,知本,C0S700,2017-01-13T11:00:00+08:00,507.0,58.0,1.3,17.7,-0.99,958.0,-99.0,0.0,-9.9,-99,-999,臺東縣,22,卑南鄉,289
22.6867,120.9976,知本,C0S700,2017-01-13T12:00:00+08:00,507.0,64.0,1.0,16.9,-0.99,957.4,-99.0,0.0,-9.9,-99,-999,臺東縣,22,卑南鄉,289
22.6867,120.9976,知本,C0S700,2017-01-13T13:00:00+08:00,507.0,0.0,0.2,16.9,-0.99,956.8,-99.0,0.5,-9.9,-99,-999,臺東縣,22,卑南鄉,289
22.6867,120.9976,知本,C0S700,2017-01-13T14:00:00+08:00,507.0,91.0,0.3,17.4,-0.99,956.6,-99.0,0.5,-9.9,-99,-999,臺東縣,22,卑南鄉,289
22.6867,120.9976,知本,C0S700,2017-01-13T15:00:00+08:00,507.0,89.0,0.5,17.3,-0.99,956.6,-99.0,0.5,-9.9,-99,-999,臺東縣,22,卑南鄉,289
22.6867,120.9976,知本,C0S700,2017-01-13T16:00:00+08:00,507.0,94.0,1.1,16.6,-0.99,956.9,-99.0,0.5,-9.9,-99,-999,臺東縣,22,卑南鄉,289
22.6867,120.9976,知本,C0S700,2017-01-13T17:00:00+08:00,507.0,74.0,1.0,15.8,-0.99,957.5,-99.0,1.0,-9.9,-99,-999,臺東縣,22,卑南鄉,289
22.6867,120.9976,知本,C0S700,2017-01-13T18:00:00+08:00,507.0,0.0,0.2,15.8,-0.99,957.8,-99.0,1.0,-9.9,-99,-999,臺東縣,22,卑南鄉,289
22.6867,120.9976,知本,C0S700,2017-01-13T19:00:00+08:00,507.0,79.0,0.8,15.6,-0.99,958.3,-99.0,1.0,-9.9,-99,-999,臺東縣,22,卑南鄉,289
22.6867,120.9976,知本,C0S700,2017-01-13T20:00:00+08:00,507.0,38.0,0.6,15.5,-0.99,958.9,-99.0,1.0,-9.9,-99,-999,臺東縣,22,卑南鄉,289
22.6867,120.9976,知本,C0S700,2017-01-13T21:00:00+08:00,507.0,0.0,0.0,15.6,-0.99,959.1,-99.0,1.0,-9.9,-99,-999,臺東縣,22,卑南鄉,289
22.6867,120.9976,知本,C0S700,2017-01-13T22:00:00+08:00,507.0,50.0,0.8,15.6,-0.99,959.4,-99.0,1.0,-9.9,-99,-999,臺東縣,22,卑南鄉,289
22.6867,120.9976,知本,C0S700,2017-01-13T23:00:00+08:00,507.0,0.0,0.0,15.7,-0.99,959.2,-99.0,2.0,-9.9,-99,-999,臺東縣,22,卑南鄉,289
22.6867,120.9976,知本,C0S700,2017-01-14T00:00:00+08:00,507.0,0.0,0.0,15.6,-0.99,958.9,-99.0,2.0,-9.9,-99,-999,臺東縣,22,卑南鄉,289
22.6867,120.9976,知本,C0S700,2017-01-14T01:00:00+08:00,507.0,0.0,0.1,16.2,-0.99,958.6,-99.0,0.0,-9.9,-99,-999,臺東縣,22,卑南鄉,289
22.6867,120.9976,知本,C0S700,2017-01-14T02:00:00+08:00,507.0,0.0,0.0,15.8,-0.99,958.3,-99.0,0.0,-9.9,-99,-999,臺東縣,22,卑南鄉,289
22.6867,120.9976,知本,C0S700,2017-01-14T03:00:00+08:00,507.0,268.0,0.6,15.6,-0.99,958.3,-99.0,0.0,-9.9,-99,-999,臺東縣,22,卑南鄉,289
22.6867,120.9976,知本,C0S700,2017-01-14T04:00:00+08:00,507.0,0.0,0.2,15.5,-0.99,958.5,-99.0,0.0,-9.9,-99,-999,臺東縣,22,卑南鄉,289
22.6867,120.9976,知本,C0S700,2017-01-14T05:00:00+08:00,507.0,0.0,0.0,15.5,-0.99,958.7,-99.0,0.0,-9.9,-99,-999,臺東縣,22,卑南鄉,289
22.6867,120.9976,知本,C0S700,2017-01-14T06:00:00+08:00,507.0,252.0,0.3,15.4,-0.99,959.3,-99.0,0.5,-9.9,-99,-999,臺東縣,22,卑南鄉,289
22.6867,120.9976,知本,C0S700,2017-01-14T07:00:00+08:00,507.0,0.0,0.1,15.3,-0.99,959.7,-99.0,0.5,-9.9,-99,-999,臺東縣,22,卑南鄉,289
22.6867,120.9976,知本,C0S700,2017-01-14T08:00:00+08:00,507.0,0.0,0.0,15.3,-0.99,960.6,-99.0,0.5,-9.9,-99,-999,臺東縣,22,卑南鄉,289
22.6867,120.9976,知本,C0S700,2017-01-14T10:00:00+08:00,507.0,87.0,0.5,14.9,-0.99,961.5,-99.0,2.0,-9.9,-99,-999,臺東縣,22,卑南鄉,289
22.6867,120.9976,知本,C0S700,2017-01-14T11:00:00+08:00,507.0,0.0,0.0,14.9,-0.99,960.9,-99.0,2.5,-9.9,-99,-999,臺東縣,22,卑南鄉,289
22.6867,120.9976,知本,C0S700,2017-01-14T12:00:00+08:00,507.0,104.0,1.7,14.5,-0.99,960.2,-99.0,2.5,-9.9,-99,-999,臺東縣,22,卑南鄉,289
22.6867,120.9976,知本,C0S700,2017-01-14T13:00:00+08:00,507.0,97.0,0.6,15.6,-0.99,959.7,-99.0,2.5,-9.9,-99,-999,臺東縣,22,卑南鄉,289
22.6867,120.9976,知本,C0S700,2017-01-14T14:00:00+08:00,507.0,111.0,0.9,14.2,-0.99,959.6,-99.0,2.5,-9.9,-99,-999,臺東縣,22,卑南鄉,289
22.6867,120.9976,知本,C0S700,2017-01-14T15:00:00+08:00,507.0,106.0,0.5,15.0,-0.99,959.3,-99.0,2.5,-9.9,-99,-999,臺東縣,22,卑南鄉,289
22.6867,120.9976,知本,C0S700,2017-01-14T16:00:00+08:00,507.0,120.0,1.2,14.1,-0.99,959.9,-99.0,2.5,-9.9,-99,-999,臺東縣,22,卑南鄉,289
22.6867,120.9976,知本,C0S700,2017-01-14T17:00:00+08:00,507.0,91.0,0.3,14.5,-0.99,960.9,-99.0,2.5,-9.9,-99,-999,臺東縣,22,卑南鄉,289
22.6867,120.9976,知本,C0S700,2017-01-14T18:00:00+08:00,507.0,0.0,0.2,14.7,-0.99,961.4,-99.0,2.5,-9.9,-99,-999,臺東縣,22,卑南鄉,289
22.6867,120.9976,知本,C0S700,2017-01-14T19:00:00+08:00,507.0,257.0,0.6,15.1,-0.99,961.6,-99.0,2.5,-9.9,-99,-999,臺東縣,22,卑南鄉,289
22.6867,120.9976,知本,C0S700,2017-01-14T20:00:00+08:00,507.0,0.0,0.0,14.8,-0.99,962.2,-99.0,2.5,-9.9,-99,-999,臺東縣,22,卑南鄉,289
22.6867,120.9976,知本,C0S700,2017-01-14T21:00:00+08:00,507.0,245.0,0.6,15.1,-0.99,962.4,-99.0,2.5,-9.9,-99,-999,臺東縣,22,卑南鄉,289
22.6867,120.9976,知本,C0S700,2017-01-14T22:00:00+08:00,507.0,0.0,0.1,14.8,-0.99,962.4,-99.0,2.5,-9.9,-99,-999,臺東縣,22,卑南鄉,289
22.6867,120.9976,知本,C0S700,2017-01-14T23:00:00+08:00,507.0,214.0,1.2,14.7,-0.99,962.2,-99.0,2.5,-9.9,-99,-999,臺東縣,22,卑南鄉,289
22.6867,120.9976,知本,C0S700,2017-01-15T00:00:00+08:00,507.0,0.0,0.2,14.7,-0.99,962.3,-99.0,2.5,-9.9,-99,-999,臺東縣,22,卑南鄉,289
22.6867,120.9976,知本,C0S700,2017-01-15T01:00:00+08:00,507.0,243.0,0.7,14.9,-0.99,962.2,-99.0,0.0,-9.9,-99,-999,臺東縣,22,卑南鄉,289
22.6867,120.9976,知本,C0S700,2017-01-15T02:00:00+08:00,507.0,0.0,0.2,14.8,-0.99,961.9,-99.0,0.0,-9.9,-99,-999,臺東縣,22,卑南鄉,289
22.6867,120.9976,知本,C0S700,2017-01-15T03:00:00+08:00,507.0,0.0,0.0,14.6,-0.99,961.7,-99.0,0.0,-9.9,-99,-999,臺東縣,22,卑南鄉,289
22.6867,120.9976,知本,C0S700,2017-01-15T04:00:00+08:00,507.0,87.0,0.5,15.3,-0.99,961.5,-99.0,0.0,-9.9,-99,-999,臺東縣,22,卑南鄉,289
22.6867,120.9976,知本,C0S700,2017-01-15T05:00:00+08:00,507.0,0.0,0.1,14.3,-0.99,962.1,-99.0,0.0,-9.9,-99,-999,臺東縣,22,卑南鄉,289
22.6867,120.9976,知本,C0S700,2017-01-15T06:00:00+08:00,507.0,215.0,0.8,14.6,-0.99,962.1,-99.0,0.0,-9.9,-99,-999,臺東縣,22,卑南鄉,289
22.6867,120.9976,知本,C0S700,2017-01-15T07:00:00+08:00,507.0,242.0,0.4,15.1,-0.99,962.3,-99.0,0.0,-9.9,-99,-999,臺東縣,22,卑南鄉,289
22.6867,120.9976,知本,C0S700,2017-01-15T08:00:00+08:00,507.0,113.0,1.9,14.2,-0.99,963.2,-99.0,0.0,-9.9,-99,-999,臺東縣,22,卑南鄉,289
22.6867,120.9976,知本,C0S700,2017-01-15T09:00:00+08:00,507.0,20.0,0.3,16.1,-0.99,963.4,-99.0,0.0,-9.9,-99,-999,臺東縣,22,卑南鄉,289
22.6867,120.9976,知本,C0S700,2017-01-15T10:00:00+08:00,507.0,101.0,1.3,15.5,-0.99,963.2,-99.0,0.0,-9.9,-99,-999,臺東縣,22,卑南鄉,289
22.6867,120.9976,知本,C0S700,2017-01-15T11:00:00+08:00,507.0,88.0,1.0,15.9,-0.99,962.8,-99.0,0.0,-9.9,-99,-999,臺東縣,22,卑南鄉,289
22.6867,120.9976,知本,C0S700,2017-01-15T12:00:00+08:00,507.0,61.0,0.9,16.1,-0.99,962.0,-99.0,0.0,-9.9,-99,-999,臺東縣,22,卑南鄉,289
22.6867,120.9976,知本,C0S700,2017-01-15T13:00:00+08:00,507.0,0.0,0.1,16.0,-0.99,961.0,-99.0,0.0,-9.9,-99,-999,臺東縣,22,卑南鄉,289
22.6867,120.9976,知本,C0S700,2017-01-15T14:00:00+08:00,507.0,0.0,0.2,16.0,-0.99,960.3,-99.0,0.0,-9.9,-99,-999,臺東縣,22,卑南鄉,289
22.6867,120.9976,知本,C0S700,2017-01-15T15:00:00+08:00,507.0,98.0,0.9,15.8,-0.99,960.3,-99.0,0.0,-9.9,-99,-999,臺東縣,22,卑南鄉,289
22.6867,120.9976,知本,C0S700,2017-01-15T16:00:00+08:00,507.0,57.0,1.1,15.4,-0.99,960.7,-99.0,0.0,-9.9,-99,-999,臺東縣,22,卑南鄉,289
22.6867,120.9976,知本,C0S700,2017-01-15T17:00:00+08:00,507.0,0.0,0.2,14.7,-0.99,961.2,-99.0,0.0,-9.9,-99,-999,臺東縣,22,卑南鄉,289
22.6867,120.9976,知本,C0S700,2017-01-15T18:00:00+08:00,507.0,0.0,0.2,14.7,-0.99,961.7,-99.0,0.0,-9.9,-99,-999,臺東縣,22,卑南鄉,289
22.6867,120.9976,知本,C0S700,2017-01-15T19:00:00+08:00,507.0,225.0,0.6,14.3,-0.99,961.9,-99.0,0.0,-9.9,-99,-999,臺東縣,22,卑南鄉,289
22.6867,120.9976,知本,C0S700,2017-01-15T20:00:00+08:00,507.0,196.0,1.4,14.6,-0.99,962.3,-99.0,0.0,-9.9,-99,-999,臺東縣,22,卑南鄉,289
22.6867,120.9976,知本,C0S700,2017-01-15T21:00:00+08:00,507.0,0.0,0.0,14.5,-0.99,962.6,-99.0,0.0,-9.9,-99,-999,臺東縣,22,卑南鄉,289
22.6867,120.9976,知本,C0S700,2017-01-15T22:00:00+08:00,507.0,0.0,0.1,14.9,-0.99,962.5,-99.0,0.0,-9.9,-99,-999,臺東縣,22,卑南鄉,289
22.6867,120.9976,知本,C0S700,2017-01-15T23:00:00+08:00,507.0,0.0,0.1,14.9,-0.99,962.4,-99.0,0.0,-9.9,-99,-999,臺東縣,22,卑南鄉,289
22.6867,120.9976,知本,C0S700,2017-01-16T00:00:00+08:00,507.0,224.0,0.6,14.8,-0.99,962.2,-99.0,0.0,-9.9,-99,-999,臺東縣,22,卑南鄉,289
22.6867,120.9976,知本,C0S700,2017-01-16T01:00:00+08:00,507.0,0.0,0.1,14.6,-0.99,961.9,-99.0,0.0,-9.9,-99,-999,臺東縣,22,卑南鄉,289
22.6867,120.9976,知本,C0S700,2017-01-16T02:00:00+08:00,507.0,0.0,0.0,14.9,-0.99,961.3,-99.0,0.0,-9.9,-99,-999,臺東縣,22,卑南鄉,289
22.6867,120.9976,知本,C0S700,2017-01-16T03:00:00+08:00,507.0,226.0,0.5,14.6,-0.99,961.2,-99.0,0.0,-9.9,-99,-999,臺東縣,22,卑南鄉,289
22.6867,120.9976,知本,C0S700,2017-01-16T04:00:00+08:00,507.0,0.0,0.0,14.8,-0.99,961.2,-99.0,0.0,-9.9,-99,-999,臺東縣,22,卑南鄉,289
22.6867,120.9976,知本,C0S700,2017-01-16T05:00:00+08:00,507.0,216.0,0.4,14.6,-0.99,961.7,-99.0,0.0,-9.9,-99,-999,臺東縣,22,卑南鄉,289
22.6867,120.9976,知本,C0S700,2017-01-16T06:00:00+08:00,507.0,233.0,0.5,14.8,-0.99,962.2,-99.0,0.0,-9.9,-99,-999,臺東縣,22,卑南鄉,289
22.6867,120.9976,知本,C0S700,2017-01-16T07:00:00+08:00,507.0,221.0,0.9,15.0,-0.99,962.8,-99.0,0.0,-9.9,-99,-999,臺東縣,22,卑南鄉,289
22.6867,120.9976,知本,C0S700,2017-01-16T08:00:00+08:00,507.0,0.0,0.1,15.0,-0.99,963.4,-99.0,0.0,-9.9,-99,-999,臺東縣,22,卑南鄉,289
22.6867,120.9976,知本,C0S700,2017-01-16T10:00:00+08:00,507.0,65.0,0.5,16.5,-0.99,964.0,-99.0,0.0,-9.9,-99,-999,臺東縣,22,卑南鄉,289
22.6867,120.9976,知本,C0S700,2017-01-16T11:00:00+08:00,507.0,57.0,1.9,17.1,-0.99,963.5,-99.0,0.0,-9.9,-99,-999,臺東縣,22,卑南鄉,289
22.6867,120.9976,知本,C0S700,2017-01-16T12:00:00+08:00,507.0,67.0,1.1,18.6,-0.99,962.5,-99.0,0.0,-9.9,-99,-999,臺東縣,22,卑南鄉,289
22.6867,120.9976,知本,C0S700,2017-01-16T13:00:00+08:00,507.0,50.0,2.1,18.6,-0.99,961.6,-99.0,0.0,-9.9,-99,-999,臺東縣,22,卑南鄉,289
22.6867,120.9976,知本,C0S700,2017-01-16T14:00:00+08:00,507.0,48.0,1.8,18.7,-0.99,961.0,-99.0,0.0,-9.9,-99,-999,臺東縣,22,卑南鄉,289
22.6867,120.9976,知本,C0S700,2017-01-16T15:00:00+08:00,507.0,56.0,1.9,17.4,-0.99,960.8,-99.0,0.0,-9.9,-99,-999,臺東縣,22,卑南鄉,289
22.6867,120.9976,知本,C0S700,2017-01-16T16:00:00+08:00,507.0,59.0,1.9,16.8,-0.99,961.2,-99.0,0.0,-9.9,-99,-999,臺東縣,22,卑南鄉,289
22.6867,120.9976,知本,C0S700,2017-01-16T17:00:00+08:00,507.0,61.0,1.8,16.2,-0.99,961.7,-99.0,0.0,-9.9,-99,-999,臺東縣,22,卑南鄉,289
22.6867,120.9976,知本,C0S700,2017-01-16T18:00:00+08:00,507.0,55.0,1.9,15.6,-0.99,962.5,-99.0,0.0,-9.9,-99,-999,臺東縣,22,卑南鄉,289
22.6867,120.9976,知本,C0S700,2017-01-16T19:00:00+08:00,507.0,0.0,0.0,14.7,-0.99,963.3,-99.0,0.0,-9.9,-99,-999,臺東縣,22,卑南鄉,289
22.6867,120.9976,知本,C0S700,2017-01-16T20:00:00+08:00,507.0,0.0,0.2,14.2,-0.99,963.7,-99.0,0.0,-9.9,-99,-999,臺東縣,22,卑南鄉,289
22.6867,120.9976,知本,C0S700,2017-01-16T21:00:00+08:00,507.0,203.0,0.8,14.8,-0.99,964.3,-99.0,0.0,-9.9,-99,-999,臺東縣,22,卑南鄉,289
22.6867,120.9976,知本,C0S700,2017-01-16T22:00:00+08:00,507.0,58.0,0.5,15.3,-0.99,964.6,-99.0,0.0,-9.9,-99,-999,臺東縣,22,卑南鄉,289
22.6867,120.9976,知本,C0S700,2017-01-16T23:00:00+08:00,507.0,219.0,0.6,14.3,-0.99,964.3,-99.0,0.0,-9.9,-99,-999,臺東縣,22,卑南鄉,289
22.6867,120.9976,知本,C0S700,2017-01-17T00:00:00+08:00,507.0,307.0,0.3,14.4,-0.99,964.1,-99.0,0.0,-9.9,-99,-999,臺東縣,22,卑南鄉,289
22.6867,120.9976,知本,C0S700,2017-01-17T01:00:00+08:00,507.0,210.0,1.1,14.9,-0.99,963.7,-99.0,0.0,-9.9,-99,-999,臺東縣,22,卑南鄉,289
22.6867,120.9976,知本,C0S700,2017-01-17T02:00:00+08:00,507.0,0.0,0.0,14.3,-0.99,963.6,-99.0,0.0,-9.9,-99,-999,臺東縣,22,卑南鄉,289
22.6867,120.9976,知本,C0S700,2017-01-17T03:00:00+08:00,507.0,0.0,0.0,14.4,-0.99,963.5,-99.0,0.0,-9.9,-99,-999,臺東縣,22,卑南鄉,289
22.6867,120.9976,知本,C0S700,2017-01-17T04:00:00+08:00,507.0,298.0,0.3,14.1,-0.99,963.2,-99.0,0.0,-9.9,-99,-999,臺東縣,22,卑南鄉,289
22.6867,120.9976,知本,C0S700,2017-01-17T05:00:00+08:00,507.0,0.0,0.2,15.1,-0.99,963.7,-99.0,0.0,-9.9,-99,-999,臺東縣,22,卑南鄉,289
22.6867,120.9976,知本,C0S700,2017-01-17T06:00:00+08:00,507.0,212.0,1.0,14.8,-0.99,964.1,-99.0,0.0,-9.9,-99,-999,臺東縣,22,卑南鄉,289
22.6867,120.9976,知本,C0S700,2017-01-17T07:00:00+08:00,507.0,210.0,1.5,14.2,-0.99,964.5,-99.0,0.0,-9.9,-99,-999,臺東縣,22,卑南鄉,289
22.6867,120.9976,知本,C0S700,2017-01-17T08:00:00+08:00,507.0,236.0,1.2,15.2,-0.99,965.0,-99.0,0.0,-9.9,-99,-999,臺東縣,22,卑南鄉,289
22.6867,120.9976,知本,C0S700,2017-01-17T09:00:00+08:00,507.0,172.0,0.7,16.5,-0.99,965.4,-99.0,0.0,-9.9,-99,-999,臺東縣,22,卑南鄉,289
22.6867,120.9976,知本,C0S700,2017-01-17T10:00:00+08:00,507.0,105.0,0.9,17.9,-0.99,965.5,-99.0,0.0,-9.9,-99,-999,臺東縣,22,卑南鄉,289
22.6867,120.9976,知本,C0S700,2017-01-17T11:00:00+08:00,507.0,41.0,0.8,18.3,-0.99,965.1,-99.0,0.0,-9.9,-99,-999,臺東縣,22,卑南鄉,289
22.6867,120.9976,知本,C0S700,2017-01-17T12:00:00+08:00,507.0,88.0,0.9,18.6,-0.99,964.5,-99.0,0.0,-9.9,-99,-999,臺東縣,22,卑南鄉,289
22.6867,120.9976,知本,C0S700,2017-01-17T13:00:00+08:00,507.0,52.0,0.5,19.4,-0.99,963.5,-99.0,0.0,-9.9,-99,-999,臺東縣,22,卑南鄉,289
22.6867,120.9976,知本,C0S700,2017-01-17T14:00:00+08:00,507.0,75.0,0.8,19.4,-0.99,963.0,-99.0,0.0,-9.9,-99,-999,臺東縣,22,卑南鄉,289
22.6867,120.9976,知本,C0S700,2017-01-17T15:00:00+08:00,507.0,69.0,0.7,19.3,-0.99,962.6,-99.0,0.0,-9.9,-99,-999,臺東縣,22,卑南鄉,289
22.6867,120.9976,知本,C0S700,2017-01-17T16:00:00+08:00,507.0,61.0,0.6,18.2,-0.99,962.9,-99.0,0.0,-9.9,-99,-999,臺東縣,22,卑南鄉,289
22.6867,120.9976,知本,C0S700,2017-01-17T17:00:00+08:00,507.0,57.0,0.8,17.3,-0.99,963.5,-99.0,0.0,-9.9,-99,-999,臺東縣,22,卑南鄉,289
22.6867,120.9976,知本,C0S700,2017-01-17T18:00:00+08:00,507.0,84.0,0.3,16.7,-0.99,963.9,-99.0,0.0,-9.9,-99,-999,臺東縣,22,卑南鄉,289
22.6867,120.9976,知本,C0S700,2017-01-17T19:00:00+08:00,507.0,0.0,0.1,16.2,-0.99,964.5,-99.0,0.0,-9.9,-99,-999,臺東縣,22,卑南鄉,289
22.6867,120.9976,知本,C0S700,2017-01-17T20:00:00+08:00,507.0,209.0,1.4,16.5,-0.99,965.1,-99.0,0.0,-9.9,-99,-999,臺東縣,22,卑南鄉,289
22.6867,120.9976,知本,C0S700,2017-01-17T21:00:00+08:00,507.0,212.0,0.7,16.6,-0.99,965.6,-99.0,0.0,-9.9,-99,-999,臺東縣,22,卑南鄉,289
22.6867,120.9976,知本,C0S700,2017-01-17T22:00:00+08:00,507.0,190.0,1.1,17.3,-0.99,965.4,-99.0,0.0,-9.9,-99,-999,臺東縣,22,卑南鄉,289
22.6867,120.9976,知本,C0S700,2017-01-17T23:00:00+08:00,507.0,188.0,0.4,16.5,-0.99,965.1,-99.0,0.0,-9.9,-99,-999,臺東縣,22,卑南鄉,289
22.6867,120.9976,知本,C0S700,2017-01-18T00:00:00+08:00,507.0,168.0,0.8,16.8,-0.99,965.1,-99.0,0.0,-9.9,-99,-999,臺東縣,22,卑南鄉,289
22.6867,120.9976,知本,C0S700,2017-01-18T01:00:00+08:00,507.0,185.0,1.1,16.4,-0.99,964.9,-99.0,0.0,-9.9,-99,-999,臺東縣,22,卑南鄉,289
22.6867,120.9976,知本,C0S700,2017-01-18T02:00:00+08:00,507.0,199.0,0.9,16.7,-0.99,964.6,-99.0,0.0,-9.9,-99,-999,臺東縣,22,卑南鄉,289
22.6867,120.9976,知本,C0S700,2017-01-18T03:00:00+08:00,507.0,208.0,0.7,16.6,-0.99,964.2,-99.0,0.0,-9.9,-99,-999,臺東縣,22,卑南鄉,289
22.6867,120.9976,知本,C0S700,2017-01-18T04:00:00+08:00,507.0,0.0,0.1,16.8,-0.99,964.1,-99.0,0.0,-9.9,-99,-999,臺東縣,22,卑南鄉,289
22.6867,120.9976,知本,C0S700,2017-01-18T05:00:00+08:00,507.0,199.0,1.3,16.2,-0.99,964.3,-99.0,0.0,-9.9,-99,-999,臺東縣,22,卑南鄉,289
22.6867,120.9976,知本,C0S700,2017-01-18T06:00:00+08:00,507.0,214.0,1.3,16.9,-0.99,964.6,-99.0,0.0,-9.9,-99,-999,臺東縣,22,卑南鄉,289
22.6867,120.9976,知本,C0S700,2017-01-18T07:00:00+08:00,507.0,199.0,1.0,16.8,-0.99,964.7,-99.0,0.0,-9.9,-99,-999,臺東縣,22,卑南鄉,289
22.6867,120.9976,知本,C0S700,2017-01-18T08:00:00+08:00,507.0,0.0,0.1,18.1,-0.99,965.4,-99.0,0.0,-9.9,-99,-999,臺東縣,22,卑南鄉,289
22.6867,120.9976,知本,C0S700,2017-01-18T10:00:00+08:00,507.0,43.0,0.3,20.1,-0.99,965.7,-99.0,0.0,-9.9,-99,-999,臺東縣,22,卑南鄉,289
22.6867,120.9976,知本,C0S700,2017-01-18T11:00:00+08:00,507.0,107.0,0.7,20.7,-0.99,965.1,-99.0,0.0,-9.9,-99,-999,臺東縣,22,卑南鄉,289
22.6867,120.9976,知本,C0S700,2017-01-18T12:00:00+08:00,507.0,80.0,0.6,20.7,-0.99,964.2,-99.0,0.0,-9.9,-99,-999,臺東縣,22,卑南鄉,289
22.6867,120.9976,知本,C0S700,2017-01-18T13:00:00+08:00,507.0,47.0,0.7,19.7,-0.99,963.1,-99.0,0.0,-9.9,-99,-999,臺東縣,22,卑南鄉,289
22.6867,120.9976,知本,C0S700,2017-01-18T14:00:00+08:00,507.0,104.0,0.7,19.4,-0.99,962.5,-99.0,0.0,-9.9,-99,-999,臺東縣,22,卑南鄉,289
22.6867,120.9976,知本,C0S700,2017-01-18T15:00:00+08:00,507.0,97.0,0.4,20.2,-0.99,962.2,-99.0,0.0,-9.9,-99,-999,臺東縣,22,卑南鄉,289
22.6867,120.9976,知本,C0S700,2017-01-18T16:00:00+08:00,507.0,144.0,0.7,19.6,-0.99,962.3,-99.0,0.0,-9.9,-99,-999,臺東縣,22,卑南鄉,289
22.6867,120.9976,知本,C0S700,2017-01-18T17:00:00+08:00,507.0,200.0,2.0,19.2,-0.99,962.6,-99.0,0.0,-9.9,-99,-999,臺東縣,22,卑南鄉,289
22.6867,120.9976,知本,C0S700,2017-01-18T18:00:00+08:00,507.0,0.0,0.2,18.9,-0.99,962.7,-99.0,0.0,-9.9,-99,-999,臺東縣,22,卑南鄉,289
22.6867,120.9976,知本,C0S700,2017-01-18T19:00:00+08:00,507.0,189.0,0.6,19.3,-0.99,963.1,-99.0,0.0,-9.9,-99,-999,臺東縣,22,卑南鄉,289
22.6867,120.9976,知本,C0S700,2017-01-18T20:00:00+08:00,507.0,293.0,0.6,19.3,-0.99,963.4,-99.0,0.0,-9.9,-99,-999,臺東縣,22,卑南鄉,289
22.6867,120.9976,知本,C0S700,2017-01-18T21:00:00+08:00,507.0,188.0,0.5,18.5,-0.99,963.6,-99.0,0.0,-9.9,-99,-999,臺東縣,22,卑南鄉,289
22.6867,120.9976,知本,C0S700,2017-01-18T22:00:00+08:00,507.0,227.0,0.6,18.2,-0.99,963.6,-99.0,0.5,-9.9,-99,-999,臺東縣,22,卑南鄉,289
22.6867,120.9976,知本,C0S700,2017-01-18T23:00:00+08:00,507.0,163.0,1.2,18.1,-0.99,963.4,-99.0,0.5,-9.9,-99,-999,臺東縣,22,卑南鄉,289
22.6867,120.9976,知本,C0S700,2017-01-19T00:00:00+08:00,507.0,0.0,0.2,18.5,-0.99,963.3,-99.0,0.5,-9.9,-99,-999,臺東縣,22,卑南鄉,289
22.6867,120.9976,知本,C0S700,2017-01-19T01:00:00+08:00,507.0,202.0,0.4,18.3,-0.99,963.0,-99.0,0.0,-9.9,-99,-999,臺東縣,22,卑南鄉,289
22.6867,120.9976,知本,C0S700,2017-01-19T02:00:00+08:00,507.0,214.0,0.7,18.3,-0.99,962.6,-99.0,0.0,-9.9,-99,-999,臺東縣,22,卑南鄉,289
22.6867,120.9976,知本,C0S700,2017-01-19T03:00:00+08:00,507.0,181.0,1.1,18.2,-0.99,962.4,-99.0,0.0,-9.9,-99,-999,臺東縣,22,卑南鄉,289
22.6867,120.9976,知本,C0S700,2017-01-19T04:00:00+08:00,507.0,0.0,0.2,18.0,-0.99,962.3,-99.0,0.0,-9.9,-99,-999,臺東縣,22,卑南鄉,289
22.6867,120.9976,知本,C0S700,2017-01-19T05:00:00+08:00,507.0,195.0,1.5,17.6,-0.99,962.3,-99.0,0.0,-9.9,-99,-999,臺東縣,22,卑南鄉,289
22.6867,120.9976,知本,C0S700,2017-01-19T06:00:00+08:00,507.0,204.0,1.3,17.6,-0.99,962.8,-99.0,0.0,-9.9,-99,-999,臺東縣,22,卑南鄉,289
22.6867,120.9976,知本,C0S700,2017-01-19T07:00:00+08:00,507.0,190.0,1.1,17.4,-0.99,963.2,-99.0,0.0,-9.9,-99,-999,臺東縣,22,卑南鄉,289
22.6867,120.9976,知本,C0S700,2017-01-19T08:00:00+08:00,507.0,192.0,1.0,18.9,-0.99,963.7,-99.0,0.0,-9.9,-99,-999,臺東縣,22,卑南鄉,289
22.6867,120.9976,知本,C0S700,2017-01-19T09:00:00+08:00,507.0,0.0,0.1,21.1,-0.99,964.0,-99.0,0.0,-9.9,-99,-999,臺東縣,22,卑南鄉,289
22.6867,120.9976,知本,C0S700,2017-01-19T10:00:00+08:00,507.0,0.0,0.1,22.0,-0.99,963.9,-99.0,0.0,-9.9,-99,-999,臺東縣,22,卑南鄉,289
22.6867,120.9976,知本,C0S700,2017-01-19T11:00:00+08:00,507.0,147.0,0.9,23.3,-0.99,963.2,-99.0,0.0,-9.9,-99,-999,臺東縣,22,卑南鄉,289
22.6867,120.9976,知本,C0S700,2017-01-19T12:00:00+08:00,507.0,109.0,2.0,23.5,-0.99,962.4,-99.0,0.0,-9.9,-99,-999,臺東縣,22,卑南鄉,289
22.6867,120.9976,知本,C0S700,2017-01-19T13:00:00+08:00,507.0,122.0,2.2,22.3,-0.99,961.4,-99.0,0.0,-9.9,-99,-999,臺東縣,22,卑南鄉,289
22.6867,120.9976,知本,C0S700,2017-01-19T14:00:00+08:00,507.0,145.0,0.9,23.1,-0.99,960.7,-99.0,0.0,-9.9,-99,-999,臺東縣,22,卑南鄉,289
22.6867,120.9976,知本,C0S700,2017-01-19T15:00:00+08:00,507.0,100.0,0.8,21.2,-0.99,960.4,-99.0,0.0,-9.9,-99,-999,臺東縣,22,卑南鄉,289
22.6867,120.9976,知本,C0S700,2017-01-19T16:00:00+08:00,507.0,108.0,1.5,20.4,-0.99,960.5,-99.0,0.0,-9.9,-99,-999,臺東縣,22,卑南鄉,289
22.6867,120.9976,知本,C0S700,2017-01-19T17:00:00+08:00,507.0,43.0,0.7,19.5,-0.99,960.5,-99.0,0.0,-9.9,-99,-999,臺東縣,22,卑南鄉,289
22.6867,120.9976,知本,C0S700,2017-01-19T18:00:00+08:00,507.0,50.0,1.3,18.7,-0.99,960.8,-99.0,0.5,-9.9,-99,-999,臺東縣,22,卑南鄉,289
22.6867,120.9976,知本,C0S700,2017-01-19T19:00:00+08:00,507.0,0.0,0.0,18.5,-0.99,961.3,-99.0,1.0,-9.9,-99,-999,臺東縣,22,卑南鄉,289
22.6867,120.9976,知本,C0S700,2017-01-19T20:00:00+08:00,507.0,0.0,0.0,18.4,-0.99,961.7,-99.0,1.0,-9.9,-99,-999,臺東縣,22,卑南鄉,289
22.6867,120.9976,知本,C0S700,2017-01-19T21:00:00+08:00,507.0,0.0,0.0,18.1,-0.99,961.9,-99.0,1.0,-9.9,-99,-999,臺東縣,22,卑南鄉,289
22.6867,120.9976,知本,C0S700,2017-01-19T22:00:00+08:00,507.0,0.0,0.0,18.0,-0.99,962.0,-99.0,1.0,-9.9,-99,-999,臺東縣,22,卑南鄉,289
22.6867,120.9976,知本,C0S700,2017-01-19T23:00:00+08:00,507.0,0.0,0.0,17.8,-0.99,962.1,-99.0,1.0,-9.9,-99,-999,臺東縣,22,卑南鄉,289
22.6867,120.9976,知本,C0S700,2017-01-20T00:00:00+08:00,507.0,0.0,0.0,16.4,-0.99,962.1,-99.0,1.0,-9.9,-99,-999,臺東縣,22,卑南鄉,289
22.6867,120.9976,知本,C0S700,2017-01-20T01:00:00+08:00,507.0,219.0,0.3,16.9,-0.99,961.9,-99.0,0.0,-9.9,-99,-999,臺東縣,22,卑南鄉,289
22.6867,120.9976,知本,C0S700,2017-01-20T02:00:00+08:00,507.0,224.0,1.2,17.0,-0.99,961.7,-99.0,0.0,-9.9,-99,-999,臺東縣,22,卑南鄉,289
22.6867,120.9976,知本,C0S700,2017-01-20T03:00:00+08:00,507.0,0.0,0.1,17.2,-0.99,961.9,-99.0,0.0,-9.9,-99,-999,臺東縣,22,卑南鄉,289
22.6867,120.9976,知本,C0S700,2017-01-20T04:00:00+08:00,507.0,234.0,0.8,16.1,-0.99,961.9,-99.0,0.0,-9.9,-99,-999,臺東縣,22,卑南鄉,289
22.6867,120.9976,知本,C0S700,2017-01-20T05:00:00+08:00,507.0,210.0,1.5,17.0,-0.99,961.8,-99.0,0.0,-9.9,-99,-999,臺東縣,22,卑南鄉,289
22.6867,120.9976,知本,C0S700,2017-01-20T06:00:00+08:00,507.0,179.0,0.3,16.5,-0.99,962.3,-99.0,0.0,-9.9,-99,-999,臺東縣,22,卑南鄉,289
22.6867,120.9976,知本,C0S700,2017-01-20T07:00:00+08:00,507.0,181.0,0.5,15.9,-0.99,963.0,-99.0,0.0,-9.9,-99,-999,臺東縣,22,卑南鄉,289
22.6867,120.9976,知本,C0S700,2017-01-20T08:00:00+08:00,507.0,0.0,0.1,17.4,-0.99,963.5,-99.0,0.0,-9.9,-99,-999,臺東縣,22,卑南鄉,289
22.6867,120.9976,知本,C0S700,2017-01-20T09:00:00+08:00,507.0,90.0,0.7,16.9,-0.99,964.6,-99.0,0.0,-9.9,-99,-999,臺東縣,22,卑南鄉,289
22.6867,120.9976,知本,C0S700,2017-01-20T10:00:00+08:00,507.0,55.0,1.3,16.6,-0.99,964.8,-99.0,0.0,-9.9,-99,-999,臺東縣,22,卑南鄉,289
22.6867,120.9976,知本,C0S700,2017-01-20T11:00:00+08:00,507.0,65.0,1.5,16.6,-0.99,964.5,-99.0,0.0,-9.9,-99,-999,臺東縣,22,卑南鄉,289
22.6867,120.9976,知本,C0S700,2017-01-20T12:00:00+08:00,507.0,54.0,1.5,16.9,-0.99,963.8,-99.0,0.0,-9.9,-99,-999,臺東縣,22,卑南鄉,289
22.6867,120.9976,知本,C0S700,2017-01-20T13:00:00+08:00,507.0,78.0,2.0,16.9,-0.99,963.0,-99.0,0.0,-9.9,-99,-999,臺東縣,22,卑南鄉,289
22.6867,120.9976,知本,C0S700,2017-01-20T14:00:00+08:00,507.0,81.0,2.0,15.8,-0.99,962.5,-99.0,0.0,-9.9,-99,-999,臺東縣,22,卑南鄉,289
22.6867,120.9976,知本,C0S700,2017-01-20T15:00:00+08:00,507.0,57.0,2.6,15.3,-0.99,962.5,-99.0,0.0,-9.9,-99,-999,臺東縣,22,卑南鄉,289
22.6867,120.9976,知本,C0S700,2017-01-20T16:00:00+08:00,507.0,51.0,3.0,14.8,-0.99,963.1,-99.0,0.0,-9.9,-99,-999,臺東縣,22,卑南鄉,289
22.6867,120.9976,知本,C0S700,2017-01-20T17:00:00+08:00,507.0,57.0,2.5,14.2,-0.99,963.7,-99.0,0.0,-9.9,-99,-999,臺東縣,22,卑南鄉,289
22.6867,120.9976,知本,C0S700,2017-01-20T18:00:00+08:00,507.0,55.0,2.3,13.4,-0.99,964.5,-99.0,0.0,-9.9,-99,-999,臺東縣,22,卑南鄉,289
22.6867,120.9976,知本,C0S700,2017-01-20T19:00:00+08:00,507.0,59.0,2.4,13.3,-0.99,965.2,-99.0,0.0,-9.9,-99,-999,臺東縣,22,卑南鄉,289
22.6867,120.9976,知本,C0S700,2017-01-20T20:00:00+08:00,507.0,75.0,2.0,13.5,-0.99,965.8,-99.0,0.0,-9.9,-99,-999,臺東縣,22,卑南鄉,289
22.6867,120.9976,知本,C0S700,2017-01-20T21:00:00+08:00,507.0,57.0,2.7,13.0,-0.99,966.2,-99.0,0.0,-9.9,-99,-999,臺東縣,22,卑南鄉,289
22.6867,120.9976,知本,C0S700,2017-01-20T22:00:00+08:00,507.0,65.0,1.1,12.7,-0.99,966.5,-99.0,0.0,-9.9,-99,-999,臺東縣,22,卑南鄉,289
22.6867,120.9976,知本,C0S700,2017-01-20T23:00:00+08:00,507.0,105.0,1.5,12.2,-0.99,966.5,-99.0,0.0,-9.9,-99,-999,臺東縣,22,卑南鄉,289
22.6867,120.9976,知本,C0S700,2017-01-21T00:00:00+08:00,507.0,68.0,0.5,12.3,-0.99,966.5,-99.0,0.0,-9.9,-99,-999,臺東縣,22,卑南鄉,289
22.6867,120.9976,知本,C0S700,2017-01-21T01:00:00+08:00,507.0,0.0,0.1,12.0,-0.99,966.2,-99.0,0.0,-9.9,-99,-999,臺東縣,22,卑南鄉,289
22.6867,120.9976,知本,C0S700,2017-01-21T02:00:00+08:00,507.0,0.0,0.0,12.5,-0.99,966.0,-99.0,0.0,-9.9,-99,-999,臺東縣,22,卑南鄉,289
22.6867,120.9976,知本,C0S700,2017-01-21T03:00:00+08:00,507.0,0.0,0.2,12.6,-0.99,965.5,-99.0,0.0,-9.9,-99,-999,臺東縣,22,卑南鄉,289
22.6867,120.9976,知本,C0S700,2017-01-21T04:00:00+08:00,507.0,0.0,0.1,11.7,-0.99,965.5,-99.0,0.0,-9.9,-99,-999,臺東縣,22,卑南鄉,289
22.6867,120.9976,知本,C0S700,2017-01-21T05:00:00+08:00,507.0,231.0,0.7,12.1,-0.99,965.7,-99.0,0.0,-9.9,-99,-999,臺東縣,22,卑南鄉,289
22.6867,120.9976,知本,C0S700,2017-01-21T06:00:00+08:00,507.0,0.0,0.2,12.7,-0.99,966.2,-99.0,0.0,-9.9,-99,-999,臺東縣,22,卑南鄉,289
22.6867,120.9976,知本,C0S700,2017-01-21T07:00:00+08:00,507.0,0.0,0.0,11.8,-0.99,966.7,-99.0,0.0,-9.9,-99,-999,臺東縣,22,卑南鄉,289
22.6867,120.9976,知本,C0S700,2017-01-21T08:00:00+08:00,507.0,236.0,0.3,13.4,-0.99,967.2,-99.0,0.0,-9.9,-99,-999,臺東縣,22,卑南鄉,289
22.6867,120.9976,知本,C0S700,2017-01-21T10:00:00+08:00,507.0,106.0,0.7,13.7,-0.99,967.8,-99.0,0.0,-9.9,-99,-999,臺東縣,22,卑南鄉,289
22.6867,120.9976,知本,C0S700,2017-01-21T11:00:00+08:00,507.0,57.0,0.4,14.9,-0.99,967.0,-99.0,0.0,-9.9,-99,-999,臺東縣,22,卑南鄉,289
22.6867,120.9976,知本,C0S700,2017-01-21T12:00:00+08:00,507.0,64.0,0.9,15.8,-0.99,966.1,-99.0,0.0,-9.9,-99,-999,臺東縣,22,卑南鄉,289
22.6867,120.9976,知本,C0S700,2017-01-21T13:00:00+08:00,507.0,79.0,0.6,15.5,-0.99,965.2,-99.0,0.0,-9.9,-99,-999,臺東縣,22,卑南鄉,289
22.6867,120.9976,知本,C0S700,2017-01-21T14:00:00+08:00,507.0,65.0,0.7,16.5,-0.99,964.5,-99.0,0.0,-9.9,-99,-999,臺東縣,22,卑南鄉,289
22.6867,120.9976,知本,C0S700,2017-01-21T15:00:00+08:00,507.0,63.0,0.9,16.0,-0.99,964.3,-99.0,0.0,-9.9,-99,-999,臺東縣,22,卑南鄉,289
22.6867,120.9976,知本,C0S700,2017-01-21T16:00:00+08:00,507.0,64.0,0.5,15.8,-0.99,964.5,-99.0,0.0,-9.9,-99,-999,臺東縣,22,卑南鄉,289
22.6867,120.9976,知本,C0S700,2017-01-21T17:00:00+08:00,507.0,65.0,0.9,14.8,-0.99,965.1,-99.0,0.0,-9.9,-99,-999,臺東縣,22,卑南鄉,289
22.6867,120.9976,知本,C0S700,2017-01-21T18:00:00+08:00,507.0,0.0,0.0,14.5,-0.99,965.7,-99.0,0.0,-9.9,-99,-999,臺東縣,22,卑南鄉,289
22.6867,120.9976,知本,C0S700,2017-01-21T19:00:00+08:00,507.0,247.0,0.4,14.7,-0.99,966.1,-99.0,0.0,-9.9,-99,-999,臺東縣,22,卑南鄉,289
22.6867,120.9976,知本,C0S700,2017-01-21T20:00:00+08:00,507.0,207.0,1.1,14.5,-0.99,966.6,-99.0,0.0,-9.9,-99,-999,臺東縣,22,卑南鄉,289
22.6867,120.9976,知本,C0S700,2017-01-21T21:00:00+08:00,507.0,0.0,0.1,14.6,-0.99,967.1,-99.0,0.0,-9.9,-99,-999,臺東縣,22,卑南鄉,289
22.6867,120.9976,知本,C0S700,2017-01-21T22:00:00+08:00,507.0,214.0,0.7,14.4,-0.99,967.1,-99.0,0.0,-9.9,-99,-999,臺東縣,22,卑南鄉,289
22.6867,120.9976,知本,C0S700,2017-01-21T23:00:00+08:00,507.0,187.0,0.6,15.0,-0.99,966.7,-99.0,0.0,-9.9,-99,-999,臺東縣,22,卑南鄉,289
22.6867,120.9976,知本,C0S700,2017-01-22T00:00:00+08:00,507.0,0.0,0.1,14.7,-0.99,966.7,-99.0,0.0,-9.9,-99,-999,臺東縣,22,卑南鄉,289
22.6867,120.9976,知本,C0S700,2017-01-22T01:00:00+08:00,507.0,232.0,0.3,14.8,-0.99,966.6,-99.0,0.0,-9.9,-99,-999,臺東縣,22,卑南鄉,289
22.6867,120.9976,知本,C0S700,2017-01-22T02:00:00+08:00,507.0,222.0,0.6,15.0,-0.99,966.2,-99.0,0.0,-9.9,-99,-999,臺東縣,22,卑南鄉,289
22.6867,120.9976,知本,C0S700,2017-01-22T03:00:00+08:00,507.0,218.0,0.5,15.1,-0.99,966.0,-99.0,0.0,-9.9,-99,-999,臺東縣,22,卑南鄉,289
22.6867,120.9976,知本,C0S700,2017-01-22T04:00:00+08:00,507.0,260.0,0.4,15.5,-0.99,966.0,-99.0,0.0,-9.9,-99,-999,臺東縣,22,卑南鄉,289
22.6867,120.9976,知本,C0S700,2017-01-22T05:00:00+08:00,507.0,207.0,0.7,15.0,-0.99,966.5,-99.0,0.0,-9.9,-99,-999,臺東縣,22,卑南鄉,289
22.6867,120.9976,知本,C0S700,2017-01-22T06:00:00+08:00,507.0,0.0,0.1,15.0,-0.99,966.9,-99.0,0.0,-9.9,-99,-999,臺東縣,22,卑南鄉,289
22.6867,120.9976,知本,C0S700,2017-01-22T07:00:00+08:00,507.0,208.0,0.4,15.3,-0.99,967.6,-99.0,0.0,-9.9,-99,-999,臺東縣,22,卑南鄉,289
22.6867,120.9976,知本,C0S700,2017-01-22T08:00:00+08:00,507.0,59.0,1.4,15.5,-0.99,968.4,-99.0,0.0,-9.9,-99,-999,臺東縣,22,卑南鄉,289
22.6867,120.9976,知本,C0S700,2017-01-22T09:00:00+08:00,507.0,65.0,1.2,14.2,-0.99,969.2,-99.0,0.0,-9.9,-99,-999,臺東縣,22,卑南鄉,289
22.6867,120.9976,知本,C0S700,2017-01-22T10:00:00+08:00,507.0,54.0,2.3,14.1,-0.99,969.2,-99.0,0.0,-9.9,-99,-999,臺東縣,22,卑南鄉,289
22.6867,120.9976,知本,C0S700,2017-01-22T11:00:00+08:00,507.0,54.0,0.5,14.9,-0.99,968.5,-99.0,0.0,-9.9,-99,-999,臺東縣,22,卑南鄉,289
22.6867,120.9976,知本,C0S700,2017-01-22T12:00:00+08:00,507.0,55.0,1.1,14.7,-0.99,967.7,-99.0,0.0,-9.9,-99,-999,臺東縣,22,卑南鄉,289
22.6867,120.9976,知本,C0S700,2017-01-22T13:00:00+08:00,507.0,53.0,1.2,14.6,-0.99,966.8,-99.0,0.0,-9.9,-99,-999,臺東縣,22,卑南鄉,289
22.6867,120.9976,知本,C0S700,2017-01-22T14:00:00+08:00,507.0,62.0,1.4,14.6,-0.99,966.3,-99.0,0.0,-9.9,-99,-999,臺東縣,22,卑南鄉,289
22.6867,120.9976,知本,C0S700,2017-01-22T15:00:00+08:00,507.0,61.0,1.5,14.2,-0.99,966.2,-99.0,0.0,-9.9,-99,-999,臺東縣,22,卑南鄉,289
22.6867,120.9976,知本,C0S700,2017-01-22T16:00:00+08:00,507.0,63.0,2.4,13.5,-0.99,966.6,-99.0,0.0,-9.9,-99,-999,臺東縣,22,卑南鄉,289
22.6867,120.9976,知本,C0S700,2017-01-22T17:00:00+08:00,507.0,70.0,1.4,13.0,-0.99,967.1,-99.0,0.0,-9.9,-99,-999,臺東縣,22,卑南鄉,289
22.6867,120.9976,知本,C0S700,2017-01-22T18:00:00+08:00,507.0,87.0,1.3,12.8,-0.99,967.7,-99.0,0.0,-9.9,-99,-999,臺東縣,22,卑南鄉,289
22.6867,120.9976,知本,C0S700,2017-01-22T19:00:00+08:00,507.0,47.0,1.1,13.4,-0.99,968.2,-99.0,0.0,-9.9,-99,-999,臺東縣,22,卑南鄉,289
22.6867,120.9976,知本,C0S700,2017-01-22T20:00:00+08:00,507.0,62.0,0.8,13.2,-0.99,968.9,-99.0,0.0,-9.9,-99,-999,臺東縣,22,卑南鄉,289
22.6867,120.9976,知本,C0S700,2017-01-22T21:00:00+08:00,507.0,54.0,0.8,13.2,-0.99,969.2,-99.0,0.0,-9.9,-99,-999,臺東縣,22,卑南鄉,289
22.6867,120.9976,知本,C0S700,2017-01-22T22:00:00+08:00,507.0,83.0,1.0,12.1,-0.99,969.1,-99.0,0.0,-9.9,-99,-999,臺東縣,22,卑南鄉,289
22.6867,120.9976,知本,C0S700,2017-01-22T23:00:00+08:00,507.0,117.0,0.5,12.1,-0.99,968.9,-99.0,0.0,-9.9,-99,-999,臺東縣,22,卑南鄉,289
22.6867,120.9976,知本,C0S700,2017-01-23T00:00:00+08:00,507.0,0.0,0.2,13.1,-0.99,968.6,-99.0,0.0,-9.9,-99,-999,臺東縣,22,卑南鄉,289
22.6867,120.9976,知本,C0S700,2017-01-23T01:00:00+08:00,507.0,36.0,0.5,13.5,-0.99,968.2,-99.0,0.0,-9.9,-99,-999,臺東縣,22,卑南鄉,289
22.6867,120.9976,知本,C0S700,2017-01-23T02:00:00+08:00,507.0,0.0,0.0,13.2,-0.99,967.5,-99.0,0.0,-9.9,-99,-999,臺東縣,22,卑南鄉,289
22.6867,120.9976,知本,C0S700,2017-01-23T03:00:00+08:00,507.0,136.0,0.3,12.4,-0.99,967.5,-99.0,0.0,-9.9,-99,-999,臺東縣,22,卑南鄉,289
22.6867,120.9976,知本,C0S700,2017-01-23T04:00:00+08:00,507.0,54.0,0.6,12.3,-0.99,967.3,-99.0,0.0,-9.9,-99,-999,臺東縣,22,卑南鄉,289
22.6867,120.9976,知本,C0S700,2017-01-23T05:00:00+08:00,507.0,183.0,0.4,12.6,-0.99,967.4,-99.0,0.0,-9.9,-99,-999,臺東縣,22,卑南鄉,289
22.6867,120.9976,知本,C0S700,2017-01-23T06:00:00+08:00,507.0,111.0,1.1,12.0,-0.99,968.0,-99.0,0.0,-9.9,-99,-999,臺東縣,22,卑南鄉,289
22.6867,120.9976,知本,C0S700,2017-01-23T07:00:00+08:00,507.0,69.0,1.2,13.0,-0.99,968.7,-99.0,0.0,-9.9,-99,-999,臺東縣,22,卑南鄉,289
22.6867,120.9976,知本,C0S700,2017-01-23T08:00:00+08:00,507.0,50.0,1.6,13.6,-0.99,969.4,-99.0,0.0,-9.9,-99,-999,臺東縣,22,卑南鄉,289
22.6867,120.9976,知本,C0S700,2017-01-23T09:00:00+08:00,507.0,59.0,0.4,13.7,-0.99,970.1,-99.0,0.0,-9.9,-99,-999,臺東縣,22,卑南鄉,289
22.6867,120.9976,知本,C0S700,2017-01-23T10:00:00+08:00,507.0,301.0,0.3,14.4,-0.99,970.0,-99.0,0.0,-9.9,-99,-999,臺東縣,22,卑南鄉,289
22.6867,120.9976,知本,C0S700,2017-01-23T11:00:00+08:00,507.0,51.0,1.2,15.5,-0.99,969.4,-99.0,0.0,-9.9,-99,-999,臺東縣,22,卑南鄉,289
22.6867,120.9976,知本,C0S700,2017-01-23T12:00:00+08:00,507.0,63.0,1.4,16.1,-0.99,968.4,-99.0,0.0,-9.9,-99,-999,臺東縣,22,卑南鄉,289
22.6867,120.9976,知本,C0S700,2017-01-23T13:00:00+08:00,507.0,62.0,1.5,16.2,-0.99,967.3,-99.0,0.0,-9.9,-99,-999,臺東縣,22,卑南鄉,289
22.6867,120.9976,知本,C0S700,2017-01-23T14:00:00+08:00,507.0,68.0,1.3,15.4,-0.99,967.0,-99.0,0.0,-9.9,-99,-999,臺東縣,22,卑南鄉,289
22.6867,120.9976,知本,C0S700,2017-01-23T15:00:00+08:00,507.0,52.0,2.2,14.3,-0.99,966.8,-99.0,0.0,-9.9,-99,-999,臺東縣,22,卑南鄉,289
22.6867,120.9976,知本,C0S700,2017-01-23T16:00:00+08:00,507.0,53.0,1.7,14.0,-0.99,967.0,-99.0,0.0,-9.9,-99,-999,臺東縣,22,卑南鄉,289
22.6867,120.9976,知本,C0S700,2017-01-23T17:00:00+08:00,507.0,146.0,0.3,13.8,-0.99,967.3,-99.0,0.0,-9.9,-99,-999,臺東縣,22,卑南鄉,289
22.6867,120.9976,知本,C0S700,2017-01-23T18:00:00+08:00,507.0,105.0,2.4,12.6,-0.99,968.0,-99.0,0.0,-9.9,-99,-999,臺東縣,22,卑南鄉,289
22.6867,120.9976,知本,C0S700,2017-01-23T19:00:00+08:00,507.0,65.0,1.5,13.0,-0.99,968.5,-99.0,0.0,-9.9,-99,-999,臺東縣,22,卑南鄉,289
22.6867,120.9976,知本,C0S700,2017-01-23T20:00:00+08:00,507.0,46.0,0.8,13.7,-0.99,968.7,-99.0,0.0,-9.9,-99,-999,臺東縣,22,卑南鄉,289
22.6867,120.9976,知本,C0S700,2017-01-23T21:00:00+08:00,507.0,113.0,1.4,13.0,-0.99,969.1,-99.0,0.0,-9.9,-99,-999,臺東縣,22,卑南鄉,289
22.6867,120.9976,知本,C0S700,2017-01-23T22:00:00+08:00,507.0,71.0,0.8,12.9,-0.99,969.6,-99.0,0.0,-9.9,-99,-999,臺東縣,22,卑南鄉,289
22.6867,120.9976,知本,C0S700,2017-01-23T23:00:00+08:00,507.0,114.0,0.5,13.3,-0.99,969.6,-99.0,0.0,-9.9,-99,-999,臺東縣,22,卑南鄉,289
22.6867,120.9976,知本,C0S700,2017-01-24T00:00:00+08:00,507.0,103.0,0.5,13.2,-0.99,969.4,-99.0,0.0,-9.9,-99,-999,臺東縣,22,卑南鄉,289
22.6867,120.9976,知本,C0S700,2017-01-24T01:00:00+08:00,507.0,0.0,0.2,13.4,-0.99,968.9,-99.0,0.0,-9.9,-99,-999,臺東縣,22,卑南鄉,289
22.6867,120.9976,知本,C0S700,2017-01-24T02:00:00+08:00,507.0,0.0,0.1,12.9,-0.99,968.7,-99.0,0.0,-9.9,-99,-999,臺東縣,22,卑南鄉,289
22.6867,120.9976,知本,C0S700,2017-01-24T03:00:00+08:00,507.0,217.0,0.7,12.9,-0.99,968.1,-99.0,0.0,-9.9,-99,-999,臺東縣,22,卑南鄉,289
22.6867,120.9976,知本,C0S700,2017-01-24T04:00:00+08:00,507.0,214.0,1.4,12.9,-0.99,967.2,-99.0,0.0,-9.9,-99,-999,臺東縣,22,卑南鄉,289
22.6867,120.9976,知本,C0S700,2017-01-24T05:00:00+08:00,507.0,215.0,0.8,13.6,-0.99,967.3,-99.0,0.0,-9.9,-99,-999,臺東縣,22,卑南鄉,289
22.6867,120.9976,知本,C0S700,2017-01-24T06:00:00+08:00,507.0,0.0,0.2,14.0,-0.99,967.7,-99.0,0.0,-9.9,-99,-999,臺東縣,22,卑南鄉,289
22.6867,120.9976,知本,C0S700,2017-01-24T07:00:00+08:00,507.0,0.0,0.2,13.6,-0.99,968.4,-99.0,0.0,-9.9,-99,-999,臺東縣,22,卑南鄉,289
22.6867,120.9976,知本,C0S700,2017-01-24T08:00:00+08:00,507.0,111.0,0.3,14.4,-0.99,969.0,-99.0,0.0,-9.9,-99,-999,臺東縣,22,卑南鄉,289
22.6867,120.9976,知本,C0S700,2017-01-24T10:00:00+08:00,507.0,82.0,0.9,15.9,-0.99,969.6,-99.0,0.0,-9.9,-99,-999,臺東縣,22,卑南鄉,289
22.6867,120.9976,知本,C0S700,2017-01-24T11:00:00+08:00,507.0,62.0,1.3,17.1,-0.99,968.9,-99.0,0.0,-9.9,-99,-999,臺東縣,22,卑南鄉,289
22.6867,120.9976,知本,C0S700,2017-01-24T12:00:00+08:00,507.0,67.0,1.6,17.3,-0.99,967.8,-99.0,0.0,-9.9,-99,-999,臺東縣,22,卑南鄉,289
22.6867,120.9976,知本,C0S700,2017-01-24T13:00:00+08:00,507.0,55.0,1.6,18.3,-0.99,967.0,-99.0,0.0,-9.9,-99,-999,臺東縣,22,卑南鄉,289
22.6867,120.9976,知本,C0S700,2017-01-24T14:00:00+08:00,507.0,68.0,1.4,17.6,-0.99,966.6,-99.0,0.0,-9.9,-99,-999,臺東縣,22,卑南鄉,289
22.6867,120.9976,知本,C0S700,2017-01-24T15:00:00+08:00,507.0,50.0,1.5,17.6,-0.99,966.6,-99.0,0.0,-9.9,-99,-999,臺東縣,22,卑南鄉,289
22.6867,120.9976,知本,C0S700,2017-01-24T16:00:00+08:00,507.0,53.0,1.7,16.3,-0.99,966.9,-99.0,0.0,-9.9,-99,-999,臺東縣,22,卑南鄉,289
22.6867,120.9976,知本,C0S700,2017-01-24T17:00:00+08:00,507.0,52.0,1.6,15.8,-0.99,967.3,-99.0,0.0,-9.9,-99,-999,臺東縣,22,卑南鄉,289
22.6867,120.9976,知本,C0S700,2017-01-24T18:00:00+08:00,507.0,54.0,1.1,15.1,-0.99,967.7,-99.0,0.0,-9.9,-99,-999,臺東縣,22,卑南鄉,289
22.6867,120.9976,知本,C0S700,2017-01-24T19:00:00+08:00,507.0,0.0,0.0,15.0,-0.99,968.0,-99.0,0.0,-9.9,-99,-999,臺東縣,22,卑南鄉,289
22.6867,120.9976,知本,C0S700,2017-01-24T20:00:00+08:00,507.0,56.0,1.5,14.9,-0.99,968.7,-99.0,0.0,-9.9,-99,-999,臺東縣,22,卑南鄉,289
22.6867,120.9976,知本,C0S700,2017-01-24T21:00:00+08:00,507.0,222.0,0.9,14.7,-0.99,968.8,-99.0,0.0,-9.9,-99,-999,臺東縣,22,卑南鄉,289
22.6867,120.9976,知本,C0S700,2017-01-24T22:00:00+08:00,507.0,0.0,0.2,14.7,-0.99,968.9,-99.0,0.0,-9.9,-99,-999,臺東縣,22,卑南鄉,289
22.6867,120.9976,知本,C0S700,2017-01-24T23:00:00+08:00,507.0,0.0,0.1,14.4,-0.99,968.9,-99.0,0.0,-9.9,-99,-999,臺東縣,22,卑南鄉,289
22.6867,120.9976,知本,C0S700,2017-01-25T00:00:00+08:00,507.0,208.0,0.4,14.9,-0.99,968.7,-99.0,0.0,-9.9,-99,-999,臺東縣,22,卑南鄉,289
22.6867,120.9976,知本,C0S700,2017-01-25T01:00:00+08:00,507.0,0.0,0.2,15.4,-0.99,968.0,-99.0,0.0,-9.9,-99,-999,臺東縣,22,卑南鄉,289
22.6867,120.9976,知本,C0S700,2017-01-25T02:00:00+08:00,507.0,332.0,0.7,14.2,-0.99,967.4,-99.0,0.0,-9.9,-99,-999,臺東縣,22,卑南鄉,289
22.6867,120.9976,知本,C0S700,2017-01-25T03:00:00+08:00,507.0,0.0,0.1,14.3,-0.99,966.8,-99.0,0.0,-9.9,-99,-999,臺東縣,22,卑南鄉,289
22.6867,120.9976,知本,C0S700,2017-01-25T04:00:00+08:00,507.0,115.0,0.3,14.0,-0.99,966.5,-99.0,0.0,-9.9,-99,-999,臺東縣,22,卑南鄉,289
22.6867,120.9976,知本,C0S700,2017-01-25T05:00:00+08:00,507.0,208.0,0.4,14.0,-0.99,966.7,-99.0,0.0,-9.9,-99,-999,臺東縣,22,卑南鄉,289
22.6867,120.9976,知本,C0S700,2017-01-25T06:00:00+08:00,507.0,0.0,0.0,14.1,-0.99,966.8,-99.0,0.0,-9.9,-99,-999,臺東縣,22,卑南鄉,289
22.6867,120.9976,知本,C0S700,2017-01-25T07:00:00+08:00,507.0,0.0,0.0,14.1,-0.99,967.4,-99.0,0.0,-9.9,-99,-999,臺東縣,22,卑南鄉,289
22.6867,120.9976,知本,C0S700,2017-01-25T08:00:00+08:00,507.0,221.0,1.6,14.6,-0.99,967.8,-99.0,0.0,-9.9,-99,-999,臺東縣,22,卑南鄉,289
22.6867,120.9976,知本,C0S700,2017-01-25T09:00:00+08:00,507.0,103.0,0.7,15.9,-0.99,968.1,-99.0,0.0,-9.9,-99,-999,臺東縣,22,卑南鄉,289
22.6867,120.9976,知本,C0S700,2017-01-25T10:00:00+08:00,507.0,91.0,0.9,17.2,-0.99,967.9,-99.0,0.0,-9.9,-99,-999,臺東縣,22,卑南鄉,289
22.6867,120.9976,知本,C0S700,2017-01-25T11:00:00+08:00,507.0,62.0,1.1,17.2,-0.99,967.5,-99.0,0.0,-9.9,-99,-999,臺東縣,22,卑南鄉,289
22.6867,120.9976,知本,C0S700,2017-01-25T12:00:00+08:00,507.0,62.0,1.2,16.7,-0.99,966.8,-99.0,0.0,-9.9,-99,-999,臺東縣,22,卑南鄉,289
22.6867,120.9976,知本,C0S700,2017-01-25T13:00:00+08:00,507.0,63.0,1.0,17.1,-0.99,965.9,-99.0,0.0,-9.9,-99,-999,臺東縣,22,卑南鄉,289
22.6867,120.9976,知本,C0S700,2017-01-25T14:00:00+08:00,507.0,77.0,0.9,17.5,-0.99,965.0,-99.0,0.0,-9.9,-99,-999,臺東縣,22,卑南鄉,289
22.6867,120.9976,知本,C0S700,2017-01-25T15:00:00+08:00,507.0,48.0,1.0,17.4,-0.99,964.7,-99.0,0.0,-9.9,-99,-999,臺東縣,22,卑南鄉,289
22.6867,120.9976,知本,C0S700,2017-01-25T16:00:00+08:00,507.0,65.0,1.5,16.9,-0.99,964.8,-99.0,0.0,-9.9,-99,-999,臺東縣,22,卑南鄉,289
22.6867,120.9976,知本,C0S700,2017-01-25T17:00:00+08:00,507.0,59.0,1.0,16.4,-0.99,965.0,-99.0,0.0,-9.9,-99,-999,臺東縣,22,卑南鄉,289
22.6867,120.9976,知本,C0S700,2017-01-25T18:00:00+08:00,507.0,64.0,0.7,15.4,-0.99,965.2,-99.0,0.0,-9.9,-99,-999,臺東縣,22,卑南鄉,289
22.6867,120.9976,知本,C0S700,2017-01-25T19:00:00+08:00,507.0,214.0,1.7,15.0,-0.99,965.5,-99.0,0.0,-9.9,-99,-999,臺東縣,22,卑南鄉,289
22.6867,120.9976,知本,C0S700,2017-01-25T20:00:00+08:00,507.0,120.0,0.8,14.7,-0.99,965.9,-99.0,0.0,-9.9,-99,-999,臺東縣,22,卑南鄉,289
22.6867,120.9976,知本,C0S700,2017-01-25T21:00:00+08:00,507.0,0.0,0.0,15.5,-0.99,965.9,-99.0,0.0,-9.9,-99,-999,臺東縣,22,卑南鄉,289
22.6867,120.9976,知本,C0S700,2017-01-25T22:00:00+08:00,507.0,112.0,0.3,13.8,-0.99,966.3,-99.0,0.0,-9.9,-99,-999,臺東縣,22,卑南鄉,289
22.6867,120.9976,知本,C0S700,2017-01-25T23:00:00+08:00,507.0,254.0,0.3,14.3,-0.99,966.0,-99.0,0.0,-9.9,-99,-999,臺東縣,22,卑南鄉,289
22.6867,120.9976,知本,C0S700,2017-01-26T00:00:00+08:00,507.0,0.0,0.2,14.1,-0.99,965.8,-99.0,0.0,-9.9,-99,-999,臺東縣,22,卑南鄉,289
22.6867,120.9976,知本,C0S700,2017-01-26T01:00:00+08:00,507.0,0.0,0.0,13.3,-0.99,965.5,-99.0,0.0,-9.9,-99,-999,臺東縣,22,卑南鄉,289
22.6867,120.9976,知本,C0S700,2017-01-26T02:00:00+08:00,507.0,213.0,0.9,13.7,-0.99,965.1,-99.0,0.0,-9.9,-99,-999,臺東縣,22,卑南鄉,289
22.6867,120.9976,知本,C0S700,2017-01-26T03:00:00+08:00,507.0,0.0,0.1,13.1,-0.99,964.9,-99.0,0.0,-9.9,-99,-999,臺東縣,22,卑南鄉,289
22.6867,120.9976,知本,C0S700,2017-01-26T04:00:00+08:00,507.0,205.0,0.4,12.3,-0.99,964.5,-99.0,0.0,-9.9,-99,-999,臺東縣,22,卑南鄉,289
22.6867,120.9976,知本,C0S700,2017-01-26T05:00:00+08:00,507.0,170.0,0.6,13.5,-0.99,964.9,-99.0,0.0,-9.9,-99,-999,臺東縣,22,卑南鄉,289
22.6867,120.9976,知本,C0S700,2017-01-26T06:00:00+08:00,507.0,0.0,0.1,12.7,-0.99,965.5,-99.0,0.0,-9.9,-99,-999,臺東縣,22,卑南鄉,289
22.6867,120.9976,知本,C0S700,2017-01-26T07:00:00+08:00,507.0,202.0,1.3,12.6,-0.99,965.7,-99.0,0.0,-9.9,-99,-999,臺東縣,22,卑南鄉,289
22.6867,120.9976,知本,C0S700,2017-01-26T08:00:00+08:00,507.0,205.0,1.1,14.8,-0.99,966.3,-99.0,0.0,-9.9,-99,-999,臺東縣,22,卑南鄉,289
22.6867,120.9976,知本,C0S700,2017-01-26T10:00:00+08:00,507.0,69.0,2.7,17.0,-0.99,967.0,-99.0,0.0,-9.9,-99,-999,臺東縣,22,卑南鄉,289
22.6867,120.9976,知本,C0S700,2017-01-26T11:00:00+08:00,507.0,56.0,2.3,18.2,-0.99,966.3,-99.0,0.0,-9.9,-99,-999,臺東縣,22,卑南鄉,289
22.6867,120.9976,知本,C0S700,2017-01-26T12:00:00+08:00,507.0,66.0,1.8,17.8,-0.99,965.6,-99.0,0.0,-9.9,-99,-999,臺東縣,22,卑南鄉,289
22.6867,120.9976,知本,C0S700,2017-01-26T13:00:00+08:00,507.0,52.0,2.5,18.6,-0.99,964.8,-99.0,0.0,-9.9,-99,-999,臺東縣,22,卑南鄉,289
22.6867,120.9976,知本,C0S700,2017-01-26T14:00:00+08:00,507.0,67.0,1.7,16.8,-0.99,964.3,-99.0,0.0,-9.9,-99,-999,臺東縣,22,卑南鄉,289
22.6867,120.9976,知本,C0S700,2017-01-26T15:00:00+08:00,507.0,72.0,1.2,16.8,-0.99,964.1,-99.0,0.0,-9.9,-99,-999,臺東縣,22,卑南鄉,289
22.6867,120.9976,知本,C0S700,2017-01-26T16:00:00+08:00,507.0,56.0,2.3,16.0,-0.99,964.2,-99.0,0.0,-9.9,-99,-999,臺東縣,22,卑南鄉,289
22.6867,120.9976,知本,C0S700,2017-01-26T17:00:00+08:00,507.0,57.0,1.6,15.8,-0.99,964.6,-99.0,0.0,-9.9,-99,-999,臺東縣,22,卑南鄉,289
22.6867,120.9976,知本,C0S700,2017-01-26T18:00:00+08:00,507.0,84.0,1.0,14.9,-0.99,965.1,-99.0,0.0,-9.9,-99,-999,臺東縣,22,卑南鄉,289
22.6867,120.9976,知本,C0S700,2017-01-26T19:00:00+08:00,507.0,53.0,1.5,15.1,-0.99,965.4,-99.0,0.0,-9.9,-99,-999,臺東縣,22,卑南鄉,289
22.6867,120.9976,知本,C0S700,2017-01-26T20:00:00+08:00,507.0,0.0,0.0,14.7,-0.99,965.6,-99.0,0.0,-9.9,-99,-999,臺東縣,22,卑南鄉,289
22.6867,120.9976,知本,C0S700,2017-01-26T21:00:00+08:00,507.0,0.0,0.2,14.9,-0.99,966.0,-99.0,0.0,-9.9,-99,-999,臺東縣,22,卑南鄉,289
22.6867,120.9976,知本,C0S700,2017-01-26T22:00:00+08:00,507.0,0.0,0.1,15.2,-0.99,966.1,-99.0,0.0,-9.9,-99,-999,臺東縣,22,卑南鄉,289
22.6867,120.9976,知本,C0S700,2017-01-26T23:00:00+08:00,507.0,268.0,0.5,14.6,-0.99,965.8,-99.0,0.0,-9.9,-99,-999,臺東縣,22,卑南鄉,289
22.6867,120.9976,知本,C0S700,2017-01-27T00:00:00+08:00,507.0,76.0,1.1,14.7,-0.99,965.6,-99.0,0.0,-9.9,-99,-999,臺東縣,22,卑南鄉,289
22.6867,120.9976,知本,C0S700,2017-01-27T01:00:00+08:00,507.0,169.0,0.8,13.6,-0.99,964.9,-99.0,0.0,-9.9,-99,-999,臺東縣,22,卑南鄉,289
22.6867,120.9976,知本,C0S700,2017-01-27T02:00:00+08:00,507.0,199.0,1.4,14.4,-0.99,964.6,-99.0,0.0,-9.9,-99,-999,臺東縣,22,卑南鄉,289
22.6867,120.9976,知本,C0S700,2017-01-27T03:00:00+08:00,507.0,175.0,0.8,13.1,-0.99,964.3,-99.0,0.0,-9.9,-99,-999,臺東縣,22,卑南鄉,289
22.6867,120.9976,知本,C0S700,2017-01-27T04:00:00+08:00,507.0,28.0,0.8,14.4,-0.99,964.2,-99.0,0.0,-9.9,-99,-999,臺東縣,22,卑南鄉,289
22.6867,120.9976,知本,C0S700,2017-01-27T05:00:00+08:00,507.0,234.0,0.8,13.8,-0.99,964.3,-99.0,0.0,-9.9,-99,-999,臺東縣,22,卑南鄉,289
22.6867,120.9976,知本,C0S700,2017-01-27T06:00:00+08:00,507.0,226.0,0.8,14.9,-0.99,964.9,-99.0,0.0,-9.9,-99,-999,臺東縣,22,卑南鄉,289
22.6867,120.9976,知本,C0S700,2017-01-27T07:00:00+08:00,507.0,61.0,0.8,15.2,-0.99,965.6,-99.0,0.0,-9.9,-99,-999,臺東縣,22,卑南鄉,289
22.6867,120.9976,知本,C0S700,2017-01-27T08:00:00+08:00,507.0,0.0,0.1,16.3,-0.99,966.0,-99.0,0.0,-9.9,-99,-999,臺東縣,22,卑南鄉,289
22.6867,120.9976,知本,C0S700,2017-01-27T09:00:00+08:00,507.0,190.0,0.5,18.2,-0.99,966.2,-99.0,0.0,-9.9,-99,-999,臺東縣,22,卑南鄉,289
22.6867,120.9976,知本,C0S700,2017-01-27T10:00:00+08:00,507.0,37.0,0.6,18.7,-0.99,966.3,-99.0,0.0,-9.9,-99,-999,臺東縣,22,卑南鄉,289
22.6867,120.9976,知本,C0S700,2017-01-27T11:00:00+08:00,507.0,46.0,1.1,20.2,-0.99,965.7,-99.0,0.0,-9.9,-99,-999,臺東縣,22,卑南鄉,289
22.6867,120.9976,知本,C0S700,2017-01-27T12:00:00+08:00,507.0,59.0,1.6,20.4,-0.99,964.7,-99.0,0.0,-9.9,-99,-999,臺東縣,22,卑南鄉,289
22.6867,120.9976,知本,C0S700,2017-01-27T13:00:00+08:00,507.0,70.0,1.3,19.7,-0.99,963.7,-99.0,0.0,-9.9,-99,-999,臺東縣,22,卑南鄉,289
22.6867,120.9976,知本,C0S700,2017-01-27T14:00:00+08:00,507.0,57.0,1.6,19.3,-0.99,963.1,-99.0,0.0,-9.9,-99,-999,臺東縣,22,卑南鄉,289
22.6867,120.9976,知本,C0S700,2017-01-27T15:00:00+08:00,507.0,61.0,1.1,18.7,-0.99,963.0,-99.0,0.0,-9.9,-99,-999,臺東縣,22,卑南鄉,289
22.6867,120.9976,知本,C0S700,2017-01-27T16:00:00+08:00,507.0,62.0,1.4,17.7,-0.99,963.2,-99.0,0.0,-9.9,-99,-999,臺東縣,22,卑南鄉,289
22.6867,120.9976,知本,C0S700,2017-01-27T17:00:00+08:00,507.0,50.0,1.3,17.4,-0.99,963.6,-99.0,0.0,-9.9,-99,-999,臺東縣,22,卑南鄉,289
22.6867,120.9976,知本,C0S700,2017-01-27T18:00:00+08:00,507.0,59.0,1.3,17.1,-0.99,964.0,-99.0,0.0,-9.9,-99,-999,臺東縣,22,卑南鄉,289
22.6867,120.9976,知本,C0S700,2017-01-27T19:00:00+08:00,507.0,49.0,1.2,16.9,-0.99,964.3,-99.0,0.0,-9.9,-99,-999,臺東縣,22,卑南鄉,289
22.6867,120.9976,知本,C0S700,2017-01-27T20:00:00+08:00,507.0,0.0,0.1,15.7,-0.99,964.8,-99.0,0.0,-9.9,-99,-999,臺東縣,22,卑南鄉,289
22.6867,120.9976,知本,C0S700,2017-01-27T21:00:00+08:00,507.0,69.0,0.7,16.7,-0.99,965.2,-99.0,0.0,-9.9,-99,-999,臺東縣,22,卑南鄉,289
22.6867,120.9976,知本,C0S700,2017-01-27T22:00:00+08:00,507.0,0.0,0.0,15.9,-0.99,965.2,-99.0,0.0,-9.9,-99,-999,臺東縣,22,卑南鄉,289
22.6867,120.9976,知本,C0S700,2017-01-27T23:00:00+08:00,507.0,0.0,0.0,15.5,-0.99,964.7,-99.0,0.0,-9.9,-99,-999,臺東縣,22,卑南鄉,289
22.6867,120.9976,知本,C0S700,2017-01-28T00:00:00+08:00,507.0,229.0,1.3,15.0,-0.99,964.0,-99.0,0.0,-9.9,-99,-999,臺東縣,22,卑南鄉,289
22.6867,120.9976,知本,C0S700,2017-01-28T01:00:00+08:00,507.0,204.0,1.4,15.0,-0.99,963.6,-99.0,0.0,-9.9,-99,-999,臺東縣,22,卑南鄉,289
22.6867,120.9976,知本,C0S700,2017-01-28T02:00:00+08:00,507.0,225.0,1.3,15.3,-0.99,963.5,-99.0,0.0,-9.9,-99,-999,臺東縣,22,卑南鄉,289
22.6867,120.9976,知本,C0S700,2017-01-28T03:00:00+08:00,507.0,221.0,1.1,15.3,-0.99,962.7,-99.0,0.0,-9.9,-99,-999,臺東縣,22,卑南鄉,289
22.6867,120.9976,知本,C0S700,2017-01-28T04:00:00+08:00,507.0,233.0,1.4,15.5,-0.99,962.2,-99.0,0.0,-9.9,-99,-999,臺東縣,22,卑南鄉,289
22.6867,120.9976,知本,C0S700,2017-01-28T05:00:00+08:00,507.0,228.0,0.6,15.3,-0.99,962.5,-99.0,0.0,-9.9,-99,-999,臺東縣,22,卑南鄉,289
22.6867,120.9976,知本,C0S700,2017-01-28T06:00:00+08:00,507.0,239.0,0.6,16.0,-0.99,963.0,-99.0,0.0,-9.9,-99,-999,臺東縣,22,卑南鄉,289
22.6867,120.9976,知本,C0S700,2017-01-28T07:00:00+08:00,507.0,243.0,0.9,15.0,-0.99,963.2,-99.0,0.0,-9.9,-99,-999,臺東縣,22,卑南鄉,289
22.6867,120.9976,知本,C0S700,2017-01-28T08:00:00+08:00,507.0,0.0,0.0,16.4,-0.99,963.5,-99.0,0.0,-9.9,-99,-999,臺東縣,22,卑南鄉,289
22.6867,120.9976,知本,C0S700,2017-01-28T09:00:00+08:00,507.0,237.0,0.5,17.1,-0.99,964.2,-99.0,0.0,-9.9,-99,-999,臺東縣,22,卑南鄉,289
22.6867,120.9976,知本,C0S700,2017-01-28T10:00:00+08:00,507.0,53.0,0.7,19.2,-0.99,964.1,-99.0,0.0,-9.9,-99,-999,臺東縣,22,卑南鄉,289
22.6867,120.9976,知本,C0S700,2017-01-28T11:00:00+08:00,507.0,72.0,0.9,19.4,-0.99,963.5,-99.0,0.0,-9.9,-99,-999,臺東縣,22,卑南鄉,289
22.6867,120.9976,知本,C0S700,2017-01-28T12:00:00+08:00,507.0,60.0,1.0,19.2,-0.99,962.6,-99.0,0.0,-9.9,-99,-999,臺東縣,22,卑南鄉,289
22.6867,120.9976,知本,C0S700,2017-01-28T13:00:00+08:00,507.0,123.0,0.6,18.5,-0.99,961.7,-99.0,0.0,-9.9,-99,-999,臺東縣,22,卑南鄉,289
22.6867,120.9976,知本,C0S700,2017-01-28T14:00:00+08:00,507.0,0.0,0.1,18.5,-0.99,960.9,-99.0,0.0,-9.9,-99,-999,臺東縣,22,卑南鄉,289
22.6867,120.9976,知本,C0S700,2017-01-28T15:00:00+08:00,507.0,0.0,0.0,18.5,-0.99,960.4,-99.0,0.0,-9.9,-99,-999,臺東縣,22,卑南鄉,289
22.6867,120.9976,知本,C0S700,2017-01-28T16:00:00+08:00,507.0,0.0,0.0,18.2,-0.99,960.7,-99.0,0.0,-9.9,-99,-999,臺東縣,22,卑南鄉,289
22.6867,120.9976,知本,C0S700,2017-01-28T17:00:00+08:00,507.0,0.0,0.0,17.9,-0.99,961.3,-99.0,0.0,-9.9,-99,-999,臺東縣,22,卑南鄉,289
22.6867,120.9976,知本,C0S700,2017-01-28T18:00:00+08:00,507.0,208.0,0.9,17.3,-0.99,961.8,-99.0,0.0,-9.9,-99,-999,臺東縣,22,卑南鄉,289
22.6867,120.9976,知本,C0S700,2017-01-28T19:00:00+08:00,507.0,0.0,0.1,17.2,-0.99,962.3,-99.0,0.0,-9.9,-99,-999,臺東縣,22,卑南鄉,289
22.6867,120.9976,知本,C0S700,2017-01-28T20:00:00+08:00,507.0,227.0,0.8,17.4,-0.99,962.5,-99.0,0.0,-9.9,-99,-999,臺東縣,22,卑南鄉,289
22.6867,120.9976,知本,C0S700,2017-01-28T21:00:00+08:00,507.0,255.0,0.3,17.6,-0.99,962.8,-99.0,0.0,-9.9,-99,-999,臺東縣,22,卑南鄉,289
22.6867,120.9976,知本,C0S700,2017-01-28T22:00:00+08:00,507.0,248.0,0.7,17.4,-0.99,962.9,-99.0,0.0,-9.9,-99,-999,臺東縣,22,卑南鄉,289
22.6867,120.9976,知本,C0S700,2017-01-28T23:00:00+08:00,507.0,208.0,0.5,16.8,-0.99,962.6,-99.0,0.0,-9.9,-99,-999,臺東縣,22,卑南鄉,289
22.6867,120.9976,知本,C0S700,2017-01-29T00:00:00+08:00,507.0,0.0,0.0,16.4,-0.99,962.4,-99.0,0.0,-9.9,-99,-999,臺東縣,22,卑南鄉,289
22.6867,120.9976,知本,C0S700,2017-01-29T01:00:00+08:00,507.0,224.0,0.6,16.4,-0.99,961.9,-99.0,0.0,-9.9,-99,-999,臺東縣,22,卑南鄉,289
22.6867,120.9976,知本,C0S700,2017-01-29T02:00:00+08:00,507.0,214.0,1.1,17.2,-0.99,961.3,-99.0,0.0,-9.9,-99,-999,臺東縣,22,卑南鄉,289
22.6867,120.9976,知本,C0S700,2017-01-29T03:00:00+08:00,507.0,215.0,1.4,16.8,-0.99,960.8,-99.0,0.0,-9.9,-99,-999,臺東縣,22,卑南鄉,289
22.6867,120.9976,知本,C0S700,2017-01-29T04:00:00+08:00,507.0,198.0,1.5,17.1,-0.99,960.6,-99.0,0.0,-9.9,-99,-999,臺東縣,22,卑南鄉,289
22.6867,120.9976,知本,C0S700,2017-01-29T05:00:00+08:00,507.0,193.0,0.7,17.1,-0.99,960.9,-99.0,0.0,-9.9,-99,-999,臺東縣,22,卑南鄉,289
22.6867,120.9976,知本,C0S700,2017-01-29T06:00:00+08:00,507.0,43.0,0.5,17.6,-0.99,961.5,-99.0,0.0,-9.9,-99,-999,臺東縣,22,卑南鄉,289
22.6867,120.9976,知本,C0S700,2017-01-29T07:00:00+08:00,507.0,0.0,0.0,17.4,-0.99,962.0,-99.0,0.0,-9.9,-99,-999,臺東縣,22,卑南鄉,289
22.6867,120.9976,知本,C0S700,2017-01-29T08:00:00+08:00,507.0,225.0,0.7,18.1,-0.99,962.5,-99.0,0.0,-9.9,-99,-999,臺東縣,22,卑南鄉,289
22.6867,120.9976,知本,C0S700,2017-01-29T09:00:00+08:00,507.0,93.0,0.3,18.9,-0.99,963.3,-99.0,0.0,-9.9,-99,-999,臺東縣,22,卑南鄉,289
22.6867,120.9976,知本,C0S700,2017-01-29T10:00:00+08:00,507.0,84.0,0.6,19.4,-0.99,963.4,-99.0,0.0,-9.9,-99,-999,臺東縣,22,卑南鄉,289
22.6867,120.9976,知本,C0S700,2017-01-29T11:00:00+08:00,507.0,53.0,0.4,19.3,-0.99,962.9,-99.0,0.0,-9.9,-99,-999,臺東縣,22,卑南鄉,289
22.6867,120.9976,知本,C0S700,2017-01-29T12:00:00+08:00,507.0,56.0,0.6,19.9,-0.99,962.0,-99.0,0.0,-9.9,-99,-999,臺東縣,22,卑南鄉,289
22.6867,120.9976,知本,C0S700,2017-01-29T13:00:00+08:00,507.0,0.0,0.2,20.2,-0.99,961.0,-99.0,0.0,-9.9,-99,-999,臺東縣,22,卑南鄉,289
22.6867,120.9976,知本,C0S700,2017-01-29T14:00:00+08:00,507.0,0.0,0.2,20.3,-0.99,960.2,-99.0,0.0,-9.9,-99,-999,臺東縣,22,卑南鄉,289
22.6867,120.9976,知本,C0S700,2017-01-29T15:00:00+08:00,507.0,52.0,0.6,19.8,-0.99,960.0,-99.0,0.0,-9.9,-99,-999,臺東縣,22,卑南鄉,289
22.6867,120.9976,知本,C0S700,2017-01-29T16:00:00+08:00,507.0,0.0,0.2,18.0,-0.99,960.3,-99.0,0.5,-9.9,-99,-999,臺東縣,22,卑南鄉,289
22.6867,120.9976,知本,C0S700,2017-01-29T17:00:00+08:00,507.0,280.0,0.3,17.7,-0.99,960.8,-99.0,1.0,-9.9,-99,-999,臺東縣,22,卑南鄉,289
22.6867,120.9976,知本,C0S700,2017-01-29T18:00:00+08:00,507.0,0.0,0.0,16.9,-0.99,961.3,-99.0,1.5,-9.9,-99,-999,臺東縣,22,卑南鄉,289
22.6867,120.9976,知本,C0S700,2017-01-29T19:00:00+08:00,507.0,211.0,0.9,17.0,-0.99,961.5,-99.0,1.5,-9.9,-99,-999,臺東縣,22,卑南鄉,289
22.6867,120.9976,知本,C0S700,2017-01-29T20:00:00+08:00,507.0,185.0,1.6,17.3,-0.99,961.8,-99.0,1.5,-9.9,-99,-999,臺東縣,22,卑南鄉,289
22.6867,120.9976,知本,C0S700,2017-01-29T21:00:00+08:00,507.0,221.0,1.1,17.9,-0.99,961.8,-99.0,1.5,-9.9,-99,-999,臺東縣,22,卑南鄉,289
22.6867,120.9976,知本,C0S700,2017-01-29T22:00:00+08:00,507.0,227.0,1.2,17.4,-0.99,961.6,-99.0,1.5,-9.9,-99,-999,臺東縣,22,卑南鄉,289
22.6867,120.9976,知本,C0S700,2017-01-29T23:00:00+08:00,507.0,204.0,1.4,18.3,-0.99,961.2,-99.0,1.5,-9.9,-99,-999,臺東縣,22,卑南鄉,289
22.6867,120.9976,知本,C0S700,2017-01-30T00:00:00+08:00,507.0,223.0,1.6,17.3,-0.99,961.0,-99.0,1.5,-9.9,-99,-999,臺東縣,22,卑南鄉,289
22.6867,120.9976,知本,C0S700,2017-01-30T01:00:00+08:00,507.0,228.0,1.4,17.6,-0.99,960.9,-99.0,0.0,-9.9,-99,-999,臺東縣,22,卑南鄉,289
22.6867,120.9976,知本,C0S700,2017-01-30T02:00:00+08:00,507.0,241.0,1.3,17.7,-0.99,960.4,-99.0,0.0,-9.9,-99,-999,臺東縣,22,卑南鄉,289
22.6867,120.9976,知本,C0S700,2017-01-30T03:00:00+08:00,507.0,215.0,0.7,18.4,-0.99,960.2,-99.0,0.0,-9.9,-99,-999,臺東縣,22,卑南鄉,289
22.6867,120.9976,知本,C0S700,2017-01-30T04:00:00+08:00,507.0,247.0,0.8,17.3,-0.99,960.3,-99.0,0.0,-9.9,-99,-999,臺東縣,22,卑南鄉,289
22.6867,120.9976,知本,C0S700,2017-01-30T05:00:00+08:00,507.0,216.0,1.4,17.4,-0.99,960.5,-99.0,0.0,-9.9,-99,-999,臺東縣,22,卑南鄉,289
22.6867,120.9976,知本,C0S700,2017-01-30T06:00:00+08:00,507.0,198.0,1.4,17.1,-0.99,961.1,-99.0,0.0,-9.9,-99,-999,臺東縣,22,卑南鄉,289
22.6867,120.9976,知本,C0S700,2017-01-30T07:00:00+08:00,507.0,199.0,1.3,16.8,-0.99,961.6,-99.0,0.0,-9.9,-99,-999,臺東縣,22,卑南鄉,289
22.6867,120.9976,知本,C0S700,2017-01-30T08:00:00+08:00,507.0,218.0,1.5,18.7,-0.99,962.0,-99.0,0.0,-9.9,-99,-999,臺東縣,22,卑南鄉,289
22.6867,120.9976,知本,C0S700,2017-01-30T09:00:00+08:00,507.0,50.0,0.5,21.5,-0.99,962.5,-99.0,0.0,-9.9,-99,-999,臺東縣,22,卑南鄉,289
22.6867,120.9976,知本,C0S700,2017-01-30T10:00:00+08:00,507.0,53.0,0.7,21.2,-0.99,962.4,-99.0,0.0,-9.9,-99,-999,臺東縣,22,卑南鄉,289
22.6867,120.9976,知本,C0S700,2017-01-30T11:00:00+08:00,507.0,58.0,0.8,22.5,-0.99,962.0,-99.0,0.0,-9.9,-99,-999,臺東縣,22,卑南鄉,289
22.6867,120.9976,知本,C0S700,2017-01-30T12:00:00+08:00,507.0,69.0,1.3,22.6,-0.99,961.4,-99.0,0.0,-9.9,-99,-999,臺東縣,22,卑南鄉,289
22.6867,120.9976,知本,C0S700,2017-01-30T13:00:00+08:00,507.0,81.0,1.5,22.3,-0.99,961.2,-99.0,0.0,-9.9,-99,-999,臺東縣,22,卑南鄉,289
22.6867,120.9976,知本,C0S700,2017-01-30T14:00:00+08:00,507.0,66.0,1.1,21.4,-0.99,960.7,-99.0,0.0,-9.9,-99,-999,臺東縣,22,卑南鄉,289
22.6867,120.9976,知本,C0S700,2017-01-30T15:00:00+08:00,507.0,57.0,2.0,20.6,-0.99,960.1,-99.0,0.0,-9.9,-99,-999,臺東縣,22,卑南鄉,289
22.6867,120.9976,知本,C0S700,2017-01-30T16:00:00+08:00,507.0,60.0,2.9,19.0,-0.99,960.8,-99.0,0.0,-9.9,-99,-999,臺東縣,22,卑南鄉,289
22.6867,120.9976,知本,C0S700,2017-01-30T17:00:00+08:00,507.0,59.0,2.7,18.4,-0.99,961.6,-99.0,0.0,-9.9,-99,-999,臺東縣,22,卑南鄉,289
22.6867,120.9976,知本,C0S700,2017-01-30T18:00:00+08:00,507.0,55.0,2.2,17.4,-0.99,962.5,-99.0,1.0,-9.9,-99,-999,臺東縣,22,卑南鄉,289
22.6867,120.9976,知本,C0S700,2017-01-30T20:00:00+08:00,507.0,53.0,3.5,17.9,-0.99,963.8,-99.0,1.0,-9.9,-99,-999,臺東縣,22,卑南鄉,289
22.6867,120.9976,知本,C0S700,2017-01-30T21:00:00+08:00,507.0,55.0,2.4,17.1,-0.99,963.8,-99.0,1.0,-9.9,-99,-999,臺東縣,22,卑南鄉,289
22.6867,120.9976,知本,C0S700,2017-01-30T22:00:00+08:00,507.0,60.0,2.6,16.9,-0.99,964.0,-99.0,1.0,-9.9,-99,-999,臺東縣,22,卑南鄉,289
22.6867,120.9976,知本,C0S700,2017-01-30T23:00:00+08:00,507.0,64.0,2.2,17.4,-0.99,963.8,-99.0,1.0,-9.9,-99,-999,臺東縣,22,卑南鄉,289
22.6867,120.9976,知本,C0S700,2017-01-31T00:00:00+08:00,507.0,52.0,2.1,16.7,-0.99,963.6,-99.0,1.0,-9.9,-99,-999,臺東縣,22,卑南鄉,289
22.6867,120.9976,知本,C0S700,2017-01-31T01:00:00+08:00,507.0,63.0,2.0,16.8,-0.99,963.1,-99.0,0.0,-9.9,-99,-999,臺東縣,22,卑南鄉,289
22.6867,120.9976,知本,C0S700,2017-01-31T02:00:00+08:00,507.0,59.0,1.7,16.6,-0.99,962.4,-99.0,0.0,-9.9,-99,-999,臺東縣,22,卑南鄉,289
22.6867,120.9976,知本,C0S700,2017-01-31T03:00:00+08:00,507.0,65.0,1.4,14.9,-0.99,962.6,-99.0,0.0,-9.9,-99,-999,臺東縣,22,卑南鄉,289
22.6867,120.9976,知本,C0S700,2017-01-31T04:00:00+08:00,507.0,129.0,0.7,14.8,-0.99,962.6,-99.0,0.0,-9.9,-99,-999,臺東縣,22,卑南鄉,289
22.6867,120.9976,知本,C0S700,2017-01-31T05:00:00+08:00,507.0,84.0,1.1,15.0,-0.99,962.8,-99.0,0.0,-9.9,-99,-999,臺東縣,22,卑南鄉,289
22.6867,120.9976,知本,C0S700,2017-01-31T06:00:00+08:00,507.0,66.0,1.5,15.2,-0.99,963.0,-99.0,0.0,-9.9,-99,-999,臺東縣,22,卑南鄉,289
22.6867,120.9976,知本,C0S700,2017-01-31T07:00:00+08:00,507.0,117.0,1.5,14.7,-0.99,963.3,-99.0,0.0,-9.9,-99,-999,臺東縣,22,卑南鄉,289
