24.0397,121.6013,新城,C0T840,2017-01-10T11:00:00+08:00,23.0,61.0,1.4,20.1,-0.99,1018.6,-99.0,0.0,-9.9,-99,-999,花蓮縣,21,新城鄉,136
24.0397,121.6013,新城,C0T840,2017-01-10T12:00:00+08:00,23.0,51.0,0.6,20.4,-0.99,1017.8,-99.0,0.0,-9.9,-99,-999,花蓮縣,21,新城鄉,136
24.0397,121.6013,新城,C0T840,2017-01-10T13:00:00+08:00,23.0,56.0,0.7,20.7,-0.99,1017.1,-99.0,0.0,-9.9,-99,-999,花蓮縣,21,新城鄉,136
24.0397,121.6013,新城,C0T840,2017-01-10T14:00:00+08:00,23.0,52.0,0.5,20.0,-0.99,1016.6,-99.0,0.0,-9.9,-99,-999,花蓮縣,21,新城鄉,136
24.0397,121.6013,新城,C0T840,2017-01-10T15:00:00+08:00,23.0,289.0,0.7,20.1,-0.99,1016.4,-99.0,0.0,-9.9,-99,-999,花蓮縣,21,新城鄉,136
24.0397,121.6013,新城,C0T840,2017-01-10T16:00:00+08:00,23.0,54.0,0.8,20.4,-0.99,1016.8,-99.0,0.0,-9.9,-99,-999,花蓮縣,21,新城鄉,136
24.0397,121.6013,新城,C0T840,2017-01-10T17:00:00+08:00,23.0,0.0,0.1,19.4,-0.99,1017.3,-99.0,0.0,-9.9,-99,-999,花蓮縣,21,新城鄉,136
24.0397,121.6013,新城,C0T840,2017-01-10T18:00:00+08:00,23.0,288.0,0.3,18.4,-0.99,1017.6,-99.0,0.0,-9.9,-99,-999,花蓮縣,21,新城鄉,136
24.0397,121.6013,新城,C0T840,2017-01-10T19:00:00+08:00,23.0,0.0,0.0,17.7,-0.99,1018.4,-99.0,0.0,-9.9,-99,-999,花蓮縣,21,新城鄉,136
24.0397,121.6013,新城,C0T840,2017-01-10T20:00:00+08:00,23.0,0.0,0.1,18.2,-0.99,1018.8,-99.0,0.0,-9.9,-99,-999,花蓮縣,21,新城鄉,136
24.0397,121.6013,新城,C0T840,2017-01-10T21:00:00+08:00,23.0,290.0,0.3,18.5,-0.99,1019.0,-99.0,0.0,-9.9,-99,-999,花蓮縣,21,新城鄉,136
24.0397,121.6013,新城,C0T840,2017-01-10T22:00:00+08:00,23.0,0.0,0.2,17.5,-0.99,1019.1,-99.0,0.0,-9.9,-99,-999,花蓮縣,21,新城鄉,136
24.0397,121.6013,新城,C0T840,2017-01-10T23:00:00+08:00,23.0,0.0,0.1,16.8,-0.99,1018.9,-99.0,0.0,-9.9,-99,-999,花蓮縣,21,新城鄉,136
24.0397,121.6013,新城,C0T840,2017-01-11T00:00:00+08:00,23.0,275.0,0.6,16.2,-0.99,1018.7,-99.0,0.0,-9.9,-99,-999,花蓮縣,21,新城鄉,136
24.0397,121.6013,新城,C0T840,2017-01-11T01:00:00+08:00,23.0,0.0,0.0,16.3,-0.99,1018.6,-99.0,0.0,-9.9,-99,-999,花蓮縣,21,新城鄉,136
24.0397,121.6013,新城,C0T840,2017-01-11T02:00:00+08:00,23.0,0.0,0.1,16.5,-0.99,1018.0,-99.0,0.0,-9.9,-99,-999,花蓮縣,21,新城鄉,136
24.0397,121.6013,新城,C0T840,2017-01-11T03:00:00+08:00,23.0,0.0,0.0,16.4,-0.99,1017.5,-99.0,0.0,-9.9,-99,-999,花蓮縣,21,新城鄉,136
24.0397,121.6013,新城,C0T840,2017-01-11T04:00:00+08:00,23.0,0.0,0.0,16.2,-0.99,1017.3,-99.0,0.0,-9.9,-99,-999,花蓮縣,21,新城鄉,136
24.0397,121.6013,新城,C0T840,2017-01-11T05:00:00+08:00,23.0,240.0,0.4,16.5,-0.99,1017.4,-99.0,0.0,-9.9,-99,-999,花蓮縣,21,新城鄉,136
24.0397,121.6013,新城,C0T840,2017-01-11T06:00:00+08:00,23.0,0.0,0.0,15.7,-0.99,1018.2,-99.0,0.0,-9.9,-99,-999,花蓮縣,21,新城鄉,136
24.0397,121.6013,新城,C0T840,2017-01-11T07:00:00+08:00,23.0,0.0,0.2,16.0,-0.99,1018.7,-99.0,0.0,-9.9,-99,-999,花蓮縣,21,新城鄉,136
24.0397,121.6013,新城,C0T840,2017-01-11T08:00:00+08:00,23.0,231.0,0.5,18.1,-0.99,1019.2,-99.0,0.0,-9.9,-99,-999,花蓮縣,21,新城鄉,136
24.0397,121.6013,新城,C0T840,2017-01-11T09:00:00+08:00,23.0,242.0,0.7,19.8,-0.99,1019.8,-99.0,0.0,-9.9,-99,-999,花蓮縣,21,新城鄉,136
24.0397,121.6013,新城,C0T840,2017-01-11T10:00:00+08:00,23.0,53.0,1.7,22.2,-0.99,1019.2,-99.0,0.0,-9.9,-99,-999,花蓮縣,21,新城鄉,136
24.0397,121.6013,新城,C0T840,2017-01-11T11:00:00+08:00,23.0,55.0,1.7,22.5,-0.99,1018.5,-99.0,0.0,-9.9,-99,-999,花蓮縣,21,新城鄉,136
24.0397,121.6013,新城,C0T840,2017-01-11T12:00:00+08:00,23.0,88.0,2.6,21.5,-0.99,1017.5,-99.0,0.0,-9.9,-99,-999,花蓮縣,21,新城鄉,136
24.0397,121.6013,新城,C0T840,2017-01-11T13:00:00+08:00,23.0,69.0,1.7,21.3,-0.99,1016.2,-99.0,0.0,-9.9,-99,-999,花蓮縣,21,新城鄉,136
24.0397,121.6013,新城,C0T840,2017-01-11T14:00:00+08:00,23.0,292.0,0.7,20.0,-0.99,1015.4,-99.0,0.0,-9.9,-99,-999,花蓮縣,21,新城鄉,136
24.0397,121.6013,新城,C0T840,2017-01-11T15:00:00+08:00,23.0,0.0,0.1,19.8,-0.99,1015.4,-99.0,0.0,-9.9,-99,-999,花蓮縣,21,新城鄉,136
24.0397,121.6013,新城,C0T840,2017-01-11T16:00:00+08:00,23.0,0.0,0.1,19.0,-0.99,1015.5,-99.0,0.5,-9.9,-99,-999,花蓮縣,21,新城鄉,136
24.0397,121.6013,新城,C0T840,2017-01-11T17:00:00+08:00,23.0,290.0,1.4,18.9,-0.99,1015.9,-99.0,0.5,-9.9,-99,-999,花蓮縣,21,新城鄉,136
24.0397,121.6013,新城,C0T840,2017-01-11T18:00:00+08:00,23.0,0.0,0.2,19.4,-0.99,1016.3,-99.0,0.5,-9.9,-99,-999,花蓮縣,21,新城鄉,136
24.0397,121.6013,新城,C0T840,2017-01-11T19:00:00+08:00,23.0,0.0,0.1,19.0,-0.99,1016.9,-99.0,0.5,-9.9,-99,-999,花蓮縣,21,新城鄉,136
24.0397,121.6013,新城,C0T840,2017-01-11T20:00:00+08:00,23.0,288.0,0.8,19.4,-0.99,1016.8,-99.0,0.5,-9.9,-99,-999,花蓮縣,21,新城鄉,136
24.0397,121.6013,新城,C0T840,2017-01-11T21:00:00+08:00,23.0,0.0,0.1,19.1,-0.99,1016.9,-99.0,0.5,-9.9,-99,-999,花蓮縣,21,新城鄉,136
24.0397,121.6013,新城,C0T840,2017-01-11T22:00:00+08:00,23.0,0.0,0.0,18.8,-0.99,1017.2,-99.0,0.5,-9.9,-99,-999,花蓮縣,21,新城鄉,136
24.0397,121.6013,新城,C0T840,2017-01-11T23:00:00+08:00,23.0,230.0,0.8,19.0,-0.99,1016.8,-99.0,0.5,-9.9,-99,-999,花蓮縣,21,新城鄉,136
24.0397,121.6013,新城,C0T840,2017-01-12T00:00:00+08:00,23.0,0.0,0.0,18.7,-0.99,1016.4,-99.0,0.5,-9.9,-99,-999,花蓮縣,21,新城鄉,136
24.0397,121.6013,新城,C0T840,2017-01-12T01:00:00+08:00,23.0,0.0,0.2,18.4,-0.99,1016.0,-99.0,0.0,-9.9,-99,-999,花蓮縣,21,新城鄉,136
24.0397,121.6013,新城,C0T840,2017-01-12T02:00:00+08:00,23.0,0.0,0.0,18.1,-0.99,1015.2,-99.0,0.0,-9.9,-99,-999,花蓮縣,21,新城鄉,136
24.0397,121.6013,新城,C0T840,2017-01-12T03:00:00+08:00,23.0,237.0,0.5,18.6,-0.99,1014.8,-99.0,0.0,-9.9,-99,-999,花蓮縣,21,新城鄉,136
24.0397,121.6013,新城,C0T840,2017-01-12T04:00:00+08:00,23.0,270.0,0.3,18.2,-0.99,1014.6,-99.0,0.0,-9.9,-99,-999,花蓮縣,21,新城鄉,136
24.0397,121.6013,新城,C0T840,2017-01-12T05:00:00+08:00,23.0,0.0,0.1,18.0,-0.99,1014.0,-99.0,0.0,-9.9,-99,-999,花蓮縣,21,新城鄉,136
24.0397,121.6013,新城,C0T840,2017-01-12T06:00:00+08:00,23.0,242.0,0.8,18.3,-0.99,1014.0,-99.0,0.0,-9.9,-99,-999,花蓮縣,21,新城鄉,136
24.0397,121.6013,新城,C0T840,2017-01-12T07:00:00+08:00,23.0,0.0,0.2,18.3,-0.99,1014.7,-99.0,0.0,-9.9,-99,-999,花蓮縣,21,新城鄉,136
24.0397,121.6013,新城,C0T840,2017-01-12T08:00:00+08:00,23.0,292.0,0.3,19.4,-0.99,1015.2,-99.0,0.0,-9.9,-99,-999,花蓮縣,21,新城鄉,136
24.0397,121.6013,新城,C0T840,2017-01-12T09:00:00+08:00,23.0,239.0,1.1,19.9,-0.99,1015.0,-99.0,0.0,-9.9,-99,-999,花蓮縣,21,新城鄉,136
24.0397,121.6013,新城,C0T840,2017-01-12T10:00:00+08:00,23.0,235.0,0.9,22.0,-0.99,1014.6,-99.0,0.0,-9.9,-99,-999,花蓮縣,21,新城鄉,136
24.0397,121.6013,新城,C0T840,2017-01-12T11:00:00+08:00,23.0,96.0,0.3,23.2,-0.99,1013.7,-99.0,0.0,-9.9,-99,-999,花蓮縣,21,新城鄉,136
24.0397,121.6013,新城,C0T840,2017-01-12T12:00:00+08:00,23.0,85.0,1.9,23.4,-0.99,1012.5,-99.0,0.0,-9.9,-99,-999,花蓮縣,21,新城鄉,136
24.0397,121.6013,新城,C0T840,2017-01-12T13:00:00+08:00,23.0,50.0,0.5,22.4,-0.99,1011.6,-99.0,0.0,-9.9,-99,-999,花蓮縣,21,新城鄉,136
24.0397,121.6013,新城,C0T840,2017-01-12T14:00:00+08:00,23.0,0.0,0.1,22.6,-0.99,1011.0,-99.0,0.0,-9.9,-99,-999,花蓮縣,21,新城鄉,136
24.0397,121.6013,新城,C0T840,2017-01-12T15:00:00+08:00,23.0,267.0,0.9,22.2,-0.99,1010.9,-99.0,0.0,-9.9,-99,-999,花蓮縣,21,新城鄉,136
24.0397,121.6013,新城,C0T840,2017-01-12T16:00:00+08:00,23.0,0.0,0.1,21.8,-0.99,1011.0,-99.0,0.0,-9.9,-99,-999,花蓮縣,21,新城鄉,136
24.0397,121.6013,新城,C0T840,2017-01-12T17:00:00+08:00,23.0,0.0,0.1,21.2,-0.99,1011.1,-99.0,0.0,-9.9,-99,-999,花蓮縣,21,新城鄉,136
24.0397,121.6013,新城,C0T840,2017-01-12T18:00:00+08:00,23.0,0.0,0.0,20.6,-0.99,1011.6,-99.0,0.0,-9.9,-99,-999,花蓮縣,21,新城鄉,136
24.0397,121.6013,新城,C0T840,2017-01-12T19:00:00+08:00,23.0,235.0,0.6,20.2,-0.99,1011.9,-99.0,0.0,-9.9,-99,-999,花蓮縣,21,新城鄉,136
24.0397,121.6013,新城,C0T840,2017-01-12T20:00:00+08:00,23.0,233.0,0.3,20.1,-0.99,1012.0,-99.0,0.0,-9.9,-99,-999,花蓮縣,21,新城鄉,136
24.0397,121.6013,新城,C0T840,2017-01-12T21:00:00+08:00,23.0,0.0,0.0,20.0,-0.99,1012.3,-99.0,0.0,-9.9,-99,-999,花蓮縣,21,新城鄉,136
24.0397,121.6013,新城,C0T840,2017-01-12T22:00:00+08:00,23.0,0.0,0.1,19.7,-0.99,1012.7,-99.0,0.0,-9.9,-99,-999,花蓮縣,21,新城鄉,136
24.0397,121.6013,新城,C0T840,2017-01-12T23:00:00+08:00,23.0,65.0,0.3,19.7,-0.99,1012.2,-99.0,0.0,-9.9,-99,-999,花蓮縣,21,新城鄉,136
24.0397,121.6013,新城,C0T840,2017-01-13T00:00:00+08:00,23.0,0.0,0.1,19.6,-0.99,1011.9,-99.0,0.0,-9.9,-99,-999,花蓮縣,21,新城鄉,136
24.0397,121.6013,新城,C0T840,2017-01-13T01:00:00+08:00,23.0,48.0,0.7,19.7,-0.99,1011.7,-99.0,0.0,-9.9,-99,-999,花蓮縣,21,新城鄉,136
24.0397,121.6013,新城,C0T840,2017-01-13T02:00:00+08:00,23.0,52.0,2.5,19.9,-0.99,1011.4,-99.0,0.0,-9.9,-99,-999,花蓮縣,21,新城鄉,136
24.0397,121.6013,新城,C0T840,2017-01-13T03:00:00+08:00,23.0,53.0,3.3,20.1,-0.99,1011.0,-99.0,0.0,-9.9,-99,-999,花蓮縣,21,新城鄉,136
24.0397,121.6013,新城,C0T840,2017-01-13T04:00:00+08:00,23.0,52.0,4.3,19.9,-0.99,1011.1,-99.0,0.0,-9.9,-99,-999,花蓮縣,21,新城鄉,136
24.0397,121.6013,新城,C0T840,2017-01-13T05:00:00+08:00,23.0,52.0,4.6,18.7,-0.99,1011.6,-99.0,0.5,-9.9,-99,-999,花蓮縣,21,新城鄉,136
24.0397,121.6013,新城,C0T840,2017-01-13T06:00:00+08:00,23.0,52.0,3.9,18.0,-0.99,1012.2,-99.0,0.5,-9.9,-99,-999,花蓮縣,21,新城鄉,136
24.0397,121.6013,新城,C0T840,2017-01-13T07:00:00+08:00,23.0,54.0,3.5,18.0,-0.99,1013.0,-99.0,0.5,-9.9,-99,-999,花蓮縣,21,新城鄉,136
24.0397,121.6013,新城,C0T840,2017-01-13T08:00:00+08:00,23.0,53.0,3.9,18.5,-0.99,1013.7,-99.0,0.5,-9.9,-99,-999,花蓮縣,21,新城鄉,136
24.0397,121.6013,新城,C0T840,2017-01-13T09:00:00+08:00,23.0,51.0,3.8,18.8,-0.99,1014.4,-99.0,0.5,-9.9,-99,-999,花蓮縣,21,新城鄉,136
24.0397,121.6013,新城,C0T840,2017-01-13T10:00:00+08:00,23.0,52.0,1.8,19.1,-0.99,1014.4,-99.0,0.5,-9.9,-99,-999,花蓮縣,21,新城鄉,136
24.0397,121.6013,新城,C0T840,2017-01-13T11:00:00+08:00,23.0,284.0,0.8,18.8,-0.99,1014.0,-99.0,0.5,-9.9,-99,-999,花蓮縣,21,新城鄉,136
24.0397,121.6013,新城,C0T840,2017-01-13T12:00:00+08:00,23.0,56.0,3.6,18.5,-0.99,1013.3,-99.0,0.5,-9.9,-99,-999,花蓮縣,21,新城鄉,136
24.0397,121.6013,新城,C0T840,2017-01-13T13:00:00+08:00,23.0,52.0,4.7,18.5,-0.99,1012.7,-99.0,0.5,-9.9,-99,-999,花蓮縣,21,新城鄉,136
24.0397,121.6013,新城,C0T840,2017-01-13T14:00:00+08:00,23.0,54.0,3.6,18.2,-0.99,1012.6,-99.0,0.5,-9.9,-99,-999,花蓮縣,21,新城鄉,136
24.0397,121.6013,新城,C0T840,2017-01-13T15:00:00+08:00,23.0,279.0,0.6,17.7,-0.99,1012.9,-99.0,0.5,-9.9,-99,-999,花蓮縣,21,新城鄉,136
24.0397,121.6013,新城,C0T840,2017-01-13T16:00:00+08:00,23.0,282.0,0.8,17.5,-0.99,1013.3,-99.0,0.5,-9.9,-99,-999,花蓮縣,21,新城鄉,136
24.0397,121.6013,新城,C0T840,2017-01-13T17:00:00+08:00,23.0,287.0,0.7,17.7,-0.99,1013.6,-99.0,0.5,-9.9,-99,-999,花蓮縣,21,新城鄉,136
24.0397,121.6013,新城,C0T840,2017-01-13T18:00:00+08:00,23.0,288.0,0.6,17.8,-0.99,1014.1,-99.0,0.5,-9.9,-99,-999,花蓮縣,21,新城鄉,136
24.0397,121.6013,新城,C0T840,2017-01-13T19:00:00+08:00,23.0,0.0,0.1,17.2,-0.99,1014.6,-99.0,0.5,-9.9,-99,-999,花蓮縣,21,新城鄉,136
24.0397,121.6013,新城,C0T840,2017-01-13T20:00:00+08:00,23.0,293.0,0.7,17.3,-0.99,1015.2,-99.0,0.5,-9.9,-99,-999,花蓮縣,21,新城鄉,136
24.0397,121.6013,新城,C0T840,2017-01-13T21:00:00+08:00,23.0,288.0,1.1,16.9,-0.99,1015.5,-99.0,0.5,-9.9,-99,-999,花蓮縣,21,新城鄉,136
24.0397,121.6013,新城,C0T840,2017-01-13T22:00:00+08:00,23.0,293.0,0.3,16.8,-0.99,1015.9,-99.0,0.5,-9.9,-99,-999,花蓮縣,21,新城鄉,136
24.0397,121.6013,新城,C0T840,2017-01-13T23:00:00+08:00,23.0,294.0,0.8,16.6,-0.99,1015.8,-99.0,1.0,-9.9,-99,-999,花蓮縣,21,新城鄉,136
24.0397,121.6013,新城,C0T840,2017-01-14T00:00:00+08:00,23.0,286.0,0.9,16.8,-0.99,1015.4,-99.0,1.0,-9.9,-99,-999,花蓮縣,21,新城鄉,136
24.0397,121.6013,新城,C0T840,2017-01-14T01:00:00+08:00,23.0,287.0,0.4,16.5,-0.99,1015.2,-99.0,0.0,-9.9,-99,-999,花蓮縣,21,新城鄉,136
24.0397,121.6013,新城,C0T840,2017-01-14T02:00:00+08:00,23.0,290.0,0.3,16.1,-0.99,1015.1,-99.0,1.0,-9.9,-99,-999,花蓮縣,21,新城鄉,136
24.0397,121.6013,新城,C0T840,2017-01-14T03:00:00+08:00,23.0,6.0,0.3,16.2,-0.99,1015.2,-99.0,1.0,-9.9,-99,-999,花蓮縣,21,新城鄉,136
24.0397,121.6013,新城,C0T840,2017-01-14T04:00:00+08:00,23.0,52.0,1.3,16.1,-0.99,1015.5,-99.0,1.5,-9.9,-99,-999,花蓮縣,21,新城鄉,136
24.0397,121.6013,新城,C0T840,2017-01-14T05:00:00+08:00,23.0,296.0,0.4,16.0,-0.99,1015.7,-99.0,1.5,-9.9,-99,-999,花蓮縣,21,新城鄉,136
24.0397,121.6013,新城,C0T840,2017-01-14T06:00:00+08:00,23.0,0.0,0.2,15.7,-0.99,1016.4,-99.0,1.5,-9.9,-99,-999,花蓮縣,21,新城鄉,136
24.0397,121.6013,新城,C0T840,2017-01-14T07:00:00+08:00,23.0,282.0,1.0,15.4,-0.99,1017.1,-99.0,1.5,-9.9,-99,-999,花蓮縣,21,新城鄉,136
24.0397,121.6013,新城,C0T840,2017-01-14T08:00:00+08:00,23.0,284.0,1.3,15.1,-0.99,1017.9,-99.0,1.5,-9.9,-99,-999,花蓮縣,21,新城鄉,136
24.0397,121.6013,新城,C0T840,2017-01-14T10:00:00+08:00,23.0,248.0,1.5,15.5,-0.99,1018.9,-99.0,2.0,-9.9,-99,-999,花蓮縣,21,新城鄉,136
24.0397,121.6013,新城,C0T840,2017-01-14T11:00:00+08:00,23.0,248.0,1.1,16.2,-0.99,1018.2,-99.0,2.0,-9.9,-99,-999,花蓮縣,21,新城鄉,136
24.0397,121.6013,新城,C0T840,2017-01-14T12:00:00+08:00,23.0,254.0,0.9,16.5,-0.99,1017.2,-99.0,2.0,-9.9,-99,-999,花蓮縣,21,新城鄉,136
24.0397,121.6013,新城,C0T840,2017-01-14T13:00:00+08:00,23.0,246.0,1.5,16.9,-0.99,1016.6,-99.0,2.0,-9.9,-99,-999,花蓮縣,21,新城鄉,136
24.0397,121.6013,新城,C0T840,2017-01-14T14:00:00+08:00,23.0,89.0,0.4,16.8,-0.99,1016.4,-99.0,2.0,-9.9,-99,-999,花蓮縣,21,新城鄉,136
24.0397,121.6013,新城,C0T840,2017-01-14T15:00:00+08:00,23.0,57.0,1.9,16.9,-0.99,1016.4,-99.0,2.0,-9.9,-99,-999,花蓮縣,21,新城鄉,136
24.0397,121.6013,新城,C0T840,2017-01-14T16:00:00+08:00,23.0,276.0,0.6,16.9,-0.99,1016.9,-99.0,2.0,-9.9,-99,-999,花蓮縣,21,新城鄉,136
24.0397,121.6013,新城,C0T840,2017-01-14T17:00:00+08:00,23.0,0.0,0.1,17.2,-0.99,1017.5,-99.0,2.0,-9.9,-99,-999,花蓮縣,21,新城鄉,136
24.0397,121.6013,新城,C0T840,2017-01-14T18:00:00+08:00,23.0,259.0,0.6,16.4,-0.99,1018.0,-99.0,2.0,-9.9,-99,-999,花蓮縣,21,新城鄉,136
24.0397,121.6013,新城,C0T840,2017-01-14T19:00:00+08:00,23.0,0.0,0.2,16.2,-0.99,1018.6,-99.0,2.0,-9.9,-99,-999,花蓮縣,21,新城鄉,136
24.0397,121.6013,新城,C0T840,2017-01-14T20:00:00+08:00,23.0,288.0,0.7,16.5,-0.99,1019.1,-99.0,2.0,-9.9,-99,-999,花蓮縣,21,新城鄉,136
24.0397,121.6013,新城,C0T840,2017-01-14T21:00:00+08:00,23.0,287.0,0.9,16.1,-0.99,1019.6,-99.0,2.0,-9.9,-99,-999,花蓮縣,21,新城鄉,136
24.0397,121.6013,新城,C0T840,2017-01-14T22:00:00+08:00,23.0,0.0,0.0,15.9,-0.99,1019.4,-99.0,2.0,-9.9,-99,-999,花蓮縣,21,新城鄉,136
24.0397,121.6013,新城,C0T840,2017-01-14T23:00:00+08:00,23.0,288.0,0.4,16.1,-0.99,1019.4,-99.0,2.0,-9.9,-99,-999,花蓮縣,21,新城鄉,136
24.0397,121.6013,新城,C0T840,2017-01-15T00:00:00+08:00,23.0,0.0,0.0,16.1,-0.99,1019.4,-99.0,2.0,-9.9,-99,-999,花蓮縣,21,新城鄉,136
24.0397,121.6013,新城,C0T840,2017-01-15T01:00:00+08:00,23.0,287.0,0.9,16.3,-0.99,1019.1,-99.0,0.0,-9.9,-99,-999,花蓮縣,21,新城鄉,136
24.0397,121.6013,新城,C0T840,2017-01-15T02:00:00+08:00,23.0,0.0,0.2,16.1,-0.99,1018.9,-99.0,0.0,-9.9,-99,-999,花蓮縣,21,新城鄉,136
24.0397,121.6013,新城,C0T840,2017-01-15T03:00:00+08:00,23.0,0.0,0.0,16.2,-0.99,1018.9,-99.0,0.0,-9.9,-99,-999,花蓮縣,21,新城鄉,136
24.0397,121.6013,新城,C0T840,2017-01-15T04:00:00+08:00,23.0,290.0,0.5,15.9,-0.99,1018.6,-99.0,0.0,-9.9,-99,-999,花蓮縣,21,新城鄉,136
24.0397,121.6013,新城,C0T840,2017-01-15T05:00:00+08:00,23.0,0.0,0.2,16.3,-0.99,1018.7,-99.0,0.0,-9.9,-99,-999,花蓮縣,21,新城鄉,136
24.0397,121.6013,新城,C0T840,2017-01-15T06:00:00+08:00,23.0,273.0,0.3,16.4,-0.99,1019.3,-99.0,0.0,-9.9,-99,-999,花蓮縣,21,新城鄉,136
24.0397,121.6013,新城,C0T840,2017-01-15T07:00:00+08:00,23.0,0.0,0.1,16.6,-0.99,1019.6,-99.0,0.0,-9.9,-99,-999,花蓮縣,21,新城鄉,136
24.0397,121.6013,新城,C0T840,2017-01-15T08:00:00+08:00,23.0,248.0,0.8,16.8,-0.99,1020.1,-99.0,0.0,-9.9,-99,-999,花蓮縣,21,新城鄉,136
24.0397,121.6013,新城,C0T840,2017-01-15T09:00:00+08:00,23.0,289.0,0.9,16.8,-0.99,1020.6,-99.0,0.0,-9.9,-99,-999,花蓮縣,21,新城鄉,136
24.0397,121.6013,新城,C0T840,2017-01-15T10:00:00+08:00,23.0,57.0,1.2,17.6,-0.99,1020.2,-99.0,0.0,-9.9,-99,-999,花蓮縣,21,新城鄉,136
24.0397,121.6013,新城,C0T840,2017-01-15T11:00:00+08:00,23.0,0.0,0.1,17.1,-0.99,1019.8,-99.0,0.0,-9.9,-99,-999,花蓮縣,21,新城鄉,136
24.0397,121.6013,新城,C0T840,2017-01-15T12:00:00+08:00,23.0,287.0,0.9,17.7,-0.99,1018.8,-99.0,0.0,-9.9,-99,-999,花蓮縣,21,新城鄉,136
24.0397,121.6013,新城,C0T840,2017-01-15T13:00:00+08:00,23.0,27.0,0.3,18.2,-0.99,1017.9,-99.0,0.0,-9.9,-99,-999,花蓮縣,21,新城鄉,136
24.0397,121.6013,新城,C0T840,2017-01-15T14:00:00+08:00,23.0,301.0,0.3,18.0,-0.99,1017.2,-99.0,0.0,-9.9,-99,-999,花蓮縣,21,新城鄉,136
24.0397,121.6013,新城,C0T840,2017-01-15T15:00:00+08:00,23.0,53.0,3.4,17.3,-0.99,1017.4,-99.0,0.0,-9.9,-99,-999,花蓮縣,21,新城鄉,136
24.0397,121.6013,新城,C0T840,2017-01-15T16:00:00+08:00,23.0,47.0,0.6,17.0,-0.99,1018.1,-99.0,0.0,-9.9,-99,-999,花蓮縣,21,新城鄉,136
24.0397,121.6013,新城,C0T840,2017-01-15T17:00:00+08:00,23.0,276.0,0.4,17.0,-0.99,1018.4,-99.0,0.0,-9.9,-99,-999,花蓮縣,21,新城鄉,136
24.0397,121.6013,新城,C0T840,2017-01-15T18:00:00+08:00,23.0,0.0,0.2,16.8,-0.99,1018.6,-99.0,0.0,-9.9,-99,-999,花蓮縣,21,新城鄉,136
24.0397,121.6013,新城,C0T840,2017-01-15T19:00:00+08:00,23.0,0.0,0.0,16.1,-0.99,1018.8,-99.0,0.0,-9.9,-99,-999,花蓮縣,21,新城鄉,136
24.0397,121.6013,新城,C0T840,2017-01-15T20:00:00+08:00,23.0,82.0,1.0,16.1,-0.99,1019.1,-99.0,0.0,-9.9,-99,-999,花蓮縣,21,新城鄉,136
24.0397,121.6013,新城,C0T840,2017-01-15T21:00:00+08:00,23.0,0.0,0.2,16.0,-0.99,1019.4,-99.0,0.0,-9.9,-99,-999,花蓮縣,21,新城鄉,136
24.0397,121.6013,新城,C0T840,2017-01-15T22:00:00+08:00,23.0,0.0,0.1,15.8,-0.99,1019.2,-99.0,0.0,-9.9,-99,-999,花蓮縣,21,新城鄉,136
24.0397,121.6013,新城,C0T840,2017-01-15T23:00:00+08:00,23.0,0.0,0.0,15.6,-0.99,1019.0,-99.0,0.0,-9.9,-99,-999,花蓮縣,21,新城鄉,136
24.0397,121.6013,新城,C0T840,2017-01-16T00:00:00+08:00,23.0,0.0,0.1,15.2,-0.99,1018.9,-99.0,0.0,-9.9,-99,-999,花蓮縣,21,新城鄉,136
24.0397,121.6013,新城,C0T840,2017-01-16T01:00:00+08:00,23.0,0.0,0.1,15.1,-0.99,1018.8,-99.0,0.5,-9.9,-99,-999,花蓮縣,21,新城鄉,136
24.0397,121.6013,新城,C0T840,2017-01-16T02:00:00+08:00,23.0,0.0,0.2,14.9,-0.99,1018.5,-99.0,0.5,-9.9,-99,-999,花蓮縣,21,新城鄉,136
24.0397,121.6013,新城,C0T840,2017-01-16T03:00:00+08:00,23.0,256.0,0.6,15.0,-0.99,1018.2,-99.0,1.0,-9.9,-99,-999,花蓮縣,21,新城鄉,136
24.0397,121.6013,新城,C0T840,2017-01-16T04:00:00+08:00,23.0,285.0,0.4,14.9,-0.99,1018.3,-99.0,1.5,-9.9,-99,-999,花蓮縣,21,新城鄉,136
24.0397,121.6013,新城,C0T840,2017-01-16T05:00:00+08:00,23.0,288.0,0.7,15.0,-0.99,1018.7,-99.0,1.5,-9.9,-99,-999,花蓮縣,21,新城鄉,136
24.0397,121.6013,新城,C0T840,2017-01-16T06:00:00+08:00,23.0,248.0,1.3,15.8,-0.99,1019.3,-99.0,1.5,-9.9,-99,-999,花蓮縣,21,新城鄉,136
24.0397,121.6013,新城,C0T840,2017-01-16T07:00:00+08:00,23.0,0.0,0.2,15.5,-0.99,1019.9,-99.0,1.5,-9.9,-99,-999,花蓮縣,21,新城鄉,136
24.0397,121.6013,新城,C0T840,2017-01-16T08:00:00+08:00,23.0,0.0,0.0,16.0,-0.99,1020.4,-99.0,1.5,-9.9,-99,-999,花蓮縣,21,新城鄉,136
24.0397,121.6013,新城,C0T840,2017-01-16T10:00:00+08:00,23.0,0.0,0.0,18.1,-0.99,1020.9,-99.0,1.5,-9.9,-99,-999,花蓮縣,21,新城鄉,136
24.0397,121.6013,新城,C0T840,2017-01-16T11:00:00+08:00,23.0,53.0,2.8,18.2,-0.99,1020.6,-99.0,1.5,-9.9,-99,-999,花蓮縣,21,新城鄉,136
24.0397,121.6013,新城,C0T840,2017-01-16T12:00:00+08:00,23.0,51.0,1.9,18.8,-0.99,1019.6,-99.0,1.5,-9.9,-99,-999,花蓮縣,21,新城鄉,136
24.0397,121.6013,新城,C0T840,2017-01-16T13:00:00+08:00,23.0,13.0,0.5,19.6,-0.99,1018.4,-99.0,1.5,-9.9,-99,-999,花蓮縣,21,新城鄉,136
24.0397,121.6013,新城,C0T840,2017-01-16T14:00:00+08:00,23.0,51.0,3.3,18.6,-0.99,1018.2,-99.0,1.5,-9.9,-99,-999,花蓮縣,21,新城鄉,136
24.0397,121.6013,新城,C0T840,2017-01-16T15:00:00+08:00,23.0,51.0,3.8,18.2,-0.99,1018.0,-99.0,1.5,-9.9,-99,-999,花蓮縣,21,新城鄉,136
24.0397,121.6013,新城,C0T840,2017-01-16T16:00:00+08:00,23.0,48.0,0.7,17.9,-0.99,1018.3,-99.0,1.5,-9.9,-99,-999,花蓮縣,21,新城鄉,136
24.0397,121.6013,新城,C0T840,2017-01-16T17:00:00+08:00,23.0,53.0,2.2,17.9,-0.99,1018.9,-99.0,1.5,-9.9,-99,-999,花蓮縣,21,新城鄉,136
24.0397,121.6013,新城,C0T840,2017-01-16T18:00:00+08:00,23.0,0.0,0.2,16.6,-0.99,1019.9,-99.0,1.5,-9.9,-99,-999,花蓮縣,21,新城鄉,136
24.0397,121.6013,新城,C0T840,2017-01-16T19:00:00+08:00,23.0,286.0,0.6,16.1,-0.99,1020.5,-99.0,1.5,-9.9,-99,-999,花蓮縣,21,新城鄉,136
24.0397,121.6013,新城,C0T840,2017-01-16T20:00:00+08:00,23.0,288.0,1.1,15.9,-0.99,1021.0,-99.0,1.5,-9.9,-99,-999,花蓮縣,21,新城鄉,136
24.0397,121.6013,新城,C0T840,2017-01-16T21:00:00+08:00,23.0,0.0,0.2,16.3,-0.99,1021.3,-99.0,1.5,-9.9,-99,-999,花蓮縣,21,新城鄉,136
24.0397,121.6013,新城,C0T840,2017-01-16T22:00:00+08:00,23.0,290.0,0.4,16.1,-0.99,1021.3,-99.0,1.5,-9.9,-99,-999,花蓮縣,21,新城鄉,136
24.0397,121.6013,新城,C0T840,2017-01-16T23:00:00+08:00,23.0,283.0,0.7,16.1,-0.99,1021.2,-99.0,1.5,-9.9,-99,-999,花蓮縣,21,新城鄉,136
24.0397,121.6013,新城,C0T840,2017-01-17T00:00:00+08:00,23.0,0.0,0.1,16.3,-0.99,1020.6,-99.0,1.5,-9.9,-99,-999,花蓮縣,21,新城鄉,136
24.0397,121.6013,新城,C0T840,2017-01-17T01:00:00+08:00,23.0,0.0,0.0,16.1,-0.99,1020.3,-99.0,0.0,-9.9,-99,-999,花蓮縣,21,新城鄉,136
24.0397,121.6013,新城,C0T840,2017-01-17T02:00:00+08:00,23.0,0.0,0.1,16.0,-0.99,1020.3,-99.0,0.0,-9.9,-99,-999,花蓮縣,21,新城鄉,136
24.0397,121.6013,新城,C0T840,2017-01-17T03:00:00+08:00,23.0,0.0,0.1,15.7,-0.99,1020.0,-99.0,0.0,-9.9,-99,-999,花蓮縣,21,新城鄉,136
24.0397,121.6013,新城,C0T840,2017-01-17T04:00:00+08:00,23.0,0.0,0.0,15.9,-0.99,1019.8,-99.0,0.0,-9.9,-99,-999,花蓮縣,21,新城鄉,136
24.0397,121.6013,新城,C0T840,2017-01-17T05:00:00+08:00,23.0,0.0,0.0,15.9,-0.99,1020.0,-99.0,0.0,-9.9,-99,-999,花蓮縣,21,新城鄉,136
24.0397,121.6013,新城,C0T840,2017-01-17T06:00:00+08:00,23.0,240.0,0.8,16.2,-0.99,1020.7,-99.0,0.0,-9.9,-99,-999,花蓮縣,21,新城鄉,136
24.0397,121.6013,新城,C0T840,2017-01-17T07:00:00+08:00,23.0,233.0,0.6,16.1,-0.99,1021.0,-99.0,0.0,-9.9,-99,-999,花蓮縣,21,新城鄉,136
24.0397,121.6013,新城,C0T840,2017-01-17T08:00:00+08:00,23.0,284.0,0.5,17.3,-0.99,1021.2,-99.0,0.0,-9.9,-99,-999,花蓮縣,21,新城鄉,136
24.0397,121.6013,新城,C0T840,2017-01-17T09:00:00+08:00,23.0,0.0,0.1,19.0,-0.99,1021.8,-99.0,0.0,-9.9,-99,-999,花蓮縣,21,新城鄉,136
24.0397,121.6013,新城,C0T840,2017-01-17T10:00:00+08:00,23.0,232.0,0.7,20.0,-0.99,1021.6,-99.0,0.0,-9.9,-99,-999,花蓮縣,21,新城鄉,136
24.0397,121.6013,新城,C0T840,2017-01-17T11:00:00+08:00,23.0,53.0,2.3,21.4,-0.99,1021.0,-99.0,0.0,-9.9,-99,-999,花蓮縣,21,新城鄉,136
24.0397,121.6013,新城,C0T840,2017-01-17T12:00:00+08:00,23.0,56.0,2.3,21.5,-0.99,1020.0,-99.0,0.0,-9.9,-99,-999,花蓮縣,21,新城鄉,136
24.0397,121.6013,新城,C0T840,2017-01-17T13:00:00+08:00,23.0,55.0,1.5,21.0,-0.99,1019.0,-99.0,0.0,-9.9,-99,-999,花蓮縣,21,新城鄉,136
24.0397,121.6013,新城,C0T840,2017-01-17T14:00:00+08:00,23.0,67.0,0.9,20.6,-0.99,1018.4,-99.0,0.0,-9.9,-99,-999,花蓮縣,21,新城鄉,136
24.0397,121.6013,新城,C0T840,2017-01-17T15:00:00+08:00,23.0,64.0,1.4,20.3,-0.99,1018.2,-99.0,0.0,-9.9,-99,-999,花蓮縣,21,新城鄉,136
24.0397,121.6013,新城,C0T840,2017-01-17T16:00:00+08:00,23.0,97.0,1.2,19.8,-0.99,1018.7,-99.0,0.0,-9.9,-99,-999,花蓮縣,21,新城鄉,136
24.0397,121.6013,新城,C0T840,2017-01-17T17:00:00+08:00,23.0,0.0,0.0,19.8,-0.99,1019.0,-99.0,0.0,-9.9,-99,-999,花蓮縣,21,新城鄉,136
24.0397,121.6013,新城,C0T840,2017-01-17T18:00:00+08:00,23.0,0.0,0.1,19.4,-0.99,1019.5,-99.0,0.0,-9.9,-99,-999,花蓮縣,21,新城鄉,136
24.0397,121.6013,新城,C0T840,2017-01-17T19:00:00+08:00,23.0,0.0,0.0,19.1,-0.99,1020.1,-99.0,0.0,-9.9,-99,-999,花蓮縣,21,新城鄉,136
24.0397,121.6013,新城,C0T840,2017-01-17T20:00:00+08:00,23.0,0.0,0.0,18.8,-0.99,1020.6,-99.0,0.0,-9.9,-99,-999,花蓮縣,21,新城鄉,136
24.0397,121.6013,新城,C0T840,2017-01-17T21:00:00+08:00,23.0,0.0,0.0,18.1,-0.99,1020.6,-99.0,0.0,-9.9,-99,-999,花蓮縣,21,新城鄉,136
24.0397,121.6013,新城,C0T840,2017-01-17T22:00:00+08:00,23.0,0.0,0.1,17.3,-0.99,1020.5,-99.0,0.0,-9.9,-99,-999,花蓮縣,21,新城鄉,136
24.0397,121.6013,新城,C0T840,2017-01-17T23:00:00+08:00,23.0,258.0,0.3,17.1,-0.99,1020.5,-99.0,0.0,-9.9,-99,-999,花蓮縣,21,新城鄉,136
24.0397,121.6013,新城,C0T840,2017-01-18T00:00:00+08:00,23.0,0.0,0.0,16.9,-0.99,1020.3,-99.0,0.0,-9.9,-99,-999,花蓮縣,21,新城鄉,136
24.0397,121.6013,新城,C0T840,2017-01-18T01:00:00+08:00,23.0,0.0,0.2,16.7,-0.99,1020.0,-99.0,0.0,-9.9,-99,-999,花蓮縣,21,新城鄉,136
24.0397,121.6013,新城,C0T840,2017-01-18T02:00:00+08:00,23.0,0.0,0.2,15.9,-0.99,1019.6,-99.0,0.0,-9.9,-99,-999,花蓮縣,21,新城鄉,136
24.0397,121.6013,新城,C0T840,2017-01-18T03:00:00+08:00,23.0,0.0,0.1,16.4,-0.99,1019.4,-99.0,0.0,-9.9,-99,-999,花蓮縣,21,新城鄉,136
24.0397,121.6013,新城,C0T840,2017-01-18T04:00:00+08:00,23.0,233.0,0.9,16.2,-0.99,1019.3,-99.0,0.0,-9.9,-99,-999,花蓮縣,21,新城鄉,136
24.0397,121.6013,新城,C0T840,2017-01-18T05:00:00+08:00,23.0,248.0,0.6,15.6,-0.99,1019.4,-99.0,0.0,-9.9,-99,-999,花蓮縣,21,新城鄉,136
24.0397,121.6013,新城,C0T840,2017-01-18T06:00:00+08:00,23.0,238.0,1.0,16.0,-0.99,1019.7,-99.0,0.0,-9.9,-99,-999,花蓮縣,21,新城鄉,136
24.0397,121.6013,新城,C0T840,2017-01-18T07:00:00+08:00,23.0,233.0,0.5,15.8,-0.99,1020.0,-99.0,0.0,-9.9,-99,-999,花蓮縣,21,新城鄉,136
24.0397,121.6013,新城,C0T840,2017-01-18T08:00:00+08:00,23.0,239.0,1.4,17.7,-0.99,1020.6,-99.0,0.0,-9.9,-99,-999,花蓮縣,21,新城鄉,136
24.0397,121.6013,新城,C0T840,2017-01-18T10:00:00+08:00,23.0,243.0,1.6,21.5,-0.99,1020.6,-99.0,0.0,-9.9,-99,-999,花蓮縣,21,新城鄉,136
24.0397,121.6013,新城,C0T840,2017-01-18T11:00:00+08:00,23.0,238.0,1.1,24.2,-0.99,1019.6,-99.0,0.0,-9.9,-99,-999,花蓮縣,21,新城鄉,136
24.0397,121.6013,新城,C0T840,2017-01-18T12:00:00+08:00,23.0,117.0,0.3,24.5,-0.99,1018.6,-99.0,0.0,-9.9,-99,-999,花蓮縣,21,新城鄉,136
24.0397,121.6013,新城,C0T840,2017-01-18T13:00:00+08:00,23.0,101.0,1.1,25.1,-0.99,1017.5,-99.0,0.0,-9.9,-99,-999,花蓮縣,21,新城鄉,136
24.0397,121.6013,新城,C0T840,2017-01-18T14:00:00+08:00,23.0,0.0,0.1,23.9,-0.99,1017.0,-99.0,0.0,-9.9,-99,-999,花蓮縣,21,新城鄉,136
24.0397,121.6013,新城,C0T840,2017-01-18T15:00:00+08:00,23.0,0.0,0.1,24.6,-0.99,1016.8,-99.0,0.0,-9.9,-99,-999,花蓮縣,21,新城鄉,136
24.0397,121.6013,新城,C0T840,2017-01-18T16:00:00+08:00,23.0,0.0,0.2,23.3,-0.99,1017.0,-99.0,0.0,-9.9,-99,-999,花蓮縣,21,新城鄉,136
24.0397,121.6013,新城,C0T840,2017-01-18T17:00:00+08:00,23.0,0.0,0.2,23.4,-0.99,1017.3,-99.0,0.0,-9.9,-99,-999,花蓮縣,21,新城鄉,136
24.0397,121.6013,新城,C0T840,2017-01-18T18:00:00+08:00,23.0,0.0,0.0,21.9,-0.99,1017.4,-99.0,0.0,-9.9,-99,-999,花蓮縣,21,新城鄉,136
24.0397,121.6013,新城,C0T840,2017-01-18T19:00:00+08:00,23.0,0.0,0.2,21.9,-0.99,1017.7,-99.0,0.0,-9.9,-99,-999,花蓮縣,21,新城鄉,136
24.0397,121.6013,新城,C0T840,2017-01-18T20:00:00+08:00,23.0,0.0,0.0,21.2,-0.99,1017.9,-99.0,0.0,-9.9,-99,-999,花蓮縣,21,新城鄉,136
24.0397,121.6013,新城,C0T840,2017-01-18T21:00:00+08:00,23.0,0.0,0.0,21.4,-0.99,1018.3,-99.0,0.0,-9.9,-99,-999,花蓮縣,21,新城鄉,136
24.0397,121.6013,新城,C0T840,2017-01-18T22:00:00+08:00,23.0,0.0,0.1,21.5,-0.99,1018.4,-99.0,0.0,-9.9,-99,-999,花蓮縣,21,新城鄉,136
24.0397,121.6013,新城,C0T840,2017-01-18T23:00:00+08:00,23.0,0.0,0.0,20.7,-0.99,1018.2,-99.0,0.0,-9.9,-99,-999,花蓮縣,21,新城鄉,136
24.0397,121.6013,新城,C0T840,2017-01-19T00:00:00+08:00,23.0,0.0,0.1,19.1,-0.99,1018.2,-99.0,0.0,-9.9,-99,-999,花蓮縣,21,新城鄉,136
24.0397,121.6013,新城,C0T840,2017-01-19T01:00:00+08:00,23.0,288.0,0.9,19.5,-0.99,1017.9,-99.0,0.0,-9.9,-99,-999,花蓮縣,21,新城鄉,136
24.0397,121.6013,新城,C0T840,2017-01-19T02:00:00+08:00,23.0,0.0,0.2,18.6,-0.99,1017.5,-99.0,0.0,-9.9,-99,-999,花蓮縣,21,新城鄉,136
24.0397,121.6013,新城,C0T840,2017-01-19T03:00:00+08:00,23.0,0.0,0.1,18.1,-0.99,1017.5,-99.0,0.0,-9.9,-99,-999,花蓮縣,21,新城鄉,136
24.0397,121.6013,新城,C0T840,2017-01-19T04:00:00+08:00,23.0,0.0,0.0,18.1,-0.99,1017.5,-99.0,0.0,-9.9,-99,-999,花蓮縣,21,新城鄉,136
24.0397,121.6013,新城,C0T840,2017-01-19T05:00:00+08:00,23.0,0.0,0.1,18.0,-0.99,1017.4,-99.0,0.0,-9.9,-99,-999,花蓮縣,21,新城鄉,136
24.0397,121.6013,新城,C0T840,2017-01-19T06:00:00+08:00,23.0,0.0,0.0,17.4,-0.99,1017.8,-99.0,0.0,-9.9,-99,-999,花蓮縣,21,新城鄉,136
24.0397,121.6013,新城,C0T840,2017-01-19T07:00:00+08:00,23.0,230.0,0.3,17.4,-0.99,1018.4,-99.0,0.0,-9.9,-99,-999,花蓮縣,21,新城鄉,136
24.0397,121.6013,新城,C0T840,2017-01-19T08:00:00+08:00,23.0,253.0,0.3,18.9,-0.99,1019.0,-99.0,0.0,-9.9,-99,-999,花蓮縣,21,新城鄉,136
24.0397,121.6013,新城,C0T840,2017-01-19T09:00:00+08:00,23.0,232.0,1.1,19.9,-0.99,1019.5,-99.0,0.0,-9.9,-99,-999,花蓮縣,21,新城鄉,136
24.0397,121.6013,新城,C0T840,2017-01-19T10:00:00+08:00,23.0,0.0,0.1,21.7,-0.99,1019.1,-99.0,0.0,-9.9,-99,-999,花蓮縣,21,新城鄉,136
24.0397,121.6013,新城,C0T840,2017-01-19T11:00:00+08:00,23.0,70.0,0.7,22.3,-0.99,1018.8,-99.0,0.0,-9.9,-99,-999,花蓮縣,21,新城鄉,136
24.0397,121.6013,新城,C0T840,2017-01-19T12:00:00+08:00,23.0,50.0,0.4,22.0,-0.99,1017.8,-99.0,0.0,-9.9,-99,-999,花蓮縣,21,新城鄉,136
24.0397,121.6013,新城,C0T840,2017-01-19T13:00:00+08:00,23.0,60.0,0.3,21.8,-0.99,1016.8,-99.0,0.0,-9.9,-99,-999,花蓮縣,21,新城鄉,136
24.0397,121.6013,新城,C0T840,2017-01-19T14:00:00+08:00,23.0,0.0,0.1,20.9,-0.99,1016.0,-99.0,0.0,-9.9,-99,-999,花蓮縣,21,新城鄉,136
24.0397,121.6013,新城,C0T840,2017-01-19T15:00:00+08:00,23.0,0.0,0.2,21.0,-0.99,1015.6,-99.0,0.0,-9.9,-99,-999,花蓮縣,21,新城鄉,136
24.0397,121.6013,新城,C0T840,2017-01-19T16:00:00+08:00,23.0,0.0,0.0,21.3,-0.99,1015.6,-99.0,0.0,-9.9,-99,-999,花蓮縣,21,新城鄉,136
24.0397,121.6013,新城,C0T840,2017-01-19T17:00:00+08:00,23.0,0.0,0.0,20.6,-0.99,1016.0,-99.0,0.0,-9.9,-99,-999,花蓮縣,21,新城鄉,136
24.0397,121.6013,新城,C0T840,2017-01-19T18:00:00+08:00,23.0,0.0,0.0,20.1,-0.99,1016.3,-99.0,0.0,-9.9,-99,-999,花蓮縣,21,新城鄉,136
24.0397,121.6013,新城,C0T840,2017-01-19T19:00:00+08:00,23.0,0.0,0.2,20.1,-0.99,1016.8,-99.0,0.0,-9.9,-99,-999,花蓮縣,21,新城鄉,136
24.0397,121.6013,新城,C0T840,2017-01-19T20:00:00+08:00,23.0,0.0,0.2,20.1,-0.99,1017.2,-99.0,0.0,-9.9,-99,-999,花蓮縣,21,新城鄉,136
24.0397,121.6013,新城,C0T840,2017-01-19T21:00:00+08:00,23.0,56.0,0.7,20.2,-0.99,1017.4,-99.0,0.0,-9.9,-99,-999,花蓮縣,21,新城鄉,136
24.0397,121.6013,新城,C0T840,2017-01-19T22:00:00+08:00,23.0,0.0,0.2,20.2,-0.99,1017.3,-99.0,0.0,-9.9,-99,-999,花蓮縣,21,新城鄉,136
24.0397,121.6013,新城,C0T840,2017-01-19T23:00:00+08:00,23.0,0.0,0.2,20.1,-0.99,1017.4,-99.0,0.0,-9.9,-99,-999,花蓮縣,21,新城鄉,136
24.0397,121.6013,新城,C0T840,2017-01-20T00:00:00+08:00,23.0,54.0,0.6,20.3,-0.99,1017.4,-99.0,0.0,-9.9,-99,-999,花蓮縣,21,新城鄉,136
24.0397,121.6013,新城,C0T840,2017-01-20T01:00:00+08:00,23.0,52.0,3.3,20.1,-0.99,1017.5,-99.0,0.0,-9.9,-99,-999,花蓮縣,21,新城鄉,136
24.0397,121.6013,新城,C0T840,2017-01-20T02:00:00+08:00,23.0,52.0,3.5,20.1,-0.99,1017.4,-99.0,0.0,-9.9,-99,-999,花蓮縣,21,新城鄉,136
24.0397,121.6013,新城,C0T840,2017-01-20T03:00:00+08:00,23.0,52.0,3.2,20.0,-0.99,1017.3,-99.0,0.0,-9.9,-99,-999,花蓮縣,21,新城鄉,136
24.0397,121.6013,新城,C0T840,2017-01-20T04:00:00+08:00,23.0,52.0,4.4,19.7,-0.99,1017.3,-99.0,0.0,-9.9,-99,-999,花蓮縣,21,新城鄉,136
24.0397,121.6013,新城,C0T840,2017-01-20T05:00:00+08:00,23.0,54.0,5.1,19.5,-0.99,1017.5,-99.0,0.0,-9.9,-99,-999,花蓮縣,21,新城鄉,136
24.0397,121.6013,新城,C0T840,2017-01-20T06:00:00+08:00,23.0,54.0,5.9,19.4,-0.99,1018.1,-99.0,0.0,-9.9,-99,-999,花蓮縣,21,新城鄉,136
24.0397,121.6013,新城,C0T840,2017-01-20T07:00:00+08:00,23.0,52.0,6.1,19.0,-0.99,1018.8,-99.0,0.0,-9.9,-99,-999,花蓮縣,21,新城鄉,136
24.0397,121.6013,新城,C0T840,2017-01-20T08:00:00+08:00,23.0,55.0,6.8,18.5,-0.99,1019.8,-99.0,0.0,-9.9,-99,-999,花蓮縣,21,新城鄉,136
24.0397,121.6013,新城,C0T840,2017-01-20T09:00:00+08:00,23.0,52.0,6.8,18.3,-0.99,1020.9,-99.0,0.0,-9.9,-99,-999,花蓮縣,21,新城鄉,136
24.0397,121.6013,新城,C0T840,2017-01-20T10:00:00+08:00,23.0,51.0,6.4,18.1,-0.99,1021.4,-99.0,0.0,-9.9,-99,-999,花蓮縣,21,新城鄉,136
24.0397,121.6013,新城,C0T840,2017-01-20T11:00:00+08:00,23.0,50.0,6.8,17.6,-0.99,1021.5,-99.0,0.0,-9.9,-99,-999,花蓮縣,21,新城鄉,136
24.0397,121.6013,新城,C0T840,2017-01-20T12:00:00+08:00,23.0,48.0,7.7,17.2,-0.99,1020.8,-99.0,0.0,-9.9,-99,-999,花蓮縣,21,新城鄉,136
24.0397,121.6013,新城,C0T840,2017-01-20T13:00:00+08:00,23.0,52.0,7.5,16.7,-0.99,1020.3,-99.0,0.0,-9.9,-99,-999,花蓮縣,21,新城鄉,136
24.0397,121.6013,新城,C0T840,2017-01-20T14:00:00+08:00,23.0,51.0,7.3,16.4,-0.99,1020.0,-99.0,0.0,-9.9,-99,-999,花蓮縣,21,新城鄉,136
24.0397,121.6013,新城,C0T840,2017-01-20T15:00:00+08:00,23.0,51.0,5.9,16.1,-0.99,1020.2,-99.0,0.0,-9.9,-99,-999,花蓮縣,21,新城鄉,136
24.0397,121.6013,新城,C0T840,2017-01-20T16:00:00+08:00,23.0,51.0,7.2,15.4,-0.99,1020.7,-99.0,0.0,-9.9,-99,-999,花蓮縣,21,新城鄉,136
24.0397,121.6013,新城,C0T840,2017-01-20T17:00:00+08:00,23.0,50.0,5.1,14.7,-0.99,1021.9,-99.0,0.0,-9.9,-99,-999,花蓮縣,21,新城鄉,136
24.0397,121.6013,新城,C0T840,2017-01-20T18:00:00+08:00,23.0,51.0,5.2,14.6,-0.99,1022.4,-99.0,0.0,-9.9,-99,-999,花蓮縣,21,新城鄉,136
24.0397,121.6013,新城,C0T840,2017-01-20T19:00:00+08:00,23.0,55.0,5.8,14.7,-0.99,1023.3,-99.0,0.0,-9.9,-99,-999,花蓮縣,21,新城鄉,136
24.0397,121.6013,新城,C0T840,2017-01-20T20:00:00+08:00,23.0,53.0,5.6,14.7,-0.99,1023.9,-99.0,0.0,-9.9,-99,-999,花蓮縣,21,新城鄉,136
24.0397,121.6013,新城,C0T840,2017-01-20T21:00:00+08:00,23.0,54.0,4.6,14.9,-0.99,1024.3,-99.0,0.0,-9.9,-99,-999,花蓮縣,21,新城鄉,136
24.0397,121.6013,新城,C0T840,2017-01-20T22:00:00+08:00,23.0,51.0,5.6,14.7,-0.99,1024.3,-99.0,0.0,-9.9,-99,-999,花蓮縣,21,新城鄉,136
24.0397,121.6013,新城,C0T840,2017-01-20T23:00:00+08:00,23.0,6.0,0.6,14.4,-0.99,1024.5,-99.0,0.0,-9.9,-99,-999,花蓮縣,21,新城鄉,136
24.0397,121.6013,新城,C0T840,2017-01-21T00:00:00+08:00,23.0,259.0,0.6,13.2,-0.99,1024.5,-99.0,0.0,-9.9,-99,-999,花蓮縣,21,新城鄉,136
24.0397,121.6013,新城,C0T840,2017-01-21T01:00:00+08:00,23.0,287.0,1.1,13.3,-0.99,1024.4,-99.0,0.0,-9.9,-99,-999,花蓮縣,21,新城鄉,136
24.0397,121.6013,新城,C0T840,2017-01-21T02:00:00+08:00,23.0,287.0,0.8,13.5,-0.99,1024.1,-99.0,0.0,-9.9,-99,-999,花蓮縣,21,新城鄉,136
24.0397,121.6013,新城,C0T840,2017-01-21T03:00:00+08:00,23.0,281.0,0.9,13.8,-0.99,1023.6,-99.0,0.0,-9.9,-99,-999,花蓮縣,21,新城鄉,136
24.0397,121.6013,新城,C0T840,2017-01-21T04:00:00+08:00,23.0,286.0,0.8,13.7,-0.99,1023.6,-99.0,0.0,-9.9,-99,-999,花蓮縣,21,新城鄉,136
24.0397,121.6013,新城,C0T840,2017-01-21T05:00:00+08:00,23.0,0.0,0.2,14.1,-0.99,1023.8,-99.0,0.0,-9.9,-99,-999,花蓮縣,21,新城鄉,136
24.0397,121.6013,新城,C0T840,2017-01-21T06:00:00+08:00,23.0,291.0,0.5,14.2,-0.99,1024.0,-99.0,0.0,-9.9,-99,-999,花蓮縣,21,新城鄉,136
24.0397,121.6013,新城,C0T840,2017-01-21T07:00:00+08:00,23.0,284.0,0.3,14.2,-0.99,1024.2,-99.0,0.0,-9.9,-99,-999,花蓮縣,21,新城鄉,136
24.0397,121.6013,新城,C0T840,2017-01-21T08:00:00+08:00,23.0,0.0,0.2,14.8,-0.99,1024.7,-99.0,0.0,-9.9,-99,-999,花蓮縣,21,新城鄉,136
24.0397,121.6013,新城,C0T840,2017-01-21T10:00:00+08:00,23.0,241.0,0.5,16.8,-0.99,1024.9,-99.0,0.0,-9.9,-99,-999,花蓮縣,21,新城鄉,136
24.0397,121.6013,新城,C0T840,2017-01-21T11:00:00+08:00,23.0,56.0,0.8,17.2,-0.99,1023.9,-99.0,0.0,-9.9,-99,-999,花蓮縣,21,新城鄉,136
24.0397,121.6013,新城,C0T840,2017-01-21T12:00:00+08:00,23.0,0.0,0.1,17.3,-0.99,1022.8,-99.0,0.0,-9.9,-99,-999,花蓮縣,21,新城鄉,136
24.0397,121.6013,新城,C0T840,2017-01-21T13:00:00+08:00,23.0,46.0,1.3,17.5,-0.99,1021.7,-99.0,0.0,-9.9,-99,-999,花蓮縣,21,新城鄉,136
24.0397,121.6013,新城,C0T840,2017-01-21T14:00:00+08:00,23.0,0.0,0.1,17.6,-0.99,1021.1,-99.0,0.0,-9.9,-99,-999,花蓮縣,21,新城鄉,136
24.0397,121.6013,新城,C0T840,2017-01-21T15:00:00+08:00,23.0,0.0,0.0,17.4,-0.99,1021.0,-99.0,0.0,-9.9,-99,-999,花蓮縣,21,新城鄉,136
24.0397,121.6013,新城,C0T840,2017-01-21T16:00:00+08:00,23.0,293.0,0.5,17.3,-0.99,1021.3,-99.0,0.0,-9.9,-99,-999,花蓮縣,21,新城鄉,136
24.0397,121.6013,新城,C0T840,2017-01-21T17:00:00+08:00,23.0,0.0,0.2,17.0,-0.99,1022.0,-99.0,0.0,-9.9,-99,-999,花蓮縣,21,新城鄉,136
24.0397,121.6013,新城,C0T840,2017-01-21T18:00:00+08:00,23.0,55.0,0.4,16.6,-0.99,1022.6,-99.0,0.0,-9.9,-99,-999,花蓮縣,21,新城鄉,136
24.0397,121.6013,新城,C0T840,2017-01-21T19:00:00+08:00,23.0,285.0,0.9,16.6,-0.99,1023.2,-99.0,0.0,-9.9,-99,-999,花蓮縣,21,新城鄉,136
24.0397,121.6013,新城,C0T840,2017-01-21T20:00:00+08:00,23.0,288.0,0.4,16.6,-0.99,1023.5,-99.0,0.0,-9.9,-99,-999,花蓮縣,21,新城鄉,136
24.0397,121.6013,新城,C0T840,2017-01-21T21:00:00+08:00,23.0,291.0,0.4,16.8,-0.99,1023.9,-99.0,0.0,-9.9,-99,-999,花蓮縣,21,新城鄉,136
24.0397,121.6013,新城,C0T840,2017-01-21T22:00:00+08:00,23.0,0.0,0.1,16.6,-0.99,1023.9,-99.0,0.0,-9.9,-99,-999,花蓮縣,21,新城鄉,136
24.0397,121.6013,新城,C0T840,2017-01-21T23:00:00+08:00,23.0,290.0,0.3,16.6,-0.99,1023.8,-99.0,0.0,-9.9,-99,-999,花蓮縣,21,新城鄉,136
24.0397,121.6013,新城,C0T840,2017-01-22T00:00:00+08:00,23.0,0.0,0.2,16.4,-0.99,1023.4,-99.0,0.0,-9.9,-99,-999,花蓮縣,21,新城鄉,136
24.0397,121.6013,新城,C0T840,2017-01-22T01:00:00+08:00,23.0,0.0,0.0,16.7,-0.99,1023.4,-99.0,0.0,-9.9,-99,-999,花蓮縣,21,新城鄉,136
24.0397,121.6013,新城,C0T840,2017-01-22T02:00:00+08:00,23.0,0.0,0.1,16.7,-0.99,1023.3,-99.0,0.0,-9.9,-99,-999,花蓮縣,21,新城鄉,136
24.0397,121.6013,新城,C0T840,2017-01-22T03:00:00+08:00,23.0,0.0,0.0,16.3,-0.99,1023.3,-99.0,0.0,-9.9,-99,-999,花蓮縣,21,新城鄉,136
24.0397,121.6013,新城,C0T840,2017-01-22T04:00:00+08:00,23.0,0.0,0.0,16.7,-0.99,1023.2,-99.0,0.0,-9.9,-99,-999,花蓮縣,21,新城鄉,136
24.0397,121.6013,新城,C0T840,2017-01-22T05:00:00+08:00,23.0,292.0,0.5,16.9,-0.99,1023.5,-99.0,0.0,-9.9,-99,-999,花蓮縣,21,新城鄉,136
24.0397,121.6013,新城,C0T840,2017-01-22T06:00:00+08:00,23.0,51.0,1.6,16.9,-0.99,1024.4,-99.0,0.0,-9.9,-99,-999,花蓮縣,21,新城鄉,136
24.0397,121.6013,新城,C0T840,2017-01-22T07:00:00+08:00,23.0,58.0,2.4,16.8,-0.99,1024.6,-99.0,0.0,-9.9,-99,-999,花蓮縣,21,新城鄉,136
24.0397,121.6013,新城,C0T840,2017-01-22T08:00:00+08:00,23.0,56.0,3.7,16.7,-0.99,1025.4,-99.0,0.0,-9.9,-99,-999,花蓮縣,21,新城鄉,136
24.0397,121.6013,新城,C0T840,2017-01-22T09:00:00+08:00,23.0,52.0,4.5,16.6,-0.99,1026.2,-99.0,0.0,-9.9,-99,-999,花蓮縣,21,新城鄉,136
24.0397,121.6013,新城,C0T840,2017-01-22T10:00:00+08:00,23.0,56.0,2.8,17.1,-0.99,1026.3,-99.0,0.0,-9.9,-99,-999,花蓮縣,21,新城鄉,136
24.0397,121.6013,新城,C0T840,2017-01-22T11:00:00+08:00,23.0,52.0,2.0,16.8,-0.99,1025.8,-99.0,0.0,-9.9,-99,-999,花蓮縣,21,新城鄉,136
24.0397,121.6013,新城,C0T840,2017-01-22T12:00:00+08:00,23.0,58.0,2.6,16.6,-0.99,1025.1,-99.0,0.0,-9.9,-99,-999,花蓮縣,21,新城鄉,136
24.0397,121.6013,新城,C0T840,2017-01-22T13:00:00+08:00,23.0,44.0,0.4,16.6,-0.99,1024.3,-99.0,0.0,-9.9,-99,-999,花蓮縣,21,新城鄉,136
24.0397,121.6013,新城,C0T840,2017-01-22T14:00:00+08:00,23.0,51.0,3.7,16.6,-0.99,1023.9,-99.0,0.0,-9.9,-99,-999,花蓮縣,21,新城鄉,136
24.0397,121.6013,新城,C0T840,2017-01-22T15:00:00+08:00,23.0,53.0,4.4,16.4,-0.99,1023.6,-99.0,0.0,-9.9,-99,-999,花蓮縣,21,新城鄉,136
24.0397,121.6013,新城,C0T840,2017-01-22T16:00:00+08:00,23.0,59.0,3.8,16.3,-0.99,1024.2,-99.0,0.0,-9.9,-99,-999,花蓮縣,21,新城鄉,136
24.0397,121.6013,新城,C0T840,2017-01-22T17:00:00+08:00,23.0,53.0,3.5,16.2,-0.99,1024.9,-99.0,0.0,-9.9,-99,-999,花蓮縣,21,新城鄉,136
24.0397,121.6013,新城,C0T840,2017-01-22T18:00:00+08:00,23.0,52.0,4.0,16.0,-0.99,1025.6,-99.0,0.0,-9.9,-99,-999,花蓮縣,21,新城鄉,136
24.0397,121.6013,新城,C0T840,2017-01-22T19:00:00+08:00,23.0,53.0,1.7,15.8,-0.99,1026.4,-99.0,0.0,-9.9,-99,-999,花蓮縣,21,新城鄉,136
24.0397,121.6013,新城,C0T840,2017-01-22T20:00:00+08:00,23.0,0.0,0.2,15.6,-0.99,1027.0,-99.0,0.0,-9.9,-99,-999,花蓮縣,21,新城鄉,136
24.0397,121.6013,新城,C0T840,2017-01-22T21:00:00+08:00,23.0,0.0,0.2,15.8,-0.99,1027.2,-99.0,0.0,-9.9,-99,-999,花蓮縣,21,新城鄉,136
24.0397,121.6013,新城,C0T840,2017-01-22T22:00:00+08:00,23.0,0.0,0.2,16.0,-0.99,1026.9,-99.0,0.0,-9.9,-99,-999,花蓮縣,21,新城鄉,136
24.0397,121.6013,新城,C0T840,2017-01-22T23:00:00+08:00,23.0,0.0,0.1,15.4,-0.99,1026.6,-99.0,0.0,-9.9,-99,-999,花蓮縣,21,新城鄉,136
24.0397,121.6013,新城,C0T840,2017-01-23T00:00:00+08:00,23.0,0.0,0.1,14.8,-0.99,1026.2,-99.0,0.0,-9.9,-99,-999,花蓮縣,21,新城鄉,136
24.0397,121.6013,新城,C0T840,2017-01-23T01:00:00+08:00,23.0,280.0,0.6,15.0,-0.99,1025.6,-99.0,0.0,-9.9,-99,-999,花蓮縣,21,新城鄉,136
24.0397,121.6013,新城,C0T840,2017-01-23T02:00:00+08:00,23.0,291.0,0.3,15.3,-0.99,1025.5,-99.0,0.0,-9.9,-99,-999,花蓮縣,21,新城鄉,136
24.0397,121.6013,新城,C0T840,2017-01-23T03:00:00+08:00,23.0,0.0,0.1,15.4,-0.99,1025.0,-99.0,0.0,-9.9,-99,-999,花蓮縣,21,新城鄉,136
24.0397,121.6013,新城,C0T840,2017-01-23T04:00:00+08:00,23.0,288.0,0.6,15.5,-0.99,1024.9,-99.0,0.0,-9.9,-99,-999,花蓮縣,21,新城鄉,136
24.0397,121.6013,新城,C0T840,2017-01-23T05:00:00+08:00,23.0,0.0,0.0,15.5,-0.99,1025.0,-99.0,0.0,-9.9,-99,-999,花蓮縣,21,新城鄉,136
24.0397,121.6013,新城,C0T840,2017-01-23T06:00:00+08:00,23.0,291.0,0.5,15.9,-0.99,1025.5,-99.0,0.0,-9.9,-99,-999,花蓮縣,21,新城鄉,136
24.0397,121.6013,新城,C0T840,2017-01-23T07:00:00+08:00,23.0,0.0,0.0,15.3,-0.99,1026.0,-99.0,0.0,-9.9,-99,-999,花蓮縣,21,新城鄉,136
24.0397,121.6013,新城,C0T840,2017-01-23T08:00:00+08:00,23.0,0.0,0.1,16.3,-0.99,1026.5,-99.0,0.0,-9.9,-99,-999,花蓮縣,21,新城鄉,136
24.0397,121.6013,新城,C0T840,2017-01-23T09:00:00+08:00,23.0,0.0,0.2,16.7,-0.99,1027.2,-99.0,0.0,-9.9,-99,-999,花蓮縣,21,新城鄉,136
24.0397,121.6013,新城,C0T840,2017-01-23T10:00:00+08:00,23.0,48.0,2.0,17.0,-0.99,1027.4,-99.0,0.0,-9.9,-99,-999,花蓮縣,21,新城鄉,136
24.0397,121.6013,新城,C0T840,2017-01-23T11:00:00+08:00,23.0,52.0,3.4,17.1,-0.99,1026.9,-99.0,0.0,-9.9,-99,-999,花蓮縣,21,新城鄉,136
24.0397,121.6013,新城,C0T840,2017-01-23T12:00:00+08:00,23.0,50.0,1.2,17.0,-0.99,1025.9,-99.0,0.0,-9.9,-99,-999,花蓮縣,21,新城鄉,136
24.0397,121.6013,新城,C0T840,2017-01-23T13:00:00+08:00,23.0,54.0,4.1,17.0,-0.99,1024.9,-99.0,0.0,-9.9,-99,-999,花蓮縣,21,新城鄉,136
24.0397,121.6013,新城,C0T840,2017-01-23T14:00:00+08:00,23.0,55.0,4.0,16.9,-0.99,1024.5,-99.0,0.0,-9.9,-99,-999,花蓮縣,21,新城鄉,136
24.0397,121.6013,新城,C0T840,2017-01-23T15:00:00+08:00,23.0,55.0,4.1,16.8,-0.99,1024.5,-99.0,0.0,-9.9,-99,-999,花蓮縣,21,新城鄉,136
24.0397,121.6013,新城,C0T840,2017-01-23T16:00:00+08:00,23.0,52.0,1.9,16.8,-0.99,1025.0,-99.0,0.0,-9.9,-99,-999,花蓮縣,21,新城鄉,136
24.0397,121.6013,新城,C0T840,2017-01-23T17:00:00+08:00,23.0,0.0,0.1,16.1,-0.99,1025.2,-99.0,0.0,-9.9,-99,-999,花蓮縣,21,新城鄉,136
24.0397,121.6013,新城,C0T840,2017-01-23T18:00:00+08:00,23.0,296.0,0.7,16.1,-0.99,1025.9,-99.0,0.0,-9.9,-99,-999,花蓮縣,21,新城鄉,136
24.0397,121.6013,新城,C0T840,2017-01-23T19:00:00+08:00,23.0,51.0,1.3,16.4,-0.99,1026.2,-99.0,0.0,-9.9,-99,-999,花蓮縣,21,新城鄉,136
24.0397,121.6013,新城,C0T840,2017-01-23T20:00:00+08:00,23.0,48.0,0.3,16.3,-0.99,1026.7,-99.0,0.0,-9.9,-99,-999,花蓮縣,21,新城鄉,136
24.0397,121.6013,新城,C0T840,2017-01-23T21:00:00+08:00,23.0,288.0,1.1,15.8,-0.99,1026.9,-99.0,0.0,-9.9,-99,-999,花蓮縣,21,新城鄉,136
24.0397,121.6013,新城,C0T840,2017-01-23T22:00:00+08:00,23.0,329.0,0.3,15.6,-0.99,1027.2,-99.0,0.0,-9.9,-99,-999,花蓮縣,21,新城鄉,136
24.0397,121.6013,新城,C0T840,2017-01-23T23:00:00+08:00,23.0,284.0,0.6,15.1,-0.99,1027.2,-99.0,0.0,-9.9,-99,-999,花蓮縣,21,新城鄉,136
24.0397,121.6013,新城,C0T840,2017-01-24T00:00:00+08:00,23.0,0.0,0.1,15.3,-0.99,1026.8,-99.0,0.0,-9.9,-99,-999,花蓮縣,21,新城鄉,136
24.0397,121.6013,新城,C0T840,2017-01-24T01:00:00+08:00,23.0,291.0,0.5,15.4,-0.99,1026.5,-99.0,0.0,-9.9,-99,-999,花蓮縣,21,新城鄉,136
24.0397,121.6013,新城,C0T840,2017-01-24T02:00:00+08:00,23.0,54.0,2.8,15.4,-0.99,1026.1,-99.0,0.0,-9.9,-99,-999,花蓮縣,21,新城鄉,136
24.0397,121.6013,新城,C0T840,2017-01-24T03:00:00+08:00,23.0,0.0,0.1,14.7,-0.99,1025.7,-99.0,0.0,-9.9,-99,-999,花蓮縣,21,新城鄉,136
24.0397,121.6013,新城,C0T840,2017-01-24T04:00:00+08:00,23.0,0.0,0.2,14.6,-0.99,1025.0,-99.0,0.0,-9.9,-99,-999,花蓮縣,21,新城鄉,136
24.0397,121.6013,新城,C0T840,2017-01-24T05:00:00+08:00,23.0,0.0,0.1,15.0,-0.99,1025.1,-99.0,0.0,-9.9,-99,-999,花蓮縣,21,新城鄉,136
24.0397,121.6013,新城,C0T840,2017-01-24T06:00:00+08:00,23.0,0.0,0.1,14.7,-0.99,1025.6,-99.0,0.0,-9.9,-99,-999,花蓮縣,21,新城鄉,136
24.0397,121.6013,新城,C0T840,2017-01-24T07:00:00+08:00,23.0,0.0,0.0,14.7,-0.99,1025.7,-99.0,0.0,-9.9,-99,-999,花蓮縣,21,新城鄉,136
24.0397,121.6013,新城,C0T840,2017-01-24T08:00:00+08:00,23.0,0.0,0.1,15.0,-0.99,1026.4,-99.0,0.0,-9.9,-99,-999,花蓮縣,21,新城鄉,136
24.0397,121.6013,新城,C0T840,2017-01-24T10:00:00+08:00,23.0,84.0,0.7,16.9,-0.99,1026.8,-99.0,0.0,-9.9,-99,-999,花蓮縣,21,新城鄉,136
24.0397,121.6013,新城,C0T840,2017-01-24T11:00:00+08:00,23.0,281.0,0.8,16.4,-0.99,1026.3,-99.0,0.0,-9.9,-99,-999,花蓮縣,21,新城鄉,136
24.0397,121.6013,新城,C0T840,2017-01-24T12:00:00+08:00,23.0,244.0,0.7,15.4,-0.99,1025.4,-99.0,3.5,-9.9,-99,-999,花蓮縣,21,新城鄉,136
24.0397,121.6013,新城,C0T840,2017-01-24T13:00:00+08:00,23.0,0.0,0.1,16.9,-0.99,1024.1,-99.0,3.5,-9.9,-99,-999,花蓮縣,21,新城鄉,136
24.0397,121.6013,新城,C0T840,2017-01-24T14:00:00+08:00,23.0,57.0,2.1,18.6,-0.99,1023.7,-99.0,3.5,-9.9,-99,-999,花蓮縣,21,新城鄉,136
24.0397,121.6013,新城,C0T840,2017-01-24T15:00:00+08:00,23.0,53.0,3.0,18.1,-0.99,1023.7,-99.0,3.5,-9.9,-99,-999,花蓮縣,21,新城鄉,136
24.0397,121.6013,新城,C0T840,2017-01-24T16:00:00+08:00,23.0,54.0,1.5,17.6,-0.99,1024.0,-99.0,3.5,-9.9,-99,-999,花蓮縣,21,新城鄉,136
24.0397,121.6013,新城,C0T840,2017-01-24T17:00:00+08:00,23.0,295.0,0.7,17.2,-0.99,1024.4,-99.0,3.5,-9.9,-99,-999,花蓮縣,21,新城鄉,136
24.0397,121.6013,新城,C0T840,2017-01-24T18:00:00+08:00,23.0,292.0,0.5,17.3,-0.99,1024.8,-99.0,3.5,-9.9,-99,-999,花蓮縣,21,新城鄉,136
24.0397,121.6013,新城,C0T840,2017-01-24T19:00:00+08:00,23.0,293.0,0.4,17.2,-0.99,1025.2,-99.0,3.5,-9.9,-99,-999,花蓮縣,21,新城鄉,136
24.0397,121.6013,新城,C0T840,2017-01-24T20:00:00+08:00,23.0,290.0,0.4,17.2,-0.99,1025.6,-99.0,3.5,-9.9,-99,-999,花蓮縣,21,新城鄉,136
24.0397,121.6013,新城,C0T840,2017-01-24T21:00:00+08:00,23.0,289.0,0.3,17.0,-0.99,1025.9,-99.0,3.5,-9.9,-99,-999,花蓮縣,21,新城鄉,136
24.0397,121.6013,新城,C0T840,2017-01-24T22:00:00+08:00,23.0,0.0,0.1,17.1,-0.99,1026.1,-99.0,3.5,-9.9,-99,-999,花蓮縣,21,新城鄉,136
24.0397,121.6013,新城,C0T840,2017-01-24T23:00:00+08:00,23.0,43.0,0.3,17.1,-0.99,1026.1,-99.0,3.5,-9.9,-99,-999,花蓮縣,21,新城鄉,136
24.0397,121.6013,新城,C0T840,2017-01-25T00:00:00+08:00,23.0,0.0,0.1,16.9,-0.99,1025.9,-99.0,3.5,-9.9,-99,-999,花蓮縣,21,新城鄉,136
24.0397,121.6013,新城,C0T840,2017-01-25T01:00:00+08:00,23.0,0.0,0.2,16.3,-0.99,1025.3,-99.0,0.0,-9.9,-99,-999,花蓮縣,21,新城鄉,136
24.0397,121.6013,新城,C0T840,2017-01-25T02:00:00+08:00,23.0,250.0,0.9,16.7,-0.99,1024.6,-99.0,0.0,-9.9,-99,-999,花蓮縣,21,新城鄉,136
24.0397,121.6013,新城,C0T840,2017-01-25T03:00:00+08:00,23.0,0.0,0.0,16.1,-0.99,1024.3,-99.0,0.0,-9.9,-99,-999,花蓮縣,21,新城鄉,136
24.0397,121.6013,新城,C0T840,2017-01-25T04:00:00+08:00,23.0,0.0,0.1,15.7,-0.99,1023.8,-99.0,0.0,-9.9,-99,-999,花蓮縣,21,新城鄉,136
24.0397,121.6013,新城,C0T840,2017-01-25T05:00:00+08:00,23.0,0.0,0.2,15.5,-0.99,1023.8,-99.0,0.0,-9.9,-99,-999,花蓮縣,21,新城鄉,136
24.0397,121.6013,新城,C0T840,2017-01-25T06:00:00+08:00,23.0,255.0,0.5,15.6,-0.99,1024.2,-99.0,0.0,-9.9,-99,-999,花蓮縣,21,新城鄉,136
24.0397,121.6013,新城,C0T840,2017-01-25T07:00:00+08:00,23.0,0.0,0.2,15.9,-0.99,1024.4,-99.0,0.0,-9.9,-99,-999,花蓮縣,21,新城鄉,136
24.0397,121.6013,新城,C0T840,2017-01-25T08:00:00+08:00,23.0,0.0,0.0,16.3,-0.99,1024.5,-99.0,0.0,-9.9,-99,-999,花蓮縣,21,新城鄉,136
24.0397,121.6013,新城,C0T840,2017-01-25T09:00:00+08:00,23.0,0.0,0.1,17.3,-0.99,1025.0,-99.0,0.0,-9.9,-99,-999,花蓮縣,21,新城鄉,136
24.0397,121.6013,新城,C0T840,2017-01-25T10:00:00+08:00,23.0,246.0,0.3,18.4,-0.99,1024.7,-99.0,0.0,-9.9,-99,-999,花蓮縣,21,新城鄉,136
24.0397,121.6013,新城,C0T840,2017-01-25T11:00:00+08:00,23.0,285.0,0.5,18.7,-0.99,1024.2,-99.0,0.0,-9.9,-99,-999,花蓮縣,21,新城鄉,136
24.0397,121.6013,新城,C0T840,2017-01-25T12:00:00+08:00,23.0,50.0,1.3,19.4,-0.99,1023.1,-99.0,0.0,-9.9,-99,-999,花蓮縣,21,新城鄉,136
24.0397,121.6013,新城,C0T840,2017-01-25T13:00:00+08:00,23.0,344.0,0.3,19.7,-0.99,1022.2,-99.0,0.0,-9.9,-99,-999,花蓮縣,21,新城鄉,136
24.0397,121.6013,新城,C0T840,2017-01-25T14:00:00+08:00,23.0,49.0,1.5,19.5,-0.99,1021.6,-99.0,0.0,-9.9,-99,-999,花蓮縣,21,新城鄉,136
24.0397,121.6013,新城,C0T840,2017-01-25T15:00:00+08:00,23.0,52.0,2.1,19.3,-0.99,1021.3,-99.0,0.0,-9.9,-99,-999,花蓮縣,21,新城鄉,136
24.0397,121.6013,新城,C0T840,2017-01-25T16:00:00+08:00,23.0,49.0,1.9,19.1,-0.99,1021.3,-99.0,0.0,-9.9,-99,-999,花蓮縣,21,新城鄉,136
24.0397,121.6013,新城,C0T840,2017-01-25T17:00:00+08:00,23.0,261.0,0.4,19.1,-0.99,1021.4,-99.0,0.0,-9.9,-99,-999,花蓮縣,21,新城鄉,136
24.0397,121.6013,新城,C0T840,2017-01-25T18:00:00+08:00,23.0,63.0,0.5,18.9,-0.99,1021.8,-99.0,0.0,-9.9,-99,-999,花蓮縣,21,新城鄉,136
24.0397,121.6013,新城,C0T840,2017-01-25T19:00:00+08:00,23.0,260.0,1.0,18.1,-0.99,1022.0,-99.0,0.0,-9.9,-99,-999,花蓮縣,21,新城鄉,136
24.0397,121.6013,新城,C0T840,2017-01-25T20:00:00+08:00,23.0,253.0,0.3,16.6,-0.99,1022.6,-99.0,0.0,-9.9,-99,-999,花蓮縣,21,新城鄉,136
24.0397,121.6013,新城,C0T840,2017-01-25T21:00:00+08:00,23.0,55.0,1.1,18.4,-0.99,1022.7,-99.0,0.0,-9.9,-99,-999,花蓮縣,21,新城鄉,136
24.0397,121.6013,新城,C0T840,2017-01-25T22:00:00+08:00,23.0,0.0,0.2,17.7,-0.99,1023.0,-99.0,0.0,-9.9,-99,-999,花蓮縣,21,新城鄉,136
24.0397,121.6013,新城,C0T840,2017-01-25T23:00:00+08:00,23.0,283.0,0.3,17.2,-0.99,1023.1,-99.0,0.0,-9.9,-99,-999,花蓮縣,21,新城鄉,136
24.0397,121.6013,新城,C0T840,2017-01-26T00:00:00+08:00,23.0,0.0,0.1,16.7,-0.99,1022.9,-99.0,0.0,-9.9,-99,-999,花蓮縣,21,新城鄉,136
24.0397,121.6013,新城,C0T840,2017-01-26T01:00:00+08:00,23.0,53.0,1.8,17.8,-0.99,1022.7,-99.0,0.0,-9.9,-99,-999,花蓮縣,21,新城鄉,136
24.0397,121.6013,新城,C0T840,2017-01-26T02:00:00+08:00,23.0,51.0,2.0,17.8,-0.99,1022.6,-99.0,0.0,-9.9,-99,-999,花蓮縣,21,新城鄉,136
24.0397,121.6013,新城,C0T840,2017-01-26T03:00:00+08:00,23.0,66.0,0.3,16.6,-0.99,1022.1,-99.0,0.0,-9.9,-99,-999,花蓮縣,21,新城鄉,136
24.0397,121.6013,新城,C0T840,2017-01-26T04:00:00+08:00,23.0,0.0,0.2,17.4,-0.99,1022.2,-99.0,0.0,-9.9,-99,-999,花蓮縣,21,新城鄉,136
24.0397,121.6013,新城,C0T840,2017-01-26T05:00:00+08:00,23.0,58.0,1.5,17.4,-0.99,1022.4,-99.0,0.0,-9.9,-99,-999,花蓮縣,21,新城鄉,136
24.0397,121.6013,新城,C0T840,2017-01-26T06:00:00+08:00,23.0,56.0,3.7,17.6,-0.99,1023.2,-99.0,0.0,-9.9,-99,-999,花蓮縣,21,新城鄉,136
24.0397,121.6013,新城,C0T840,2017-01-26T07:00:00+08:00,23.0,49.0,0.5,17.4,-0.99,1023.5,-99.0,0.0,-9.9,-99,-999,花蓮縣,21,新城鄉,136
24.0397,121.6013,新城,C0T840,2017-01-26T08:00:00+08:00,23.0,53.0,2.5,18.3,-0.99,1024.0,-99.0,0.0,-9.9,-99,-999,花蓮縣,21,新城鄉,136
24.0397,121.6013,新城,C0T840,2017-01-26T10:00:00+08:00,23.0,55.0,5.3,19.7,-0.99,1024.3,-99.0,0.0,-9.9,-99,-999,花蓮縣,21,新城鄉,136
24.0397,121.6013,新城,C0T840,2017-01-26T11:00:00+08:00,23.0,53.0,4.3,19.3,-0.99,1023.9,-99.0,0.0,-9.9,-99,-999,花蓮縣,21,新城鄉,136
24.0397,121.6013,新城,C0T840,2017-01-26T12:00:00+08:00,23.0,51.0,4.8,18.5,-0.99,1023.1,-99.0,0.0,-9.9,-99,-999,花蓮縣,21,新城鄉,136
24.0397,121.6013,新城,C0T840,2017-01-26T13:00:00+08:00,23.0,52.0,4.7,18.1,-0.99,1022.3,-99.0,0.0,-9.9,-99,-999,花蓮縣,21,新城鄉,136
24.0397,121.6013,新城,C0T840,2017-01-26T14:00:00+08:00,23.0,55.0,4.3,18.1,-0.99,1021.5,-99.0,0.0,-9.9,-99,-999,花蓮縣,21,新城鄉,136
24.0397,121.6013,新城,C0T840,2017-01-26T15:00:00+08:00,23.0,0.0,0.2,18.4,-0.99,1021.0,-99.0,0.0,-9.9,-99,-999,花蓮縣,21,新城鄉,136
24.0397,121.6013,新城,C0T840,2017-01-26T16:00:00+08:00,23.0,0.0,0.1,18.7,-0.99,1020.9,-99.0,0.0,-9.9,-99,-999,花蓮縣,21,新城鄉,136
24.0397,121.6013,新城,C0T840,2017-01-26T17:00:00+08:00,23.0,0.0,0.0,18.3,-0.99,1021.3,-99.0,0.0,-9.9,-99,-999,花蓮縣,21,新城鄉,136
24.0397,121.6013,新城,C0T840,2017-01-26T18:00:00+08:00,23.0,291.0,0.9,17.2,-0.99,1021.6,-99.0,0.0,-9.9,-99,-999,花蓮縣,21,新城鄉,136
24.0397,121.6013,新城,C0T840,2017-01-26T19:00:00+08:00,23.0,291.0,0.9,16.6,-0.99,1021.7,-99.0,0.0,-9.9,-99,-999,花蓮縣,21,新城鄉,136
24.0397,121.6013,新城,C0T840,2017-01-26T20:00:00+08:00,23.0,0.0,0.2,15.1,-0.99,1022.1,-99.0,0.0,-9.9,-99,-999,花蓮縣,21,新城鄉,136
24.0397,121.6013,新城,C0T840,2017-01-26T21:00:00+08:00,23.0,0.0,0.0,13.5,-0.99,1022.3,-99.0,0.0,-9.9,-99,-999,花蓮縣,21,新城鄉,136
24.0397,121.6013,新城,C0T840,2017-01-26T22:00:00+08:00,23.0,0.0,0.2,13.6,-0.99,1022.3,-99.0,0.0,-9.9,-99,-999,花蓮縣,21,新城鄉,136
24.0397,121.6013,新城,C0T840,2017-01-26T23:00:00+08:00,23.0,0.0,0.0,12.8,-0.99,1022.1,-99.0,0.0,-9.9,-99,-999,花蓮縣,21,新城鄉,136
24.0397,121.6013,新城,C0T840,2017-01-27T00:00:00+08:00,23.0,0.0,0.0,12.4,-0.99,1021.9,-99.0,0.0,-9.9,-99,-999,花蓮縣,21,新城鄉,136
24.0397,121.6013,新城,C0T840,2017-01-27T01:00:00+08:00,23.0,0.0,0.2,12.7,-0.99,1021.7,-99.0,0.0,-9.9,-99,-999,花蓮縣,21,新城鄉,136
24.0397,121.6013,新城,C0T840,2017-01-27T02:00:00+08:00,23.0,276.0,0.5,12.0,-0.99,1021.1,-99.0,0.0,-9.9,-99,-999,花蓮縣,21,新城鄉,136
24.0397,121.6013,新城,C0T840,2017-01-27T03:00:00+08:00,23.0,0.0,0.0,11.0,-0.99,1020.8,-99.0,0.0,-9.9,-99,-999,花蓮縣,21,新城鄉,136
24.0397,121.6013,新城,C0T840,2017-01-27T04:00:00+08:00,23.0,237.0,1.1,13.3,-0.99,1020.8,-99.0,0.0,-9.9,-99,-999,花蓮縣,21,新城鄉,136
24.0397,121.6013,新城,C0T840,2017-01-27T05:00:00+08:00,23.0,240.0,0.3,11.6,-0.99,1021.1,-99.0,0.0,-9.9,-99,-999,花蓮縣,21,新城鄉,136
24.0397,121.6013,新城,C0T840,2017-01-27T06:00:00+08:00,23.0,0.0,0.0,11.3,-0.99,1021.6,-99.0,0.0,-9.9,-99,-999,花蓮縣,21,新城鄉,136
24.0397,121.6013,新城,C0T840,2017-01-27T07:00:00+08:00,23.0,0.0,0.1,10.7,-0.99,1021.8,-99.0,0.0,-9.9,-99,-999,花蓮縣,21,新城鄉,136
24.0397,121.6013,新城,C0T840,2017-01-27T08:00:00+08:00,23.0,224.0,0.3,15.3,-0.99,1022.4,-99.0,0.0,-9.9,-99,-999,花蓮縣,21,新城鄉,136
24.0397,121.6013,新城,C0T840,2017-01-27T09:00:00+08:00,23.0,245.0,0.8,17.9,-0.99,1022.4,-99.0,0.0,-9.9,-99,-999,花蓮縣,21,新城鄉,136
24.0397,121.6013,新城,C0T840,2017-01-27T10:00:00+08:00,23.0,0.0,0.1,20.0,-0.99,1022.4,-99.0,0.0,-9.9,-99,-999,花蓮縣,21,新城鄉,136
24.0397,121.6013,新城,C0T840,2017-01-27T11:00:00+08:00,23.0,67.0,2.3,21.6,-0.99,1021.4,-99.0,0.0,-9.9,-99,-999,花蓮縣,21,新城鄉,136
24.0397,121.6013,新城,C0T840,2017-01-27T12:00:00+08:00,23.0,78.0,2.1,22.2,-0.99,1020.5,-99.0,0.0,-9.9,-99,-999,花蓮縣,21,新城鄉,136
24.0397,121.6013,新城,C0T840,2017-01-27T13:00:00+08:00,23.0,62.0,2.5,22.6,-0.99,1019.4,-99.0,0.0,-9.9,-99,-999,花蓮縣,21,新城鄉,136
24.0397,121.6013,新城,C0T840,2017-01-27T14:00:00+08:00,23.0,57.0,1.9,23.6,-0.99,1019.1,-99.0,0.0,-9.9,-99,-999,花蓮縣,21,新城鄉,136
24.0397,121.6013,新城,C0T840,2017-01-27T15:00:00+08:00,23.0,53.0,2.2,22.3,-0.99,1018.7,-99.0,0.0,-9.9,-99,-999,花蓮縣,21,新城鄉,136
24.0397,121.6013,新城,C0T840,2017-01-27T16:00:00+08:00,23.0,0.0,0.2,21.4,-0.99,1019.0,-99.0,0.0,-9.9,-99,-999,花蓮縣,21,新城鄉,136
24.0397,121.6013,新城,C0T840,2017-01-27T17:00:00+08:00,23.0,0.0,0.0,20.3,-0.99,1019.3,-99.0,0.0,-9.9,-99,-999,花蓮縣,21,新城鄉,136
24.0397,121.6013,新城,C0T840,2017-01-27T18:00:00+08:00,23.0,289.0,0.4,18.4,-0.99,1019.9,-99.0,0.0,-9.9,-99,-999,花蓮縣,21,新城鄉,136
24.0397,121.6013,新城,C0T840,2017-01-27T19:00:00+08:00,23.0,290.0,0.3,18.9,-0.99,1020.2,-99.0,0.0,-9.9,-99,-999,花蓮縣,21,新城鄉,136
24.0397,121.6013,新城,C0T840,2017-01-27T20:00:00+08:00,23.0,0.0,0.0,17.3,-0.99,1020.6,-99.0,0.0,-9.9,-99,-999,花蓮縣,21,新城鄉,136
24.0397,121.6013,新城,C0T840,2017-01-27T21:00:00+08:00,23.0,0.0,0.2,17.9,-0.99,1020.8,-99.0,0.0,-9.9,-99,-999,花蓮縣,21,新城鄉,136
24.0397,121.6013,新城,C0T840,2017-01-27T22:00:00+08:00,23.0,90.0,0.5,17.8,-0.99,1020.8,-99.0,0.0,-9.9,-99,-999,花蓮縣,21,新城鄉,136
24.0397,121.6013,新城,C0T840,2017-01-27T23:00:00+08:00,23.0,0.0,0.0,17.5,-0.99,1020.4,-99.0,0.5,-9.9,-99,-999,花蓮縣,21,新城鄉,136
24.0397,121.6013,新城,C0T840,2017-01-28T00:00:00+08:00,23.0,261.0,0.7,17.7,-0.99,1019.9,-99.0,0.5,-9.9,-99,-999,花蓮縣,21,新城鄉,136
24.0397,121.6013,新城,C0T840,2017-01-28T01:00:00+08:00,23.0,261.0,0.6,17.3,-0.99,1019.5,-99.0,0.0,-9.9,-99,-999,花蓮縣,21,新城鄉,136
24.0397,121.6013,新城,C0T840,2017-01-28T02:00:00+08:00,23.0,250.0,0.5,17.5,-0.99,1018.7,-99.0,0.0,-9.9,-99,-999,花蓮縣,21,新城鄉,136
24.0397,121.6013,新城,C0T840,2017-01-28T03:00:00+08:00,23.0,241.0,0.6,17.1,-0.99,1017.9,-99.0,0.0,-9.9,-99,-999,花蓮縣,21,新城鄉,136
24.0397,121.6013,新城,C0T840,2017-01-28T04:00:00+08:00,23.0,0.0,0.2,15.8,-0.99,1017.5,-99.0,0.0,-9.9,-99,-999,花蓮縣,21,新城鄉,136
24.0397,121.6013,新城,C0T840,2017-01-28T05:00:00+08:00,23.0,240.0,0.4,15.1,-0.99,1018.0,-99.0,0.0,-9.9,-99,-999,花蓮縣,21,新城鄉,136
24.0397,121.6013,新城,C0T840,2017-01-28T06:00:00+08:00,23.0,232.0,0.9,15.6,-0.99,1018.5,-99.0,0.0,-9.9,-99,-999,花蓮縣,21,新城鄉,136
24.0397,121.6013,新城,C0T840,2017-01-28T07:00:00+08:00,23.0,245.0,1.4,15.5,-0.99,1018.7,-99.0,0.0,-9.9,-99,-999,花蓮縣,21,新城鄉,136
24.0397,121.6013,新城,C0T840,2017-01-28T08:00:00+08:00,23.0,250.0,0.7,17.1,-0.99,1019.0,-99.0,0.0,-9.9,-99,-999,花蓮縣,21,新城鄉,136
24.0397,121.6013,新城,C0T840,2017-01-28T09:00:00+08:00,23.0,235.0,0.7,20.0,-0.99,1019.3,-99.0,0.0,-9.9,-99,-999,花蓮縣,21,新城鄉,136
24.0397,121.6013,新城,C0T840,2017-01-28T10:00:00+08:00,23.0,228.0,0.6,21.5,-0.99,1019.3,-99.0,0.0,-9.9,-99,-999,花蓮縣,21,新城鄉,136
24.0397,121.6013,新城,C0T840,2017-01-28T11:00:00+08:00,23.0,0.0,0.2,23.2,-0.99,1018.5,-99.0,0.0,-9.9,-99,-999,花蓮縣,21,新城鄉,136
24.0397,121.6013,新城,C0T840,2017-01-28T12:00:00+08:00,23.0,104.0,1.1,23.7,-0.99,1017.3,-99.0,0.0,-9.9,-99,-999,花蓮縣,21,新城鄉,136
24.0397,121.6013,新城,C0T840,2017-01-28T13:00:00+08:00,23.0,103.0,0.9,22.7,-0.99,1016.4,-99.0,0.0,-9.9,-99,-999,花蓮縣,21,新城鄉,136
24.0397,121.6013,新城,C0T840,2017-01-28T14:00:00+08:00,23.0,98.0,0.5,22.6,-0.99,1015.8,-99.0,0.0,-9.9,-99,-999,花蓮縣,21,新城鄉,136
24.0397,121.6013,新城,C0T840,2017-01-28T15:00:00+08:00,23.0,0.0,0.1,20.8,-0.99,1015.6,-99.0,0.0,-9.9,-99,-999,花蓮縣,21,新城鄉,136
24.0397,121.6013,新城,C0T840,2017-01-28T16:00:00+08:00,23.0,284.0,1.2,21.1,-0.99,1015.8,-99.0,0.0,-9.9,-99,-999,花蓮縣,21,新城鄉,136
24.0397,121.6013,新城,C0T840,2017-01-28T17:00:00+08:00,23.0,251.0,2.1,21.4,-0.99,1016.3,-99.0,0.0,-9.9,-99,-999,花蓮縣,21,新城鄉,136
24.0397,121.6013,新城,C0T840,2017-01-28T18:00:00+08:00,23.0,249.0,1.9,21.7,-0.99,1016.7,-99.0,0.0,-9.9,-99,-999,花蓮縣,21,新城鄉,136
24.0397,121.6013,新城,C0T840,2017-01-28T19:00:00+08:00,23.0,0.0,0.0,20.7,-0.99,1017.0,-99.0,0.0,-9.9,-99,-999,花蓮縣,21,新城鄉,136
24.0397,121.6013,新城,C0T840,2017-01-28T20:00:00+08:00,23.0,236.0,0.6,20.7,-0.99,1017.6,-99.0,0.0,-9.9,-99,-999,花蓮縣,21,新城鄉,136
24.0397,121.6013,新城,C0T840,2017-01-28T21:00:00+08:00,23.0,241.0,0.9,20.1,-0.99,1017.6,-99.0,0.0,-9.9,-99,-999,花蓮縣,21,新城鄉,136
24.0397,121.6013,新城,C0T840,2017-01-28T22:00:00+08:00,23.0,244.0,1.5,20.1,-0.99,1017.7,-99.0,0.0,-9.9,-99,-999,花蓮縣,21,新城鄉,136
24.0397,121.6013,新城,C0T840,2017-01-28T23:00:00+08:00,23.0,0.0,0.2,20.6,-0.99,1017.2,-99.0,0.0,-9.9,-99,-999,花蓮縣,21,新城鄉,136
24.0397,121.6013,新城,C0T840,2017-01-29T00:00:00+08:00,23.0,0.0,0.1,20.1,-0.99,1016.9,-99.0,0.0,-9.9,-99,-999,花蓮縣,21,新城鄉,136
24.0397,121.6013,新城,C0T840,2017-01-29T01:00:00+08:00,23.0,254.0,0.6,19.6,-0.99,1016.4,-99.0,0.0,-9.9,-99,-999,花蓮縣,21,新城鄉,136
24.0397,121.6013,新城,C0T840,2017-01-29T02:00:00+08:00,23.0,237.0,0.3,19.6,-0.99,1015.9,-99.0,0.0,-9.9,-99,-999,花蓮縣,21,新城鄉,136
24.0397,121.6013,新城,C0T840,2017-01-29T03:00:00+08:00,23.0,238.0,0.5,19.8,-0.99,1015.6,-99.0,0.0,-9.9,-99,-999,花蓮縣,21,新城鄉,136
24.0397,121.6013,新城,C0T840,2017-01-29T04:00:00+08:00,23.0,243.0,0.7,19.6,-0.99,1015.6,-99.0,0.0,-9.9,-99,-999,花蓮縣,21,新城鄉,136
24.0397,121.6013,新城,C0T840,2017-01-29T05:00:00+08:00,23.0,0.0,0.0,18.7,-0.99,1016.1,-99.0,0.0,-9.9,-99,-999,花蓮縣,21,新城鄉,136
24.0397,121.6013,新城,C0T840,2017-01-29T06:00:00+08:00,23.0,0.0,0.2,18.8,-0.99,1016.5,-99.0,0.0,-9.9,-99,-999,花蓮縣,21,新城鄉,136
24.0397,121.6013,新城,C0T840,2017-01-29T07:00:00+08:00,23.0,246.0,0.9,18.8,-0.99,1017.0,-99.0,0.0,-9.9,-99,-999,花蓮縣,21,新城鄉,136
24.0397,121.6013,新城,C0T840,2017-01-29T08:00:00+08:00,23.0,0.0,0.2,19.8,-0.99,1017.6,-99.0,0.0,-9.9,-99,-999,花蓮縣,21,新城鄉,136
24.0397,121.6013,新城,C0T840,2017-01-29T09:00:00+08:00,23.0,240.0,1.0,20.9,-0.99,1018.0,-99.0,0.0,-9.9,-99,-999,花蓮縣,21,新城鄉,136
24.0397,121.6013,新城,C0T840,2017-01-29T10:00:00+08:00,23.0,237.0,0.5,23.5,-0.99,1018.1,-99.0,0.0,-9.9,-99,-999,花蓮縣,21,新城鄉,136
24.0397,121.6013,新城,C0T840,2017-01-29T11:00:00+08:00,23.0,224.0,0.3,24.0,-0.99,1017.7,-99.0,0.0,-9.9,-99,-999,花蓮縣,21,新城鄉,136
24.0397,121.6013,新城,C0T840,2017-01-29T12:00:00+08:00,23.0,102.0,0.4,24.6,-0.99,1016.7,-99.0,0.0,-9.9,-99,-999,花蓮縣,21,新城鄉,136
24.0397,121.6013,新城,C0T840,2017-01-29T13:00:00+08:00,23.0,97.0,0.7,24.9,-0.99,1015.6,-99.0,0.0,-9.9,-99,-999,花蓮縣,21,新城鄉,136
24.0397,121.6013,新城,C0T840,2017-01-29T14:00:00+08:00,23.0,0.0,0.1,23.5,-0.99,1015.0,-99.0,0.0,-9.9,-99,-999,花蓮縣,21,新城鄉,136
24.0397,121.6013,新城,C0T840,2017-01-29T15:00:00+08:00,23.0,241.0,0.6,23.9,-0.99,1014.6,-99.0,0.0,-9.9,-99,-999,花蓮縣,21,新城鄉,136
24.0397,121.6013,新城,C0T840,2017-01-29T16:00:00+08:00,23.0,223.0,0.6,24.6,-0.99,1014.4,-99.0,0.0,-9.9,-99,-999,花蓮縣,21,新城鄉,136
24.0397,121.6013,新城,C0T840,2017-01-29T17:00:00+08:00,23.0,262.0,1.0,23.5,-0.99,1014.9,-99.0,0.0,-9.9,-99,-999,花蓮縣,21,新城鄉,136
24.0397,121.6013,新城,C0T840,2017-01-29T18:00:00+08:00,23.0,0.0,0.0,22.4,-0.99,1015.4,-99.0,0.0,-9.9,-99,-999,花蓮縣,21,新城鄉,136
24.0397,121.6013,新城,C0T840,2017-01-29T19:00:00+08:00,23.0,234.0,0.8,22.5,-0.99,1015.8,-99.0,0.0,-9.9,-99,-999,花蓮縣,21,新城鄉,136
24.0397,121.6013,新城,C0T840,2017-01-29T20:00:00+08:00,23.0,251.0,1.1,22.3,-0.99,1016.0,-99.0,0.0,-9.9,-99,-999,花蓮縣,21,新城鄉,136
24.0397,121.6013,新城,C0T840,2017-01-29T21:00:00+08:00,23.0,235.0,0.5,22.3,-0.99,1016.0,-99.0,0.0,-9.9,-99,-999,花蓮縣,21,新城鄉,136
24.0397,121.6013,新城,C0T840,2017-01-29T22:00:00+08:00,23.0,232.0,1.2,21.6,-0.99,1016.0,-99.0,0.0,-9.9,-99,-999,花蓮縣,21,新城鄉,136
24.0397,121.6013,新城,C0T840,2017-01-29T23:00:00+08:00,23.0,245.0,1.1,21.2,-0.99,1015.8,-99.0,0.0,-9.9,-99,-999,花蓮縣,21,新城鄉,136
24.0397,121.6013,新城,C0T840,2017-01-30T00:00:00+08:00,23.0,226.0,0.8,20.8,-0.99,1015.3,-99.0,0.0,-9.9,-99,-999,花蓮縣,21,新城鄉,136
24.0397,121.6013,新城,C0T840,2017-01-30T01:00:00+08:00,23.0,243.0,0.5,20.2,-0.99,1014.8,-99.0,0.0,-9.9,-99,-999,花蓮縣,21,新城鄉,136
24.0397,121.6013,新城,C0T840,2017-01-30T02:00:00+08:00,23.0,242.0,0.3,19.0,-0.99,1014.8,-99.0,0.0,-9.9,-99,-999,花蓮縣,21,新城鄉,136
24.0397,121.6013,新城,C0T840,2017-01-30T03:00:00+08:00,23.0,275.0,0.5,18.8,-0.99,1014.8,-99.0,0.0,-9.9,-99,-999,花蓮縣,21,新城鄉,136
24.0397,121.6013,新城,C0T840,2017-01-30T04:00:00+08:00,23.0,228.0,0.4,18.5,-0.99,1015.1,-99.0,0.0,-9.9,-99,-999,花蓮縣,21,新城鄉,136
24.0397,121.6013,新城,C0T840,2017-01-30T05:00:00+08:00,23.0,240.0,0.8,18.1,-0.99,1015.5,-99.0,0.0,-9.9,-99,-999,花蓮縣,21,新城鄉,136
24.0397,121.6013,新城,C0T840,2017-01-30T06:00:00+08:00,23.0,0.0,0.0,16.9,-0.99,1016.0,-99.0,0.0,-9.9,-99,-999,花蓮縣,21,新城鄉,136
24.0397,121.6013,新城,C0T840,2017-01-30T07:00:00+08:00,23.0,239.0,0.3,18.7,-0.99,1016.8,-99.0,0.0,-9.9,-99,-999,花蓮縣,21,新城鄉,136
24.0397,121.6013,新城,C0T840,2017-01-30T08:00:00+08:00,23.0,237.0,0.8,20.1,-0.99,1017.2,-99.0,0.0,-9.9,-99,-999,花蓮縣,21,新城鄉,136
24.0397,121.6013,新城,C0T840,2017-01-30T09:00:00+08:00,23.0,240.0,0.9,21.8,-0.99,1018.0,-99.0,0.0,-9.9,-99,-999,花蓮縣,21,新城鄉,136
24.0397,121.6013,新城,C0T840,2017-01-30T10:00:00+08:00,23.0,52.0,1.5,24.6,-0.99,1018.1,-99.0,0.0,-9.9,-99,-999,花蓮縣,21,新城鄉,136
24.0397,121.6013,新城,C0T840,2017-01-30T11:00:00+08:00,23.0,52.0,4.1,23.5,-0.99,1017.8,-99.0,0.0,-9.9,-99,-999,花蓮縣,21,新城鄉,136
24.0397,121.6013,新城,C0T840,2017-01-30T12:00:00+08:00,23.0,52.0,5.0,22.6,-0.99,1017.4,-99.0,0.0,-9.9,-99,-999,花蓮縣,21,新城鄉,136
24.0397,121.6013,新城,C0T840,2017-01-30T13:00:00+08:00,23.0,50.0,6.8,21.5,-0.99,1017.2,-99.0,0.0,-9.9,-99,-999,花蓮縣,21,新城鄉,136
24.0397,121.6013,新城,C0T840,2017-01-30T14:00:00+08:00,23.0,49.0,5.8,21.1,-0.99,1017.2,-99.0,0.0,-9.9,-99,-999,花蓮縣,21,新城鄉,136
24.0397,121.6013,新城,C0T840,2017-01-30T15:00:00+08:00,23.0,52.0,5.2,21.2,-0.99,1017.0,-99.0,0.0,-9.9,-99,-999,花蓮縣,21,新城鄉,136
24.0397,121.6013,新城,C0T840,2017-01-30T16:00:00+08:00,23.0,49.0,1.4,20.9,-0.99,1017.6,-99.0,0.0,-9.9,-99,-999,花蓮縣,21,新城鄉,136
24.0397,121.6013,新城,C0T840,2017-01-30T17:00:00+08:00,23.0,46.0,1.5,20.7,-0.99,1018.7,-99.0,0.0,-9.9,-99,-999,花蓮縣,21,新城鄉,136
24.0397,121.6013,新城,C0T840,2017-01-30T18:00:00+08:00,23.0,50.0,1.9,20.5,-0.99,1019.5,-99.0,0.0,-9.9,-99,-999,花蓮縣,21,新城鄉,136
24.0397,121.6013,新城,C0T840,2017-01-30T20:00:00+08:00,23.0,54.0,3.5,20.0,-0.99,1020.9,-99.0,0.0,-9.9,-99,-999,花蓮縣,21,新城鄉,136
24.0397,121.6013,新城,C0T840,2017-01-30T21:00:00+08:00,23.0,49.0,2.7,20.1,-0.99,1021.1,-99.0,0.0,-9.9,-99,-999,花蓮縣,21,新城鄉,136
24.0397,121.6013,新城,C0T840,2017-01-30T22:00:00+08:00,23.0,51.0,4.6,19.7,-0.99,1021.0,-99.0,0.0,-9.9,-99,-999,花蓮縣,21,新城鄉,136
24.0397,121.6013,新城,C0T840,2017-01-30T23:00:00+08:00,23.0,52.0,5.8,19.2,-0.99,1020.9,-99.0,0.0,-9.9,-99,-999,花蓮縣,21,新城鄉,136
24.0397,121.6013,新城,C0T840,2017-01-31T00:00:00+08:00,23.0,52.0,5.5,18.9,-0.99,1020.9,-99.0,0.0,-9.9,-99,-999,花蓮縣,21,新城鄉,136
24.0397,121.6013,新城,C0T840,2017-01-31T01:00:00+08:00,23.0,57.0,6.1,19.0,-0.99,1020.5,-99.0,0.0,-9.9,-99,-999,花蓮縣,21,新城鄉,136
24.0397,121.6013,新城,C0T840,2017-01-31T02:00:00+08:00,23.0,50.0,5.0,18.6,-0.99,1020.1,-99.0,0.0,-9.9,-99,-999,花蓮縣,21,新城鄉,136
24.0397,121.6013,新城,C0T840,2017-01-31T03:00:00+08:00,23.0,55.0,3.9,18.7,-0.99,1019.6,-99.0,0.0,-9.9,-99,-999,花蓮縣,21,新城鄉,136
24.0397,121.6013,新城,C0T840,2017-01-31T04:00:00+08:00,23.0,53.0,3.8,18.7,-0.99,1019.5,-99.0,0.0,-9.9,-99,-999,花蓮縣,21,新城鄉,136
24.0397,121.6013,新城,C0T840,2017-01-31T05:00:00+08:00,23.0,52.0,2.8,18.7,-0.99,1019.8,-99.0,0.0,-9.9,-99,-999,花蓮縣,21,新城鄉,136
24.0397,121.6013,新城,C0T840,2017-01-31T06:00:00+08:00,23.0,54.0,1.4,18.5,-0.99,1020.3,-99.0,0.0,-9.9,-99,-999,花蓮縣,21,新城鄉,136
24.0397,121.6013,新城,C0T840,2017-01-31T07:00:00+08:00,23.0,32.0,0.4,18.5,-0.99,1020.6,-99.0,0.0,-9.9,-99,-999,花蓮縣,21,新城鄉,136
