24.6887,121.7902,五結,C0U780,2017-01-10T11:00:00+08:00,15.0,-97.0,-97.0,-97.0,-0.99,-997.0,-99.0,0.0,-9.9,-99,-999,宜蘭縣,07,五結鄉,082
24.6887,121.7902,五結,C0U780,2017-01-10T12:00:00+08:00,15.0,-97.0,-97.0,-97.0,-0.99,-997.0,-99.0,0.0,-9.9,-99,-999,宜蘭縣,07,五結鄉,082
24.6887,121.7902,五結,C0U780,2017-01-10T13:00:00+08:00,15.0,-97.0,-97.0,-97.0,-0.99,-997.0,-99.0,0.0,-9.9,-99,-999,宜蘭縣,07,五結鄉,082
24.6887,121.7902,五結,C0U780,2017-01-10T14:00:00+08:00,15.0,-97.0,-97.0,-97.0,-0.99,-997.0,-99.0,0.0,-9.9,-99,-999,宜蘭縣,07,五結鄉,082
24.6887,121.7902,五結,C0U780,2017-01-10T15:00:00+08:00,15.0,-97.0,-97.0,-97.0,-0.99,-997.0,-99.0,0.0,-9.9,-99,-999,宜蘭縣,07,五結鄉,082
24.6887,121.7902,五結,C0U780,2017-01-10T16:00:00+08:00,15.0,-97.0,-97.0,-97.0,-0.99,-997.0,-99.0,0.0,-9.9,-99,-999,宜蘭縣,07,五結鄉,082
24.6887,121.7902,五結,C0U780,2017-01-10T17:00:00+08:00,15.0,-97.0,-97.0,-97.0,-0.99,-997.0,-99.0,0.0,-9.9,-99,-999,宜蘭縣,07,五結鄉,082
24.6887,121.7902,五結,C0U780,2017-01-10T18:00:00+08:00,15.0,-97.0,-97.0,-97.0,-0.99,-997.0,-99.0,0.0,-9.9,-99,-999,宜蘭縣,07,五結鄉,082
24.6887,121.7902,五結,C0U780,2017-01-10T19:00:00+08:00,15.0,-97.0,-97.0,-97.0,-0.99,-997.0,-99.0,0.0,-9.9,-99,-999,宜蘭縣,07,五結鄉,082
24.6887,121.7902,五結,C0U780,2017-01-10T20:00:00+08:00,15.0,-97.0,-97.0,-97.0,-0.99,-997.0,-99.0,0.0,-9.9,-99,-999,宜蘭縣,07,五結鄉,082
24.6887,121.7902,五結,C0U780,2017-01-10T21:00:00+08:00,15.0,-97.0,-97.0,-97.0,-0.99,-997.0,-99.0,0.0,-9.9,-99,-999,宜蘭縣,07,五結鄉,082
24.6887,121.7902,五結,C0U780,2017-01-10T22:00:00+08:00,15.0,-97.0,-97.0,-97.0,-0.99,-997.0,-99.0,0.0,-9.9,-99,-999,宜蘭縣,07,五結鄉,082
24.6887,121.7902,五結,C0U780,2017-01-10T23:00:00+08:00,15.0,-97.0,-97.0,-97.0,-0.99,-997.0,-99.0,0.0,-9.9,-99,-999,宜蘭縣,07,五結鄉,082
24.6887,121.7902,五結,C0U780,2017-01-11T00:00:00+08:00,15.0,-97.0,-97.0,-97.0,-0.99,-997.0,-99.0,0.0,-9.9,-99,-999,宜蘭縣,07,五結鄉,082
24.6887,121.7902,五結,C0U780,2017-01-11T01:00:00+08:00,15.0,-97.0,-97.0,-97.0,-0.99,-997.0,-99.0,0.0,-9.9,-99,-999,宜蘭縣,07,五結鄉,082
24.6887,121.7902,五結,C0U780,2017-01-11T02:00:00+08:00,15.0,-97.0,-97.0,-97.0,-0.99,-997.0,-99.0,0.0,-9.9,-99,-999,宜蘭縣,07,五結鄉,082
24.6887,121.7902,五結,C0U780,2017-01-11T03:00:00+08:00,15.0,-97.0,-97.0,-97.0,-0.99,-997.0,-99.0,0.0,-9.9,-99,-999,宜蘭縣,07,五結鄉,082
24.6887,121.7902,五結,C0U780,2017-01-11T04:00:00+08:00,15.0,-97.0,-97.0,-97.0,-0.99,-997.0,-99.0,1.0,-9.9,-99,-999,宜蘭縣,07,五結鄉,082
24.6887,121.7902,五結,C0U780,2017-01-11T05:00:00+08:00,15.0,-97.0,-97.0,-97.0,-0.99,-997.0,-99.0,1.0,-9.9,-99,-999,宜蘭縣,07,五結鄉,082
24.6887,121.7902,五結,C0U780,2017-01-11T06:00:00+08:00,15.0,-97.0,-97.0,-97.0,-0.99,-997.0,-99.0,1.0,-9.9,-99,-999,宜蘭縣,07,五結鄉,082
24.6887,121.7902,五結,C0U780,2017-01-11T07:00:00+08:00,15.0,-97.0,-97.0,-97.0,-0.99,-997.0,-99.0,1.0,-9.9,-99,-999,宜蘭縣,07,五結鄉,082
24.6887,121.7902,五結,C0U780,2017-01-11T08:00:00+08:00,15.0,-97.0,-97.0,-97.0,-0.99,-997.0,-99.0,1.0,-9.9,-99,-999,宜蘭縣,07,五結鄉,082
24.6887,121.7902,五結,C0U780,2017-01-11T09:00:00+08:00,15.0,-97.0,-97.0,-97.0,-0.99,-997.0,-99.0,1.0,-9.9,-99,-999,宜蘭縣,07,五結鄉,082
24.6887,121.7902,五結,C0U780,2017-01-11T10:00:00+08:00,15.0,-97.0,-97.0,-97.0,-0.99,-997.0,-99.0,1.0,-9.9,-99,-999,宜蘭縣,07,五結鄉,082
24.6887,121.7902,五結,C0U780,2017-01-11T11:00:00+08:00,15.0,-97.0,-97.0,-97.0,-0.99,-997.0,-99.0,1.0,-9.9,-99,-999,宜蘭縣,07,五結鄉,082
24.6887,121.7902,五結,C0U780,2017-01-11T12:00:00+08:00,15.0,-97.0,-97.0,-97.0,-0.99,-997.0,-99.0,1.0,-9.9,-99,-999,宜蘭縣,07,五結鄉,082
24.6887,121.7902,五結,C0U780,2017-01-11T13:00:00+08:00,15.0,-97.0,-97.0,-97.0,-0.99,-997.0,-99.0,1.0,-9.9,-99,-999,宜蘭縣,07,五結鄉,082
24.6887,121.7902,五結,C0U780,2017-01-11T14:00:00+08:00,15.0,-97.0,-97.0,-97.0,-0.99,-997.0,-99.0,1.0,-9.9,-99,-999,宜蘭縣,07,五結鄉,082
24.6887,121.7902,五結,C0U780,2017-01-11T15:00:00+08:00,15.0,-97.0,-97.0,-97.0,-0.99,-997.0,-99.0,1.0,-9.9,-99,-999,宜蘭縣,07,五結鄉,082
24.6887,121.7902,五結,C0U780,2017-01-11T16:00:00+08:00,15.0,-97.0,-97.0,-97.0,-0.99,-997.0,-99.0,1.0,-9.9,-99,-999,宜蘭縣,07,五結鄉,082
24.6887,121.7902,五結,C0U780,2017-01-11T17:00:00+08:00,15.0,-97.0,-97.0,-97.0,-0.99,-997.0,-99.0,1.0,-9.9,-99,-999,宜蘭縣,07,五結鄉,082
24.6887,121.7902,五結,C0U780,2017-01-11T18:00:00+08:00,15.0,-97.0,-97.0,-97.0,-0.99,-997.0,-99.0,1.0,-9.9,-99,-999,宜蘭縣,07,五結鄉,082
24.6887,121.7902,五結,C0U780,2017-01-11T19:00:00+08:00,15.0,-97.0,-97.0,-97.0,-0.99,-997.0,-99.0,1.0,-9.9,-99,-999,宜蘭縣,07,五結鄉,082
24.6887,121.7902,五結,C0U780,2017-01-11T20:00:00+08:00,15.0,-97.0,-97.0,-97.0,-0.99,-997.0,-99.0,1.0,-9.9,-99,-999,宜蘭縣,07,五結鄉,082
24.6887,121.7902,五結,C0U780,2017-01-11T21:00:00+08:00,15.0,-97.0,-97.0,-97.0,-0.99,-997.0,-99.0,1.0,-9.9,-99,-999,宜蘭縣,07,五結鄉,082
24.6887,121.7902,五結,C0U780,2017-01-11T22:00:00+08:00,15.0,-97.0,-97.0,-97.0,-0.99,-997.0,-99.0,1.0,-9.9,-99,-999,宜蘭縣,07,五結鄉,082
24.6887,121.7902,五結,C0U780,2017-01-11T23:00:00+08:00,15.0,-97.0,-97.0,-97.0,-0.99,-997.0,-99.0,1.0,-9.9,-99,-999,宜蘭縣,07,五結鄉,082
24.6887,121.7902,五結,C0U780,2017-01-12T00:00:00+08:00,15.0,-97.0,-97.0,-97.0,-0.99,-997.0,-99.0,1.0,-9.9,-99,-999,宜蘭縣,07,五結鄉,082
24.6887,121.7902,五結,C0U780,2017-01-12T01:00:00+08:00,15.0,-97.0,-97.0,-97.0,-0.99,-997.0,-99.0,0.0,-9.9,-99,-999,宜蘭縣,07,五結鄉,082
24.6887,121.7902,五結,C0U780,2017-01-12T02:00:00+08:00,15.0,-97.0,-97.0,-97.0,-0.99,-997.0,-99.0,0.0,-9.9,-99,-999,宜蘭縣,07,五結鄉,082
24.6887,121.7902,五結,C0U780,2017-01-12T03:00:00+08:00,15.0,-97.0,-97.0,-97.0,-0.99,-997.0,-99.0,0.0,-9.9,-99,-999,宜蘭縣,07,五結鄉,082
24.6887,121.7902,五結,C0U780,2017-01-12T04:00:00+08:00,15.0,-97.0,-97.0,-97.0,-0.99,-997.0,-99.0,0.0,-9.9,-99,-999,宜蘭縣,07,五結鄉,082
24.6887,121.7902,五結,C0U780,2017-01-12T05:00:00+08:00,15.0,-97.0,-97.0,-97.0,-0.99,-997.0,-99.0,0.0,-9.9,-99,-999,宜蘭縣,07,五結鄉,082
24.6887,121.7902,五結,C0U780,2017-01-12T06:00:00+08:00,15.0,-97.0,-97.0,-97.0,-0.99,-997.0,-99.0,0.0,-9.9,-99,-999,宜蘭縣,07,五結鄉,082
24.6887,121.7902,五結,C0U780,2017-01-12T07:00:00+08:00,15.0,-97.0,-97.0,-97.0,-0.99,-997.0,-99.0,0.0,-9.9,-99,-999,宜蘭縣,07,五結鄉,082
24.6887,121.7902,五結,C0U780,2017-01-12T08:00:00+08:00,15.0,-97.0,-97.0,-97.0,-0.99,-997.0,-99.0,0.0,-9.9,-99,-999,宜蘭縣,07,五結鄉,082
24.6887,121.7902,五結,C0U780,2017-01-12T09:00:00+08:00,15.0,-97.0,-97.0,-97.0,-0.99,-997.0,-99.0,0.0,-9.9,-99,-999,宜蘭縣,07,五結鄉,082
24.6887,121.7902,五結,C0U780,2017-01-12T10:00:00+08:00,15.0,-97.0,-97.0,-97.0,-0.99,-997.0,-99.0,0.0,-9.9,-99,-999,宜蘭縣,07,五結鄉,082
24.6887,121.7902,五結,C0U780,2017-01-12T11:00:00+08:00,15.0,-97.0,-97.0,-97.0,-0.99,-997.0,-99.0,0.0,-9.9,-99,-999,宜蘭縣,07,五結鄉,082
24.6887,121.7902,五結,C0U780,2017-01-12T12:00:00+08:00,15.0,-97.0,-97.0,-97.0,-0.99,-997.0,-99.0,0.0,-9.9,-99,-999,宜蘭縣,07,五結鄉,082
24.6887,121.7902,五結,C0U780,2017-01-12T13:00:00+08:00,15.0,-97.0,-97.0,-97.0,-0.99,-997.0,-99.0,0.0,-9.9,-99,-999,宜蘭縣,07,五結鄉,082
24.6887,121.7902,五結,C0U780,2017-01-12T14:00:00+08:00,15.0,-97.0,-97.0,-97.0,-0.99,-997.0,-99.0,0.0,-9.9,-99,-999,宜蘭縣,07,五結鄉,082
24.6887,121.7902,五結,C0U780,2017-01-12T15:00:00+08:00,15.0,-97.0,-97.0,-97.0,-0.99,-997.0,-99.0,0.0,-9.9,-99,-999,宜蘭縣,07,五結鄉,082
24.6887,121.7902,五結,C0U780,2017-01-12T16:00:00+08:00,15.0,-97.0,-97.0,-97.0,-0.99,-997.0,-99.0,0.0,-9.9,-99,-999,宜蘭縣,07,五結鄉,082
24.6887,121.7902,五結,C0U780,2017-01-12T17:00:00+08:00,15.0,-97.0,-97.0,-97.0,-0.99,-997.0,-99.0,0.0,-9.9,-99,-999,宜蘭縣,07,五結鄉,082
24.6887,121.7902,五結,C0U780,2017-01-12T18:00:00+08:00,15.0,-97.0,-97.0,-97.0,-0.99,-997.0,-99.0,0.0,-9.9,-99,-999,宜蘭縣,07,五結鄉,082
24.6887,121.7902,五結,C0U780,2017-01-12T19:00:00+08:00,15.0,-97.0,-97.0,-97.0,-0.99,-997.0,-99.0,0.0,-9.9,-99,-999,宜蘭縣,07,五結鄉,082
24.6887,121.7902,五結,C0U780,2017-01-12T20:00:00+08:00,15.0,-97.0,-97.0,-97.0,-0.99,-997.0,-99.0,0.0,-9.9,-99,-999,宜蘭縣,07,五結鄉,082
24.6887,121.7902,五結,C0U780,2017-01-12T21:00:00+08:00,15.0,-97.0,-97.0,-97.0,-0.99,-997.0,-99.0,0.0,-9.9,-99,-999,宜蘭縣,07,五結鄉,082
24.6887,121.7902,五結,C0U780,2017-01-12T22:00:00+08:00,15.0,-97.0,-97.0,-97.0,-0.99,-997.0,-99.0,0.0,-9.9,-99,-999,宜蘭縣,07,五結鄉,082
24.6887,121.7902,五結,C0U780,2017-01-12T23:00:00+08:00,15.0,-97.0,-97.0,-97.0,-0.99,-997.0,-99.0,0.0,-9.9,-99,-999,宜蘭縣,07,五結鄉,082
24.6887,121.7902,五結,C0U780,2017-01-13T00:00:00+08:00,15.0,-97.0,-97.0,-97.0,-0.99,-997.0,-99.0,0.0,-9.9,-99,-999,宜蘭縣,07,五結鄉,082
24.6887,121.7902,五結,C0U780,2017-01-13T01:00:00+08:00,15.0,-97.0,-97.0,-97.0,-0.99,-997.0,-99.0,0.0,-9.9,-99,-999,宜蘭縣,07,五結鄉,082
24.6887,121.7902,五結,C0U780,2017-01-13T02:00:00+08:00,15.0,-97.0,-97.0,-97.0,-0.99,-997.0,-99.0,0.0,-9.9,-99,-999,宜蘭縣,07,五結鄉,082
24.6887,121.7902,五結,C0U780,2017-01-13T03:00:00+08:00,15.0,-97.0,-97.0,-97.0,-0.99,-997.0,-99.0,0.0,-9.9,-99,-999,宜蘭縣,07,五結鄉,082
24.6887,121.7902,五結,C0U780,2017-01-13T04:00:00+08:00,15.0,-97.0,-97.0,-97.0,-0.99,-997.0,-99.0,1.0,-9.9,-99,-999,宜蘭縣,07,五結鄉,082
24.6887,121.7902,五結,C0U780,2017-01-13T05:00:00+08:00,15.0,-97.0,-97.0,-97.0,-0.99,-997.0,-99.0,1.0,-9.9,-99,-999,宜蘭縣,07,五結鄉,082
24.6887,121.7902,五結,C0U780,2017-01-13T06:00:00+08:00,15.0,-97.0,-97.0,-97.0,-0.99,-997.0,-99.0,1.0,-9.9,-99,-999,宜蘭縣,07,五結鄉,082
24.6887,121.7902,五結,C0U780,2017-01-13T07:00:00+08:00,15.0,-97.0,-97.0,-97.0,-0.99,-997.0,-99.0,1.0,-9.9,-99,-999,宜蘭縣,07,五結鄉,082
24.6887,121.7902,五結,C0U780,2017-01-13T08:00:00+08:00,15.0,-97.0,-97.0,-97.0,-0.99,-997.0,-99.0,1.0,-9.9,-99,-999,宜蘭縣,07,五結鄉,082
24.6887,121.7902,五結,C0U780,2017-01-13T09:00:00+08:00,15.0,-97.0,-97.0,-97.0,-0.99,-997.0,-99.0,1.0,-9.9,-99,-999,宜蘭縣,07,五結鄉,082
24.6887,121.7902,五結,C0U780,2017-01-13T10:00:00+08:00,15.0,-97.0,-97.0,-97.0,-0.99,-997.0,-99.0,1.0,-9.9,-99,-999,宜蘭縣,07,五結鄉,082
24.6887,121.7902,五結,C0U780,2017-01-13T11:00:00+08:00,15.0,-97.0,-97.0,-97.0,-0.99,-997.0,-99.0,1.0,-9.9,-99,-999,宜蘭縣,07,五結鄉,082
24.6887,121.7902,五結,C0U780,2017-01-13T12:00:00+08:00,15.0,-97.0,-97.0,-97.0,-0.99,-997.0,-99.0,1.0,-9.9,-99,-999,宜蘭縣,07,五結鄉,082
24.6887,121.7902,五結,C0U780,2017-01-13T13:00:00+08:00,15.0,-97.0,-97.0,-97.0,-0.99,-997.0,-99.0,1.0,-9.9,-99,-999,宜蘭縣,07,五結鄉,082
24.6887,121.7902,五結,C0U780,2017-01-13T14:00:00+08:00,15.0,-97.0,-97.0,-97.0,-0.99,-997.0,-99.0,1.0,-9.9,-99,-999,宜蘭縣,07,五結鄉,082
24.6887,121.7902,五結,C0U780,2017-01-13T15:00:00+08:00,15.0,-97.0,-97.0,-97.0,-0.99,-997.0,-99.0,1.0,-9.9,-99,-999,宜蘭縣,07,五結鄉,082
24.6887,121.7902,五結,C0U780,2017-01-13T16:00:00+08:00,15.0,-97.0,-97.0,-97.0,-0.99,-997.0,-99.0,1.0,-9.9,-99,-999,宜蘭縣,07,五結鄉,082
24.6887,121.7902,五結,C0U780,2017-01-13T17:00:00+08:00,15.0,-97.0,-97.0,-97.0,-0.99,-997.0,-99.0,1.5,-9.9,-99,-999,宜蘭縣,07,五結鄉,082
24.6887,121.7902,五結,C0U780,2017-01-13T18:00:00+08:00,15.0,-97.0,-97.0,-97.0,-0.99,-997.0,-99.0,1.5,-9.9,-99,-999,宜蘭縣,07,五結鄉,082
24.6887,121.7902,五結,C0U780,2017-01-13T19:00:00+08:00,15.0,-97.0,-97.0,-97.0,-0.99,-997.0,-99.0,2.0,-9.9,-99,-999,宜蘭縣,07,五結鄉,082
24.6887,121.7902,五結,C0U780,2017-01-13T20:00:00+08:00,15.0,-97.0,-97.0,-97.0,-0.99,-997.0,-99.0,2.5,-9.9,-99,-999,宜蘭縣,07,五結鄉,082
24.6887,121.7902,五結,C0U780,2017-01-13T21:00:00+08:00,15.0,-97.0,-97.0,-97.0,-0.99,-997.0,-99.0,3.0,-9.9,-99,-999,宜蘭縣,07,五結鄉,082
24.6887,121.7902,五結,C0U780,2017-01-13T22:00:00+08:00,15.0,-97.0,-97.0,-97.0,-0.99,-997.0,-99.0,3.5,-9.9,-99,-999,宜蘭縣,07,五結鄉,082
24.6887,121.7902,五結,C0U780,2017-01-13T23:00:00+08:00,15.0,-97.0,-97.0,-97.0,-0.99,-997.0,-99.0,4.0,-9.9,-99,-999,宜蘭縣,07,五結鄉,082
24.6887,121.7902,五結,C0U780,2017-01-14T00:00:00+08:00,15.0,-97.0,-97.0,-97.0,-0.99,-997.0,-99.0,5.0,-9.9,-99,-999,宜蘭縣,07,五結鄉,082
24.6887,121.7902,五結,C0U780,2017-01-14T01:00:00+08:00,15.0,-97.0,-97.0,-97.0,-0.99,-997.0,-99.0,0.0,-9.9,-99,-999,宜蘭縣,07,五結鄉,082
24.6887,121.7902,五結,C0U780,2017-01-14T02:00:00+08:00,15.0,-97.0,-97.0,-97.0,-0.99,-997.0,-99.0,0.5,-9.9,-99,-999,宜蘭縣,07,五結鄉,082
24.6887,121.7902,五結,C0U780,2017-01-14T03:00:00+08:00,15.0,-97.0,-97.0,-97.0,-0.99,-997.0,-99.0,0.5,-9.9,-99,-999,宜蘭縣,07,五結鄉,082
24.6887,121.7902,五結,C0U780,2017-01-14T04:00:00+08:00,15.0,-97.0,-97.0,-97.0,-0.99,-997.0,-99.0,1.0,-9.9,-99,-999,宜蘭縣,07,五結鄉,082
24.6887,121.7902,五結,C0U780,2017-01-14T05:00:00+08:00,15.0,-97.0,-97.0,-97.0,-0.99,-997.0,-99.0,1.5,-9.9,-99,-999,宜蘭縣,07,五結鄉,082
24.6887,121.7902,五結,C0U780,2017-01-14T06:00:00+08:00,15.0,-97.0,-97.0,-97.0,-0.99,-997.0,-99.0,2.0,-9.9,-99,-999,宜蘭縣,07,五結鄉,082
24.6887,121.7902,五結,C0U780,2017-01-14T07:00:00+08:00,15.0,-97.0,-97.0,-97.0,-0.99,-997.0,-99.0,2.0,-9.9,-99,-999,宜蘭縣,07,五結鄉,082
24.6887,121.7902,五結,C0U780,2017-01-14T10:00:00+08:00,15.0,-97.0,-97.0,-97.0,-0.99,-997.0,-99.0,4.5,-9.9,-99,-999,宜蘭縣,07,五結鄉,082
24.6887,121.7902,五結,C0U780,2017-01-14T11:00:00+08:00,15.0,-97.0,-97.0,-97.0,-0.99,-997.0,-99.0,5.0,-9.9,-99,-999,宜蘭縣,07,五結鄉,082
24.6887,121.7902,五結,C0U780,2017-01-14T12:00:00+08:00,15.0,-97.0,-97.0,-97.0,-0.99,-997.0,-99.0,5.5,-9.9,-99,-999,宜蘭縣,07,五結鄉,082
24.6887,121.7902,五結,C0U780,2017-01-14T13:00:00+08:00,15.0,-97.0,-97.0,-97.0,-0.99,-997.0,-99.0,6.0,-9.9,-99,-999,宜蘭縣,07,五結鄉,082
24.6887,121.7902,五結,C0U780,2017-01-14T14:00:00+08:00,15.0,-97.0,-97.0,-97.0,-0.99,-997.0,-99.0,6.5,-9.9,-99,-999,宜蘭縣,07,五結鄉,082
24.6887,121.7902,五結,C0U780,2017-01-14T15:00:00+08:00,15.0,-97.0,-97.0,-97.0,-0.99,-997.0,-99.0,7.0,-9.9,-99,-999,宜蘭縣,07,五結鄉,082
24.6887,121.7902,五結,C0U780,2017-01-14T16:00:00+08:00,15.0,-97.0,-97.0,-97.0,-0.99,-997.0,-99.0,7.0,-9.9,-99,-999,宜蘭縣,07,五結鄉,082
24.6887,121.7902,五結,C0U780,2017-01-14T17:00:00+08:00,15.0,-97.0,-97.0,-97.0,-0.99,-997.0,-99.0,7.0,-9.9,-99,-999,宜蘭縣,07,五結鄉,082
24.6887,121.7902,五結,C0U780,2017-01-14T18:00:00+08:00,15.0,-97.0,-97.0,-97.0,-0.99,-997.0,-99.0,7.0,-9.9,-99,-999,宜蘭縣,07,五結鄉,082
24.6887,121.7902,五結,C0U780,2017-01-14T20:00:00+08:00,15.0,-97.0,-97.0,-97.0,-0.99,-997.0,-99.0,7.5,-9.9,-99,-999,宜蘭縣,07,五結鄉,082
24.6887,121.7902,五結,C0U780,2017-01-14T21:00:00+08:00,15.0,-97.0,-97.0,-97.0,-0.99,-997.0,-99.0,7.5,-9.9,-99,-999,宜蘭縣,07,五結鄉,082
24.6887,121.7902,五結,C0U780,2017-01-14T23:00:00+08:00,15.0,-97.0,-97.0,-97.0,-0.99,-997.0,-99.0,9.0,-9.9,-99,-999,宜蘭縣,07,五結鄉,082
24.6887,121.7902,五結,C0U780,2017-01-15T02:00:00+08:00,15.0,-97.0,-97.0,-97.0,-0.99,-997.0,-99.0,1.5,-9.9,-99,-999,宜蘭縣,07,五結鄉,082
24.6887,121.7902,五結,C0U780,2017-01-15T03:00:00+08:00,15.0,-97.0,-97.0,-97.0,-0.99,-997.0,-99.0,1.5,-9.9,-99,-999,宜蘭縣,07,五結鄉,082
24.6887,121.7902,五結,C0U780,2017-01-15T04:00:00+08:00,15.0,-97.0,-97.0,-97.0,-0.99,-997.0,-99.0,1.5,-9.9,-99,-999,宜蘭縣,07,五結鄉,082
24.6887,121.7902,五結,C0U780,2017-01-15T05:00:00+08:00,15.0,-97.0,-97.0,-97.0,-0.99,-997.0,-99.0,1.5,-9.9,-99,-999,宜蘭縣,07,五結鄉,082
24.6887,121.7902,五結,C0U780,2017-01-15T06:00:00+08:00,15.0,-97.0,-97.0,-97.0,-0.99,-997.0,-99.0,1.5,-9.9,-99,-999,宜蘭縣,07,五結鄉,082
24.6887,121.7902,五結,C0U780,2017-01-15T07:00:00+08:00,15.0,-97.0,-97.0,-97.0,-0.99,-997.0,-99.0,2.0,-9.9,-99,-999,宜蘭縣,07,五結鄉,082
24.6887,121.7902,五結,C0U780,2017-01-15T08:00:00+08:00,15.0,-97.0,-97.0,-97.0,-0.99,-997.0,-99.0,2.5,-9.9,-99,-999,宜蘭縣,07,五結鄉,082
24.6887,121.7902,五結,C0U780,2017-01-15T09:00:00+08:00,15.0,-97.0,-97.0,-97.0,-0.99,-997.0,-99.0,3.0,-9.9,-99,-999,宜蘭縣,07,五結鄉,082
24.6887,121.7902,五結,C0U780,2017-01-15T10:00:00+08:00,15.0,-97.0,-97.0,-97.0,-0.99,-997.0,-99.0,4.0,-9.9,-99,-999,宜蘭縣,07,五結鄉,082
24.6887,121.7902,五結,C0U780,2017-01-15T11:00:00+08:00,15.0,-97.0,-97.0,-97.0,-0.99,-997.0,-99.0,4.5,-9.9,-99,-999,宜蘭縣,07,五結鄉,082
24.6887,121.7902,五結,C0U780,2017-01-15T13:00:00+08:00,15.0,-97.0,-97.0,-97.0,-0.99,-997.0,-99.0,10.0,-9.9,-99,-999,宜蘭縣,07,五結鄉,082
24.6887,121.7902,五結,C0U780,2017-01-15T14:00:00+08:00,15.0,-97.0,-97.0,-97.0,-0.99,-997.0,-99.0,10.5,-9.9,-99,-999,宜蘭縣,07,五結鄉,082
24.6887,121.7902,五結,C0U780,2017-01-15T15:00:00+08:00,15.0,-97.0,-97.0,-97.0,-0.99,-997.0,-99.0,13.0,-9.9,-99,-999,宜蘭縣,07,五結鄉,082
24.6887,121.7902,五結,C0U780,2017-01-15T16:00:00+08:00,15.0,-97.0,-97.0,-97.0,-0.99,-997.0,-99.0,19.5,-9.9,-99,-999,宜蘭縣,07,五結鄉,082
24.6887,121.7902,五結,C0U780,2017-01-15T17:00:00+08:00,15.0,-97.0,-97.0,-97.0,-0.99,-997.0,-99.0,22.0,-9.9,-99,-999,宜蘭縣,07,五結鄉,082
24.6887,121.7902,五結,C0U780,2017-01-15T18:00:00+08:00,15.0,-97.0,-97.0,-97.0,-0.99,-997.0,-99.0,22.0,-9.9,-99,-999,宜蘭縣,07,五結鄉,082
24.6887,121.7902,五結,C0U780,2017-01-15T19:00:00+08:00,15.0,-97.0,-97.0,-97.0,-0.99,-997.0,-99.0,25.0,-9.9,-99,-999,宜蘭縣,07,五結鄉,082
24.6887,121.7902,五結,C0U780,2017-01-15T20:00:00+08:00,15.0,-97.0,-97.0,-97.0,-0.99,-997.0,-99.0,25.0,-9.9,-99,-999,宜蘭縣,07,五結鄉,082
24.6887,121.7902,五結,C0U780,2017-01-15T21:00:00+08:00,15.0,-97.0,-97.0,-97.0,-0.99,-997.0,-99.0,25.5,-9.9,-99,-999,宜蘭縣,07,五結鄉,082
24.6887,121.7902,五結,C0U780,2017-01-15T22:00:00+08:00,15.0,-97.0,-97.0,-97.0,-0.99,-997.0,-99.0,25.5,-9.9,-99,-999,宜蘭縣,07,五結鄉,082
24.6887,121.7902,五結,C0U780,2017-01-16T02:00:00+08:00,15.0,-97.0,-97.0,-97.0,-0.99,-997.0,-99.0,3.0,-9.9,-99,-999,宜蘭縣,07,五結鄉,082
24.6887,121.7902,五結,C0U780,2017-01-16T04:00:00+08:00,15.0,-97.0,-97.0,-97.0,-0.99,-997.0,-99.0,5.0,-9.9,-99,-999,宜蘭縣,07,五結鄉,082
24.6887,121.7902,五結,C0U780,2017-01-16T05:00:00+08:00,15.0,-97.0,-97.0,-97.0,-0.99,-997.0,-99.0,5.5,-9.9,-99,-999,宜蘭縣,07,五結鄉,082
24.6887,121.7902,五結,C0U780,2017-01-16T06:00:00+08:00,15.0,-97.0,-97.0,-97.0,-0.99,-997.0,-99.0,5.5,-9.9,-99,-999,宜蘭縣,07,五結鄉,082
24.6887,121.7902,五結,C0U780,2017-01-16T08:00:00+08:00,15.0,-97.0,-97.0,-97.0,-0.99,-997.0,-99.0,8.5,-9.9,-99,-999,宜蘭縣,07,五結鄉,082
24.6887,121.7902,五結,C0U780,2017-01-16T10:00:00+08:00,15.0,-97.0,-97.0,-97.0,-0.99,-997.0,-99.0,8.5,-9.9,-99,-999,宜蘭縣,07,五結鄉,082
24.6887,121.7902,五結,C0U780,2017-01-16T11:00:00+08:00,15.0,-97.0,-97.0,-97.0,-0.99,-997.0,-99.0,8.5,-9.9,-99,-999,宜蘭縣,07,五結鄉,082
24.6887,121.7902,五結,C0U780,2017-01-16T12:00:00+08:00,15.0,-97.0,-97.0,-97.0,-0.99,-997.0,-99.0,8.5,-9.9,-99,-999,宜蘭縣,07,五結鄉,082
24.6887,121.7902,五結,C0U780,2017-01-16T13:00:00+08:00,15.0,-97.0,-97.0,-97.0,-0.99,-997.0,-99.0,8.5,-9.9,-99,-999,宜蘭縣,07,五結鄉,082
24.6887,121.7902,五結,C0U780,2017-01-16T14:00:00+08:00,15.0,-97.0,-97.0,-97.0,-0.99,-997.0,-99.0,9.0,-9.9,-99,-999,宜蘭縣,07,五結鄉,082
24.6887,121.7902,五結,C0U780,2017-01-16T16:00:00+08:00,15.0,-97.0,-97.0,-97.0,-0.99,-997.0,-99.0,11.0,-9.9,-99,-999,宜蘭縣,07,五結鄉,082
24.6887,121.7902,五結,C0U780,2017-01-16T17:00:00+08:00,15.0,-97.0,-97.0,-97.0,-0.99,-997.0,-99.0,11.0,-9.9,-99,-999,宜蘭縣,07,五結鄉,082
24.6887,121.7902,五結,C0U780,2017-01-16T18:00:00+08:00,15.0,-97.0,-97.0,-97.0,-0.99,-997.0,-99.0,11.0,-9.9,-99,-999,宜蘭縣,07,五結鄉,082
24.6887,121.7902,五結,C0U780,2017-01-16T19:00:00+08:00,15.0,-97.0,-97.0,-97.0,-0.99,-997.0,-99.0,11.5,-9.9,-99,-999,宜蘭縣,07,五結鄉,082
24.6887,121.7902,五結,C0U780,2017-01-16T20:00:00+08:00,15.0,-97.0,-97.0,-97.0,-0.99,-997.0,-99.0,11.5,-9.9,-99,-999,宜蘭縣,07,五結鄉,082
24.6887,121.7902,五結,C0U780,2017-01-16T21:00:00+08:00,15.0,-97.0,-97.0,-97.0,-0.99,-997.0,-99.0,12.0,-9.9,-99,-999,宜蘭縣,07,五結鄉,082
24.6887,121.7902,五結,C0U780,2017-01-16T22:00:00+08:00,15.0,-97.0,-97.0,-97.0,-0.99,-997.0,-99.0,13.5,-9.9,-99,-999,宜蘭縣,07,五結鄉,082
24.6887,121.7902,五結,C0U780,2017-01-16T23:00:00+08:00,15.0,-97.0,-97.0,-97.0,-0.99,-997.0,-99.0,15.5,-9.9,-99,-999,宜蘭縣,07,五結鄉,082
24.6887,121.7902,五結,C0U780,2017-01-17T00:00:00+08:00,15.0,-97.0,-97.0,-97.0,-0.99,-997.0,-99.0,17.0,-9.9,-99,-999,宜蘭縣,07,五結鄉,082
24.6887,121.7902,五結,C0U780,2017-01-17T01:00:00+08:00,15.0,-97.0,-97.0,-97.0,-0.99,-997.0,-99.0,0.5,-9.9,-99,-999,宜蘭縣,07,五結鄉,082
24.6887,121.7902,五結,C0U780,2017-01-17T02:00:00+08:00,15.0,-97.0,-97.0,-97.0,-0.99,-997.0,-99.0,0.5,-9.9,-99,-999,宜蘭縣,07,五結鄉,082
24.6887,121.7902,五結,C0U780,2017-01-17T03:00:00+08:00,15.0,-97.0,-97.0,-97.0,-0.99,-997.0,-99.0,0.5,-9.9,-99,-999,宜蘭縣,07,五結鄉,082
24.6887,121.7902,五結,C0U780,2017-01-17T04:00:00+08:00,15.0,-97.0,-97.0,-97.0,-0.99,-997.0,-99.0,1.0,-9.9,-99,-999,宜蘭縣,07,五結鄉,082
24.6887,121.7902,五結,C0U780,2017-01-17T05:00:00+08:00,15.0,-97.0,-97.0,-97.0,-0.99,-997.0,-99.0,1.5,-9.9,-99,-999,宜蘭縣,07,五結鄉,082
24.6887,121.7902,五結,C0U780,2017-01-17T06:00:00+08:00,15.0,-97.0,-97.0,-97.0,-0.99,-997.0,-99.0,1.5,-9.9,-99,-999,宜蘭縣,07,五結鄉,082
24.6887,121.7902,五結,C0U780,2017-01-17T07:00:00+08:00,15.0,-97.0,-97.0,-97.0,-0.99,-997.0,-99.0,2.0,-9.9,-99,-999,宜蘭縣,07,五結鄉,082
24.6887,121.7902,五結,C0U780,2017-01-17T08:00:00+08:00,15.0,-97.0,-97.0,-97.0,-0.99,-997.0,-99.0,2.0,-9.9,-99,-999,宜蘭縣,07,五結鄉,082
24.6887,121.7902,五結,C0U780,2017-01-17T09:00:00+08:00,15.0,-97.0,-97.0,-97.0,-0.99,-997.0,-99.0,2.0,-9.9,-99,-999,宜蘭縣,07,五結鄉,082
24.6887,121.7902,五結,C0U780,2017-01-17T10:00:00+08:00,15.0,-97.0,-97.0,-97.0,-0.99,-997.0,-99.0,2.0,-9.9,-99,-999,宜蘭縣,07,五結鄉,082
24.6887,121.7902,五結,C0U780,2017-01-17T11:00:00+08:00,15.0,-97.0,-97.0,-97.0,-0.99,-997.0,-99.0,2.0,-9.9,-99,-999,宜蘭縣,07,五結鄉,082
24.6887,121.7902,五結,C0U780,2017-01-17T12:00:00+08:00,15.0,-97.0,-97.0,-97.0,-0.99,-997.0,-99.0,2.0,-9.9,-99,-999,宜蘭縣,07,五結鄉,082
24.6887,121.7902,五結,C0U780,2017-01-17T13:00:00+08:00,15.0,-97.0,-97.0,-97.0,-0.99,-997.0,-99.0,2.0,-9.9,-99,-999,宜蘭縣,07,五結鄉,082
24.6887,121.7902,五結,C0U780,2017-01-17T14:00:00+08:00,15.0,-97.0,-97.0,-97.0,-0.99,-997.0,-99.0,2.0,-9.9,-99,-999,宜蘭縣,07,五結鄉,082
24.6887,121.7902,五結,C0U780,2017-01-17T15:00:00+08:00,15.0,-97.0,-97.0,-97.0,-0.99,-997.0,-99.0,2.0,-9.9,-99,-999,宜蘭縣,07,五結鄉,082
24.6887,121.7902,五結,C0U780,2017-01-17T16:00:00+08:00,15.0,-97.0,-97.0,-97.0,-0.99,-997.0,-99.0,2.0,-9.9,-99,-999,宜蘭縣,07,五結鄉,082
24.6887,121.7902,五結,C0U780,2017-01-17T17:00:00+08:00,15.0,-97.0,-97.0,-97.0,-0.99,-997.0,-99.0,2.0,-9.9,-99,-999,宜蘭縣,07,五結鄉,082
24.6887,121.7902,五結,C0U780,2017-01-17T18:00:00+08:00,15.0,-97.0,-97.0,-97.0,-0.99,-997.0,-99.0,2.0,-9.9,-99,-999,宜蘭縣,07,五結鄉,082
24.6887,121.7902,五結,C0U780,2017-01-17T19:00:00+08:00,15.0,-97.0,-97.0,-97.0,-0.99,-997.0,-99.0,2.0,-9.9,-99,-999,宜蘭縣,07,五結鄉,082
24.6887,121.7902,五結,C0U780,2017-01-17T20:00:00+08:00,15.0,-97.0,-97.0,-97.0,-0.99,-997.0,-99.0,2.0,-9.9,-99,-999,宜蘭縣,07,五結鄉,082
24.6887,121.7902,五結,C0U780,2017-01-17T21:00:00+08:00,15.0,-97.0,-97.0,-97.0,-0.99,-997.0,-99.0,2.0,-9.9,-99,-999,宜蘭縣,07,五結鄉,082
24.6887,121.7902,五結,C0U780,2017-01-17T22:00:00+08:00,15.0,-97.0,-97.0,-97.0,-0.99,-997.0,-99.0,2.0,-9.9,-99,-999,宜蘭縣,07,五結鄉,082
24.6887,121.7902,五結,C0U780,2017-01-17T23:00:00+08:00,15.0,-97.0,-97.0,-97.0,-0.99,-997.0,-99.0,2.0,-9.9,-99,-999,宜蘭縣,07,五結鄉,082
24.6887,121.7902,五結,C0U780,2017-01-18T00:00:00+08:00,15.0,-97.0,-97.0,-97.0,-0.99,-997.0,-99.0,2.0,-9.9,-99,-999,宜蘭縣,07,五結鄉,082
24.6887,121.7902,五結,C0U780,2017-01-18T01:00:00+08:00,15.0,-97.0,-97.0,-97.0,-0.99,-997.0,-99.0,0.0,-9.9,-99,-999,宜蘭縣,07,五結鄉,082
24.6887,121.7902,五結,C0U780,2017-01-18T02:00:00+08:00,15.0,-97.0,-97.0,-97.0,-0.99,-997.0,-99.0,0.0,-9.9,-99,-999,宜蘭縣,07,五結鄉,082
24.6887,121.7902,五結,C0U780,2017-01-18T03:00:00+08:00,15.0,-97.0,-97.0,-97.0,-0.99,-997.0,-99.0,0.0,-9.9,-99,-999,宜蘭縣,07,五結鄉,082
24.6887,121.7902,五結,C0U780,2017-01-18T04:00:00+08:00,15.0,-97.0,-97.0,-97.0,-0.99,-997.0,-99.0,0.0,-9.9,-99,-999,宜蘭縣,07,五結鄉,082
24.6887,121.7902,五結,C0U780,2017-01-18T05:00:00+08:00,15.0,-97.0,-97.0,-97.0,-0.99,-997.0,-99.0,0.0,-9.9,-99,-999,宜蘭縣,07,五結鄉,082
24.6887,121.7902,五結,C0U780,2017-01-18T06:00:00+08:00,15.0,-97.0,-97.0,-97.0,-0.99,-997.0,-99.0,0.0,-9.9,-99,-999,宜蘭縣,07,五結鄉,082
24.6887,121.7902,五結,C0U780,2017-01-18T07:00:00+08:00,15.0,-97.0,-97.0,-97.0,-0.99,-997.0,-99.0,0.0,-9.9,-99,-999,宜蘭縣,07,五結鄉,082
24.6887,121.7902,五結,C0U780,2017-01-18T08:00:00+08:00,15.0,-97.0,-97.0,-97.0,-0.99,-997.0,-99.0,0.0,-9.9,-99,-999,宜蘭縣,07,五結鄉,082
24.6887,121.7902,五結,C0U780,2017-01-18T10:00:00+08:00,15.0,-97.0,-97.0,-97.0,-0.99,-997.0,-99.0,0.0,-9.9,-99,-999,宜蘭縣,07,五結鄉,082
24.6887,121.7902,五結,C0U780,2017-01-18T11:00:00+08:00,15.0,-97.0,-97.0,-97.0,-0.99,-997.0,-99.0,0.0,-9.9,-99,-999,宜蘭縣,07,五結鄉,082
24.6887,121.7902,五結,C0U780,2017-01-18T12:00:00+08:00,15.0,-97.0,-97.0,-97.0,-0.99,-997.0,-99.0,0.0,-9.9,-99,-999,宜蘭縣,07,五結鄉,082
24.6887,121.7902,五結,C0U780,2017-01-18T13:00:00+08:00,15.0,-97.0,-97.0,-97.0,-0.99,-997.0,-99.0,0.0,-9.9,-99,-999,宜蘭縣,07,五結鄉,082
24.6887,121.7902,五結,C0U780,2017-01-18T14:00:00+08:00,15.0,-97.0,-97.0,-97.0,-0.99,-997.0,-99.0,0.0,-9.9,-99,-999,宜蘭縣,07,五結鄉,082
24.6887,121.7902,五結,C0U780,2017-01-18T15:00:00+08:00,15.0,-97.0,-97.0,-97.0,-0.99,-997.0,-99.0,0.0,-9.9,-99,-999,宜蘭縣,07,五結鄉,082
24.6887,121.7902,五結,C0U780,2017-01-18T16:00:00+08:00,15.0,-97.0,-97.0,-97.0,-0.99,-997.0,-99.0,0.0,-9.9,-99,-999,宜蘭縣,07,五結鄉,082
24.6887,121.7902,五結,C0U780,2017-01-18T17:00:00+08:00,15.0,-97.0,-97.0,-97.0,-0.99,-997.0,-99.0,0.0,-9.9,-99,-999,宜蘭縣,07,五結鄉,082
24.6887,121.7902,五結,C0U780,2017-01-18T18:00:00+08:00,15.0,-97.0,-97.0,-97.0,-0.99,-997.0,-99.0,0.0,-9.9,-99,-999,宜蘭縣,07,五結鄉,082
24.6887,121.7902,五結,C0U780,2017-01-18T19:00:00+08:00,15.0,-97.0,-97.0,-97.0,-0.99,-997.0,-99.0,0.0,-9.9,-99,-999,宜蘭縣,07,五結鄉,082
24.6887,121.7902,五結,C0U780,2017-01-18T20:00:00+08:00,15.0,-97.0,-97.0,-97.0,-0.99,-997.0,-99.0,0.0,-9.9,-99,-999,宜蘭縣,07,五結鄉,082
24.6887,121.7902,五結,C0U780,2017-01-18T21:00:00+08:00,15.0,-97.0,-97.0,-97.0,-0.99,-997.0,-99.0,0.0,-9.9,-99,-999,宜蘭縣,07,五結鄉,082
24.6887,121.7902,五結,C0U780,2017-01-18T22:00:00+08:00,15.0,-97.0,-97.0,-97.0,-0.99,-997.0,-99.0,0.0,-9.9,-99,-999,宜蘭縣,07,五結鄉,082
24.6887,121.7902,五結,C0U780,2017-01-18T23:00:00+08:00,15.0,-97.0,-97.0,-97.0,-0.99,-997.0,-99.0,0.0,-9.9,-99,-999,宜蘭縣,07,五結鄉,082
24.6887,121.7902,五結,C0U780,2017-01-19T00:00:00+08:00,15.0,-97.0,-97.0,-97.0,-0.99,-997.0,-99.0,0.0,-9.9,-99,-999,宜蘭縣,07,五結鄉,082
24.6887,121.7902,五結,C0U780,2017-01-19T01:00:00+08:00,15.0,-97.0,-97.0,-97.0,-0.99,-997.0,-99.0,0.0,-9.9,-99,-999,宜蘭縣,07,五結鄉,082
24.6887,121.7902,五結,C0U780,2017-01-19T02:00:00+08:00,15.0,-97.0,-97.0,-97.0,-0.99,-997.0,-99.0,0.0,-9.9,-99,-999,宜蘭縣,07,五結鄉,082
24.6887,121.7902,五結,C0U780,2017-01-19T03:00:00+08:00,15.0,-97.0,-97.0,-97.0,-0.99,-997.0,-99.0,0.0,-9.9,-99,-999,宜蘭縣,07,五結鄉,082
24.6887,121.7902,五結,C0U780,2017-01-19T04:00:00+08:00,15.0,-97.0,-97.0,-97.0,-0.99,-997.0,-99.0,0.0,-9.9,-99,-999,宜蘭縣,07,五結鄉,082
24.6887,121.7902,五結,C0U780,2017-01-19T05:00:00+08:00,15.0,-97.0,-97.0,-97.0,-0.99,-997.0,-99.0,0.0,-9.9,-99,-999,宜蘭縣,07,五結鄉,082
24.6887,121.7902,五結,C0U780,2017-01-19T06:00:00+08:00,15.0,-97.0,-97.0,-97.0,-0.99,-997.0,-99.0,0.0,-9.9,-99,-999,宜蘭縣,07,五結鄉,082
24.6887,121.7902,五結,C0U780,2017-01-19T07:00:00+08:00,15.0,-97.0,-97.0,-97.0,-0.99,-997.0,-99.0,0.0,-9.9,-99,-999,宜蘭縣,07,五結鄉,082
24.6887,121.7902,五結,C0U780,2017-01-19T08:00:00+08:00,15.0,-97.0,-97.0,-97.0,-0.99,-997.0,-99.0,0.0,-9.9,-99,-999,宜蘭縣,07,五結鄉,082
24.6887,121.7902,五結,C0U780,2017-01-19T09:00:00+08:00,15.0,-97.0,-97.0,-97.0,-0.99,-997.0,-99.0,0.0,-9.9,-99,-999,宜蘭縣,07,五結鄉,082
24.6887,121.7902,五結,C0U780,2017-01-19T10:00:00+08:00,15.0,-97.0,-97.0,-97.0,-0.99,-997.0,-99.0,0.0,-9.9,-99,-999,宜蘭縣,07,五結鄉,082
24.6887,121.7902,五結,C0U780,2017-01-19T11:00:00+08:00,15.0,-97.0,-97.0,-97.0,-0.99,-997.0,-99.0,0.0,-9.9,-99,-999,宜蘭縣,07,五結鄉,082
24.6887,121.7902,五結,C0U780,2017-01-19T12:00:00+08:00,15.0,-97.0,-97.0,-97.0,-0.99,-997.0,-99.0,0.0,-9.9,-99,-999,宜蘭縣,07,五結鄉,082
24.6887,121.7902,五結,C0U780,2017-01-19T13:00:00+08:00,15.0,-97.0,-97.0,-97.0,-0.99,-997.0,-99.0,0.0,-9.9,-99,-999,宜蘭縣,07,五結鄉,082
24.6887,121.7902,五結,C0U780,2017-01-19T14:00:00+08:00,15.0,-97.0,-97.0,-97.0,-0.99,-997.0,-99.0,0.0,-9.9,-99,-999,宜蘭縣,07,五結鄉,082
24.6887,121.7902,五結,C0U780,2017-01-19T15:00:00+08:00,15.0,-97.0,-97.0,-97.0,-0.99,-997.0,-99.0,0.0,-9.9,-99,-999,宜蘭縣,07,五結鄉,082
24.6887,121.7902,五結,C0U780,2017-01-19T16:00:00+08:00,15.0,-97.0,-97.0,-97.0,-0.99,-997.0,-99.0,0.0,-9.9,-99,-999,宜蘭縣,07,五結鄉,082
24.6887,121.7902,五結,C0U780,2017-01-19T17:00:00+08:00,15.0,-97.0,-97.0,-97.0,-0.99,-997.0,-99.0,0.0,-9.9,-99,-999,宜蘭縣,07,五結鄉,082
24.6887,121.7902,五結,C0U780,2017-01-19T18:00:00+08:00,15.0,-97.0,-97.0,-97.0,-0.99,-997.0,-99.0,0.0,-9.9,-99,-999,宜蘭縣,07,五結鄉,082
24.6887,121.7902,五結,C0U780,2017-01-19T19:00:00+08:00,15.0,-97.0,-97.0,-97.0,-0.99,-997.0,-99.0,0.0,-9.9,-99,-999,宜蘭縣,07,五結鄉,082
24.6887,121.7902,五結,C0U780,2017-01-19T20:00:00+08:00,15.0,-97.0,-97.0,-97.0,-0.99,-997.0,-99.0,0.0,-9.9,-99,-999,宜蘭縣,07,五結鄉,082
24.6887,121.7902,五結,C0U780,2017-01-19T21:00:00+08:00,15.0,-97.0,-97.0,-97.0,-0.99,-997.0,-99.0,0.0,-9.9,-99,-999,宜蘭縣,07,五結鄉,082
24.6887,121.7902,五結,C0U780,2017-01-19T22:00:00+08:00,15.0,-97.0,-97.0,-97.0,-0.99,-997.0,-99.0,0.0,-9.9,-99,-999,宜蘭縣,07,五結鄉,082
24.6887,121.7902,五結,C0U780,2017-01-19T23:00:00+08:00,15.0,-97.0,-97.0,-97.0,-0.99,-997.0,-99.0,0.0,-9.9,-99,-999,宜蘭縣,07,五結鄉,082
24.6887,121.7902,五結,C0U780,2017-01-20T00:00:00+08:00,15.0,-97.0,-97.0,-97.0,-0.99,-997.0,-99.0,0.0,-9.9,-99,-999,宜蘭縣,07,五結鄉,082
24.6887,121.7902,五結,C0U780,2017-01-20T01:00:00+08:00,15.0,-97.0,-97.0,-97.0,-0.99,-997.0,-99.0,0.0,-9.9,-99,-999,宜蘭縣,07,五結鄉,082
24.6887,121.7902,五結,C0U780,2017-01-20T02:00:00+08:00,15.0,-97.0,-97.0,-97.0,-0.99,-997.0,-99.0,0.0,-9.9,-99,-999,宜蘭縣,07,五結鄉,082
24.6887,121.7902,五結,C0U780,2017-01-20T03:00:00+08:00,15.0,-97.0,-97.0,-97.0,-0.99,-997.0,-99.0,0.0,-9.9,-99,-999,宜蘭縣,07,五結鄉,082
24.6887,121.7902,五結,C0U780,2017-01-20T04:00:00+08:00,15.0,-97.0,-97.0,-97.0,-0.99,-997.0,-99.0,0.0,-9.9,-99,-999,宜蘭縣,07,五結鄉,082
24.6887,121.7902,五結,C0U780,2017-01-20T05:00:00+08:00,15.0,-97.0,-97.0,-97.0,-0.99,-997.0,-99.0,0.0,-9.9,-99,-999,宜蘭縣,07,五結鄉,082
24.6887,121.7902,五結,C0U780,2017-01-20T06:00:00+08:00,15.0,-97.0,-97.0,-97.0,-0.99,-997.0,-99.0,0.0,-9.9,-99,-999,宜蘭縣,07,五結鄉,082
24.6887,121.7902,五結,C0U780,2017-01-20T07:00:00+08:00,15.0,-97.0,-97.0,-97.0,-0.99,-997.0,-99.0,0.0,-9.9,-99,-999,宜蘭縣,07,五結鄉,082
24.6887,121.7902,五結,C0U780,2017-01-20T08:00:00+08:00,15.0,-97.0,-97.0,-97.0,-0.99,-997.0,-99.0,0.0,-9.9,-99,-999,宜蘭縣,07,五結鄉,082
24.6887,121.7902,五結,C0U780,2017-01-20T09:00:00+08:00,15.0,-97.0,-97.0,-97.0,-0.99,-997.0,-99.0,0.0,-9.9,-99,-999,宜蘭縣,07,五結鄉,082
24.6887,121.7902,五結,C0U780,2017-01-20T10:00:00+08:00,15.0,-97.0,-97.0,-97.0,-0.99,-997.0,-99.0,0.0,-9.9,-99,-999,宜蘭縣,07,五結鄉,082
24.6887,121.7902,五結,C0U780,2017-01-20T11:00:00+08:00,15.0,-97.0,-97.0,-97.0,-0.99,-997.0,-99.0,0.0,-9.9,-99,-999,宜蘭縣,07,五結鄉,082
24.6887,121.7902,五結,C0U780,2017-01-20T12:00:00+08:00,15.0,-97.0,-97.0,-97.0,-0.99,-997.0,-99.0,0.0,-9.9,-99,-999,宜蘭縣,07,五結鄉,082
24.6887,121.7902,五結,C0U780,2017-01-20T13:00:00+08:00,15.0,-97.0,-97.0,-97.0,-0.99,-997.0,-99.0,0.0,-9.9,-99,-999,宜蘭縣,07,五結鄉,082
24.6887,121.7902,五結,C0U780,2017-01-20T14:00:00+08:00,15.0,-97.0,-97.0,-97.0,-0.99,-997.0,-99.0,0.0,-9.9,-99,-999,宜蘭縣,07,五結鄉,082
24.6887,121.7902,五結,C0U780,2017-01-20T15:00:00+08:00,15.0,-97.0,-97.0,-97.0,-0.99,-997.0,-99.0,0.0,-9.9,-99,-999,宜蘭縣,07,五結鄉,082
24.6887,121.7902,五結,C0U780,2017-01-20T16:00:00+08:00,15.0,-97.0,-97.0,-97.0,-0.99,-997.0,-99.0,0.0,-9.9,-99,-999,宜蘭縣,07,五結鄉,082
24.6887,121.7902,五結,C0U780,2017-01-20T17:00:00+08:00,15.0,-97.0,-97.0,-97.0,-0.99,-997.0,-99.0,0.0,-9.9,-99,-999,宜蘭縣,07,五結鄉,082
24.6887,121.7902,五結,C0U780,2017-01-20T18:00:00+08:00,15.0,-97.0,-97.0,-97.0,-0.99,-997.0,-99.0,0.0,-9.9,-99,-999,宜蘭縣,07,五結鄉,082
24.6887,121.7902,五結,C0U780,2017-01-20T19:00:00+08:00,15.0,-97.0,-97.0,-97.0,-0.99,-997.0,-99.0,0.0,-9.9,-99,-999,宜蘭縣,07,五結鄉,082
24.6887,121.7902,五結,C0U780,2017-01-20T20:00:00+08:00,15.0,-97.0,-97.0,-97.0,-0.99,-997.0,-99.0,0.0,-9.9,-99,-999,宜蘭縣,07,五結鄉,082
24.6887,121.7902,五結,C0U780,2017-01-20T21:00:00+08:00,15.0,-97.0,-97.0,-97.0,-0.99,-997.0,-99.0,0.0,-9.9,-99,-999,宜蘭縣,07,五結鄉,082
24.6887,121.7902,五結,C0U780,2017-01-20T22:00:00+08:00,15.0,-97.0,-97.0,-97.0,-0.99,-997.0,-99.0,0.0,-9.9,-99,-999,宜蘭縣,07,五結鄉,082
24.6887,121.7902,五結,C0U780,2017-01-20T23:00:00+08:00,15.0,-97.0,-97.0,-97.0,-0.99,-997.0,-99.0,0.0,-9.9,-99,-999,宜蘭縣,07,五結鄉,082
24.6887,121.7902,五結,C0U780,2017-01-21T00:00:00+08:00,15.0,-97.0,-97.0,-97.0,-0.99,-997.0,-99.0,0.0,-9.9,-99,-999,宜蘭縣,07,五結鄉,082
24.6887,121.7902,五結,C0U780,2017-01-21T01:00:00+08:00,15.0,-97.0,-97.0,-97.0,-0.99,-997.0,-99.0,0.0,-9.9,-99,-999,宜蘭縣,07,五結鄉,082
24.6887,121.7902,五結,C0U780,2017-01-21T02:00:00+08:00,15.0,-97.0,-97.0,-97.0,-0.99,-997.0,-99.0,0.0,-9.9,-99,-999,宜蘭縣,07,五結鄉,082
24.6887,121.7902,五結,C0U780,2017-01-21T03:00:00+08:00,15.0,-97.0,-97.0,-97.0,-0.99,-997.0,-99.0,0.0,-9.9,-99,-999,宜蘭縣,07,五結鄉,082
24.6887,121.7902,五結,C0U780,2017-01-21T04:00:00+08:00,15.0,-97.0,-97.0,-97.0,-0.99,-997.0,-99.0,0.0,-9.9,-99,-999,宜蘭縣,07,五結鄉,082
24.6887,121.7902,五結,C0U780,2017-01-21T05:00:00+08:00,15.0,-97.0,-97.0,-97.0,-0.99,-997.0,-99.0,0.0,-9.9,-99,-999,宜蘭縣,07,五結鄉,082
24.6887,121.7902,五結,C0U780,2017-01-21T06:00:00+08:00,15.0,-97.0,-97.0,-97.0,-0.99,-997.0,-99.0,0.0,-9.9,-99,-999,宜蘭縣,07,五結鄉,082
24.6887,121.7902,五結,C0U780,2017-01-21T07:00:00+08:00,15.0,-97.0,-97.0,-97.0,-0.99,-997.0,-99.0,0.0,-9.9,-99,-999,宜蘭縣,07,五結鄉,082
24.6887,121.7902,五結,C0U780,2017-01-21T08:00:00+08:00,15.0,-97.0,-97.0,-97.0,-0.99,-997.0,-99.0,0.0,-9.9,-99,-999,宜蘭縣,07,五結鄉,082
24.6887,121.7902,五結,C0U780,2017-01-21T10:00:00+08:00,15.0,-97.0,-97.0,-97.0,-0.99,-997.0,-99.0,0.0,-9.9,-99,-999,宜蘭縣,07,五結鄉,082
24.6887,121.7902,五結,C0U780,2017-01-21T11:00:00+08:00,15.0,-97.0,-97.0,-97.0,-0.99,-997.0,-99.0,0.0,-9.9,-99,-999,宜蘭縣,07,五結鄉,082
24.6887,121.7902,五結,C0U780,2017-01-21T12:00:00+08:00,15.0,-97.0,-97.0,-97.0,-0.99,-997.0,-99.0,0.0,-9.9,-99,-999,宜蘭縣,07,五結鄉,082
24.6887,121.7902,五結,C0U780,2017-01-21T13:00:00+08:00,15.0,-97.0,-97.0,-97.0,-0.99,-997.0,-99.0,0.0,-9.9,-99,-999,宜蘭縣,07,五結鄉,082
24.6887,121.7902,五結,C0U780,2017-01-21T14:00:00+08:00,15.0,-97.0,-97.0,-97.0,-0.99,-997.0,-99.0,0.0,-9.9,-99,-999,宜蘭縣,07,五結鄉,082
24.6887,121.7902,五結,C0U780,2017-01-21T15:00:00+08:00,15.0,-97.0,-97.0,-97.0,-0.99,-997.0,-99.0,0.0,-9.9,-99,-999,宜蘭縣,07,五結鄉,082
24.6887,121.7902,五結,C0U780,2017-01-21T16:00:00+08:00,15.0,-97.0,-97.0,-97.0,-0.99,-997.0,-99.0,0.0,-9.9,-99,-999,宜蘭縣,07,五結鄉,082
24.6887,121.7902,五結,C0U780,2017-01-21T17:00:00+08:00,15.0,-97.0,-97.0,-97.0,-0.99,-997.0,-99.0,0.0,-9.9,-99,-999,宜蘭縣,07,五結鄉,082
24.6887,121.7902,五結,C0U780,2017-01-21T18:00:00+08:00,15.0,-97.0,-97.0,-97.0,-0.99,-997.0,-99.0,0.0,-9.9,-99,-999,宜蘭縣,07,五結鄉,082
24.6887,121.7902,五結,C0U780,2017-01-21T19:00:00+08:00,15.0,-97.0,-97.0,-97.0,-0.99,-997.0,-99.0,0.0,-9.9,-99,-999,宜蘭縣,07,五結鄉,082
24.6887,121.7902,五結,C0U780,2017-01-21T20:00:00+08:00,15.0,-97.0,-97.0,-97.0,-0.99,-997.0,-99.0,0.0,-9.9,-99,-999,宜蘭縣,07,五結鄉,082
24.6887,121.7902,五結,C0U780,2017-01-21T21:00:00+08:00,15.0,-97.0,-97.0,-97.0,-0.99,-997.0,-99.0,0.0,-9.9,-99,-999,宜蘭縣,07,五結鄉,082
24.6887,121.7902,五結,C0U780,2017-01-21T22:00:00+08:00,15.0,-97.0,-97.0,-97.0,-0.99,-997.0,-99.0,0.0,-9.9,-99,-999,宜蘭縣,07,五結鄉,082
24.6887,121.7902,五結,C0U780,2017-01-21T23:00:00+08:00,15.0,-97.0,-97.0,-97.0,-0.99,-997.0,-99.0,0.0,-9.9,-99,-999,宜蘭縣,07,五結鄉,082
24.6887,121.7902,五結,C0U780,2017-01-22T00:00:00+08:00,15.0,-97.0,-97.0,-97.0,-0.99,-997.0,-99.0,0.0,-9.9,-99,-999,宜蘭縣,07,五結鄉,082
24.6887,121.7902,五結,C0U780,2017-01-22T01:00:00+08:00,15.0,-97.0,-97.0,-97.0,-0.99,-997.0,-99.0,0.0,-9.9,-99,-999,宜蘭縣,07,五結鄉,082
24.6887,121.7902,五結,C0U780,2017-01-22T02:00:00+08:00,15.0,-97.0,-97.0,-97.0,-0.99,-997.0,-99.0,0.0,-9.9,-99,-999,宜蘭縣,07,五結鄉,082
24.6887,121.7902,五結,C0U780,2017-01-22T03:00:00+08:00,15.0,-97.0,-97.0,-97.0,-0.99,-997.0,-99.0,0.0,-9.9,-99,-999,宜蘭縣,07,五結鄉,082
24.6887,121.7902,五結,C0U780,2017-01-22T04:00:00+08:00,15.0,-97.0,-97.0,-97.0,-0.99,-997.0,-99.0,0.0,-9.9,-99,-999,宜蘭縣,07,五結鄉,082
24.6887,121.7902,五結,C0U780,2017-01-22T05:00:00+08:00,15.0,-97.0,-97.0,-97.0,-0.99,-997.0,-99.0,0.0,-9.9,-99,-999,宜蘭縣,07,五結鄉,082
24.6887,121.7902,五結,C0U780,2017-01-22T06:00:00+08:00,15.0,-97.0,-97.0,-97.0,-0.99,-997.0,-99.0,0.0,-9.9,-99,-999,宜蘭縣,07,五結鄉,082
24.6887,121.7902,五結,C0U780,2017-01-22T08:00:00+08:00,15.0,-97.0,-97.0,-97.0,-0.99,-997.0,-99.0,0.0,-9.9,-99,-999,宜蘭縣,07,五結鄉,082
24.6887,121.7902,五結,C0U780,2017-01-22T09:00:00+08:00,15.0,-97.0,-97.0,-97.0,-0.99,-997.0,-99.0,0.0,-9.9,-99,-999,宜蘭縣,07,五結鄉,082
24.6887,121.7902,五結,C0U780,2017-01-22T10:00:00+08:00,15.0,-97.0,-97.0,-97.0,-0.99,-997.0,-99.0,0.0,-9.9,-99,-999,宜蘭縣,07,五結鄉,082
24.6887,121.7902,五結,C0U780,2017-01-22T11:00:00+08:00,15.0,-97.0,-97.0,-97.0,-0.99,-997.0,-99.0,0.0,-9.9,-99,-999,宜蘭縣,07,五結鄉,082
24.6887,121.7902,五結,C0U780,2017-01-22T12:00:00+08:00,15.0,-97.0,-97.0,-97.0,-0.99,-997.0,-99.0,0.0,-9.9,-99,-999,宜蘭縣,07,五結鄉,082
24.6887,121.7902,五結,C0U780,2017-01-22T13:00:00+08:00,15.0,-97.0,-97.0,-97.0,-0.99,-997.0,-99.0,0.0,-9.9,-99,-999,宜蘭縣,07,五結鄉,082
24.6887,121.7902,五結,C0U780,2017-01-22T14:00:00+08:00,15.0,-97.0,-97.0,-97.0,-0.99,-997.0,-99.0,0.0,-9.9,-99,-999,宜蘭縣,07,五結鄉,082
24.6887,121.7902,五結,C0U780,2017-01-22T15:00:00+08:00,15.0,-97.0,-97.0,-97.0,-0.99,-997.0,-99.0,0.0,-9.9,-99,-999,宜蘭縣,07,五結鄉,082
24.6887,121.7902,五結,C0U780,2017-01-22T16:00:00+08:00,15.0,-97.0,-97.0,-97.0,-0.99,-997.0,-99.0,0.0,-9.9,-99,-999,宜蘭縣,07,五結鄉,082
24.6887,121.7902,五結,C0U780,2017-01-22T17:00:00+08:00,15.0,-97.0,-97.0,-97.0,-0.99,-997.0,-99.0,0.0,-9.9,-99,-999,宜蘭縣,07,五結鄉,082
24.6887,121.7902,五結,C0U780,2017-01-22T18:00:00+08:00,15.0,-97.0,-97.0,-97.0,-0.99,-997.0,-99.0,0.0,-9.9,-99,-999,宜蘭縣,07,五結鄉,082
24.6887,121.7902,五結,C0U780,2017-01-22T19:00:00+08:00,15.0,-97.0,-97.0,-97.0,-0.99,-997.0,-99.0,0.0,-9.9,-99,-999,宜蘭縣,07,五結鄉,082
24.6887,121.7902,五結,C0U780,2017-01-22T20:00:00+08:00,15.0,-97.0,-97.0,-97.0,-0.99,-997.0,-99.0,0.0,-9.9,-99,-999,宜蘭縣,07,五結鄉,082
24.6887,121.7902,五結,C0U780,2017-01-22T21:00:00+08:00,15.0,-97.0,-97.0,-97.0,-0.99,-997.0,-99.0,0.0,-9.9,-99,-999,宜蘭縣,07,五結鄉,082
24.6887,121.7902,五結,C0U780,2017-01-22T22:00:00+08:00,15.0,-97.0,-97.0,-97.0,-0.99,-997.0,-99.0,0.0,-9.9,-99,-999,宜蘭縣,07,五結鄉,082
24.6887,121.7902,五結,C0U780,2017-01-22T23:00:00+08:00,15.0,-97.0,-97.0,-97.0,-0.99,-997.0,-99.0,0.0,-9.9,-99,-999,宜蘭縣,07,五結鄉,082
24.6887,121.7902,五結,C0U780,2017-01-23T00:00:00+08:00,15.0,-97.0,-97.0,-97.0,-0.99,-997.0,-99.0,0.0,-9.9,-99,-999,宜蘭縣,07,五結鄉,082
24.6887,121.7902,五結,C0U780,2017-01-23T02:00:00+08:00,15.0,-97.0,-97.0,-97.0,-0.99,-997.0,-99.0,0.0,-9.9,-99,-999,宜蘭縣,07,五結鄉,082
24.6887,121.7902,五結,C0U780,2017-01-23T03:00:00+08:00,15.0,-97.0,-97.0,-97.0,-0.99,-997.0,-99.0,0.0,-9.9,-99,-999,宜蘭縣,07,五結鄉,082
24.6887,121.7902,五結,C0U780,2017-01-23T04:00:00+08:00,15.0,-97.0,-97.0,-97.0,-0.99,-997.0,-99.0,0.0,-9.9,-99,-999,宜蘭縣,07,五結鄉,082
24.6887,121.7902,五結,C0U780,2017-01-23T05:00:00+08:00,15.0,-97.0,-97.0,-97.0,-0.99,-997.0,-99.0,0.0,-9.9,-99,-999,宜蘭縣,07,五結鄉,082
24.6887,121.7902,五結,C0U780,2017-01-23T06:00:00+08:00,15.0,-97.0,-97.0,-97.0,-0.99,-997.0,-99.0,0.0,-9.9,-99,-999,宜蘭縣,07,五結鄉,082
24.6887,121.7902,五結,C0U780,2017-01-23T07:00:00+08:00,15.0,-97.0,-97.0,-97.0,-0.99,-997.0,-99.0,0.0,-9.9,-99,-999,宜蘭縣,07,五結鄉,082
24.6887,121.7902,五結,C0U780,2017-01-23T08:00:00+08:00,15.0,-97.0,-97.0,-97.0,-0.99,-997.0,-99.0,0.0,-9.9,-99,-999,宜蘭縣,07,五結鄉,082
24.6887,121.7902,五結,C0U780,2017-01-23T09:00:00+08:00,15.0,-97.0,-97.0,-97.0,-0.99,-997.0,-99.0,0.0,-9.9,-99,-999,宜蘭縣,07,五結鄉,082
24.6887,121.7902,五結,C0U780,2017-01-23T10:00:00+08:00,15.0,257.0,1.4,13.2,-0.99,1029.7,-99.0,0.0,-9.9,-99,-999,宜蘭縣,07,五結鄉,082
24.6887,121.7902,五結,C0U780,2017-01-23T11:00:00+08:00,15.0,-97.0,-97.0,-97.0,-0.99,-997.0,-99.0,0.0,-9.9,-99,-999,宜蘭縣,07,五結鄉,082
24.6887,121.7902,五結,C0U780,2017-01-23T12:00:00+08:00,15.0,-97.0,-97.0,-97.0,-0.99,-997.0,-99.0,0.0,-9.9,-99,-999,宜蘭縣,07,五結鄉,082
24.6887,121.7902,五結,C0U780,2017-01-23T13:00:00+08:00,15.0,-97.0,-97.0,-97.0,-0.99,-997.0,-99.0,0.0,-9.9,-99,-999,宜蘭縣,07,五結鄉,082
24.6887,121.7902,五結,C0U780,2017-01-23T14:00:00+08:00,15.0,-97.0,-97.0,-97.0,-0.99,-997.0,-99.0,0.0,-9.9,-99,-999,宜蘭縣,07,五結鄉,082
24.6887,121.7902,五結,C0U780,2017-01-23T15:00:00+08:00,15.0,-97.0,-97.0,-97.0,-0.99,-997.0,-99.0,0.0,-9.9,-99,-999,宜蘭縣,07,五結鄉,082
24.6887,121.7902,五結,C0U780,2017-01-23T16:00:00+08:00,15.0,-97.0,-97.0,-97.0,-0.99,-997.0,-99.0,0.0,-9.9,-99,-999,宜蘭縣,07,五結鄉,082
24.6887,121.7902,五結,C0U780,2017-01-23T17:00:00+08:00,15.0,-97.0,-97.0,-97.0,-0.99,-997.0,-99.0,0.0,-9.9,-99,-999,宜蘭縣,07,五結鄉,082
24.6887,121.7902,五結,C0U780,2017-01-23T18:00:00+08:00,15.0,-97.0,-97.0,-97.0,-0.99,-997.0,-99.0,0.0,-9.9,-99,-999,宜蘭縣,07,五結鄉,082
24.6887,121.7902,五結,C0U780,2017-01-23T19:00:00+08:00,15.0,-97.0,-97.0,-97.0,-0.99,-997.0,-99.0,0.5,-9.9,-99,-999,宜蘭縣,07,五結鄉,082
24.6887,121.7902,五結,C0U780,2017-01-23T20:00:00+08:00,15.0,-97.0,-97.0,-97.0,-0.99,-997.0,-99.0,1.0,-9.9,-99,-999,宜蘭縣,07,五結鄉,082
24.6887,121.7902,五結,C0U780,2017-01-23T21:00:00+08:00,15.0,-97.0,-97.0,-97.0,-0.99,-997.0,-99.0,1.0,-9.9,-99,-999,宜蘭縣,07,五結鄉,082
24.6887,121.7902,五結,C0U780,2017-01-23T23:00:00+08:00,15.0,-97.0,-97.0,-97.0,-0.99,-997.0,-99.0,2.0,-9.9,-99,-999,宜蘭縣,07,五結鄉,082
24.6887,121.7902,五結,C0U780,2017-01-24T00:00:00+08:00,15.0,-97.0,-97.0,-97.0,-0.99,-997.0,-99.0,3.0,-9.9,-99,-999,宜蘭縣,07,五結鄉,082
24.6887,121.7902,五結,C0U780,2017-01-24T01:00:00+08:00,15.0,-97.0,-97.0,-97.0,-0.99,-997.0,-99.0,0.0,-9.9,-99,-999,宜蘭縣,07,五結鄉,082
24.6887,121.7902,五結,C0U780,2017-01-24T02:00:00+08:00,15.0,-97.0,-97.0,-97.0,-0.99,-997.0,-99.0,0.5,-9.9,-99,-999,宜蘭縣,07,五結鄉,082
24.6887,121.7902,五結,C0U780,2017-01-24T03:00:00+08:00,15.0,-97.0,-97.0,-97.0,-0.99,-997.0,-99.0,0.5,-9.9,-99,-999,宜蘭縣,07,五結鄉,082
24.6887,121.7902,五結,C0U780,2017-01-24T04:00:00+08:00,15.0,-97.0,-97.0,-97.0,-0.99,-997.0,-99.0,1.5,-9.9,-99,-999,宜蘭縣,07,五結鄉,082
24.6887,121.7902,五結,C0U780,2017-01-24T05:00:00+08:00,15.0,-97.0,-97.0,-97.0,-0.99,-997.0,-99.0,1.5,-9.9,-99,-999,宜蘭縣,07,五結鄉,082
24.6887,121.7902,五結,C0U780,2017-01-24T06:00:00+08:00,15.0,-97.0,-97.0,-97.0,-0.99,-997.0,-99.0,2.0,-9.9,-99,-999,宜蘭縣,07,五結鄉,082
24.6887,121.7902,五結,C0U780,2017-01-24T07:00:00+08:00,15.0,-97.0,-97.0,-97.0,-0.99,-997.0,-99.0,2.0,-9.9,-99,-999,宜蘭縣,07,五結鄉,082
24.6887,121.7902,五結,C0U780,2017-01-24T08:00:00+08:00,15.0,-97.0,-97.0,-97.0,-0.99,-997.0,-99.0,2.0,-9.9,-99,-999,宜蘭縣,07,五結鄉,082
24.6887,121.7902,五結,C0U780,2017-01-24T10:00:00+08:00,15.0,-97.0,-97.0,-97.0,-0.99,-997.0,-99.0,3.5,-9.9,-99,-999,宜蘭縣,07,五結鄉,082
24.6887,121.7902,五結,C0U780,2017-01-24T11:00:00+08:00,15.0,-97.0,-97.0,-97.0,-0.99,-997.0,-99.0,4.5,-9.9,-99,-999,宜蘭縣,07,五結鄉,082
24.6887,121.7902,五結,C0U780,2017-01-24T12:00:00+08:00,15.0,-97.0,-97.0,-97.0,-0.99,-997.0,-99.0,4.5,-9.9,-99,-999,宜蘭縣,07,五結鄉,082
24.6887,121.7902,五結,C0U780,2017-01-24T13:00:00+08:00,15.0,-97.0,-97.0,-97.0,-0.99,-997.0,-99.0,4.5,-9.9,-99,-999,宜蘭縣,07,五結鄉,082
24.6887,121.7902,五結,C0U780,2017-01-24T14:00:00+08:00,15.0,-97.0,-97.0,-97.0,-0.99,-997.0,-99.0,5.0,-9.9,-99,-999,宜蘭縣,07,五結鄉,082
24.6887,121.7902,五結,C0U780,2017-01-24T15:00:00+08:00,15.0,-97.0,-97.0,-97.0,-0.99,-997.0,-99.0,5.5,-9.9,-99,-999,宜蘭縣,07,五結鄉,082
24.6887,121.7902,五結,C0U780,2017-01-24T16:00:00+08:00,15.0,-97.0,-97.0,-97.0,-0.99,-997.0,-99.0,7.0,-9.9,-99,-999,宜蘭縣,07,五結鄉,082
24.6887,121.7902,五結,C0U780,2017-01-24T17:00:00+08:00,15.0,-97.0,-97.0,-97.0,-0.99,-997.0,-99.0,8.0,-9.9,-99,-999,宜蘭縣,07,五結鄉,082
24.6887,121.7902,五結,C0U780,2017-01-24T19:00:00+08:00,15.0,-97.0,-97.0,-97.0,-0.99,-997.0,-99.0,12.5,-9.9,-99,-999,宜蘭縣,07,五結鄉,082
24.6887,121.7902,五結,C0U780,2017-01-24T20:00:00+08:00,15.0,-97.0,-97.0,-97.0,-0.99,-997.0,-99.0,15.0,-9.9,-99,-999,宜蘭縣,07,五結鄉,082
24.6887,121.7902,五結,C0U780,2017-01-24T21:00:00+08:00,15.0,-97.0,-97.0,-97.0,-0.99,-997.0,-99.0,16.0,-9.9,-99,-999,宜蘭縣,07,五結鄉,082
24.6887,121.7902,五結,C0U780,2017-01-24T22:00:00+08:00,15.0,-97.0,-97.0,-97.0,-0.99,-997.0,-99.0,16.5,-9.9,-99,-999,宜蘭縣,07,五結鄉,082
24.6887,121.7902,五結,C0U780,2017-01-24T23:00:00+08:00,15.0,-97.0,-97.0,-97.0,-0.99,-997.0,-99.0,17.0,-9.9,-99,-999,宜蘭縣,07,五結鄉,082
24.6887,121.7902,五結,C0U780,2017-01-25T00:00:00+08:00,15.0,-97.0,-97.0,-97.0,-0.99,-997.0,-99.0,17.5,-9.9,-99,-999,宜蘭縣,07,五結鄉,082
24.6887,121.7902,五結,C0U780,2017-01-25T01:00:00+08:00,15.0,-97.0,-97.0,-97.0,-0.99,-997.0,-99.0,0.5,-9.9,-99,-999,宜蘭縣,07,五結鄉,082
24.6887,121.7902,五結,C0U780,2017-01-25T02:00:00+08:00,15.0,-97.0,-97.0,-97.0,-0.99,-997.0,-99.0,1.0,-9.9,-99,-999,宜蘭縣,07,五結鄉,082
24.6887,121.7902,五結,C0U780,2017-01-25T03:00:00+08:00,15.0,-97.0,-97.0,-97.0,-0.99,-997.0,-99.0,2.0,-9.9,-99,-999,宜蘭縣,07,五結鄉,082
24.6887,121.7902,五結,C0U780,2017-01-25T04:00:00+08:00,15.0,-97.0,-97.0,-97.0,-0.99,-997.0,-99.0,2.0,-9.9,-99,-999,宜蘭縣,07,五結鄉,082
24.6887,121.7902,五結,C0U780,2017-01-25T05:00:00+08:00,15.0,-97.0,-97.0,-97.0,-0.99,-997.0,-99.0,2.5,-9.9,-99,-999,宜蘭縣,07,五結鄉,082
24.6887,121.7902,五結,C0U780,2017-01-25T06:00:00+08:00,15.0,-97.0,-97.0,-97.0,-0.99,-997.0,-99.0,2.5,-9.9,-99,-999,宜蘭縣,07,五結鄉,082
24.6887,121.7902,五結,C0U780,2017-01-25T07:00:00+08:00,15.0,-97.0,-97.0,-97.0,-0.99,-997.0,-99.0,2.5,-9.9,-99,-999,宜蘭縣,07,五結鄉,082
24.6887,121.7902,五結,C0U780,2017-01-25T08:00:00+08:00,15.0,-97.0,-97.0,-97.0,-0.99,-997.0,-99.0,4.5,-9.9,-99,-999,宜蘭縣,07,五結鄉,082
24.6887,121.7902,五結,C0U780,2017-01-25T09:00:00+08:00,15.0,-97.0,-97.0,-97.0,-0.99,-997.0,-99.0,5.5,-9.9,-99,-999,宜蘭縣,07,五結鄉,082
24.6887,121.7902,五結,C0U780,2017-01-25T10:00:00+08:00,15.0,-97.0,-97.0,-97.0,-0.99,-997.0,-99.0,6.0,-9.9,-99,-999,宜蘭縣,07,五結鄉,082
24.6887,121.7902,五結,C0U780,2017-01-25T11:00:00+08:00,15.0,-97.0,-97.0,-97.0,-0.99,-997.0,-99.0,6.0,-9.9,-99,-999,宜蘭縣,07,五結鄉,082
24.6887,121.7902,五結,C0U780,2017-01-25T12:00:00+08:00,15.0,-97.0,-97.0,-97.0,-0.99,-997.0,-99.0,7.0,-9.9,-99,-999,宜蘭縣,07,五結鄉,082
24.6887,121.7902,五結,C0U780,2017-01-25T13:00:00+08:00,15.0,-97.0,-97.0,-97.0,-0.99,-997.0,-99.0,7.5,-9.9,-99,-999,宜蘭縣,07,五結鄉,082
24.6887,121.7902,五結,C0U780,2017-01-25T14:00:00+08:00,15.0,-97.0,-97.0,-97.0,-0.99,-997.0,-99.0,8.5,-9.9,-99,-999,宜蘭縣,07,五結鄉,082
24.6887,121.7902,五結,C0U780,2017-01-25T15:00:00+08:00,15.0,-97.0,-97.0,-97.0,-0.99,-997.0,-99.0,10.0,-9.9,-99,-999,宜蘭縣,07,五結鄉,082
24.6887,121.7902,五結,C0U780,2017-01-25T16:00:00+08:00,15.0,-97.0,-97.0,-97.0,-0.99,-997.0,-99.0,10.0,-9.9,-99,-999,宜蘭縣,07,五結鄉,082
24.6887,121.7902,五結,C0U780,2017-01-25T17:00:00+08:00,15.0,-97.0,-97.0,-97.0,-0.99,-997.0,-99.0,10.0,-9.9,-99,-999,宜蘭縣,07,五結鄉,082
24.6887,121.7902,五結,C0U780,2017-01-25T18:00:00+08:00,15.0,-97.0,-97.0,-97.0,-0.99,-997.0,-99.0,10.0,-9.9,-99,-999,宜蘭縣,07,五結鄉,082
24.6887,121.7902,五結,C0U780,2017-01-25T19:00:00+08:00,15.0,-97.0,-97.0,-97.0,-0.99,-997.0,-99.0,10.0,-9.9,-99,-999,宜蘭縣,07,五結鄉,082
24.6887,121.7902,五結,C0U780,2017-01-25T20:00:00+08:00,15.0,-97.0,-97.0,-97.0,-0.99,-997.0,-99.0,10.0,-9.9,-99,-999,宜蘭縣,07,五結鄉,082
24.6887,121.7902,五結,C0U780,2017-01-25T21:00:00+08:00,15.0,-97.0,-97.0,-97.0,-0.99,-997.0,-99.0,10.0,-9.9,-99,-999,宜蘭縣,07,五結鄉,082
24.6887,121.7902,五結,C0U780,2017-01-25T22:00:00+08:00,15.0,-97.0,-97.0,-97.0,-0.99,-997.0,-99.0,10.0,-9.9,-99,-999,宜蘭縣,07,五結鄉,082
24.6887,121.7902,五結,C0U780,2017-01-25T23:00:00+08:00,15.0,-97.0,-97.0,-97.0,-0.99,-997.0,-99.0,10.0,-9.9,-99,-999,宜蘭縣,07,五結鄉,082
24.6887,121.7902,五結,C0U780,2017-01-26T00:00:00+08:00,15.0,-97.0,-97.0,-97.0,-0.99,-997.0,-99.0,10.0,-9.9,-99,-999,宜蘭縣,07,五結鄉,082
24.6887,121.7902,五結,C0U780,2017-01-26T01:00:00+08:00,15.0,-97.0,-97.0,-97.0,-0.99,-997.0,-99.0,0.0,-9.9,-99,-999,宜蘭縣,07,五結鄉,082
24.6887,121.7902,五結,C0U780,2017-01-26T02:00:00+08:00,15.0,-97.0,-97.0,-97.0,-0.99,-997.0,-99.0,0.0,-9.9,-99,-999,宜蘭縣,07,五結鄉,082
24.6887,121.7902,五結,C0U780,2017-01-26T03:00:00+08:00,15.0,-97.0,-97.0,-97.0,-0.99,-997.0,-99.0,0.0,-9.9,-99,-999,宜蘭縣,07,五結鄉,082
24.6887,121.7902,五結,C0U780,2017-01-26T04:00:00+08:00,15.0,-97.0,-97.0,-97.0,-0.99,-997.0,-99.0,0.0,-9.9,-99,-999,宜蘭縣,07,五結鄉,082
24.6887,121.7902,五結,C0U780,2017-01-26T05:00:00+08:00,15.0,-97.0,-97.0,-97.0,-0.99,-997.0,-99.0,0.0,-9.9,-99,-999,宜蘭縣,07,五結鄉,082
24.6887,121.7902,五結,C0U780,2017-01-26T06:00:00+08:00,15.0,-97.0,-97.0,-97.0,-0.99,-997.0,-99.0,0.0,-9.9,-99,-999,宜蘭縣,07,五結鄉,082
24.6887,121.7902,五結,C0U780,2017-01-26T07:00:00+08:00,15.0,-97.0,-97.0,-97.0,-0.99,-997.0,-99.0,0.0,-9.9,-99,-999,宜蘭縣,07,五結鄉,082
24.6887,121.7902,五結,C0U780,2017-01-26T08:00:00+08:00,15.0,-97.0,-97.0,-97.0,-0.99,-997.0,-99.0,0.0,-9.9,-99,-999,宜蘭縣,07,五結鄉,082
24.6887,121.7902,五結,C0U780,2017-01-26T10:00:00+08:00,15.0,-97.0,-97.0,-97.0,-0.99,-997.0,-99.0,0.0,-9.9,-99,-999,宜蘭縣,07,五結鄉,082
24.6887,121.7902,五結,C0U780,2017-01-26T11:00:00+08:00,15.0,-97.0,-97.0,-97.0,-0.99,-997.0,-99.0,0.0,-9.9,-99,-999,宜蘭縣,07,五結鄉,082
24.6887,121.7902,五結,C0U780,2017-01-26T12:00:00+08:00,15.0,-97.0,-97.0,-97.0,-0.99,-997.0,-99.0,0.0,-9.9,-99,-999,宜蘭縣,07,五結鄉,082
24.6887,121.7902,五結,C0U780,2017-01-26T13:00:00+08:00,15.0,-97.0,-97.0,-97.0,-0.99,-997.0,-99.0,0.0,-9.9,-99,-999,宜蘭縣,07,五結鄉,082
24.6887,121.7902,五結,C0U780,2017-01-26T14:00:00+08:00,15.0,-97.0,-97.0,-97.0,-0.99,-997.0,-99.0,0.0,-9.9,-99,-999,宜蘭縣,07,五結鄉,082
24.6887,121.7902,五結,C0U780,2017-01-26T15:00:00+08:00,15.0,-97.0,-97.0,-97.0,-0.99,-997.0,-99.0,0.0,-9.9,-99,-999,宜蘭縣,07,五結鄉,082
24.6887,121.7902,五結,C0U780,2017-01-26T16:00:00+08:00,15.0,-97.0,-97.0,-97.0,-0.99,-997.0,-99.0,0.0,-9.9,-99,-999,宜蘭縣,07,五結鄉,082
24.6887,121.7902,五結,C0U780,2017-01-26T17:00:00+08:00,15.0,-97.0,-97.0,-97.0,-0.99,-997.0,-99.0,0.0,-9.9,-99,-999,宜蘭縣,07,五結鄉,082
24.6887,121.7902,五結,C0U780,2017-01-26T18:00:00+08:00,15.0,-97.0,-97.0,-97.0,-0.99,-997.0,-99.0,0.0,-9.9,-99,-999,宜蘭縣,07,五結鄉,082
24.6887,121.7902,五結,C0U780,2017-01-26T19:00:00+08:00,15.0,-97.0,-97.0,-97.0,-0.99,-997.0,-99.0,0.0,-9.9,-99,-999,宜蘭縣,07,五結鄉,082
24.6887,121.7902,五結,C0U780,2017-01-26T20:00:00+08:00,15.0,-97.0,-97.0,-97.0,-0.99,-997.0,-99.0,0.0,-9.9,-99,-999,宜蘭縣,07,五結鄉,082
24.6887,121.7902,五結,C0U780,2017-01-26T21:00:00+08:00,15.0,-97.0,-97.0,-97.0,-0.99,-997.0,-99.0,0.0,-9.9,-99,-999,宜蘭縣,07,五結鄉,082
24.6887,121.7902,五結,C0U780,2017-01-26T22:00:00+08:00,15.0,-97.0,-97.0,-97.0,-0.99,-997.0,-99.0,0.0,-9.9,-99,-999,宜蘭縣,07,五結鄉,082
24.6887,121.7902,五結,C0U780,2017-01-26T23:00:00+08:00,15.0,-97.0,-97.0,-97.0,-0.99,-997.0,-99.0,0.0,-9.9,-99,-999,宜蘭縣,07,五結鄉,082
24.6887,121.7902,五結,C0U780,2017-01-27T00:00:00+08:00,15.0,-97.0,-97.0,-97.0,-0.99,-997.0,-99.0,0.0,-9.9,-99,-999,宜蘭縣,07,五結鄉,082
24.6887,121.7902,五結,C0U780,2017-01-27T01:00:00+08:00,15.0,-97.0,-97.0,-97.0,-0.99,-997.0,-99.0,0.0,-9.9,-99,-999,宜蘭縣,07,五結鄉,082
24.6887,121.7902,五結,C0U780,2017-01-27T02:00:00+08:00,15.0,-97.0,-97.0,-97.0,-0.99,-997.0,-99.0,0.0,-9.9,-99,-999,宜蘭縣,07,五結鄉,082
24.6887,121.7902,五結,C0U780,2017-01-27T03:00:00+08:00,15.0,-97.0,-97.0,-97.0,-0.99,-997.0,-99.0,0.0,-9.9,-99,-999,宜蘭縣,07,五結鄉,082
24.6887,121.7902,五結,C0U780,2017-01-27T04:00:00+08:00,15.0,-97.0,-97.0,-97.0,-0.99,-997.0,-99.0,0.0,-9.9,-99,-999,宜蘭縣,07,五結鄉,082
24.6887,121.7902,五結,C0U780,2017-01-27T05:00:00+08:00,15.0,-97.0,-97.0,-97.0,-0.99,-997.0,-99.0,0.0,-9.9,-99,-999,宜蘭縣,07,五結鄉,082
24.6887,121.7902,五結,C0U780,2017-01-27T06:00:00+08:00,15.0,-97.0,-97.0,-97.0,-0.99,-997.0,-99.0,0.0,-9.9,-99,-999,宜蘭縣,07,五結鄉,082
24.6887,121.7902,五結,C0U780,2017-01-27T07:00:00+08:00,15.0,-97.0,-97.0,-97.0,-0.99,-997.0,-99.0,0.0,-9.9,-99,-999,宜蘭縣,07,五結鄉,082
24.6887,121.7902,五結,C0U780,2017-01-27T08:00:00+08:00,15.0,-97.0,-97.0,-97.0,-0.99,-997.0,-99.0,0.0,-9.9,-99,-999,宜蘭縣,07,五結鄉,082
24.6887,121.7902,五結,C0U780,2017-01-27T09:00:00+08:00,15.0,-97.0,-97.0,-97.0,-0.99,-997.0,-99.0,0.0,-9.9,-99,-999,宜蘭縣,07,五結鄉,082
24.6887,121.7902,五結,C0U780,2017-01-27T10:00:00+08:00,15.0,-97.0,-97.0,-97.0,-0.99,-997.0,-99.0,0.0,-9.9,-99,-999,宜蘭縣,07,五結鄉,082
24.6887,121.7902,五結,C0U780,2017-01-27T11:00:00+08:00,15.0,-97.0,-97.0,-97.0,-0.99,-997.0,-99.0,0.0,-9.9,-99,-999,宜蘭縣,07,五結鄉,082
24.6887,121.7902,五結,C0U780,2017-01-27T12:00:00+08:00,15.0,-97.0,-97.0,-97.0,-0.99,-997.0,-99.0,0.0,-9.9,-99,-999,宜蘭縣,07,五結鄉,082
24.6887,121.7902,五結,C0U780,2017-01-27T13:00:00+08:00,15.0,-97.0,-97.0,-97.0,-0.99,-997.0,-99.0,0.0,-9.9,-99,-999,宜蘭縣,07,五結鄉,082
24.6887,121.7902,五結,C0U780,2017-01-27T14:00:00+08:00,15.0,-97.0,-97.0,-97.0,-0.99,-997.0,-99.0,0.0,-9.9,-99,-999,宜蘭縣,07,五結鄉,082
24.6887,121.7902,五結,C0U780,2017-01-27T15:00:00+08:00,15.0,-97.0,-97.0,-97.0,-0.99,-997.0,-99.0,0.0,-9.9,-99,-999,宜蘭縣,07,五結鄉,082
24.6887,121.7902,五結,C0U780,2017-01-27T16:00:00+08:00,15.0,-97.0,-97.0,-97.0,-0.99,-997.0,-99.0,0.0,-9.9,-99,-999,宜蘭縣,07,五結鄉,082
24.6887,121.7902,五結,C0U780,2017-01-27T17:00:00+08:00,15.0,-97.0,-97.0,-97.0,-0.99,-997.0,-99.0,0.0,-9.9,-99,-999,宜蘭縣,07,五結鄉,082
24.6887,121.7902,五結,C0U780,2017-01-27T18:00:00+08:00,15.0,-97.0,-97.0,-97.0,-0.99,-997.0,-99.0,0.0,-9.9,-99,-999,宜蘭縣,07,五結鄉,082
24.6887,121.7902,五結,C0U780,2017-01-27T19:00:00+08:00,15.0,-97.0,-97.0,-97.0,-0.99,-997.0,-99.0,0.0,-9.9,-99,-999,宜蘭縣,07,五結鄉,082
24.6887,121.7902,五結,C0U780,2017-01-27T20:00:00+08:00,15.0,-97.0,-97.0,-97.0,-0.99,-997.0,-99.0,0.0,-9.9,-99,-999,宜蘭縣,07,五結鄉,082
24.6887,121.7902,五結,C0U780,2017-01-27T21:00:00+08:00,15.0,-97.0,-97.0,-97.0,-0.99,-997.0,-99.0,0.0,-9.9,-99,-999,宜蘭縣,07,五結鄉,082
24.6887,121.7902,五結,C0U780,2017-01-27T22:00:00+08:00,15.0,-97.0,-97.0,-97.0,-0.99,-997.0,-99.0,0.0,-9.9,-99,-999,宜蘭縣,07,五結鄉,082
24.6887,121.7902,五結,C0U780,2017-01-27T23:00:00+08:00,15.0,-97.0,-97.0,-97.0,-0.99,-997.0,-99.0,0.0,-9.9,-99,-999,宜蘭縣,07,五結鄉,082
24.6887,121.7902,五結,C0U780,2017-01-28T00:00:00+08:00,15.0,-97.0,-97.0,-97.0,-0.99,-997.0,-99.0,0.0,-9.9,-99,-999,宜蘭縣,07,五結鄉,082
24.6887,121.7902,五結,C0U780,2017-01-28T01:00:00+08:00,15.0,-97.0,-97.0,-97.0,-0.99,-997.0,-99.0,0.0,-9.9,-99,-999,宜蘭縣,07,五結鄉,082
24.6887,121.7902,五結,C0U780,2017-01-28T02:00:00+08:00,15.0,-97.0,-97.0,-97.0,-0.99,-997.0,-99.0,0.0,-9.9,-99,-999,宜蘭縣,07,五結鄉,082
24.6887,121.7902,五結,C0U780,2017-01-28T03:00:00+08:00,15.0,-97.0,-97.0,-97.0,-0.99,-997.0,-99.0,0.0,-9.9,-99,-999,宜蘭縣,07,五結鄉,082
24.6887,121.7902,五結,C0U780,2017-01-28T04:00:00+08:00,15.0,-97.0,-97.0,-97.0,-0.99,-997.0,-99.0,0.0,-9.9,-99,-999,宜蘭縣,07,五結鄉,082
24.6887,121.7902,五結,C0U780,2017-01-28T05:00:00+08:00,15.0,-97.0,-97.0,-97.0,-0.99,-997.0,-99.0,0.0,-9.9,-99,-999,宜蘭縣,07,五結鄉,082
24.6887,121.7902,五結,C0U780,2017-01-28T06:00:00+08:00,15.0,-97.0,-97.0,-97.0,-0.99,-997.0,-99.0,0.0,-9.9,-99,-999,宜蘭縣,07,五結鄉,082
24.6887,121.7902,五結,C0U780,2017-01-28T07:00:00+08:00,15.0,-97.0,-97.0,-97.0,-0.99,-997.0,-99.0,0.0,-9.9,-99,-999,宜蘭縣,07,五結鄉,082
24.6887,121.7902,五結,C0U780,2017-01-28T08:00:00+08:00,15.0,-97.0,-97.0,-97.0,-0.99,-997.0,-99.0,0.0,-9.9,-99,-999,宜蘭縣,07,五結鄉,082
24.6887,121.7902,五結,C0U780,2017-01-28T09:00:00+08:00,15.0,-97.0,-97.0,-97.0,-0.99,-997.0,-99.0,0.0,-9.9,-99,-999,宜蘭縣,07,五結鄉,082
24.6887,121.7902,五結,C0U780,2017-01-28T10:00:00+08:00,15.0,-97.0,-97.0,-97.0,-0.99,-997.0,-99.0,0.0,-9.9,-99,-999,宜蘭縣,07,五結鄉,082
24.6887,121.7902,五結,C0U780,2017-01-28T11:00:00+08:00,15.0,-97.0,-97.0,-97.0,-0.99,-997.0,-99.0,0.0,-9.9,-99,-999,宜蘭縣,07,五結鄉,082
24.6887,121.7902,五結,C0U780,2017-01-28T12:00:00+08:00,15.0,-97.0,-97.0,-97.0,-0.99,-997.0,-99.0,0.0,-9.9,-99,-999,宜蘭縣,07,五結鄉,082
24.6887,121.7902,五結,C0U780,2017-01-28T13:00:00+08:00,15.0,-97.0,-97.0,-97.0,-0.99,-997.0,-99.0,0.0,-9.9,-99,-999,宜蘭縣,07,五結鄉,082
24.6887,121.7902,五結,C0U780,2017-01-28T14:00:00+08:00,15.0,-97.0,-97.0,-97.0,-0.99,-997.0,-99.0,0.0,-9.9,-99,-999,宜蘭縣,07,五結鄉,082
24.6887,121.7902,五結,C0U780,2017-01-28T15:00:00+08:00,15.0,-97.0,-97.0,-97.0,-0.99,-997.0,-99.0,0.0,-9.9,-99,-999,宜蘭縣,07,五結鄉,082
24.6887,121.7902,五結,C0U780,2017-01-28T16:00:00+08:00,15.0,-97.0,-97.0,-97.0,-0.99,-997.0,-99.0,0.0,-9.9,-99,-999,宜蘭縣,07,五結鄉,082
24.6887,121.7902,五結,C0U780,2017-01-28T17:00:00+08:00,15.0,-97.0,-97.0,-97.0,-0.99,-997.0,-99.0,0.0,-9.9,-99,-999,宜蘭縣,07,五結鄉,082
24.6887,121.7902,五結,C0U780,2017-01-28T18:00:00+08:00,15.0,-97.0,-97.0,-97.0,-0.99,-997.0,-99.0,0.0,-9.9,-99,-999,宜蘭縣,07,五結鄉,082
24.6887,121.7902,五結,C0U780,2017-01-28T19:00:00+08:00,15.0,-97.0,-97.0,-97.0,-0.99,-997.0,-99.0,0.0,-9.9,-99,-999,宜蘭縣,07,五結鄉,082
24.6887,121.7902,五結,C0U780,2017-01-28T20:00:00+08:00,15.0,-97.0,-97.0,-97.0,-0.99,-997.0,-99.0,0.0,-9.9,-99,-999,宜蘭縣,07,五結鄉,082
24.6887,121.7902,五結,C0U780,2017-01-28T21:00:00+08:00,15.0,-97.0,-97.0,-97.0,-0.99,-997.0,-99.0,0.0,-9.9,-99,-999,宜蘭縣,07,五結鄉,082
24.6887,121.7902,五結,C0U780,2017-01-28T22:00:00+08:00,15.0,-97.0,-97.0,-97.0,-0.99,-997.0,-99.0,0.0,-9.9,-99,-999,宜蘭縣,07,五結鄉,082
24.6887,121.7902,五結,C0U780,2017-01-28T23:00:00+08:00,15.0,-97.0,-97.0,-97.0,-0.99,-997.0,-99.0,0.0,-9.9,-99,-999,宜蘭縣,07,五結鄉,082
24.6887,121.7902,五結,C0U780,2017-01-29T00:00:00+08:00,15.0,-97.0,-97.0,-97.0,-0.99,-997.0,-99.0,0.0,-9.9,-99,-999,宜蘭縣,07,五結鄉,082
24.6887,121.7902,五結,C0U780,2017-01-29T01:00:00+08:00,15.0,-97.0,-97.0,-97.0,-0.99,-997.0,-99.0,0.0,-9.9,-99,-999,宜蘭縣,07,五結鄉,082
24.6887,121.7902,五結,C0U780,2017-01-29T02:00:00+08:00,15.0,-97.0,-97.0,-97.0,-0.99,-997.0,-99.0,0.0,-9.9,-99,-999,宜蘭縣,07,五結鄉,082
24.6887,121.7902,五結,C0U780,2017-01-29T03:00:00+08:00,15.0,-97.0,-97.0,-97.0,-0.99,-997.0,-99.0,0.0,-9.9,-99,-999,宜蘭縣,07,五結鄉,082
24.6887,121.7902,五結,C0U780,2017-01-29T04:00:00+08:00,15.0,-97.0,-97.0,-97.0,-0.99,-997.0,-99.0,0.0,-9.9,-99,-999,宜蘭縣,07,五結鄉,082
24.6887,121.7902,五結,C0U780,2017-01-29T05:00:00+08:00,15.0,-97.0,-97.0,-97.0,-0.99,-997.0,-99.0,0.0,-9.9,-99,-999,宜蘭縣,07,五結鄉,082
24.6887,121.7902,五結,C0U780,2017-01-29T06:00:00+08:00,15.0,-97.0,-97.0,-97.0,-0.99,-997.0,-99.0,0.0,-9.9,-99,-999,宜蘭縣,07,五結鄉,082
24.6887,121.7902,五結,C0U780,2017-01-29T07:00:00+08:00,15.0,-97.0,-97.0,-97.0,-0.99,-997.0,-99.0,0.0,-9.9,-99,-999,宜蘭縣,07,五結鄉,082
24.6887,121.7902,五結,C0U780,2017-01-29T08:00:00+08:00,15.0,-97.0,-97.0,-97.0,-0.99,-997.0,-99.0,0.0,-9.9,-99,-999,宜蘭縣,07,五結鄉,082
24.6887,121.7902,五結,C0U780,2017-01-29T09:00:00+08:00,15.0,-97.0,-97.0,-97.0,-0.99,-997.0,-99.0,0.0,-9.9,-99,-999,宜蘭縣,07,五結鄉,082
24.6887,121.7902,五結,C0U780,2017-01-29T10:00:00+08:00,15.0,-97.0,-97.0,-97.0,-0.99,-997.0,-99.0,0.0,-9.9,-99,-999,宜蘭縣,07,五結鄉,082
24.6887,121.7902,五結,C0U780,2017-01-29T11:00:00+08:00,15.0,-97.0,-97.0,-97.0,-0.99,-997.0,-99.0,0.0,-9.9,-99,-999,宜蘭縣,07,五結鄉,082
24.6887,121.7902,五結,C0U780,2017-01-29T12:00:00+08:00,15.0,-97.0,-97.0,-97.0,-0.99,-997.0,-99.0,0.0,-9.9,-99,-999,宜蘭縣,07,五結鄉,082
24.6887,121.7902,五結,C0U780,2017-01-29T13:00:00+08:00,15.0,-97.0,-97.0,-97.0,-0.99,-997.0,-99.0,0.0,-9.9,-99,-999,宜蘭縣,07,五結鄉,082
24.6887,121.7902,五結,C0U780,2017-01-29T14:00:00+08:00,15.0,-97.0,-97.0,-97.0,-0.99,-997.0,-99.0,0.0,-9.9,-99,-999,宜蘭縣,07,五結鄉,082
24.6887,121.7902,五結,C0U780,2017-01-29T15:00:00+08:00,15.0,-97.0,-97.0,-97.0,-0.99,-997.0,-99.0,0.0,-9.9,-99,-999,宜蘭縣,07,五結鄉,082
24.6887,121.7902,五結,C0U780,2017-01-29T16:00:00+08:00,15.0,-97.0,-97.0,-97.0,-0.99,-997.0,-99.0,0.0,-9.9,-99,-999,宜蘭縣,07,五結鄉,082
24.6887,121.7902,五結,C0U780,2017-01-29T17:00:00+08:00,15.0,-97.0,-97.0,-97.0,-0.99,-997.0,-99.0,0.0,-9.9,-99,-999,宜蘭縣,07,五結鄉,082
24.6887,121.7902,五結,C0U780,2017-01-29T18:00:00+08:00,15.0,-97.0,-97.0,-97.0,-0.99,-997.0,-99.0,0.0,-9.9,-99,-999,宜蘭縣,07,五結鄉,082
24.6887,121.7902,五結,C0U780,2017-01-29T19:00:00+08:00,15.0,-97.0,-97.0,-97.0,-0.99,-997.0,-99.0,0.0,-9.9,-99,-999,宜蘭縣,07,五結鄉,082
24.6887,121.7902,五結,C0U780,2017-01-29T20:00:00+08:00,15.0,-97.0,-97.0,-97.0,-0.99,-997.0,-99.0,0.0,-9.9,-99,-999,宜蘭縣,07,五結鄉,082
24.6887,121.7902,五結,C0U780,2017-01-29T21:00:00+08:00,15.0,-97.0,-97.0,-97.0,-0.99,-997.0,-99.0,0.0,-9.9,-99,-999,宜蘭縣,07,五結鄉,082
24.6887,121.7902,五結,C0U780,2017-01-29T22:00:00+08:00,15.0,-97.0,-97.0,-97.0,-0.99,-997.0,-99.0,0.0,-9.9,-99,-999,宜蘭縣,07,五結鄉,082
24.6887,121.7902,五結,C0U780,2017-01-29T23:00:00+08:00,15.0,-97.0,-97.0,-97.0,-0.99,-997.0,-99.0,0.0,-9.9,-99,-999,宜蘭縣,07,五結鄉,082
24.6887,121.7902,五結,C0U780,2017-01-30T00:00:00+08:00,15.0,-97.0,-97.0,-97.0,-0.99,-997.0,-99.0,0.0,-9.9,-99,-999,宜蘭縣,07,五結鄉,082
24.6887,121.7902,五結,C0U780,2017-01-30T01:00:00+08:00,15.0,-97.0,-97.0,-97.0,-0.99,-997.0,-99.0,0.0,-9.9,-99,-999,宜蘭縣,07,五結鄉,082
24.6887,121.7902,五結,C0U780,2017-01-30T02:00:00+08:00,15.0,-97.0,-97.0,-97.0,-0.99,-997.0,-99.0,0.0,-9.9,-99,-999,宜蘭縣,07,五結鄉,082
24.6887,121.7902,五結,C0U780,2017-01-30T03:00:00+08:00,15.0,-97.0,-97.0,-97.0,-0.99,-997.0,-99.0,0.0,-9.9,-99,-999,宜蘭縣,07,五結鄉,082
24.6887,121.7902,五結,C0U780,2017-01-30T04:00:00+08:00,15.0,-97.0,-97.0,-97.0,-0.99,-997.0,-99.0,0.0,-9.9,-99,-999,宜蘭縣,07,五結鄉,082
24.6887,121.7902,五結,C0U780,2017-01-30T05:00:00+08:00,15.0,-97.0,-97.0,-97.0,-0.99,-997.0,-99.0,0.0,-9.9,-99,-999,宜蘭縣,07,五結鄉,082
24.6887,121.7902,五結,C0U780,2017-01-30T06:00:00+08:00,15.0,-97.0,-97.0,-97.0,-0.99,-997.0,-99.0,0.0,-9.9,-99,-999,宜蘭縣,07,五結鄉,082
24.6887,121.7902,五結,C0U780,2017-01-30T07:00:00+08:00,15.0,-97.0,-97.0,-97.0,-0.99,-997.0,-99.0,0.0,-9.9,-99,-999,宜蘭縣,07,五結鄉,082
24.6887,121.7902,五結,C0U780,2017-01-30T08:00:00+08:00,15.0,-97.0,-97.0,-97.0,-0.99,-997.0,-99.0,0.0,-9.9,-99,-999,宜蘭縣,07,五結鄉,082
24.6887,121.7902,五結,C0U780,2017-01-30T09:00:00+08:00,15.0,-97.0,-97.0,-97.0,-0.99,-997.0,-99.0,0.0,-9.9,-99,-999,宜蘭縣,07,五結鄉,082
24.6887,121.7902,五結,C0U780,2017-01-30T10:00:00+08:00,15.0,-97.0,-97.0,-97.0,-0.99,-997.0,-99.0,0.0,-9.9,-99,-999,宜蘭縣,07,五結鄉,082
24.6887,121.7902,五結,C0U780,2017-01-30T11:00:00+08:00,15.0,-97.0,-97.0,-97.0,-0.99,-997.0,-99.0,0.0,-9.9,-99,-999,宜蘭縣,07,五結鄉,082
24.6887,121.7902,五結,C0U780,2017-01-30T12:00:00+08:00,15.0,-97.0,-97.0,-97.0,-0.99,-997.0,-99.0,0.0,-9.9,-99,-999,宜蘭縣,07,五結鄉,082
24.6887,121.7902,五結,C0U780,2017-01-30T13:00:00+08:00,15.0,-97.0,-97.0,-97.0,-0.99,-997.0,-99.0,0.5,-9.9,-99,-999,宜蘭縣,07,五結鄉,082
24.6887,121.7902,五結,C0U780,2017-01-30T14:00:00+08:00,15.0,-97.0,-97.0,-97.0,-0.99,-997.0,-99.0,0.5,-9.9,-99,-999,宜蘭縣,07,五結鄉,082
24.6887,121.7902,五結,C0U780,2017-01-30T15:00:00+08:00,15.0,-97.0,-97.0,-97.0,-0.99,-997.0,-99.0,2.0,-9.9,-99,-999,宜蘭縣,07,五結鄉,082
24.6887,121.7902,五結,C0U780,2017-01-30T16:00:00+08:00,15.0,-97.0,-97.0,-97.0,-0.99,-997.0,-99.0,3.5,-9.9,-99,-999,宜蘭縣,07,五結鄉,082
24.6887,121.7902,五結,C0U780,2017-01-30T17:00:00+08:00,15.0,-97.0,-97.0,-97.0,-0.99,-997.0,-99.0,4.5,-9.9,-99,-999,宜蘭縣,07,五結鄉,082
24.6887,121.7902,五結,C0U780,2017-01-30T18:00:00+08:00,15.0,-97.0,-97.0,-97.0,-0.99,-997.0,-99.0,5.0,-9.9,-99,-999,宜蘭縣,07,五結鄉,082
24.6887,121.7902,五結,C0U780,2017-01-30T20:00:00+08:00,15.0,-97.0,-97.0,-97.0,-0.99,-997.0,-99.0,6.5,-9.9,-99,-999,宜蘭縣,07,五結鄉,082
24.6887,121.7902,五結,C0U780,2017-01-30T21:00:00+08:00,15.0,-97.0,-97.0,-97.0,-0.99,-997.0,-99.0,6.5,-9.9,-99,-999,宜蘭縣,07,五結鄉,082
24.6887,121.7902,五結,C0U780,2017-01-30T22:00:00+08:00,15.0,-97.0,-97.0,-97.0,-0.99,-997.0,-99.0,7.5,-9.9,-99,-999,宜蘭縣,07,五結鄉,082
24.6887,121.7902,五結,C0U780,2017-01-30T23:00:00+08:00,15.0,-97.0,-97.0,-97.0,-0.99,-997.0,-99.0,8.0,-9.9,-99,-999,宜蘭縣,07,五結鄉,082
24.6887,121.7902,五結,C0U780,2017-01-31T00:00:00+08:00,15.0,-97.0,-97.0,-97.0,-0.99,-997.0,-99.0,10.0,-9.9,-99,-999,宜蘭縣,07,五結鄉,082
24.6887,121.7902,五結,C0U780,2017-01-31T01:00:00+08:00,15.0,-97.0,-97.0,-97.0,-0.99,-997.0,-99.0,2.5,-9.9,-99,-999,宜蘭縣,07,五結鄉,082
24.6887,121.7902,五結,C0U780,2017-01-31T02:00:00+08:00,15.0,-97.0,-97.0,-97.0,-0.99,-997.0,-99.0,6.0,-9.9,-99,-999,宜蘭縣,07,五結鄉,082
24.6887,121.7902,五結,C0U780,2017-01-31T03:00:00+08:00,15.0,-97.0,-97.0,-97.0,-0.99,-997.0,-99.0,9.0,-9.9,-99,-999,宜蘭縣,07,五結鄉,082
24.6887,121.7902,五結,C0U780,2017-01-31T04:00:00+08:00,15.0,-97.0,-97.0,-97.0,-0.99,-997.0,-99.0,13.0,-9.9,-99,-999,宜蘭縣,07,五結鄉,082
24.6887,121.7902,五結,C0U780,2017-01-31T05:00:00+08:00,15.0,-97.0,-97.0,-97.0,-0.99,-997.0,-99.0,15.0,-9.9,-99,-999,宜蘭縣,07,五結鄉,082
24.6887,121.7902,五結,C0U780,2017-01-31T06:00:00+08:00,15.0,-97.0,-97.0,-97.0,-0.99,-997.0,-99.0,16.0,-9.9,-99,-999,宜蘭縣,07,五結鄉,082
24.6887,121.7902,五結,C0U780,2017-01-31T07:00:00+08:00,15.0,-97.0,-97.0,-97.0,-0.99,-997.0,-99.0,17.5,-9.9,-99,-999,宜蘭縣,07,五結鄉,082
