22.9728,120.5318,月眉,C0V260,2017-01-10T10:00:00+08:00,122.0,221.0,2.0,23.8,0.63,1004.6,-99.0,0.0,-9.9,-99,-999,高雄市,05,杉林區,269
22.9728,120.5318,月眉,C0V260,2017-01-10T11:00:00+08:00,122.0,233.0,2.2,25.1,0.60,1003.9,-99.0,0.0,-9.9,-99,-999,高雄市,05,杉林區,269
22.9728,120.5318,月眉,C0V260,2017-01-10T12:00:00+08:00,122.0,261.0,3.3,25.4,0.58,1003.2,-99.0,0.0,-9.9,-99,-999,高雄市,05,杉林區,269
22.9728,120.5318,月眉,C0V260,2017-01-10T13:00:00+08:00,122.0,317.0,1.4,25.3,0.57,1002.3,-99.0,0.0,-9.9,-99,-999,高雄市,05,杉林區,269
22.9728,120.5318,月眉,C0V260,2017-01-10T14:00:00+08:00,122.0,290.0,1.8,26.4,0.53,1001.2,-99.0,0.0,-9.9,-99,-999,高雄市,05,杉林區,269
22.9728,120.5318,月眉,C0V260,2017-01-10T16:00:00+08:00,122.0,236.0,1.9,26.0,0.51,1001.4,-99.0,0.0,-9.9,-99,-999,高雄市,05,杉林區,269
22.9728,120.5318,月眉,C0V260,2017-01-10T17:00:00+08:00,122.0,279.0,1.0,24.1,0.60,1002.0,-99.0,0.0,-9.9,-99,-999,高雄市,05,杉林區,269
22.9728,120.5318,月眉,C0V260,2017-01-10T18:00:00+08:00,122.0,159.0,1.6,22.1,0.69,1002.5,-99.0,0.0,-9.9,-99,-999,高雄市,05,杉林區,269
22.9728,120.5318,月眉,C0V260,2017-01-10T19:00:00+08:00,122.0,0.0,0.1,21.3,0.72,1003.2,-99.0,0.0,-9.9,-99,-999,高雄市,05,杉林區,269
22.9728,120.5318,月眉,C0V260,2017-01-10T20:00:00+08:00,122.0,11.0,0.8,19.3,0.84,1003.7,-99.0,0.0,-9.9,-99,-999,高雄市,05,杉林區,269
22.9728,120.5318,月眉,C0V260,2017-01-10T21:00:00+08:00,122.0,32.0,0.5,18.5,0.87,1004.1,-99.0,0.0,-9.9,-99,-999,高雄市,05,杉林區,269
22.9728,120.5318,月眉,C0V260,2017-01-10T22:00:00+08:00,122.0,64.0,1.4,17.8,0.90,1004.3,-99.0,0.0,-9.9,-99,-999,高雄市,05,杉林區,269
22.9728,120.5318,月眉,C0V260,2017-01-10T23:00:00+08:00,122.0,86.0,0.6,17.4,0.90,1004.3,-99.0,0.0,-9.9,-99,-999,高雄市,05,杉林區,269
22.9728,120.5318,月眉,C0V260,2017-01-11T00:00:00+08:00,122.0,125.0,0.8,16.9,0.92,1003.8,-99.0,0.0,-9.9,-99,-999,高雄市,05,杉林區,269
22.9728,120.5318,月眉,C0V260,2017-01-11T01:00:00+08:00,122.0,99.0,0.8,16.3,0.93,1003.7,-99.0,0.0,-9.9,-99,-999,高雄市,05,杉林區,269
22.9728,120.5318,月眉,C0V260,2017-01-11T02:00:00+08:00,122.0,115.0,0.7,16.1,0.93,1003.2,-99.0,0.0,-9.9,-99,-999,高雄市,05,杉林區,269
22.9728,120.5318,月眉,C0V260,2017-01-11T03:00:00+08:00,122.0,0.0,0.1,15.6,0.94,1002.9,-99.0,0.0,-9.9,-99,-999,高雄市,05,杉林區,269
22.9728,120.5318,月眉,C0V260,2017-01-11T04:00:00+08:00,122.0,7.0,0.4,15.5,0.94,1002.7,-99.0,0.0,-9.9,-99,-999,高雄市,05,杉林區,269
22.9728,120.5318,月眉,C0V260,2017-01-11T05:00:00+08:00,122.0,57.0,1.2,15.8,0.93,1002.8,-99.0,0.0,-9.9,-99,-999,高雄市,05,杉林區,269
22.9728,120.5318,月眉,C0V260,2017-01-11T06:00:00+08:00,122.0,0.0,0.2,15.7,0.91,1003.5,-99.0,0.0,-9.9,-99,-999,高雄市,05,杉林區,269
22.9728,120.5318,月眉,C0V260,2017-01-11T07:00:00+08:00,122.0,0.0,0.0,15.4,0.92,1003.9,-99.0,0.0,-9.9,-99,-999,高雄市,05,杉林區,269
22.9728,120.5318,月眉,C0V260,2017-01-11T08:00:00+08:00,122.0,39.0,1.1,17.0,0.85,1004.4,-99.0,0.0,-9.9,-99,-999,高雄市,05,杉林區,269
22.9728,120.5318,月眉,C0V260,2017-01-11T09:00:00+08:00,122.0,78.0,0.9,20.1,0.68,1004.9,-99.0,0.0,-9.9,-99,-999,高雄市,05,杉林區,269
22.9728,120.5318,月眉,C0V260,2017-01-11T10:00:00+08:00,122.0,218.0,1.3,22.8,0.61,1004.7,-99.0,0.0,-9.9,-99,-999,高雄市,05,杉林區,269
22.9728,120.5318,月眉,C0V260,2017-01-11T11:00:00+08:00,122.0,226.0,1.1,24.7,0.57,1003.7,-99.0,0.0,-9.9,-99,-999,高雄市,05,杉林區,269
22.9728,120.5318,月眉,C0V260,2017-01-11T12:00:00+08:00,122.0,204.0,2.3,26.7,0.51,1002.5,-99.0,0.0,-9.9,-99,-999,高雄市,05,杉林區,269
22.9728,120.5318,月眉,C0V260,2017-01-11T14:00:00+08:00,122.0,268.0,2.5,26.2,0.55,1000.5,-99.0,0.0,-9.9,-99,-999,高雄市,05,杉林區,269
22.9728,120.5318,月眉,C0V260,2017-01-11T16:00:00+08:00,122.0,297.0,1.4,26.1,0.52,999.9,-99.0,0.0,-9.9,-99,-999,高雄市,05,杉林區,269
22.9728,120.5318,月眉,C0V260,2017-01-11T19:00:00+08:00,122.0,162.0,1.5,22.0,0.71,1002.1,-99.0,0.0,-9.9,-99,-999,高雄市,05,杉林區,269
22.9728,120.5318,月眉,C0V260,2017-01-11T20:00:00+08:00,122.0,186.0,1.3,21.4,0.75,1002.7,-99.0,0.0,-9.9,-99,-999,高雄市,05,杉林區,269
22.9728,120.5318,月眉,C0V260,2017-01-11T21:00:00+08:00,122.0,196.0,1.2,20.6,0.77,1003.0,-99.0,0.0,-9.9,-99,-999,高雄市,05,杉林區,269
22.9728,120.5318,月眉,C0V260,2017-01-11T22:00:00+08:00,122.0,179.0,0.9,20.0,0.79,1003.4,-99.0,0.0,-9.9,-99,-999,高雄市,05,杉林區,269
22.9728,120.5318,月眉,C0V260,2017-01-11T23:00:00+08:00,122.0,201.0,1.3,19.6,0.82,1003.4,-99.0,0.0,-9.9,-99,-999,高雄市,05,杉林區,269
22.9728,120.5318,月眉,C0V260,2017-01-12T00:00:00+08:00,122.0,176.0,1.1,19.1,0.84,1002.9,-99.0,0.0,-9.9,-99,-999,高雄市,05,杉林區,269
22.9728,120.5318,月眉,C0V260,2017-01-12T01:00:00+08:00,122.0,205.0,0.7,18.9,0.86,1002.4,-99.0,0.0,-9.9,-99,-999,高雄市,05,杉林區,269
22.9728,120.5318,月眉,C0V260,2017-01-12T02:00:00+08:00,122.0,187.0,1.1,18.8,0.87,1002.1,-99.0,0.0,-9.9,-99,-999,高雄市,05,杉林區,269
22.9728,120.5318,月眉,C0V260,2017-01-12T03:00:00+08:00,122.0,0.0,0.2,18.5,0.88,1001.7,-99.0,0.0,-9.9,-99,-999,高雄市,05,杉林區,269
22.9728,120.5318,月眉,C0V260,2017-01-12T04:00:00+08:00,122.0,307.0,0.5,18.6,0.88,1001.2,-99.0,0.0,-9.9,-99,-999,高雄市,05,杉林區,269
22.9728,120.5318,月眉,C0V260,2017-01-12T05:00:00+08:00,122.0,77.0,0.9,18.3,0.90,1001.1,-99.0,0.0,-9.9,-99,-999,高雄市,05,杉林區,269
22.9728,120.5318,月眉,C0V260,2017-01-12T06:00:00+08:00,122.0,191.0,0.3,17.6,0.93,1000.9,-99.0,0.0,-9.9,-99,-999,高雄市,05,杉林區,269
22.9728,120.5318,月眉,C0V260,2017-01-12T07:00:00+08:00,122.0,197.0,0.7,17.1,0.94,1000.9,-99.0,0.0,-9.9,-99,-999,高雄市,05,杉林區,269
22.9728,120.5318,月眉,C0V260,2017-01-12T08:00:00+08:00,122.0,238.0,0.7,18.6,0.91,1001.4,-99.0,0.0,-9.9,-99,-999,高雄市,05,杉林區,269
22.9728,120.5318,月眉,C0V260,2017-01-12T09:00:00+08:00,122.0,250.0,0.8,21.4,0.77,1001.4,-99.0,0.0,-9.9,-99,-999,高雄市,05,杉林區,269
22.9728,120.5318,月眉,C0V260,2017-01-12T10:00:00+08:00,122.0,209.0,1.7,23.9,0.67,1001.7,-99.0,0.0,-9.9,-99,-999,高雄市,05,杉林區,269
22.9728,120.5318,月眉,C0V260,2017-01-12T11:00:00+08:00,122.0,223.0,1.9,26.2,0.57,1000.8,-99.0,0.0,-9.9,-99,-999,高雄市,05,杉林區,269
22.9728,120.5318,月眉,C0V260,2017-01-12T13:00:00+08:00,122.0,281.0,2.9,26.3,0.58,998.7,-99.0,0.0,-9.9,-99,-999,高雄市,05,杉林區,269
22.9728,120.5318,月眉,C0V260,2017-01-12T14:00:00+08:00,122.0,252.0,2.0,26.3,0.56,997.9,-99.0,0.0,-9.9,-99,-999,高雄市,05,杉林區,269
22.9728,120.5318,月眉,C0V260,2017-01-12T15:00:00+08:00,122.0,264.0,1.9,26.2,0.57,997.5,-99.0,0.0,-9.9,-99,-999,高雄市,05,杉林區,269
22.9728,120.5318,月眉,C0V260,2017-01-12T16:00:00+08:00,122.0,280.0,2.2,25.1,0.61,997.6,-99.0,0.0,-9.9,-99,-999,高雄市,05,杉林區,269
22.9728,120.5318,月眉,C0V260,2017-01-12T17:00:00+08:00,122.0,275.0,1.3,23.4,0.67,998.0,-99.0,0.0,-9.9,-99,-999,高雄市,05,杉林區,269
22.9728,120.5318,月眉,C0V260,2017-01-12T18:00:00+08:00,122.0,211.0,1.4,22.1,0.73,998.2,-99.0,0.0,-9.9,-99,-999,高雄市,05,杉林區,269
22.9728,120.5318,月眉,C0V260,2017-01-12T19:00:00+08:00,122.0,201.0,1.1,21.6,0.78,999.1,-99.0,0.0,-9.9,-99,-999,高雄市,05,杉林區,269
22.9728,120.5318,月眉,C0V260,2017-01-12T20:00:00+08:00,122.0,179.0,0.5,21.2,0.81,999.7,-99.0,0.0,-9.9,-99,-999,高雄市,05,杉林區,269
22.9728,120.5318,月眉,C0V260,2017-01-12T21:00:00+08:00,122.0,203.0,1.8,20.9,0.83,1000.1,-99.0,0.0,-9.9,-99,-999,高雄市,05,杉林區,269
22.9728,120.5318,月眉,C0V260,2017-01-12T22:00:00+08:00,122.0,342.0,0.4,19.3,0.88,999.9,-99.0,0.0,-9.9,-99,-999,高雄市,05,杉林區,269
22.9728,120.5318,月眉,C0V260,2017-01-12T23:00:00+08:00,122.0,193.0,1.1,18.5,0.91,999.8,-99.0,0.0,-9.9,-99,-999,高雄市,05,杉林區,269
22.9728,120.5318,月眉,C0V260,2017-01-13T00:00:00+08:00,122.0,183.0,0.6,18.2,0.92,999.7,-99.0,0.0,-9.9,-99,-999,高雄市,05,杉林區,269
22.9728,120.5318,月眉,C0V260,2017-01-13T01:00:00+08:00,122.0,3.0,0.6,18.0,0.93,998.8,-99.0,0.0,-9.9,-99,-999,高雄市,05,杉林區,269
22.9728,120.5318,月眉,C0V260,2017-01-13T02:00:00+08:00,122.0,282.0,0.3,17.6,0.94,998.8,-99.0,0.0,-9.9,-99,-999,高雄市,05,杉林區,269
22.9728,120.5318,月眉,C0V260,2017-01-13T03:00:00+08:00,122.0,214.0,1.2,17.3,0.95,998.9,-99.0,0.0,-9.9,-99,-999,高雄市,05,杉林區,269
22.9728,120.5318,月眉,C0V260,2017-01-13T04:00:00+08:00,122.0,60.0,1.2,17.7,0.94,998.7,-99.0,0.0,-9.9,-99,-999,高雄市,05,杉林區,269
22.9728,120.5318,月眉,C0V260,2017-01-13T05:00:00+08:00,122.0,70.0,0.7,17.3,0.95,998.0,-99.0,0.0,-9.9,-99,-999,高雄市,05,杉林區,269
22.9728,120.5318,月眉,C0V260,2017-01-13T06:00:00+08:00,122.0,136.0,0.8,17.0,0.96,998.3,-99.0,0.0,-9.9,-99,-999,高雄市,05,杉林區,269
22.9728,120.5318,月眉,C0V260,2017-01-13T07:00:00+08:00,122.0,72.0,0.7,16.6,0.96,998.9,-99.0,0.0,-9.9,-99,-999,高雄市,05,杉林區,269
22.9728,120.5318,月眉,C0V260,2017-01-13T08:00:00+08:00,122.0,6.0,0.4,17.5,0.96,999.7,-99.0,0.0,-9.9,-99,-999,高雄市,05,杉林區,269
22.9728,120.5318,月眉,C0V260,2017-01-13T09:00:00+08:00,122.0,292.0,0.9,20.9,0.81,999.9,-99.0,0.0,-9.9,-99,-999,高雄市,05,杉林區,269
22.9728,120.5318,月眉,C0V260,2017-01-13T10:00:00+08:00,122.0,208.0,2.5,24.3,0.68,999.8,-99.0,0.0,-9.9,-99,-999,高雄市,05,杉林區,269
22.9728,120.5318,月眉,C0V260,2017-01-13T11:00:00+08:00,122.0,187.0,2.7,26.5,0.61,999.2,-99.0,0.0,-9.9,-99,-999,高雄市,05,杉林區,269
22.9728,120.5318,月眉,C0V260,2017-01-13T12:00:00+08:00,122.0,235.0,3.0,27.7,0.56,998.1,-99.0,0.0,-9.9,-99,-999,高雄市,05,杉林區,269
22.9728,120.5318,月眉,C0V260,2017-01-13T13:00:00+08:00,122.0,242.0,2.5,28.2,0.54,997.5,-99.0,0.0,-9.9,-99,-999,高雄市,05,杉林區,269
22.9728,120.5318,月眉,C0V260,2017-01-13T14:00:00+08:00,122.0,243.0,1.8,27.5,0.55,996.9,-99.0,0.0,-9.9,-99,-999,高雄市,05,杉林區,269
22.9728,120.5318,月眉,C0V260,2017-01-13T15:00:00+08:00,122.0,295.0,1.9,25.6,0.63,996.8,-99.0,0.0,-9.9,-99,-999,高雄市,05,杉林區,269
22.9728,120.5318,月眉,C0V260,2017-01-13T16:00:00+08:00,122.0,276.0,1.6,25.2,0.64,997.2,-99.0,0.0,-9.9,-99,-999,高雄市,05,杉林區,269
22.9728,120.5318,月眉,C0V260,2017-01-13T17:00:00+08:00,122.0,199.0,1.2,24.2,0.68,997.7,-99.0,0.0,-9.9,-99,-999,高雄市,05,杉林區,269
22.9728,120.5318,月眉,C0V260,2017-01-13T18:00:00+08:00,122.0,233.0,1.7,22.6,0.71,997.9,-99.0,0.0,-9.9,-99,-999,高雄市,05,杉林區,269
22.9728,120.5318,月眉,C0V260,2017-01-13T19:00:00+08:00,122.0,190.0,2.1,21.4,0.73,998.6,-99.0,0.0,-9.9,-99,-999,高雄市,05,杉林區,269
22.9728,120.5318,月眉,C0V260,2017-01-13T20:00:00+08:00,122.0,214.0,1.4,20.7,0.74,999.3,-99.0,0.0,-9.9,-99,-999,高雄市,05,杉林區,269
22.9728,120.5318,月眉,C0V260,2017-01-13T21:00:00+08:00,122.0,218.0,1.5,19.7,0.76,999.8,-99.0,0.0,-9.9,-99,-999,高雄市,05,杉林區,269
22.9728,120.5318,月眉,C0V260,2017-01-13T22:00:00+08:00,122.0,215.0,1.1,19.7,0.77,1000.1,-99.0,0.0,-9.9,-99,-999,高雄市,05,杉林區,269
22.9728,120.5318,月眉,C0V260,2017-01-13T23:00:00+08:00,122.0,230.0,1.1,19.4,0.79,1000.1,-99.0,0.0,-9.9,-99,-999,高雄市,05,杉林區,269
22.9728,120.5318,月眉,C0V260,2017-01-14T00:00:00+08:00,122.0,193.0,1.7,18.8,0.80,1000.1,-99.0,0.0,-9.9,-99,-999,高雄市,05,杉林區,269
22.9728,120.5318,月眉,C0V260,2017-01-14T01:00:00+08:00,122.0,187.0,1.7,18.4,0.81,999.9,-99.0,0.0,-9.9,-99,-999,高雄市,05,杉林區,269
22.9728,120.5318,月眉,C0V260,2017-01-14T02:00:00+08:00,122.0,223.0,0.8,17.9,0.83,999.6,-99.0,0.0,-9.9,-99,-999,高雄市,05,杉林區,269
22.9728,120.5318,月眉,C0V260,2017-01-14T03:00:00+08:00,122.0,213.0,1.4,17.9,0.84,999.5,-99.0,0.0,-9.9,-99,-999,高雄市,05,杉林區,269
22.9728,120.5318,月眉,C0V260,2017-01-14T04:00:00+08:00,122.0,185.0,0.8,17.9,0.84,999.4,-99.0,0.0,-9.9,-99,-999,高雄市,05,杉林區,269
22.9728,120.5318,月眉,C0V260,2017-01-14T05:00:00+08:00,122.0,215.0,2.0,17.4,0.86,999.6,-99.0,0.0,-9.9,-99,-999,高雄市,05,杉林區,269
22.9728,120.5318,月眉,C0V260,2017-01-14T06:00:00+08:00,122.0,267.0,1.1,17.2,0.87,999.9,-99.0,0.0,-9.9,-99,-999,高雄市,05,杉林區,269
22.9728,120.5318,月眉,C0V260,2017-01-14T07:00:00+08:00,122.0,83.0,0.5,17.0,0.87,1000.8,-99.0,0.0,-9.9,-99,-999,高雄市,05,杉林區,269
22.9728,120.5318,月眉,C0V260,2017-01-14T08:00:00+08:00,122.0,199.0,2.1,17.2,0.86,1001.7,-99.0,0.0,-9.9,-99,-999,高雄市,05,杉林區,269
22.9728,120.5318,月眉,C0V260,2017-01-14T10:00:00+08:00,122.0,202.0,1.9,18.7,0.81,1002.6,-99.0,0.0,-9.9,-99,-999,高雄市,05,杉林區,269
22.9728,120.5318,月眉,C0V260,2017-01-14T11:00:00+08:00,122.0,190.0,1.7,18.2,0.84,1002.1,-99.0,0.0,-9.9,-99,-999,高雄市,05,杉林區,269
22.9728,120.5318,月眉,C0V260,2017-01-14T12:00:00+08:00,122.0,206.0,1.6,17.5,0.89,1001.5,-99.0,0.0,-9.9,-99,-999,高雄市,05,杉林區,269
22.9728,120.5318,月眉,C0V260,2017-01-14T13:00:00+08:00,122.0,191.0,1.4,17.5,0.89,1000.8,-99.0,0.0,-9.9,-99,-999,高雄市,05,杉林區,269
22.9728,120.5318,月眉,C0V260,2017-01-14T14:00:00+08:00,122.0,231.0,1.2,18.8,0.83,1000.3,-99.0,0.0,-9.9,-99,-999,高雄市,05,杉林區,269
22.9728,120.5318,月眉,C0V260,2017-01-14T15:00:00+08:00,122.0,354.0,0.3,19.5,0.81,999.9,-99.0,0.0,-9.9,-99,-999,高雄市,05,杉林區,269
22.9728,120.5318,月眉,C0V260,2017-01-14T16:00:00+08:00,122.0,0.0,0.2,20.3,0.79,1000.1,-99.0,0.0,-9.9,-99,-999,高雄市,05,杉林區,269
22.9728,120.5318,月眉,C0V260,2017-01-14T17:00:00+08:00,122.0,225.0,1.6,19.9,0.81,1000.8,-99.0,0.0,-9.9,-99,-999,高雄市,05,杉林區,269
22.9728,120.5318,月眉,C0V260,2017-01-14T18:00:00+08:00,122.0,209.0,1.7,19.2,0.84,1001.7,-99.0,0.0,-9.9,-99,-999,高雄市,05,杉林區,269
22.9728,120.5318,月眉,C0V260,2017-01-14T20:00:00+08:00,122.0,172.0,0.6,17.6,0.92,1003.1,-99.0,0.0,-9.9,-99,-999,高雄市,05,杉林區,269
22.9728,120.5318,月眉,C0V260,2017-01-14T21:00:00+08:00,122.0,0.0,0.0,17.4,0.93,1003.4,-99.0,0.0,-9.9,-99,-999,高雄市,05,杉林區,269
22.9728,120.5318,月眉,C0V260,2017-01-14T22:00:00+08:00,122.0,240.0,1.0,17.5,0.94,1003.2,-99.0,0.0,-9.9,-99,-999,高雄市,05,杉林區,269
22.9728,120.5318,月眉,C0V260,2017-01-14T23:00:00+08:00,122.0,183.0,1.0,17.4,0.94,1003.3,-99.0,0.0,-9.9,-99,-999,高雄市,05,杉林區,269
22.9728,120.5318,月眉,C0V260,2017-01-15T00:00:00+08:00,122.0,230.0,1.6,17.1,0.94,1003.6,-99.0,0.0,-9.9,-99,-999,高雄市,05,杉林區,269
22.9728,120.5318,月眉,C0V260,2017-01-15T01:00:00+08:00,122.0,157.0,1.4,16.4,0.89,1004.1,-99.0,0.0,-9.9,-99,-999,高雄市,05,杉林區,269
22.9728,120.5318,月眉,C0V260,2017-01-15T02:00:00+08:00,122.0,25.0,0.8,16.7,0.90,1003.8,-99.0,0.0,-9.9,-99,-999,高雄市,05,杉林區,269
22.9728,120.5318,月眉,C0V260,2017-01-15T03:00:00+08:00,122.0,118.0,0.8,17.0,0.93,1003.0,-99.0,0.0,-9.9,-99,-999,高雄市,05,杉林區,269
22.9728,120.5318,月眉,C0V260,2017-01-15T04:00:00+08:00,122.0,152.0,1.3,16.1,0.95,1002.5,-99.0,0.0,-9.9,-99,-999,高雄市,05,杉林區,269
22.9728,120.5318,月眉,C0V260,2017-01-15T05:00:00+08:00,122.0,129.0,0.8,16.1,0.95,1002.7,-99.0,0.0,-9.9,-99,-999,高雄市,05,杉林區,269
22.9728,120.5318,月眉,C0V260,2017-01-15T06:00:00+08:00,122.0,168.0,1.1,16.6,0.96,1003.4,-99.0,0.0,-9.9,-99,-999,高雄市,05,杉林區,269
22.9728,120.5318,月眉,C0V260,2017-01-15T07:00:00+08:00,122.0,188.0,1.6,16.1,0.94,1003.7,-99.0,0.0,-9.9,-99,-999,高雄市,05,杉林區,269
22.9728,120.5318,月眉,C0V260,2017-01-15T08:00:00+08:00,122.0,184.0,0.5,16.2,0.91,1004.9,-99.0,0.0,-9.9,-99,-999,高雄市,05,杉林區,269
22.9728,120.5318,月眉,C0V260,2017-01-15T09:00:00+08:00,122.0,220.0,0.7,16.8,0.90,1005.4,-99.0,0.0,-9.9,-99,-999,高雄市,05,杉林區,269
22.9728,120.5318,月眉,C0V260,2017-01-15T10:00:00+08:00,122.0,173.0,0.3,16.5,0.93,1005.6,-99.0,0.0,-9.9,-99,-999,高雄市,05,杉林區,269
22.9728,120.5318,月眉,C0V260,2017-01-15T11:00:00+08:00,122.0,41.0,1.0,19.9,0.82,1005.0,-99.0,0.0,-9.9,-99,-999,高雄市,05,杉林區,269
22.9728,120.5318,月眉,C0V260,2017-01-15T12:00:00+08:00,122.0,171.0,1.1,21.4,0.70,1003.9,-99.0,0.0,-9.9,-99,-999,高雄市,05,杉林區,269
22.9728,120.5318,月眉,C0V260,2017-01-15T13:00:00+08:00,122.0,211.0,0.9,21.5,0.69,1003.0,-99.0,0.0,-9.9,-99,-999,高雄市,05,杉林區,269
22.9728,120.5318,月眉,C0V260,2017-01-15T14:00:00+08:00,122.0,317.0,1.1,22.1,0.67,1002.1,-99.0,0.0,-9.9,-99,-999,高雄市,05,杉林區,269
22.9728,120.5318,月眉,C0V260,2017-01-15T15:00:00+08:00,122.0,353.0,1.3,22.6,0.65,1001.7,-99.0,0.0,-9.9,-99,-999,高雄市,05,杉林區,269
22.9728,120.5318,月眉,C0V260,2017-01-15T16:00:00+08:00,122.0,287.0,1.8,22.5,0.66,1001.9,-99.0,0.0,-9.9,-99,-999,高雄市,05,杉林區,269
22.9728,120.5318,月眉,C0V260,2017-01-15T17:00:00+08:00,122.0,291.0,2.2,21.0,0.70,1002.2,-99.0,0.0,-9.9,-99,-999,高雄市,05,杉林區,269
22.9728,120.5318,月眉,C0V260,2017-01-15T18:00:00+08:00,122.0,202.0,1.4,19.2,0.78,1002.7,-99.0,0.0,-9.9,-99,-999,高雄市,05,杉林區,269
22.9728,120.5318,月眉,C0V260,2017-01-15T19:00:00+08:00,122.0,257.0,1.3,18.9,0.80,1003.3,-99.0,0.0,-9.9,-99,-999,高雄市,05,杉林區,269
22.9728,120.5318,月眉,C0V260,2017-01-15T20:00:00+08:00,122.0,238.0,1.2,18.4,0.77,1003.8,-99.0,0.0,-9.9,-99,-999,高雄市,05,杉林區,269
22.9728,120.5318,月眉,C0V260,2017-01-15T21:00:00+08:00,122.0,182.0,1.2,17.5,0.79,1004.2,-99.0,0.0,-9.9,-99,-999,高雄市,05,杉林區,269
22.9728,120.5318,月眉,C0V260,2017-01-15T22:00:00+08:00,122.0,180.0,1.6,17.2,0.80,1004.6,-99.0,0.0,-9.9,-99,-999,高雄市,05,杉林區,269
22.9728,120.5318,月眉,C0V260,2017-01-15T23:00:00+08:00,122.0,187.0,1.1,16.9,0.81,1004.6,-99.0,0.0,-9.9,-99,-999,高雄市,05,杉林區,269
22.9728,120.5318,月眉,C0V260,2017-01-16T00:00:00+08:00,122.0,288.0,0.6,16.7,0.83,1004.7,-99.0,0.0,-9.9,-99,-999,高雄市,05,杉林區,269
22.9728,120.5318,月眉,C0V260,2017-01-16T01:00:00+08:00,122.0,154.0,0.6,16.5,0.84,1004.5,-99.0,0.0,-9.9,-99,-999,高雄市,05,杉林區,269
22.9728,120.5318,月眉,C0V260,2017-01-16T02:00:00+08:00,122.0,0.0,0.0,16.2,0.87,1004.2,-99.0,0.0,-9.9,-99,-999,高雄市,05,杉林區,269
22.9728,120.5318,月眉,C0V260,2017-01-16T03:00:00+08:00,122.0,0.0,0.0,15.9,0.90,1003.7,-99.0,0.0,-9.9,-99,-999,高雄市,05,杉林區,269
22.9728,120.5318,月眉,C0V260,2017-01-16T04:00:00+08:00,122.0,0.0,0.0,16.0,0.89,1003.5,-99.0,0.0,-9.9,-99,-999,高雄市,05,杉林區,269
22.9728,120.5318,月眉,C0V260,2017-01-16T05:00:00+08:00,122.0,229.0,0.9,15.6,0.91,1003.7,-99.0,0.0,-9.9,-99,-999,高雄市,05,杉林區,269
22.9728,120.5318,月眉,C0V260,2017-01-16T06:00:00+08:00,122.0,197.0,1.1,14.4,0.93,1004.2,-99.0,0.0,-9.9,-99,-999,高雄市,05,杉林區,269
22.9728,120.5318,月眉,C0V260,2017-01-16T07:00:00+08:00,122.0,0.0,0.2,14.1,0.92,1004.7,-99.0,0.0,-9.9,-99,-999,高雄市,05,杉林區,269
22.9728,120.5318,月眉,C0V260,2017-01-16T08:00:00+08:00,122.0,330.0,0.5,15.3,0.90,1004.8,-99.0,0.0,-9.9,-99,-999,高雄市,05,杉林區,269
22.9728,120.5318,月眉,C0V260,2017-01-16T10:00:00+08:00,122.0,283.0,0.5,19.9,0.73,1005.1,-99.0,0.0,-9.9,-99,-999,高雄市,05,杉林區,269
22.9728,120.5318,月眉,C0V260,2017-01-16T11:00:00+08:00,122.0,197.0,1.8,22.8,0.64,1004.9,-99.0,0.0,-9.9,-99,-999,高雄市,05,杉林區,269
22.9728,120.5318,月眉,C0V260,2017-01-16T12:00:00+08:00,122.0,227.0,2.1,24.7,0.55,1004.0,-99.0,0.0,-9.9,-99,-999,高雄市,05,杉林區,269
22.9728,120.5318,月眉,C0V260,2017-01-16T13:00:00+08:00,122.0,252.0,1.8,24.3,0.55,1003.1,-99.0,0.0,-9.9,-99,-999,高雄市,05,杉林區,269
22.9728,120.5318,月眉,C0V260,2017-01-16T14:00:00+08:00,122.0,266.0,1.7,23.6,0.58,1002.2,-99.0,0.0,-9.9,-99,-999,高雄市,05,杉林區,269
22.9728,120.5318,月眉,C0V260,2017-01-16T15:00:00+08:00,122.0,232.0,2.6,23.9,0.56,1001.8,-99.0,0.0,-9.9,-99,-999,高雄市,05,杉林區,269
22.9728,120.5318,月眉,C0V260,2017-01-16T16:00:00+08:00,122.0,301.0,1.3,22.9,0.60,1001.8,-99.0,0.0,-9.9,-99,-999,高雄市,05,杉林區,269
22.9728,120.5318,月眉,C0V260,2017-01-16T17:00:00+08:00,122.0,290.0,1.6,21.8,0.63,1002.2,-99.0,0.0,-9.9,-99,-999,高雄市,05,杉林區,269
22.9728,120.5318,月眉,C0V260,2017-01-16T18:00:00+08:00,122.0,255.0,0.8,20.0,0.68,1002.9,-99.0,0.0,-9.9,-99,-999,高雄市,05,杉林區,269
22.9728,120.5318,月眉,C0V260,2017-01-16T19:00:00+08:00,122.0,225.0,1.7,18.7,0.74,1003.9,-99.0,0.0,-9.9,-99,-999,高雄市,05,杉林區,269
22.9728,120.5318,月眉,C0V260,2017-01-16T20:00:00+08:00,122.0,165.0,1.0,17.7,0.79,1004.7,-99.0,0.0,-9.9,-99,-999,高雄市,05,杉林區,269
22.9728,120.5318,月眉,C0V260,2017-01-16T21:00:00+08:00,122.0,43.0,0.7,16.2,0.88,1005.5,-99.0,0.0,-9.9,-99,-999,高雄市,05,杉林區,269
22.9728,120.5318,月眉,C0V260,2017-01-16T22:00:00+08:00,122.0,74.0,1.1,15.4,0.90,1006.0,-99.0,0.0,-9.9,-99,-999,高雄市,05,杉林區,269
22.9728,120.5318,月眉,C0V260,2017-01-16T23:00:00+08:00,122.0,86.0,0.9,15.8,0.90,1006.1,-99.0,0.0,-9.9,-99,-999,高雄市,05,杉林區,269
22.9728,120.5318,月眉,C0V260,2017-01-17T00:00:00+08:00,122.0,95.0,0.7,15.2,0.92,1005.6,-99.0,0.0,-9.9,-99,-999,高雄市,05,杉林區,269
22.9728,120.5318,月眉,C0V260,2017-01-17T01:00:00+08:00,122.0,353.0,0.9,15.1,0.91,1005.2,-99.0,0.0,-9.9,-99,-999,高雄市,05,杉林區,269
22.9728,120.5318,月眉,C0V260,2017-01-17T02:00:00+08:00,122.0,355.0,0.8,14.4,0.94,1005.4,-99.0,0.0,-9.9,-99,-999,高雄市,05,杉林區,269
22.9728,120.5318,月眉,C0V260,2017-01-17T03:00:00+08:00,122.0,158.0,1.1,14.0,0.95,1005.5,-99.0,0.0,-9.9,-99,-999,高雄市,05,杉林區,269
22.9728,120.5318,月眉,C0V260,2017-01-17T04:00:00+08:00,122.0,49.0,0.4,14.6,0.93,1005.2,-99.0,0.0,-9.9,-99,-999,高雄市,05,杉林區,269
22.9728,120.5318,月眉,C0V260,2017-01-17T05:00:00+08:00,122.0,94.0,0.8,13.7,0.95,1005.2,-99.0,0.0,-9.9,-99,-999,高雄市,05,杉林區,269
22.9728,120.5318,月眉,C0V260,2017-01-17T06:00:00+08:00,122.0,357.0,0.9,13.8,0.95,1005.4,-99.0,0.0,-9.9,-99,-999,高雄市,05,杉林區,269
22.9728,120.5318,月眉,C0V260,2017-01-17T07:00:00+08:00,122.0,52.0,1.1,13.8,0.95,1006.1,-99.0,0.0,-9.9,-99,-999,高雄市,05,杉林區,269
22.9728,120.5318,月眉,C0V260,2017-01-17T08:00:00+08:00,122.0,92.0,0.7,15.1,0.92,1006.7,-99.0,0.0,-9.9,-99,-999,高雄市,05,杉林區,269
22.9728,120.5318,月眉,C0V260,2017-01-17T09:00:00+08:00,122.0,207.0,0.6,18.0,0.80,1007.0,-99.0,0.0,-9.9,-99,-999,高雄市,05,杉林區,269
22.9728,120.5318,月眉,C0V260,2017-01-17T11:00:00+08:00,122.0,185.0,1.0,24.2,0.55,1006.2,-99.0,0.0,-9.9,-99,-999,高雄市,05,杉林區,269
22.9728,120.5318,月眉,C0V260,2017-01-17T12:00:00+08:00,122.0,199.0,2.3,25.1,0.53,1005.4,-99.0,0.0,-9.9,-99,-999,高雄市,05,杉林區,269
22.9728,120.5318,月眉,C0V260,2017-01-17T14:00:00+08:00,122.0,288.0,2.1,25.8,0.49,1003.9,-99.0,0.0,-9.9,-99,-999,高雄市,05,杉林區,269
22.9728,120.5318,月眉,C0V260,2017-01-17T16:00:00+08:00,122.0,298.0,1.6,24.1,0.60,1003.7,-99.0,0.0,-9.9,-99,-999,高雄市,05,杉林區,269
22.9728,120.5318,月眉,C0V260,2017-01-17T17:00:00+08:00,122.0,295.0,1.8,22.1,0.67,1004.2,-99.0,0.0,-9.9,-99,-999,高雄市,05,杉林區,269
22.9728,120.5318,月眉,C0V260,2017-01-17T18:00:00+08:00,122.0,211.0,1.3,19.7,0.75,1004.9,-99.0,0.0,-9.9,-99,-999,高雄市,05,杉林區,269
22.9728,120.5318,月眉,C0V260,2017-01-17T19:00:00+08:00,122.0,198.0,0.9,18.7,0.80,1005.9,-99.0,0.0,-9.9,-99,-999,高雄市,05,杉林區,269
22.9728,120.5318,月眉,C0V260,2017-01-17T20:00:00+08:00,122.0,93.0,0.5,17.5,0.85,1006.6,-99.0,0.0,-9.9,-99,-999,高雄市,05,杉林區,269
22.9728,120.5318,月眉,C0V260,2017-01-17T21:00:00+08:00,122.0,67.0,0.9,16.6,0.90,1007.0,-99.0,0.0,-9.9,-99,-999,高雄市,05,杉林區,269
22.9728,120.5318,月眉,C0V260,2017-01-17T22:00:00+08:00,122.0,60.0,0.4,16.3,0.91,1007.2,-99.0,0.0,-9.9,-99,-999,高雄市,05,杉林區,269
22.9728,120.5318,月眉,C0V260,2017-01-17T23:00:00+08:00,122.0,99.0,0.3,15.9,0.92,1007.6,-99.0,0.0,-9.9,-99,-999,高雄市,05,杉林區,269
22.9728,120.5318,月眉,C0V260,2017-01-18T00:00:00+08:00,122.0,64.0,0.7,16.7,0.91,1007.5,-99.0,0.0,-9.9,-99,-999,高雄市,05,杉林區,269
22.9728,120.5318,月眉,C0V260,2017-01-18T01:00:00+08:00,122.0,0.0,0.0,16.7,0.92,1007.2,-99.0,0.0,-9.9,-99,-999,高雄市,05,杉林區,269
22.9728,120.5318,月眉,C0V260,2017-01-18T02:00:00+08:00,122.0,4.0,0.8,16.0,0.93,1007.1,-99.0,0.0,-9.9,-99,-999,高雄市,05,杉林區,269
22.9728,120.5318,月眉,C0V260,2017-01-18T03:00:00+08:00,122.0,228.0,0.5,15.0,0.94,1007.0,-99.0,0.0,-9.9,-99,-999,高雄市,05,杉林區,269
22.9728,120.5318,月眉,C0V260,2017-01-18T04:00:00+08:00,122.0,117.0,0.7,14.7,0.95,1006.9,-99.0,0.0,-9.9,-99,-999,高雄市,05,杉林區,269
22.9728,120.5318,月眉,C0V260,2017-01-18T05:00:00+08:00,122.0,270.0,0.7,14.6,0.95,1007.0,-99.0,0.0,-9.9,-99,-999,高雄市,05,杉林區,269
22.9728,120.5318,月眉,C0V260,2017-01-18T06:00:00+08:00,122.0,54.0,0.5,13.9,0.95,1007.2,-99.0,0.0,-9.9,-99,-999,高雄市,05,杉林區,269
22.9728,120.5318,月眉,C0V260,2017-01-18T07:00:00+08:00,122.0,98.0,0.5,13.9,0.95,1007.4,-99.0,0.0,-9.9,-99,-999,高雄市,05,杉林區,269
22.9728,120.5318,月眉,C0V260,2017-01-18T08:00:00+08:00,122.0,357.0,0.7,16.4,0.89,1007.6,-99.0,0.0,-9.9,-99,-999,高雄市,05,杉林區,269
22.9728,120.5318,月眉,C0V260,2017-01-18T10:00:00+08:00,122.0,340.0,1.1,22.6,0.60,1007.5,-99.0,0.0,-9.9,-99,-999,高雄市,05,杉林區,269
22.9728,120.5318,月眉,C0V260,2017-01-18T11:00:00+08:00,122.0,199.0,2.2,26.1,0.52,1006.7,-99.0,0.0,-9.9,-99,-999,高雄市,05,杉林區,269
22.9728,120.5318,月眉,C0V260,2017-01-18T12:00:00+08:00,122.0,223.0,2.8,27.6,0.51,1006.2,-99.0,0.0,-9.9,-99,-999,高雄市,05,杉林區,269
22.9728,120.5318,月眉,C0V260,2017-01-18T13:00:00+08:00,122.0,208.0,3.0,28.4,0.43,1004.9,-99.0,0.0,-9.9,-99,-999,高雄市,05,杉林區,269
22.9728,120.5318,月眉,C0V260,2017-01-18T15:00:00+08:00,122.0,277.0,1.8,27.9,0.46,1003.8,-99.0,0.0,-9.9,-99,-999,高雄市,05,杉林區,269
22.9728,120.5318,月眉,C0V260,2017-01-18T16:00:00+08:00,122.0,283.0,2.3,27.1,0.48,1003.8,-99.0,0.0,-9.9,-99,-999,高雄市,05,杉林區,269
22.9728,120.5318,月眉,C0V260,2017-01-18T17:00:00+08:00,122.0,261.0,2.1,23.9,0.67,1004.1,-99.0,0.0,-9.9,-99,-999,高雄市,05,杉林區,269
22.9728,120.5318,月眉,C0V260,2017-01-18T18:00:00+08:00,122.0,226.0,1.1,21.7,0.74,1004.6,-99.0,0.0,-9.9,-99,-999,高雄市,05,杉林區,269
22.9728,120.5318,月眉,C0V260,2017-01-18T19:00:00+08:00,122.0,194.0,1.1,20.8,0.80,1005.1,-99.0,0.0,-9.9,-99,-999,高雄市,05,杉林區,269
22.9728,120.5318,月眉,C0V260,2017-01-18T20:00:00+08:00,122.0,81.0,0.5,20.4,0.81,1005.6,-99.0,0.0,-9.9,-99,-999,高雄市,05,杉林區,269
22.9728,120.5318,月眉,C0V260,2017-01-18T21:00:00+08:00,122.0,0.0,0.2,20.5,0.82,1006.0,-99.0,0.0,-9.9,-99,-999,高雄市,05,杉林區,269
22.9728,120.5318,月眉,C0V260,2017-01-18T22:00:00+08:00,122.0,51.0,0.4,20.5,0.83,1006.1,-99.0,0.0,-9.9,-99,-999,高雄市,05,杉林區,269
22.9728,120.5318,月眉,C0V260,2017-01-18T23:00:00+08:00,122.0,53.0,0.8,20.3,0.85,1006.0,-99.0,0.0,-9.9,-99,-999,高雄市,05,杉林區,269
22.9728,120.5318,月眉,C0V260,2017-01-19T00:00:00+08:00,122.0,98.0,0.7,19.1,0.89,1005.8,-99.0,0.0,-9.9,-99,-999,高雄市,05,杉林區,269
22.9728,120.5318,月眉,C0V260,2017-01-19T01:00:00+08:00,122.0,350.0,0.8,18.9,0.90,1005.5,-99.0,0.0,-9.9,-99,-999,高雄市,05,杉林區,269
22.9728,120.5318,月眉,C0V260,2017-01-19T02:00:00+08:00,122.0,270.0,0.3,19.2,0.90,1005.4,-99.0,0.0,-9.9,-99,-999,高雄市,05,杉林區,269
22.9728,120.5318,月眉,C0V260,2017-01-19T04:00:00+08:00,122.0,111.0,0.8,18.3,0.91,1005.4,-99.0,0.0,-9.9,-99,-999,高雄市,05,杉林區,269
22.9728,120.5318,月眉,C0V260,2017-01-19T05:00:00+08:00,122.0,73.0,0.5,18.3,0.91,1005.6,-99.0,0.0,-9.9,-99,-999,高雄市,05,杉林區,269
22.9728,120.5318,月眉,C0V260,2017-01-19T06:00:00+08:00,122.0,55.0,1.3,18.6,0.85,1005.7,-99.0,0.0,-9.9,-99,-999,高雄市,05,杉林區,269
22.9728,120.5318,月眉,C0V260,2017-01-19T07:00:00+08:00,122.0,50.0,1.0,17.9,0.85,1006.0,-99.0,0.0,-9.9,-99,-999,高雄市,05,杉林區,269
22.9728,120.5318,月眉,C0V260,2017-01-19T08:00:00+08:00,122.0,52.0,1.2,19.6,0.75,1006.3,-99.0,0.0,-9.9,-99,-999,高雄市,05,杉林區,269
22.9728,120.5318,月眉,C0V260,2017-01-19T09:00:00+08:00,122.0,37.0,1.2,23.3,0.58,1006.6,-99.0,0.0,-9.9,-99,-999,高雄市,05,杉林區,269
22.9728,120.5318,月眉,C0V260,2017-01-19T10:00:00+08:00,122.0,210.0,1.9,26.6,0.51,1006.3,-99.0,0.0,-9.9,-99,-999,高雄市,05,杉林區,269
22.9728,120.5318,月眉,C0V260,2017-01-19T11:00:00+08:00,122.0,243.0,1.3,29.0,0.42,1005.5,-99.0,0.0,-9.9,-99,-999,高雄市,05,杉林區,269
22.9728,120.5318,月眉,C0V260,2017-01-19T12:00:00+08:00,122.0,288.0,1.7,29.7,0.38,1004.4,-99.0,0.0,-9.9,-99,-999,高雄市,05,杉林區,269
22.9728,120.5318,月眉,C0V260,2017-01-19T13:00:00+08:00,122.0,271.0,3.2,29.3,0.49,1003.1,-99.0,0.0,-9.9,-99,-999,高雄市,05,杉林區,269
22.9728,120.5318,月眉,C0V260,2017-01-19T14:00:00+08:00,122.0,272.0,2.2,29.2,0.46,1002.2,-99.0,0.0,-9.9,-99,-999,高雄市,05,杉林區,269
22.9728,120.5318,月眉,C0V260,2017-01-19T15:00:00+08:00,122.0,281.0,1.7,28.9,0.44,1001.9,-99.0,0.0,-9.9,-99,-999,高雄市,05,杉林區,269
22.9728,120.5318,月眉,C0V260,2017-01-19T16:00:00+08:00,122.0,299.0,1.5,28.2,0.45,1001.8,-99.0,0.0,-9.9,-99,-999,高雄市,05,杉林區,269
22.9728,120.5318,月眉,C0V260,2017-01-19T17:00:00+08:00,122.0,288.0,1.5,26.6,0.52,1002.0,-99.0,0.0,-9.9,-99,-999,高雄市,05,杉林區,269
22.9728,120.5318,月眉,C0V260,2017-01-19T18:00:00+08:00,122.0,227.0,1.5,23.1,0.71,1002.6,-99.0,0.0,-9.9,-99,-999,高雄市,05,杉林區,269
22.9728,120.5318,月眉,C0V260,2017-01-19T19:00:00+08:00,122.0,218.0,1.2,21.4,0.75,1003.2,-99.0,0.0,-9.9,-99,-999,高雄市,05,杉林區,269
22.9728,120.5318,月眉,C0V260,2017-01-19T20:00:00+08:00,122.0,89.0,0.6,20.5,0.80,1003.8,-99.0,0.0,-9.9,-99,-999,高雄市,05,杉林區,269
22.9728,120.5318,月眉,C0V260,2017-01-19T21:00:00+08:00,122.0,91.0,0.7,19.0,0.87,1004.2,-99.0,0.0,-9.9,-99,-999,高雄市,05,杉林區,269
22.9728,120.5318,月眉,C0V260,2017-01-19T22:00:00+08:00,122.0,0.0,0.0,18.7,0.89,1004.3,-99.0,0.0,-9.9,-99,-999,高雄市,05,杉林區,269
22.9728,120.5318,月眉,C0V260,2017-01-19T23:00:00+08:00,122.0,85.0,0.4,17.9,0.90,1004.6,-99.0,0.0,-9.9,-99,-999,高雄市,05,杉林區,269
22.9728,120.5318,月眉,C0V260,2017-01-20T00:00:00+08:00,122.0,60.0,1.1,17.5,0.91,1004.6,-99.0,0.0,-9.9,-99,-999,高雄市,05,杉林區,269
22.9728,120.5318,月眉,C0V260,2017-01-20T01:00:00+08:00,122.0,75.0,1.0,17.3,0.91,1004.3,-99.0,0.0,-9.9,-99,-999,高雄市,05,杉林區,269
22.9728,120.5318,月眉,C0V260,2017-01-20T02:00:00+08:00,122.0,18.0,0.4,17.1,0.93,1004.2,-99.0,0.0,-9.9,-99,-999,高雄市,05,杉林區,269
22.9728,120.5318,月眉,C0V260,2017-01-20T03:00:00+08:00,122.0,0.0,0.0,16.6,0.93,1004.1,-99.0,0.0,-9.9,-99,-999,高雄市,05,杉林區,269
22.9728,120.5318,月眉,C0V260,2017-01-20T04:00:00+08:00,122.0,203.0,0.9,16.2,0.95,1004.1,-99.0,0.0,-9.9,-99,-999,高雄市,05,杉林區,269
22.9728,120.5318,月眉,C0V260,2017-01-20T05:00:00+08:00,122.0,185.0,0.8,16.4,0.95,1004.4,-99.0,0.0,-9.9,-99,-999,高雄市,05,杉林區,269
22.9728,120.5318,月眉,C0V260,2017-01-20T06:00:00+08:00,122.0,189.0,1.3,16.6,0.96,1004.9,-99.0,0.0,-9.9,-99,-999,高雄市,05,杉林區,269
22.9728,120.5318,月眉,C0V260,2017-01-20T07:00:00+08:00,122.0,0.0,0.0,16.7,0.96,1005.6,-99.0,0.0,-9.9,-99,-999,高雄市,05,杉林區,269
22.9728,120.5318,月眉,C0V260,2017-01-20T08:00:00+08:00,122.0,70.0,1.1,16.9,0.95,1006.1,-99.0,0.0,-9.9,-99,-999,高雄市,05,杉林區,269
22.9728,120.5318,月眉,C0V260,2017-01-20T09:00:00+08:00,122.0,17.0,0.9,17.7,0.89,1006.6,-99.0,0.0,-9.9,-99,-999,高雄市,05,杉林區,269
22.9728,120.5318,月眉,C0V260,2017-01-20T10:00:00+08:00,122.0,239.0,2.3,21.4,0.74,1006.9,-99.0,0.0,-9.9,-99,-999,高雄市,05,杉林區,269
22.9728,120.5318,月眉,C0V260,2017-01-20T11:00:00+08:00,122.0,193.0,2.7,23.4,0.66,1006.4,-99.0,0.0,-9.9,-99,-999,高雄市,05,杉林區,269
22.9728,120.5318,月眉,C0V260,2017-01-20T12:00:00+08:00,122.0,199.0,2.4,25.2,0.59,1005.3,-99.0,0.0,-9.9,-99,-999,高雄市,05,杉林區,269
22.9728,120.5318,月眉,C0V260,2017-01-20T13:00:00+08:00,122.0,284.0,1.9,25.4,0.57,1004.2,-99.0,0.0,-9.9,-99,-999,高雄市,05,杉林區,269
22.9728,120.5318,月眉,C0V260,2017-01-20T14:00:00+08:00,122.0,278.0,2.3,25.3,0.55,1003.4,-99.0,0.0,-9.9,-99,-999,高雄市,05,杉林區,269
22.9728,120.5318,月眉,C0V260,2017-01-20T15:00:00+08:00,122.0,278.0,2.9,25.3,0.55,1002.9,-99.0,0.0,-9.9,-99,-999,高雄市,05,杉林區,269
22.9728,120.5318,月眉,C0V260,2017-01-20T16:00:00+08:00,122.0,288.0,2.5,24.3,0.57,1003.0,-99.0,0.0,-9.9,-99,-999,高雄市,05,杉林區,269
22.9728,120.5318,月眉,C0V260,2017-01-20T17:00:00+08:00,122.0,239.0,1.6,21.7,0.61,1003.7,-99.0,0.0,-9.9,-99,-999,高雄市,05,杉林區,269
22.9728,120.5318,月眉,C0V260,2017-01-20T18:00:00+08:00,122.0,191.0,2.5,19.9,0.67,1004.5,-99.0,0.0,-9.9,-99,-999,高雄市,05,杉林區,269
22.9728,120.5318,月眉,C0V260,2017-01-20T19:00:00+08:00,122.0,187.0,1.9,17.9,0.72,1005.5,-99.0,0.0,-9.9,-99,-999,高雄市,05,杉林區,269
22.9728,120.5318,月眉,C0V260,2017-01-20T20:00:00+08:00,122.0,203.0,1.5,17.0,0.74,1006.0,-99.0,0.0,-9.9,-99,-999,高雄市,05,杉林區,269
22.9728,120.5318,月眉,C0V260,2017-01-20T21:00:00+08:00,122.0,185.0,1.5,16.6,0.76,1006.6,-99.0,0.0,-9.9,-99,-999,高雄市,05,杉林區,269
22.9728,120.5318,月眉,C0V260,2017-01-20T22:00:00+08:00,122.0,203.0,2.0,16.0,0.76,1006.7,-99.0,0.0,-9.9,-99,-999,高雄市,05,杉林區,269
22.9728,120.5318,月眉,C0V260,2017-01-20T23:00:00+08:00,122.0,204.0,2.0,15.9,0.76,1006.8,-99.0,0.0,-9.9,-99,-999,高雄市,05,杉林區,269
22.9728,120.5318,月眉,C0V260,2017-01-21T00:00:00+08:00,122.0,206.0,1.7,15.4,0.77,1007.0,-99.0,0.0,-9.9,-99,-999,高雄市,05,杉林區,269
22.9728,120.5318,月眉,C0V260,2017-01-21T02:00:00+08:00,122.0,209.0,1.3,14.5,0.77,1007.1,-99.0,0.0,-9.9,-99,-999,高雄市,05,杉林區,269
22.9728,120.5318,月眉,C0V260,2017-01-21T03:00:00+08:00,122.0,206.0,1.2,14.2,0.77,1007.0,-99.0,0.0,-9.9,-99,-999,高雄市,05,杉林區,269
22.9728,120.5318,月眉,C0V260,2017-01-21T04:00:00+08:00,122.0,209.0,0.9,14.3,0.77,1007.1,-99.0,0.0,-9.9,-99,-999,高雄市,05,杉林區,269
22.9728,120.5318,月眉,C0V260,2017-01-21T05:00:00+08:00,122.0,195.0,0.9,14.6,0.77,1007.3,-99.0,0.0,-9.9,-99,-999,高雄市,05,杉林區,269
22.9728,120.5318,月眉,C0V260,2017-01-21T06:00:00+08:00,122.0,287.0,0.4,14.8,0.77,1008.0,-99.0,0.0,-9.9,-99,-999,高雄市,05,杉林區,269
22.9728,120.5318,月眉,C0V260,2017-01-21T07:00:00+08:00,122.0,249.0,0.9,14.3,0.90,1008.5,-99.0,0.0,-9.9,-99,-999,高雄市,05,杉林區,269
22.9728,120.5318,月眉,C0V260,2017-01-21T08:00:00+08:00,122.0,196.0,1.6,14.4,0.90,1009.2,-99.0,0.0,-9.9,-99,-999,高雄市,05,杉林區,269
22.9728,120.5318,月眉,C0V260,2017-01-21T10:00:00+08:00,122.0,195.0,1.3,15.5,0.89,1010.1,-99.0,0.5,-9.9,-99,-999,高雄市,05,杉林區,269
22.9728,120.5318,月眉,C0V260,2017-01-21T11:00:00+08:00,122.0,184.0,1.9,18.0,0.79,1009.6,-99.0,0.5,-9.9,-99,-999,高雄市,05,杉林區,269
22.9728,120.5318,月眉,C0V260,2017-01-21T12:00:00+08:00,122.0,205.0,1.8,20.2,0.72,1008.1,-99.0,0.5,-9.9,-99,-999,高雄市,05,杉林區,269
22.9728,120.5318,月眉,C0V260,2017-01-21T13:00:00+08:00,122.0,254.0,2.1,22.2,0.60,1007.2,-99.0,0.5,-9.9,-99,-999,高雄市,05,杉林區,269
22.9728,120.5318,月眉,C0V260,2017-01-21T14:00:00+08:00,122.0,177.0,2.2,22.5,0.59,1006.4,-99.0,0.5,-9.9,-99,-999,高雄市,05,杉林區,269
22.9728,120.5318,月眉,C0V260,2017-01-21T15:00:00+08:00,122.0,216.0,1.8,22.6,0.57,1005.7,-99.0,0.5,-9.9,-99,-999,高雄市,05,杉林區,269
22.9728,120.5318,月眉,C0V260,2017-01-21T16:00:00+08:00,122.0,283.0,2.7,21.3,0.61,1005.9,-99.0,0.5,-9.9,-99,-999,高雄市,05,杉林區,269
22.9728,120.5318,月眉,C0V260,2017-01-21T17:00:00+08:00,122.0,233.0,1.5,21.0,0.60,1006.5,-99.0,0.5,-9.9,-99,-999,高雄市,05,杉林區,269
22.9728,120.5318,月眉,C0V260,2017-01-21T18:00:00+08:00,122.0,134.0,0.7,18.7,0.71,1007.0,-99.0,0.5,-9.9,-99,-999,高雄市,05,杉林區,269
22.9728,120.5318,月眉,C0V260,2017-01-21T19:00:00+08:00,122.0,76.0,1.1,16.6,0.83,1007.8,-99.0,0.5,-9.9,-99,-999,高雄市,05,杉林區,269
22.9728,120.5318,月眉,C0V260,2017-01-21T20:00:00+08:00,122.0,119.0,0.5,15.6,0.88,1008.4,-99.0,0.5,-9.9,-99,-999,高雄市,05,杉林區,269
22.9728,120.5318,月眉,C0V260,2017-01-21T21:00:00+08:00,122.0,0.0,0.1,15.2,0.86,1009.0,-99.0,0.5,-9.9,-99,-999,高雄市,05,杉林區,269
22.9728,120.5318,月眉,C0V260,2017-01-21T22:00:00+08:00,122.0,115.0,0.8,14.3,0.91,1009.2,-99.0,0.5,-9.9,-99,-999,高雄市,05,杉林區,269
22.9728,120.5318,月眉,C0V260,2017-01-21T23:00:00+08:00,122.0,174.0,1.4,15.0,0.87,1009.4,-99.0,0.5,-9.9,-99,-999,高雄市,05,杉林區,269
22.9728,120.5318,月眉,C0V260,2017-01-22T00:00:00+08:00,122.0,0.0,0.0,15.2,0.88,1009.4,-99.0,0.5,-9.9,-99,-999,高雄市,05,杉林區,269
22.9728,120.5318,月眉,C0V260,2017-01-22T01:00:00+08:00,122.0,0.0,0.0,15.1,0.91,1009.2,-99.0,0.0,-9.9,-99,-999,高雄市,05,杉林區,269
22.9728,120.5318,月眉,C0V260,2017-01-22T02:00:00+08:00,122.0,209.0,0.9,14.8,0.91,1009.1,-99.0,0.0,-9.9,-99,-999,高雄市,05,杉林區,269
22.9728,120.5318,月眉,C0V260,2017-01-22T03:00:00+08:00,122.0,202.0,0.8,14.3,0.92,1008.8,-99.0,0.0,-9.9,-99,-999,高雄市,05,杉林區,269
22.9728,120.5318,月眉,C0V260,2017-01-22T04:00:00+08:00,122.0,140.0,0.3,14.1,0.92,1008.7,-99.0,0.0,-9.9,-99,-999,高雄市,05,杉林區,269
22.9728,120.5318,月眉,C0V260,2017-01-22T05:00:00+08:00,122.0,177.0,0.3,14.4,0.93,1008.8,-99.0,0.0,-9.9,-99,-999,高雄市,05,杉林區,269
22.9728,120.5318,月眉,C0V260,2017-01-22T06:00:00+08:00,122.0,0.0,0.2,13.9,0.93,1009.3,-99.0,0.0,-9.9,-99,-999,高雄市,05,杉林區,269
22.9728,120.5318,月眉,C0V260,2017-01-22T07:00:00+08:00,122.0,199.0,0.6,13.8,0.94,1009.8,-99.0,0.0,-9.9,-99,-999,高雄市,05,杉林區,269
22.9728,120.5318,月眉,C0V260,2017-01-22T08:00:00+08:00,122.0,197.0,0.9,14.7,0.90,1010.2,-99.0,0.0,-9.9,-99,-999,高雄市,05,杉林區,269
22.9728,120.5318,月眉,C0V260,2017-01-22T09:00:00+08:00,122.0,224.0,0.4,16.4,0.83,1010.5,-99.0,0.0,-9.9,-99,-999,高雄市,05,杉林區,269
22.9728,120.5318,月眉,C0V260,2017-01-22T10:00:00+08:00,122.0,266.0,1.1,19.2,0.73,1010.2,-99.0,0.0,-9.9,-99,-999,高雄市,05,杉林區,269
22.9728,120.5318,月眉,C0V260,2017-01-22T11:00:00+08:00,122.0,213.0,2.0,21.6,0.65,1009.5,-99.0,0.0,-9.9,-99,-999,高雄市,05,杉林區,269
22.9728,120.5318,月眉,C0V260,2017-01-22T12:00:00+08:00,122.0,210.0,2.5,22.9,0.59,1008.6,-99.0,0.0,-9.9,-99,-999,高雄市,05,杉林區,269
22.9728,120.5318,月眉,C0V260,2017-01-22T13:00:00+08:00,122.0,213.0,2.2,23.3,0.56,1007.6,-99.0,0.0,-9.9,-99,-999,高雄市,05,杉林區,269
22.9728,120.5318,月眉,C0V260,2017-01-22T14:00:00+08:00,122.0,221.0,2.0,24.5,0.51,1006.9,-99.0,0.0,-9.9,-99,-999,高雄市,05,杉林區,269
22.9728,120.5318,月眉,C0V260,2017-01-22T15:00:00+08:00,122.0,227.0,2.2,23.7,0.53,1006.5,-99.0,0.0,-9.9,-99,-999,高雄市,05,杉林區,269
22.9728,120.5318,月眉,C0V260,2017-01-22T16:00:00+08:00,122.0,238.0,2.2,23.1,0.55,1006.5,-99.0,0.0,-9.9,-99,-999,高雄市,05,杉林區,269
22.9728,120.5318,月眉,C0V260,2017-01-22T17:00:00+08:00,122.0,207.0,2.1,21.7,0.57,1007.0,-99.0,0.0,-9.9,-99,-999,高雄市,05,杉林區,269
22.9728,120.5318,月眉,C0V260,2017-01-22T18:00:00+08:00,122.0,206.0,1.4,20.4,0.62,1007.4,-99.0,0.0,-9.9,-99,-999,高雄市,05,杉林區,269
22.9728,120.5318,月眉,C0V260,2017-01-22T19:00:00+08:00,122.0,209.0,1.3,19.5,0.62,1007.9,-99.0,0.0,-9.9,-99,-999,高雄市,05,杉林區,269
22.9728,120.5318,月眉,C0V260,2017-01-22T20:00:00+08:00,122.0,212.0,0.9,18.7,0.64,1008.7,-99.0,0.0,-9.9,-99,-999,高雄市,05,杉林區,269
22.9728,120.5318,月眉,C0V260,2017-01-22T21:00:00+08:00,122.0,199.0,1.2,18.1,0.66,1009.2,-99.0,0.0,-9.9,-99,-999,高雄市,05,杉林區,269
22.9728,120.5318,月眉,C0V260,2017-01-22T22:00:00+08:00,122.0,187.0,1.1,17.5,0.68,1009.4,-99.0,0.0,-9.9,-99,-999,高雄市,05,杉林區,269
22.9728,120.5318,月眉,C0V260,2017-01-22T23:00:00+08:00,122.0,0.0,0.0,17.4,0.69,1009.1,-99.0,0.0,-9.9,-99,-999,高雄市,05,杉林區,269
22.9728,120.5318,月眉,C0V260,2017-01-23T00:00:00+08:00,122.0,81.0,0.6,17.0,0.77,1008.7,-99.0,0.0,-9.9,-99,-999,高雄市,05,杉林區,269
22.9728,120.5318,月眉,C0V260,2017-01-23T01:00:00+08:00,122.0,0.0,0.0,17.0,0.80,1008.6,-99.0,0.0,-9.9,-99,-999,高雄市,05,杉林區,269
22.9728,120.5318,月眉,C0V260,2017-01-23T02:00:00+08:00,122.0,311.0,0.4,16.8,0.85,1008.3,-99.0,0.0,-9.9,-99,-999,高雄市,05,杉林區,269
22.9728,120.5318,月眉,C0V260,2017-01-23T03:00:00+08:00,122.0,0.0,0.0,16.8,0.80,1008.2,-99.0,0.0,-9.9,-99,-999,高雄市,05,杉林區,269
22.9728,120.5318,月眉,C0V260,2017-01-23T04:00:00+08:00,122.0,0.0,0.1,16.8,0.86,1008.0,-99.0,0.0,-9.9,-99,-999,高雄市,05,杉林區,269
22.9728,120.5318,月眉,C0V260,2017-01-23T05:00:00+08:00,122.0,187.0,0.9,16.6,0.87,1008.3,-99.0,0.0,-9.9,-99,-999,高雄市,05,杉林區,269
22.9728,120.5318,月眉,C0V260,2017-01-23T06:00:00+08:00,122.0,0.0,0.0,16.1,0.88,1008.7,-99.0,0.0,-9.9,-99,-999,高雄市,05,杉林區,269
22.9728,120.5318,月眉,C0V260,2017-01-23T07:00:00+08:00,122.0,0.0,0.0,15.8,0.89,1009.2,-99.0,0.0,-9.9,-99,-999,高雄市,05,杉林區,269
22.9728,120.5318,月眉,C0V260,2017-01-23T08:00:00+08:00,122.0,295.0,0.3,16.7,0.85,1009.9,-99.0,0.0,-9.9,-99,-999,高雄市,05,杉林區,269
22.9728,120.5318,月眉,C0V260,2017-01-23T09:00:00+08:00,122.0,219.0,1.1,18.9,0.76,1010.4,-99.0,0.0,-9.9,-99,-999,高雄市,05,杉林區,269
22.9728,120.5318,月眉,C0V260,2017-01-23T10:00:00+08:00,122.0,215.0,1.9,20.9,0.65,1010.4,-99.0,0.0,-9.9,-99,-999,高雄市,05,杉林區,269
22.9728,120.5318,月眉,C0V260,2017-01-23T11:00:00+08:00,122.0,222.0,1.0,22.8,0.55,1010.1,-99.0,0.0,-9.9,-99,-999,高雄市,05,杉林區,269
22.9728,120.5318,月眉,C0V260,2017-01-23T12:00:00+08:00,122.0,210.0,1.5,23.8,0.52,1009.2,-99.0,0.0,-9.9,-99,-999,高雄市,05,杉林區,269
22.9728,120.5318,月眉,C0V260,2017-01-23T13:00:00+08:00,122.0,241.0,2.0,24.3,0.52,1008.1,-99.0,0.0,-9.9,-99,-999,高雄市,05,杉林區,269
22.9728,120.5318,月眉,C0V260,2017-01-23T14:00:00+08:00,122.0,250.0,2.2,24.6,0.49,1007.4,-99.0,0.0,-9.9,-99,-999,高雄市,05,杉林區,269
22.9728,120.5318,月眉,C0V260,2017-01-23T15:00:00+08:00,122.0,298.0,1.5,23.7,0.50,1007.1,-99.0,0.0,-9.9,-99,-999,高雄市,05,杉林區,269
22.9728,120.5318,月眉,C0V260,2017-01-23T16:00:00+08:00,122.0,288.0,1.5,23.5,0.50,1007.2,-99.0,0.0,-9.9,-99,-999,高雄市,05,杉林區,269
22.9728,120.5318,月眉,C0V260,2017-01-23T17:00:00+08:00,122.0,269.0,1.9,22.1,0.54,1007.6,-99.0,0.0,-9.9,-99,-999,高雄市,05,杉林區,269
22.9728,120.5318,月眉,C0V260,2017-01-23T18:00:00+08:00,122.0,220.0,2.6,20.8,0.60,1008.2,-99.0,0.0,-9.9,-99,-999,高雄市,05,杉林區,269
22.9728,120.5318,月眉,C0V260,2017-01-23T19:00:00+08:00,122.0,225.0,1.4,19.3,0.65,1008.8,-99.0,0.0,-9.9,-99,-999,高雄市,05,杉林區,269
22.9728,120.5318,月眉,C0V260,2017-01-23T20:00:00+08:00,122.0,199.0,1.3,18.5,0.67,1009.1,-99.0,0.0,-9.9,-99,-999,高雄市,05,杉林區,269
22.9728,120.5318,月眉,C0V260,2017-01-23T21:00:00+08:00,122.0,171.0,0.7,18.0,0.73,1009.5,-99.0,0.0,-9.9,-99,-999,高雄市,05,杉林區,269
22.9728,120.5318,月眉,C0V260,2017-01-23T22:00:00+08:00,122.0,0.0,0.0,17.5,0.76,1010.0,-99.0,0.0,-9.9,-99,-999,高雄市,05,杉林區,269
22.9728,120.5318,月眉,C0V260,2017-01-23T23:00:00+08:00,122.0,0.0,0.1,16.9,0.82,1010.2,-99.0,0.0,-9.9,-99,-999,高雄市,05,杉林區,269
22.9728,120.5318,月眉,C0V260,2017-01-24T00:00:00+08:00,122.0,111.0,0.4,16.2,0.85,1010.2,-99.0,0.0,-9.9,-99,-999,高雄市,05,杉林區,269
22.9728,120.5318,月眉,C0V260,2017-01-24T01:00:00+08:00,122.0,0.0,0.0,16.1,0.86,1010.1,-99.0,0.0,-9.9,-99,-999,高雄市,05,杉林區,269
22.9728,120.5318,月眉,C0V260,2017-01-24T02:00:00+08:00,122.0,129.0,0.4,15.9,0.88,1009.5,-99.0,0.0,-9.9,-99,-999,高雄市,05,杉林區,269
22.9728,120.5318,月眉,C0V260,2017-01-24T03:00:00+08:00,122.0,7.0,0.6,15.6,0.91,1008.9,-99.0,0.0,-9.9,-99,-999,高雄市,05,杉林區,269
22.9728,120.5318,月眉,C0V260,2017-01-24T04:00:00+08:00,122.0,0.0,0.1,15.4,0.91,1008.5,-99.0,0.0,-9.9,-99,-999,高雄市,05,杉林區,269
22.9728,120.5318,月眉,C0V260,2017-01-24T05:00:00+08:00,122.0,204.0,1.0,15.4,0.91,1008.4,-99.0,0.0,-9.9,-99,-999,高雄市,05,杉林區,269
22.9728,120.5318,月眉,C0V260,2017-01-24T06:00:00+08:00,122.0,0.0,0.0,15.5,0.92,1009.0,-99.0,0.0,-9.9,-99,-999,高雄市,05,杉林區,269
22.9728,120.5318,月眉,C0V260,2017-01-24T07:00:00+08:00,122.0,0.0,0.1,15.2,0.92,1009.6,-99.0,0.0,-9.9,-99,-999,高雄市,05,杉林區,269
22.9728,120.5318,月眉,C0V260,2017-01-24T08:00:00+08:00,122.0,249.0,0.5,16.6,0.87,1010.2,-99.0,0.0,-9.9,-99,-999,高雄市,05,杉林區,269
22.9728,120.5318,月眉,C0V260,2017-01-24T10:00:00+08:00,122.0,222.0,1.3,20.4,0.68,1010.6,-99.0,0.0,-9.9,-99,-999,高雄市,05,杉林區,269
22.9728,120.5318,月眉,C0V260,2017-01-24T11:00:00+08:00,122.0,286.0,1.3,22.3,0.60,1010.1,-99.0,0.0,-9.9,-99,-999,高雄市,05,杉林區,269
22.9728,120.5318,月眉,C0V260,2017-01-24T12:00:00+08:00,122.0,268.0,2.7,23.9,0.53,1009.1,-99.0,0.0,-9.9,-99,-999,高雄市,05,杉林區,269
22.9728,120.5318,月眉,C0V260,2017-01-24T13:00:00+08:00,122.0,280.0,2.7,23.8,0.52,1008.5,-99.0,0.0,-9.9,-99,-999,高雄市,05,杉林區,269
22.9728,120.5318,月眉,C0V260,2017-01-24T14:00:00+08:00,122.0,297.0,2.0,24.6,0.49,1007.8,-99.0,0.0,-9.9,-99,-999,高雄市,05,杉林區,269
22.9728,120.5318,月眉,C0V260,2017-01-24T15:00:00+08:00,122.0,292.0,2.4,24.8,0.47,1007.7,-99.0,0.0,-9.9,-99,-999,高雄市,05,杉林區,269
22.9728,120.5318,月眉,C0V260,2017-01-24T16:00:00+08:00,122.0,281.0,2.4,24.3,0.50,1007.8,-99.0,0.0,-9.9,-99,-999,高雄市,05,杉林區,269
22.9728,120.5318,月眉,C0V260,2017-01-24T17:00:00+08:00,122.0,287.0,1.8,21.9,0.58,1008.4,-99.0,0.0,-9.9,-99,-999,高雄市,05,杉林區,269
22.9728,120.5318,月眉,C0V260,2017-01-24T18:00:00+08:00,122.0,285.0,0.6,20.0,0.66,1008.7,-99.0,0.0,-9.9,-99,-999,高雄市,05,杉林區,269
22.9728,120.5318,月眉,C0V260,2017-01-24T19:00:00+08:00,122.0,233.0,0.6,18.7,0.73,1009.3,-99.0,0.0,-9.9,-99,-999,高雄市,05,杉林區,269
22.9728,120.5318,月眉,C0V260,2017-01-24T20:00:00+08:00,122.0,168.0,0.9,18.0,0.76,1010.0,-99.0,0.0,-9.9,-99,-999,高雄市,05,杉林區,269
22.9728,120.5318,月眉,C0V260,2017-01-24T21:00:00+08:00,122.0,143.0,0.5,17.2,0.79,1010.7,-99.0,0.0,-9.9,-99,-999,高雄市,05,杉林區,269
22.9728,120.5318,月眉,C0V260,2017-01-24T22:00:00+08:00,122.0,168.0,0.5,17.2,0.81,1010.7,-99.0,0.0,-9.9,-99,-999,高雄市,05,杉林區,269
22.9728,120.5318,月眉,C0V260,2017-01-24T23:00:00+08:00,122.0,191.0,1.2,16.8,0.83,1010.7,-99.0,0.0,-9.9,-99,-999,高雄市,05,杉林區,269
22.9728,120.5318,月眉,C0V260,2017-01-25T00:00:00+08:00,122.0,0.0,0.0,16.6,0.83,1010.3,-99.0,0.0,-9.9,-99,-999,高雄市,05,杉林區,269
22.9728,120.5318,月眉,C0V260,2017-01-25T01:00:00+08:00,122.0,191.0,0.7,16.3,0.85,1010.1,-99.0,0.0,-9.9,-99,-999,高雄市,05,杉林區,269
22.9728,120.5318,月眉,C0V260,2017-01-25T02:00:00+08:00,122.0,189.0,0.6,16.1,0.88,1009.6,-99.0,0.0,-9.9,-99,-999,高雄市,05,杉林區,269
22.9728,120.5318,月眉,C0V260,2017-01-25T03:00:00+08:00,122.0,0.0,0.0,16.1,0.88,1009.1,-99.0,0.0,-9.9,-99,-999,高雄市,05,杉林區,269
22.9728,120.5318,月眉,C0V260,2017-01-25T04:00:00+08:00,122.0,0.0,0.0,15.9,0.90,1008.8,-99.0,0.0,-9.9,-99,-999,高雄市,05,杉林區,269
22.9728,120.5318,月眉,C0V260,2017-01-25T05:00:00+08:00,122.0,275.0,1.0,15.7,0.91,1008.7,-99.0,0.0,-9.9,-99,-999,高雄市,05,杉林區,269
22.9728,120.5318,月眉,C0V260,2017-01-25T06:00:00+08:00,122.0,305.0,0.6,15.4,0.92,1009.4,-99.0,0.0,-9.9,-99,-999,高雄市,05,杉林區,269
22.9728,120.5318,月眉,C0V260,2017-01-25T07:00:00+08:00,122.0,216.0,1.3,15.0,0.93,1009.7,-99.0,0.0,-9.9,-99,-999,高雄市,05,杉林區,269
22.9728,120.5318,月眉,C0V260,2017-01-25T08:00:00+08:00,122.0,334.0,0.5,16.2,0.89,1009.8,-99.0,0.0,-9.9,-99,-999,高雄市,05,杉林區,269
22.9728,120.5318,月眉,C0V260,2017-01-25T09:00:00+08:00,122.0,282.0,0.8,18.3,0.82,1010.2,-99.0,0.0,-9.9,-99,-999,高雄市,05,杉林區,269
22.9728,120.5318,月眉,C0V260,2017-01-25T10:00:00+08:00,122.0,220.0,1.3,20.5,0.70,1010.1,-99.0,0.0,-9.9,-99,-999,高雄市,05,杉林區,269
22.9728,120.5318,月眉,C0V260,2017-01-25T11:00:00+08:00,122.0,244.0,1.1,22.7,0.61,1009.4,-99.0,0.0,-9.9,-99,-999,高雄市,05,杉林區,269
22.9728,120.5318,月眉,C0V260,2017-01-25T12:00:00+08:00,122.0,260.0,2.3,24.0,0.57,1008.4,-99.0,0.0,-9.9,-99,-999,高雄市,05,杉林區,269
22.9728,120.5318,月眉,C0V260,2017-01-25T13:00:00+08:00,122.0,251.0,1.8,23.6,0.56,1007.4,-99.0,0.0,-9.9,-99,-999,高雄市,05,杉林區,269
22.9728,120.5318,月眉,C0V260,2017-01-25T14:00:00+08:00,122.0,269.0,2.5,23.4,0.56,1007.1,-99.0,0.0,-9.9,-99,-999,高雄市,05,杉林區,269
22.9728,120.5318,月眉,C0V260,2017-01-25T15:00:00+08:00,122.0,245.0,2.4,24.5,0.52,1006.5,-99.0,0.0,-9.9,-99,-999,高雄市,05,杉林區,269
22.9728,120.5318,月眉,C0V260,2017-01-25T16:00:00+08:00,122.0,280.0,2.3,24.4,0.50,1006.5,-99.0,0.0,-9.9,-99,-999,高雄市,05,杉林區,269
22.9728,120.5318,月眉,C0V260,2017-01-25T17:00:00+08:00,122.0,281.0,1.6,22.4,0.59,1006.6,-99.0,0.0,-9.9,-99,-999,高雄市,05,杉林區,269
22.9728,120.5318,月眉,C0V260,2017-01-25T18:00:00+08:00,122.0,250.0,1.4,19.5,0.66,1007.1,-99.0,0.0,-9.9,-99,-999,高雄市,05,杉林區,269
22.9728,120.5318,月眉,C0V260,2017-01-25T19:00:00+08:00,122.0,195.0,1.7,17.9,0.76,1007.9,-99.0,0.0,-9.9,-99,-999,高雄市,05,杉林區,269
22.9728,120.5318,月眉,C0V260,2017-01-25T21:00:00+08:00,122.0,108.0,0.9,15.2,0.87,1008.7,-99.0,0.0,-9.9,-99,-999,高雄市,05,杉林區,269
22.9728,120.5318,月眉,C0V260,2017-01-25T22:00:00+08:00,122.0,89.0,1.1,14.5,0.90,1008.9,-99.0,0.0,-9.9,-99,-999,高雄市,05,杉林區,269
22.9728,120.5318,月眉,C0V260,2017-01-25T23:00:00+08:00,122.0,123.0,0.7,14.0,0.91,1008.8,-99.0,0.0,-9.9,-99,-999,高雄市,05,杉林區,269
22.9728,120.5318,月眉,C0V260,2017-01-26T00:00:00+08:00,122.0,105.0,0.8,13.5,0.91,1008.5,-99.0,0.0,-9.9,-99,-999,高雄市,05,杉林區,269
22.9728,120.5318,月眉,C0V260,2017-01-26T01:00:00+08:00,122.0,190.0,1.1,13.1,0.93,1008.2,-99.0,0.0,-9.9,-99,-999,高雄市,05,杉林區,269
22.9728,120.5318,月眉,C0V260,2017-01-26T02:00:00+08:00,122.0,135.0,0.6,12.9,0.94,1007.8,-99.0,0.0,-9.9,-99,-999,高雄市,05,杉林區,269
22.9728,120.5318,月眉,C0V260,2017-01-26T03:00:00+08:00,122.0,139.0,0.6,12.3,0.94,1007.3,-99.0,0.0,-9.9,-99,-999,高雄市,05,杉林區,269
22.9728,120.5318,月眉,C0V260,2017-01-26T04:00:00+08:00,122.0,87.0,1.0,12.0,0.94,1007.2,-99.0,0.0,-9.9,-99,-999,高雄市,05,杉林區,269
22.9728,120.5318,月眉,C0V260,2017-01-26T05:00:00+08:00,122.0,0.0,0.0,12.0,0.95,1007.5,-99.0,0.0,-9.9,-99,-999,高雄市,05,杉林區,269
22.9728,120.5318,月眉,C0V260,2017-01-26T06:00:00+08:00,122.0,75.0,0.8,12.6,0.95,1008.1,-99.0,0.0,-9.9,-99,-999,高雄市,05,杉林區,269
22.9728,120.5318,月眉,C0V260,2017-01-26T07:00:00+08:00,122.0,94.0,0.8,12.5,0.96,1008.4,-99.0,0.0,-9.9,-99,-999,高雄市,05,杉林區,269
22.9728,120.5318,月眉,C0V260,2017-01-26T08:00:00+08:00,122.0,287.0,0.6,13.1,0.96,1008.8,-99.0,0.0,-9.9,-99,-999,高雄市,05,杉林區,269
22.9728,120.5318,月眉,C0V260,2017-01-26T10:00:00+08:00,122.0,199.0,1.0,17.3,0.74,1008.9,-99.0,0.0,-9.9,-99,-999,高雄市,05,杉林區,269
22.9728,120.5318,月眉,C0V260,2017-01-26T11:00:00+08:00,122.0,208.0,1.7,21.5,0.55,1008.0,-99.0,0.0,-9.9,-99,-999,高雄市,05,杉林區,269
22.9728,120.5318,月眉,C0V260,2017-01-26T12:00:00+08:00,122.0,214.0,2.3,23.9,0.50,1007.1,-99.0,0.0,-9.9,-99,-999,高雄市,05,杉林區,269
22.9728,120.5318,月眉,C0V260,2017-01-26T13:00:00+08:00,122.0,255.0,2.2,24.9,0.48,1005.9,-99.0,0.0,-9.9,-99,-999,高雄市,05,杉林區,269
22.9728,120.5318,月眉,C0V260,2017-01-26T14:00:00+08:00,122.0,258.0,2.0,24.9,0.46,1004.9,-99.0,0.0,-9.9,-99,-999,高雄市,05,杉林區,269
22.9728,120.5318,月眉,C0V260,2017-01-26T15:00:00+08:00,122.0,274.0,1.3,25.1,0.44,1004.4,-99.0,0.0,-9.9,-99,-999,高雄市,05,杉林區,269
22.9728,120.5318,月眉,C0V260,2017-01-26T16:00:00+08:00,122.0,287.0,2.5,24.4,0.46,1004.6,-99.0,0.0,-9.9,-99,-999,高雄市,05,杉林區,269
22.9728,120.5318,月眉,C0V260,2017-01-26T17:00:00+08:00,122.0,291.0,1.5,22.7,0.50,1005.2,-99.0,0.0,-9.9,-99,-999,高雄市,05,杉林區,269
22.9728,120.5318,月眉,C0V260,2017-01-26T18:00:00+08:00,122.0,200.0,0.4,20.5,0.57,1005.6,-99.0,0.0,-9.9,-99,-999,高雄市,05,杉林區,269
22.9728,120.5318,月眉,C0V260,2017-01-26T19:00:00+08:00,122.0,141.0,1.4,18.0,0.71,1006.2,-99.0,0.0,-9.9,-99,-999,高雄市,05,杉林區,269
22.9728,120.5318,月眉,C0V260,2017-01-26T20:00:00+08:00,122.0,174.0,1.6,18.3,0.71,1006.8,-99.0,0.0,-9.9,-99,-999,高雄市,05,杉林區,269
22.9728,120.5318,月眉,C0V260,2017-01-26T21:00:00+08:00,122.0,175.0,0.8,17.3,0.75,1007.2,-99.0,0.0,-9.9,-99,-999,高雄市,05,杉林區,269
22.9728,120.5318,月眉,C0V260,2017-01-26T22:00:00+08:00,122.0,206.0,0.6,16.5,0.80,1007.6,-99.0,0.0,-9.9,-99,-999,高雄市,05,杉林區,269
22.9728,120.5318,月眉,C0V260,2017-01-26T23:00:00+08:00,122.0,215.0,0.6,15.7,0.84,1007.7,-99.0,0.0,-9.9,-99,-999,高雄市,05,杉林區,269
22.9728,120.5318,月眉,C0V260,2017-01-27T00:00:00+08:00,122.0,77.0,0.8,14.7,0.89,1007.9,-99.0,0.0,-9.9,-99,-999,高雄市,05,杉林區,269
22.9728,120.5318,月眉,C0V260,2017-01-27T01:00:00+08:00,122.0,97.0,0.9,15.0,0.89,1007.8,-99.0,0.0,-9.9,-99,-999,高雄市,05,杉林區,269
22.9728,120.5318,月眉,C0V260,2017-01-27T02:00:00+08:00,122.0,0.0,0.0,15.1,0.90,1007.2,-99.0,0.0,-9.9,-99,-999,高雄市,05,杉林區,269
22.9728,120.5318,月眉,C0V260,2017-01-27T03:00:00+08:00,122.0,63.0,1.6,14.3,0.92,1006.5,-99.0,0.0,-9.9,-99,-999,高雄市,05,杉林區,269
22.9728,120.5318,月眉,C0V260,2017-01-27T04:00:00+08:00,122.0,56.0,1.6,15.1,0.86,1006.4,-99.0,0.0,-9.9,-99,-999,高雄市,05,杉林區,269
22.9728,120.5318,月眉,C0V260,2017-01-27T05:00:00+08:00,122.0,149.0,0.8,13.2,0.92,1006.4,-99.0,0.0,-9.9,-99,-999,高雄市,05,杉林區,269
22.9728,120.5318,月眉,C0V260,2017-01-27T06:00:00+08:00,122.0,63.0,1.5,14.0,0.88,1007.0,-99.0,0.0,-9.9,-99,-999,高雄市,05,杉林區,269
22.9728,120.5318,月眉,C0V260,2017-01-27T07:00:00+08:00,122.0,223.0,0.9,12.3,0.93,1007.7,-99.0,0.0,-9.9,-99,-999,高雄市,05,杉林區,269
22.9728,120.5318,月眉,C0V260,2017-01-27T08:00:00+08:00,122.0,46.0,0.3,14.3,0.90,1008.6,-99.0,0.0,-9.9,-99,-999,高雄市,05,杉林區,269
22.9728,120.5318,月眉,C0V260,2017-01-27T09:00:00+08:00,122.0,222.0,0.6,18.7,0.68,1008.8,-99.0,0.0,-9.9,-99,-999,高雄市,05,杉林區,269
22.9728,120.5318,月眉,C0V260,2017-01-27T10:00:00+08:00,122.0,188.0,1.2,20.8,0.57,1008.4,-99.0,0.0,-9.9,-99,-999,高雄市,05,杉林區,269
22.9728,120.5318,月眉,C0V260,2017-01-27T11:00:00+08:00,122.0,201.0,0.9,24.0,0.43,1007.4,-99.0,0.0,-9.9,-99,-999,高雄市,05,杉林區,269
22.9728,120.5318,月眉,C0V260,2017-01-27T13:00:00+08:00,122.0,301.0,1.5,27.3,0.31,1004.9,-99.0,0.0,-9.9,-99,-999,高雄市,05,杉林區,269
22.9728,120.5318,月眉,C0V260,2017-01-27T14:00:00+08:00,122.0,294.0,1.8,27.0,0.31,1003.8,-99.0,0.0,-9.9,-99,-999,高雄市,05,杉林區,269
22.9728,120.5318,月眉,C0V260,2017-01-27T15:00:00+08:00,122.0,278.0,3.8,26.6,0.33,1003.6,-99.0,0.0,-9.9,-99,-999,高雄市,05,杉林區,269
22.9728,120.5318,月眉,C0V260,2017-01-27T16:00:00+08:00,122.0,288.0,2.0,25.8,0.38,1003.8,-99.0,0.0,-9.9,-99,-999,高雄市,05,杉林區,269
22.9728,120.5318,月眉,C0V260,2017-01-27T17:00:00+08:00,122.0,296.0,1.1,24.0,0.44,1004.0,-99.0,0.0,-9.9,-99,-999,高雄市,05,杉林區,269
22.9728,120.5318,月眉,C0V260,2017-01-27T18:00:00+08:00,122.0,194.0,0.4,20.5,0.58,1004.6,-99.0,0.0,-9.9,-99,-999,高雄市,05,杉林區,269
22.9728,120.5318,月眉,C0V260,2017-01-27T19:00:00+08:00,122.0,77.0,0.9,17.5,0.71,1005.1,-99.0,0.0,-9.9,-99,-999,高雄市,05,杉林區,269
22.9728,120.5318,月眉,C0V260,2017-01-27T20:00:00+08:00,122.0,53.0,1.4,17.3,0.73,1005.7,-99.0,0.0,-9.9,-99,-999,高雄市,05,杉林區,269
22.9728,120.5318,月眉,C0V260,2017-01-27T21:00:00+08:00,122.0,62.0,1.5,16.1,0.76,1006.1,-99.0,0.0,-9.9,-99,-999,高雄市,05,杉林區,269
22.9728,120.5318,月眉,C0V260,2017-01-27T22:00:00+08:00,122.0,85.0,0.4,15.3,0.80,1006.2,-99.0,0.0,-9.9,-99,-999,高雄市,05,杉林區,269
22.9728,120.5318,月眉,C0V260,2017-01-27T23:00:00+08:00,122.0,57.0,1.7,15.8,0.78,1005.8,-99.0,0.0,-9.9,-99,-999,高雄市,05,杉林區,269
22.9728,120.5318,月眉,C0V260,2017-01-28T00:00:00+08:00,122.0,65.0,1.1,15.0,0.81,1005.5,-99.0,0.0,-9.9,-99,-999,高雄市,05,杉林區,269
22.9728,120.5318,月眉,C0V260,2017-01-28T01:00:00+08:00,122.0,77.0,0.8,14.7,0.82,1005.3,-99.0,0.0,-9.9,-99,-999,高雄市,05,杉林區,269
22.9728,120.5318,月眉,C0V260,2017-01-28T02:00:00+08:00,122.0,66.0,1.2,14.2,0.83,1004.9,-99.0,0.0,-9.9,-99,-999,高雄市,05,杉林區,269
22.9728,120.5318,月眉,C0V260,2017-01-28T03:00:00+08:00,122.0,72.0,0.4,14.0,0.82,1004.1,-99.0,0.0,-9.9,-99,-999,高雄市,05,杉林區,269
22.9728,120.5318,月眉,C0V260,2017-01-28T04:00:00+08:00,122.0,72.0,1.5,13.4,0.82,1003.3,-99.0,0.0,-9.9,-99,-999,高雄市,05,杉林區,269
22.9728,120.5318,月眉,C0V260,2017-01-28T05:00:00+08:00,122.0,145.0,0.3,12.5,0.85,1003.5,-99.0,0.0,-9.9,-99,-999,高雄市,05,杉林區,269
22.9728,120.5318,月眉,C0V260,2017-01-28T06:00:00+08:00,122.0,73.0,0.9,11.3,0.90,1003.9,-99.0,0.0,-9.9,-99,-999,高雄市,05,杉林區,269
22.9728,120.5318,月眉,C0V260,2017-01-28T07:00:00+08:00,122.0,10.0,1.0,11.3,0.88,1004.1,-99.0,0.0,-9.9,-99,-999,高雄市,05,杉林區,269
22.9728,120.5318,月眉,C0V260,2017-01-28T08:00:00+08:00,122.0,42.0,1.5,14.6,0.72,1004.3,-99.0,0.0,-9.9,-99,-999,高雄市,05,杉林區,269
22.9728,120.5318,月眉,C0V260,2017-01-28T09:00:00+08:00,122.0,190.0,1.6,19.7,0.57,1004.9,-99.0,0.0,-9.9,-99,-999,高雄市,05,杉林區,269
22.9728,120.5318,月眉,C0V260,2017-01-28T10:00:00+08:00,122.0,176.0,0.7,22.5,0.40,1004.9,-99.0,0.0,-9.9,-99,-999,高雄市,05,杉林區,269
22.9728,120.5318,月眉,C0V260,2017-01-28T11:00:00+08:00,122.0,220.0,1.9,25.7,0.34,1004.3,-99.0,0.0,-9.9,-99,-999,高雄市,05,杉林區,269
22.9728,120.5318,月眉,C0V260,2017-01-28T12:00:00+08:00,122.0,299.0,1.2,26.6,0.32,1003.2,-99.0,0.0,-9.9,-99,-999,高雄市,05,杉林區,269
22.9728,120.5318,月眉,C0V260,2017-01-28T13:00:00+08:00,122.0,206.0,2.0,28.9,0.31,1002.1,-99.0,0.0,-9.9,-99,-999,高雄市,05,杉林區,269
22.9728,120.5318,月眉,C0V260,2017-01-28T14:00:00+08:00,122.0,196.0,2.9,28.4,0.37,1001.4,-99.0,0.0,-9.9,-99,-999,高雄市,05,杉林區,269
22.9728,120.5318,月眉,C0V260,2017-01-28T15:00:00+08:00,122.0,291.0,1.3,27.6,0.37,1001.0,-99.0,0.0,-9.9,-99,-999,高雄市,05,杉林區,269
22.9728,120.5318,月眉,C0V260,2017-01-28T16:00:00+08:00,122.0,293.0,2.6,26.9,0.42,1000.9,-99.0,0.0,-9.9,-99,-999,高雄市,05,杉林區,269
22.9728,120.5318,月眉,C0V260,2017-01-28T17:00:00+08:00,122.0,285.0,2.0,25.0,0.48,1001.6,-99.0,0.0,-9.9,-99,-999,高雄市,05,杉林區,269
22.9728,120.5318,月眉,C0V260,2017-01-28T18:00:00+08:00,122.0,212.0,1.9,21.8,0.57,1002.1,-99.0,0.0,-9.9,-99,-999,高雄市,05,杉林區,269
22.9728,120.5318,月眉,C0V260,2017-01-28T19:00:00+08:00,122.0,156.0,1.3,20.6,0.64,1002.8,-99.0,0.0,-9.9,-99,-999,高雄市,05,杉林區,269
22.9728,120.5318,月眉,C0V260,2017-01-28T20:00:00+08:00,122.0,52.0,1.3,18.7,0.73,1003.3,-99.0,0.0,-9.9,-99,-999,高雄市,05,杉林區,269
22.9728,120.5318,月眉,C0V260,2017-01-28T21:00:00+08:00,122.0,46.0,0.9,18.2,0.76,1003.3,-99.0,0.0,-9.9,-99,-999,高雄市,05,杉林區,269
22.9728,120.5318,月眉,C0V260,2017-01-28T22:00:00+08:00,122.0,56.0,1.2,17.1,0.80,1003.5,-99.0,0.0,-9.9,-99,-999,高雄市,05,杉林區,269
22.9728,120.5318,月眉,C0V260,2017-01-28T23:00:00+08:00,122.0,41.0,0.6,16.5,0.83,1003.3,-99.0,0.0,-9.9,-99,-999,高雄市,05,杉林區,269
22.9728,120.5318,月眉,C0V260,2017-01-29T00:00:00+08:00,122.0,56.0,1.0,16.3,0.83,1003.1,-99.0,0.0,-9.9,-99,-999,高雄市,05,杉林區,269
22.9728,120.5318,月眉,C0V260,2017-01-29T01:00:00+08:00,122.0,62.0,1.2,15.3,0.88,1003.0,-99.0,0.0,-9.9,-99,-999,高雄市,05,杉林區,269
22.9728,120.5318,月眉,C0V260,2017-01-29T02:00:00+08:00,122.0,73.0,0.8,15.4,0.87,1002.4,-99.0,0.0,-9.9,-99,-999,高雄市,05,杉林區,269
22.9728,120.5318,月眉,C0V260,2017-01-29T03:00:00+08:00,122.0,0.0,0.0,14.6,0.88,1002.2,-99.0,0.0,-9.9,-99,-999,高雄市,05,杉林區,269
22.9728,120.5318,月眉,C0V260,2017-01-29T04:00:00+08:00,122.0,102.0,0.3,14.4,0.90,1001.9,-99.0,0.0,-9.9,-99,-999,高雄市,05,杉林區,269
22.9728,120.5318,月眉,C0V260,2017-01-29T05:00:00+08:00,122.0,0.0,0.0,14.0,0.91,1002.2,-99.0,0.0,-9.9,-99,-999,高雄市,05,杉林區,269
22.9728,120.5318,月眉,C0V260,2017-01-29T06:00:00+08:00,122.0,345.0,0.6,13.9,0.92,1002.5,-99.0,0.0,-9.9,-99,-999,高雄市,05,杉林區,269
22.9728,120.5318,月眉,C0V260,2017-01-29T07:00:00+08:00,122.0,6.0,0.5,15.2,0.86,1003.1,-99.0,0.0,-9.9,-99,-999,高雄市,05,杉林區,269
22.9728,120.5318,月眉,C0V260,2017-01-29T08:00:00+08:00,122.0,54.0,1.2,16.9,0.79,1003.8,-99.0,0.0,-9.9,-99,-999,高雄市,05,杉林區,269
22.9728,120.5318,月眉,C0V260,2017-01-29T09:00:00+08:00,122.0,91.0,0.6,21.5,0.61,1004.3,-99.0,0.0,-9.9,-99,-999,高雄市,05,杉林區,269
22.9728,120.5318,月眉,C0V260,2017-01-29T10:00:00+08:00,122.0,215.0,1.2,24.4,0.50,1004.4,-99.0,0.0,-9.9,-99,-999,高雄市,05,杉林區,269
22.9728,120.5318,月眉,C0V260,2017-01-29T11:00:00+08:00,122.0,269.0,1.0,26.7,0.36,1003.6,-99.0,0.0,-9.9,-99,-999,高雄市,05,杉林區,269
22.9728,120.5318,月眉,C0V260,2017-01-29T12:00:00+08:00,122.0,175.0,1.8,28.3,0.38,1002.6,-99.0,0.0,-9.9,-99,-999,高雄市,05,杉林區,269
22.9728,120.5318,月眉,C0V260,2017-01-29T13:00:00+08:00,122.0,282.0,2.2,29.6,0.37,1001.7,-99.0,0.0,-9.9,-99,-999,高雄市,05,杉林區,269
22.9728,120.5318,月眉,C0V260,2017-01-29T14:00:00+08:00,122.0,227.0,1.8,30.1,0.34,1000.6,-99.0,0.0,-9.9,-99,-999,高雄市,05,杉林區,269
22.9728,120.5318,月眉,C0V260,2017-01-29T15:00:00+08:00,122.0,281.0,2.9,29.0,0.34,1000.4,-99.0,0.0,-9.9,-99,-999,高雄市,05,杉林區,269
22.9728,120.5318,月眉,C0V260,2017-01-29T17:00:00+08:00,122.0,290.0,1.9,26.9,0.45,1001.2,-99.0,0.0,-9.9,-99,-999,高雄市,05,杉林區,269
22.9728,120.5318,月眉,C0V260,2017-01-29T18:00:00+08:00,122.0,232.0,1.5,23.5,0.65,1002.2,-99.0,0.0,-9.9,-99,-999,高雄市,05,杉林區,269
22.9728,120.5318,月眉,C0V260,2017-01-29T19:00:00+08:00,122.0,164.0,1.3,22.5,0.69,1002.6,-99.0,0.0,-9.9,-99,-999,高雄市,05,杉林區,269
22.9728,120.5318,月眉,C0V260,2017-01-29T20:00:00+08:00,122.0,155.0,0.8,21.4,0.70,1002.9,-99.0,0.0,-9.9,-99,-999,高雄市,05,杉林區,269
22.9728,120.5318,月眉,C0V260,2017-01-29T21:00:00+08:00,122.0,0.0,0.1,20.1,0.77,1003.1,-99.0,0.0,-9.9,-99,-999,高雄市,05,杉林區,269
22.9728,120.5318,月眉,C0V260,2017-01-29T22:00:00+08:00,122.0,53.0,1.4,19.4,0.81,1003.0,-99.0,0.0,-9.9,-99,-999,高雄市,05,杉林區,269
22.9728,120.5318,月眉,C0V260,2017-01-29T23:00:00+08:00,122.0,351.0,1.0,18.3,0.86,1002.9,-99.0,0.0,-9.9,-99,-999,高雄市,05,杉林區,269
22.9728,120.5318,月眉,C0V260,2017-01-30T00:00:00+08:00,122.0,0.0,0.0,17.3,0.88,1003.1,-99.0,0.0,-9.9,-99,-999,高雄市,05,杉林區,269
22.9728,120.5318,月眉,C0V260,2017-01-30T01:00:00+08:00,122.0,43.0,1.2,17.3,0.88,1002.7,-99.0,0.0,-9.9,-99,-999,高雄市,05,杉林區,269
22.9728,120.5318,月眉,C0V260,2017-01-30T02:00:00+08:00,122.0,46.0,1.1,16.7,0.90,1002.1,-99.0,0.0,-9.9,-99,-999,高雄市,05,杉林區,269
22.9728,120.5318,月眉,C0V260,2017-01-30T03:00:00+08:00,122.0,0.0,0.1,16.3,0.89,1001.8,-99.0,0.0,-9.9,-99,-999,高雄市,05,杉林區,269
22.9728,120.5318,月眉,C0V260,2017-01-30T04:00:00+08:00,122.0,2.0,0.7,15.9,0.91,1001.9,-99.0,0.0,-9.9,-99,-999,高雄市,05,杉林區,269
22.9728,120.5318,月眉,C0V260,2017-01-30T05:00:00+08:00,122.0,0.0,0.2,15.8,0.92,1002.1,-99.0,0.0,-9.9,-99,-999,高雄市,05,杉林區,269
22.9728,120.5318,月眉,C0V260,2017-01-30T06:00:00+08:00,122.0,36.0,0.5,15.6,0.92,1003.0,-99.0,0.0,-9.9,-99,-999,高雄市,05,杉林區,269
22.9728,120.5318,月眉,C0V260,2017-01-30T07:00:00+08:00,122.0,0.0,0.2,15.7,0.90,1003.2,-99.0,0.0,-9.9,-99,-999,高雄市,05,杉林區,269
22.9728,120.5318,月眉,C0V260,2017-01-30T08:00:00+08:00,122.0,354.0,0.5,18.0,0.83,1003.9,-99.0,0.0,-9.9,-99,-999,高雄市,05,杉林區,269
22.9728,120.5318,月眉,C0V260,2017-01-30T09:00:00+08:00,122.0,8.0,1.3,21.8,0.65,1004.2,-99.0,0.0,-9.9,-99,-999,高雄市,05,杉林區,269
22.9728,120.5318,月眉,C0V260,2017-01-30T10:00:00+08:00,122.0,194.0,1.1,25.3,0.55,1003.6,-99.0,0.0,-9.9,-99,-999,高雄市,05,杉林區,269
22.9728,120.5318,月眉,C0V260,2017-01-30T11:00:00+08:00,122.0,195.0,2.1,27.9,0.47,1003.0,-99.0,0.0,-9.9,-99,-999,高雄市,05,杉林區,269
22.9728,120.5318,月眉,C0V260,2017-01-30T12:00:00+08:00,122.0,186.0,2.7,29.4,0.42,1002.0,-99.0,0.0,-9.9,-99,-999,高雄市,05,杉林區,269
22.9728,120.5318,月眉,C0V260,2017-01-30T13:00:00+08:00,122.0,264.0,2.3,30.5,0.40,1001.2,-99.0,0.0,-9.9,-99,-999,高雄市,05,杉林區,269
22.9728,120.5318,月眉,C0V260,2017-01-30T14:00:00+08:00,122.0,255.0,2.8,30.4,0.39,1000.5,-99.0,0.0,-9.9,-99,-999,高雄市,05,杉林區,269
22.9728,120.5318,月眉,C0V260,2017-01-30T15:00:00+08:00,122.0,251.0,1.2,29.4,0.43,1000.1,-99.0,0.0,-9.9,-99,-999,高雄市,05,杉林區,269
22.9728,120.5318,月眉,C0V260,2017-01-30T16:00:00+08:00,122.0,295.0,2.4,26.5,0.59,1000.6,-99.0,0.0,-9.9,-99,-999,高雄市,05,杉林區,269
22.9728,120.5318,月眉,C0V260,2017-01-30T17:00:00+08:00,122.0,279.0,2.3,24.3,0.65,1001.4,-99.0,0.0,-9.9,-99,-999,高雄市,05,杉林區,269
22.9728,120.5318,月眉,C0V260,2017-01-30T18:00:00+08:00,122.0,193.0,1.9,22.9,0.68,1002.1,-99.0,0.0,-9.9,-99,-999,高雄市,05,杉林區,269
22.9728,120.5318,月眉,C0V260,2017-01-30T21:00:00+08:00,122.0,177.0,1.8,20.0,0.77,1003.3,-99.0,0.0,-9.9,-99,-999,高雄市,05,杉林區,269
22.9728,120.5318,月眉,C0V260,2017-01-30T22:00:00+08:00,122.0,193.0,1.0,19.3,0.79,1003.2,-99.0,0.0,-9.9,-99,-999,高雄市,05,杉林區,269
22.9728,120.5318,月眉,C0V260,2017-01-30T23:00:00+08:00,122.0,200.0,1.8,18.3,0.82,1003.2,-99.0,0.0,-9.9,-99,-999,高雄市,05,杉林區,269
22.9728,120.5318,月眉,C0V260,2017-01-31T00:00:00+08:00,122.0,178.0,1.5,17.4,0.84,1003.3,-99.0,0.0,-9.9,-99,-999,高雄市,05,杉林區,269
22.9728,120.5318,月眉,C0V260,2017-01-31T01:00:00+08:00,122.0,0.0,0.0,16.9,0.84,1002.9,-99.0,0.0,-9.9,-99,-999,高雄市,05,杉林區,269
22.9728,120.5318,月眉,C0V260,2017-01-31T02:00:00+08:00,122.0,171.0,1.3,16.5,0.87,1002.4,-99.0,0.0,-9.9,-99,-999,高雄市,05,杉林區,269
22.9728,120.5318,月眉,C0V260,2017-01-31T03:00:00+08:00,122.0,238.0,0.4,16.3,0.89,1002.3,-99.0,0.0,-9.9,-99,-999,高雄市,05,杉林區,269
22.9728,120.5318,月眉,C0V260,2017-01-31T04:00:00+08:00,122.0,191.0,0.3,15.6,0.90,1002.3,-99.0,0.0,-9.9,-99,-999,高雄市,05,杉林區,269
22.9728,120.5318,月眉,C0V260,2017-01-31T05:00:00+08:00,122.0,0.0,0.2,15.5,0.91,1002.7,-99.0,0.0,-9.9,-99,-999,高雄市,05,杉林區,269
22.9728,120.5318,月眉,C0V260,2017-01-31T06:00:00+08:00,122.0,221.0,0.6,15.5,0.91,1003.1,-99.0,0.0,-9.9,-99,-999,高雄市,05,杉林區,269
22.9728,120.5318,月眉,C0V260,2017-01-31T07:00:00+08:00,122.0,189.0,1.0,15.7,0.91,1003.7,-99.0,0.0,-9.9,-99,-999,高雄市,05,杉林區,269
