22.5904,120.2779,旗津,C0V500,2017-01-10T11:00:00+08:00,6.0,308.0,0.6,22.6,0.71,1017.5,-99.0,0.0,-9.9,-99,-999,高雄市,05,旗津區,329
22.5904,120.2779,旗津,C0V500,2017-01-10T12:00:00+08:00,6.0,324.0,0.9,23.6,0.68,1016.6,-99.0,0.0,-9.9,-99,-999,高雄市,05,旗津區,329
22.5904,120.2779,旗津,C0V500,2017-01-10T13:00:00+08:00,6.0,309.0,1.0,24.1,0.66,1015.7,-99.0,0.0,-9.9,-99,-999,高雄市,05,旗津區,329
22.5904,120.2779,旗津,C0V500,2017-01-10T14:00:00+08:00,6.0,288.0,0.8,24.8,0.63,1014.9,-99.0,0.0,-9.9,-99,-999,高雄市,05,旗津區,329
22.5904,120.2779,旗津,C0V500,2017-01-10T17:00:00+08:00,6.0,0.0,0.1,23.0,0.71,1015.7,-99.0,0.0,-9.9,-99,-999,高雄市,05,旗津區,329
22.5904,120.2779,旗津,C0V500,2017-01-10T18:00:00+08:00,6.0,0.0,0.1,22.4,0.72,1016.0,-99.0,0.0,-9.9,-99,-999,高雄市,05,旗津區,329
22.5904,120.2779,旗津,C0V500,2017-01-10T19:00:00+08:00,6.0,0.0,0.1,22.1,0.74,1016.5,-99.0,0.0,-9.9,-99,-999,高雄市,05,旗津區,329
22.5904,120.2779,旗津,C0V500,2017-01-10T20:00:00+08:00,6.0,327.0,0.4,21.8,0.76,1017.1,-99.0,0.0,-9.9,-99,-999,高雄市,05,旗津區,329
22.5904,120.2779,旗津,C0V500,2017-01-10T21:00:00+08:00,6.0,331.0,0.8,21.8,0.80,1017.5,-99.0,0.0,-9.9,-99,-999,高雄市,05,旗津區,329
22.5904,120.2779,旗津,C0V500,2017-01-10T22:00:00+08:00,6.0,3.0,1.0,21.0,0.82,1017.5,-99.0,0.0,-9.9,-99,-999,高雄市,05,旗津區,329
22.5904,120.2779,旗津,C0V500,2017-01-10T23:00:00+08:00,6.0,358.0,1.5,20.2,0.81,1017.7,-99.0,0.0,-9.9,-99,-999,高雄市,05,旗津區,329
22.5904,120.2779,旗津,C0V500,2017-01-11T00:00:00+08:00,6.0,26.0,1.1,19.3,0.82,1017.4,-99.0,0.0,-9.9,-99,-999,高雄市,05,旗津區,329
22.5904,120.2779,旗津,C0V500,2017-01-11T01:00:00+08:00,6.0,33.0,1.0,19.5,0.81,1016.9,-99.0,0.0,-9.9,-99,-999,高雄市,05,旗津區,329
22.5904,120.2779,旗津,C0V500,2017-01-11T02:00:00+08:00,6.0,347.0,0.8,19.0,0.84,1016.4,-99.0,0.0,-9.9,-99,-999,高雄市,05,旗津區,329
22.5904,120.2779,旗津,C0V500,2017-01-11T03:00:00+08:00,6.0,23.0,0.5,18.9,0.84,1016.0,-99.0,0.0,-9.9,-99,-999,高雄市,05,旗津區,329
22.5904,120.2779,旗津,C0V500,2017-01-11T04:00:00+08:00,6.0,25.0,1.2,19.2,0.84,1015.9,-99.0,0.0,-9.9,-99,-999,高雄市,05,旗津區,329
22.5904,120.2779,旗津,C0V500,2017-01-11T05:00:00+08:00,6.0,34.0,1.2,19.7,0.84,1016.0,-99.0,0.0,-9.9,-99,-999,高雄市,05,旗津區,329
22.5904,120.2779,旗津,C0V500,2017-01-11T06:00:00+08:00,6.0,19.0,1.2,18.9,0.85,1016.8,-99.0,0.0,-9.9,-99,-999,高雄市,05,旗津區,329
22.5904,120.2779,旗津,C0V500,2017-01-11T07:00:00+08:00,6.0,29.0,1.2,18.7,0.87,1017.3,-99.0,0.0,-9.9,-99,-999,高雄市,05,旗津區,329
22.5904,120.2779,旗津,C0V500,2017-01-11T08:00:00+08:00,6.0,0.0,0.1,19.2,0.85,1018.1,-99.0,0.0,-9.9,-99,-999,高雄市,05,旗津區,329
22.5904,120.2779,旗津,C0V500,2017-01-11T09:00:00+08:00,6.0,0.0,0.2,21.1,0.79,1018.3,-99.0,0.0,-9.9,-99,-999,高雄市,05,旗津區,329
22.5904,120.2779,旗津,C0V500,2017-01-11T10:00:00+08:00,6.0,275.0,0.5,22.0,0.76,1018.3,-99.0,0.0,-9.9,-99,-999,高雄市,05,旗津區,329
22.5904,120.2779,旗津,C0V500,2017-01-11T11:00:00+08:00,6.0,265.0,0.6,22.8,0.71,1017.3,-99.0,0.0,-9.9,-99,-999,高雄市,05,旗津區,329
22.5904,120.2779,旗津,C0V500,2017-01-11T12:00:00+08:00,6.0,290.0,0.9,23.3,0.69,1016.2,-99.0,0.0,-9.9,-99,-999,高雄市,05,旗津區,329
22.5904,120.2779,旗津,C0V500,2017-01-11T13:00:00+08:00,6.0,286.0,0.9,23.4,0.68,1014.9,-99.0,0.0,-9.9,-99,-999,高雄市,05,旗津區,329
22.5904,120.2779,旗津,C0V500,2017-01-11T14:00:00+08:00,6.0,299.0,0.9,23.9,0.67,1014.1,-99.0,0.0,-9.9,-99,-999,高雄市,05,旗津區,329
22.5904,120.2779,旗津,C0V500,2017-01-11T15:00:00+08:00,6.0,286.0,0.9,23.8,0.67,1013.7,-99.0,0.0,-9.9,-99,-999,高雄市,05,旗津區,329
22.5904,120.2779,旗津,C0V500,2017-01-11T16:00:00+08:00,6.0,272.0,0.5,23.3,0.68,1013.6,-99.0,0.0,-9.9,-99,-999,高雄市,05,旗津區,329
22.5904,120.2779,旗津,C0V500,2017-01-11T17:00:00+08:00,6.0,277.0,0.6,22.9,0.72,1014.2,-99.0,0.0,-9.9,-99,-999,高雄市,05,旗津區,329
22.5904,120.2779,旗津,C0V500,2017-01-11T18:00:00+08:00,6.0,333.0,0.8,22.6,0.75,1014.9,-99.0,0.0,-9.9,-99,-999,高雄市,05,旗津區,329
22.5904,120.2779,旗津,C0V500,2017-01-11T19:00:00+08:00,6.0,337.0,0.8,22.4,0.76,1015.6,-99.0,0.0,-9.9,-99,-999,高雄市,05,旗津區,329
22.5904,120.2779,旗津,C0V500,2017-01-11T20:00:00+08:00,6.0,350.0,0.5,22.2,0.74,1016.2,-99.0,0.0,-9.9,-99,-999,高雄市,05,旗津區,329
22.5904,120.2779,旗津,C0V500,2017-01-11T21:00:00+08:00,6.0,355.0,0.9,22.0,0.75,1016.4,-99.0,0.0,-9.9,-99,-999,高雄市,05,旗津區,329
22.5904,120.2779,旗津,C0V500,2017-01-11T22:00:00+08:00,6.0,347.0,0.8,21.5,0.73,1016.7,-99.0,0.0,-9.9,-99,-999,高雄市,05,旗津區,329
22.5904,120.2779,旗津,C0V500,2017-01-11T23:00:00+08:00,6.0,347.0,1.2,20.9,0.77,1016.9,-99.0,0.0,-9.9,-99,-999,高雄市,05,旗津區,329
22.5904,120.2779,旗津,C0V500,2017-01-12T00:00:00+08:00,6.0,357.0,0.7,20.4,0.80,1016.4,-99.0,0.0,-9.9,-99,-999,高雄市,05,旗津區,329
22.5904,120.2779,旗津,C0V500,2017-01-12T01:00:00+08:00,6.0,13.0,1.0,19.9,0.83,1015.9,-99.0,0.0,-9.9,-99,-999,高雄市,05,旗津區,329
22.5904,120.2779,旗津,C0V500,2017-01-12T02:00:00+08:00,6.0,28.0,1.6,19.8,0.84,1015.4,-99.0,0.0,-9.9,-99,-999,高雄市,05,旗津區,329
22.5904,120.2779,旗津,C0V500,2017-01-12T03:00:00+08:00,6.0,27.0,1.5,19.6,0.85,1015.0,-99.0,0.0,-9.9,-99,-999,高雄市,05,旗津區,329
22.5904,120.2779,旗津,C0V500,2017-01-12T04:00:00+08:00,6.0,29.0,1.3,19.5,0.86,1014.3,-99.0,0.0,-9.9,-99,-999,高雄市,05,旗津區,329
22.5904,120.2779,旗津,C0V500,2017-01-12T05:00:00+08:00,6.0,32.0,1.5,19.3,0.87,1014.1,-99.0,0.0,-9.9,-99,-999,高雄市,05,旗津區,329
22.5904,120.2779,旗津,C0V500,2017-01-12T06:00:00+08:00,6.0,14.0,0.4,19.1,0.88,1014.2,-99.0,0.0,-9.9,-99,-999,高雄市,05,旗津區,329
22.5904,120.2779,旗津,C0V500,2017-01-12T07:00:00+08:00,6.0,24.0,1.4,19.1,0.88,1014.7,-99.0,0.0,-9.9,-99,-999,高雄市,05,旗津區,329
22.5904,120.2779,旗津,C0V500,2017-01-12T08:00:00+08:00,6.0,22.0,1.6,19.4,0.88,1015.0,-99.0,0.0,-9.9,-99,-999,高雄市,05,旗津區,329
22.5904,120.2779,旗津,C0V500,2017-01-12T09:00:00+08:00,6.0,352.0,0.5,21.2,0.81,1015.3,-99.0,0.0,-9.9,-99,-999,高雄市,05,旗津區,329
22.5904,120.2779,旗津,C0V500,2017-01-12T10:00:00+08:00,6.0,256.0,0.4,22.9,0.73,1015.2,-99.0,0.0,-9.9,-99,-999,高雄市,05,旗津區,329
22.5904,120.2779,旗津,C0V500,2017-01-12T12:00:00+08:00,6.0,307.0,0.9,23.5,0.72,1013.5,-99.0,0.0,-9.9,-99,-999,高雄市,05,旗津區,329
22.5904,120.2779,旗津,C0V500,2017-01-12T13:00:00+08:00,6.0,335.0,1.4,23.5,0.70,1012.4,-99.0,0.0,-9.9,-99,-999,高雄市,05,旗津區,329
22.5904,120.2779,旗津,C0V500,2017-01-12T14:00:00+08:00,6.0,331.0,1.3,23.8,0.68,1011.7,-99.0,0.0,-9.9,-99,-999,高雄市,05,旗津區,329
22.5904,120.2779,旗津,C0V500,2017-01-12T15:00:00+08:00,6.0,320.0,1.2,23.6,0.69,1011.2,-99.0,0.0,-9.9,-99,-999,高雄市,05,旗津區,329
22.5904,120.2779,旗津,C0V500,2017-01-12T16:00:00+08:00,6.0,332.0,1.0,23.2,0.74,1011.4,-99.0,0.0,-9.9,-99,-999,高雄市,05,旗津區,329
22.5904,120.2779,旗津,C0V500,2017-01-12T17:00:00+08:00,6.0,328.0,0.9,22.7,0.77,1011.7,-99.0,0.0,-9.9,-99,-999,高雄市,05,旗津區,329
22.5904,120.2779,旗津,C0V500,2017-01-12T18:00:00+08:00,6.0,318.0,0.4,22.3,0.81,1011.9,-99.0,0.0,-9.9,-99,-999,高雄市,05,旗津區,329
22.5904,120.2779,旗津,C0V500,2017-01-12T19:00:00+08:00,6.0,6.0,1.2,22.0,0.82,1012.3,-99.0,0.0,-9.9,-99,-999,高雄市,05,旗津區,329
22.5904,120.2779,旗津,C0V500,2017-01-12T20:00:00+08:00,6.0,18.0,1.4,21.6,0.82,1012.7,-99.0,0.0,-9.9,-99,-999,高雄市,05,旗津區,329
22.5904,120.2779,旗津,C0V500,2017-01-12T21:00:00+08:00,6.0,26.0,1.3,21.0,0.83,1013.1,-99.0,0.0,-9.9,-99,-999,高雄市,05,旗津區,329
22.5904,120.2779,旗津,C0V500,2017-01-12T22:00:00+08:00,6.0,20.0,1.2,20.5,0.85,1013.3,-99.0,0.0,-9.9,-99,-999,高雄市,05,旗津區,329
22.5904,120.2779,旗津,C0V500,2017-01-12T23:00:00+08:00,6.0,17.0,1.1,20.1,0.86,1013.1,-99.0,0.0,-9.9,-99,-999,高雄市,05,旗津區,329
22.5904,120.2779,旗津,C0V500,2017-01-13T00:00:00+08:00,6.0,27.0,1.7,19.6,0.88,1012.8,-99.0,0.0,-9.9,-99,-999,高雄市,05,旗津區,329
22.5904,120.2779,旗津,C0V500,2017-01-13T01:00:00+08:00,6.0,25.0,1.4,19.5,0.89,1012.2,-99.0,0.0,-9.9,-99,-999,高雄市,05,旗津區,329
22.5904,120.2779,旗津,C0V500,2017-01-13T02:00:00+08:00,6.0,9.0,1.1,19.2,0.90,1012.0,-99.0,0.0,-9.9,-99,-999,高雄市,05,旗津區,329
22.5904,120.2779,旗津,C0V500,2017-01-13T03:00:00+08:00,6.0,21.0,1.8,19.3,0.91,1011.9,-99.0,0.0,-9.9,-99,-999,高雄市,05,旗津區,329
22.5904,120.2779,旗津,C0V500,2017-01-13T04:00:00+08:00,6.0,27.0,2.1,19.6,0.89,1011.5,-99.0,0.0,-9.9,-99,-999,高雄市,05,旗津區,329
22.5904,120.2779,旗津,C0V500,2017-01-13T05:00:00+08:00,6.0,31.0,1.4,19.8,0.87,1011.2,-99.0,0.0,-9.9,-99,-999,高雄市,05,旗津區,329
22.5904,120.2779,旗津,C0V500,2017-01-13T06:00:00+08:00,6.0,30.0,1.1,19.6,0.88,1011.4,-99.0,0.0,-9.9,-99,-999,高雄市,05,旗津區,329
22.5904,120.2779,旗津,C0V500,2017-01-13T07:00:00+08:00,6.0,13.0,1.5,19.3,0.90,1012.1,-99.0,0.0,-9.9,-99,-999,高雄市,05,旗津區,329
22.5904,120.2779,旗津,C0V500,2017-01-13T08:00:00+08:00,6.0,27.0,1.9,19.8,0.89,1012.9,-99.0,0.0,-9.9,-99,-999,高雄市,05,旗津區,329
22.5904,120.2779,旗津,C0V500,2017-01-13T09:00:00+08:00,6.0,28.0,1.3,21.1,0.83,1013.4,-99.0,0.0,-9.9,-99,-999,高雄市,05,旗津區,329
22.5904,120.2779,旗津,C0V500,2017-01-13T10:00:00+08:00,6.0,10.0,0.7,22.2,0.78,1013.5,-99.0,0.0,-9.9,-99,-999,高雄市,05,旗津區,329
22.5904,120.2779,旗津,C0V500,2017-01-13T11:00:00+08:00,6.0,337.0,1.1,23.6,0.75,1012.8,-99.0,0.0,-9.9,-99,-999,高雄市,05,旗津區,329
22.5904,120.2779,旗津,C0V500,2017-01-13T12:00:00+08:00,6.0,307.0,0.8,23.9,0.75,1011.7,-99.0,0.0,-9.9,-99,-999,高雄市,05,旗津區,329
22.5904,120.2779,旗津,C0V500,2017-01-13T13:00:00+08:00,6.0,327.0,0.9,24.8,0.71,1010.8,-99.0,0.0,-9.9,-99,-999,高雄市,05,旗津區,329
22.5904,120.2779,旗津,C0V500,2017-01-13T14:00:00+08:00,6.0,307.0,0.8,24.6,0.71,1010.3,-99.0,0.0,-9.9,-99,-999,高雄市,05,旗津區,329
22.5904,120.2779,旗津,C0V500,2017-01-13T15:00:00+08:00,6.0,336.0,1.1,23.4,0.76,1010.2,-99.0,0.0,-9.9,-99,-999,高雄市,05,旗津區,329
22.5904,120.2779,旗津,C0V500,2017-01-13T16:00:00+08:00,6.0,328.0,0.9,23.3,0.75,1010.5,-99.0,0.0,-9.9,-99,-999,高雄市,05,旗津區,329
22.5904,120.2779,旗津,C0V500,2017-01-13T17:00:00+08:00,6.0,332.0,1.1,22.8,0.74,1011.2,-99.0,0.0,-9.9,-99,-999,高雄市,05,旗津區,329
22.5904,120.2779,旗津,C0V500,2017-01-13T18:00:00+08:00,6.0,359.0,0.7,22.4,0.74,1011.5,-99.0,0.0,-9.9,-99,-999,高雄市,05,旗津區,329
22.5904,120.2779,旗津,C0V500,2017-01-13T19:00:00+08:00,6.0,358.0,1.0,22.1,0.72,1012.1,-99.0,0.0,-9.9,-99,-999,高雄市,05,旗津區,329
22.5904,120.2779,旗津,C0V500,2017-01-13T20:00:00+08:00,6.0,346.0,0.8,21.1,0.73,1012.9,-99.0,0.0,-9.9,-99,-999,高雄市,05,旗津區,329
22.5904,120.2779,旗津,C0V500,2017-01-13T21:00:00+08:00,6.0,24.0,1.6,20.4,0.74,1013.0,-99.0,0.0,-9.9,-99,-999,高雄市,05,旗津區,329
22.5904,120.2779,旗津,C0V500,2017-01-13T22:00:00+08:00,6.0,353.0,1.2,20.3,0.73,1013.5,-99.0,0.0,-9.9,-99,-999,高雄市,05,旗津區,329
22.5904,120.2779,旗津,C0V500,2017-01-13T23:00:00+08:00,6.0,360.0,1.1,19.7,0.75,1013.7,-99.0,0.0,-9.9,-99,-999,高雄市,05,旗津區,329
22.5904,120.2779,旗津,C0V500,2017-01-14T00:00:00+08:00,6.0,20.0,0.8,19.4,0.77,1013.5,-99.0,0.0,-9.9,-99,-999,高雄市,05,旗津區,329
22.5904,120.2779,旗津,C0V500,2017-01-14T01:00:00+08:00,6.0,353.0,1.0,19.0,0.78,1013.3,-99.0,0.0,-9.9,-99,-999,高雄市,05,旗津區,329
22.5904,120.2779,旗津,C0V500,2017-01-14T02:00:00+08:00,6.0,359.0,0.8,18.8,0.78,1013.0,-99.0,0.0,-9.9,-99,-999,高雄市,05,旗津區,329
22.5904,120.2779,旗津,C0V500,2017-01-14T03:00:00+08:00,6.0,3.0,0.9,18.7,0.79,1012.7,-99.0,0.0,-9.9,-99,-999,高雄市,05,旗津區,329
22.5904,120.2779,旗津,C0V500,2017-01-14T04:00:00+08:00,6.0,358.0,1.6,18.0,0.81,1013.0,-99.0,0.0,-9.9,-99,-999,高雄市,05,旗津區,329
22.5904,120.2779,旗津,C0V500,2017-01-14T05:00:00+08:00,6.0,20.0,0.9,18.0,0.82,1013.0,-99.0,0.0,-9.9,-99,-999,高雄市,05,旗津區,329
22.5904,120.2779,旗津,C0V500,2017-01-14T06:00:00+08:00,6.0,354.0,1.4,17.9,0.81,1013.9,-99.0,0.0,-9.9,-99,-999,高雄市,05,旗津區,329
22.5904,120.2779,旗津,C0V500,2017-01-14T07:00:00+08:00,6.0,29.0,1.6,17.9,0.82,1014.3,-99.0,0.0,-9.9,-99,-999,高雄市,05,旗津區,329
22.5904,120.2779,旗津,C0V500,2017-01-14T08:00:00+08:00,6.0,18.0,1.8,17.9,0.82,1015.1,-99.0,0.0,-9.9,-99,-999,高雄市,05,旗津區,329
22.5904,120.2779,旗津,C0V500,2017-01-14T10:00:00+08:00,6.0,6.0,1.5,18.1,0.81,1016.1,-99.0,0.0,-9.9,-99,-999,高雄市,05,旗津區,329
22.5904,120.2779,旗津,C0V500,2017-01-14T11:00:00+08:00,6.0,21.0,1.4,18.4,0.80,1015.8,-99.0,0.0,-9.9,-99,-999,高雄市,05,旗津區,329
22.5904,120.2779,旗津,C0V500,2017-01-14T12:00:00+08:00,6.0,25.0,1.6,19.0,0.77,1015.0,-99.0,0.0,-9.9,-99,-999,高雄市,05,旗津區,329
22.5904,120.2779,旗津,C0V500,2017-01-14T13:00:00+08:00,6.0,19.0,1.2,20.4,0.71,1014.3,-99.0,0.0,-9.9,-99,-999,高雄市,05,旗津區,329
22.5904,120.2779,旗津,C0V500,2017-01-14T14:00:00+08:00,6.0,325.0,0.9,20.9,0.71,1013.8,-99.0,0.0,-9.9,-99,-999,高雄市,05,旗津區,329
22.5904,120.2779,旗津,C0V500,2017-01-14T15:00:00+08:00,6.0,0.0,0.2,21.7,0.70,1013.0,-99.0,0.0,-9.9,-99,-999,高雄市,05,旗津區,329
22.5904,120.2779,旗津,C0V500,2017-01-14T16:00:00+08:00,6.0,321.0,0.6,20.8,0.75,1013.7,-99.0,0.0,-9.9,-99,-999,高雄市,05,旗津區,329
22.5904,120.2779,旗津,C0V500,2017-01-14T17:00:00+08:00,6.0,306.0,0.7,20.8,0.77,1014.6,-99.0,0.0,-9.9,-99,-999,高雄市,05,旗津區,329
22.5904,120.2779,旗津,C0V500,2017-01-14T18:00:00+08:00,6.0,317.0,0.9,20.4,0.78,1015.5,-99.0,0.0,-9.9,-99,-999,高雄市,05,旗津區,329
22.5904,120.2779,旗津,C0V500,2017-01-14T19:00:00+08:00,6.0,333.0,0.9,20.0,0.79,1015.9,-99.0,0.0,-9.9,-99,-999,高雄市,05,旗津區,329
22.5904,120.2779,旗津,C0V500,2017-01-14T20:00:00+08:00,6.0,345.0,1.1,19.6,0.79,1016.6,-99.0,0.0,-9.9,-99,-999,高雄市,05,旗津區,329
22.5904,120.2779,旗津,C0V500,2017-01-14T21:00:00+08:00,6.0,29.0,0.3,19.5,0.77,1016.8,-99.0,0.0,-9.9,-99,-999,高雄市,05,旗津區,329
22.5904,120.2779,旗津,C0V500,2017-01-14T22:00:00+08:00,6.0,4.0,1.2,19.4,0.77,1016.8,-99.0,0.0,-9.9,-99,-999,高雄市,05,旗津區,329
22.5904,120.2779,旗津,C0V500,2017-01-14T23:00:00+08:00,6.0,5.0,0.9,18.6,0.81,1016.9,-99.0,0.0,-9.9,-99,-999,高雄市,05,旗津區,329
22.5904,120.2779,旗津,C0V500,2017-01-15T00:00:00+08:00,6.0,3.0,0.7,18.3,0.80,1017.3,-99.0,0.0,-9.9,-99,-999,高雄市,05,旗津區,329
22.5904,120.2779,旗津,C0V500,2017-01-15T01:00:00+08:00,6.0,19.0,1.4,18.1,0.77,1017.5,-99.0,0.0,-9.9,-99,-999,高雄市,05,旗津區,329
22.5904,120.2779,旗津,C0V500,2017-01-15T02:00:00+08:00,6.0,25.0,1.5,18.5,0.76,1017.0,-99.0,0.0,-9.9,-99,-999,高雄市,05,旗津區,329
22.5904,120.2779,旗津,C0V500,2017-01-15T03:00:00+08:00,6.0,38.0,1.6,18.6,0.76,1016.5,-99.0,0.0,-9.9,-99,-999,高雄市,05,旗津區,329
22.5904,120.2779,旗津,C0V500,2017-01-15T04:00:00+08:00,6.0,59.0,0.7,18.6,0.80,1016.1,-99.0,0.0,-9.9,-99,-999,高雄市,05,旗津區,329
22.5904,120.2779,旗津,C0V500,2017-01-15T05:00:00+08:00,6.0,0.0,0.0,18.8,0.81,1016.5,-99.0,0.0,-9.9,-99,-999,高雄市,05,旗津區,329
22.5904,120.2779,旗津,C0V500,2017-01-15T06:00:00+08:00,6.0,350.0,0.9,18.4,0.84,1016.9,-99.0,0.0,-9.9,-99,-999,高雄市,05,旗津區,329
22.5904,120.2779,旗津,C0V500,2017-01-15T07:00:00+08:00,6.0,360.0,0.6,17.2,0.85,1017.6,-99.0,0.0,-9.9,-99,-999,高雄市,05,旗津區,329
22.5904,120.2779,旗津,C0V500,2017-01-15T08:00:00+08:00,6.0,5.0,1.2,17.3,0.81,1018.6,-99.0,0.0,-9.9,-99,-999,高雄市,05,旗津區,329
22.5904,120.2779,旗津,C0V500,2017-01-15T09:00:00+08:00,6.0,350.0,1.0,18.5,0.76,1019.0,-99.0,0.0,-9.9,-99,-999,高雄市,05,旗津區,329
22.5904,120.2779,旗津,C0V500,2017-01-15T10:00:00+08:00,6.0,28.0,1.2,18.6,0.75,1019.0,-99.0,0.0,-9.9,-99,-999,高雄市,05,旗津區,329
22.5904,120.2779,旗津,C0V500,2017-01-15T11:00:00+08:00,6.0,9.0,1.3,19.7,0.72,1018.7,-99.0,0.0,-9.9,-99,-999,高雄市,05,旗津區,329
22.5904,120.2779,旗津,C0V500,2017-01-15T12:00:00+08:00,6.0,294.0,0.8,21.7,0.68,1017.6,-99.0,0.0,-9.9,-99,-999,高雄市,05,旗津區,329
22.5904,120.2779,旗津,C0V500,2017-01-15T13:00:00+08:00,6.0,331.0,1.2,20.1,0.74,1016.6,-99.0,0.0,-9.9,-99,-999,高雄市,05,旗津區,329
22.5904,120.2779,旗津,C0V500,2017-01-15T14:00:00+08:00,6.0,15.0,1.1,21.3,0.67,1015.5,-99.0,0.0,-9.9,-99,-999,高雄市,05,旗津區,329
22.5904,120.2779,旗津,C0V500,2017-01-15T15:00:00+08:00,6.0,328.0,0.8,21.8,0.66,1015.1,-99.0,0.0,-9.9,-99,-999,高雄市,05,旗津區,329
22.5904,120.2779,旗津,C0V500,2017-01-15T16:00:00+08:00,6.0,332.0,1.1,21.2,0.69,1015.5,-99.0,0.0,-9.9,-99,-999,高雄市,05,旗津區,329
22.5904,120.2779,旗津,C0V500,2017-01-15T17:00:00+08:00,6.0,323.0,0.8,21.3,0.69,1015.8,-99.0,0.0,-9.9,-99,-999,高雄市,05,旗津區,329
22.5904,120.2779,旗津,C0V500,2017-01-15T18:00:00+08:00,6.0,337.0,0.9,21.0,0.74,1016.6,-99.0,0.0,-9.9,-99,-999,高雄市,05,旗津區,329
22.5904,120.2779,旗津,C0V500,2017-01-15T19:00:00+08:00,6.0,332.0,1.5,20.2,0.75,1016.9,-99.0,0.0,-9.9,-99,-999,高雄市,05,旗津區,329
22.5904,120.2779,旗津,C0V500,2017-01-15T20:00:00+08:00,6.0,345.0,1.0,18.9,0.74,1017.5,-99.0,0.0,-9.9,-99,-999,高雄市,05,旗津區,329
22.5904,120.2779,旗津,C0V500,2017-01-15T21:00:00+08:00,6.0,22.0,1.4,18.5,0.72,1017.9,-99.0,0.0,-9.9,-99,-999,高雄市,05,旗津區,329
22.5904,120.2779,旗津,C0V500,2017-01-15T22:00:00+08:00,6.0,1.0,1.0,18.4,0.73,1018.3,-99.0,0.0,-9.9,-99,-999,高雄市,05,旗津區,329
22.5904,120.2779,旗津,C0V500,2017-01-15T23:00:00+08:00,6.0,27.0,0.9,18.2,0.74,1018.2,-99.0,0.0,-9.9,-99,-999,高雄市,05,旗津區,329
22.5904,120.2779,旗津,C0V500,2017-01-16T00:00:00+08:00,6.0,351.0,0.8,17.8,0.75,1018.3,-99.0,0.0,-9.9,-99,-999,高雄市,05,旗津區,329
22.5904,120.2779,旗津,C0V500,2017-01-16T01:00:00+08:00,6.0,20.0,1.3,17.5,0.75,1018.0,-99.0,0.0,-9.9,-99,-999,高雄市,05,旗津區,329
22.5904,120.2779,旗津,C0V500,2017-01-16T02:00:00+08:00,6.0,19.0,1.3,17.1,0.76,1017.6,-99.0,0.0,-9.9,-99,-999,高雄市,05,旗津區,329
22.5904,120.2779,旗津,C0V500,2017-01-16T03:00:00+08:00,6.0,26.0,1.6,17.0,0.77,1017.3,-99.0,0.0,-9.9,-99,-999,高雄市,05,旗津區,329
22.5904,120.2779,旗津,C0V500,2017-01-16T04:00:00+08:00,6.0,19.0,1.5,16.6,0.78,1017.0,-99.0,0.0,-9.9,-99,-999,高雄市,05,旗津區,329
22.5904,120.2779,旗津,C0V500,2017-01-16T05:00:00+08:00,6.0,6.0,1.2,16.6,0.79,1017.6,-99.0,0.0,-9.9,-99,-999,高雄市,05,旗津區,329
22.5904,120.2779,旗津,C0V500,2017-01-16T06:00:00+08:00,6.0,10.0,1.2,16.7,0.79,1018.1,-99.0,0.0,-9.9,-99,-999,高雄市,05,旗津區,329
22.5904,120.2779,旗津,C0V500,2017-01-16T07:00:00+08:00,6.0,14.0,1.1,16.8,0.78,1018.3,-99.0,0.0,-9.9,-99,-999,高雄市,05,旗津區,329
22.5904,120.2779,旗津,C0V500,2017-01-16T08:00:00+08:00,6.0,28.0,0.9,17.5,0.77,1018.5,-99.0,0.0,-9.9,-99,-999,高雄市,05,旗津區,329
22.5904,120.2779,旗津,C0V500,2017-01-16T10:00:00+08:00,6.0,328.0,0.6,19.7,0.72,1019.0,-99.0,0.0,-9.9,-99,-999,高雄市,05,旗津區,329
22.5904,120.2779,旗津,C0V500,2017-01-16T11:00:00+08:00,6.0,315.0,0.9,20.6,0.71,1018.6,-99.0,0.0,-9.9,-99,-999,高雄市,05,旗津區,329
22.5904,120.2779,旗津,C0V500,2017-01-16T12:00:00+08:00,6.0,312.0,1.0,21.4,0.69,1017.8,-99.0,0.0,-9.9,-99,-999,高雄市,05,旗津區,329
22.5904,120.2779,旗津,C0V500,2017-01-16T13:00:00+08:00,6.0,316.0,1.0,21.5,0.68,1017.0,-99.0,0.0,-9.9,-99,-999,高雄市,05,旗津區,329
22.5904,120.2779,旗津,C0V500,2017-01-16T14:00:00+08:00,6.0,317.0,0.7,22.5,0.66,1016.1,-99.0,0.0,-9.9,-99,-999,高雄市,05,旗津區,329
22.5904,120.2779,旗津,C0V500,2017-01-16T15:00:00+08:00,6.0,328.0,0.9,21.7,0.67,1015.6,-99.0,0.0,-9.9,-99,-999,高雄市,05,旗津區,329
22.5904,120.2779,旗津,C0V500,2017-01-16T17:00:00+08:00,6.0,336.0,1.0,20.5,0.71,1016.0,-99.0,0.0,-9.9,-99,-999,高雄市,05,旗津區,329
22.5904,120.2779,旗津,C0V500,2017-01-16T18:00:00+08:00,6.0,348.0,0.6,20.1,0.72,1016.8,-99.0,0.0,-9.9,-99,-999,高雄市,05,旗津區,329
22.5904,120.2779,旗津,C0V500,2017-01-16T19:00:00+08:00,6.0,332.0,0.7,20.0,0.73,1017.6,-99.0,0.0,-9.9,-99,-999,高雄市,05,旗津區,329
22.5904,120.2779,旗津,C0V500,2017-01-16T20:00:00+08:00,6.0,324.0,0.4,19.5,0.74,1018.4,-99.0,0.0,-9.9,-99,-999,高雄市,05,旗津區,329
22.5904,120.2779,旗津,C0V500,2017-01-16T21:00:00+08:00,6.0,357.0,0.8,19.1,0.75,1019.2,-99.0,0.0,-9.9,-99,-999,高雄市,05,旗津區,329
22.5904,120.2779,旗津,C0V500,2017-01-16T22:00:00+08:00,6.0,7.0,0.6,18.8,0.75,1019.4,-99.0,0.0,-9.9,-99,-999,高雄市,05,旗津區,329
22.5904,120.2779,旗津,C0V500,2017-01-16T23:00:00+08:00,6.0,36.0,1.1,18.6,0.74,1019.4,-99.0,0.0,-9.9,-99,-999,高雄市,05,旗津區,329
22.5904,120.2779,旗津,C0V500,2017-01-17T00:00:00+08:00,6.0,17.0,0.8,18.4,0.75,1019.1,-99.0,0.0,-9.9,-99,-999,高雄市,05,旗津區,329
22.5904,120.2779,旗津,C0V500,2017-01-17T01:00:00+08:00,6.0,360.0,0.8,17.9,0.77,1019.0,-99.0,0.0,-9.9,-99,-999,高雄市,05,旗津區,329
22.5904,120.2779,旗津,C0V500,2017-01-17T02:00:00+08:00,6.0,11.0,0.9,17.9,0.76,1018.8,-99.0,0.0,-9.9,-99,-999,高雄市,05,旗津區,329
22.5904,120.2779,旗津,C0V500,2017-01-17T03:00:00+08:00,6.0,18.0,1.1,17.7,0.77,1018.8,-99.0,0.0,-9.9,-99,-999,高雄市,05,旗津區,329
22.5904,120.2779,旗津,C0V500,2017-01-17T04:00:00+08:00,6.0,15.0,1.1,17.3,0.78,1018.6,-99.0,0.0,-9.9,-99,-999,高雄市,05,旗津區,329
22.5904,120.2779,旗津,C0V500,2017-01-17T05:00:00+08:00,6.0,35.0,1.8,17.4,0.76,1018.7,-99.0,0.0,-9.9,-99,-999,高雄市,05,旗津區,329
22.5904,120.2779,旗津,C0V500,2017-01-17T06:00:00+08:00,6.0,36.0,1.0,17.4,0.76,1018.9,-99.0,0.0,-9.9,-99,-999,高雄市,05,旗津區,329
22.5904,120.2779,旗津,C0V500,2017-01-17T07:00:00+08:00,6.0,32.0,1.3,17.8,0.76,1019.5,-99.0,0.0,-9.9,-99,-999,高雄市,05,旗津區,329
22.5904,120.2779,旗津,C0V500,2017-01-17T08:00:00+08:00,6.0,28.0,1.3,18.4,0.75,1020.2,-99.0,0.0,-9.9,-99,-999,高雄市,05,旗津區,329
22.5904,120.2779,旗津,C0V500,2017-01-17T09:00:00+08:00,6.0,22.0,1.4,19.3,0.70,1020.6,-99.0,0.0,-9.9,-99,-999,高雄市,05,旗津區,329
22.5904,120.2779,旗津,C0V500,2017-01-17T10:00:00+08:00,6.0,348.0,1.0,20.7,0.67,1020.6,-99.0,0.0,-9.9,-99,-999,高雄市,05,旗津區,329
22.5904,120.2779,旗津,C0V500,2017-01-17T11:00:00+08:00,6.0,352.0,0.8,22.2,0.60,1020.2,-99.0,0.0,-9.9,-99,-999,高雄市,05,旗津區,329
22.5904,120.2779,旗津,C0V500,2017-01-17T12:00:00+08:00,6.0,285.0,0.8,23.1,0.64,1019.4,-99.0,0.0,-9.9,-99,-999,高雄市,05,旗津區,329
22.5904,120.2779,旗津,C0V500,2017-01-17T13:00:00+08:00,6.0,296.0,1.0,22.8,0.67,1018.5,-99.0,0.0,-9.9,-99,-999,高雄市,05,旗津區,329
22.5904,120.2779,旗津,C0V500,2017-01-17T14:00:00+08:00,6.0,312.0,1.1,23.0,0.67,1017.8,-99.0,0.0,-9.9,-99,-999,高雄市,05,旗津區,329
22.5904,120.2779,旗津,C0V500,2017-01-17T15:00:00+08:00,6.0,331.0,1.4,22.3,0.71,1017.4,-99.0,0.0,-9.9,-99,-999,高雄市,05,旗津區,329
22.5904,120.2779,旗津,C0V500,2017-01-17T16:00:00+08:00,6.0,333.0,1.4,21.6,0.74,1017.7,-99.0,0.0,-9.9,-99,-999,高雄市,05,旗津區,329
22.5904,120.2779,旗津,C0V500,2017-01-17T17:00:00+08:00,6.0,332.0,0.9,21.5,0.76,1018.0,-99.0,0.0,-9.9,-99,-999,高雄市,05,旗津區,329
22.5904,120.2779,旗津,C0V500,2017-01-17T18:00:00+08:00,6.0,343.0,0.8,21.0,0.76,1018.4,-99.0,0.0,-9.9,-99,-999,高雄市,05,旗津區,329
22.5904,120.2779,旗津,C0V500,2017-01-17T19:00:00+08:00,6.0,351.0,1.2,20.8,0.73,1019.4,-99.0,0.0,-9.9,-99,-999,高雄市,05,旗津區,329
22.5904,120.2779,旗津,C0V500,2017-01-17T21:00:00+08:00,6.0,357.0,1.0,19.7,0.76,1020.4,-99.0,0.0,-9.9,-99,-999,高雄市,05,旗津區,329
22.5904,120.2779,旗津,C0V500,2017-01-17T22:00:00+08:00,6.0,352.0,1.1,19.1,0.80,1020.8,-99.0,0.0,-9.9,-99,-999,高雄市,05,旗津區,329
22.5904,120.2779,旗津,C0V500,2017-01-17T23:00:00+08:00,6.0,11.0,1.1,18.9,0.82,1021.0,-99.0,0.0,-9.9,-99,-999,高雄市,05,旗津區,329
22.5904,120.2779,旗津,C0V500,2017-01-18T00:00:00+08:00,6.0,36.0,1.0,18.4,0.85,1020.9,-99.0,0.0,-9.9,-99,-999,高雄市,05,旗津區,329
22.5904,120.2779,旗津,C0V500,2017-01-18T01:00:00+08:00,6.0,23.0,1.5,18.2,0.86,1020.8,-99.0,0.0,-9.9,-99,-999,高雄市,05,旗津區,329
22.5904,120.2779,旗津,C0V500,2017-01-18T02:00:00+08:00,6.0,20.0,1.7,17.8,0.89,1020.4,-99.0,0.0,-9.9,-99,-999,高雄市,05,旗津區,329
22.5904,120.2779,旗津,C0V500,2017-01-18T03:00:00+08:00,6.0,19.0,1.9,17.7,0.90,1020.3,-99.0,0.0,-9.9,-99,-999,高雄市,05,旗津區,329
22.5904,120.2779,旗津,C0V500,2017-01-18T04:00:00+08:00,6.0,20.0,1.9,17.6,0.92,1020.4,-99.0,0.0,-9.9,-99,-999,高雄市,05,旗津區,329
22.5904,120.2779,旗津,C0V500,2017-01-18T05:00:00+08:00,6.0,34.0,1.5,17.8,0.92,1020.5,-99.0,0.0,-9.9,-99,-999,高雄市,05,旗津區,329
22.5904,120.2779,旗津,C0V500,2017-01-18T06:00:00+08:00,6.0,30.0,1.7,18.1,0.91,1020.5,-99.0,0.0,-9.9,-99,-999,高雄市,05,旗津區,329
22.5904,120.2779,旗津,C0V500,2017-01-18T07:00:00+08:00,6.0,31.0,1.7,18.3,0.88,1020.6,-99.0,0.0,-9.9,-99,-999,高雄市,05,旗津區,329
22.5904,120.2779,旗津,C0V500,2017-01-18T08:00:00+08:00,6.0,23.0,0.9,19.0,0.86,1021.1,-99.0,0.0,-9.9,-99,-999,高雄市,05,旗津區,329
22.5904,120.2779,旗津,C0V500,2017-01-18T10:00:00+08:00,6.0,39.0,1.3,21.9,0.72,1021.2,-99.0,0.0,-9.9,-99,-999,高雄市,05,旗津區,329
22.5904,120.2779,旗津,C0V500,2017-01-18T11:00:00+08:00,6.0,349.0,0.7,23.6,0.65,1020.6,-99.0,0.0,-9.9,-99,-999,高雄市,05,旗津區,329
22.5904,120.2779,旗津,C0V500,2017-01-18T12:00:00+08:00,6.0,287.0,0.6,24.1,0.68,1020.1,-99.0,0.0,-9.9,-99,-999,高雄市,05,旗津區,329
22.5904,120.2779,旗津,C0V500,2017-01-18T13:00:00+08:00,6.0,293.0,0.6,23.9,0.70,1018.8,-99.0,0.0,-9.9,-99,-999,高雄市,05,旗津區,329
22.5904,120.2779,旗津,C0V500,2017-01-18T14:00:00+08:00,6.0,299.0,0.7,24.6,0.68,1017.8,-99.0,0.0,-9.9,-99,-999,高雄市,05,旗津區,329
22.5904,120.2779,旗津,C0V500,2017-01-18T15:00:00+08:00,6.0,286.0,0.8,24.9,0.68,1017.4,-99.0,0.0,-9.9,-99,-999,高雄市,05,旗津區,329
22.5904,120.2779,旗津,C0V500,2017-01-18T16:00:00+08:00,6.0,318.0,0.7,24.5,0.70,1017.5,-99.0,0.0,-9.9,-99,-999,高雄市,05,旗津區,329
22.5904,120.2779,旗津,C0V500,2017-01-18T17:00:00+08:00,6.0,323.0,0.6,23.8,0.72,1017.7,-99.0,0.0,-9.9,-99,-999,高雄市,05,旗津區,329
22.5904,120.2779,旗津,C0V500,2017-01-18T18:00:00+08:00,6.0,331.0,0.5,23.1,0.74,1017.8,-99.0,0.0,-9.9,-99,-999,高雄市,05,旗津區,329
22.5904,120.2779,旗津,C0V500,2017-01-18T19:00:00+08:00,6.0,25.0,1.0,22.9,0.74,1018.3,-99.0,0.0,-9.9,-99,-999,高雄市,05,旗津區,329
22.5904,120.2779,旗津,C0V500,2017-01-18T20:00:00+08:00,6.0,26.0,1.6,22.1,0.75,1018.8,-99.0,0.0,-9.9,-99,-999,高雄市,05,旗津區,329
22.5904,120.2779,旗津,C0V500,2017-01-18T21:00:00+08:00,6.0,22.0,1.4,21.5,0.77,1019.2,-99.0,0.0,-9.9,-99,-999,高雄市,05,旗津區,329
22.5904,120.2779,旗津,C0V500,2017-01-18T22:00:00+08:00,6.0,23.0,1.1,21.4,0.79,1019.3,-99.0,0.0,-9.9,-99,-999,高雄市,05,旗津區,329
22.5904,120.2779,旗津,C0V500,2017-01-18T23:00:00+08:00,6.0,22.0,1.1,21.1,0.80,1019.3,-99.0,0.0,-9.9,-99,-999,高雄市,05,旗津區,329
22.5904,120.2779,旗津,C0V500,2017-01-19T00:00:00+08:00,6.0,21.0,1.1,21.0,0.81,1019.1,-99.0,0.0,-9.9,-99,-999,高雄市,05,旗津區,329
22.5904,120.2779,旗津,C0V500,2017-01-19T02:00:00+08:00,6.0,22.0,1.1,20.9,0.82,1018.7,-99.0,0.0,-9.9,-99,-999,高雄市,05,旗津區,329
22.5904,120.2779,旗津,C0V500,2017-01-19T03:00:00+08:00,6.0,25.0,1.3,20.6,0.83,1018.7,-99.0,0.0,-9.9,-99,-999,高雄市,05,旗津區,329
22.5904,120.2779,旗津,C0V500,2017-01-19T04:00:00+08:00,6.0,24.0,1.2,20.8,0.83,1018.6,-99.0,0.0,-9.9,-99,-999,高雄市,05,旗津區,329
22.5904,120.2779,旗津,C0V500,2017-01-19T05:00:00+08:00,6.0,28.0,1.3,20.6,0.82,1018.6,-99.0,0.0,-9.9,-99,-999,高雄市,05,旗津區,329
22.5904,120.2779,旗津,C0V500,2017-01-19T06:00:00+08:00,6.0,27.0,1.7,20.0,0.85,1018.9,-99.0,0.0,-9.9,-99,-999,高雄市,05,旗津區,329
22.5904,120.2779,旗津,C0V500,2017-01-19T07:00:00+08:00,6.0,35.0,1.1,20.2,0.86,1019.2,-99.0,0.0,-9.9,-99,-999,高雄市,05,旗津區,329
22.5904,120.2779,旗津,C0V500,2017-01-19T08:00:00+08:00,6.0,21.0,0.9,20.6,0.85,1019.7,-99.0,0.0,-9.9,-99,-999,高雄市,05,旗津區,329
22.5904,120.2779,旗津,C0V500,2017-01-19T09:00:00+08:00,6.0,6.0,0.4,22.4,0.77,1020.0,-99.0,0.0,-9.9,-99,-999,高雄市,05,旗津區,329
22.5904,120.2779,旗津,C0V500,2017-01-19T10:00:00+08:00,6.0,355.0,0.7,24.6,0.66,1019.9,-99.0,0.0,-9.9,-99,-999,高雄市,05,旗津區,329
22.5904,120.2779,旗津,C0V500,2017-01-19T11:00:00+08:00,6.0,296.0,0.9,24.9,0.70,1019.1,-99.0,0.0,-9.9,-99,-999,高雄市,05,旗津區,329
22.5904,120.2779,旗津,C0V500,2017-01-19T12:00:00+08:00,6.0,312.0,0.8,24.8,0.72,1018.2,-99.0,0.0,-9.9,-99,-999,高雄市,05,旗津區,329
22.5904,120.2779,旗津,C0V500,2017-01-19T13:00:00+08:00,6.0,303.0,1.0,25.1,0.72,1017.0,-99.0,0.0,-9.9,-99,-999,高雄市,05,旗津區,329
22.5904,120.2779,旗津,C0V500,2017-01-19T14:00:00+08:00,6.0,322.0,1.1,25.6,0.72,1016.0,-99.0,0.0,-9.9,-99,-999,高雄市,05,旗津區,329
22.5904,120.2779,旗津,C0V500,2017-01-19T15:00:00+08:00,6.0,317.0,1.0,25.0,0.75,1015.4,-99.0,0.0,-9.9,-99,-999,高雄市,05,旗津區,329
22.5904,120.2779,旗津,C0V500,2017-01-19T16:00:00+08:00,6.0,321.0,0.8,25.0,0.67,1015.3,-99.0,0.0,-9.9,-99,-999,高雄市,05,旗津區,329
22.5904,120.2779,旗津,C0V500,2017-01-19T17:00:00+08:00,6.0,336.0,1.1,23.2,0.76,1015.5,-99.0,0.0,-9.9,-99,-999,高雄市,05,旗津區,329
22.5904,120.2779,旗津,C0V500,2017-01-19T18:00:00+08:00,6.0,332.0,0.7,22.9,0.75,1015.9,-99.0,0.0,-9.9,-99,-999,高雄市,05,旗津區,329
22.5904,120.2779,旗津,C0V500,2017-01-19T19:00:00+08:00,6.0,21.0,1.4,22.5,0.77,1016.5,-99.0,0.0,-9.9,-99,-999,高雄市,05,旗津區,329
22.5904,120.2779,旗津,C0V500,2017-01-19T20:00:00+08:00,6.0,352.0,0.9,21.7,0.79,1017.1,-99.0,0.0,-9.9,-99,-999,高雄市,05,旗津區,329
22.5904,120.2779,旗津,C0V500,2017-01-19T21:00:00+08:00,6.0,353.0,1.0,21.1,0.80,1017.5,-99.0,0.0,-9.9,-99,-999,高雄市,05,旗津區,329
22.5904,120.2779,旗津,C0V500,2017-01-19T22:00:00+08:00,6.0,360.0,0.9,20.4,0.83,1017.6,-99.0,0.0,-9.9,-99,-999,高雄市,05,旗津區,329
22.5904,120.2779,旗津,C0V500,2017-01-19T23:00:00+08:00,6.0,16.0,1.0,19.7,0.86,1017.9,-99.0,0.0,-9.9,-99,-999,高雄市,05,旗津區,329
22.5904,120.2779,旗津,C0V500,2017-01-20T00:00:00+08:00,6.0,13.0,1.2,19.4,0.87,1017.7,-99.0,0.0,-9.9,-99,-999,高雄市,05,旗津區,329
22.5904,120.2779,旗津,C0V500,2017-01-20T01:00:00+08:00,6.0,354.0,1.2,19.1,0.88,1017.6,-99.0,0.0,-9.9,-99,-999,高雄市,05,旗津區,329
22.5904,120.2779,旗津,C0V500,2017-01-20T02:00:00+08:00,6.0,345.0,1.5,18.7,0.89,1017.6,-99.0,0.0,-9.9,-99,-999,高雄市,05,旗津區,329
22.5904,120.2779,旗津,C0V500,2017-01-20T03:00:00+08:00,6.0,9.0,1.2,18.5,0.90,1017.7,-99.0,0.0,-9.9,-99,-999,高雄市,05,旗津區,329
22.5904,120.2779,旗津,C0V500,2017-01-20T04:00:00+08:00,6.0,4.0,1.3,18.2,0.90,1017.7,-99.0,0.0,-9.9,-99,-999,高雄市,05,旗津區,329
22.5904,120.2779,旗津,C0V500,2017-01-20T05:00:00+08:00,6.0,2.0,1.2,18.0,0.91,1017.9,-99.0,0.0,-9.9,-99,-999,高雄市,05,旗津區,329
22.5904,120.2779,旗津,C0V500,2017-01-20T06:00:00+08:00,6.0,12.0,1.0,17.7,0.92,1018.3,-99.0,0.0,-9.9,-99,-999,高雄市,05,旗津區,329
22.5904,120.2779,旗津,C0V500,2017-01-20T08:00:00+08:00,6.0,16.0,1.4,18.1,0.91,1019.4,-99.0,0.0,-9.9,-99,-999,高雄市,05,旗津區,329
22.5904,120.2779,旗津,C0V500,2017-01-20T09:00:00+08:00,6.0,6.0,1.1,18.9,0.88,1020.3,-99.0,0.0,-9.9,-99,-999,高雄市,05,旗津區,329
22.5904,120.2779,旗津,C0V500,2017-01-20T10:00:00+08:00,6.0,359.0,1.3,19.9,0.81,1020.6,-99.0,0.0,-9.9,-99,-999,高雄市,05,旗津區,329
22.5904,120.2779,旗津,C0V500,2017-01-20T11:00:00+08:00,6.0,7.0,1.6,21.5,0.73,1020.0,-99.0,0.0,-9.9,-99,-999,高雄市,05,旗津區,329
22.5904,120.2779,旗津,C0V500,2017-01-20T12:00:00+08:00,6.0,360.0,1.3,22.1,0.68,1019.0,-99.0,0.0,-9.9,-99,-999,高雄市,05,旗津區,329
22.5904,120.2779,旗津,C0V500,2017-01-20T13:00:00+08:00,6.0,350.0,1.2,22.9,0.65,1018.2,-99.0,0.0,-9.9,-99,-999,高雄市,05,旗津區,329
22.5904,120.2779,旗津,C0V500,2017-01-20T14:00:00+08:00,6.0,334.0,1.2,23.0,0.65,1017.3,-99.0,0.0,-9.9,-99,-999,高雄市,05,旗津區,329
22.5904,120.2779,旗津,C0V500,2017-01-20T15:00:00+08:00,6.0,330.0,1.3,22.2,0.68,1016.7,-99.0,0.0,-9.9,-99,-999,高雄市,05,旗津區,329
22.5904,120.2779,旗津,C0V500,2017-01-20T16:00:00+08:00,6.0,328.0,1.3,21.1,0.70,1017.0,-99.0,0.0,-9.9,-99,-999,高雄市,05,旗津區,329
22.5904,120.2779,旗津,C0V500,2017-01-20T17:00:00+08:00,6.0,340.0,1.1,20.8,0.70,1017.5,-99.0,0.0,-9.9,-99,-999,高雄市,05,旗津區,329
22.5904,120.2779,旗津,C0V500,2017-01-20T18:00:00+08:00,6.0,348.0,1.5,20.0,0.66,1018.3,-99.0,0.0,-9.9,-99,-999,高雄市,05,旗津區,329
22.5904,120.2779,旗津,C0V500,2017-01-20T19:00:00+08:00,6.0,1.0,1.3,18.5,0.68,1019.1,-99.0,0.0,-9.9,-99,-999,高雄市,05,旗津區,329
22.5904,120.2779,旗津,C0V500,2017-01-20T20:00:00+08:00,6.0,357.0,1.2,17.7,0.68,1019.8,-99.0,0.0,-9.9,-99,-999,高雄市,05,旗津區,329
22.5904,120.2779,旗津,C0V500,2017-01-20T21:00:00+08:00,6.0,3.0,1.2,17.1,0.70,1020.3,-99.0,0.0,-9.9,-99,-999,高雄市,05,旗津區,329
22.5904,120.2779,旗津,C0V500,2017-01-20T22:00:00+08:00,6.0,11.0,1.2,16.5,0.70,1020.5,-99.0,0.0,-9.9,-99,-999,高雄市,05,旗津區,329
22.5904,120.2779,旗津,C0V500,2017-01-20T23:00:00+08:00,6.0,349.0,1.0,16.0,0.71,1020.7,-99.0,0.0,-9.9,-99,-999,高雄市,05,旗津區,329
22.5904,120.2779,旗津,C0V500,2017-01-21T00:00:00+08:00,6.0,22.0,1.6,15.6,0.69,1020.7,-99.0,0.0,-9.9,-99,-999,高雄市,05,旗津區,329
22.5904,120.2779,旗津,C0V500,2017-01-21T01:00:00+08:00,6.0,22.0,1.1,15.1,0.69,1020.8,-99.0,0.0,-9.9,-99,-999,高雄市,05,旗津區,329
22.5904,120.2779,旗津,C0V500,2017-01-21T02:00:00+08:00,6.0,4.0,1.4,14.5,0.74,1020.9,-99.0,0.0,-9.9,-99,-999,高雄市,05,旗津區,329
22.5904,120.2779,旗津,C0V500,2017-01-21T03:00:00+08:00,6.0,15.0,0.9,14.8,0.71,1020.5,-99.0,0.0,-9.9,-99,-999,高雄市,05,旗津區,329
22.5904,120.2779,旗津,C0V500,2017-01-21T04:00:00+08:00,6.0,28.0,1.7,15.0,0.69,1020.6,-99.0,0.0,-9.9,-99,-999,高雄市,05,旗津區,329
22.5904,120.2779,旗津,C0V500,2017-01-21T05:00:00+08:00,6.0,16.0,0.7,15.1,0.68,1021.1,-99.0,0.0,-9.9,-99,-999,高雄市,05,旗津區,329
22.5904,120.2779,旗津,C0V500,2017-01-21T06:00:00+08:00,6.0,35.0,1.4,15.2,0.68,1021.8,-99.0,0.0,-9.9,-99,-999,高雄市,05,旗津區,329
22.5904,120.2779,旗津,C0V500,2017-01-21T07:00:00+08:00,6.0,357.0,0.6,14.9,0.70,1022.3,-99.0,0.0,-9.9,-99,-999,高雄市,05,旗津區,329
22.5904,120.2779,旗津,C0V500,2017-01-21T08:00:00+08:00,6.0,24.0,1.2,15.5,0.68,1023.1,-99.0,0.0,-9.9,-99,-999,高雄市,05,旗津區,329
22.5904,120.2779,旗津,C0V500,2017-01-21T10:00:00+08:00,6.0,19.0,1.5,17.8,0.62,1023.8,-99.0,0.0,-9.9,-99,-999,高雄市,05,旗津區,329
22.5904,120.2779,旗津,C0V500,2017-01-21T11:00:00+08:00,6.0,32.0,1.5,19.1,0.60,1023.2,-99.0,0.0,-9.9,-99,-999,高雄市,05,旗津區,329
22.5904,120.2779,旗津,C0V500,2017-01-21T12:00:00+08:00,6.0,14.0,1.1,21.1,0.55,1022.0,-99.0,0.0,-9.9,-99,-999,高雄市,05,旗津區,329
22.5904,120.2779,旗津,C0V500,2017-01-21T13:00:00+08:00,6.0,295.0,0.5,21.6,0.59,1021.0,-99.0,0.0,-9.9,-99,-999,高雄市,05,旗津區,329
22.5904,120.2779,旗津,C0V500,2017-01-21T14:00:00+08:00,6.0,313.0,0.9,21.2,0.60,1020.2,-99.0,0.0,-9.9,-99,-999,高雄市,05,旗津區,329
22.5904,120.2779,旗津,C0V500,2017-01-21T15:00:00+08:00,6.0,261.0,0.6,22.0,0.61,1019.5,-99.0,0.0,-9.9,-99,-999,高雄市,05,旗津區,329
22.5904,120.2779,旗津,C0V500,2017-01-21T16:00:00+08:00,6.0,333.0,1.1,21.0,0.61,1019.7,-99.0,0.0,-9.9,-99,-999,高雄市,05,旗津區,329
22.5904,120.2779,旗津,C0V500,2017-01-21T17:00:00+08:00,6.0,328.0,0.5,19.8,0.68,1020.3,-99.0,0.0,-9.9,-99,-999,高雄市,05,旗津區,329
22.5904,120.2779,旗津,C0V500,2017-01-21T18:00:00+08:00,6.0,345.0,0.6,19.7,0.65,1020.9,-99.0,0.0,-9.9,-99,-999,高雄市,05,旗津區,329
22.5904,120.2779,旗津,C0V500,2017-01-21T19:00:00+08:00,6.0,8.0,1.2,18.8,0.67,1021.5,-99.0,0.0,-9.9,-99,-999,高雄市,05,旗津區,329
22.5904,120.2779,旗津,C0V500,2017-01-21T20:00:00+08:00,6.0,347.0,0.9,18.3,0.69,1022.2,-99.0,0.0,-9.9,-99,-999,高雄市,05,旗津區,329
22.5904,120.2779,旗津,C0V500,2017-01-21T21:00:00+08:00,6.0,344.0,0.8,17.3,0.72,1022.7,-99.0,0.0,-9.9,-99,-999,高雄市,05,旗津區,329
22.5904,120.2779,旗津,C0V500,2017-01-21T22:00:00+08:00,6.0,22.0,1.3,16.7,0.75,1022.9,-99.0,0.0,-9.9,-99,-999,高雄市,05,旗津區,329
22.5904,120.2779,旗津,C0V500,2017-01-21T23:00:00+08:00,6.0,22.0,1.6,16.4,0.75,1022.9,-99.0,0.0,-9.9,-99,-999,高雄市,05,旗津區,329
22.5904,120.2779,旗津,C0V500,2017-01-22T00:00:00+08:00,6.0,19.0,1.3,16.2,0.76,1022.9,-99.0,0.0,-9.9,-99,-999,高雄市,05,旗津區,329
22.5904,120.2779,旗津,C0V500,2017-01-22T01:00:00+08:00,6.0,20.0,1.2,16.0,0.76,1023.0,-99.0,0.0,-9.9,-99,-999,高雄市,05,旗津區,329
22.5904,120.2779,旗津,C0V500,2017-01-22T02:00:00+08:00,6.0,28.0,1.7,15.7,0.78,1022.8,-99.0,0.0,-9.9,-99,-999,高雄市,05,旗津區,329
22.5904,120.2779,旗津,C0V500,2017-01-22T03:00:00+08:00,6.0,20.0,1.0,15.5,0.78,1022.5,-99.0,0.0,-9.9,-99,-999,高雄市,05,旗津區,329
22.5904,120.2779,旗津,C0V500,2017-01-22T04:00:00+08:00,6.0,21.0,1.1,15.4,0.78,1022.3,-99.0,0.0,-9.9,-99,-999,高雄市,05,旗津區,329
22.5904,120.2779,旗津,C0V500,2017-01-22T05:00:00+08:00,6.0,23.0,1.6,15.5,0.78,1022.6,-99.0,0.0,-9.9,-99,-999,高雄市,05,旗津區,329
22.5904,120.2779,旗津,C0V500,2017-01-22T06:00:00+08:00,6.0,22.0,1.8,15.1,0.79,1023.0,-99.0,0.0,-9.9,-99,-999,高雄市,05,旗津區,329
22.5904,120.2779,旗津,C0V500,2017-01-22T07:00:00+08:00,6.0,22.0,1.7,15.1,0.77,1023.6,-99.0,0.0,-9.9,-99,-999,高雄市,05,旗津區,329
22.5904,120.2779,旗津,C0V500,2017-01-22T08:00:00+08:00,6.0,23.0,1.9,15.5,0.74,1023.9,-99.0,0.0,-9.9,-99,-999,高雄市,05,旗津區,329
22.5904,120.2779,旗津,C0V500,2017-01-22T09:00:00+08:00,6.0,24.0,1.1,16.5,0.71,1024.3,-99.0,0.0,-9.9,-99,-999,高雄市,05,旗津區,329
22.5904,120.2779,旗津,C0V500,2017-01-22T10:00:00+08:00,6.0,15.0,0.9,18.0,0.67,1024.3,-99.0,0.0,-9.9,-99,-999,高雄市,05,旗津區,329
22.5904,120.2779,旗津,C0V500,2017-01-22T12:00:00+08:00,6.0,298.0,0.9,20.5,0.63,1022.7,-99.0,0.0,-9.9,-99,-999,高雄市,05,旗津區,329
22.5904,120.2779,旗津,C0V500,2017-01-22T14:00:00+08:00,6.0,301.0,0.6,21.9,0.59,1020.8,-99.0,0.0,-9.9,-99,-999,高雄市,05,旗津區,329
22.5904,120.2779,旗津,C0V500,2017-01-22T15:00:00+08:00,6.0,240.0,0.4,22.3,0.57,1020.4,-99.0,0.0,-9.9,-99,-999,高雄市,05,旗津區,329
22.5904,120.2779,旗津,C0V500,2017-01-22T16:00:00+08:00,6.0,258.0,0.6,21.8,0.59,1020.5,-99.0,0.0,-9.9,-99,-999,高雄市,05,旗津區,329
22.5904,120.2779,旗津,C0V500,2017-01-22T17:00:00+08:00,6.0,309.0,0.4,21.0,0.63,1021.0,-99.0,0.0,-9.9,-99,-999,高雄市,05,旗津區,329
22.5904,120.2779,旗津,C0V500,2017-01-22T18:00:00+08:00,6.0,0.0,0.2,20.4,0.67,1021.2,-99.0,0.0,-9.9,-99,-999,高雄市,05,旗津區,329
22.5904,120.2779,旗津,C0V500,2017-01-22T20:00:00+08:00,6.0,329.0,0.6,19.7,0.69,1022.4,-99.0,0.0,-9.9,-99,-999,高雄市,05,旗津區,329
22.5904,120.2779,旗津,C0V500,2017-01-22T21:00:00+08:00,6.0,347.0,0.9,19.0,0.64,1023.0,-99.0,0.0,-9.9,-99,-999,高雄市,05,旗津區,329
22.5904,120.2779,旗津,C0V500,2017-01-22T22:00:00+08:00,6.0,331.0,0.8,18.9,0.65,1023.0,-99.0,0.0,-9.9,-99,-999,高雄市,05,旗津區,329
22.5904,120.2779,旗津,C0V500,2017-01-22T23:00:00+08:00,6.0,336.0,0.4,18.5,0.65,1022.7,-99.0,0.0,-9.9,-99,-999,高雄市,05,旗津區,329
22.5904,120.2779,旗津,C0V500,2017-01-23T00:00:00+08:00,6.0,15.0,0.6,18.2,0.67,1022.4,-99.0,0.0,-9.9,-99,-999,高雄市,05,旗津區,329
22.5904,120.2779,旗津,C0V500,2017-01-23T01:00:00+08:00,6.0,358.0,0.6,17.9,0.68,1022.1,-99.0,0.0,-9.9,-99,-999,高雄市,05,旗津區,329
22.5904,120.2779,旗津,C0V500,2017-01-23T02:00:00+08:00,6.0,19.0,0.8,17.8,0.68,1021.8,-99.0,0.0,-9.9,-99,-999,高雄市,05,旗津區,329
22.5904,120.2779,旗津,C0V500,2017-01-23T03:00:00+08:00,6.0,33.0,1.2,17.5,0.69,1021.7,-99.0,0.0,-9.9,-99,-999,高雄市,05,旗津區,329
22.5904,120.2779,旗津,C0V500,2017-01-23T04:00:00+08:00,6.0,21.0,1.1,17.1,0.68,1021.8,-99.0,0.0,-9.9,-99,-999,高雄市,05,旗津區,329
22.5904,120.2779,旗津,C0V500,2017-01-23T05:00:00+08:00,6.0,30.0,0.4,16.9,0.67,1022.1,-99.0,0.0,-9.9,-99,-999,高雄市,05,旗津區,329
22.5904,120.2779,旗津,C0V500,2017-01-23T06:00:00+08:00,6.0,27.0,1.2,17.0,0.66,1022.5,-99.0,0.0,-9.9,-99,-999,高雄市,05,旗津區,329
22.5904,120.2779,旗津,C0V500,2017-01-23T07:00:00+08:00,6.0,27.0,1.1,17.0,0.66,1023.1,-99.0,0.0,-9.9,-99,-999,高雄市,05,旗津區,329
22.5904,120.2779,旗津,C0V500,2017-01-23T08:00:00+08:00,6.0,355.0,0.8,17.7,0.64,1023.7,-99.0,0.0,-9.9,-99,-999,高雄市,05,旗津區,329
22.5904,120.2779,旗津,C0V500,2017-01-23T09:00:00+08:00,6.0,348.0,0.6,18.6,0.60,1024.3,-99.0,0.0,-9.9,-99,-999,高雄市,05,旗津區,329
22.5904,120.2779,旗津,C0V500,2017-01-23T10:00:00+08:00,6.0,350.0,0.5,20.0,0.58,1024.3,-99.0,0.0,-9.9,-99,-999,高雄市,05,旗津區,329
22.5904,120.2779,旗津,C0V500,2017-01-23T11:00:00+08:00,6.0,315.0,0.3,20.3,0.63,1024.0,-99.0,0.0,-9.9,-99,-999,高雄市,05,旗津區,329
22.5904,120.2779,旗津,C0V500,2017-01-23T12:00:00+08:00,6.0,312.0,0.5,21.0,0.62,1023.2,-99.0,0.0,-9.9,-99,-999,高雄市,05,旗津區,329
22.5904,120.2779,旗津,C0V500,2017-01-23T13:00:00+08:00,6.0,308.0,0.9,21.3,0.61,1022.2,-99.0,0.0,-9.9,-99,-999,高雄市,05,旗津區,329
22.5904,120.2779,旗津,C0V500,2017-01-23T14:00:00+08:00,6.0,312.0,0.9,21.3,0.62,1021.5,-99.0,0.0,-9.9,-99,-999,高雄市,05,旗津區,329
22.5904,120.2779,旗津,C0V500,2017-01-23T15:00:00+08:00,6.0,286.0,0.6,21.4,0.64,1021.3,-99.0,0.0,-9.9,-99,-999,高雄市,05,旗津區,329
22.5904,120.2779,旗津,C0V500,2017-01-23T17:00:00+08:00,6.0,0.0,0.2,20.5,0.67,1021.7,-99.0,0.0,-9.9,-99,-999,高雄市,05,旗津區,329
22.5904,120.2779,旗津,C0V500,2017-01-23T18:00:00+08:00,6.0,268.0,0.4,20.1,0.69,1022.0,-99.0,0.0,-9.9,-99,-999,高雄市,05,旗津區,329
22.5904,120.2779,旗津,C0V500,2017-01-23T19:00:00+08:00,6.0,299.0,0.4,20.0,0.69,1022.4,-99.0,0.0,-9.9,-99,-999,高雄市,05,旗津區,329
22.5904,120.2779,旗津,C0V500,2017-01-23T20:00:00+08:00,6.0,343.0,0.3,20.0,0.70,1022.7,-99.0,0.0,-9.9,-99,-999,高雄市,05,旗津區,329
22.5904,120.2779,旗津,C0V500,2017-01-23T21:00:00+08:00,6.0,344.0,0.6,19.6,0.66,1023.2,-99.0,0.0,-9.9,-99,-999,高雄市,05,旗津區,329
22.5904,120.2779,旗津,C0V500,2017-01-23T22:00:00+08:00,6.0,9.0,0.4,19.3,0.65,1023.5,-99.0,0.0,-9.9,-99,-999,高雄市,05,旗津區,329
22.5904,120.2779,旗津,C0V500,2017-01-23T23:00:00+08:00,6.0,359.0,0.6,19.0,0.67,1023.8,-99.0,0.0,-9.9,-99,-999,高雄市,05,旗津區,329
22.5904,120.2779,旗津,C0V500,2017-01-24T00:00:00+08:00,6.0,26.0,0.8,18.8,0.67,1023.6,-99.0,0.0,-9.9,-99,-999,高雄市,05,旗津區,329
22.5904,120.2779,旗津,C0V500,2017-01-24T01:00:00+08:00,6.0,23.0,1.2,18.5,0.67,1023.5,-99.0,0.0,-9.9,-99,-999,高雄市,05,旗津區,329
22.5904,120.2779,旗津,C0V500,2017-01-24T02:00:00+08:00,6.0,27.0,0.9,18.5,0.68,1023.0,-99.0,0.0,-9.9,-99,-999,高雄市,05,旗津區,329
22.5904,120.2779,旗津,C0V500,2017-01-24T03:00:00+08:00,6.0,346.0,0.4,17.8,0.71,1022.5,-99.0,0.0,-9.9,-99,-999,高雄市,05,旗津區,329
22.5904,120.2779,旗津,C0V500,2017-01-24T04:00:00+08:00,6.0,19.0,0.9,17.2,0.72,1022.1,-99.0,0.0,-9.9,-99,-999,高雄市,05,旗津區,329
22.5904,120.2779,旗津,C0V500,2017-01-24T05:00:00+08:00,6.0,4.0,0.8,16.6,0.73,1022.2,-99.0,0.0,-9.9,-99,-999,高雄市,05,旗津區,329
22.5904,120.2779,旗津,C0V500,2017-01-24T06:00:00+08:00,6.0,22.0,1.3,16.7,0.72,1022.9,-99.0,0.0,-9.9,-99,-999,高雄市,05,旗津區,329
22.5904,120.2779,旗津,C0V500,2017-01-24T07:00:00+08:00,6.0,17.0,0.9,16.6,0.71,1023.3,-99.0,0.0,-9.9,-99,-999,高雄市,05,旗津區,329
22.5904,120.2779,旗津,C0V500,2017-01-24T08:00:00+08:00,6.0,12.0,0.8,17.2,0.68,1024.0,-99.0,0.0,-9.9,-99,-999,高雄市,05,旗津區,329
22.5904,120.2779,旗津,C0V500,2017-01-24T10:00:00+08:00,6.0,356.0,0.9,19.6,0.60,1024.4,-99.0,0.0,-9.9,-99,-999,高雄市,05,旗津區,329
22.5904,120.2779,旗津,C0V500,2017-01-24T11:00:00+08:00,6.0,345.0,0.8,21.1,0.55,1024.0,-99.0,0.0,-9.9,-99,-999,高雄市,05,旗津區,329
22.5904,120.2779,旗津,C0V500,2017-01-24T12:00:00+08:00,6.0,300.0,0.8,22.0,0.59,1023.1,-99.0,0.0,-9.9,-99,-999,高雄市,05,旗津區,329
22.5904,120.2779,旗津,C0V500,2017-01-24T13:00:00+08:00,6.0,333.0,0.8,21.9,0.59,1022.4,-99.0,0.0,-9.9,-99,-999,高雄市,05,旗津區,329
22.5904,120.2779,旗津,C0V500,2017-01-24T14:00:00+08:00,6.0,328.0,0.9,22.4,0.58,1021.8,-99.0,0.0,-9.9,-99,-999,高雄市,05,旗津區,329
22.5904,120.2779,旗津,C0V500,2017-01-24T15:00:00+08:00,6.0,316.0,0.7,22.6,0.60,1021.5,-99.0,0.0,-9.9,-99,-999,高雄市,05,旗津區,329
22.5904,120.2779,旗津,C0V500,2017-01-24T16:00:00+08:00,6.0,314.0,0.7,22.4,0.62,1021.7,-99.0,0.0,-9.9,-99,-999,高雄市,05,旗津區,329
22.5904,120.2779,旗津,C0V500,2017-01-24T17:00:00+08:00,6.0,333.0,0.9,21.4,0.68,1022.0,-99.0,0.0,-9.9,-99,-999,高雄市,05,旗津區,329
22.5904,120.2779,旗津,C0V500,2017-01-24T18:00:00+08:00,6.0,335.0,0.8,20.5,0.72,1022.3,-99.0,0.0,-9.9,-99,-999,高雄市,05,旗津區,329
22.5904,120.2779,旗津,C0V500,2017-01-24T19:00:00+08:00,6.0,353.0,1.3,20.2,0.70,1022.9,-99.0,0.0,-9.9,-99,-999,高雄市,05,旗津區,329
22.5904,120.2779,旗津,C0V500,2017-01-24T20:00:00+08:00,6.0,15.0,1.7,19.5,0.70,1023.7,-99.0,0.0,-9.9,-99,-999,高雄市,05,旗津區,329
22.5904,120.2779,旗津,C0V500,2017-01-24T21:00:00+08:00,6.0,14.0,1.3,18.5,0.72,1024.2,-99.0,0.0,-9.9,-99,-999,高雄市,05,旗津區,329
22.5904,120.2779,旗津,C0V500,2017-01-24T22:00:00+08:00,6.0,31.0,1.2,18.3,0.74,1024.3,-99.0,0.0,-9.9,-99,-999,高雄市,05,旗津區,329
22.5904,120.2779,旗津,C0V500,2017-01-24T23:00:00+08:00,6.0,15.0,1.4,17.8,0.75,1024.2,-99.0,0.0,-9.9,-99,-999,高雄市,05,旗津區,329
22.5904,120.2779,旗津,C0V500,2017-01-25T00:00:00+08:00,6.0,27.0,1.7,17.4,0.75,1024.0,-99.0,0.0,-9.9,-99,-999,高雄市,05,旗津區,329
22.5904,120.2779,旗津,C0V500,2017-01-25T01:00:00+08:00,6.0,17.0,1.0,17.2,0.75,1023.8,-99.0,0.0,-9.9,-99,-999,高雄市,05,旗津區,329
22.5904,120.2779,旗津,C0V500,2017-01-25T02:00:00+08:00,6.0,27.0,1.5,16.9,0.76,1023.1,-99.0,0.0,-9.9,-99,-999,高雄市,05,旗津區,329
22.5904,120.2779,旗津,C0V500,2017-01-25T03:00:00+08:00,6.0,25.0,1.7,16.9,0.77,1022.6,-99.0,0.0,-9.9,-99,-999,高雄市,05,旗津區,329
22.5904,120.2779,旗津,C0V500,2017-01-25T04:00:00+08:00,6.0,23.0,1.1,16.6,0.78,1022.4,-99.0,0.0,-9.9,-99,-999,高雄市,05,旗津區,329
22.5904,120.2779,旗津,C0V500,2017-01-25T05:00:00+08:00,6.0,16.0,0.8,16.3,0.78,1022.6,-99.0,0.0,-9.9,-99,-999,高雄市,05,旗津區,329
22.5904,120.2779,旗津,C0V500,2017-01-25T06:00:00+08:00,6.0,34.0,1.3,16.4,0.78,1023.0,-99.0,0.0,-9.9,-99,-999,高雄市,05,旗津區,329
22.5904,120.2779,旗津,C0V500,2017-01-25T07:00:00+08:00,6.0,8.0,1.3,16.2,0.78,1023.3,-99.0,0.0,-9.9,-99,-999,高雄市,05,旗津區,329
22.5904,120.2779,旗津,C0V500,2017-01-25T08:00:00+08:00,6.0,34.0,1.6,16.6,0.78,1023.4,-99.0,0.0,-9.9,-99,-999,高雄市,05,旗津區,329
22.5904,120.2779,旗津,C0V500,2017-01-25T09:00:00+08:00,6.0,24.0,1.1,17.9,0.75,1023.8,-99.0,0.0,-9.9,-99,-999,高雄市,05,旗津區,329
22.5904,120.2779,旗津,C0V500,2017-01-25T10:00:00+08:00,6.0,20.0,1.2,19.7,0.68,1024.0,-99.0,0.0,-9.9,-99,-999,高雄市,05,旗津區,329
22.5904,120.2779,旗津,C0V500,2017-01-25T11:00:00+08:00,6.0,11.0,0.5,21.9,0.64,1023.0,-99.0,0.0,-9.9,-99,-999,高雄市,05,旗津區,329
22.5904,120.2779,旗津,C0V500,2017-01-25T12:00:00+08:00,6.0,332.0,1.6,21.5,0.67,1022.3,-99.0,0.0,-9.9,-99,-999,高雄市,05,旗津區,329
22.5904,120.2779,旗津,C0V500,2017-01-25T13:00:00+08:00,6.0,320.0,0.9,22.4,0.63,1021.1,-99.0,0.0,-9.9,-99,-999,高雄市,05,旗津區,329
22.5904,120.2779,旗津,C0V500,2017-01-25T14:00:00+08:00,6.0,350.0,1.2,23.2,0.56,1020.6,-99.0,0.0,-9.9,-99,-999,高雄市,05,旗津區,329
22.5904,120.2779,旗津,C0V500,2017-01-25T15:00:00+08:00,6.0,353.0,1.5,22.6,0.57,1020.1,-99.0,0.0,-9.9,-99,-999,高雄市,05,旗津區,329
22.5904,120.2779,旗津,C0V500,2017-01-25T16:00:00+08:00,6.0,344.0,1.3,23.1,0.54,1020.2,-99.0,0.0,-9.9,-99,-999,高雄市,05,旗津區,329
22.5904,120.2779,旗津,C0V500,2017-01-25T17:00:00+08:00,6.0,319.0,0.9,22.1,0.67,1020.4,-99.0,0.0,-9.9,-99,-999,高雄市,05,旗津區,329
22.5904,120.2779,旗津,C0V500,2017-01-25T18:00:00+08:00,6.0,335.0,1.3,20.3,0.74,1020.8,-99.0,0.0,-9.9,-99,-999,高雄市,05,旗津區,329
22.5904,120.2779,旗津,C0V500,2017-01-25T19:00:00+08:00,6.0,1.0,1.7,19.1,0.72,1021.7,-99.0,0.0,-9.9,-99,-999,高雄市,05,旗津區,329
22.5904,120.2779,旗津,C0V500,2017-01-25T20:00:00+08:00,6.0,6.0,2.0,18.2,0.73,1022.0,-99.0,0.0,-9.9,-99,-999,高雄市,05,旗津區,329
22.5904,120.2779,旗津,C0V500,2017-01-25T21:00:00+08:00,6.0,18.0,1.5,17.5,0.74,1022.2,-99.0,0.0,-9.9,-99,-999,高雄市,05,旗津區,329
22.5904,120.2779,旗津,C0V500,2017-01-25T22:00:00+08:00,6.0,14.0,1.5,16.9,0.76,1022.3,-99.0,0.0,-9.9,-99,-999,高雄市,05,旗津區,329
22.5904,120.2779,旗津,C0V500,2017-01-25T23:00:00+08:00,6.0,15.0,1.8,16.2,0.79,1022.4,-99.0,0.0,-9.9,-99,-999,高雄市,05,旗津區,329
22.5904,120.2779,旗津,C0V500,2017-01-26T00:00:00+08:00,6.0,17.0,1.6,15.9,0.80,1022.0,-99.0,0.0,-9.9,-99,-999,高雄市,05,旗津區,329
22.5904,120.2779,旗津,C0V500,2017-01-26T01:00:00+08:00,6.0,27.0,1.9,15.5,0.81,1021.9,-99.0,0.0,-9.9,-99,-999,高雄市,05,旗津區,329
22.5904,120.2779,旗津,C0V500,2017-01-26T02:00:00+08:00,6.0,21.0,1.8,15.0,0.83,1021.3,-99.0,0.0,-9.9,-99,-999,高雄市,05,旗津區,329
22.5904,120.2779,旗津,C0V500,2017-01-26T03:00:00+08:00,6.0,21.0,2.2,14.8,0.82,1020.9,-99.0,0.0,-9.9,-99,-999,高雄市,05,旗津區,329
22.5904,120.2779,旗津,C0V500,2017-01-26T05:00:00+08:00,6.0,18.0,1.6,14.3,0.83,1021.1,-99.0,0.0,-9.9,-99,-999,高雄市,05,旗津區,329
22.5904,120.2779,旗津,C0V500,2017-01-26T06:00:00+08:00,6.0,23.0,1.7,14.1,0.84,1021.7,-99.0,0.0,-9.9,-99,-999,高雄市,05,旗津區,329
22.5904,120.2779,旗津,C0V500,2017-01-26T07:00:00+08:00,6.0,21.0,1.7,14.1,0.84,1022.0,-99.0,0.0,-9.9,-99,-999,高雄市,05,旗津區,329
22.5904,120.2779,旗津,C0V500,2017-01-26T08:00:00+08:00,6.0,15.0,1.2,14.7,0.83,1022.6,-99.0,0.0,-9.9,-99,-999,高雄市,05,旗津區,329
22.5904,120.2779,旗津,C0V500,2017-01-26T10:00:00+08:00,6.0,8.0,1.1,17.7,0.70,1022.6,-99.0,0.0,-9.9,-99,-999,高雄市,05,旗津區,329
22.5904,120.2779,旗津,C0V500,2017-01-26T11:00:00+08:00,6.0,356.0,0.9,19.7,0.65,1021.8,-99.0,0.0,-9.9,-99,-999,高雄市,05,旗津區,329
22.5904,120.2779,旗津,C0V500,2017-01-26T12:00:00+08:00,6.0,297.0,0.7,21.1,0.62,1021.0,-99.0,0.0,-9.9,-99,-999,高雄市,05,旗津區,329
22.5904,120.2779,旗津,C0V500,2017-01-26T13:00:00+08:00,6.0,331.0,0.9,21.9,0.58,1019.9,-99.0,0.0,-9.9,-99,-999,高雄市,05,旗津區,329
22.5904,120.2779,旗津,C0V500,2017-01-26T14:00:00+08:00,6.0,253.0,0.7,23.1,0.56,1018.8,-99.0,0.0,-9.9,-99,-999,高雄市,05,旗津區,329
22.5904,120.2779,旗津,C0V500,2017-01-26T15:00:00+08:00,6.0,239.0,0.6,23.0,0.56,1018.4,-99.0,0.0,-9.9,-99,-999,高雄市,05,旗津區,329
22.5904,120.2779,旗津,C0V500,2017-01-26T16:00:00+08:00,6.0,239.0,0.7,22.4,0.58,1018.6,-99.0,0.0,-9.9,-99,-999,高雄市,05,旗津區,329
22.5904,120.2779,旗津,C0V500,2017-01-26T17:00:00+08:00,6.0,252.0,0.5,21.5,0.63,1019.0,-99.0,0.0,-9.9,-99,-999,高雄市,05,旗津區,329
22.5904,120.2779,旗津,C0V500,2017-01-26T18:00:00+08:00,6.0,333.0,0.8,20.2,0.70,1019.4,-99.0,0.0,-9.9,-99,-999,高雄市,05,旗津區,329
22.5904,120.2779,旗津,C0V500,2017-01-26T19:00:00+08:00,6.0,335.0,0.8,19.8,0.71,1019.9,-99.0,0.0,-9.9,-99,-999,高雄市,05,旗津區,329
22.5904,120.2779,旗津,C0V500,2017-01-26T20:00:00+08:00,6.0,353.0,1.0,19.5,0.73,1020.4,-99.0,0.0,-9.9,-99,-999,高雄市,05,旗津區,329
22.5904,120.2779,旗津,C0V500,2017-01-26T21:00:00+08:00,6.0,358.0,0.7,18.6,0.72,1020.9,-99.0,0.0,-9.9,-99,-999,高雄市,05,旗津區,329
22.5904,120.2779,旗津,C0V500,2017-01-26T22:00:00+08:00,6.0,16.0,1.2,18.0,0.73,1021.2,-99.0,0.0,-9.9,-99,-999,高雄市,05,旗津區,329
22.5904,120.2779,旗津,C0V500,2017-01-26T23:00:00+08:00,6.0,17.0,1.2,17.5,0.75,1021.2,-99.0,0.0,-9.9,-99,-999,高雄市,05,旗津區,329
22.5904,120.2779,旗津,C0V500,2017-01-27T00:00:00+08:00,6.0,23.0,1.4,17.1,0.78,1021.3,-99.0,0.0,-9.9,-99,-999,高雄市,05,旗津區,329
22.5904,120.2779,旗津,C0V500,2017-01-27T01:00:00+08:00,6.0,38.0,1.7,16.8,0.80,1021.3,-99.0,0.0,-9.9,-99,-999,高雄市,05,旗津區,329
22.5904,120.2779,旗津,C0V500,2017-01-27T02:00:00+08:00,6.0,34.0,1.5,16.5,0.82,1020.3,-99.0,0.0,-9.9,-99,-999,高雄市,05,旗津區,329
22.5904,120.2779,旗津,C0V500,2017-01-27T03:00:00+08:00,6.0,30.0,1.8,16.0,0.84,1020.0,-99.0,0.0,-9.9,-99,-999,高雄市,05,旗津區,329
22.5904,120.2779,旗津,C0V500,2017-01-27T04:00:00+08:00,6.0,351.0,0.7,15.8,0.84,1020.6,-99.0,0.0,-9.9,-99,-999,高雄市,05,旗津區,329
22.5904,120.2779,旗津,C0V500,2017-01-27T05:00:00+08:00,6.0,31.0,1.5,15.8,0.80,1020.3,-99.0,0.0,-9.9,-99,-999,高雄市,05,旗津區,329
22.5904,120.2779,旗津,C0V500,2017-01-27T06:00:00+08:00,6.0,359.0,0.8,16.1,0.79,1021.0,-99.0,0.0,-9.9,-99,-999,高雄市,05,旗津區,329
22.5904,120.2779,旗津,C0V500,2017-01-27T07:00:00+08:00,6.0,355.0,0.8,15.7,0.81,1021.5,-99.0,0.0,-9.9,-99,-999,高雄市,05,旗津區,329
22.5904,120.2779,旗津,C0V500,2017-01-27T08:00:00+08:00,6.0,340.0,1.0,16.5,0.80,1022.2,-99.0,0.0,-9.9,-99,-999,高雄市,05,旗津區,329
22.5904,120.2779,旗津,C0V500,2017-01-27T09:00:00+08:00,6.0,35.0,1.8,17.7,0.74,1022.6,-99.0,0.0,-9.9,-99,-999,高雄市,05,旗津區,329
22.5904,120.2779,旗津,C0V500,2017-01-27T10:00:00+08:00,6.0,60.0,0.7,19.8,0.66,1022.4,-99.0,0.0,-9.9,-99,-999,高雄市,05,旗津區,329
22.5904,120.2779,旗津,C0V500,2017-01-27T11:00:00+08:00,6.0,27.0,1.3,22.1,0.50,1021.4,-99.0,0.0,-9.9,-99,-999,高雄市,05,旗津區,329
22.5904,120.2779,旗津,C0V500,2017-01-27T13:00:00+08:00,6.0,319.0,0.9,24.2,0.50,1019.0,-99.0,0.0,-9.9,-99,-999,高雄市,05,旗津區,329
22.5904,120.2779,旗津,C0V500,2017-01-27T14:00:00+08:00,6.0,321.0,1.4,23.8,0.59,1018.0,-99.0,0.0,-9.9,-99,-999,高雄市,05,旗津區,329
22.5904,120.2779,旗津,C0V500,2017-01-27T15:00:00+08:00,6.0,335.0,1.4,22.7,0.59,1017.5,-99.0,0.0,-9.9,-99,-999,高雄市,05,旗津區,329
22.5904,120.2779,旗津,C0V500,2017-01-27T16:00:00+08:00,6.0,339.0,1.0,23.3,0.60,1017.4,-99.0,0.0,-9.9,-99,-999,高雄市,05,旗津區,329
22.5904,120.2779,旗津,C0V500,2017-01-27T17:00:00+08:00,6.0,328.0,1.1,22.3,0.69,1017.8,-99.0,0.0,-9.9,-99,-999,高雄市,05,旗津區,329
22.5904,120.2779,旗津,C0V500,2017-01-27T18:00:00+08:00,6.0,336.0,1.0,21.0,0.71,1018.2,-99.0,0.0,-9.9,-99,-999,高雄市,05,旗津區,329
22.5904,120.2779,旗津,C0V500,2017-01-27T19:00:00+08:00,6.0,2.0,1.3,21.0,0.58,1018.8,-99.0,0.0,-9.9,-99,-999,高雄市,05,旗津區,329
22.5904,120.2779,旗津,C0V500,2017-01-27T20:00:00+08:00,6.0,7.0,1.3,20.3,0.59,1019.2,-99.0,0.0,-9.9,-99,-999,高雄市,05,旗津區,329
22.5904,120.2779,旗津,C0V500,2017-01-27T21:00:00+08:00,6.0,14.0,1.1,19.5,0.67,1019.5,-99.0,0.0,-9.9,-99,-999,高雄市,05,旗津區,329
22.5904,120.2779,旗津,C0V500,2017-01-27T22:00:00+08:00,6.0,38.0,1.4,18.9,0.74,1019.4,-99.0,0.0,-9.9,-99,-999,高雄市,05,旗津區,329
22.5904,120.2779,旗津,C0V500,2017-01-27T23:00:00+08:00,6.0,33.0,1.3,18.6,0.78,1019.0,-99.0,0.0,-9.9,-99,-999,高雄市,05,旗津區,329
22.5904,120.2779,旗津,C0V500,2017-01-28T00:00:00+08:00,6.0,28.0,1.2,18.3,0.80,1018.7,-99.0,0.0,-9.9,-99,-999,高雄市,05,旗津區,329
22.5904,120.2779,旗津,C0V500,2017-01-28T01:00:00+08:00,6.0,15.0,0.9,18.0,0.81,1018.6,-99.0,0.0,-9.9,-99,-999,高雄市,05,旗津區,329
22.5904,120.2779,旗津,C0V500,2017-01-28T02:00:00+08:00,6.0,30.0,1.2,17.7,0.83,1018.1,-99.0,0.0,-9.9,-99,-999,高雄市,05,旗津區,329
22.5904,120.2779,旗津,C0V500,2017-01-28T03:00:00+08:00,6.0,30.0,0.9,17.7,0.81,1017.4,-99.0,0.0,-9.9,-99,-999,高雄市,05,旗津區,329
22.5904,120.2779,旗津,C0V500,2017-01-28T04:00:00+08:00,6.0,37.0,0.8,17.3,0.81,1017.0,-99.0,0.0,-9.9,-99,-999,高雄市,05,旗津區,329
22.5904,120.2779,旗津,C0V500,2017-01-28T05:00:00+08:00,6.0,22.0,1.0,17.0,0.83,1016.9,-99.0,0.0,-9.9,-99,-999,高雄市,05,旗津區,329
22.5904,120.2779,旗津,C0V500,2017-01-28T06:00:00+08:00,6.0,0.0,0.0,16.4,0.84,1017.4,-99.0,0.0,-9.9,-99,-999,高雄市,05,旗津區,329
22.5904,120.2779,旗津,C0V500,2017-01-28T07:00:00+08:00,6.0,24.0,0.6,16.3,0.87,1017.4,-99.0,0.0,-9.9,-99,-999,高雄市,05,旗津區,329
22.5904,120.2779,旗津,C0V500,2017-01-28T08:00:00+08:00,6.0,34.0,0.5,18.0,0.79,1018.0,-99.0,0.0,-9.9,-99,-999,高雄市,05,旗津區,329
22.5904,120.2779,旗津,C0V500,2017-01-28T09:00:00+08:00,6.0,50.0,0.7,20.0,0.67,1018.4,-99.0,0.0,-9.9,-99,-999,高雄市,05,旗津區,329
22.5904,120.2779,旗津,C0V500,2017-01-28T10:00:00+08:00,6.0,252.0,0.3,22.0,0.64,1018.4,-99.0,0.0,-9.9,-99,-999,高雄市,05,旗津區,329
22.5904,120.2779,旗津,C0V500,2017-01-28T11:00:00+08:00,6.0,273.0,0.5,22.9,0.61,1017.9,-99.0,0.0,-9.9,-99,-999,高雄市,05,旗津區,329
22.5904,120.2779,旗津,C0V500,2017-01-28T12:00:00+08:00,6.0,264.0,0.8,23.3,0.57,1017.1,-99.0,0.0,-9.9,-99,-999,高雄市,05,旗津區,329
22.5904,120.2779,旗津,C0V500,2017-01-28T13:00:00+08:00,6.0,296.0,0.6,23.8,0.56,1016.3,-99.0,0.0,-9.9,-99,-999,高雄市,05,旗津區,329
22.5904,120.2779,旗津,C0V500,2017-01-28T14:00:00+08:00,6.0,301.0,0.9,23.9,0.58,1015.4,-99.0,0.0,-9.9,-99,-999,高雄市,05,旗津區,329
22.5904,120.2779,旗津,C0V500,2017-01-28T15:00:00+08:00,6.0,319.0,1.0,23.5,0.65,1014.9,-99.0,0.0,-9.9,-99,-999,高雄市,05,旗津區,329
22.5904,120.2779,旗津,C0V500,2017-01-28T16:00:00+08:00,6.0,335.0,1.2,22.1,0.71,1015.0,-99.0,0.0,-9.9,-99,-999,高雄市,05,旗津區,329
22.5904,120.2779,旗津,C0V500,2017-01-28T17:00:00+08:00,6.0,334.0,0.9,21.7,0.71,1015.5,-99.0,0.0,-9.9,-99,-999,高雄市,05,旗津區,329
22.5904,120.2779,旗津,C0V500,2017-01-28T18:00:00+08:00,6.0,336.0,0.5,21.0,0.71,1015.9,-99.0,0.0,-9.9,-99,-999,高雄市,05,旗津區,329
22.5904,120.2779,旗津,C0V500,2017-01-28T19:00:00+08:00,6.0,350.0,0.7,21.0,0.72,1016.3,-99.0,0.0,-9.9,-99,-999,高雄市,05,旗津區,329
22.5904,120.2779,旗津,C0V500,2017-01-28T20:00:00+08:00,6.0,354.0,0.5,21.0,0.73,1016.6,-99.0,0.0,-9.9,-99,-999,高雄市,05,旗津區,329
22.5904,120.2779,旗津,C0V500,2017-01-28T22:00:00+08:00,6.0,3.0,0.5,20.2,0.77,1016.7,-99.0,0.0,-9.9,-99,-999,高雄市,05,旗津區,329
22.5904,120.2779,旗津,C0V500,2017-01-28T23:00:00+08:00,6.0,34.0,0.9,20.2,0.77,1016.4,-99.0,0.0,-9.9,-99,-999,高雄市,05,旗津區,329
22.5904,120.2779,旗津,C0V500,2017-01-29T00:00:00+08:00,6.0,29.0,0.8,20.3,0.77,1016.2,-99.0,0.0,-9.9,-99,-999,高雄市,05,旗津區,329
22.5904,120.2779,旗津,C0V500,2017-01-29T01:00:00+08:00,6.0,34.0,0.8,20.1,0.80,1016.0,-99.0,0.0,-9.9,-99,-999,高雄市,05,旗津區,329
22.5904,120.2779,旗津,C0V500,2017-01-29T02:00:00+08:00,6.0,59.0,1.0,19.8,0.80,1015.7,-99.0,0.0,-9.9,-99,-999,高雄市,05,旗津區,329
22.5904,120.2779,旗津,C0V500,2017-01-29T03:00:00+08:00,6.0,13.0,0.7,19.7,0.80,1015.4,-99.0,0.0,-9.9,-99,-999,高雄市,05,旗津區,329
22.5904,120.2779,旗津,C0V500,2017-01-29T04:00:00+08:00,6.0,0.0,0.0,19.1,0.83,1015.2,-99.0,0.0,-9.9,-99,-999,高雄市,05,旗津區,329
22.5904,120.2779,旗津,C0V500,2017-01-29T05:00:00+08:00,6.0,44.0,0.7,19.2,0.83,1015.1,-99.0,0.0,-9.9,-99,-999,高雄市,05,旗津區,329
22.5904,120.2779,旗津,C0V500,2017-01-29T06:00:00+08:00,6.0,0.0,0.1,18.5,0.83,1015.6,-99.0,0.0,-9.9,-99,-999,高雄市,05,旗津區,329
22.5904,120.2779,旗津,C0V500,2017-01-29T07:00:00+08:00,6.0,0.0,0.0,18.4,0.83,1016.4,-99.0,0.0,-9.9,-99,-999,高雄市,05,旗津區,329
22.5904,120.2779,旗津,C0V500,2017-01-29T08:00:00+08:00,6.0,28.0,1.1,19.5,0.77,1017.3,-99.0,0.0,-9.9,-99,-999,高雄市,05,旗津區,329
22.5904,120.2779,旗津,C0V500,2017-01-29T09:00:00+08:00,6.0,351.0,0.8,20.7,0.70,1018.0,-99.0,0.0,-9.9,-99,-999,高雄市,05,旗津區,329
22.5904,120.2779,旗津,C0V500,2017-01-29T10:00:00+08:00,6.0,355.0,0.7,22.2,0.65,1017.9,-99.0,0.0,-9.9,-99,-999,高雄市,05,旗津區,329
22.5904,120.2779,旗津,C0V500,2017-01-29T11:00:00+08:00,6.0,252.0,0.6,24.4,0.62,1017.4,-99.0,0.0,-9.9,-99,-999,高雄市,05,旗津區,329
22.5904,120.2779,旗津,C0V500,2017-01-29T12:00:00+08:00,6.0,265.0,0.6,24.0,0.69,1016.6,-99.0,0.0,-9.9,-99,-999,高雄市,05,旗津區,329
22.5904,120.2779,旗津,C0V500,2017-01-29T13:00:00+08:00,6.0,284.0,0.6,24.7,0.61,1015.5,-99.0,0.0,-9.9,-99,-999,高雄市,05,旗津區,329
22.5904,120.2779,旗津,C0V500,2017-01-29T14:00:00+08:00,6.0,247.0,0.6,25.6,0.55,1014.6,-99.0,0.0,-9.9,-99,-999,高雄市,05,旗津區,329
22.5904,120.2779,旗津,C0V500,2017-01-29T15:00:00+08:00,6.0,240.0,0.8,26.4,0.47,1014.2,-99.0,0.0,-9.9,-99,-999,高雄市,05,旗津區,329
22.5904,120.2779,旗津,C0V500,2017-01-29T16:00:00+08:00,6.0,247.0,0.7,26.2,0.49,1014.3,-99.0,0.0,-9.9,-99,-999,高雄市,05,旗津區,329
22.5904,120.2779,旗津,C0V500,2017-01-29T18:00:00+08:00,6.0,328.0,0.8,24.2,0.65,1015.4,-99.0,0.0,-9.9,-99,-999,高雄市,05,旗津區,329
22.5904,120.2779,旗津,C0V500,2017-01-29T19:00:00+08:00,6.0,334.0,0.7,23.2,0.76,1015.9,-99.0,0.0,-9.9,-99,-999,高雄市,05,旗津區,329
22.5904,120.2779,旗津,C0V500,2017-01-29T20:00:00+08:00,6.0,14.0,1.4,22.3,0.70,1016.3,-99.0,0.0,-9.9,-99,-999,高雄市,05,旗津區,329
22.5904,120.2779,旗津,C0V500,2017-01-29T21:00:00+08:00,6.0,17.0,0.5,22.2,0.67,1016.3,-99.0,0.0,-9.9,-99,-999,高雄市,05,旗津區,329
22.5904,120.2779,旗津,C0V500,2017-01-29T22:00:00+08:00,6.0,319.0,0.6,21.7,0.66,1016.5,-99.0,0.0,-9.9,-99,-999,高雄市,05,旗津區,329
22.5904,120.2779,旗津,C0V500,2017-01-29T23:00:00+08:00,6.0,20.0,0.8,21.2,0.72,1016.3,-99.0,0.0,-9.9,-99,-999,高雄市,05,旗津區,329
22.5904,120.2779,旗津,C0V500,2017-01-30T00:00:00+08:00,6.0,15.0,1.2,20.8,0.73,1016.1,-99.0,0.0,-9.9,-99,-999,高雄市,05,旗津區,329
22.5904,120.2779,旗津,C0V500,2017-01-30T01:00:00+08:00,6.0,26.0,1.4,20.5,0.75,1015.8,-99.0,0.0,-9.9,-99,-999,高雄市,05,旗津區,329
22.5904,120.2779,旗津,C0V500,2017-01-30T02:00:00+08:00,6.0,27.0,1.5,19.8,0.80,1015.2,-99.0,0.0,-9.9,-99,-999,高雄市,05,旗津區,329
22.5904,120.2779,旗津,C0V500,2017-01-30T04:00:00+08:00,6.0,17.0,1.1,19.5,0.84,1015.3,-99.0,0.0,-9.9,-99,-999,高雄市,05,旗津區,329
22.5904,120.2779,旗津,C0V500,2017-01-30T05:00:00+08:00,6.0,37.0,1.0,19.6,0.84,1015.5,-99.0,0.0,-9.9,-99,-999,高雄市,05,旗津區,329
22.5904,120.2779,旗津,C0V500,2017-01-30T06:00:00+08:00,6.0,47.0,0.8,19.8,0.83,1016.0,-99.0,0.0,-9.9,-99,-999,高雄市,05,旗津區,329
22.5904,120.2779,旗津,C0V500,2017-01-30T07:00:00+08:00,6.0,71.0,0.9,19.9,0.83,1016.5,-99.0,0.0,-9.9,-99,-999,高雄市,05,旗津區,329
22.5904,120.2779,旗津,C0V500,2017-01-30T08:00:00+08:00,6.0,50.0,1.5,20.9,0.76,1017.1,-99.0,0.0,-9.9,-99,-999,高雄市,05,旗津區,329
22.5904,120.2779,旗津,C0V500,2017-01-30T09:00:00+08:00,6.0,58.0,1.3,22.5,0.66,1017.5,-99.0,0.0,-9.9,-99,-999,高雄市,05,旗津區,329
22.5904,120.2779,旗津,C0V500,2017-01-30T10:00:00+08:00,6.0,234.0,0.9,24.5,0.64,1017.1,-99.0,0.0,-9.9,-99,-999,高雄市,05,旗津區,329
22.5904,120.2779,旗津,C0V500,2017-01-30T11:00:00+08:00,6.0,244.0,0.7,25.1,0.62,1016.5,-99.0,0.0,-9.9,-99,-999,高雄市,05,旗津區,329
22.5904,120.2779,旗津,C0V500,2017-01-30T12:00:00+08:00,6.0,263.0,0.8,25.2,0.63,1015.9,-99.0,0.0,-9.9,-99,-999,高雄市,05,旗津區,329
22.5904,120.2779,旗津,C0V500,2017-01-30T13:00:00+08:00,6.0,292.0,1.1,25.5,0.65,1015.1,-99.0,0.0,-9.9,-99,-999,高雄市,05,旗津區,329
22.5904,120.2779,旗津,C0V500,2017-01-30T14:00:00+08:00,6.0,285.0,0.8,25.4,0.65,1014.7,-99.0,0.0,-9.9,-99,-999,高雄市,05,旗津區,329
22.5904,120.2779,旗津,C0V500,2017-01-30T15:00:00+08:00,6.0,306.0,0.7,25.0,0.68,1013.8,-99.0,0.0,-9.9,-99,-999,高雄市,05,旗津區,329
22.5904,120.2779,旗津,C0V500,2017-01-30T16:00:00+08:00,6.0,333.0,1.3,24.1,0.71,1014.4,-99.0,0.0,-9.9,-99,-999,高雄市,05,旗津區,329
22.5904,120.2779,旗津,C0V500,2017-01-30T17:00:00+08:00,6.0,355.0,0.4,23.3,0.73,1015.0,-99.0,0.0,-9.9,-99,-999,高雄市,05,旗津區,329
22.5904,120.2779,旗津,C0V500,2017-01-30T18:00:00+08:00,6.0,2.0,1.2,22.9,0.71,1015.4,-99.0,0.0,-9.9,-99,-999,高雄市,05,旗津區,329
22.5904,120.2779,旗津,C0V500,2017-01-30T20:00:00+08:00,6.0,352.0,0.8,21.5,0.70,1016.4,-99.0,0.0,-9.9,-99,-999,高雄市,05,旗津區,329
22.5904,120.2779,旗津,C0V500,2017-01-30T21:00:00+08:00,6.0,343.0,0.9,20.7,0.73,1016.7,-99.0,0.0,-9.9,-99,-999,高雄市,05,旗津區,329
22.5904,120.2779,旗津,C0V500,2017-01-30T22:00:00+08:00,6.0,3.0,0.8,19.7,0.74,1016.8,-99.0,0.0,-9.9,-99,-999,高雄市,05,旗津區,329
22.5904,120.2779,旗津,C0V500,2017-01-30T23:00:00+08:00,6.0,14.0,1.3,18.9,0.76,1016.7,-99.0,0.0,-9.9,-99,-999,高雄市,05,旗津區,329
22.5904,120.2779,旗津,C0V500,2017-01-31T00:00:00+08:00,6.0,15.0,1.0,18.5,0.77,1016.8,-99.0,0.0,-9.9,-99,-999,高雄市,05,旗津區,329
22.5904,120.2779,旗津,C0V500,2017-01-31T01:00:00+08:00,6.0,17.0,0.9,18.2,0.77,1016.2,-99.0,0.0,-9.9,-99,-999,高雄市,05,旗津區,329
22.5904,120.2779,旗津,C0V500,2017-01-31T02:00:00+08:00,6.0,12.0,0.8,17.7,0.78,1016.0,-99.0,0.0,-9.9,-99,-999,高雄市,05,旗津區,329
22.5904,120.2779,旗津,C0V500,2017-01-31T03:00:00+08:00,6.0,9.0,0.9,17.4,0.79,1016.0,-99.0,0.0,-9.9,-99,-999,高雄市,05,旗津區,329
22.5904,120.2779,旗津,C0V500,2017-01-31T04:00:00+08:00,6.0,14.0,1.0,17.2,0.79,1015.9,-99.0,0.0,-9.9,-99,-999,高雄市,05,旗津區,329
22.5904,120.2779,旗津,C0V500,2017-01-31T05:00:00+08:00,6.0,4.0,1.0,16.6,0.81,1016.1,-99.0,0.0,-9.9,-99,-999,高雄市,05,旗津區,329
22.5904,120.2779,旗津,C0V500,2017-01-31T06:00:00+08:00,6.0,27.0,1.3,16.5,0.81,1016.7,-99.0,0.0,-9.9,-99,-999,高雄市,05,旗津區,329
22.5904,120.2779,旗津,C0V500,2017-01-31T07:00:00+08:00,6.0,26.0,1.1,16.6,0.80,1017.2,-99.0,0.0,-9.9,-99,-999,高雄市,05,旗津區,329
