22.8904,120.4755,旗山,C0V740,2017-01-10T11:00:00+08:00,60.0,300.0,2.6,23.2,0.70,1002.8,-99.0,0.0,-9.9,-99,-999,高雄市,05,旗山區,283
22.8904,120.4755,旗山,C0V740,2017-01-10T12:00:00+08:00,60.0,334.0,2.1,23.8,0.65,1002.0,-99.0,0.0,-9.9,-99,-999,高雄市,05,旗山區,283
22.8904,120.4755,旗山,C0V740,2017-01-10T13:00:00+08:00,60.0,315.0,2.7,24.2,0.62,1000.9,-99.0,0.0,-9.9,-99,-999,高雄市,05,旗山區,283
22.8904,120.4755,旗山,C0V740,2017-01-10T14:00:00+08:00,60.0,345.0,3.1,25.0,0.57,999.9,-99.0,0.0,-9.9,-99,-999,高雄市,05,旗山區,283
22.8904,120.4755,旗山,C0V740,2017-01-10T15:00:00+08:00,60.0,308.0,1.5,25.8,0.54,999.8,-99.0,0.0,-9.9,-99,-999,高雄市,05,旗山區,283
22.8904,120.4755,旗山,C0V740,2017-01-10T16:00:00+08:00,60.0,289.0,1.5,25.6,0.55,999.9,-99.0,0.0,-9.9,-99,-999,高雄市,05,旗山區,283
22.8904,120.4755,旗山,C0V740,2017-01-10T17:00:00+08:00,60.0,279.0,0.8,24.5,0.59,1000.4,-99.0,0.0,-9.9,-99,-999,高雄市,05,旗山區,283
22.8904,120.4755,旗山,C0V740,2017-01-10T18:00:00+08:00,60.0,144.0,0.9,23.0,0.70,1000.9,-99.0,0.0,-9.9,-99,-999,高雄市,05,旗山區,283
22.8904,120.4755,旗山,C0V740,2017-01-10T19:00:00+08:00,60.0,139.0,1.7,22.1,0.74,1001.6,-99.0,0.0,-9.9,-99,-999,高雄市,05,旗山區,283
22.8904,120.4755,旗山,C0V740,2017-01-10T20:00:00+08:00,60.0,305.0,0.4,21.3,0.77,1002.2,-99.0,0.0,-9.9,-99,-999,高雄市,05,旗山區,283
22.8904,120.4755,旗山,C0V740,2017-01-10T21:00:00+08:00,60.0,0.0,0.0,20.5,0.79,1002.8,-99.0,0.0,-9.9,-99,-999,高雄市,05,旗山區,283
22.8904,120.4755,旗山,C0V740,2017-01-10T22:00:00+08:00,60.0,354.0,1.4,19.2,0.85,1003.1,-99.0,0.0,-9.9,-99,-999,高雄市,05,旗山區,283
22.8904,120.4755,旗山,C0V740,2017-01-10T23:00:00+08:00,60.0,313.0,2.5,18.2,0.89,1003.1,-99.0,0.0,-9.9,-99,-999,高雄市,05,旗山區,283
22.8904,120.4755,旗山,C0V740,2017-01-11T00:00:00+08:00,60.0,341.0,1.0,17.7,0.90,1002.7,-99.0,0.0,-9.9,-99,-999,高雄市,05,旗山區,283
22.8904,120.4755,旗山,C0V740,2017-01-11T01:00:00+08:00,60.0,346.0,1.4,17.4,0.91,1002.5,-99.0,0.0,-9.9,-99,-999,高雄市,05,旗山區,283
22.8904,120.4755,旗山,C0V740,2017-01-11T02:00:00+08:00,60.0,352.0,1.8,17.5,0.92,1002.1,-99.0,0.0,-9.9,-99,-999,高雄市,05,旗山區,283
22.8904,120.4755,旗山,C0V740,2017-01-11T03:00:00+08:00,60.0,335.0,1.9,17.2,0.94,1001.7,-99.0,0.0,-9.9,-99,-999,高雄市,05,旗山區,283
22.8904,120.4755,旗山,C0V740,2017-01-11T04:00:00+08:00,60.0,342.0,2.2,17.2,0.93,1001.6,-99.0,0.0,-9.9,-99,-999,高雄市,05,旗山區,283
22.8904,120.4755,旗山,C0V740,2017-01-11T05:00:00+08:00,60.0,331.0,2.1,17.0,0.92,1001.6,-99.0,0.0,-9.9,-99,-999,高雄市,05,旗山區,283
22.8904,120.4755,旗山,C0V740,2017-01-11T06:00:00+08:00,60.0,313.0,2.0,17.1,0.92,1002.3,-99.0,0.0,-9.9,-99,-999,高雄市,05,旗山區,283
22.8904,120.4755,旗山,C0V740,2017-01-11T07:00:00+08:00,60.0,12.0,1.7,16.8,0.92,1002.7,-99.0,0.0,-9.9,-99,-999,高雄市,05,旗山區,283
22.8904,120.4755,旗山,C0V740,2017-01-11T08:00:00+08:00,60.0,0.0,0.2,17.8,0.88,1003.5,-99.0,0.0,-9.9,-99,-999,高雄市,05,旗山區,283
22.8904,120.4755,旗山,C0V740,2017-01-11T09:00:00+08:00,60.0,28.0,2.1,19.3,0.82,1004.0,-99.0,0.0,-9.9,-99,-999,高雄市,05,旗山區,283
22.8904,120.4755,旗山,C0V740,2017-01-11T10:00:00+08:00,60.0,0.0,0.2,21.9,0.71,1003.6,-99.0,0.0,-9.9,-99,-999,高雄市,05,旗山區,283
22.8904,120.4755,旗山,C0V740,2017-01-11T11:00:00+08:00,60.0,205.0,1.0,24.0,0.58,1002.7,-99.0,0.0,-9.9,-99,-999,高雄市,05,旗山區,283
22.8904,120.4755,旗山,C0V740,2017-01-11T12:00:00+08:00,60.0,302.0,2.2,24.4,0.59,1001.3,-99.0,0.0,-9.9,-99,-999,高雄市,05,旗山區,283
22.8904,120.4755,旗山,C0V740,2017-01-11T14:00:00+08:00,60.0,310.0,2.1,25.4,0.56,999.0,-99.0,0.0,-9.9,-99,-999,高雄市,05,旗山區,283
22.8904,120.4755,旗山,C0V740,2017-01-11T15:00:00+08:00,60.0,238.0,1.3,25.7,0.54,998.5,-99.0,0.0,-9.9,-99,-999,高雄市,05,旗山區,283
22.8904,120.4755,旗山,C0V740,2017-01-11T16:00:00+08:00,60.0,280.0,1.6,25.5,0.54,998.3,-99.0,0.0,-9.9,-99,-999,高雄市,05,旗山區,283
22.8904,120.4755,旗山,C0V740,2017-01-11T17:00:00+08:00,60.0,284.0,1.3,24.6,0.59,998.9,-99.0,0.0,-9.9,-99,-999,高雄市,05,旗山區,283
22.8904,120.4755,旗山,C0V740,2017-01-11T18:00:00+08:00,60.0,287.0,2.5,23.1,0.68,999.8,-99.0,0.0,-9.9,-99,-999,高雄市,05,旗山區,283
22.8904,120.4755,旗山,C0V740,2017-01-11T19:00:00+08:00,60.0,291.0,1.5,22.3,0.73,1000.5,-99.0,0.0,-9.9,-99,-999,高雄市,05,旗山區,283
22.8904,120.4755,旗山,C0V740,2017-01-11T20:00:00+08:00,60.0,288.0,1.6,21.4,0.75,1001.4,-99.0,0.0,-9.9,-99,-999,高雄市,05,旗山區,283
22.8904,120.4755,旗山,C0V740,2017-01-11T21:00:00+08:00,60.0,287.0,1.4,20.8,0.78,1001.7,-99.0,0.0,-9.9,-99,-999,高雄市,05,旗山區,283
22.8904,120.4755,旗山,C0V740,2017-01-11T22:00:00+08:00,60.0,296.0,1.0,20.3,0.81,1002.1,-99.0,0.0,-9.9,-99,-999,高雄市,05,旗山區,283
22.8904,120.4755,旗山,C0V740,2017-01-11T23:00:00+08:00,60.0,300.0,1.3,19.7,0.83,1002.3,-99.0,0.0,-9.9,-99,-999,高雄市,05,旗山區,283
22.8904,120.4755,旗山,C0V740,2017-01-12T00:00:00+08:00,60.0,324.0,1.6,19.2,0.85,1001.8,-99.0,0.0,-9.9,-99,-999,高雄市,05,旗山區,283
22.8904,120.4755,旗山,C0V740,2017-01-12T01:00:00+08:00,60.0,331.0,0.5,18.9,0.87,1001.3,-99.0,0.0,-9.9,-99,-999,高雄市,05,旗山區,283
22.8904,120.4755,旗山,C0V740,2017-01-12T02:00:00+08:00,60.0,275.0,1.1,18.6,0.88,1001.0,-99.0,0.0,-9.9,-99,-999,高雄市,05,旗山區,283
22.8904,120.4755,旗山,C0V740,2017-01-12T03:00:00+08:00,60.0,306.0,1.4,18.0,0.92,1000.6,-99.0,0.0,-9.9,-99,-999,高雄市,05,旗山區,283
22.8904,120.4755,旗山,C0V740,2017-01-12T04:00:00+08:00,60.0,314.0,1.8,18.1,0.92,1000.1,-99.0,0.0,-9.9,-99,-999,高雄市,05,旗山區,283
22.8904,120.4755,旗山,C0V740,2017-01-12T05:00:00+08:00,60.0,327.0,1.5,18.4,0.91,999.9,-99.0,0.0,-9.9,-99,-999,高雄市,05,旗山區,283
22.8904,120.4755,旗山,C0V740,2017-01-12T06:00:00+08:00,60.0,338.0,1.8,18.5,0.91,999.7,-99.0,0.0,-9.9,-99,-999,高雄市,05,旗山區,283
22.8904,120.4755,旗山,C0V740,2017-01-12T07:00:00+08:00,60.0,317.0,1.9,18.3,0.92,999.9,-99.0,0.0,-9.9,-99,-999,高雄市,05,旗山區,283
22.8904,120.4755,旗山,C0V740,2017-01-12T08:00:00+08:00,60.0,350.0,2.1,18.9,0.89,1000.3,-99.0,0.0,-9.9,-99,-999,高雄市,05,旗山區,283
22.8904,120.4755,旗山,C0V740,2017-01-12T10:00:00+08:00,60.0,169.0,1.1,23.2,0.71,1000.6,-99.0,0.0,-9.9,-99,-999,高雄市,05,旗山區,283
22.8904,120.4755,旗山,C0V740,2017-01-12T11:00:00+08:00,60.0,197.0,0.9,25.2,0.62,999.7,-99.0,0.0,-9.9,-99,-999,高雄市,05,旗山區,283
22.8904,120.4755,旗山,C0V740,2017-01-12T13:00:00+08:00,60.0,319.0,2.5,25.4,0.60,997.4,-99.0,0.0,-9.9,-99,-999,高雄市,05,旗山區,283
22.8904,120.4755,旗山,C0V740,2017-01-12T14:00:00+08:00,60.0,276.0,2.8,25.3,0.61,996.5,-99.0,0.0,-9.9,-99,-999,高雄市,05,旗山區,283
22.8904,120.4755,旗山,C0V740,2017-01-12T15:00:00+08:00,60.0,286.0,2.6,25.2,0.60,996.0,-99.0,0.0,-9.9,-99,-999,高雄市,05,旗山區,283
22.8904,120.4755,旗山,C0V740,2017-01-12T16:00:00+08:00,60.0,308.0,2.9,24.6,0.65,996.1,-99.0,0.0,-9.9,-99,-999,高雄市,05,旗山區,283
22.8904,120.4755,旗山,C0V740,2017-01-12T17:00:00+08:00,60.0,322.0,2.4,23.8,0.67,996.6,-99.0,0.0,-9.9,-99,-999,高雄市,05,旗山區,283
22.8904,120.4755,旗山,C0V740,2017-01-12T18:00:00+08:00,60.0,306.0,2.0,22.5,0.78,996.8,-99.0,0.0,-9.9,-99,-999,高雄市,05,旗山區,283
22.8904,120.4755,旗山,C0V740,2017-01-12T19:00:00+08:00,60.0,335.0,1.9,21.3,0.82,997.7,-99.0,0.0,-9.9,-99,-999,高雄市,05,旗山區,283
22.8904,120.4755,旗山,C0V740,2017-01-12T20:00:00+08:00,60.0,292.0,1.6,20.8,0.84,998.3,-99.0,0.0,-9.9,-99,-999,高雄市,05,旗山區,283
22.8904,120.4755,旗山,C0V740,2017-01-12T21:00:00+08:00,60.0,333.0,1.9,19.8,0.89,998.8,-99.0,0.0,-9.9,-99,-999,高雄市,05,旗山區,283
22.8904,120.4755,旗山,C0V740,2017-01-12T22:00:00+08:00,60.0,323.0,2.6,19.2,0.91,998.7,-99.0,0.0,-9.9,-99,-999,高雄市,05,旗山區,283
22.8904,120.4755,旗山,C0V740,2017-01-12T23:00:00+08:00,60.0,320.0,1.9,18.9,0.92,998.7,-99.0,0.0,-9.9,-99,-999,高雄市,05,旗山區,283
22.8904,120.4755,旗山,C0V740,2017-01-13T00:00:00+08:00,60.0,330.0,1.5,18.8,0.93,998.5,-99.0,0.0,-9.9,-99,-999,高雄市,05,旗山區,283
22.8904,120.4755,旗山,C0V740,2017-01-13T01:00:00+08:00,60.0,321.0,1.8,18.8,0.93,997.7,-99.0,0.0,-9.9,-99,-999,高雄市,05,旗山區,283
22.8904,120.4755,旗山,C0V740,2017-01-13T02:00:00+08:00,60.0,322.0,2.3,18.7,0.95,997.7,-99.0,0.0,-9.9,-99,-999,高雄市,05,旗山區,283
22.8904,120.4755,旗山,C0V740,2017-01-13T03:00:00+08:00,60.0,324.0,3.1,18.7,0.95,997.8,-99.0,0.0,-9.9,-99,-999,高雄市,05,旗山區,283
22.8904,120.4755,旗山,C0V740,2017-01-13T04:00:00+08:00,60.0,350.0,2.2,18.8,0.92,997.5,-99.0,0.0,-9.9,-99,-999,高雄市,05,旗山區,283
22.8904,120.4755,旗山,C0V740,2017-01-13T05:00:00+08:00,60.0,346.0,2.2,18.3,0.95,997.0,-99.0,0.0,-9.9,-99,-999,高雄市,05,旗山區,283
22.8904,120.4755,旗山,C0V740,2017-01-13T06:00:00+08:00,60.0,339.0,2.4,18.5,0.94,997.1,-99.0,0.0,-9.9,-99,-999,高雄市,05,旗山區,283
22.8904,120.4755,旗山,C0V740,2017-01-13T07:00:00+08:00,60.0,341.0,2.4,18.4,0.94,997.7,-99.0,0.0,-9.9,-99,-999,高雄市,05,旗山區,283
22.8904,120.4755,旗山,C0V740,2017-01-13T08:00:00+08:00,60.0,5.0,1.7,17.8,0.97,998.5,-99.0,0.0,-9.9,-99,-999,高雄市,05,旗山區,283
22.8904,120.4755,旗山,C0V740,2017-01-13T09:00:00+08:00,60.0,321.0,2.0,20.0,0.89,998.9,-99.0,0.0,-9.9,-99,-999,高雄市,05,旗山區,283
22.8904,120.4755,旗山,C0V740,2017-01-13T10:00:00+08:00,60.0,307.0,2.2,22.5,0.78,998.8,-99.0,0.0,-9.9,-99,-999,高雄市,05,旗山區,283
22.8904,120.4755,旗山,C0V740,2017-01-13T11:00:00+08:00,60.0,276.0,2.1,24.2,0.71,998.2,-99.0,0.0,-9.9,-99,-999,高雄市,05,旗山區,283
22.8904,120.4755,旗山,C0V740,2017-01-13T12:00:00+08:00,60.0,294.0,3.0,25.1,0.67,997.0,-99.0,0.0,-9.9,-99,-999,高雄市,05,旗山區,283
22.8904,120.4755,旗山,C0V740,2017-01-13T13:00:00+08:00,60.0,313.0,2.7,25.5,0.64,996.2,-99.0,0.0,-9.9,-99,-999,高雄市,05,旗山區,283
22.8904,120.4755,旗山,C0V740,2017-01-13T14:00:00+08:00,60.0,322.0,3.0,25.9,0.63,995.4,-99.0,0.0,-9.9,-99,-999,高雄市,05,旗山區,283
22.8904,120.4755,旗山,C0V740,2017-01-13T15:00:00+08:00,60.0,320.0,3.5,24.8,0.66,995.3,-99.0,0.0,-9.9,-99,-999,高雄市,05,旗山區,283
22.8904,120.4755,旗山,C0V740,2017-01-13T16:00:00+08:00,60.0,325.0,3.7,24.1,0.68,995.7,-99.0,0.0,-9.9,-99,-999,高雄市,05,旗山區,283
22.8904,120.4755,旗山,C0V740,2017-01-13T17:00:00+08:00,60.0,309.0,2.8,23.6,0.70,996.1,-99.0,0.0,-9.9,-99,-999,高雄市,05,旗山區,283
22.8904,120.4755,旗山,C0V740,2017-01-13T18:00:00+08:00,60.0,316.0,2.3,22.0,0.72,996.6,-99.0,0.0,-9.9,-99,-999,高雄市,05,旗山區,283
22.8904,120.4755,旗山,C0V740,2017-01-13T19:00:00+08:00,60.0,311.0,1.9,21.0,0.73,997.3,-99.0,0.0,-9.9,-99,-999,高雄市,05,旗山區,283
22.8904,120.4755,旗山,C0V740,2017-01-13T20:00:00+08:00,60.0,298.0,2.2,20.0,0.76,998.1,-99.0,0.0,-9.9,-99,-999,高雄市,05,旗山區,283
22.8904,120.4755,旗山,C0V740,2017-01-13T21:00:00+08:00,60.0,339.0,1.9,19.4,0.77,998.5,-99.0,0.0,-9.9,-99,-999,高雄市,05,旗山區,283
22.8904,120.4755,旗山,C0V740,2017-01-13T22:00:00+08:00,60.0,332.0,2.1,18.9,0.79,998.9,-99.0,0.0,-9.9,-99,-999,高雄市,05,旗山區,283
22.8904,120.4755,旗山,C0V740,2017-01-13T23:00:00+08:00,60.0,345.0,1.1,18.6,0.81,999.0,-99.0,0.0,-9.9,-99,-999,高雄市,05,旗山區,283
22.8904,120.4755,旗山,C0V740,2017-01-14T00:00:00+08:00,60.0,306.0,1.0,18.3,0.82,999.0,-99.0,0.0,-9.9,-99,-999,高雄市,05,旗山區,283
22.8904,120.4755,旗山,C0V740,2017-01-14T01:00:00+08:00,60.0,319.0,1.9,17.9,0.84,998.9,-99.0,0.0,-9.9,-99,-999,高雄市,05,旗山區,283
22.8904,120.4755,旗山,C0V740,2017-01-14T02:00:00+08:00,60.0,330.0,1.7,17.3,0.85,998.6,-99.0,0.0,-9.9,-99,-999,高雄市,05,旗山區,283
22.8904,120.4755,旗山,C0V740,2017-01-14T03:00:00+08:00,60.0,336.0,1.7,17.2,0.86,998.5,-99.0,0.0,-9.9,-99,-999,高雄市,05,旗山區,283
22.8904,120.4755,旗山,C0V740,2017-01-14T04:00:00+08:00,60.0,318.0,2.9,16.9,0.88,998.4,-99.0,0.0,-9.9,-99,-999,高雄市,05,旗山區,283
22.8904,120.4755,旗山,C0V740,2017-01-14T05:00:00+08:00,60.0,347.0,1.7,17.1,0.87,998.7,-99.0,0.0,-9.9,-99,-999,高雄市,05,旗山區,283
22.8904,120.4755,旗山,C0V740,2017-01-14T06:00:00+08:00,60.0,291.0,1.8,17.0,0.87,999.2,-99.0,0.0,-9.9,-99,-999,高雄市,05,旗山區,283
22.8904,120.4755,旗山,C0V740,2017-01-14T07:00:00+08:00,60.0,316.0,1.9,16.7,0.89,999.7,-99.0,0.0,-9.9,-99,-999,高雄市,05,旗山區,283
22.8904,120.4755,旗山,C0V740,2017-01-14T08:00:00+08:00,60.0,313.0,2.0,16.8,0.90,1000.7,-99.0,0.0,-9.9,-99,-999,高雄市,05,旗山區,283
22.8904,120.4755,旗山,C0V740,2017-01-14T10:00:00+08:00,60.0,324.0,2.3,16.8,0.88,1001.6,-99.0,0.0,-9.9,-99,-999,高雄市,05,旗山區,283
22.8904,120.4755,旗山,C0V740,2017-01-14T12:00:00+08:00,60.0,323.0,1.6,17.2,0.86,1000.7,-99.0,0.0,-9.9,-99,-999,高雄市,05,旗山區,283
22.8904,120.4755,旗山,C0V740,2017-01-14T13:00:00+08:00,60.0,348.0,1.6,17.3,0.88,1000.0,-99.0,0.0,-9.9,-99,-999,高雄市,05,旗山區,283
22.8904,120.4755,旗山,C0V740,2017-01-14T14:00:00+08:00,60.0,299.0,1.3,18.8,0.83,999.3,-99.0,0.0,-9.9,-99,-999,高雄市,05,旗山區,283
22.8904,120.4755,旗山,C0V740,2017-01-14T15:00:00+08:00,60.0,139.0,0.5,19.8,0.82,998.9,-99.0,0.0,-9.9,-99,-999,高雄市,05,旗山區,283
22.8904,120.4755,旗山,C0V740,2017-01-14T16:00:00+08:00,60.0,312.0,1.8,20.0,0.82,999.0,-99.0,0.0,-9.9,-99,-999,高雄市,05,旗山區,283
22.8904,120.4755,旗山,C0V740,2017-01-14T17:00:00+08:00,60.0,313.0,1.5,19.8,0.82,999.6,-99.0,0.0,-9.9,-99,-999,高雄市,05,旗山區,283
22.8904,120.4755,旗山,C0V740,2017-01-14T18:00:00+08:00,60.0,293.0,2.1,19.2,0.84,1000.6,-99.0,0.0,-9.9,-99,-999,高雄市,05,旗山區,283
22.8904,120.4755,旗山,C0V740,2017-01-14T19:00:00+08:00,60.0,332.0,2.2,18.2,0.86,1001.4,-99.0,0.0,-9.9,-99,-999,高雄市,05,旗山區,283
22.8904,120.4755,旗山,C0V740,2017-01-14T20:00:00+08:00,60.0,327.0,1.9,17.7,0.89,1002.1,-99.0,0.0,-9.9,-99,-999,高雄市,05,旗山區,283
22.8904,120.4755,旗山,C0V740,2017-01-14T21:00:00+08:00,60.0,329.0,1.0,17.8,0.88,1002.4,-99.0,0.0,-9.9,-99,-999,高雄市,05,旗山區,283
22.8904,120.4755,旗山,C0V740,2017-01-14T22:00:00+08:00,60.0,320.0,1.8,17.7,0.89,1002.4,-99.0,0.0,-9.9,-99,-999,高雄市,05,旗山區,283
22.8904,120.4755,旗山,C0V740,2017-01-14T23:00:00+08:00,60.0,317.0,2.0,17.6,0.88,1002.4,-99.0,0.0,-9.9,-99,-999,高雄市,05,旗山區,283
22.8904,120.4755,旗山,C0V740,2017-01-15T00:00:00+08:00,60.0,342.0,1.8,17.4,0.86,1002.7,-99.0,0.0,-9.9,-99,-999,高雄市,05,旗山區,283
22.8904,120.4755,旗山,C0V740,2017-01-15T01:00:00+08:00,60.0,322.0,2.4,16.9,0.83,1003.1,-99.0,0.0,-9.9,-99,-999,高雄市,05,旗山區,283
22.8904,120.4755,旗山,C0V740,2017-01-15T02:00:00+08:00,60.0,27.0,1.4,16.8,0.83,1002.8,-99.0,0.0,-9.9,-99,-999,高雄市,05,旗山區,283
22.8904,120.4755,旗山,C0V740,2017-01-15T03:00:00+08:00,60.0,329.0,1.8,17.3,0.86,1002.0,-99.0,0.0,-9.9,-99,-999,高雄市,05,旗山區,283
22.8904,120.4755,旗山,C0V740,2017-01-15T04:00:00+08:00,60.0,344.0,1.5,17.4,0.89,1001.6,-99.0,0.0,-9.9,-99,-999,高雄市,05,旗山區,283
22.8904,120.4755,旗山,C0V740,2017-01-15T05:00:00+08:00,60.0,316.0,1.0,16.9,0.91,1001.8,-99.0,0.0,-9.9,-99,-999,高雄市,05,旗山區,283
22.8904,120.4755,旗山,C0V740,2017-01-15T06:00:00+08:00,60.0,283.0,0.8,16.1,0.92,1002.7,-99.0,0.0,-9.9,-99,-999,高雄市,05,旗山區,283
22.8904,120.4755,旗山,C0V740,2017-01-15T07:00:00+08:00,60.0,298.0,1.5,15.8,0.90,1002.9,-99.0,0.0,-9.9,-99,-999,高雄市,05,旗山區,283
22.8904,120.4755,旗山,C0V740,2017-01-15T08:00:00+08:00,60.0,333.0,2.1,15.9,0.88,1003.9,-99.0,0.0,-9.9,-99,-999,高雄市,05,旗山區,283
22.8904,120.4755,旗山,C0V740,2017-01-15T09:00:00+08:00,60.0,314.0,2.1,15.9,0.87,1004.6,-99.0,0.0,-9.9,-99,-999,高雄市,05,旗山區,283
22.8904,120.4755,旗山,C0V740,2017-01-15T10:00:00+08:00,60.0,344.0,1.1,17.2,0.87,1004.7,-99.0,0.0,-9.9,-99,-999,高雄市,05,旗山區,283
22.8904,120.4755,旗山,C0V740,2017-01-15T11:00:00+08:00,60.0,140.0,1.1,20.4,0.77,1004.1,-99.0,0.0,-9.9,-99,-999,高雄市,05,旗山區,283
22.8904,120.4755,旗山,C0V740,2017-01-15T12:00:00+08:00,60.0,117.0,1.2,21.9,0.69,1002.8,-99.0,0.0,-9.9,-99,-999,高雄市,05,旗山區,283
22.8904,120.4755,旗山,C0V740,2017-01-15T13:00:00+08:00,60.0,301.0,1.8,21.5,0.68,1001.9,-99.0,0.0,-9.9,-99,-999,高雄市,05,旗山區,283
22.8904,120.4755,旗山,C0V740,2017-01-15T14:00:00+08:00,60.0,291.0,0.9,22.5,0.63,1000.9,-99.0,0.0,-9.9,-99,-999,高雄市,05,旗山區,283
22.8904,120.4755,旗山,C0V740,2017-01-15T15:00:00+08:00,60.0,305.0,2.2,22.3,0.65,1000.4,-99.0,0.0,-9.9,-99,-999,高雄市,05,旗山區,283
22.8904,120.4755,旗山,C0V740,2017-01-15T16:00:00+08:00,60.0,326.0,1.9,22.4,0.65,1000.6,-99.0,0.0,-9.9,-99,-999,高雄市,05,旗山區,283
22.8904,120.4755,旗山,C0V740,2017-01-15T17:00:00+08:00,60.0,310.0,2.5,21.5,0.67,1000.9,-99.0,0.0,-9.9,-99,-999,高雄市,05,旗山區,283
22.8904,120.4755,旗山,C0V740,2017-01-15T18:00:00+08:00,60.0,312.0,1.6,20.2,0.72,1001.5,-99.0,0.0,-9.9,-99,-999,高雄市,05,旗山區,283
22.8904,120.4755,旗山,C0V740,2017-01-15T19:00:00+08:00,60.0,313.0,2.5,19.6,0.75,1002.1,-99.0,0.0,-9.9,-99,-999,高雄市,05,旗山區,283
22.8904,120.4755,旗山,C0V740,2017-01-15T20:00:00+08:00,60.0,327.0,2.8,18.3,0.74,1002.7,-99.0,0.0,-9.9,-99,-999,高雄市,05,旗山區,283
22.8904,120.4755,旗山,C0V740,2017-01-15T21:00:00+08:00,60.0,314.0,2.7,17.5,0.75,1003.1,-99.0,0.0,-9.9,-99,-999,高雄市,05,旗山區,283
22.8904,120.4755,旗山,C0V740,2017-01-15T22:00:00+08:00,60.0,318.0,1.8,17.4,0.76,1003.6,-99.0,0.0,-9.9,-99,-999,高雄市,05,旗山區,283
22.8904,120.4755,旗山,C0V740,2017-01-15T23:00:00+08:00,60.0,331.0,1.8,16.9,0.78,1003.7,-99.0,0.0,-9.9,-99,-999,高雄市,05,旗山區,283
22.8904,120.4755,旗山,C0V740,2017-01-16T00:00:00+08:00,60.0,305.0,2.0,16.5,0.80,1003.7,-99.0,0.0,-9.9,-99,-999,高雄市,05,旗山區,283
22.8904,120.4755,旗山,C0V740,2017-01-16T01:00:00+08:00,60.0,320.0,1.6,16.2,0.82,1003.7,-99.0,0.0,-9.9,-99,-999,高雄市,05,旗山區,283
22.8904,120.4755,旗山,C0V740,2017-01-16T02:00:00+08:00,60.0,308.0,2.2,15.6,0.84,1003.2,-99.0,0.0,-9.9,-99,-999,高雄市,05,旗山區,283
22.8904,120.4755,旗山,C0V740,2017-01-16T03:00:00+08:00,60.0,322.0,2.2,15.5,0.85,1002.9,-99.0,0.0,-9.9,-99,-999,高雄市,05,旗山區,283
22.8904,120.4755,旗山,C0V740,2017-01-16T04:00:00+08:00,60.0,320.0,2.1,15.5,0.85,1002.7,-99.0,0.0,-9.9,-99,-999,高雄市,05,旗山區,283
22.8904,120.4755,旗山,C0V740,2017-01-16T05:00:00+08:00,60.0,308.0,1.6,15.5,0.86,1003.0,-99.0,0.0,-9.9,-99,-999,高雄市,05,旗山區,283
22.8904,120.4755,旗山,C0V740,2017-01-16T06:00:00+08:00,60.0,331.0,1.7,15.2,0.87,1003.4,-99.0,0.0,-9.9,-99,-999,高雄市,05,旗山區,283
22.8904,120.4755,旗山,C0V740,2017-01-16T07:00:00+08:00,60.0,332.0,1.7,15.1,0.86,1003.9,-99.0,0.0,-9.9,-99,-999,高雄市,05,旗山區,283
22.8904,120.4755,旗山,C0V740,2017-01-16T08:00:00+08:00,60.0,309.0,1.9,15.5,0.86,1004.1,-99.0,0.0,-9.9,-99,-999,高雄市,05,旗山區,283
22.8904,120.4755,旗山,C0V740,2017-01-16T10:00:00+08:00,60.0,302.0,2.2,19.1,0.76,1004.4,-99.0,0.0,-9.9,-99,-999,高雄市,05,旗山區,283
22.8904,120.4755,旗山,C0V740,2017-01-16T11:00:00+08:00,60.0,352.0,2.6,20.7,0.71,1004.1,-99.0,0.0,-9.9,-99,-999,高雄市,05,旗山區,283
22.8904,120.4755,旗山,C0V740,2017-01-16T12:00:00+08:00,60.0,297.0,1.9,21.6,0.66,1003.1,-99.0,0.0,-9.9,-99,-999,高雄市,05,旗山區,283
22.8904,120.4755,旗山,C0V740,2017-01-16T13:00:00+08:00,60.0,271.0,2.1,22.0,0.64,1002.1,-99.0,0.0,-9.9,-99,-999,高雄市,05,旗山區,283
22.8904,120.4755,旗山,C0V740,2017-01-16T14:00:00+08:00,60.0,244.0,1.7,22.4,0.62,1001.1,-99.0,0.0,-9.9,-99,-999,高雄市,05,旗山區,283
22.8904,120.4755,旗山,C0V740,2017-01-16T15:00:00+08:00,60.0,282.0,1.7,22.8,0.60,1000.7,-99.0,0.0,-9.9,-99,-999,高雄市,05,旗山區,283
22.8904,120.4755,旗山,C0V740,2017-01-16T16:00:00+08:00,60.0,273.0,1.6,22.4,0.61,1000.4,-99.0,0.0,-9.9,-99,-999,高雄市,05,旗山區,283
22.8904,120.4755,旗山,C0V740,2017-01-16T17:00:00+08:00,60.0,312.0,2.0,21.6,0.66,1000.8,-99.0,0.0,-9.9,-99,-999,高雄市,05,旗山區,283
22.8904,120.4755,旗山,C0V740,2017-01-16T18:00:00+08:00,60.0,293.0,1.7,20.6,0.69,1001.6,-99.0,0.0,-9.9,-99,-999,高雄市,05,旗山區,283
22.8904,120.4755,旗山,C0V740,2017-01-16T19:00:00+08:00,60.0,311.0,2.1,19.3,0.72,1002.7,-99.0,0.0,-9.9,-99,-999,高雄市,05,旗山區,283
22.8904,120.4755,旗山,C0V740,2017-01-16T20:00:00+08:00,60.0,343.0,1.6,18.6,0.75,1003.5,-99.0,0.0,-9.9,-99,-999,高雄市,05,旗山區,283
22.8904,120.4755,旗山,C0V740,2017-01-16T21:00:00+08:00,60.0,305.0,1.5,17.9,0.78,1004.4,-99.0,0.0,-9.9,-99,-999,高雄市,05,旗山區,283
22.8904,120.4755,旗山,C0V740,2017-01-16T22:00:00+08:00,60.0,341.0,0.7,17.3,0.81,1004.9,-99.0,0.0,-9.9,-99,-999,高雄市,05,旗山區,283
22.8904,120.4755,旗山,C0V740,2017-01-16T23:00:00+08:00,60.0,13.0,1.0,16.6,0.87,1005.1,-99.0,0.0,-9.9,-99,-999,高雄市,05,旗山區,283
22.8904,120.4755,旗山,C0V740,2017-01-17T00:00:00+08:00,60.0,336.0,1.3,16.4,0.90,1004.5,-99.0,0.0,-9.9,-99,-999,高雄市,05,旗山區,283
22.8904,120.4755,旗山,C0V740,2017-01-17T01:00:00+08:00,60.0,357.0,0.7,16.0,0.89,1004.4,-99.0,0.0,-9.9,-99,-999,高雄市,05,旗山區,283
22.8904,120.4755,旗山,C0V740,2017-01-17T02:00:00+08:00,60.0,322.0,1.7,15.4,0.89,1004.5,-99.0,0.0,-9.9,-99,-999,高雄市,05,旗山區,283
22.8904,120.4755,旗山,C0V740,2017-01-17T03:00:00+08:00,60.0,337.0,1.8,15.4,0.89,1004.5,-99.0,0.0,-9.9,-99,-999,高雄市,05,旗山區,283
22.8904,120.4755,旗山,C0V740,2017-01-17T04:00:00+08:00,60.0,351.0,1.4,15.9,0.91,1004.2,-99.0,0.0,-9.9,-99,-999,高雄市,05,旗山區,283
22.8904,120.4755,旗山,C0V740,2017-01-17T05:00:00+08:00,60.0,337.0,1.0,15.2,0.94,1004.2,-99.0,0.0,-9.9,-99,-999,高雄市,05,旗山區,283
22.8904,120.4755,旗山,C0V740,2017-01-17T06:00:00+08:00,60.0,11.0,0.8,15.2,0.93,1004.6,-99.0,0.0,-9.9,-99,-999,高雄市,05,旗山區,283
22.8904,120.4755,旗山,C0V740,2017-01-17T07:00:00+08:00,60.0,345.0,1.2,14.9,0.93,1005.2,-99.0,0.0,-9.9,-99,-999,高雄市,05,旗山區,283
22.8904,120.4755,旗山,C0V740,2017-01-17T08:00:00+08:00,60.0,16.0,1.8,15.5,0.91,1005.9,-99.0,0.0,-9.9,-99,-999,高雄市,05,旗山區,283
22.8904,120.4755,旗山,C0V740,2017-01-17T09:00:00+08:00,60.0,37.0,1.8,17.7,0.86,1006.2,-99.0,0.0,-9.9,-99,-999,高雄市,05,旗山區,283
22.8904,120.4755,旗山,C0V740,2017-01-17T10:00:00+08:00,60.0,305.0,1.9,20.0,0.73,1006.0,-99.0,0.0,-9.9,-99,-999,高雄市,05,旗山區,283
22.8904,120.4755,旗山,C0V740,2017-01-17T11:00:00+08:00,60.0,328.0,1.8,21.7,0.64,1005.5,-99.0,0.0,-9.9,-99,-999,高雄市,05,旗山區,283
22.8904,120.4755,旗山,C0V740,2017-01-17T12:00:00+08:00,60.0,343.0,2.6,23.1,0.57,1004.6,-99.0,0.0,-9.9,-99,-999,高雄市,05,旗山區,283
22.8904,120.4755,旗山,C0V740,2017-01-17T13:00:00+08:00,60.0,357.0,2.4,24.2,0.52,1003.4,-99.0,0.0,-9.9,-99,-999,高雄市,05,旗山區,283
22.8904,120.4755,旗山,C0V740,2017-01-17T14:00:00+08:00,60.0,327.0,3.2,23.9,0.53,1002.7,-99.0,0.0,-9.9,-99,-999,高雄市,05,旗山區,283
22.8904,120.4755,旗山,C0V740,2017-01-17T15:00:00+08:00,60.0,319.0,1.8,24.6,0.52,1002.1,-99.0,0.0,-9.9,-99,-999,高雄市,05,旗山區,283
22.8904,120.4755,旗山,C0V740,2017-01-17T16:00:00+08:00,60.0,305.0,3.1,23.2,0.64,1002.3,-99.0,0.0,-9.9,-99,-999,高雄市,05,旗山區,283
22.8904,120.4755,旗山,C0V740,2017-01-17T17:00:00+08:00,60.0,312.0,2.7,22.1,0.68,1002.7,-99.0,0.0,-9.9,-99,-999,高雄市,05,旗山區,283
22.8904,120.4755,旗山,C0V740,2017-01-17T18:00:00+08:00,60.0,312.0,2.7,20.5,0.74,1003.5,-99.0,0.0,-9.9,-99,-999,高雄市,05,旗山區,283
22.8904,120.4755,旗山,C0V740,2017-01-17T19:00:00+08:00,60.0,343.0,2.0,19.6,0.78,1004.5,-99.0,0.0,-9.9,-99,-999,高雄市,05,旗山區,283
22.8904,120.4755,旗山,C0V740,2017-01-17T20:00:00+08:00,60.0,323.0,1.8,18.8,0.81,1005.4,-99.0,0.0,-9.9,-99,-999,高雄市,05,旗山區,283
22.8904,120.4755,旗山,C0V740,2017-01-17T21:00:00+08:00,60.0,327.0,1.5,18.3,0.83,1005.9,-99.0,0.0,-9.9,-99,-999,高雄市,05,旗山區,283
22.8904,120.4755,旗山,C0V740,2017-01-17T22:00:00+08:00,60.0,322.0,1.2,17.7,0.87,1006.1,-99.0,0.0,-9.9,-99,-999,高雄市,05,旗山區,283
22.8904,120.4755,旗山,C0V740,2017-01-17T23:00:00+08:00,60.0,339.0,1.6,17.1,0.90,1006.6,-99.0,0.0,-9.9,-99,-999,高雄市,05,旗山區,283
22.8904,120.4755,旗山,C0V740,2017-01-18T00:00:00+08:00,60.0,340.0,1.6,17.0,0.91,1006.4,-99.0,0.0,-9.9,-99,-999,高雄市,05,旗山區,283
22.8904,120.4755,旗山,C0V740,2017-01-18T01:00:00+08:00,60.0,323.0,1.9,16.7,0.92,1006.3,-99.0,0.0,-9.9,-99,-999,高雄市,05,旗山區,283
22.8904,120.4755,旗山,C0V740,2017-01-18T02:00:00+08:00,60.0,314.0,2.3,16.4,0.93,1006.0,-99.0,0.0,-9.9,-99,-999,高雄市,05,旗山區,283
22.8904,120.4755,旗山,C0V740,2017-01-18T03:00:00+08:00,60.0,352.0,2.5,16.3,0.94,1006.0,-99.0,0.0,-9.9,-99,-999,高雄市,05,旗山區,283
22.8904,120.4755,旗山,C0V740,2017-01-18T04:00:00+08:00,60.0,329.0,2.1,16.2,0.96,1005.9,-99.0,0.0,-9.9,-99,-999,高雄市,05,旗山區,283
22.8904,120.4755,旗山,C0V740,2017-01-18T05:00:00+08:00,60.0,345.0,2.1,16.3,0.94,1006.1,-99.0,0.0,-9.9,-99,-999,高雄市,05,旗山區,283
22.8904,120.4755,旗山,C0V740,2017-01-18T06:00:00+08:00,60.0,357.0,1.6,16.0,0.96,1006.3,-99.0,0.0,-9.9,-99,-999,高雄市,05,旗山區,283
22.8904,120.4755,旗山,C0V740,2017-01-18T07:00:00+08:00,60.0,347.0,2.1,15.4,0.98,1006.5,-99.0,0.0,-9.9,-99,-999,高雄市,05,旗山區,283
22.8904,120.4755,旗山,C0V740,2017-01-18T08:00:00+08:00,60.0,340.0,1.6,16.3,0.94,1006.7,-99.0,0.0,-9.9,-99,-999,高雄市,05,旗山區,283
22.8904,120.4755,旗山,C0V740,2017-01-18T10:00:00+08:00,60.0,355.0,1.8,21.7,0.73,1006.7,-99.0,0.0,-9.9,-99,-999,高雄市,05,旗山區,283
22.8904,120.4755,旗山,C0V740,2017-01-18T11:00:00+08:00,60.0,327.0,1.6,23.4,0.65,1005.9,-99.0,0.0,-9.9,-99,-999,高雄市,05,旗山區,283
22.8904,120.4755,旗山,C0V740,2017-01-18T12:00:00+08:00,60.0,266.0,2.2,24.8,0.58,1005.2,-99.0,0.0,-9.9,-99,-999,高雄市,05,旗山區,283
22.8904,120.4755,旗山,C0V740,2017-01-18T13:00:00+08:00,60.0,175.0,1.8,26.8,0.50,1003.8,-99.0,0.0,-9.9,-99,-999,高雄市,05,旗山區,283
22.8904,120.4755,旗山,C0V740,2017-01-18T14:00:00+08:00,60.0,160.0,1.7,27.5,0.48,1002.7,-99.0,0.0,-9.9,-99,-999,高雄市,05,旗山區,283
22.8904,120.4755,旗山,C0V740,2017-01-18T15:00:00+08:00,60.0,249.0,1.4,27.0,0.50,1002.3,-99.0,0.0,-9.9,-99,-999,高雄市,05,旗山區,283
22.8904,120.4755,旗山,C0V740,2017-01-18T16:00:00+08:00,60.0,289.0,1.2,27.2,0.50,1002.2,-99.0,0.0,-9.9,-99,-999,高雄市,05,旗山區,283
22.8904,120.4755,旗山,C0V740,2017-01-18T17:00:00+08:00,60.0,293.0,2.6,23.4,0.71,1002.7,-99.0,0.0,-9.9,-99,-999,高雄市,05,旗山區,283
22.8904,120.4755,旗山,C0V740,2017-01-18T18:00:00+08:00,60.0,325.0,1.5,22.1,0.77,1003.0,-99.0,0.0,-9.9,-99,-999,高雄市,05,旗山區,283
22.8904,120.4755,旗山,C0V740,2017-01-18T19:00:00+08:00,60.0,330.0,2.1,20.9,0.81,1003.7,-99.0,0.0,-9.9,-99,-999,高雄市,05,旗山區,283
22.8904,120.4755,旗山,C0V740,2017-01-18T20:00:00+08:00,60.0,328.0,1.8,20.4,0.82,1004.2,-99.0,0.0,-9.9,-99,-999,高雄市,05,旗山區,283
22.8904,120.4755,旗山,C0V740,2017-01-18T21:00:00+08:00,60.0,311.0,1.8,20.4,0.83,1004.7,-99.0,0.0,-9.9,-99,-999,高雄市,05,旗山區,283
22.8904,120.4755,旗山,C0V740,2017-01-18T22:00:00+08:00,60.0,318.0,1.6,20.3,0.84,1004.9,-99.0,0.0,-9.9,-99,-999,高雄市,05,旗山區,283
22.8904,120.4755,旗山,C0V740,2017-01-18T23:00:00+08:00,60.0,318.0,1.9,19.9,0.86,1004.8,-99.0,0.0,-9.9,-99,-999,高雄市,05,旗山區,283
22.8904,120.4755,旗山,C0V740,2017-01-19T00:00:00+08:00,60.0,316.0,2.1,19.4,0.89,1004.6,-99.0,0.0,-9.9,-99,-999,高雄市,05,旗山區,283
22.8904,120.4755,旗山,C0V740,2017-01-19T01:00:00+08:00,60.0,323.0,1.7,19.0,0.90,1004.4,-99.0,0.0,-9.9,-99,-999,高雄市,05,旗山區,283
22.8904,120.4755,旗山,C0V740,2017-01-19T02:00:00+08:00,60.0,325.0,1.7,19.5,0.89,1004.3,-99.0,0.0,-9.9,-99,-999,高雄市,05,旗山區,283
22.8904,120.4755,旗山,C0V740,2017-01-19T03:00:00+08:00,60.0,320.0,1.6,19.4,0.89,1004.3,-99.0,0.0,-9.9,-99,-999,高雄市,05,旗山區,283
22.8904,120.4755,旗山,C0V740,2017-01-19T04:00:00+08:00,60.0,314.0,1.7,19.4,0.90,1004.3,-99.0,0.0,-9.9,-99,-999,高雄市,05,旗山區,283
22.8904,120.4755,旗山,C0V740,2017-01-19T05:00:00+08:00,60.0,320.0,2.3,19.5,0.89,1004.4,-99.0,0.0,-9.9,-99,-999,高雄市,05,旗山區,283
22.8904,120.4755,旗山,C0V740,2017-01-19T06:00:00+08:00,60.0,349.0,1.5,19.4,0.90,1004.5,-99.0,0.0,-9.9,-99,-999,高雄市,05,旗山區,283
22.8904,120.4755,旗山,C0V740,2017-01-19T07:00:00+08:00,60.0,324.0,1.8,18.9,0.91,1005.0,-99.0,0.0,-9.9,-99,-999,高雄市,05,旗山區,283
22.8904,120.4755,旗山,C0V740,2017-01-19T08:00:00+08:00,60.0,357.0,2.2,19.9,0.81,1005.2,-99.0,0.0,-9.9,-99,-999,高雄市,05,旗山區,283
22.8904,120.4755,旗山,C0V740,2017-01-19T09:00:00+08:00,60.0,18.0,2.3,21.6,0.70,1005.5,-99.0,0.0,-9.9,-99,-999,高雄市,05,旗山區,283
22.8904,120.4755,旗山,C0V740,2017-01-19T10:00:00+08:00,60.0,344.0,0.6,24.5,0.62,1005.3,-99.0,0.0,-9.9,-99,-999,高雄市,05,旗山區,283
22.8904,120.4755,旗山,C0V740,2017-01-19T11:00:00+08:00,60.0,24.0,1.4,27.2,0.51,1004.4,-99.0,0.0,-9.9,-99,-999,高雄市,05,旗山區,283
22.8904,120.4755,旗山,C0V740,2017-01-19T12:00:00+08:00,60.0,319.0,3.1,27.5,0.45,1003.2,-99.0,0.0,-9.9,-99,-999,高雄市,05,旗山區,283
22.8904,120.4755,旗山,C0V740,2017-01-19T13:00:00+08:00,60.0,310.0,2.5,27.8,0.46,1001.9,-99.0,0.0,-9.9,-99,-999,高雄市,05,旗山區,283
22.8904,120.4755,旗山,C0V740,2017-01-19T14:00:00+08:00,60.0,299.0,2.8,27.8,0.48,1000.8,-99.0,0.0,-9.9,-99,-999,高雄市,05,旗山區,283
22.8904,120.4755,旗山,C0V740,2017-01-19T15:00:00+08:00,60.0,324.0,2.6,27.8,0.48,1000.4,-99.0,0.0,-9.9,-99,-999,高雄市,05,旗山區,283
22.8904,120.4755,旗山,C0V740,2017-01-19T16:00:00+08:00,60.0,332.0,2.4,27.5,0.49,1000.2,-99.0,0.0,-9.9,-99,-999,高雄市,05,旗山區,283
22.8904,120.4755,旗山,C0V740,2017-01-19T17:00:00+08:00,60.0,296.0,1.2,26.5,0.54,1000.1,-99.0,0.0,-9.9,-99,-999,高雄市,05,旗山區,283
22.8904,120.4755,旗山,C0V740,2017-01-19T18:00:00+08:00,60.0,316.0,3.2,23.6,0.72,1000.9,-99.0,0.0,-9.9,-99,-999,高雄市,05,旗山區,283
22.8904,120.4755,旗山,C0V740,2017-01-19T19:00:00+08:00,60.0,339.0,2.4,22.3,0.74,1001.7,-99.0,0.0,-9.9,-99,-999,高雄市,05,旗山區,283
22.8904,120.4755,旗山,C0V740,2017-01-19T20:00:00+08:00,60.0,327.0,1.8,21.0,0.81,1002.4,-99.0,0.0,-9.9,-99,-999,高雄市,05,旗山區,283
22.8904,120.4755,旗山,C0V740,2017-01-19T21:00:00+08:00,60.0,315.0,2.0,20.1,0.85,1002.8,-99.0,0.0,-9.9,-99,-999,高雄市,05,旗山區,283
22.8904,120.4755,旗山,C0V740,2017-01-19T22:00:00+08:00,60.0,324.0,2.1,19.5,0.88,1003.0,-99.0,0.0,-9.9,-99,-999,高雄市,05,旗山區,283
22.8904,120.4755,旗山,C0V740,2017-01-19T23:00:00+08:00,60.0,319.0,2.1,18.8,0.91,1003.2,-99.0,0.0,-9.9,-99,-999,高雄市,05,旗山區,283
22.8904,120.4755,旗山,C0V740,2017-01-20T00:00:00+08:00,60.0,321.0,1.9,18.6,0.91,1003.3,-99.0,0.0,-9.9,-99,-999,高雄市,05,旗山區,283
22.8904,120.4755,旗山,C0V740,2017-01-20T01:00:00+08:00,60.0,328.0,2.0,18.4,0.91,1003.0,-99.0,0.0,-9.9,-99,-999,高雄市,05,旗山區,283
22.8904,120.4755,旗山,C0V740,2017-01-20T02:00:00+08:00,60.0,318.0,2.2,17.8,0.94,1003.1,-99.0,0.0,-9.9,-99,-999,高雄市,05,旗山區,283
22.8904,120.4755,旗山,C0V740,2017-01-20T03:00:00+08:00,60.0,314.0,2.0,17.2,0.96,1003.1,-99.0,0.0,-9.9,-99,-999,高雄市,05,旗山區,283
22.8904,120.4755,旗山,C0V740,2017-01-20T04:00:00+08:00,60.0,324.0,2.0,17.2,0.97,1003.2,-99.0,0.0,-9.9,-99,-999,高雄市,05,旗山區,283
22.8904,120.4755,旗山,C0V740,2017-01-20T05:00:00+08:00,60.0,334.0,1.7,17.2,0.97,1003.4,-99.0,0.0,-9.9,-99,-999,高雄市,05,旗山區,283
22.8904,120.4755,旗山,C0V740,2017-01-20T06:00:00+08:00,60.0,335.0,2.0,17.2,0.97,1003.9,-99.0,0.0,-9.9,-99,-999,高雄市,05,旗山區,283
22.8904,120.4755,旗山,C0V740,2017-01-20T07:00:00+08:00,60.0,337.0,2.5,17.3,0.96,1004.5,-99.0,0.0,-9.9,-99,-999,高雄市,05,旗山區,283
22.8904,120.4755,旗山,C0V740,2017-01-20T08:00:00+08:00,60.0,335.0,2.3,17.8,0.93,1005.0,-99.0,0.0,-9.9,-99,-999,高雄市,05,旗山區,283
22.8904,120.4755,旗山,C0V740,2017-01-20T09:00:00+08:00,60.0,324.0,2.5,18.2,0.91,1005.5,-99.0,0.0,-9.9,-99,-999,高雄市,05,旗山區,283
22.8904,120.4755,旗山,C0V740,2017-01-20T10:00:00+08:00,60.0,343.0,2.5,19.1,0.85,1006.0,-99.0,0.0,-9.9,-99,-999,高雄市,05,旗山區,283
22.8904,120.4755,旗山,C0V740,2017-01-20T11:00:00+08:00,60.0,338.0,2.5,21.1,0.76,1005.6,-99.0,0.0,-9.9,-99,-999,高雄市,05,旗山區,283
22.8904,120.4755,旗山,C0V740,2017-01-20T12:00:00+08:00,60.0,336.0,2.4,22.3,0.69,1004.4,-99.0,0.0,-9.9,-99,-999,高雄市,05,旗山區,283
22.8904,120.4755,旗山,C0V740,2017-01-20T13:00:00+08:00,60.0,341.0,3.6,22.9,0.65,1003.2,-99.0,0.0,-9.9,-99,-999,高雄市,05,旗山區,283
22.8904,120.4755,旗山,C0V740,2017-01-20T14:00:00+08:00,60.0,326.0,3.4,23.2,0.62,1002.4,-99.0,0.0,-9.9,-99,-999,高雄市,05,旗山區,283
22.8904,120.4755,旗山,C0V740,2017-01-20T15:00:00+08:00,60.0,325.0,3.2,23.5,0.60,1001.7,-99.0,0.0,-9.9,-99,-999,高雄市,05,旗山區,283
22.8904,120.4755,旗山,C0V740,2017-01-20T16:00:00+08:00,60.0,331.0,3.2,22.9,0.60,1001.7,-99.0,0.0,-9.9,-99,-999,高雄市,05,旗山區,283
22.8904,120.4755,旗山,C0V740,2017-01-20T17:00:00+08:00,60.0,298.0,3.2,20.8,0.64,1002.5,-99.0,0.0,-9.9,-99,-999,高雄市,05,旗山區,283
22.8904,120.4755,旗山,C0V740,2017-01-20T18:00:00+08:00,60.0,317.0,2.2,19.5,0.67,1003.3,-99.0,0.0,-9.9,-99,-999,高雄市,05,旗山區,283
22.8904,120.4755,旗山,C0V740,2017-01-20T19:00:00+08:00,60.0,325.0,2.1,17.6,0.70,1004.4,-99.0,0.0,-9.9,-99,-999,高雄市,05,旗山區,283
22.8904,120.4755,旗山,C0V740,2017-01-20T20:00:00+08:00,60.0,310.0,1.7,16.6,0.74,1005.0,-99.0,0.0,-9.9,-99,-999,高雄市,05,旗山區,283
22.8904,120.4755,旗山,C0V740,2017-01-20T21:00:00+08:00,60.0,305.0,2.0,15.7,0.77,1005.7,-99.0,0.0,-9.9,-99,-999,高雄市,05,旗山區,283
22.8904,120.4755,旗山,C0V740,2017-01-20T22:00:00+08:00,60.0,311.0,2.4,15.3,0.76,1005.9,-99.0,0.0,-9.9,-99,-999,高雄市,05,旗山區,283
22.8904,120.4755,旗山,C0V740,2017-01-20T23:00:00+08:00,60.0,307.0,2.5,14.9,0.77,1006.0,-99.0,0.0,-9.9,-99,-999,高雄市,05,旗山區,283
22.8904,120.4755,旗山,C0V740,2017-01-21T01:00:00+08:00,60.0,322.0,1.6,14.1,0.75,1006.3,-99.0,0.0,-9.9,-99,-999,高雄市,05,旗山區,283
22.8904,120.4755,旗山,C0V740,2017-01-21T02:00:00+08:00,60.0,310.0,2.0,14.0,0.75,1006.4,-99.0,0.0,-9.9,-99,-999,高雄市,05,旗山區,283
22.8904,120.4755,旗山,C0V740,2017-01-21T03:00:00+08:00,60.0,331.0,2.3,14.1,0.75,1006.3,-99.0,0.0,-9.9,-99,-999,高雄市,05,旗山區,283
22.8904,120.4755,旗山,C0V740,2017-01-21T04:00:00+08:00,60.0,328.0,2.1,14.0,0.75,1006.4,-99.0,0.0,-9.9,-99,-999,高雄市,05,旗山區,283
22.8904,120.4755,旗山,C0V740,2017-01-21T05:00:00+08:00,60.0,317.0,2.3,13.9,0.76,1006.6,-99.0,0.0,-9.9,-99,-999,高雄市,05,旗山區,283
22.8904,120.4755,旗山,C0V740,2017-01-21T06:00:00+08:00,60.0,320.0,2.0,14.0,0.78,1007.2,-99.0,0.0,-9.9,-99,-999,高雄市,05,旗山區,283
22.8904,120.4755,旗山,C0V740,2017-01-21T07:00:00+08:00,60.0,320.0,1.9,13.8,0.80,1007.8,-99.0,0.0,-9.9,-99,-999,高雄市,05,旗山區,283
22.8904,120.4755,旗山,C0V740,2017-01-21T08:00:00+08:00,60.0,314.0,1.9,14.0,0.80,1008.5,-99.0,0.0,-9.9,-99,-999,高雄市,05,旗山區,283
22.8904,120.4755,旗山,C0V740,2017-01-21T10:00:00+08:00,60.0,338.0,1.9,14.5,0.82,1009.5,-99.0,0.0,-9.9,-99,-999,高雄市,05,旗山區,283
22.8904,120.4755,旗山,C0V740,2017-01-21T11:00:00+08:00,60.0,319.0,2.6,16.3,0.75,1009.0,-99.0,0.0,-9.9,-99,-999,高雄市,05,旗山區,283
22.8904,120.4755,旗山,C0V740,2017-01-21T12:00:00+08:00,60.0,306.0,2.1,19.9,0.65,1007.5,-99.0,0.0,-9.9,-99,-999,高雄市,05,旗山區,283
22.8904,120.4755,旗山,C0V740,2017-01-21T13:00:00+08:00,60.0,309.0,1.9,21.1,0.63,1006.3,-99.0,0.0,-9.9,-99,-999,高雄市,05,旗山區,283
22.8904,120.4755,旗山,C0V740,2017-01-21T14:00:00+08:00,60.0,342.0,2.5,21.0,0.62,1005.4,-99.0,0.0,-9.9,-99,-999,高雄市,05,旗山區,283
22.8904,120.4755,旗山,C0V740,2017-01-21T15:00:00+08:00,60.0,320.0,2.0,20.8,0.63,1004.7,-99.0,0.0,-9.9,-99,-999,高雄市,05,旗山區,283
22.8904,120.4755,旗山,C0V740,2017-01-21T16:00:00+08:00,60.0,307.0,2.7,20.6,0.65,1004.7,-99.0,0.0,-9.9,-99,-999,高雄市,05,旗山區,283
22.8904,120.4755,旗山,C0V740,2017-01-21T17:00:00+08:00,60.0,300.0,2.2,20.3,0.63,1005.3,-99.0,0.0,-9.9,-99,-999,高雄市,05,旗山區,283
22.8904,120.4755,旗山,C0V740,2017-01-21T18:00:00+08:00,60.0,310.0,2.5,18.8,0.68,1005.9,-99.0,0.0,-9.9,-99,-999,高雄市,05,旗山區,283
22.8904,120.4755,旗山,C0V740,2017-01-21T19:00:00+08:00,60.0,323.0,1.0,17.8,0.72,1006.6,-99.0,0.0,-9.9,-99,-999,高雄市,05,旗山區,283
22.8904,120.4755,旗山,C0V740,2017-01-21T20:00:00+08:00,60.0,316.0,0.9,17.1,0.75,1007.4,-99.0,0.0,-9.9,-99,-999,高雄市,05,旗山區,283
22.8904,120.4755,旗山,C0V740,2017-01-21T21:00:00+08:00,60.0,310.0,2.3,15.5,0.81,1008.1,-99.0,0.0,-9.9,-99,-999,高雄市,05,旗山區,283
22.8904,120.4755,旗山,C0V740,2017-01-21T22:00:00+08:00,60.0,321.0,2.0,15.0,0.82,1008.5,-99.0,0.0,-9.9,-99,-999,高雄市,05,旗山區,283
22.8904,120.4755,旗山,C0V740,2017-01-21T23:00:00+08:00,60.0,336.0,1.9,15.0,0.81,1008.5,-99.0,0.0,-9.9,-99,-999,高雄市,05,旗山區,283
22.8904,120.4755,旗山,C0V740,2017-01-22T00:00:00+08:00,60.0,330.0,1.4,15.0,0.83,1008.5,-99.0,0.0,-9.9,-99,-999,高雄市,05,旗山區,283
22.8904,120.4755,旗山,C0V740,2017-01-22T01:00:00+08:00,60.0,318.0,2.3,14.6,0.86,1008.4,-99.0,0.0,-9.9,-99,-999,高雄市,05,旗山區,283
22.8904,120.4755,旗山,C0V740,2017-01-22T02:00:00+08:00,60.0,321.0,2.0,14.3,0.85,1008.4,-99.0,0.0,-9.9,-99,-999,高雄市,05,旗山區,283
22.8904,120.4755,旗山,C0V740,2017-01-22T03:00:00+08:00,60.0,320.0,1.9,13.9,0.87,1008.2,-99.0,0.0,-9.9,-99,-999,高雄市,05,旗山區,283
22.8904,120.4755,旗山,C0V740,2017-01-22T05:00:00+08:00,60.0,318.0,1.9,13.8,0.87,1008.2,-99.0,0.0,-9.9,-99,-999,高雄市,05,旗山區,283
22.8904,120.4755,旗山,C0V740,2017-01-22T06:00:00+08:00,60.0,322.0,2.5,13.6,0.87,1008.6,-99.0,0.0,-9.9,-99,-999,高雄市,05,旗山區,283
22.8904,120.4755,旗山,C0V740,2017-01-22T07:00:00+08:00,60.0,316.0,2.3,13.6,0.86,1009.1,-99.0,0.0,-9.9,-99,-999,高雄市,05,旗山區,283
22.8904,120.4755,旗山,C0V740,2017-01-22T08:00:00+08:00,60.0,328.0,2.2,14.1,0.84,1009.5,-99.0,0.0,-9.9,-99,-999,高雄市,05,旗山區,283
22.8904,120.4755,旗山,C0V740,2017-01-22T09:00:00+08:00,60.0,325.0,2.1,15.3,0.80,1009.8,-99.0,0.0,-9.9,-99,-999,高雄市,05,旗山區,283
22.8904,120.4755,旗山,C0V740,2017-01-22T10:00:00+08:00,60.0,313.0,2.3,17.8,0.74,1009.6,-99.0,0.0,-9.9,-99,-999,高雄市,05,旗山區,283
22.8904,120.4755,旗山,C0V740,2017-01-22T11:00:00+08:00,60.0,298.0,2.2,19.0,0.72,1009.0,-99.0,0.0,-9.9,-99,-999,高雄市,05,旗山區,283
22.8904,120.4755,旗山,C0V740,2017-01-22T12:00:00+08:00,60.0,353.0,2.7,20.9,0.65,1007.9,-99.0,0.0,-9.9,-99,-999,高雄市,05,旗山區,283
22.8904,120.4755,旗山,C0V740,2017-01-22T13:00:00+08:00,60.0,284.0,2.3,21.7,0.62,1006.8,-99.0,0.0,-9.9,-99,-999,高雄市,05,旗山區,283
22.8904,120.4755,旗山,C0V740,2017-01-22T14:00:00+08:00,60.0,302.0,1.8,22.5,0.58,1005.9,-99.0,0.0,-9.9,-99,-999,高雄市,05,旗山區,283
22.8904,120.4755,旗山,C0V740,2017-01-22T15:00:00+08:00,60.0,267.0,1.6,22.6,0.56,1005.4,-99.0,0.0,-9.9,-99,-999,高雄市,05,旗山區,283
22.8904,120.4755,旗山,C0V740,2017-01-22T16:00:00+08:00,60.0,256.0,1.6,22.4,0.54,1005.3,-99.0,0.0,-9.9,-99,-999,高雄市,05,旗山區,283
22.8904,120.4755,旗山,C0V740,2017-01-22T17:00:00+08:00,60.0,249.0,1.7,21.7,0.54,1005.7,-99.0,0.0,-9.9,-99,-999,高雄市,05,旗山區,283
22.8904,120.4755,旗山,C0V740,2017-01-22T18:00:00+08:00,60.0,253.0,1.5,20.7,0.56,1006.2,-99.0,0.0,-9.9,-99,-999,高雄市,05,旗山區,283
22.8904,120.4755,旗山,C0V740,2017-01-22T19:00:00+08:00,60.0,313.0,2.1,19.3,0.60,1006.8,-99.0,0.0,-9.9,-99,-999,高雄市,05,旗山區,283
22.8904,120.4755,旗山,C0V740,2017-01-22T20:00:00+08:00,60.0,287.0,1.3,18.4,0.64,1007.7,-99.0,0.0,-9.9,-99,-999,高雄市,05,旗山區,283
22.8904,120.4755,旗山,C0V740,2017-01-22T21:00:00+08:00,60.0,282.0,1.3,17.6,0.67,1008.2,-99.0,0.0,-9.9,-99,-999,高雄市,05,旗山區,283
22.8904,120.4755,旗山,C0V740,2017-01-22T22:00:00+08:00,60.0,332.0,1.7,17.2,0.69,1008.5,-99.0,0.0,-9.9,-99,-999,高雄市,05,旗山區,283
22.8904,120.4755,旗山,C0V740,2017-01-22T23:00:00+08:00,60.0,313.0,1.6,17.0,0.70,1008.2,-99.0,0.0,-9.9,-99,-999,高雄市,05,旗山區,283
22.8904,120.4755,旗山,C0V740,2017-01-23T00:00:00+08:00,60.0,338.0,1.3,17.2,0.72,1007.8,-99.0,0.0,-9.9,-99,-999,高雄市,05,旗山區,283
22.8904,120.4755,旗山,C0V740,2017-01-23T01:00:00+08:00,60.0,345.0,1.3,17.4,0.71,1007.5,-99.0,0.0,-9.9,-99,-999,高雄市,05,旗山區,283
22.8904,120.4755,旗山,C0V740,2017-01-23T02:00:00+08:00,60.0,322.0,1.9,16.9,0.74,1007.3,-99.0,0.0,-9.9,-99,-999,高雄市,05,旗山區,283
22.8904,120.4755,旗山,C0V740,2017-01-23T04:00:00+08:00,60.0,312.0,1.7,15.5,0.78,1007.2,-99.0,0.0,-9.9,-99,-999,高雄市,05,旗山區,283
22.8904,120.4755,旗山,C0V740,2017-01-23T05:00:00+08:00,60.0,321.0,1.7,15.2,0.76,1007.5,-99.0,0.0,-9.9,-99,-999,高雄市,05,旗山區,283
22.8904,120.4755,旗山,C0V740,2017-01-23T06:00:00+08:00,60.0,317.0,2.0,15.3,0.78,1007.8,-99.0,0.0,-9.9,-99,-999,高雄市,05,旗山區,283
22.8904,120.4755,旗山,C0V740,2017-01-23T07:00:00+08:00,60.0,357.0,0.9,15.3,0.79,1008.5,-99.0,0.0,-9.9,-99,-999,高雄市,05,旗山區,283
22.8904,120.4755,旗山,C0V740,2017-01-23T08:00:00+08:00,60.0,315.0,1.7,15.7,0.80,1009.1,-99.0,0.0,-9.9,-99,-999,高雄市,05,旗山區,283
22.8904,120.4755,旗山,C0V740,2017-01-23T09:00:00+08:00,60.0,310.0,1.7,17.2,0.75,1009.6,-99.0,0.0,-9.9,-99,-999,高雄市,05,旗山區,283
22.8904,120.4755,旗山,C0V740,2017-01-23T10:00:00+08:00,60.0,0.0,0.1,20.4,0.67,1009.6,-99.0,0.0,-9.9,-99,-999,高雄市,05,旗山區,283
22.8904,120.4755,旗山,C0V740,2017-01-23T11:00:00+08:00,60.0,285.0,1.6,22.0,0.60,1009.1,-99.0,0.0,-9.9,-99,-999,高雄市,05,旗山區,283
22.8904,120.4755,旗山,C0V740,2017-01-23T12:00:00+08:00,60.0,293.0,2.4,22.2,0.58,1008.2,-99.0,0.0,-9.9,-99,-999,高雄市,05,旗山區,283
22.8904,120.4755,旗山,C0V740,2017-01-23T13:00:00+08:00,60.0,265.0,2.7,22.6,0.55,1007.1,-99.0,0.0,-9.9,-99,-999,高雄市,05,旗山區,283
22.8904,120.4755,旗山,C0V740,2017-01-23T14:00:00+08:00,60.0,298.0,2.7,23.3,0.51,1006.3,-99.0,0.0,-9.9,-99,-999,高雄市,05,旗山區,283
22.8904,120.4755,旗山,C0V740,2017-01-23T15:00:00+08:00,60.0,294.0,1.6,23.1,0.51,1005.9,-99.0,0.0,-9.9,-99,-999,高雄市,05,旗山區,283
22.8904,120.4755,旗山,C0V740,2017-01-23T16:00:00+08:00,60.0,287.0,1.9,23.0,0.52,1005.8,-99.0,0.0,-9.9,-99,-999,高雄市,05,旗山區,283
22.8904,120.4755,旗山,C0V740,2017-01-23T17:00:00+08:00,60.0,273.0,1.5,22.1,0.57,1006.4,-99.0,0.0,-9.9,-99,-999,高雄市,05,旗山區,283
22.8904,120.4755,旗山,C0V740,2017-01-23T18:00:00+08:00,60.0,246.0,1.8,20.7,0.62,1006.9,-99.0,0.0,-9.9,-99,-999,高雄市,05,旗山區,283
22.8904,120.4755,旗山,C0V740,2017-01-23T19:00:00+08:00,60.0,311.0,1.6,19.8,0.64,1007.6,-99.0,0.0,-9.9,-99,-999,高雄市,05,旗山區,283
22.8904,120.4755,旗山,C0V740,2017-01-23T20:00:00+08:00,60.0,320.0,1.3,19.2,0.65,1008.0,-99.0,0.0,-9.9,-99,-999,高雄市,05,旗山區,283
22.8904,120.4755,旗山,C0V740,2017-01-23T21:00:00+08:00,60.0,309.0,1.4,18.3,0.70,1008.4,-99.0,0.0,-9.9,-99,-999,高雄市,05,旗山區,283
22.8904,120.4755,旗山,C0V740,2017-01-23T22:00:00+08:00,60.0,318.0,1.4,17.8,0.71,1008.9,-99.0,0.0,-9.9,-99,-999,高雄市,05,旗山區,283
22.8904,120.4755,旗山,C0V740,2017-01-23T23:00:00+08:00,60.0,340.0,1.2,17.4,0.72,1009.2,-99.0,0.0,-9.9,-99,-999,高雄市,05,旗山區,283
22.8904,120.4755,旗山,C0V740,2017-01-24T00:00:00+08:00,60.0,317.0,1.5,16.7,0.76,1009.3,-99.0,0.0,-9.9,-99,-999,高雄市,05,旗山區,283
22.8904,120.4755,旗山,C0V740,2017-01-24T01:00:00+08:00,60.0,322.0,1.4,17.0,0.75,1009.1,-99.0,0.0,-9.9,-99,-999,高雄市,05,旗山區,283
22.8904,120.4755,旗山,C0V740,2017-01-24T02:00:00+08:00,60.0,360.0,1.7,16.9,0.81,1008.6,-99.0,0.0,-9.9,-99,-999,高雄市,05,旗山區,283
22.8904,120.4755,旗山,C0V740,2017-01-24T03:00:00+08:00,60.0,322.0,1.9,16.6,0.85,1008.0,-99.0,0.0,-9.9,-99,-999,高雄市,05,旗山區,283
22.8904,120.4755,旗山,C0V740,2017-01-24T04:00:00+08:00,60.0,320.0,1.8,16.0,0.83,1007.6,-99.0,0.0,-9.9,-99,-999,高雄市,05,旗山區,283
22.8904,120.4755,旗山,C0V740,2017-01-24T05:00:00+08:00,60.0,314.0,2.3,15.3,0.82,1007.6,-99.0,0.0,-9.9,-99,-999,高雄市,05,旗山區,283
22.8904,120.4755,旗山,C0V740,2017-01-24T06:00:00+08:00,60.0,310.0,1.5,15.3,0.81,1008.2,-99.0,0.0,-9.9,-99,-999,高雄市,05,旗山區,283
22.8904,120.4755,旗山,C0V740,2017-01-24T07:00:00+08:00,60.0,318.0,2.0,15.3,0.81,1008.7,-99.0,0.0,-9.9,-99,-999,高雄市,05,旗山區,283
22.8904,120.4755,旗山,C0V740,2017-01-24T08:00:00+08:00,60.0,313.0,2.3,15.6,0.80,1009.4,-99.0,0.0,-9.9,-99,-999,高雄市,05,旗山區,283
22.8904,120.4755,旗山,C0V740,2017-01-24T10:00:00+08:00,60.0,347.0,2.1,19.4,0.67,1009.9,-99.0,0.0,-9.9,-99,-999,高雄市,05,旗山區,283
22.8904,120.4755,旗山,C0V740,2017-01-24T11:00:00+08:00,60.0,292.0,2.1,20.9,0.63,1009.3,-99.0,0.0,-9.9,-99,-999,高雄市,05,旗山區,283
22.8904,120.4755,旗山,C0V740,2017-01-24T12:00:00+08:00,60.0,304.0,1.8,22.2,0.59,1008.3,-99.0,0.0,-9.9,-99,-999,高雄市,05,旗山區,283
22.8904,120.4755,旗山,C0V740,2017-01-24T13:00:00+08:00,60.0,279.0,2.3,22.2,0.56,1007.6,-99.0,0.0,-9.9,-99,-999,高雄市,05,旗山區,283
22.8904,120.4755,旗山,C0V740,2017-01-24T14:00:00+08:00,60.0,278.0,3.0,22.7,0.53,1006.8,-99.0,0.0,-9.9,-99,-999,高雄市,05,旗山區,283
22.8904,120.4755,旗山,C0V740,2017-01-24T15:00:00+08:00,60.0,325.0,2.4,23.0,0.49,1006.6,-99.0,0.0,-9.9,-99,-999,高雄市,05,旗山區,283
22.8904,120.4755,旗山,C0V740,2017-01-24T16:00:00+08:00,60.0,315.0,1.7,23.2,0.51,1006.7,-99.0,0.0,-9.9,-99,-999,高雄市,05,旗山區,283
22.8904,120.4755,旗山,C0V740,2017-01-24T17:00:00+08:00,60.0,288.0,2.3,22.2,0.57,1007.1,-99.0,0.0,-9.9,-99,-999,高雄市,05,旗山區,283
22.8904,120.4755,旗山,C0V740,2017-01-24T18:00:00+08:00,60.0,318.0,2.2,20.7,0.65,1007.4,-99.0,0.0,-9.9,-99,-999,高雄市,05,旗山區,283
22.8904,120.4755,旗山,C0V740,2017-01-24T19:00:00+08:00,60.0,322.0,2.5,19.3,0.71,1008.2,-99.0,0.0,-9.9,-99,-999,高雄市,05,旗山區,283
22.8904,120.4755,旗山,C0V740,2017-01-24T20:00:00+08:00,60.0,331.0,2.0,18.2,0.74,1008.9,-99.0,0.0,-9.9,-99,-999,高雄市,05,旗山區,283
22.8904,120.4755,旗山,C0V740,2017-01-24T21:00:00+08:00,60.0,322.0,2.0,17.3,0.78,1009.5,-99.0,0.0,-9.9,-99,-999,高雄市,05,旗山區,283
22.8904,120.4755,旗山,C0V740,2017-01-24T22:00:00+08:00,60.0,309.0,1.8,17.0,0.80,1009.7,-99.0,0.0,-9.9,-99,-999,高雄市,05,旗山區,283
22.8904,120.4755,旗山,C0V740,2017-01-24T23:00:00+08:00,60.0,322.0,2.1,16.6,0.81,1009.7,-99.0,0.0,-9.9,-99,-999,高雄市,05,旗山區,283
22.8904,120.4755,旗山,C0V740,2017-01-25T00:00:00+08:00,60.0,312.0,1.9,16.3,0.82,1009.5,-99.0,0.0,-9.9,-99,-999,高雄市,05,旗山區,283
22.8904,120.4755,旗山,C0V740,2017-01-25T02:00:00+08:00,60.0,324.0,1.8,15.8,0.84,1008.7,-99.0,0.0,-9.9,-99,-999,高雄市,05,旗山區,283
22.8904,120.4755,旗山,C0V740,2017-01-25T03:00:00+08:00,60.0,322.0,1.8,15.7,0.84,1008.3,-99.0,0.0,-9.9,-99,-999,高雄市,05,旗山區,283
22.8904,120.4755,旗山,C0V740,2017-01-25T04:00:00+08:00,60.0,323.0,2.5,15.2,0.85,1007.9,-99.0,0.0,-9.9,-99,-999,高雄市,05,旗山區,283
22.8904,120.4755,旗山,C0V740,2017-01-25T05:00:00+08:00,60.0,322.0,2.0,15.2,0.86,1008.0,-99.0,0.0,-9.9,-99,-999,高雄市,05,旗山區,283
22.8904,120.4755,旗山,C0V740,2017-01-25T06:00:00+08:00,60.0,311.0,2.1,14.9,0.87,1008.3,-99.0,0.0,-9.9,-99,-999,高雄市,05,旗山區,283
22.8904,120.4755,旗山,C0V740,2017-01-25T07:00:00+08:00,60.0,326.0,1.5,14.5,0.88,1009.0,-99.0,0.0,-9.9,-99,-999,高雄市,05,旗山區,283
22.8904,120.4755,旗山,C0V740,2017-01-25T08:00:00+08:00,60.0,322.0,1.9,15.2,0.86,1009.0,-99.0,0.0,-9.9,-99,-999,高雄市,05,旗山區,283
22.8904,120.4755,旗山,C0V740,2017-01-25T09:00:00+08:00,60.0,315.0,2.0,16.7,0.81,1009.5,-99.0,0.0,-9.9,-99,-999,高雄市,05,旗山區,283
22.8904,120.4755,旗山,C0V740,2017-01-25T10:00:00+08:00,60.0,3.0,1.4,19.1,0.75,1009.4,-99.0,0.0,-9.9,-99,-999,高雄市,05,旗山區,283
22.8904,120.4755,旗山,C0V740,2017-01-25T11:00:00+08:00,60.0,19.0,0.8,21.5,0.65,1008.5,-99.0,0.0,-9.9,-99,-999,高雄市,05,旗山區,283
22.8904,120.4755,旗山,C0V740,2017-01-25T12:00:00+08:00,60.0,287.0,3.1,21.9,0.66,1007.6,-99.0,0.0,-9.9,-99,-999,高雄市,05,旗山區,283
22.8904,120.4755,旗山,C0V740,2017-01-25T13:00:00+08:00,60.0,348.0,2.7,21.7,0.63,1006.5,-99.0,0.0,-9.9,-99,-999,高雄市,05,旗山區,283
22.8904,120.4755,旗山,C0V740,2017-01-25T14:00:00+08:00,60.0,299.0,3.1,21.5,0.62,1006.1,-99.0,0.0,-9.9,-99,-999,高雄市,05,旗山區,283
22.8904,120.4755,旗山,C0V740,2017-01-25T15:00:00+08:00,60.0,347.0,1.5,23.1,0.57,1005.5,-99.0,0.0,-9.9,-99,-999,高雄市,05,旗山區,283
22.8904,120.4755,旗山,C0V740,2017-01-25T16:00:00+08:00,60.0,324.0,2.7,23.3,0.54,1005.2,-99.0,0.0,-9.9,-99,-999,高雄市,05,旗山區,283
22.8904,120.4755,旗山,C0V740,2017-01-25T17:00:00+08:00,60.0,310.0,2.7,22.2,0.60,1005.3,-99.0,0.0,-9.9,-99,-999,高雄市,05,旗山區,283
22.8904,120.4755,旗山,C0V740,2017-01-25T18:00:00+08:00,60.0,318.0,2.8,20.3,0.67,1005.8,-99.0,0.0,-9.9,-99,-999,高雄市,05,旗山區,283
22.8904,120.4755,旗山,C0V740,2017-01-25T19:00:00+08:00,60.0,338.0,1.8,18.2,0.74,1006.7,-99.0,0.0,-9.9,-99,-999,高雄市,05,旗山區,283
22.8904,120.4755,旗山,C0V740,2017-01-25T20:00:00+08:00,60.0,333.0,2.6,17.3,0.76,1007.2,-99.0,0.0,-9.9,-99,-999,高雄市,05,旗山區,283
22.8904,120.4755,旗山,C0V740,2017-01-25T21:00:00+08:00,60.0,329.0,2.3,16.5,0.79,1007.6,-99.0,0.0,-9.9,-99,-999,高雄市,05,旗山區,283
22.8904,120.4755,旗山,C0V740,2017-01-25T22:00:00+08:00,60.0,329.0,2.5,15.8,0.81,1007.9,-99.0,0.0,-9.9,-99,-999,高雄市,05,旗山區,283
22.8904,120.4755,旗山,C0V740,2017-01-25T23:00:00+08:00,60.0,333.0,1.9,15.0,0.84,1008.0,-99.0,0.0,-9.9,-99,-999,高雄市,05,旗山區,283
22.8904,120.4755,旗山,C0V740,2017-01-26T00:00:00+08:00,60.0,327.0,1.8,14.4,0.87,1007.7,-99.0,0.0,-9.9,-99,-999,高雄市,05,旗山區,283
22.8904,120.4755,旗山,C0V740,2017-01-26T01:00:00+08:00,60.0,329.0,2.8,14.1,0.88,1007.5,-99.0,0.0,-9.9,-99,-999,高雄市,05,旗山區,283
22.8904,120.4755,旗山,C0V740,2017-01-26T02:00:00+08:00,60.0,345.0,2.5,13.7,0.88,1007.1,-99.0,0.0,-9.9,-99,-999,高雄市,05,旗山區,283
22.8904,120.4755,旗山,C0V740,2017-01-26T03:00:00+08:00,60.0,340.0,1.8,13.4,0.90,1006.7,-99.0,0.0,-9.9,-99,-999,高雄市,05,旗山區,283
22.8904,120.4755,旗山,C0V740,2017-01-26T04:00:00+08:00,60.0,341.0,1.7,13.3,0.91,1006.5,-99.0,0.0,-9.9,-99,-999,高雄市,05,旗山區,283
22.8904,120.4755,旗山,C0V740,2017-01-26T05:00:00+08:00,60.0,332.0,2.0,13.2,0.91,1006.7,-99.0,0.0,-9.9,-99,-999,高雄市,05,旗山區,283
22.8904,120.4755,旗山,C0V740,2017-01-26T06:00:00+08:00,60.0,347.0,2.4,13.4,0.91,1007.3,-99.0,0.0,-9.9,-99,-999,高雄市,05,旗山區,283
22.8904,120.4755,旗山,C0V740,2017-01-26T07:00:00+08:00,60.0,357.0,2.0,13.2,0.94,1007.7,-99.0,0.0,-9.9,-99,-999,高雄市,05,旗山區,283
22.8904,120.4755,旗山,C0V740,2017-01-26T08:00:00+08:00,60.0,360.0,1.9,13.1,0.96,1008.1,-99.0,0.0,-9.9,-99,-999,高雄市,05,旗山區,283
22.8904,120.4755,旗山,C0V740,2017-01-26T10:00:00+08:00,60.0,333.0,2.3,16.8,0.76,1008.2,-99.0,0.0,-9.9,-99,-999,高雄市,05,旗山區,283
22.8904,120.4755,旗山,C0V740,2017-01-26T11:00:00+08:00,60.0,353.0,1.8,19.6,0.64,1007.3,-99.0,0.0,-9.9,-99,-999,高雄市,05,旗山區,283
22.8904,120.4755,旗山,C0V740,2017-01-26T12:00:00+08:00,60.0,285.0,2.1,21.9,0.60,1006.3,-99.0,0.0,-9.9,-99,-999,高雄市,05,旗山區,283
22.8904,120.4755,旗山,C0V740,2017-01-26T14:00:00+08:00,60.0,238.0,2.3,23.2,0.51,1003.8,-99.0,0.0,-9.9,-99,-999,高雄市,05,旗山區,283
22.8904,120.4755,旗山,C0V740,2017-01-26T15:00:00+08:00,60.0,280.0,1.6,23.8,0.49,1003.1,-99.0,0.0,-9.9,-99,-999,高雄市,05,旗山區,283
22.8904,120.4755,旗山,C0V740,2017-01-26T16:00:00+08:00,60.0,310.0,2.8,23.5,0.48,1003.2,-99.0,0.0,-9.9,-99,-999,高雄市,05,旗山區,283
22.8904,120.4755,旗山,C0V740,2017-01-26T17:00:00+08:00,60.0,304.0,1.8,23.1,0.49,1003.7,-99.0,0.0,-9.9,-99,-999,高雄市,05,旗山區,283
22.8904,120.4755,旗山,C0V740,2017-01-26T18:00:00+08:00,60.0,273.0,2.3,21.1,0.60,1004.2,-99.0,0.0,-9.9,-99,-999,高雄市,05,旗山區,283
22.8904,120.4755,旗山,C0V740,2017-01-26T19:00:00+08:00,60.0,47.0,0.7,19.6,0.67,1005.0,-99.0,0.0,-9.9,-99,-999,高雄市,05,旗山區,283
22.8904,120.4755,旗山,C0V740,2017-01-26T20:00:00+08:00,60.0,278.0,0.8,18.3,0.72,1005.7,-99.0,0.0,-9.9,-99,-999,高雄市,05,旗山區,283
22.8904,120.4755,旗山,C0V740,2017-01-26T21:00:00+08:00,60.0,293.0,0.9,17.2,0.77,1006.2,-99.0,0.0,-9.9,-99,-999,高雄市,05,旗山區,283
22.8904,120.4755,旗山,C0V740,2017-01-26T22:00:00+08:00,60.0,304.0,0.6,16.4,0.81,1006.6,-99.0,0.0,-9.9,-99,-999,高雄市,05,旗山區,283
22.8904,120.4755,旗山,C0V740,2017-01-26T23:00:00+08:00,60.0,345.0,1.5,16.1,0.82,1006.8,-99.0,0.0,-9.9,-99,-999,高雄市,05,旗山區,283
22.8904,120.4755,旗山,C0V740,2017-01-27T01:00:00+08:00,60.0,344.0,2.0,15.5,0.87,1006.8,-99.0,0.0,-9.9,-99,-999,高雄市,05,旗山區,283
22.8904,120.4755,旗山,C0V740,2017-01-27T02:00:00+08:00,60.0,329.0,1.9,15.3,0.88,1006.4,-99.0,0.0,-9.9,-99,-999,高雄市,05,旗山區,283
22.8904,120.4755,旗山,C0V740,2017-01-27T03:00:00+08:00,60.0,314.0,2.0,14.6,0.90,1005.6,-99.0,0.0,-9.9,-99,-999,高雄市,05,旗山區,283
22.8904,120.4755,旗山,C0V740,2017-01-27T04:00:00+08:00,60.0,316.0,2.3,14.8,0.89,1005.7,-99.0,0.0,-9.9,-99,-999,高雄市,05,旗山區,283
22.8904,120.4755,旗山,C0V740,2017-01-27T05:00:00+08:00,60.0,348.0,1.9,15.1,0.89,1005.6,-99.0,0.0,-9.9,-99,-999,高雄市,05,旗山區,283
22.8904,120.4755,旗山,C0V740,2017-01-27T06:00:00+08:00,60.0,332.0,0.5,14.5,0.90,1006.2,-99.0,0.0,-9.9,-99,-999,高雄市,05,旗山區,283
22.8904,120.4755,旗山,C0V740,2017-01-27T07:00:00+08:00,60.0,153.0,1.8,14.2,0.92,1007.1,-99.0,0.0,-9.9,-99,-999,高雄市,05,旗山區,283
22.8904,120.4755,旗山,C0V740,2017-01-27T08:00:00+08:00,60.0,219.0,0.5,15.5,0.88,1007.8,-99.0,0.0,-9.9,-99,-999,高雄市,05,旗山區,283
22.8904,120.4755,旗山,C0V740,2017-01-27T09:00:00+08:00,60.0,325.0,1.4,17.6,0.74,1008.1,-99.0,0.0,-9.9,-99,-999,高雄市,05,旗山區,283
22.8904,120.4755,旗山,C0V740,2017-01-27T10:00:00+08:00,60.0,319.0,1.4,20.0,0.63,1007.7,-99.0,0.0,-9.9,-99,-999,高雄市,05,旗山區,283
22.8904,120.4755,旗山,C0V740,2017-01-27T11:00:00+08:00,60.0,299.0,1.7,22.1,0.51,1006.6,-99.0,0.0,-9.9,-99,-999,高雄市,05,旗山區,283
22.8904,120.4755,旗山,C0V740,2017-01-27T12:00:00+08:00,60.0,336.0,2.7,24.0,0.43,1005.6,-99.0,0.0,-9.9,-99,-999,高雄市,05,旗山區,283
22.8904,120.4755,旗山,C0V740,2017-01-27T13:00:00+08:00,60.0,310.0,3.3,24.6,0.37,1003.9,-99.0,0.0,-9.9,-99,-999,高雄市,05,旗山區,283
22.8904,120.4755,旗山,C0V740,2017-01-27T14:00:00+08:00,60.0,303.0,3.4,25.0,0.36,1002.9,-99.0,0.0,-9.9,-99,-999,高雄市,05,旗山區,283
22.8904,120.4755,旗山,C0V740,2017-01-27T15:00:00+08:00,60.0,308.0,2.7,25.2,0.35,1002.4,-99.0,0.0,-9.9,-99,-999,高雄市,05,旗山區,283
22.8904,120.4755,旗山,C0V740,2017-01-27T16:00:00+08:00,60.0,313.0,2.7,24.9,0.39,1002.4,-99.0,0.0,-9.9,-99,-999,高雄市,05,旗山區,283
22.8904,120.4755,旗山,C0V740,2017-01-27T17:00:00+08:00,60.0,319.0,3.1,23.3,0.46,1002.6,-99.0,0.0,-9.9,-99,-999,高雄市,05,旗山區,283
22.8904,120.4755,旗山,C0V740,2017-01-27T18:00:00+08:00,60.0,344.0,2.2,21.6,0.52,1003.1,-99.0,0.0,-9.9,-99,-999,高雄市,05,旗山區,283
22.8904,120.4755,旗山,C0V740,2017-01-27T19:00:00+08:00,60.0,326.0,1.3,20.1,0.63,1003.8,-99.0,0.0,-9.9,-99,-999,高雄市,05,旗山區,283
22.8904,120.4755,旗山,C0V740,2017-01-27T20:00:00+08:00,60.0,315.0,1.8,19.1,0.70,1004.4,-99.0,0.0,-9.9,-99,-999,高雄市,05,旗山區,283
22.8904,120.4755,旗山,C0V740,2017-01-27T21:00:00+08:00,60.0,330.0,0.6,17.9,0.74,1004.8,-99.0,0.0,-9.9,-99,-999,高雄市,05,旗山區,283
22.8904,120.4755,旗山,C0V740,2017-01-27T22:00:00+08:00,60.0,6.0,1.6,16.9,0.78,1005.0,-99.0,0.0,-9.9,-99,-999,高雄市,05,旗山區,283
22.8904,120.4755,旗山,C0V740,2017-01-27T23:00:00+08:00,60.0,355.0,1.7,16.4,0.80,1004.7,-99.0,0.0,-9.9,-99,-999,高雄市,05,旗山區,283
22.8904,120.4755,旗山,C0V740,2017-01-28T00:00:00+08:00,60.0,334.0,1.6,15.8,0.82,1004.4,-99.0,0.0,-9.9,-99,-999,高雄市,05,旗山區,283
22.8904,120.4755,旗山,C0V740,2017-01-28T01:00:00+08:00,60.0,324.0,1.8,15.5,0.83,1004.2,-99.0,0.0,-9.9,-99,-999,高雄市,05,旗山區,283
22.8904,120.4755,旗山,C0V740,2017-01-28T02:00:00+08:00,60.0,328.0,1.7,15.5,0.83,1003.8,-99.0,0.0,-9.9,-99,-999,高雄市,05,旗山區,283
22.8904,120.4755,旗山,C0V740,2017-01-28T03:00:00+08:00,60.0,345.0,2.3,15.0,0.85,1003.0,-99.0,0.0,-9.9,-99,-999,高雄市,05,旗山區,283
22.8904,120.4755,旗山,C0V740,2017-01-28T04:00:00+08:00,60.0,342.0,2.0,14.4,0.86,1002.3,-99.0,0.0,-9.9,-99,-999,高雄市,05,旗山區,283
22.8904,120.4755,旗山,C0V740,2017-01-28T05:00:00+08:00,60.0,321.0,1.8,15.0,0.79,1002.5,-99.0,0.0,-9.9,-99,-999,高雄市,05,旗山區,283
22.8904,120.4755,旗山,C0V740,2017-01-28T06:00:00+08:00,60.0,360.0,1.7,13.6,0.88,1002.9,-99.0,0.0,-9.9,-99,-999,高雄市,05,旗山區,283
22.8904,120.4755,旗山,C0V740,2017-01-28T07:00:00+08:00,60.0,339.0,1.4,13.9,0.82,1003.1,-99.0,0.0,-9.9,-99,-999,高雄市,05,旗山區,283
22.8904,120.4755,旗山,C0V740,2017-01-28T08:00:00+08:00,60.0,352.0,1.9,14.5,0.83,1003.3,-99.0,0.0,-9.9,-99,-999,高雄市,05,旗山區,283
22.8904,120.4755,旗山,C0V740,2017-01-28T09:00:00+08:00,60.0,24.0,1.0,18.4,0.66,1004.0,-99.0,0.0,-9.9,-99,-999,高雄市,05,旗山區,283
22.8904,120.4755,旗山,C0V740,2017-01-28T10:00:00+08:00,60.0,127.0,1.5,22.2,0.47,1004.0,-99.0,0.0,-9.9,-99,-999,高雄市,05,旗山區,283
22.8904,120.4755,旗山,C0V740,2017-01-28T11:00:00+08:00,60.0,356.0,0.9,24.0,0.42,1003.4,-99.0,0.0,-9.9,-99,-999,高雄市,05,旗山區,283
22.8904,120.4755,旗山,C0V740,2017-01-28T12:00:00+08:00,60.0,319.0,2.5,25.0,0.42,1002.1,-99.0,0.0,-9.9,-99,-999,高雄市,05,旗山區,283
22.8904,120.4755,旗山,C0V740,2017-01-28T13:00:00+08:00,60.0,265.0,1.3,26.3,0.38,1001.0,-99.0,0.0,-9.9,-99,-999,高雄市,05,旗山區,283
22.8904,120.4755,旗山,C0V740,2017-01-28T14:00:00+08:00,60.0,302.0,2.2,26.4,0.39,1000.1,-99.0,0.0,-9.9,-99,-999,高雄市,05,旗山區,283
22.8904,120.4755,旗山,C0V740,2017-01-28T15:00:00+08:00,60.0,266.0,3.7,25.7,0.44,999.7,-99.0,0.0,-9.9,-99,-999,高雄市,05,旗山區,283
22.8904,120.4755,旗山,C0V740,2017-01-28T16:00:00+08:00,60.0,265.0,1.9,25.4,0.45,999.5,-99.0,0.0,-9.9,-99,-999,高雄市,05,旗山區,283
22.8904,120.4755,旗山,C0V740,2017-01-28T17:00:00+08:00,60.0,282.0,2.1,24.6,0.48,1000.0,-99.0,0.0,-9.9,-99,-999,高雄市,05,旗山區,283
22.8904,120.4755,旗山,C0V740,2017-01-28T18:00:00+08:00,60.0,290.0,1.2,22.6,0.58,1000.6,-99.0,0.0,-9.9,-99,-999,高雄市,05,旗山區,283
22.8904,120.4755,旗山,C0V740,2017-01-28T19:00:00+08:00,60.0,0.0,0.1,21.5,0.64,1001.3,-99.0,0.0,-9.9,-99,-999,高雄市,05,旗山區,283
22.8904,120.4755,旗山,C0V740,2017-01-28T20:00:00+08:00,60.0,19.0,0.6,20.2,0.71,1001.9,-99.0,0.0,-9.9,-99,-999,高雄市,05,旗山區,283
22.8904,120.4755,旗山,C0V740,2017-01-28T21:00:00+08:00,60.0,6.0,1.0,19.2,0.77,1002.0,-99.0,0.0,-9.9,-99,-999,高雄市,05,旗山區,283
22.8904,120.4755,旗山,C0V740,2017-01-28T22:00:00+08:00,60.0,1.0,1.1,18.4,0.81,1002.2,-99.0,0.0,-9.9,-99,-999,高雄市,05,旗山區,283
22.8904,120.4755,旗山,C0V740,2017-01-28T23:00:00+08:00,60.0,349.0,1.4,17.7,0.82,1002.1,-99.0,0.0,-9.9,-99,-999,高雄市,05,旗山區,283
22.8904,120.4755,旗山,C0V740,2017-01-29T00:00:00+08:00,60.0,340.0,1.8,17.2,0.84,1001.9,-99.0,0.0,-9.9,-99,-999,高雄市,05,旗山區,283
22.8904,120.4755,旗山,C0V740,2017-01-29T01:00:00+08:00,60.0,330.0,1.6,16.7,0.86,1001.8,-99.0,0.0,-9.9,-99,-999,高雄市,05,旗山區,283
22.8904,120.4755,旗山,C0V740,2017-01-29T02:00:00+08:00,60.0,342.0,1.7,16.3,0.87,1001.3,-99.0,0.0,-9.9,-99,-999,高雄市,05,旗山區,283
22.8904,120.4755,旗山,C0V740,2017-01-29T03:00:00+08:00,60.0,339.0,1.7,16.5,0.86,1001.2,-99.0,0.0,-9.9,-99,-999,高雄市,05,旗山區,283
22.8904,120.4755,旗山,C0V740,2017-01-29T04:00:00+08:00,60.0,340.0,1.7,15.9,0.88,1000.9,-99.0,0.0,-9.9,-99,-999,高雄市,05,旗山區,283
22.8904,120.4755,旗山,C0V740,2017-01-29T05:00:00+08:00,60.0,352.0,1.7,15.8,0.88,1001.1,-99.0,0.0,-9.9,-99,-999,高雄市,05,旗山區,283
22.8904,120.4755,旗山,C0V740,2017-01-29T06:00:00+08:00,60.0,344.0,1.8,15.4,0.90,1001.5,-99.0,0.0,-9.9,-99,-999,高雄市,05,旗山區,283
22.8904,120.4755,旗山,C0V740,2017-01-29T07:00:00+08:00,60.0,349.0,2.3,15.2,0.90,1002.1,-99.0,0.0,-9.9,-99,-999,高雄市,05,旗山區,283
22.8904,120.4755,旗山,C0V740,2017-01-29T08:00:00+08:00,60.0,356.0,2.0,16.5,0.84,1002.8,-99.0,0.0,-9.9,-99,-999,高雄市,05,旗山區,283
22.8904,120.4755,旗山,C0V740,2017-01-29T09:00:00+08:00,60.0,22.0,1.7,19.8,0.74,1003.3,-99.0,0.0,-9.9,-99,-999,高雄市,05,旗山區,283
22.8904,120.4755,旗山,C0V740,2017-01-29T10:00:00+08:00,60.0,291.0,1.1,22.8,0.58,1003.5,-99.0,0.0,-9.9,-99,-999,高雄市,05,旗山區,283
22.8904,120.4755,旗山,C0V740,2017-01-29T11:00:00+08:00,60.0,317.0,2.2,25.2,0.40,1002.7,-99.0,0.0,-9.9,-99,-999,高雄市,05,旗山區,283
22.8904,120.4755,旗山,C0V740,2017-01-29T12:00:00+08:00,60.0,298.0,1.1,26.6,0.41,1001.5,-99.0,0.0,-9.9,-99,-999,高雄市,05,旗山區,283
22.8904,120.4755,旗山,C0V740,2017-01-29T15:00:00+08:00,60.0,288.0,2.0,28.4,0.36,998.8,-99.0,0.0,-9.9,-99,-999,高雄市,05,旗山區,283
22.8904,120.4755,旗山,C0V740,2017-01-29T16:00:00+08:00,60.0,296.0,1.8,27.8,0.37,999.1,-99.0,0.0,-9.9,-99,-999,高雄市,05,旗山區,283
22.8904,120.4755,旗山,C0V740,2017-01-29T17:00:00+08:00,60.0,285.0,2.6,25.8,0.58,999.5,-99.0,0.0,-9.9,-99,-999,高雄市,05,旗山區,283
22.8904,120.4755,旗山,C0V740,2017-01-29T18:00:00+08:00,60.0,281.0,2.2,23.7,0.68,1000.3,-99.0,0.0,-9.9,-99,-999,高雄市,05,旗山區,283
22.8904,120.4755,旗山,C0V740,2017-01-29T19:00:00+08:00,60.0,347.0,1.9,23.0,0.66,1001.0,-99.0,0.0,-9.9,-99,-999,高雄市,05,旗山區,283
22.8904,120.4755,旗山,C0V740,2017-01-29T20:00:00+08:00,60.0,302.0,1.1,22.0,0.69,1001.5,-99.0,0.0,-9.9,-99,-999,高雄市,05,旗山區,283
22.8904,120.4755,旗山,C0V740,2017-01-29T21:00:00+08:00,60.0,306.0,0.9,21.1,0.73,1001.7,-99.0,0.0,-9.9,-99,-999,高雄市,05,旗山區,283
22.8904,120.4755,旗山,C0V740,2017-01-29T22:00:00+08:00,60.0,313.0,1.8,20.4,0.77,1001.7,-99.0,0.0,-9.9,-99,-999,高雄市,05,旗山區,283
22.8904,120.4755,旗山,C0V740,2017-01-29T23:00:00+08:00,60.0,335.0,1.0,19.7,0.81,1001.7,-99.0,0.0,-9.9,-99,-999,高雄市,05,旗山區,283
22.8904,120.4755,旗山,C0V740,2017-01-30T00:00:00+08:00,60.0,348.0,1.2,19.3,0.83,1001.9,-99.0,0.0,-9.9,-99,-999,高雄市,05,旗山區,283
22.8904,120.4755,旗山,C0V740,2017-01-30T01:00:00+08:00,60.0,333.0,1.5,18.5,0.87,1001.5,-99.0,0.0,-9.9,-99,-999,高雄市,05,旗山區,283
22.8904,120.4755,旗山,C0V740,2017-01-30T02:00:00+08:00,60.0,328.0,1.7,18.0,0.90,1000.9,-99.0,0.0,-9.9,-99,-999,高雄市,05,旗山區,283
22.8904,120.4755,旗山,C0V740,2017-01-30T03:00:00+08:00,60.0,348.0,2.0,17.8,0.90,1000.6,-99.0,0.0,-9.9,-99,-999,高雄市,05,旗山區,283
22.8904,120.4755,旗山,C0V740,2017-01-30T04:00:00+08:00,60.0,5.0,1.9,17.2,0.91,1000.6,-99.0,0.0,-9.9,-99,-999,高雄市,05,旗山區,283
22.8904,120.4755,旗山,C0V740,2017-01-30T05:00:00+08:00,60.0,352.0,1.9,17.0,0.91,1000.9,-99.0,0.0,-9.9,-99,-999,高雄市,05,旗山區,283
22.8904,120.4755,旗山,C0V740,2017-01-30T06:00:00+08:00,60.0,353.0,1.1,16.8,0.92,1001.9,-99.0,0.0,-9.9,-99,-999,高雄市,05,旗山區,283
22.8904,120.4755,旗山,C0V740,2017-01-30T07:00:00+08:00,60.0,337.0,1.3,16.6,0.92,1002.2,-99.0,0.0,-9.9,-99,-999,高雄市,05,旗山區,283
22.8904,120.4755,旗山,C0V740,2017-01-30T08:00:00+08:00,60.0,336.0,1.6,18.0,0.85,1002.8,-99.0,0.0,-9.9,-99,-999,高雄市,05,旗山區,283
22.8904,120.4755,旗山,C0V740,2017-01-30T09:00:00+08:00,60.0,10.0,1.6,20.7,0.73,1003.1,-99.0,0.0,-9.9,-99,-999,高雄市,05,旗山區,283
22.8904,120.4755,旗山,C0V740,2017-01-30T10:00:00+08:00,60.0,50.0,1.2,24.3,0.58,1002.6,-99.0,0.0,-9.9,-99,-999,高雄市,05,旗山區,283
22.8904,120.4755,旗山,C0V740,2017-01-30T11:00:00+08:00,60.0,113.0,0.8,27.4,0.47,1001.8,-99.0,0.0,-9.9,-99,-999,高雄市,05,旗山區,283
22.8904,120.4755,旗山,C0V740,2017-01-30T12:00:00+08:00,60.0,296.0,1.2,27.7,0.45,1000.7,-99.0,0.0,-9.9,-99,-999,高雄市,05,旗山區,283
22.8904,120.4755,旗山,C0V740,2017-01-30T13:00:00+08:00,60.0,283.0,1.9,28.5,0.42,999.8,-99.0,0.0,-9.9,-99,-999,高雄市,05,旗山區,283
22.8904,120.4755,旗山,C0V740,2017-01-30T14:00:00+08:00,60.0,269.0,2.1,27.8,0.48,999.1,-99.0,0.0,-9.9,-99,-999,高雄市,05,旗山區,283
22.8904,120.4755,旗山,C0V740,2017-01-30T15:00:00+08:00,60.0,246.0,2.4,27.7,0.51,998.6,-99.0,0.0,-9.9,-99,-999,高雄市,05,旗山區,283
22.8904,120.4755,旗山,C0V740,2017-01-30T16:00:00+08:00,60.0,293.0,2.6,27.0,0.59,998.9,-99.0,0.0,-9.9,-99,-999,高雄市,05,旗山區,283
22.8904,120.4755,旗山,C0V740,2017-01-30T17:00:00+08:00,60.0,330.0,3.0,24.5,0.65,999.7,-99.0,0.0,-9.9,-99,-999,高雄市,05,旗山區,283
22.8904,120.4755,旗山,C0V740,2017-01-30T18:00:00+08:00,60.0,319.0,2.4,22.5,0.70,1000.6,-99.0,0.0,-9.9,-99,-999,高雄市,05,旗山區,283
22.8904,120.4755,旗山,C0V740,2017-01-30T20:00:00+08:00,60.0,309.0,1.6,20.6,0.75,1001.6,-99.0,0.0,-9.9,-99,-999,高雄市,05,旗山區,283
22.8904,120.4755,旗山,C0V740,2017-01-30T21:00:00+08:00,60.0,312.0,1.9,19.8,0.77,1002.1,-99.0,0.0,-9.9,-99,-999,高雄市,05,旗山區,283
22.8904,120.4755,旗山,C0V740,2017-01-30T22:00:00+08:00,60.0,314.0,1.8,18.9,0.79,1002.1,-99.0,0.0,-9.9,-99,-999,高雄市,05,旗山區,283
22.8904,120.4755,旗山,C0V740,2017-01-30T23:00:00+08:00,60.0,288.0,1.2,18.1,0.82,1002.1,-99.0,0.0,-9.9,-99,-999,高雄市,05,旗山區,283
22.8904,120.4755,旗山,C0V740,2017-01-31T00:00:00+08:00,60.0,315.0,1.5,17.4,0.82,1002.2,-99.0,0.0,-9.9,-99,-999,高雄市,05,旗山區,283
22.8904,120.4755,旗山,C0V740,2017-01-31T01:00:00+08:00,60.0,313.0,1.6,16.8,0.84,1001.8,-99.0,0.0,-9.9,-99,-999,高雄市,05,旗山區,283
22.8904,120.4755,旗山,C0V740,2017-01-31T02:00:00+08:00,60.0,318.0,1.9,16.5,0.85,1001.3,-99.0,0.0,-9.9,-99,-999,高雄市,05,旗山區,283
22.8904,120.4755,旗山,C0V740,2017-01-31T03:00:00+08:00,60.0,311.0,2.0,16.0,0.86,1001.4,-99.0,0.0,-9.9,-99,-999,高雄市,05,旗山區,283
22.8904,120.4755,旗山,C0V740,2017-01-31T04:00:00+08:00,60.0,316.0,1.4,15.5,0.88,1001.5,-99.0,0.0,-9.9,-99,-999,高雄市,05,旗山區,283
22.8904,120.4755,旗山,C0V740,2017-01-31T05:00:00+08:00,60.0,312.0,1.9,15.1,0.89,1001.8,-99.0,0.0,-9.9,-99,-999,高雄市,05,旗山區,283
22.8904,120.4755,旗山,C0V740,2017-01-31T06:00:00+08:00,60.0,317.0,1.3,15.2,0.88,1002.2,-99.0,0.0,-9.9,-99,-999,高雄市,05,旗山區,283
22.8904,120.4755,旗山,C0V740,2017-01-31T07:00:00+08:00,60.0,314.0,1.8,15.1,0.88,1003.0,-99.0,0.0,-9.9,-99,-999,高雄市,05,旗山區,283
