23.3469,121.2050,¨Î¤ß,C0Z050,2017-01-10T11:00:00+08:00,704.0,151.0,0.8,14.5,-0.99,929.1,-99.0,0.0,-9.9,-99,-999,ªá½¬¿¤,21,¨ô·Ë¶m,207
23.3469,121.2050,¨Î¤ß,C0Z050,2017-01-10T12:00:00+08:00,704.0,150.0,1.0,15.0,-0.99,928.0,-99.0,0.0,-9.9,-99,-999,ªá½¬¿¤,21,¨ô·Ë¶m,207
23.3469,121.2050,¨Î¤ß,C0Z050,2017-01-10T13:00:00+08:00,704.0,156.0,1.1,14.6,-0.99,927.6,-99.0,0.0,-9.9,-99,-999,ªá½¬¿¤,21,¨ô·Ë¶m,207
23.3469,121.2050,¨Î¤ß,C0Z050,2017-01-10T14:00:00+08:00,704.0,154.0,0.9,14.3,-0.99,927.1,-99.0,0.0,-9.9,-99,-999,ªá½¬¿¤,21,¨ô·Ë¶m,207
23.3469,121.2050,¨Î¤ß,C0Z050,2017-01-10T15:00:00+08:00,704.0,155.0,0.9,14.3,-0.99,927.1,-99.0,0.0,-9.9,-99,-999,ªá½¬¿¤,21,¨ô·Ë¶m,207
23.3469,121.2050,¨Î¤ß,C0Z050,2017-01-10T16:00:00+08:00,704.0,158.0,0.9,13.8,-0.99,927.5,-99.0,0.0,-9.9,-99,-999,ªá½¬¿¤,21,¨ô·Ë¶m,207
23.3469,121.2050,¨Î¤ß,C0Z050,2017-01-10T17:00:00+08:00,704.0,157.0,0.9,13.3,-0.99,928.2,-99.0,0.0,-9.9,-99,-999,ªá½¬¿¤,21,¨ô·Ë¶m,207
23.3469,121.2050,¨Î¤ß,C0Z050,2017-01-10T18:00:00+08:00,704.0,157.0,0.5,13.2,-0.99,928.6,-99.0,0.0,-9.9,-99,-999,ªá½¬¿¤,21,¨ô·Ë¶m,207
23.3469,121.2050,¨Î¤ß,C0Z050,2017-01-10T19:00:00+08:00,704.0,0.0,0.0,13.2,-0.99,929.3,-99.0,0.0,-9.9,-99,-999,ªá½¬¿¤,21,¨ô·Ë¶m,207
23.3469,121.2050,¨Î¤ß,C0Z050,2017-01-10T20:00:00+08:00,704.0,0.0,0.0,13.2,-0.99,929.6,-99.0,0.0,-9.9,-99,-999,ªá½¬¿¤,21,¨ô·Ë¶m,207
23.3469,121.2050,¨Î¤ß,C0Z050,2017-01-10T21:00:00+08:00,704.0,0.0,0.0,13.0,-0.99,929.9,-99.0,0.0,-9.9,-99,-999,ªá½¬¿¤,21,¨ô·Ë¶m,207
23.3469,121.2050,¨Î¤ß,C0Z050,2017-01-10T22:00:00+08:00,704.0,0.0,0.0,12.9,-0.99,929.7,-99.0,0.0,-9.9,-99,-999,ªá½¬¿¤,21,¨ô·Ë¶m,207
23.3469,121.2050,¨Î¤ß,C0Z050,2017-01-10T23:00:00+08:00,704.0,0.0,0.0,12.7,-0.99,929.8,-99.0,0.0,-9.9,-99,-999,ªá½¬¿¤,21,¨ô·Ë¶m,207
23.3469,121.2050,¨Î¤ß,C0Z050,2017-01-11T00:00:00+08:00,704.0,0.0,0.0,12.7,-0.99,929.6,-99.0,0.0,-9.9,-99,-999,ªá½¬¿¤,21,¨ô·Ë¶m,207
23.3469,121.2050,¨Î¤ß,C0Z050,2017-01-11T01:00:00+08:00,704.0,0.0,0.0,12.2,-0.99,929.4,-99.0,0.0,-9.9,-99,-999,ªá½¬¿¤,21,¨ô·Ë¶m,207
23.3469,121.2050,¨Î¤ß,C0Z050,2017-01-11T02:00:00+08:00,704.0,0.0,0.0,12.0,-0.99,929.1,-99.0,0.0,-9.9,-99,-999,ªá½¬¿¤,21,¨ô·Ë¶m,207
23.3469,121.2050,¨Î¤ß,C0Z050,2017-01-11T03:00:00+08:00,704.0,0.0,0.0,12.2,-0.99,928.4,-99.0,0.0,-9.9,-99,-999,ªá½¬¿¤,21,¨ô·Ë¶m,207
23.3469,121.2050,¨Î¤ß,C0Z050,2017-01-11T04:00:00+08:00,704.0,0.0,0.0,12.1,-0.99,928.3,-99.0,0.0,-9.9,-99,-999,ªá½¬¿¤,21,¨ô·Ë¶m,207
23.3469,121.2050,¨Î¤ß,C0Z050,2017-01-11T05:00:00+08:00,704.0,0.0,0.0,12.5,-0.99,928.4,-99.0,0.0,-9.9,-99,-999,ªá½¬¿¤,21,¨ô·Ë¶m,207
23.3469,121.2050,¨Î¤ß,C0Z050,2017-01-11T06:00:00+08:00,704.0,0.0,0.0,12.1,-0.99,929.0,-99.0,0.0,-9.9,-99,-999,ªá½¬¿¤,21,¨ô·Ë¶m,207
23.3469,121.2050,¨Î¤ß,C0Z050,2017-01-11T07:00:00+08:00,704.0,0.0,0.0,12.2,-0.99,929.6,-99.0,0.0,-9.9,-99,-999,ªá½¬¿¤,21,¨ô·Ë¶m,207
23.3469,121.2050,¨Î¤ß,C0Z050,2017-01-11T08:00:00+08:00,704.0,0.0,0.0,12.8,-0.99,930.1,-99.0,0.0,-9.9,-99,-999,ªá½¬¿¤,21,¨ô·Ë¶m,207
23.3469,121.2050,¨Î¤ß,C0Z050,2017-01-11T09:00:00+08:00,704.0,117.0,0.6,16.4,-0.99,930.5,-99.0,0.0,-9.9,-99,-999,ªá½¬¿¤,21,¨ô·Ë¶m,207
23.3469,121.2050,¨Î¤ß,C0Z050,2017-01-11T10:00:00+08:00,704.0,140.0,0.9,18.4,-0.99,930.5,-99.0,0.0,-9.9,-99,-999,ªá½¬¿¤,21,¨ô·Ë¶m,207
23.3469,121.2050,¨Î¤ß,C0Z050,2017-01-11T11:00:00+08:00,704.0,154.0,1.5,17.6,-0.99,929.3,-99.0,0.0,-9.9,-99,-999,ªá½¬¿¤,21,¨ô·Ë¶m,207
23.3469,121.2050,¨Î¤ß,C0Z050,2017-01-11T12:00:00+08:00,704.0,155.0,1.3,19.0,-0.99,928.0,-99.0,0.0,-9.9,-99,-999,ªá½¬¿¤,21,¨ô·Ë¶m,207
23.3469,121.2050,¨Î¤ß,C0Z050,2017-01-11T13:00:00+08:00,704.0,154.0,1.3,17.7,-0.99,926.9,-99.0,0.0,-9.9,-99,-999,ªá½¬¿¤,21,¨ô·Ë¶m,207
23.3469,121.2050,¨Î¤ß,C0Z050,2017-01-11T14:00:00+08:00,704.0,154.0,1.4,17.0,-0.99,926.2,-99.0,0.0,-9.9,-99,-999,ªá½¬¿¤,21,¨ô·Ë¶m,207
23.3469,121.2050,¨Î¤ß,C0Z050,2017-01-11T15:00:00+08:00,704.0,152.0,1.1,16.4,-0.99,926.2,-99.0,0.0,-9.9,-99,-999,ªá½¬¿¤,21,¨ô·Ë¶m,207
23.3469,121.2050,¨Î¤ß,C0Z050,2017-01-11T16:00:00+08:00,704.0,0.0,0.2,15.8,-0.99,926.4,-99.0,0.0,-9.9,-99,-999,ªá½¬¿¤,21,¨ô·Ë¶m,207
23.3469,121.2050,¨Î¤ß,C0Z050,2017-01-11T17:00:00+08:00,704.0,159.0,0.7,15.5,-0.99,927.0,-99.0,0.0,-9.9,-99,-999,ªá½¬¿¤,21,¨ô·Ë¶m,207
23.3469,121.2050,¨Î¤ß,C0Z050,2017-01-11T18:00:00+08:00,704.0,0.0,0.1,15.2,-0.99,927.5,-99.0,0.0,-9.9,-99,-999,ªá½¬¿¤,21,¨ô·Ë¶m,207
23.3469,121.2050,¨Î¤ß,C0Z050,2017-01-11T19:00:00+08:00,704.0,153.0,0.3,14.9,-0.99,928.0,-99.0,0.0,-9.9,-99,-999,ªá½¬¿¤,21,¨ô·Ë¶m,207
23.3469,121.2050,¨Î¤ß,C0Z050,2017-01-11T20:00:00+08:00,704.0,0.0,0.1,14.7,-0.99,928.5,-99.0,0.0,-9.9,-99,-999,ªá½¬¿¤,21,¨ô·Ë¶m,207
23.3469,121.2050,¨Î¤ß,C0Z050,2017-01-11T21:00:00+08:00,704.0,153.0,0.5,14.5,-0.99,928.7,-99.0,0.0,-9.9,-99,-999,ªá½¬¿¤,21,¨ô·Ë¶m,207
23.3469,121.2050,¨Î¤ß,C0Z050,2017-01-11T22:00:00+08:00,704.0,0.0,0.0,14.2,-0.99,928.7,-99.0,0.0,-9.9,-99,-999,ªá½¬¿¤,21,¨ô·Ë¶m,207
23.3469,121.2050,¨Î¤ß,C0Z050,2017-01-11T23:00:00+08:00,704.0,0.0,0.0,14.2,-0.99,928.3,-99.0,0.0,-9.9,-99,-999,ªá½¬¿¤,21,¨ô·Ë¶m,207
23.3469,121.2050,¨Î¤ß,C0Z050,2017-01-12T01:00:00+08:00,704.0,158.0,0.5,14.2,-0.99,927.5,-99.0,0.0,-9.9,-99,-999,ªá½¬¿¤,21,¨ô·Ë¶m,207
23.3469,121.2050,¨Î¤ß,C0Z050,2017-01-12T02:00:00+08:00,704.0,0.0,0.0,13.8,-0.99,927.0,-99.0,0.0,-9.9,-99,-999,ªá½¬¿¤,21,¨ô·Ë¶m,207
23.3469,121.2050,¨Î¤ß,C0Z050,2017-01-12T03:00:00+08:00,704.0,0.0,0.0,13.9,-0.99,926.6,-99.0,0.0,-9.9,-99,-999,ªá½¬¿¤,21,¨ô·Ë¶m,207
23.3469,121.2050,¨Î¤ß,C0Z050,2017-01-12T04:00:00+08:00,704.0,0.0,0.0,13.9,-0.99,926.3,-99.0,0.0,-9.9,-99,-999,ªá½¬¿¤,21,¨ô·Ë¶m,207
23.3469,121.2050,¨Î¤ß,C0Z050,2017-01-12T05:00:00+08:00,704.0,327.0,0.9,14.7,-0.99,925.7,-99.0,0.0,-9.9,-99,-999,ªá½¬¿¤,21,¨ô·Ë¶m,207
23.3469,121.2050,¨Î¤ß,C0Z050,2017-01-12T06:00:00+08:00,704.0,0.0,0.2,14.2,-0.99,925.7,-99.0,0.0,-9.9,-99,-999,ªá½¬¿¤,21,¨ô·Ë¶m,207
23.3469,121.2050,¨Î¤ß,C0Z050,2017-01-12T07:00:00+08:00,704.0,322.0,0.3,14.1,-0.99,926.2,-99.0,0.0,-9.9,-99,-999,ªá½¬¿¤,21,¨ô·Ë¶m,207
23.3469,121.2050,¨Î¤ß,C0Z050,2017-01-12T08:00:00+08:00,704.0,0.0,0.1,14.3,-0.99,926.5,-99.0,0.0,-9.9,-99,-999,ªá½¬¿¤,21,¨ô·Ë¶m,207
23.3469,121.2050,¨Î¤ß,C0Z050,2017-01-12T09:00:00+08:00,704.0,149.0,0.8,16.3,-0.99,926.8,-99.0,0.0,-9.9,-99,-999,ªá½¬¿¤,21,¨ô·Ë¶m,207
23.3469,121.2050,¨Î¤ß,C0Z050,2017-01-12T10:00:00+08:00,704.0,146.0,0.6,17.3,-0.99,926.5,-99.0,0.0,-9.9,-99,-999,ªá½¬¿¤,21,¨ô·Ë¶m,207
23.3469,121.2050,¨Î¤ß,C0Z050,2017-01-12T11:00:00+08:00,704.0,154.0,0.9,17.0,-0.99,925.7,-99.0,0.0,-9.9,-99,-999,ªá½¬¿¤,21,¨ô·Ë¶m,207
23.3469,121.2050,¨Î¤ß,C0Z050,2017-01-12T12:00:00+08:00,704.0,151.0,0.9,17.3,-0.99,924.6,-99.0,0.0,-9.9,-99,-999,ªá½¬¿¤,21,¨ô·Ë¶m,207
23.3469,121.2050,¨Î¤ß,C0Z050,2017-01-12T13:00:00+08:00,704.0,153.0,1.0,17.2,-0.99,923.6,-99.0,0.0,-9.9,-99,-999,ªá½¬¿¤,21,¨ô·Ë¶m,207
23.3469,121.2050,¨Î¤ß,C0Z050,2017-01-12T14:00:00+08:00,704.0,156.0,0.7,15.7,-0.99,923.1,-99.0,0.0,-9.9,-99,-999,ªá½¬¿¤,21,¨ô·Ë¶m,207
23.3469,121.2050,¨Î¤ß,C0Z050,2017-01-12T15:00:00+08:00,704.0,155.0,0.5,14.9,-0.99,923.0,-99.0,0.0,-9.9,-99,-999,ªá½¬¿¤,21,¨ô·Ë¶m,207
23.3469,121.2050,¨Î¤ß,C0Z050,2017-01-12T16:00:00+08:00,704.0,154.0,0.3,15.4,-0.99,923.1,-99.0,0.0,-9.9,-99,-999,ªá½¬¿¤,21,¨ô·Ë¶m,207
23.3469,121.2050,¨Î¤ß,C0Z050,2017-01-12T17:00:00+08:00,704.0,0.0,0.1,15.3,-0.99,923.4,-99.0,0.5,-9.9,-99,-999,ªá½¬¿¤,21,¨ô·Ë¶m,207
23.3469,121.2050,¨Î¤ß,C0Z050,2017-01-12T18:00:00+08:00,704.0,0.0,0.0,15.3,-0.99,923.5,-99.0,1.0,-9.9,-99,-999,ªá½¬¿¤,21,¨ô·Ë¶m,207
23.3469,121.2050,¨Î¤ß,C0Z050,2017-01-12T19:00:00+08:00,704.0,0.0,0.0,15.3,-0.99,924.0,-99.0,1.0,-9.9,-99,-999,ªá½¬¿¤,21,¨ô·Ë¶m,207
23.3469,121.2050,¨Î¤ß,C0Z050,2017-01-12T20:00:00+08:00,704.0,0.0,0.0,15.5,-0.99,924.3,-99.0,1.0,-9.9,-99,-999,ªá½¬¿¤,21,¨ô·Ë¶m,207
23.3469,121.2050,¨Î¤ß,C0Z050,2017-01-12T21:00:00+08:00,704.0,0.0,0.0,15.4,-0.99,924.5,-99.0,1.0,-9.9,-99,-999,ªá½¬¿¤,21,¨ô·Ë¶m,207
23.3469,121.2050,¨Î¤ß,C0Z050,2017-01-12T22:00:00+08:00,704.0,0.0,0.0,15.3,-0.99,924.5,-99.0,1.0,-9.9,-99,-999,ªá½¬¿¤,21,¨ô·Ë¶m,207
23.3469,121.2050,¨Î¤ß,C0Z050,2017-01-12T23:00:00+08:00,704.0,0.0,0.0,14.8,-0.99,924.3,-99.0,1.0,-9.9,-99,-999,ªá½¬¿¤,21,¨ô·Ë¶m,207
23.3469,121.2050,¨Î¤ß,C0Z050,2017-01-13T00:00:00+08:00,704.0,0.0,0.0,14.6,-0.99,924.0,-99.0,1.0,-9.9,-99,-999,ªá½¬¿¤,21,¨ô·Ë¶m,207
23.3469,121.2050,¨Î¤ß,C0Z050,2017-01-13T01:00:00+08:00,704.0,0.0,0.0,14.5,-0.99,923.4,-99.0,0.0,-9.9,-99,-999,ªá½¬¿¤,21,¨ô·Ë¶m,207
23.3469,121.2050,¨Î¤ß,C0Z050,2017-01-13T02:00:00+08:00,704.0,0.0,0.0,14.5,-0.99,923.0,-99.0,0.0,-9.9,-99,-999,ªá½¬¿¤,21,¨ô·Ë¶m,207
23.3469,121.2050,¨Î¤ß,C0Z050,2017-01-13T03:00:00+08:00,704.0,0.0,0.0,14.1,-0.99,922.7,-99.0,0.0,-9.9,-99,-999,ªá½¬¿¤,21,¨ô·Ë¶m,207
23.3469,121.2050,¨Î¤ß,C0Z050,2017-01-13T04:00:00+08:00,704.0,0.0,0.0,14.1,-0.99,922.8,-99.0,0.0,-9.9,-99,-999,ªá½¬¿¤,21,¨ô·Ë¶m,207
23.3469,121.2050,¨Î¤ß,C0Z050,2017-01-13T05:00:00+08:00,704.0,0.0,0.0,14.2,-0.99,923.1,-99.0,0.0,-9.9,-99,-999,ªá½¬¿¤,21,¨ô·Ë¶m,207
23.3469,121.2050,¨Î¤ß,C0Z050,2017-01-13T06:00:00+08:00,704.0,0.0,0.0,14.1,-0.99,923.7,-99.0,0.0,-9.9,-99,-999,ªá½¬¿¤,21,¨ô·Ë¶m,207
23.3469,121.2050,¨Î¤ß,C0Z050,2017-01-13T07:00:00+08:00,704.0,0.0,0.0,14.2,-0.99,924.0,-99.0,0.0,-9.9,-99,-999,ªá½¬¿¤,21,¨ô·Ë¶m,207
23.3469,121.2050,¨Î¤ß,C0Z050,2017-01-13T08:00:00+08:00,704.0,0.0,0.1,14.7,-0.99,924.5,-99.0,0.0,-9.9,-99,-999,ªá½¬¿¤,21,¨ô·Ë¶m,207
23.3469,121.2050,¨Î¤ß,C0Z050,2017-01-13T09:00:00+08:00,704.0,154.0,0.9,14.5,-0.99,925.0,-99.0,0.0,-9.9,-99,-999,ªá½¬¿¤,21,¨ô·Ë¶m,207
23.3469,121.2050,¨Î¤ß,C0Z050,2017-01-13T10:00:00+08:00,704.0,160.0,1.2,14.3,-0.99,925.3,-99.0,0.0,-9.9,-99,-999,ªá½¬¿¤,21,¨ô·Ë¶m,207
23.3469,121.2050,¨Î¤ß,C0Z050,2017-01-13T11:00:00+08:00,704.0,153.0,0.9,14.3,-0.99,924.9,-99.0,0.0,-9.9,-99,-999,ªá½¬¿¤,21,¨ô·Ë¶m,207
23.3469,121.2050,¨Î¤ß,C0Z050,2017-01-13T12:00:00+08:00,704.0,155.0,0.9,14.4,-0.99,924.1,-99.0,0.0,-9.9,-99,-999,ªá½¬¿¤,21,¨ô·Ë¶m,207
23.3469,121.2050,¨Î¤ß,C0Z050,2017-01-13T13:00:00+08:00,704.0,153.0,1.0,14.3,-0.99,923.3,-99.0,0.0,-9.9,-99,-999,ªá½¬¿¤,21,¨ô·Ë¶m,207
23.3469,121.2050,¨Î¤ß,C0Z050,2017-01-13T14:00:00+08:00,704.0,153.0,0.9,14.2,-0.99,923.2,-99.0,0.0,-9.9,-99,-999,ªá½¬¿¤,21,¨ô·Ë¶m,207
23.3469,121.2050,¨Î¤ß,C0Z050,2017-01-13T15:00:00+08:00,704.0,153.0,0.8,14.2,-0.99,923.3,-99.0,0.0,-9.9,-99,-999,ªá½¬¿¤,21,¨ô·Ë¶m,207
23.3469,121.2050,¨Î¤ß,C0Z050,2017-01-13T16:00:00+08:00,704.0,152.0,0.7,13.9,-0.99,923.6,-99.0,0.0,-9.9,-99,-999,ªá½¬¿¤,21,¨ô·Ë¶m,207
23.3469,121.2050,¨Î¤ß,C0Z050,2017-01-13T17:00:00+08:00,704.0,154.0,0.8,13.3,-0.99,924.3,-99.0,0.0,-9.9,-99,-999,ªá½¬¿¤,21,¨ô·Ë¶m,207
23.3469,121.2050,¨Î¤ß,C0Z050,2017-01-13T18:00:00+08:00,704.0,154.0,0.7,13.3,-0.99,924.4,-99.0,0.5,-9.9,-99,-999,ªá½¬¿¤,21,¨ô·Ë¶m,207
23.3469,121.2050,¨Î¤ß,C0Z050,2017-01-13T19:00:00+08:00,704.0,152.0,0.5,13.1,-0.99,925.1,-99.0,0.5,-9.9,-99,-999,ªá½¬¿¤,21,¨ô·Ë¶m,207
23.3469,121.2050,¨Î¤ß,C0Z050,2017-01-13T20:00:00+08:00,704.0,149.0,0.7,13.0,-0.99,925.8,-99.0,1.0,-9.9,-99,-999,ªá½¬¿¤,21,¨ô·Ë¶m,207
23.3469,121.2050,¨Î¤ß,C0Z050,2017-01-13T21:00:00+08:00,704.0,151.0,0.7,12.9,-0.99,926.0,-99.0,1.0,-9.9,-99,-999,ªá½¬¿¤,21,¨ô·Ë¶m,207
23.3469,121.2050,¨Î¤ß,C0Z050,2017-01-13T22:00:00+08:00,704.0,0.0,0.0,13.0,-0.99,926.2,-99.0,1.0,-9.9,-99,-999,ªá½¬¿¤,21,¨ô·Ë¶m,207
23.3469,121.2050,¨Î¤ß,C0Z050,2017-01-13T23:00:00+08:00,704.0,0.0,0.0,12.8,-0.99,926.0,-99.0,1.0,-9.9,-99,-999,ªá½¬¿¤,21,¨ô·Ë¶m,207
23.3469,121.2050,¨Î¤ß,C0Z050,2017-01-14T00:00:00+08:00,704.0,0.0,0.0,12.9,-0.99,925.7,-99.0,1.0,-9.9,-99,-999,ªá½¬¿¤,21,¨ô·Ë¶m,207
23.3469,121.2050,¨Î¤ß,C0Z050,2017-01-14T01:00:00+08:00,704.0,0.0,0.0,12.6,-0.99,925.5,-99.0,0.5,-9.9,-99,-999,ªá½¬¿¤,21,¨ô·Ë¶m,207
23.3469,121.2050,¨Î¤ß,C0Z050,2017-01-14T02:00:00+08:00,704.0,153.0,0.3,12.6,-0.99,925.1,-99.0,0.5,-9.9,-99,-999,ªá½¬¿¤,21,¨ô·Ë¶m,207
23.3469,121.2050,¨Î¤ß,C0Z050,2017-01-14T03:00:00+08:00,704.0,156.0,0.7,12.1,-0.99,925.2,-99.0,1.0,-9.9,-99,-999,ªá½¬¿¤,21,¨ô·Ë¶m,207
23.3469,121.2050,¨Î¤ß,C0Z050,2017-01-14T04:00:00+08:00,704.0,155.0,0.8,12.3,-0.99,925.4,-99.0,1.0,-9.9,-99,-999,ªá½¬¿¤,21,¨ô·Ë¶m,207
23.3469,121.2050,¨Î¤ß,C0Z050,2017-01-14T05:00:00+08:00,704.0,159.0,0.8,11.9,-0.99,925.7,-99.0,1.0,-9.9,-99,-999,ªá½¬¿¤,21,¨ô·Ë¶m,207
23.3469,121.2050,¨Î¤ß,C0Z050,2017-01-14T06:00:00+08:00,704.0,156.0,0.9,11.8,-0.99,926.1,-99.0,1.0,-9.9,-99,-999,ªá½¬¿¤,21,¨ô·Ë¶m,207
23.3469,121.2050,¨Î¤ß,C0Z050,2017-01-14T07:00:00+08:00,704.0,149.0,0.9,11.5,-0.99,926.4,-99.0,1.0,-9.9,-99,-999,ªá½¬¿¤,21,¨ô·Ë¶m,207
23.3469,121.2050,¨Î¤ß,C0Z050,2017-01-14T08:00:00+08:00,704.0,151.0,1.1,11.0,-0.99,927.3,-99.0,1.0,-9.9,-99,-999,ªá½¬¿¤,21,¨ô·Ë¶m,207
23.3469,121.2050,¨Î¤ß,C0Z050,2017-01-14T10:00:00+08:00,704.0,153.0,0.9,11.1,-0.99,928.2,-99.0,1.5,-9.9,-99,-999,ªá½¬¿¤,21,¨ô·Ë¶m,207
23.3469,121.2050,¨Î¤ß,C0Z050,2017-01-14T11:00:00+08:00,704.0,156.0,1.0,10.6,-0.99,927.8,-99.0,2.0,-9.9,-99,-999,ªá½¬¿¤,21,¨ô·Ë¶m,207
23.3469,121.2050,¨Î¤ß,C0Z050,2017-01-14T12:00:00+08:00,704.0,156.0,0.9,10.8,-0.99,927.0,-99.0,2.0,-9.9,-99,-999,ªá½¬¿¤,21,¨ô·Ë¶m,207
23.3469,121.2050,¨Î¤ß,C0Z050,2017-01-14T13:00:00+08:00,704.0,155.0,0.9,10.9,-0.99,926.3,-99.0,2.0,-9.9,-99,-999,ªá½¬¿¤,21,¨ô·Ë¶m,207
23.3469,121.2050,¨Î¤ß,C0Z050,2017-01-14T14:00:00+08:00,704.0,158.0,1.0,10.2,-0.99,926.4,-99.0,2.0,-9.9,-99,-999,ªá½¬¿¤,21,¨ô·Ë¶m,207
23.3469,121.2050,¨Î¤ß,C0Z050,2017-01-14T15:00:00+08:00,704.0,159.0,0.7,10.7,-0.99,926.4,-99.0,2.0,-9.9,-99,-999,ªá½¬¿¤,21,¨ô·Ë¶m,207
23.3469,121.2050,¨Î¤ß,C0Z050,2017-01-14T16:00:00+08:00,704.0,154.0,0.5,10.6,-0.99,926.7,-99.0,2.0,-9.9,-99,-999,ªá½¬¿¤,21,¨ô·Ë¶m,207
23.3469,121.2050,¨Î¤ß,C0Z050,2017-01-14T17:00:00+08:00,704.0,0.0,0.0,10.8,-0.99,927.5,-99.0,2.0,-9.9,-99,-999,ªá½¬¿¤,21,¨ô·Ë¶m,207
23.3469,121.2050,¨Î¤ß,C0Z050,2017-01-14T18:00:00+08:00,704.0,157.0,0.4,10.5,-0.99,928.1,-99.0,2.0,-9.9,-99,-999,ªá½¬¿¤,21,¨ô·Ë¶m,207
23.3469,121.2050,¨Î¤ß,C0Z050,2017-01-14T19:00:00+08:00,704.0,0.0,0.0,10.5,-0.99,928.4,-99.0,2.0,-9.9,-99,-999,ªá½¬¿¤,21,¨ô·Ë¶m,207
23.3469,121.2050,¨Î¤ß,C0Z050,2017-01-14T20:00:00+08:00,704.0,0.0,0.0,10.7,-0.99,928.9,-99.0,2.0,-9.9,-99,-999,ªá½¬¿¤,21,¨ô·Ë¶m,207
23.3469,121.2050,¨Î¤ß,C0Z050,2017-01-14T21:00:00+08:00,704.0,0.0,0.0,10.7,-0.99,929.2,-99.0,2.0,-9.9,-99,-999,ªá½¬¿¤,21,¨ô·Ë¶m,207
23.3469,121.2050,¨Î¤ß,C0Z050,2017-01-14T22:00:00+08:00,704.0,0.0,0.0,10.9,-0.99,929.1,-99.0,2.0,-9.9,-99,-999,ªá½¬¿¤,21,¨ô·Ë¶m,207
23.3469,121.2050,¨Î¤ß,C0Z050,2017-01-14T23:00:00+08:00,704.0,156.0,0.6,10.7,-0.99,929.0,-99.0,2.0,-9.9,-99,-999,ªá½¬¿¤,21,¨ô·Ë¶m,207
23.3469,121.2050,¨Î¤ß,C0Z050,2017-01-15T00:00:00+08:00,704.0,0.0,0.0,10.6,-0.99,929.0,-99.0,2.0,-9.9,-99,-999,ªá½¬¿¤,21,¨ô·Ë¶m,207
23.3469,121.2050,¨Î¤ß,C0Z050,2017-01-15T01:00:00+08:00,704.0,0.0,0.0,10.7,-0.99,929.0,-99.0,0.5,-9.9,-99,-999,ªá½¬¿¤,21,¨ô·Ë¶m,207
23.3469,121.2050,¨Î¤ß,C0Z050,2017-01-15T02:00:00+08:00,704.0,0.0,0.2,10.6,-0.99,928.6,-99.0,0.5,-9.9,-99,-999,ªá½¬¿¤,21,¨ô·Ë¶m,207
23.3469,121.2050,¨Î¤ß,C0Z050,2017-01-15T03:00:00+08:00,704.0,0.0,0.0,10.6,-0.99,928.4,-99.0,0.5,-9.9,-99,-999,ªá½¬¿¤,21,¨ô·Ë¶m,207
23.3469,121.2050,¨Î¤ß,C0Z050,2017-01-15T04:00:00+08:00,704.0,0.0,0.1,10.7,-0.99,928.4,-99.0,0.5,-9.9,-99,-999,ªá½¬¿¤,21,¨ô·Ë¶m,207
23.3469,121.2050,¨Î¤ß,C0Z050,2017-01-15T05:00:00+08:00,704.0,155.0,0.3,10.4,-0.99,928.9,-99.0,0.5,-9.9,-99,-999,ªá½¬¿¤,21,¨ô·Ë¶m,207
23.3469,121.2050,¨Î¤ß,C0Z050,2017-01-15T06:00:00+08:00,704.0,154.0,0.6,10.4,-0.99,929.4,-99.0,0.5,-9.9,-99,-999,ªá½¬¿¤,21,¨ô·Ë¶m,207
23.3469,121.2050,¨Î¤ß,C0Z050,2017-01-15T07:00:00+08:00,704.0,0.0,0.0,10.5,-0.99,929.3,-99.0,0.5,-9.9,-99,-999,ªá½¬¿¤,21,¨ô·Ë¶m,207
23.3469,121.2050,¨Î¤ß,C0Z050,2017-01-15T08:00:00+08:00,704.0,0.0,0.0,10.9,-0.99,929.8,-99.0,0.5,-9.9,-99,-999,ªá½¬¿¤,21,¨ô·Ë¶m,207
23.3469,121.2050,¨Î¤ß,C0Z050,2017-01-15T09:00:00+08:00,704.0,148.0,0.3,10.7,-0.99,930.1,-99.0,0.5,-9.9,-99,-999,ªá½¬¿¤,21,¨ô·Ë¶m,207
23.3469,121.2050,¨Î¤ß,C0Z050,2017-01-15T10:00:00+08:00,704.0,149.0,0.6,11.2,-0.99,929.9,-99.0,0.5,-9.9,-99,-999,ªá½¬¿¤,21,¨ô·Ë¶m,207
23.3469,121.2050,¨Î¤ß,C0Z050,2017-01-15T11:00:00+08:00,704.0,155.0,0.8,11.1,-0.99,929.2,-99.0,0.5,-9.9,-99,-999,ªá½¬¿¤,21,¨ô·Ë¶m,207
23.3469,121.2050,¨Î¤ß,C0Z050,2017-01-15T12:00:00+08:00,704.0,157.0,0.9,11.4,-0.99,928.6,-99.0,0.5,-9.9,-99,-999,ªá½¬¿¤,21,¨ô·Ë¶m,207
23.3469,121.2050,¨Î¤ß,C0Z050,2017-01-15T13:00:00+08:00,704.0,155.0,0.8,11.1,-0.99,927.6,-99.0,0.5,-9.9,-99,-999,ªá½¬¿¤,21,¨ô·Ë¶m,207
23.3469,121.2050,¨Î¤ß,C0Z050,2017-01-15T14:00:00+08:00,704.0,151.0,0.7,11.3,-0.99,926.9,-99.0,0.5,-9.9,-99,-999,ªá½¬¿¤,21,¨ô·Ë¶m,207
23.3469,121.2050,¨Î¤ß,C0Z050,2017-01-15T15:00:00+08:00,704.0,157.0,0.9,10.8,-0.99,927.0,-99.0,0.5,-9.9,-99,-999,ªá½¬¿¤,21,¨ô·Ë¶m,207
23.3469,121.2050,¨Î¤ß,C0Z050,2017-01-15T16:00:00+08:00,704.0,158.0,0.9,10.7,-0.99,927.6,-99.0,0.5,-9.9,-99,-999,ªá½¬¿¤,21,¨ô·Ë¶m,207
23.3469,121.2050,¨Î¤ß,C0Z050,2017-01-15T17:00:00+08:00,704.0,157.0,0.3,10.8,-0.99,927.9,-99.0,0.5,-9.9,-99,-999,ªá½¬¿¤,21,¨ô·Ë¶m,207
23.3469,121.2050,¨Î¤ß,C0Z050,2017-01-15T18:00:00+08:00,704.0,150.0,0.4,10.6,-0.99,928.6,-99.0,0.5,-9.9,-99,-999,ªá½¬¿¤,21,¨ô·Ë¶m,207
23.3469,121.2050,¨Î¤ß,C0Z050,2017-01-15T19:00:00+08:00,704.0,0.0,0.2,10.7,-0.99,928.7,-99.0,1.0,-9.9,-99,-999,ªá½¬¿¤,21,¨ô·Ë¶m,207
23.3469,121.2050,¨Î¤ß,C0Z050,2017-01-15T20:00:00+08:00,704.0,0.0,0.0,10.7,-0.99,929.1,-99.0,1.0,-9.9,-99,-999,ªá½¬¿¤,21,¨ô·Ë¶m,207
23.3469,121.2050,¨Î¤ß,C0Z050,2017-01-15T21:00:00+08:00,704.0,0.0,0.0,10.6,-0.99,929.4,-99.0,1.0,-9.9,-99,-999,ªá½¬¿¤,21,¨ô·Ë¶m,207
23.3469,121.2050,¨Î¤ß,C0Z050,2017-01-15T22:00:00+08:00,704.0,0.0,0.0,10.6,-0.99,929.2,-99.0,1.0,-9.9,-99,-999,ªá½¬¿¤,21,¨ô·Ë¶m,207
23.3469,121.2050,¨Î¤ß,C0Z050,2017-01-15T23:00:00+08:00,704.0,0.0,0.0,10.9,-0.99,929.0,-99.0,1.0,-9.9,-99,-999,ªá½¬¿¤,21,¨ô·Ë¶m,207
23.3469,121.2050,¨Î¤ß,C0Z050,2017-01-16T00:00:00+08:00,704.0,0.0,0.0,10.7,-0.99,928.8,-99.0,1.0,-9.9,-99,-999,ªá½¬¿¤,21,¨ô·Ë¶m,207
23.3469,121.2050,¨Î¤ß,C0Z050,2017-01-16T01:00:00+08:00,704.0,0.0,0.0,11.0,-0.99,928.5,-99.0,0.0,-9.9,-99,-999,ªá½¬¿¤,21,¨ô·Ë¶m,207
23.3469,121.2050,¨Î¤ß,C0Z050,2017-01-16T02:00:00+08:00,704.0,0.0,0.0,10.8,-0.99,928.1,-99.0,0.0,-9.9,-99,-999,ªá½¬¿¤,21,¨ô·Ë¶m,207
23.3469,121.2050,¨Î¤ß,C0Z050,2017-01-16T03:00:00+08:00,704.0,0.0,0.0,10.8,-0.99,928.0,-99.0,0.5,-9.9,-99,-999,ªá½¬¿¤,21,¨ô·Ë¶m,207
23.3469,121.2050,¨Î¤ß,C0Z050,2017-01-16T04:00:00+08:00,704.0,0.0,0.0,10.8,-0.99,928.2,-99.0,0.5,-9.9,-99,-999,ªá½¬¿¤,21,¨ô·Ë¶m,207
23.3469,121.2050,¨Î¤ß,C0Z050,2017-01-16T05:00:00+08:00,704.0,0.0,0.0,10.8,-0.99,928.5,-99.0,0.5,-9.9,-99,-999,ªá½¬¿¤,21,¨ô·Ë¶m,207
23.3469,121.2050,¨Î¤ß,C0Z050,2017-01-16T06:00:00+08:00,704.0,154.0,0.6,10.7,-0.99,929.2,-99.0,0.5,-9.9,-99,-999,ªá½¬¿¤,21,¨ô·Ë¶m,207
23.3469,121.2050,¨Î¤ß,C0Z050,2017-01-16T07:00:00+08:00,704.0,0.0,0.0,10.6,-0.99,929.7,-99.0,0.5,-9.9,-99,-999,ªá½¬¿¤,21,¨ô·Ë¶m,207
23.3469,121.2050,¨Î¤ß,C0Z050,2017-01-16T08:00:00+08:00,704.0,0.0,0.0,11.2,-0.99,930.3,-99.0,0.5,-9.9,-99,-999,ªá½¬¿¤,21,¨ô·Ë¶m,207
23.3469,121.2050,¨Î¤ß,C0Z050,2017-01-16T10:00:00+08:00,704.0,151.0,0.9,11.7,-0.99,930.4,-99.0,0.5,-9.9,-99,-999,ªá½¬¿¤,21,¨ô·Ë¶m,207
23.3469,121.2050,¨Î¤ß,C0Z050,2017-01-16T11:00:00+08:00,704.0,159.0,1.1,11.9,-0.99,930.0,-99.0,0.5,-9.9,-99,-999,ªá½¬¿¤,21,¨ô·Ë¶m,207
23.3469,121.2050,¨Î¤ß,C0Z050,2017-01-16T12:00:00+08:00,704.0,152.0,0.5,12.5,-0.99,929.2,-99.0,0.5,-9.9,-99,-999,ªá½¬¿¤,21,¨ô·Ë¶m,207
23.3469,121.2050,¨Î¤ß,C0Z050,2017-01-16T13:00:00+08:00,704.0,153.0,0.9,12.3,-0.99,928.4,-99.0,0.5,-9.9,-99,-999,ªá½¬¿¤,21,¨ô·Ë¶m,207
23.3469,121.2050,¨Î¤ß,C0Z050,2017-01-16T14:00:00+08:00,704.0,151.0,0.8,12.8,-0.99,927.9,-99.0,0.5,-9.9,-99,-999,ªá½¬¿¤,21,¨ô·Ë¶m,207
23.3469,121.2050,¨Î¤ß,C0Z050,2017-01-16T15:00:00+08:00,704.0,156.0,1.0,12.3,-0.99,927.8,-99.0,0.5,-9.9,-99,-999,ªá½¬¿¤,21,¨ô·Ë¶m,207
23.3469,121.2050,¨Î¤ß,C0Z050,2017-01-16T16:00:00+08:00,704.0,146.0,0.5,12.0,-0.99,928.0,-99.0,0.5,-9.9,-99,-999,ªá½¬¿¤,21,¨ô·Ë¶m,207
23.3469,121.2050,¨Î¤ß,C0Z050,2017-01-16T17:00:00+08:00,704.0,155.0,0.4,11.9,-0.99,928.8,-99.0,0.5,-9.9,-99,-999,ªá½¬¿¤,21,¨ô·Ë¶m,207
23.3469,121.2050,¨Î¤ß,C0Z050,2017-01-16T18:00:00+08:00,704.0,0.0,0.1,11.5,-0.99,929.5,-99.0,0.5,-9.9,-99,-999,ªá½¬¿¤,21,¨ô·Ë¶m,207
23.3469,121.2050,¨Î¤ß,C0Z050,2017-01-16T19:00:00+08:00,704.0,0.0,0.0,11.4,-0.99,930.2,-99.0,0.5,-9.9,-99,-999,ªá½¬¿¤,21,¨ô·Ë¶m,207
23.3469,121.2050,¨Î¤ß,C0Z050,2017-01-16T20:00:00+08:00,704.0,0.0,0.0,11.4,-0.99,930.4,-99.0,0.5,-9.9,-99,-999,ªá½¬¿¤,21,¨ô·Ë¶m,207
23.3469,121.2050,¨Î¤ß,C0Z050,2017-01-16T21:00:00+08:00,704.0,0.0,0.0,11.1,-0.99,930.8,-99.0,0.5,-9.9,-99,-999,ªá½¬¿¤,21,¨ô·Ë¶m,207
23.3469,121.2050,¨Î¤ß,C0Z050,2017-01-16T22:00:00+08:00,704.0,0.0,0.0,11.0,-0.99,931.1,-99.0,0.5,-9.9,-99,-999,ªá½¬¿¤,21,¨ô·Ë¶m,207
23.3469,121.2050,¨Î¤ß,C0Z050,2017-01-16T23:00:00+08:00,704.0,0.0,0.0,11.0,-0.99,931.2,-99.0,0.5,-9.9,-99,-999,ªá½¬¿¤,21,¨ô·Ë¶m,207
23.3469,121.2050,¨Î¤ß,C0Z050,2017-01-17T00:00:00+08:00,704.0,0.0,0.0,10.9,-0.99,930.7,-99.0,0.5,-9.9,-99,-999,ªá½¬¿¤,21,¨ô·Ë¶m,207
23.3469,121.2050,¨Î¤ß,C0Z050,2017-01-17T01:00:00+08:00,704.0,0.0,0.0,10.6,-0.99,930.4,-99.0,0.0,-9.9,-99,-999,ªá½¬¿¤,21,¨ô·Ë¶m,207
23.3469,121.2050,¨Î¤ß,C0Z050,2017-01-17T02:00:00+08:00,704.0,0.0,0.0,10.5,-0.99,930.3,-99.0,0.0,-9.9,-99,-999,ªá½¬¿¤,21,¨ô·Ë¶m,207
23.3469,121.2050,¨Î¤ß,C0Z050,2017-01-17T03:00:00+08:00,704.0,0.0,0.0,10.1,-0.99,930.3,-99.0,0.0,-9.9,-99,-999,ªá½¬¿¤,21,¨ô·Ë¶m,207
23.3469,121.2050,¨Î¤ß,C0Z050,2017-01-17T04:00:00+08:00,704.0,0.0,0.0,10.0,-0.99,929.8,-99.0,0.0,-9.9,-99,-999,ªá½¬¿¤,21,¨ô·Ë¶m,207
23.3469,121.2050,¨Î¤ß,C0Z050,2017-01-17T05:00:00+08:00,704.0,0.0,0.1,10.0,-0.99,930.2,-99.0,0.0,-9.9,-99,-999,ªá½¬¿¤,21,¨ô·Ë¶m,207
23.3469,121.2050,¨Î¤ß,C0Z050,2017-01-17T06:00:00+08:00,704.0,0.0,0.0,9.9,-0.99,930.9,-99.0,0.0,-9.9,-99,-999,ªá½¬¿¤,21,¨ô·Ë¶m,207
23.3469,121.2050,¨Î¤ß,C0Z050,2017-01-17T07:00:00+08:00,704.0,0.0,0.0,10.3,-0.99,931.2,-99.0,0.0,-9.9,-99,-999,ªá½¬¿¤,21,¨ô·Ë¶m,207
23.3469,121.2050,¨Î¤ß,C0Z050,2017-01-17T08:00:00+08:00,704.0,0.0,0.0,10.9,-0.99,931.8,-99.0,0.0,-9.9,-99,-999,ªá½¬¿¤,21,¨ô·Ë¶m,207
23.3469,121.2050,¨Î¤ß,C0Z050,2017-01-17T09:00:00+08:00,704.0,0.0,0.0,11.7,-0.99,932.2,-99.0,0.0,-9.9,-99,-999,ªá½¬¿¤,21,¨ô·Ë¶m,207
23.3469,121.2050,¨Î¤ß,C0Z050,2017-01-17T10:00:00+08:00,704.0,0.0,0.0,13.2,-0.99,932.2,-99.0,0.0,-9.9,-99,-999,ªá½¬¿¤,21,¨ô·Ë¶m,207
23.3469,121.2050,¨Î¤ß,C0Z050,2017-01-17T11:00:00+08:00,704.0,0.0,0.2,14.5,-0.99,931.5,-99.0,0.0,-9.9,-99,-999,ªá½¬¿¤,21,¨ô·Ë¶m,207
23.3469,121.2050,¨Î¤ß,C0Z050,2017-01-17T12:00:00+08:00,704.0,157.0,0.9,14.5,-0.99,930.6,-99.0,0.0,-9.9,-99,-999,ªá½¬¿¤,21,¨ô·Ë¶m,207
23.3469,121.2050,¨Î¤ß,C0Z050,2017-01-17T13:00:00+08:00,704.0,155.0,0.8,14.2,-0.99,929.8,-99.0,0.0,-9.9,-99,-999,ªá½¬¿¤,21,¨ô·Ë¶m,207
23.3469,121.2050,¨Î¤ß,C0Z050,2017-01-17T14:00:00+08:00,704.0,0.0,0.0,14.6,-0.99,929.3,-99.0,0.0,-9.9,-99,-999,ªá½¬¿¤,21,¨ô·Ë¶m,207
23.3469,121.2050,¨Î¤ß,C0Z050,2017-01-17T15:00:00+08:00,704.0,154.0,0.4,14.6,-0.99,929.1,-99.0,0.0,-9.9,-99,-999,ªá½¬¿¤,21,¨ô·Ë¶m,207
23.3469,121.2050,¨Î¤ß,C0Z050,2017-01-17T16:00:00+08:00,704.0,0.0,0.0,14.3,-0.99,929.5,-99.0,0.0,-9.9,-99,-999,ªá½¬¿¤,21,¨ô·Ë¶m,207
23.3469,121.2050,¨Î¤ß,C0Z050,2017-01-17T17:00:00+08:00,704.0,0.0,0.0,14.1,-0.99,929.9,-99.0,0.0,-9.9,-99,-999,ªá½¬¿¤,21,¨ô·Ë¶m,207
23.3469,121.2050,¨Î¤ß,C0Z050,2017-01-17T18:00:00+08:00,704.0,0.0,0.0,13.9,-0.99,930.4,-99.0,0.0,-9.9,-99,-999,ªá½¬¿¤,21,¨ô·Ë¶m,207
23.3469,121.2050,¨Î¤ß,C0Z050,2017-01-17T19:00:00+08:00,704.0,0.0,0.0,13.7,-0.99,931.1,-99.0,0.0,-9.9,-99,-999,ªá½¬¿¤,21,¨ô·Ë¶m,207
23.3469,121.2050,¨Î¤ß,C0Z050,2017-01-17T20:00:00+08:00,704.0,0.0,0.0,13.4,-0.99,931.4,-99.0,0.0,-9.9,-99,-999,ªá½¬¿¤,21,¨ô·Ë¶m,207
23.3469,121.2050,¨Î¤ß,C0Z050,2017-01-17T21:00:00+08:00,704.0,0.0,0.0,12.9,-0.99,931.8,-99.0,0.0,-9.9,-99,-999,ªá½¬¿¤,21,¨ô·Ë¶m,207
23.3469,121.2050,¨Î¤ß,C0Z050,2017-01-17T22:00:00+08:00,704.0,0.0,0.1,12.7,-0.99,931.8,-99.0,0.0,-9.9,-99,-999,ªá½¬¿¤,21,¨ô·Ë¶m,207
23.3469,121.2050,¨Î¤ß,C0Z050,2017-01-17T23:00:00+08:00,704.0,0.0,0.0,12.9,-0.99,931.9,-99.0,0.0,-9.9,-99,-999,ªá½¬¿¤,21,¨ô·Ë¶m,207
23.3469,121.2050,¨Î¤ß,C0Z050,2017-01-18T00:00:00+08:00,704.0,0.0,0.2,13.3,-0.99,931.4,-99.0,0.0,-9.9,-99,-999,ªá½¬¿¤,21,¨ô·Ë¶m,207
23.3469,121.2050,¨Î¤ß,C0Z050,2017-01-18T01:00:00+08:00,704.0,0.0,0.2,13.1,-0.99,931.2,-99.0,0.0,-9.9,-99,-999,ªá½¬¿¤,21,¨ô·Ë¶m,207
23.3469,121.2050,¨Î¤ß,C0Z050,2017-01-18T02:00:00+08:00,704.0,0.0,0.1,12.7,-0.99,931.1,-99.0,0.0,-9.9,-99,-999,ªá½¬¿¤,21,¨ô·Ë¶m,207
23.3469,121.2050,¨Î¤ß,C0Z050,2017-01-18T03:00:00+08:00,704.0,0.0,0.0,12.4,-0.99,930.5,-99.0,0.0,-9.9,-99,-999,ªá½¬¿¤,21,¨ô·Ë¶m,207
23.3469,121.2050,¨Î¤ß,C0Z050,2017-01-18T04:00:00+08:00,704.0,0.0,0.1,12.8,-0.99,930.7,-99.0,0.0,-9.9,-99,-999,ªá½¬¿¤,21,¨ô·Ë¶m,207
23.3469,121.2050,¨Î¤ß,C0Z050,2017-01-18T05:00:00+08:00,704.0,0.0,0.1,12.5,-0.99,930.8,-99.0,0.0,-9.9,-99,-999,ªá½¬¿¤,21,¨ô·Ë¶m,207
23.3469,121.2050,¨Î¤ß,C0Z050,2017-01-18T06:00:00+08:00,704.0,308.0,0.3,12.6,-0.99,931.1,-99.0,0.0,-9.9,-99,-999,ªá½¬¿¤,21,¨ô·Ë¶m,207
23.3469,121.2050,¨Î¤ß,C0Z050,2017-01-18T07:00:00+08:00,704.0,322.0,0.4,13.0,-0.99,931.3,-99.0,0.0,-9.9,-99,-999,ªá½¬¿¤,21,¨ô·Ë¶m,207
23.3469,121.2050,¨Î¤ß,C0Z050,2017-01-18T08:00:00+08:00,704.0,0.0,0.0,13.1,-0.99,932.1,-99.0,0.0,-9.9,-99,-999,ªá½¬¿¤,21,¨ô·Ë¶m,207
23.3469,121.2050,¨Î¤ß,C0Z050,2017-01-18T10:00:00+08:00,704.0,0.0,0.1,16.5,-0.99,931.9,-99.0,0.0,-9.9,-99,-999,ªá½¬¿¤,21,¨ô·Ë¶m,207
23.3469,121.2050,¨Î¤ß,C0Z050,2017-01-18T11:00:00+08:00,704.0,148.0,1.3,20.7,-0.99,931.2,-99.0,0.0,-9.9,-99,-999,ªá½¬¿¤,21,¨ô·Ë¶m,207
23.3469,121.2050,¨Î¤ß,C0Z050,2017-01-18T12:00:00+08:00,704.0,153.0,1.1,19.3,-0.99,930.2,-99.0,0.0,-9.9,-99,-999,ªá½¬¿¤,21,¨ô·Ë¶m,207
23.3469,121.2050,¨Î¤ß,C0Z050,2017-01-18T13:00:00+08:00,704.0,156.0,1.3,17.6,-0.99,929.6,-99.0,0.0,-9.9,-99,-999,ªá½¬¿¤,21,¨ô·Ë¶m,207
23.3469,121.2050,¨Î¤ß,C0Z050,2017-01-18T14:00:00+08:00,704.0,156.0,1.1,17.8,-0.99,928.7,-99.0,0.0,-9.9,-99,-999,ªá½¬¿¤,21,¨ô·Ë¶m,207
23.3469,121.2050,¨Î¤ß,C0Z050,2017-01-18T15:00:00+08:00,704.0,154.0,0.9,17.8,-0.99,928.5,-99.0,0.0,-9.9,-99,-999,ªá½¬¿¤,21,¨ô·Ë¶m,207
23.3469,121.2050,¨Î¤ß,C0Z050,2017-01-18T16:00:00+08:00,704.0,157.0,0.8,17.5,-0.99,928.7,-99.0,0.0,-9.9,-99,-999,ªá½¬¿¤,21,¨ô·Ë¶m,207
23.3469,121.2050,¨Î¤ß,C0Z050,2017-01-18T17:00:00+08:00,704.0,159.0,0.8,17.0,-0.99,928.9,-99.0,0.0,-9.9,-99,-999,ªá½¬¿¤,21,¨ô·Ë¶m,207
23.3469,121.2050,¨Î¤ß,C0Z050,2017-01-18T18:00:00+08:00,704.0,159.0,0.6,16.4,-0.99,929.3,-99.0,0.0,-9.9,-99,-999,ªá½¬¿¤,21,¨ô·Ë¶m,207
23.3469,121.2050,¨Î¤ß,C0Z050,2017-01-18T19:00:00+08:00,704.0,0.0,0.2,16.1,-0.99,929.8,-99.0,0.0,-9.9,-99,-999,ªá½¬¿¤,21,¨ô·Ë¶m,207
23.3469,121.2050,¨Î¤ß,C0Z050,2017-01-18T20:00:00+08:00,704.0,0.0,0.0,15.9,-0.99,930.0,-99.0,0.0,-9.9,-99,-999,ªá½¬¿¤,21,¨ô·Ë¶m,207
23.3469,121.2050,¨Î¤ß,C0Z050,2017-01-18T21:00:00+08:00,704.0,0.0,0.0,15.9,-0.99,930.2,-99.0,0.0,-9.9,-99,-999,ªá½¬¿¤,21,¨ô·Ë¶m,207
23.3469,121.2050,¨Î¤ß,C0Z050,2017-01-18T22:00:00+08:00,704.0,0.0,0.1,15.6,-0.99,930.3,-99.0,0.0,-9.9,-99,-999,ªá½¬¿¤,21,¨ô·Ë¶m,207
23.3469,121.2050,¨Î¤ß,C0Z050,2017-01-18T23:00:00+08:00,704.0,0.0,0.0,15.2,-0.99,930.2,-99.0,0.0,-9.9,-99,-999,ªá½¬¿¤,21,¨ô·Ë¶m,207
23.3469,121.2050,¨Î¤ß,C0Z050,2017-01-19T00:00:00+08:00,704.0,0.0,0.1,14.8,-0.99,929.8,-99.0,0.0,-9.9,-99,-999,ªá½¬¿¤,21,¨ô·Ë¶m,207
23.3469,121.2050,¨Î¤ß,C0Z050,2017-01-19T01:00:00+08:00,704.0,0.0,0.0,14.5,-0.99,929.5,-99.0,0.0,-9.9,-99,-999,ªá½¬¿¤,21,¨ô·Ë¶m,207
23.3469,121.2050,¨Î¤ß,C0Z050,2017-01-19T02:00:00+08:00,704.0,0.0,0.0,14.3,-0.99,929.2,-99.0,0.0,-9.9,-99,-999,ªá½¬¿¤,21,¨ô·Ë¶m,207
23.3469,121.2050,¨Î¤ß,C0Z050,2017-01-19T03:00:00+08:00,704.0,0.0,0.1,14.0,-0.99,929.2,-99.0,0.0,-9.9,-99,-999,ªá½¬¿¤,21,¨ô·Ë¶m,207
23.3469,121.2050,¨Î¤ß,C0Z050,2017-01-19T04:00:00+08:00,704.0,0.0,0.0,13.5,-0.99,929.1,-99.0,0.0,-9.9,-99,-999,ªá½¬¿¤,21,¨ô·Ë¶m,207
23.3469,121.2050,¨Î¤ß,C0Z050,2017-01-19T05:00:00+08:00,704.0,0.0,0.0,13.9,-0.99,929.1,-99.0,0.0,-9.9,-99,-999,ªá½¬¿¤,21,¨ô·Ë¶m,207
23.3469,121.2050,¨Î¤ß,C0Z050,2017-01-19T06:00:00+08:00,704.0,0.0,0.1,13.9,-0.99,929.4,-99.0,0.0,-9.9,-99,-999,ªá½¬¿¤,21,¨ô·Ë¶m,207
23.3469,121.2050,¨Î¤ß,C0Z050,2017-01-19T07:00:00+08:00,704.0,0.0,0.0,14.0,-0.99,930.0,-99.0,0.0,-9.9,-99,-999,ªá½¬¿¤,21,¨ô·Ë¶m,207
23.3469,121.2050,¨Î¤ß,C0Z050,2017-01-19T08:00:00+08:00,704.0,0.0,0.0,14.5,-0.99,930.3,-99.0,0.0,-9.9,-99,-999,ªá½¬¿¤,21,¨ô·Ë¶m,207
23.3469,121.2050,¨Î¤ß,C0Z050,2017-01-19T09:00:00+08:00,704.0,0.0,0.2,16.7,-0.99,930.9,-99.0,0.0,-9.9,-99,-999,ªá½¬¿¤,21,¨ô·Ë¶m,207
23.3469,121.2050,¨Î¤ß,C0Z050,2017-01-19T10:00:00+08:00,704.0,144.0,0.9,19.8,-0.99,930.7,-99.0,0.0,-9.9,-99,-999,ªá½¬¿¤,21,¨ô·Ë¶m,207
23.3469,121.2050,¨Î¤ß,C0Z050,2017-01-19T11:00:00+08:00,704.0,149.0,1.1,21.9,-0.99,929.8,-99.0,0.0,-9.9,-99,-999,ªá½¬¿¤,21,¨ô·Ë¶m,207
23.3469,121.2050,¨Î¤ß,C0Z050,2017-01-19T12:00:00+08:00,704.0,148.0,1.3,20.2,-0.99,928.9,-99.0,0.0,-9.9,-99,-999,ªá½¬¿¤,21,¨ô·Ë¶m,207
23.3469,121.2050,¨Î¤ß,C0Z050,2017-01-19T13:00:00+08:00,704.0,161.0,1.7,18.3,-0.99,927.9,-99.0,0.0,-9.9,-99,-999,ªá½¬¿¤,21,¨ô·Ë¶m,207
23.3469,121.2050,¨Î¤ß,C0Z050,2017-01-19T14:00:00+08:00,704.0,159.0,1.4,18.2,-0.99,927.2,-99.0,0.0,-9.9,-99,-999,ªá½¬¿¤,21,¨ô·Ë¶m,207
23.3469,121.2050,¨Î¤ß,C0Z050,2017-01-19T15:00:00+08:00,704.0,156.0,0.9,17.5,-0.99,927.0,-99.0,0.0,-9.9,-99,-999,ªá½¬¿¤,21,¨ô·Ë¶m,207
23.3469,121.2050,¨Î¤ß,C0Z050,2017-01-19T16:00:00+08:00,704.0,158.0,0.7,17.2,-0.99,927.0,-99.0,0.0,-9.9,-99,-999,ªá½¬¿¤,21,¨ô·Ë¶m,207
23.3469,121.2050,¨Î¤ß,C0Z050,2017-01-19T17:00:00+08:00,704.0,161.0,0.7,16.6,-0.99,927.3,-99.0,0.0,-9.9,-99,-999,ªá½¬¿¤,21,¨ô·Ë¶m,207
23.3469,121.2050,¨Î¤ß,C0Z050,2017-01-19T18:00:00+08:00,704.0,157.0,0.9,16.1,-0.99,927.6,-99.0,0.0,-9.9,-99,-999,ªá½¬¿¤,21,¨ô·Ë¶m,207
23.3469,121.2050,¨Î¤ß,C0Z050,2017-01-19T19:00:00+08:00,704.0,156.0,0.5,15.9,-0.99,928.1,-99.0,0.0,-9.9,-99,-999,ªá½¬¿¤,21,¨ô·Ë¶m,207
23.3469,121.2050,¨Î¤ß,C0Z050,2017-01-19T20:00:00+08:00,704.0,0.0,0.1,16.0,-0.99,928.5,-99.0,0.0,-9.9,-99,-999,ªá½¬¿¤,21,¨ô·Ë¶m,207
23.3469,121.2050,¨Î¤ß,C0Z050,2017-01-19T21:00:00+08:00,704.0,0.0,0.0,16.0,-0.99,928.8,-99.0,0.0,-9.9,-99,-999,ªá½¬¿¤,21,¨ô·Ë¶m,207
23.3469,121.2050,¨Î¤ß,C0Z050,2017-01-19T22:00:00+08:00,704.0,0.0,0.2,15.9,-0.99,928.7,-99.0,0.5,-9.9,-99,-999,ªá½¬¿¤,21,¨ô·Ë¶m,207
23.3469,121.2050,¨Î¤ß,C0Z050,2017-01-19T23:00:00+08:00,704.0,0.0,0.0,15.2,-0.99,928.6,-99.0,0.5,-9.9,-99,-999,ªá½¬¿¤,21,¨ô·Ë¶m,207
23.3469,121.2050,¨Î¤ß,C0Z050,2017-01-20T00:00:00+08:00,704.0,0.0,0.0,14.7,-0.99,928.8,-99.0,0.5,-9.9,-99,-999,ªá½¬¿¤,21,¨ô·Ë¶m,207
23.3469,121.2050,¨Î¤ß,C0Z050,2017-01-20T01:00:00+08:00,704.0,0.0,0.1,14.0,-0.99,928.7,-99.0,0.0,-9.9,-99,-999,ªá½¬¿¤,21,¨ô·Ë¶m,207
23.3469,121.2050,¨Î¤ß,C0Z050,2017-01-20T02:00:00+08:00,704.0,0.0,0.0,13.7,-0.99,928.5,-99.0,0.0,-9.9,-99,-999,ªá½¬¿¤,21,¨ô·Ë¶m,207
23.3469,121.2050,¨Î¤ß,C0Z050,2017-01-20T03:00:00+08:00,704.0,0.0,0.2,13.1,-0.99,928.6,-99.0,0.0,-9.9,-99,-999,ªá½¬¿¤,21,¨ô·Ë¶m,207
23.3469,121.2050,¨Î¤ß,C0Z050,2017-01-20T04:00:00+08:00,704.0,0.0,0.0,13.1,-0.99,928.4,-99.0,0.0,-9.9,-99,-999,ªá½¬¿¤,21,¨ô·Ë¶m,207
23.3469,121.2050,¨Î¤ß,C0Z050,2017-01-20T05:00:00+08:00,704.0,0.0,0.0,13.0,-0.99,928.8,-99.0,0.0,-9.9,-99,-999,ªá½¬¿¤,21,¨ô·Ë¶m,207
23.3469,121.2050,¨Î¤ß,C0Z050,2017-01-20T06:00:00+08:00,704.0,0.0,0.0,12.9,-0.99,929.3,-99.0,0.0,-9.9,-99,-999,ªá½¬¿¤,21,¨ô·Ë¶m,207
23.3469,121.2050,¨Î¤ß,C0Z050,2017-01-20T07:00:00+08:00,704.0,0.0,0.0,12.8,-0.99,929.9,-99.0,0.0,-9.9,-99,-999,ªá½¬¿¤,21,¨ô·Ë¶m,207
23.3469,121.2050,¨Î¤ß,C0Z050,2017-01-20T08:00:00+08:00,704.0,0.0,0.0,13.7,-0.99,930.8,-99.0,0.0,-9.9,-99,-999,ªá½¬¿¤,21,¨ô·Ë¶m,207
23.3469,121.2050,¨Î¤ß,C0Z050,2017-01-20T09:00:00+08:00,704.0,151.0,0.6,13.3,-0.99,931.3,-99.0,0.0,-9.9,-99,-999,ªá½¬¿¤,21,¨ô·Ë¶m,207
23.3469,121.2050,¨Î¤ß,C0Z050,2017-01-20T10:00:00+08:00,704.0,159.0,0.9,13.1,-0.99,931.6,-99.0,0.0,-9.9,-99,-999,ªá½¬¿¤,21,¨ô·Ë¶m,207
23.3469,121.2050,¨Î¤ß,C0Z050,2017-01-20T11:00:00+08:00,704.0,165.0,1.3,12.8,-0.99,931.3,-99.0,0.0,-9.9,-99,-999,ªá½¬¿¤,21,¨ô·Ë¶m,207
23.3469,121.2050,¨Î¤ß,C0Z050,2017-01-20T12:00:00+08:00,704.0,160.0,1.3,12.7,-0.99,930.5,-99.0,0.0,-9.9,-99,-999,ªá½¬¿¤,21,¨ô·Ë¶m,207
23.3469,121.2050,¨Î¤ß,C0Z050,2017-01-20T13:00:00+08:00,704.0,164.0,1.5,12.2,-0.99,929.9,-99.0,0.0,-9.9,-99,-999,ªá½¬¿¤,21,¨ô·Ë¶m,207
23.3469,121.2050,¨Î¤ß,C0Z050,2017-01-20T14:00:00+08:00,704.0,158.0,1.0,12.1,-0.99,929.6,-99.0,0.0,-9.9,-99,-999,ªá½¬¿¤,21,¨ô·Ë¶m,207
23.3469,121.2050,¨Î¤ß,C0Z050,2017-01-20T15:00:00+08:00,704.0,162.0,1.5,11.6,-0.99,929.3,-99.0,0.0,-9.9,-99,-999,ªá½¬¿¤,21,¨ô·Ë¶m,207
23.3469,121.2050,¨Î¤ß,C0Z050,2017-01-20T16:00:00+08:00,704.0,161.0,1.4,11.1,-0.99,929.8,-99.0,0.0,-9.9,-99,-999,ªá½¬¿¤,21,¨ô·Ë¶m,207
23.3469,121.2050,¨Î¤ß,C0Z050,2017-01-20T17:00:00+08:00,704.0,162.0,1.1,10.6,-0.99,930.4,-99.0,0.0,-9.9,-99,-999,ªá½¬¿¤,21,¨ô·Ë¶m,207
23.3469,121.2050,¨Î¤ß,C0Z050,2017-01-20T18:00:00+08:00,704.0,161.0,1.3,10.0,-0.99,930.9,-99.0,0.0,-9.9,-99,-999,ªá½¬¿¤,21,¨ô·Ë¶m,207
23.3469,121.2050,¨Î¤ß,C0Z050,2017-01-20T19:00:00+08:00,704.0,159.0,1.3,9.3,-0.99,931.9,-99.0,0.0,-9.9,-99,-999,ªá½¬¿¤,21,¨ô·Ë¶m,207
23.3469,121.2050,¨Î¤ß,C0Z050,2017-01-20T20:00:00+08:00,704.0,160.0,1.1,9.0,-0.99,932.5,-99.0,0.0,-9.9,-99,-999,ªá½¬¿¤,21,¨ô·Ë¶m,207
23.3469,121.2050,¨Î¤ß,C0Z050,2017-01-20T21:00:00+08:00,704.0,157.0,1.1,8.6,-0.99,932.8,-99.0,0.0,-9.9,-99,-999,ªá½¬¿¤,21,¨ô·Ë¶m,207
23.3469,121.2050,¨Î¤ß,C0Z050,2017-01-20T22:00:00+08:00,704.0,160.0,0.7,8.7,-0.99,933.0,-99.0,0.0,-9.9,-99,-999,ªá½¬¿¤,21,¨ô·Ë¶m,207
23.3469,121.2050,¨Î¤ß,C0Z050,2017-01-20T23:00:00+08:00,704.0,158.0,0.9,8.2,-0.99,932.9,-99.0,0.0,-9.9,-99,-999,ªá½¬¿¤,21,¨ô·Ë¶m,207
23.3469,121.2050,¨Î¤ß,C0Z050,2017-01-21T00:00:00+08:00,704.0,155.0,0.8,8.0,-0.99,932.9,-99.0,0.0,-9.9,-99,-999,ªá½¬¿¤,21,¨ô·Ë¶m,207
23.3469,121.2050,¨Î¤ß,C0Z050,2017-01-21T01:00:00+08:00,704.0,0.0,0.2,8.1,-0.99,932.9,-99.0,0.0,-9.9,-99,-999,ªá½¬¿¤,21,¨ô·Ë¶m,207
23.3469,121.2050,¨Î¤ß,C0Z050,2017-01-21T02:00:00+08:00,704.0,0.0,0.0,8.0,-0.99,932.5,-99.0,0.0,-9.9,-99,-999,ªá½¬¿¤,21,¨ô·Ë¶m,207
23.3469,121.2050,¨Î¤ß,C0Z050,2017-01-21T03:00:00+08:00,704.0,149.0,0.3,7.9,-0.99,932.2,-99.0,0.0,-9.9,-99,-999,ªá½¬¿¤,21,¨ô·Ë¶m,207
23.3469,121.2050,¨Î¤ß,C0Z050,2017-01-21T04:00:00+08:00,704.0,150.0,0.6,8.0,-0.99,932.3,-99.0,0.0,-9.9,-99,-999,ªá½¬¿¤,21,¨ô·Ë¶m,207
23.3469,121.2050,¨Î¤ß,C0Z050,2017-01-21T05:00:00+08:00,704.0,0.0,0.0,8.2,-0.99,932.4,-99.0,0.0,-9.9,-99,-999,ªá½¬¿¤,21,¨ô·Ë¶m,207
23.3469,121.2050,¨Î¤ß,C0Z050,2017-01-21T06:00:00+08:00,704.0,158.0,0.6,8.0,-0.99,932.6,-99.0,0.0,-9.9,-99,-999,ªá½¬¿¤,21,¨ô·Ë¶m,207
23.3469,121.2050,¨Î¤ß,C0Z050,2017-01-21T07:00:00+08:00,704.0,0.0,0.0,7.9,-0.99,933.2,-99.0,0.0,-9.9,-99,-999,ªá½¬¿¤,21,¨ô·Ë¶m,207
23.3469,121.2050,¨Î¤ß,C0Z050,2017-01-21T08:00:00+08:00,704.0,0.0,0.0,9.0,-0.99,933.6,-99.0,0.0,-9.9,-99,-999,ªá½¬¿¤,21,¨ô·Ë¶m,207
23.3469,121.2050,¨Î¤ß,C0Z050,2017-01-21T10:00:00+08:00,704.0,150.0,0.8,9.5,-0.99,933.9,-99.0,0.0,-9.9,-99,-999,ªá½¬¿¤,21,¨ô·Ë¶m,207
23.3469,121.2050,¨Î¤ß,C0Z050,2017-01-21T11:00:00+08:00,704.0,143.0,0.4,10.4,-0.99,933.2,-99.0,0.0,-9.9,-99,-999,ªá½¬¿¤,21,¨ô·Ë¶m,207
23.3469,121.2050,¨Î¤ß,C0Z050,2017-01-21T12:00:00+08:00,704.0,139.0,0.5,11.5,-0.99,932.0,-99.0,0.0,-9.9,-99,-999,ªá½¬¿¤,21,¨ô·Ë¶m,207
23.3469,121.2050,¨Î¤ß,C0Z050,2017-01-21T13:00:00+08:00,704.0,142.0,0.4,11.4,-0.99,931.1,-99.0,0.0,-9.9,-99,-999,ªá½¬¿¤,21,¨ô·Ë¶m,207
23.3469,121.2050,¨Î¤ß,C0Z050,2017-01-21T14:00:00+08:00,704.0,152.0,0.8,11.5,-0.99,930.7,-99.0,0.0,-9.9,-99,-999,ªá½¬¿¤,21,¨ô·Ë¶m,207
23.3469,121.2050,¨Î¤ß,C0Z050,2017-01-21T15:00:00+08:00,704.0,146.0,0.7,11.8,-0.99,930.2,-99.0,0.0,-9.9,-99,-999,ªá½¬¿¤,21,¨ô·Ë¶m,207
23.3469,121.2050,¨Î¤ß,C0Z050,2017-01-21T16:00:00+08:00,704.0,153.0,0.6,11.7,-0.99,930.8,-99.0,0.0,-9.9,-99,-999,ªá½¬¿¤,21,¨ô·Ë¶m,207
23.3469,121.2050,¨Î¤ß,C0Z050,2017-01-21T17:00:00+08:00,704.0,155.0,0.5,11.3,-0.99,931.5,-99.0,0.0,-9.9,-99,-999,ªá½¬¿¤,21,¨ô·Ë¶m,207
23.3469,121.2050,¨Î¤ß,C0Z050,2017-01-21T18:00:00+08:00,704.0,0.0,0.0,11.0,-0.99,932.2,-99.0,0.0,-9.9,-99,-999,ªá½¬¿¤,21,¨ô·Ë¶m,207
23.3469,121.2050,¨Î¤ß,C0Z050,2017-01-21T19:00:00+08:00,704.0,0.0,0.0,11.1,-0.99,932.6,-99.0,0.0,-9.9,-99,-999,ªá½¬¿¤,21,¨ô·Ë¶m,207
23.3469,121.2050,¨Î¤ß,C0Z050,2017-01-21T20:00:00+08:00,704.0,0.0,0.1,11.1,-0.99,933.3,-99.0,0.0,-9.9,-99,-999,ªá½¬¿¤,21,¨ô·Ë¶m,207
23.3469,121.2050,¨Î¤ß,C0Z050,2017-01-21T21:00:00+08:00,704.0,0.0,0.0,11.0,-0.99,933.4,-99.0,0.0,-9.9,-99,-999,ªá½¬¿¤,21,¨ô·Ë¶m,207
23.3469,121.2050,¨Î¤ß,C0Z050,2017-01-21T22:00:00+08:00,704.0,0.0,0.0,10.8,-0.99,933.4,-99.0,0.0,-9.9,-99,-999,ªá½¬¿¤,21,¨ô·Ë¶m,207
23.3469,121.2050,¨Î¤ß,C0Z050,2017-01-21T23:00:00+08:00,704.0,0.0,0.0,10.9,-0.99,933.3,-99.0,0.0,-9.9,-99,-999,ªá½¬¿¤,21,¨ô·Ë¶m,207
23.3469,121.2050,¨Î¤ß,C0Z050,2017-01-22T00:00:00+08:00,704.0,0.0,0.0,10.8,-0.99,932.9,-99.0,0.0,-9.9,-99,-999,ªá½¬¿¤,21,¨ô·Ë¶m,207
23.3469,121.2050,¨Î¤ß,C0Z050,2017-01-22T01:00:00+08:00,704.0,0.0,0.0,10.7,-0.99,933.0,-99.0,0.0,-9.9,-99,-999,ªá½¬¿¤,21,¨ô·Ë¶m,207
23.3469,121.2050,¨Î¤ß,C0Z050,2017-01-22T02:00:00+08:00,704.0,0.0,0.0,10.9,-0.99,932.8,-99.0,0.0,-9.9,-99,-999,ªá½¬¿¤,21,¨ô·Ë¶m,207
23.3469,121.2050,¨Î¤ß,C0Z050,2017-01-22T03:00:00+08:00,704.0,0.0,0.0,10.9,-0.99,932.7,-99.0,0.0,-9.9,-99,-999,ªá½¬¿¤,21,¨ô·Ë¶m,207
23.3469,121.2050,¨Î¤ß,C0Z050,2017-01-22T04:00:00+08:00,704.0,0.0,0.0,10.9,-0.99,932.8,-99.0,0.0,-9.9,-99,-999,ªá½¬¿¤,21,¨ô·Ë¶m,207
23.3469,121.2050,¨Î¤ß,C0Z050,2017-01-22T05:00:00+08:00,704.0,0.0,0.0,10.9,-0.99,932.9,-99.0,0.0,-9.9,-99,-999,ªá½¬¿¤,21,¨ô·Ë¶m,207
23.3469,121.2050,¨Î¤ß,C0Z050,2017-01-22T06:00:00+08:00,704.0,150.0,0.4,10.8,-0.99,933.6,-99.0,0.0,-9.9,-99,-999,ªá½¬¿¤,21,¨ô·Ë¶m,207
23.3469,121.2050,¨Î¤ß,C0Z050,2017-01-22T07:00:00+08:00,704.0,0.0,0.1,10.7,-0.99,934.2,-99.0,0.0,-9.9,-99,-999,ªá½¬¿¤,21,¨ô·Ë¶m,207
23.3469,121.2050,¨Î¤ß,C0Z050,2017-01-22T08:00:00+08:00,704.0,157.0,0.7,10.6,-0.99,934.8,-99.0,0.0,-9.9,-99,-999,ªá½¬¿¤,21,¨ô·Ë¶m,207
23.3469,121.2050,¨Î¤ß,C0Z050,2017-01-22T09:00:00+08:00,704.0,160.0,1.1,10.5,-0.99,935.3,-99.0,0.5,-9.9,-99,-999,ªá½¬¿¤,21,¨ô·Ë¶m,207
23.3469,121.2050,¨Î¤ß,C0Z050,2017-01-22T10:00:00+08:00,704.0,158.0,0.9,10.5,-0.99,935.2,-99.0,0.5,-9.9,-99,-999,ªá½¬¿¤,21,¨ô·Ë¶m,207
23.3469,121.2050,¨Î¤ß,C0Z050,2017-01-22T11:00:00+08:00,704.0,162.0,1.3,10.5,-0.99,934.5,-99.0,0.5,-9.9,-99,-999,ªá½¬¿¤,21,¨ô·Ë¶m,207
23.3469,121.2050,¨Î¤ß,C0Z050,2017-01-22T12:00:00+08:00,704.0,148.0,0.7,10.4,-0.99,933.7,-99.0,0.5,-9.9,-99,-999,ªá½¬¿¤,21,¨ô·Ë¶m,207
23.3469,121.2050,¨Î¤ß,C0Z050,2017-01-22T13:00:00+08:00,704.0,152.0,0.7,10.3,-0.99,933.0,-99.0,0.5,-9.9,-99,-999,ªá½¬¿¤,21,¨ô·Ë¶m,207
23.3469,121.2050,¨Î¤ß,C0Z050,2017-01-22T14:00:00+08:00,704.0,153.0,0.7,10.2,-0.99,932.6,-99.0,0.5,-9.9,-99,-999,ªá½¬¿¤,21,¨ô·Ë¶m,207
23.3469,121.2050,¨Î¤ß,C0Z050,2017-01-22T15:00:00+08:00,704.0,161.0,1.1,9.8,-0.99,932.4,-99.0,0.5,-9.9,-99,-999,ªá½¬¿¤,21,¨ô·Ë¶m,207
23.3469,121.2050,¨Î¤ß,C0Z050,2017-01-22T16:00:00+08:00,704.0,161.0,1.1,9.7,-0.99,933.0,-99.0,0.5,-9.9,-99,-999,ªá½¬¿¤,21,¨ô·Ë¶m,207
23.3469,121.2050,¨Î¤ß,C0Z050,2017-01-22T17:00:00+08:00,704.0,150.0,0.7,9.2,-0.99,933.5,-99.0,0.5,-9.9,-99,-999,ªá½¬¿¤,21,¨ô·Ë¶m,207
23.3469,121.2050,¨Î¤ß,C0Z050,2017-01-22T18:00:00+08:00,704.0,158.0,0.9,9.1,-0.99,934.1,-99.0,0.5,-9.9,-99,-999,ªá½¬¿¤,21,¨ô·Ë¶m,207
23.3469,121.2050,¨Î¤ß,C0Z050,2017-01-22T19:00:00+08:00,704.0,162.0,0.9,9.1,-0.99,934.6,-99.0,0.5,-9.9,-99,-999,ªá½¬¿¤,21,¨ô·Ë¶m,207
23.3469,121.2050,¨Î¤ß,C0Z050,2017-01-22T20:00:00+08:00,704.0,161.0,0.3,9.1,-0.99,935.2,-99.0,0.5,-9.9,-99,-999,ªá½¬¿¤,21,¨ô·Ë¶m,207
23.3469,121.2050,¨Î¤ß,C0Z050,2017-01-22T21:00:00+08:00,704.0,159.0,0.7,8.6,-0.99,935.5,-99.0,0.5,-9.9,-99,-999,ªá½¬¿¤,21,¨ô·Ë¶m,207
23.3469,121.2050,¨Î¤ß,C0Z050,2017-01-22T22:00:00+08:00,704.0,157.0,0.7,8.5,-0.99,935.6,-99.0,0.5,-9.9,-99,-999,ªá½¬¿¤,21,¨ô·Ë¶m,207
23.3469,121.2050,¨Î¤ß,C0Z050,2017-01-22T23:00:00+08:00,704.0,0.0,0.0,8.5,-0.99,935.3,-99.0,0.5,-9.9,-99,-999,ªá½¬¿¤,21,¨ô·Ë¶m,207
23.3469,121.2050,¨Î¤ß,C0Z050,2017-01-23T00:00:00+08:00,704.0,0.0,0.0,8.4,-0.99,935.0,-99.0,0.5,-9.9,-99,-999,ªá½¬¿¤,21,¨ô·Ë¶m,207
23.3469,121.2050,¨Î¤ß,C0Z050,2017-01-23T01:00:00+08:00,704.0,0.0,0.0,8.4,-0.99,934.8,-99.0,0.0,-9.9,-99,-999,ªá½¬¿¤,21,¨ô·Ë¶m,207
23.3469,121.2050,¨Î¤ß,C0Z050,2017-01-23T02:00:00+08:00,704.0,0.0,0.0,8.5,-0.99,934.1,-99.0,0.0,-9.9,-99,-999,ªá½¬¿¤,21,¨ô·Ë¶m,207
23.3469,121.2050,¨Î¤ß,C0Z050,2017-01-23T03:00:00+08:00,704.0,0.0,0.0,8.4,-0.99,933.9,-99.0,0.0,-9.9,-99,-999,ªá½¬¿¤,21,¨ô·Ë¶m,207
23.3469,121.2050,¨Î¤ß,C0Z050,2017-01-23T04:00:00+08:00,704.0,0.0,0.0,8.8,-0.99,933.8,-99.0,0.0,-9.9,-99,-999,ªá½¬¿¤,21,¨ô·Ë¶m,207
23.3469,121.2050,¨Î¤ß,C0Z050,2017-01-23T05:00:00+08:00,704.0,0.0,0.2,8.8,-0.99,934.0,-99.0,0.0,-9.9,-99,-999,ªá½¬¿¤,21,¨ô·Ë¶m,207
23.3469,121.2050,¨Î¤ß,C0Z050,2017-01-23T06:00:00+08:00,704.0,0.0,0.0,8.7,-0.99,934.7,-99.0,0.0,-9.9,-99,-999,ªá½¬¿¤,21,¨ô·Ë¶m,207
23.3469,121.2050,¨Î¤ß,C0Z050,2017-01-23T07:00:00+08:00,704.0,0.0,0.0,8.6,-0.99,935.0,-99.0,0.0,-9.9,-99,-999,ªá½¬¿¤,21,¨ô·Ë¶m,207
23.3469,121.2050,¨Î¤ß,C0Z050,2017-01-23T08:00:00+08:00,704.0,0.0,0.0,9.0,-0.99,935.5,-99.0,0.0,-9.9,-99,-999,ªá½¬¿¤,21,¨ô·Ë¶m,207
23.3469,121.2050,¨Î¤ß,C0Z050,2017-01-23T09:00:00+08:00,704.0,0.0,0.0,9.9,-0.99,936.2,-99.0,0.0,-9.9,-99,-999,ªá½¬¿¤,21,¨ô·Ë¶m,207
23.3469,121.2050,¨Î¤ß,C0Z050,2017-01-23T10:00:00+08:00,704.0,0.0,0.0,10.2,-0.99,936.3,-99.0,0.0,-9.9,-99,-999,ªá½¬¿¤,21,¨ô·Ë¶m,207
23.3469,121.2050,¨Î¤ß,C0Z050,2017-01-23T11:00:00+08:00,704.0,156.0,0.6,10.7,-0.99,935.7,-99.0,0.0,-9.9,-99,-999,ªá½¬¿¤,21,¨ô·Ë¶m,207
23.3469,121.2050,¨Î¤ß,C0Z050,2017-01-23T12:00:00+08:00,704.0,153.0,0.7,10.7,-0.99,934.5,-99.0,0.0,-9.9,-99,-999,ªá½¬¿¤,21,¨ô·Ë¶m,207
23.3469,121.2050,¨Î¤ß,C0Z050,2017-01-23T13:00:00+08:00,704.0,156.0,0.9,10.0,-0.99,933.6,-99.0,0.0,-9.9,-99,-999,ªá½¬¿¤,21,¨ô·Ë¶m,207
23.3469,121.2050,¨Î¤ß,C0Z050,2017-01-23T14:00:00+08:00,704.0,156.0,1.0,9.8,-0.99,933.3,-99.0,0.0,-9.9,-99,-999,ªá½¬¿¤,21,¨ô·Ë¶m,207
23.3469,121.2050,¨Î¤ß,C0Z050,2017-01-23T15:00:00+08:00,704.0,155.0,0.5,9.8,-0.99,933.3,-99.0,0.0,-9.9,-99,-999,ªá½¬¿¤,21,¨ô·Ë¶m,207
23.3469,121.2050,¨Î¤ß,C0Z050,2017-01-23T16:00:00+08:00,704.0,151.0,0.3,9.7,-0.99,933.7,-99.0,0.0,-9.9,-99,-999,ªá½¬¿¤,21,¨ô·Ë¶m,207
23.3469,121.2050,¨Î¤ß,C0Z050,2017-01-23T17:00:00+08:00,704.0,146.0,0.3,9.6,-0.99,934.1,-99.0,0.5,-9.9,-99,-999,ªá½¬¿¤,21,¨ô·Ë¶m,207
23.3469,121.2050,¨Î¤ß,C0Z050,2017-01-23T18:00:00+08:00,704.0,0.0,0.2,9.5,-0.99,934.6,-99.0,0.5,-9.9,-99,-999,ªá½¬¿¤,21,¨ô·Ë¶m,207
23.3469,121.2050,¨Î¤ß,C0Z050,2017-01-23T19:00:00+08:00,704.0,153.0,0.3,9.6,-0.99,935.0,-99.0,0.5,-9.9,-99,-999,ªá½¬¿¤,21,¨ô·Ë¶m,207
23.3469,121.2050,¨Î¤ß,C0Z050,2017-01-23T20:00:00+08:00,704.0,150.0,0.5,9.6,-0.99,935.5,-99.0,0.5,-9.9,-99,-999,ªá½¬¿¤,21,¨ô·Ë¶m,207
23.3469,121.2050,¨Î¤ß,C0Z050,2017-01-23T21:00:00+08:00,704.0,0.0,0.0,9.6,-0.99,935.8,-99.0,0.5,-9.9,-99,-999,ªá½¬¿¤,21,¨ô·Ë¶m,207
23.3469,121.2050,¨Î¤ß,C0Z050,2017-01-23T22:00:00+08:00,704.0,0.0,0.0,9.3,-0.99,935.9,-99.0,0.5,-9.9,-99,-999,ªá½¬¿¤,21,¨ô·Ë¶m,207
23.3469,121.2050,¨Î¤ß,C0Z050,2017-01-23T23:00:00+08:00,704.0,0.0,0.0,9.3,-0.99,935.7,-99.0,0.5,-9.9,-99,-999,ªá½¬¿¤,21,¨ô·Ë¶m,207
23.3469,121.2050,¨Î¤ß,C0Z050,2017-01-24T00:00:00+08:00,704.0,0.0,0.0,9.3,-0.99,935.7,-99.0,0.5,-9.9,-99,-999,ªá½¬¿¤,21,¨ô·Ë¶m,207
23.3469,121.2050,¨Î¤ß,C0Z050,2017-01-24T01:00:00+08:00,704.0,0.0,0.0,9.4,-0.99,935.3,-99.0,0.0,-9.9,-99,-999,ªá½¬¿¤,21,¨ô·Ë¶m,207
23.3469,121.2050,¨Î¤ß,C0Z050,2017-01-24T02:00:00+08:00,704.0,0.0,0.0,9.4,-0.99,934.9,-99.0,0.0,-9.9,-99,-999,ªá½¬¿¤,21,¨ô·Ë¶m,207
23.3469,121.2050,¨Î¤ß,C0Z050,2017-01-24T03:00:00+08:00,704.0,0.0,0.0,9.3,-0.99,934.5,-99.0,0.0,-9.9,-99,-999,ªá½¬¿¤,21,¨ô·Ë¶m,207
23.3469,121.2050,¨Î¤ß,C0Z050,2017-01-24T04:00:00+08:00,704.0,0.0,0.0,9.3,-0.99,933.9,-99.0,0.0,-9.9,-99,-999,ªá½¬¿¤,21,¨ô·Ë¶m,207
23.3469,121.2050,¨Î¤ß,C0Z050,2017-01-24T05:00:00+08:00,704.0,0.0,0.0,9.3,-0.99,933.9,-99.0,0.0,-9.9,-99,-999,ªá½¬¿¤,21,¨ô·Ë¶m,207
23.3469,121.2050,¨Î¤ß,C0Z050,2017-01-24T06:00:00+08:00,704.0,0.0,0.0,9.6,-0.99,934.3,-99.0,0.0,-9.9,-99,-999,ªá½¬¿¤,21,¨ô·Ë¶m,207
23.3469,121.2050,¨Î¤ß,C0Z050,2017-01-24T07:00:00+08:00,704.0,0.0,0.0,9.5,-0.99,934.9,-99.0,0.0,-9.9,-99,-999,ªá½¬¿¤,21,¨ô·Ë¶m,207
23.3469,121.2050,¨Î¤ß,C0Z050,2017-01-24T08:00:00+08:00,704.0,0.0,0.1,10.1,-0.99,935.5,-99.0,0.0,-9.9,-99,-999,ªá½¬¿¤,21,¨ô·Ë¶m,207
23.3469,121.2050,¨Î¤ß,C0Z050,2017-01-24T10:00:00+08:00,704.0,141.0,0.3,11.3,-0.99,935.8,-99.0,0.0,-9.9,-99,-999,ªá½¬¿¤,21,¨ô·Ë¶m,207
23.3469,121.2050,¨Î¤ß,C0Z050,2017-01-24T11:00:00+08:00,704.0,148.0,0.6,11.4,-0.99,935.2,-99.0,0.0,-9.9,-99,-999,ªá½¬¿¤,21,¨ô·Ë¶m,207
23.3469,121.2050,¨Î¤ß,C0Z050,2017-01-24T12:00:00+08:00,704.0,142.0,0.7,11.9,-0.99,934.3,-99.0,0.0,-9.9,-99,-999,ªá½¬¿¤,21,¨ô·Ë¶m,207
23.3469,121.2050,¨Î¤ß,C0Z050,2017-01-24T13:00:00+08:00,704.0,149.0,0.7,12.7,-0.99,933.5,-99.0,0.0,-9.9,-99,-999,ªá½¬¿¤,21,¨ô·Ë¶m,207
23.3469,121.2050,¨Î¤ß,C0Z050,2017-01-24T14:00:00+08:00,704.0,139.0,0.3,13.1,-0.99,932.9,-99.0,0.0,-9.9,-99,-999,ªá½¬¿¤,21,¨ô·Ë¶m,207
23.3469,121.2050,¨Î¤ß,C0Z050,2017-01-24T15:00:00+08:00,704.0,150.0,0.6,13.0,-0.99,932.9,-99.0,0.0,-9.9,-99,-999,ªá½¬¿¤,21,¨ô·Ë¶m,207
23.3469,121.2050,¨Î¤ß,C0Z050,2017-01-24T16:00:00+08:00,704.0,157.0,0.7,12.6,-0.99,933.4,-99.0,0.0,-9.9,-99,-999,ªá½¬¿¤,21,¨ô·Ë¶m,207
23.3469,121.2050,¨Î¤ß,C0Z050,2017-01-24T17:00:00+08:00,704.0,0.0,0.1,12.3,-0.99,933.8,-99.0,0.0,-9.9,-99,-999,ªá½¬¿¤,21,¨ô·Ë¶m,207
23.3469,121.2050,¨Î¤ß,C0Z050,2017-01-24T18:00:00+08:00,704.0,0.0,0.0,12.0,-0.99,934.1,-99.0,0.0,-9.9,-99,-999,ªá½¬¿¤,21,¨ô·Ë¶m,207
23.3469,121.2050,¨Î¤ß,C0Z050,2017-01-24T19:00:00+08:00,704.0,157.0,0.3,11.7,-0.99,934.5,-99.0,0.0,-9.9,-99,-999,ªá½¬¿¤,21,¨ô·Ë¶m,207
23.3469,121.2050,¨Î¤ß,C0Z050,2017-01-24T20:00:00+08:00,704.0,0.0,0.0,11.6,-0.99,935.1,-99.0,0.0,-9.9,-99,-999,ªá½¬¿¤,21,¨ô·Ë¶m,207
23.3469,121.2050,¨Î¤ß,C0Z050,2017-01-24T21:00:00+08:00,704.0,0.0,0.0,11.6,-0.99,935.3,-99.0,0.0,-9.9,-99,-999,ªá½¬¿¤,21,¨ô·Ë¶m,207
23.3469,121.2050,¨Î¤ß,C0Z050,2017-01-24T22:00:00+08:00,704.0,0.0,0.0,11.5,-0.99,935.4,-99.0,0.0,-9.9,-99,-999,ªá½¬¿¤,21,¨ô·Ë¶m,207
23.3469,121.2050,¨Î¤ß,C0Z050,2017-01-24T23:00:00+08:00,704.0,0.0,0.1,11.3,-0.99,935.4,-99.0,0.0,-9.9,-99,-999,ªá½¬¿¤,21,¨ô·Ë¶m,207
23.3469,121.2050,¨Î¤ß,C0Z050,2017-01-25T00:00:00+08:00,704.0,0.0,0.0,11.4,-0.99,935.1,-99.0,0.0,-9.9,-99,-999,ªá½¬¿¤,21,¨ô·Ë¶m,207
23.3469,121.2050,¨Î¤ß,C0Z050,2017-01-25T01:00:00+08:00,704.0,0.0,0.0,11.2,-0.99,934.8,-99.0,0.0,-9.9,-99,-999,ªá½¬¿¤,21,¨ô·Ë¶m,207
23.3469,121.2050,¨Î¤ß,C0Z050,2017-01-25T02:00:00+08:00,704.0,0.0,0.0,11.3,-0.99,934.1,-99.0,0.0,-9.9,-99,-999,ªá½¬¿¤,21,¨ô·Ë¶m,207
23.3469,121.2050,¨Î¤ß,C0Z050,2017-01-25T03:00:00+08:00,704.0,158.0,0.8,11.1,-0.99,933.6,-99.0,0.0,-9.9,-99,-999,ªá½¬¿¤,21,¨ô·Ë¶m,207
23.3469,121.2050,¨Î¤ß,C0Z050,2017-01-25T04:00:00+08:00,704.0,0.0,0.0,11.2,-0.99,933.4,-99.0,0.0,-9.9,-99,-999,ªá½¬¿¤,21,¨ô·Ë¶m,207
23.3469,121.2050,¨Î¤ß,C0Z050,2017-01-25T05:00:00+08:00,704.0,0.0,0.0,11.1,-0.99,933.5,-99.0,0.0,-9.9,-99,-999,ªá½¬¿¤,21,¨ô·Ë¶m,207
23.3469,121.2050,¨Î¤ß,C0Z050,2017-01-25T06:00:00+08:00,704.0,0.0,0.0,11.1,-0.99,933.6,-99.0,0.0,-9.9,-99,-999,ªá½¬¿¤,21,¨ô·Ë¶m,207
23.3469,121.2050,¨Î¤ß,C0Z050,2017-01-25T07:00:00+08:00,704.0,0.0,0.0,11.1,-0.99,933.9,-99.0,0.0,-9.9,-99,-999,ªá½¬¿¤,21,¨ô·Ë¶m,207
23.3469,121.2050,¨Î¤ß,C0Z050,2017-01-25T08:00:00+08:00,704.0,0.0,0.0,11.2,-0.99,934.4,-99.0,0.5,-9.9,-99,-999,ªá½¬¿¤,21,¨ô·Ë¶m,207
23.3469,121.2050,¨Î¤ß,C0Z050,2017-01-25T09:00:00+08:00,704.0,0.0,0.0,11.4,-0.99,934.7,-99.0,0.5,-9.9,-99,-999,ªá½¬¿¤,21,¨ô·Ë¶m,207
23.3469,121.2050,¨Î¤ß,C0Z050,2017-01-25T10:00:00+08:00,704.0,154.0,0.3,11.9,-0.99,934.4,-99.0,0.5,-9.9,-99,-999,ªá½¬¿¤,21,¨ô·Ë¶m,207
23.3469,121.2050,¨Î¤ß,C0Z050,2017-01-25T11:00:00+08:00,704.0,155.0,0.9,12.3,-0.99,933.9,-99.0,1.0,-9.9,-99,-999,ªá½¬¿¤,21,¨ô·Ë¶m,207
23.3469,121.2050,¨Î¤ß,C0Z050,2017-01-25T12:00:00+08:00,704.0,153.0,0.8,12.4,-0.99,933.0,-99.0,1.0,-9.9,-99,-999,ªá½¬¿¤,21,¨ô·Ë¶m,207
23.3469,121.2050,¨Î¤ß,C0Z050,2017-01-25T13:00:00+08:00,704.0,151.0,0.7,12.8,-0.99,931.9,-99.0,1.0,-9.9,-99,-999,ªá½¬¿¤,21,¨ô·Ë¶m,207
23.3469,121.2050,¨Î¤ß,C0Z050,2017-01-25T14:00:00+08:00,704.0,148.0,0.3,12.7,-0.99,931.6,-99.0,1.0,-9.9,-99,-999,ªá½¬¿¤,21,¨ô·Ë¶m,207
23.3469,121.2050,¨Î¤ß,C0Z050,2017-01-25T15:00:00+08:00,704.0,153.0,0.8,12.2,-0.99,931.3,-99.0,1.0,-9.9,-99,-999,ªá½¬¿¤,21,¨ô·Ë¶m,207
23.3469,121.2050,¨Î¤ß,C0Z050,2017-01-25T16:00:00+08:00,704.0,0.0,0.0,11.9,-0.99,931.6,-99.0,1.5,-9.9,-99,-999,ªá½¬¿¤,21,¨ô·Ë¶m,207
23.3469,121.2050,¨Î¤ß,C0Z050,2017-01-25T17:00:00+08:00,704.0,0.0,0.0,12.3,-0.99,931.6,-99.0,1.5,-9.9,-99,-999,ªá½¬¿¤,21,¨ô·Ë¶m,207
23.3469,121.2050,¨Î¤ß,C0Z050,2017-01-25T18:00:00+08:00,704.0,0.0,0.0,12.1,-0.99,931.9,-99.0,1.5,-9.9,-99,-999,ªá½¬¿¤,21,¨ô·Ë¶m,207
23.3469,121.2050,¨Î¤ß,C0Z050,2017-01-25T19:00:00+08:00,704.0,0.0,0.0,12.0,-0.99,932.5,-99.0,1.5,-9.9,-99,-999,ªá½¬¿¤,21,¨ô·Ë¶m,207
23.3469,121.2050,¨Î¤ß,C0Z050,2017-01-25T20:00:00+08:00,704.0,0.0,0.0,12.1,-0.99,932.7,-99.0,1.5,-9.9,-99,-999,ªá½¬¿¤,21,¨ô·Ë¶m,207
23.3469,121.2050,¨Î¤ß,C0Z050,2017-01-25T21:00:00+08:00,704.0,0.0,0.0,12.0,-0.99,932.7,-99.0,1.5,-9.9,-99,-999,ªá½¬¿¤,21,¨ô·Ë¶m,207
23.3469,121.2050,¨Î¤ß,C0Z050,2017-01-25T22:00:00+08:00,704.0,0.0,0.0,11.9,-0.99,933.0,-99.0,1.5,-9.9,-99,-999,ªá½¬¿¤,21,¨ô·Ë¶m,207
23.3469,121.2050,¨Î¤ß,C0Z050,2017-01-25T23:00:00+08:00,704.0,0.0,0.0,11.7,-0.99,932.9,-99.0,1.5,-9.9,-99,-999,ªá½¬¿¤,21,¨ô·Ë¶m,207
23.3469,121.2050,¨Î¤ß,C0Z050,2017-01-26T00:00:00+08:00,704.0,0.0,0.0,11.8,-0.99,932.9,-99.0,1.5,-9.9,-99,-999,ªá½¬¿¤,21,¨ô·Ë¶m,207
23.3469,121.2050,¨Î¤ß,C0Z050,2017-01-26T01:00:00+08:00,704.0,0.0,0.0,11.5,-0.99,932.6,-99.0,0.0,-9.9,-99,-999,ªá½¬¿¤,21,¨ô·Ë¶m,207
23.3469,121.2050,¨Î¤ß,C0Z050,2017-01-26T02:00:00+08:00,704.0,0.0,0.0,10.7,-0.99,932.3,-99.0,0.0,-9.9,-99,-999,ªá½¬¿¤,21,¨ô·Ë¶m,207
23.3469,121.2050,¨Î¤ß,C0Z050,2017-01-26T03:00:00+08:00,704.0,0.0,0.0,10.6,-0.99,931.8,-99.0,0.0,-9.9,-99,-999,ªá½¬¿¤,21,¨ô·Ë¶m,207
23.3469,121.2050,¨Î¤ß,C0Z050,2017-01-26T04:00:00+08:00,704.0,0.0,0.0,9.7,-0.99,931.8,-99.0,0.0,-9.9,-99,-999,ªá½¬¿¤,21,¨ô·Ë¶m,207
23.3469,121.2050,¨Î¤ß,C0Z050,2017-01-26T05:00:00+08:00,704.0,0.0,0.0,9.6,-0.99,932.1,-99.0,0.0,-9.9,-99,-999,ªá½¬¿¤,21,¨ô·Ë¶m,207
23.3469,121.2050,¨Î¤ß,C0Z050,2017-01-26T06:00:00+08:00,704.0,0.0,0.0,9.9,-0.99,932.9,-99.0,0.0,-9.9,-99,-999,ªá½¬¿¤,21,¨ô·Ë¶m,207
23.3469,121.2050,¨Î¤ß,C0Z050,2017-01-26T07:00:00+08:00,704.0,0.0,0.0,9.7,-0.99,933.1,-99.0,0.0,-9.9,-99,-999,ªá½¬¿¤,21,¨ô·Ë¶m,207
23.3469,121.2050,¨Î¤ß,C0Z050,2017-01-26T08:00:00+08:00,704.0,0.0,0.0,9.9,-0.99,933.7,-99.0,0.0,-9.9,-99,-999,ªá½¬¿¤,21,¨ô·Ë¶m,207
23.3469,121.2050,¨Î¤ß,C0Z050,2017-01-26T10:00:00+08:00,704.0,155.0,0.7,11.8,-0.99,933.9,-99.0,0.0,-9.9,-99,-999,ªá½¬¿¤,21,¨ô·Ë¶m,207
23.3469,121.2050,¨Î¤ß,C0Z050,2017-01-26T11:00:00+08:00,704.0,145.0,0.9,12.6,-0.99,933.0,-99.0,0.0,-9.9,-99,-999,ªá½¬¿¤,21,¨ô·Ë¶m,207
23.3469,121.2050,¨Î¤ß,C0Z050,2017-01-26T12:00:00+08:00,704.0,163.0,1.3,12.5,-0.99,932.1,-99.0,0.0,-9.9,-99,-999,ªá½¬¿¤,21,¨ô·Ë¶m,207
23.3469,121.2050,¨Î¤ß,C0Z050,2017-01-26T13:00:00+08:00,704.0,157.0,1.1,12.3,-0.99,931.7,-99.0,0.0,-9.9,-99,-999,ªá½¬¿¤,21,¨ô·Ë¶m,207
23.3469,121.2050,¨Î¤ß,C0Z050,2017-01-26T14:00:00+08:00,704.0,159.0,0.4,12.2,-0.99,931.1,-99.0,0.0,-9.9,-99,-999,ªá½¬¿¤,21,¨ô·Ë¶m,207
23.3469,121.2050,¨Î¤ß,C0Z050,2017-01-26T15:00:00+08:00,704.0,155.0,0.7,12.3,-0.99,930.7,-99.0,0.0,-9.9,-99,-999,ªá½¬¿¤,21,¨ô·Ë¶m,207
23.3469,121.2050,¨Î¤ß,C0Z050,2017-01-26T16:00:00+08:00,704.0,0.0,0.0,11.9,-0.99,930.7,-99.0,0.0,-9.9,-99,-999,ªá½¬¿¤,21,¨ô·Ë¶m,207
23.3469,121.2050,¨Î¤ß,C0Z050,2017-01-26T17:00:00+08:00,704.0,161.0,0.7,11.6,-0.99,931.2,-99.0,0.0,-9.9,-99,-999,ªá½¬¿¤,21,¨ô·Ë¶m,207
23.3469,121.2050,¨Î¤ß,C0Z050,2017-01-26T18:00:00+08:00,704.0,162.0,0.4,11.2,-0.99,931.6,-99.0,0.0,-9.9,-99,-999,ªá½¬¿¤,21,¨ô·Ë¶m,207
23.3469,121.2050,¨Î¤ß,C0Z050,2017-01-26T19:00:00+08:00,704.0,160.0,0.3,11.0,-0.99,931.9,-99.0,0.0,-9.9,-99,-999,ªá½¬¿¤,21,¨ô·Ë¶m,207
23.3469,121.2050,¨Î¤ß,C0Z050,2017-01-26T20:00:00+08:00,704.0,0.0,0.0,10.7,-0.99,932.1,-99.0,0.0,-9.9,-99,-999,ªá½¬¿¤,21,¨ô·Ë¶m,207
23.3469,121.2050,¨Î¤ß,C0Z050,2017-01-26T21:00:00+08:00,704.0,0.0,0.0,10.4,-0.99,932.3,-99.0,0.0,-9.9,-99,-999,ªá½¬¿¤,21,¨ô·Ë¶m,207
23.3469,121.2050,¨Î¤ß,C0Z050,2017-01-26T22:00:00+08:00,704.0,0.0,0.0,10.4,-0.99,932.5,-99.0,0.0,-9.9,-99,-999,ªá½¬¿¤,21,¨ô·Ë¶m,207
23.3469,121.2050,¨Î¤ß,C0Z050,2017-01-26T23:00:00+08:00,704.0,0.0,0.0,10.6,-0.99,932.2,-99.0,0.0,-9.9,-99,-999,ªá½¬¿¤,21,¨ô·Ë¶m,207
23.3469,121.2050,¨Î¤ß,C0Z050,2017-01-27T00:00:00+08:00,704.0,0.0,0.0,10.6,-0.99,932.2,-99.0,0.0,-9.9,-99,-999,ªá½¬¿¤,21,¨ô·Ë¶m,207
23.3469,121.2050,¨Î¤ß,C0Z050,2017-01-27T01:00:00+08:00,704.0,320.0,0.8,10.0,-0.99,932.1,-99.0,0.0,-9.9,-99,-999,ªá½¬¿¤,21,¨ô·Ë¶m,207
23.3469,121.2050,¨Î¤ß,C0Z050,2017-01-27T02:00:00+08:00,704.0,324.0,1.3,10.3,-0.99,931.4,-99.0,0.0,-9.9,-99,-999,ªá½¬¿¤,21,¨ô·Ë¶m,207
23.3469,121.2050,¨Î¤ß,C0Z050,2017-01-27T03:00:00+08:00,704.0,326.0,1.4,10.1,-0.99,931.1,-99.0,0.0,-9.9,-99,-999,ªá½¬¿¤,21,¨ô·Ë¶m,207
23.3469,121.2050,¨Î¤ß,C0Z050,2017-01-27T04:00:00+08:00,704.0,322.0,0.9,9.9,-0.99,931.1,-99.0,0.0,-9.9,-99,-999,ªá½¬¿¤,21,¨ô·Ë¶m,207
23.3469,121.2050,¨Î¤ß,C0Z050,2017-01-27T05:00:00+08:00,704.0,325.0,1.3,10.1,-0.99,931.2,-99.0,0.0,-9.9,-99,-999,ªá½¬¿¤,21,¨ô·Ë¶m,207
23.3469,121.2050,¨Î¤ß,C0Z050,2017-01-27T06:00:00+08:00,704.0,322.0,1.3,10.4,-0.99,931.3,-99.0,0.0,-9.9,-99,-999,ªá½¬¿¤,21,¨ô·Ë¶m,207
23.3469,121.2050,¨Î¤ß,C0Z050,2017-01-27T07:00:00+08:00,704.0,318.0,0.7,10.0,-0.99,932.0,-99.0,0.0,-9.9,-99,-999,ªá½¬¿¤,21,¨ô·Ë¶m,207
23.3469,121.2050,¨Î¤ß,C0Z050,2017-01-27T08:00:00+08:00,704.0,0.0,0.1,11.2,-0.99,932.4,-99.0,0.0,-9.9,-99,-999,ªá½¬¿¤,21,¨ô·Ë¶m,207
23.3469,121.2050,¨Î¤ß,C0Z050,2017-01-27T09:00:00+08:00,704.0,0.0,0.0,13.1,-0.99,932.7,-99.0,0.0,-9.9,-99,-999,ªá½¬¿¤,21,¨ô·Ë¶m,207
23.3469,121.2050,¨Î¤ß,C0Z050,2017-01-27T10:00:00+08:00,704.0,140.0,0.7,16.7,-0.99,932.5,-99.0,0.0,-9.9,-99,-999,ªá½¬¿¤,21,¨ô·Ë¶m,207
23.3469,121.2050,¨Î¤ß,C0Z050,2017-01-27T11:00:00+08:00,704.0,150.0,1.0,18.2,-0.99,931.8,-99.0,0.0,-9.9,-99,-999,ªá½¬¿¤,21,¨ô·Ë¶m,207
23.3469,121.2050,¨Î¤ß,C0Z050,2017-01-27T12:00:00+08:00,704.0,153.0,1.4,18.3,-0.99,930.8,-99.0,0.0,-9.9,-99,-999,ªá½¬¿¤,21,¨ô·Ë¶m,207
23.3469,121.2050,¨Î¤ß,C0Z050,2017-01-27T13:00:00+08:00,704.0,157.0,1.5,17.8,-0.99,929.7,-99.0,0.0,-9.9,-99,-999,ªá½¬¿¤,21,¨ô·Ë¶m,207
23.3469,121.2050,¨Î¤ß,C0Z050,2017-01-27T14:00:00+08:00,704.0,160.0,1.6,16.7,-0.99,929.2,-99.0,0.0,-9.9,-99,-999,ªá½¬¿¤,21,¨ô·Ë¶m,207
23.3469,121.2050,¨Î¤ß,C0Z050,2017-01-27T15:00:00+08:00,704.0,163.0,1.6,16.1,-0.99,929.0,-99.0,0.0,-9.9,-99,-999,ªá½¬¿¤,21,¨ô·Ë¶m,207
23.3469,121.2050,¨Î¤ß,C0Z050,2017-01-27T16:00:00+08:00,704.0,158.0,1.3,15.5,-0.99,929.3,-99.0,0.0,-9.9,-99,-999,ªá½¬¿¤,21,¨ô·Ë¶m,207
23.3469,121.2050,¨Î¤ß,C0Z050,2017-01-27T17:00:00+08:00,704.0,164.0,1.3,15.1,-0.99,929.8,-99.0,0.0,-9.9,-99,-999,ªá½¬¿¤,21,¨ô·Ë¶m,207
23.3469,121.2050,¨Î¤ß,C0Z050,2017-01-27T18:00:00+08:00,704.0,160.0,1.1,14.6,-0.99,930.4,-99.0,0.0,-9.9,-99,-999,ªá½¬¿¤,21,¨ô·Ë¶m,207
23.3469,121.2050,¨Î¤ß,C0Z050,2017-01-27T19:00:00+08:00,704.0,0.0,0.0,14.0,-0.99,931.0,-99.0,0.0,-9.9,-99,-999,ªá½¬¿¤,21,¨ô·Ë¶m,207
23.3469,121.2050,¨Î¤ß,C0Z050,2017-01-27T20:00:00+08:00,704.0,0.0,0.0,13.1,-0.99,931.5,-99.0,0.0,-9.9,-99,-999,ªá½¬¿¤,21,¨ô·Ë¶m,207
23.3469,121.2050,¨Î¤ß,C0Z050,2017-01-27T21:00:00+08:00,704.0,0.0,0.0,12.8,-0.99,931.6,-99.0,0.0,-9.9,-99,-999,ªá½¬¿¤,21,¨ô·Ë¶m,207
23.3469,121.2050,¨Î¤ß,C0Z050,2017-01-27T22:00:00+08:00,704.0,0.0,0.0,12.7,-0.99,931.8,-99.0,0.0,-9.9,-99,-999,ªá½¬¿¤,21,¨ô·Ë¶m,207
23.3469,121.2050,¨Î¤ß,C0Z050,2017-01-27T23:00:00+08:00,704.0,0.0,0.0,13.0,-0.99,931.4,-99.0,0.0,-9.9,-99,-999,ªá½¬¿¤,21,¨ô·Ë¶m,207
23.3469,121.2050,¨Î¤ß,C0Z050,2017-01-28T00:00:00+08:00,704.0,0.0,0.0,12.8,-0.99,930.8,-99.0,0.0,-9.9,-99,-999,ªá½¬¿¤,21,¨ô·Ë¶m,207
23.3469,121.2050,¨Î¤ß,C0Z050,2017-01-28T01:00:00+08:00,704.0,0.0,0.0,12.3,-0.99,930.7,-99.0,0.0,-9.9,-99,-999,ªá½¬¿¤,21,¨ô·Ë¶m,207
23.3469,121.2050,¨Î¤ß,C0Z050,2017-01-28T02:00:00+08:00,704.0,326.0,0.3,11.9,-0.99,930.1,-99.0,0.0,-9.9,-99,-999,ªá½¬¿¤,21,¨ô·Ë¶m,207
23.3469,121.2050,¨Î¤ß,C0Z050,2017-01-28T03:00:00+08:00,704.0,335.0,0.5,12.3,-0.99,929.2,-99.0,0.0,-9.9,-99,-999,ªá½¬¿¤,21,¨ô·Ë¶m,207
23.3469,121.2050,¨Î¤ß,C0Z050,2017-01-28T04:00:00+08:00,704.0,328.0,0.3,12.1,-0.99,928.9,-99.0,0.0,-9.9,-99,-999,ªá½¬¿¤,21,¨ô·Ë¶m,207
23.3469,121.2050,¨Î¤ß,C0Z050,2017-01-28T05:00:00+08:00,704.0,328.0,0.3,11.7,-0.99,929.2,-99.0,0.0,-9.9,-99,-999,ªá½¬¿¤,21,¨ô·Ë¶m,207
23.3469,121.2050,¨Î¤ß,C0Z050,2017-01-28T06:00:00+08:00,704.0,328.0,0.4,11.6,-0.99,929.6,-99.0,0.0,-9.9,-99,-999,ªá½¬¿¤,21,¨ô·Ë¶m,207
23.3469,121.2050,¨Î¤ß,C0Z050,2017-01-28T07:00:00+08:00,704.0,326.0,0.3,11.8,-0.99,929.9,-99.0,0.0,-9.9,-99,-999,ªá½¬¿¤,21,¨ô·Ë¶m,207
23.3469,121.2050,¨Î¤ß,C0Z050,2017-01-28T08:00:00+08:00,704.0,327.0,0.5,12.6,-0.99,930.1,-99.0,0.0,-9.9,-99,-999,ªá½¬¿¤,21,¨ô·Ë¶m,207
23.3469,121.2050,¨Î¤ß,C0Z050,2017-01-28T09:00:00+08:00,704.0,0.0,0.1,13.5,-0.99,930.4,-99.0,0.0,-9.9,-99,-999,ªá½¬¿¤,21,¨ô·Ë¶m,207
23.3469,121.2050,¨Î¤ß,C0Z050,2017-01-28T10:00:00+08:00,704.0,144.0,0.9,18.9,-0.99,930.5,-99.0,0.0,-9.9,-99,-999,ªá½¬¿¤,21,¨ô·Ë¶m,207
23.3469,121.2050,¨Î¤ß,C0Z050,2017-01-28T11:00:00+08:00,704.0,149.0,1.4,19.0,-0.99,929.6,-99.0,0.0,-9.9,-99,-999,ªá½¬¿¤,21,¨ô·Ë¶m,207
23.3469,121.2050,¨Î¤ß,C0Z050,2017-01-28T12:00:00+08:00,704.0,158.0,1.3,17.7,-0.99,928.7,-99.0,0.0,-9.9,-99,-999,ªá½¬¿¤,21,¨ô·Ë¶m,207
23.3469,121.2050,¨Î¤ß,C0Z050,2017-01-28T13:00:00+08:00,704.0,158.0,1.3,17.6,-0.99,927.7,-99.0,0.0,-9.9,-99,-999,ªá½¬¿¤,21,¨ô·Ë¶m,207
23.3469,121.2050,¨Î¤ß,C0Z050,2017-01-28T14:00:00+08:00,704.0,156.0,1.0,17.1,-0.99,927.1,-99.0,0.0,-9.9,-99,-999,ªá½¬¿¤,21,¨ô·Ë¶m,207
23.3469,121.2050,¨Î¤ß,C0Z050,2017-01-28T15:00:00+08:00,704.0,159.0,0.8,16.0,-0.99,927.0,-99.0,0.0,-9.9,-99,-999,ªá½¬¿¤,21,¨ô·Ë¶m,207
23.3469,121.2050,¨Î¤ß,C0Z050,2017-01-28T16:00:00+08:00,704.0,156.0,1.0,15.6,-0.99,927.0,-99.0,0.0,-9.9,-99,-999,ªá½¬¿¤,21,¨ô·Ë¶m,207
23.3469,121.2050,¨Î¤ß,C0Z050,2017-01-28T17:00:00+08:00,704.0,157.0,0.9,15.3,-0.99,927.8,-99.0,0.0,-9.9,-99,-999,ªá½¬¿¤,21,¨ô·Ë¶m,207
23.3469,121.2050,¨Î¤ß,C0Z050,2017-01-28T18:00:00+08:00,704.0,0.0,0.1,15.1,-0.99,928.4,-99.0,0.0,-9.9,-99,-999,ªá½¬¿¤,21,¨ô·Ë¶m,207
23.3469,121.2050,¨Î¤ß,C0Z050,2017-01-28T19:00:00+08:00,704.0,0.0,0.0,15.0,-0.99,929.1,-99.0,0.0,-9.9,-99,-999,ªá½¬¿¤,21,¨ô·Ë¶m,207
23.3469,121.2050,¨Î¤ß,C0Z050,2017-01-28T20:00:00+08:00,704.0,0.0,0.0,14.4,-0.99,929.3,-99.0,0.0,-9.9,-99,-999,ªá½¬¿¤,21,¨ô·Ë¶m,207
23.3469,121.2050,¨Î¤ß,C0Z050,2017-01-28T21:00:00+08:00,704.0,0.0,0.0,14.0,-0.99,929.3,-99.0,0.0,-9.9,-99,-999,ªá½¬¿¤,21,¨ô·Ë¶m,207
23.3469,121.2050,¨Î¤ß,C0Z050,2017-01-28T22:00:00+08:00,704.0,0.0,0.0,13.8,-0.99,929.3,-99.0,0.0,-9.9,-99,-999,ªá½¬¿¤,21,¨ô·Ë¶m,207
23.3469,121.2050,¨Î¤ß,C0Z050,2017-01-28T23:00:00+08:00,704.0,0.0,0.0,14.0,-0.99,929.2,-99.0,0.0,-9.9,-99,-999,ªá½¬¿¤,21,¨ô·Ë¶m,207
23.3469,121.2050,¨Î¤ß,C0Z050,2017-01-29T00:00:00+08:00,704.0,0.0,0.0,14.1,-0.99,928.9,-99.0,0.0,-9.9,-99,-999,ªá½¬¿¤,21,¨ô·Ë¶m,207
23.3469,121.2050,¨Î¤ß,C0Z050,2017-01-29T01:00:00+08:00,704.0,0.0,0.0,14.0,-0.99,928.5,-99.0,0.0,-9.9,-99,-999,ªá½¬¿¤,21,¨ô·Ë¶m,207
23.3469,121.2050,¨Î¤ß,C0Z050,2017-01-29T02:00:00+08:00,704.0,0.0,0.0,13.9,-0.99,928.0,-99.0,0.0,-9.9,-99,-999,ªá½¬¿¤,21,¨ô·Ë¶m,207
23.3469,121.2050,¨Î¤ß,C0Z050,2017-01-29T03:00:00+08:00,704.0,329.0,0.4,14.1,-0.99,927.6,-99.0,0.0,-9.9,-99,-999,ªá½¬¿¤,21,¨ô·Ë¶m,207
23.3469,121.2050,¨Î¤ß,C0Z050,2017-01-29T04:00:00+08:00,704.0,325.0,0.3,14.2,-0.99,927.3,-99.0,0.0,-9.9,-99,-999,ªá½¬¿¤,21,¨ô·Ë¶m,207
23.3469,121.2050,¨Î¤ß,C0Z050,2017-01-29T05:00:00+08:00,704.0,324.0,0.7,14.4,-0.99,927.6,-99.0,0.0,-9.9,-99,-999,ªá½¬¿¤,21,¨ô·Ë¶m,207
23.3469,121.2050,¨Î¤ß,C0Z050,2017-01-29T06:00:00+08:00,704.0,330.0,0.8,14.4,-0.99,928.1,-99.0,0.0,-9.9,-99,-999,ªá½¬¿¤,21,¨ô·Ë¶m,207
23.3469,121.2050,¨Î¤ß,C0Z050,2017-01-29T07:00:00+08:00,704.0,323.0,0.7,13.6,-0.99,928.6,-99.0,0.0,-9.9,-99,-999,ªá½¬¿¤,21,¨ô·Ë¶m,207
23.3469,121.2050,¨Î¤ß,C0Z050,2017-01-29T08:00:00+08:00,704.0,328.0,0.3,14.1,-0.99,929.1,-99.0,0.0,-9.9,-99,-999,ªá½¬¿¤,21,¨ô·Ë¶m,207
23.3469,121.2050,¨Î¤ß,C0Z050,2017-01-29T09:00:00+08:00,704.0,0.0,0.0,15.8,-0.99,929.7,-99.0,0.0,-9.9,-99,-999,ªá½¬¿¤,21,¨ô·Ë¶m,207
23.3469,121.2050,¨Î¤ß,C0Z050,2017-01-29T10:00:00+08:00,704.0,127.0,0.4,18.8,-0.99,929.7,-99.0,0.0,-9.9,-99,-999,ªá½¬¿¤,21,¨ô·Ë¶m,207
23.3469,121.2050,¨Î¤ß,C0Z050,2017-01-29T11:00:00+08:00,704.0,152.0,1.1,20.3,-0.99,929.1,-99.0,0.0,-9.9,-99,-999,ªá½¬¿¤,21,¨ô·Ë¶m,207
23.3469,121.2050,¨Î¤ß,C0Z050,2017-01-29T12:00:00+08:00,704.0,152.0,1.5,20.0,-0.99,928.1,-99.0,0.0,-9.9,-99,-999,ªá½¬¿¤,21,¨ô·Ë¶m,207
23.3469,121.2050,¨Î¤ß,C0Z050,2017-01-29T13:00:00+08:00,704.0,153.0,1.5,18.2,-0.99,927.1,-99.0,0.0,-9.9,-99,-999,ªá½¬¿¤,21,¨ô·Ë¶m,207
23.3469,121.2050,¨Î¤ß,C0Z050,2017-01-29T14:00:00+08:00,704.0,155.0,1.1,18.0,-0.99,926.5,-99.0,0.0,-9.9,-99,-999,ªá½¬¿¤,21,¨ô·Ë¶m,207
23.3469,121.2050,¨Î¤ß,C0Z050,2017-01-29T15:00:00+08:00,704.0,152.0,1.3,17.1,-0.99,926.4,-99.0,0.0,-9.9,-99,-999,ªá½¬¿¤,21,¨ô·Ë¶m,207
23.3469,121.2050,¨Î¤ß,C0Z050,2017-01-29T16:00:00+08:00,704.0,159.0,1.1,16.5,-0.99,926.5,-99.0,0.0,-9.9,-99,-999,ªá½¬¿¤,21,¨ô·Ë¶m,207
23.3469,121.2050,¨Î¤ß,C0Z050,2017-01-29T17:00:00+08:00,704.0,159.0,0.9,15.6,-0.99,927.1,-99.0,0.0,-9.9,-99,-999,ªá½¬¿¤,21,¨ô·Ë¶m,207
23.3469,121.2050,¨Î¤ß,C0Z050,2017-01-29T18:00:00+08:00,704.0,154.0,0.6,15.5,-0.99,927.8,-99.0,0.0,-9.9,-99,-999,ªá½¬¿¤,21,¨ô·Ë¶m,207
23.3469,121.2050,¨Î¤ß,C0Z050,2017-01-29T19:00:00+08:00,704.0,154.0,0.7,15.1,-0.99,928.1,-99.0,0.5,-9.9,-99,-999,ªá½¬¿¤,21,¨ô·Ë¶m,207
23.3469,121.2050,¨Î¤ß,C0Z050,2017-01-29T20:00:00+08:00,704.0,159.0,0.9,14.8,-0.99,928.5,-99.0,1.5,-9.9,-99,-999,ªá½¬¿¤,21,¨ô·Ë¶m,207
23.3469,121.2050,¨Î¤ß,C0Z050,2017-01-29T21:00:00+08:00,704.0,159.0,0.9,14.4,-0.99,928.9,-99.0,1.5,-9.9,-99,-999,ªá½¬¿¤,21,¨ô·Ë¶m,207
23.3469,121.2050,¨Î¤ß,C0Z050,2017-01-29T22:00:00+08:00,704.0,0.0,0.0,14.0,-0.99,928.9,-99.0,1.5,-9.9,-99,-999,ªá½¬¿¤,21,¨ô·Ë¶m,207
23.3469,121.2050,¨Î¤ß,C0Z050,2017-01-29T23:00:00+08:00,704.0,0.0,0.0,14.3,-0.99,928.5,-99.0,1.5,-9.9,-99,-999,ªá½¬¿¤,21,¨ô·Ë¶m,207
23.3469,121.2050,¨Î¤ß,C0Z050,2017-01-30T00:00:00+08:00,704.0,0.0,0.0,14.2,-0.99,927.9,-99.0,1.5,-9.9,-99,-999,ªá½¬¿¤,21,¨ô·Ë¶m,207
23.3469,121.2050,¨Î¤ß,C0Z050,2017-01-30T01:00:00+08:00,704.0,0.0,0.0,14.3,-0.99,927.6,-99.0,0.0,-9.9,-99,-999,ªá½¬¿¤,21,¨ô·Ë¶m,207
23.3469,121.2050,¨Î¤ß,C0Z050,2017-01-30T02:00:00+08:00,704.0,0.0,0.0,14.2,-0.99,927.1,-99.0,0.0,-9.9,-99,-999,ªá½¬¿¤,21,¨ô·Ë¶m,207
23.3469,121.2050,¨Î¤ß,C0Z050,2017-01-30T03:00:00+08:00,704.0,0.0,0.1,14.3,-0.99,927.3,-99.0,0.0,-9.9,-99,-999,ªá½¬¿¤,21,¨ô·Ë¶m,207
23.3469,121.2050,¨Î¤ß,C0Z050,2017-01-30T04:00:00+08:00,704.0,0.0,0.2,14.5,-0.99,927.0,-99.0,0.0,-9.9,-99,-999,ªá½¬¿¤,21,¨ô·Ë¶m,207
23.3469,121.2050,¨Î¤ß,C0Z050,2017-01-30T05:00:00+08:00,704.0,0.0,0.2,14.6,-0.99,927.4,-99.0,0.0,-9.9,-99,-999,ªá½¬¿¤,21,¨ô·Ë¶m,207
23.3469,121.2050,¨Î¤ß,C0Z050,2017-01-30T06:00:00+08:00,704.0,321.0,0.7,14.2,-0.99,927.9,-99.0,0.0,-9.9,-99,-999,ªá½¬¿¤,21,¨ô·Ë¶m,207
23.3469,121.2050,¨Î¤ß,C0Z050,2017-01-30T07:00:00+08:00,704.0,321.0,0.8,14.6,-0.99,928.5,-99.0,0.0,-9.9,-99,-999,ªá½¬¿¤,21,¨ô·Ë¶m,207
23.3469,121.2050,¨Î¤ß,C0Z050,2017-01-30T08:00:00+08:00,704.0,321.0,0.9,15.4,-0.99,928.9,-99.0,0.0,-9.9,-99,-999,ªá½¬¿¤,21,¨ô·Ë¶m,207
23.3469,121.2050,¨Î¤ß,C0Z050,2017-01-30T09:00:00+08:00,704.0,0.0,0.2,17.1,-0.99,929.6,-99.0,0.0,-9.9,-99,-999,ªá½¬¿¤,21,¨ô·Ë¶m,207
23.3469,121.2050,¨Î¤ß,C0Z050,2017-01-30T10:00:00+08:00,704.0,0.0,0.1,19.7,-0.99,929.5,-99.0,0.0,-9.9,-99,-999,ªá½¬¿¤,21,¨ô·Ë¶m,207
23.3469,121.2050,¨Î¤ß,C0Z050,2017-01-30T11:00:00+08:00,704.0,147.0,0.9,22.3,-0.99,928.7,-99.0,0.0,-9.9,-99,-999,ªá½¬¿¤,21,¨ô·Ë¶m,207
23.3469,121.2050,¨Î¤ß,C0Z050,2017-01-30T12:00:00+08:00,704.0,162.0,1.6,18.8,-0.99,928.2,-99.0,0.0,-9.9,-99,-999,ªá½¬¿¤,21,¨ô·Ë¶m,207
23.3469,121.2050,¨Î¤ß,C0Z050,2017-01-30T13:00:00+08:00,704.0,156.0,0.7,19.0,-0.99,928.1,-99.0,0.0,-9.9,-99,-999,ªá½¬¿¤,21,¨ô·Ë¶m,207
23.3469,121.2050,¨Î¤ß,C0Z050,2017-01-30T14:00:00+08:00,704.0,158.0,1.3,18.3,-0.99,927.8,-99.0,0.0,-9.9,-99,-999,ªá½¬¿¤,21,¨ô·Ë¶m,207
23.3469,121.2050,¨Î¤ß,C0Z050,2017-01-30T15:00:00+08:00,704.0,159.0,1.3,17.6,-0.99,927.5,-99.0,0.0,-9.9,-99,-999,ªá½¬¿¤,21,¨ô·Ë¶m,207
23.3469,121.2050,¨Î¤ß,C0Z050,2017-01-30T16:00:00+08:00,704.0,161.0,1.3,16.6,-0.99,928.0,-99.0,0.0,-9.9,-99,-999,ªá½¬¿¤,21,¨ô·Ë¶m,207
23.3469,121.2050,¨Î¤ß,C0Z050,2017-01-30T17:00:00+08:00,704.0,166.0,1.1,15.7,-0.99,928.7,-99.0,0.0,-9.9,-99,-999,ªá½¬¿¤,21,¨ô·Ë¶m,207
23.3469,121.2050,¨Î¤ß,C0Z050,2017-01-30T18:00:00+08:00,704.0,156.0,0.6,14.7,-0.99,929.8,-99.0,0.0,-9.9,-99,-999,ªá½¬¿¤,21,¨ô·Ë¶m,207
23.3469,121.2050,¨Î¤ß,C0Z050,2017-01-30T20:00:00+08:00,704.0,152.0,0.9,13.8,-0.99,931.2,-99.0,0.0,-9.9,-99,-999,ªá½¬¿¤,21,¨ô·Ë¶m,207
23.3469,121.2050,¨Î¤ß,C0Z050,2017-01-30T21:00:00+08:00,704.0,155.0,0.8,13.7,-0.99,931.3,-99.0,0.0,-9.9,-99,-999,ªá½¬¿¤,21,¨ô·Ë¶m,207
23.3469,121.2050,¨Î¤ß,C0Z050,2017-01-30T22:00:00+08:00,704.0,154.0,1.0,13.2,-0.99,931.0,-99.0,0.0,-9.9,-99,-999,ªá½¬¿¤,21,¨ô·Ë¶m,207
23.3469,121.2050,¨Î¤ß,C0Z050,2017-01-30T23:00:00+08:00,704.0,154.0,0.7,13.1,-0.99,930.9,-99.0,0.0,-9.9,-99,-999,ªá½¬¿¤,21,¨ô·Ë¶m,207
23.3469,121.2050,¨Î¤ß,C0Z050,2017-01-31T00:00:00+08:00,704.0,159.0,0.9,12.9,-0.99,930.8,-99.0,0.0,-9.9,-99,-999,ªá½¬¿¤,21,¨ô·Ë¶m,207
23.3469,121.2050,¨Î¤ß,C0Z050,2017-01-31T01:00:00+08:00,704.0,150.0,0.5,13.0,-0.99,930.4,-99.0,0.0,-9.9,-99,-999,ªá½¬¿¤,21,¨ô·Ë¶m,207
23.3469,121.2050,¨Î¤ß,C0Z050,2017-01-31T02:00:00+08:00,704.0,154.0,0.7,12.4,-0.99,929.7,-99.0,0.0,-9.9,-99,-999,ªá½¬¿¤,21,¨ô·Ë¶m,207
23.3469,121.2050,¨Î¤ß,C0Z050,2017-01-31T03:00:00+08:00,704.0,153.0,0.8,12.1,-0.99,929.6,-99.0,0.0,-9.9,-99,-999,ªá½¬¿¤,21,¨ô·Ë¶m,207
23.3469,121.2050,¨Î¤ß,C0Z050,2017-01-31T04:00:00+08:00,704.0,158.0,0.8,11.8,-0.99,929.5,-99.0,0.0,-9.9,-99,-999,ªá½¬¿¤,21,¨ô·Ë¶m,207
23.3469,121.2050,¨Î¤ß,C0Z050,2017-01-31T05:00:00+08:00,704.0,156.0,0.6,11.7,-0.99,930.0,-99.0,0.0,-9.9,-99,-999,ªá½¬¿¤,21,¨ô·Ë¶m,207
23.3469,121.2050,¨Î¤ß,C0Z050,2017-01-31T06:00:00+08:00,704.0,0.0,0.0,11.8,-0.99,930.1,-99.0,0.0,-9.9,-99,-999,ªá½¬¿¤,21,¨ô·Ë¶m,207
23.3469,121.2050,¨Î¤ß,C0Z050,2017-01-31T07:00:00+08:00,704.0,158.0,0.3,11.6,-0.99,930.7,-99.0,0.0,-9.9,-99,-999,ªá½¬¿¤,21,¨ô·Ë¶m,207
