24.182028,120.632861,西屯,C0F9T0,2018-04-01T00:00:00+08:00,111.0,203,1.5,23.7,0.76,999.5,-99,0.0,-99,-99,-99,臺中市,02,西屯區,125
24.182028,120.632861,西屯,C0F9T0,2018-04-01T01:00:00+08:00,111.0,217,0.9,23.5,0.76,999.2,-99,0.0,-99,-99,-99,臺中市,02,西屯區,125
24.182028,120.632861,西屯,C0F9T0,2018-04-01T02:00:00+08:00,111.0,213,0.5,23.5,0.75,999.0,-99,0.0,-99,-99,-99,臺中市,02,西屯區,125
24.182028,120.632861,西屯,C0F9T0,2018-04-01T03:00:00+08:00,111.0,190,1.0,23.4,0.74,998.5,-99,0.0,-99,-99,-99,臺中市,02,西屯區,125
24.182028,120.632861,西屯,C0F9T0,2018-04-01T04:00:00+08:00,111.0,0,0.2,23.2,0.75,998.3,-99,0.0,-99,-99,-99,臺中市,02,西屯區,125
24.182028,120.632861,西屯,C0F9T0,2018-04-01T05:00:00+08:00,111.0,309,0.7,23.0,0.75,998.0,-99,0.0,-99,-99,-99,臺中市,02,西屯區,125
24.182028,120.632861,西屯,C0F9T0,2018-04-01T06:00:00+08:00,111.0,208,0.3,22.6,0.77,998.5,-99,0.0,-99,-99,-99,臺中市,02,西屯區,125
24.182028,120.632861,西屯,C0F9T0,2018-04-01T07:00:00+08:00,111.0,207,1.2,22.8,0.77,999.2,-99,0.0,-99,-99,-99,臺中市,02,西屯區,125
24.182028,120.632861,西屯,C0F9T0,2018-04-01T08:00:00+08:00,111.0,181,1.3,23.0,0.75,999.8,-99,0.0,-99,-99,-99,臺中市,02,西屯區,125
24.182028,120.632861,西屯,C0F9T0,2018-04-01T09:00:00+08:00,111.0,204,0.8,23.5,0.71,1000.5,-99,0.0,-99,-99,-99,臺中市,02,西屯區,125
24.182028,120.632861,西屯,C0F9T0,2018-04-01T10:00:00+08:00,111.0,168,0.7,24.0,0.68,1001.2,-99,0.0,-99,-99,-99,臺中市,02,西屯區,125
24.182028,120.632861,西屯,C0F9T0,2018-04-01T11:00:00+08:00,111.0,183,1.0,25.5,0.62,1001.1,-99,0.0,-99,-99,-99,臺中市,02,西屯區,125
24.182028,120.632861,西屯,C0F9T0,2018-04-01T12:00:00+08:00,111.0,157,1.7,26.6,0.57,1000.5,-99,0.0,-99,-99,-99,臺中市,02,西屯區,125
24.182028,120.632861,西屯,C0F9T0,2018-04-01T13:00:00+08:00,111.0,304,3.9,26.9,0.57,999.8,-99,0.0,-99,-99,-99,臺中市,02,西屯區,125
24.182028,120.632861,西屯,C0F9T0,2018-04-01T14:00:00+08:00,111.0,297,2.8,25.4,0.7,999.1,-99,0.0,-99,-99,-99,臺中市,02,西屯區,125
24.182028,120.632861,西屯,C0F9T0,2018-04-01T15:00:00+08:00,111.0,303,3.6,25.8,0.67,998.1,-99,0.0,-99,-99,-99,臺中市,02,西屯區,125
24.182028,120.632861,西屯,C0F9T0,2018-04-01T16:00:00+08:00,111.0,318,2.0,25.8,0.67,998.0,-99,0.0,-99,-99,-99,臺中市,02,西屯區,125
24.182028,120.632861,西屯,C0F9T0,2018-04-01T17:00:00+08:00,111.0,335,2.3,25.2,0.66,998.1,-99,0.0,-99,-99,-99,臺中市,02,西屯區,125
24.182028,120.632861,西屯,C0F9T0,2018-04-01T18:00:00+08:00,111.0,343,1.7,24.7,0.68,998.3,-99,0.0,-99,-99,-99,臺中市,02,西屯區,125
24.182028,120.632861,西屯,C0F9T0,2018-04-01T19:00:00+08:00,111.0,37,1.6,24.6,0.67,998.5,-99,0.0,-99,-99,-99,臺中市,02,西屯區,125
24.182028,120.632861,西屯,C0F9T0,2018-04-01T20:00:00+08:00,111.0,328,1.2,24.8,0.67,999.0,-99,0.0,-99,-99,-99,臺中市,02,西屯區,125
24.182028,120.632861,西屯,C0F9T0,2018-04-01T21:00:00+08:00,111.0,8,1.0,24.8,0.66,999.6,-99,0.0,-99,-99,-99,臺中市,02,西屯區,125
24.182028,120.632861,西屯,C0F9T0,2018-04-01T22:00:00+08:00,111.0,299,0.8,24.5,0.68,999.6,-99,0.0,-99,-99,-99,臺中市,02,西屯區,125
24.182028,120.632861,西屯,C0F9T0,2018-04-01T23:00:00+08:00,111.0,205,0.8,24.4,0.73,999.7,-99,0.0,-99,-99,-99,臺中市,02,西屯區,125
24.182028,120.632861,西屯,C0F9T0,2018-04-02T00:00:00+08:00,111.0,0,0.1,24.1,0.74,999.5,-99,0.0,-99,-99,-99,臺中市,02,西屯區,125
24.182028,120.632861,西屯,C0F9T0,2018-04-02T01:00:00+08:00,111.0,190,1.0,23.5,0.77,999.3,-99,0.0,-99,-99,-99,臺中市,02,西屯區,125
24.182028,120.632861,西屯,C0F9T0,2018-04-02T02:00:00+08:00,111.0,212,0.6,22.9,0.8,999.0,-99,0.0,-99,-99,-99,臺中市,02,西屯區,125
24.182028,120.632861,西屯,C0F9T0,2018-04-02T03:00:00+08:00,111.0,206,1.8,22.4,0.85,998.8,-99,0.0,-99,-99,-99,臺中市,02,西屯區,125
24.182028,120.632861,西屯,C0F9T0,2018-04-02T04:00:00+08:00,111.0,179,0.9,22.3,0.86,998.7,-99,0.0,-99,-99,-99,臺中市,02,西屯區,125
24.182028,120.632861,西屯,C0F9T0,2018-04-02T05:00:00+08:00,111.0,243,0.9,22.4,0.86,998.9,-99,0.0,-99,-99,-99,臺中市,02,西屯區,125
24.182028,120.632861,西屯,C0F9T0,2018-04-02T06:00:00+08:00,111.0,165,0.4,22.3,0.84,999.3,-99,0.0,-99,-99,-99,臺中市,02,西屯區,125
24.182028,120.632861,西屯,C0F9T0,2018-04-02T07:00:00+08:00,111.0,162,0.7,22.7,0.81,999.6,-99,0.0,-99,-99,-99,臺中市,02,西屯區,125
24.182028,120.632861,西屯,C0F9T0,2018-04-02T08:00:00+08:00,111.0,197,1.9,23.3,0.78,999.9,-99,0.0,-99,-99,-99,臺中市,02,西屯區,125
24.182028,120.632861,西屯,C0F9T0,2018-04-02T09:00:00+08:00,111.0,182,1.5,24.6,0.68,1000.6,-99,0.0,-99,-99,-99,臺中市,02,西屯區,125
24.182028,120.632861,西屯,C0F9T0,2018-04-02T10:00:00+08:00,111.0,284,1.5,25.0,0.68,1000.7,-99,0.0,-99,-99,-99,臺中市,02,西屯區,125
24.182028,120.632861,西屯,C0F9T0,2018-04-02T12:00:00+08:00,111.0,254,1.8,25.3,0.68,1000.4,-99,0.0,-99,-99,-99,臺中市,02,西屯區,125
24.182028,120.632861,西屯,C0F9T0,2018-04-02T13:00:00+08:00,111.0,300,1.4,26.7,0.63,999.6,-99,0.0,-99,-99,-99,臺中市,02,西屯區,125
24.182028,120.632861,西屯,C0F9T0,2018-04-02T14:00:00+08:00,111.0,302,3.4,26.5,0.59,998.7,-99,0.0,-99,-99,-99,臺中市,02,西屯區,125
24.182028,120.632861,西屯,C0F9T0,2018-04-02T15:00:00+08:00,111.0,294,1.9,27.0,0.51,998.7,-99,0.0,-99,-99,-99,臺中市,02,西屯區,125
24.182028,120.632861,西屯,C0F9T0,2018-04-02T16:00:00+08:00,111.0,297,2.0,26.4,0.56,998.7,-99,0.0,-99,-99,-99,臺中市,02,西屯區,125
24.182028,120.632861,西屯,C0F9T0,2018-04-02T17:00:00+08:00,111.0,306,1.5,25.6,0.55,998.7,-99,0.0,-99,-99,-99,臺中市,02,西屯區,125
24.182028,120.632861,西屯,C0F9T0,2018-04-02T18:00:00+08:00,111.0,327,2.1,24.9,0.56,998.9,-99,0.0,-99,-99,-99,臺中市,02,西屯區,125
24.182028,120.632861,西屯,C0F9T0,2018-04-02T19:00:00+08:00,111.0,323,1.1,24.5,0.63,999.3,-99,0.0,-99,-99,-99,臺中市,02,西屯區,125
24.182028,120.632861,西屯,C0F9T0,2018-04-02T20:00:00+08:00,111.0,92,0.9,24.9,0.59,999.7,-99,0.0,-99,-99,-99,臺中市,02,西屯區,125
24.182028,120.632861,西屯,C0F9T0,2018-04-02T21:00:00+08:00,111.0,201,1.0,24.4,0.68,1000.3,-99,0.0,-99,-99,-99,臺中市,02,西屯區,125
24.182028,120.632861,西屯,C0F9T0,2018-04-02T22:00:00+08:00,111.0,0,0.1,24.2,0.68,1000.6,-99,0.0,-99,-99,-99,臺中市,02,西屯區,125
24.182028,120.632861,西屯,C0F9T0,2018-04-02T23:00:00+08:00,111.0,0,0.1,23.7,0.7,1000.9,-99,0.0,-99,-99,-99,臺中市,02,西屯區,125
24.182028,120.632861,西屯,C0F9T0,2018-04-03T00:00:00+08:00,111.0,317,0.5,23.1,0.74,1000.6,-99,0.0,-99,-99,-99,臺中市,02,西屯區,125
24.182028,120.632861,西屯,C0F9T0,2018-04-03T01:00:00+08:00,111.0,310,0.6,22.6,0.77,1000.2,-99,0.0,-99,-99,-99,臺中市,02,西屯區,125
24.182028,120.632861,西屯,C0F9T0,2018-04-03T02:00:00+08:00,111.0,0,0.2,22.0,0.79,999.7,-99,0.0,-99,-99,-99,臺中市,02,西屯區,125
24.182028,120.632861,西屯,C0F9T0,2018-04-03T03:00:00+08:00,111.0,314,0.7,21.4,0.8,999.3,-99,0.0,-99,-99,-99,臺中市,02,西屯區,125
24.182028,120.632861,西屯,C0F9T0,2018-04-03T04:00:00+08:00,111.0,0,0.2,21.7,0.78,998.9,-99,0.0,-99,-99,-99,臺中市,02,西屯區,125
24.182028,120.632861,西屯,C0F9T0,2018-04-03T05:00:00+08:00,111.0,307,1.0,21.7,0.78,999.3,-99,0.0,-99,-99,-99,臺中市,02,西屯區,125
24.182028,120.632861,西屯,C0F9T0,2018-04-03T06:00:00+08:00,111.0,313,0.5,22.1,0.76,999.8,-99,0.0,-99,-99,-99,臺中市,02,西屯區,125
24.182028,120.632861,西屯,C0F9T0,2018-04-03T07:00:00+08:00,111.0,320,0.8,22.2,0.73,1000.5,-99,0.0,-99,-99,-99,臺中市,02,西屯區,125
24.182028,120.632861,西屯,C0F9T0,2018-04-03T08:00:00+08:00,111.0,214,0.8,23.8,0.68,1001.1,-99,0.0,-99,-99,-99,臺中市,02,西屯區,125
24.182028,120.632861,西屯,C0F9T0,2018-04-03T09:00:00+08:00,111.0,181,1.6,25.0,0.63,1001.6,-99,0.0,-99,-99,-99,臺中市,02,西屯區,125
24.182028,120.632861,西屯,C0F9T0,2018-04-03T10:00:00+08:00,111.0,297,1.3,25.4,0.61,1001.8,-99,0.0,-99,-99,-99,臺中市,02,西屯區,125
24.182028,120.632861,西屯,C0F9T0,2018-04-03T11:00:00+08:00,111.0,294,2.2,25.7,0.6,1001.8,-99,0.0,-99,-99,-99,臺中市,02,西屯區,125
24.182028,120.632861,西屯,C0F9T0,2018-04-03T12:00:00+08:00,111.0,284,1.0,26.1,0.57,1001.6,-99,0.0,-99,-99,-99,臺中市,02,西屯區,125
24.182028,120.632861,西屯,C0F9T0,2018-04-03T13:00:00+08:00,111.0,297,1.2,26.3,0.54,1001.1,-99,0.0,-99,-99,-99,臺中市,02,西屯區,125
24.182028,120.632861,西屯,C0F9T0,2018-04-03T14:00:00+08:00,111.0,295,2.2,26.1,0.56,1000.5,-99,0.0,-99,-99,-99,臺中市,02,西屯區,125
24.182028,120.632861,西屯,C0F9T0,2018-04-03T15:00:00+08:00,111.0,300,3.3,25.5,0.64,999.9,-99,0.0,-99,-99,-99,臺中市,02,西屯區,125
24.182028,120.632861,西屯,C0F9T0,2018-04-03T16:00:00+08:00,111.0,304,2.8,25.8,0.62,999.7,-99,0.0,-99,-99,-99,臺中市,02,西屯區,125
24.182028,120.632861,西屯,C0F9T0,2018-04-03T17:00:00+08:00,111.0,293,2.2,25.6,0.63,999.7,-99,0.0,-99,-99,-99,臺中市,02,西屯區,125
24.182028,120.632861,西屯,C0F9T0,2018-04-03T18:00:00+08:00,111.0,321,2.0,24.6,0.69,999.8,-99,0.0,-99,-99,-99,臺中市,02,西屯區,125
24.182028,120.632861,西屯,C0F9T0,2018-04-03T19:00:00+08:00,111.0,338,1.3,23.9,0.72,999.7,-99,0.0,-99,-99,-99,臺中市,02,西屯區,125
24.182028,120.632861,西屯,C0F9T0,2018-04-03T20:00:00+08:00,111.0,11,1.0,23.7,0.74,999.9,-99,0.0,-99,-99,-99,臺中市,02,西屯區,125
24.182028,120.632861,西屯,C0F9T0,2018-04-03T21:00:00+08:00,111.0,319,1.1,23.5,0.76,1000.5,-99,0.0,-99,-99,-99,臺中市,02,西屯區,125
24.182028,120.632861,西屯,C0F9T0,2018-04-03T22:00:00+08:00,111.0,24,0.7,23.2,0.78,1001.0,-99,0.0,-99,-99,-99,臺中市,02,西屯區,125
24.182028,120.632861,西屯,C0F9T0,2018-04-03T23:00:00+08:00,111.0,309,1.1,22.7,0.81,1001.1,-99,0.0,-99,-99,-99,臺中市,02,西屯區,125
24.182028,120.632861,西屯,C0F9T0,2018-04-04T00:00:00+08:00,111.0,332,0.7,22.7,0.78,1000.6,-99,0.0,-99,-99,-99,臺中市,02,西屯區,125
24.182028,120.632861,西屯,C0F9T0,2018-04-04T01:00:00+08:00,111.0,325,0.8,22.2,0.8,999.9,-99,0.0,-99,-99,-99,臺中市,02,西屯區,125
24.182028,120.632861,西屯,C0F9T0,2018-04-04T02:00:00+08:00,111.0,331,1.0,21.8,0.81,999.3,-99,0.0,-99,-99,-99,臺中市,02,西屯區,125
24.182028,120.632861,西屯,C0F9T0,2018-04-04T03:00:00+08:00,111.0,328,0.7,21.4,0.82,998.7,-99,0.0,-99,-99,-99,臺中市,02,西屯區,125
24.182028,120.632861,西屯,C0F9T0,2018-04-04T04:00:00+08:00,111.0,303,0.6,21.2,0.82,998.6,-99,0.0,-99,-99,-99,臺中市,02,西屯區,125
24.182028,120.632861,西屯,C0F9T0,2018-04-04T05:00:00+08:00,111.0,310,1.0,20.8,0.86,999.0,-99,0.0,-99,-99,-99,臺中市,02,西屯區,125
24.182028,120.632861,西屯,C0F9T0,2018-04-04T06:00:00+08:00,111.0,298,0.6,21.1,0.86,999.6,-99,0.0,-99,-99,-99,臺中市,02,西屯區,125
24.182028,120.632861,西屯,C0F9T0,2018-04-04T07:00:00+08:00,111.0,308,1.3,21.5,0.84,1000.1,-99,0.0,-99,-99,-99,臺中市,02,西屯區,125
24.182028,120.632861,西屯,C0F9T0,2018-04-04T09:00:00+08:00,111.0,48,1.2,25.0,0.63,1001.1,-99,0.0,-99,-99,-99,臺中市,02,西屯區,125
24.182028,120.632861,西屯,C0F9T0,2018-04-04T10:00:00+08:00,111.0,323,1.0,25.4,0.61,1001.1,-99,0.0,-99,-99,-99,臺中市,02,西屯區,125
24.182028,120.632861,西屯,C0F9T0,2018-04-04T11:00:00+08:00,111.0,312,2.0,26.0,0.62,1001.0,-99,0.0,-99,-99,-99,臺中市,02,西屯區,125
24.182028,120.632861,西屯,C0F9T0,2018-04-04T12:00:00+08:00,111.0,305,1.6,26.4,0.61,1000.4,-99,0.0,-99,-99,-99,臺中市,02,西屯區,125
24.182028,120.632861,西屯,C0F9T0,2018-04-04T13:00:00+08:00,111.0,296,2.1,26.9,0.59,999.8,-99,0.0,-99,-99,-99,臺中市,02,西屯區,125
24.182028,120.632861,西屯,C0F9T0,2018-04-04T14:00:00+08:00,111.0,311,2.1,27.0,0.58,999.1,-99,0.0,-99,-99,-99,臺中市,02,西屯區,125
24.182028,120.632861,西屯,C0F9T0,2018-04-04T15:00:00+08:00,111.0,312,2.4,27.3,0.54,998.6,-99,0.0,-99,-99,-99,臺中市,02,西屯區,125
24.182028,120.632861,西屯,C0F9T0,2018-04-04T16:00:00+08:00,111.0,299,1.6,27.1,0.52,998.1,-99,0.0,-99,-99,-99,臺中市,02,西屯區,125
24.182028,120.632861,西屯,C0F9T0,2018-04-04T17:00:00+08:00,111.0,333,2.7,26.1,0.57,998.2,-99,0.0,-99,-99,-99,臺中市,02,西屯區,125
24.182028,120.632861,西屯,C0F9T0,2018-04-04T18:00:00+08:00,111.0,324,1.4,25.5,0.57,998.5,-99,0.0,-99,-99,-99,臺中市,02,西屯區,125
24.182028,120.632861,西屯,C0F9T0,2018-04-04T19:00:00+08:00,111.0,344,1.6,25.1,0.6,998.7,-99,0.0,-99,-99,-99,臺中市,02,西屯區,125
24.182028,120.632861,西屯,C0F9T0,2018-04-04T20:00:00+08:00,111.0,333,1.4,24.9,0.6,999.1,-99,0.0,-99,-99,-99,臺中市,02,西屯區,125
24.182028,120.632861,西屯,C0F9T0,2018-04-04T21:00:00+08:00,111.0,327,1.5,24.1,0.71,999.6,-99,0.0,-99,-99,-99,臺中市,02,西屯區,125
24.182028,120.632861,西屯,C0F9T0,2018-04-04T22:00:00+08:00,111.0,336,2.2,23.6,0.78,999.7,-99,0.0,-99,-99,-99,臺中市,02,西屯區,125
24.182028,120.632861,西屯,C0F9T0,2018-04-04T23:00:00+08:00,111.0,312,1.0,23.2,0.8,999.4,-99,0.0,-99,-99,-99,臺中市,02,西屯區,125
24.182028,120.632861,西屯,C0F9T0,2018-04-05T00:00:00+08:00,111.0,337,1.4,22.9,0.8,999.0,-99,0.0,-99,-99,-99,臺中市,02,西屯區,125
24.182028,120.632861,西屯,C0F9T0,2018-04-05T01:00:00+08:00,111.0,303,0.5,22.5,0.82,998.7,-99,0.0,-99,-99,-99,臺中市,02,西屯區,125
24.182028,120.632861,西屯,C0F9T0,2018-04-05T02:00:00+08:00,111.0,313,0.9,22.0,0.82,998.6,-99,0.0,-99,-99,-99,臺中市,02,西屯區,125
24.182028,120.632861,西屯,C0F9T0,2018-04-05T03:00:00+08:00,111.0,315,0.6,22.0,0.8,998.6,-99,0.0,-99,-99,-99,臺中市,02,西屯區,125
24.182028,120.632861,西屯,C0F9T0,2018-04-05T04:00:00+08:00,111.0,317,0.3,22.5,0.78,998.3,-99,0.0,-99,-99,-99,臺中市,02,西屯區,125
24.182028,120.632861,西屯,C0F9T0,2018-04-05T05:00:00+08:00,111.0,331,1.3,22.4,0.8,998.5,-99,0.0,-99,-99,-99,臺中市,02,西屯區,125
24.182028,120.632861,西屯,C0F9T0,2018-04-05T06:00:00+08:00,111.0,327,1.0,22.2,0.81,998.7,-99,0.0,-99,-99,-99,臺中市,02,西屯區,125
24.182028,120.632861,西屯,C0F9T0,2018-04-05T07:00:00+08:00,111.0,320,1.1,22.1,0.77,998.9,-99,0.0,-99,-99,-99,臺中市,02,西屯區,125
24.182028,120.632861,西屯,C0F9T0,2018-04-05T08:00:00+08:00,111.0,59,0.9,24.0,0.69,999.4,-99,0.0,-99,-99,-99,臺中市,02,西屯區,125
24.182028,120.632861,西屯,C0F9T0,2018-04-05T09:00:00+08:00,111.0,45,1.5,25.3,0.61,999.6,-99,0.0,-99,-99,-99,臺中市,02,西屯區,125
24.182028,120.632861,西屯,C0F9T0,2018-04-05T10:00:00+08:00,111.0,301,2.0,26.3,0.6,999.7,-99,0.0,-99,-99,-99,臺中市,02,西屯區,125
24.182028,120.632861,西屯,C0F9T0,2018-04-05T11:00:00+08:00,111.0,357,1.0,27.8,0.54,999.3,-99,0.0,-99,-99,-99,臺中市,02,西屯區,125
24.182028,120.632861,西屯,C0F9T0,2018-04-05T12:00:00+08:00,111.0,294,3.2,27.3,0.63,998.7,-99,0.0,-99,-99,-99,臺中市,02,西屯區,125
24.182028,120.632861,西屯,C0F9T0,2018-04-05T13:00:00+08:00,111.0,316,2.4,27.0,0.64,998.5,-99,0.0,-99,-99,-99,臺中市,02,西屯區,125
24.182028,120.632861,西屯,C0F9T0,2018-04-05T14:00:00+08:00,111.0,318,3.1,26.6,0.64,997.6,-99,0.0,-99,-99,-99,臺中市,02,西屯區,125
24.182028,120.632861,西屯,C0F9T0,2018-04-05T15:00:00+08:00,111.0,332,3.5,26.1,0.6,997.3,-99,0.0,-99,-99,-99,臺中市,02,西屯區,125
24.182028,120.632861,西屯,C0F9T0,2018-04-05T16:00:00+08:00,111.0,316,2.5,25.9,0.6,997.2,-99,0.0,-99,-99,-99,臺中市,02,西屯區,125
24.182028,120.632861,西屯,C0F9T0,2018-04-05T17:00:00+08:00,111.0,314,1.8,25.6,0.61,997.1,-99,0.0,-99,-99,-99,臺中市,02,西屯區,125
24.182028,120.632861,西屯,C0F9T0,2018-04-05T18:00:00+08:00,111.0,305,1.5,25.6,0.6,997.3,-99,0.0,-99,-99,-99,臺中市,02,西屯區,125
24.182028,120.632861,西屯,C0F9T0,2018-04-05T19:00:00+08:00,111.0,325,1.0,25.3,0.62,997.8,-99,0.0,-99,-99,-99,臺中市,02,西屯區,125
24.182028,120.632861,西屯,C0F9T0,2018-04-05T20:00:00+08:00,111.0,320,0.9,25.6,0.59,998.1,-99,0.0,-99,-99,-99,臺中市,02,西屯區,125
24.182028,120.632861,西屯,C0F9T0,2018-04-05T21:00:00+08:00,111.0,0,0.0,25.8,0.57,998.7,-99,0.0,-99,-99,-99,臺中市,02,西屯區,125
24.182028,120.632861,西屯,C0F9T0,2018-04-05T22:00:00+08:00,111.0,0,0.0,25.7,0.58,999.0,-99,0.0,-99,-99,-99,臺中市,02,西屯區,125
24.182028,120.632861,西屯,C0F9T0,2018-04-05T23:00:00+08:00,111.0,181,1.2,25.7,0.6,998.5,-99,0.0,-99,-99,-99,臺中市,02,西屯區,125
24.182028,120.632861,西屯,C0F9T0,2018-04-06T00:00:00+08:00,111.0,213,0.5,25.2,0.63,998.0,-99,0.0,-99,-99,-99,臺中市,02,西屯區,125
24.182028,120.632861,西屯,C0F9T0,2018-04-06T01:00:00+08:00,111.0,299,0.5,23.7,0.74,997.5,-99,0.0,-99,-99,-99,臺中市,02,西屯區,125
24.182028,120.632861,西屯,C0F9T0,2018-04-06T02:00:00+08:00,111.0,302,1.2,23.5,0.75,997.5,-99,0.0,-99,-99,-99,臺中市,02,西屯區,125
24.182028,120.632861,西屯,C0F9T0,2018-04-06T03:00:00+08:00,111.0,0,0.0,23.3,0.77,997.2,-99,0.0,-99,-99,-99,臺中市,02,西屯區,125
24.182028,120.632861,西屯,C0F9T0,2018-04-06T04:00:00+08:00,111.0,0,0.0,23.6,0.76,997.5,-99,0.0,-99,-99,-99,臺中市,02,西屯區,125
24.182028,120.632861,西屯,C0F9T0,2018-04-06T05:00:00+08:00,111.0,306,0.7,23.5,0.75,998.4,-99,0.0,-99,-99,-99,臺中市,02,西屯區,125
24.182028,120.632861,西屯,C0F9T0,2018-04-06T06:00:00+08:00,111.0,316,0.9,23.0,0.77,999.0,-99,0.0,-99,-99,-99,臺中市,02,西屯區,125
24.182028,120.632861,西屯,C0F9T0,2018-04-06T07:00:00+08:00,111.0,0,0.2,23.9,0.72,999.5,-99,0.0,-99,-99,-99,臺中市,02,西屯區,125
24.182028,120.632861,西屯,C0F9T0,2018-04-06T08:00:00+08:00,111.0,312,0.5,25.3,0.66,1000.0,-99,0.0,-99,-99,-99,臺中市,02,西屯區,125
24.182028,120.632861,西屯,C0F9T0,2018-04-06T09:00:00+08:00,111.0,320,1.9,25.7,0.66,1000.7,-99,0.0,-99,-99,-99,臺中市,02,西屯區,125
24.182028,120.632861,西屯,C0F9T0,2018-04-06T10:00:00+08:00,111.0,307,1.3,27.4,0.59,1000.8,-99,0.0,-99,-99,-99,臺中市,02,西屯區,125
24.182028,120.632861,西屯,C0F9T0,2018-04-06T11:00:00+08:00,111.0,290,3.3,26.9,0.63,1000.5,-99,0.0,-99,-99,-99,臺中市,02,西屯區,125
24.182028,120.632861,西屯,C0F9T0,2018-04-06T12:00:00+08:00,111.0,326,4.7,26.5,0.61,1000.1,-99,0.0,9.8,333,2018-04-06T11:59:00+08:00,臺中市,02,西屯區,125
24.182028,120.632861,西屯,C0F9T0,2018-04-06T13:00:00+08:00,111.0,312,4.0,22.5,0.73,1000.1,-99,0.0,9.4,343,2018-04-06T12:12:00+08:00,臺中市,02,西屯區,125
24.182028,120.632861,西屯,C0F9T0,2018-04-06T14:00:00+08:00,111.0,333,3.2,22.5,0.68,999.6,-99,0.0,9.5,355,2018-04-06T13:44:00+08:00,臺中市,02,西屯區,125
24.182028,120.632861,西屯,C0F9T0,2018-04-06T15:00:00+08:00,111.0,333,3.8,21.0,0.69,999.4,-99,0.0,13.3,353,2018-04-06T14:34:00+08:00,臺中市,02,西屯區,125
24.182028,120.632861,西屯,C0F9T0,2018-04-06T16:00:00+08:00,111.0,341,3.4,19.8,0.7,999.7,-99,0.0,12.6,5,2018-04-06T15:09:00+08:00,臺中市,02,西屯區,125
24.182028,120.632861,西屯,C0F9T0,2018-04-06T17:00:00+08:00,111.0,360,3.7,18.9,0.71,1000.0,-99,0.0,12.4,20,2018-04-06T16:31:00+08:00,臺中市,02,西屯區,125
24.182028,120.632861,西屯,C0F9T0,2018-04-06T18:00:00+08:00,111.0,358,3.8,17.9,0.72,1000.9,-99,0.0,10.5,33,2018-04-06T17:32:00+08:00,臺中市,02,西屯區,125
24.182028,120.632861,西屯,C0F9T0,2018-04-06T20:00:00+08:00,111.0,353,4.0,17.2,0.7,1003.0,-99,0.0,9.4,360,2018-04-06T19:08:00+08:00,臺中市,02,西屯區,125
24.182028,120.632861,西屯,C0F9T0,2018-04-06T21:00:00+08:00,111.0,9,2.3,16.0,0.68,1004.0,-99,0.0,11.6,63,2018-04-06T20:48:00+08:00,臺中市,02,西屯區,125
24.182028,120.632861,西屯,C0F9T0,2018-04-06T22:00:00+08:00,111.0,349,2.9,16.2,0.56,1004.2,-99,0.0,11.8,33,2018-04-06T21:44:00+08:00,臺中市,02,西屯區,125
24.182028,120.632861,西屯,C0F9T0,2018-04-06T23:00:00+08:00,111.0,346,3.5,16.1,0.55,1004.5,-99,0.0,13.0,70,2018-04-06T22:46:00+08:00,臺中市,02,西屯區,125
24.182028,120.632861,西屯,C0F9T0,2018-04-07T00:00:00+08:00,111.0,35,3.3,15.9,0.52,1004.4,-99,0.0,10.3,13,2018-04-06T23:58:00+08:00,臺中市,02,西屯區,125
24.182028,120.632861,西屯,C0F9T0,2018-04-07T01:00:00+08:00,111.0,16,2.9,16.0,0.48,1004.6,-99,0.0,12.5,53,2018-04-07T00:52:00+08:00,臺中市,02,西屯區,125
24.182028,120.632861,西屯,C0F9T0,2018-04-07T02:00:00+08:00,111.0,15,2.3,16.3,0.48,1004.4,-99,0.0,11.8,56,2018-04-07T01:32:00+08:00,臺中市,02,西屯區,125
24.182028,120.632861,西屯,C0F9T0,2018-04-07T03:00:00+08:00,111.0,338,2.3,17.1,0.45,1003.8,-99,0.0,7.7,54,2018-04-07T02:19:00+08:00,臺中市,02,西屯區,125
24.182028,120.632861,西屯,C0F9T0,2018-04-07T04:00:00+08:00,111.0,341,2.8,17.3,0.39,1004.0,-99,0.0,9.8,4,2018-04-07T03:08:00+08:00,臺中市,02,西屯區,125
24.182028,120.632861,西屯,C0F9T0,2018-04-07T05:00:00+08:00,111.0,7,3.0,17.2,0.43,1004.8,-99,0.0,15.1,62,2018-04-07T04:22:00+08:00,臺中市,02,西屯區,125
24.182028,120.632861,西屯,C0F9T0,2018-04-07T06:00:00+08:00,111.0,360,2.4,18.0,0.41,1005.1,-99,0.0,10.7,43,2018-04-07T05:10:00+08:00,臺中市,02,西屯區,125
24.182028,120.632861,西屯,C0F9T0,2018-04-07T07:00:00+08:00,111.0,355,2.8,17.2,0.46,1006.0,-99,0.0,10.0,16,2018-04-07T06:45:00+08:00,臺中市,02,西屯區,125
24.182028,120.632861,西屯,C0F9T0,2018-04-07T08:00:00+08:00,111.0,335,2.1,16.6,0.53,1006.4,-99,0.0,8.7,10,2018-04-07T07:10:00+08:00,臺中市,02,西屯區,125
24.182028,120.632861,西屯,C0F9T0,2018-04-07T09:00:00+08:00,111.0,337,4.2,15.6,0.59,1007.1,-99,0.0,-99,-99,-99,臺中市,02,西屯區,125
24.182028,120.632861,西屯,C0F9T0,2018-04-07T10:00:00+08:00,111.0,353,2.2,15.7,0.58,1007.7,-99,0.0,8.8,349,2018-04-07T09:05:00+08:00,臺中市,02,西屯區,125
24.182028,120.632861,西屯,C0F9T0,2018-04-07T11:00:00+08:00,111.0,338,2.2,15.9,0.59,1007.6,-99,0.0,-99,-99,-99,臺中市,02,西屯區,125
24.182028,120.632861,西屯,C0F9T0,2018-04-07T12:00:00+08:00,111.0,3,2.8,16.1,0.58,1007.2,-99,0.0,8.4,32,2018-04-07T11:35:00+08:00,臺中市,02,西屯區,125
24.182028,120.632861,西屯,C0F9T0,2018-04-07T13:00:00+08:00,111.0,324,2.8,16.1,0.57,1006.8,-99,0.0,7.9,7,2018-04-07T12:54:00+08:00,臺中市,02,西屯區,125
24.182028,120.632861,西屯,C0F9T0,2018-04-07T14:00:00+08:00,111.0,37,2.7,16.8,0.53,1006.3,-99,0.0,10.5,80,2018-04-07T14:00:00+08:00,臺中市,02,西屯區,125
24.182028,120.632861,西屯,C0F9T0,2018-04-07T15:00:00+08:00,111.0,353,3.1,16.7,0.55,1006.0,-99,0.0,-99,-99,-99,臺中市,02,西屯區,125
24.182028,120.632861,西屯,C0F9T0,2018-04-07T16:00:00+08:00,111.0,30,2.6,16.5,0.56,1006.2,-99,0.0,-99,-99,-99,臺中市,02,西屯區,125
24.182028,120.632861,西屯,C0F9T0,2018-04-07T17:00:00+08:00,111.0,13,2.0,16.6,0.53,1006.3,-99,0.0,9.3,32,2018-04-07T16:46:00+08:00,臺中市,02,西屯區,125
24.182028,120.632861,西屯,C0F9T0,2018-04-07T18:00:00+08:00,111.0,15,2.8,16.2,0.49,1006.9,-99,0.0,-99,-99,-99,臺中市,02,西屯區,125
24.182028,120.632861,西屯,C0F9T0,2018-04-07T19:00:00+08:00,111.0,44,1.7,16.1,0.48,1006.8,-99,0.0,6.9,23,2018-04-07T18:02:00+08:00,臺中市,02,西屯區,125
24.182028,120.632861,西屯,C0F9T0,2018-04-07T20:00:00+08:00,111.0,323,1.7,15.7,0.49,1007.5,-99,0.0,-99,-99,-99,臺中市,02,西屯區,125
24.182028,120.632861,西屯,C0F9T0,2018-04-07T21:00:00+08:00,111.0,7,1.9,16.3,0.43,1007.8,-99,0.0,-99,-99,-99,臺中市,02,西屯區,125
24.182028,120.632861,西屯,C0F9T0,2018-04-07T22:00:00+08:00,111.0,53,1.7,16.7,0.3,1007.6,-99,0.0,-99,-99,-99,臺中市,02,西屯區,125
24.182028,120.632861,西屯,C0F9T0,2018-04-07T23:00:00+08:00,111.0,321,0.8,16.3,0.36,1007.5,-99,0.0,-99,-99,-99,臺中市,02,西屯區,125
24.182028,120.632861,西屯,C0F9T0,2018-04-08T00:00:00+08:00,111.0,343,0.8,16.2,0.36,1007.1,-99,0.0,-99,-99,-99,臺中市,02,西屯區,125
24.182028,120.632861,西屯,C0F9T0,2018-04-08T01:00:00+08:00,111.0,349,1.1,16.4,0.28,1006.6,-99,0.0,-99,-99,-99,臺中市,02,西屯區,125
24.182028,120.632861,西屯,C0F9T0,2018-04-08T02:00:00+08:00,111.0,338,1.8,15.6,0.32,1005.9,-99,0.0,-99,-99,-99,臺中市,02,西屯區,125
24.182028,120.632861,西屯,C0F9T0,2018-04-08T03:00:00+08:00,111.0,324,1.8,15.2,0.36,1005.2,-99,0.0,-99,-99,-99,臺中市,02,西屯區,125
24.182028,120.632861,西屯,C0F9T0,2018-04-08T04:00:00+08:00,111.0,326,1.5,14.9,0.41,1004.8,-99,0.0,-99,-99,-99,臺中市,02,西屯區,125
24.182028,120.632861,西屯,C0F9T0,2018-04-08T05:00:00+08:00,111.0,311,0.9,15.2,0.43,1004.6,-99,0.0,-99,-99,-99,臺中市,02,西屯區,125
24.182028,120.632861,西屯,C0F9T0,2018-04-08T06:00:00+08:00,111.0,345,0.4,15.4,0.45,1004.6,-99,0.0,-99,-99,-99,臺中市,02,西屯區,125
24.182028,120.632861,西屯,C0F9T0,2018-04-08T07:00:00+08:00,111.0,0,0.2,16.7,0.45,1005.4,-99,0.0,-99,-99,-99,臺中市,02,西屯區,125
24.182028,120.632861,西屯,C0F9T0,2018-04-08T08:00:00+08:00,111.0,0,0.1,18.8,0.4,1005.8,-99,0.0,-99,-99,-99,臺中市,02,西屯區,125
24.182028,120.632861,西屯,C0F9T0,2018-04-08T09:00:00+08:00,111.0,214,0.7,20.3,0.49,1006.3,-99,0.0,-99,-99,-99,臺中市,02,西屯區,125
24.182028,120.632861,西屯,C0F9T0,2018-04-08T10:00:00+08:00,111.0,201,2.0,21.6,0.54,1006.5,-99,0.0,-99,-99,-99,臺中市,02,西屯區,125
24.182028,120.632861,西屯,C0F9T0,2018-04-08T11:00:00+08:00,111.0,167,2.6,23.4,0.46,1006.0,-99,0.0,-99,-99,-99,臺中市,02,西屯區,125
24.182028,120.632861,西屯,C0F9T0,2018-04-08T12:00:00+08:00,111.0,214,1.9,23.7,0.43,1005.7,-99,0.0,-99,-99,-99,臺中市,02,西屯區,125
24.182028,120.632861,西屯,C0F9T0,2018-04-08T13:00:00+08:00,111.0,240,1.9,23.9,0.4,1005.1,-99,0.0,-99,-99,-99,臺中市,02,西屯區,125
24.182028,120.632861,西屯,C0F9T0,2018-04-08T14:00:00+08:00,111.0,268,2.3,23.8,0.43,1004.8,-99,0.0,-99,-99,-99,臺中市,02,西屯區,125
24.182028,120.632861,西屯,C0F9T0,2018-04-08T15:00:00+08:00,111.0,273,2.3,23.8,0.46,1004.6,-99,0.0,-99,-99,-99,臺中市,02,西屯區,125
24.182028,120.632861,西屯,C0F9T0,2018-04-08T16:00:00+08:00,111.0,267,1.6,23.4,0.45,1004.5,-99,0.0,-99,-99,-99,臺中市,02,西屯區,125
24.182028,120.632861,西屯,C0F9T0,2018-04-08T17:00:00+08:00,111.0,292,2.3,22.3,0.51,1004.7,-99,0.0,-99,-99,-99,臺中市,02,西屯區,125
24.182028,120.632861,西屯,C0F9T0,2018-04-08T18:00:00+08:00,111.0,305,1.7,21.3,0.56,1005.1,-99,0.0,-99,-99,-99,臺中市,02,西屯區,125
24.182028,120.632861,西屯,C0F9T0,2018-04-08T19:00:00+08:00,111.0,309,1.9,20.4,0.65,1005.2,-99,0.0,-99,-99,-99,臺中市,02,西屯區,125
24.182028,120.632861,西屯,C0F9T0,2018-04-08T20:00:00+08:00,111.0,301,1.3,20.0,0.62,1005.4,-99,0.0,-99,-99,-99,臺中市,02,西屯區,125
24.182028,120.632861,西屯,C0F9T0,2018-04-08T21:00:00+08:00,111.0,278,0.4,20.0,0.61,1005.8,-99,0.0,-99,-99,-99,臺中市,02,西屯區,125
24.182028,120.632861,西屯,C0F9T0,2018-04-08T22:00:00+08:00,111.0,79,0.9,19.7,0.64,1006.0,-99,0.0,-99,-99,-99,臺中市,02,西屯區,125
24.182028,120.632861,西屯,C0F9T0,2018-04-08T23:00:00+08:00,111.0,0,0.1,19.2,0.67,1006.2,-99,0.0,-99,-99,-99,臺中市,02,西屯區,125
24.182028,120.632861,西屯,C0F9T0,2018-04-09T00:00:00+08:00,111.0,289,0.7,18.3,0.74,1005.9,-99,0.0,-99,-99,-99,臺中市,02,西屯區,125
24.182028,120.632861,西屯,C0F9T0,2018-04-09T01:00:00+08:00,111.0,295,0.7,17.5,0.78,1005.5,-99,0.0,-99,-99,-99,臺中市,02,西屯區,125
24.182028,120.632861,西屯,C0F9T0,2018-04-09T02:00:00+08:00,111.0,299,0.7,16.8,0.8,1004.7,-99,0.0,-99,-99,-99,臺中市,02,西屯區,125
24.182028,120.632861,西屯,C0F9T0,2018-04-09T03:00:00+08:00,111.0,309,1.0,16.4,0.81,1004.1,-99,0.0,-99,-99,-99,臺中市,02,西屯區,125
24.182028,120.632861,西屯,C0F9T0,2018-04-09T04:00:00+08:00,111.0,294,0.9,16.6,0.79,1004.5,-99,0.0,-99,-99,-99,臺中市,02,西屯區,125
24.182028,120.632861,西屯,C0F9T0,2018-04-09T05:00:00+08:00,111.0,0,0.2,16.8,0.77,1004.9,-99,0.0,-99,-99,-99,臺中市,02,西屯區,125
24.182028,120.632861,西屯,C0F9T0,2018-04-09T07:00:00+08:00,111.0,48,0.5,17.6,0.71,1005.6,-99,0.0,-99,-99,-99,臺中市,02,西屯區,125
24.182028,120.632861,西屯,C0F9T0,2018-04-09T08:00:00+08:00,111.0,153,0.3,20.2,0.57,1005.8,-99,0.0,-99,-99,-99,臺中市,02,西屯區,125
24.182028,120.632861,西屯,C0F9T0,2018-04-09T09:00:00+08:00,111.0,149,1.0,21.5,0.5,1005.7,-99,0.0,-99,-99,-99,臺中市,02,西屯區,125
24.182028,120.632861,西屯,C0F9T0,2018-04-09T10:00:00+08:00,111.0,250,0.5,23.0,0.41,1005.7,-99,0.0,-99,-99,-99,臺中市,02,西屯區,125
24.182028,120.632861,西屯,C0F9T0,2018-04-09T11:00:00+08:00,111.0,199,1.3,23.8,0.4,1005.3,-99,0.0,-99,-99,-99,臺中市,02,西屯區,125
24.182028,120.632861,西屯,C0F9T0,2018-04-09T12:00:00+08:00,111.0,208,1.7,25.4,0.36,1004.6,-99,0.0,-99,-99,-99,臺中市,02,西屯區,125
24.182028,120.632861,西屯,C0F9T0,2018-04-09T13:00:00+08:00,111.0,304,2.9,24.9,0.44,1003.8,-99,0.0,-99,-99,-99,臺中市,02,西屯區,125
24.182028,120.632861,西屯,C0F9T0,2018-04-09T14:00:00+08:00,111.0,305,3.8,24.1,0.47,1002.8,-99,0.0,-99,-99,-99,臺中市,02,西屯區,125
24.182028,120.632861,西屯,C0F9T0,2018-04-09T15:00:00+08:00,111.0,294,2.2,24.0,0.49,1002.5,-99,0.0,-99,-99,-99,臺中市,02,西屯區,125
24.182028,120.632861,西屯,C0F9T0,2018-04-09T16:00:00+08:00,111.0,293,1.5,23.6,0.52,1002.3,-99,0.0,-99,-99,-99,臺中市,02,西屯區,125
24.182028,120.632861,西屯,C0F9T0,2018-04-09T17:00:00+08:00,111.0,329,3.1,22.4,0.61,1002.5,-99,0.0,-99,-99,-99,臺中市,02,西屯區,125
24.182028,120.632861,西屯,C0F9T0,2018-04-09T18:00:00+08:00,111.0,319,2.1,21.6,0.68,1002.8,-99,0.0,-99,-99,-99,臺中市,02,西屯區,125
24.182028,120.632861,西屯,C0F9T0,2018-04-09T19:00:00+08:00,111.0,323,1.6,21.0,0.72,1002.8,-99,0.0,-99,-99,-99,臺中市,02,西屯區,125
24.182028,120.632861,西屯,C0F9T0,2018-04-09T20:00:00+08:00,111.0,333,1.3,20.6,0.75,1003.2,-99,0.0,-99,-99,-99,臺中市,02,西屯區,125
24.182028,120.632861,西屯,C0F9T0,2018-04-09T21:00:00+08:00,111.0,332,1.3,20.4,0.77,1003.7,-99,0.0,-99,-99,-99,臺中市,02,西屯區,125
24.182028,120.632861,西屯,C0F9T0,2018-04-09T22:00:00+08:00,111.0,59,0.6,20.3,0.79,1003.8,-99,0.0,-99,-99,-99,臺中市,02,西屯區,125
24.182028,120.632861,西屯,C0F9T0,2018-04-09T23:00:00+08:00,111.0,0,0.2,20.3,0.78,1003.6,-99,0.0,-99,-99,-99,臺中市,02,西屯區,125
24.182028,120.632861,西屯,C0F9T0,2018-04-10T00:00:00+08:00,111.0,0,0.2,20.1,0.79,1003.1,-99,0.0,-99,-99,-99,臺中市,02,西屯區,125
24.182028,120.632861,西屯,C0F9T0,2018-04-10T01:00:00+08:00,111.0,302,0.5,19.5,0.79,1003.1,-99,0.0,-99,-99,-99,臺中市,02,西屯區,125
24.182028,120.632861,西屯,C0F9T0,2018-04-10T02:00:00+08:00,111.0,295,0.8,18.6,0.82,1002.7,-99,0.0,-99,-99,-99,臺中市,02,西屯區,125
24.182028,120.632861,西屯,C0F9T0,2018-04-10T03:00:00+08:00,111.0,301,0.9,18.2,0.83,1002.3,-99,0.0,-99,-99,-99,臺中市,02,西屯區,125
24.182028,120.632861,西屯,C0F9T0,2018-04-10T04:00:00+08:00,111.0,293,0.6,17.8,0.84,1002.2,-99,0.0,-99,-99,-99,臺中市,02,西屯區,125
24.182028,120.632861,西屯,C0F9T0,2018-04-10T05:00:00+08:00,111.0,300,1.0,17.7,0.83,1002.2,-99,0.0,-99,-99,-99,臺中市,02,西屯區,125
24.182028,120.632861,西屯,C0F9T0,2018-04-10T06:00:00+08:00,111.0,311,0.9,17.6,0.81,1002.5,-99,0.0,-99,-99,-99,臺中市,02,西屯區,125
24.182028,120.632861,西屯,C0F9T0,2018-04-10T07:00:00+08:00,111.0,0,0.0,18.7,0.75,1003.0,-99,0.0,-99,-99,-99,臺中市,02,西屯區,125
24.182028,120.632861,西屯,C0F9T0,2018-04-10T08:00:00+08:00,111.0,288,0.5,20.6,0.68,1003.5,-99,0.0,-99,-99,-99,臺中市,02,西屯區,125
24.182028,120.632861,西屯,C0F9T0,2018-04-10T09:00:00+08:00,111.0,198,0.8,23.0,0.5,1003.7,-99,0.0,-99,-99,-99,臺中市,02,西屯區,125
24.182028,120.632861,西屯,C0F9T0,2018-04-10T10:00:00+08:00,111.0,195,0.7,25.0,0.38,1003.3,-99,0.0,-99,-99,-99,臺中市,02,西屯區,125
24.182028,120.632861,西屯,C0F9T0,2018-04-10T11:00:00+08:00,111.0,182,1.6,26.1,0.36,1002.8,-99,0.0,-99,-99,-99,臺中市,02,西屯區,125
24.182028,120.632861,西屯,C0F9T0,2018-04-10T12:00:00+08:00,111.0,264,1.2,27.9,0.36,1001.8,-99,0.0,-99,-99,-99,臺中市,02,西屯區,125
24.182028,120.632861,西屯,C0F9T0,2018-04-10T13:00:00+08:00,111.0,224,1.6,28.1,0.38,1001.0,-99,0.0,-99,-99,-99,臺中市,02,西屯區,125
24.182028,120.632861,西屯,C0F9T0,2018-04-10T14:00:00+08:00,111.0,268,1.8,28.3,0.38,1000.3,-99,0.0,-99,-99,-99,臺中市,02,西屯區,125
24.182028,120.632861,西屯,C0F9T0,2018-04-10T15:00:00+08:00,111.0,301,2.7,27.7,0.4,999.9,-99,0.0,-99,-99,-99,臺中市,02,西屯區,125
24.182028,120.632861,西屯,C0F9T0,2018-04-10T16:00:00+08:00,111.0,304,2.7,27.7,0.41,999.6,-99,0.0,-99,-99,-99,臺中市,02,西屯區,125
24.182028,120.632861,西屯,C0F9T0,2018-04-10T17:00:00+08:00,111.0,281,1.5,27.8,0.42,999.8,-99,0.0,-99,-99,-99,臺中市,02,西屯區,125
24.182028,120.632861,西屯,C0F9T0,2018-04-10T18:00:00+08:00,111.0,282,1.8,26.6,0.44,999.9,-99,0.0,-99,-99,-99,臺中市,02,西屯區,125
24.182028,120.632861,西屯,C0F9T0,2018-04-10T19:00:00+08:00,111.0,191,1.5,26.1,0.47,1000.3,-99,0.0,-99,-99,-99,臺中市,02,西屯區,125
24.182028,120.632861,西屯,C0F9T0,2018-04-10T20:00:00+08:00,111.0,0,0.1,25.5,0.51,1000.2,-99,0.0,-99,-99,-99,臺中市,02,西屯區,125
24.182028,120.632861,西屯,C0F9T0,2018-04-10T21:00:00+08:00,111.0,208,1.7,24.8,0.54,1000.8,-99,0.0,-99,-99,-99,臺中市,02,西屯區,125
24.182028,120.632861,西屯,C0F9T0,2018-04-10T22:00:00+08:00,111.0,200,0.5,24.3,0.57,1001.0,-99,0.0,-99,-99,-99,臺中市,02,西屯區,125
24.182028,120.632861,西屯,C0F9T0,2018-04-10T23:00:00+08:00,111.0,0,0.1,24.0,0.58,1001.0,-99,0.0,-99,-99,-99,臺中市,02,西屯區,125
24.182028,120.632861,西屯,C0F9T0,2018-04-11T00:00:00+08:00,111.0,287,0.3,23.4,0.61,1000.6,-99,0.0,-99,-99,-99,臺中市,02,西屯區,125
24.182028,120.632861,西屯,C0F9T0,2018-04-11T01:00:00+08:00,111.0,0,0.2,22.7,0.66,1000.4,-99,0.0,-99,-99,-99,臺中市,02,西屯區,125
24.182028,120.632861,西屯,C0F9T0,2018-04-11T02:00:00+08:00,111.0,0,0.2,22.0,0.7,999.9,-99,0.0,-99,-99,-99,臺中市,02,西屯區,125
24.182028,120.632861,西屯,C0F9T0,2018-04-11T03:00:00+08:00,111.0,307,0.5,21.7,0.71,999.4,-99,0.0,-99,-99,-99,臺中市,02,西屯區,125
24.182028,120.632861,西屯,C0F9T0,2018-04-11T04:00:00+08:00,111.0,300,0.7,22.1,0.68,999.1,-99,0.0,-99,-99,-99,臺中市,02,西屯區,125
24.182028,120.632861,西屯,C0F9T0,2018-04-11T05:00:00+08:00,111.0,298,0.3,21.8,0.69,999.3,-99,0.0,-99,-99,-99,臺中市,02,西屯區,125
24.182028,120.632861,西屯,C0F9T0,2018-04-11T06:00:00+08:00,111.0,299,0.5,21.5,0.71,999.7,-99,0.0,-99,-99,-99,臺中市,02,西屯區,125
24.182028,120.632861,西屯,C0F9T0,2018-04-11T07:00:00+08:00,111.0,225,0.4,22.9,0.64,1000.5,-99,0.0,-99,-99,-99,臺中市,02,西屯區,125
24.182028,120.632861,西屯,C0F9T0,2018-04-11T08:00:00+08:00,111.0,241,0.6,24.8,0.56,1001.0,-99,0.0,-99,-99,-99,臺中市,02,西屯區,125
24.182028,120.632861,西屯,C0F9T0,2018-04-11T09:00:00+08:00,111.0,186,1.2,26.7,0.5,1001.1,-99,0.0,-99,-99,-99,臺中市,02,西屯區,125
24.182028,120.632861,西屯,C0F9T0,2018-04-11T10:00:00+08:00,111.0,195,1.2,28.0,0.53,1000.7,-99,0.0,-99,-99,-99,臺中市,02,西屯區,125
24.182028,120.632861,西屯,C0F9T0,2018-04-11T11:00:00+08:00,111.0,223,1.1,29.4,0.53,1000.2,-99,0.0,-99,-99,-99,臺中市,02,西屯區,125
24.182028,120.632861,西屯,C0F9T0,2018-04-11T12:00:00+08:00,111.0,239,1.8,29.5,0.57,999.3,-99,0.0,-99,-99,-99,臺中市,02,西屯區,125
24.182028,120.632861,西屯,C0F9T0,2018-04-11T13:00:00+08:00,111.0,296,1.7,29.1,0.63,998.7,-99,0.0,-99,-99,-99,臺中市,02,西屯區,125
24.182028,120.632861,西屯,C0F9T0,2018-04-11T14:00:00+08:00,111.0,283,2.2,28.5,0.65,997.9,-99,0.0,-99,-99,-99,臺中市,02,西屯區,125
24.182028,120.632861,西屯,C0F9T0,2018-04-11T15:00:00+08:00,111.0,311,1.5,29.1,0.63,997.2,-99,0.0,-99,-99,-99,臺中市,02,西屯區,125
24.182028,120.632861,西屯,C0F9T0,2018-04-11T16:00:00+08:00,111.0,298,2.1,28.8,0.66,996.8,-99,0.0,-99,-99,-99,臺中市,02,西屯區,125
24.182028,120.632861,西屯,C0F9T0,2018-04-11T17:00:00+08:00,111.0,304,2.2,27.1,0.71,996.9,-99,0.0,-99,-99,-99,臺中市,02,西屯區,125
24.182028,120.632861,西屯,C0F9T0,2018-04-11T18:00:00+08:00,111.0,293,1.8,26.3,0.73,996.9,-99,0.0,-99,-99,-99,臺中市,02,西屯區,125
24.182028,120.632861,西屯,C0F9T0,2018-04-11T19:00:00+08:00,111.0,360,0.3,26.4,0.73,997.3,-99,0.0,-99,-99,-99,臺中市,02,西屯區,125
24.182028,120.632861,西屯,C0F9T0,2018-04-11T20:00:00+08:00,111.0,208,0.4,26.5,0.72,997.7,-99,0.0,-99,-99,-99,臺中市,02,西屯區,125
24.182028,120.632861,西屯,C0F9T0,2018-04-11T21:00:00+08:00,111.0,206,0.7,26.5,0.74,997.8,-99,0.0,-99,-99,-99,臺中市,02,西屯區,125
24.182028,120.632861,西屯,C0F9T0,2018-04-11T22:00:00+08:00,111.0,200,1.0,26.4,0.76,998.0,-99,0.0,-99,-99,-99,臺中市,02,西屯區,125
24.182028,120.632861,西屯,C0F9T0,2018-04-11T23:00:00+08:00,111.0,239,1.0,25.9,0.8,998.3,-99,0.0,-99,-99,-99,臺中市,02,西屯區,125
24.182028,120.632861,西屯,C0F9T0,2018-04-12T00:00:00+08:00,111.0,202,1.0,25.7,0.81,998.4,-99,0.0,-99,-99,-99,臺中市,02,西屯區,125
24.182028,120.632861,西屯,C0F9T0,2018-04-12T01:00:00+08:00,111.0,197,1.0,25.4,0.82,998.1,-99,0.0,-99,-99,-99,臺中市,02,西屯區,125
24.182028,120.632861,西屯,C0F9T0,2018-04-12T02:00:00+08:00,111.0,194,1.0,25.4,0.83,997.8,-99,0.0,-99,-99,-99,臺中市,02,西屯區,125
24.182028,120.632861,西屯,C0F9T0,2018-04-12T03:00:00+08:00,111.0,207,1.1,25.6,0.83,997.5,-99,0.0,-99,-99,-99,臺中市,02,西屯區,125
24.182028,120.632861,西屯,C0F9T0,2018-04-12T04:00:00+08:00,111.0,161,1.7,25.6,0.83,997.4,-99,0.0,-99,-99,-99,臺中市,02,西屯區,125
24.182028,120.632861,西屯,C0F9T0,2018-04-12T05:00:00+08:00,111.0,182,0.9,25.6,0.84,997.5,-99,0.0,-99,-99,-99,臺中市,02,西屯區,125
24.182028,120.632861,西屯,C0F9T0,2018-04-12T06:00:00+08:00,111.0,194,1.6,25.5,0.84,998.0,-99,0.0,-99,-99,-99,臺中市,02,西屯區,125
24.182028,120.632861,西屯,C0F9T0,2018-04-12T07:00:00+08:00,111.0,186,1.8,25.9,0.81,998.6,-99,0.0,-99,-99,-99,臺中市,02,西屯區,125
24.182028,120.632861,西屯,C0F9T0,2018-04-12T08:00:00+08:00,111.0,180,1.1,26.9,0.76,999.0,-99,0.0,-99,-99,-99,臺中市,02,西屯區,125
24.182028,120.632861,西屯,C0F9T0,2018-04-12T09:00:00+08:00,111.0,182,1.9,27.8,0.73,999.1,-99,0.0,-99,-99,-99,臺中市,02,西屯區,125
24.182028,120.632861,西屯,C0F9T0,2018-04-12T10:00:00+08:00,111.0,213,1.1,27.5,0.76,999.1,-99,0.0,-99,-99,-99,臺中市,02,西屯區,125
24.182028,120.632861,西屯,C0F9T0,2018-04-12T11:00:00+08:00,111.0,286,2.2,26.9,0.86,999.1,-99,0.0,-99,-99,-99,臺中市,02,西屯區,125
24.182028,120.632861,西屯,C0F9T0,2018-04-12T12:00:00+08:00,111.0,302,2.9,27.7,0.78,999.0,-99,0.0,-99,-99,-99,臺中市,02,西屯區,125
24.182028,120.632861,西屯,C0F9T0,2018-04-12T13:00:00+08:00,111.0,306,2.8,28.2,0.72,998.2,-99,0.0,-99,-99,-99,臺中市,02,西屯區,125
24.182028,120.632861,西屯,C0F9T0,2018-04-12T14:00:00+08:00,111.0,297,2.5,28.8,0.63,997.6,-99,0.0,-99,-99,-99,臺中市,02,西屯區,125
24.182028,120.632861,西屯,C0F9T0,2018-04-12T15:00:00+08:00,111.0,294,2.8,29.2,0.6,997.2,-99,0.0,-99,-99,-99,臺中市,02,西屯區,125
24.182028,120.632861,西屯,C0F9T0,2018-04-12T16:00:00+08:00,111.0,158,1.2,29.5,0.57,997.1,-99,0.0,-99,-99,-99,臺中市,02,西屯區,125
24.182028,120.632861,西屯,C0F9T0,2018-04-12T17:00:00+08:00,111.0,157,2.0,29.2,0.54,997.3,-99,0.0,-99,-99,-99,臺中市,02,西屯區,125
24.182028,120.632861,西屯,C0F9T0,2018-04-12T18:00:00+08:00,111.0,185,0.9,28.4,0.51,997.4,-99,0.0,-99,-99,-99,臺中市,02,西屯區,125
24.182028,120.632861,西屯,C0F9T0,2018-04-12T19:00:00+08:00,111.0,190,0.4,27.7,0.54,998.4,-99,0.0,-99,-99,-99,臺中市,02,西屯區,125
24.182028,120.632861,西屯,C0F9T0,2018-04-12T20:00:00+08:00,111.0,204,0.9,27.2,0.58,999.0,-99,0.0,-99,-99,-99,臺中市,02,西屯區,125
24.182028,120.632861,西屯,C0F9T0,2018-04-12T21:00:00+08:00,111.0,210,1.4,26.4,0.64,999.6,-99,0.0,-99,-99,-99,臺中市,02,西屯區,125
24.182028,120.632861,西屯,C0F9T0,2018-04-12T22:00:00+08:00,111.0,0,0.2,25.8,0.67,999.7,-99,0.0,-99,-99,-99,臺中市,02,西屯區,125
24.182028,120.632861,西屯,C0F9T0,2018-04-12T23:00:00+08:00,111.0,303,0.8,25.2,0.7,999.7,-99,0.0,-99,-99,-99,臺中市,02,西屯區,125
24.182028,120.632861,西屯,C0F9T0,2018-04-13T00:00:00+08:00,111.0,213,0.7,25.3,0.69,999.7,-99,0.0,-99,-99,-99,臺中市,02,西屯區,125
24.182028,120.632861,西屯,C0F9T0,2018-04-13T01:00:00+08:00,111.0,303,0.6,24.9,0.71,999.5,-99,0.0,-99,-99,-99,臺中市,02,西屯區,125
24.182028,120.632861,西屯,C0F9T0,2018-04-13T02:00:00+08:00,111.0,220,0.5,24.8,0.7,999.3,-99,0.0,-99,-99,-99,臺中市,02,西屯區,125
24.182028,120.632861,西屯,C0F9T0,2018-04-13T03:00:00+08:00,111.0,292,0.6,24.3,0.71,998.8,-99,0.0,-99,-99,-99,臺中市,02,西屯區,125
24.182028,120.632861,西屯,C0F9T0,2018-04-13T04:00:00+08:00,111.0,0,0.1,24.4,0.7,998.6,-99,0.0,-99,-99,-99,臺中市,02,西屯區,125
24.182028,120.632861,西屯,C0F9T0,2018-04-13T05:00:00+08:00,111.0,297,1.0,23.7,0.72,998.8,-99,0.0,-99,-99,-99,臺中市,02,西屯區,125
24.182028,120.632861,西屯,C0F9T0,2018-04-13T06:00:00+08:00,111.0,285,0.3,23.7,0.7,999.1,-99,0.0,-99,-99,-99,臺中市,02,西屯區,125
24.182028,120.632861,西屯,C0F9T0,2018-04-13T07:00:00+08:00,111.0,0,0.1,25.2,0.67,999.7,-99,0.0,-99,-99,-99,臺中市,02,西屯區,125
24.182028,120.632861,西屯,C0F9T0,2018-04-13T08:00:00+08:00,111.0,0,0.0,26.5,0.61,1000.4,-99,0.0,-99,-99,-99,臺中市,02,西屯區,125
24.182028,120.632861,西屯,C0F9T0,2018-04-13T09:00:00+08:00,111.0,190,1.0,27.7,0.6,1000.9,-99,0.0,-99,-99,-99,臺中市,02,西屯區,125
24.182028,120.632861,西屯,C0F9T0,2018-04-13T10:00:00+08:00,111.0,224,0.7,28.3,0.67,1000.8,-99,0.0,-99,-99,-99,臺中市,02,西屯區,125
24.182028,120.632861,西屯,C0F9T0,2018-04-13T11:00:00+08:00,111.0,232,1.4,29.8,0.62,1000.5,-99,0.0,-99,-99,-99,臺中市,02,西屯區,125
24.182028,120.632861,西屯,C0F9T0,2018-04-13T12:00:00+08:00,111.0,287,1.3,30.4,0.59,999.9,-99,0.0,-99,-99,-99,臺中市,02,西屯區,125
24.182028,120.632861,西屯,C0F9T0,2018-04-13T13:00:00+08:00,111.0,298,2.1,29.7,0.67,999.1,-99,0.0,-99,-99,-99,臺中市,02,西屯區,125
24.182028,120.632861,西屯,C0F9T0,2018-04-13T14:00:00+08:00,111.0,297,3.6,29.3,0.69,998.3,-99,0.0,-99,-99,-99,臺中市,02,西屯區,125
24.182028,120.632861,西屯,C0F9T0,2018-04-13T15:00:00+08:00,111.0,303,3.5,29.1,0.7,997.8,-99,0.0,-99,-99,-99,臺中市,02,西屯區,125
24.182028,120.632861,西屯,C0F9T0,2018-04-13T16:00:00+08:00,111.0,285,1.7,29.3,0.7,997.4,-99,0.0,-99,-99,-99,臺中市,02,西屯區,125
24.182028,120.632861,西屯,C0F9T0,2018-04-13T17:00:00+08:00,111.0,260,1.7,28.4,0.72,997.8,-99,0.0,-99,-99,-99,臺中市,02,西屯區,125
24.182028,120.632861,西屯,C0F9T0,2018-04-13T18:00:00+08:00,111.0,300,0.7,27.3,0.78,998.1,-99,0.0,-99,-99,-99,臺中市,02,西屯區,125
24.182028,120.632861,西屯,C0F9T0,2018-04-13T19:00:00+08:00,111.0,228,1.2,27.1,0.79,998.7,-99,0.0,-99,-99,-99,臺中市,02,西屯區,125
24.182028,120.632861,西屯,C0F9T0,2018-04-13T20:00:00+08:00,111.0,289,0.7,27.0,0.8,999.1,-99,0.0,-99,-99,-99,臺中市,02,西屯區,125
24.182028,120.632861,西屯,C0F9T0,2018-04-13T21:00:00+08:00,111.0,235,0.8,26.6,0.82,999.6,-99,0.0,-99,-99,-99,臺中市,02,西屯區,125
24.182028,120.632861,西屯,C0F9T0,2018-04-13T22:00:00+08:00,111.0,207,1.1,26.6,0.83,1000.2,-99,0.0,-99,-99,-99,臺中市,02,西屯區,125
24.182028,120.632861,西屯,C0F9T0,2018-04-13T23:00:00+08:00,111.0,191,1.8,26.7,0.81,999.6,-99,0.0,-99,-99,-99,臺中市,02,西屯區,125
24.182028,120.632861,西屯,C0F9T0,2018-04-14T00:00:00+08:00,111.0,233,0.8,26.7,0.82,999.3,-99,0.0,-99,-99,-99,臺中市,02,西屯區,125
24.182028,120.632861,西屯,C0F9T0,2018-04-14T09:00:00+08:00,111.0,170,2.6,28.6,0.7,999.3,-99,0.0,-99,-99,-99,臺中市,02,西屯區,125
24.182028,120.632861,西屯,C0F9T0,2018-04-14T10:00:00+08:00,111.0,172,2.0,29.2,0.66,999.2,-99,0.0,7.2,170,2018-04-14T09:52:00+08:00,臺中市,02,西屯區,125
24.182028,120.632861,西屯,C0F9T0,2018-04-14T11:00:00+08:00,111.0,220,2.3,30.5,0.61,998.8,-99,0.0,-99,-99,-99,臺中市,02,西屯區,125
24.182028,120.632861,西屯,C0F9T0,2018-04-14T12:00:00+08:00,111.0,279,2.1,30.6,0.59,998.3,-99,0.0,-99,-99,-99,臺中市,02,西屯區,125
24.182028,120.632861,西屯,C0F9T0,2018-04-14T13:00:00+08:00,111.0,229,1.8,30.5,0.63,997.8,-99,0.0,-99,-99,-99,臺中市,02,西屯區,125
24.182028,120.632861,西屯,C0F9T0,2018-04-14T14:00:00+08:00,111.0,249,1.8,30.6,0.6,996.9,-99,0.0,-99,-99,-99,臺中市,02,西屯區,125
24.182028,120.632861,西屯,C0F9T0,2018-04-14T15:00:00+08:00,111.0,271,2.0,29.9,0.61,996.8,-99,0.0,-99,-99,-99,臺中市,02,西屯區,125
24.182028,120.632861,西屯,C0F9T0,2018-04-14T16:00:00+08:00,111.0,225,1.7,29.3,0.66,996.3,-99,0.0,-99,-99,-99,臺中市,02,西屯區,125
24.182028,120.632861,西屯,C0F9T0,2018-04-14T17:00:00+08:00,111.0,298,1.9,29.2,0.66,996.8,-99,0.0,-99,-99,-99,臺中市,02,西屯區,125
24.182028,120.632861,西屯,C0F9T0,2018-04-14T18:00:00+08:00,111.0,225,1.8,27.6,0.75,997.1,-99,0.0,-99,-99,-99,臺中市,02,西屯區,125
24.182028,120.632861,西屯,C0F9T0,2018-04-14T19:00:00+08:00,111.0,207,1.4,27.5,0.76,997.3,-99,0.0,-99,-99,-99,臺中市,02,西屯區,125
24.182028,120.632861,西屯,C0F9T0,2018-04-14T20:00:00+08:00,111.0,216,1.3,27.1,0.79,997.8,-99,0.0,-99,-99,-99,臺中市,02,西屯區,125
24.182028,120.632861,西屯,C0F9T0,2018-04-14T21:00:00+08:00,111.0,254,0.4,27.1,0.81,998.0,-99,0.0,-99,-99,-99,臺中市,02,西屯區,125
24.182028,120.632861,西屯,C0F9T0,2018-04-14T23:00:00+08:00,111.0,158,1.8,27.3,0.78,998.0,-99,0.0,-99,-99,-99,臺中市,02,西屯區,125
24.182028,120.632861,西屯,C0F9T0,2018-04-15T00:00:00+08:00,111.0,273,0.6,26.7,0.81,997.9,-99,0.0,-99,-99,-99,臺中市,02,西屯區,125
24.182028,120.632861,西屯,C0F9T0,2018-04-15T01:00:00+08:00,111.0,236,0.3,26.5,0.81,997.4,-99,0.0,-99,-99,-99,臺中市,02,西屯區,125
24.182028,120.632861,西屯,C0F9T0,2018-04-15T02:00:00+08:00,111.0,0,0.1,26.5,0.8,997.2,-99,0.0,-99,-99,-99,臺中市,02,西屯區,125
24.182028,120.632861,西屯,C0F9T0,2018-04-15T03:00:00+08:00,111.0,293,1.9,26.0,0.85,996.9,-99,0.0,-99,-99,-99,臺中市,02,西屯區,125
24.182028,120.632861,西屯,C0F9T0,2018-04-15T04:00:00+08:00,111.0,303,4.2,25.1,0.87,997.0,-99,0.0,-99,-99,-99,臺中市,02,西屯區,125
24.182028,120.632861,西屯,C0F9T0,2018-04-15T05:00:00+08:00,111.0,334,2.0,23.0,0.89,997.4,-99,0.0,-99,-99,-99,臺中市,02,西屯區,125
24.182028,120.632861,西屯,C0F9T0,2018-04-15T06:00:00+08:00,111.0,332,1.7,22.2,0.9,997.7,-99,0.0,-99,-99,-99,臺中市,02,西屯區,125
24.182028,120.632861,西屯,C0F9T0,2018-04-15T07:00:00+08:00,111.0,327,2.8,21.3,0.85,998.0,-99,0.0,-99,-99,-99,臺中市,02,西屯區,125
24.182028,120.632861,西屯,C0F9T0,2018-04-15T08:00:00+08:00,111.0,343,3.0,20.9,0.83,999.0,-99,0.0,-99,-99,-99,臺中市,02,西屯區,125
24.182028,120.632861,西屯,C0F9T0,2018-04-15T09:00:00+08:00,111.0,334,3.2,21.3,0.78,999.4,-99,0.0,9.9,27,2018-04-15T08:49:00+08:00,臺中市,02,西屯區,125
24.182028,120.632861,西屯,C0F9T0,2018-04-15T10:00:00+08:00,111.0,356,3.3,20.9,0.78,999.5,-99,0.0,8.8,351,2018-04-15T09:03:00+08:00,臺中市,02,西屯區,125
24.182028,120.632861,西屯,C0F9T0,2018-04-15T11:00:00+08:00,111.0,307,4.1,22.8,0.72,998.4,-99,0.0,-99,-99,-99,臺中市,02,西屯區,125
24.182028,120.632861,西屯,C0F9T0,2018-04-15T12:00:00+08:00,111.0,320,4.1,23.2,0.67,998.4,-99,0.0,9.8,332,2018-04-15T11:46:00+08:00,臺中市,02,西屯區,125
24.182028,120.632861,西屯,C0F9T0,2018-04-15T13:00:00+08:00,111.0,326,2.9,24.1,0.63,998.1,-99,0.0,9.7,14,2018-04-15T12:26:00+08:00,臺中市,02,西屯區,125
24.182028,120.632861,西屯,C0F9T0,2018-04-15T14:00:00+08:00,111.0,317,2.6,24.1,0.62,997.7,-99,0.0,9.9,341,2018-04-15T13:20:00+08:00,臺中市,02,西屯區,125
24.182028,120.632861,西屯,C0F9T0,2018-04-15T15:00:00+08:00,111.0,343,2.4,24.4,0.6,997.4,-99,0.0,8.5,336,2018-04-15T14:22:00+08:00,臺中市,02,西屯區,125
24.182028,120.632861,西屯,C0F9T0,2018-04-15T16:00:00+08:00,111.0,338,3.6,23.1,0.64,997.7,-99,0.0,-99,-99,-99,臺中市,02,西屯區,125
24.182028,120.632861,西屯,C0F9T0,2018-04-15T17:00:00+08:00,111.0,332,3.4,21.5,0.68,998.1,-99,0.0,8.6,335,2018-04-15T16:01:00+08:00,臺中市,02,西屯區,125
24.182028,120.632861,西屯,C0F9T0,2018-04-15T18:00:00+08:00,111.0,328,2.8,20.2,0.69,999.1,-99,0.0,-99,-99,-99,臺中市,02,西屯區,125
24.182028,120.632861,西屯,C0F9T0,2018-04-15T19:00:00+08:00,111.0,335,3.0,19.4,0.71,1000.2,-99,0.0,8.2,3,2018-04-15T18:53:00+08:00,臺中市,02,西屯區,125
24.182028,120.632861,西屯,C0F9T0,2018-04-15T20:00:00+08:00,111.0,332,2.5,19.0,0.7,1000.7,-99,0.0,8.0,22,2018-04-15T19:48:00+08:00,臺中市,02,西屯區,125
24.182028,120.632861,西屯,C0F9T0,2018-04-15T21:00:00+08:00,111.0,336,1.4,18.5,0.79,1000.0,-99,1.0,8.0,62,2018-04-15T20:18:00+08:00,臺中市,02,西屯區,125
24.182028,120.632861,西屯,C0F9T0,2018-04-15T22:00:00+08:00,111.0,328,1.5,18.4,0.8,1000.4,-99,1.0,-99,-99,-99,臺中市,02,西屯區,125
24.182028,120.632861,西屯,C0F9T0,2018-04-15T23:00:00+08:00,111.0,345,1.9,18.4,0.77,1000.3,-99,1.0,-99,-99,-99,臺中市,02,西屯區,125
24.182028,120.632861,西屯,C0F9T0,2018-04-16T00:00:00+08:00,111.0,358,1.4,18.3,0.75,1000.0,-99,1.0,-99,-99,-99,臺中市,02,西屯區,125
24.182028,120.632861,西屯,C0F9T0,2018-04-16T01:00:00+08:00,111.0,331,1.6,18.2,0.75,999.8,-99,-99,-99,-99,-99,臺中市,02,西屯區,125
24.182028,120.632861,西屯,C0F9T0,2018-04-16T02:00:00+08:00,111.0,358,1.9,18.5,0.73,999.6,-99,0.0,-99,-99,-99,臺中市,02,西屯區,125
24.182028,120.632861,西屯,C0F9T0,2018-04-16T04:00:00+08:00,111.0,326,2.2,16.6,0.87,999.4,-99,4.0,-99,-99,-99,臺中市,02,西屯區,125
24.182028,120.632861,西屯,C0F9T0,2018-04-16T05:00:00+08:00,111.0,331,2.6,16.5,0.89,1000.1,-99,7.0,-99,-99,-99,臺中市,02,西屯區,125
24.182028,120.632861,西屯,C0F9T0,2018-04-16T06:00:00+08:00,111.0,311,2.9,16.7,0.86,1000.2,-99,7.0,-99,-99,-99,臺中市,02,西屯區,125
24.182028,120.632861,西屯,C0F9T0,2018-04-16T07:00:00+08:00,111.0,334,1.4,17.5,0.84,1000.6,-99,7.0,-99,-99,-99,臺中市,02,西屯區,125
24.182028,120.632861,西屯,C0F9T0,2018-04-16T08:00:00+08:00,111.0,300,2.2,18.5,0.8,1001.3,-99,7.0,-99,-99,-99,臺中市,02,西屯區,125
24.182028,120.632861,西屯,C0F9T0,2018-04-16T09:00:00+08:00,111.0,294,1.5,20.1,0.73,1001.8,-99,7.0,-99,-99,-99,臺中市,02,西屯區,125
24.182028,120.632861,西屯,C0F9T0,2018-04-16T10:00:00+08:00,111.0,326,1.3,21.5,0.71,1001.7,-99,7.0,-99,-99,-99,臺中市,02,西屯區,125
24.182028,120.632861,西屯,C0F9T0,2018-04-16T11:00:00+08:00,111.0,315,2.0,23.2,0.67,1001.5,-99,7.0,-99,-99,-99,臺中市,02,西屯區,125
24.182028,120.632861,西屯,C0F9T0,2018-04-16T12:00:00+08:00,111.0,340,2.0,23.8,0.62,1000.8,-99,7.0,-99,-99,-99,臺中市,02,西屯區,125
24.182028,120.632861,西屯,C0F9T0,2018-04-16T13:00:00+08:00,111.0,326,2.1,25.3,0.58,999.8,-99,7.0,-99,-99,-99,臺中市,02,西屯區,125
24.182028,120.632861,西屯,C0F9T0,2018-04-16T14:00:00+08:00,111.0,330,2.2,25.0,0.57,999.2,-99,7.0,-99,-99,-99,臺中市,02,西屯區,125
24.182028,120.632861,西屯,C0F9T0,2018-04-16T15:00:00+08:00,111.0,318,3.3,23.5,0.58,999.1,-99,7.0,-99,-99,-99,臺中市,02,西屯區,125
24.182028,120.632861,西屯,C0F9T0,2018-04-16T16:00:00+08:00,111.0,18,1.3,23.1,0.61,999.0,-99,7.0,-99,-99,-99,臺中市,02,西屯區,125
24.182028,120.632861,西屯,C0F9T0,2018-04-16T17:00:00+08:00,111.0,322,2.5,22.3,0.64,999.3,-99,7.0,-99,-99,-99,臺中市,02,西屯區,125
24.182028,120.632861,西屯,C0F9T0,2018-04-16T18:00:00+08:00,111.0,321,2.4,21.6,0.67,1000.4,-99,7.0,-99,-99,-99,臺中市,02,西屯區,125
24.182028,120.632861,西屯,C0F9T0,2018-04-16T19:00:00+08:00,111.0,317,3.0,20.2,0.75,1001.4,-99,7.0,-99,-99,-99,臺中市,02,西屯區,125
24.182028,120.632861,西屯,C0F9T0,2018-04-16T20:00:00+08:00,111.0,330,1.6,19.6,0.75,1001.6,-99,7.0,-99,-99,-99,臺中市,02,西屯區,125
24.182028,120.632861,西屯,C0F9T0,2018-04-16T21:00:00+08:00,111.0,322,2.4,18.9,0.78,1001.8,-99,7.0,-99,-99,-99,臺中市,02,西屯區,125
24.182028,120.632861,西屯,C0F9T0,2018-04-16T22:00:00+08:00,111.0,310,2.2,19.0,0.81,1001.8,-99,7.0,-99,-99,-99,臺中市,02,西屯區,125
24.182028,120.632861,西屯,C0F9T0,2018-04-16T23:00:00+08:00,111.0,321,2.3,17.2,0.88,1002.6,-99,7.0,-99,-99,-99,臺中市,02,西屯區,125
24.182028,120.632861,西屯,C0F9T0,2018-04-17T00:00:00+08:00,111.0,329,1.7,17.1,0.91,1002.2,-99,7.5,-99,-99,-99,臺中市,02,西屯區,125
24.182028,120.632861,西屯,C0F9T0,2018-04-17T01:00:00+08:00,111.0,321,1.8,17.0,0.95,1001.8,-99,2.5,-99,-99,-99,臺中市,02,西屯區,125
24.182028,120.632861,西屯,C0F9T0,2018-04-17T02:00:00+08:00,111.0,316,1.8,16.4,0.96,1001.4,-99,6.0,-99,-99,-99,臺中市,02,西屯區,125
24.182028,120.632861,西屯,C0F9T0,2018-04-17T03:00:00+08:00,111.0,326,1.1,16.5,0.97,1001.3,-99,7.5,-99,-99,-99,臺中市,02,西屯區,125
24.182028,120.632861,西屯,C0F9T0,2018-04-17T04:00:00+08:00,111.0,313,1.9,16.8,0.98,1001.3,-99,8.0,-99,-99,-99,臺中市,02,西屯區,125
24.182028,120.632861,西屯,C0F9T0,2018-04-17T05:00:00+08:00,111.0,335,1.4,16.5,0.97,1001.7,-99,9.0,-99,-99,-99,臺中市,02,西屯區,125
24.182028,120.632861,西屯,C0F9T0,2018-04-17T06:00:00+08:00,111.0,357,1.7,16.5,0.97,1002.0,-99,9.0,-99,-99,-99,臺中市,02,西屯區,125
24.182028,120.632861,西屯,C0F9T0,2018-04-17T07:00:00+08:00,111.0,306,2.0,16.3,0.96,1002.8,-99,9.0,-99,-99,-99,臺中市,02,西屯區,125
24.182028,120.632861,西屯,C0F9T0,2018-04-17T08:00:00+08:00,111.0,332,2.1,16.3,0.94,1003.6,-99,9.0,-99,-99,-99,臺中市,02,西屯區,125
24.182028,120.632861,西屯,C0F9T0,2018-04-17T09:00:00+08:00,111.0,339,2.5,17.8,0.87,1004.0,-99,9.0,-99,-99,-99,臺中市,02,西屯區,125
24.182028,120.632861,西屯,C0F9T0,2018-04-17T10:00:00+08:00,111.0,332,2.2,19.4,0.79,1003.9,-99,9.0,-99,-99,-99,臺中市,02,西屯區,125
24.182028,120.632861,西屯,C0F9T0,2018-04-17T11:00:00+08:00,111.0,314,2.9,18.7,0.81,1004.1,-99,9.0,-99,-99,-99,臺中市,02,西屯區,125
24.182028,120.632861,西屯,C0F9T0,2018-04-17T12:00:00+08:00,111.0,330,2.7,20.0,0.76,1003.7,-99,9.0,-99,-99,-99,臺中市,02,西屯區,125
24.182028,120.632861,西屯,C0F9T0,2018-04-17T13:00:00+08:00,111.0,341,2.6,20.1,0.75,1003.1,-99,9.0,-99,-99,-99,臺中市,02,西屯區,125
24.182028,120.632861,西屯,C0F9T0,2018-04-17T14:00:00+08:00,111.0,341,2.6,22.0,0.67,1001.9,-99,9.0,-99,-99,-99,臺中市,02,西屯區,125
24.182028,120.632861,西屯,C0F9T0,2018-04-17T15:00:00+08:00,111.0,321,2.1,22.2,0.67,1001.3,-99,9.0,-99,-99,-99,臺中市,02,西屯區,125
24.182028,120.632861,西屯,C0F9T0,2018-04-17T16:00:00+08:00,111.0,304,1.5,22.2,0.66,1001.0,-99,9.0,-99,-99,-99,臺中市,02,西屯區,125
24.182028,120.632861,西屯,C0F9T0,2018-04-17T17:00:00+08:00,111.0,305,3.0,21.1,0.69,1000.9,-99,9.0,-99,-99,-99,臺中市,02,西屯區,125
24.182028,120.632861,西屯,C0F9T0,2018-04-17T18:00:00+08:00,111.0,332,1.9,19.7,0.73,1001.3,-99,9.0,-99,-99,-99,臺中市,02,西屯區,125
24.182028,120.632861,西屯,C0F9T0,2018-04-17T19:00:00+08:00,111.0,338,2.2,18.7,0.77,1001.6,-99,9.0,-99,-99,-99,臺中市,02,西屯區,125
24.182028,120.632861,西屯,C0F9T0,2018-04-17T20:00:00+08:00,111.0,335,1.6,18.2,0.78,1002.1,-99,9.0,-99,-99,-99,臺中市,02,西屯區,125
24.182028,120.632861,西屯,C0F9T0,2018-04-17T21:00:00+08:00,111.0,340,1.8,17.9,0.79,1002.5,-99,9.0,-99,-99,-99,臺中市,02,西屯區,125
24.182028,120.632861,西屯,C0F9T0,2018-04-17T22:00:00+08:00,111.0,312,1.6,17.6,0.81,1002.5,-99,9.0,-99,-99,-99,臺中市,02,西屯區,125
24.182028,120.632861,西屯,C0F9T0,2018-04-17T23:00:00+08:00,111.0,348,1.9,17.1,0.81,1002.4,-99,9.0,-99,-99,-99,臺中市,02,西屯區,125
24.182028,120.632861,西屯,C0F9T0,2018-04-18T00:00:00+08:00,111.0,330,0.8,16.9,0.81,1002.0,-99,9.0,-99,-99,-99,臺中市,02,西屯區,125
24.182028,120.632861,西屯,C0F9T0,2018-04-18T01:00:00+08:00,111.0,327,0.9,17.0,0.81,1001.4,-99,0.0,-99,-99,-99,臺中市,02,西屯區,125
24.182028,120.632861,西屯,C0F9T0,2018-04-18T02:00:00+08:00,111.0,298,1.0,17.0,0.82,1001.1,-99,0.0,-99,-99,-99,臺中市,02,西屯區,125
24.182028,120.632861,西屯,C0F9T0,2018-04-18T03:00:00+08:00,111.0,327,1.1,17.4,0.8,1000.8,-99,0.0,-99,-99,-99,臺中市,02,西屯區,125
24.182028,120.632861,西屯,C0F9T0,2018-04-18T04:00:00+08:00,111.0,325,0.7,17.1,0.78,1000.8,-99,0.0,-99,-99,-99,臺中市,02,西屯區,125
24.182028,120.632861,西屯,C0F9T0,2018-04-18T05:00:00+08:00,111.0,344,1.3,16.6,0.75,1001.1,-99,0.0,-99,-99,-99,臺中市,02,西屯區,125
24.182028,120.632861,西屯,C0F9T0,2018-04-18T06:00:00+08:00,111.0,344,0.7,16.8,0.77,1001.6,-99,0.0,-99,-99,-99,臺中市,02,西屯區,125
24.182028,120.632861,西屯,C0F9T0,2018-04-18T07:00:00+08:00,111.0,338,0.7,17.6,0.74,1001.9,-99,0.0,-99,-99,-99,臺中市,02,西屯區,125
24.182028,120.632861,西屯,C0F9T0,2018-04-18T08:00:00+08:00,111.0,304,1.1,19.3,0.71,1002.0,-99,0.0,-99,-99,-99,臺中市,02,西屯區,125
24.182028,120.632861,西屯,C0F9T0,2018-04-18T09:00:00+08:00,111.0,323,1.3,22.5,0.67,1002.4,-99,0.0,-99,-99,-99,臺中市,02,西屯區,125
24.182028,120.632861,西屯,C0F9T0,2018-04-18T10:00:00+08:00,111.0,198,1.1,24.4,0.62,1002.6,-99,0.0,-99,-99,-99,臺中市,02,西屯區,125
24.182028,120.632861,西屯,C0F9T0,2018-04-18T11:00:00+08:00,111.0,184,1.5,25.6,0.58,1002.5,-99,0.0,-99,-99,-99,臺中市,02,西屯區,125
24.182028,120.632861,西屯,C0F9T0,2018-04-18T12:00:00+08:00,111.0,283,1.0,26.2,0.54,1002.2,-99,0.0,-99,-99,-99,臺中市,02,西屯區,125
24.182028,120.632861,西屯,C0F9T0,2018-04-18T13:00:00+08:00,111.0,321,2.5,25.0,0.59,1001.2,-99,0.0,-99,-99,-99,臺中市,02,西屯區,125
24.182028,120.632861,西屯,C0F9T0,2018-04-18T14:00:00+08:00,111.0,329,1.7,25.3,0.59,1000.2,-99,0.0,-99,-99,-99,臺中市,02,西屯區,125
24.182028,120.632861,西屯,C0F9T0,2018-04-18T15:00:00+08:00,111.0,328,2.0,25.3,0.6,1000.2,-99,0.0,-99,-99,-99,臺中市,02,西屯區,125
24.182028,120.632861,西屯,C0F9T0,2018-04-18T16:00:00+08:00,111.0,315,3.6,24.9,0.63,1000.0,-99,0.0,-99,-99,-99,臺中市,02,西屯區,125
24.182028,120.632861,西屯,C0F9T0,2018-04-18T17:00:00+08:00,111.0,324,3.5,24.5,0.65,999.8,-99,0.0,-99,-99,-99,臺中市,02,西屯區,125
24.182028,120.632861,西屯,C0F9T0,2018-04-18T18:00:00+08:00,111.0,317,2.3,23.3,0.71,1000.1,-99,0.0,-99,-99,-99,臺中市,02,西屯區,125
24.182028,120.632861,西屯,C0F9T0,2018-04-18T19:00:00+08:00,111.0,307,1.6,22.7,0.75,1000.2,-99,0.0,-99,-99,-99,臺中市,02,西屯區,125
24.182028,120.632861,西屯,C0F9T0,2018-04-18T20:00:00+08:00,111.0,324,1.4,22.2,0.76,1000.3,-99,0.0,-99,-99,-99,臺中市,02,西屯區,125
24.182028,120.632861,西屯,C0F9T0,2018-04-18T21:00:00+08:00,111.0,298,0.6,22.0,0.78,1000.5,-99,0.0,-99,-99,-99,臺中市,02,西屯區,125
24.182028,120.632861,西屯,C0F9T0,2018-04-18T22:00:00+08:00,111.0,328,1.0,22.0,0.79,1000.9,-99,0.0,-99,-99,-99,臺中市,02,西屯區,125
24.182028,120.632861,西屯,C0F9T0,2018-04-18T23:00:00+08:00,111.0,0,0.1,22.2,0.79,1000.8,-99,0.0,-99,-99,-99,臺中市,02,西屯區,125
24.182028,120.632861,西屯,C0F9T0,2018-04-19T00:00:00+08:00,111.0,311,0.5,22.2,0.79,1000.5,-99,0.0,-99,-99,-99,臺中市,02,西屯區,125
24.182028,120.632861,西屯,C0F9T0,2018-04-19T01:00:00+08:00,111.0,224,0.5,22.2,0.8,1000.1,-99,0.0,-99,-99,-99,臺中市,02,西屯區,125
24.182028,120.632861,西屯,C0F9T0,2018-04-19T02:00:00+08:00,111.0,295,0.6,21.8,0.81,1000.4,-99,0.0,-99,-99,-99,臺中市,02,西屯區,125
24.182028,120.632861,西屯,C0F9T0,2018-04-19T03:00:00+08:00,111.0,203,0.4,21.7,0.81,999.8,-99,0.0,-99,-99,-99,臺中市,02,西屯區,125
24.182028,120.632861,西屯,C0F9T0,2018-04-19T04:00:00+08:00,111.0,0,0.2,21.4,0.82,999.7,-99,0.0,-99,-99,-99,臺中市,02,西屯區,125
24.182028,120.632861,西屯,C0F9T0,2018-04-19T05:00:00+08:00,111.0,0,0.0,21.3,0.84,999.6,-99,0.0,-99,-99,-99,臺中市,02,西屯區,125
24.182028,120.632861,西屯,C0F9T0,2018-04-19T06:00:00+08:00,111.0,327,1.0,21.0,0.85,1000.3,-99,0.0,-99,-99,-99,臺中市,02,西屯區,125
24.182028,120.632861,西屯,C0F9T0,2018-04-19T07:00:00+08:00,111.0,0,0.1,21.7,0.84,1001.0,-99,0.0,-99,-99,-99,臺中市,02,西屯區,125
24.182028,120.632861,西屯,C0F9T0,2018-04-19T08:00:00+08:00,111.0,89,0.9,23.4,0.74,1001.5,-99,0.0,-99,-99,-99,臺中市,02,西屯區,125
24.182028,120.632861,西屯,C0F9T0,2018-04-19T09:00:00+08:00,111.0,192,1.0,25.1,0.66,1002.1,-99,0.0,-99,-99,-99,臺中市,02,西屯區,125
24.182028,120.632861,西屯,C0F9T0,2018-04-19T10:00:00+08:00,111.0,203,1.6,25.2,0.64,1002.1,-99,0.0,-99,-99,-99,臺中市,02,西屯區,125
24.182028,120.632861,西屯,C0F9T0,2018-04-19T12:00:00+08:00,111.0,312,1.7,26.1,0.62,1001.7,-99,0.0,-99,-99,-99,臺中市,02,西屯區,125
24.182028,120.632861,西屯,C0F9T0,2018-04-19T13:00:00+08:00,111.0,320,1.8,26.4,0.61,1001.0,-99,0.0,-99,-99,-99,臺中市,02,西屯區,125
24.182028,120.632861,西屯,C0F9T0,2018-04-19T14:00:00+08:00,111.0,305,2.2,27.4,0.59,1000.2,-99,0.0,-99,-99,-99,臺中市,02,西屯區,125
24.182028,120.632861,西屯,C0F9T0,2018-04-19T15:00:00+08:00,111.0,300,2.3,26.7,0.6,999.8,-99,0.0,-99,-99,-99,臺中市,02,西屯區,125
24.182028,120.632861,西屯,C0F9T0,2018-04-19T16:00:00+08:00,111.0,348,1.6,26.5,0.61,999.7,-99,0.0,-99,-99,-99,臺中市,02,西屯區,125
24.182028,120.632861,西屯,C0F9T0,2018-04-19T17:00:00+08:00,111.0,305,1.1,26.7,0.6,999.8,-99,0.0,-99,-99,-99,臺中市,02,西屯區,125
24.182028,120.632861,西屯,C0F9T0,2018-04-19T18:00:00+08:00,111.0,325,1.3,26.2,0.62,999.9,-99,0.0,-99,-99,-99,臺中市,02,西屯區,125
24.182028,120.632861,西屯,C0F9T0,2018-04-19T20:00:00+08:00,111.0,300,0.9,24.7,0.72,1000.0,-99,0.0,-99,-99,-99,臺中市,02,西屯區,125
24.182028,120.632861,西屯,C0F9T0,2018-04-19T21:00:00+08:00,111.0,342,0.7,24.6,0.73,1000.0,-99,0.0,-99,-99,-99,臺中市,02,西屯區,125
24.182028,120.632861,西屯,C0F9T0,2018-04-19T22:00:00+08:00,111.0,0,0.0,24.8,0.72,1000.6,-99,0.0,-99,-99,-99,臺中市,02,西屯區,125
24.182028,120.632861,西屯,C0F9T0,2018-04-19T23:00:00+08:00,111.0,199,1.2,24.7,0.73,1000.5,-99,0.0,-99,-99,-99,臺中市,02,西屯區,125
24.182028,120.632861,西屯,C0F9T0,2018-04-20T00:00:00+08:00,111.0,0,0.1,24.0,0.75,1000.6,-99,0.0,-99,-99,-99,臺中市,02,西屯區,125
24.182028,120.632861,西屯,C0F9T0,2018-04-20T01:00:00+08:00,111.0,0,0.0,23.7,0.76,1000.4,-99,0.0,-99,-99,-99,臺中市,02,西屯區,125
24.182028,120.632861,西屯,C0F9T0,2018-04-20T02:00:00+08:00,111.0,301,0.7,23.1,0.8,1000.0,-99,0.0,-99,-99,-99,臺中市,02,西屯區,125
24.182028,120.632861,西屯,C0F9T0,2018-04-20T03:00:00+08:00,111.0,314,0.3,23.2,0.8,999.6,-99,0.0,-99,-99,-99,臺中市,02,西屯區,125
24.182028,120.632861,西屯,C0F9T0,2018-04-20T04:00:00+08:00,111.0,295,0.3,22.9,0.82,999.8,-99,0.0,-99,-99,-99,臺中市,02,西屯區,125
24.182028,120.632861,西屯,C0F9T0,2018-04-20T05:00:00+08:00,111.0,0,0.0,22.7,0.83,999.9,-99,0.0,-99,-99,-99,臺中市,02,西屯區,125
24.182028,120.632861,西屯,C0F9T0,2018-04-20T06:00:00+08:00,111.0,0,0.1,22.2,0.86,1000.2,-99,0.0,-99,-99,-99,臺中市,02,西屯區,125
24.182028,120.632861,西屯,C0F9T0,2018-04-20T07:00:00+08:00,111.0,0,0.2,22.9,0.84,1000.7,-99,0.0,-99,-99,-99,臺中市,02,西屯區,125
24.182028,120.632861,西屯,C0F9T0,2018-04-20T08:00:00+08:00,111.0,207,0.9,24.5,0.75,1001.2,-99,0.0,-99,-99,-99,臺中市,02,西屯區,125
24.182028,120.632861,西屯,C0F9T0,2018-04-20T09:00:00+08:00,111.0,263,1.0,25.5,0.61,1001.6,-99,0.0,-99,-99,-99,臺中市,02,西屯區,125
24.182028,120.632861,西屯,C0F9T0,2018-04-20T10:00:00+08:00,111.0,175,1.5,26.5,0.59,1001.8,-99,0.0,-99,-99,-99,臺中市,02,西屯區,125
24.182028,120.632861,西屯,C0F9T0,2018-04-20T11:00:00+08:00,111.0,237,1.6,27.4,0.51,1001.7,-99,0.0,-99,-99,-99,臺中市,02,西屯區,125
24.182028,120.632861,西屯,C0F9T0,2018-04-20T12:00:00+08:00,111.0,259,0.6,28.2,0.44,1001.6,-99,0.0,-99,-99,-99,臺中市,02,西屯區,125
24.182028,120.632861,西屯,C0F9T0,2018-04-20T13:00:00+08:00,111.0,272,2.6,28.6,0.49,1001.0,-99,0.0,-99,-99,-99,臺中市,02,西屯區,125
24.182028,120.632861,西屯,C0F9T0,2018-04-20T14:00:00+08:00,111.0,300,3.6,27.6,0.58,1000.7,-99,0.0,-99,-99,-99,臺中市,02,西屯區,125
24.182028,120.632861,西屯,C0F9T0,2018-04-20T15:00:00+08:00,111.0,293,1.9,27.6,0.6,1000.7,-99,0.0,-99,-99,-99,臺中市,02,西屯區,125
24.182028,120.632861,西屯,C0F9T0,2018-04-20T16:00:00+08:00,111.0,305,1.1,26.7,0.65,1000.4,-99,0.0,-99,-99,-99,臺中市,02,西屯區,125
24.182028,120.632861,西屯,C0F9T0,2018-04-20T17:00:00+08:00,111.0,313,1.6,26.6,0.65,999.6,-99,0.0,-99,-99,-99,臺中市,02,西屯區,125
24.182028,120.632861,西屯,C0F9T0,2018-04-20T18:00:00+08:00,111.0,306,1.7,25.6,0.73,999.0,-99,0.0,-99,-99,-99,臺中市,02,西屯區,125
24.182028,120.632861,西屯,C0F9T0,2018-04-20T19:00:00+08:00,111.0,324,1.5,25.5,0.74,999.4,-99,0.0,-99,-99,-99,臺中市,02,西屯區,125
24.182028,120.632861,西屯,C0F9T0,2018-04-20T20:00:00+08:00,111.0,334,0.4,24.6,0.76,1000.0,-99,0.0,-99,-99,-99,臺中市,02,西屯區,125
24.182028,120.632861,西屯,C0F9T0,2018-04-20T21:00:00+08:00,111.0,323,0.7,24.6,0.65,1000.7,-99,0.0,-99,-99,-99,臺中市,02,西屯區,125
24.182028,120.632861,西屯,C0F9T0,2018-04-20T22:00:00+08:00,111.0,93,1.6,24.6,0.65,1001.0,-99,0.0,-99,-99,-99,臺中市,02,西屯區,125
24.182028,120.632861,西屯,C0F9T0,2018-04-20T23:00:00+08:00,111.0,78,0.7,24.6,0.7,1000.8,-99,0.0,-99,-99,-99,臺中市,02,西屯區,125
24.182028,120.632861,西屯,C0F9T0,2018-04-21T00:00:00+08:00,111.0,298,0.5,24.4,0.76,1000.5,-99,0.0,-99,-99,-99,臺中市,02,西屯區,125
24.182028,120.632861,西屯,C0F9T0,2018-04-21T01:00:00+08:00,111.0,286,0.9,23.7,0.83,1000.3,-99,0.0,-99,-99,-99,臺中市,02,西屯區,125
24.182028,120.632861,西屯,C0F9T0,2018-04-21T02:00:00+08:00,111.0,190,1.2,23.4,0.83,999.9,-99,0.0,-99,-99,-99,臺中市,02,西屯區,125
24.182028,120.632861,西屯,C0F9T0,2018-04-21T03:00:00+08:00,111.0,222,0.3,23.8,0.8,999.2,-99,0.0,-99,-99,-99,臺中市,02,西屯區,125
24.182028,120.632861,西屯,C0F9T0,2018-04-21T04:00:00+08:00,111.0,0,0.1,23.5,0.82,999.2,-99,0.0,-99,-99,-99,臺中市,02,西屯區,125
24.182028,120.632861,西屯,C0F9T0,2018-04-21T05:00:00+08:00,111.0,287,0.4,23.2,0.82,999.4,-99,0.0,-99,-99,-99,臺中市,02,西屯區,125
24.182028,120.632861,西屯,C0F9T0,2018-04-21T06:00:00+08:00,111.0,0,0.2,23.1,0.83,999.8,-99,0.0,-99,-99,-99,臺中市,02,西屯區,125
24.182028,120.632861,西屯,C0F9T0,2018-04-21T07:00:00+08:00,111.0,206,1.1,23.5,0.79,1000.4,-99,0.0,-99,-99,-99,臺中市,02,西屯區,125
24.182028,120.632861,西屯,C0F9T0,2018-04-21T08:00:00+08:00,111.0,201,0.9,24.5,0.74,1001.0,-99,0.0,-99,-99,-99,臺中市,02,西屯區,125
24.182028,120.632861,西屯,C0F9T0,2018-04-21T09:00:00+08:00,111.0,158,0.6,25.8,0.66,1001.0,-99,0.0,-99,-99,-99,臺中市,02,西屯區,125
24.182028,120.632861,西屯,C0F9T0,2018-04-21T10:00:00+08:00,111.0,281,1.5,26.5,0.61,1001.1,-99,0.0,-99,-99,-99,臺中市,02,西屯區,125
24.182028,120.632861,西屯,C0F9T0,2018-04-21T11:00:00+08:00,111.0,210,1.5,27.8,0.53,1000.8,-99,0.0,-99,-99,-99,臺中市,02,西屯區,125
24.182028,120.632861,西屯,C0F9T0,2018-04-21T12:00:00+08:00,111.0,306,2.0,28.5,0.52,1000.3,-99,0.0,-99,-99,-99,臺中市,02,西屯區,125
24.182028,120.632861,西屯,C0F9T0,2018-04-21T13:00:00+08:00,111.0,301,2.8,27.0,0.68,999.9,-99,0.0,-99,-99,-99,臺中市,02,西屯區,125
24.182028,120.632861,西屯,C0F9T0,2018-04-21T14:00:00+08:00,111.0,321,2.4,26.7,0.71,999.1,-99,0.0,-99,-99,-99,臺中市,02,西屯區,125
24.182028,120.632861,西屯,C0F9T0,2018-04-21T15:00:00+08:00,111.0,322,1.6,27.1,0.69,998.8,-99,0.0,-99,-99,-99,臺中市,02,西屯區,125
24.182028,120.632861,西屯,C0F9T0,2018-04-21T16:00:00+08:00,111.0,319,2.7,26.7,0.7,998.7,-99,0.0,-99,-99,-99,臺中市,02,西屯區,125
24.182028,120.632861,西屯,C0F9T0,2018-04-21T17:00:00+08:00,111.0,317,1.7,26.2,0.69,998.6,-99,0.0,-99,-99,-99,臺中市,02,西屯區,125
24.182028,120.632861,西屯,C0F9T0,2018-04-21T18:00:00+08:00,111.0,317,0.8,26.5,0.6,999.0,-99,0.0,-99,-99,-99,臺中市,02,西屯區,125
24.182028,120.632861,西屯,C0F9T0,2018-04-21T19:00:00+08:00,111.0,341,1.4,25.8,0.65,999.5,-99,0.0,-99,-99,-99,臺中市,02,西屯區,125
24.182028,120.632861,西屯,C0F9T0,2018-04-21T20:00:00+08:00,111.0,306,1.9,24.7,0.78,999.9,-99,0.0,-99,-99,-99,臺中市,02,西屯區,125
24.182028,120.632861,西屯,C0F9T0,2018-04-21T21:00:00+08:00,111.0,315,0.9,24.7,0.79,1000.2,-99,0.0,-99,-99,-99,臺中市,02,西屯區,125
24.182028,120.632861,西屯,C0F9T0,2018-04-21T22:00:00+08:00,111.0,336,0.9,24.6,0.8,1000.3,-99,0.0,-99,-99,-99,臺中市,02,西屯區,125
24.182028,120.632861,西屯,C0F9T0,2018-04-21T23:00:00+08:00,111.0,306,0.6,24.7,0.8,1000.0,-99,0.0,-99,-99,-99,臺中市,02,西屯區,125
24.182028,120.632861,西屯,C0F9T0,2018-04-22T00:00:00+08:00,111.0,308,0.4,24.6,0.8,999.8,-99,0.0,-99,-99,-99,臺中市,02,西屯區,125
24.182028,120.632861,西屯,C0F9T0,2018-04-22T01:00:00+08:00,111.0,306,0.9,24.3,0.77,999.5,-99,0.0,-99,-99,-99,臺中市,02,西屯區,125
24.182028,120.632861,西屯,C0F9T0,2018-04-22T02:00:00+08:00,111.0,326,0.3,24.2,0.76,999.2,-99,0.0,-99,-99,-99,臺中市,02,西屯區,125
24.182028,120.632861,西屯,C0F9T0,2018-04-22T03:00:00+08:00,111.0,290,0.4,24.5,0.77,998.7,-99,0.0,-99,-99,-99,臺中市,02,西屯區,125
24.182028,120.632861,西屯,C0F9T0,2018-04-22T04:00:00+08:00,111.0,329,0.4,24.1,0.78,998.4,-99,0.0,-99,-99,-99,臺中市,02,西屯區,125
24.182028,120.632861,西屯,C0F9T0,2018-04-22T05:00:00+08:00,111.0,0,0.1,24.0,0.81,998.4,-99,0.0,-99,-99,-99,臺中市,02,西屯區,125
24.182028,120.632861,西屯,C0F9T0,2018-04-22T06:00:00+08:00,111.0,304,1.2,23.6,0.82,999.0,-99,0.0,-99,-99,-99,臺中市,02,西屯區,125
24.182028,120.632861,西屯,C0F9T0,2018-04-22T07:00:00+08:00,111.0,0,0.2,24.2,0.8,999.6,-99,0.0,-99,-99,-99,臺中市,02,西屯區,125
24.182028,120.632861,西屯,C0F9T0,2018-04-22T08:00:00+08:00,111.0,133,0.5,25.1,0.77,999.4,-99,0.0,-99,-99,-99,臺中市,02,西屯區,125
24.182028,120.632861,西屯,C0F9T0,2018-04-22T09:00:00+08:00,111.0,225,0.6,26.5,0.71,999.8,-99,0.0,-99,-99,-99,臺中市,02,西屯區,125
24.182028,120.632861,西屯,C0F9T0,2018-04-22T10:00:00+08:00,111.0,207,1.0,27.8,0.61,999.4,-99,0.0,-99,-99,-99,臺中市,02,西屯區,125
24.182028,120.632861,西屯,C0F9T0,2018-04-22T11:00:00+08:00,111.0,158,0.4,28.9,0.58,999.1,-99,0.0,-99,-99,-99,臺中市,02,西屯區,125
24.182028,120.632861,西屯,C0F9T0,2018-04-22T12:00:00+08:00,111.0,292,1.3,28.8,0.64,998.4,-99,0.0,-99,-99,-99,臺中市,02,西屯區,125
24.182028,120.632861,西屯,C0F9T0,2018-04-22T13:00:00+08:00,111.0,10,0.5,29.9,0.55,997.4,-99,0.0,-99,-99,-99,臺中市,02,西屯區,125
24.182028,120.632861,西屯,C0F9T0,2018-04-22T14:00:00+08:00,111.0,302,2.9,30.3,0.55,996.9,-99,0.0,-99,-99,-99,臺中市,02,西屯區,125
24.182028,120.632861,西屯,C0F9T0,2018-04-22T15:00:00+08:00,111.0,311,2.7,29.8,0.56,996.7,-99,0.0,-99,-99,-99,臺中市,02,西屯區,125
24.182028,120.632861,西屯,C0F9T0,2018-04-22T16:00:00+08:00,111.0,315,1.4,28.9,0.57,996.8,-99,0.0,-99,-99,-99,臺中市,02,西屯區,125
24.182028,120.632861,西屯,C0F9T0,2018-04-22T18:00:00+08:00,111.0,9,0.4,27.4,0.64,996.9,-99,0.0,-99,-99,-99,臺中市,02,西屯區,125
24.182028,120.632861,西屯,C0F9T0,2018-04-22T19:00:00+08:00,111.0,311,0.5,27.4,0.62,997.1,-99,0.0,-99,-99,-99,臺中市,02,西屯區,125
24.182028,120.632861,西屯,C0F9T0,2018-04-22T20:00:00+08:00,111.0,302,0.6,27.4,0.64,997.5,-99,0.0,-99,-99,-99,臺中市,02,西屯區,125
24.182028,120.632861,西屯,C0F9T0,2018-04-22T21:00:00+08:00,111.0,0,0.2,27.4,0.63,997.9,-99,0.0,-99,-99,-99,臺中市,02,西屯區,125
24.182028,120.632861,西屯,C0F9T0,2018-04-22T22:00:00+08:00,111.0,155,0.9,27.3,0.66,998.0,-99,0.0,-99,-99,-99,臺中市,02,西屯區,125
24.182028,120.632861,西屯,C0F9T0,2018-04-22T23:00:00+08:00,111.0,0,0.1,26.0,0.73,997.6,-99,0.0,-99,-99,-99,臺中市,02,西屯區,125
24.182028,120.632861,西屯,C0F9T0,2018-04-23T00:00:00+08:00,111.0,0,0.1,25.2,0.76,997.4,-99,0.0,-99,-99,-99,臺中市,02,西屯區,125
24.182028,120.632861,西屯,C0F9T0,2018-04-23T01:00:00+08:00,111.0,310,0.8,24.8,0.77,997.1,-99,0.0,-99,-99,-99,臺中市,02,西屯區,125
24.182028,120.632861,西屯,C0F9T0,2018-04-23T02:00:00+08:00,111.0,313,0.3,24.5,0.77,996.7,-99,0.0,-99,-99,-99,臺中市,02,西屯區,125
24.182028,120.632861,西屯,C0F9T0,2018-04-23T03:00:00+08:00,111.0,298,0.3,24.7,0.77,996.4,-99,0.0,-99,-99,-99,臺中市,02,西屯區,125
24.182028,120.632861,西屯,C0F9T0,2018-04-23T04:00:00+08:00,111.0,307,0.5,24.2,0.8,996.3,-99,0.0,-99,-99,-99,臺中市,02,西屯區,125
24.182028,120.632861,西屯,C0F9T0,2018-04-23T05:00:00+08:00,111.0,0,0.2,23.9,0.81,996.2,-99,0.0,-99,-99,-99,臺中市,02,西屯區,125
24.182028,120.632861,西屯,C0F9T0,2018-04-23T06:00:00+08:00,111.0,0,0.1,24.1,0.81,996.3,-99,0.0,-99,-99,-99,臺中市,02,西屯區,125
24.182028,120.632861,西屯,C0F9T0,2018-04-23T07:00:00+08:00,111.0,306,0.6,24.8,0.77,996.8,-99,0.0,-99,-99,-99,臺中市,02,西屯區,125
24.182028,120.632861,西屯,C0F9T0,2018-04-23T08:00:00+08:00,111.0,232,1.0,26.6,0.68,996.8,-99,0.0,-99,-99,-99,臺中市,02,西屯區,125
24.182028,120.632861,西屯,C0F9T0,2018-04-23T09:00:00+08:00,111.0,199,0.9,28.4,0.6,996.9,-99,0.0,-99,-99,-99,臺中市,02,西屯區,125
24.182028,120.632861,西屯,C0F9T0,2018-04-23T10:00:00+08:00,111.0,294,1.8,29.8,0.55,997.0,-99,0.0,-99,-99,-99,臺中市,02,西屯區,125
24.182028,120.632861,西屯,C0F9T0,2018-04-23T11:00:00+08:00,111.0,292,1.4,30.6,0.57,996.7,-99,0.0,-99,-99,-99,臺中市,02,西屯區,125
24.182028,120.632861,西屯,C0F9T0,2018-04-23T12:00:00+08:00,111.0,297,1.2,30.6,0.57,996.2,-99,0.0,-99,-99,-99,臺中市,02,西屯區,125
24.182028,120.632861,西屯,C0F9T0,2018-04-23T13:00:00+08:00,111.0,301,2.3,31.0,0.55,995.6,-99,0.0,-99,-99,-99,臺中市,02,西屯區,125
24.182028,120.632861,西屯,C0F9T0,2018-04-23T14:00:00+08:00,111.0,288,3.3,30.3,0.58,995.0,-99,0.0,-99,-99,-99,臺中市,02,西屯區,125
24.182028,120.632861,西屯,C0F9T0,2018-04-23T15:00:00+08:00,111.0,281,2.6,30.8,0.6,994.0,-99,0.0,-99,-99,-99,臺中市,02,西屯區,125
24.182028,120.632861,西屯,C0F9T0,2018-04-23T16:00:00+08:00,111.0,309,1.4,30.0,0.65,994.0,-99,0.0,-99,-99,-99,臺中市,02,西屯區,125
24.182028,120.632861,西屯,C0F9T0,2018-04-23T17:00:00+08:00,111.0,217,2.1,29.3,0.7,994.5,-99,0.0,-99,-99,-99,臺中市,02,西屯區,125
24.182028,120.632861,西屯,C0F9T0,2018-04-23T18:00:00+08:00,111.0,156,2.0,26.4,0.65,994.7,-99,0.0,8.2,164,2018-04-23T17:03:00+08:00,臺中市,02,西屯區,125
24.182028,120.632861,西屯,C0F9T0,2018-04-23T19:00:00+08:00,111.0,237,1.1,26.8,0.66,994.9,-99,0.0,-99,-99,-99,臺中市,02,西屯區,125
24.182028,120.632861,西屯,C0F9T0,2018-04-23T20:00:00+08:00,111.0,214,0.6,25.9,0.71,995.2,-99,0.0,-99,-99,-99,臺中市,02,西屯區,125
24.182028,120.632861,西屯,C0F9T0,2018-04-23T21:00:00+08:00,111.0,0,0.2,26.5,0.66,995.8,-99,0.0,-99,-99,-99,臺中市,02,西屯區,125
24.182028,120.632861,西屯,C0F9T0,2018-04-23T22:00:00+08:00,111.0,163,1.5,26.5,0.63,996.2,-99,0.0,-99,-99,-99,臺中市,02,西屯區,125
24.182028,120.632861,西屯,C0F9T0,2018-04-23T23:00:00+08:00,111.0,242,0.6,26.5,0.63,996.4,-99,0.0,-99,-99,-99,臺中市,02,西屯區,125
24.182028,120.632861,西屯,C0F9T0,2018-04-24T00:00:00+08:00,111.0,289,0.3,25.7,0.68,996.1,-99,0.0,-99,-99,-99,臺中市,02,西屯區,125
24.182028,120.632861,西屯,C0F9T0,2018-04-24T01:00:00+08:00,111.0,304,0.8,25.8,0.7,995.8,-99,0.0,-99,-99,-99,臺中市,02,西屯區,125
24.182028,120.632861,西屯,C0F9T0,2018-04-24T02:00:00+08:00,111.0,200,0.7,25.8,0.67,995.5,-99,0.0,-99,-99,-99,臺中市,02,西屯區,125
24.182028,120.632861,西屯,C0F9T0,2018-04-24T03:00:00+08:00,111.0,225,0.9,25.5,0.66,995.5,-99,0.0,-99,-99,-99,臺中市,02,西屯區,125
24.182028,120.632861,西屯,C0F9T0,2018-04-24T04:00:00+08:00,111.0,267,0.7,24.9,0.69,995.2,-99,0.0,-99,-99,-99,臺中市,02,西屯區,125
24.182028,120.632861,西屯,C0F9T0,2018-04-24T05:00:00+08:00,111.0,313,0.3,24.9,0.7,995.5,-99,0.0,-99,-99,-99,臺中市,02,西屯區,125
24.182028,120.632861,西屯,C0F9T0,2018-04-24T06:00:00+08:00,111.0,301,0.7,24.4,0.73,995.7,-99,0.0,-99,-99,-99,臺中市,02,西屯區,125
24.182028,120.632861,西屯,C0F9T0,2018-04-24T07:00:00+08:00,111.0,0,0.1,25.0,0.72,996.4,-99,0.0,-99,-99,-99,臺中市,02,西屯區,125
24.182028,120.632861,西屯,C0F9T0,2018-04-24T08:00:00+08:00,111.0,0,0.2,25.8,0.69,996.5,-99,0.0,-99,-99,-99,臺中市,02,西屯區,125
24.182028,120.632861,西屯,C0F9T0,2018-04-24T09:00:00+08:00,111.0,200,1.3,27.5,0.65,996.7,-99,0.0,-99,-99,-99,臺中市,02,西屯區,125
24.182028,120.632861,西屯,C0F9T0,2018-04-24T10:00:00+08:00,111.0,226,1.0,28.1,0.71,996.5,-99,0.0,-99,-99,-99,臺中市,02,西屯區,125
24.182028,120.632861,西屯,C0F9T0,2018-04-24T11:00:00+08:00,111.0,175,1.2,28.5,0.69,996.5,-99,0.0,-99,-99,-99,臺中市,02,西屯區,125
24.182028,120.632861,西屯,C0F9T0,2018-04-24T12:00:00+08:00,111.0,294,3.1,27.2,0.79,996.1,-99,0.0,-99,-99,-99,臺中市,02,西屯區,125
24.182028,120.632861,西屯,C0F9T0,2018-04-24T13:00:00+08:00,111.0,309,2.5,27.3,0.78,995.9,-99,0.0,-99,-99,-99,臺中市,02,西屯區,125
24.182028,120.632861,西屯,C0F9T0,2018-04-24T14:00:00+08:00,111.0,347,3.7,26.6,0.78,995.3,-99,0.0,-99,-99,-99,臺中市,02,西屯區,125
24.182028,120.632861,西屯,C0F9T0,2018-04-24T15:00:00+08:00,111.0,322,3.6,25.8,0.8,995.0,-99,0.0,-99,-99,-99,臺中市,02,西屯區,125
24.182028,120.632861,西屯,C0F9T0,2018-04-24T16:00:00+08:00,111.0,27,2.3,24.8,0.83,995.0,-99,0.0,-99,-99,-99,臺中市,02,西屯區,125
24.182028,120.632861,西屯,C0F9T0,2018-04-24T17:00:00+08:00,111.0,8,1.4,25.6,0.75,995.0,-99,0.0,-99,-99,-99,臺中市,02,西屯區,125
24.182028,120.632861,西屯,C0F9T0,2018-04-24T18:00:00+08:00,111.0,309,3.1,25.1,0.81,995.4,-99,0.0,-99,-99,-99,臺中市,02,西屯區,125
24.182028,120.632861,西屯,C0F9T0,2018-04-24T19:00:00+08:00,111.0,337,2.2,23.9,0.84,996.1,-99,0.0,-99,-99,-99,臺中市,02,西屯區,125
24.182028,120.632861,西屯,C0F9T0,2018-04-24T20:00:00+08:00,111.0,334,1.6,24.2,0.82,996.5,-99,0.0,-99,-99,-99,臺中市,02,西屯區,125
24.182028,120.632861,西屯,C0F9T0,2018-04-24T21:00:00+08:00,111.0,340,1.9,24.3,0.82,996.9,-99,0.0,-99,-99,-99,臺中市,02,西屯區,125
24.182028,120.632861,西屯,C0F9T0,2018-04-24T22:00:00+08:00,111.0,318,2.0,23.8,0.84,997.3,-99,0.0,-99,-99,-99,臺中市,02,西屯區,125
24.182028,120.632861,西屯,C0F9T0,2018-04-24T23:00:00+08:00,111.0,318,2.1,23.4,0.83,997.0,-99,0.0,-99,-99,-99,臺中市,02,西屯區,125
24.182028,120.632861,西屯,C0F9T0,2018-04-25T00:00:00+08:00,111.0,335,1.5,22.6,0.81,996.9,-99,0.0,-99,-99,-99,臺中市,02,西屯區,125
24.182028,120.632861,西屯,C0F9T0,2018-04-25T01:00:00+08:00,111.0,324,1.8,21.2,0.85,996.6,-99,0.0,-99,-99,-99,臺中市,02,西屯區,125
24.182028,120.632861,西屯,C0F9T0,2018-04-25T02:00:00+08:00,111.0,334,2.0,20.4,0.83,996.7,-99,0.0,-99,-99,-99,臺中市,02,西屯區,125
24.182028,120.632861,西屯,C0F9T0,2018-04-25T03:00:00+08:00,111.0,348,1.9,20.6,0.81,996.5,-99,0.0,-99,-99,-99,臺中市,02,西屯區,125
24.182028,120.632861,西屯,C0F9T0,2018-04-25T04:00:00+08:00,111.0,341,2.1,20.4,0.8,996.6,-99,0.0,7.6,43,2018-04-25T03:24:00+08:00,臺中市,02,西屯區,125
24.182028,120.632861,西屯,C0F9T0,2018-04-25T05:00:00+08:00,111.0,332,1.8,20.0,0.8,997.0,-99,0.0,-99,-99,-99,臺中市,02,西屯區,125
24.182028,120.632861,西屯,C0F9T0,2018-04-25T06:00:00+08:00,111.0,333,1.9,20.1,0.78,997.3,-99,0.0,-99,-99,-99,臺中市,02,西屯區,125
24.182028,120.632861,西屯,C0F9T0,2018-04-25T07:00:00+08:00,111.0,338,1.8,20.4,0.78,997.6,-99,0.0,-99,-99,-99,臺中市,02,西屯區,125
24.182028,120.632861,西屯,C0F9T0,2018-04-25T08:00:00+08:00,111.0,352,1.9,21.7,0.72,998.2,-99,0.0,-99,-99,-99,臺中市,02,西屯區,125
24.182028,120.632861,西屯,C0F9T0,2018-04-25T09:00:00+08:00,111.0,321,3.2,22.7,0.69,998.6,-99,0.0,-99,-99,-99,臺中市,02,西屯區,125
24.182028,120.632861,西屯,C0F9T0,2018-04-25T10:00:00+08:00,111.0,300,2.2,23.2,0.67,999.1,-99,0.0,-99,-99,-99,臺中市,02,西屯區,125
24.182028,120.632861,西屯,C0F9T0,2018-04-25T11:00:00+08:00,111.0,310,3.5,23.4,0.66,998.8,-99,0.0,-99,-99,-99,臺中市,02,西屯區,125
24.182028,120.632861,西屯,C0F9T0,2018-04-25T12:00:00+08:00,111.0,348,1.8,25.6,0.59,998.2,-99,0.0,-99,-99,-99,臺中市,02,西屯區,125
24.182028,120.632861,西屯,C0F9T0,2018-04-25T13:00:00+08:00,111.0,303,3.4,25.9,0.59,997.7,-99,0.0,-99,-99,-99,臺中市,02,西屯區,125
24.182028,120.632861,西屯,C0F9T0,2018-04-25T14:00:00+08:00,111.0,295,1.4,26.5,0.58,997.0,-99,0.0,-99,-99,-99,臺中市,02,西屯區,125
24.182028,120.632861,西屯,C0F9T0,2018-04-25T15:00:00+08:00,111.0,310,2.8,26.4,0.59,996.9,-99,0.0,-99,-99,-99,臺中市,02,西屯區,125
24.182028,120.632861,西屯,C0F9T0,2018-04-25T16:00:00+08:00,111.0,309,2.2,26.0,0.59,996.6,-99,0.0,-99,-99,-99,臺中市,02,西屯區,125
24.182028,120.632861,西屯,C0F9T0,2018-04-25T17:00:00+08:00,111.0,329,2.6,24.3,0.6,996.9,-99,0.0,-99,-99,-99,臺中市,02,西屯區,125
24.182028,120.632861,西屯,C0F9T0,2018-04-25T18:00:00+08:00,111.0,322,2.3,23.6,0.62,997.2,-99,0.0,-99,-99,-99,臺中市,02,西屯區,125
24.182028,120.632861,西屯,C0F9T0,2018-04-25T19:00:00+08:00,111.0,306,2.4,23.1,0.66,997.4,-99,0.0,-99,-99,-99,臺中市,02,西屯區,125
24.182028,120.632861,西屯,C0F9T0,2018-04-25T21:00:00+08:00,111.0,318,1.4,22.3,0.67,998.7,-99,0.0,-99,-99,-99,臺中市,02,西屯區,125
24.182028,120.632861,西屯,C0F9T0,2018-04-25T22:00:00+08:00,111.0,306,1.3,22.2,0.69,999.2,-99,0.0,-99,-99,-99,臺中市,02,西屯區,125
24.182028,120.632861,西屯,C0F9T0,2018-04-25T23:00:00+08:00,111.0,322,1.2,21.7,0.69,999.1,-99,0.0,-99,-99,-99,臺中市,02,西屯區,125
24.182028,120.632861,西屯,C0F9T0,2018-04-26T00:00:00+08:00,111.0,3,1.1,21.8,0.68,998.6,-99,0.0,-99,-99,-99,臺中市,02,西屯區,125
24.182028,120.632861,西屯,C0F9T0,2018-04-26T01:00:00+08:00,111.0,311,0.5,22.2,0.66,998.0,-99,0.0,-99,-99,-99,臺中市,02,西屯區,125
24.182028,120.632861,西屯,C0F9T0,2018-04-26T02:00:00+08:00,111.0,308,1.2,22.0,0.68,997.3,-99,0.0,-99,-99,-99,臺中市,02,西屯區,125
24.182028,120.632861,西屯,C0F9T0,2018-04-26T03:00:00+08:00,111.0,311,1.9,21.1,0.7,997.0,-99,0.0,-99,-99,-99,臺中市,02,西屯區,125
24.182028,120.632861,西屯,C0F9T0,2018-04-26T04:00:00+08:00,111.0,345,1.2,20.6,0.73,997.0,-99,0.0,-99,-99,-99,臺中市,02,西屯區,125
24.182028,120.632861,西屯,C0F9T0,2018-04-26T05:00:00+08:00,111.0,329,0.3,20.7,0.74,997.7,-99,0.0,-99,-99,-99,臺中市,02,西屯區,125
24.182028,120.632861,西屯,C0F9T0,2018-04-26T06:00:00+08:00,111.0,318,1.3,19.5,0.77,998.5,-99,0.0,-99,-99,-99,臺中市,02,西屯區,125
24.182028,120.632861,西屯,C0F9T0,2018-04-26T07:00:00+08:00,111.0,297,1.3,20.5,0.74,998.7,-99,0.0,-99,-99,-99,臺中市,02,西屯區,125
24.182028,120.632861,西屯,C0F9T0,2018-04-26T08:00:00+08:00,111.0,0,0.2,23.7,0.7,999.6,-99,0.0,-99,-99,-99,臺中市,02,西屯區,125
24.182028,120.632861,西屯,C0F9T0,2018-04-26T09:00:00+08:00,111.0,298,1.9,24.3,0.63,1000.3,-99,0.0,-99,-99,-99,臺中市,02,西屯區,125
24.182028,120.632861,西屯,C0F9T0,2018-04-26T10:00:00+08:00,111.0,320,1.2,25.4,0.58,1000.6,-99,0.0,-99,-99,-99,臺中市,02,西屯區,125
24.182028,120.632861,西屯,C0F9T0,2018-04-26T11:00:00+08:00,111.0,194,0.9,27.8,0.56,1000.6,-99,0.0,-99,-99,-99,臺中市,02,西屯區,125
24.182028,120.632861,西屯,C0F9T0,2018-04-26T12:00:00+08:00,111.0,236,0.9,28.7,0.58,1000.0,-99,0.0,-99,-99,-99,臺中市,02,西屯區,125
24.182028,120.632861,西屯,C0F9T0,2018-04-26T13:00:00+08:00,111.0,299,2.4,28.4,0.57,999.2,-99,0.0,-99,-99,-99,臺中市,02,西屯區,125
24.182028,120.632861,西屯,C0F9T0,2018-04-26T14:00:00+08:00,111.0,326,2.7,27.4,0.58,998.8,-99,0.0,-99,-99,-99,臺中市,02,西屯區,125
24.182028,120.632861,西屯,C0F9T0,2018-04-26T15:00:00+08:00,111.0,331,2.4,27.7,0.58,998.4,-99,0.0,-99,-99,-99,臺中市,02,西屯區,125
24.182028,120.632861,西屯,C0F9T0,2018-04-26T16:00:00+08:00,111.0,334,2.9,27.6,0.59,998.1,-99,0.0,-99,-99,-99,臺中市,02,西屯區,125
24.182028,120.632861,西屯,C0F9T0,2018-04-26T17:00:00+08:00,111.0,317,2.4,26.9,0.63,998.4,-99,0.0,-99,-99,-99,臺中市,02,西屯區,125
24.182028,120.632861,西屯,C0F9T0,2018-04-26T18:00:00+08:00,111.0,310,2.0,25.1,0.7,998.7,-99,0.0,-99,-99,-99,臺中市,02,西屯區,125
24.182028,120.632861,西屯,C0F9T0,2018-04-26T19:00:00+08:00,111.0,335,1.7,24.9,0.7,999.0,-99,0.0,-99,-99,-99,臺中市,02,西屯區,125
24.182028,120.632861,西屯,C0F9T0,2018-04-26T20:00:00+08:00,111.0,314,1.4,24.1,0.72,1000.0,-99,0.0,-99,-99,-99,臺中市,02,西屯區,125
24.182028,120.632861,西屯,C0F9T0,2018-04-26T21:00:00+08:00,111.0,310,1.2,24.0,0.72,1000.8,-99,0.0,-99,-99,-99,臺中市,02,西屯區,125
24.182028,120.632861,西屯,C0F9T0,2018-04-26T22:00:00+08:00,111.0,315,1.0,23.7,0.75,1001.0,-99,0.0,-99,-99,-99,臺中市,02,西屯區,125
24.182028,120.632861,西屯,C0F9T0,2018-04-26T23:00:00+08:00,111.0,0,0.1,23.6,0.76,1000.8,-99,0.0,-99,-99,-99,臺中市,02,西屯區,125
24.182028,120.632861,西屯,C0F9T0,2018-04-27T00:00:00+08:00,111.0,0,0.1,24.1,0.74,1000.2,-99,0.0,-99,-99,-99,臺中市,02,西屯區,125
24.182028,120.632861,西屯,C0F9T0,2018-04-27T01:00:00+08:00,111.0,302,1.3,23.6,0.76,1000.0,-99,0.0,-99,-99,-99,臺中市,02,西屯區,125
24.182028,120.632861,西屯,C0F9T0,2018-04-27T02:00:00+08:00,111.0,303,0.9,23.5,0.77,999.4,-99,0.0,-99,-99,-99,臺中市,02,西屯區,125
24.182028,120.632861,西屯,C0F9T0,2018-04-27T03:00:00+08:00,111.0,0,0.0,23.6,0.78,999.3,-99,0.0,-99,-99,-99,臺中市,02,西屯區,125
24.182028,120.632861,西屯,C0F9T0,2018-04-27T04:00:00+08:00,111.0,327,1.4,23.2,0.8,999.6,-99,0.0,-99,-99,-99,臺中市,02,西屯區,125
24.182028,120.632861,西屯,C0F9T0,2018-04-27T05:00:00+08:00,111.0,322,0.5,22.7,0.83,1000.2,-99,0.0,-99,-99,-99,臺中市,02,西屯區,125
24.182028,120.632861,西屯,C0F9T0,2018-04-27T06:00:00+08:00,111.0,37,1.0,22.8,0.83,1000.8,-99,0.0,-99,-99,-99,臺中市,02,西屯區,125
24.182028,120.632861,西屯,C0F9T0,2018-04-27T07:00:00+08:00,111.0,0,0.0,24.7,0.75,1001.1,-99,0.0,-99,-99,-99,臺中市,02,西屯區,125
24.182028,120.632861,西屯,C0F9T0,2018-04-27T08:00:00+08:00,111.0,207,1.0,25.5,0.71,1001.8,-99,0.0,-99,-99,-99,臺中市,02,西屯區,125
24.182028,120.632861,西屯,C0F9T0,2018-04-27T09:00:00+08:00,111.0,275,0.8,26.1,0.68,1002.3,-99,0.0,-99,-99,-99,臺中市,02,西屯區,125
24.182028,120.632861,西屯,C0F9T0,2018-04-27T10:00:00+08:00,111.0,51,0.6,27.6,0.61,1002.2,-99,0.0,-99,-99,-99,臺中市,02,西屯區,125
24.182028,120.632861,西屯,C0F9T0,2018-04-27T11:00:00+08:00,111.0,318,2.5,27.4,0.64,1002.4,-99,0.0,-99,-99,-99,臺中市,02,西屯區,125
24.182028,120.632861,西屯,C0F9T0,2018-04-27T12:00:00+08:00,111.0,329,2.7,27.3,0.64,1002.0,-99,0.0,-99,-99,-99,臺中市,02,西屯區,125
24.182028,120.632861,西屯,C0F9T0,2018-04-27T13:00:00+08:00,111.0,313,2.6,27.5,0.58,1001.4,-99,0.0,-99,-99,-99,臺中市,02,西屯區,125
24.182028,120.632861,西屯,C0F9T0,2018-04-27T14:00:00+08:00,111.0,310,4.2,26.7,0.62,1001.0,-99,0.0,-99,-99,-99,臺中市,02,西屯區,125
24.182028,120.632861,西屯,C0F9T0,2018-04-27T15:00:00+08:00,111.0,308,3.1,26.8,0.65,1000.5,-99,0.0,-99,-99,-99,臺中市,02,西屯區,125
24.182028,120.632861,西屯,C0F9T0,2018-04-27T16:00:00+08:00,111.0,338,2.7,26.6,0.66,1000.2,-99,0.0,-99,-99,-99,臺中市,02,西屯區,125
24.182028,120.632861,西屯,C0F9T0,2018-04-27T17:00:00+08:00,111.0,310,2.4,26.3,0.68,1000.2,-99,0.0,-99,-99,-99,臺中市,02,西屯區,125
24.182028,120.632861,西屯,C0F9T0,2018-04-27T18:00:00+08:00,111.0,300,1.5,25.9,0.67,1000.6,-99,0.0,-99,-99,-99,臺中市,02,西屯區,125
24.182028,120.632861,西屯,C0F9T0,2018-04-27T19:00:00+08:00,111.0,312,1.8,25.4,0.7,1001.1,-99,0.0,-99,-99,-99,臺中市,02,西屯區,125
24.182028,120.632861,西屯,C0F9T0,2018-04-27T20:00:00+08:00,111.0,331,1.6,24.8,0.71,1001.7,-99,0.0,-99,-99,-99,臺中市,02,西屯區,125
24.182028,120.632861,西屯,C0F9T0,2018-04-27T21:00:00+08:00,111.0,314,2.7,24.7,0.72,1001.8,-99,0.0,-99,-99,-99,臺中市,02,西屯區,125
24.182028,120.632861,西屯,C0F9T0,2018-04-27T22:00:00+08:00,111.0,327,1.8,24.6,0.77,1002.2,-99,0.0,-99,-99,-99,臺中市,02,西屯區,125
24.182028,120.632861,西屯,C0F9T0,2018-04-27T23:00:00+08:00,111.0,331,1.1,24.1,0.81,1002.1,-99,0.0,-99,-99,-99,臺中市,02,西屯區,125
24.182028,120.632861,西屯,C0F9T0,2018-04-28T00:00:00+08:00,111.0,339,1.1,24.0,0.82,1001.9,-99,0.0,-99,-99,-99,臺中市,02,西屯區,125
24.182028,120.632861,西屯,C0F9T0,2018-04-28T01:00:00+08:00,111.0,322,1.7,23.7,0.82,1001.6,-99,-99,-99,-99,-99,臺中市,02,西屯區,125
24.182028,120.632861,西屯,C0F9T0,2018-04-28T02:00:00+08:00,111.0,335,1.3,23.0,0.83,1001.0,-99,0.0,-99,-99,-99,臺中市,02,西屯區,125
24.182028,120.632861,西屯,C0F9T0,2018-04-28T03:00:00+08:00,111.0,320,0.9,22.9,0.83,1000.5,-99,0.0,-99,-99,-99,臺中市,02,西屯區,125
24.182028,120.632861,西屯,C0F9T0,2018-04-28T04:00:00+08:00,111.0,314,1.0,23.1,0.83,1000.4,-99,0.0,-99,-99,-99,臺中市,02,西屯區,125
24.182028,120.632861,西屯,C0F9T0,2018-04-28T05:00:00+08:00,111.0,307,1.2,23.4,0.82,1000.6,-99,0.0,-99,-99,-99,臺中市,02,西屯區,125
24.182028,120.632861,西屯,C0F9T0,2018-04-28T06:00:00+08:00,111.0,217,0.3,24.0,0.82,1001.1,-99,0.0,-99,-99,-99,臺中市,02,西屯區,125
24.182028,120.632861,西屯,C0F9T0,2018-04-28T07:00:00+08:00,111.0,203,0.3,24.5,0.79,1001.6,-99,0.0,-99,-99,-99,臺中市,02,西屯區,125
24.182028,120.632861,西屯,C0F9T0,2018-04-28T08:00:00+08:00,111.0,195,1.2,25.1,0.76,1001.9,-99,0.0,-99,-99,-99,臺中市,02,西屯區,125
24.182028,120.632861,西屯,C0F9T0,2018-04-28T09:00:00+08:00,111.0,182,0.8,25.7,0.73,1002.2,-99,0.0,-99,-99,-99,臺中市,02,西屯區,125
24.182028,120.632861,西屯,C0F9T0,2018-04-28T10:00:00+08:00,111.0,297,1.4,26.2,0.72,1002.5,-99,0.0,-99,-99,-99,臺中市,02,西屯區,125
24.182028,120.632861,西屯,C0F9T0,2018-04-28T11:00:00+08:00,111.0,205,0.9,27.6,0.65,1002.0,-99,0.0,-99,-99,-99,臺中市,02,西屯區,125
24.182028,120.632861,西屯,C0F9T0,2018-04-28T12:00:00+08:00,111.0,210,1.5,27.7,0.65,1001.8,-99,0.0,-99,-99,-99,臺中市,02,西屯區,125
24.182028,120.632861,西屯,C0F9T0,2018-04-28T13:00:00+08:00,111.0,291,0.9,28.3,0.65,1001.0,-99,0.0,-99,-99,-99,臺中市,02,西屯區,125
24.182028,120.632861,西屯,C0F9T0,2018-04-28T15:00:00+08:00,111.0,324,1.0,27.8,0.67,999.5,-99,0.0,-99,-99,-99,臺中市,02,西屯區,125
24.182028,120.632861,西屯,C0F9T0,2018-04-28T16:00:00+08:00,111.0,343,1.5,28.8,0.64,998.9,-99,0.0,-99,-99,-99,臺中市,02,西屯區,125
24.182028,120.632861,西屯,C0F9T0,2018-04-28T17:00:00+08:00,111.0,297,2.7,28.4,0.65,998.9,-99,0.0,-99,-99,-99,臺中市,02,西屯區,125
24.182028,120.632861,西屯,C0F9T0,2018-04-28T18:00:00+08:00,111.0,335,1.8,27.2,0.68,999.4,-99,0.0,-99,-99,-99,臺中市,02,西屯區,125
24.182028,120.632861,西屯,C0F9T0,2018-04-28T19:00:00+08:00,111.0,318,2.2,25.8,0.73,999.8,-99,0.0,-99,-99,-99,臺中市,02,西屯區,125
24.182028,120.632861,西屯,C0F9T0,2018-04-28T20:00:00+08:00,111.0,319,1.9,25.2,0.75,1000.5,-99,0.0,-99,-99,-99,臺中市,02,西屯區,125
24.182028,120.632861,西屯,C0F9T0,2018-04-28T21:00:00+08:00,111.0,342,1.3,25.1,0.79,1000.8,-99,0.0,-99,-99,-99,臺中市,02,西屯區,125
24.182028,120.632861,西屯,C0F9T0,2018-04-28T22:00:00+08:00,111.0,39,0.5,25.3,0.77,1001.1,-99,0.0,-99,-99,-99,臺中市,02,西屯區,125
24.182028,120.632861,西屯,C0F9T0,2018-04-28T23:00:00+08:00,111.0,296,0.7,25.0,0.78,1000.8,-99,0.0,-99,-99,-99,臺中市,02,西屯區,125
24.182028,120.632861,西屯,C0F9T0,2018-04-29T00:00:00+08:00,111.0,154,0.8,25.3,0.77,1000.4,-99,0.0,-99,-99,-99,臺中市,02,西屯區,125
24.182028,120.632861,西屯,C0F9T0,2018-04-29T01:00:00+08:00,111.0,282,0.3,24.7,0.81,1000.2,-99,0.0,-99,-99,-99,臺中市,02,西屯區,125
24.182028,120.632861,西屯,C0F9T0,2018-04-29T02:00:00+08:00,111.0,210,1.0,24.4,0.83,1000.0,-99,0.0,-99,-99,-99,臺中市,02,西屯區,125
24.182028,120.632861,西屯,C0F9T0,2018-04-29T03:00:00+08:00,111.0,0,0.1,24.1,0.84,999.6,-99,0.0,-99,-99,-99,臺中市,02,西屯區,125
24.182028,120.632861,西屯,C0F9T0,2018-04-29T04:00:00+08:00,111.0,294,0.3,23.9,0.86,999.4,-99,0.0,-99,-99,-99,臺中市,02,西屯區,125
24.182028,120.632861,西屯,C0F9T0,2018-04-29T05:00:00+08:00,111.0,0,0.0,23.7,0.89,999.8,-99,0.0,-99,-99,-99,臺中市,02,西屯區,125
24.182028,120.632861,西屯,C0F9T0,2018-04-29T06:00:00+08:00,111.0,306,0.6,23.6,0.89,1000.6,-99,0.0,-99,-99,-99,臺中市,02,西屯區,125
24.182028,120.632861,西屯,C0F9T0,2018-04-29T07:00:00+08:00,111.0,177,0.5,24.4,0.85,1000.9,-99,0.0,-99,-99,-99,臺中市,02,西屯區,125
24.182028,120.632861,西屯,C0F9T0,2018-04-29T08:00:00+08:00,111.0,204,1.6,25.5,0.77,1001.1,-99,0.0,-99,-99,-99,臺中市,02,西屯區,125
24.182028,120.632861,西屯,C0F9T0,2018-04-29T09:00:00+08:00,111.0,244,0.9,26.7,0.74,1001.2,-99,0.0,-99,-99,-99,臺中市,02,西屯區,125
24.182028,120.632861,西屯,C0F9T0,2018-04-29T10:00:00+08:00,111.0,240,0.8,27.8,0.69,1001.2,-99,0.0,-99,-99,-99,臺中市,02,西屯區,125
24.182028,120.632861,西屯,C0F9T0,2018-04-29T11:00:00+08:00,111.0,233,1.6,27.9,0.67,1001.1,-99,0.0,-99,-99,-99,臺中市,02,西屯區,125
24.182028,120.632861,西屯,C0F9T0,2018-04-29T12:00:00+08:00,111.0,250,1.2,29.3,0.6,1000.4,-99,0.0,-99,-99,-99,臺中市,02,西屯區,125
24.182028,120.632861,西屯,C0F9T0,2018-04-29T13:00:00+08:00,111.0,305,2.4,29.0,0.64,999.5,-99,0.0,-99,-99,-99,臺中市,02,西屯區,125
24.182028,120.632861,西屯,C0F9T0,2018-04-29T14:00:00+08:00,111.0,301,2.0,28.5,0.65,998.8,-99,0.0,-99,-99,-99,臺中市,02,西屯區,125
24.182028,120.632861,西屯,C0F9T0,2018-04-29T15:00:00+08:00,111.0,302,3.0,28.2,0.65,998.1,-99,0.0,-99,-99,-99,臺中市,02,西屯區,125
24.182028,120.632861,西屯,C0F9T0,2018-04-29T16:00:00+08:00,111.0,312,2.4,28.0,0.64,998.0,-99,0.0,-99,-99,-99,臺中市,02,西屯區,125
24.182028,120.632861,西屯,C0F9T0,2018-04-29T17:00:00+08:00,111.0,301,1.9,28.2,0.57,997.8,-99,0.0,-99,-99,-99,臺中市,02,西屯區,125
24.182028,120.632861,西屯,C0F9T0,2018-04-29T18:00:00+08:00,111.0,310,2.1,27.8,0.55,998.1,-99,0.0,-99,-99,-99,臺中市,02,西屯區,125
24.182028,120.632861,西屯,C0F9T0,2018-04-29T20:00:00+08:00,111.0,320,1.2,27.3,0.55,999.1,-99,0.0,-99,-99,-99,臺中市,02,西屯區,125
24.182028,120.632861,西屯,C0F9T0,2018-04-29T21:00:00+08:00,111.0,313,0.7,27.2,0.56,999.3,-99,0.0,-99,-99,-99,臺中市,02,西屯區,125
24.182028,120.632861,西屯,C0F9T0,2018-04-29T22:00:00+08:00,111.0,300,1.0,26.9,0.58,999.6,-99,0.0,-99,-99,-99,臺中市,02,西屯區,125
24.182028,120.632861,西屯,C0F9T0,2018-04-29T23:00:00+08:00,111.0,0,0.1,26.5,0.66,999.7,-99,0.0,-99,-99,-99,臺中市,02,西屯區,125
24.182028,120.632861,西屯,C0F9T0,2018-04-30T00:00:00+08:00,111.0,316,0.6,26.0,0.71,999.4,-99,0.0,-99,-99,-99,臺中市,02,西屯區,125
24.182028,120.632861,西屯,C0F9T0,2018-04-30T01:00:00+08:00,111.0,305,0.8,25.7,0.68,999.1,-99,0.0,-99,-99,-99,臺中市,02,西屯區,125
24.182028,120.632861,西屯,C0F9T0,2018-04-30T02:00:00+08:00,111.0,203,1.3,25.7,0.66,998.9,-99,0.0,-99,-99,-99,臺中市,02,西屯區,125
24.182028,120.632861,西屯,C0F9T0,2018-04-30T03:00:00+08:00,111.0,226,0.3,25.2,0.79,998.6,-99,0.0,-99,-99,-99,臺中市,02,西屯區,125
24.182028,120.632861,西屯,C0F9T0,2018-04-30T04:00:00+08:00,111.0,219,0.5,24.7,0.82,998.6,-99,0.0,-99,-99,-99,臺中市,02,西屯區,125
24.182028,120.632861,西屯,C0F9T0,2018-04-30T05:00:00+08:00,111.0,307,0.6,24.6,0.82,998.9,-99,0.0,-99,-99,-99,臺中市,02,西屯區,125
24.182028,120.632861,西屯,C0F9T0,2018-04-30T06:00:00+08:00,111.0,0,0.2,24.4,0.84,999.4,-99,0.0,-99,-99,-99,臺中市,02,西屯區,125
24.182028,120.632861,西屯,C0F9T0,2018-04-30T07:00:00+08:00,111.0,312,0.8,24.6,0.83,1000.2,-99,0.0,-99,-99,-99,臺中市,02,西屯區,125
24.182028,120.632861,西屯,C0F9T0,2018-04-30T08:00:00+08:00,111.0,204,0.5,26.0,0.78,1000.7,-99,0.0,-99,-99,-99,臺中市,02,西屯區,125
24.182028,120.632861,西屯,C0F9T0,2018-04-30T09:00:00+08:00,111.0,195,1.0,27.1,0.65,1001.3,-99,0.0,-99,-99,-99,臺中市,02,西屯區,125
24.182028,120.632861,西屯,C0F9T0,2018-04-30T10:00:00+08:00,111.0,249,1.1,28.5,0.6,1001.6,-99,0.0,-99,-99,-99,臺中市,02,西屯區,125
24.182028,120.632861,西屯,C0F9T0,2018-04-30T11:00:00+08:00,111.0,235,1.0,29.4,0.58,1001.3,-99,0.0,-99,-99,-99,臺中市,02,西屯區,125
24.182028,120.632861,西屯,C0F9T0,2018-04-30T12:00:00+08:00,111.0,289,2.7,29.2,0.62,1000.9,-99,0.0,-99,-99,-99,臺中市,02,西屯區,125
24.182028,120.632861,西屯,C0F9T0,2018-04-30T13:00:00+08:00,111.0,271,1.9,29.9,0.6,1000.4,-99,0.0,-99,-99,-99,臺中市,02,西屯區,125
24.182028,120.632861,西屯,C0F9T0,2018-04-30T14:00:00+08:00,111.0,305,1.7,30.3,0.56,999.8,-99,0.0,-99,-99,-99,臺中市,02,西屯區,125
24.182028,120.632861,西屯,C0F9T0,2018-04-30T15:00:00+08:00,111.0,298,2.9,29.5,0.58,999.4,-99,0.0,-99,-99,-99,臺中市,02,西屯區,125
24.182028,120.632861,西屯,C0F9T0,2018-04-30T16:00:00+08:00,111.0,302,2.7,28.6,0.64,998.9,-99,0.0,-99,-99,-99,臺中市,02,西屯區,125
24.182028,120.632861,西屯,C0F9T0,2018-04-30T17:00:00+08:00,111.0,303,2.9,27.2,0.7,999.0,-99,0.0,-99,-99,-99,臺中市,02,西屯區,125
24.182028,120.632861,西屯,C0F9T0,2018-04-30T18:00:00+08:00,111.0,300,2.7,27.1,0.72,999.1,-99,0.0,-99,-99,-99,臺中市,02,西屯區,125
24.182028,120.632861,西屯,C0F9T0,2018-04-30T19:00:00+08:00,111.0,327,1.8,26.3,0.76,999.7,-99,0.0,-99,-99,-99,臺中市,02,西屯區,125
24.182028,120.632861,西屯,C0F9T0,2018-04-30T20:00:00+08:00,111.0,339,1.1,26.1,0.79,999.9,-99,0.0,-99,-99,-99,臺中市,02,西屯區,125
24.182028,120.632861,西屯,C0F9T0,2018-04-30T21:00:00+08:00,111.0,308,0.6,26.1,0.79,1000.1,-99,0.0,-99,-99,-99,臺中市,02,西屯區,125
24.182028,120.632861,西屯,C0F9T0,2018-04-30T22:00:00+08:00,111.0,203,1.7,26.1,0.79,1000.4,-99,0.0,-99,-99,-99,臺中市,02,西屯區,125
24.182028,120.632861,西屯,C0F9T0,2018-04-30T23:00:00+08:00,111.0,297,0.6,25.9,0.81,1000.6,-99,0.0,-99,-99,-99,臺中市,02,西屯區,125
