24.182028,120.632861,西屯,C0F9T0,2018-06-01T00:00:00+08:00,111.0,343,1.7,28.3,0.82,997.4,-99,0.0,-99,-99,-99,臺中市,02,西屯區,125
24.182028,120.632861,西屯,C0F9T0,2018-06-01T01:00:00+08:00,111.0,341,2.0,27.1,0.84,996.9,-99,0.0,-99,-99,-99,臺中市,02,西屯區,125
24.182028,120.632861,西屯,C0F9T0,2018-06-01T02:00:00+08:00,111.0,317,1.4,27.0,0.84,996.6,-99,0.0,-99,-99,-99,臺中市,02,西屯區,125
24.182028,120.632861,西屯,C0F9T0,2018-06-01T03:00:00+08:00,111.0,313,1.4,27.0,0.83,996.0,-99,0.0,-99,-99,-99,臺中市,02,西屯區,125
24.182028,120.632861,西屯,C0F9T0,2018-06-01T04:00:00+08:00,111.0,323,2.1,26.9,0.83,995.9,-99,0.0,-99,-99,-99,臺中市,02,西屯區,125
24.182028,120.632861,西屯,C0F9T0,2018-06-01T05:00:00+08:00,111.0,338,2.3,26.0,0.86,996.5,-99,0.0,-99,-99,-99,臺中市,02,西屯區,125
24.182028,120.632861,西屯,C0F9T0,2018-06-01T06:00:00+08:00,111.0,338,1.6,26.0,0.86,996.6,-99,0.0,-99,-99,-99,臺中市,02,西屯區,125
24.182028,120.632861,西屯,C0F9T0,2018-06-01T07:00:00+08:00,111.0,349,1.0,26.8,0.82,997.0,-99,0.0,-99,-99,-99,臺中市,02,西屯區,125
24.182028,120.632861,西屯,C0F9T0,2018-06-01T08:00:00+08:00,111.0,328,1.0,27.0,0.8,997.5,-99,0.0,-99,-99,-99,臺中市,02,西屯區,125
24.182028,120.632861,西屯,C0F9T0,2018-06-01T09:00:00+08:00,111.0,306,2.2,27.5,0.8,997.5,-99,0.0,-99,-99,-99,臺中市,02,西屯區,125
24.182028,120.632861,西屯,C0F9T0,2018-06-01T10:00:00+08:00,111.0,328,2.8,27.6,0.8,997.4,-99,0.0,-99,-99,-99,臺中市,02,西屯區,125
24.182028,120.632861,西屯,C0F9T0,2018-06-01T11:00:00+08:00,111.0,322,2.1,28.6,0.75,997.3,-99,0.0,-99,-99,-99,臺中市,02,西屯區,125
24.182028,120.632861,西屯,C0F9T0,2018-06-01T12:00:00+08:00,111.0,324,2.9,29.4,0.7,997.2,-99,0.0,-99,-99,-99,臺中市,02,西屯區,125
24.182028,120.632861,西屯,C0F9T0,2018-06-01T13:00:00+08:00,111.0,315,2.7,30.0,0.67,996.8,-99,0.0,-99,-99,-99,臺中市,02,西屯區,125
24.182028,120.632861,西屯,C0F9T0,2018-06-01T14:00:00+08:00,111.0,325,2.8,31.5,0.58,995.9,-99,0.0,-99,-99,-99,臺中市,02,西屯區,125
24.182028,120.632861,西屯,C0F9T0,2018-06-01T15:00:00+08:00,111.0,307,3.0,30.8,0.61,995.5,-99,0.0,-99,-99,-99,臺中市,02,西屯區,125
24.182028,120.632861,西屯,C0F9T0,2018-06-01T16:00:00+08:00,111.0,317,4.3,30.0,0.63,995.3,-99,0.0,-99,-99,-99,臺中市,02,西屯區,125
24.182028,120.632861,西屯,C0F9T0,2018-06-01T17:00:00+08:00,111.0,352,3.8,28.6,0.66,995.7,-99,0.0,-99,-99,-99,臺中市,02,西屯區,125
24.182028,120.632861,西屯,C0F9T0,2018-06-01T18:00:00+08:00,111.0,316,2.5,27.6,0.69,995.9,-99,0.0,-99,-99,-99,臺中市,02,西屯區,125
24.182028,120.632861,西屯,C0F9T0,2018-06-01T19:00:00+08:00,111.0,332,2.8,26.3,0.73,996.3,-99,0.0,-99,-99,-99,臺中市,02,西屯區,125
24.182028,120.632861,西屯,C0F9T0,2018-06-01T20:00:00+08:00,111.0,352,1.5,25.5,0.73,996.6,-99,0.0,-99,-99,-99,臺中市,02,西屯區,125
24.182028,120.632861,西屯,C0F9T0,2018-06-01T21:00:00+08:00,111.0,315,2.0,25.1,0.74,996.9,-99,0.0,-99,-99,-99,臺中市,02,西屯區,125
24.182028,120.632861,西屯,C0F9T0,2018-06-01T22:00:00+08:00,111.0,322,2.0,24.7,0.74,997.5,-99,0.0,-99,-99,-99,臺中市,02,西屯區,125
24.182028,120.632861,西屯,C0F9T0,2018-06-01T23:00:00+08:00,111.0,326,2.3,24.3,0.77,997.9,-99,0.0,-99,-99,-99,臺中市,02,西屯區,125
24.182028,120.632861,西屯,C0F9T0,2018-06-02T00:00:00+08:00,111.0,318,2.3,24.1,0.78,997.7,-99,0.0,-99,-99,-99,臺中市,02,西屯區,125
24.182028,120.632861,西屯,C0F9T0,2018-06-02T01:00:00+08:00,111.0,308,2.1,23.1,0.83,997.5,-99,0.0,-99,-99,-99,臺中市,02,西屯區,125
24.182028,120.632861,西屯,C0F9T0,2018-06-02T02:00:00+08:00,111.0,316,1.6,23.3,0.84,996.9,-99,0.0,-99,-99,-99,臺中市,02,西屯區,125
24.182028,120.632861,西屯,C0F9T0,2018-06-02T03:00:00+08:00,111.0,336,1.9,23.4,0.82,996.8,-99,0.0,-99,-99,-99,臺中市,02,西屯區,125
24.182028,120.632861,西屯,C0F9T0,2018-06-02T04:00:00+08:00,111.0,328,1.5,23.3,0.82,996.6,-99,0.0,-99,-99,-99,臺中市,02,西屯區,125
24.182028,120.632861,西屯,C0F9T0,2018-06-02T05:00:00+08:00,111.0,340,1.9,23.3,0.82,996.7,-99,0.0,-99,-99,-99,臺中市,02,西屯區,125
24.182028,120.632861,西屯,C0F9T0,2018-06-02T06:00:00+08:00,111.0,309,0.8,23.2,0.82,997.0,-99,0.0,-99,-99,-99,臺中市,02,西屯區,125
24.182028,120.632861,西屯,C0F9T0,2018-06-02T07:00:00+08:00,111.0,305,2.3,24.3,0.78,997.3,-99,0.0,-99,-99,-99,臺中市,02,西屯區,125
24.182028,120.632861,西屯,C0F9T0,2018-06-02T08:00:00+08:00,111.0,346,1.1,25.4,0.74,997.7,-99,0.0,-99,-99,-99,臺中市,02,西屯區,125
24.182028,120.632861,西屯,C0F9T0,2018-06-02T09:00:00+08:00,111.0,317,2.9,27.1,0.69,997.5,-99,0.0,-99,-99,-99,臺中市,02,西屯區,125
24.182028,120.632861,西屯,C0F9T0,2018-06-02T10:00:00+08:00,111.0,314,2.8,27.3,0.66,997.5,-99,0.0,-99,-99,-99,臺中市,02,西屯區,125
24.182028,120.632861,西屯,C0F9T0,2018-06-02T11:00:00+08:00,111.0,321,3.1,28.6,0.62,997.2,-99,0.0,-99,-99,-99,臺中市,02,西屯區,125
24.182028,120.632861,西屯,C0F9T0,2018-06-02T12:00:00+08:00,111.0,310,2.1,30.8,0.57,997.1,-99,0.0,-99,-99,-99,臺中市,02,西屯區,125
24.182028,120.632861,西屯,C0F9T0,2018-06-02T13:00:00+08:00,111.0,322,3.4,30.7,0.58,996.3,-99,0.0,-99,-99,-99,臺中市,02,西屯區,125
24.182028,120.632861,西屯,C0F9T0,2018-06-02T14:00:00+08:00,111.0,325,3.3,30.8,0.57,995.9,-99,0.0,-99,-99,-99,臺中市,02,西屯區,125
24.182028,120.632861,西屯,C0F9T0,2018-06-02T15:00:00+08:00,111.0,324,3.8,30.8,0.58,995.3,-99,0.0,-99,-99,-99,臺中市,02,西屯區,125
24.182028,120.632861,西屯,C0F9T0,2018-06-02T16:00:00+08:00,111.0,317,4.0,29.9,0.6,995.2,-99,0.0,-99,-99,-99,臺中市,02,西屯區,125
24.182028,120.632861,西屯,C0F9T0,2018-06-02T17:00:00+08:00,111.0,310,3.5,28.6,0.63,995.2,-99,0.0,-99,-99,-99,臺中市,02,西屯區,125
24.182028,120.632861,西屯,C0F9T0,2018-06-02T18:00:00+08:00,111.0,311,2.8,27.4,0.68,995.7,-99,0.0,-99,-99,-99,臺中市,02,西屯區,125
24.182028,120.632861,西屯,C0F9T0,2018-06-02T19:00:00+08:00,111.0,305,1.7,26.7,0.71,995.8,-99,0.0,-99,-99,-99,臺中市,02,西屯區,125
24.182028,120.632861,西屯,C0F9T0,2018-06-02T20:00:00+08:00,111.0,323,1.9,26.5,0.72,995.9,-99,0.0,-99,-99,-99,臺中市,02,西屯區,125
24.182028,120.632861,西屯,C0F9T0,2018-06-02T21:00:00+08:00,111.0,312,1.5,25.9,0.74,996.3,-99,0.0,-99,-99,-99,臺中市,02,西屯區,125
24.182028,120.632861,西屯,C0F9T0,2018-06-02T22:00:00+08:00,111.0,308,1.6,25.4,0.76,996.9,-99,0.0,-99,-99,-99,臺中市,02,西屯區,125
24.182028,120.632861,西屯,C0F9T0,2018-06-02T23:00:00+08:00,111.0,312,1.9,25.0,0.78,997.1,-99,0.0,-99,-99,-99,臺中市,02,西屯區,125
24.182028,120.632861,西屯,C0F9T0,2018-06-03T00:00:00+08:00,111.0,310,1.4,25.1,0.78,996.9,-99,0.0,-99,-99,-99,臺中市,02,西屯區,125
24.182028,120.632861,西屯,C0F9T0,2018-06-03T01:00:00+08:00,111.0,311,1.1,24.6,0.8,996.4,-99,0.0,-99,-99,-99,臺中市,02,西屯區,125
24.182028,120.632861,西屯,C0F9T0,2018-06-03T02:00:00+08:00,111.0,310,1.2,24.6,0.8,996.3,-99,0.0,-99,-99,-99,臺中市,02,西屯區,125
24.182028,120.632861,西屯,C0F9T0,2018-06-03T03:00:00+08:00,111.0,332,1.1,24.8,0.79,995.5,-99,0.0,-99,-99,-99,臺中市,02,西屯區,125
24.182028,120.632861,西屯,C0F9T0,2018-06-03T04:00:00+08:00,111.0,318,0.9,25.0,0.79,995.2,-99,0.0,-99,-99,-99,臺中市,02,西屯區,125
24.182028,120.632861,西屯,C0F9T0,2018-06-03T05:00:00+08:00,111.0,326,0.6,25.4,0.78,995.3,-99,0.0,-99,-99,-99,臺中市,02,西屯區,125
24.182028,120.632861,西屯,C0F9T0,2018-06-03T06:00:00+08:00,111.0,314,1.1,25.6,0.79,995.8,-99,0.0,-99,-99,-99,臺中市,02,西屯區,125
24.182028,120.632861,西屯,C0F9T0,2018-06-03T07:00:00+08:00,111.0,330,0.8,26.5,0.75,996.5,-99,0.0,-99,-99,-99,臺中市,02,西屯區,125
24.182028,120.632861,西屯,C0F9T0,2018-06-03T08:00:00+08:00,111.0,317,0.4,27.8,0.7,996.9,-99,0.0,-99,-99,-99,臺中市,02,西屯區,125
24.182028,120.632861,西屯,C0F9T0,2018-06-03T09:00:00+08:00,111.0,220,0.7,29.1,0.66,996.6,-99,0.0,-99,-99,-99,臺中市,02,西屯區,125
24.182028,120.632861,西屯,C0F9T0,2018-06-03T10:00:00+08:00,111.0,186,1.2,31.4,0.57,996.4,-99,0.0,-99,-99,-99,臺中市,02,西屯區,125
24.182028,120.632861,西屯,C0F9T0,2018-06-03T11:00:00+08:00,111.0,286,0.9,32.1,0.53,996.1,-99,0.0,-99,-99,-99,臺中市,02,西屯區,125
24.182028,120.632861,西屯,C0F9T0,2018-06-03T12:00:00+08:00,111.0,318,2.7,32.5,0.56,995.4,-99,0.0,-99,-99,-99,臺中市,02,西屯區,125
24.182028,120.632861,西屯,C0F9T0,2018-06-03T13:00:00+08:00,111.0,332,2.8,31.4,0.62,994.9,-99,0.0,-99,-99,-99,臺中市,02,西屯區,125
24.182028,120.632861,西屯,C0F9T0,2018-06-03T14:00:00+08:00,111.0,333,3.6,30.7,0.64,994.5,-99,0.0,-99,-99,-99,臺中市,02,西屯區,125
24.182028,120.632861,西屯,C0F9T0,2018-06-03T15:00:00+08:00,111.0,323,2.9,31.2,0.6,994.0,-99,0.0,-99,-99,-99,臺中市,02,西屯區,125
24.182028,120.632861,西屯,C0F9T0,2018-06-03T16:00:00+08:00,111.0,331,2.7,31.1,0.58,993.6,-99,0.0,-99,-99,-99,臺中市,02,西屯區,125
24.182028,120.632861,西屯,C0F9T0,2018-06-03T17:00:00+08:00,111.0,322,2.4,31.2,0.61,993.5,-99,0.0,-99,-99,-99,臺中市,02,西屯區,125
24.182028,120.632861,西屯,C0F9T0,2018-06-03T18:00:00+08:00,111.0,312,1.7,29.7,0.71,993.7,-99,0.0,-99,-99,-99,臺中市,02,西屯區,125
24.182028,120.632861,西屯,C0F9T0,2018-06-03T19:00:00+08:00,111.0,315,2.2,28.9,0.75,993.9,-99,0.0,-99,-99,-99,臺中市,02,西屯區,125
24.182028,120.632861,西屯,C0F9T0,2018-06-03T20:00:00+08:00,111.0,312,1.4,28.1,0.78,994.3,-99,0.0,-99,-99,-99,臺中市,02,西屯區,125
24.182028,120.632861,西屯,C0F9T0,2018-06-03T21:00:00+08:00,111.0,320,2.0,27.1,0.82,995.0,-99,0.0,-99,-99,-99,臺中市,02,西屯區,125
24.182028,120.632861,西屯,C0F9T0,2018-06-03T22:00:00+08:00,111.0,310,1.4,26.7,0.82,995.8,-99,0.0,-99,-99,-99,臺中市,02,西屯區,125
24.182028,120.632861,西屯,C0F9T0,2018-06-03T23:00:00+08:00,111.0,318,0.7,26.5,0.83,996.1,-99,0.0,-99,-99,-99,臺中市,02,西屯區,125
24.182028,120.632861,西屯,C0F9T0,2018-06-04T00:00:00+08:00,111.0,315,1.6,26.2,0.83,995.7,-99,0.0,-99,-99,-99,臺中市,02,西屯區,125
24.182028,120.632861,西屯,C0F9T0,2018-06-04T01:00:00+08:00,111.0,309,0.8,26.4,0.83,995.3,-99,0.0,-99,-99,-99,臺中市,02,西屯區,125
24.182028,120.632861,西屯,C0F9T0,2018-06-04T02:00:00+08:00,111.0,325,0.5,26.7,0.81,995.2,-99,0.0,-99,-99,-99,臺中市,02,西屯區,125
24.182028,120.632861,西屯,C0F9T0,2018-06-04T03:00:00+08:00,111.0,315,0.7,26.9,0.81,994.7,-99,0.0,-99,-99,-99,臺中市,02,西屯區,125
24.182028,120.632861,西屯,C0F9T0,2018-06-04T04:00:00+08:00,111.0,336,1.4,26.6,0.83,995.2,-99,0.0,-99,-99,-99,臺中市,02,西屯區,125
24.182028,120.632861,西屯,C0F9T0,2018-06-04T05:00:00+08:00,111.0,348,1.6,25.7,0.85,995.4,-99,0.0,-99,-99,-99,臺中市,02,西屯區,125
24.182028,120.632861,西屯,C0F9T0,2018-06-04T06:00:00+08:00,111.0,326,1.3,25.8,0.85,995.9,-99,0.0,-99,-99,-99,臺中市,02,西屯區,125
24.182028,120.632861,西屯,C0F9T0,2018-06-04T07:00:00+08:00,111.0,300,0.8,27.0,0.8,996.2,-99,0.0,-99,-99,-99,臺中市,02,西屯區,125
24.182028,120.632861,西屯,C0F9T0,2018-06-04T08:00:00+08:00,111.0,279,1.1,29.0,0.7,996.4,-99,0.0,-99,-99,-99,臺中市,02,西屯區,125
24.182028,120.632861,西屯,C0F9T0,2018-06-04T09:00:00+08:00,111.0,316,0.7,30.8,0.62,996.4,-99,0.0,-99,-99,-99,臺中市,02,西屯區,125
24.182028,120.632861,西屯,C0F9T0,2018-06-04T10:00:00+08:00,111.0,141,1.0,32.0,0.58,996.1,-99,0.0,-99,-99,-99,臺中市,02,西屯區,125
24.182028,120.632861,西屯,C0F9T0,2018-06-04T11:00:00+08:00,111.0,294,1.6,31.7,0.62,995.8,-99,0.0,-99,-99,-99,臺中市,02,西屯區,125
24.182028,120.632861,西屯,C0F9T0,2018-06-04T12:00:00+08:00,111.0,329,2.0,31.3,0.65,995.3,-99,0.0,-99,-99,-99,臺中市,02,西屯區,125
24.182028,120.632861,西屯,C0F9T0,2018-06-04T13:00:00+08:00,111.0,298,2.2,32.0,0.6,994.6,-99,0.0,-99,-99,-99,臺中市,02,西屯區,125
24.182028,120.632861,西屯,C0F9T0,2018-06-04T14:00:00+08:00,111.0,337,2.4,31.8,0.57,994.1,-99,0.0,-99,-99,-99,臺中市,02,西屯區,125
24.182028,120.632861,西屯,C0F9T0,2018-06-04T15:00:00+08:00,111.0,310,2.2,32.2,0.54,994.0,-99,0.0,-99,-99,-99,臺中市,02,西屯區,125
24.182028,120.632861,西屯,C0F9T0,2018-06-04T16:00:00+08:00,111.0,322,2.8,31.4,0.57,994.0,-99,0.0,-99,-99,-99,臺中市,02,西屯區,125
24.182028,120.632861,西屯,C0F9T0,2018-06-04T17:00:00+08:00,111.0,329,1.7,31.0,0.57,994.3,-99,0.0,-99,-99,-99,臺中市,02,西屯區,125
24.182028,120.632861,西屯,C0F9T0,2018-06-04T18:00:00+08:00,111.0,325,2.6,30.2,0.58,994.9,-99,0.0,-99,-99,-99,臺中市,02,西屯區,125
24.182028,120.632861,西屯,C0F9T0,2018-06-04T19:00:00+08:00,111.0,332,1.2,30.0,0.59,995.5,-99,0.0,-99,-99,-99,臺中市,02,西屯區,125
24.182028,120.632861,西屯,C0F9T0,2018-06-04T20:00:00+08:00,111.0,323,0.5,29.6,0.66,996.1,-99,0.0,-99,-99,-99,臺中市,02,西屯區,125
24.182028,120.632861,西屯,C0F9T0,2018-06-04T21:00:00+08:00,111.0,228,0.5,30.0,0.64,996.7,-99,0.0,-99,-99,-99,臺中市,02,西屯區,125
24.182028,120.632861,西屯,C0F9T0,2018-06-04T22:00:00+08:00,111.0,297,1.0,29.3,0.67,996.6,-99,0.0,-99,-99,-99,臺中市,02,西屯區,125
24.182028,120.632861,西屯,C0F9T0,2018-06-04T23:00:00+08:00,111.0,302,0.7,29.2,0.68,996.8,-99,0.0,-99,-99,-99,臺中市,02,西屯區,125
24.182028,120.632861,西屯,C0F9T0,2018-06-05T00:00:00+08:00,111.0,177,1.5,29.3,0.65,996.4,-99,0.0,-99,-99,-99,臺中市,02,西屯區,125
24.182028,120.632861,西屯,C0F9T0,2018-06-05T01:00:00+08:00,111.0,295,0.5,28.2,0.71,995.9,-99,0.0,-99,-99,-99,臺中市,02,西屯區,125
24.182028,120.632861,西屯,C0F9T0,2018-06-05T02:00:00+08:00,111.0,289,0.8,27.7,0.74,995.6,-99,0.0,-99,-99,-99,臺中市,02,西屯區,125
24.182028,120.632861,西屯,C0F9T0,2018-06-05T03:00:00+08:00,111.0,241,0.4,27.4,0.74,995.5,-99,0.0,-99,-99,-99,臺中市,02,西屯區,125
24.182028,120.632861,西屯,C0F9T0,2018-06-05T04:00:00+08:00,111.0,312,0.9,26.9,0.75,995.0,-99,0.0,-99,-99,-99,臺中市,02,西屯區,125
24.182028,120.632861,西屯,C0F9T0,2018-06-05T05:00:00+08:00,111.0,303,0.8,27.3,0.74,995.2,-99,0.0,-99,-99,-99,臺中市,02,西屯區,125
24.182028,120.632861,西屯,C0F9T0,2018-06-05T06:00:00+08:00,111.0,0,0.2,28.0,0.72,995.8,-99,0.0,-99,-99,-99,臺中市,02,西屯區,125
24.182028,120.632861,西屯,C0F9T0,2018-06-05T07:00:00+08:00,111.0,0,0.2,27.8,0.72,996.5,-99,0.0,-99,-99,-99,臺中市,02,西屯區,125
24.182028,120.632861,西屯,C0F9T0,2018-06-05T08:00:00+08:00,111.0,202,0.4,30.0,0.61,996.7,-99,0.0,-99,-99,-99,臺中市,02,西屯區,125
24.182028,120.632861,西屯,C0F9T0,2018-06-05T09:00:00+08:00,111.0,222,1.8,30.5,0.58,997.4,-99,0.0,-99,-99,-99,臺中市,02,西屯區,125
24.182028,120.632861,西屯,C0F9T0,2018-06-05T10:00:00+08:00,111.0,279,2.1,31.6,0.57,997.3,-99,0.0,-99,-99,-99,臺中市,02,西屯區,125
24.182028,120.632861,西屯,C0F9T0,2018-06-05T11:00:00+08:00,111.0,203,0.9,31.6,0.6,997.1,-99,0.0,-99,-99,-99,臺中市,02,西屯區,125
24.182028,120.632861,西屯,C0F9T0,2018-06-05T12:00:00+08:00,111.0,318,0.6,32.2,0.62,996.3,-99,0.0,-99,-99,-99,臺中市,02,西屯區,125
24.182028,120.632861,西屯,C0F9T0,2018-06-05T13:00:00+08:00,111.0,304,2.7,33.7,0.55,995.5,-99,0.0,-99,-99,-99,臺中市,02,西屯區,125
24.182028,120.632861,西屯,C0F9T0,2018-06-05T14:00:00+08:00,111.0,306,3.7,32.3,0.61,994.9,-99,0.0,-99,-99,-99,臺中市,02,西屯區,125
24.182028,120.632861,西屯,C0F9T0,2018-06-05T15:00:00+08:00,111.0,297,3.9,32.0,0.6,994.5,-99,0.0,-99,-99,-99,臺中市,02,西屯區,125
24.182028,120.632861,西屯,C0F9T0,2018-06-05T16:00:00+08:00,111.0,312,2.2,31.4,0.62,994.6,-99,0.0,-99,-99,-99,臺中市,02,西屯區,125
24.182028,120.632861,西屯,C0F9T0,2018-06-05T17:00:00+08:00,111.0,321,1.6,30.4,0.66,994.9,-99,0.0,-99,-99,-99,臺中市,02,西屯區,125
24.182028,120.632861,西屯,C0F9T0,2018-06-05T18:00:00+08:00,111.0,317,2.2,29.7,0.69,995.5,-99,0.0,-99,-99,-99,臺中市,02,西屯區,125
24.182028,120.632861,西屯,C0F9T0,2018-06-05T19:00:00+08:00,111.0,296,1.2,29.4,0.71,996.0,-99,0.0,-99,-99,-99,臺中市,02,西屯區,125
24.182028,120.632861,西屯,C0F9T0,2018-06-05T20:00:00+08:00,111.0,86,0.4,29.7,0.69,996.8,-99,0.0,-99,-99,-99,臺中市,02,西屯區,125
24.182028,120.632861,西屯,C0F9T0,2018-06-05T21:00:00+08:00,111.0,246,0.9,29.8,0.7,997.1,-99,0.0,-99,-99,-99,臺中市,02,西屯區,125
24.182028,120.632861,西屯,C0F9T0,2018-06-05T22:00:00+08:00,111.0,181,0.6,28.8,0.77,997.6,-99,0.0,-99,-99,-99,臺中市,02,西屯區,125
24.182028,120.632861,西屯,C0F9T0,2018-06-05T23:00:00+08:00,111.0,184,0.5,28.7,0.77,997.2,-99,0.0,-99,-99,-99,臺中市,02,西屯區,125
24.182028,120.632861,西屯,C0F9T0,2018-06-06T00:00:00+08:00,111.0,185,1.0,28.8,0.72,996.5,-99,0.0,-99,-99,-99,臺中市,02,西屯區,125
24.182028,120.632861,西屯,C0F9T0,2018-06-06T01:00:00+08:00,111.0,208,1.5,28.0,0.77,996.2,-99,0.0,-99,-99,-99,臺中市,02,西屯區,125
24.182028,120.632861,西屯,C0F9T0,2018-06-06T02:00:00+08:00,111.0,264,0.5,27.1,0.82,995.9,-99,0.0,-99,-99,-99,臺中市,02,西屯區,125
24.182028,120.632861,西屯,C0F9T0,2018-06-06T03:00:00+08:00,111.0,213,0.7,27.0,0.82,995.5,-99,0.0,-99,-99,-99,臺中市,02,西屯區,125
24.182028,120.632861,西屯,C0F9T0,2018-06-06T04:00:00+08:00,111.0,307,0.6,27.0,0.81,995.7,-99,0.0,-99,-99,-99,臺中市,02,西屯區,125
24.182028,120.632861,西屯,C0F9T0,2018-06-06T05:00:00+08:00,111.0,291,0.5,26.9,0.81,995.5,-99,0.0,-99,-99,-99,臺中市,02,西屯區,125
24.182028,120.632861,西屯,C0F9T0,2018-06-06T06:00:00+08:00,111.0,0,0.1,27.6,0.77,995.5,-99,0.0,-99,-99,-99,臺中市,02,西屯區,125
24.182028,120.632861,西屯,C0F9T0,2018-06-06T07:00:00+08:00,111.0,299,1.2,28.5,0.73,995.8,-99,0.0,-99,-99,-99,臺中市,02,西屯區,125
24.182028,120.632861,西屯,C0F9T0,2018-06-06T08:00:00+08:00,111.0,350,0.6,30.4,0.63,995.8,-99,0.0,-99,-99,-99,臺中市,02,西屯區,125
24.182028,120.632861,西屯,C0F9T0,2018-06-06T09:00:00+08:00,111.0,322,1.2,31.8,0.53,995.7,-99,0.0,-99,-99,-99,臺中市,02,西屯區,125
24.182028,120.632861,西屯,C0F9T0,2018-06-06T10:00:00+08:00,111.0,6,0.9,32.6,0.5,995.6,-99,0.0,-99,-99,-99,臺中市,02,西屯區,125
24.182028,120.632861,西屯,C0F9T0,2018-06-06T11:00:00+08:00,111.0,350,1.7,33.1,0.51,995.8,-99,0.0,-99,-99,-99,臺中市,02,西屯區,125
24.182028,120.632861,西屯,C0F9T0,2018-06-06T12:00:00+08:00,111.0,307,2.2,32.2,0.57,995.6,-99,0.0,-99,-99,-99,臺中市,02,西屯區,125
24.182028,120.632861,西屯,C0F9T0,2018-06-06T13:00:00+08:00,111.0,328,3.1,32.6,0.52,994.8,-99,0.0,-99,-99,-99,臺中市,02,西屯區,125
24.182028,120.632861,西屯,C0F9T0,2018-06-06T14:00:00+08:00,111.0,324,3.8,32.2,0.55,994.1,-99,0.0,-99,-99,-99,臺中市,02,西屯區,125
24.182028,120.632861,西屯,C0F9T0,2018-06-06T15:00:00+08:00,111.0,320,3.4,31.8,0.58,993.8,-99,0.0,-99,-99,-99,臺中市,02,西屯區,125
24.182028,120.632861,西屯,C0F9T0,2018-06-06T16:00:00+08:00,111.0,335,2.8,31.6,0.57,994.0,-99,0.0,-99,-99,-99,臺中市,02,西屯區,125
24.182028,120.632861,西屯,C0F9T0,2018-06-06T17:00:00+08:00,111.0,303,2.5,30.8,0.66,993.6,-99,0.0,-99,-99,-99,臺中市,02,西屯區,125
24.182028,120.632861,西屯,C0F9T0,2018-06-06T18:00:00+08:00,111.0,318,2.9,30.4,0.65,994.3,-99,0.0,-99,-99,-99,臺中市,02,西屯區,125
24.182028,120.632861,西屯,C0F9T0,2018-06-06T19:00:00+08:00,111.0,344,2.7,29.2,0.78,994.7,-99,0.0,-99,-99,-99,臺中市,02,西屯區,125
24.182028,120.632861,西屯,C0F9T0,2018-06-06T20:00:00+08:00,111.0,316,2.0,28.8,0.79,995.1,-99,0.0,-99,-99,-99,臺中市,02,西屯區,125
24.182028,120.632861,西屯,C0F9T0,2018-06-06T21:00:00+08:00,111.0,307,1.6,28.3,0.82,995.7,-99,0.0,-99,-99,-99,臺中市,02,西屯區,125
24.182028,120.632861,西屯,C0F9T0,2018-06-06T22:00:00+08:00,111.0,308,1.6,27.8,0.85,995.8,-99,0.0,-99,-99,-99,臺中市,02,西屯區,125
24.182028,120.632861,西屯,C0F9T0,2018-06-06T23:00:00+08:00,111.0,334,1.3,28.2,0.83,995.6,-99,0.0,-99,-99,-99,臺中市,02,西屯區,125
24.182028,120.632861,西屯,C0F9T0,2018-06-07T00:00:00+08:00,111.0,310,1.8,28.1,0.83,994.7,-99,0.0,-99,-99,-99,臺中市,02,西屯區,125
24.182028,120.632861,西屯,C0F9T0,2018-06-07T01:00:00+08:00,111.0,330,1.1,27.5,0.86,994.4,-99,0.0,-99,-99,-99,臺中市,02,西屯區,125
24.182028,120.632861,西屯,C0F9T0,2018-06-07T02:00:00+08:00,111.0,300,1.6,27.4,0.87,994.2,-99,0.0,-99,-99,-99,臺中市,02,西屯區,125
24.182028,120.632861,西屯,C0F9T0,2018-06-07T03:00:00+08:00,111.0,316,1.5,27.1,0.88,994.3,-99,0.0,-99,-99,-99,臺中市,02,西屯區,125
24.182028,120.632861,西屯,C0F9T0,2018-06-07T04:00:00+08:00,111.0,335,1.4,26.9,0.87,994.2,-99,0.0,-99,-99,-99,臺中市,02,西屯區,125
24.182028,120.632861,西屯,C0F9T0,2018-06-07T05:00:00+08:00,111.0,297,1.1,27.1,0.85,994.3,-99,0.0,-99,-99,-99,臺中市,02,西屯區,125
24.182028,120.632861,西屯,C0F9T0,2018-06-07T06:00:00+08:00,111.0,293,1.4,27.1,0.84,994.6,-99,0.0,-99,-99,-99,臺中市,02,西屯區,125
24.182028,120.632861,西屯,C0F9T0,2018-06-07T07:00:00+08:00,111.0,318,2.2,27.8,0.8,994.6,-99,0.0,-99,-99,-99,臺中市,02,西屯區,125
24.182028,120.632861,西屯,C0F9T0,2018-06-07T08:00:00+08:00,111.0,310,1.0,28.4,0.78,994.5,-99,0.0,-99,-99,-99,臺中市,02,西屯區,125
24.182028,120.632861,西屯,C0F9T0,2018-06-07T09:00:00+08:00,111.0,310,0.8,29.2,0.76,994.5,-99,0.0,-99,-99,-99,臺中市,02,西屯區,125
24.182028,120.632861,西屯,C0F9T0,2018-06-07T10:00:00+08:00,111.0,337,2.1,30.2,0.7,994.4,-99,0.0,-99,-99,-99,臺中市,02,西屯區,125
24.182028,120.632861,西屯,C0F9T0,2018-06-07T11:00:00+08:00,111.0,164,1.2,32.5,0.59,993.9,-99,0.0,-99,-99,-99,臺中市,02,西屯區,125
24.182028,120.632861,西屯,C0F9T0,2018-06-07T12:00:00+08:00,111.0,292,3.3,30.7,0.7,993.4,-99,0.0,-99,-99,-99,臺中市,02,西屯區,125
24.182028,120.632861,西屯,C0F9T0,2018-06-07T13:00:00+08:00,111.0,295,2.5,31.4,0.68,992.9,-99,0.0,-99,-99,-99,臺中市,02,西屯區,125
24.182028,120.632861,西屯,C0F9T0,2018-06-07T14:00:00+08:00,111.0,319,3.0,31.1,0.7,992.3,-99,0.0,-99,-99,-99,臺中市,02,西屯區,125
24.182028,120.632861,西屯,C0F9T0,2018-06-07T15:00:00+08:00,111.0,324,2.1,30.8,0.72,991.8,-99,0.0,-99,-99,-99,臺中市,02,西屯區,125
24.182028,120.632861,西屯,C0F9T0,2018-06-07T16:00:00+08:00,111.0,336,2.8,31.3,0.68,991.8,-99,0.0,-99,-99,-99,臺中市,02,西屯區,125
24.182028,120.632861,西屯,C0F9T0,2018-06-07T17:00:00+08:00,111.0,308,1.5,31.8,0.65,992.1,-99,0.0,-99,-99,-99,臺中市,02,西屯區,125
24.182028,120.632861,西屯,C0F9T0,2018-06-07T18:00:00+08:00,111.0,263,0.9,32.1,0.66,992.4,-99,0.0,-99,-99,-99,臺中市,02,西屯區,125
24.182028,120.632861,西屯,C0F9T0,2018-06-07T19:00:00+08:00,111.0,191,2.1,30.2,0.71,993.0,-99,0.0,-99,-99,-99,臺中市,02,西屯區,125
24.182028,120.632861,西屯,C0F9T0,2018-06-07T20:00:00+08:00,111.0,204,1.6,29.9,0.7,993.2,-99,0.0,-99,-99,-99,臺中市,02,西屯區,125
24.182028,120.632861,西屯,C0F9T0,2018-06-07T21:00:00+08:00,111.0,197,1.4,29.6,0.75,993.6,-99,0.0,-99,-99,-99,臺中市,02,西屯區,125
24.182028,120.632861,西屯,C0F9T0,2018-06-07T22:00:00+08:00,111.0,157,1.4,29.5,0.7,993.9,-99,0.0,-99,-99,-99,臺中市,02,西屯區,125
24.182028,120.632861,西屯,C0F9T0,2018-06-07T23:00:00+08:00,111.0,297,1.2,28.4,0.74,993.1,-99,0.0,-99,-99,-99,臺中市,02,西屯區,125
24.182028,120.632861,西屯,C0F9T0,2018-06-08T00:00:00+08:00,111.0,302,1.2,28.0,0.76,993.0,-99,0.0,-99,-99,-99,臺中市,02,西屯區,125
24.182028,120.632861,西屯,C0F9T0,2018-06-08T01:00:00+08:00,111.0,222,0.6,28.3,0.75,992.2,-99,0.0,-99,-99,-99,臺中市,02,西屯區,125
24.182028,120.632861,西屯,C0F9T0,2018-06-08T02:00:00+08:00,111.0,301,0.9,27.4,0.79,991.5,-99,0.0,-99,-99,-99,臺中市,02,西屯區,125
24.182028,120.632861,西屯,C0F9T0,2018-06-08T03:00:00+08:00,111.0,294,1.1,26.9,0.79,990.8,-99,0.0,-99,-99,-99,臺中市,02,西屯區,125
24.182028,120.632861,西屯,C0F9T0,2018-06-08T04:00:00+08:00,111.0,315,1.0,26.7,0.79,990.4,-99,0.0,-99,-99,-99,臺中市,02,西屯區,125
24.182028,120.632861,西屯,C0F9T0,2018-06-08T05:00:00+08:00,111.0,315,1.0,26.4,0.81,990.2,-99,0.0,-99,-99,-99,臺中市,02,西屯區,125
24.182028,120.632861,西屯,C0F9T0,2018-06-08T06:00:00+08:00,111.0,322,0.9,26.8,0.72,990.4,-99,0.0,-99,-99,-99,臺中市,02,西屯區,125
24.182028,120.632861,西屯,C0F9T0,2018-06-08T07:00:00+08:00,111.0,316,0.7,28.2,0.68,990.4,-99,0.0,-99,-99,-99,臺中市,02,西屯區,125
24.182028,120.632861,西屯,C0F9T0,2018-06-08T08:00:00+08:00,111.0,311,1.1,29.3,0.66,990.6,-99,0.0,-99,-99,-99,臺中市,02,西屯區,125
24.182028,120.632861,西屯,C0F9T0,2018-06-08T09:00:00+08:00,111.0,300,2.1,30.8,0.63,991.2,-99,0.0,-99,-99,-99,臺中市,02,西屯區,125
24.182028,120.632861,西屯,C0F9T0,2018-06-08T10:00:00+08:00,111.0,297,1.6,30.1,0.71,991.2,-99,0.0,-99,-99,-99,臺中市,02,西屯區,125
24.182028,120.632861,西屯,C0F9T0,2018-06-08T11:00:00+08:00,111.0,311,1.3,31.3,0.65,990.9,-99,0.0,-99,-99,-99,臺中市,02,西屯區,125
24.182028,120.632861,西屯,C0F9T0,2018-06-08T12:00:00+08:00,111.0,213,2.1,32.5,0.59,990.8,-99,0.0,-99,-99,-99,臺中市,02,西屯區,125
24.182028,120.632861,西屯,C0F9T0,2018-06-08T14:00:00+08:00,111.0,307,3.6,31.8,0.63,989.4,-99,0.0,-99,-99,-99,臺中市,02,西屯區,125
24.182028,120.632861,西屯,C0F9T0,2018-06-08T15:00:00+08:00,111.0,321,2.7,31.7,0.66,988.7,-99,0.0,-99,-99,-99,臺中市,02,西屯區,125
24.182028,120.632861,西屯,C0F9T0,2018-06-08T16:00:00+08:00,111.0,320,1.4,31.7,0.65,988.5,-99,0.0,-99,-99,-99,臺中市,02,西屯區,125
24.182028,120.632861,西屯,C0F9T0,2018-06-08T17:00:00+08:00,111.0,314,1.4,31.6,0.64,988.0,-99,0.0,-99,-99,-99,臺中市,02,西屯區,125
24.182028,120.632861,西屯,C0F9T0,2018-06-08T18:00:00+08:00,111.0,288,2.6,30.9,0.68,988.4,-99,0.0,-99,-99,-99,臺中市,02,西屯區,125
24.182028,120.632861,西屯,C0F9T0,2018-06-08T19:00:00+08:00,111.0,305,2.1,30.3,0.68,988.7,-99,0.0,-99,-99,-99,臺中市,02,西屯區,125
24.182028,120.632861,西屯,C0F9T0,2018-06-08T20:00:00+08:00,111.0,302,1.6,30.0,0.72,988.9,-99,0.0,-99,-99,-99,臺中市,02,西屯區,125
24.182028,120.632861,西屯,C0F9T0,2018-06-08T21:00:00+08:00,111.0,335,1.0,29.9,0.69,989.3,-99,0.0,-99,-99,-99,臺中市,02,西屯區,125
24.182028,120.632861,西屯,C0F9T0,2018-06-08T22:00:00+08:00,111.0,329,1.1,30.3,0.64,989.3,-99,0.0,-99,-99,-99,臺中市,02,西屯區,125
24.182028,120.632861,西屯,C0F9T0,2018-06-08T23:00:00+08:00,111.0,293,1.2,29.9,0.67,988.9,-99,0.0,-99,-99,-99,臺中市,02,西屯區,125
24.182028,120.632861,西屯,C0F9T0,2018-06-09T00:00:00+08:00,111.0,206,2.1,29.2,0.8,988.4,-99,0.0,-99,-99,-99,臺中市,02,西屯區,125
24.182028,120.632861,西屯,C0F9T0,2018-06-09T01:00:00+08:00,111.0,206,0.9,29.1,0.78,987.6,-99,0.0,-99,-99,-99,臺中市,02,西屯區,125
24.182028,120.632861,西屯,C0F9T0,2018-06-09T02:00:00+08:00,111.0,295,1.1,28.1,0.83,987.1,-99,0.0,-99,-99,-99,臺中市,02,西屯區,125
24.182028,120.632861,西屯,C0F9T0,2018-06-09T03:00:00+08:00,111.0,297,1.0,27.8,0.83,987.1,-99,0.0,-99,-99,-99,臺中市,02,西屯區,125
24.182028,120.632861,西屯,C0F9T0,2018-06-09T04:00:00+08:00,111.0,221,0.8,28.0,0.79,987.4,-99,0.0,-99,-99,-99,臺中市,02,西屯區,125
24.182028,120.632861,西屯,C0F9T0,2018-06-09T05:00:00+08:00,111.0,197,0.8,27.1,0.82,987.6,-99,0.0,-99,-99,-99,臺中市,02,西屯區,125
24.182028,120.632861,西屯,C0F9T0,2018-06-09T06:00:00+08:00,111.0,304,0.7,27.6,0.79,988.3,-99,0.0,-99,-99,-99,臺中市,02,西屯區,125
24.182028,120.632861,西屯,C0F9T0,2018-06-09T07:00:00+08:00,111.0,163,0.8,28.8,0.74,988.7,-99,0.0,-99,-99,-99,臺中市,02,西屯區,125
24.182028,120.632861,西屯,C0F9T0,2018-06-09T09:00:00+08:00,111.0,317,1.1,30.9,0.65,988.3,-99,0.0,-99,-99,-99,臺中市,02,西屯區,125
24.182028,120.632861,西屯,C0F9T0,2018-06-09T10:00:00+08:00,111.0,208,1.3,31.9,0.6,988.2,-99,0.0,-99,-99,-99,臺中市,02,西屯區,125
24.182028,120.632861,西屯,C0F9T0,2018-06-09T11:00:00+08:00,111.0,310,1.5,30.2,0.71,988.1,-99,0.0,-99,-99,-99,臺中市,02,西屯區,125
24.182028,120.632861,西屯,C0F9T0,2018-06-09T12:00:00+08:00,111.0,305,2.1,32.2,0.61,987.5,-99,0.0,-99,-99,-99,臺中市,02,西屯區,125
24.182028,120.632861,西屯,C0F9T0,2018-06-09T13:00:00+08:00,111.0,316,2.3,32.2,0.65,986.8,-99,0.0,-99,-99,-99,臺中市,02,西屯區,125
24.182028,120.632861,西屯,C0F9T0,2018-06-09T14:00:00+08:00,111.0,314,2.8,32.7,0.61,985.9,-99,0.0,-99,-99,-99,臺中市,02,西屯區,125
24.182028,120.632861,西屯,C0F9T0,2018-06-09T15:00:00+08:00,111.0,317,3.0,32.6,0.62,985.3,-99,0.0,-99,-99,-99,臺中市,02,西屯區,125
24.182028,120.632861,西屯,C0F9T0,2018-06-09T16:00:00+08:00,111.0,313,3.0,31.9,0.63,985.1,-99,0.0,-99,-99,-99,臺中市,02,西屯區,125
24.182028,120.632861,西屯,C0F9T0,2018-06-09T17:00:00+08:00,111.0,327,2.6,31.1,0.66,985.3,-99,0.0,-99,-99,-99,臺中市,02,西屯區,125
24.182028,120.632861,西屯,C0F9T0,2018-06-09T18:00:00+08:00,111.0,318,2.4,30.0,0.72,985.9,-99,0.0,-99,-99,-99,臺中市,02,西屯區,125
24.182028,120.632861,西屯,C0F9T0,2018-06-09T19:00:00+08:00,111.0,337,1.6,28.9,0.77,986.4,-99,0.0,-99,-99,-99,臺中市,02,西屯區,125
24.182028,120.632861,西屯,C0F9T0,2018-06-09T20:00:00+08:00,111.0,323,1.6,28.2,0.8,987.1,-99,0.0,-99,-99,-99,臺中市,02,西屯區,125
24.182028,120.632861,西屯,C0F9T0,2018-06-09T21:00:00+08:00,111.0,321,1.2,28.3,0.8,987.3,-99,0.0,-99,-99,-99,臺中市,02,西屯區,125
24.182028,120.632861,西屯,C0F9T0,2018-06-09T22:00:00+08:00,111.0,291,1.0,28.4,0.8,987.9,-99,0.0,-99,-99,-99,臺中市,02,西屯區,125
24.182028,120.632861,西屯,C0F9T0,2018-06-09T23:00:00+08:00,111.0,210,1.2,29.0,0.77,987.9,-99,0.0,-99,-99,-99,臺中市,02,西屯區,125
24.182028,120.632861,西屯,C0F9T0,2018-06-10T00:00:00+08:00,111.0,204,1.0,28.8,0.78,987.6,-99,0.0,-99,-99,-99,臺中市,02,西屯區,125
24.182028,120.632861,西屯,C0F9T0,2018-06-10T01:00:00+08:00,111.0,204,1.8,28.8,0.77,987.2,-99,0.0,-99,-99,-99,臺中市,02,西屯區,125
24.182028,120.632861,西屯,C0F9T0,2018-06-10T02:00:00+08:00,111.0,205,1.4,28.6,0.79,987.0,-99,0.0,-99,-99,-99,臺中市,02,西屯區,125
24.182028,120.632861,西屯,C0F9T0,2018-06-10T03:00:00+08:00,111.0,211,1.4,28.4,0.8,987.0,-99,0.0,-99,-99,-99,臺中市,02,西屯區,125
24.182028,120.632861,西屯,C0F9T0,2018-06-10T04:00:00+08:00,111.0,207,0.8,28.7,0.79,986.6,-99,0.0,-99,-99,-99,臺中市,02,西屯區,125
24.182028,120.632861,西屯,C0F9T0,2018-06-10T05:00:00+08:00,111.0,192,0.9,28.4,0.8,986.6,-99,0.0,-99,-99,-99,臺中市,02,西屯區,125
24.182028,120.632861,西屯,C0F9T0,2018-06-10T06:00:00+08:00,111.0,207,1.3,28.5,0.77,986.8,-99,0.0,-99,-99,-99,臺中市,02,西屯區,125
24.182028,120.632861,西屯,C0F9T0,2018-06-10T07:00:00+08:00,111.0,201,1.7,28.7,0.75,987.1,-99,0.0,-99,-99,-99,臺中市,02,西屯區,125
24.182028,120.632861,西屯,C0F9T0,2018-06-10T08:00:00+08:00,111.0,201,1.2,30.4,0.67,987.5,-99,0.0,-99,-99,-99,臺中市,02,西屯區,125
24.182028,120.632861,西屯,C0F9T0,2018-06-10T09:00:00+08:00,111.0,184,1.4,31.0,0.66,987.9,-99,0.0,-99,-99,-99,臺中市,02,西屯區,125
24.182028,120.632861,西屯,C0F9T0,2018-06-10T10:00:00+08:00,111.0,224,1.8,31.6,0.62,987.7,-99,0.0,-99,-99,-99,臺中市,02,西屯區,125
24.182028,120.632861,西屯,C0F9T0,2018-06-10T11:00:00+08:00,111.0,297,1.3,32.1,0.63,987.5,-99,0.0,-99,-99,-99,臺中市,02,西屯區,125
24.182028,120.632861,西屯,C0F9T0,2018-06-10T12:00:00+08:00,111.0,303,2.6,32.2,0.61,987.0,-99,0.0,-99,-99,-99,臺中市,02,西屯區,125
24.182028,120.632861,西屯,C0F9T0,2018-06-10T13:00:00+08:00,111.0,311,3.8,31.8,0.64,986.3,-99,0.0,-99,-99,-99,臺中市,02,西屯區,125
24.182028,120.632861,西屯,C0F9T0,2018-06-10T14:00:00+08:00,111.0,322,3.7,31.8,0.64,985.8,-99,0.0,-99,-99,-99,臺中市,02,西屯區,125
24.182028,120.632861,西屯,C0F9T0,2018-06-10T15:00:00+08:00,111.0,316,3.4,31.2,0.66,985.8,-99,0.0,-99,-99,-99,臺中市,02,西屯區,125
24.182028,120.632861,西屯,C0F9T0,2018-06-10T17:00:00+08:00,111.0,186,1.6,29.8,0.72,985.8,-99,0.0,-99,-99,-99,臺中市,02,西屯區,125
24.182028,120.632861,西屯,C0F9T0,2018-06-10T18:00:00+08:00,111.0,180,0.7,29.6,0.69,986.1,-99,0.0,-99,-99,-99,臺中市,02,西屯區,125
24.182028,120.632861,西屯,C0F9T0,2018-06-10T19:00:00+08:00,111.0,204,1.1,29.6,0.68,986.9,-99,0.0,-99,-99,-99,臺中市,02,西屯區,125
24.182028,120.632861,西屯,C0F9T0,2018-06-10T20:00:00+08:00,111.0,166,1.7,29.7,0.68,987.3,-99,0.0,-99,-99,-99,臺中市,02,西屯區,125
24.182028,120.632861,西屯,C0F9T0,2018-06-10T21:00:00+08:00,111.0,191,0.5,29.7,0.69,987.4,-99,0.0,-99,-99,-99,臺中市,02,西屯區,125
24.182028,120.632861,西屯,C0F9T0,2018-06-10T22:00:00+08:00,111.0,300,0.9,29.0,0.73,987.7,-99,0.0,-99,-99,-99,臺中市,02,西屯區,125
24.182028,120.632861,西屯,C0F9T0,2018-06-10T23:00:00+08:00,111.0,296,0.5,28.4,0.78,987.3,-99,0.0,-99,-99,-99,臺中市,02,西屯區,125
24.182028,120.632861,西屯,C0F9T0,2018-06-11T00:00:00+08:00,111.0,315,1.0,28.0,0.8,986.7,-99,0.0,-99,-99,-99,臺中市,02,西屯區,125
24.182028,120.632861,西屯,C0F9T0,2018-06-11T07:00:00+08:00,111.0,323,1.8,26.8,0.91,986.6,-99,18.5,-99,-99,-99,臺中市,02,西屯區,125
24.182028,120.632861,西屯,C0F9T0,2018-06-11T09:00:00+08:00,111.0,349,1.9,26.0,0.95,987.8,-99,20.0,-99,-99,-99,臺中市,02,西屯區,125
24.182028,120.632861,西屯,C0F9T0,2018-06-11T10:00:00+08:00,111.0,326,2.5,26.0,0.9,988.3,-99,20.0,-99,-99,-99,臺中市,02,西屯區,125
24.182028,120.632861,西屯,C0F9T0,2018-06-11T11:00:00+08:00,111.0,331,2.8,26.5,0.85,988.4,-99,20.0,10.2,8,2018-06-11T10:45:00+08:00,臺中市,02,西屯區,125
24.182028,120.632861,西屯,C0F9T0,2018-06-11T12:00:00+08:00,111.0,350,1.9,27.5,0.79,988.1,-99,20.0,8.7,23,2018-06-11T11:30:00+08:00,臺中市,02,西屯區,125
24.182028,120.632861,西屯,C0F9T0,2018-06-11T13:00:00+08:00,111.0,311,3.5,27.6,0.77,987.9,-99,20.0,-99,-99,-99,臺中市,02,西屯區,125
24.182028,120.632861,西屯,C0F9T0,2018-06-11T14:00:00+08:00,111.0,318,3.1,28.9,0.73,987.5,-99,20.0,-99,-99,-99,臺中市,02,西屯區,125
24.182028,120.632861,西屯,C0F9T0,2018-06-11T15:00:00+08:00,111.0,313,2.4,29.0,0.72,987.8,-99,20.0,-99,-99,-99,臺中市,02,西屯區,125
24.182028,120.632861,西屯,C0F9T0,2018-06-11T16:00:00+08:00,111.0,22,1.9,29.4,0.67,987.3,-99,20.0,-99,-99,-99,臺中市,02,西屯區,125
24.182028,120.632861,西屯,C0F9T0,2018-06-11T17:00:00+08:00,111.0,332,2.9,29.0,0.67,987.4,-99,20.0,-99,-99,-99,臺中市,02,西屯區,125
24.182028,120.632861,西屯,C0F9T0,2018-06-11T18:00:00+08:00,111.0,324,2.0,28.2,0.71,987.8,-99,20.0,-99,-99,-99,臺中市,02,西屯區,125
24.182028,120.632861,西屯,C0F9T0,2018-06-11T19:00:00+08:00,111.0,328,1.9,28.1,0.72,988.0,-99,20.0,-99,-99,-99,臺中市,02,西屯區,125
24.182028,120.632861,西屯,C0F9T0,2018-06-11T20:00:00+08:00,111.0,327,1.4,26.7,0.77,988.7,-99,20.0,-99,-99,-99,臺中市,02,西屯區,125
24.182028,120.632861,西屯,C0F9T0,2018-06-11T21:00:00+08:00,111.0,337,1.4,27.3,0.72,989.2,-99,20.0,-99,-99,-99,臺中市,02,西屯區,125
24.182028,120.632861,西屯,C0F9T0,2018-06-11T22:00:00+08:00,111.0,0,0.2,27.6,0.71,990.1,-99,20.0,-99,-99,-99,臺中市,02,西屯區,125
24.182028,120.632861,西屯,C0F9T0,2018-06-11T23:00:00+08:00,111.0,305,0.8,27.7,0.69,990.3,-99,20.0,-99,-99,-99,臺中市,02,西屯區,125
24.182028,120.632861,西屯,C0F9T0,2018-06-12T02:00:00+08:00,111.0,329,0.6,26.9,0.71,989.2,-99,0.0,-99,-99,-99,臺中市,02,西屯區,125
24.182028,120.632861,西屯,C0F9T0,2018-06-12T03:00:00+08:00,111.0,320,2.0,26.2,0.73,989.2,-99,0.0,-99,-99,-99,臺中市,02,西屯區,125
24.182028,120.632861,西屯,C0F9T0,2018-06-12T04:00:00+08:00,111.0,336,1.9,25.2,0.74,989.5,-99,0.0,-99,-99,-99,臺中市,02,西屯區,125
24.182028,120.632861,西屯,C0F9T0,2018-06-12T05:00:00+08:00,111.0,304,1.4,25.4,0.62,989.8,-99,0.0,-99,-99,-99,臺中市,02,西屯區,125
24.182028,120.632861,西屯,C0F9T0,2018-06-12T06:00:00+08:00,111.0,314,0.8,25.5,0.58,990.4,-99,0.0,-99,-99,-99,臺中市,02,西屯區,125
24.182028,120.632861,西屯,C0F9T0,2018-06-12T07:00:00+08:00,111.0,315,0.7,26.3,0.59,990.8,-99,0.0,-99,-99,-99,臺中市,02,西屯區,125
24.182028,120.632861,西屯,C0F9T0,2018-06-12T08:00:00+08:00,111.0,310,0.8,27.8,0.61,990.9,-99,0.0,-99,-99,-99,臺中市,02,西屯區,125
24.182028,120.632861,西屯,C0F9T0,2018-06-12T10:00:00+08:00,111.0,308,1.1,30.3,0.62,991.2,-99,0.0,-99,-99,-99,臺中市,02,西屯區,125
24.182028,120.632861,西屯,C0F9T0,2018-06-12T11:00:00+08:00,111.0,157,2.0,32.0,0.57,990.8,-99,0.0,-99,-99,-99,臺中市,02,西屯區,125
24.182028,120.632861,西屯,C0F9T0,2018-06-12T12:00:00+08:00,111.0,314,2.2,31.3,0.55,990.2,-99,0.0,-99,-99,-99,臺中市,02,西屯區,125
24.182028,120.632861,西屯,C0F9T0,2018-06-12T14:00:00+08:00,111.0,321,3.0,31.4,0.54,989.2,-99,0.0,-99,-99,-99,臺中市,02,西屯區,125
24.182028,120.632861,西屯,C0F9T0,2018-06-12T15:00:00+08:00,111.0,327,3.0,31.3,0.53,988.7,-99,0.0,-99,-99,-99,臺中市,02,西屯區,125
24.182028,120.632861,西屯,C0F9T0,2018-06-12T16:00:00+08:00,111.0,332,2.4,31.0,0.51,988.4,-99,0.0,-99,-99,-99,臺中市,02,西屯區,125
24.182028,120.632861,西屯,C0F9T0,2018-06-12T17:00:00+08:00,111.0,18,1.6,31.2,0.5,988.1,-99,0.0,-99,-99,-99,臺中市,02,西屯區,125
24.182028,120.632861,西屯,C0F9T0,2018-06-13T08:00:00+08:00,111.0,334,1.2,29.5,0.61,988.0,-99,0.0,-99,-99,-99,臺中市,02,西屯區,125
24.182028,120.632861,西屯,C0F9T0,2018-06-13T09:00:00+08:00,111.0,333,1.7,30.1,0.56,987.8,-99,0.0,-99,-99,-99,臺中市,02,西屯區,125
24.182028,120.632861,西屯,C0F9T0,2018-06-13T10:00:00+08:00,111.0,320,1.0,30.7,0.52,987.5,-99,0.0,-99,-99,-99,臺中市,02,西屯區,125
24.182028,120.632861,西屯,C0F9T0,2018-06-13T11:00:00+08:00,111.0,312,2.8,31.5,0.51,986.9,-99,0.0,-99,-99,-99,臺中市,02,西屯區,125
24.182028,120.632861,西屯,C0F9T0,2018-06-13T12:00:00+08:00,111.0,317,2.7,31.8,0.49,986.5,-99,0.0,-99,-99,-99,臺中市,02,西屯區,125
24.182028,120.632861,西屯,C0F9T0,2018-06-13T13:00:00+08:00,111.0,317,3.3,32.1,0.48,985.6,-99,0.0,-99,-99,-99,臺中市,02,西屯區,125
24.182028,120.632861,西屯,C0F9T0,2018-06-13T14:00:00+08:00,111.0,296,4.1,32.3,0.47,984.9,-99,0.0,-99,-99,-99,臺中市,02,西屯區,125
24.182028,120.632861,西屯,C0F9T0,2018-06-13T15:00:00+08:00,111.0,297,2.9,31.8,0.48,984.7,-99,0.0,-99,-99,-99,臺中市,02,西屯區,125
24.182028,120.632861,西屯,C0F9T0,2018-06-13T16:00:00+08:00,111.0,314,1.7,31.4,0.52,984.2,-99,0.0,-99,-99,-99,臺中市,02,西屯區,125
24.182028,120.632861,西屯,C0F9T0,2018-06-13T17:00:00+08:00,111.0,339,2.7,30.8,0.51,984.2,-99,0.0,-99,-99,-99,臺中市,02,西屯區,125
24.182028,120.632861,西屯,C0F9T0,2018-06-13T18:00:00+08:00,111.0,323,0.9,30.6,0.54,984.2,-99,0.0,-99,-99,-99,臺中市,02,西屯區,125
24.182028,120.632861,西屯,C0F9T0,2018-06-13T19:00:00+08:00,111.0,299,1.0,30.7,0.5,984.5,-99,0.0,-99,-99,-99,臺中市,02,西屯區,125
24.182028,120.632861,西屯,C0F9T0,2018-06-13T20:00:00+08:00,111.0,0,0.1,30.9,0.47,984.6,-99,0.0,-99,-99,-99,臺中市,02,西屯區,125
24.182028,120.632861,西屯,C0F9T0,2018-06-13T21:00:00+08:00,111.0,303,0.3,30.6,0.52,985.1,-99,0.0,-99,-99,-99,臺中市,02,西屯區,125
24.182028,120.632861,西屯,C0F9T0,2018-06-13T22:00:00+08:00,111.0,205,1.0,29.9,0.61,985.3,-99,0.0,-99,-99,-99,臺中市,02,西屯區,125
24.182028,120.632861,西屯,C0F9T0,2018-06-13T23:00:00+08:00,111.0,164,1.6,29.6,0.61,985.3,-99,0.0,-99,-99,-99,臺中市,02,西屯區,125
24.182028,120.632861,西屯,C0F9T0,2018-06-14T00:00:00+08:00,111.0,209,1.0,29.3,0.63,984.9,-99,0.0,-99,-99,-99,臺中市,02,西屯區,125
24.182028,120.632861,西屯,C0F9T0,2018-06-14T01:00:00+08:00,111.0,211,0.6,29.1,0.64,984.3,-99,0.0,-99,-99,-99,臺中市,02,西屯區,125
24.182028,120.632861,西屯,C0F9T0,2018-06-14T02:00:00+08:00,111.0,211,0.8,28.6,0.67,984.1,-99,0.0,-99,-99,-99,臺中市,02,西屯區,125
24.182028,120.632861,西屯,C0F9T0,2018-06-14T03:00:00+08:00,111.0,175,0.9,28.6,0.67,984.0,-99,0.0,-99,-99,-99,臺中市,02,西屯區,125
24.182028,120.632861,西屯,C0F9T0,2018-06-14T04:00:00+08:00,111.0,200,0.5,28.6,0.7,983.8,-99,0.0,-99,-99,-99,臺中市,02,西屯區,125
24.182028,120.632861,西屯,C0F9T0,2018-06-14T05:00:00+08:00,111.0,156,1.6,28.5,0.68,983.6,-99,0.0,-99,-99,-99,臺中市,02,西屯區,125
24.182028,120.632861,西屯,C0F9T0,2018-06-14T06:00:00+08:00,111.0,198,0.3,28.6,0.68,983.7,-99,0.0,-99,-99,-99,臺中市,02,西屯區,125
24.182028,120.632861,西屯,C0F9T0,2018-06-14T07:00:00+08:00,111.0,235,0.4,28.9,0.68,984.2,-99,0.0,-99,-99,-99,臺中市,02,西屯區,125
24.182028,120.632861,西屯,C0F9T0,2018-06-14T08:00:00+08:00,111.0,323,0.8,29.5,0.65,984.3,-99,0.0,-99,-99,-99,臺中市,02,西屯區,125
24.182028,120.632861,西屯,C0F9T0,2018-06-14T09:00:00+08:00,111.0,322,2.0,30.2,0.64,984.1,-99,0.0,-99,-99,-99,臺中市,02,西屯區,125
24.182028,120.632861,西屯,C0F9T0,2018-06-14T10:00:00+08:00,111.0,354,2.6,30.5,0.61,984.0,-99,0.0,-99,-99,-99,臺中市,02,西屯區,125
24.182028,120.632861,西屯,C0F9T0,2018-06-14T11:00:00+08:00,111.0,332,3.3,31.1,0.6,983.7,-99,0.0,-99,-99,-99,臺中市,02,西屯區,125
24.182028,120.632861,西屯,C0F9T0,2018-06-14T12:00:00+08:00,111.0,310,3.3,31.0,0.65,983.0,-99,0.0,8.6,306,2018-06-14T11:55:00+08:00,臺中市,02,西屯區,125
24.182028,120.632861,西屯,C0F9T0,2018-06-14T13:00:00+08:00,111.0,347,3.8,31.2,0.65,982.5,-99,0.0,9.8,301,2018-06-14T12:34:00+08:00,臺中市,02,西屯區,125
24.182028,120.632861,西屯,C0F9T0,2018-06-14T14:00:00+08:00,111.0,312,3.0,30.6,0.68,982.0,-99,0.0,8.6,354,2018-06-14T13:18:00+08:00,臺中市,02,西屯區,125
24.182028,120.632861,西屯,C0F9T0,2018-06-14T15:00:00+08:00,111.0,323,3.3,29.7,0.71,981.8,-99,0.0,-99,-99,-99,臺中市,02,西屯區,125
24.182028,120.632861,西屯,C0F9T0,2018-06-14T16:00:00+08:00,111.0,329,1.8,29.4,0.71,981.5,-99,0.0,8.4,349,2018-06-14T15:22:00+08:00,臺中市,02,西屯區,125
24.182028,120.632861,西屯,C0F9T0,2018-06-14T17:00:00+08:00,111.0,351,1.9,28.9,0.72,981.5,-99,0.0,-99,-99,-99,臺中市,02,西屯區,125
24.182028,120.632861,西屯,C0F9T0,2018-06-14T18:00:00+08:00,111.0,329,2.5,28.1,0.74,981.4,-99,0.0,-99,-99,-99,臺中市,02,西屯區,125
24.182028,120.632861,西屯,C0F9T0,2018-06-14T19:00:00+08:00,111.0,313,2.2,27.1,0.79,982.0,-99,0.0,-99,-99,-99,臺中市,02,西屯區,125
24.182028,120.632861,西屯,C0F9T0,2018-06-14T20:00:00+08:00,111.0,341,2.0,26.5,0.81,982.7,-99,0.0,-99,-99,-99,臺中市,02,西屯區,125
24.182028,120.632861,西屯,C0F9T0,2018-06-14T21:00:00+08:00,111.0,342,1.7,26.5,0.8,983.2,-99,0.0,-99,-99,-99,臺中市,02,西屯區,125
24.182028,120.632861,西屯,C0F9T0,2018-06-14T22:00:00+08:00,111.0,309,1.4,26.8,0.79,982.7,-99,0.0,-99,-99,-99,臺中市,02,西屯區,125
24.182028,120.632861,西屯,C0F9T0,2018-06-14T23:00:00+08:00,111.0,319,2.1,26.7,0.81,982.8,-99,0.0,-99,-99,-99,臺中市,02,西屯區,125
24.182028,120.632861,西屯,C0F9T0,2018-06-15T00:00:00+08:00,111.0,217,1.3,27.2,0.79,983.8,-99,0.0,-99,-99,-99,臺中市,02,西屯區,125
24.182028,120.632861,西屯,C0F9T0,2018-06-15T01:00:00+08:00,111.0,256,0.4,26.8,0.83,983.4,-99,0.0,-99,-99,-99,臺中市,02,西屯區,125
24.182028,120.632861,西屯,C0F9T0,2018-06-15T02:00:00+08:00,111.0,327,1.6,25.5,0.89,982.7,-99,0.0,-99,-99,-99,臺中市,02,西屯區,125
24.182028,120.632861,西屯,C0F9T0,2018-06-15T03:00:00+08:00,111.0,10,1.1,26.1,0.84,982.3,-99,0.0,-99,-99,-99,臺中市,02,西屯區,125
24.182028,120.632861,西屯,C0F9T0,2018-06-15T04:00:00+08:00,111.0,289,2.5,26.1,0.84,982.4,-99,0.0,-99,-99,-99,臺中市,02,西屯區,125
24.182028,120.632861,西屯,C0F9T0,2018-06-15T05:00:00+08:00,111.0,326,2.1,24.9,0.88,982.3,-99,0.0,-99,-99,-99,臺中市,02,西屯區,125
24.182028,120.632861,西屯,C0F9T0,2018-06-15T06:00:00+08:00,111.0,351,1.9,24.7,0.9,982.4,-99,0.5,-99,-99,-99,臺中市,02,西屯區,125
24.182028,120.632861,西屯,C0F9T0,2018-06-15T07:00:00+08:00,111.0,338,3.4,25.0,0.87,982.5,-99,0.5,-99,-99,-99,臺中市,02,西屯區,125
24.182028,120.632861,西屯,C0F9T0,2018-06-15T08:00:00+08:00,111.0,353,2.2,25.6,0.85,983.0,-99,0.5,8.2,12,2018-06-15T07:41:00+08:00,臺中市,02,西屯區,125
24.182028,120.632861,西屯,C0F9T0,2018-06-15T09:00:00+08:00,111.0,328,2.5,26.6,0.78,983.4,-99,0.5,7.8,51,2018-06-15T08:07:00+08:00,臺中市,02,西屯區,125
24.182028,120.632861,西屯,C0F9T0,2018-06-15T10:00:00+08:00,111.0,337,2.1,27.7,0.75,983.6,-99,0.5,7.9,343,2018-06-15T09:43:00+08:00,臺中市,02,西屯區,125
24.182028,120.632861,西屯,C0F9T0,2018-06-15T11:00:00+08:00,111.0,353,3.8,29.5,0.64,983.6,-99,0.5,10.5,59,2018-06-15T10:55:00+08:00,臺中市,02,西屯區,125
24.182028,120.632861,西屯,C0F9T0,2018-06-15T12:00:00+08:00,111.0,342,4.1,29.2,0.66,983.5,-99,0.5,14.3,21,2018-06-15T11:13:00+08:00,臺中市,02,西屯區,125
24.182028,120.632861,西屯,C0F9T0,2018-06-15T13:00:00+08:00,111.0,345,4.3,29.6,0.64,983.4,-99,0.5,12.4,1,2018-06-15T12:49:00+08:00,臺中市,02,西屯區,125
24.182028,120.632861,西屯,C0F9T0,2018-06-15T14:00:00+08:00,111.0,337,3.7,30.1,0.57,983.4,-99,0.5,15.4,43,2018-06-15T13:20:00+08:00,臺中市,02,西屯區,125
24.182028,120.632861,西屯,C0F9T0,2018-06-15T15:00:00+08:00,111.0,356,4.3,29.8,0.6,983.6,-99,0.5,12.6,352,2018-06-15T14:48:00+08:00,臺中市,02,西屯區,125
24.182028,120.632861,西屯,C0F9T0,2018-06-15T16:00:00+08:00,111.0,328,2.8,29.6,0.59,984.2,-99,0.5,14.7,25,2018-06-15T15:10:00+08:00,臺中市,02,西屯區,125
24.182028,120.632861,西屯,C0F9T0,2018-06-15T17:00:00+08:00,111.0,327,3.1,29.5,0.61,985.1,-99,0.5,9.0,351,2018-06-15T16:57:00+08:00,臺中市,02,西屯區,125
24.182028,120.632861,西屯,C0F9T0,2018-06-15T18:00:00+08:00,111.0,337,3.2,28.3,0.62,985.7,-99,0.5,11.0,360,2018-06-15T17:56:00+08:00,臺中市,02,西屯區,125
24.182028,120.632861,西屯,C0F9T0,2018-06-15T19:00:00+08:00,111.0,337,2.3,27.2,0.67,986.7,-99,0.5,10.2,336,2018-06-15T18:01:00+08:00,臺中市,02,西屯區,125
24.182028,120.632861,西屯,C0F9T0,2018-06-15T20:00:00+08:00,111.0,345,2.5,26.7,0.7,987.5,-99,0.5,8.6,11,2018-06-15T19:40:00+08:00,臺中市,02,西屯區,125
24.182028,120.632861,西屯,C0F9T0,2018-06-15T21:00:00+08:00,111.0,316,1.3,26.4,0.73,988.4,-99,0.5,-99,-99,-99,臺中市,02,西屯區,125
24.182028,120.632861,西屯,C0F9T0,2018-06-15T22:00:00+08:00,111.0,329,2.0,25.8,0.75,989.3,-99,0.5,-99,-99,-99,臺中市,02,西屯區,125
24.182028,120.632861,西屯,C0F9T0,2018-06-15T23:00:00+08:00,111.0,329,2.3,25.7,0.74,989.2,-99,0.5,-99,-99,-99,臺中市,02,西屯區,125
24.182028,120.632861,西屯,C0F9T0,2018-06-16T00:00:00+08:00,111.0,335,2.2,25.7,0.73,989.0,-99,0.5,-99,-99,-99,臺中市,02,西屯區,125
24.182028,120.632861,西屯,C0F9T0,2018-06-16T01:00:00+08:00,111.0,24,1.7,26.2,0.68,988.6,-99,0.0,-99,-99,-99,臺中市,02,西屯區,125
24.182028,120.632861,西屯,C0F9T0,2018-06-16T02:00:00+08:00,111.0,318,2.3,26.2,0.65,988.4,-99,0.0,-99,-99,-99,臺中市,02,西屯區,125
24.182028,120.632861,西屯,C0F9T0,2018-06-16T03:00:00+08:00,111.0,340,2.7,25.0,0.76,988.6,-99,0.0,-99,-99,-99,臺中市,02,西屯區,125
24.182028,120.632861,西屯,C0F9T0,2018-06-16T04:00:00+08:00,111.0,33,1.6,25.2,0.72,988.5,-99,0.0,-99,-99,-99,臺中市,02,西屯區,125
24.182028,120.632861,西屯,C0F9T0,2018-06-16T05:00:00+08:00,111.0,3,2.1,25.0,0.71,988.5,-99,0.0,-99,-99,-99,臺中市,02,西屯區,125
24.182028,120.632861,西屯,C0F9T0,2018-06-16T06:00:00+08:00,111.0,360,1.4,25.3,0.68,989.2,-99,0.0,-99,-99,-99,臺中市,02,西屯區,125
24.182028,120.632861,西屯,C0F9T0,2018-06-16T07:00:00+08:00,111.0,334,1.9,26.2,0.61,989.6,-99,0.0,-99,-99,-99,臺中市,02,西屯區,125
24.182028,120.632861,西屯,C0F9T0,2018-06-16T08:00:00+08:00,111.0,336,2.5,27.3,0.59,989.9,-99,0.0,-99,-99,-99,臺中市,02,西屯區,125
24.182028,120.632861,西屯,C0F9T0,2018-06-16T09:00:00+08:00,111.0,336,2.9,28.4,0.54,990.3,-99,0.0,-99,-99,-99,臺中市,02,西屯區,125
24.182028,120.632861,西屯,C0F9T0,2018-06-16T10:00:00+08:00,111.0,329,2.5,30.0,0.48,990.6,-99,0.0,-99,-99,-99,臺中市,02,西屯區,125
24.182028,120.632861,西屯,C0F9T0,2018-06-16T11:00:00+08:00,111.0,339,2.7,31.4,0.46,990.7,-99,0.0,-99,-99,-99,臺中市,02,西屯區,125
24.182028,120.632861,西屯,C0F9T0,2018-06-16T12:00:00+08:00,111.0,329,3.0,31.8,0.46,990.5,-99,0.0,-99,-99,-99,臺中市,02,西屯區,125
24.182028,120.632861,西屯,C0F9T0,2018-06-16T13:00:00+08:00,111.0,316,4.1,31.0,0.54,990.1,-99,0.0,-99,-99,-99,臺中市,02,西屯區,125
24.182028,120.632861,西屯,C0F9T0,2018-06-16T14:00:00+08:00,111.0,320,3.3,31.8,0.55,989.5,-99,0.0,-99,-99,-99,臺中市,02,西屯區,125
24.182028,120.632861,西屯,C0F9T0,2018-06-16T15:00:00+08:00,111.0,317,3.7,31.4,0.57,989.1,-99,0.0,9.0,333,2018-06-16T14:22:00+08:00,臺中市,02,西屯區,125
24.182028,120.632861,西屯,C0F9T0,2018-06-16T16:00:00+08:00,111.0,328,3.0,30.8,0.61,989.1,-99,0.0,-99,-99,-99,臺中市,02,西屯區,125
24.182028,120.632861,西屯,C0F9T0,2018-06-16T17:00:00+08:00,111.0,333,3.1,29.2,0.68,989.2,-99,0.0,8.7,3,2018-06-16T16:22:00+08:00,臺中市,02,西屯區,125
24.182028,120.632861,西屯,C0F9T0,2018-06-16T18:00:00+08:00,111.0,317,2.2,28.7,0.71,989.6,-99,0.0,-99,-99,-99,臺中市,02,西屯區,125
24.182028,120.632861,西屯,C0F9T0,2018-06-16T19:00:00+08:00,111.0,311,1.7,28.4,0.7,990.1,-99,0.0,-99,-99,-99,臺中市,02,西屯區,125
24.182028,120.632861,西屯,C0F9T0,2018-06-16T20:00:00+08:00,111.0,267,0.8,28.6,0.68,990.9,-99,0.0,-99,-99,-99,臺中市,02,西屯區,125
24.182028,120.632861,西屯,C0F9T0,2018-06-16T21:00:00+08:00,111.0,207,1.6,26.2,0.93,991.7,-99,3.0,-99,-99,-99,臺中市,02,西屯區,125
24.182028,120.632861,西屯,C0F9T0,2018-06-16T22:00:00+08:00,111.0,301,0.9,25.3,0.96,992.0,-99,11.0,-99,-99,-99,臺中市,02,西屯區,125
24.182028,120.632861,西屯,C0F9T0,2018-06-16T23:00:00+08:00,111.0,291,0.9,25.6,0.96,991.8,-99,11.0,-99,-99,-99,臺中市,02,西屯區,125
24.182028,120.632861,西屯,C0F9T0,2018-06-17T00:00:00+08:00,111.0,329,0.8,25.4,0.92,991.5,-99,11.0,-99,-99,-99,臺中市,02,西屯區,125
24.182028,120.632861,西屯,C0F9T0,2018-06-17T01:00:00+08:00,111.0,55,1.3,25.3,0.91,991.1,-99,0.0,-99,-99,-99,臺中市,02,西屯區,125
24.182028,120.632861,西屯,C0F9T0,2018-06-17T02:00:00+08:00,111.0,326,0.8,25.5,0.9,990.4,-99,0.0,-99,-99,-99,臺中市,02,西屯區,125
24.182028,120.632861,西屯,C0F9T0,2018-06-17T03:00:00+08:00,111.0,335,1.2,25.7,0.89,990.2,-99,0.0,-99,-99,-99,臺中市,02,西屯區,125
24.182028,120.632861,西屯,C0F9T0,2018-06-17T04:00:00+08:00,111.0,324,1.1,25.8,0.9,990.4,-99,0.0,-99,-99,-99,臺中市,02,西屯區,125
24.182028,120.632861,西屯,C0F9T0,2018-06-17T05:00:00+08:00,111.0,329,1.1,26.0,0.89,990.2,-99,0.0,-99,-99,-99,臺中市,02,西屯區,125
24.182028,120.632861,西屯,C0F9T0,2018-06-17T06:00:00+08:00,111.0,349,1.0,26.1,0.86,990.5,-99,0.0,-99,-99,-99,臺中市,02,西屯區,125
24.182028,120.632861,西屯,C0F9T0,2018-06-17T07:00:00+08:00,111.0,338,0.7,27.0,0.82,991.3,-99,0.0,-99,-99,-99,臺中市,02,西屯區,125
24.182028,120.632861,西屯,C0F9T0,2018-06-17T08:00:00+08:00,111.0,20,1.3,27.9,0.76,991.4,-99,0.0,-99,-99,-99,臺中市,02,西屯區,125
24.182028,120.632861,西屯,C0F9T0,2018-06-17T09:00:00+08:00,111.0,86,1.1,30.1,0.65,991.5,-99,0.0,-99,-99,-99,臺中市,02,西屯區,125
24.182028,120.632861,西屯,C0F9T0,2018-06-17T10:00:00+08:00,111.0,233,1.1,31.5,0.59,991.6,-99,0.0,-99,-99,-99,臺中市,02,西屯區,125
24.182028,120.632861,西屯,C0F9T0,2018-06-17T11:00:00+08:00,111.0,211,1.4,32.0,0.56,991.3,-99,0.0,-99,-99,-99,臺中市,02,西屯區,125
24.182028,120.632861,西屯,C0F9T0,2018-06-17T12:00:00+08:00,111.0,310,2.0,30.8,0.65,990.9,-99,0.0,-99,-99,-99,臺中市,02,西屯區,125
24.182028,120.632861,西屯,C0F9T0,2018-06-17T13:00:00+08:00,111.0,295,2.9,30.3,0.68,990.5,-99,0.0,-99,-99,-99,臺中市,02,西屯區,125
24.182028,120.632861,西屯,C0F9T0,2018-06-17T14:00:00+08:00,111.0,286,1.9,30.9,0.65,990.0,-99,0.0,-99,-99,-99,臺中市,02,西屯區,125
24.182028,120.632861,西屯,C0F9T0,2018-06-17T15:00:00+08:00,111.0,318,0.5,26.8,0.88,990.4,-99,7.0,8.4,292,2018-06-17T14:23:00+08:00,臺中市,02,西屯區,125
24.182028,120.632861,西屯,C0F9T0,2018-06-17T16:00:00+08:00,111.0,315,1.0,26.1,0.92,990.2,-99,9.0,-99,-99,-99,臺中市,02,西屯區,125
24.182028,120.632861,西屯,C0F9T0,2018-06-17T17:00:00+08:00,111.0,316,1.8,26.8,0.87,990.1,-99,9.0,-99,-99,-99,臺中市,02,西屯區,125
24.182028,120.632861,西屯,C0F9T0,2018-06-17T18:00:00+08:00,111.0,62,0.9,26.9,0.88,990.3,-99,9.0,-99,-99,-99,臺中市,02,西屯區,125
24.182028,120.632861,西屯,C0F9T0,2018-06-17T19:00:00+08:00,111.0,348,1.0,25.9,0.93,990.8,-99,19.0,-99,-99,-99,臺中市,02,西屯區,125
24.182028,120.632861,西屯,C0F9T0,2018-06-17T20:00:00+08:00,111.0,0,0.1,26.2,0.93,991.0,-99,19.0,-99,-99,-99,臺中市,02,西屯區,125
24.182028,120.632861,西屯,C0F9T0,2018-06-17T21:00:00+08:00,111.0,223,0.4,26.7,0.91,991.3,-99,19.0,-99,-99,-99,臺中市,02,西屯區,125
24.182028,120.632861,西屯,C0F9T0,2018-06-17T22:00:00+08:00,111.0,224,0.6,26.8,0.86,991.4,-99,19.0,-99,-99,-99,臺中市,02,西屯區,125
24.182028,120.632861,西屯,C0F9T0,2018-06-18T00:00:00+08:00,111.0,0,0.2,26.5,0.88,990.6,-99,19.0,-99,-99,-99,臺中市,02,西屯區,125
24.182028,120.632861,西屯,C0F9T0,2018-06-18T01:00:00+08:00,111.0,324,0.4,26.1,0.9,990.8,-99,0.0,-99,-99,-99,臺中市,02,西屯區,125
24.182028,120.632861,西屯,C0F9T0,2018-06-18T02:00:00+08:00,111.0,258,0.4,26.3,0.9,990.7,-99,0.0,-99,-99,-99,臺中市,02,西屯區,125
24.182028,120.632861,西屯,C0F9T0,2018-06-18T03:00:00+08:00,111.0,182,0.9,27.1,0.83,990.2,-99,0.0,-99,-99,-99,臺中市,02,西屯區,125
24.182028,120.632861,西屯,C0F9T0,2018-06-18T04:00:00+08:00,111.0,199,0.7,26.7,0.84,990.4,-99,0.0,-99,-99,-99,臺中市,02,西屯區,125
24.182028,120.632861,西屯,C0F9T0,2018-06-18T05:00:00+08:00,111.0,171,1.0,27.1,0.79,990.2,-99,0.0,-99,-99,-99,臺中市,02,西屯區,125
24.182028,120.632861,西屯,C0F9T0,2018-06-18T06:00:00+08:00,111.0,301,0.7,26.9,0.82,990.1,-99,0.0,-99,-99,-99,臺中市,02,西屯區,125
24.182028,120.632861,西屯,C0F9T0,2018-06-18T07:00:00+08:00,111.0,291,0.5,27.6,0.79,990.3,-99,0.0,-99,-99,-99,臺中市,02,西屯區,125
24.182028,120.632861,西屯,C0F9T0,2018-06-18T08:00:00+08:00,111.0,209,1.3,28.3,0.76,991.3,-99,0.0,-99,-99,-99,臺中市,02,西屯區,125
24.182028,120.632861,西屯,C0F9T0,2018-06-18T09:00:00+08:00,111.0,206,1.9,26.4,0.87,992.2,-99,1.0,8.2,226,2018-06-18T08:22:00+08:00,臺中市,02,西屯區,125
24.182028,120.632861,西屯,C0F9T0,2018-06-18T10:00:00+08:00,111.0,147,1.0,27.4,0.84,991.5,-99,1.5,-99,-99,-99,臺中市,02,西屯區,125
24.182028,120.632861,西屯,C0F9T0,2018-06-18T11:00:00+08:00,111.0,176,0.9,29.2,0.72,991.3,-99,1.5,-99,-99,-99,臺中市,02,西屯區,125
24.182028,120.632861,西屯,C0F9T0,2018-06-18T12:00:00+08:00,111.0,191,0.7,29.4,0.71,990.7,-99,1.5,-99,-99,-99,臺中市,02,西屯區,125
24.182028,120.632861,西屯,C0F9T0,2018-06-18T13:00:00+08:00,111.0,237,0.5,29.5,0.72,989.8,-99,1.5,-99,-99,-99,臺中市,02,西屯區,125
24.182028,120.632861,西屯,C0F9T0,2018-06-18T14:00:00+08:00,111.0,210,0.6,28.5,0.78,990.0,-99,1.5,-99,-99,-99,臺中市,02,西屯區,125
24.182028,120.632861,西屯,C0F9T0,2018-06-18T15:00:00+08:00,111.0,294,0.8,27.4,0.84,989.7,-99,2.5,-99,-99,-99,臺中市,02,西屯區,125
24.182028,120.632861,西屯,C0F9T0,2018-06-18T16:00:00+08:00,111.0,160,1.3,26.6,0.89,989.9,-99,5.0,-99,-99,-99,臺中市,02,西屯區,125
24.182028,120.632861,西屯,C0F9T0,2018-06-18T17:00:00+08:00,111.0,160,1.5,26.8,0.87,989.9,-99,5.5,-99,-99,-99,臺中市,02,西屯區,125
24.182028,120.632861,西屯,C0F9T0,2018-06-18T18:00:00+08:00,111.0,181,2.0,25.5,0.91,990.2,-99,7.0,8.1,221,2018-06-18T17:30:00+08:00,臺中市,02,西屯區,125
24.182028,120.632861,西屯,C0F9T0,2018-06-18T19:00:00+08:00,111.0,203,1.2,26.3,0.88,990.2,-99,7.5,-99,-99,-99,臺中市,02,西屯區,125
24.182028,120.632861,西屯,C0F9T0,2018-06-18T20:00:00+08:00,111.0,198,1.1,27.3,0.8,990.7,-99,7.5,-99,-99,-99,臺中市,02,西屯區,125
24.182028,120.632861,西屯,C0F9T0,2018-06-18T21:00:00+08:00,111.0,212,0.8,27.2,0.83,991.2,-99,7.5,-99,-99,-99,臺中市,02,西屯區,125
24.182028,120.632861,西屯,C0F9T0,2018-06-18T22:00:00+08:00,111.0,184,1.0,27.6,0.78,991.3,-99,7.5,-99,-99,-99,臺中市,02,西屯區,125
24.182028,120.632861,西屯,C0F9T0,2018-06-18T23:00:00+08:00,111.0,180,1.2,27.6,0.76,991.1,-99,7.5,-99,-99,-99,臺中市,02,西屯區,125
24.182028,120.632861,西屯,C0F9T0,2018-06-19T00:00:00+08:00,111.0,198,1.7,27.2,0.77,990.8,-99,7.5,-99,-99,-99,臺中市,02,西屯區,125
24.182028,120.632861,西屯,C0F9T0,2018-06-19T01:00:00+08:00,111.0,164,1.8,27.3,0.73,990.3,-99,0.0,-99,-99,-99,臺中市,02,西屯區,125
24.182028,120.632861,西屯,C0F9T0,2018-06-19T02:00:00+08:00,111.0,166,1.4,27.4,0.72,989.6,-99,0.0,-99,-99,-99,臺中市,02,西屯區,125
24.182028,120.632861,西屯,C0F9T0,2018-06-19T03:00:00+08:00,111.0,191,2.3,26.8,0.75,990.3,-99,0.0,-99,-99,-99,臺中市,02,西屯區,125
24.182028,120.632861,西屯,C0F9T0,2018-06-19T04:00:00+08:00,111.0,188,2.0,26.6,0.78,990.9,-99,0.5,7.6,205,2018-06-19T03:43:00+08:00,臺中市,02,西屯區,125
24.182028,120.632861,西屯,C0F9T0,2018-06-19T05:00:00+08:00,111.0,157,2.5,24.8,0.93,991.5,-99,6.0,8.5,217,2018-06-19T04:06:00+08:00,臺中市,02,西屯區,125
24.182028,120.632861,西屯,C0F9T0,2018-06-19T06:00:00+08:00,111.0,151,2.3,25.3,0.91,991.2,-99,6.5,8.8,156,2018-06-19T05:15:00+08:00,臺中市,02,西屯區,125
24.182028,120.632861,西屯,C0F9T0,2018-06-19T07:00:00+08:00,111.0,168,1.4,26.4,0.85,991.7,-99,6.5,-99,-99,-99,臺中市,02,西屯區,125
24.182028,120.632861,西屯,C0F9T0,2018-06-19T08:00:00+08:00,111.0,172,2.3,26.7,0.82,992.2,-99,6.5,-99,-99,-99,臺中市,02,西屯區,125
24.182028,120.632861,西屯,C0F9T0,2018-06-19T09:00:00+08:00,111.0,162,2.3,25.1,0.92,992.7,-99,9.5,8.2,157,2018-06-19T08:59:00+08:00,臺中市,02,西屯區,125
24.182028,120.632861,西屯,C0F9T0,2018-06-19T10:00:00+08:00,111.0,176,1.9,24.6,0.94,993.2,-99,16.5,-99,-99,-99,臺中市,02,西屯區,125
24.182028,120.632861,西屯,C0F9T0,2018-06-19T11:00:00+08:00,111.0,161,1.0,25.0,0.94,993.2,-99,18.0,7.9,167,2018-06-19T10:24:00+08:00,臺中市,02,西屯區,125
24.182028,120.632861,西屯,C0F9T0,2018-06-19T12:00:00+08:00,111.0,156,2.9,24.8,0.94,992.8,-99,22.5,-99,-99,-99,臺中市,02,西屯區,125
24.182028,120.632861,西屯,C0F9T0,2018-06-19T13:00:00+08:00,111.0,165,2.4,24.9,0.95,992.6,-99,27.0,7.7,136,2018-06-19T12:44:00+08:00,臺中市,02,西屯區,125
24.182028,120.632861,西屯,C0F9T0,2018-06-19T14:00:00+08:00,111.0,171,1.1,25.3,0.93,992.3,-99,27.5,-99,-99,-99,臺中市,02,西屯區,125
24.182028,120.632861,西屯,C0F9T0,2018-06-19T16:00:00+08:00,111.0,206,1.7,24.3,0.96,992.3,-99,48.0,-99,-99,-99,臺中市,02,西屯區,125
24.182028,120.632861,西屯,C0F9T0,2018-06-19T17:00:00+08:00,111.0,162,2.1,24.9,0.95,992.5,-99,48.5,-99,-99,-99,臺中市,02,西屯區,125
24.182028,120.632861,西屯,C0F9T0,2018-06-19T18:00:00+08:00,111.0,173,1.0,25.5,0.93,993.0,-99,48.5,-99,-99,-99,臺中市,02,西屯區,125
24.182028,120.632861,西屯,C0F9T0,2018-06-19T19:00:00+08:00,111.0,156,1.2,25.8,0.89,993.4,-99,48.5,-99,-99,-99,臺中市,02,西屯區,125
24.182028,120.632861,西屯,C0F9T0,2018-06-19T20:00:00+08:00,111.0,159,1.6,26.0,0.86,993.9,-99,48.5,-99,-99,-99,臺中市,02,西屯區,125
24.182028,120.632861,西屯,C0F9T0,2018-06-19T21:00:00+08:00,111.0,151,1.6,25.8,0.88,994.3,-99,49.0,-99,-99,-99,臺中市,02,西屯區,125
24.182028,120.632861,西屯,C0F9T0,2018-06-19T22:00:00+08:00,111.0,172,0.9,25.5,0.88,994.5,-99,50.0,-99,-99,-99,臺中市,02,西屯區,125
24.182028,120.632861,西屯,C0F9T0,2018-06-19T23:00:00+08:00,111.0,160,2.5,24.7,0.93,994.4,-99,52.0,-99,-99,-99,臺中市,02,西屯區,125
24.182028,120.632861,西屯,C0F9T0,2018-06-20T00:00:00+08:00,111.0,158,1.7,25.1,0.91,993.8,-99,52.0,-99,-99,-99,臺中市,02,西屯區,125
24.182028,120.632861,西屯,C0F9T0,2018-06-20T01:00:00+08:00,111.0,160,1.1,25.6,0.87,993.0,-99,0.0,-99,-99,-99,臺中市,02,西屯區,125
24.182028,120.632861,西屯,C0F9T0,2018-06-20T02:00:00+08:00,111.0,272,0.3,25.0,0.91,992.4,-99,0.0,-99,-99,-99,臺中市,02,西屯區,125
24.182028,120.632861,西屯,C0F9T0,2018-06-20T03:00:00+08:00,111.0,208,2.2,24.8,0.93,992.3,-99,0.0,-99,-99,-99,臺中市,02,西屯區,125
24.182028,120.632861,西屯,C0F9T0,2018-06-20T04:00:00+08:00,111.0,190,1.0,25.8,0.84,992.7,-99,0.0,-99,-99,-99,臺中市,02,西屯區,125
24.182028,120.632861,西屯,C0F9T0,2018-06-20T05:00:00+08:00,111.0,158,1.8,25.8,0.83,992.8,-99,0.0,-99,-99,-99,臺中市,02,西屯區,125
24.182028,120.632861,西屯,C0F9T0,2018-06-20T06:00:00+08:00,111.0,153,2.4,25.8,0.83,993.3,-99,0.0,-99,-99,-99,臺中市,02,西屯區,125
24.182028,120.632861,西屯,C0F9T0,2018-06-20T07:00:00+08:00,111.0,176,0.7,25.5,0.86,993.9,-99,0.5,-99,-99,-99,臺中市,02,西屯區,125
24.182028,120.632861,西屯,C0F9T0,2018-06-20T08:00:00+08:00,111.0,156,1.6,24.9,0.9,994.2,-99,2.0,-99,-99,-99,臺中市,02,西屯區,125
24.182028,120.632861,西屯,C0F9T0,2018-06-20T09:00:00+08:00,111.0,171,1.6,25.1,0.9,994.5,-99,2.5,-99,-99,-99,臺中市,02,西屯區,125
24.182028,120.632861,西屯,C0F9T0,2018-06-20T10:00:00+08:00,111.0,146,2.4,24.3,0.96,994.4,-99,22.0,-99,-99,-99,臺中市,02,西屯區,125
24.182028,120.632861,西屯,C0F9T0,2018-06-20T11:00:00+08:00,111.0,149,2.3,24.5,0.98,994.5,-99,37.5,7.9,171,2018-06-20T10:10:00+08:00,臺中市,02,西屯區,125
24.182028,120.632861,西屯,C0F9T0,2018-06-20T12:00:00+08:00,111.0,159,2.6,24.6,0.96,994.5,-99,42.0,-99,-99,-99,臺中市,02,西屯區,125
24.182028,120.632861,西屯,C0F9T0,2018-06-20T13:00:00+08:00,111.0,117,1.7,24.4,0.97,994.0,-99,53.5,-99,-99,-99,臺中市,02,西屯區,125
24.182028,120.632861,西屯,C0F9T0,2018-06-20T14:00:00+08:00,111.0,146,1.0,24.7,0.97,993.6,-99,59.5,-99,-99,-99,臺中市,02,西屯區,125
24.182028,120.632861,西屯,C0F9T0,2018-06-20T15:00:00+08:00,111.0,159,1.7,25.6,0.93,993.0,-99,60.0,-99,-99,-99,臺中市,02,西屯區,125
24.182028,120.632861,西屯,C0F9T0,2018-06-20T16:00:00+08:00,111.0,159,2.0,26.9,0.82,992.6,-99,60.0,-99,-99,-99,臺中市,02,西屯區,125
24.182028,120.632861,西屯,C0F9T0,2018-06-20T17:00:00+08:00,111.0,159,1.3,28.1,0.76,992.2,-99,60.0,-99,-99,-99,臺中市,02,西屯區,125
24.182028,120.632861,西屯,C0F9T0,2018-06-20T18:00:00+08:00,111.0,177,1.2,28.2,0.75,992.6,-99,60.0,-99,-99,-99,臺中市,02,西屯區,125
24.182028,120.632861,西屯,C0F9T0,2018-06-20T19:00:00+08:00,111.0,181,1.2,27.8,0.8,993.4,-99,60.0,-99,-99,-99,臺中市,02,西屯區,125
24.182028,120.632861,西屯,C0F9T0,2018-06-20T20:00:00+08:00,111.0,169,2.3,27.8,0.78,993.0,-99,60.0,-99,-99,-99,臺中市,02,西屯區,125
24.182028,120.632861,西屯,C0F9T0,2018-06-20T21:00:00+08:00,111.0,214,1.7,27.2,0.81,993.1,-99,60.0,-99,-99,-99,臺中市,02,西屯區,125
24.182028,120.632861,西屯,C0F9T0,2018-06-20T22:00:00+08:00,111.0,201,1.7,26.6,0.86,994.0,-99,60.0,-99,-99,-99,臺中市,02,西屯區,125
24.182028,120.632861,西屯,C0F9T0,2018-06-20T23:00:00+08:00,111.0,192,1.2,26.7,0.84,995.2,-99,60.0,-99,-99,-99,臺中市,02,西屯區,125
24.182028,120.632861,西屯,C0F9T0,2018-06-21T01:00:00+08:00,111.0,0,0.1,25.6,0.9,994.7,-99,2.0,-99,-99,-99,臺中市,02,西屯區,125
24.182028,120.632861,西屯,C0F9T0,2018-06-21T02:00:00+08:00,111.0,133,1.0,25.4,0.93,994.0,-99,2.0,-99,-99,-99,臺中市,02,西屯區,125
24.182028,120.632861,西屯,C0F9T0,2018-06-21T03:00:00+08:00,111.0,156,1.9,25.3,0.92,993.9,-99,2.0,-99,-99,-99,臺中市,02,西屯區,125
24.182028,120.632861,西屯,C0F9T0,2018-06-21T04:00:00+08:00,111.0,177,1.5,25.6,0.89,993.6,-99,2.0,-99,-99,-99,臺中市,02,西屯區,125
24.182028,120.632861,西屯,C0F9T0,2018-06-21T05:00:00+08:00,111.0,176,1.3,25.9,0.85,993.2,-99,2.0,-99,-99,-99,臺中市,02,西屯區,125
24.182028,120.632861,西屯,C0F9T0,2018-06-21T06:00:00+08:00,111.0,291,1.2,25.2,0.91,993.7,-99,2.0,-99,-99,-99,臺中市,02,西屯區,125
24.182028,120.632861,西屯,C0F9T0,2018-06-21T07:00:00+08:00,111.0,162,1.0,26.6,0.83,994.4,-99,2.0,-99,-99,-99,臺中市,02,西屯區,125
24.182028,120.632861,西屯,C0F9T0,2018-06-21T08:00:00+08:00,111.0,162,1.6,27.7,0.78,994.9,-99,2.0,-99,-99,-99,臺中市,02,西屯區,125
24.182028,120.632861,西屯,C0F9T0,2018-06-21T09:00:00+08:00,111.0,171,1.7,29.1,0.75,994.7,-99,2.0,-99,-99,-99,臺中市,02,西屯區,125
24.182028,120.632861,西屯,C0F9T0,2018-06-21T10:00:00+08:00,111.0,186,2.6,30.4,0.7,994.9,-99,2.0,-99,-99,-99,臺中市,02,西屯區,125
24.182028,120.632861,西屯,C0F9T0,2018-06-21T11:00:00+08:00,111.0,204,1.8,30.4,0.7,995.1,-99,2.0,7.6,212,2018-06-21T10:11:00+08:00,臺中市,02,西屯區,125
24.182028,120.632861,西屯,C0F9T0,2018-06-21T12:00:00+08:00,111.0,201,1.8,30.8,0.67,994.7,-99,2.0,7.5,184,2018-06-21T11:54:00+08:00,臺中市,02,西屯區,125
24.182028,120.632861,西屯,C0F9T0,2018-06-21T13:00:00+08:00,111.0,222,1.8,31.1,0.68,994.4,-99,2.0,-99,-99,-99,臺中市,02,西屯區,125
24.182028,120.632861,西屯,C0F9T0,2018-06-21T14:00:00+08:00,111.0,255,1.8,31.1,0.7,993.4,-99,2.0,-99,-99,-99,臺中市,02,西屯區,125
24.182028,120.632861,西屯,C0F9T0,2018-06-21T15:00:00+08:00,111.0,202,1.8,30.9,0.7,993.0,-99,2.0,-99,-99,-99,臺中市,02,西屯區,125
24.182028,120.632861,西屯,C0F9T0,2018-06-21T16:00:00+08:00,111.0,160,2.6,28.7,0.81,993.5,-99,6.5,-99,-99,-99,臺中市,02,西屯區,125
24.182028,120.632861,西屯,C0F9T0,2018-06-21T17:00:00+08:00,111.0,174,1.1,28.6,0.81,993.7,-99,6.5,-99,-99,-99,臺中市,02,西屯區,125
24.182028,120.632861,西屯,C0F9T0,2018-06-21T18:00:00+08:00,111.0,209,0.8,27.5,0.84,993.7,-99,7.0,-99,-99,-99,臺中市,02,西屯區,125
24.182028,120.632861,西屯,C0F9T0,2018-06-21T19:00:00+08:00,111.0,171,1.1,28.0,0.85,994.2,-99,7.0,-99,-99,-99,臺中市,02,西屯區,125
24.182028,120.632861,西屯,C0F9T0,2018-06-21T20:00:00+08:00,111.0,150,1.0,28.4,0.8,994.3,-99,7.0,-99,-99,-99,臺中市,02,西屯區,125
24.182028,120.632861,西屯,C0F9T0,2018-06-21T21:00:00+08:00,111.0,177,0.3,28.5,0.78,994.5,-99,7.0,-99,-99,-99,臺中市,02,西屯區,125
24.182028,120.632861,西屯,C0F9T0,2018-06-21T22:00:00+08:00,111.0,298,0.8,27.7,0.84,994.5,-99,7.0,-99,-99,-99,臺中市,02,西屯區,125
24.182028,120.632861,西屯,C0F9T0,2018-06-21T23:00:00+08:00,111.0,209,0.8,27.7,0.83,994.4,-99,7.0,-99,-99,-99,臺中市,02,西屯區,125
24.182028,120.632861,西屯,C0F9T0,2018-06-22T00:00:00+08:00,111.0,207,0.7,27.5,0.83,994.8,-99,7.0,-99,-99,-99,臺中市,02,西屯區,125
24.182028,120.632861,西屯,C0F9T0,2018-06-22T01:00:00+08:00,111.0,155,0.8,27.4,0.82,994.7,-99,0.0,-99,-99,-99,臺中市,02,西屯區,125
24.182028,120.632861,西屯,C0F9T0,2018-06-22T02:00:00+08:00,111.0,0,0.2,27.0,0.83,994.0,-99,0.0,-99,-99,-99,臺中市,02,西屯區,125
24.182028,120.632861,西屯,C0F9T0,2018-06-22T03:00:00+08:00,111.0,287,0.3,26.4,0.87,994.0,-99,0.0,-99,-99,-99,臺中市,02,西屯區,125
24.182028,120.632861,西屯,C0F9T0,2018-06-22T04:00:00+08:00,111.0,0,0.1,26.2,0.88,993.9,-99,0.0,-99,-99,-99,臺中市,02,西屯區,125
24.182028,120.632861,西屯,C0F9T0,2018-06-22T05:00:00+08:00,111.0,303,0.6,25.8,0.88,994.3,-99,0.0,-99,-99,-99,臺中市,02,西屯區,125
24.182028,120.632861,西屯,C0F9T0,2018-06-22T06:00:00+08:00,111.0,0,0.0,26.0,0.89,994.5,-99,0.0,-99,-99,-99,臺中市,02,西屯區,125
24.182028,120.632861,西屯,C0F9T0,2018-06-22T07:00:00+08:00,111.0,228,0.5,27.2,0.82,995.0,-99,0.0,-99,-99,-99,臺中市,02,西屯區,125
24.182028,120.632861,西屯,C0F9T0,2018-06-22T08:00:00+08:00,111.0,201,1.8,28.7,0.72,995.3,-99,0.0,-99,-99,-99,臺中市,02,西屯區,125
24.182028,120.632861,西屯,C0F9T0,2018-06-22T09:00:00+08:00,111.0,204,1.8,29.6,0.71,995.5,-99,0.0,-99,-99,-99,臺中市,02,西屯區,125
24.182028,120.632861,西屯,C0F9T0,2018-06-22T10:00:00+08:00,111.0,230,1.0,29.9,0.72,995.6,-99,0.0,-99,-99,-99,臺中市,02,西屯區,125
24.182028,120.632861,西屯,C0F9T0,2018-06-22T11:00:00+08:00,111.0,212,2.3,30.6,0.68,995.5,-99,0.0,8.0,187,2018-06-22T10:55:00+08:00,臺中市,02,西屯區,125
24.182028,120.632861,西屯,C0F9T0,2018-06-22T12:00:00+08:00,111.0,297,2.3,30.4,0.76,995.0,-99,0.0,-99,-99,-99,臺中市,02,西屯區,125
24.182028,120.632861,西屯,C0F9T0,2018-06-22T13:00:00+08:00,111.0,269,2.8,29.3,0.8,994.8,-99,1.0,8.1,244,2018-06-22T12:59:00+08:00,臺中市,02,西屯區,125
24.182028,120.632861,西屯,C0F9T0,2018-06-22T14:00:00+08:00,111.0,275,2.0,29.3,0.74,994.3,-99,1.0,8.7,205,2018-06-22T13:16:00+08:00,臺中市,02,西屯區,125
24.182028,120.632861,西屯,C0F9T0,2018-06-22T15:00:00+08:00,111.0,158,1.8,27.6,0.88,994.2,-99,13.5,10.3,165,2018-06-22T14:09:00+08:00,臺中市,02,西屯區,125
24.182028,120.632861,西屯,C0F9T0,2018-06-22T16:00:00+08:00,111.0,158,2.0,28.8,0.76,993.7,-99,13.5,-99,-99,-99,臺中市,02,西屯區,125
24.182028,120.632861,西屯,C0F9T0,2018-06-22T18:00:00+08:00,111.0,206,0.9,29.1,0.77,993.9,-99,13.5,-99,-99,-99,臺中市,02,西屯區,125
24.182028,120.632861,西屯,C0F9T0,2018-06-22T19:00:00+08:00,111.0,202,1.2,28.5,0.77,994.8,-99,13.5,-99,-99,-99,臺中市,02,西屯區,125
24.182028,120.632861,西屯,C0F9T0,2018-06-22T20:00:00+08:00,111.0,205,1.6,28.3,0.77,995.4,-99,13.5,-99,-99,-99,臺中市,02,西屯區,125
24.182028,120.632861,西屯,C0F9T0,2018-06-22T21:00:00+08:00,111.0,203,1.2,28.1,0.8,996.1,-99,13.5,-99,-99,-99,臺中市,02,西屯區,125
24.182028,120.632861,西屯,C0F9T0,2018-06-22T22:00:00+08:00,111.0,168,1.9,28.0,0.8,996.2,-99,13.5,-99,-99,-99,臺中市,02,西屯區,125
24.182028,120.632861,西屯,C0F9T0,2018-06-22T23:00:00+08:00,111.0,175,1.3,27.9,0.8,996.0,-99,13.5,-99,-99,-99,臺中市,02,西屯區,125
24.182028,120.632861,西屯,C0F9T0,2018-06-23T00:00:00+08:00,111.0,170,1.3,28.0,0.78,995.5,-99,13.5,-99,-99,-99,臺中市,02,西屯區,125
24.182028,120.632861,西屯,C0F9T0,2018-06-23T01:00:00+08:00,111.0,303,0.3,27.6,0.81,994.7,-99,0.0,-99,-99,-99,臺中市,02,西屯區,125
24.182028,120.632861,西屯,C0F9T0,2018-06-23T02:00:00+08:00,111.0,204,0.9,26.5,0.86,994.5,-99,0.0,-99,-99,-99,臺中市,02,西屯區,125
24.182028,120.632861,西屯,C0F9T0,2018-06-23T03:00:00+08:00,111.0,202,1.2,26.6,0.83,994.2,-99,0.0,-99,-99,-99,臺中市,02,西屯區,125
24.182028,120.632861,西屯,C0F9T0,2018-06-23T04:00:00+08:00,111.0,211,0.6,26.6,0.82,994.1,-99,0.0,-99,-99,-99,臺中市,02,西屯區,125
24.182028,120.632861,西屯,C0F9T0,2018-06-23T05:00:00+08:00,111.0,300,0.4,26.0,0.85,994.5,-99,0.0,-99,-99,-99,臺中市,02,西屯區,125
24.182028,120.632861,西屯,C0F9T0,2018-06-23T06:00:00+08:00,111.0,292,0.4,25.9,0.87,994.6,-99,0.0,-99,-99,-99,臺中市,02,西屯區,125
24.182028,120.632861,西屯,C0F9T0,2018-06-23T07:00:00+08:00,111.0,205,1.2,27.2,0.78,995.2,-99,0.0,-99,-99,-99,臺中市,02,西屯區,125
24.182028,120.632861,西屯,C0F9T0,2018-06-23T08:00:00+08:00,111.0,202,2.2,28.8,0.72,995.8,-99,0.0,-99,-99,-99,臺中市,02,西屯區,125
24.182028,120.632861,西屯,C0F9T0,2018-06-23T09:00:00+08:00,111.0,201,1.8,30.5,0.67,995.9,-99,0.0,-99,-99,-99,臺中市,02,西屯區,125
24.182028,120.632861,西屯,C0F9T0,2018-06-23T10:00:00+08:00,111.0,197,2.5,30.5,0.68,996.3,-99,0.0,-99,-99,-99,臺中市,02,西屯區,125
24.182028,120.632861,西屯,C0F9T0,2018-06-23T11:00:00+08:00,111.0,201,3.5,31.1,0.65,996.3,-99,0.0,-99,-99,-99,臺中市,02,西屯區,125
24.182028,120.632861,西屯,C0F9T0,2018-06-23T12:00:00+08:00,111.0,205,2.9,31.9,0.59,995.8,-99,0.0,-99,-99,-99,臺中市,02,西屯區,125
24.182028,120.632861,西屯,C0F9T0,2018-06-23T13:00:00+08:00,111.0,222,2.1,31.9,0.65,995.5,-99,0.0,7.2,189,2018-06-23T12:32:00+08:00,臺中市,02,西屯區,125
24.182028,120.632861,西屯,C0F9T0,2018-06-23T14:00:00+08:00,111.0,222,1.5,29.4,0.8,995.1,-99,1.0,7.6,221,2018-06-23T13:30:00+08:00,臺中市,02,西屯區,125
24.182028,120.632861,西屯,C0F9T0,2018-06-23T15:00:00+08:00,111.0,256,2.0,29.8,0.71,995.7,-99,1.0,-99,-99,-99,臺中市,02,西屯區,125
24.182028,120.632861,西屯,C0F9T0,2018-06-23T16:00:00+08:00,111.0,248,1.5,29.7,0.71,995.2,-99,1.0,-99,-99,-99,臺中市,02,西屯區,125
24.182028,120.632861,西屯,C0F9T0,2018-06-23T17:00:00+08:00,111.0,275,1.2,29.2,0.75,995.3,-99,1.0,-99,-99,-99,臺中市,02,西屯區,125
24.182028,120.632861,西屯,C0F9T0,2018-06-23T18:00:00+08:00,111.0,286,0.7,28.9,0.76,995.8,-99,1.0,-99,-99,-99,臺中市,02,西屯區,125
24.182028,120.632861,西屯,C0F9T0,2018-06-23T19:00:00+08:00,111.0,232,1.3,28.5,0.78,995.7,-99,1.0,-99,-99,-99,臺中市,02,西屯區,125
24.182028,120.632861,西屯,C0F9T0,2018-06-23T20:00:00+08:00,111.0,207,2.1,28.1,0.8,995.8,-99,1.0,-99,-99,-99,臺中市,02,西屯區,125
24.182028,120.632861,西屯,C0F9T0,2018-06-23T21:00:00+08:00,111.0,179,1.0,28.2,0.75,996.3,-99,1.0,-99,-99,-99,臺中市,02,西屯區,125
24.182028,120.632861,西屯,C0F9T0,2018-06-23T23:00:00+08:00,111.0,287,1.2,27.6,0.79,996.4,-99,1.0,-99,-99,-99,臺中市,02,西屯區,125
24.182028,120.632861,西屯,C0F9T0,2018-06-24T00:00:00+08:00,111.0,205,1.5,27.9,0.78,996.1,-99,1.0,-99,-99,-99,臺中市,02,西屯區,125
24.182028,120.632861,西屯,C0F9T0,2018-06-24T01:00:00+08:00,111.0,207,0.5,27.6,0.8,995.9,-99,0.0,-99,-99,-99,臺中市,02,西屯區,125
24.182028,120.632861,西屯,C0F9T0,2018-06-24T02:00:00+08:00,111.0,177,0.4,27.4,0.79,996.0,-99,0.0,-99,-99,-99,臺中市,02,西屯區,125
24.182028,120.632861,西屯,C0F9T0,2018-06-24T03:00:00+08:00,111.0,187,1.4,27.4,0.78,995.9,-99,0.0,-99,-99,-99,臺中市,02,西屯區,125
24.182028,120.632861,西屯,C0F9T0,2018-06-24T04:00:00+08:00,111.0,156,0.8,27.4,0.8,995.9,-99,0.0,-99,-99,-99,臺中市,02,西屯區,125
24.182028,120.632861,西屯,C0F9T0,2018-06-24T05:00:00+08:00,111.0,298,0.3,26.5,0.84,995.8,-99,0.0,-99,-99,-99,臺中市,02,西屯區,125
24.182028,120.632861,西屯,C0F9T0,2018-06-24T06:00:00+08:00,111.0,202,0.6,26.4,0.86,996.4,-99,0.0,-99,-99,-99,臺中市,02,西屯區,125
24.182028,120.632861,西屯,C0F9T0,2018-06-24T07:00:00+08:00,111.0,240,0.6,27.1,0.82,996.9,-99,0.0,-99,-99,-99,臺中市,02,西屯區,125
24.182028,120.632861,西屯,C0F9T0,2018-06-24T08:00:00+08:00,111.0,206,0.6,27.7,0.77,997.5,-99,0.0,-99,-99,-99,臺中市,02,西屯區,125
24.182028,120.632861,西屯,C0F9T0,2018-06-24T09:00:00+08:00,111.0,194,1.8,29.9,0.66,997.7,-99,0.0,-99,-99,-99,臺中市,02,西屯區,125
24.182028,120.632861,西屯,C0F9T0,2018-06-24T10:00:00+08:00,111.0,199,2.3,31.3,0.59,997.9,-99,0.0,-99,-99,-99,臺中市,02,西屯區,125
24.182028,120.632861,西屯,C0F9T0,2018-06-24T11:00:00+08:00,111.0,267,1.6,31.5,0.61,997.7,-99,0.0,-99,-99,-99,臺中市,02,西屯區,125
24.182028,120.632861,西屯,C0F9T0,2018-06-24T12:00:00+08:00,111.0,286,1.5,30.9,0.66,997.5,-99,0.0,-99,-99,-99,臺中市,02,西屯區,125
24.182028,120.632861,西屯,C0F9T0,2018-06-24T13:00:00+08:00,111.0,285,2.5,30.7,0.68,997.2,-99,0.0,-99,-99,-99,臺中市,02,西屯區,125
24.182028,120.632861,西屯,C0F9T0,2018-06-24T14:00:00+08:00,111.0,284,2.0,30.5,0.69,996.7,-99,0.0,-99,-99,-99,臺中市,02,西屯區,125
24.182028,120.632861,西屯,C0F9T0,2018-06-24T15:00:00+08:00,111.0,279,1.3,30.6,0.67,996.6,-99,0.0,-99,-99,-99,臺中市,02,西屯區,125
24.182028,120.632861,西屯,C0F9T0,2018-06-24T17:00:00+08:00,111.0,227,1.1,30.2,0.67,996.2,-99,0.0,-99,-99,-99,臺中市,02,西屯區,125
24.182028,120.632861,西屯,C0F9T0,2018-06-24T18:00:00+08:00,111.0,235,0.8,29.8,0.73,996.3,-99,0.0,-99,-99,-99,臺中市,02,西屯區,125
24.182028,120.632861,西屯,C0F9T0,2018-06-24T19:00:00+08:00,111.0,207,2.2,29.0,0.77,996.1,-99,0.0,-99,-99,-99,臺中市,02,西屯區,125
24.182028,120.632861,西屯,C0F9T0,2018-06-24T20:00:00+08:00,111.0,213,1.1,28.5,0.76,996.6,-99,0.0,-99,-99,-99,臺中市,02,西屯區,125
24.182028,120.632861,西屯,C0F9T0,2018-06-24T21:00:00+08:00,111.0,146,0.9,28.6,0.77,997.2,-99,0.0,-99,-99,-99,臺中市,02,西屯區,125
24.182028,120.632861,西屯,C0F9T0,2018-06-24T22:00:00+08:00,111.0,299,1.0,28.2,0.79,997.8,-99,0.0,-99,-99,-99,臺中市,02,西屯區,125
24.182028,120.632861,西屯,C0F9T0,2018-06-24T23:00:00+08:00,111.0,222,0.9,27.9,0.81,998.1,-99,0.0,-99,-99,-99,臺中市,02,西屯區,125
24.182028,120.632861,西屯,C0F9T0,2018-06-25T00:00:00+08:00,111.0,164,1.5,28.2,0.78,998.1,-99,0.0,-99,-99,-99,臺中市,02,西屯區,125
24.182028,120.632861,西屯,C0F9T0,2018-06-25T01:00:00+08:00,111.0,297,0.5,27.5,0.82,997.6,-99,0.0,-99,-99,-99,臺中市,02,西屯區,125
24.182028,120.632861,西屯,C0F9T0,2018-06-25T02:00:00+08:00,111.0,211,0.9,27.3,0.81,997.4,-99,0.0,-99,-99,-99,臺中市,02,西屯區,125
24.182028,120.632861,西屯,C0F9T0,2018-06-25T03:00:00+08:00,111.0,218,0.3,26.8,0.83,997.1,-99,0.0,-99,-99,-99,臺中市,02,西屯區,125
24.182028,120.632861,西屯,C0F9T0,2018-06-25T04:00:00+08:00,111.0,161,1.6,27.2,0.75,997.0,-99,0.0,-99,-99,-99,臺中市,02,西屯區,125
24.182028,120.632861,西屯,C0F9T0,2018-06-25T05:00:00+08:00,111.0,267,0.3,26.4,0.78,997.2,-99,0.0,-99,-99,-99,臺中市,02,西屯區,125
24.182028,120.632861,西屯,C0F9T0,2018-06-25T06:00:00+08:00,111.0,300,0.6,26.3,0.76,997.5,-99,0.0,-99,-99,-99,臺中市,02,西屯區,125
24.182028,120.632861,西屯,C0F9T0,2018-06-25T07:00:00+08:00,111.0,0,0.1,27.9,0.72,998.1,-99,0.0,-99,-99,-99,臺中市,02,西屯區,125
24.182028,120.632861,西屯,C0F9T0,2018-06-25T08:00:00+08:00,111.0,195,1.5,29.5,0.71,998.7,-99,0.0,-99,-99,-99,臺中市,02,西屯區,125
24.182028,120.632861,西屯,C0F9T0,2018-06-25T09:00:00+08:00,111.0,202,1.3,30.1,0.67,998.7,-99,0.0,-99,-99,-99,臺中市,02,西屯區,125
24.182028,120.632861,西屯,C0F9T0,2018-06-25T10:00:00+08:00,111.0,203,2.8,31.1,0.61,998.7,-99,0.0,-99,-99,-99,臺中市,02,西屯區,125
24.182028,120.632861,西屯,C0F9T0,2018-06-25T11:00:00+08:00,111.0,227,1.5,32.0,0.6,998.4,-99,0.0,-99,-99,-99,臺中市,02,西屯區,125
24.182028,120.632861,西屯,C0F9T0,2018-06-25T12:00:00+08:00,111.0,275,1.7,32.3,0.6,998.2,-99,0.0,-99,-99,-99,臺中市,02,西屯區,125
24.182028,120.632861,西屯,C0F9T0,2018-06-25T13:00:00+08:00,111.0,301,3.4,31.5,0.69,997.4,-99,0.0,-99,-99,-99,臺中市,02,西屯區,125
24.182028,120.632861,西屯,C0F9T0,2018-06-25T14:00:00+08:00,111.0,300,3.2,31.4,0.69,997.0,-99,0.0,-99,-99,-99,臺中市,02,西屯區,125
24.182028,120.632861,西屯,C0F9T0,2018-06-25T15:00:00+08:00,111.0,296,2.0,31.5,0.68,996.7,-99,0.0,-99,-99,-99,臺中市,02,西屯區,125
24.182028,120.632861,西屯,C0F9T0,2018-06-25T16:00:00+08:00,111.0,296,2.4,31.2,0.64,996.5,-99,0.0,-99,-99,-99,臺中市,02,西屯區,125
24.182028,120.632861,西屯,C0F9T0,2018-06-25T17:00:00+08:00,111.0,245,1.1,31.4,0.66,996.5,-99,0.0,-99,-99,-99,臺中市,02,西屯區,125
24.182028,120.632861,西屯,C0F9T0,2018-06-25T18:00:00+08:00,111.0,164,1.3,29.0,0.75,997.3,-99,0.0,-99,-99,-99,臺中市,02,西屯區,125
24.182028,120.632861,西屯,C0F9T0,2018-06-25T19:00:00+08:00,111.0,261,1.0,28.6,0.76,997.2,-99,0.0,-99,-99,-99,臺中市,02,西屯區,125
24.182028,120.632861,西屯,C0F9T0,2018-06-25T20:00:00+08:00,111.0,247,0.9,28.7,0.74,997.8,-99,0.0,-99,-99,-99,臺中市,02,西屯區,125
24.182028,120.632861,西屯,C0F9T0,2018-06-25T21:00:00+08:00,111.0,200,0.6,28.5,0.74,998.7,-99,0.0,-99,-99,-99,臺中市,02,西屯區,125
24.182028,120.632861,西屯,C0F9T0,2018-06-25T22:00:00+08:00,111.0,293,1.2,27.6,0.77,998.8,-99,0.0,-99,-99,-99,臺中市,02,西屯區,125
24.182028,120.632861,西屯,C0F9T0,2018-06-25T23:00:00+08:00,111.0,294,1.0,27.2,0.8,999.0,-99,0.0,-99,-99,-99,臺中市,02,西屯區,125
24.182028,120.632861,西屯,C0F9T0,2018-06-26T00:00:00+08:00,111.0,288,0.7,27.1,0.8,998.6,-99,0.0,-99,-99,-99,臺中市,02,西屯區,125
24.182028,120.632861,西屯,C0F9T0,2018-06-26T01:00:00+08:00,111.0,299,1.1,26.5,0.81,998.0,-99,0.0,-99,-99,-99,臺中市,02,西屯區,125
24.182028,120.632861,西屯,C0F9T0,2018-06-26T02:00:00+08:00,111.0,222,1.2,26.3,0.84,997.8,-99,0.0,-99,-99,-99,臺中市,02,西屯區,125
24.182028,120.632861,西屯,C0F9T0,2018-06-26T03:00:00+08:00,111.0,299,0.5,26.0,0.85,997.8,-99,0.0,-99,-99,-99,臺中市,02,西屯區,125
24.182028,120.632861,西屯,C0F9T0,2018-06-26T04:00:00+08:00,111.0,292,0.9,26.1,0.83,998.0,-99,0.0,-99,-99,-99,臺中市,02,西屯區,125
24.182028,120.632861,西屯,C0F9T0,2018-06-26T05:00:00+08:00,111.0,297,0.4,25.5,0.86,997.9,-99,0.0,-99,-99,-99,臺中市,02,西屯區,125
24.182028,120.632861,西屯,C0F9T0,2018-06-26T06:00:00+08:00,111.0,288,0.5,26.0,0.84,998.1,-99,0.0,-99,-99,-99,臺中市,02,西屯區,125
24.182028,120.632861,西屯,C0F9T0,2018-06-26T07:00:00+08:00,111.0,306,0.5,27.0,0.79,998.6,-99,0.0,-99,-99,-99,臺中市,02,西屯區,125
24.182028,120.632861,西屯,C0F9T0,2018-06-26T08:00:00+08:00,111.0,252,0.8,29.0,0.71,998.6,-99,0.0,-99,-99,-99,臺中市,02,西屯區,125
24.182028,120.632861,西屯,C0F9T0,2018-06-26T09:00:00+08:00,111.0,302,0.5,30.7,0.62,999.1,-99,0.0,-99,-99,-99,臺中市,02,西屯區,125
24.182028,120.632861,西屯,C0F9T0,2018-06-26T10:00:00+08:00,111.0,299,2.8,30.0,0.67,998.9,-99,0.0,-99,-99,-99,臺中市,02,西屯區,125
24.182028,120.632861,西屯,C0F9T0,2018-06-26T11:00:00+08:00,111.0,313,2.6,30.7,0.65,998.8,-99,0.0,-99,-99,-99,臺中市,02,西屯區,125
24.182028,120.632861,西屯,C0F9T0,2018-06-26T12:00:00+08:00,111.0,331,1.7,31.5,0.61,998.2,-99,0.0,-99,-99,-99,臺中市,02,西屯區,125
24.182028,120.632861,西屯,C0F9T0,2018-06-26T13:00:00+08:00,111.0,295,2.0,31.7,0.59,997.8,-99,0.0,-99,-99,-99,臺中市,02,西屯區,125
24.182028,120.632861,西屯,C0F9T0,2018-06-26T14:00:00+08:00,111.0,293,2.9,31.9,0.55,997.8,-99,0.0,-99,-99,-99,臺中市,02,西屯區,125
24.182028,120.632861,西屯,C0F9T0,2018-06-26T15:00:00+08:00,111.0,309,3.3,31.0,0.59,997.7,-99,0.0,-99,-99,-99,臺中市,02,西屯區,125
24.182028,120.632861,西屯,C0F9T0,2018-06-26T16:00:00+08:00,111.0,312,2.3,31.5,0.56,997.6,-99,0.0,-99,-99,-99,臺中市,02,西屯區,125
24.182028,120.632861,西屯,C0F9T0,2018-06-26T17:00:00+08:00,111.0,317,1.8,31.4,0.58,997.5,-99,0.0,-99,-99,-99,臺中市,02,西屯區,125
24.182028,120.632861,西屯,C0F9T0,2018-06-26T18:00:00+08:00,111.0,329,1.7,31.2,0.54,997.3,-99,0.0,-99,-99,-99,臺中市,02,西屯區,125
24.182028,120.632861,西屯,C0F9T0,2018-06-26T19:00:00+08:00,111.0,329,1.8,30.1,0.6,997.5,-99,0.0,-99,-99,-99,臺中市,02,西屯區,125
24.182028,120.632861,西屯,C0F9T0,2018-06-26T20:00:00+08:00,111.0,308,1.6,29.3,0.7,997.7,-99,0.0,-99,-99,-99,臺中市,02,西屯區,125
24.182028,120.632861,西屯,C0F9T0,2018-06-26T21:00:00+08:00,111.0,299,0.4,29.2,0.71,998.1,-99,0.0,-99,-99,-99,臺中市,02,西屯區,125
24.182028,120.632861,西屯,C0F9T0,2018-06-26T22:00:00+08:00,111.0,74,1.4,29.1,0.73,998.4,-99,0.0,-99,-99,-99,臺中市,02,西屯區,125
24.182028,120.632861,西屯,C0F9T0,2018-06-26T23:00:00+08:00,111.0,210,0.9,29.0,0.69,998.1,-99,0.0,-99,-99,-99,臺中市,02,西屯區,125
24.182028,120.632861,西屯,C0F9T0,2018-06-27T00:00:00+08:00,111.0,208,1.0,28.4,0.7,997.7,-99,0.0,-99,-99,-99,臺中市,02,西屯區,125
24.182028,120.632861,西屯,C0F9T0,2018-06-27T01:00:00+08:00,111.0,194,0.7,27.8,0.77,998.0,-99,0.0,-99,-99,-99,臺中市,02,西屯區,125
24.182028,120.632861,西屯,C0F9T0,2018-06-27T02:00:00+08:00,111.0,178,1.0,28.1,0.73,997.5,-99,0.0,-99,-99,-99,臺中市,02,西屯區,125
24.182028,120.632861,西屯,C0F9T0,2018-06-27T03:00:00+08:00,111.0,293,0.7,27.8,0.74,997.4,-99,0.0,-99,-99,-99,臺中市,02,西屯區,125
24.182028,120.632861,西屯,C0F9T0,2018-06-27T04:00:00+08:00,111.0,301,0.8,26.8,0.81,997.0,-99,0.0,-99,-99,-99,臺中市,02,西屯區,125
24.182028,120.632861,西屯,C0F9T0,2018-06-27T05:00:00+08:00,111.0,293,0.6,26.5,0.82,997.1,-99,0.0,-99,-99,-99,臺中市,02,西屯區,125
24.182028,120.632861,西屯,C0F9T0,2018-06-27T06:00:00+08:00,111.0,292,0.3,26.7,0.82,997.4,-99,0.0,-99,-99,-99,臺中市,02,西屯區,125
24.182028,120.632861,西屯,C0F9T0,2018-06-27T08:00:00+08:00,111.0,224,0.8,29.9,0.63,997.6,-99,0.0,-99,-99,-99,臺中市,02,西屯區,125
24.182028,120.632861,西屯,C0F9T0,2018-06-27T09:00:00+08:00,111.0,128,1.2,30.2,0.61,997.7,-99,0.0,-99,-99,-99,臺中市,02,西屯區,125
24.182028,120.632861,西屯,C0F9T0,2018-06-27T10:00:00+08:00,111.0,251,1.3,30.9,0.59,997.5,-99,0.0,-99,-99,-99,臺中市,02,西屯區,125
24.182028,120.632861,西屯,C0F9T0,2018-06-27T11:00:00+08:00,111.0,300,2.5,30.6,0.64,997.4,-99,0.0,-99,-99,-99,臺中市,02,西屯區,125
24.182028,120.632861,西屯,C0F9T0,2018-06-27T12:00:00+08:00,111.0,305,2.0,32.1,0.54,997.0,-99,0.0,-99,-99,-99,臺中市,02,西屯區,125
24.182028,120.632861,西屯,C0F9T0,2018-06-27T13:00:00+08:00,111.0,310,2.3,31.9,0.54,996.5,-99,0.0,-99,-99,-99,臺中市,02,西屯區,125
24.182028,120.632861,西屯,C0F9T0,2018-06-27T14:00:00+08:00,111.0,302,3.4,32.0,0.55,995.8,-99,0.0,-99,-99,-99,臺中市,02,西屯區,125
24.182028,120.632861,西屯,C0F9T0,2018-06-27T15:00:00+08:00,111.0,301,3.1,32.1,0.53,995.3,-99,0.0,-99,-99,-99,臺中市,02,西屯區,125
24.182028,120.632861,西屯,C0F9T0,2018-06-27T16:00:00+08:00,111.0,296,2.7,32.0,0.56,995.0,-99,0.0,-99,-99,-99,臺中市,02,西屯區,125
24.182028,120.632861,西屯,C0F9T0,2018-06-27T17:00:00+08:00,111.0,296,1.5,32.0,0.53,995.3,-99,0.0,-99,-99,-99,臺中市,02,西屯區,125
24.182028,120.632861,西屯,C0F9T0,2018-06-27T18:00:00+08:00,111.0,260,1.3,31.4,0.56,995.6,-99,0.0,-99,-99,-99,臺中市,02,西屯區,125
24.182028,120.632861,西屯,C0F9T0,2018-06-27T19:00:00+08:00,111.0,155,0.6,31.2,0.55,995.5,-99,0.0,-99,-99,-99,臺中市,02,西屯區,125
24.182028,120.632861,西屯,C0F9T0,2018-06-27T20:00:00+08:00,111.0,204,1.2,28.6,0.68,995.7,-99,0.0,-99,-99,-99,臺中市,02,西屯區,125
24.182028,120.632861,西屯,C0F9T0,2018-06-27T21:00:00+08:00,111.0,309,0.5,27.6,0.7,996.1,-99,0.0,-99,-99,-99,臺中市,02,西屯區,125
24.182028,120.632861,西屯,C0F9T0,2018-06-27T22:00:00+08:00,111.0,284,0.5,27.4,0.71,996.8,-99,0.0,-99,-99,-99,臺中市,02,西屯區,125
24.182028,120.632861,西屯,C0F9T0,2018-06-27T23:00:00+08:00,111.0,296,0.8,27.0,0.71,996.9,-99,0.0,-99,-99,-99,臺中市,02,西屯區,125
24.182028,120.632861,西屯,C0F9T0,2018-06-28T00:00:00+08:00,111.0,290,0.7,26.3,0.76,996.4,-99,0.0,-99,-99,-99,臺中市,02,西屯區,125
24.182028,120.632861,西屯,C0F9T0,2018-06-28T01:00:00+08:00,111.0,293,1.1,25.9,0.78,995.8,-99,0.0,-99,-99,-99,臺中市,02,西屯區,125
24.182028,120.632861,西屯,C0F9T0,2018-06-28T02:00:00+08:00,111.0,222,0.4,25.8,0.78,995.4,-99,0.0,-99,-99,-99,臺中市,02,西屯區,125
24.182028,120.632861,西屯,C0F9T0,2018-06-28T03:00:00+08:00,111.0,0,0.2,25.4,0.79,995.1,-99,0.0,-99,-99,-99,臺中市,02,西屯區,125
24.182028,120.632861,西屯,C0F9T0,2018-06-28T04:00:00+08:00,111.0,299,0.8,25.4,0.77,994.7,-99,0.0,-99,-99,-99,臺中市,02,西屯區,125
24.182028,120.632861,西屯,C0F9T0,2018-06-28T05:00:00+08:00,111.0,305,0.7,24.9,0.81,995.1,-99,0.0,-99,-99,-99,臺中市,02,西屯區,125
24.182028,120.632861,西屯,C0F9T0,2018-06-28T06:00:00+08:00,111.0,316,0.6,25.3,0.79,995.1,-99,0.0,-99,-99,-99,臺中市,02,西屯區,125
24.182028,120.632861,西屯,C0F9T0,2018-06-28T07:00:00+08:00,111.0,297,0.4,27.0,0.73,995.2,-99,0.0,-99,-99,-99,臺中市,02,西屯區,125
24.182028,120.632861,西屯,C0F9T0,2018-06-28T08:00:00+08:00,111.0,174,1.5,29.4,0.63,994.9,-99,0.0,-99,-99,-99,臺中市,02,西屯區,125
24.182028,120.632861,西屯,C0F9T0,2018-06-28T09:00:00+08:00,111.0,208,2.1,29.8,0.65,995.0,-99,0.0,-99,-99,-99,臺中市,02,西屯區,125
24.182028,120.632861,西屯,C0F9T0,2018-06-28T10:00:00+08:00,111.0,242,1.3,30.4,0.64,995.3,-99,0.0,-99,-99,-99,臺中市,02,西屯區,125
24.182028,120.632861,西屯,C0F9T0,2018-06-28T11:00:00+08:00,111.0,264,1.6,31.3,0.6,995.0,-99,0.0,-99,-99,-99,臺中市,02,西屯區,125
24.182028,120.632861,西屯,C0F9T0,2018-06-28T12:00:00+08:00,111.0,295,1.7,30.5,0.69,994.5,-99,0.0,-99,-99,-99,臺中市,02,西屯區,125
24.182028,120.632861,西屯,C0F9T0,2018-06-28T13:00:00+08:00,111.0,280,1.9,31.2,0.66,994.1,-99,0.0,-99,-99,-99,臺中市,02,西屯區,125
24.182028,120.632861,西屯,C0F9T0,2018-06-28T14:00:00+08:00,111.0,295,2.5,31.5,0.65,993.4,-99,0.0,-99,-99,-99,臺中市,02,西屯區,125
24.182028,120.632861,西屯,C0F9T0,2018-06-28T15:00:00+08:00,111.0,246,2.6,31.3,0.64,993.0,-99,0.0,-99,-99,-99,臺中市,02,西屯區,125
24.182028,120.632861,西屯,C0F9T0,2018-06-28T16:00:00+08:00,111.0,243,1.5,30.3,0.66,992.7,-99,0.0,-99,-99,-99,臺中市,02,西屯區,125
24.182028,120.632861,西屯,C0F9T0,2018-06-28T17:00:00+08:00,111.0,204,0.8,30.4,0.61,992.3,-99,0.0,-99,-99,-99,臺中市,02,西屯區,125
24.182028,120.632861,西屯,C0F9T0,2018-06-28T18:00:00+08:00,111.0,167,1.9,29.9,0.72,992.3,-99,0.0,-99,-99,-99,臺中市,02,西屯區,125
24.182028,120.632861,西屯,C0F9T0,2018-06-28T19:00:00+08:00,111.0,206,0.8,29.4,0.75,992.5,-99,0.0,-99,-99,-99,臺中市,02,西屯區,125
24.182028,120.632861,西屯,C0F9T0,2018-06-28T22:00:00+08:00,111.0,187,1.3,28.7,0.75,993.1,-99,0.0,-99,-99,-99,臺中市,02,西屯區,125
24.182028,120.632861,西屯,C0F9T0,2018-06-28T23:00:00+08:00,111.0,207,0.8,28.6,0.75,993.1,-99,0.0,-99,-99,-99,臺中市,02,西屯區,125
24.182028,120.632861,西屯,C0F9T0,2018-06-29T00:00:00+08:00,111.0,159,1.7,28.2,0.77,992.6,-99,0.0,-99,-99,-99,臺中市,02,西屯區,125
24.182028,120.632861,西屯,C0F9T0,2018-06-29T01:00:00+08:00,111.0,209,2.1,28.2,0.76,992.0,-99,0.0,-99,-99,-99,臺中市,02,西屯區,125
24.182028,120.632861,西屯,C0F9T0,2018-06-29T02:00:00+08:00,111.0,200,0.6,27.7,0.8,991.5,-99,0.0,-99,-99,-99,臺中市,02,西屯區,125
24.182028,120.632861,西屯,C0F9T0,2018-06-29T03:00:00+08:00,111.0,173,2.0,27.5,0.8,991.2,-99,0.0,-99,-99,-99,臺中市,02,西屯區,125
24.182028,120.632861,西屯,C0F9T0,2018-06-29T04:00:00+08:00,111.0,247,1.0,27.3,0.8,991.2,-99,0.0,-99,-99,-99,臺中市,02,西屯區,125
24.182028,120.632861,西屯,C0F9T0,2018-06-29T05:00:00+08:00,111.0,208,0.7,27.0,0.82,991.6,-99,0.0,-99,-99,-99,臺中市,02,西屯區,125
24.182028,120.632861,西屯,C0F9T0,2018-06-29T06:00:00+08:00,111.0,292,0.3,27.3,0.81,992.0,-99,0.0,-99,-99,-99,臺中市,02,西屯區,125
24.182028,120.632861,西屯,C0F9T0,2018-06-29T07:00:00+08:00,111.0,158,1.6,28.3,0.76,992.0,-99,0.0,-99,-99,-99,臺中市,02,西屯區,125
24.182028,120.632861,西屯,C0F9T0,2018-06-29T08:00:00+08:00,111.0,194,1.6,29.4,0.7,992.5,-99,0.0,-99,-99,-99,臺中市,02,西屯區,125
24.182028,120.632861,西屯,C0F9T0,2018-06-29T09:00:00+08:00,111.0,209,1.2,30.6,0.64,992.5,-99,0.0,-99,-99,-99,臺中市,02,西屯區,125
24.182028,120.632861,西屯,C0F9T0,2018-06-29T10:00:00+08:00,111.0,207,1.7,31.4,0.59,992.5,-99,0.0,-99,-99,-99,臺中市,02,西屯區,125
24.182028,120.632861,西屯,C0F9T0,2018-06-29T11:00:00+08:00,111.0,250,1.6,31.7,0.63,992.2,-99,0.0,-99,-99,-99,臺中市,02,西屯區,125
24.182028,120.632861,西屯,C0F9T0,2018-06-29T12:00:00+08:00,111.0,211,1.6,31.7,0.62,992.0,-99,0.0,-99,-99,-99,臺中市,02,西屯區,125
24.182028,120.632861,西屯,C0F9T0,2018-06-29T13:00:00+08:00,111.0,290,3.0,33.2,0.57,990.8,-99,0.0,-99,-99,-99,臺中市,02,西屯區,125
24.182028,120.632861,西屯,C0F9T0,2018-06-29T14:00:00+08:00,111.0,283,1.9,32.9,0.55,989.9,-99,0.0,-99,-99,-99,臺中市,02,西屯區,125
24.182028,120.632861,西屯,C0F9T0,2018-06-29T15:00:00+08:00,111.0,300,3.1,31.6,0.61,989.8,-99,0.0,-99,-99,-99,臺中市,02,西屯區,125
24.182028,120.632861,西屯,C0F9T0,2018-06-29T16:00:00+08:00,111.0,273,1.3,32.9,0.57,989.7,-99,0.0,-99,-99,-99,臺中市,02,西屯區,125
24.182028,120.632861,西屯,C0F9T0,2018-06-29T17:00:00+08:00,111.0,234,1.8,32.1,0.54,989.8,-99,0.0,-99,-99,-99,臺中市,02,西屯區,125
24.182028,120.632861,西屯,C0F9T0,2018-06-29T18:00:00+08:00,111.0,235,1.3,32.1,0.56,990.0,-99,0.0,-99,-99,-99,臺中市,02,西屯區,125
24.182028,120.632861,西屯,C0F9T0,2018-06-29T19:00:00+08:00,111.0,211,1.7,31.0,0.6,990.4,-99,0.0,-99,-99,-99,臺中市,02,西屯區,125
24.182028,120.632861,西屯,C0F9T0,2018-06-29T20:00:00+08:00,111.0,219,0.8,30.0,0.66,991.2,-99,0.0,-99,-99,-99,臺中市,02,西屯區,125
24.182028,120.632861,西屯,C0F9T0,2018-06-29T21:00:00+08:00,111.0,287,0.8,29.3,0.7,991.2,-99,0.0,-99,-99,-99,臺中市,02,西屯區,125
24.182028,120.632861,西屯,C0F9T0,2018-06-29T22:00:00+08:00,111.0,219,1.3,29.3,0.69,991.3,-99,0.0,-99,-99,-99,臺中市,02,西屯區,125
24.182028,120.632861,西屯,C0F9T0,2018-06-29T23:00:00+08:00,111.0,207,1.8,28.3,0.75,990.7,-99,0.0,-99,-99,-99,臺中市,02,西屯區,125
24.182028,120.632861,西屯,C0F9T0,2018-06-30T00:00:00+08:00,111.0,232,0.8,27.6,0.78,990.7,-99,0.0,-99,-99,-99,臺中市,02,西屯區,125
24.182028,120.632861,西屯,C0F9T0,2018-06-30T01:00:00+08:00,111.0,301,0.9,27.4,0.77,990.9,-99,0.0,-99,-99,-99,臺中市,02,西屯區,125
24.182028,120.632861,西屯,C0F9T0,2018-06-30T02:00:00+08:00,111.0,291,0.8,27.9,0.74,991.1,-99,0.0,-99,-99,-99,臺中市,02,西屯區,125
24.182028,120.632861,西屯,C0F9T0,2018-06-30T03:00:00+08:00,111.0,213,0.9,27.8,0.76,991.3,-99,0.0,-99,-99,-99,臺中市,02,西屯區,125
24.182028,120.632861,西屯,C0F9T0,2018-06-30T04:00:00+08:00,111.0,122,0.9,27.4,0.81,990.7,-99,0.0,-99,-99,-99,臺中市,02,西屯區,125
24.182028,120.632861,西屯,C0F9T0,2018-06-30T05:00:00+08:00,111.0,131,0.7,27.2,0.8,991.4,-99,0.0,-99,-99,-99,臺中市,02,西屯區,125
24.182028,120.632861,西屯,C0F9T0,2018-06-30T06:00:00+08:00,111.0,180,0.8,27.6,0.79,991.5,-99,0.0,-99,-99,-99,臺中市,02,西屯區,125
24.182028,120.632861,西屯,C0F9T0,2018-06-30T07:00:00+08:00,111.0,178,1.3,27.5,0.81,991.5,-99,0.0,-99,-99,-99,臺中市,02,西屯區,125
24.182028,120.632861,西屯,C0F9T0,2018-06-30T08:00:00+08:00,111.0,218,0.8,29.1,0.7,991.8,-99,0.0,-99,-99,-99,臺中市,02,西屯區,125
24.182028,120.632861,西屯,C0F9T0,2018-06-30T09:00:00+08:00,111.0,164,1.4,30.5,0.61,992.1,-99,0.0,-99,-99,-99,臺中市,02,西屯區,125
24.182028,120.632861,西屯,C0F9T0,2018-06-30T10:00:00+08:00,111.0,330,1.1,30.8,0.61,992.3,-99,0.0,-99,-99,-99,臺中市,02,西屯區,125
24.182028,120.632861,西屯,C0F9T0,2018-06-30T11:00:00+08:00,111.0,291,1.5,30.1,0.7,992.6,-99,0.0,-99,-99,-99,臺中市,02,西屯區,125
24.182028,120.632861,西屯,C0F9T0,2018-06-30T12:00:00+08:00,111.0,345,0.7,31.6,0.62,991.8,-99,0.0,-99,-99,-99,臺中市,02,西屯區,125
24.182028,120.632861,西屯,C0F9T0,2018-06-30T13:00:00+08:00,111.0,295,1.2,33.2,0.55,991.5,-99,0.0,-99,-99,-99,臺中市,02,西屯區,125
24.182028,120.632861,西屯,C0F9T0,2018-06-30T14:00:00+08:00,111.0,297,2.3,32.4,0.57,990.8,-99,0.0,-99,-99,-99,臺中市,02,西屯區,125
24.182028,120.632861,西屯,C0F9T0,2018-06-30T15:00:00+08:00,111.0,298,3.4,31.7,0.61,990.2,-99,0.0,-99,-99,-99,臺中市,02,西屯區,125
24.182028,120.632861,西屯,C0F9T0,2018-06-30T16:00:00+08:00,111.0,303,1.6,31.8,0.61,990.2,-99,0.0,-99,-99,-99,臺中市,02,西屯區,125
24.182028,120.632861,西屯,C0F9T0,2018-06-30T17:00:00+08:00,111.0,140,1.2,31.2,0.65,990.3,-99,0.0,-99,-99,-99,臺中市,02,西屯區,125
24.182028,120.632861,西屯,C0F9T0,2018-06-30T18:00:00+08:00,111.0,300,2.5,26.0,0.91,991.2,-99,14.0,-99,-99,-99,臺中市,02,西屯區,125
24.182028,120.632861,西屯,C0F9T0,2018-06-30T19:00:00+08:00,111.0,61,0.9,27.3,0.8,991.2,-99,14.5,-99,-99,-99,臺中市,02,西屯區,125
24.182028,120.632861,西屯,C0F9T0,2018-06-30T20:00:00+08:00,111.0,314,0.8,28.1,0.77,992.0,-99,14.5,-99,-99,-99,臺中市,02,西屯區,125
24.182028,120.632861,西屯,C0F9T0,2018-06-30T21:00:00+08:00,111.0,0,0.1,25.8,0.92,992.9,-99,35.0,-99,-99,-99,臺中市,02,西屯區,125
24.182028,120.632861,西屯,C0F9T0,2018-06-30T22:00:00+08:00,111.0,88,2.2,25.5,0.91,993.1,-99,41.5,-99,-99,-99,臺中市,02,西屯區,125
24.182028,120.632861,西屯,C0F9T0,2018-06-30T23:00:00+08:00,111.0,104,1.6,25.4,0.89,992.8,-99,44.5,-99,-99,-99,臺中市,02,西屯區,125
