24.182028,120.632861,西屯,C0F9T0,2018-10-01T00:00:00+08:00,111.0,327,1.5,22.9,0.66,998.1,-99,0.0,-99,-99,-99,臺中市,02,西屯區,125
24.182028,120.632861,西屯,C0F9T0,2018-10-01T01:00:00+08:00,111.0,329,0.5,22.6,0.7,998.1,-99,0.0,-99,-99,-99,臺中市,02,西屯區,125
24.182028,120.632861,西屯,C0F9T0,2018-10-01T02:00:00+08:00,111.0,324,0.6,22.8,0.7,998.1,-99,0.0,-99,-99,-99,臺中市,02,西屯區,125
24.182028,120.632861,西屯,C0F9T0,2018-10-01T03:00:00+08:00,111.0,91,0.9,24.0,0.66,997.9,-99,0.0,-99,-99,-99,臺中市,02,西屯區,125
24.182028,120.632861,西屯,C0F9T0,2018-10-01T04:00:00+08:00,111.0,314,0.7,23.7,0.68,998.0,-99,0.0,-99,-99,-99,臺中市,02,西屯區,125
24.182028,120.632861,西屯,C0F9T0,2018-10-01T05:00:00+08:00,111.0,327,0.7,23.4,0.7,998.4,-99,0.0,-99,-99,-99,臺中市,02,西屯區,125
24.182028,120.632861,西屯,C0F9T0,2018-10-01T06:00:00+08:00,111.0,320,0.5,23.4,0.73,998.7,-99,0.0,-99,-99,-99,臺中市,02,西屯區,125
24.182028,120.632861,西屯,C0F9T0,2018-10-01T07:00:00+08:00,111.0,332,0.7,24.0,0.74,999.1,-99,0.0,-99,-99,-99,臺中市,02,西屯區,125
24.182028,120.632861,西屯,C0F9T0,2018-10-01T08:00:00+08:00,111.0,319,0.9,25.6,0.71,1000.0,-99,0.0,-99,-99,-99,臺中市,02,西屯區,125
24.182028,120.632861,西屯,C0F9T0,2018-10-01T09:00:00+08:00,111.0,303,1.6,27.0,0.66,1000.2,-99,0.0,-99,-99,-99,臺中市,02,西屯區,125
24.182028,120.632861,西屯,C0F9T0,2018-10-01T10:00:00+08:00,111.0,298,2.1,28.1,0.61,999.7,-99,0.0,-99,-99,-99,臺中市,02,西屯區,125
24.182028,120.632861,西屯,C0F9T0,2018-10-01T11:00:00+08:00,111.0,304,2.3,29.2,0.58,999.3,-99,0.0,-99,-99,-99,臺中市,02,西屯區,125
24.182028,120.632861,西屯,C0F9T0,2018-10-01T12:00:00+08:00,111.0,317,3.1,29.0,0.49,999.0,-99,0.0,-99,-99,-99,臺中市,02,西屯區,125
24.182028,120.632861,西屯,C0F9T0,2018-10-01T13:00:00+08:00,111.0,320,2.0,31.0,0.31,998.4,-99,0.0,-99,-99,-99,臺中市,02,西屯區,125
24.182028,120.632861,西屯,C0F9T0,2018-10-01T14:00:00+08:00,111.0,310,3.6,30.6,0.34,998.0,-99,0.0,-99,-99,-99,臺中市,02,西屯區,125
24.182028,120.632861,西屯,C0F9T0,2018-10-01T15:00:00+08:00,111.0,321,3.6,30.2,0.37,997.8,-99,0.0,-99,-99,-99,臺中市,02,西屯區,125
24.182028,120.632861,西屯,C0F9T0,2018-10-01T16:00:00+08:00,111.0,317,3.5,29.0,0.45,998.1,-99,0.0,-99,-99,-99,臺中市,02,西屯區,125
24.182028,120.632861,西屯,C0F9T0,2018-10-01T17:00:00+08:00,111.0,327,2.5,28.4,0.46,998.3,-99,0.0,-99,-99,-99,臺中市,02,西屯區,125
24.182028,120.632861,西屯,C0F9T0,2018-10-01T18:00:00+08:00,111.0,323,2.0,27.0,0.47,998.5,-99,0.0,-99,-99,-99,臺中市,02,西屯區,125
24.182028,120.632861,西屯,C0F9T0,2018-10-01T19:00:00+08:00,111.0,328,1.8,25.8,0.49,999.1,-99,0.0,-99,-99,-99,臺中市,02,西屯區,125
24.182028,120.632861,西屯,C0F9T0,2018-10-01T20:00:00+08:00,111.0,322,2.0,24.8,0.53,999.6,-99,0.0,-99,-99,-99,臺中市,02,西屯區,125
24.182028,120.632861,西屯,C0F9T0,2018-10-01T21:00:00+08:00,111.0,328,1.9,23.8,0.56,1000.1,-99,0.0,-99,-99,-99,臺中市,02,西屯區,125
24.182028,120.632861,西屯,C0F9T0,2018-10-01T22:00:00+08:00,111.0,335,1.3,23.4,0.56,1000.3,-99,0.0,-99,-99,-99,臺中市,02,西屯區,125
24.182028,120.632861,西屯,C0F9T0,2018-10-01T23:00:00+08:00,111.0,327,0.7,23.0,0.58,1000.3,-99,0.0,-99,-99,-99,臺中市,02,西屯區,125
24.182028,120.632861,西屯,C0F9T0,2018-10-02T00:00:00+08:00,111.0,336,1.0,22.9,0.61,1000.3,-99,0.0,-99,-99,-99,臺中市,02,西屯區,125
24.182028,120.632861,西屯,C0F9T0,2018-10-02T01:00:00+08:00,111.0,0,0.0,22.7,0.61,999.8,-99,0.0,-99,-99,-99,臺中市,02,西屯區,125
24.182028,120.632861,西屯,C0F9T0,2018-10-02T02:00:00+08:00,111.0,334,1.3,22.8,0.62,999.2,-99,0.0,-99,-99,-99,臺中市,02,西屯區,125
24.182028,120.632861,西屯,C0F9T0,2018-10-02T03:00:00+08:00,111.0,325,1.2,21.8,0.71,999.4,-99,0.0,-99,-99,-99,臺中市,02,西屯區,125
24.182028,120.632861,西屯,C0F9T0,2018-10-02T04:00:00+08:00,111.0,327,1.1,22.0,0.64,999.4,-99,0.0,-99,-99,-99,臺中市,02,西屯區,125
24.182028,120.632861,西屯,C0F9T0,2018-10-02T05:00:00+08:00,111.0,329,0.7,21.6,0.67,999.9,-99,0.0,-99,-99,-99,臺中市,02,西屯區,125
24.182028,120.632861,西屯,C0F9T0,2018-10-02T06:00:00+08:00,111.0,335,1.0,21.6,0.69,1000.1,-99,0.0,-99,-99,-99,臺中市,02,西屯區,125
24.182028,120.632861,西屯,C0F9T0,2018-10-02T07:00:00+08:00,111.0,310,2.1,21.9,0.68,1000.6,-99,0.0,-99,-99,-99,臺中市,02,西屯區,125
24.182028,120.632861,西屯,C0F9T0,2018-10-02T08:00:00+08:00,111.0,315,2.4,23.4,0.63,1001.3,-99,0.0,-99,-99,-99,臺中市,02,西屯區,125
24.182028,120.632861,西屯,C0F9T0,2018-10-02T09:00:00+08:00,111.0,316,2.8,24.4,0.58,1001.8,-99,0.0,-99,-99,-99,臺中市,02,西屯區,125
24.182028,120.632861,西屯,C0F9T0,2018-10-02T10:00:00+08:00,111.0,18,2.0,26.5,0.48,1001.7,-99,0.0,7.2,350,2018-10-02T09:42:00+08:00,臺中市,02,西屯區,125
24.182028,120.632861,西屯,C0F9T0,2018-10-02T11:00:00+08:00,111.0,326,2.5,27.5,0.45,1001.4,-99,0.0,-99,-99,-99,臺中市,02,西屯區,125
24.182028,120.632861,西屯,C0F9T0,2018-10-02T12:00:00+08:00,111.0,328,2.5,28.2,0.44,1000.7,-99,0.0,-99,-99,-99,臺中市,02,西屯區,125
24.182028,120.632861,西屯,C0F9T0,2018-10-02T13:00:00+08:00,111.0,325,3.4,28.4,0.43,999.8,-99,0.0,-99,-99,-99,臺中市,02,西屯區,125
24.182028,120.632861,西屯,C0F9T0,2018-10-02T14:00:00+08:00,111.0,330,3.6,28.8,0.43,999.0,-99,0.0,-99,-99,-99,臺中市,02,西屯區,125
24.182028,120.632861,西屯,C0F9T0,2018-10-02T15:00:00+08:00,111.0,316,3.0,28.4,0.45,998.8,-99,0.0,-99,-99,-99,臺中市,02,西屯區,125
24.182028,120.632861,西屯,C0F9T0,2018-10-02T16:00:00+08:00,111.0,339,2.5,27.7,0.49,999.2,-99,0.0,11.8,3,2018-10-02T15:36:00+08:00,臺中市,02,西屯區,125
24.182028,120.632861,西屯,C0F9T0,2018-10-02T17:00:00+08:00,111.0,337,3.7,26.8,0.49,999.1,-99,0.0,11.3,352,2018-10-02T16:04:00+08:00,臺中市,02,西屯區,125
24.182028,120.632861,西屯,C0F9T0,2018-10-02T18:00:00+08:00,111.0,347,3.1,25.3,0.51,999.4,-99,0.0,8.7,340,2018-10-02T18:00:00+08:00,臺中市,02,西屯區,125
24.182028,120.632861,西屯,C0F9T0,2018-10-02T19:00:00+08:00,111.0,351,2.2,24.2,0.52,1000.0,-99,0.0,8.7,355,2018-10-02T18:49:00+08:00,臺中市,02,西屯區,125
24.182028,120.632861,西屯,C0F9T0,2018-10-02T20:00:00+08:00,111.0,335,2.3,23.5,0.54,1000.3,-99,0.0,-99,-99,-99,臺中市,02,西屯區,125
24.182028,120.632861,西屯,C0F9T0,2018-10-02T21:00:00+08:00,111.0,334,2.4,22.9,0.55,1000.7,-99,0.0,-99,-99,-99,臺中市,02,西屯區,125
24.182028,120.632861,西屯,C0F9T0,2018-10-02T22:00:00+08:00,111.0,326,1.7,22.7,0.55,1001.0,-99,0.0,-99,-99,-99,臺中市,02,西屯區,125
24.182028,120.632861,西屯,C0F9T0,2018-10-02T23:00:00+08:00,111.0,31,1.5,22.6,0.54,1001.2,-99,0.0,-99,-99,-99,臺中市,02,西屯區,125
24.182028,120.632861,西屯,C0F9T0,2018-10-03T00:00:00+08:00,111.0,330,1.7,22.4,0.54,1000.7,-99,0.0,-99,-99,-99,臺中市,02,西屯區,125
24.182028,120.632861,西屯,C0F9T0,2018-10-03T01:00:00+08:00,111.0,341,0.9,22.1,0.55,1000.2,-99,0.0,-99,-99,-99,臺中市,02,西屯區,125
24.182028,120.632861,西屯,C0F9T0,2018-10-03T02:00:00+08:00,111.0,330,1.5,21.7,0.57,999.7,-99,0.0,-99,-99,-99,臺中市,02,西屯區,125
24.182028,120.632861,西屯,C0F9T0,2018-10-03T03:00:00+08:00,111.0,342,2.4,20.9,0.6,999.3,-99,0.0,-99,-99,-99,臺中市,02,西屯區,125
24.182028,120.632861,西屯,C0F9T0,2018-10-03T04:00:00+08:00,111.0,330,2.4,21.2,0.57,999.1,-99,0.0,-99,-99,-99,臺中市,02,西屯區,125
24.182028,120.632861,西屯,C0F9T0,2018-10-03T05:00:00+08:00,111.0,322,2.0,21.4,0.55,999.5,-99,0.0,-99,-99,-99,臺中市,02,西屯區,125
24.182028,120.632861,西屯,C0F9T0,2018-10-03T06:00:00+08:00,111.0,338,2.1,21.2,0.56,999.6,-99,0.0,-99,-99,-99,臺中市,02,西屯區,125
24.182028,120.632861,西屯,C0F9T0,2018-10-03T07:00:00+08:00,111.0,350,1.3,21.8,0.54,1000.6,-99,0.0,-99,-99,-99,臺中市,02,西屯區,125
24.182028,120.632861,西屯,C0F9T0,2018-10-03T08:00:00+08:00,111.0,360,2.1,23.4,0.45,1000.9,-99,0.0,-99,-99,-99,臺中市,02,西屯區,125
24.182028,120.632861,西屯,C0F9T0,2018-10-03T09:00:00+08:00,111.0,11,2.5,25.2,0.41,1001.0,-99,0.0,-99,-99,-99,臺中市,02,西屯區,125
24.182028,120.632861,西屯,C0F9T0,2018-10-03T10:00:00+08:00,111.0,54,3.4,27.0,0.37,1000.9,-99,0.0,9.2,93,2018-10-03T09:40:00+08:00,臺中市,02,西屯區,125
24.182028,120.632861,西屯,C0F9T0,2018-10-03T11:00:00+08:00,111.0,16,3.7,27.8,0.38,1000.3,-99,0.0,9.6,29,2018-10-03T10:14:00+08:00,臺中市,02,西屯區,125
24.182028,120.632861,西屯,C0F9T0,2018-10-03T12:00:00+08:00,111.0,40,1.9,29.0,0.39,999.2,-99,0.0,8.7,39,2018-10-03T11:21:00+08:00,臺中市,02,西屯區,125
24.182028,120.632861,西屯,C0F9T0,2018-10-03T13:00:00+08:00,111.0,326,3.2,29.3,0.41,998.2,-99,0.0,-99,-99,-99,臺中市,02,西屯區,125
24.182028,120.632861,西屯,C0F9T0,2018-10-03T14:00:00+08:00,111.0,310,3.3,28.5,0.49,997.7,-99,0.0,10.0,3,2018-10-03T13:43:00+08:00,臺中市,02,西屯區,125
24.182028,120.632861,西屯,C0F9T0,2018-10-03T15:00:00+08:00,111.0,322,3.4,27.9,0.5,997.4,-99,0.0,10.8,51,2018-10-03T14:23:00+08:00,臺中市,02,西屯區,125
24.182028,120.632861,西屯,C0F9T0,2018-10-03T16:00:00+08:00,111.0,356,3.2,27.7,0.47,997.6,-99,0.0,10.0,352,2018-10-03T15:18:00+08:00,臺中市,02,西屯區,125
24.182028,120.632861,西屯,C0F9T0,2018-10-03T17:00:00+08:00,111.0,349,2.8,26.9,0.48,997.7,-99,0.0,11.4,354,2018-10-03T16:08:00+08:00,臺中市,02,西屯區,125
24.182028,120.632861,西屯,C0F9T0,2018-10-03T18:00:00+08:00,111.0,349,2.3,25.7,0.55,998.1,-99,0.0,8.4,355,2018-10-03T17:27:00+08:00,臺中市,02,西屯區,125
24.182028,120.632861,西屯,C0F9T0,2018-10-03T19:00:00+08:00,111.0,359,2.7,24.6,0.61,998.4,-99,0.0,8.3,341,2018-10-03T18:08:00+08:00,臺中市,02,西屯區,125
24.182028,120.632861,西屯,C0F9T0,2018-10-03T20:00:00+08:00,111.0,346,2.7,24.1,0.61,999.1,-99,0.0,8.6,3,2018-10-03T19:55:00+08:00,臺中市,02,西屯區,125
24.182028,120.632861,西屯,C0F9T0,2018-10-03T21:00:00+08:00,111.0,24,3.1,23.9,0.6,999.4,-99,0.0,9.0,46,2018-10-03T21:00:00+08:00,臺中市,02,西屯區,125
24.182028,120.632861,西屯,C0F9T0,2018-10-03T22:00:00+08:00,111.0,1,1.9,23.5,0.62,999.2,-99,0.0,-99,-99,-99,臺中市,02,西屯區,125
24.182028,120.632861,西屯,C0F9T0,2018-10-03T23:00:00+08:00,111.0,322,1.2,23.4,0.65,999.1,-99,0.0,-99,-99,-99,臺中市,02,西屯區,125
24.182028,120.632861,西屯,C0F9T0,2018-10-04T00:00:00+08:00,111.0,337,1.8,23.3,0.66,999.2,-99,0.0,-99,-99,-99,臺中市,02,西屯區,125
24.182028,120.632861,西屯,C0F9T0,2018-10-04T01:00:00+08:00,111.0,24,1.8,23.1,0.64,999.0,-99,0.0,-99,-99,-99,臺中市,02,西屯區,125
24.182028,120.632861,西屯,C0F9T0,2018-10-04T02:00:00+08:00,111.0,312,1.9,22.9,0.64,998.4,-99,0.0,-99,-99,-99,臺中市,02,西屯區,125
24.182028,120.632861,西屯,C0F9T0,2018-10-04T03:00:00+08:00,111.0,27,1.5,22.8,0.65,997.8,-99,0.0,7.1,37,2018-10-04T02:30:00+08:00,臺中市,02,西屯區,125
24.182028,120.632861,西屯,C0F9T0,2018-10-04T04:00:00+08:00,111.0,34,1.6,22.6,0.66,997.4,-99,0.0,-99,-99,-99,臺中市,02,西屯區,125
24.182028,120.632861,西屯,C0F9T0,2018-10-04T05:00:00+08:00,111.0,357,2.0,23.0,0.54,997.5,-99,0.0,-99,-99,-99,臺中市,02,西屯區,125
24.182028,120.632861,西屯,C0F9T0,2018-10-04T06:00:00+08:00,111.0,4,3.2,22.7,0.63,997.9,-99,0.0,-99,-99,-99,臺中市,02,西屯區,125
24.182028,120.632861,西屯,C0F9T0,2018-10-04T07:00:00+08:00,111.0,9,2.7,22.9,0.63,998.6,-99,0.0,9.3,11,2018-10-04T06:50:00+08:00,臺中市,02,西屯區,125
24.182028,120.632861,西屯,C0F9T0,2018-10-04T08:00:00+08:00,111.0,347,3.2,23.5,0.62,999.1,-99,0.0,10.1,354,2018-10-04T07:09:00+08:00,臺中市,02,西屯區,125
24.182028,120.632861,西屯,C0F9T0,2018-10-04T09:00:00+08:00,111.0,339,3.6,24.2,0.6,999.1,-99,0.0,10.8,6,2018-10-04T08:49:00+08:00,臺中市,02,西屯區,125
24.182028,120.632861,西屯,C0F9T0,2018-10-04T10:00:00+08:00,111.0,343,3.5,25.1,0.58,998.7,-99,0.0,11.4,352,2018-10-04T09:17:00+08:00,臺中市,02,西屯區,125
24.182028,120.632861,西屯,C0F9T0,2018-10-04T11:00:00+08:00,111.0,19,3.6,25.6,0.59,998.0,-99,0.0,12.8,355,2018-10-04T10:54:00+08:00,臺中市,02,西屯區,125
24.182028,120.632861,西屯,C0F9T0,2018-10-04T12:00:00+08:00,111.0,350,3.2,25.3,0.62,996.8,-99,0.0,14.2,343,2018-10-04T11:48:00+08:00,臺中市,02,西屯區,125
24.182028,120.632861,西屯,C0F9T0,2018-10-04T13:00:00+08:00,111.0,341,4.3,24.4,0.68,996.0,-99,0.0,13.9,344,2018-10-04T12:52:00+08:00,臺中市,02,西屯區,125
24.182028,120.632861,西屯,C0F9T0,2018-10-04T14:00:00+08:00,111.0,354,4.3,23.7,0.71,995.7,-99,0.0,15.9,12,2018-10-04T13:29:00+08:00,臺中市,02,西屯區,125
24.182028,120.632861,西屯,C0F9T0,2018-10-04T15:00:00+08:00,111.0,339,3.9,22.7,0.78,995.9,-99,0.0,14.4,1,2018-10-04T14:42:00+08:00,臺中市,02,西屯區,125
24.182028,120.632861,西屯,C0F9T0,2018-10-04T16:00:00+08:00,111.0,344,3.6,22.5,0.8,995.6,-99,0.0,11.9,351,2018-10-04T15:15:00+08:00,臺中市,02,西屯區,125
24.182028,120.632861,西屯,C0F9T0,2018-10-04T17:00:00+08:00,111.0,360,3.2,22.5,0.8,995.5,-99,0.0,12.0,353,2018-10-04T16:27:00+08:00,臺中市,02,西屯區,125
24.182028,120.632861,西屯,C0F9T0,2018-10-04T18:00:00+08:00,111.0,341,2.8,22.1,0.82,995.5,-99,0.0,12.0,34,2018-10-04T17:33:00+08:00,臺中市,02,西屯區,125
24.182028,120.632861,西屯,C0F9T0,2018-10-04T19:00:00+08:00,111.0,3,3.1,22.1,0.82,995.6,-99,0.0,10.5,20,2018-10-04T18:16:00+08:00,臺中市,02,西屯區,125
24.182028,120.632861,西屯,C0F9T0,2018-10-04T20:00:00+08:00,111.0,29,3.0,22.8,0.72,995.9,-99,0.0,10.2,27,2018-10-04T19:02:00+08:00,臺中市,02,西屯區,125
24.182028,120.632861,西屯,C0F9T0,2018-10-04T21:00:00+08:00,111.0,10,3.9,23.9,0.61,995.7,-99,0.0,11.6,48,2018-10-04T20:58:00+08:00,臺中市,02,西屯區,125
24.182028,120.632861,西屯,C0F9T0,2018-10-04T22:00:00+08:00,111.0,341,2.7,23.8,0.59,995.8,-99,0.0,11.8,49,2018-10-04T21:13:00+08:00,臺中市,02,西屯區,125
24.182028,120.632861,西屯,C0F9T0,2018-10-04T23:00:00+08:00,111.0,357,3.7,23.9,0.6,995.5,-99,0.0,12.0,339,2018-10-04T22:59:00+08:00,臺中市,02,西屯區,125
24.182028,120.632861,西屯,C0F9T0,2018-10-05T00:00:00+08:00,111.0,341,2.9,23.1,0.66,995.2,-99,0.0,-99,-99,-99,臺中市,02,西屯區,125
24.182028,120.632861,西屯,C0F9T0,2018-10-05T01:00:00+08:00,111.0,341,2.8,22.5,0.69,994.7,-99,0.0,9.2,353,2018-10-05T01:00:00+08:00,臺中市,02,西屯區,125
24.182028,120.632861,西屯,C0F9T0,2018-10-05T02:00:00+08:00,111.0,348,2.0,22.1,0.7,994.6,-99,0.0,-99,-99,-99,臺中市,02,西屯區,125
24.182028,120.632861,西屯,C0F9T0,2018-10-05T03:00:00+08:00,111.0,330,0.9,22.1,0.7,994.4,-99,0.0,-99,-99,-99,臺中市,02,西屯區,125
24.182028,120.632861,西屯,C0F9T0,2018-10-05T04:00:00+08:00,111.0,12,0.8,22.3,0.67,994.3,-99,0.0,-99,-99,-99,臺中市,02,西屯區,125
24.182028,120.632861,西屯,C0F9T0,2018-10-05T05:00:00+08:00,111.0,21,0.9,22.3,0.67,994.7,-99,0.0,-99,-99,-99,臺中市,02,西屯區,125
24.182028,120.632861,西屯,C0F9T0,2018-10-05T06:00:00+08:00,111.0,359,0.8,22.2,0.66,995.5,-99,0.0,-99,-99,-99,臺中市,02,西屯區,125
24.182028,120.632861,西屯,C0F9T0,2018-10-05T07:00:00+08:00,111.0,324,0.7,23.0,0.64,996.5,-99,0.0,-99,-99,-99,臺中市,02,西屯區,125
24.182028,120.632861,西屯,C0F9T0,2018-10-05T08:00:00+08:00,111.0,38,1.5,24.4,0.57,996.8,-99,0.0,-99,-99,-99,臺中市,02,西屯區,125
24.182028,120.632861,西屯,C0F9T0,2018-10-05T09:00:00+08:00,111.0,341,3.3,25.3,0.55,997.0,-99,0.0,-99,-99,-99,臺中市,02,西屯區,125
24.182028,120.632861,西屯,C0F9T0,2018-10-05T10:00:00+08:00,111.0,318,2.2,25.9,0.55,996.7,-99,0.0,-99,-99,-99,臺中市,02,西屯區,125
24.182028,120.632861,西屯,C0F9T0,2018-10-05T11:00:00+08:00,111.0,315,4.0,26.7,0.54,996.3,-99,0.0,-99,-99,-99,臺中市,02,西屯區,125
24.182028,120.632861,西屯,C0F9T0,2018-10-05T12:00:00+08:00,111.0,318,3.2,27.0,0.52,995.7,-99,0.0,-99,-99,-99,臺中市,02,西屯區,125
24.182028,120.632861,西屯,C0F9T0,2018-10-05T13:00:00+08:00,111.0,326,3.4,27.0,0.53,995.0,-99,0.0,-99,-99,-99,臺中市,02,西屯區,125
24.182028,120.632861,西屯,C0F9T0,2018-10-05T14:00:00+08:00,111.0,329,3.6,26.9,0.54,994.7,-99,0.0,-99,-99,-99,臺中市,02,西屯區,125
24.182028,120.632861,西屯,C0F9T0,2018-10-05T15:00:00+08:00,111.0,316,3.8,27.0,0.54,994.9,-99,0.0,-99,-99,-99,臺中市,02,西屯區,125
24.182028,120.632861,西屯,C0F9T0,2018-10-05T16:00:00+08:00,111.0,319,3.2,26.7,0.55,995.4,-99,0.0,-99,-99,-99,臺中市,02,西屯區,125
24.182028,120.632861,西屯,C0F9T0,2018-10-05T17:00:00+08:00,111.0,318,3.3,26.2,0.55,995.8,-99,0.0,-99,-99,-99,臺中市,02,西屯區,125
24.182028,120.632861,西屯,C0F9T0,2018-10-05T18:00:00+08:00,111.0,314,2.2,25.3,0.6,996.1,-99,0.0,-99,-99,-99,臺中市,02,西屯區,125
24.182028,120.632861,西屯,C0F9T0,2018-10-05T19:00:00+08:00,111.0,309,1.2,24.7,0.63,996.8,-99,0.0,-99,-99,-99,臺中市,02,西屯區,125
24.182028,120.632861,西屯,C0F9T0,2018-10-05T20:00:00+08:00,111.0,311,1.3,24.3,0.66,997.4,-99,0.0,-99,-99,-99,臺中市,02,西屯區,125
24.182028,120.632861,西屯,C0F9T0,2018-10-05T21:00:00+08:00,111.0,318,1.6,24.1,0.68,998.1,-99,0.0,-99,-99,-99,臺中市,02,西屯區,125
24.182028,120.632861,西屯,C0F9T0,2018-10-05T22:00:00+08:00,111.0,326,0.8,24.3,0.68,998.4,-99,0.0,-99,-99,-99,臺中市,02,西屯區,125
24.182028,120.632861,西屯,C0F9T0,2018-10-05T23:00:00+08:00,111.0,157,0.8,24.4,0.69,998.6,-99,0.0,-99,-99,-99,臺中市,02,西屯區,125
24.182028,120.632861,西屯,C0F9T0,2018-10-06T00:00:00+08:00,111.0,305,0.9,24.1,0.7,998.5,-99,0.0,-99,-99,-99,臺中市,02,西屯區,125
24.182028,120.632861,西屯,C0F9T0,2018-10-06T01:00:00+08:00,111.0,305,0.6,24.1,0.71,998.1,-99,0.0,-99,-99,-99,臺中市,02,西屯區,125
24.182028,120.632861,西屯,C0F9T0,2018-10-06T02:00:00+08:00,111.0,0,0.2,23.8,0.73,998.0,-99,0.0,-99,-99,-99,臺中市,02,西屯區,125
24.182028,120.632861,西屯,C0F9T0,2018-10-06T03:00:00+08:00,111.0,271,0.4,23.6,0.73,998.1,-99,0.0,-99,-99,-99,臺中市,02,西屯區,125
24.182028,120.632861,西屯,C0F9T0,2018-10-06T04:00:00+08:00,111.0,0,0.1,23.8,0.71,998.2,-99,0.0,-99,-99,-99,臺中市,02,西屯區,125
24.182028,120.632861,西屯,C0F9T0,2018-10-06T05:00:00+08:00,111.0,289,1.0,23.6,0.73,998.7,-99,0.0,-99,-99,-99,臺中市,02,西屯區,125
24.182028,120.632861,西屯,C0F9T0,2018-10-06T06:00:00+08:00,111.0,298,0.5,23.1,0.75,999.1,-99,0.0,-99,-99,-99,臺中市,02,西屯區,125
24.182028,120.632861,西屯,C0F9T0,2018-10-06T07:00:00+08:00,111.0,0,0.0,24.1,0.72,999.6,-99,0.0,-99,-99,-99,臺中市,02,西屯區,125
24.182028,120.632861,西屯,C0F9T0,2018-10-06T08:00:00+08:00,111.0,256,0.3,25.7,0.63,999.9,-99,0.0,-99,-99,-99,臺中市,02,西屯區,125
24.182028,120.632861,西屯,C0F9T0,2018-10-06T09:00:00+08:00,111.0,309,1.3,26.9,0.59,1000.3,-99,0.0,-99,-99,-99,臺中市,02,西屯區,125
24.182028,120.632861,西屯,C0F9T0,2018-10-06T10:00:00+08:00,111.0,341,0.9,28.1,0.58,1000.4,-99,0.0,-99,-99,-99,臺中市,02,西屯區,125
24.182028,120.632861,西屯,C0F9T0,2018-10-06T11:00:00+08:00,111.0,313,2.0,28.6,0.55,1000.0,-99,0.0,-99,-99,-99,臺中市,02,西屯區,125
24.182028,120.632861,西屯,C0F9T0,2018-10-06T12:00:00+08:00,111.0,347,2.3,29.6,0.55,999.4,-99,0.0,-99,-99,-99,臺中市,02,西屯區,125
24.182028,120.632861,西屯,C0F9T0,2018-10-06T13:00:00+08:00,111.0,357,2.1,29.7,0.54,999.1,-99,0.0,-99,-99,-99,臺中市,02,西屯區,125
24.182028,120.632861,西屯,C0F9T0,2018-10-06T14:00:00+08:00,111.0,324,2.5,29.6,0.54,998.8,-99,0.0,-99,-99,-99,臺中市,02,西屯區,125
24.182028,120.632861,西屯,C0F9T0,2018-10-06T15:00:00+08:00,111.0,326,3.2,29.4,0.56,998.4,-99,0.0,-99,-99,-99,臺中市,02,西屯區,125
24.182028,120.632861,西屯,C0F9T0,2018-10-06T16:00:00+08:00,111.0,313,3.3,28.8,0.61,998.7,-99,0.0,-99,-99,-99,臺中市,02,西屯區,125
24.182028,120.632861,西屯,C0F9T0,2018-10-06T17:00:00+08:00,111.0,316,2.3,28.1,0.65,999.1,-99,0.0,-99,-99,-99,臺中市,02,西屯區,125
24.182028,120.632861,西屯,C0F9T0,2018-10-06T18:00:00+08:00,111.0,309,2.5,26.7,0.69,999.1,-99,0.0,-99,-99,-99,臺中市,02,西屯區,125
24.182028,120.632861,西屯,C0F9T0,2018-10-06T19:00:00+08:00,111.0,329,1.6,25.9,0.73,999.4,-99,0.0,-99,-99,-99,臺中市,02,西屯區,125
24.182028,120.632861,西屯,C0F9T0,2018-10-06T20:00:00+08:00,111.0,339,1.5,25.9,0.73,1000.0,-99,0.0,-99,-99,-99,臺中市,02,西屯區,125
24.182028,120.632861,西屯,C0F9T0,2018-10-06T21:00:00+08:00,111.0,332,1.4,25.7,0.73,1000.4,-99,0.0,-99,-99,-99,臺中市,02,西屯區,125
24.182028,120.632861,西屯,C0F9T0,2018-10-06T22:00:00+08:00,111.0,313,0.7,25.4,0.73,1000.6,-99,0.0,-99,-99,-99,臺中市,02,西屯區,125
24.182028,120.632861,西屯,C0F9T0,2018-10-06T23:00:00+08:00,111.0,326,1.3,25.5,0.73,1000.6,-99,0.0,-99,-99,-99,臺中市,02,西屯區,125
24.182028,120.632861,西屯,C0F9T0,2018-10-07T00:00:00+08:00,111.0,328,1.2,24.9,0.75,1000.5,-99,0.0,-99,-99,-99,臺中市,02,西屯區,125
24.182028,120.632861,西屯,C0F9T0,2018-10-07T01:00:00+08:00,111.0,330,1.4,24.4,0.77,1000.2,-99,0.0,-99,-99,-99,臺中市,02,西屯區,125
24.182028,120.632861,西屯,C0F9T0,2018-10-07T02:00:00+08:00,111.0,339,1.4,24.0,0.79,999.9,-99,0.0,-99,-99,-99,臺中市,02,西屯區,125
24.182028,120.632861,西屯,C0F9T0,2018-10-07T03:00:00+08:00,111.0,313,1.3,23.3,0.8,999.8,-99,0.0,-99,-99,-99,臺中市,02,西屯區,125
24.182028,120.632861,西屯,C0F9T0,2018-10-07T04:00:00+08:00,111.0,346,1.6,23.0,0.81,999.7,-99,0.0,-99,-99,-99,臺中市,02,西屯區,125
24.182028,120.632861,西屯,C0F9T0,2018-10-07T05:00:00+08:00,111.0,339,1.5,22.6,0.83,1000.0,-99,0.0,-99,-99,-99,臺中市,02,西屯區,125
24.182028,120.632861,西屯,C0F9T0,2018-10-07T06:00:00+08:00,111.0,337,1.5,22.5,0.85,1000.3,-99,0.0,-99,-99,-99,臺中市,02,西屯區,125
24.182028,120.632861,西屯,C0F9T0,2018-10-07T07:00:00+08:00,111.0,306,1.9,22.7,0.84,1001.2,-99,0.0,-99,-99,-99,臺中市,02,西屯區,125
24.182028,120.632861,西屯,C0F9T0,2018-10-07T08:00:00+08:00,111.0,327,1.3,24.4,0.78,1001.8,-99,0.0,-99,-99,-99,臺中市,02,西屯區,125
24.182028,120.632861,西屯,C0F9T0,2018-10-07T09:00:00+08:00,111.0,329,1.5,25.3,0.73,1001.9,-99,0.0,-99,-99,-99,臺中市,02,西屯區,125
24.182028,120.632861,西屯,C0F9T0,2018-10-07T10:00:00+08:00,111.0,354,1.3,26.7,0.65,1001.8,-99,0.0,-99,-99,-99,臺中市,02,西屯區,125
24.182028,120.632861,西屯,C0F9T0,2018-10-07T11:00:00+08:00,111.0,313,3.0,27.6,0.61,1001.0,-99,0.0,-99,-99,-99,臺中市,02,西屯區,125
24.182028,120.632861,西屯,C0F9T0,2018-10-07T12:00:00+08:00,111.0,332,3.0,28.8,0.57,1000.0,-99,0.0,-99,-99,-99,臺中市,02,西屯區,125
24.182028,120.632861,西屯,C0F9T0,2018-10-07T13:00:00+08:00,111.0,334,3.2,29.2,0.55,999.4,-99,0.0,-99,-99,-99,臺中市,02,西屯區,125
24.182028,120.632861,西屯,C0F9T0,2018-10-07T14:00:00+08:00,111.0,319,2.6,29.1,0.58,998.7,-99,0.0,-99,-99,-99,臺中市,02,西屯區,125
24.182028,120.632861,西屯,C0F9T0,2018-10-07T15:00:00+08:00,111.0,303,3.3,28.3,0.62,998.4,-99,0.0,-99,-99,-99,臺中市,02,西屯區,125
24.182028,120.632861,西屯,C0F9T0,2018-10-07T16:00:00+08:00,111.0,309,2.9,27.6,0.64,998.4,-99,0.0,-99,-99,-99,臺中市,02,西屯區,125
24.182028,120.632861,西屯,C0F9T0,2018-10-07T17:00:00+08:00,111.0,344,2.1,26.8,0.68,998.7,-99,0.0,-99,-99,-99,臺中市,02,西屯區,125
24.182028,120.632861,西屯,C0F9T0,2018-10-07T18:00:00+08:00,111.0,313,2.3,25.3,0.73,999.0,-99,0.0,-99,-99,-99,臺中市,02,西屯區,125
24.182028,120.632861,西屯,C0F9T0,2018-10-07T19:00:00+08:00,111.0,348,2.9,24.4,0.75,999.6,-99,0.0,-99,-99,-99,臺中市,02,西屯區,125
24.182028,120.632861,西屯,C0F9T0,2018-10-07T20:00:00+08:00,111.0,333,1.5,23.9,0.76,1000.3,-99,0.0,-99,-99,-99,臺中市,02,西屯區,125
24.182028,120.632861,西屯,C0F9T0,2018-10-07T21:00:00+08:00,111.0,334,2.2,23.8,0.77,1000.7,-99,0.0,-99,-99,-99,臺中市,02,西屯區,125
24.182028,120.632861,西屯,C0F9T0,2018-10-07T22:00:00+08:00,111.0,318,2.2,23.7,0.77,1000.9,-99,0.0,-99,-99,-99,臺中市,02,西屯區,125
24.182028,120.632861,西屯,C0F9T0,2018-10-07T23:00:00+08:00,111.0,330,2.3,23.4,0.79,1000.9,-99,0.0,-99,-99,-99,臺中市,02,西屯區,125
24.182028,120.632861,西屯,C0F9T0,2018-10-08T00:00:00+08:00,111.0,332,1.6,23.2,0.8,1000.6,-99,0.0,-99,-99,-99,臺中市,02,西屯區,125
24.182028,120.632861,西屯,C0F9T0,2018-10-08T01:00:00+08:00,111.0,336,1.5,23.1,0.8,1000.2,-99,0.0,-99,-99,-99,臺中市,02,西屯區,125
24.182028,120.632861,西屯,C0F9T0,2018-10-08T02:00:00+08:00,111.0,335,1.7,22.9,0.82,1000.0,-99,0.0,-99,-99,-99,臺中市,02,西屯區,125
24.182028,120.632861,西屯,C0F9T0,2018-10-08T03:00:00+08:00,111.0,314,0.9,23.0,0.82,999.7,-99,0.0,-99,-99,-99,臺中市,02,西屯區,125
24.182028,120.632861,西屯,C0F9T0,2018-10-08T04:00:00+08:00,111.0,315,1.1,22.8,0.83,999.4,-99,0.0,-99,-99,-99,臺中市,02,西屯區,125
24.182028,120.632861,西屯,C0F9T0,2018-10-08T05:00:00+08:00,111.0,323,1.3,22.6,0.84,999.8,-99,0.0,-99,-99,-99,臺中市,02,西屯區,125
24.182028,120.632861,西屯,C0F9T0,2018-10-08T06:00:00+08:00,111.0,347,1.9,22.6,0.84,1000.3,-99,0.0,-99,-99,-99,臺中市,02,西屯區,125
24.182028,120.632861,西屯,C0F9T0,2018-10-08T07:00:00+08:00,111.0,330,1.7,23.3,0.82,1000.9,-99,0.0,-99,-99,-99,臺中市,02,西屯區,125
24.182028,120.632861,西屯,C0F9T0,2018-10-08T08:00:00+08:00,111.0,4,1.1,24.8,0.75,1001.3,-99,0.0,-99,-99,-99,臺中市,02,西屯區,125
24.182028,120.632861,西屯,C0F9T0,2018-10-08T09:00:00+08:00,111.0,327,2.4,25.8,0.74,1001.3,-99,0.0,-99,-99,-99,臺中市,02,西屯區,125
24.182028,120.632861,西屯,C0F9T0,2018-10-08T10:00:00+08:00,111.0,313,2.1,27.3,0.67,1001.4,-99,0.0,-99,-99,-99,臺中市,02,西屯區,125
24.182028,120.632861,西屯,C0F9T0,2018-10-08T11:00:00+08:00,111.0,322,2.6,28.5,0.62,1000.6,-99,0.0,-99,-99,-99,臺中市,02,西屯區,125
24.182028,120.632861,西屯,C0F9T0,2018-10-08T12:00:00+08:00,111.0,321,3.0,28.5,0.67,1000.0,-99,0.0,-99,-99,-99,臺中市,02,西屯區,125
24.182028,120.632861,西屯,C0F9T0,2018-10-08T13:00:00+08:00,111.0,322,2.8,28.9,0.64,999.1,-99,0.0,-99,-99,-99,臺中市,02,西屯區,125
24.182028,120.632861,西屯,C0F9T0,2018-10-08T14:00:00+08:00,111.0,315,2.3,29.4,0.61,998.4,-99,0.0,-99,-99,-99,臺中市,02,西屯區,125
24.182028,120.632861,西屯,C0F9T0,2018-10-08T15:00:00+08:00,111.0,340,2.6,29.3,0.62,998.0,-99,0.0,-99,-99,-99,臺中市,02,西屯區,125
24.182028,120.632861,西屯,C0F9T0,2018-10-08T16:00:00+08:00,111.0,337,3.7,28.5,0.65,998.0,-99,0.0,-99,-99,-99,臺中市,02,西屯區,125
24.182028,120.632861,西屯,C0F9T0,2018-10-08T17:00:00+08:00,111.0,324,2.6,27.1,0.7,998.3,-99,0.0,-99,-99,-99,臺中市,02,西屯區,125
24.182028,120.632861,西屯,C0F9T0,2018-10-08T18:00:00+08:00,111.0,324,2.3,26.0,0.76,998.4,-99,0.0,-99,-99,-99,臺中市,02,西屯區,125
24.182028,120.632861,西屯,C0F9T0,2018-10-08T19:00:00+08:00,111.0,313,2.0,25.2,0.79,998.7,-99,0.0,-99,-99,-99,臺中市,02,西屯區,125
24.182028,120.632861,西屯,C0F9T0,2018-10-08T20:00:00+08:00,111.0,331,1.9,24.5,0.81,999.3,-99,0.0,-99,-99,-99,臺中市,02,西屯區,125
24.182028,120.632861,西屯,C0F9T0,2018-10-08T21:00:00+08:00,111.0,327,1.6,23.9,0.83,999.7,-99,0.0,-99,-99,-99,臺中市,02,西屯區,125
24.182028,120.632861,西屯,C0F9T0,2018-10-08T22:00:00+08:00,111.0,310,1.6,23.6,0.85,999.9,-99,0.0,-99,-99,-99,臺中市,02,西屯區,125
24.182028,120.632861,西屯,C0F9T0,2018-10-08T23:00:00+08:00,111.0,347,1.0,23.7,0.85,999.8,-99,0.0,-99,-99,-99,臺中市,02,西屯區,125
24.182028,120.632861,西屯,C0F9T0,2018-10-09T00:00:00+08:00,111.0,4,1.1,23.8,0.85,999.7,-99,0.0,-99,-99,-99,臺中市,02,西屯區,125
24.182028,120.632861,西屯,C0F9T0,2018-10-09T01:00:00+08:00,111.0,320,0.8,23.8,0.84,999.7,-99,0.0,-99,-99,-99,臺中市,02,西屯區,125
24.182028,120.632861,西屯,C0F9T0,2018-10-09T02:00:00+08:00,111.0,298,1.0,23.8,0.85,999.1,-99,0.0,-99,-99,-99,臺中市,02,西屯區,125
24.182028,120.632861,西屯,C0F9T0,2018-10-09T03:00:00+08:00,111.0,312,0.5,23.8,0.84,998.7,-99,0.0,-99,-99,-99,臺中市,02,西屯區,125
24.182028,120.632861,西屯,C0F9T0,2018-10-09T04:00:00+08:00,111.0,341,1.7,23.1,0.86,998.7,-99,0.0,-99,-99,-99,臺中市,02,西屯區,125
24.182028,120.632861,西屯,C0F9T0,2018-10-09T05:00:00+08:00,111.0,324,1.2,23.4,0.85,999.1,-99,0.0,-99,-99,-99,臺中市,02,西屯區,125
24.182028,120.632861,西屯,C0F9T0,2018-10-09T06:00:00+08:00,111.0,341,0.8,23.8,0.84,999.3,-99,0.0,-99,-99,-99,臺中市,02,西屯區,125
24.182028,120.632861,西屯,C0F9T0,2018-10-09T07:00:00+08:00,111.0,321,1.7,24.3,0.78,999.7,-99,0.0,-99,-99,-99,臺中市,02,西屯區,125
24.182028,120.632861,西屯,C0F9T0,2018-10-09T08:00:00+08:00,111.0,318,1.2,25.5,0.75,1000.2,-99,0.0,-99,-99,-99,臺中市,02,西屯區,125
24.182028,120.632861,西屯,C0F9T0,2018-10-09T09:00:00+08:00,111.0,345,0.3,26.8,0.72,1000.3,-99,0.0,-99,-99,-99,臺中市,02,西屯區,125
24.182028,120.632861,西屯,C0F9T0,2018-10-09T10:00:00+08:00,111.0,309,2.1,27.4,0.7,1000.3,-99,0.0,-99,-99,-99,臺中市,02,西屯區,125
24.182028,120.632861,西屯,C0F9T0,2018-10-09T11:00:00+08:00,111.0,320,2.7,28.3,0.66,999.8,-99,0.0,-99,-99,-99,臺中市,02,西屯區,125
24.182028,120.632861,西屯,C0F9T0,2018-10-09T12:00:00+08:00,111.0,307,3.0,28.8,0.64,999.1,-99,0.0,-99,-99,-99,臺中市,02,西屯區,125
24.182028,120.632861,西屯,C0F9T0,2018-10-09T13:00:00+08:00,111.0,321,3.8,28.4,0.66,998.5,-99,0.0,-99,-99,-99,臺中市,02,西屯區,125
24.182028,120.632861,西屯,C0F9T0,2018-10-09T14:00:00+08:00,111.0,327,3.3,28.8,0.64,997.9,-99,0.0,-99,-99,-99,臺中市,02,西屯區,125
24.182028,120.632861,西屯,C0F9T0,2018-10-09T15:00:00+08:00,111.0,333,2.7,28.8,0.64,997.4,-99,0.0,-99,-99,-99,臺中市,02,西屯區,125
24.182028,120.632861,西屯,C0F9T0,2018-10-09T16:00:00+08:00,111.0,317,2.4,28.7,0.65,997.6,-99,0.0,-99,-99,-99,臺中市,02,西屯區,125
24.182028,120.632861,西屯,C0F9T0,2018-10-09T17:00:00+08:00,111.0,314,2.2,27.0,0.76,998.1,-99,0.0,-99,-99,-99,臺中市,02,西屯區,125
24.182028,120.632861,西屯,C0F9T0,2018-10-09T18:00:00+08:00,111.0,321,3.2,25.4,0.83,998.7,-99,0.0,-99,-99,-99,臺中市,02,西屯區,125
24.182028,120.632861,西屯,C0F9T0,2018-10-09T19:00:00+08:00,111.0,321,1.4,24.9,0.86,998.9,-99,0.0,-99,-99,-99,臺中市,02,西屯區,125
24.182028,120.632861,西屯,C0F9T0,2018-10-09T20:00:00+08:00,111.0,314,1.3,24.5,0.86,999.3,-99,0.0,-99,-99,-99,臺中市,02,西屯區,125
24.182028,120.632861,西屯,C0F9T0,2018-10-09T22:00:00+08:00,111.0,335,1.4,24.4,0.87,999.9,-99,0.0,-99,-99,-99,臺中市,02,西屯區,125
24.182028,120.632861,西屯,C0F9T0,2018-10-09T23:00:00+08:00,111.0,289,0.3,24.5,0.87,999.9,-99,0.0,-99,-99,-99,臺中市,02,西屯區,125
24.182028,120.632861,西屯,C0F9T0,2018-10-10T00:00:00+08:00,111.0,223,0.3,25.1,0.85,1000.2,-99,0.0,-99,-99,-99,臺中市,02,西屯區,125
24.182028,120.632861,西屯,C0F9T0,2018-10-10T01:00:00+08:00,111.0,0,0.1,25.0,0.86,999.8,-99,0.0,-99,-99,-99,臺中市,02,西屯區,125
24.182028,120.632861,西屯,C0F9T0,2018-10-10T02:00:00+08:00,111.0,0,0.0,25.1,0.85,999.6,-99,0.0,-99,-99,-99,臺中市,02,西屯區,125
24.182028,120.632861,西屯,C0F9T0,2018-10-10T03:00:00+08:00,111.0,315,0.9,24.9,0.85,999.1,-99,0.0,-99,-99,-99,臺中市,02,西屯區,125
24.182028,120.632861,西屯,C0F9T0,2018-10-10T04:00:00+08:00,111.0,327,1.3,24.4,0.86,998.8,-99,0.0,-99,-99,-99,臺中市,02,西屯區,125
24.182028,120.632861,西屯,C0F9T0,2018-10-10T05:00:00+08:00,111.0,326,1.7,24.0,0.87,999.2,-99,0.0,-99,-99,-99,臺中市,02,西屯區,125
24.182028,120.632861,西屯,C0F9T0,2018-10-10T07:00:00+08:00,111.0,316,2.0,24.0,0.87,1000.1,-99,0.0,-99,-99,-99,臺中市,02,西屯區,125
24.182028,120.632861,西屯,C0F9T0,2018-10-10T08:00:00+08:00,111.0,315,2.8,24.5,0.84,1000.5,-99,0.0,-99,-99,-99,臺中市,02,西屯區,125
24.182028,120.632861,西屯,C0F9T0,2018-10-10T09:00:00+08:00,111.0,314,3.0,25.6,0.77,1000.9,-99,0.0,-99,-99,-99,臺中市,02,西屯區,125
24.182028,120.632861,西屯,C0F9T0,2018-10-10T10:00:00+08:00,111.0,327,1.4,26.6,0.7,1000.8,-99,0.0,-99,-99,-99,臺中市,02,西屯區,125
24.182028,120.632861,西屯,C0F9T0,2018-10-10T11:00:00+08:00,111.0,331,2.4,27.9,0.62,1000.3,-99,0.0,-99,-99,-99,臺中市,02,西屯區,125
24.182028,120.632861,西屯,C0F9T0,2018-10-10T12:00:00+08:00,111.0,348,1.5,28.9,0.57,999.2,-99,0.0,-99,-99,-99,臺中市,02,西屯區,125
24.182028,120.632861,西屯,C0F9T0,2018-10-10T13:00:00+08:00,111.0,326,2.2,29.5,0.55,998.8,-99,0.0,-99,-99,-99,臺中市,02,西屯區,125
24.182028,120.632861,西屯,C0F9T0,2018-10-10T14:00:00+08:00,111.0,319,3.0,29.5,0.54,998.0,-99,0.0,-99,-99,-99,臺中市,02,西屯區,125
24.182028,120.632861,西屯,C0F9T0,2018-10-10T15:00:00+08:00,111.0,346,1.4,30.0,0.52,997.6,-99,0.0,-99,-99,-99,臺中市,02,西屯區,125
24.182028,120.632861,西屯,C0F9T0,2018-10-10T16:00:00+08:00,111.0,319,2.0,29.1,0.56,997.9,-99,0.0,-99,-99,-99,臺中市,02,西屯區,125
24.182028,120.632861,西屯,C0F9T0,2018-10-10T17:00:00+08:00,111.0,338,2.7,26.9,0.61,998.9,-99,0.0,7.9,346,2018-10-10T16:55:00+08:00,臺中市,02,西屯區,125
24.182028,120.632861,西屯,C0F9T0,2018-10-10T18:00:00+08:00,111.0,342,2.2,25.8,0.64,999.6,-99,0.0,8.3,8,2018-10-10T17:25:00+08:00,臺中市,02,西屯區,125
24.182028,120.632861,西屯,C0F9T0,2018-10-10T19:00:00+08:00,111.0,327,1.7,25.3,0.68,999.8,-99,0.0,8.7,350,2018-10-10T18:04:00+08:00,臺中市,02,西屯區,125
24.182028,120.632861,西屯,C0F9T0,2018-10-10T20:00:00+08:00,111.0,302,1.6,24.6,0.72,1000.7,-99,0.0,-99,-99,-99,臺中市,02,西屯區,125
24.182028,120.632861,西屯,C0F9T0,2018-10-10T21:00:00+08:00,111.0,337,2.3,24.0,0.75,1001.2,-99,0.0,-99,-99,-99,臺中市,02,西屯區,125
24.182028,120.632861,西屯,C0F9T0,2018-10-10T22:00:00+08:00,111.0,345,2.5,23.7,0.77,1001.3,-99,0.0,-99,-99,-99,臺中市,02,西屯區,125
24.182028,120.632861,西屯,C0F9T0,2018-10-10T23:00:00+08:00,111.0,329,1.5,23.8,0.77,1001.3,-99,0.0,-99,-99,-99,臺中市,02,西屯區,125
24.182028,120.632861,西屯,C0F9T0,2018-10-11T00:00:00+08:00,111.0,328,1.1,23.4,0.79,1001.6,-99,0.0,6.4,2,2018-10-10T23:53:00+08:00,臺中市,02,西屯區,125
24.182028,120.632861,西屯,C0F9T0,2018-10-11T01:00:00+08:00,111.0,354,1.8,23.3,0.79,1001.4,-99,0.0,-99,-99,-99,臺中市,02,西屯區,125
24.182028,120.632861,西屯,C0F9T0,2018-10-11T02:00:00+08:00,111.0,14,1.6,23.2,0.79,1000.8,-99,0.0,-99,-99,-99,臺中市,02,西屯區,125
24.182028,120.632861,西屯,C0F9T0,2018-10-11T03:00:00+08:00,111.0,337,1.5,22.8,0.8,1000.7,-99,0.0,-99,-99,-99,臺中市,02,西屯區,125
24.182028,120.632861,西屯,C0F9T0,2018-10-11T04:00:00+08:00,111.0,2,1.2,22.9,0.8,1000.6,-99,0.0,-99,-99,-99,臺中市,02,西屯區,125
24.182028,120.632861,西屯,C0F9T0,2018-10-11T05:00:00+08:00,111.0,18,2.2,22.9,0.8,1001.0,-99,0.0,-99,-99,-99,臺中市,02,西屯區,125
24.182028,120.632861,西屯,C0F9T0,2018-10-11T06:00:00+08:00,111.0,11,2.2,22.7,0.8,1001.4,-99,0.0,-99,-99,-99,臺中市,02,西屯區,125
24.182028,120.632861,西屯,C0F9T0,2018-10-11T07:00:00+08:00,111.0,338,2.0,22.8,0.78,1001.7,-99,0.0,9.2,45,2018-10-11T06:38:00+08:00,臺中市,02,西屯區,125
24.182028,120.632861,西屯,C0F9T0,2018-10-11T08:00:00+08:00,111.0,336,2.8,22.9,0.77,1002.5,-99,0.0,-99,-99,-99,臺中市,02,西屯區,125
24.182028,120.632861,西屯,C0F9T0,2018-10-11T09:00:00+08:00,111.0,354,2.7,23.3,0.73,1003.0,-99,0.0,9.3,5,2018-10-11T08:01:00+08:00,臺中市,02,西屯區,125
24.182028,120.632861,西屯,C0F9T0,2018-10-11T10:00:00+08:00,111.0,341,3.2,23.8,0.71,1002.9,-99,0.0,8.7,348,2018-10-11T09:55:00+08:00,臺中市,02,西屯區,125
24.182028,120.632861,西屯,C0F9T0,2018-10-11T11:00:00+08:00,111.0,9,3.5,24.4,0.69,1002.5,-99,0.0,10.2,348,2018-10-11T10:47:00+08:00,臺中市,02,西屯區,125
24.182028,120.632861,西屯,C0F9T0,2018-10-11T12:00:00+08:00,111.0,338,3.2,24.7,0.67,1001.8,-99,0.0,9.4,5,2018-10-11T11:41:00+08:00,臺中市,02,西屯區,125
24.182028,120.632861,西屯,C0F9T0,2018-10-11T13:00:00+08:00,111.0,355,3.2,24.7,0.65,1001.3,-99,0.0,-99,-99,-99,臺中市,02,西屯區,125
24.182028,120.632861,西屯,C0F9T0,2018-10-11T14:00:00+08:00,111.0,26,4.0,24.6,0.66,1000.4,-99,0.0,9.2,38,2018-10-11T13:35:00+08:00,臺中市,02,西屯區,125
24.182028,120.632861,西屯,C0F9T0,2018-10-11T15:00:00+08:00,111.0,349,2.9,23.8,0.69,1000.7,-99,0.0,10.8,338,2018-10-11T14:11:00+08:00,臺中市,02,西屯區,125
24.182028,120.632861,西屯,C0F9T0,2018-10-11T16:00:00+08:00,111.0,339,3.0,22.7,0.73,1001.2,-99,0.0,9.5,353,2018-10-11T15:01:00+08:00,臺中市,02,西屯區,125
24.182028,120.632861,西屯,C0F9T0,2018-10-11T17:00:00+08:00,111.0,360,2.8,22.2,0.71,1001.7,-99,0.0,9.0,3,2018-10-11T16:44:00+08:00,臺中市,02,西屯區,125
24.182028,120.632861,西屯,C0F9T0,2018-10-11T18:00:00+08:00,111.0,342,1.8,22.1,0.72,1001.9,-99,0.0,8.7,348,2018-10-11T17:03:00+08:00,臺中市,02,西屯區,125
24.182028,120.632861,西屯,C0F9T0,2018-10-11T19:00:00+08:00,111.0,2,2.4,22.1,0.72,1002.2,-99,0.0,-99,-99,-99,臺中市,02,西屯區,125
24.182028,120.632861,西屯,C0F9T0,2018-10-11T20:00:00+08:00,111.0,347,1.9,21.9,0.76,1002.6,-99,0.0,8.2,347,2018-10-11T19:47:00+08:00,臺中市,02,西屯區,125
24.182028,120.632861,西屯,C0F9T0,2018-10-11T21:00:00+08:00,111.0,3,1.8,21.6,0.75,1002.8,-99,0.0,6.9,47,2018-10-11T20:01:00+08:00,臺中市,02,西屯區,125
24.182028,120.632861,西屯,C0F9T0,2018-10-11T22:00:00+08:00,111.0,343,2.7,21.6,0.72,1003.4,-99,0.0,-99,-99,-99,臺中市,02,西屯區,125
24.182028,120.632861,西屯,C0F9T0,2018-10-11T23:00:00+08:00,111.0,340,1.8,21.8,0.71,1002.9,-99,0.0,7.6,22,2018-10-11T22:11:00+08:00,臺中市,02,西屯區,125
24.182028,120.632861,西屯,C0F9T0,2018-10-12T00:00:00+08:00,111.0,347,2.2,21.6,0.73,1002.8,-99,0.0,-99,-99,-99,臺中市,02,西屯區,125
24.182028,120.632861,西屯,C0F9T0,2018-10-12T01:00:00+08:00,111.0,7,1.8,21.6,0.74,1002.8,-99,0.0,-99,-99,-99,臺中市,02,西屯區,125
24.182028,120.632861,西屯,C0F9T0,2018-10-12T02:00:00+08:00,111.0,348,1.9,21.4,0.75,1002.7,-99,0.0,-99,-99,-99,臺中市,02,西屯區,125
24.182028,120.632861,西屯,C0F9T0,2018-10-12T03:00:00+08:00,111.0,340,2.6,20.8,0.8,1002.4,-99,0.0,-99,-99,-99,臺中市,02,西屯區,125
24.182028,120.632861,西屯,C0F9T0,2018-10-12T04:00:00+08:00,111.0,338,2.5,20.4,0.81,1002.4,-99,0.0,-99,-99,-99,臺中市,02,西屯區,125
24.182028,120.632861,西屯,C0F9T0,2018-10-12T05:00:00+08:00,111.0,343,2.6,19.9,0.82,1002.7,-99,0.0,-99,-99,-99,臺中市,02,西屯區,125
24.182028,120.632861,西屯,C0F9T0,2018-10-12T06:00:00+08:00,111.0,332,2.3,20.1,0.82,1002.9,-99,0.0,-99,-99,-99,臺中市,02,西屯區,125
24.182028,120.632861,西屯,C0F9T0,2018-10-12T07:00:00+08:00,111.0,337,3.0,20.0,0.85,1003.4,-99,0.0,-99,-99,-99,臺中市,02,西屯區,125
24.182028,120.632861,西屯,C0F9T0,2018-10-12T08:00:00+08:00,111.0,341,1.8,20.7,0.84,1003.7,-99,0.0,-99,-99,-99,臺中市,02,西屯區,125
24.182028,120.632861,西屯,C0F9T0,2018-10-12T09:00:00+08:00,111.0,348,2.2,21.9,0.77,1004.1,-99,0.0,-99,-99,-99,臺中市,02,西屯區,125
24.182028,120.632861,西屯,C0F9T0,2018-10-12T10:00:00+08:00,111.0,314,2.4,21.8,0.78,1004.6,-99,0.0,-99,-99,-99,臺中市,02,西屯區,125
24.182028,120.632861,西屯,C0F9T0,2018-10-12T11:00:00+08:00,111.0,340,2.4,22.2,0.76,1004.6,-99,0.0,-99,-99,-99,臺中市,02,西屯區,125
24.182028,120.632861,西屯,C0F9T0,2018-10-12T12:00:00+08:00,111.0,348,2.3,22.7,0.75,1004.0,-99,0.0,-99,-99,-99,臺中市,02,西屯區,125
24.182028,120.632861,西屯,C0F9T0,2018-10-12T13:00:00+08:00,111.0,321,1.8,23.6,0.73,1003.1,-99,0.0,-99,-99,-99,臺中市,02,西屯區,125
24.182028,120.632861,西屯,C0F9T0,2018-10-12T14:00:00+08:00,111.0,318,1.6,23.5,0.73,1002.8,-99,0.0,-99,-99,-99,臺中市,02,西屯區,125
24.182028,120.632861,西屯,C0F9T0,2018-10-12T15:00:00+08:00,111.0,316,2.1,22.9,0.76,1002.5,-99,0.0,-99,-99,-99,臺中市,02,西屯區,125
24.182028,120.632861,西屯,C0F9T0,2018-10-12T16:00:00+08:00,111.0,321,2.2,22.3,0.78,1002.7,-99,0.0,-99,-99,-99,臺中市,02,西屯區,125
24.182028,120.632861,西屯,C0F9T0,2018-10-12T17:00:00+08:00,111.0,340,1.7,21.4,0.79,1002.9,-99,0.0,-99,-99,-99,臺中市,02,西屯區,125
24.182028,120.632861,西屯,C0F9T0,2018-10-12T18:00:00+08:00,111.0,319,2.1,20.9,0.8,1002.9,-99,0.0,-99,-99,-99,臺中市,02,西屯區,125
24.182028,120.632861,西屯,C0F9T0,2018-10-12T19:00:00+08:00,111.0,326,1.6,20.5,0.83,1003.3,-99,0.0,-99,-99,-99,臺中市,02,西屯區,125
24.182028,120.632861,西屯,C0F9T0,2018-10-12T20:00:00+08:00,111.0,314,2.9,20.2,0.85,1003.6,-99,0.0,-99,-99,-99,臺中市,02,西屯區,125
24.182028,120.632861,西屯,C0F9T0,2018-10-12T21:00:00+08:00,111.0,344,1.6,19.7,0.88,1004.1,-99,0.0,-99,-99,-99,臺中市,02,西屯區,125
24.182028,120.632861,西屯,C0F9T0,2018-10-12T22:00:00+08:00,111.0,333,1.5,19.6,0.88,1003.8,-99,0.0,-99,-99,-99,臺中市,02,西屯區,125
24.182028,120.632861,西屯,C0F9T0,2018-10-12T23:00:00+08:00,111.0,312,1.5,19.6,0.88,1003.6,-99,0.0,-99,-99,-99,臺中市,02,西屯區,125
24.182028,120.632861,西屯,C0F9T0,2018-10-13T00:00:00+08:00,111.0,314,1.0,19.5,0.88,1003.8,-99,0.0,-99,-99,-99,臺中市,02,西屯區,125
24.182028,120.632861,西屯,C0F9T0,2018-10-13T01:00:00+08:00,111.0,325,1.7,19.4,0.88,1003.6,-99,0.0,-99,-99,-99,臺中市,02,西屯區,125
24.182028,120.632861,西屯,C0F9T0,2018-10-13T02:00:00+08:00,111.0,338,0.9,19.3,0.9,1003.2,-99,0.0,-99,-99,-99,臺中市,02,西屯區,125
24.182028,120.632861,西屯,C0F9T0,2018-10-13T03:00:00+08:00,111.0,350,2.1,19.2,0.92,1002.8,-99,0.0,-99,-99,-99,臺中市,02,西屯區,125
24.182028,120.632861,西屯,C0F9T0,2018-10-13T04:00:00+08:00,111.0,347,1.6,19.3,0.91,1002.7,-99,0.5,-99,-99,-99,臺中市,02,西屯區,125
24.182028,120.632861,西屯,C0F9T0,2018-10-13T05:00:00+08:00,111.0,8,1.5,19.2,0.93,1002.9,-99,2.0,-99,-99,-99,臺中市,02,西屯區,125
24.182028,120.632861,西屯,C0F9T0,2018-10-13T06:00:00+08:00,111.0,325,1.1,19.6,0.95,1003.1,-99,2.5,-99,-99,-99,臺中市,02,西屯區,125
24.182028,120.632861,西屯,C0F9T0,2018-10-13T07:00:00+08:00,111.0,342,0.9,19.7,0.93,1003.9,-99,2.5,-99,-99,-99,臺中市,02,西屯區,125
24.182028,120.632861,西屯,C0F9T0,2018-10-13T08:00:00+08:00,111.0,32,0.7,20.9,0.91,1003.9,-99,3.0,-99,-99,-99,臺中市,02,西屯區,125
24.182028,120.632861,西屯,C0F9T0,2018-10-13T09:00:00+08:00,111.0,339,1.7,22.0,0.88,1004.0,-99,3.0,-99,-99,-99,臺中市,02,西屯區,125
24.182028,120.632861,西屯,C0F9T0,2018-10-13T10:00:00+08:00,111.0,323,2.2,23.3,0.84,1004.1,-99,3.0,-99,-99,-99,臺中市,02,西屯區,125
24.182028,120.632861,西屯,C0F9T0,2018-10-13T11:00:00+08:00,111.0,305,2.4,25.7,0.69,1003.6,-99,3.0,-99,-99,-99,臺中市,02,西屯區,125
24.182028,120.632861,西屯,C0F9T0,2018-10-13T12:00:00+08:00,111.0,16,1.3,26.8,0.64,1002.8,-99,3.0,-99,-99,-99,臺中市,02,西屯區,125
24.182028,120.632861,西屯,C0F9T0,2018-10-13T13:00:00+08:00,111.0,329,2.0,27.4,0.64,1002.0,-99,3.0,-99,-99,-99,臺中市,02,西屯區,125
24.182028,120.632861,西屯,C0F9T0,2018-10-13T14:00:00+08:00,111.0,324,2.2,27.8,0.59,1001.5,-99,3.0,-99,-99,-99,臺中市,02,西屯區,125
24.182028,120.632861,西屯,C0F9T0,2018-10-13T15:00:00+08:00,111.0,332,1.8,27.7,0.59,1001.2,-99,3.0,-99,-99,-99,臺中市,02,西屯區,125
24.182028,120.632861,西屯,C0F9T0,2018-10-13T16:00:00+08:00,111.0,325,2.4,27.2,0.63,1001.5,-99,3.0,-99,-99,-99,臺中市,02,西屯區,125
24.182028,120.632861,西屯,C0F9T0,2018-10-13T17:00:00+08:00,111.0,349,1.5,27.1,0.65,1001.3,-99,3.0,-99,-99,-99,臺中市,02,西屯區,125
24.182028,120.632861,西屯,C0F9T0,2018-10-13T19:00:00+08:00,111.0,336,1.7,24.8,0.77,1001.8,-99,3.0,-99,-99,-99,臺中市,02,西屯區,125
24.182028,120.632861,西屯,C0F9T0,2018-10-13T20:00:00+08:00,111.0,318,0.9,24.5,0.79,1002.3,-99,3.0,-99,-99,-99,臺中市,02,西屯區,125
24.182028,120.632861,西屯,C0F9T0,2018-10-13T21:00:00+08:00,111.0,318,1.4,24.1,0.81,1002.4,-99,3.0,-99,-99,-99,臺中市,02,西屯區,125
24.182028,120.632861,西屯,C0F9T0,2018-10-13T22:00:00+08:00,111.0,330,1.1,23.5,0.82,1002.5,-99,3.0,-99,-99,-99,臺中市,02,西屯區,125
24.182028,120.632861,西屯,C0F9T0,2018-10-13T23:00:00+08:00,111.0,325,1.4,23.1,0.83,1002.4,-99,3.0,-99,-99,-99,臺中市,02,西屯區,125
24.182028,120.632861,西屯,C0F9T0,2018-10-14T00:00:00+08:00,111.0,307,0.8,22.7,0.84,1002.0,-99,3.0,-99,-99,-99,臺中市,02,西屯區,125
24.182028,120.632861,西屯,C0F9T0,2018-10-14T01:00:00+08:00,111.0,0,0.0,22.9,0.83,1001.6,-99,0.0,-99,-99,-99,臺中市,02,西屯區,125
24.182028,120.632861,西屯,C0F9T0,2018-10-14T02:00:00+08:00,111.0,326,0.9,23.2,0.82,1001.1,-99,0.0,-99,-99,-99,臺中市,02,西屯區,125
24.182028,120.632861,西屯,C0F9T0,2018-10-14T03:00:00+08:00,111.0,295,0.5,23.4,0.83,1000.6,-99,0.0,-99,-99,-99,臺中市,02,西屯區,125
24.182028,120.632861,西屯,C0F9T0,2018-10-14T04:00:00+08:00,111.0,0,0.1,23.3,0.83,1000.7,-99,0.0,-99,-99,-99,臺中市,02,西屯區,125
24.182028,120.632861,西屯,C0F9T0,2018-10-14T05:00:00+08:00,111.0,116,0.3,23.4,0.84,1000.7,-99,0.0,-99,-99,-99,臺中市,02,西屯區,125
24.182028,120.632861,西屯,C0F9T0,2018-10-14T06:00:00+08:00,111.0,0,0.0,23.0,0.86,1001.1,-99,0.0,-99,-99,-99,臺中市,02,西屯區,125
24.182028,120.632861,西屯,C0F9T0,2018-10-14T07:00:00+08:00,111.0,56,0.3,24.0,0.84,1001.9,-99,0.0,-99,-99,-99,臺中市,02,西屯區,125
24.182028,120.632861,西屯,C0F9T0,2018-10-14T08:00:00+08:00,111.0,338,0.3,25.3,0.76,1002.5,-99,0.0,-99,-99,-99,臺中市,02,西屯區,125
24.182028,120.632861,西屯,C0F9T0,2018-10-14T09:00:00+08:00,111.0,200,1.9,26.9,0.65,1002.6,-99,0.0,-99,-99,-99,臺中市,02,西屯區,125
24.182028,120.632861,西屯,C0F9T0,2018-10-14T10:00:00+08:00,111.0,253,1.5,27.9,0.63,1002.6,-99,0.0,-99,-99,-99,臺中市,02,西屯區,125
24.182028,120.632861,西屯,C0F9T0,2018-10-14T11:00:00+08:00,111.0,271,1.0,29.2,0.56,1001.9,-99,0.0,-99,-99,-99,臺中市,02,西屯區,125
24.182028,120.632861,西屯,C0F9T0,2018-10-14T12:00:00+08:00,111.0,300,3.0,29.2,0.61,1001.2,-99,0.0,-99,-99,-99,臺中市,02,西屯區,125
24.182028,120.632861,西屯,C0F9T0,2018-10-14T13:00:00+08:00,111.0,346,1.1,28.9,0.63,1000.6,-99,0.0,-99,-99,-99,臺中市,02,西屯區,125
24.182028,120.632861,西屯,C0F9T0,2018-10-14T14:00:00+08:00,111.0,304,3.6,28.7,0.61,1000.2,-99,0.0,-99,-99,-99,臺中市,02,西屯區,125
24.182028,120.632861,西屯,C0F9T0,2018-10-14T15:00:00+08:00,111.0,327,2.8,28.3,0.6,1000.2,-99,0.0,-99,-99,-99,臺中市,02,西屯區,125
24.182028,120.632861,西屯,C0F9T0,2018-10-14T16:00:00+08:00,111.0,328,2.5,27.4,0.61,1000.3,-99,0.0,-99,-99,-99,臺中市,02,西屯區,125
24.182028,120.632861,西屯,C0F9T0,2018-10-14T17:00:00+08:00,111.0,29,1.7,27.3,0.63,1000.6,-99,0.0,-99,-99,-99,臺中市,02,西屯區,125
24.182028,120.632861,西屯,C0F9T0,2018-10-14T18:00:00+08:00,111.0,308,1.5,27.0,0.63,1000.5,-99,0.0,-99,-99,-99,臺中市,02,西屯區,125
24.182028,120.632861,西屯,C0F9T0,2018-10-14T19:00:00+08:00,111.0,318,0.8,26.6,0.67,1000.9,-99,0.0,-99,-99,-99,臺中市,02,西屯區,125
24.182028,120.632861,西屯,C0F9T0,2018-10-14T20:00:00+08:00,111.0,326,1.1,26.4,0.71,1001.2,-99,0.0,-99,-99,-99,臺中市,02,西屯區,125
24.182028,120.632861,西屯,C0F9T0,2018-10-14T21:00:00+08:00,111.0,312,0.9,25.6,0.76,1001.4,-99,0.0,-99,-99,-99,臺中市,02,西屯區,125
24.182028,120.632861,西屯,C0F9T0,2018-10-14T22:00:00+08:00,111.0,339,1.8,24.4,0.85,1001.3,-99,0.0,-99,-99,-99,臺中市,02,西屯區,125
24.182028,120.632861,西屯,C0F9T0,2018-10-14T23:00:00+08:00,111.0,337,2.1,23.8,0.88,1001.3,-99,0.0,-99,-99,-99,臺中市,02,西屯區,125
24.182028,120.632861,西屯,C0F9T0,2018-10-15T00:00:00+08:00,111.0,312,1.4,23.7,0.88,1001.3,-99,0.0,-99,-99,-99,臺中市,02,西屯區,125
24.182028,120.632861,西屯,C0F9T0,2018-10-15T01:00:00+08:00,111.0,318,1.2,23.6,0.88,1001.2,-99,0.0,-99,-99,-99,臺中市,02,西屯區,125
24.182028,120.632861,西屯,C0F9T0,2018-10-15T02:00:00+08:00,111.0,321,1.4,23.4,0.88,1000.8,-99,0.0,-99,-99,-99,臺中市,02,西屯區,125
24.182028,120.632861,西屯,C0F9T0,2018-10-15T03:00:00+08:00,111.0,311,1.6,23.0,0.89,1000.6,-99,0.0,-99,-99,-99,臺中市,02,西屯區,125
24.182028,120.632861,西屯,C0F9T0,2018-10-15T04:00:00+08:00,111.0,340,1.7,22.8,0.88,1000.1,-99,0.0,-99,-99,-99,臺中市,02,西屯區,125
24.182028,120.632861,西屯,C0F9T0,2018-10-15T05:00:00+08:00,111.0,332,1.6,23.0,0.87,1000.2,-99,0.0,-99,-99,-99,臺中市,02,西屯區,125
24.182028,120.632861,西屯,C0F9T0,2018-10-15T06:00:00+08:00,111.0,331,1.6,22.9,0.88,1000.7,-99,0.0,-99,-99,-99,臺中市,02,西屯區,125
24.182028,120.632861,西屯,C0F9T0,2018-10-15T07:00:00+08:00,111.0,327,1.2,23.5,0.86,1000.8,-99,0.0,-99,-99,-99,臺中市,02,西屯區,125
24.182028,120.632861,西屯,C0F9T0,2018-10-15T08:00:00+08:00,111.0,319,2.6,24.5,0.8,1001.4,-99,0.0,-99,-99,-99,臺中市,02,西屯區,125
24.182028,120.632861,西屯,C0F9T0,2018-10-15T09:00:00+08:00,111.0,20,2.0,25.6,0.74,1001.6,-99,0.0,-99,-99,-99,臺中市,02,西屯區,125
24.182028,120.632861,西屯,C0F9T0,2018-10-15T10:00:00+08:00,111.0,313,2.7,26.2,0.74,1001.3,-99,0.0,-99,-99,-99,臺中市,02,西屯區,125
24.182028,120.632861,西屯,C0F9T0,2018-10-15T11:00:00+08:00,111.0,329,2.9,27.1,0.71,1000.3,-99,0.0,-99,-99,-99,臺中市,02,西屯區,125
24.182028,120.632861,西屯,C0F9T0,2018-10-15T12:00:00+08:00,111.0,356,1.6,28.8,0.63,999.7,-99,0.0,-99,-99,-99,臺中市,02,西屯區,125
24.182028,120.632861,西屯,C0F9T0,2018-10-15T13:00:00+08:00,111.0,311,3.9,28.0,0.69,999.1,-99,0.0,-99,-99,-99,臺中市,02,西屯區,125
24.182028,120.632861,西屯,C0F9T0,2018-10-15T14:00:00+08:00,111.0,325,3.2,27.7,0.72,998.7,-99,0.0,-99,-99,-99,臺中市,02,西屯區,125
24.182028,120.632861,西屯,C0F9T0,2018-10-15T15:00:00+08:00,111.0,337,2.7,27.8,0.72,998.4,-99,0.0,-99,-99,-99,臺中市,02,西屯區,125
24.182028,120.632861,西屯,C0F9T0,2018-10-15T16:00:00+08:00,111.0,322,3.1,27.0,0.74,999.0,-99,0.0,-99,-99,-99,臺中市,02,西屯區,125
24.182028,120.632861,西屯,C0F9T0,2018-10-15T17:00:00+08:00,111.0,331,1.9,25.8,0.79,999.2,-99,0.0,-99,-99,-99,臺中市,02,西屯區,125
24.182028,120.632861,西屯,C0F9T0,2018-10-15T18:00:00+08:00,111.0,313,1.9,25.0,0.83,999.0,-99,0.0,-99,-99,-99,臺中市,02,西屯區,125
24.182028,120.632861,西屯,C0F9T0,2018-10-15T19:00:00+08:00,111.0,320,1.1,24.8,0.84,999.0,-99,0.0,-99,-99,-99,臺中市,02,西屯區,125
24.182028,120.632861,西屯,C0F9T0,2018-10-15T20:00:00+08:00,111.0,339,1.4,24.6,0.85,999.7,-99,0.0,-99,-99,-99,臺中市,02,西屯區,125
24.182028,120.632861,西屯,C0F9T0,2018-10-15T21:00:00+08:00,111.0,321,0.4,24.6,0.85,1000.3,-99,0.0,-99,-99,-99,臺中市,02,西屯區,125
24.182028,120.632861,西屯,C0F9T0,2018-10-15T22:00:00+08:00,111.0,320,0.8,24.8,0.84,1000.7,-99,0.0,-99,-99,-99,臺中市,02,西屯區,125
24.182028,120.632861,西屯,C0F9T0,2018-10-15T23:00:00+08:00,111.0,208,2.1,25.2,0.82,1000.6,-99,0.0,-99,-99,-99,臺中市,02,西屯區,125
24.182028,120.632861,西屯,C0F9T0,2018-10-16T00:00:00+08:00,111.0,200,0.8,25.1,0.84,1000.5,-99,0.0,-99,-99,-99,臺中市,02,西屯區,125
24.182028,120.632861,西屯,C0F9T0,2018-10-16T01:00:00+08:00,111.0,212,0.5,25.1,0.84,999.9,-99,0.0,-99,-99,-99,臺中市,02,西屯區,125
24.182028,120.632861,西屯,C0F9T0,2018-10-16T02:00:00+08:00,111.0,302,0.9,24.7,0.85,999.9,-99,0.0,-99,-99,-99,臺中市,02,西屯區,125
24.182028,120.632861,西屯,C0F9T0,2018-10-16T03:00:00+08:00,111.0,332,1.2,24.0,0.87,999.8,-99,0.0,-99,-99,-99,臺中市,02,西屯區,125
24.182028,120.632861,西屯,C0F9T0,2018-10-16T04:00:00+08:00,111.0,26,0.5,24.2,0.87,999.3,-99,0.0,-99,-99,-99,臺中市,02,西屯區,125
24.182028,120.632861,西屯,C0F9T0,2018-10-16T05:00:00+08:00,111.0,288,0.6,24.3,0.87,999.7,-99,0.0,-99,-99,-99,臺中市,02,西屯區,125
24.182028,120.632861,西屯,C0F9T0,2018-10-16T06:00:00+08:00,111.0,309,1.2,24.1,0.88,999.9,-99,0.0,-99,-99,-99,臺中市,02,西屯區,125
24.182028,120.632861,西屯,C0F9T0,2018-10-16T07:00:00+08:00,111.0,331,0.8,24.3,0.87,1000.0,-99,0.0,-99,-99,-99,臺中市,02,西屯區,125
24.182028,120.632861,西屯,C0F9T0,2018-10-16T08:00:00+08:00,111.0,356,0.7,25.1,0.83,1000.3,-99,0.0,-99,-99,-99,臺中市,02,西屯區,125
24.182028,120.632861,西屯,C0F9T0,2018-10-16T09:00:00+08:00,111.0,334,1.2,26.3,0.77,1000.3,-99,0.0,-99,-99,-99,臺中市,02,西屯區,125
24.182028,120.632861,西屯,C0F9T0,2018-10-16T10:00:00+08:00,111.0,325,1.3,26.4,0.75,1000.3,-99,0.0,-99,-99,-99,臺中市,02,西屯區,125
24.182028,120.632861,西屯,C0F9T0,2018-10-16T11:00:00+08:00,111.0,333,3.0,26.6,0.75,999.4,-99,0.0,-99,-99,-99,臺中市,02,西屯區,125
24.182028,120.632861,西屯,C0F9T0,2018-10-16T12:00:00+08:00,111.0,336,1.2,28.0,0.68,998.3,-99,0.0,-99,-99,-99,臺中市,02,西屯區,125
24.182028,120.632861,西屯,C0F9T0,2018-10-16T13:00:00+08:00,111.0,320,3.4,27.6,0.72,998.0,-99,0.0,-99,-99,-99,臺中市,02,西屯區,125
24.182028,120.632861,西屯,C0F9T0,2018-10-16T14:00:00+08:00,111.0,317,2.3,28.0,0.7,997.3,-99,0.0,7.4,299,2018-10-16T13:24:00+08:00,臺中市,02,西屯區,125
24.182028,120.632861,西屯,C0F9T0,2018-10-16T15:00:00+08:00,111.0,318,3.9,26.2,0.77,997.3,-99,0.0,-99,-99,-99,臺中市,02,西屯區,125
24.182028,120.632861,西屯,C0F9T0,2018-10-16T16:00:00+08:00,111.0,326,3.1,25.9,0.76,997.6,-99,0.0,-99,-99,-99,臺中市,02,西屯區,125
24.182028,120.632861,西屯,C0F9T0,2018-10-16T17:00:00+08:00,111.0,347,3.3,24.9,0.77,997.8,-99,0.0,9.3,360,2018-10-16T16:43:00+08:00,臺中市,02,西屯區,125
24.182028,120.632861,西屯,C0F9T0,2018-10-16T18:00:00+08:00,111.0,335,2.8,24.5,0.82,998.2,-99,0.0,-99,-99,-99,臺中市,02,西屯區,125
24.182028,120.632861,西屯,C0F9T0,2018-10-16T19:00:00+08:00,111.0,335,2.7,24.3,0.81,998.4,-99,0.0,-99,-99,-99,臺中市,02,西屯區,125
24.182028,120.632861,西屯,C0F9T0,2018-10-16T20:00:00+08:00,111.0,344,2.4,24.0,0.81,998.8,-99,0.0,-99,-99,-99,臺中市,02,西屯區,125
24.182028,120.632861,西屯,C0F9T0,2018-10-16T21:00:00+08:00,111.0,330,1.4,23.6,0.83,999.1,-99,0.0,-99,-99,-99,臺中市,02,西屯區,125
24.182028,120.632861,西屯,C0F9T0,2018-10-16T22:00:00+08:00,111.0,318,2.5,23.4,0.84,999.2,-99,0.0,-99,-99,-99,臺中市,02,西屯區,125
24.182028,120.632861,西屯,C0F9T0,2018-10-16T23:00:00+08:00,111.0,326,1.7,23.2,0.85,999.0,-99,0.0,-99,-99,-99,臺中市,02,西屯區,125
24.182028,120.632861,西屯,C0F9T0,2018-10-17T00:00:00+08:00,111.0,335,2.5,22.7,0.87,998.8,-99,0.0,-99,-99,-99,臺中市,02,西屯區,125
24.182028,120.632861,西屯,C0F9T0,2018-10-17T01:00:00+08:00,111.0,334,1.9,22.3,0.87,998.5,-99,0.0,-99,-99,-99,臺中市,02,西屯區,125
24.182028,120.632861,西屯,C0F9T0,2018-10-17T02:00:00+08:00,111.0,330,1.2,22.3,0.86,998.0,-99,0.0,-99,-99,-99,臺中市,02,西屯區,125
24.182028,120.632861,西屯,C0F9T0,2018-10-17T03:00:00+08:00,111.0,339,1.3,22.5,0.85,997.4,-99,0.0,-99,-99,-99,臺中市,02,西屯區,125
24.182028,120.632861,西屯,C0F9T0,2018-10-17T04:00:00+08:00,111.0,330,2.7,22.0,0.86,997.5,-99,0.0,-99,-99,-99,臺中市,02,西屯區,125
24.182028,120.632861,西屯,C0F9T0,2018-10-17T05:00:00+08:00,111.0,345,1.5,22.0,0.84,997.5,-99,0.0,-99,-99,-99,臺中市,02,西屯區,125
24.182028,120.632861,西屯,C0F9T0,2018-10-17T06:00:00+08:00,111.0,331,2.1,22.0,0.84,998.0,-99,0.0,-99,-99,-99,臺中市,02,西屯區,125
24.182028,120.632861,西屯,C0F9T0,2018-10-17T07:00:00+08:00,111.0,326,2.4,21.7,0.86,999.0,-99,0.0,-99,-99,-99,臺中市,02,西屯區,125
24.182028,120.632861,西屯,C0F9T0,2018-10-17T08:00:00+08:00,111.0,343,1.6,22.9,0.79,998.8,-99,0.0,-99,-99,-99,臺中市,02,西屯區,125
24.182028,120.632861,西屯,C0F9T0,2018-10-17T09:00:00+08:00,111.0,326,2.8,24.1,0.75,998.8,-99,0.0,-99,-99,-99,臺中市,02,西屯區,125
24.182028,120.632861,西屯,C0F9T0,2018-10-17T10:00:00+08:00,111.0,331,2.4,23.9,0.76,999.2,-99,0.0,8.4,344,2018-10-17T09:50:00+08:00,臺中市,02,西屯區,125
24.182028,120.632861,西屯,C0F9T0,2018-10-17T11:00:00+08:00,111.0,348,3.5,23.8,0.75,999.0,-99,0.0,-99,-99,-99,臺中市,02,西屯區,125
24.182028,120.632861,西屯,C0F9T0,2018-10-17T12:00:00+08:00,111.0,354,2.5,24.8,0.71,998.0,-99,0.0,8.4,353,2018-10-17T11:55:00+08:00,臺中市,02,西屯區,125
24.182028,120.632861,西屯,C0F9T0,2018-10-17T13:00:00+08:00,111.0,323,3.1,24.2,0.73,997.4,-99,0.0,-99,-99,-99,臺中市,02,西屯區,125
24.182028,120.632861,西屯,C0F9T0,2018-10-17T14:00:00+08:00,111.0,345,2.9,23.4,0.78,997.3,-99,0.0,8.5,351,2018-10-17T13:44:00+08:00,臺中市,02,西屯區,125
24.182028,120.632861,西屯,C0F9T0,2018-10-17T15:00:00+08:00,111.0,335,2.9,22.6,0.82,997.5,-99,0.0,8.2,333,2018-10-17T14:48:00+08:00,臺中市,02,西屯區,125
24.182028,120.632861,西屯,C0F9T0,2018-10-17T16:00:00+08:00,111.0,340,1.8,22.9,0.78,997.6,-99,0.0,7.9,2,2018-10-17T15:02:00+08:00,臺中市,02,西屯區,125
24.182028,120.632861,西屯,C0F9T0,2018-10-17T17:00:00+08:00,111.0,330,2.7,22.7,0.78,997.7,-99,0.0,-99,-99,-99,臺中市,02,西屯區,125
24.182028,120.632861,西屯,C0F9T0,2018-10-17T18:00:00+08:00,111.0,328,2.6,22.0,0.82,998.0,-99,0.0,8.2,19,2018-10-17T17:04:00+08:00,臺中市,02,西屯區,125
24.182028,120.632861,西屯,C0F9T0,2018-10-17T19:00:00+08:00,111.0,335,2.4,21.8,0.82,998.6,-99,0.0,-99,-99,-99,臺中市,02,西屯區,125
24.182028,120.632861,西屯,C0F9T0,2018-10-17T20:00:00+08:00,111.0,338,2.9,21.5,0.84,999.4,-99,0.0,-99,-99,-99,臺中市,02,西屯區,125
24.182028,120.632861,西屯,C0F9T0,2018-10-17T21:00:00+08:00,111.0,47,2.9,21.7,0.82,999.6,-99,0.0,-99,-99,-99,臺中市,02,西屯區,125
24.182028,120.632861,西屯,C0F9T0,2018-10-17T22:00:00+08:00,111.0,342,2.3,21.5,0.81,999.0,-99,0.0,-99,-99,-99,臺中市,02,西屯區,125
24.182028,120.632861,西屯,C0F9T0,2018-10-17T23:00:00+08:00,111.0,339,2.5,21.2,0.84,999.3,-99,0.0,-99,-99,-99,臺中市,02,西屯區,125
24.182028,120.632861,西屯,C0F9T0,2018-10-18T00:00:00+08:00,111.0,353,1.6,21.4,0.83,999.1,-99,0.0,-99,-99,-99,臺中市,02,西屯區,125
24.182028,120.632861,西屯,C0F9T0,2018-10-18T01:00:00+08:00,111.0,345,1.6,21.3,0.83,998.8,-99,0.0,-99,-99,-99,臺中市,02,西屯區,125
24.182028,120.632861,西屯,C0F9T0,2018-10-18T02:00:00+08:00,111.0,339,1.7,21.4,0.82,998.8,-99,0.0,-99,-99,-99,臺中市,02,西屯區,125
24.182028,120.632861,西屯,C0F9T0,2018-10-18T03:00:00+08:00,111.0,342,1.7,21.1,0.83,998.8,-99,0.0,-99,-99,-99,臺中市,02,西屯區,125
24.182028,120.632861,西屯,C0F9T0,2018-10-18T04:00:00+08:00,111.0,343,1.8,21.0,0.83,998.8,-99,0.0,-99,-99,-99,臺中市,02,西屯區,125
24.182028,120.632861,西屯,C0F9T0,2018-10-18T05:00:00+08:00,111.0,333,1.1,21.1,0.83,999.2,-99,0.0,-99,-99,-99,臺中市,02,西屯區,125
24.182028,120.632861,西屯,C0F9T0,2018-10-18T06:00:00+08:00,111.0,344,1.3,21.2,0.83,999.8,-99,0.0,-99,-99,-99,臺中市,02,西屯區,125
24.182028,120.632861,西屯,C0F9T0,2018-10-18T07:00:00+08:00,111.0,340,1.8,21.6,0.81,1000.1,-99,0.0,-99,-99,-99,臺中市,02,西屯區,125
24.182028,120.632861,西屯,C0F9T0,2018-10-18T08:00:00+08:00,111.0,310,0.7,22.5,0.78,1000.6,-99,0.0,-99,-99,-99,臺中市,02,西屯區,125
24.182028,120.632861,西屯,C0F9T0,2018-10-18T09:00:00+08:00,111.0,322,2.1,24.3,0.72,1000.9,-99,0.0,-99,-99,-99,臺中市,02,西屯區,125
24.182028,120.632861,西屯,C0F9T0,2018-10-18T10:00:00+08:00,111.0,349,1.4,25.8,0.67,1000.9,-99,0.0,-99,-99,-99,臺中市,02,西屯區,125
24.182028,120.632861,西屯,C0F9T0,2018-10-18T11:00:00+08:00,111.0,335,2.7,27.0,0.62,1000.4,-99,0.0,-99,-99,-99,臺中市,02,西屯區,125
24.182028,120.632861,西屯,C0F9T0,2018-10-18T12:00:00+08:00,111.0,301,2.9,27.7,0.59,999.9,-99,0.0,-99,-99,-99,臺中市,02,西屯區,125
24.182028,120.632861,西屯,C0F9T0,2018-10-18T13:00:00+08:00,111.0,312,2.4,28.2,0.57,999.4,-99,0.0,-99,-99,-99,臺中市,02,西屯區,125
24.182028,120.632861,西屯,C0F9T0,2018-10-18T14:00:00+08:00,111.0,316,2.5,27.7,0.56,999.2,-99,0.0,-99,-99,-99,臺中市,02,西屯區,125
24.182028,120.632861,西屯,C0F9T0,2018-10-18T15:00:00+08:00,111.0,338,2.5,27.5,0.55,999.0,-99,0.0,-99,-99,-99,臺中市,02,西屯區,125
24.182028,120.632861,西屯,C0F9T0,2018-10-18T16:00:00+08:00,111.0,312,3.3,26.7,0.58,999.3,-99,0.0,-99,-99,-99,臺中市,02,西屯區,125
24.182028,120.632861,西屯,C0F9T0,2018-10-18T17:00:00+08:00,111.0,331,2.5,25.6,0.6,999.7,-99,0.0,-99,-99,-99,臺中市,02,西屯區,125
24.182028,120.632861,西屯,C0F9T0,2018-10-18T18:00:00+08:00,111.0,331,2.1,24.7,0.62,999.9,-99,0.0,-99,-99,-99,臺中市,02,西屯區,125
24.182028,120.632861,西屯,C0F9T0,2018-10-18T19:00:00+08:00,111.0,327,1.6,23.8,0.66,1000.4,-99,0.0,-99,-99,-99,臺中市,02,西屯區,125
24.182028,120.632861,西屯,C0F9T0,2018-10-18T20:00:00+08:00,111.0,337,1.9,23.4,0.66,1001.2,-99,0.0,-99,-99,-99,臺中市,02,西屯區,125
24.182028,120.632861,西屯,C0F9T0,2018-10-18T21:00:00+08:00,111.0,334,1.4,23.0,0.68,1001.5,-99,0.0,-99,-99,-99,臺中市,02,西屯區,125
24.182028,120.632861,西屯,C0F9T0,2018-10-18T22:00:00+08:00,111.0,318,1.6,22.6,0.68,1001.5,-99,0.0,-99,-99,-99,臺中市,02,西屯區,125
24.182028,120.632861,西屯,C0F9T0,2018-10-18T23:00:00+08:00,111.0,333,1.1,22.4,0.7,1001.5,-99,0.0,-99,-99,-99,臺中市,02,西屯區,125
24.182028,120.632861,西屯,C0F9T0,2018-10-19T00:00:00+08:00,111.0,345,1.2,22.1,0.72,1001.6,-99,0.0,-99,-99,-99,臺中市,02,西屯區,125
24.182028,120.632861,西屯,C0F9T0,2018-10-19T01:00:00+08:00,111.0,318,1.0,22.4,0.73,1001.2,-99,0.0,-99,-99,-99,臺中市,02,西屯區,125
24.182028,120.632861,西屯,C0F9T0,2018-10-19T02:00:00+08:00,111.0,309,0.5,22.7,0.72,1000.9,-99,0.0,-99,-99,-99,臺中市,02,西屯區,125
24.182028,120.632861,西屯,C0F9T0,2018-10-19T03:00:00+08:00,111.0,0,0.1,23.0,0.72,1001.0,-99,0.0,-99,-99,-99,臺中市,02,西屯區,125
24.182028,120.632861,西屯,C0F9T0,2018-10-19T04:00:00+08:00,111.0,305,0.9,23.0,0.76,1001.2,-99,0.0,-99,-99,-99,臺中市,02,西屯區,125
24.182028,120.632861,西屯,C0F9T0,2018-10-19T05:00:00+08:00,111.0,0,0.2,22.7,0.8,1001.3,-99,0.0,-99,-99,-99,臺中市,02,西屯區,125
24.182028,120.632861,西屯,C0F9T0,2018-10-19T06:00:00+08:00,111.0,335,1.0,22.9,0.79,1002.2,-99,0.0,-99,-99,-99,臺中市,02,西屯區,125
24.182028,120.632861,西屯,C0F9T0,2018-10-19T07:00:00+08:00,111.0,86,0.7,23.3,0.79,1003.2,-99,0.0,-99,-99,-99,臺中市,02,西屯區,125
24.182028,120.632861,西屯,C0F9T0,2018-10-19T08:00:00+08:00,111.0,93,0.3,24.2,0.79,1004.0,-99,0.0,-99,-99,-99,臺中市,02,西屯區,125
24.182028,120.632861,西屯,C0F9T0,2018-10-19T09:00:00+08:00,111.0,217,0.4,24.8,0.81,1004.7,-99,0.0,-99,-99,-99,臺中市,02,西屯區,125
24.182028,120.632861,西屯,C0F9T0,2018-10-19T10:00:00+08:00,111.0,158,1.0,26.3,0.71,1004.6,-99,0.0,-99,-99,-99,臺中市,02,西屯區,125
24.182028,120.632861,西屯,C0F9T0,2018-10-19T11:00:00+08:00,111.0,283,0.7,27.4,0.64,1004.4,-99,0.0,-99,-99,-99,臺中市,02,西屯區,125
24.182028,120.632861,西屯,C0F9T0,2018-10-19T12:00:00+08:00,111.0,324,3.0,26.7,0.65,1004.0,-99,0.0,-99,-99,-99,臺中市,02,西屯區,125
24.182028,120.632861,西屯,C0F9T0,2018-10-19T13:00:00+08:00,111.0,326,3.2,26.7,0.63,1003.2,-99,0.0,8.7,343,2018-10-19T12:03:00+08:00,臺中市,02,西屯區,125
24.182028,120.632861,西屯,C0F9T0,2018-10-19T14:00:00+08:00,111.0,324,2.2,26.2,0.64,1002.8,-99,0.0,7.5,343,2018-10-19T13:54:00+08:00,臺中市,02,西屯區,125
24.182028,120.632861,西屯,C0F9T0,2018-10-19T15:00:00+08:00,111.0,318,3.5,25.8,0.64,1002.3,-99,0.0,-99,-99,-99,臺中市,02,西屯區,125
24.182028,120.632861,西屯,C0F9T0,2018-10-19T16:00:00+08:00,111.0,317,2.8,24.6,0.67,1002.5,-99,0.0,9.4,20,2018-10-19T15:50:00+08:00,臺中市,02,西屯區,125
24.182028,120.632861,西屯,C0F9T0,2018-10-19T17:00:00+08:00,111.0,313,2.2,23.9,0.7,1002.8,-99,0.0,8.0,320,2018-10-19T16:01:00+08:00,臺中市,02,西屯區,125
24.182028,120.632861,西屯,C0F9T0,2018-10-19T18:00:00+08:00,111.0,321,3.1,22.4,0.74,1003.1,-99,0.0,-99,-99,-99,臺中市,02,西屯區,125
24.182028,120.632861,西屯,C0F9T0,2018-10-19T19:00:00+08:00,111.0,335,2.3,21.5,0.75,1003.6,-99,0.0,-99,-99,-99,臺中市,02,西屯區,125
24.182028,120.632861,西屯,C0F9T0,2018-10-19T20:00:00+08:00,111.0,337,2.0,21.0,0.77,1004.1,-99,0.0,-99,-99,-99,臺中市,02,西屯區,125
24.182028,120.632861,西屯,C0F9T0,2018-10-19T21:00:00+08:00,111.0,335,2.7,20.5,0.77,1004.6,-99,0.0,-99,-99,-99,臺中市,02,西屯區,125
24.182028,120.632861,西屯,C0F9T0,2018-10-19T22:00:00+08:00,111.0,336,2.2,20.4,0.77,1004.8,-99,0.0,-99,-99,-99,臺中市,02,西屯區,125
24.182028,120.632861,西屯,C0F9T0,2018-10-19T23:00:00+08:00,111.0,314,2.0,20.2,0.78,1004.6,-99,0.0,-99,-99,-99,臺中市,02,西屯區,125
24.182028,120.632861,西屯,C0F9T0,2018-10-20T00:00:00+08:00,111.0,342,1.9,20.0,0.79,1004.5,-99,0.0,-99,-99,-99,臺中市,02,西屯區,125
24.182028,120.632861,西屯,C0F9T0,2018-10-20T01:00:00+08:00,111.0,312,2.2,19.8,0.8,1003.9,-99,0.0,-99,-99,-99,臺中市,02,西屯區,125
24.182028,120.632861,西屯,C0F9T0,2018-10-20T02:00:00+08:00,111.0,306,1.2,19.7,0.81,1003.8,-99,0.0,-99,-99,-99,臺中市,02,西屯區,125
24.182028,120.632861,西屯,C0F9T0,2018-10-20T03:00:00+08:00,111.0,315,0.8,19.9,0.82,1003.8,-99,0.0,-99,-99,-99,臺中市,02,西屯區,125
24.182028,120.632861,西屯,C0F9T0,2018-10-20T04:00:00+08:00,111.0,339,1.3,20.3,0.81,1003.9,-99,0.0,-99,-99,-99,臺中市,02,西屯區,125
24.182028,120.632861,西屯,C0F9T0,2018-10-20T05:00:00+08:00,111.0,326,0.9,20.7,0.82,1004.4,-99,0.0,-99,-99,-99,臺中市,02,西屯區,125
24.182028,120.632861,西屯,C0F9T0,2018-10-20T06:00:00+08:00,111.0,299,0.8,20.8,0.8,1005.1,-99,0.0,-99,-99,-99,臺中市,02,西屯區,125
24.182028,120.632861,西屯,C0F9T0,2018-10-20T07:00:00+08:00,111.0,340,1.3,21.3,0.77,1005.6,-99,0.0,-99,-99,-99,臺中市,02,西屯區,125
24.182028,120.632861,西屯,C0F9T0,2018-10-20T08:00:00+08:00,111.0,302,1.4,21.7,0.77,1006.0,-99,0.0,-99,-99,-99,臺中市,02,西屯區,125
24.182028,120.632861,西屯,C0F9T0,2018-10-20T09:00:00+08:00,111.0,298,2.2,22.4,0.73,1006.8,-99,0.0,-99,-99,-99,臺中市,02,西屯區,125
24.182028,120.632861,西屯,C0F9T0,2018-10-20T10:00:00+08:00,111.0,316,2.2,23.8,0.69,1006.7,-99,0.0,-99,-99,-99,臺中市,02,西屯區,125
24.182028,120.632861,西屯,C0F9T0,2018-10-20T11:00:00+08:00,111.0,305,1.8,25.5,0.63,1005.7,-99,0.0,-99,-99,-99,臺中市,02,西屯區,125
24.182028,120.632861,西屯,C0F9T0,2018-10-20T12:00:00+08:00,111.0,324,2.2,26.8,0.59,1004.8,-99,0.0,-99,-99,-99,臺中市,02,西屯區,125
24.182028,120.632861,西屯,C0F9T0,2018-10-20T13:00:00+08:00,111.0,49,0.9,27.9,0.56,1003.8,-99,0.0,-99,-99,-99,臺中市,02,西屯區,125
24.182028,120.632861,西屯,C0F9T0,2018-10-20T14:00:00+08:00,111.0,328,2.1,27.8,0.59,1003.0,-99,0.0,-99,-99,-99,臺中市,02,西屯區,125
24.182028,120.632861,西屯,C0F9T0,2018-10-20T15:00:00+08:00,111.0,316,4.0,27.0,0.6,1002.8,-99,0.0,-99,-99,-99,臺中市,02,西屯區,125
24.182028,120.632861,西屯,C0F9T0,2018-10-20T16:00:00+08:00,111.0,326,2.8,26.5,0.61,1002.8,-99,0.0,-99,-99,-99,臺中市,02,西屯區,125
24.182028,120.632861,西屯,C0F9T0,2018-10-20T17:00:00+08:00,111.0,330,2.8,25.5,0.63,1003.2,-99,0.0,-99,-99,-99,臺中市,02,西屯區,125
24.182028,120.632861,西屯,C0F9T0,2018-10-20T18:00:00+08:00,111.0,336,2.3,24.1,0.67,1003.6,-99,0.0,-99,-99,-99,臺中市,02,西屯區,125
24.182028,120.632861,西屯,C0F9T0,2018-10-20T19:00:00+08:00,111.0,319,1.9,23.0,0.7,1003.9,-99,0.0,-99,-99,-99,臺中市,02,西屯區,125
24.182028,120.632861,西屯,C0F9T0,2018-10-20T20:00:00+08:00,111.0,312,2.2,22.0,0.74,1004.7,-99,0.0,-99,-99,-99,臺中市,02,西屯區,125
24.182028,120.632861,西屯,C0F9T0,2018-10-20T21:00:00+08:00,111.0,310,2.2,21.3,0.77,1005.0,-99,0.0,-99,-99,-99,臺中市,02,西屯區,125
24.182028,120.632861,西屯,C0F9T0,2018-10-20T22:00:00+08:00,111.0,310,1.4,21.0,0.78,1005.1,-99,0.0,-99,-99,-99,臺中市,02,西屯區,125
24.182028,120.632861,西屯,C0F9T0,2018-10-20T23:00:00+08:00,111.0,345,1.7,20.6,0.79,1004.7,-99,0.0,-99,-99,-99,臺中市,02,西屯區,125
24.182028,120.632861,西屯,C0F9T0,2018-10-21T00:00:00+08:00,111.0,335,1.6,20.3,0.81,1004.3,-99,0.0,-99,-99,-99,臺中市,02,西屯區,125
24.182028,120.632861,西屯,C0F9T0,2018-10-21T01:00:00+08:00,111.0,333,1.6,20.2,0.8,1003.3,-99,0.0,-99,-99,-99,臺中市,02,西屯區,125
24.182028,120.632861,西屯,C0F9T0,2018-10-21T02:00:00+08:00,111.0,336,1.9,20.0,0.82,1002.9,-99,0.0,-99,-99,-99,臺中市,02,西屯區,125
24.182028,120.632861,西屯,C0F9T0,2018-10-21T03:00:00+08:00,111.0,343,1.8,19.7,0.81,1002.8,-99,0.0,-99,-99,-99,臺中市,02,西屯區,125
24.182028,120.632861,西屯,C0F9T0,2018-10-21T04:00:00+08:00,111.0,344,1.4,19.6,0.79,1003.4,-99,0.0,-99,-99,-99,臺中市,02,西屯區,125
24.182028,120.632861,西屯,C0F9T0,2018-10-21T05:00:00+08:00,111.0,336,1.2,19.7,0.8,1003.4,-99,0.0,-99,-99,-99,臺中市,02,西屯區,125
24.182028,120.632861,西屯,C0F9T0,2018-10-21T06:00:00+08:00,111.0,326,1.6,19.3,0.82,1003.9,-99,0.0,-99,-99,-99,臺中市,02,西屯區,125
24.182028,120.632861,西屯,C0F9T0,2018-10-21T07:00:00+08:00,111.0,325,1.1,20.2,0.8,1004.4,-99,0.0,-99,-99,-99,臺中市,02,西屯區,125
24.182028,120.632861,西屯,C0F9T0,2018-10-21T08:00:00+08:00,111.0,337,1.0,21.8,0.75,1004.6,-99,0.0,-99,-99,-99,臺中市,02,西屯區,125
24.182028,120.632861,西屯,C0F9T0,2018-10-21T09:00:00+08:00,111.0,53,0.5,24.1,0.7,1005.0,-99,0.0,-99,-99,-99,臺中市,02,西屯區,125
24.182028,120.632861,西屯,C0F9T0,2018-10-21T11:00:00+08:00,111.0,225,1.4,27.3,0.59,1004.6,-99,0.0,-99,-99,-99,臺中市,02,西屯區,125
24.182028,120.632861,西屯,C0F9T0,2018-10-21T12:00:00+08:00,111.0,320,2.3,28.0,0.57,1003.8,-99,0.0,-99,-99,-99,臺中市,02,西屯區,125
24.182028,120.632861,西屯,C0F9T0,2018-10-21T13:00:00+08:00,111.0,316,2.1,28.5,0.55,1002.7,-99,0.0,-99,-99,-99,臺中市,02,西屯區,125
24.182028,120.632861,西屯,C0F9T0,2018-10-21T14:00:00+08:00,111.0,309,3.1,27.8,0.58,1001.8,-99,0.0,-99,-99,-99,臺中市,02,西屯區,125
24.182028,120.632861,西屯,C0F9T0,2018-10-21T15:00:00+08:00,111.0,317,2.8,27.1,0.57,1001.9,-99,0.0,-99,-99,-99,臺中市,02,西屯區,125
24.182028,120.632861,西屯,C0F9T0,2018-10-21T16:00:00+08:00,111.0,319,3.8,26.0,0.6,1002.2,-99,0.0,-99,-99,-99,臺中市,02,西屯區,125
24.182028,120.632861,西屯,C0F9T0,2018-10-21T17:00:00+08:00,111.0,326,2.8,25.2,0.63,1002.2,-99,0.0,-99,-99,-99,臺中市,02,西屯區,125
24.182028,120.632861,西屯,C0F9T0,2018-10-21T18:00:00+08:00,111.0,306,1.8,24.7,0.66,1002.1,-99,0.0,-99,-99,-99,臺中市,02,西屯區,125
24.182028,120.632861,西屯,C0F9T0,2018-10-21T19:00:00+08:00,111.0,322,1.1,24.2,0.69,1002.7,-99,0.0,-99,-99,-99,臺中市,02,西屯區,125
24.182028,120.632861,西屯,C0F9T0,2018-10-21T20:00:00+08:00,111.0,317,2.1,23.3,0.74,1003.7,-99,0.0,-99,-99,-99,臺中市,02,西屯區,125
24.182028,120.632861,西屯,C0F9T0,2018-10-21T21:00:00+08:00,111.0,352,1.3,22.9,0.77,1003.5,-99,0.0,-99,-99,-99,臺中市,02,西屯區,125
24.182028,120.632861,西屯,C0F9T0,2018-10-21T22:00:00+08:00,111.0,334,1.3,23.0,0.76,1003.3,-99,0.0,-99,-99,-99,臺中市,02,西屯區,125
24.182028,120.632861,西屯,C0F9T0,2018-10-21T23:00:00+08:00,111.0,311,1.0,22.6,0.79,1002.8,-99,0.0,-99,-99,-99,臺中市,02,西屯區,125
24.182028,120.632861,西屯,C0F9T0,2018-10-22T00:00:00+08:00,111.0,298,0.6,22.5,0.79,1002.4,-99,0.0,-99,-99,-99,臺中市,02,西屯區,125
24.182028,120.632861,西屯,C0F9T0,2018-10-22T01:00:00+08:00,111.0,289,0.9,23.1,0.77,1002.0,-99,0.0,-99,-99,-99,臺中市,02,西屯區,125
24.182028,120.632861,西屯,C0F9T0,2018-10-22T02:00:00+08:00,111.0,287,0.5,22.3,0.81,1001.8,-99,0.0,-99,-99,-99,臺中市,02,西屯區,125
24.182028,120.632861,西屯,C0F9T0,2018-10-22T03:00:00+08:00,111.0,212,0.3,22.5,0.8,1001.7,-99,0.0,-99,-99,-99,臺中市,02,西屯區,125
24.182028,120.632861,西屯,C0F9T0,2018-10-22T04:00:00+08:00,111.0,295,0.6,22.2,0.83,1001.5,-99,0.0,-99,-99,-99,臺中市,02,西屯區,125
24.182028,120.632861,西屯,C0F9T0,2018-10-22T05:00:00+08:00,111.0,290,0.8,22.1,0.82,1001.9,-99,0.0,-99,-99,-99,臺中市,02,西屯區,125
24.182028,120.632861,西屯,C0F9T0,2018-10-22T06:00:00+08:00,111.0,0,0.2,22.0,0.83,1002.5,-99,0.0,-99,-99,-99,臺中市,02,西屯區,125
24.182028,120.632861,西屯,C0F9T0,2018-10-22T07:00:00+08:00,111.0,337,1.1,22.3,0.81,1003.0,-99,0.0,-99,-99,-99,臺中市,02,西屯區,125
24.182028,120.632861,西屯,C0F9T0,2018-10-22T08:00:00+08:00,111.0,302,1.1,23.7,0.75,1003.1,-99,0.0,-99,-99,-99,臺中市,02,西屯區,125
24.182028,120.632861,西屯,C0F9T0,2018-10-22T09:00:00+08:00,111.0,313,0.9,25.1,0.69,1003.5,-99,0.0,-99,-99,-99,臺中市,02,西屯區,125
24.182028,120.632861,西屯,C0F9T0,2018-10-22T10:00:00+08:00,111.0,295,1.8,26.4,0.63,1003.7,-99,0.0,-99,-99,-99,臺中市,02,西屯區,125
24.182028,120.632861,西屯,C0F9T0,2018-10-22T11:00:00+08:00,111.0,324,2.0,27.2,0.63,1003.1,-99,0.0,-99,-99,-99,臺中市,02,西屯區,125
24.182028,120.632861,西屯,C0F9T0,2018-10-22T12:00:00+08:00,111.0,28,0.8,27.5,0.64,1002.6,-99,0.0,-99,-99,-99,臺中市,02,西屯區,125
24.182028,120.632861,西屯,C0F9T0,2018-10-22T13:00:00+08:00,111.0,323,1.6,27.6,0.68,1001.4,-99,0.0,-99,-99,-99,臺中市,02,西屯區,125
24.182028,120.632861,西屯,C0F9T0,2018-10-22T14:00:00+08:00,111.0,300,1.9,27.9,0.65,1000.5,-99,0.0,-99,-99,-99,臺中市,02,西屯區,125
24.182028,120.632861,西屯,C0F9T0,2018-10-22T15:00:00+08:00,111.0,302,2.2,27.7,0.69,1000.0,-99,0.0,-99,-99,-99,臺中市,02,西屯區,125
24.182028,120.632861,西屯,C0F9T0,2018-10-22T17:00:00+08:00,111.0,314,2.2,24.0,0.82,1001.0,-99,0.0,-99,-99,-99,臺中市,02,西屯區,125
24.182028,120.632861,西屯,C0F9T0,2018-10-22T18:00:00+08:00,111.0,313,1.9,23.4,0.83,1001.6,-99,0.0,-99,-99,-99,臺中市,02,西屯區,125
24.182028,120.632861,西屯,C0F9T0,2018-10-22T19:00:00+08:00,111.0,350,2.3,23.5,0.83,1002.0,-99,0.0,-99,-99,-99,臺中市,02,西屯區,125
24.182028,120.632861,西屯,C0F9T0,2018-10-22T21:00:00+08:00,111.0,330,1.3,24.2,0.74,1002.1,-99,0.0,-99,-99,-99,臺中市,02,西屯區,125
24.182028,120.632861,西屯,C0F9T0,2018-10-22T22:00:00+08:00,111.0,322,1.2,23.7,0.75,1002.2,-99,0.0,-99,-99,-99,臺中市,02,西屯區,125
24.182028,120.632861,西屯,C0F9T0,2018-10-22T23:00:00+08:00,111.0,304,1.2,23.5,0.78,1002.4,-99,0.0,-99,-99,-99,臺中市,02,西屯區,125
24.182028,120.632861,西屯,C0F9T0,2018-10-23T00:00:00+08:00,111.0,39,1.7,23.4,0.73,1002.1,-99,0.0,-99,-99,-99,臺中市,02,西屯區,125
24.182028,120.632861,西屯,C0F9T0,2018-10-23T01:00:00+08:00,111.0,355,0.6,23.4,0.72,1001.7,-99,0.0,-99,-99,-99,臺中市,02,西屯區,125
24.182028,120.632861,西屯,C0F9T0,2018-10-23T02:00:00+08:00,111.0,317,1.8,22.7,0.76,1001.8,-99,0.0,-99,-99,-99,臺中市,02,西屯區,125
24.182028,120.632861,西屯,C0F9T0,2018-10-23T03:00:00+08:00,111.0,325,1.4,22.5,0.8,1001.8,-99,0.0,-99,-99,-99,臺中市,02,西屯區,125
24.182028,120.632861,西屯,C0F9T0,2018-10-23T04:00:00+08:00,111.0,320,1.1,22.9,0.81,1001.8,-99,0.0,-99,-99,-99,臺中市,02,西屯區,125
24.182028,120.632861,西屯,C0F9T0,2018-10-23T05:00:00+08:00,111.0,317,1.2,22.4,0.84,1002.0,-99,0.0,-99,-99,-99,臺中市,02,西屯區,125
24.182028,120.632861,西屯,C0F9T0,2018-10-23T06:00:00+08:00,111.0,333,1.4,22.2,0.87,1002.6,-99,0.0,-99,-99,-99,臺中市,02,西屯區,125
24.182028,120.632861,西屯,C0F9T0,2018-10-23T07:00:00+08:00,111.0,344,2.5,22.7,0.87,1003.5,-99,0.0,-99,-99,-99,臺中市,02,西屯區,125
24.182028,120.632861,西屯,C0F9T0,2018-10-23T08:00:00+08:00,111.0,332,1.9,23.6,0.82,1003.9,-99,0.0,-99,-99,-99,臺中市,02,西屯區,125
24.182028,120.632861,西屯,C0F9T0,2018-10-23T09:00:00+08:00,111.0,334,2.5,24.6,0.75,1003.8,-99,0.0,-99,-99,-99,臺中市,02,西屯區,125
24.182028,120.632861,西屯,C0F9T0,2018-10-23T10:00:00+08:00,111.0,334,3.3,25.3,0.72,1004.1,-99,0.0,-99,-99,-99,臺中市,02,西屯區,125
24.182028,120.632861,西屯,C0F9T0,2018-10-23T11:00:00+08:00,111.0,331,3.2,25.9,0.7,1003.6,-99,0.0,-99,-99,-99,臺中市,02,西屯區,125
24.182028,120.632861,西屯,C0F9T0,2018-10-23T12:00:00+08:00,111.0,339,2.4,27.3,0.65,1002.7,-99,0.0,-99,-99,-99,臺中市,02,西屯區,125
24.182028,120.632861,西屯,C0F9T0,2018-10-23T13:00:00+08:00,111.0,318,3.0,27.6,0.62,1002.3,-99,0.0,-99,-99,-99,臺中市,02,西屯區,125
24.182028,120.632861,西屯,C0F9T0,2018-10-23T14:00:00+08:00,111.0,325,2.7,27.4,0.65,1001.4,-99,0.0,-99,-99,-99,臺中市,02,西屯區,125
24.182028,120.632861,西屯,C0F9T0,2018-10-23T15:00:00+08:00,111.0,333,3.8,27.5,0.64,1001.3,-99,0.0,-99,-99,-99,臺中市,02,西屯區,125
24.182028,120.632861,西屯,C0F9T0,2018-10-23T16:00:00+08:00,111.0,303,2.6,26.9,0.68,1001.6,-99,0.0,7.8,324,2018-10-23T15:41:00+08:00,臺中市,02,西屯區,125
24.182028,120.632861,西屯,C0F9T0,2018-10-23T17:00:00+08:00,111.0,335,2.6,25.4,0.76,1002.1,-99,0.0,-99,-99,-99,臺中市,02,西屯區,125
24.182028,120.632861,西屯,C0F9T0,2018-10-23T18:00:00+08:00,111.0,317,2.0,24.3,0.8,1002.1,-99,0.0,-99,-99,-99,臺中市,02,西屯區,125
24.182028,120.632861,西屯,C0F9T0,2018-10-23T19:00:00+08:00,111.0,327,2.9,23.6,0.81,1002.5,-99,0.0,-99,-99,-99,臺中市,02,西屯區,125
24.182028,120.632861,西屯,C0F9T0,2018-10-23T20:00:00+08:00,111.0,338,2.2,23.3,0.82,1003.1,-99,0.0,-99,-99,-99,臺中市,02,西屯區,125
24.182028,120.632861,西屯,C0F9T0,2018-10-23T21:00:00+08:00,111.0,332,1.6,23.0,0.82,1003.1,-99,0.0,-99,-99,-99,臺中市,02,西屯區,125
24.182028,120.632861,西屯,C0F9T0,2018-10-23T22:00:00+08:00,111.0,335,2.1,23.0,0.81,1003.1,-99,0.0,-99,-99,-99,臺中市,02,西屯區,125
24.182028,120.632861,西屯,C0F9T0,2018-10-23T23:00:00+08:00,111.0,335,1.6,22.8,0.82,1002.8,-99,0.0,-99,-99,-99,臺中市,02,西屯區,125
24.182028,120.632861,西屯,C0F9T0,2018-10-24T00:00:00+08:00,111.0,318,2.1,22.2,0.84,1002.6,-99,0.0,-99,-99,-99,臺中市,02,西屯區,125
24.182028,120.632861,西屯,C0F9T0,2018-10-24T01:00:00+08:00,111.0,341,1.4,21.8,0.87,1002.2,-99,0.0,-99,-99,-99,臺中市,02,西屯區,125
24.182028,120.632861,西屯,C0F9T0,2018-10-24T02:00:00+08:00,111.0,331,1.9,21.4,0.87,1001.8,-99,0.0,-99,-99,-99,臺中市,02,西屯區,125
24.182028,120.632861,西屯,C0F9T0,2018-10-24T03:00:00+08:00,111.0,330,1.5,21.4,0.87,1001.8,-99,0.0,-99,-99,-99,臺中市,02,西屯區,125
24.182028,120.632861,西屯,C0F9T0,2018-10-24T04:00:00+08:00,111.0,35,1.2,21.3,0.87,1001.7,-99,0.0,-99,-99,-99,臺中市,02,西屯區,125
24.182028,120.632861,西屯,C0F9T0,2018-10-24T05:00:00+08:00,111.0,313,1.7,21.1,0.87,1001.9,-99,0.0,-99,-99,-99,臺中市,02,西屯區,125
24.182028,120.632861,西屯,C0F9T0,2018-10-24T06:00:00+08:00,111.0,338,1.9,20.9,0.87,1002.5,-99,0.0,-99,-99,-99,臺中市,02,西屯區,125
24.182028,120.632861,西屯,C0F9T0,2018-10-24T07:00:00+08:00,111.0,310,1.5,21.3,0.86,1003.1,-99,0.0,-99,-99,-99,臺中市,02,西屯區,125
24.182028,120.632861,西屯,C0F9T0,2018-10-24T08:00:00+08:00,111.0,313,3.1,22.7,0.8,1003.4,-99,0.0,-99,-99,-99,臺中市,02,西屯區,125
24.182028,120.632861,西屯,C0F9T0,2018-10-24T09:00:00+08:00,111.0,5,2.0,24.2,0.73,1004.0,-99,0.0,-99,-99,-99,臺中市,02,西屯區,125
24.182028,120.632861,西屯,C0F9T0,2018-10-24T10:00:00+08:00,111.0,322,1.9,26.0,0.64,1003.8,-99,0.0,-99,-99,-99,臺中市,02,西屯區,125
24.182028,120.632861,西屯,C0F9T0,2018-10-24T11:00:00+08:00,111.0,315,1.7,27.0,0.61,1003.5,-99,0.0,-99,-99,-99,臺中市,02,西屯區,125
24.182028,120.632861,西屯,C0F9T0,2018-10-24T12:00:00+08:00,111.0,330,2.0,27.9,0.58,1002.8,-99,0.0,-99,-99,-99,臺中市,02,西屯區,125
24.182028,120.632861,西屯,C0F9T0,2018-10-24T13:00:00+08:00,111.0,313,2.1,28.1,0.6,1002.1,-99,0.0,-99,-99,-99,臺中市,02,西屯區,125
24.182028,120.632861,西屯,C0F9T0,2018-10-24T14:00:00+08:00,111.0,311,2.1,27.7,0.62,1001.4,-99,0.0,-99,-99,-99,臺中市,02,西屯區,125
24.182028,120.632861,西屯,C0F9T0,2018-10-24T15:00:00+08:00,111.0,314,1.7,28.5,0.58,1001.2,-99,0.0,-99,-99,-99,臺中市,02,西屯區,125
24.182028,120.632861,西屯,C0F9T0,2018-10-24T16:00:00+08:00,111.0,340,3.0,27.5,0.64,1001.3,-99,0.0,-99,-99,-99,臺中市,02,西屯區,125
24.182028,120.632861,西屯,C0F9T0,2018-10-24T17:00:00+08:00,111.0,302,2.0,26.0,0.69,1001.9,-99,0.0,-99,-99,-99,臺中市,02,西屯區,125
24.182028,120.632861,西屯,C0F9T0,2018-10-24T18:00:00+08:00,111.0,315,2.2,24.8,0.75,1002.1,-99,0.0,-99,-99,-99,臺中市,02,西屯區,125
24.182028,120.632861,西屯,C0F9T0,2018-10-24T19:00:00+08:00,111.0,332,0.8,24.0,0.78,1002.6,-99,0.0,-99,-99,-99,臺中市,02,西屯區,125
24.182028,120.632861,西屯,C0F9T0,2018-10-24T20:00:00+08:00,111.0,309,1.9,23.6,0.79,1002.8,-99,0.0,-99,-99,-99,臺中市,02,西屯區,125
24.182028,120.632861,西屯,C0F9T0,2018-10-24T21:00:00+08:00,111.0,306,1.3,23.1,0.79,1003.2,-99,0.0,-99,-99,-99,臺中市,02,西屯區,125
24.182028,120.632861,西屯,C0F9T0,2018-10-24T22:00:00+08:00,111.0,342,1.9,22.4,0.81,1003.4,-99,0.0,-99,-99,-99,臺中市,02,西屯區,125
24.182028,120.632861,西屯,C0F9T0,2018-10-24T23:00:00+08:00,111.0,306,1.8,22.3,0.82,1003.3,-99,0.0,-99,-99,-99,臺中市,02,西屯區,125
24.182028,120.632861,西屯,C0F9T0,2018-10-25T00:00:00+08:00,111.0,313,1.5,22.2,0.83,1002.9,-99,0.0,-99,-99,-99,臺中市,02,西屯區,125
24.182028,120.632861,西屯,C0F9T0,2018-10-25T01:00:00+08:00,111.0,310,1.4,21.7,0.84,1002.8,-99,0.0,-99,-99,-99,臺中市,02,西屯區,125
24.182028,120.632861,西屯,C0F9T0,2018-10-25T02:00:00+08:00,111.0,319,0.9,21.8,0.85,1002.2,-99,0.0,-99,-99,-99,臺中市,02,西屯區,125
24.182028,120.632861,西屯,C0F9T0,2018-10-25T03:00:00+08:00,111.0,336,0.8,21.5,0.85,1002.1,-99,0.0,-99,-99,-99,臺中市,02,西屯區,125
24.182028,120.632861,西屯,C0F9T0,2018-10-25T04:00:00+08:00,111.0,335,1.3,21.4,0.86,1002.1,-99,0.0,-99,-99,-99,臺中市,02,西屯區,125
24.182028,120.632861,西屯,C0F9T0,2018-10-25T05:00:00+08:00,111.0,313,1.2,21.3,0.86,1002.4,-99,0.0,-99,-99,-99,臺中市,02,西屯區,125
24.182028,120.632861,西屯,C0F9T0,2018-10-25T06:00:00+08:00,111.0,329,0.7,21.3,0.85,1002.8,-99,0.0,-99,-99,-99,臺中市,02,西屯區,125
24.182028,120.632861,西屯,C0F9T0,2018-10-25T08:00:00+08:00,111.0,148,0.5,24.6,0.75,1003.7,-99,0.0,-99,-99,-99,臺中市,02,西屯區,125
24.182028,120.632861,西屯,C0F9T0,2018-10-25T09:00:00+08:00,111.0,214,1.3,25.5,0.72,1004.4,-99,0.0,-99,-99,-99,臺中市,02,西屯區,125
24.182028,120.632861,西屯,C0F9T0,2018-10-25T10:00:00+08:00,111.0,167,1.1,27.4,0.63,1004.5,-99,0.0,-99,-99,-99,臺中市,02,西屯區,125
24.182028,120.632861,西屯,C0F9T0,2018-10-25T11:00:00+08:00,111.0,238,0.8,28.1,0.63,1004.0,-99,0.0,-99,-99,-99,臺中市,02,西屯區,125
24.182028,120.632861,西屯,C0F9T0,2018-10-25T12:00:00+08:00,111.0,283,1.1,28.9,0.57,1003.2,-99,0.0,-99,-99,-99,臺中市,02,西屯區,125
24.182028,120.632861,西屯,C0F9T0,2018-10-25T13:00:00+08:00,111.0,297,2.5,28.8,0.61,1002.3,-99,0.0,-99,-99,-99,臺中市,02,西屯區,125
24.182028,120.632861,西屯,C0F9T0,2018-10-25T14:00:00+08:00,111.0,313,2.3,27.7,0.66,1002.1,-99,0.0,-99,-99,-99,臺中市,02,西屯區,125
24.182028,120.632861,西屯,C0F9T0,2018-10-25T15:00:00+08:00,111.0,331,2.5,27.1,0.67,1001.9,-99,0.0,-99,-99,-99,臺中市,02,西屯區,125
24.182028,120.632861,西屯,C0F9T0,2018-10-25T16:00:00+08:00,111.0,334,2.7,26.8,0.68,1001.6,-99,0.0,-99,-99,-99,臺中市,02,西屯區,125
24.182028,120.632861,西屯,C0F9T0,2018-10-25T17:00:00+08:00,111.0,323,2.6,26.4,0.69,1001.8,-99,0.0,-99,-99,-99,臺中市,02,西屯區,125
24.182028,120.632861,西屯,C0F9T0,2018-10-25T18:00:00+08:00,111.0,305,2.2,24.6,0.81,1002.3,-99,0.0,-99,-99,-99,臺中市,02,西屯區,125
24.182028,120.632861,西屯,C0F9T0,2018-10-25T19:00:00+08:00,111.0,319,1.8,23.9,0.85,1002.5,-99,0.0,-99,-99,-99,臺中市,02,西屯區,125
24.182028,120.632861,西屯,C0F9T0,2018-10-25T20:00:00+08:00,111.0,305,0.7,24.1,0.84,1002.9,-99,0.0,-99,-99,-99,臺中市,02,西屯區,125
24.182028,120.632861,西屯,C0F9T0,2018-10-25T21:00:00+08:00,111.0,331,0.7,24.1,0.83,1003.0,-99,0.0,-99,-99,-99,臺中市,02,西屯區,125
24.182028,120.632861,西屯,C0F9T0,2018-10-25T22:00:00+08:00,111.0,335,1.1,24.3,0.82,1003.0,-99,0.0,-99,-99,-99,臺中市,02,西屯區,125
24.182028,120.632861,西屯,C0F9T0,2018-10-25T23:00:00+08:00,111.0,342,1.3,23.8,0.84,1002.6,-99,0.0,-99,-99,-99,臺中市,02,西屯區,125
24.182028,120.632861,西屯,C0F9T0,2018-10-26T00:00:00+08:00,111.0,336,1.0,23.2,0.86,1002.4,-99,0.0,-99,-99,-99,臺中市,02,西屯區,125
24.182028,120.632861,西屯,C0F9T0,2018-10-26T01:00:00+08:00,111.0,328,0.3,23.1,0.86,1001.9,-99,0.0,-99,-99,-99,臺中市,02,西屯區,125
24.182028,120.632861,西屯,C0F9T0,2018-10-26T02:00:00+08:00,111.0,322,1.0,23.1,0.87,1001.5,-99,0.0,-99,-99,-99,臺中市,02,西屯區,125
24.182028,120.632861,西屯,C0F9T0,2018-10-26T03:00:00+08:00,111.0,331,0.9,22.9,0.87,1001.4,-99,0.0,-99,-99,-99,臺中市,02,西屯區,125
24.182028,120.632861,西屯,C0F9T0,2018-10-26T04:00:00+08:00,111.0,328,0.9,22.9,0.86,1001.5,-99,0.0,-99,-99,-99,臺中市,02,西屯區,125
24.182028,120.632861,西屯,C0F9T0,2018-10-26T05:00:00+08:00,111.0,308,0.7,22.8,0.84,1001.9,-99,0.0,-99,-99,-99,臺中市,02,西屯區,125
24.182028,120.632861,西屯,C0F9T0,2018-10-26T06:00:00+08:00,111.0,324,0.8,22.3,0.86,1002.4,-99,0.0,-99,-99,-99,臺中市,02,西屯區,125
24.182028,120.632861,西屯,C0F9T0,2018-10-26T07:00:00+08:00,111.0,0,0.2,22.8,0.83,1003.1,-99,0.0,-99,-99,-99,臺中市,02,西屯區,125
24.182028,120.632861,西屯,C0F9T0,2018-10-26T08:00:00+08:00,111.0,203,0.5,24.3,0.81,1003.5,-99,0.0,-99,-99,-99,臺中市,02,西屯區,125
24.182028,120.632861,西屯,C0F9T0,2018-10-26T09:00:00+08:00,111.0,214,0.3,25.9,0.73,1004.0,-99,0.0,-99,-99,-99,臺中市,02,西屯區,125
24.182028,120.632861,西屯,C0F9T0,2018-10-26T10:00:00+08:00,111.0,303,2.8,26.6,0.68,1004.1,-99,0.0,-99,-99,-99,臺中市,02,西屯區,125
24.182028,120.632861,西屯,C0F9T0,2018-10-26T11:00:00+08:00,111.0,302,1.5,26.9,0.69,1003.9,-99,0.0,-99,-99,-99,臺中市,02,西屯區,125
24.182028,120.632861,西屯,C0F9T0,2018-10-26T12:00:00+08:00,111.0,339,1.9,28.2,0.63,1003.0,-99,0.0,-99,-99,-99,臺中市,02,西屯區,125
24.182028,120.632861,西屯,C0F9T0,2018-10-26T13:00:00+08:00,111.0,305,1.1,29.0,0.57,1002.1,-99,0.0,-99,-99,-99,臺中市,02,西屯區,125
24.182028,120.632861,西屯,C0F9T0,2018-10-26T15:00:00+08:00,111.0,323,1.9,28.4,0.54,1000.7,-99,0.0,-99,-99,-99,臺中市,02,西屯區,125
24.182028,120.632861,西屯,C0F9T0,2018-10-26T16:00:00+08:00,111.0,327,3.6,26.9,0.61,1000.9,-99,0.0,-99,-99,-99,臺中市,02,西屯區,125
24.182028,120.632861,西屯,C0F9T0,2018-10-26T17:00:00+08:00,111.0,311,3.4,25.2,0.71,1001.3,-99,0.0,-99,-99,-99,臺中市,02,西屯區,125
24.182028,120.632861,西屯,C0F9T0,2018-10-26T18:00:00+08:00,111.0,334,2.2,23.8,0.81,1001.6,-99,0.0,-99,-99,-99,臺中市,02,西屯區,125
24.182028,120.632861,西屯,C0F9T0,2018-10-26T19:00:00+08:00,111.0,338,2.0,23.9,0.76,1002.0,-99,0.0,-99,-99,-99,臺中市,02,西屯區,125
24.182028,120.632861,西屯,C0F9T0,2018-10-26T20:00:00+08:00,111.0,2,1.7,23.9,0.72,1002.4,-99,0.0,-99,-99,-99,臺中市,02,西屯區,125
24.182028,120.632861,西屯,C0F9T0,2018-10-26T21:00:00+08:00,111.0,342,1.9,23.5,0.79,1002.5,-99,0.0,-99,-99,-99,臺中市,02,西屯區,125
24.182028,120.632861,西屯,C0F9T0,2018-10-26T22:00:00+08:00,111.0,323,1.4,23.1,0.82,1002.5,-99,0.0,-99,-99,-99,臺中市,02,西屯區,125
24.182028,120.632861,西屯,C0F9T0,2018-10-26T23:00:00+08:00,111.0,314,1.5,22.9,0.83,1002.5,-99,0.0,-99,-99,-99,臺中市,02,西屯區,125
24.182028,120.632861,西屯,C0F9T0,2018-10-27T00:00:00+08:00,111.0,321,1.5,22.8,0.83,1002.1,-99,0.0,-99,-99,-99,臺中市,02,西屯區,125
24.182028,120.632861,西屯,C0F9T0,2018-10-27T01:00:00+08:00,111.0,327,1.4,22.5,0.84,1001.8,-99,0.0,-99,-99,-99,臺中市,02,西屯區,125
24.182028,120.632861,西屯,C0F9T0,2018-10-27T02:00:00+08:00,111.0,339,1.8,22.8,0.8,1001.5,-99,0.0,-99,-99,-99,臺中市,02,西屯區,125
24.182028,120.632861,西屯,C0F9T0,2018-10-27T03:00:00+08:00,111.0,332,1.2,22.8,0.77,1001.5,-99,0.0,-99,-99,-99,臺中市,02,西屯區,125
24.182028,120.632861,西屯,C0F9T0,2018-10-27T04:00:00+08:00,111.0,18,1.4,23.1,0.7,1001.3,-99,0.0,-99,-99,-99,臺中市,02,西屯區,125
24.182028,120.632861,西屯,C0F9T0,2018-10-27T05:00:00+08:00,111.0,341,1.9,23.2,0.65,1001.8,-99,0.0,7.0,344,2018-10-27T04:59:00+08:00,臺中市,02,西屯區,125
24.182028,120.632861,西屯,C0F9T0,2018-10-27T06:00:00+08:00,111.0,330,1.5,23.1,0.64,1002.5,-99,0.0,-99,-99,-99,臺中市,02,西屯區,125
24.182028,120.632861,西屯,C0F9T0,2018-10-27T07:00:00+08:00,111.0,14,2.0,23.0,0.63,1003.3,-99,0.0,7.6,48,2018-10-27T06:55:00+08:00,臺中市,02,西屯區,125
24.182028,120.632861,西屯,C0F9T0,2018-10-27T08:00:00+08:00,111.0,349,2.7,23.4,0.6,1003.8,-99,0.0,-99,-99,-99,臺中市,02,西屯區,125
24.182028,120.632861,西屯,C0F9T0,2018-10-27T09:00:00+08:00,111.0,358,3.4,24.2,0.55,1004.0,-99,0.0,9.8,328,2018-10-27T08:51:00+08:00,臺中市,02,西屯區,125
24.182028,120.632861,西屯,C0F9T0,2018-10-27T10:00:00+08:00,111.0,340,3.0,25.0,0.52,1004.0,-99,0.0,9.8,354,2018-10-27T09:22:00+08:00,臺中市,02,西屯區,125
24.182028,120.632861,西屯,C0F9T0,2018-10-27T11:00:00+08:00,111.0,332,2.8,25.2,0.49,1003.8,-99,0.0,12.0,340,2018-10-27T10:23:00+08:00,臺中市,02,西屯區,125
24.182028,120.632861,西屯,C0F9T0,2018-10-27T12:00:00+08:00,111.0,351,4.6,25.6,0.45,1003.1,-99,0.0,14.4,347,2018-10-27T11:57:00+08:00,臺中市,02,西屯區,125
24.182028,120.632861,西屯,C0F9T0,2018-10-27T13:00:00+08:00,111.0,328,3.4,25.9,0.42,1002.4,-99,0.0,11.8,324,2018-10-27T12:24:00+08:00,臺中市,02,西屯區,125
24.182028,120.632861,西屯,C0F9T0,2018-10-27T14:00:00+08:00,111.0,342,3.8,25.7,0.4,1001.8,-99,0.0,11.2,336,2018-10-27T13:29:00+08:00,臺中市,02,西屯區,125
24.182028,120.632861,西屯,C0F9T0,2018-10-27T15:00:00+08:00,111.0,1,3.6,25.4,0.42,1001.7,-99,0.0,12.3,352,2018-10-27T14:06:00+08:00,臺中市,02,西屯區,125
24.182028,120.632861,西屯,C0F9T0,2018-10-27T16:00:00+08:00,111.0,342,3.2,24.5,0.47,1001.9,-99,0.0,10.1,346,2018-10-27T15:12:00+08:00,臺中市,02,西屯區,125
24.182028,120.632861,西屯,C0F9T0,2018-10-27T17:00:00+08:00,111.0,349,2.7,23.2,0.48,1002.3,-99,0.0,10.6,355,2018-10-27T16:27:00+08:00,臺中市,02,西屯區,125
24.182028,120.632861,西屯,C0F9T0,2018-10-27T18:00:00+08:00,111.0,337,2.6,21.7,0.52,1002.7,-99,0.0,8.6,355,2018-10-27T17:04:00+08:00,臺中市,02,西屯區,125
24.182028,120.632861,西屯,C0F9T0,2018-10-27T19:00:00+08:00,111.0,345,2.9,20.6,0.56,1002.8,-99,0.0,8.4,6,2018-10-27T18:27:00+08:00,臺中市,02,西屯區,125
24.182028,120.632861,西屯,C0F9T0,2018-10-27T20:00:00+08:00,111.0,325,1.5,20.5,0.54,1003.1,-99,0.0,-99,-99,-99,臺中市,02,西屯區,125
24.182028,120.632861,西屯,C0F9T0,2018-10-27T21:00:00+08:00,111.0,334,2.2,19.7,0.53,1003.4,-99,0.0,-99,-99,-99,臺中市,02,西屯區,125
24.182028,120.632861,西屯,C0F9T0,2018-10-27T22:00:00+08:00,111.0,335,2.3,19.2,0.51,1003.4,-99,0.0,-99,-99,-99,臺中市,02,西屯區,125
24.182028,120.632861,西屯,C0F9T0,2018-10-27T23:00:00+08:00,111.0,337,3.1,19.0,0.5,1003.0,-99,0.0,-99,-99,-99,臺中市,02,西屯區,125
24.182028,120.632861,西屯,C0F9T0,2018-10-28T00:00:00+08:00,111.0,336,1.9,18.5,0.5,1002.5,-99,0.0,-99,-99,-99,臺中市,02,西屯區,125
24.182028,120.632861,西屯,C0F9T0,2018-10-28T01:00:00+08:00,111.0,330,1.3,18.4,0.45,1002.1,-99,0.0,-99,-99,-99,臺中市,02,西屯區,125
24.182028,120.632861,西屯,C0F9T0,2018-10-28T02:00:00+08:00,111.0,20,1.5,19.1,0.36,1001.7,-99,0.0,-99,-99,-99,臺中市,02,西屯區,125
24.182028,120.632861,西屯,C0F9T0,2018-10-28T03:00:00+08:00,111.0,37,1.9,18.8,0.35,1001.7,-99,0.0,-99,-99,-99,臺中市,02,西屯區,125
24.182028,120.632861,西屯,C0F9T0,2018-10-28T04:00:00+08:00,111.0,14,1.6,18.9,0.34,1001.6,-99,0.0,-99,-99,-99,臺中市,02,西屯區,125
24.182028,120.632861,西屯,C0F9T0,2018-10-28T05:00:00+08:00,111.0,333,1.5,18.3,0.39,1001.9,-99,0.0,-99,-99,-99,臺中市,02,西屯區,125
24.182028,120.632861,西屯,C0F9T0,2018-10-28T06:00:00+08:00,111.0,342,2.8,17.8,0.41,1002.4,-99,0.0,-99,-99,-99,臺中市,02,西屯區,125
24.182028,120.632861,西屯,C0F9T0,2018-10-28T07:00:00+08:00,111.0,328,1.4,17.3,0.44,1003.1,-99,0.0,-99,-99,-99,臺中市,02,西屯區,125
24.182028,120.632861,西屯,C0F9T0,2018-10-28T08:00:00+08:00,111.0,345,1.5,19.1,0.37,1003.4,-99,0.0,-99,-99,-99,臺中市,02,西屯區,125
24.182028,120.632861,西屯,C0F9T0,2018-10-28T09:00:00+08:00,111.0,327,2.0,20.7,0.34,1003.8,-99,0.0,-99,-99,-99,臺中市,02,西屯區,125
24.182028,120.632861,西屯,C0F9T0,2018-10-28T10:00:00+08:00,111.0,1,2.3,23.0,0.31,1003.4,-99,0.0,-99,-99,-99,臺中市,02,西屯區,125
24.182028,120.632861,西屯,C0F9T0,2018-10-28T11:00:00+08:00,111.0,350,2.1,24.7,0.32,1002.7,-99,0.0,-99,-99,-99,臺中市,02,西屯區,125
24.182028,120.632861,西屯,C0F9T0,2018-10-28T12:00:00+08:00,111.0,337,2.5,25.3,0.33,1001.5,-99,0.0,-99,-99,-99,臺中市,02,西屯區,125
24.182028,120.632861,西屯,C0F9T0,2018-10-28T13:00:00+08:00,111.0,344,3.9,25.3,0.32,1000.8,-99,0.0,9.8,355,2018-10-28T12:17:00+08:00,臺中市,02,西屯區,125
24.182028,120.632861,西屯,C0F9T0,2018-10-28T14:00:00+08:00,111.0,328,2.8,25.4,0.33,999.9,-99,0.0,9.3,354,2018-10-28T13:18:00+08:00,臺中市,02,西屯區,125
24.182028,120.632861,西屯,C0F9T0,2018-10-28T15:00:00+08:00,111.0,323,4.3,24.5,0.42,999.5,-99,0.0,9.3,327,2018-10-28T14:58:00+08:00,臺中市,02,西屯區,125
24.182028,120.632861,西屯,C0F9T0,2018-10-28T16:00:00+08:00,111.0,326,3.6,23.9,0.45,999.5,-99,0.0,-99,-99,-99,臺中市,02,西屯區,125
24.182028,120.632861,西屯,C0F9T0,2018-10-28T17:00:00+08:00,111.0,337,2.4,22.7,0.48,999.9,-99,0.0,8.3,6,2018-10-28T16:08:00+08:00,臺中市,02,西屯區,125
24.182028,120.632861,西屯,C0F9T0,2018-10-28T18:00:00+08:00,111.0,338,2.0,21.4,0.5,999.9,-99,0.0,-99,-99,-99,臺中市,02,西屯區,125
24.182028,120.632861,西屯,C0F9T0,2018-10-28T19:00:00+08:00,111.0,323,1.4,21.1,0.47,1000.1,-99,0.0,-99,-99,-99,臺中市,02,西屯區,125
24.182028,120.632861,西屯,C0F9T0,2018-10-28T20:00:00+08:00,111.0,332,1.9,19.7,0.53,1000.3,-99,0.0,-99,-99,-99,臺中市,02,西屯區,125
24.182028,120.632861,西屯,C0F9T0,2018-10-28T21:00:00+08:00,111.0,315,1.7,18.7,0.59,1000.6,-99,0.0,-99,-99,-99,臺中市,02,西屯區,125
24.182028,120.632861,西屯,C0F9T0,2018-10-28T22:00:00+08:00,111.0,327,0.7,18.2,0.61,1000.6,-99,0.0,-99,-99,-99,臺中市,02,西屯區,125
24.182028,120.632861,西屯,C0F9T0,2018-10-28T23:00:00+08:00,111.0,314,0.9,18.3,0.57,1000.4,-99,0.0,-99,-99,-99,臺中市,02,西屯區,125
24.182028,120.632861,西屯,C0F9T0,2018-10-29T00:00:00+08:00,111.0,26,1.5,18.9,0.46,999.9,-99,0.0,-99,-99,-99,臺中市,02,西屯區,125
24.182028,120.632861,西屯,C0F9T0,2018-10-29T01:00:00+08:00,111.0,96,1.0,18.3,0.55,999.7,-99,0.0,-99,-99,-99,臺中市,02,西屯區,125
24.182028,120.632861,西屯,C0F9T0,2018-10-29T02:00:00+08:00,111.0,41,1.1,18.3,0.47,999.3,-99,0.0,-99,-99,-99,臺中市,02,西屯區,125
24.182028,120.632861,西屯,C0F9T0,2018-10-29T03:00:00+08:00,111.0,61,1.6,18.1,0.52,998.6,-99,0.0,-99,-99,-99,臺中市,02,西屯區,125
24.182028,120.632861,西屯,C0F9T0,2018-10-29T04:00:00+08:00,111.0,337,0.3,17.7,0.48,998.4,-99,0.0,-99,-99,-99,臺中市,02,西屯區,125
24.182028,120.632861,西屯,C0F9T0,2018-10-29T05:00:00+08:00,111.0,337,1.1,17.1,0.56,998.6,-99,0.0,-99,-99,-99,臺中市,02,西屯區,125
24.182028,120.632861,西屯,C0F9T0,2018-10-29T06:00:00+08:00,111.0,331,1.2,16.7,0.58,999.1,-99,0.0,-99,-99,-99,臺中市,02,西屯區,125
24.182028,120.632861,西屯,C0F9T0,2018-10-29T07:00:00+08:00,111.0,338,0.5,17.2,0.59,999.5,-99,0.0,-99,-99,-99,臺中市,02,西屯區,125
24.182028,120.632861,西屯,C0F9T0,2018-10-29T08:00:00+08:00,111.0,316,1.2,18.8,0.5,1000.0,-99,0.0,-99,-99,-99,臺中市,02,西屯區,125
24.182028,120.632861,西屯,C0F9T0,2018-10-29T09:00:00+08:00,111.0,346,2.2,22.0,0.25,1000.3,-99,0.0,-99,-99,-99,臺中市,02,西屯區,125
24.182028,120.632861,西屯,C0F9T0,2018-10-29T10:00:00+08:00,111.0,323,1.2,23.5,0.25,1000.2,-99,0.0,-99,-99,-99,臺中市,02,西屯區,125
24.182028,120.632861,西屯,C0F9T0,2018-10-29T11:00:00+08:00,111.0,68,1.1,25.2,0.32,999.9,-99,0.0,-99,-99,-99,臺中市,02,西屯區,125
24.182028,120.632861,西屯,C0F9T0,2018-10-29T12:00:00+08:00,111.0,324,2.6,25.8,0.3,999.0,-99,0.0,-99,-99,-99,臺中市,02,西屯區,125
24.182028,120.632861,西屯,C0F9T0,2018-10-29T13:00:00+08:00,111.0,354,2.6,27.0,0.3,997.7,-99,0.0,-99,-99,-99,臺中市,02,西屯區,125
24.182028,120.632861,西屯,C0F9T0,2018-10-29T14:00:00+08:00,111.0,319,2.4,27.0,0.33,997.0,-99,0.0,-99,-99,-99,臺中市,02,西屯區,125
24.182028,120.632861,西屯,C0F9T0,2018-10-29T15:00:00+08:00,111.0,335,3.8,26.2,0.39,997.1,-99,0.0,10.0,329,2018-10-29T15:00:00+08:00,臺中市,02,西屯區,125
24.182028,120.632861,西屯,C0F9T0,2018-10-29T16:00:00+08:00,111.0,313,3.0,25.7,0.41,997.4,-99,0.0,9.5,347,2018-10-29T15:13:00+08:00,臺中市,02,西屯區,125
24.182028,120.632861,西屯,C0F9T0,2018-10-29T17:00:00+08:00,111.0,343,2.5,24.6,0.4,997.8,-99,0.0,9.7,25,2018-10-29T16:29:00+08:00,臺中市,02,西屯區,125
24.182028,120.632861,西屯,C0F9T0,2018-10-29T18:00:00+08:00,111.0,332,1.7,23.0,0.44,998.3,-99,0.0,7.6,63,2018-10-29T17:05:00+08:00,臺中市,02,西屯區,125
24.182028,120.632861,西屯,C0F9T0,2018-10-29T19:00:00+08:00,111.0,315,2.2,21.5,0.48,999.1,-99,0.0,-99,-99,-99,臺中市,02,西屯區,125
24.182028,120.632861,西屯,C0F9T0,2018-10-29T20:00:00+08:00,111.0,330,1.7,20.7,0.5,999.6,-99,0.0,-99,-99,-99,臺中市,02,西屯區,125
24.182028,120.632861,西屯,C0F9T0,2018-10-29T21:00:00+08:00,111.0,332,1.5,20.0,0.54,999.3,-99,0.0,-99,-99,-99,臺中市,02,西屯區,125
24.182028,120.632861,西屯,C0F9T0,2018-10-29T22:00:00+08:00,111.0,329,2.3,19.3,0.56,999.0,-99,0.0,-99,-99,-99,臺中市,02,西屯區,125
24.182028,120.632861,西屯,C0F9T0,2018-10-29T23:00:00+08:00,111.0,339,1.8,18.9,0.55,999.0,-99,0.0,-99,-99,-99,臺中市,02,西屯區,125
24.182028,120.632861,西屯,C0F9T0,2018-10-30T00:00:00+08:00,111.0,321,1.3,18.7,0.57,998.7,-99,0.0,-99,-99,-99,臺中市,02,西屯區,125
24.182028,120.632861,西屯,C0F9T0,2018-10-30T01:00:00+08:00,111.0,320,1.4,18.5,0.62,998.4,-99,0.0,-99,-99,-99,臺中市,02,西屯區,125
24.182028,120.632861,西屯,C0F9T0,2018-10-30T02:00:00+08:00,111.0,347,1.3,18.2,0.59,997.8,-99,0.0,-99,-99,-99,臺中市,02,西屯區,125
24.182028,120.632861,西屯,C0F9T0,2018-10-30T03:00:00+08:00,111.0,341,1.1,17.9,0.66,997.1,-99,0.0,-99,-99,-99,臺中市,02,西屯區,125
24.182028,120.632861,西屯,C0F9T0,2018-10-30T04:00:00+08:00,111.0,318,0.9,17.9,0.64,996.9,-99,0.0,-99,-99,-99,臺中市,02,西屯區,125
24.182028,120.632861,西屯,C0F9T0,2018-10-30T05:00:00+08:00,111.0,333,1.6,17.7,0.64,996.9,-99,0.0,-99,-99,-99,臺中市,02,西屯區,125
24.182028,120.632861,西屯,C0F9T0,2018-10-30T06:00:00+08:00,111.0,321,0.3,18.1,0.62,997.2,-99,0.0,-99,-99,-99,臺中市,02,西屯區,125
24.182028,120.632861,西屯,C0F9T0,2018-10-30T07:00:00+08:00,111.0,274,0.3,18.6,0.61,997.9,-99,0.0,-99,-99,-99,臺中市,02,西屯區,125
24.182028,120.632861,西屯,C0F9T0,2018-10-30T08:00:00+08:00,111.0,55,0.3,20.8,0.59,998.4,-99,0.0,-99,-99,-99,臺中市,02,西屯區,125
24.182028,120.632861,西屯,C0F9T0,2018-10-30T09:00:00+08:00,111.0,309,0.9,22.2,0.55,998.7,-99,0.0,-99,-99,-99,臺中市,02,西屯區,125
24.182028,120.632861,西屯,C0F9T0,2018-10-30T10:00:00+08:00,111.0,323,1.4,24.4,0.44,998.9,-99,0.0,-99,-99,-99,臺中市,02,西屯區,125
24.182028,120.632861,西屯,C0F9T0,2018-10-30T11:00:00+08:00,111.0,10,0.8,26.5,0.42,998.6,-99,0.0,-99,-99,-99,臺中市,02,西屯區,125
24.182028,120.632861,西屯,C0F9T0,2018-10-30T12:00:00+08:00,111.0,312,1.8,27.6,0.43,998.1,-99,0.0,-99,-99,-99,臺中市,02,西屯區,125
24.182028,120.632861,西屯,C0F9T0,2018-10-30T13:00:00+08:00,111.0,28,1.6,28.8,0.39,997.4,-99,0.0,-99,-99,-99,臺中市,02,西屯區,125
24.182028,120.632861,西屯,C0F9T0,2018-10-30T14:00:00+08:00,111.0,292,2.7,28.9,0.42,997.0,-99,0.0,-99,-99,-99,臺中市,02,西屯區,125
24.182028,120.632861,西屯,C0F9T0,2018-10-30T15:00:00+08:00,111.0,317,2.8,28.5,0.45,996.8,-99,0.0,-99,-99,-99,臺中市,02,西屯區,125
24.182028,120.632861,西屯,C0F9T0,2018-10-30T16:00:00+08:00,111.0,342,3.1,27.1,0.49,997.2,-99,0.0,-99,-99,-99,臺中市,02,西屯區,125
24.182028,120.632861,西屯,C0F9T0,2018-10-30T17:00:00+08:00,111.0,329,2.3,25.8,0.55,997.8,-99,0.0,-99,-99,-99,臺中市,02,西屯區,125
24.182028,120.632861,西屯,C0F9T0,2018-10-30T18:00:00+08:00,111.0,326,1.9,24.4,0.6,998.3,-99,0.0,-99,-99,-99,臺中市,02,西屯區,125
24.182028,120.632861,西屯,C0F9T0,2018-10-30T19:00:00+08:00,111.0,320,2.2,23.2,0.65,998.7,-99,0.0,-99,-99,-99,臺中市,02,西屯區,125
24.182028,120.632861,西屯,C0F9T0,2018-10-30T20:00:00+08:00,111.0,317,2.0,22.4,0.68,999.0,-99,0.0,-99,-99,-99,臺中市,02,西屯區,125
24.182028,120.632861,西屯,C0F9T0,2018-10-30T21:00:00+08:00,111.0,331,2.7,22.2,0.7,999.1,-99,0.0,-99,-99,-99,臺中市,02,西屯區,125
24.182028,120.632861,西屯,C0F9T0,2018-10-30T22:00:00+08:00,111.0,330,2.1,22.3,0.71,998.8,-99,0.0,-99,-99,-99,臺中市,02,西屯區,125
24.182028,120.632861,西屯,C0F9T0,2018-10-30T23:00:00+08:00,111.0,357,0.9,22.1,0.72,998.7,-99,0.0,-99,-99,-99,臺中市,02,西屯區,125
24.182028,120.632861,西屯,C0F9T0,2018-10-31T00:00:00+08:00,111.0,328,2.2,21.4,0.75,999.0,-99,0.0,-99,-99,-99,臺中市,02,西屯區,125
24.182028,120.632861,西屯,C0F9T0,2018-10-31T01:00:00+08:00,111.0,340,0.7,21.6,0.76,998.9,-99,0.0,-99,-99,-99,臺中市,02,西屯區,125
24.182028,120.632861,西屯,C0F9T0,2018-10-31T02:00:00+08:00,111.0,357,0.9,21.1,0.79,998.8,-99,0.0,-99,-99,-99,臺中市,02,西屯區,125
24.182028,120.632861,西屯,C0F9T0,2018-10-31T03:00:00+08:00,111.0,332,1.5,20.9,0.81,998.7,-99,0.0,-99,-99,-99,臺中市,02,西屯區,125
24.182028,120.632861,西屯,C0F9T0,2018-10-31T04:00:00+08:00,111.0,302,1.8,21.1,0.81,998.6,-99,0.0,-99,-99,-99,臺中市,02,西屯區,125
24.182028,120.632861,西屯,C0F9T0,2018-10-31T05:00:00+08:00,111.0,337,1.7,21.0,0.83,998.9,-99,0.0,-99,-99,-99,臺中市,02,西屯區,125
24.182028,120.632861,西屯,C0F9T0,2018-10-31T06:00:00+08:00,111.0,355,1.4,21.1,0.81,999.1,-99,0.0,-99,-99,-99,臺中市,02,西屯區,125
24.182028,120.632861,西屯,C0F9T0,2018-10-31T07:00:00+08:00,111.0,332,2.3,21.2,0.8,999.6,-99,0.0,-99,-99,-99,臺中市,02,西屯區,125
24.182028,120.632861,西屯,C0F9T0,2018-10-31T08:00:00+08:00,111.0,329,2.3,21.7,0.78,1000.0,-99,0.0,-99,-99,-99,臺中市,02,西屯區,125
24.182028,120.632861,西屯,C0F9T0,2018-10-31T09:00:00+08:00,111.0,350,1.8,22.2,0.75,1000.0,-99,0.0,-99,-99,-99,臺中市,02,西屯區,125
24.182028,120.632861,西屯,C0F9T0,2018-10-31T14:00:00+08:00,111.0,334,2.1,23.2,0.69,999.3,-99,0.0,-99,-99,-99,臺中市,02,西屯區,125
24.182028,120.632861,西屯,C0F9T0,2018-10-31T15:00:00+08:00,111.0,335,2.2,22.6,0.73,1000.0,-99,0.0,7.9,348,2018-10-31T14:46:00+08:00,臺中市,02,西屯區,125
24.182028,120.632861,西屯,C0F9T0,2018-10-31T16:00:00+08:00,111.0,46,2.9,22.2,0.78,999.7,-99,0.0,-99,-99,-99,臺中市,02,西屯區,125
24.182028,120.632861,西屯,C0F9T0,2018-10-31T17:00:00+08:00,111.0,325,1.2,22.2,0.83,999.4,-99,0.0,7.4,55,2018-10-31T16:11:00+08:00,臺中市,02,西屯區,125
24.182028,120.632861,西屯,C0F9T0,2018-10-31T18:00:00+08:00,111.0,342,2.2,21.4,0.82,998.9,-99,0.0,-99,-99,-99,臺中市,02,西屯區,125
24.182028,120.632861,西屯,C0F9T0,2018-10-31T19:00:00+08:00,111.0,348,2.0,20.5,0.81,998.6,-99,0.0,8.1,9,2018-10-31T18:46:00+08:00,臺中市,02,西屯區,125
24.182028,120.632861,西屯,C0F9T0,2018-10-31T20:00:00+08:00,111.0,332,3.1,20.3,0.79,997.9,-99,0.0,9.1,341,2018-10-31T19:55:00+08:00,臺中市,02,西屯區,125
24.182028,120.632861,西屯,C0F9T0,2018-10-31T21:00:00+08:00,111.0,336,2.9,20.0,0.76,998.1,-99,0.0,8.5,360,2018-10-31T20:04:00+08:00,臺中市,02,西屯區,125
24.182028,120.632861,西屯,C0F9T0,2018-10-31T22:00:00+08:00,111.0,331,1.7,20.2,0.74,998.5,-99,0.0,-99,-99,-99,臺中市,02,西屯區,125
24.182028,120.632861,西屯,C0F9T0,2018-10-31T23:00:00+08:00,111.0,311,1.7,20.2,0.74,999.6,-99,0.0,-99,-99,-99,臺中市,02,西屯區,125
