24.182028,120.632861,西屯,C0F9T0,2018-09-01T00:00:00+08:00,111.0,0,0.2,27.5,0.75,999.6,-99,1.0,-99,-99,-99,臺中市,02,西屯區,125
24.182028,120.632861,西屯,C0F9T0,2018-09-01T01:00:00+08:00,111.0,289,0.7,27.3,0.77,999.4,-99,0.0,-99,-99,-99,臺中市,02,西屯區,125
24.182028,120.632861,西屯,C0F9T0,2018-09-01T02:00:00+08:00,111.0,86,0.8,27.3,0.76,999.1,-99,0.0,-99,-99,-99,臺中市,02,西屯區,125
24.182028,120.632861,西屯,C0F9T0,2018-09-01T03:00:00+08:00,111.0,282,0.6,27.1,0.81,998.8,-99,0.0,-99,-99,-99,臺中市,02,西屯區,125
24.182028,120.632861,西屯,C0F9T0,2018-09-01T04:00:00+08:00,111.0,302,0.6,26.3,0.87,998.1,-99,0.0,-99,-99,-99,臺中市,02,西屯區,125
24.182028,120.632861,西屯,C0F9T0,2018-09-01T05:00:00+08:00,111.0,0,0.2,26.0,0.89,998.1,-99,0.0,-99,-99,-99,臺中市,02,西屯區,125
24.182028,120.632861,西屯,C0F9T0,2018-09-01T06:00:00+08:00,111.0,0,0.2,25.9,0.89,998.0,-99,0.0,-99,-99,-99,臺中市,02,西屯區,125
24.182028,120.632861,西屯,C0F9T0,2018-09-01T07:00:00+08:00,111.0,306,1.0,26.7,0.85,998.1,-99,0.0,-99,-99,-99,臺中市,02,西屯區,125
24.182028,120.632861,西屯,C0F9T0,2018-09-01T08:00:00+08:00,111.0,307,0.3,27.6,0.81,998.1,-99,0.0,-99,-99,-99,臺中市,02,西屯區,125
24.182028,120.632861,西屯,C0F9T0,2018-09-01T09:00:00+08:00,111.0,76,0.6,29.1,0.7,998.3,-99,0.0,-99,-99,-99,臺中市,02,西屯區,125
24.182028,120.632861,西屯,C0F9T0,2018-09-01T10:00:00+08:00,111.0,310,0.4,29.4,0.68,999.0,-99,0.0,-99,-99,-99,臺中市,02,西屯區,125
24.182028,120.632861,西屯,C0F9T0,2018-09-01T11:00:00+08:00,111.0,296,1.3,30.1,0.66,998.7,-99,0.0,-99,-99,-99,臺中市,02,西屯區,125
24.182028,120.632861,西屯,C0F9T0,2018-09-01T12:00:00+08:00,111.0,304,2.0,30.8,0.63,998.5,-99,0.0,-99,-99,-99,臺中市,02,西屯區,125
24.182028,120.632861,西屯,C0F9T0,2018-09-01T14:00:00+08:00,111.0,280,1.0,30.8,0.66,996.8,-99,0.0,-99,-99,-99,臺中市,02,西屯區,125
24.182028,120.632861,西屯,C0F9T0,2018-09-01T15:00:00+08:00,111.0,298,1.8,31.2,0.61,995.9,-99,0.0,-99,-99,-99,臺中市,02,西屯區,125
24.182028,120.632861,西屯,C0F9T0,2018-09-01T16:00:00+08:00,111.0,306,1.9,32.0,0.58,995.9,-99,0.0,-99,-99,-99,臺中市,02,西屯區,125
24.182028,120.632861,西屯,C0F9T0,2018-09-01T17:00:00+08:00,111.0,297,2.1,30.7,0.62,996.2,-99,0.0,-99,-99,-99,臺中市,02,西屯區,125
24.182028,120.632861,西屯,C0F9T0,2018-09-01T18:00:00+08:00,111.0,302,2.5,28.8,0.76,996.6,-99,0.0,-99,-99,-99,臺中市,02,西屯區,125
24.182028,120.632861,西屯,C0F9T0,2018-09-01T19:00:00+08:00,111.0,298,0.8,28.1,0.76,996.8,-99,0.0,-99,-99,-99,臺中市,02,西屯區,125
24.182028,120.632861,西屯,C0F9T0,2018-09-01T20:00:00+08:00,111.0,308,0.6,28.1,0.78,997.0,-99,0.0,-99,-99,-99,臺中市,02,西屯區,125
24.182028,120.632861,西屯,C0F9T0,2018-09-01T21:00:00+08:00,111.0,316,0.8,27.9,0.77,997.8,-99,0.0,-99,-99,-99,臺中市,02,西屯區,125
24.182028,120.632861,西屯,C0F9T0,2018-09-01T22:00:00+08:00,111.0,293,0.5,27.7,0.81,997.7,-99,0.0,-99,-99,-99,臺中市,02,西屯區,125
24.182028,120.632861,西屯,C0F9T0,2018-09-01T23:00:00+08:00,111.0,228,0.8,27.7,0.84,997.4,-99,0.0,-99,-99,-99,臺中市,02,西屯區,125
24.182028,120.632861,西屯,C0F9T0,2018-09-02T00:00:00+08:00,111.0,283,1.3,27.3,0.86,997.2,-99,0.0,-99,-99,-99,臺中市,02,西屯區,125
24.182028,120.632861,西屯,C0F9T0,2018-09-02T01:00:00+08:00,111.0,204,1.2,27.5,0.86,997.1,-99,0.0,-99,-99,-99,臺中市,02,西屯區,125
24.182028,120.632861,西屯,C0F9T0,2018-09-02T02:00:00+08:00,111.0,199,1.4,26.9,0.89,996.5,-99,0.0,-99,-99,-99,臺中市,02,西屯區,125
24.182028,120.632861,西屯,C0F9T0,2018-09-02T03:00:00+08:00,111.0,159,0.7,26.9,0.84,995.8,-99,0.0,-99,-99,-99,臺中市,02,西屯區,125
24.182028,120.632861,西屯,C0F9T0,2018-09-02T04:00:00+08:00,111.0,262,0.6,26.9,0.83,995.6,-99,0.0,-99,-99,-99,臺中市,02,西屯區,125
24.182028,120.632861,西屯,C0F9T0,2018-09-02T05:00:00+08:00,111.0,294,1.0,26.7,0.85,995.6,-99,0.0,-99,-99,-99,臺中市,02,西屯區,125
24.182028,120.632861,西屯,C0F9T0,2018-09-02T06:00:00+08:00,111.0,294,0.3,26.0,0.91,995.6,-99,0.0,-99,-99,-99,臺中市,02,西屯區,125
24.182028,120.632861,西屯,C0F9T0,2018-09-02T07:00:00+08:00,111.0,223,0.8,26.7,0.87,996.1,-99,0.0,-99,-99,-99,臺中市,02,西屯區,125
24.182028,120.632861,西屯,C0F9T0,2018-09-02T08:00:00+08:00,111.0,164,2.1,27.8,0.79,995.9,-99,0.0,-99,-99,-99,臺中市,02,西屯區,125
24.182028,120.632861,西屯,C0F9T0,2018-09-02T09:00:00+08:00,111.0,218,1.6,29.0,0.72,995.8,-99,0.0,-99,-99,-99,臺中市,02,西屯區,125
24.182028,120.632861,西屯,C0F9T0,2018-09-02T10:00:00+08:00,111.0,198,1.0,30.0,0.67,995.8,-99,0.0,-99,-99,-99,臺中市,02,西屯區,125
24.182028,120.632861,西屯,C0F9T0,2018-09-02T11:00:00+08:00,111.0,208,1.4,30.8,0.58,995.6,-99,0.0,-99,-99,-99,臺中市,02,西屯區,125
24.182028,120.632861,西屯,C0F9T0,2018-09-02T12:00:00+08:00,111.0,299,1.7,31.1,0.62,994.9,-99,0.0,-99,-99,-99,臺中市,02,西屯區,125
24.182028,120.632861,西屯,C0F9T0,2018-09-02T13:00:00+08:00,111.0,296,2.4,31.0,0.62,994.4,-99,0.0,-99,-99,-99,臺中市,02,西屯區,125
24.182028,120.632861,西屯,C0F9T0,2018-09-02T14:00:00+08:00,111.0,296,2.4,30.9,0.58,993.6,-99,0.0,-99,-99,-99,臺中市,02,西屯區,125
24.182028,120.632861,西屯,C0F9T0,2018-09-02T15:00:00+08:00,111.0,295,2.7,30.8,0.58,993.3,-99,0.0,-99,-99,-99,臺中市,02,西屯區,125
24.182028,120.632861,西屯,C0F9T0,2018-09-02T16:00:00+08:00,111.0,303,2.5,30.9,0.65,993.3,-99,0.0,-99,-99,-99,臺中市,02,西屯區,125
24.182028,120.632861,西屯,C0F9T0,2018-09-02T17:00:00+08:00,111.0,307,2.5,30.3,0.64,993.6,-99,0.0,-99,-99,-99,臺中市,02,西屯區,125
24.182028,120.632861,西屯,C0F9T0,2018-09-02T19:00:00+08:00,111.0,209,1.0,29.0,0.75,994.4,-99,0.0,-99,-99,-99,臺中市,02,西屯區,125
24.182028,120.632861,西屯,C0F9T0,2018-09-02T20:00:00+08:00,111.0,209,1.1,28.9,0.76,994.5,-99,0.0,-99,-99,-99,臺中市,02,西屯區,125
24.182028,120.632861,西屯,C0F9T0,2018-09-02T21:00:00+08:00,111.0,203,1.0,28.7,0.74,994.8,-99,0.0,-99,-99,-99,臺中市,02,西屯區,125
24.182028,120.632861,西屯,C0F9T0,2018-09-02T22:00:00+08:00,111.0,210,1.3,28.3,0.76,995.0,-99,0.0,-99,-99,-99,臺中市,02,西屯區,125
24.182028,120.632861,西屯,C0F9T0,2018-09-02T23:00:00+08:00,111.0,208,1.0,27.9,0.78,995.2,-99,0.0,-99,-99,-99,臺中市,02,西屯區,125
24.182028,120.632861,西屯,C0F9T0,2018-09-03T00:00:00+08:00,111.0,207,1.3,27.4,0.83,994.7,-99,0.0,-99,-99,-99,臺中市,02,西屯區,125
24.182028,120.632861,西屯,C0F9T0,2018-09-03T01:00:00+08:00,111.0,203,1.2,27.1,0.85,994.3,-99,0.0,-99,-99,-99,臺中市,02,西屯區,125
24.182028,120.632861,西屯,C0F9T0,2018-09-03T02:00:00+08:00,111.0,206,1.1,27.0,0.83,994.2,-99,0.0,-99,-99,-99,臺中市,02,西屯區,125
24.182028,120.632861,西屯,C0F9T0,2018-09-03T03:00:00+08:00,111.0,190,1.3,26.8,0.84,993.9,-99,0.0,-99,-99,-99,臺中市,02,西屯區,125
24.182028,120.632861,西屯,C0F9T0,2018-09-03T04:00:00+08:00,111.0,193,0.9,26.8,0.83,993.7,-99,0.0,-99,-99,-99,臺中市,02,西屯區,125
24.182028,120.632861,西屯,C0F9T0,2018-09-03T05:00:00+08:00,111.0,169,0.8,26.6,0.81,993.6,-99,0.0,-99,-99,-99,臺中市,02,西屯區,125
24.182028,120.632861,西屯,C0F9T0,2018-09-03T06:00:00+08:00,111.0,296,0.4,25.3,0.87,994.0,-99,0.0,-99,-99,-99,臺中市,02,西屯區,125
24.182028,120.632861,西屯,C0F9T0,2018-09-03T07:00:00+08:00,111.0,208,1.0,26.7,0.8,994.5,-99,0.0,-99,-99,-99,臺中市,02,西屯區,125
24.182028,120.632861,西屯,C0F9T0,2018-09-03T08:00:00+08:00,111.0,183,1.3,28.6,0.69,994.7,-99,0.0,-99,-99,-99,臺中市,02,西屯區,125
24.182028,120.632861,西屯,C0F9T0,2018-09-03T09:00:00+08:00,111.0,201,1.9,29.5,0.63,994.7,-99,0.0,-99,-99,-99,臺中市,02,西屯區,125
24.182028,120.632861,西屯,C0F9T0,2018-09-03T10:00:00+08:00,111.0,201,1.7,30.3,0.59,994.6,-99,0.0,-99,-99,-99,臺中市,02,西屯區,125
24.182028,120.632861,西屯,C0F9T0,2018-09-03T11:00:00+08:00,111.0,247,1.3,31.6,0.58,994.3,-99,0.0,-99,-99,-99,臺中市,02,西屯區,125
24.182028,120.632861,西屯,C0F9T0,2018-09-03T12:00:00+08:00,111.0,243,1.4,32.1,0.55,993.6,-99,0.0,-99,-99,-99,臺中市,02,西屯區,125
24.182028,120.632861,西屯,C0F9T0,2018-09-03T13:00:00+08:00,111.0,250,0.8,31.7,0.62,993.5,-99,0.0,-99,-99,-99,臺中市,02,西屯區,125
24.182028,120.632861,西屯,C0F9T0,2018-09-03T14:00:00+08:00,111.0,260,2.3,31.9,0.55,992.5,-99,0.0,-99,-99,-99,臺中市,02,西屯區,125
24.182028,120.632861,西屯,C0F9T0,2018-09-03T15:00:00+08:00,111.0,272,1.9,32.1,0.57,992.3,-99,0.0,-99,-99,-99,臺中市,02,西屯區,125
24.182028,120.632861,西屯,C0F9T0,2018-09-03T16:00:00+08:00,111.0,285,2.0,31.3,0.54,992.1,-99,0.0,-99,-99,-99,臺中市,02,西屯區,125
24.182028,120.632861,西屯,C0F9T0,2018-09-03T17:00:00+08:00,111.0,260,1.9,30.6,0.63,992.3,-99,0.0,-99,-99,-99,臺中市,02,西屯區,125
24.182028,120.632861,西屯,C0F9T0,2018-09-03T18:00:00+08:00,111.0,281,1.5,29.5,0.7,992.3,-99,0.0,-99,-99,-99,臺中市,02,西屯區,125
24.182028,120.632861,西屯,C0F9T0,2018-09-03T19:00:00+08:00,111.0,209,1.4,28.9,0.74,992.4,-99,0.0,-99,-99,-99,臺中市,02,西屯區,125
24.182028,120.632861,西屯,C0F9T0,2018-09-03T20:00:00+08:00,111.0,204,1.8,28.8,0.75,992.9,-99,0.0,-99,-99,-99,臺中市,02,西屯區,125
24.182028,120.632861,西屯,C0F9T0,2018-09-03T21:00:00+08:00,111.0,173,1.5,28.6,0.73,993.2,-99,0.0,-99,-99,-99,臺中市,02,西屯區,125
24.182028,120.632861,西屯,C0F9T0,2018-09-03T22:00:00+08:00,111.0,202,1.1,28.4,0.74,993.1,-99,0.0,-99,-99,-99,臺中市,02,西屯區,125
24.182028,120.632861,西屯,C0F9T0,2018-09-03T23:00:00+08:00,111.0,215,0.9,27.8,0.76,992.7,-99,0.0,-99,-99,-99,臺中市,02,西屯區,125
24.182028,120.632861,西屯,C0F9T0,2018-09-04T00:00:00+08:00,111.0,207,2.1,27.5,0.78,992.8,-99,0.0,-99,-99,-99,臺中市,02,西屯區,125
24.182028,120.632861,西屯,C0F9T0,2018-09-04T01:00:00+08:00,111.0,191,1.2,27.4,0.79,992.8,-99,0.0,-99,-99,-99,臺中市,02,西屯區,125
24.182028,120.632861,西屯,C0F9T0,2018-09-04T02:00:00+08:00,111.0,162,1.4,27.2,0.79,992.6,-99,0.0,-99,-99,-99,臺中市,02,西屯區,125
24.182028,120.632861,西屯,C0F9T0,2018-09-04T03:00:00+08:00,111.0,163,2.4,27.0,0.79,992.3,-99,0.0,-99,-99,-99,臺中市,02,西屯區,125
24.182028,120.632861,西屯,C0F9T0,2018-09-04T04:00:00+08:00,111.0,157,2.7,27.1,0.77,992.5,-99,0.0,-99,-99,-99,臺中市,02,西屯區,125
24.182028,120.632861,西屯,C0F9T0,2018-09-04T05:00:00+08:00,111.0,166,1.0,27.2,0.76,992.7,-99,0.0,-99,-99,-99,臺中市,02,西屯區,125
24.182028,120.632861,西屯,C0F9T0,2018-09-04T06:00:00+08:00,111.0,166,1.3,27.3,0.74,992.8,-99,0.0,-99,-99,-99,臺中市,02,西屯區,125
24.182028,120.632861,西屯,C0F9T0,2018-09-04T07:00:00+08:00,111.0,193,1.3,27.8,0.71,992.8,-99,0.0,-99,-99,-99,臺中市,02,西屯區,125
24.182028,120.632861,西屯,C0F9T0,2018-09-04T08:00:00+08:00,111.0,186,2.3,29.4,0.64,993.0,-99,0.0,-99,-99,-99,臺中市,02,西屯區,125
24.182028,120.632861,西屯,C0F9T0,2018-09-04T09:00:00+08:00,111.0,205,1.6,30.0,0.64,993.4,-99,0.0,-99,-99,-99,臺中市,02,西屯區,125
24.182028,120.632861,西屯,C0F9T0,2018-09-04T10:00:00+08:00,111.0,186,1.2,31.1,0.62,993.6,-99,0.0,-99,-99,-99,臺中市,02,西屯區,125
24.182028,120.632861,西屯,C0F9T0,2018-09-04T11:00:00+08:00,111.0,239,1.7,31.9,0.6,993.1,-99,0.0,-99,-99,-99,臺中市,02,西屯區,125
24.182028,120.632861,西屯,C0F9T0,2018-09-04T12:00:00+08:00,111.0,182,2.2,32.3,0.58,992.2,-99,0.0,-99,-99,-99,臺中市,02,西屯區,125
24.182028,120.632861,西屯,C0F9T0,2018-09-04T13:00:00+08:00,111.0,200,1.9,32.9,0.57,991.5,-99,0.0,-99,-99,-99,臺中市,02,西屯區,125
24.182028,120.632861,西屯,C0F9T0,2018-09-04T14:00:00+08:00,111.0,244,1.6,34.0,0.55,990.7,-99,0.0,-99,-99,-99,臺中市,02,西屯區,125
24.182028,120.632861,西屯,C0F9T0,2018-09-04T15:00:00+08:00,111.0,263,2.0,33.7,0.54,990.2,-99,0.0,-99,-99,-99,臺中市,02,西屯區,125
24.182028,120.632861,西屯,C0F9T0,2018-09-04T16:00:00+08:00,111.0,289,2.3,32.5,0.68,990.7,-99,0.0,-99,-99,-99,臺中市,02,西屯區,125
24.182028,120.632861,西屯,C0F9T0,2018-09-04T17:00:00+08:00,111.0,248,1.9,31.4,0.7,991.3,-99,0.0,-99,-99,-99,臺中市,02,西屯區,125
24.182028,120.632861,西屯,C0F9T0,2018-09-04T18:00:00+08:00,111.0,243,1.1,29.9,0.76,991.2,-99,0.0,-99,-99,-99,臺中市,02,西屯區,125
24.182028,120.632861,西屯,C0F9T0,2018-09-04T19:00:00+08:00,111.0,264,0.8,29.4,0.81,992.1,-99,0.0,-99,-99,-99,臺中市,02,西屯區,125
24.182028,120.632861,西屯,C0F9T0,2018-09-04T20:00:00+08:00,111.0,207,1.0,29.1,0.81,992.8,-99,0.0,-99,-99,-99,臺中市,02,西屯區,125
24.182028,120.632861,西屯,C0F9T0,2018-09-04T21:00:00+08:00,111.0,234,0.9,28.9,0.82,993.1,-99,0.0,7.4,184,2018-09-04T20:12:00+08:00,臺中市,02,西屯區,125
24.182028,120.632861,西屯,C0F9T0,2018-09-04T22:00:00+08:00,111.0,200,0.9,28.8,0.81,993.2,-99,0.0,-99,-99,-99,臺中市,02,西屯區,125
24.182028,120.632861,西屯,C0F9T0,2018-09-05T01:00:00+08:00,111.0,204,2.2,27.9,0.84,992.8,-99,0.0,-99,-99,-99,臺中市,02,西屯區,125
24.182028,120.632861,西屯,C0F9T0,2018-09-05T00:00:00+08:00,111.0,210,1.5,28.2,0.81,993.0,-99,0.0,-99,-99,-99,臺中市,02,西屯區,125
24.182028,120.632861,西屯,C0F9T0,2018-09-05T02:00:00+08:00,111.0,180,1.2,28.0,0.83,992.3,-99,0.0,-99,-99,-99,臺中市,02,西屯區,125
24.182028,120.632861,西屯,C0F9T0,2018-09-05T03:00:00+08:00,111.0,158,1.3,27.7,0.84,992.2,-99,0.0,-99,-99,-99,臺中市,02,西屯區,125
24.182028,120.632861,西屯,C0F9T0,2018-09-05T04:00:00+08:00,111.0,181,1.3,27.9,0.84,992.3,-99,0.0,-99,-99,-99,臺中市,02,西屯區,125
24.182028,120.632861,西屯,C0F9T0,2018-09-05T06:00:00+08:00,111.0,202,1.2,28.2,0.81,992.8,-99,0.0,-99,-99,-99,臺中市,02,西屯區,125
24.182028,120.632861,西屯,C0F9T0,2018-09-05T07:00:00+08:00,111.0,205,0.9,28.3,0.81,993.3,-99,0.0,-99,-99,-99,臺中市,02,西屯區,125
24.182028,120.632861,西屯,C0F9T0,2018-09-05T08:00:00+08:00,111.0,182,1.5,29.0,0.76,993.6,-99,0.0,-99,-99,-99,臺中市,02,西屯區,125
24.182028,120.632861,西屯,C0F9T0,2018-09-05T09:00:00+08:00,111.0,157,1.2,29.3,0.75,994.0,-99,0.0,-99,-99,-99,臺中市,02,西屯區,125
24.182028,120.632861,西屯,C0F9T0,2018-09-05T10:00:00+08:00,111.0,260,1.2,30.7,0.7,994.2,-99,0.0,-99,-99,-99,臺中市,02,西屯區,125
24.182028,120.632861,西屯,C0F9T0,2018-09-05T11:00:00+08:00,111.0,269,0.9,31.2,0.69,993.8,-99,0.0,-99,-99,-99,臺中市,02,西屯區,125
24.182028,120.632861,西屯,C0F9T0,2018-09-05T12:00:00+08:00,111.0,268,1.2,32.5,0.63,993.2,-99,0.0,-99,-99,-99,臺中市,02,西屯區,125
24.182028,120.632861,西屯,C0F9T0,2018-09-05T13:00:00+08:00,111.0,285,1.8,31.9,0.68,992.4,-99,0.0,-99,-99,-99,臺中市,02,西屯區,125
24.182028,120.632861,西屯,C0F9T0,2018-09-05T14:00:00+08:00,111.0,311,2.4,29.6,0.76,992.2,-99,0.0,-99,-99,-99,臺中市,02,西屯區,125
24.182028,120.632861,西屯,C0F9T0,2018-09-05T15:00:00+08:00,111.0,52,1.8,28.7,0.8,991.9,-99,0.0,-99,-99,-99,臺中市,02,西屯區,125
24.182028,120.632861,西屯,C0F9T0,2018-09-05T16:00:00+08:00,111.0,111,0.8,30.9,0.69,991.4,-99,0.0,-99,-99,-99,臺中市,02,西屯區,125
24.182028,120.632861,西屯,C0F9T0,2018-09-05T17:00:00+08:00,111.0,308,1.2,30.2,0.69,991.8,-99,0.0,-99,-99,-99,臺中市,02,西屯區,125
24.182028,120.632861,西屯,C0F9T0,2018-09-05T18:00:00+08:00,111.0,331,0.6,30.1,0.69,992.1,-99,0.0,-99,-99,-99,臺中市,02,西屯區,125
24.182028,120.632861,西屯,C0F9T0,2018-09-05T19:00:00+08:00,111.0,333,1.0,29.9,0.7,992.5,-99,0.0,-99,-99,-99,臺中市,02,西屯區,125
24.182028,120.632861,西屯,C0F9T0,2018-09-05T20:00:00+08:00,111.0,212,1.1,29.4,0.77,993.1,-99,0.0,-99,-99,-99,臺中市,02,西屯區,125
24.182028,120.632861,西屯,C0F9T0,2018-09-05T21:00:00+08:00,111.0,308,0.8,28.7,0.82,994.0,-99,0.0,-99,-99,-99,臺中市,02,西屯區,125
24.182028,120.632861,西屯,C0F9T0,2018-09-05T22:00:00+08:00,111.0,265,0.5,28.7,0.79,994.3,-99,0.0,-99,-99,-99,臺中市,02,西屯區,125
24.182028,120.632861,西屯,C0F9T0,2018-09-05T23:00:00+08:00,111.0,284,0.6,28.3,0.82,994.3,-99,0.0,-99,-99,-99,臺中市,02,西屯區,125
24.182028,120.632861,西屯,C0F9T0,2018-09-06T00:00:00+08:00,111.0,214,1.1,28.7,0.76,994.0,-99,0.0,-99,-99,-99,臺中市,02,西屯區,125
24.182028,120.632861,西屯,C0F9T0,2018-09-06T01:00:00+08:00,111.0,298,0.7,28.2,0.81,994.0,-99,0.0,-99,-99,-99,臺中市,02,西屯區,125
24.182028,120.632861,西屯,C0F9T0,2018-09-06T02:00:00+08:00,111.0,222,0.3,28.0,0.82,993.4,-99,0.0,-99,-99,-99,臺中市,02,西屯區,125
24.182028,120.632861,西屯,C0F9T0,2018-09-06T03:00:00+08:00,111.0,286,0.7,27.4,0.84,992.8,-99,0.0,-99,-99,-99,臺中市,02,西屯區,125
24.182028,120.632861,西屯,C0F9T0,2018-09-06T04:00:00+08:00,111.0,218,1.6,27.3,0.85,992.8,-99,0.0,-99,-99,-99,臺中市,02,西屯區,125
24.182028,120.632861,西屯,C0F9T0,2018-09-06T05:00:00+08:00,111.0,305,0.8,27.1,0.83,992.8,-99,0.0,-99,-99,-99,臺中市,02,西屯區,125
24.182028,120.632861,西屯,C0F9T0,2018-09-06T06:00:00+08:00,111.0,298,1.1,26.9,0.85,992.8,-99,0.0,-99,-99,-99,臺中市,02,西屯區,125
24.182028,120.632861,西屯,C0F9T0,2018-09-06T07:00:00+08:00,111.0,317,0.8,27.4,0.83,993.1,-99,0.0,-99,-99,-99,臺中市,02,西屯區,125
24.182028,120.632861,西屯,C0F9T0,2018-09-06T08:00:00+08:00,111.0,356,1.1,28.3,0.8,993.4,-99,0.0,-99,-99,-99,臺中市,02,西屯區,125
24.182028,120.632861,西屯,C0F9T0,2018-09-06T09:00:00+08:00,111.0,209,0.6,29.7,0.73,994.0,-99,0.0,-99,-99,-99,臺中市,02,西屯區,125
24.182028,120.632861,西屯,C0F9T0,2018-09-06T10:00:00+08:00,111.0,307,2.2,30.4,0.7,994.2,-99,0.0,-99,-99,-99,臺中市,02,西屯區,125
24.182028,120.632861,西屯,C0F9T0,2018-09-06T11:00:00+08:00,111.0,286,1.3,30.6,0.69,994.0,-99,0.0,-99,-99,-99,臺中市,02,西屯區,125
24.182028,120.632861,西屯,C0F9T0,2018-09-06T12:00:00+08:00,111.0,283,0.9,30.3,0.7,993.6,-99,0.0,-99,-99,-99,臺中市,02,西屯區,125
24.182028,120.632861,西屯,C0F9T0,2018-09-06T13:00:00+08:00,111.0,304,2.2,30.1,0.69,993.0,-99,0.5,-99,-99,-99,臺中市,02,西屯區,125
24.182028,120.632861,西屯,C0F9T0,2018-09-06T14:00:00+08:00,111.0,305,2.0,30.7,0.62,992.1,-99,0.5,-99,-99,-99,臺中市,02,西屯區,125
24.182028,120.632861,西屯,C0F9T0,2018-09-06T15:00:00+08:00,111.0,331,3.0,30.5,0.65,992.0,-99,0.5,-99,-99,-99,臺中市,02,西屯區,125
24.182028,120.632861,西屯,C0F9T0,2018-09-06T16:00:00+08:00,111.0,300,2.1,30.0,0.71,991.9,-99,0.5,-99,-99,-99,臺中市,02,西屯區,125
24.182028,120.632861,西屯,C0F9T0,2018-09-06T17:00:00+08:00,111.0,341,1.7,29.6,0.73,991.5,-99,0.5,-99,-99,-99,臺中市,02,西屯區,125
24.182028,120.632861,西屯,C0F9T0,2018-09-06T18:00:00+08:00,111.0,322,2.3,29.0,0.78,992.0,-99,0.5,-99,-99,-99,臺中市,02,西屯區,125
24.182028,120.632861,西屯,C0F9T0,2018-09-06T19:00:00+08:00,111.0,199,1.3,28.3,0.75,992.9,-99,0.5,-99,-99,-99,臺中市,02,西屯區,125
24.182028,120.632861,西屯,C0F9T0,2018-09-06T20:00:00+08:00,111.0,179,1.3,27.8,0.75,993.4,-99,0.5,-99,-99,-99,臺中市,02,西屯區,125
24.182028,120.632861,西屯,C0F9T0,2018-09-06T21:00:00+08:00,111.0,251,1.0,27.8,0.76,994.0,-99,0.5,-99,-99,-99,臺中市,02,西屯區,125
24.182028,120.632861,西屯,C0F9T0,2018-09-06T22:00:00+08:00,111.0,285,0.3,27.4,0.79,994.2,-99,0.5,-99,-99,-99,臺中市,02,西屯區,125
24.182028,120.632861,西屯,C0F9T0,2018-09-06T23:00:00+08:00,111.0,92,0.3,27.3,0.8,994.3,-99,0.5,-99,-99,-99,臺中市,02,西屯區,125
24.182028,120.632861,西屯,C0F9T0,2018-09-07T00:00:00+08:00,111.0,295,0.5,27.1,0.79,994.2,-99,0.5,-99,-99,-99,臺中市,02,西屯區,125
24.182028,120.632861,西屯,C0F9T0,2018-09-07T01:00:00+08:00,111.0,257,0.5,27.4,0.81,994.0,-99,0.0,-99,-99,-99,臺中市,02,西屯區,125
24.182028,120.632861,西屯,C0F9T0,2018-09-07T02:00:00+08:00,111.0,0,0.2,26.9,0.84,993.5,-99,0.0,-99,-99,-99,臺中市,02,西屯區,125
24.182028,120.632861,西屯,C0F9T0,2018-09-07T03:00:00+08:00,111.0,165,0.7,27.3,0.82,993.3,-99,0.0,-99,-99,-99,臺中市,02,西屯區,125
24.182028,120.632861,西屯,C0F9T0,2018-09-07T04:00:00+08:00,111.0,0,0.0,27.1,0.82,993.3,-99,0.0,-99,-99,-99,臺中市,02,西屯區,125
24.182028,120.632861,西屯,C0F9T0,2018-09-07T05:00:00+08:00,111.0,262,0.5,26.9,0.84,993.3,-99,0.0,-99,-99,-99,臺中市,02,西屯區,125
24.182028,120.632861,西屯,C0F9T0,2018-09-07T06:00:00+08:00,111.0,290,0.7,26.6,0.86,993.6,-99,0.0,-99,-99,-99,臺中市,02,西屯區,125
24.182028,120.632861,西屯,C0F9T0,2018-09-07T07:00:00+08:00,111.0,307,1.2,27.1,0.83,993.9,-99,0.0,-99,-99,-99,臺中市,02,西屯區,125
24.182028,120.632861,西屯,C0F9T0,2018-09-07T08:00:00+08:00,111.0,247,0.5,29.1,0.73,994.3,-99,0.0,-99,-99,-99,臺中市,02,西屯區,125
24.182028,120.632861,西屯,C0F9T0,2018-09-07T09:00:00+08:00,111.0,165,1.2,30.2,0.67,994.4,-99,0.0,-99,-99,-99,臺中市,02,西屯區,125
24.182028,120.632861,西屯,C0F9T0,2018-09-07T10:00:00+08:00,111.0,261,0.8,31.5,0.61,994.5,-99,0.0,-99,-99,-99,臺中市,02,西屯區,125
24.182028,120.632861,西屯,C0F9T0,2018-09-07T11:00:00+08:00,111.0,302,2.5,30.4,0.67,994.3,-99,0.0,-99,-99,-99,臺中市,02,西屯區,125
24.182028,120.632861,西屯,C0F9T0,2018-09-07T12:00:00+08:00,111.0,301,3.1,30.4,0.7,993.6,-99,0.0,-99,-99,-99,臺中市,02,西屯區,125
24.182028,120.632861,西屯,C0F9T0,2018-09-07T13:00:00+08:00,111.0,300,3.2,31.2,0.66,993.2,-99,0.0,-99,-99,-99,臺中市,02,西屯區,125
24.182028,120.632861,西屯,C0F9T0,2018-09-07T14:00:00+08:00,111.0,292,2.9,30.8,0.69,992.5,-99,0.0,-99,-99,-99,臺中市,02,西屯區,125
24.182028,120.632861,西屯,C0F9T0,2018-09-07T15:00:00+08:00,111.0,305,2.6,30.5,0.64,992.1,-99,0.0,-99,-99,-99,臺中市,02,西屯區,125
24.182028,120.632861,西屯,C0F9T0,2018-09-07T16:00:00+08:00,111.0,328,2.7,29.4,0.75,992.4,-99,0.0,-99,-99,-99,臺中市,02,西屯區,125
24.182028,120.632861,西屯,C0F9T0,2018-09-07T17:00:00+08:00,111.0,329,1.3,29.3,0.76,992.3,-99,0.0,-99,-99,-99,臺中市,02,西屯區,125
24.182028,120.632861,西屯,C0F9T0,2018-09-07T18:00:00+08:00,111.0,22,1.7,29.2,0.76,993.1,-99,0.0,-99,-99,-99,臺中市,02,西屯區,125
24.182028,120.632861,西屯,C0F9T0,2018-09-07T19:00:00+08:00,111.0,334,1.2,28.8,0.78,993.5,-99,0.0,-99,-99,-99,臺中市,02,西屯區,125
24.182028,120.632861,西屯,C0F9T0,2018-09-07T20:00:00+08:00,111.0,322,1.3,28.6,0.8,994.5,-99,0.0,-99,-99,-99,臺中市,02,西屯區,125
24.182028,120.632861,西屯,C0F9T0,2018-09-07T21:00:00+08:00,111.0,163,0.9,26.8,0.85,995.5,-99,3.0,-99,-99,-99,臺中市,02,西屯區,125
24.182028,120.632861,西屯,C0F9T0,2018-09-07T22:00:00+08:00,111.0,157,0.8,25.5,0.9,995.8,-99,4.0,-99,-99,-99,臺中市,02,西屯區,125
24.182028,120.632861,西屯,C0F9T0,2018-09-07T23:00:00+08:00,111.0,132,0.9,26.1,0.88,995.6,-99,4.0,-99,-99,-99,臺中市,02,西屯區,125
24.182028,120.632861,西屯,C0F9T0,2018-09-08T00:00:00+08:00,111.0,321,1.1,25.8,0.9,995.6,-99,4.0,-99,-99,-99,臺中市,02,西屯區,125
24.182028,120.632861,西屯,C0F9T0,2018-09-08T01:00:00+08:00,111.0,115,0.6,26.5,0.84,995.3,-99,0.0,-99,-99,-99,臺中市,02,西屯區,125
24.182028,120.632861,西屯,C0F9T0,2018-09-08T02:00:00+08:00,111.0,293,1.0,26.0,0.88,994.8,-99,0.0,-99,-99,-99,臺中市,02,西屯區,125
24.182028,120.632861,西屯,C0F9T0,2018-09-08T03:00:00+08:00,111.0,294,1.0,25.3,0.93,994.2,-99,0.0,-99,-99,-99,臺中市,02,西屯區,125
24.182028,120.632861,西屯,C0F9T0,2018-09-08T04:00:00+08:00,111.0,316,0.9,25.6,0.92,994.2,-99,0.0,-99,-99,-99,臺中市,02,西屯區,125
24.182028,120.632861,西屯,C0F9T0,2018-09-08T05:00:00+08:00,111.0,300,0.3,25.3,0.91,994.3,-99,0.0,-99,-99,-99,臺中市,02,西屯區,125
24.182028,120.632861,西屯,C0F9T0,2018-09-08T06:00:00+08:00,111.0,306,0.7,25.5,0.9,994.6,-99,0.0,-99,-99,-99,臺中市,02,西屯區,125
24.182028,120.632861,西屯,C0F9T0,2018-09-08T07:00:00+08:00,111.0,311,0.7,26.2,0.87,995.0,-99,0.0,-99,-99,-99,臺中市,02,西屯區,125
24.182028,120.632861,西屯,C0F9T0,2018-09-08T08:00:00+08:00,111.0,3,0.7,27.5,0.81,995.9,-99,0.0,-99,-99,-99,臺中市,02,西屯區,125
24.182028,120.632861,西屯,C0F9T0,2018-09-08T09:00:00+08:00,111.0,244,0.7,28.6,0.75,996.5,-99,0.0,-99,-99,-99,臺中市,02,西屯區,125
24.182028,120.632861,西屯,C0F9T0,2018-09-08T10:00:00+08:00,111.0,321,1.4,29.7,0.71,996.3,-99,0.0,-99,-99,-99,臺中市,02,西屯區,125
24.182028,120.632861,西屯,C0F9T0,2018-09-08T11:00:00+08:00,111.0,336,3.0,29.4,0.73,996.1,-99,0.0,-99,-99,-99,臺中市,02,西屯區,125
24.182028,120.632861,西屯,C0F9T0,2018-09-08T12:00:00+08:00,111.0,321,3.1,29.3,0.71,995.7,-99,0.0,-99,-99,-99,臺中市,02,西屯區,125
24.182028,120.632861,西屯,C0F9T0,2018-09-08T13:00:00+08:00,111.0,321,2.8,29.9,0.67,995.2,-99,0.0,-99,-99,-99,臺中市,02,西屯區,125
24.182028,120.632861,西屯,C0F9T0,2018-09-08T14:00:00+08:00,111.0,327,2.9,29.7,0.72,994.2,-99,0.0,-99,-99,-99,臺中市,02,西屯區,125
24.182028,120.632861,西屯,C0F9T0,2018-09-08T15:00:00+08:00,111.0,329,2.7,29.1,0.73,994.2,-99,0.0,-99,-99,-99,臺中市,02,西屯區,125
24.182028,120.632861,西屯,C0F9T0,2018-09-08T16:00:00+08:00,111.0,328,2.3,28.5,0.75,994.1,-99,0.0,-99,-99,-99,臺中市,02,西屯區,125
24.182028,120.632861,西屯,C0F9T0,2018-09-08T17:00:00+08:00,111.0,348,2.4,28.1,0.79,994.1,-99,0.0,-99,-99,-99,臺中市,02,西屯區,125
24.182028,120.632861,西屯,C0F9T0,2018-09-08T18:00:00+08:00,111.0,319,2.0,27.5,0.83,994.5,-99,0.0,-99,-99,-99,臺中市,02,西屯區,125
24.182028,120.632861,西屯,C0F9T0,2018-09-08T19:00:00+08:00,111.0,333,2.6,26.9,0.84,995.1,-99,0.0,-99,-99,-99,臺中市,02,西屯區,125
24.182028,120.632861,西屯,C0F9T0,2018-09-08T20:00:00+08:00,111.0,343,1.2,26.7,0.85,995.8,-99,0.0,-99,-99,-99,臺中市,02,西屯區,125
24.182028,120.632861,西屯,C0F9T0,2018-09-08T21:00:00+08:00,111.0,346,1.6,26.9,0.82,995.9,-99,0.0,-99,-99,-99,臺中市,02,西屯區,125
24.182028,120.632861,西屯,C0F9T0,2018-09-08T22:00:00+08:00,111.0,322,1.5,26.3,0.84,996.3,-99,0.0,-99,-99,-99,臺中市,02,西屯區,125
24.182028,120.632861,西屯,C0F9T0,2018-09-08T23:00:00+08:00,111.0,319,1.4,26.0,0.86,996.1,-99,0.0,-99,-99,-99,臺中市,02,西屯區,125
24.182028,120.632861,西屯,C0F9T0,2018-09-09T00:00:00+08:00,111.0,334,2.0,25.5,0.86,995.9,-99,0.0,-99,-99,-99,臺中市,02,西屯區,125
24.182028,120.632861,西屯,C0F9T0,2018-09-09T01:00:00+08:00,111.0,338,2.1,25.6,0.86,995.6,-99,0.0,-99,-99,-99,臺中市,02,西屯區,125
24.182028,120.632861,西屯,C0F9T0,2018-09-09T02:00:00+08:00,111.0,37,1.1,25.7,0.85,995.2,-99,0.0,-99,-99,-99,臺中市,02,西屯區,125
24.182028,120.632861,西屯,C0F9T0,2018-09-09T03:00:00+08:00,111.0,324,1.5,26.0,0.84,995.2,-99,0.0,-99,-99,-99,臺中市,02,西屯區,125
24.182028,120.632861,西屯,C0F9T0,2018-09-09T04:00:00+08:00,111.0,318,1.2,25.9,0.83,994.9,-99,0.0,-99,-99,-99,臺中市,02,西屯區,125
24.182028,120.632861,西屯,C0F9T0,2018-09-09T05:00:00+08:00,111.0,315,1.6,25.9,0.79,995.6,-99,0.0,-99,-99,-99,臺中市,02,西屯區,125
24.182028,120.632861,西屯,C0F9T0,2018-09-09T06:00:00+08:00,111.0,336,1.4,25.5,0.79,995.9,-99,0.0,-99,-99,-99,臺中市,02,西屯區,125
24.182028,120.632861,西屯,C0F9T0,2018-09-09T07:00:00+08:00,111.0,334,1.7,26.1,0.79,996.2,-99,0.0,-99,-99,-99,臺中市,02,西屯區,125
24.182028,120.632861,西屯,C0F9T0,2018-09-09T08:00:00+08:00,111.0,15,2.0,27.1,0.75,996.7,-99,0.0,-99,-99,-99,臺中市,02,西屯區,125
24.182028,120.632861,西屯,C0F9T0,2018-09-09T09:00:00+08:00,111.0,349,3.9,27.3,0.78,997.0,-99,0.0,-99,-99,-99,臺中市,02,西屯區,125
24.182028,120.632861,西屯,C0F9T0,2018-09-09T10:00:00+08:00,111.0,330,2.3,26.5,0.81,996.8,-99,0.0,10.1,354,2018-09-09T09:10:00+08:00,臺中市,02,西屯區,125
24.182028,120.632861,西屯,C0F9T0,2018-09-09T11:00:00+08:00,111.0,336,4.0,27.4,0.74,996.6,-99,0.0,10.2,7,2018-09-09T10:43:00+08:00,臺中市,02,西屯區,125
24.182028,120.632861,西屯,C0F9T0,2018-09-09T12:00:00+08:00,111.0,349,3.4,27.4,0.73,996.3,-99,0.0,11.3,345,2018-09-09T11:15:00+08:00,臺中市,02,西屯區,125
24.182028,120.632861,西屯,C0F9T0,2018-09-09T13:00:00+08:00,111.0,336,4.3,27.1,0.75,995.7,-99,0.0,11.8,355,2018-09-09T12:23:00+08:00,臺中市,02,西屯區,125
24.182028,120.632861,西屯,C0F9T0,2018-09-09T14:00:00+08:00,111.0,339,4.0,27.0,0.75,995.3,-99,0.0,12.0,49,2018-09-09T13:23:00+08:00,臺中市,02,西屯區,125
24.182028,120.632861,西屯,C0F9T0,2018-09-09T15:00:00+08:00,111.0,360,4.2,26.1,0.78,994.7,-99,0.0,11.5,354,2018-09-09T14:28:00+08:00,臺中市,02,西屯區,125
24.182028,120.632861,西屯,C0F9T0,2018-09-09T16:00:00+08:00,111.0,357,3.4,26.0,0.77,994.5,-99,0.0,11.8,4,2018-09-09T15:30:00+08:00,臺中市,02,西屯區,125
24.182028,120.632861,西屯,C0F9T0,2018-09-09T18:00:00+08:00,111.0,352,3.0,25.5,0.77,995.4,-99,0.0,9.9,51,2018-09-09T17:22:00+08:00,臺中市,02,西屯區,125
24.182028,120.632861,西屯,C0F9T0,2018-09-09T19:00:00+08:00,111.0,337,3.2,25.2,0.78,995.8,-99,0.0,8.6,42,2018-09-09T18:02:00+08:00,臺中市,02,西屯區,125
24.182028,120.632861,西屯,C0F9T0,2018-09-09T20:00:00+08:00,111.0,347,2.6,24.9,0.8,996.3,-99,0.0,-99,-99,-99,臺中市,02,西屯區,125
24.182028,120.632861,西屯,C0F9T0,2018-09-09T21:00:00+08:00,111.0,356,1.9,24.8,0.8,997.0,-99,0.0,7.3,335,2018-09-09T20:13:00+08:00,臺中市,02,西屯區,125
24.182028,120.632861,西屯,C0F9T0,2018-09-09T22:00:00+08:00,111.0,352,2.3,24.8,0.77,997.5,-99,0.0,-99,-99,-99,臺中市,02,西屯區,125
24.182028,120.632861,西屯,C0F9T0,2018-09-09T23:00:00+08:00,111.0,357,1.8,24.7,0.75,997.7,-99,0.0,-99,-99,-99,臺中市,02,西屯區,125
24.182028,120.632861,西屯,C0F9T0,2018-09-10T00:00:00+08:00,111.0,329,1.7,24.5,0.76,997.4,-99,0.0,-99,-99,-99,臺中市,02,西屯區,125
24.182028,120.632861,西屯,C0F9T0,2018-09-10T01:00:00+08:00,111.0,338,2.5,24.5,0.76,997.1,-99,0.0,-99,-99,-99,臺中市,02,西屯區,125
24.182028,120.632861,西屯,C0F9T0,2018-09-10T02:00:00+08:00,111.0,325,2.6,23.8,0.75,996.9,-99,0.0,-99,-99,-99,臺中市,02,西屯區,125
24.182028,120.632861,西屯,C0F9T0,2018-09-10T03:00:00+08:00,111.0,358,1.4,23.7,0.75,996.7,-99,0.0,-99,-99,-99,臺中市,02,西屯區,125
24.182028,120.632861,西屯,C0F9T0,2018-09-10T04:00:00+08:00,111.0,358,1.7,23.8,0.74,996.0,-99,0.0,-99,-99,-99,臺中市,02,西屯區,125
24.182028,120.632861,西屯,C0F9T0,2018-09-10T05:00:00+08:00,111.0,354,1.6,23.4,0.76,995.9,-99,0.0,-99,-99,-99,臺中市,02,西屯區,125
24.182028,120.632861,西屯,C0F9T0,2018-09-10T06:00:00+08:00,111.0,334,2.8,23.0,0.77,996.0,-99,0.0,-99,-99,-99,臺中市,02,西屯區,125
24.182028,120.632861,西屯,C0F9T0,2018-09-10T07:00:00+08:00,111.0,19,1.5,23.9,0.73,996.4,-99,0.0,-99,-99,-99,臺中市,02,西屯區,125
24.182028,120.632861,西屯,C0F9T0,2018-09-10T08:00:00+08:00,111.0,352,2.1,25.5,0.69,996.6,-99,0.0,8.3,40,2018-09-10T07:46:00+08:00,臺中市,02,西屯區,125
24.182028,120.632861,西屯,C0F9T0,2018-09-10T09:00:00+08:00,111.0,8,1.8,26.2,0.68,996.3,-99,0.0,-99,-99,-99,臺中市,02,西屯區,125
24.182028,120.632861,西屯,C0F9T0,2018-09-10T10:00:00+08:00,111.0,19,1.7,27.9,0.66,996.1,-99,0.0,-99,-99,-99,臺中市,02,西屯區,125
24.182028,120.632861,西屯,C0F9T0,2018-09-10T11:00:00+08:00,111.0,350,1.3,29.3,0.62,995.6,-99,0.0,-99,-99,-99,臺中市,02,西屯區,125
24.182028,120.632861,西屯,C0F9T0,2018-09-10T12:00:00+08:00,111.0,324,4.3,29.7,0.64,995.0,-99,0.0,-99,-99,-99,臺中市,02,西屯區,125
24.182028,120.632861,西屯,C0F9T0,2018-09-10T13:00:00+08:00,111.0,325,4.1,29.6,0.65,994.2,-99,0.0,-99,-99,-99,臺中市,02,西屯區,125
24.182028,120.632861,西屯,C0F9T0,2018-09-10T14:00:00+08:00,111.0,326,3.1,29.9,0.66,993.8,-99,0.0,-99,-99,-99,臺中市,02,西屯區,125
24.182028,120.632861,西屯,C0F9T0,2018-09-10T15:00:00+08:00,111.0,326,3.3,30.0,0.66,993.4,-99,0.0,-99,-99,-99,臺中市,02,西屯區,125
24.182028,120.632861,西屯,C0F9T0,2018-09-10T16:00:00+08:00,111.0,328,3.3,29.5,0.69,993.5,-99,0.0,-99,-99,-99,臺中市,02,西屯區,125
24.182028,120.632861,西屯,C0F9T0,2018-09-10T17:00:00+08:00,111.0,349,2.2,28.2,0.74,994.2,-99,0.0,9.6,360,2018-09-10T16:23:00+08:00,臺中市,02,西屯區,125
24.182028,120.632861,西屯,C0F9T0,2018-09-10T18:00:00+08:00,111.0,324,2.6,27.2,0.79,994.6,-99,0.0,8.0,13,2018-09-10T17:07:00+08:00,臺中市,02,西屯區,125
24.182028,120.632861,西屯,C0F9T0,2018-09-10T19:00:00+08:00,111.0,334,2.3,26.8,0.83,994.5,-99,0.0,-99,-99,-99,臺中市,02,西屯區,125
24.182028,120.632861,西屯,C0F9T0,2018-09-10T20:00:00+08:00,111.0,349,2.6,26.3,0.85,994.5,-99,0.0,-99,-99,-99,臺中市,02,西屯區,125
24.182028,120.632861,西屯,C0F9T0,2018-09-10T21:00:00+08:00,111.0,333,1.6,25.9,0.87,994.6,-99,0.0,-99,-99,-99,臺中市,02,西屯區,125
24.182028,120.632861,西屯,C0F9T0,2018-09-10T22:00:00+08:00,111.0,324,2.0,25.7,0.88,994.6,-99,0.0,-99,-99,-99,臺中市,02,西屯區,125
24.182028,120.632861,西屯,C0F9T0,2018-09-10T23:00:00+08:00,111.0,312,0.9,25.6,0.86,994.2,-99,0.0,-99,-99,-99,臺中市,02,西屯區,125
24.182028,120.632861,西屯,C0F9T0,2018-09-11T00:00:00+08:00,111.0,354,0.8,25.8,0.85,993.6,-99,0.0,-99,-99,-99,臺中市,02,西屯區,125
24.182028,120.632861,西屯,C0F9T0,2018-09-11T01:00:00+08:00,111.0,308,1.5,25.3,0.87,993.3,-99,0.0,-99,-99,-99,臺中市,02,西屯區,125
24.182028,120.632861,西屯,C0F9T0,2018-09-11T02:00:00+08:00,111.0,302,0.5,25.1,0.87,992.9,-99,0.0,-99,-99,-99,臺中市,02,西屯區,125
24.182028,120.632861,西屯,C0F9T0,2018-09-11T03:00:00+08:00,111.0,0,0.0,25.6,0.87,992.5,-99,0.0,-99,-99,-99,臺中市,02,西屯區,125
24.182028,120.632861,西屯,C0F9T0,2018-09-11T04:00:00+08:00,111.0,207,1.4,25.8,0.87,993.0,-99,0.0,-99,-99,-99,臺中市,02,西屯區,125
24.182028,120.632861,西屯,C0F9T0,2018-09-11T05:00:00+08:00,111.0,184,1.4,25.9,0.88,993.9,-99,0.0,-99,-99,-99,臺中市,02,西屯區,125
24.182028,120.632861,西屯,C0F9T0,2018-09-11T06:00:00+08:00,111.0,161,2.5,26.2,0.87,994.3,-99,0.0,-99,-99,-99,臺中市,02,西屯區,125
24.182028,120.632861,西屯,C0F9T0,2018-09-11T07:00:00+08:00,111.0,173,1.0,26.6,0.85,994.9,-99,0.0,-99,-99,-99,臺中市,02,西屯區,125
24.182028,120.632861,西屯,C0F9T0,2018-09-11T08:00:00+08:00,111.0,175,1.5,27.2,0.83,995.6,-99,0.0,-99,-99,-99,臺中市,02,西屯區,125
24.182028,120.632861,西屯,C0F9T0,2018-09-11T09:00:00+08:00,111.0,161,2.8,29.1,0.73,996.0,-99,0.0,-99,-99,-99,臺中市,02,西屯區,125
24.182028,120.632861,西屯,C0F9T0,2018-09-11T10:00:00+08:00,111.0,169,1.6,29.8,0.69,996.4,-99,0.0,-99,-99,-99,臺中市,02,西屯區,125
24.182028,120.632861,西屯,C0F9T0,2018-09-11T11:00:00+08:00,111.0,200,1.1,30.6,0.68,996.4,-99,0.0,-99,-99,-99,臺中市,02,西屯區,125
24.182028,120.632861,西屯,C0F9T0,2018-09-11T12:00:00+08:00,111.0,166,1.4,31.1,0.65,996.0,-99,0.0,-99,-99,-99,臺中市,02,西屯區,125
24.182028,120.632861,西屯,C0F9T0,2018-09-11T13:00:00+08:00,111.0,306,1.7,31.3,0.64,995.5,-99,0.0,-99,-99,-99,臺中市,02,西屯區,125
24.182028,120.632861,西屯,C0F9T0,2018-09-11T14:00:00+08:00,111.0,275,1.3,30.2,0.73,994.9,-99,0.0,-99,-99,-99,臺中市,02,西屯區,125
24.182028,120.632861,西屯,C0F9T0,2018-09-11T15:00:00+08:00,111.0,233,0.8,31.2,0.61,994.6,-99,0.0,-99,-99,-99,臺中市,02,西屯區,125
24.182028,120.632861,西屯,C0F9T0,2018-09-11T16:00:00+08:00,111.0,209,0.7,31.4,0.57,994.6,-99,0.0,-99,-99,-99,臺中市,02,西屯區,125
24.182028,120.632861,西屯,C0F9T0,2018-09-11T17:00:00+08:00,111.0,197,0.4,31.8,0.61,994.6,-99,0.0,-99,-99,-99,臺中市,02,西屯區,125
24.182028,120.632861,西屯,C0F9T0,2018-09-11T18:00:00+08:00,111.0,228,1.1,30.4,0.69,994.9,-99,0.0,-99,-99,-99,臺中市,02,西屯區,125
24.182028,120.632861,西屯,C0F9T0,2018-09-11T19:00:00+08:00,111.0,234,0.7,28.1,0.81,995.7,-99,0.0,-99,-99,-99,臺中市,02,西屯區,125
24.182028,120.632861,西屯,C0F9T0,2018-09-11T20:00:00+08:00,111.0,252,0.4,28.1,0.79,996.1,-99,0.0,-99,-99,-99,臺中市,02,西屯區,125
24.182028,120.632861,西屯,C0F9T0,2018-09-11T21:00:00+08:00,111.0,10,0.4,28.4,0.78,996.9,-99,0.0,-99,-99,-99,臺中市,02,西屯區,125
24.182028,120.632861,西屯,C0F9T0,2018-09-11T22:00:00+08:00,111.0,167,1.0,28.8,0.76,996.9,-99,0.0,-99,-99,-99,臺中市,02,西屯區,125
24.182028,120.632861,西屯,C0F9T0,2018-09-11T23:00:00+08:00,111.0,207,0.8,28.4,0.79,996.8,-99,0.0,-99,-99,-99,臺中市,02,西屯區,125
24.182028,120.632861,西屯,C0F9T0,2018-09-12T00:00:00+08:00,111.0,285,0.9,27.7,0.84,996.4,-99,0.0,-99,-99,-99,臺中市,02,西屯區,125
24.182028,120.632861,西屯,C0F9T0,2018-09-12T01:00:00+08:00,111.0,215,0.9,27.4,0.86,996.3,-99,-99,-99,-99,-99,臺中市,02,西屯區,125
24.182028,120.632861,西屯,C0F9T0,2018-09-12T02:00:00+08:00,111.0,0,0.0,27.2,0.86,995.8,-99,0.0,-99,-99,-99,臺中市,02,西屯區,125
24.182028,120.632861,西屯,C0F9T0,2018-09-12T03:00:00+08:00,111.0,288,0.8,26.6,0.89,995.7,-99,0.0,-99,-99,-99,臺中市,02,西屯區,125
24.182028,120.632861,西屯,C0F9T0,2018-09-12T04:00:00+08:00,111.0,326,0.9,26.6,0.88,996.0,-99,0.0,-99,-99,-99,臺中市,02,西屯區,125
24.182028,120.632861,西屯,C0F9T0,2018-09-12T05:00:00+08:00,111.0,89,0.7,26.5,0.89,996.3,-99,0.0,-99,-99,-99,臺中市,02,西屯區,125
24.182028,120.632861,西屯,C0F9T0,2018-09-12T06:00:00+08:00,111.0,150,1.3,26.8,0.85,997.0,-99,0.0,-99,-99,-99,臺中市,02,西屯區,125
24.182028,120.632861,西屯,C0F9T0,2018-09-12T07:00:00+08:00,111.0,310,0.6,27.2,0.86,997.2,-99,0.0,-99,-99,-99,臺中市,02,西屯區,125
24.182028,120.632861,西屯,C0F9T0,2018-09-12T08:00:00+08:00,111.0,65,0.7,28.0,0.79,997.2,-99,0.0,-99,-99,-99,臺中市,02,西屯區,125
24.182028,120.632861,西屯,C0F9T0,2018-09-12T09:00:00+08:00,111.0,321,1.4,29.2,0.72,997.0,-99,0.0,-99,-99,-99,臺中市,02,西屯區,125
24.182028,120.632861,西屯,C0F9T0,2018-09-12T10:00:00+08:00,111.0,318,2.1,29.3,0.73,996.9,-99,0.0,-99,-99,-99,臺中市,02,西屯區,125
24.182028,120.632861,西屯,C0F9T0,2018-09-12T11:00:00+08:00,111.0,331,3.2,28.7,0.78,997.0,-99,0.0,-99,-99,-99,臺中市,02,西屯區,125
24.182028,120.632861,西屯,C0F9T0,2018-09-12T12:00:00+08:00,111.0,321,2.9,28.7,0.79,997.2,-99,0.0,-99,-99,-99,臺中市,02,西屯區,125
24.182028,120.632861,西屯,C0F9T0,2018-09-12T13:00:00+08:00,111.0,315,3.1,28.6,0.78,996.9,-99,0.0,-99,-99,-99,臺中市,02,西屯區,125
24.182028,120.632861,西屯,C0F9T0,2018-09-12T14:00:00+08:00,111.0,325,4.2,29.5,0.74,995.9,-99,0.0,-99,-99,-99,臺中市,02,西屯區,125
24.182028,120.632861,西屯,C0F9T0,2018-09-12T15:00:00+08:00,111.0,314,3.1,29.7,0.74,995.7,-99,0.0,-99,-99,-99,臺中市,02,西屯區,125
24.182028,120.632861,西屯,C0F9T0,2018-09-12T16:00:00+08:00,111.0,326,2.2,29.4,0.75,995.2,-99,0.0,-99,-99,-99,臺中市,02,西屯區,125
24.182028,120.632861,西屯,C0F9T0,2018-09-12T17:00:00+08:00,111.0,313,2.4,28.4,0.8,994.9,-99,0.0,-99,-99,-99,臺中市,02,西屯區,125
24.182028,120.632861,西屯,C0F9T0,2018-09-12T18:00:00+08:00,111.0,329,2.7,27.9,0.82,995.2,-99,0.0,-99,-99,-99,臺中市,02,西屯區,125
24.182028,120.632861,西屯,C0F9T0,2018-09-12T19:00:00+08:00,111.0,316,1.6,27.3,0.87,995.3,-99,0.0,-99,-99,-99,臺中市,02,西屯區,125
24.182028,120.632861,西屯,C0F9T0,2018-09-12T20:00:00+08:00,111.0,326,1.3,27.2,0.88,996.2,-99,0.0,-99,-99,-99,臺中市,02,西屯區,125
24.182028,120.632861,西屯,C0F9T0,2018-09-12T21:00:00+08:00,111.0,329,2.1,27.3,0.88,996.8,-99,0.0,-99,-99,-99,臺中市,02,西屯區,125
24.182028,120.632861,西屯,C0F9T0,2018-09-12T22:00:00+08:00,111.0,320,1.2,27.4,0.88,997.2,-99,0.0,-99,-99,-99,臺中市,02,西屯區,125
24.182028,120.632861,西屯,C0F9T0,2018-09-12T23:00:00+08:00,111.0,330,1.7,27.4,0.88,997.2,-99,0.0,-99,-99,-99,臺中市,02,西屯區,125
24.182028,120.632861,西屯,C0F9T0,2018-09-13T00:00:00+08:00,111.0,343,1.4,27.3,0.88,997.1,-99,0.0,-99,-99,-99,臺中市,02,西屯區,125
24.182028,120.632861,西屯,C0F9T0,2018-09-13T01:00:00+08:00,111.0,314,1.1,27.2,0.89,996.6,-99,0.0,-99,-99,-99,臺中市,02,西屯區,125
24.182028,120.632861,西屯,C0F9T0,2018-09-13T02:00:00+08:00,111.0,338,0.9,27.1,0.89,995.8,-99,0.0,-99,-99,-99,臺中市,02,西屯區,125
24.182028,120.632861,西屯,C0F9T0,2018-09-13T03:00:00+08:00,111.0,296,1.0,27.0,0.89,995.5,-99,0.0,-99,-99,-99,臺中市,02,西屯區,125
24.182028,120.632861,西屯,C0F9T0,2018-09-13T04:00:00+08:00,111.0,212,1.4,27.4,0.88,995.6,-99,0.0,-99,-99,-99,臺中市,02,西屯區,125
24.182028,120.632861,西屯,C0F9T0,2018-09-13T05:00:00+08:00,111.0,208,0.7,27.4,0.87,995.8,-99,0.0,-99,-99,-99,臺中市,02,西屯區,125
24.182028,120.632861,西屯,C0F9T0,2018-09-13T06:00:00+08:00,111.0,206,0.6,27.2,0.89,996.3,-99,0.0,-99,-99,-99,臺中市,02,西屯區,125
24.182028,120.632861,西屯,C0F9T0,2018-09-13T07:00:00+08:00,111.0,192,0.7,27.4,0.87,996.8,-99,0.0,-99,-99,-99,臺中市,02,西屯區,125
24.182028,120.632861,西屯,C0F9T0,2018-09-13T08:00:00+08:00,111.0,206,0.8,28.2,0.82,997.1,-99,0.0,-99,-99,-99,臺中市,02,西屯區,125
24.182028,120.632861,西屯,C0F9T0,2018-09-13T09:00:00+08:00,111.0,135,2.1,29.5,0.74,997.0,-99,0.0,-99,-99,-99,臺中市,02,西屯區,125
24.182028,120.632861,西屯,C0F9T0,2018-09-13T10:00:00+08:00,111.0,192,1.1,30.5,0.68,997.4,-99,0.0,-99,-99,-99,臺中市,02,西屯區,125
24.182028,120.632861,西屯,C0F9T0,2018-09-13T11:00:00+08:00,111.0,288,1.8,30.4,0.71,997.4,-99,0.0,-99,-99,-99,臺中市,02,西屯區,125
24.182028,120.632861,西屯,C0F9T0,2018-09-13T12:00:00+08:00,111.0,264,1.5,30.5,0.72,997.1,-99,0.0,-99,-99,-99,臺中市,02,西屯區,125
24.182028,120.632861,西屯,C0F9T0,2018-09-13T13:00:00+08:00,111.0,307,1.7,31.0,0.68,996.3,-99,0.0,-99,-99,-99,臺中市,02,西屯區,125
24.182028,120.632861,西屯,C0F9T0,2018-09-13T14:00:00+08:00,111.0,324,3.4,30.6,0.69,995.8,-99,0.0,-99,-99,-99,臺中市,02,西屯區,125
24.182028,120.632861,西屯,C0F9T0,2018-09-13T15:00:00+08:00,111.0,331,3.2,30.6,0.69,995.6,-99,0.0,-99,-99,-99,臺中市,02,西屯區,125
24.182028,120.632861,西屯,C0F9T0,2018-09-13T16:00:00+08:00,111.0,305,2.4,30.8,0.67,995.4,-99,0.0,-99,-99,-99,臺中市,02,西屯區,125
24.182028,120.632861,西屯,C0F9T0,2018-09-13T17:00:00+08:00,111.0,327,3.0,30.2,0.71,995.4,-99,0.0,-99,-99,-99,臺中市,02,西屯區,125
24.182028,120.632861,西屯,C0F9T0,2018-09-13T18:00:00+08:00,111.0,315,1.6,29.5,0.74,995.3,-99,0.0,-99,-99,-99,臺中市,02,西屯區,125
24.182028,120.632861,西屯,C0F9T0,2018-09-13T19:00:00+08:00,111.0,314,1.3,29.1,0.76,995.5,-99,0.0,-99,-99,-99,臺中市,02,西屯區,125
24.182028,120.632861,西屯,C0F9T0,2018-09-13T20:00:00+08:00,111.0,332,1.4,29.0,0.77,995.5,-99,0.0,-99,-99,-99,臺中市,02,西屯區,125
24.182028,120.632861,西屯,C0F9T0,2018-09-13T21:00:00+08:00,111.0,333,1.2,29.0,0.77,995.8,-99,0.0,-99,-99,-99,臺中市,02,西屯區,125
24.182028,120.632861,西屯,C0F9T0,2018-09-13T22:00:00+08:00,111.0,329,1.0,29.0,0.77,995.6,-99,0.0,-99,-99,-99,臺中市,02,西屯區,125
24.182028,120.632861,西屯,C0F9T0,2018-09-13T23:00:00+08:00,111.0,303,0.4,28.4,0.84,995.4,-99,0.0,-99,-99,-99,臺中市,02,西屯區,125
24.182028,120.632861,西屯,C0F9T0,2018-09-14T00:00:00+08:00,111.0,255,0.4,28.2,0.81,995.3,-99,0.0,-99,-99,-99,臺中市,02,西屯區,125
24.182028,120.632861,西屯,C0F9T0,2018-09-14T01:00:00+08:00,111.0,267,0.6,28.0,0.82,995.1,-99,0.0,-99,-99,-99,臺中市,02,西屯區,125
24.182028,120.632861,西屯,C0F9T0,2018-09-14T02:00:00+08:00,111.0,239,0.6,27.8,0.84,995.0,-99,0.0,-99,-99,-99,臺中市,02,西屯區,125
24.182028,120.632861,西屯,C0F9T0,2018-09-14T03:00:00+08:00,111.0,315,0.6,27.3,0.85,994.9,-99,0.0,-99,-99,-99,臺中市,02,西屯區,125
24.182028,120.632861,西屯,C0F9T0,2018-09-14T04:00:00+08:00,111.0,163,1.4,27.8,0.82,994.9,-99,0.0,-99,-99,-99,臺中市,02,西屯區,125
24.182028,120.632861,西屯,C0F9T0,2018-09-14T05:00:00+08:00,111.0,169,1.0,27.8,0.81,995.0,-99,0.0,-99,-99,-99,臺中市,02,西屯區,125
24.182028,120.632861,西屯,C0F9T0,2018-09-14T06:00:00+08:00,111.0,104,1.1,27.5,0.78,995.4,-99,0.0,-99,-99,-99,臺中市,02,西屯區,125
24.182028,120.632861,西屯,C0F9T0,2018-09-14T07:00:00+08:00,111.0,321,0.6,27.9,0.76,995.8,-99,0.0,-99,-99,-99,臺中市,02,西屯區,125
24.182028,120.632861,西屯,C0F9T0,2018-09-14T08:00:00+08:00,111.0,317,0.6,28.3,0.76,996.1,-99,0.0,-99,-99,-99,臺中市,02,西屯區,125
24.182028,120.632861,西屯,C0F9T0,2018-09-14T09:00:00+08:00,111.0,267,0.8,29.0,0.75,996.4,-99,0.0,-99,-99,-99,臺中市,02,西屯區,125
24.182028,120.632861,西屯,C0F9T0,2018-09-14T10:00:00+08:00,111.0,244,1.0,29.0,0.76,996.1,-99,0.0,-99,-99,-99,臺中市,02,西屯區,125
24.182028,120.632861,西屯,C0F9T0,2018-09-14T11:00:00+08:00,111.0,296,2.2,29.5,0.74,995.4,-99,0.0,-99,-99,-99,臺中市,02,西屯區,125
24.182028,120.632861,西屯,C0F9T0,2018-09-14T12:00:00+08:00,111.0,303,2.8,30.3,0.7,994.8,-99,0.0,-99,-99,-99,臺中市,02,西屯區,125
24.182028,120.632861,西屯,C0F9T0,2018-09-14T13:00:00+08:00,111.0,308,3.2,31.2,0.66,993.9,-99,0.0,-99,-99,-99,臺中市,02,西屯區,125
24.182028,120.632861,西屯,C0F9T0,2018-09-14T14:00:00+08:00,111.0,311,2.5,31.6,0.62,993.2,-99,0.0,-99,-99,-99,臺中市,02,西屯區,125
24.182028,120.632861,西屯,C0F9T0,2018-09-14T15:00:00+08:00,111.0,305,2.0,32.1,0.58,992.5,-99,0.0,-99,-99,-99,臺中市,02,西屯區,125
24.182028,120.632861,西屯,C0F9T0,2018-09-14T16:00:00+08:00,111.0,5,1.0,32.8,0.57,991.8,-99,0.0,-99,-99,-99,臺中市,02,西屯區,125
24.182028,120.632861,西屯,C0F9T0,2018-09-14T17:00:00+08:00,111.0,298,2.5,31.9,0.63,991.8,-99,0.0,-99,-99,-99,臺中市,02,西屯區,125
24.182028,120.632861,西屯,C0F9T0,2018-09-14T18:00:00+08:00,111.0,309,1.2,31.0,0.7,992.1,-99,0.0,-99,-99,-99,臺中市,02,西屯區,125
24.182028,120.632861,西屯,C0F9T0,2018-09-14T19:00:00+08:00,111.0,326,1.2,30.8,0.65,992.1,-99,0.0,-99,-99,-99,臺中市,02,西屯區,125
24.182028,120.632861,西屯,C0F9T0,2018-09-14T20:00:00+08:00,111.0,317,1.7,30.0,0.65,992.2,-99,0.0,-99,-99,-99,臺中市,02,西屯區,125
24.182028,120.632861,西屯,C0F9T0,2018-09-14T21:00:00+08:00,111.0,310,1.7,28.9,0.69,992.4,-99,0.0,-99,-99,-99,臺中市,02,西屯區,125
24.182028,120.632861,西屯,C0F9T0,2018-09-14T22:00:00+08:00,111.0,334,1.5,28.4,0.71,992.4,-99,0.0,-99,-99,-99,臺中市,02,西屯區,125
24.182028,120.632861,西屯,C0F9T0,2018-09-14T23:00:00+08:00,111.0,335,0.6,27.7,0.75,992.1,-99,0.0,-99,-99,-99,臺中市,02,西屯區,125
24.182028,120.632861,西屯,C0F9T0,2018-09-15T00:00:00+08:00,111.0,313,1.2,27.7,0.78,991.3,-99,0.0,-99,-99,-99,臺中市,02,西屯區,125
24.182028,120.632861,西屯,C0F9T0,2018-09-15T01:00:00+08:00,111.0,327,1.3,26.8,0.8,990.5,-99,0.0,-99,-99,-99,臺中市,02,西屯區,125
24.182028,120.632861,西屯,C0F9T0,2018-09-15T02:00:00+08:00,111.0,24,1.8,27.5,0.7,989.6,-99,0.0,-99,-99,-99,臺中市,02,西屯區,125
24.182028,120.632861,西屯,C0F9T0,2018-09-15T03:00:00+08:00,111.0,323,1.6,26.7,0.74,989.1,-99,0.0,-99,-99,-99,臺中市,02,西屯區,125
24.182028,120.632861,西屯,C0F9T0,2018-09-15T04:00:00+08:00,111.0,304,1.0,26.2,0.72,988.4,-99,0.0,-99,-99,-99,臺中市,02,西屯區,125
24.182028,120.632861,西屯,C0F9T0,2018-09-15T05:00:00+08:00,111.0,303,1.1,26.4,0.68,988.5,-99,0.0,-99,-99,-99,臺中市,02,西屯區,125
24.182028,120.632861,西屯,C0F9T0,2018-09-15T06:00:00+08:00,111.0,334,1.2,26.0,0.68,987.8,-99,0.0,-99,-99,-99,臺中市,02,西屯區,125
24.182028,120.632861,西屯,C0F9T0,2018-09-15T07:00:00+08:00,111.0,331,1.0,26.2,0.68,987.9,-99,0.0,-99,-99,-99,臺中市,02,西屯區,125
24.182028,120.632861,西屯,C0F9T0,2018-09-15T08:00:00+08:00,111.0,327,1.3,27.5,0.6,988.5,-99,0.0,-99,-99,-99,臺中市,02,西屯區,125
24.182028,120.632861,西屯,C0F9T0,2018-09-15T09:00:00+08:00,111.0,335,0.9,28.4,0.59,988.3,-99,0.0,-99,-99,-99,臺中市,02,西屯區,125
24.182028,120.632861,西屯,C0F9T0,2018-09-15T10:00:00+08:00,111.0,131,1.0,28.8,0.61,988.4,-99,0.0,-99,-99,-99,臺中市,02,西屯區,125
24.182028,120.632861,西屯,C0F9T0,2018-09-15T11:00:00+08:00,111.0,163,1.9,28.0,0.68,989.8,-99,0.0,-99,-99,-99,臺中市,02,西屯區,125
24.182028,120.632861,西屯,C0F9T0,2018-09-15T12:00:00+08:00,111.0,25,1.0,27.6,0.71,988.6,-99,0.0,-99,-99,-99,臺中市,02,西屯區,125
24.182028,120.632861,西屯,C0F9T0,2018-09-15T13:00:00+08:00,111.0,336,1.7,27.8,0.7,987.3,-99,0.0,-99,-99,-99,臺中市,02,西屯區,125
24.182028,120.632861,西屯,C0F9T0,2018-09-15T14:00:00+08:00,111.0,59,1.0,29.9,0.58,986.6,-99,0.0,-99,-99,-99,臺中市,02,西屯區,125
24.182028,120.632861,西屯,C0F9T0,2018-09-15T15:00:00+08:00,111.0,303,0.4,30.7,0.56,985.6,-99,0.0,-99,-99,-99,臺中市,02,西屯區,125
24.182028,120.632861,西屯,C0F9T0,2018-09-15T16:00:00+08:00,111.0,311,1.0,31.7,0.49,985.4,-99,0.0,-99,-99,-99,臺中市,02,西屯區,125
24.182028,120.632861,西屯,C0F9T0,2018-09-15T17:00:00+08:00,111.0,309,0.7,30.1,0.62,986.1,-99,0.0,-99,-99,-99,臺中市,02,西屯區,125
24.182028,120.632861,西屯,C0F9T0,2018-09-15T18:00:00+08:00,111.0,301,1.2,29.6,0.64,986.4,-99,0.0,-99,-99,-99,臺中市,02,西屯區,125
24.182028,120.632861,西屯,C0F9T0,2018-09-15T19:00:00+08:00,111.0,37,1.1,29.3,0.65,987.1,-99,0.0,-99,-99,-99,臺中市,02,西屯區,125
24.182028,120.632861,西屯,C0F9T0,2018-09-15T20:00:00+08:00,111.0,289,0.7,28.7,0.75,987.6,-99,0.0,-99,-99,-99,臺中市,02,西屯區,125
24.182028,120.632861,西屯,C0F9T0,2018-09-15T21:00:00+08:00,111.0,300,0.9,28.2,0.8,987.4,-99,0.0,-99,-99,-99,臺中市,02,西屯區,125
24.182028,120.632861,西屯,C0F9T0,2018-09-15T22:00:00+08:00,111.0,204,0.3,27.9,0.82,987.6,-99,0.0,-99,-99,-99,臺中市,02,西屯區,125
24.182028,120.632861,西屯,C0F9T0,2018-09-15T23:00:00+08:00,111.0,310,0.7,28.1,0.78,987.4,-99,0.0,-99,-99,-99,臺中市,02,西屯區,125
24.182028,120.632861,西屯,C0F9T0,2018-09-16T00:00:00+08:00,111.0,316,0.7,28.0,0.79,987.6,-99,0.0,-99,-99,-99,臺中市,02,西屯區,125
24.182028,120.632861,西屯,C0F9T0,2018-09-16T02:00:00+08:00,111.0,240,0.4,27.7,0.79,987.6,-99,0.0,-99,-99,-99,臺中市,02,西屯區,125
24.182028,120.632861,西屯,C0F9T0,2018-09-16T03:00:00+08:00,111.0,222,1.1,27.9,0.73,988.2,-99,0.0,-99,-99,-99,臺中市,02,西屯區,125
24.182028,120.632861,西屯,C0F9T0,2018-09-16T04:00:00+08:00,111.0,189,1.5,28.0,0.69,988.9,-99,0.0,-99,-99,-99,臺中市,02,西屯區,125
24.182028,120.632861,西屯,C0F9T0,2018-09-16T05:00:00+08:00,111.0,6,0.9,27.4,0.73,989.4,-99,0.0,-99,-99,-99,臺中市,02,西屯區,125
24.182028,120.632861,西屯,C0F9T0,2018-09-16T06:00:00+08:00,111.0,326,1.0,27.1,0.75,990.5,-99,0.0,-99,-99,-99,臺中市,02,西屯區,125
24.182028,120.632861,西屯,C0F9T0,2018-09-16T07:00:00+08:00,111.0,337,0.6,27.2,0.74,991.6,-99,0.0,-99,-99,-99,臺中市,02,西屯區,125
24.182028,120.632861,西屯,C0F9T0,2018-09-16T08:00:00+08:00,111.0,324,0.7,28.9,0.67,992.3,-99,0.0,-99,-99,-99,臺中市,02,西屯區,125
24.182028,120.632861,西屯,C0F9T0,2018-09-16T09:00:00+08:00,111.0,321,0.9,29.9,0.66,993.0,-99,0.0,-99,-99,-99,臺中市,02,西屯區,125
24.182028,120.632861,西屯,C0F9T0,2018-09-16T10:00:00+08:00,111.0,295,2.0,30.6,0.64,994.1,-99,0.0,-99,-99,-99,臺中市,02,西屯區,125
24.182028,120.632861,西屯,C0F9T0,2018-09-16T11:00:00+08:00,111.0,298,2.0,31.3,0.61,993.9,-99,0.0,-99,-99,-99,臺中市,02,西屯區,125
24.182028,120.632861,西屯,C0F9T0,2018-09-16T12:00:00+08:00,111.0,311,2.5,31.1,0.62,994.3,-99,0.0,-99,-99,-99,臺中市,02,西屯區,125
24.182028,120.632861,西屯,C0F9T0,2018-09-16T13:00:00+08:00,111.0,327,1.7,30.8,0.63,994.6,-99,0.0,-99,-99,-99,臺中市,02,西屯區,125
24.182028,120.632861,西屯,C0F9T0,2018-09-16T14:00:00+08:00,111.0,314,1.8,30.6,0.63,994.7,-99,0.0,-99,-99,-99,臺中市,02,西屯區,125
24.182028,120.632861,西屯,C0F9T0,2018-09-16T15:00:00+08:00,111.0,337,2.3,29.8,0.69,994.7,-99,0.0,-99,-99,-99,臺中市,02,西屯區,125
24.182028,120.632861,西屯,C0F9T0,2018-09-16T16:00:00+08:00,111.0,324,1.8,30.1,0.66,995.3,-99,0.0,-99,-99,-99,臺中市,02,西屯區,125
24.182028,120.632861,西屯,C0F9T0,2018-09-16T17:00:00+08:00,111.0,330,1.6,28.8,0.75,996.3,-99,0.5,-99,-99,-99,臺中市,02,西屯區,125
24.182028,120.632861,西屯,C0F9T0,2018-09-16T18:00:00+08:00,111.0,336,0.7,28.3,0.8,996.1,-99,0.5,-99,-99,-99,臺中市,02,西屯區,125
24.182028,120.632861,西屯,C0F9T0,2018-09-16T19:00:00+08:00,111.0,50,1.6,28.6,0.78,996.2,-99,0.5,-99,-99,-99,臺中市,02,西屯區,125
24.182028,120.632861,西屯,C0F9T0,2018-09-16T20:00:00+08:00,111.0,329,0.8,28.2,0.82,997.2,-99,0.5,-99,-99,-99,臺中市,02,西屯區,125
24.182028,120.632861,西屯,C0F9T0,2018-09-16T21:00:00+08:00,111.0,298,1.1,28.1,0.82,997.9,-99,0.5,-99,-99,-99,臺中市,02,西屯區,125
24.182028,120.632861,西屯,C0F9T0,2018-09-16T22:00:00+08:00,111.0,0,0.2,27.8,0.82,997.9,-99,0.5,-99,-99,-99,臺中市,02,西屯區,125
24.182028,120.632861,西屯,C0F9T0,2018-09-16T23:00:00+08:00,111.0,299,1.1,27.4,0.88,998.3,-99,0.5,-99,-99,-99,臺中市,02,西屯區,125
24.182028,120.632861,西屯,C0F9T0,2018-09-17T00:00:00+08:00,111.0,319,0.3,27.0,0.9,998.9,-99,0.5,-99,-99,-99,臺中市,02,西屯區,125
24.182028,120.632861,西屯,C0F9T0,2018-09-17T01:00:00+08:00,111.0,111,0.8,27.2,0.85,998.7,-99,0.0,-99,-99,-99,臺中市,02,西屯區,125
24.182028,120.632861,西屯,C0F9T0,2018-09-17T02:00:00+08:00,111.0,312,1.0,27.1,0.86,998.4,-99,0.0,-99,-99,-99,臺中市,02,西屯區,125
24.182028,120.632861,西屯,C0F9T0,2018-09-17T03:00:00+08:00,111.0,305,0.6,26.4,0.92,998.5,-99,0.0,-99,-99,-99,臺中市,02,西屯區,125
24.182028,120.632861,西屯,C0F9T0,2018-09-17T04:00:00+08:00,111.0,0,0.2,26.4,0.93,998.3,-99,0.0,-99,-99,-99,臺中市,02,西屯區,125
24.182028,120.632861,西屯,C0F9T0,2018-09-17T05:00:00+08:00,111.0,321,0.8,26.3,0.91,998.5,-99,0.0,-99,-99,-99,臺中市,02,西屯區,125
24.182028,120.632861,西屯,C0F9T0,2018-09-17T06:00:00+08:00,111.0,74,0.4,26.8,0.86,999.2,-99,0.0,-99,-99,-99,臺中市,02,西屯區,125
24.182028,120.632861,西屯,C0F9T0,2018-09-17T07:00:00+08:00,111.0,333,0.4,28.0,0.79,999.7,-99,0.0,-99,-99,-99,臺中市,02,西屯區,125
24.182028,120.632861,西屯,C0F9T0,2018-09-17T08:00:00+08:00,111.0,297,1.3,29.3,0.75,999.7,-99,0.0,-99,-99,-99,臺中市,02,西屯區,125
24.182028,120.632861,西屯,C0F9T0,2018-09-17T09:00:00+08:00,111.0,21,2.4,31.6,0.58,999.4,-99,0.0,-99,-99,-99,臺中市,02,西屯區,125
24.182028,120.632861,西屯,C0F9T0,2018-09-17T10:00:00+08:00,111.0,312,2.8,32.2,0.59,999.1,-99,0.0,-99,-99,-99,臺中市,02,西屯區,125
24.182028,120.632861,西屯,C0F9T0,2018-09-17T11:00:00+08:00,111.0,341,1.9,33.0,0.57,999.1,-99,0.0,-99,-99,-99,臺中市,02,西屯區,125
24.182028,120.632861,西屯,C0F9T0,2018-09-17T12:00:00+08:00,111.0,309,2.1,32.6,0.62,998.9,-99,0.0,-99,-99,-99,臺中市,02,西屯區,125
24.182028,120.632861,西屯,C0F9T0,2018-09-17T13:00:00+08:00,111.0,320,3.7,32.8,0.56,998.5,-99,0.0,-99,-99,-99,臺中市,02,西屯區,125
24.182028,120.632861,西屯,C0F9T0,2018-09-17T14:00:00+08:00,111.0,333,3.0,32.4,0.61,998.2,-99,0.0,-99,-99,-99,臺中市,02,西屯區,125
24.182028,120.632861,西屯,C0F9T0,2018-09-17T15:00:00+08:00,111.0,314,2.1,31.4,0.65,998.2,-99,0.0,8.6,2,2018-09-17T14:32:00+08:00,臺中市,02,西屯區,125
24.182028,120.632861,西屯,C0F9T0,2018-09-17T16:00:00+08:00,111.0,301,1.7,30.9,0.69,998.5,-99,0.0,-99,-99,-99,臺中市,02,西屯區,125
24.182028,120.632861,西屯,C0F9T0,2018-09-17T17:00:00+08:00,111.0,334,2.4,30.1,0.69,999.3,-99,0.0,-99,-99,-99,臺中市,02,西屯區,125
24.182028,120.632861,西屯,C0F9T0,2018-09-17T18:00:00+08:00,111.0,315,1.6,29.4,0.75,999.7,-99,0.0,-99,-99,-99,臺中市,02,西屯區,125
24.182028,120.632861,西屯,C0F9T0,2018-09-17T19:00:00+08:00,111.0,326,1.7,28.7,0.8,999.9,-99,0.0,-99,-99,-99,臺中市,02,西屯區,125
24.182028,120.632861,西屯,C0F9T0,2018-09-17T20:00:00+08:00,111.0,315,1.0,29.2,0.72,1001.2,-99,0.0,-99,-99,-99,臺中市,02,西屯區,125
24.182028,120.632861,西屯,C0F9T0,2018-09-17T21:00:00+08:00,111.0,311,1.0,29.5,0.71,1002.2,-99,0.0,-99,-99,-99,臺中市,02,西屯區,125
24.182028,120.632861,西屯,C0F9T0,2018-09-17T22:00:00+08:00,111.0,301,1.6,28.7,0.78,1002.5,-99,0.5,-99,-99,-99,臺中市,02,西屯區,125
24.182028,120.632861,西屯,C0F9T0,2018-09-17T23:00:00+08:00,111.0,298,1.4,28.3,0.86,1002.8,-99,0.5,-99,-99,-99,臺中市,02,西屯區,125
24.182028,120.632861,西屯,C0F9T0,2018-09-18T00:00:00+08:00,111.0,332,1.2,27.6,0.89,1002.7,-99,0.5,-99,-99,-99,臺中市,02,西屯區,125
24.182028,120.632861,西屯,C0F9T0,2018-09-18T01:00:00+08:00,111.0,311,0.9,27.4,0.89,1002.2,-99,0.0,-99,-99,-99,臺中市,02,西屯區,125
24.182028,120.632861,西屯,C0F9T0,2018-09-18T02:00:00+08:00,111.0,332,1.6,27.2,0.88,1002.2,-99,0.0,-99,-99,-99,臺中市,02,西屯區,125
24.182028,120.632861,西屯,C0F9T0,2018-09-18T03:00:00+08:00,111.0,343,1.3,27.3,0.86,1001.5,-99,0.0,-99,-99,-99,臺中市,02,西屯區,125
24.182028,120.632861,西屯,C0F9T0,2018-09-18T04:00:00+08:00,111.0,358,1.3,27.4,0.85,1001.5,-99,0.0,-99,-99,-99,臺中市,02,西屯區,125
24.182028,120.632861,西屯,C0F9T0,2018-09-18T05:00:00+08:00,111.0,310,1.7,27.1,0.87,1001.6,-99,0.0,-99,-99,-99,臺中市,02,西屯區,125
24.182028,120.632861,西屯,C0F9T0,2018-09-18T06:00:00+08:00,111.0,333,1.2,27.2,0.87,1001.5,-99,0.0,-99,-99,-99,臺中市,02,西屯區,125
24.182028,120.632861,西屯,C0F9T0,2018-09-18T07:00:00+08:00,111.0,20,1.4,27.3,0.88,1001.9,-99,0.0,-99,-99,-99,臺中市,02,西屯區,125
24.182028,120.632861,西屯,C0F9T0,2018-09-18T08:00:00+08:00,111.0,317,1.4,28.3,0.82,1002.1,-99,0.0,-99,-99,-99,臺中市,02,西屯區,125
24.182028,120.632861,西屯,C0F9T0,2018-09-18T09:00:00+08:00,111.0,336,1.9,29.3,0.74,1002.2,-99,0.0,-99,-99,-99,臺中市,02,西屯區,125
24.182028,120.632861,西屯,C0F9T0,2018-09-18T10:00:00+08:00,111.0,303,3.1,29.8,0.74,1002.1,-99,0.0,-99,-99,-99,臺中市,02,西屯區,125
24.182028,120.632861,西屯,C0F9T0,2018-09-18T11:00:00+08:00,111.0,330,2.7,30.1,0.69,1001.7,-99,0.0,-99,-99,-99,臺中市,02,西屯區,125
24.182028,120.632861,西屯,C0F9T0,2018-09-18T13:00:00+08:00,111.0,325,4.5,30.0,0.7,1000.2,-99,0.0,-99,-99,-99,臺中市,02,西屯區,125
24.182028,120.632861,西屯,C0F9T0,2018-09-18T14:00:00+08:00,111.0,318,1.9,30.0,0.7,999.5,-99,0.0,-99,-99,-99,臺中市,02,西屯區,125
24.182028,120.632861,西屯,C0F9T0,2018-09-18T15:00:00+08:00,111.0,341,2.8,30.0,0.72,998.9,-99,0.0,-99,-99,-99,臺中市,02,西屯區,125
24.182028,120.632861,西屯,C0F9T0,2018-09-18T16:00:00+08:00,111.0,289,2.2,29.7,0.75,998.6,-99,0.0,-99,-99,-99,臺中市,02,西屯區,125
24.182028,120.632861,西屯,C0F9T0,2018-09-18T17:00:00+08:00,111.0,320,2.1,29.5,0.77,998.6,-99,0.0,-99,-99,-99,臺中市,02,西屯區,125
24.182028,120.632861,西屯,C0F9T0,2018-09-18T18:00:00+08:00,111.0,297,1.6,28.8,0.81,998.7,-99,0.0,-99,-99,-99,臺中市,02,西屯區,125
24.182028,120.632861,西屯,C0F9T0,2018-09-18T19:00:00+08:00,111.0,298,1.6,28.1,0.85,999.6,-99,0.0,-99,-99,-99,臺中市,02,西屯區,125
24.182028,120.632861,西屯,C0F9T0,2018-09-18T20:00:00+08:00,111.0,350,1.2,28.0,0.85,1000.2,-99,0.0,-99,-99,-99,臺中市,02,西屯區,125
24.182028,120.632861,西屯,C0F9T0,2018-09-18T21:00:00+08:00,111.0,0,0.2,28.5,0.84,1000.7,-99,0.0,-99,-99,-99,臺中市,02,西屯區,125
24.182028,120.632861,西屯,C0F9T0,2018-09-18T22:00:00+08:00,111.0,200,1.6,28.1,0.85,1001.0,-99,0.0,-99,-99,-99,臺中市,02,西屯區,125
24.182028,120.632861,西屯,C0F9T0,2018-09-18T23:00:00+08:00,111.0,197,0.8,28.0,0.86,1000.5,-99,0.0,-99,-99,-99,臺中市,02,西屯區,125
24.182028,120.632861,西屯,C0F9T0,2018-09-19T00:00:00+08:00,111.0,253,0.6,28.1,0.84,1000.5,-99,0.0,-99,-99,-99,臺中市,02,西屯區,125
24.182028,120.632861,西屯,C0F9T0,2018-09-19T01:00:00+08:00,111.0,211,0.4,27.9,0.84,999.9,-99,0.0,-99,-99,-99,臺中市,02,西屯區,125
24.182028,120.632861,西屯,C0F9T0,2018-09-19T02:00:00+08:00,111.0,314,0.7,27.4,0.86,999.4,-99,0.0,-99,-99,-99,臺中市,02,西屯區,125
24.182028,120.632861,西屯,C0F9T0,2018-09-19T03:00:00+08:00,111.0,241,0.6,26.8,0.89,999.1,-99,0.0,-99,-99,-99,臺中市,02,西屯區,125
24.182028,120.632861,西屯,C0F9T0,2018-09-19T04:00:00+08:00,111.0,305,0.5,26.4,0.87,999.2,-99,0.0,-99,-99,-99,臺中市,02,西屯區,125
24.182028,120.632861,西屯,C0F9T0,2018-09-19T05:00:00+08:00,111.0,312,0.7,26.4,0.84,999.3,-99,0.0,-99,-99,-99,臺中市,02,西屯區,125
24.182028,120.632861,西屯,C0F9T0,2018-09-19T06:00:00+08:00,111.0,299,0.9,26.3,0.85,999.7,-99,0.0,-99,-99,-99,臺中市,02,西屯區,125
24.182028,120.632861,西屯,C0F9T0,2018-09-19T07:00:00+08:00,111.0,295,0.8,27.0,0.78,1000.1,-99,0.0,-99,-99,-99,臺中市,02,西屯區,125
24.182028,120.632861,西屯,C0F9T0,2018-09-19T08:00:00+08:00,111.0,287,0.8,28.1,0.73,1000.5,-99,0.0,-99,-99,-99,臺中市,02,西屯區,125
24.182028,120.632861,西屯,C0F9T0,2018-09-19T09:00:00+08:00,111.0,211,0.7,29.7,0.65,1000.5,-99,0.0,-99,-99,-99,臺中市,02,西屯區,125
24.182028,120.632861,西屯,C0F9T0,2018-09-19T10:00:00+08:00,111.0,202,0.8,30.0,0.65,1000.5,-99,0.0,-99,-99,-99,臺中市,02,西屯區,125
24.182028,120.632861,西屯,C0F9T0,2018-09-19T11:00:00+08:00,111.0,152,1.2,31.7,0.57,1000.3,-99,0.0,-99,-99,-99,臺中市,02,西屯區,125
24.182028,120.632861,西屯,C0F9T0,2018-09-19T12:00:00+08:00,111.0,310,2.5,30.9,0.67,999.6,-99,0.0,-99,-99,-99,臺中市,02,西屯區,125
24.182028,120.632861,西屯,C0F9T0,2018-09-19T13:00:00+08:00,111.0,329,2.7,30.8,0.68,998.7,-99,0.0,-99,-99,-99,臺中市,02,西屯區,125
24.182028,120.632861,西屯,C0F9T0,2018-09-19T14:00:00+08:00,111.0,329,2.4,30.2,0.72,998.3,-99,0.0,7.8,5,2018-09-19T13:44:00+08:00,臺中市,02,西屯區,125
24.182028,120.632861,西屯,C0F9T0,2018-09-19T15:00:00+08:00,111.0,325,1.3,30.4,0.7,997.8,-99,0.0,-99,-99,-99,臺中市,02,西屯區,125
24.182028,120.632861,西屯,C0F9T0,2018-09-19T16:00:00+08:00,111.0,293,2.0,30.2,0.69,997.5,-99,0.0,-99,-99,-99,臺中市,02,西屯區,125
24.182028,120.632861,西屯,C0F9T0,2018-09-19T17:00:00+08:00,111.0,338,2.0,29.8,0.71,997.7,-99,0.0,-99,-99,-99,臺中市,02,西屯區,125
24.182028,120.632861,西屯,C0F9T0,2018-09-19T18:00:00+08:00,111.0,325,2.4,28.9,0.76,997.8,-99,0.0,-99,-99,-99,臺中市,02,西屯區,125
24.182028,120.632861,西屯,C0F9T0,2018-09-19T19:00:00+08:00,111.0,323,1.1,28.4,0.79,998.3,-99,0.0,-99,-99,-99,臺中市,02,西屯區,125
24.182028,120.632861,西屯,C0F9T0,2018-09-19T20:00:00+08:00,111.0,308,0.5,28.6,0.79,998.4,-99,0.0,-99,-99,-99,臺中市,02,西屯區,125
24.182028,120.632861,西屯,C0F9T0,2018-09-19T21:00:00+08:00,111.0,302,1.0,28.4,0.8,998.5,-99,0.0,-99,-99,-99,臺中市,02,西屯區,125
24.182028,120.632861,西屯,C0F9T0,2018-09-19T22:00:00+08:00,111.0,9,0.6,28.6,0.77,998.9,-99,0.0,-99,-99,-99,臺中市,02,西屯區,125
24.182028,120.632861,西屯,C0F9T0,2018-09-19T23:00:00+08:00,111.0,338,0.9,28.2,0.8,998.5,-99,0.0,-99,-99,-99,臺中市,02,西屯區,125
24.182028,120.632861,西屯,C0F9T0,2018-09-20T00:00:00+08:00,111.0,295,0.8,28.0,0.81,998.1,-99,0.0,-99,-99,-99,臺中市,02,西屯區,125
24.182028,120.632861,西屯,C0F9T0,2018-09-20T01:00:00+08:00,111.0,221,0.7,27.7,0.83,997.8,-99,0.0,-99,-99,-99,臺中市,02,西屯區,125
24.182028,120.632861,西屯,C0F9T0,2018-09-20T02:00:00+08:00,111.0,207,1.3,27.5,0.84,997.5,-99,0.0,-99,-99,-99,臺中市,02,西屯區,125
24.182028,120.632861,西屯,C0F9T0,2018-09-20T03:00:00+08:00,111.0,293,0.3,27.3,0.85,997.2,-99,0.0,-99,-99,-99,臺中市,02,西屯區,125
24.182028,120.632861,西屯,C0F9T0,2018-09-20T04:00:00+08:00,111.0,213,0.7,27.3,0.86,997.2,-99,0.0,-99,-99,-99,臺中市,02,西屯區,125
24.182028,120.632861,西屯,C0F9T0,2018-09-20T05:00:00+08:00,111.0,236,0.7,27.4,0.86,997.4,-99,0.0,-99,-99,-99,臺中市,02,西屯區,125
24.182028,120.632861,西屯,C0F9T0,2018-09-20T06:00:00+08:00,111.0,183,1.4,27.4,0.86,997.8,-99,0.0,-99,-99,-99,臺中市,02,西屯區,125
24.182028,120.632861,西屯,C0F9T0,2018-09-20T07:00:00+08:00,111.0,200,0.9,27.5,0.84,998.3,-99,0.0,-99,-99,-99,臺中市,02,西屯區,125
24.182028,120.632861,西屯,C0F9T0,2018-09-20T08:00:00+08:00,111.0,199,1.7,27.9,0.75,998.8,-99,0.0,-99,-99,-99,臺中市,02,西屯區,125
24.182028,120.632861,西屯,C0F9T0,2018-09-20T09:00:00+08:00,111.0,194,2.1,28.9,0.7,999.0,-99,0.0,-99,-99,-99,臺中市,02,西屯區,125
24.182028,120.632861,西屯,C0F9T0,2018-09-20T10:00:00+08:00,111.0,206,0.9,29.9,0.67,998.8,-99,0.0,-99,-99,-99,臺中市,02,西屯區,125
24.182028,120.632861,西屯,C0F9T0,2018-09-20T11:00:00+08:00,111.0,298,0.9,29.8,0.72,998.5,-99,0.0,-99,-99,-99,臺中市,02,西屯區,125
24.182028,120.632861,西屯,C0F9T0,2018-09-20T12:00:00+08:00,111.0,297,1.1,29.7,0.74,997.8,-99,0.0,-99,-99,-99,臺中市,02,西屯區,125
24.182028,120.632861,西屯,C0F9T0,2018-09-20T14:00:00+08:00,111.0,298,1.4,30.9,0.68,996.9,-99,0.0,-99,-99,-99,臺中市,02,西屯區,125
24.182028,120.632861,西屯,C0F9T0,2018-09-20T15:00:00+08:00,111.0,285,2.8,30.8,0.65,996.6,-99,0.0,-99,-99,-99,臺中市,02,西屯區,125
24.182028,120.632861,西屯,C0F9T0,2018-09-20T16:00:00+08:00,111.0,292,2.6,30.8,0.64,996.7,-99,0.0,-99,-99,-99,臺中市,02,西屯區,125
24.182028,120.632861,西屯,C0F9T0,2018-09-20T17:00:00+08:00,111.0,304,1.6,29.6,0.67,997.0,-99,0.0,-99,-99,-99,臺中市,02,西屯區,125
24.182028,120.632861,西屯,C0F9T0,2018-09-20T18:00:00+08:00,111.0,332,1.4,28.7,0.75,997.2,-99,0.0,-99,-99,-99,臺中市,02,西屯區,125
24.182028,120.632861,西屯,C0F9T0,2018-09-20T19:00:00+08:00,111.0,335,1.2,28.7,0.73,997.5,-99,0.0,-99,-99,-99,臺中市,02,西屯區,125
24.182028,120.632861,西屯,C0F9T0,2018-09-20T20:00:00+08:00,111.0,70,0.7,29.1,0.71,998.0,-99,0.0,-99,-99,-99,臺中市,02,西屯區,125
24.182028,120.632861,西屯,C0F9T0,2018-09-20T21:00:00+08:00,111.0,164,1.0,29.3,0.71,998.6,-99,0.0,-99,-99,-99,臺中市,02,西屯區,125
24.182028,120.632861,西屯,C0F9T0,2018-09-20T22:00:00+08:00,111.0,0,0.2,29.0,0.71,998.9,-99,0.0,-99,-99,-99,臺中市,02,西屯區,125
24.182028,120.632861,西屯,C0F9T0,2018-09-20T23:00:00+08:00,111.0,262,0.5,29.0,0.72,998.6,-99,0.0,-99,-99,-99,臺中市,02,西屯區,125
24.182028,120.632861,西屯,C0F9T0,2018-09-21T00:00:00+08:00,111.0,300,0.7,27.9,0.79,998.3,-99,0.0,-99,-99,-99,臺中市,02,西屯區,125
24.182028,120.632861,西屯,C0F9T0,2018-09-21T01:00:00+08:00,111.0,302,1.0,27.3,0.82,998.3,-99,0.0,-99,-99,-99,臺中市,02,西屯區,125
24.182028,120.632861,西屯,C0F9T0,2018-09-21T02:00:00+08:00,111.0,212,0.8,27.2,0.82,998.3,-99,0.0,-99,-99,-99,臺中市,02,西屯區,125
24.182028,120.632861,西屯,C0F9T0,2018-09-21T03:00:00+08:00,111.0,206,1.6,26.8,0.84,998.0,-99,0.0,-99,-99,-99,臺中市,02,西屯區,125
24.182028,120.632861,西屯,C0F9T0,2018-09-21T04:00:00+08:00,111.0,265,0.7,26.6,0.86,998.3,-99,0.0,-99,-99,-99,臺中市,02,西屯區,125
24.182028,120.632861,西屯,C0F9T0,2018-09-21T05:00:00+08:00,111.0,177,0.3,26.9,0.83,998.7,-99,0.0,-99,-99,-99,臺中市,02,西屯區,125
24.182028,120.632861,西屯,C0F9T0,2018-09-21T06:00:00+08:00,111.0,174,0.7,27.1,0.8,998.9,-99,0.0,-99,-99,-99,臺中市,02,西屯區,125
24.182028,120.632861,西屯,C0F9T0,2018-09-21T07:00:00+08:00,111.0,250,0.7,27.6,0.77,999.2,-99,0.0,-99,-99,-99,臺中市,02,西屯區,125
24.182028,120.632861,西屯,C0F9T0,2018-09-21T08:00:00+08:00,111.0,203,1.7,28.3,0.75,999.4,-99,0.0,-99,-99,-99,臺中市,02,西屯區,125
24.182028,120.632861,西屯,C0F9T0,2018-09-21T09:00:00+08:00,111.0,214,1.9,29.2,0.69,999.5,-99,0.0,-99,-99,-99,臺中市,02,西屯區,125
24.182028,120.632861,西屯,C0F9T0,2018-09-21T10:00:00+08:00,111.0,197,1.8,30.7,0.62,999.6,-99,0.0,-99,-99,-99,臺中市,02,西屯區,125
24.182028,120.632861,西屯,C0F9T0,2018-09-21T11:00:00+08:00,111.0,191,1.1,32.1,0.54,999.2,-99,0.0,-99,-99,-99,臺中市,02,西屯區,125
24.182028,120.632861,西屯,C0F9T0,2018-09-21T12:00:00+08:00,111.0,265,1.8,32.4,0.52,998.8,-99,0.0,-99,-99,-99,臺中市,02,西屯區,125
24.182028,120.632861,西屯,C0F9T0,2018-09-21T13:00:00+08:00,111.0,294,1.6,31.9,0.53,998.2,-99,0.0,-99,-99,-99,臺中市,02,西屯區,125
24.182028,120.632861,西屯,C0F9T0,2018-09-21T14:00:00+08:00,111.0,303,2.2,32.1,0.53,998.0,-99,0.0,-99,-99,-99,臺中市,02,西屯區,125
24.182028,120.632861,西屯,C0F9T0,2018-09-21T15:00:00+08:00,111.0,298,3.9,31.1,0.55,997.7,-99,0.0,-99,-99,-99,臺中市,02,西屯區,125
24.182028,120.632861,西屯,C0F9T0,2018-09-21T16:00:00+08:00,111.0,302,1.7,31.2,0.53,997.7,-99,0.0,-99,-99,-99,臺中市,02,西屯區,125
24.182028,120.632861,西屯,C0F9T0,2018-09-21T17:00:00+08:00,111.0,279,1.3,31.0,0.49,997.8,-99,0.0,-99,-99,-99,臺中市,02,西屯區,125
24.182028,120.632861,西屯,C0F9T0,2018-09-21T18:00:00+08:00,111.0,301,2.2,29.7,0.56,998.2,-99,0.0,-99,-99,-99,臺中市,02,西屯區,125
24.182028,120.632861,西屯,C0F9T0,2018-09-21T19:00:00+08:00,111.0,336,0.7,29.2,0.63,999.2,-99,0.0,-99,-99,-99,臺中市,02,西屯區,125
24.182028,120.632861,西屯,C0F9T0,2018-09-21T20:00:00+08:00,111.0,317,1.4,28.6,0.68,1000.4,-99,0.0,-99,-99,-99,臺中市,02,西屯區,125
24.182028,120.632861,西屯,C0F9T0,2018-09-21T21:00:00+08:00,111.0,352,0.5,28.8,0.64,1001.0,-99,0.0,-99,-99,-99,臺中市,02,西屯區,125
24.182028,120.632861,西屯,C0F9T0,2018-09-21T22:00:00+08:00,111.0,0,0.2,28.8,0.61,1001.2,-99,0.0,-99,-99,-99,臺中市,02,西屯區,125
24.182028,120.632861,西屯,C0F9T0,2018-09-21T23:00:00+08:00,111.0,304,1.2,29.0,0.61,1000.8,-99,0.0,-99,-99,-99,臺中市,02,西屯區,125
24.182028,120.632861,西屯,C0F9T0,2018-09-22T00:00:00+08:00,111.0,312,0.7,28.3,0.68,1001.5,-99,0.0,-99,-99,-99,臺中市,02,西屯區,125
24.182028,120.632861,西屯,C0F9T0,2018-09-22T01:00:00+08:00,111.0,353,0.9,28.4,0.69,1001.8,-99,0.0,-99,-99,-99,臺中市,02,西屯區,125
24.182028,120.632861,西屯,C0F9T0,2018-09-22T02:00:00+08:00,111.0,339,1.1,27.5,0.71,1001.6,-99,0.0,-99,-99,-99,臺中市,02,西屯區,125
24.182028,120.632861,西屯,C0F9T0,2018-09-22T03:00:00+08:00,111.0,322,1.0,27.1,0.73,1000.6,-99,0.0,-99,-99,-99,臺中市,02,西屯區,125
24.182028,120.632861,西屯,C0F9T0,2018-09-22T04:00:00+08:00,111.0,350,1.6,26.7,0.79,1000.5,-99,0.0,-99,-99,-99,臺中市,02,西屯區,125
24.182028,120.632861,西屯,C0F9T0,2018-09-22T05:00:00+08:00,111.0,73,0.7,27.0,0.73,1000.0,-99,0.0,-99,-99,-99,臺中市,02,西屯區,125
24.182028,120.632861,西屯,C0F9T0,2018-09-22T06:00:00+08:00,111.0,322,0.8,26.5,0.76,999.8,-99,0.0,-99,-99,-99,臺中市,02,西屯區,125
24.182028,120.632861,西屯,C0F9T0,2018-09-22T07:00:00+08:00,111.0,304,1.1,26.8,0.76,1000.4,-99,0.0,-99,-99,-99,臺中市,02,西屯區,125
24.182028,120.632861,西屯,C0F9T0,2018-09-22T08:00:00+08:00,111.0,310,1.1,28.2,0.7,1001.2,-99,0.0,-99,-99,-99,臺中市,02,西屯區,125
24.182028,120.632861,西屯,C0F9T0,2018-09-22T09:00:00+08:00,111.0,304,1.7,30.0,0.54,1001.6,-99,0.0,-99,-99,-99,臺中市,02,西屯區,125
24.182028,120.632861,西屯,C0F9T0,2018-09-22T10:00:00+08:00,111.0,317,2.7,30.1,0.56,1001.9,-99,0.0,-99,-99,-99,臺中市,02,西屯區,125
24.182028,120.632861,西屯,C0F9T0,2018-09-22T11:00:00+08:00,111.0,318,2.5,30.7,0.54,1001.7,-99,0.0,-99,-99,-99,臺中市,02,西屯區,125
24.182028,120.632861,西屯,C0F9T0,2018-09-22T12:00:00+08:00,111.0,326,2.2,30.7,0.57,1001.2,-99,0.0,-99,-99,-99,臺中市,02,西屯區,125
24.182028,120.632861,西屯,C0F9T0,2018-09-22T14:00:00+08:00,111.0,331,2.9,30.5,0.62,1000.3,-99,0.0,8.0,344,2018-09-22T13:34:00+08:00,臺中市,02,西屯區,125
24.182028,120.632861,西屯,C0F9T0,2018-09-22T16:00:00+08:00,111.0,320,3.6,30.4,0.59,999.9,-99,0.0,-99,-99,-99,臺中市,02,西屯區,125
24.182028,120.632861,西屯,C0F9T0,2018-09-22T17:00:00+08:00,111.0,316,2.8,29.8,0.61,1000.0,-99,0.0,-99,-99,-99,臺中市,02,西屯區,125
24.182028,120.632861,西屯,C0F9T0,2018-09-22T19:00:00+08:00,111.0,319,1.4,28.5,0.73,1000.6,-99,0.0,-99,-99,-99,臺中市,02,西屯區,125
24.182028,120.632861,西屯,C0F9T0,2018-09-22T20:00:00+08:00,111.0,302,1.9,28.0,0.76,1001.0,-99,0.0,-99,-99,-99,臺中市,02,西屯區,125
24.182028,120.632861,西屯,C0F9T0,2018-09-22T21:00:00+08:00,111.0,337,1.5,27.7,0.81,1001.6,-99,0.0,-99,-99,-99,臺中市,02,西屯區,125
24.182028,120.632861,西屯,C0F9T0,2018-09-22T22:00:00+08:00,111.0,321,0.9,27.4,0.86,1001.6,-99,0.0,-99,-99,-99,臺中市,02,西屯區,125
24.182028,120.632861,西屯,C0F9T0,2018-09-22T23:00:00+08:00,111.0,334,0.7,27.5,0.86,1001.6,-99,0.0,-99,-99,-99,臺中市,02,西屯區,125
24.182028,120.632861,西屯,C0F9T0,2018-09-23T00:00:00+08:00,111.0,336,0.9,27.8,0.79,1001.6,-99,0.0,-99,-99,-99,臺中市,02,西屯區,125
24.182028,120.632861,西屯,C0F9T0,2018-09-23T01:00:00+08:00,111.0,289,0.9,27.5,0.81,1001.0,-99,0.0,-99,-99,-99,臺中市,02,西屯區,125
24.182028,120.632861,西屯,C0F9T0,2018-09-23T02:00:00+08:00,111.0,227,0.5,27.4,0.76,1000.5,-99,0.0,-99,-99,-99,臺中市,02,西屯區,125
24.182028,120.632861,西屯,C0F9T0,2018-09-23T03:00:00+08:00,111.0,290,1.2,26.9,0.79,1000.1,-99,0.0,-99,-99,-99,臺中市,02,西屯區,125
24.182028,120.632861,西屯,C0F9T0,2018-09-23T04:00:00+08:00,111.0,152,1.2,27.4,0.75,1000.2,-99,0.0,-99,-99,-99,臺中市,02,西屯區,125
24.182028,120.632861,西屯,C0F9T0,2018-09-23T05:00:00+08:00,111.0,163,1.0,27.2,0.77,1000.2,-99,0.0,-99,-99,-99,臺中市,02,西屯區,125
24.182028,120.632861,西屯,C0F9T0,2018-09-23T06:00:00+08:00,111.0,285,0.6,26.7,0.81,1000.5,-99,0.0,-99,-99,-99,臺中市,02,西屯區,125
24.182028,120.632861,西屯,C0F9T0,2018-09-23T07:00:00+08:00,111.0,244,0.4,27.1,0.79,1001.0,-99,0.0,-99,-99,-99,臺中市,02,西屯區,125
24.182028,120.632861,西屯,C0F9T0,2018-09-23T08:00:00+08:00,111.0,184,1.3,28.6,0.7,1001.2,-99,0.0,-99,-99,-99,臺中市,02,西屯區,125
24.182028,120.632861,西屯,C0F9T0,2018-09-23T09:00:00+08:00,111.0,201,1.3,29.5,0.65,1001.2,-99,0.0,-99,-99,-99,臺中市,02,西屯區,125
24.182028,120.632861,西屯,C0F9T0,2018-09-23T10:00:00+08:00,111.0,299,1.0,30.4,0.6,1001.2,-99,0.0,-99,-99,-99,臺中市,02,西屯區,125
24.182028,120.632861,西屯,C0F9T0,2018-09-23T11:00:00+08:00,111.0,104,0.7,32.6,0.45,1000.8,-99,0.0,-99,-99,-99,臺中市,02,西屯區,125
24.182028,120.632861,西屯,C0F9T0,2018-09-23T12:00:00+08:00,111.0,339,1.4,30.6,0.68,1000.0,-99,0.0,-99,-99,-99,臺中市,02,西屯區,125
24.182028,120.632861,西屯,C0F9T0,2018-09-23T13:00:00+08:00,111.0,293,1.7,30.8,0.66,999.2,-99,0.0,-99,-99,-99,臺中市,02,西屯區,125
24.182028,120.632861,西屯,C0F9T0,2018-09-23T14:00:00+08:00,111.0,342,3.0,30.6,0.67,998.2,-99,0.0,-99,-99,-99,臺中市,02,西屯區,125
24.182028,120.632861,西屯,C0F9T0,2018-09-23T15:00:00+08:00,111.0,320,3.1,30.2,0.69,997.6,-99,0.0,-99,-99,-99,臺中市,02,西屯區,125
24.182028,120.632861,西屯,C0F9T0,2018-09-23T16:00:00+08:00,111.0,320,2.9,30.1,0.72,997.9,-99,0.0,-99,-99,-99,臺中市,02,西屯區,125
24.182028,120.632861,西屯,C0F9T0,2018-09-23T19:00:00+08:00,111.0,324,1.7,29.0,0.72,998.6,-99,0.0,-99,-99,-99,臺中市,02,西屯區,125
24.182028,120.632861,西屯,C0F9T0,2018-09-23T20:00:00+08:00,111.0,324,1.8,28.5,0.73,999.0,-99,0.0,-99,-99,-99,臺中市,02,西屯區,125
24.182028,120.632861,西屯,C0F9T0,2018-09-23T21:00:00+08:00,111.0,319,1.7,27.9,0.78,999.8,-99,0.0,-99,-99,-99,臺中市,02,西屯區,125
24.182028,120.632861,西屯,C0F9T0,2018-09-23T22:00:00+08:00,111.0,336,1.3,27.5,0.83,999.9,-99,0.0,-99,-99,-99,臺中市,02,西屯區,125
24.182028,120.632861,西屯,C0F9T0,2018-09-23T23:00:00+08:00,111.0,344,1.2,27.4,0.81,999.8,-99,0.0,-99,-99,-99,臺中市,02,西屯區,125
24.182028,120.632861,西屯,C0F9T0,2018-09-24T00:00:00+08:00,111.0,35,1.5,27.5,0.79,999.0,-99,0.0,-99,-99,-99,臺中市,02,西屯區,125
24.182028,120.632861,西屯,C0F9T0,2018-09-24T01:00:00+08:00,111.0,58,1.5,27.2,0.79,998.2,-99,0.0,-99,-99,-99,臺中市,02,西屯區,125
24.182028,120.632861,西屯,C0F9T0,2018-09-24T02:00:00+08:00,111.0,336,0.9,26.6,0.82,997.1,-99,0.0,-99,-99,-99,臺中市,02,西屯區,125
24.182028,120.632861,西屯,C0F9T0,2018-09-24T03:00:00+08:00,111.0,334,2.3,26.0,0.85,996.2,-99,0.0,-99,-99,-99,臺中市,02,西屯區,125
24.182028,120.632861,西屯,C0F9T0,2018-09-24T04:00:00+08:00,111.0,16,1.4,26.3,0.79,995.5,-99,0.0,7.6,37,2018-09-24T03:53:00+08:00,臺中市,02,西屯區,125
24.182028,120.632861,西屯,C0F9T0,2018-09-24T05:00:00+08:00,111.0,321,2.3,25.8,0.79,995.5,-99,0.0,-99,-99,-99,臺中市,02,西屯區,125
24.182028,120.632861,西屯,C0F9T0,2018-09-24T06:00:00+08:00,111.0,346,1.6,25.2,0.84,996.3,-99,0.0,-99,-99,-99,臺中市,02,西屯區,125
24.182028,120.632861,西屯,C0F9T0,2018-09-24T07:00:00+08:00,111.0,55,2.5,26.2,0.81,996.7,-99,0.0,-99,-99,-99,臺中市,02,西屯區,125
24.182028,120.632861,西屯,C0F9T0,2018-09-24T08:00:00+08:00,111.0,43,1.0,27.3,0.72,997.4,-99,0.0,-99,-99,-99,臺中市,02,西屯區,125
24.182028,120.632861,西屯,C0F9T0,2018-09-24T09:00:00+08:00,111.0,45,1.3,28.3,0.69,997.4,-99,0.0,7.4,347,2018-09-24T08:23:00+08:00,臺中市,02,西屯區,125
24.182028,120.632861,西屯,C0F9T0,2018-09-24T10:00:00+08:00,111.0,318,2.2,29.6,0.63,996.8,-99,0.0,-99,-99,-99,臺中市,02,西屯區,125
24.182028,120.632861,西屯,C0F9T0,2018-09-24T11:00:00+08:00,111.0,352,3.1,30.4,0.59,996.6,-99,0.0,-99,-99,-99,臺中市,02,西屯區,125
24.182028,120.632861,西屯,C0F9T0,2018-09-24T13:00:00+08:00,111.0,336,2.5,30.5,0.62,995.1,-99,0.0,10.4,354,2018-09-24T12:08:00+08:00,臺中市,02,西屯區,125
24.182028,120.632861,西屯,C0F9T0,2018-09-24T14:00:00+08:00,111.0,330,3.1,30.6,0.59,994.4,-99,0.0,11.0,354,2018-09-24T13:49:00+08:00,臺中市,02,西屯區,125
24.182028,120.632861,西屯,C0F9T0,2018-09-24T17:00:00+08:00,111.0,348,4.0,29.0,0.62,993.6,-99,0.0,11.9,352,2018-09-24T16:15:00+08:00,臺中市,02,西屯區,125
24.182028,120.632861,西屯,C0F9T0,2018-09-24T18:00:00+08:00,111.0,25,2.9,28.2,0.62,993.8,-99,0.0,10.9,355,2018-09-24T17:07:00+08:00,臺中市,02,西屯區,125
24.182028,120.632861,西屯,C0F9T0,2018-09-24T20:00:00+08:00,111.0,348,2.4,27.1,0.66,994.5,-99,0.0,8.7,9,2018-09-24T19:25:00+08:00,臺中市,02,西屯區,125
24.182028,120.632861,西屯,C0F9T0,2018-09-24T21:00:00+08:00,111.0,356,2.0,26.9,0.66,995.1,-99,0.0,-99,-99,-99,臺中市,02,西屯區,125
24.182028,120.632861,西屯,C0F9T0,2018-09-24T22:00:00+08:00,111.0,332,1.7,26.3,0.69,995.2,-99,0.0,7.8,347,2018-09-24T21:25:00+08:00,臺中市,02,西屯區,125
24.182028,120.632861,西屯,C0F9T0,2018-09-24T23:00:00+08:00,111.0,340,1.3,26.0,0.71,995.0,-99,0.0,7.1,360,2018-09-24T22:34:00+08:00,臺中市,02,西屯區,125
24.182028,120.632861,西屯,C0F9T0,2018-09-25T00:00:00+08:00,111.0,329,1.6,25.6,0.75,994.9,-99,0.0,-99,-99,-99,臺中市,02,西屯區,125
24.182028,120.632861,西屯,C0F9T0,2018-09-25T01:00:00+08:00,111.0,327,1.6,25.6,0.76,994.4,-99,0.0,-99,-99,-99,臺中市,02,西屯區,125
24.182028,120.632861,西屯,C0F9T0,2018-09-25T02:00:00+08:00,111.0,349,1.5,25.1,0.78,993.9,-99,0.0,-99,-99,-99,臺中市,02,西屯區,125
24.182028,120.632861,西屯,C0F9T0,2018-09-25T03:00:00+08:00,111.0,321,1.6,25.1,0.78,993.7,-99,0.0,-99,-99,-99,臺中市,02,西屯區,125
24.182028,120.632861,西屯,C0F9T0,2018-09-25T05:00:00+08:00,111.0,318,1.9,25.3,0.77,993.3,-99,0.0,-99,-99,-99,臺中市,02,西屯區,125
24.182028,120.632861,西屯,C0F9T0,2018-09-25T06:00:00+08:00,111.0,331,1.4,25.1,0.78,993.8,-99,0.0,-99,-99,-99,臺中市,02,西屯區,125
24.182028,120.632861,西屯,C0F9T0,2018-09-25T07:00:00+08:00,111.0,39,1.5,25.9,0.74,994.0,-99,0.0,-99,-99,-99,臺中市,02,西屯區,125
24.182028,120.632861,西屯,C0F9T0,2018-09-25T08:00:00+08:00,111.0,339,1.7,27.1,0.68,994.3,-99,0.0,-99,-99,-99,臺中市,02,西屯區,125
24.182028,120.632861,西屯,C0F9T0,2018-09-25T09:00:00+08:00,111.0,331,1.4,28.7,0.62,994.5,-99,0.0,-99,-99,-99,臺中市,02,西屯區,125
24.182028,120.632861,西屯,C0F9T0,2018-09-25T10:00:00+08:00,111.0,323,1.9,29.7,0.58,994.4,-99,0.0,-99,-99,-99,臺中市,02,西屯區,125
24.182028,120.632861,西屯,C0F9T0,2018-09-25T11:00:00+08:00,111.0,313,2.4,30.7,0.54,994.0,-99,0.0,-99,-99,-99,臺中市,02,西屯區,125
24.182028,120.632861,西屯,C0F9T0,2018-09-25T12:00:00+08:00,111.0,334,3.3,31.0,0.5,993.3,-99,0.0,-99,-99,-99,臺中市,02,西屯區,125
24.182028,120.632861,西屯,C0F9T0,2018-09-25T13:00:00+08:00,111.0,327,3.5,31.5,0.49,992.5,-99,0.0,-99,-99,-99,臺中市,02,西屯區,125
24.182028,120.632861,西屯,C0F9T0,2018-09-25T14:00:00+08:00,111.0,324,3.0,31.5,0.49,991.8,-99,0.0,-99,-99,-99,臺中市,02,西屯區,125
24.182028,120.632861,西屯,C0F9T0,2018-09-25T15:00:00+08:00,111.0,320,3.4,31.2,0.49,991.5,-99,0.0,9.3,336,2018-09-25T14:11:00+08:00,臺中市,02,西屯區,125
24.182028,120.632861,西屯,C0F9T0,2018-09-25T16:00:00+08:00,111.0,350,2.6,30.7,0.51,991.4,-99,0.0,9.5,354,2018-09-25T15:49:00+08:00,臺中市,02,西屯區,125
24.182028,120.632861,西屯,C0F9T0,2018-09-25T17:00:00+08:00,111.0,320,2.9,29.7,0.49,992.0,-99,0.0,-99,-99,-99,臺中市,02,西屯區,125
24.182028,120.632861,西屯,C0F9T0,2018-09-25T18:00:00+08:00,111.0,341,2.3,28.4,0.53,992.3,-99,0.0,8.7,352,2018-09-25T17:30:00+08:00,臺中市,02,西屯區,125
24.182028,120.632861,西屯,C0F9T0,2018-09-25T19:00:00+08:00,111.0,349,2.1,27.5,0.59,992.7,-99,0.0,9.2,333,2018-09-25T18:33:00+08:00,臺中市,02,西屯區,125
24.182028,120.632861,西屯,C0F9T0,2018-09-25T20:00:00+08:00,111.0,354,2.1,27.0,0.6,993.4,-99,0.0,-99,-99,-99,臺中市,02,西屯區,125
24.182028,120.632861,西屯,C0F9T0,2018-09-25T21:00:00+08:00,111.0,359,1.9,26.8,0.62,994.1,-99,0.0,-99,-99,-99,臺中市,02,西屯區,125
24.182028,120.632861,西屯,C0F9T0,2018-09-25T22:00:00+08:00,111.0,35,3.0,26.6,0.64,994.7,-99,0.0,-99,-99,-99,臺中市,02,西屯區,125
24.182028,120.632861,西屯,C0F9T0,2018-09-25T23:00:00+08:00,111.0,335,2.6,26.1,0.69,994.0,-99,0.0,-99,-99,-99,臺中市,02,西屯區,125
24.182028,120.632861,西屯,C0F9T0,2018-09-26T00:00:00+08:00,111.0,17,1.6,25.6,0.71,993.9,-99,0.0,7.2,64,2018-09-25T23:51:00+08:00,臺中市,02,西屯區,125
24.182028,120.632861,西屯,C0F9T0,2018-09-26T01:00:00+08:00,111.0,348,2.4,25.1,0.75,993.3,-99,0.0,8.2,343,2018-09-26T00:13:00+08:00,臺中市,02,西屯區,125
24.182028,120.632861,西屯,C0F9T0,2018-09-26T02:00:00+08:00,111.0,335,2.7,25.1,0.75,993.1,-99,0.0,8.3,360,2018-09-26T01:30:00+08:00,臺中市,02,西屯區,125
24.182028,120.632861,西屯,C0F9T0,2018-09-26T03:00:00+08:00,111.0,14,2.6,25.1,0.75,993.2,-99,0.0,9.8,343,2018-09-26T02:43:00+08:00,臺中市,02,西屯區,125
24.182028,120.632861,西屯,C0F9T0,2018-09-26T04:00:00+08:00,111.0,358,3.1,24.5,0.78,993.2,-99,0.0,10.4,49,2018-09-26T03:17:00+08:00,臺中市,02,西屯區,125
24.182028,120.632861,西屯,C0F9T0,2018-09-26T05:00:00+08:00,111.0,2,1.9,24.3,0.76,993.0,-99,0.0,-99,-99,-99,臺中市,02,西屯區,125
24.182028,120.632861,西屯,C0F9T0,2018-09-26T06:00:00+08:00,111.0,26,1.2,24.1,0.75,993.1,-99,0.0,-99,-99,-99,臺中市,02,西屯區,125
24.182028,120.632861,西屯,C0F9T0,2018-09-26T07:00:00+08:00,111.0,354,3.4,24.6,0.74,993.8,-99,0.0,-99,-99,-99,臺中市,02,西屯區,125
24.182028,120.632861,西屯,C0F9T0,2018-09-26T08:00:00+08:00,111.0,17,2.4,26.0,0.68,994.2,-99,0.0,9.4,333,2018-09-26T07:29:00+08:00,臺中市,02,西屯區,125
24.182028,120.632861,西屯,C0F9T0,2018-09-26T09:00:00+08:00,111.0,348,4.1,26.8,0.68,994.7,-99,0.0,11.3,335,2018-09-26T09:00:00+08:00,臺中市,02,西屯區,125
24.182028,120.632861,西屯,C0F9T0,2018-09-26T10:00:00+08:00,111.0,338,3.1,27.3,0.66,994.6,-99,0.0,11.1,340,2018-09-26T09:08:00+08:00,臺中市,02,西屯區,125
24.182028,120.632861,西屯,C0F9T0,2018-09-26T11:00:00+08:00,111.0,344,3.7,27.8,0.65,994.5,-99,0.0,10.3,5,2018-09-26T10:14:00+08:00,臺中市,02,西屯區,125
24.182028,120.632861,西屯,C0F9T0,2018-09-26T12:00:00+08:00,111.0,349,3.7,28.5,0.61,993.6,-99,0.0,10.5,350,2018-09-26T11:53:00+08:00,臺中市,02,西屯區,125
24.182028,120.632861,西屯,C0F9T0,2018-09-26T13:00:00+08:00,111.0,336,4.7,28.3,0.64,993.0,-99,0.0,11.2,350,2018-09-26T12:39:00+08:00,臺中市,02,西屯區,125
24.182028,120.632861,西屯,C0F9T0,2018-09-26T14:00:00+08:00,111.0,345,3.5,28.4,0.63,992.3,-99,0.0,13.0,2,2018-09-26T13:31:00+08:00,臺中市,02,西屯區,125
24.182028,120.632861,西屯,C0F9T0,2018-09-26T15:00:00+08:00,111.0,335,5.3,27.3,0.68,992.2,-99,0.0,13.2,3,2018-09-26T14:34:00+08:00,臺中市,02,西屯區,125
24.182028,120.632861,西屯,C0F9T0,2018-09-26T16:00:00+08:00,111.0,340,4.9,26.6,0.7,992.4,-99,0.0,13.2,340,2018-09-26T15:08:00+08:00,臺中市,02,西屯區,125
24.182028,120.632861,西屯,C0F9T0,2018-09-26T17:00:00+08:00,111.0,331,4.0,25.9,0.74,993.0,-99,0.0,13.4,354,2018-09-26T16:44:00+08:00,臺中市,02,西屯區,125
24.182028,120.632861,西屯,C0F9T0,2018-09-26T18:00:00+08:00,111.0,341,2.8,25.3,0.77,993.2,-99,0.0,10.6,350,2018-09-26T17:01:00+08:00,臺中市,02,西屯區,125
24.182028,120.632861,西屯,C0F9T0,2018-09-26T19:00:00+08:00,111.0,9,3.2,25.5,0.75,993.3,-99,0.0,10.5,346,2018-09-26T18:06:00+08:00,臺中市,02,西屯區,125
24.182028,120.632861,西屯,C0F9T0,2018-09-26T20:00:00+08:00,111.0,23,2.8,25.5,0.75,993.8,-99,0.0,10.9,68,2018-09-26T19:06:00+08:00,臺中市,02,西屯區,125
24.182028,120.632861,西屯,C0F9T0,2018-09-26T21:00:00+08:00,111.0,16,2.6,25.7,0.72,994.2,-99,0.0,-99,-99,-99,臺中市,02,西屯區,125
24.182028,120.632861,西屯,C0F9T0,2018-09-26T22:00:00+08:00,111.0,4,3.3,25.3,0.75,994.3,-99,0.0,10.1,1,2018-09-26T21:59:00+08:00,臺中市,02,西屯區,125
24.182028,120.632861,西屯,C0F9T0,2018-09-26T23:00:00+08:00,111.0,356,2.3,25.0,0.75,994.2,-99,0.0,8.6,346,2018-09-26T22:20:00+08:00,臺中市,02,西屯區,125
24.182028,120.632861,西屯,C0F9T0,2018-09-27T00:00:00+08:00,111.0,360,2.6,24.9,0.74,994.2,-99,0.0,8.0,39,2018-09-26T23:52:00+08:00,臺中市,02,西屯區,125
24.182028,120.632861,西屯,C0F9T0,2018-09-27T01:00:00+08:00,111.0,26,1.7,24.7,0.75,994.3,-99,0.0,8.0,8,2018-09-27T00:05:00+08:00,臺中市,02,西屯區,125
24.182028,120.632861,西屯,C0F9T0,2018-09-27T02:00:00+08:00,111.0,353,1.1,24.7,0.76,993.5,-99,0.0,-99,-99,-99,臺中市,02,西屯區,125
24.182028,120.632861,西屯,C0F9T0,2018-09-27T03:00:00+08:00,111.0,27,1.6,25.0,0.75,993.2,-99,0.0,8.1,29,2018-09-27T02:53:00+08:00,臺中市,02,西屯區,125
24.182028,120.632861,西屯,C0F9T0,2018-09-27T04:00:00+08:00,111.0,343,2.6,24.6,0.79,992.9,-99,0.0,8.4,328,2018-09-27T03:36:00+08:00,臺中市,02,西屯區,125
24.182028,120.632861,西屯,C0F9T0,2018-09-27T05:00:00+08:00,111.0,21,3.5,24.7,0.79,993.1,-99,0.0,10.8,31,2018-09-27T04:58:00+08:00,臺中市,02,西屯區,125
24.182028,120.632861,西屯,C0F9T0,2018-09-27T08:00:00+08:00,111.0,339,2.7,25.2,0.8,994.8,-99,0.0,9.2,33,2018-09-27T07:23:00+08:00,臺中市,02,西屯區,125
24.182028,120.632861,西屯,C0F9T0,2018-09-27T09:00:00+08:00,111.0,33,3.1,25.7,0.77,994.9,-99,0.0,9.0,50,2018-09-27T08:13:00+08:00,臺中市,02,西屯區,125
24.182028,120.632861,西屯,C0F9T0,2018-09-27T10:00:00+08:00,111.0,356,3.5,26.3,0.75,994.6,-99,0.0,10.8,34,2018-09-27T09:08:00+08:00,臺中市,02,西屯區,125
24.182028,120.632861,西屯,C0F9T0,2018-09-27T11:00:00+08:00,111.0,340,3.7,28.0,0.66,993.9,-99,0.0,10.4,38,2018-09-27T10:42:00+08:00,臺中市,02,西屯區,125
24.182028,120.632861,西屯,C0F9T0,2018-09-27T12:00:00+08:00,111.0,9,3.0,29.2,0.6,993.4,-99,0.0,10.7,1,2018-09-27T11:04:00+08:00,臺中市,02,西屯區,125
24.182028,120.632861,西屯,C0F9T0,2018-09-27T13:00:00+08:00,111.0,9,3.0,29.5,0.56,992.7,-99,0.0,10.0,360,2018-09-27T12:07:00+08:00,臺中市,02,西屯區,125
24.182028,120.632861,西屯,C0F9T0,2018-09-27T14:00:00+08:00,111.0,359,3.3,29.8,0.55,992.0,-99,0.0,10.0,18,2018-09-27T13:36:00+08:00,臺中市,02,西屯區,125
24.182028,120.632861,西屯,C0F9T0,2018-09-27T15:00:00+08:00,111.0,353,4.1,29.2,0.57,992.0,-99,0.0,12.8,349,2018-09-27T14:26:00+08:00,臺中市,02,西屯區,125
24.182028,120.632861,西屯,C0F9T0,2018-09-27T16:00:00+08:00,111.0,353,4.2,28.5,0.61,992.1,-99,0.0,12.3,1,2018-09-27T15:29:00+08:00,臺中市,02,西屯區,125
24.182028,120.632861,西屯,C0F9T0,2018-09-27T17:00:00+08:00,111.0,344,2.4,27.8,0.62,992.6,-99,0.0,11.6,39,2018-09-27T16:08:00+08:00,臺中市,02,西屯區,125
24.182028,120.632861,西屯,C0F9T0,2018-09-27T18:00:00+08:00,111.0,6,3.5,26.3,0.7,993.1,-99,0.0,10.8,353,2018-09-27T17:17:00+08:00,臺中市,02,西屯區,125
24.182028,120.632861,西屯,C0F9T0,2018-09-27T19:00:00+08:00,111.0,357,2.6,25.8,0.75,993.5,-99,0.0,11.5,330,2018-09-27T18:44:00+08:00,臺中市,02,西屯區,125
24.182028,120.632861,西屯,C0F9T0,2018-09-27T20:00:00+08:00,111.0,6,2.0,25.5,0.77,994.0,-99,0.0,10.6,20,2018-09-27T19:27:00+08:00,臺中市,02,西屯區,125
24.182028,120.632861,西屯,C0F9T0,2018-09-27T21:00:00+08:00,111.0,351,2.7,25.3,0.77,994.5,-99,0.0,13.1,4,2018-09-27T20:04:00+08:00,臺中市,02,西屯區,125
24.182028,120.632861,西屯,C0F9T0,2018-09-27T22:00:00+08:00,111.0,335,2.3,25.1,0.78,994.5,-99,0.0,10.6,63,2018-09-27T21:31:00+08:00,臺中市,02,西屯區,125
24.182028,120.632861,西屯,C0F9T0,2018-09-27T23:00:00+08:00,111.0,12,2.5,24.9,0.8,994.3,-99,0.0,11.7,9,2018-09-27T22:53:00+08:00,臺中市,02,西屯區,125
24.182028,120.632861,西屯,C0F9T0,2018-09-28T00:00:00+08:00,111.0,346,2.5,25.2,0.77,994.3,-99,0.0,8.1,6,2018-09-27T23:51:00+08:00,臺中市,02,西屯區,125
24.182028,120.632861,西屯,C0F9T0,2018-09-28T01:00:00+08:00,111.0,354,2.2,25.2,0.78,994.0,-99,0.0,10.2,17,2018-09-28T00:24:00+08:00,臺中市,02,西屯區,125
24.182028,120.632861,西屯,C0F9T0,2018-09-28T02:00:00+08:00,111.0,334,2.8,24.8,0.79,993.9,-99,0.0,8.6,342,2018-09-28T01:24:00+08:00,臺中市,02,西屯區,125
24.182028,120.632861,西屯,C0F9T0,2018-09-28T03:00:00+08:00,111.0,350,2.3,24.8,0.79,993.6,-99,0.0,9.2,355,2018-09-28T02:29:00+08:00,臺中市,02,西屯區,125
24.182028,120.632861,西屯,C0F9T0,2018-09-28T04:00:00+08:00,111.0,16,2.7,24.8,0.79,993.5,-99,0.0,10.0,26,2018-09-28T03:40:00+08:00,臺中市,02,西屯區,125
24.182028,120.632861,西屯,C0F9T0,2018-09-28T05:00:00+08:00,111.0,325,2.9,24.8,0.79,993.5,-99,0.0,11.0,347,2018-09-28T04:57:00+08:00,臺中市,02,西屯區,125
24.182028,120.632861,西屯,C0F9T0,2018-09-28T06:00:00+08:00,111.0,333,2.4,24.4,0.82,993.6,-99,0.0,11.5,350,2018-09-28T05:29:00+08:00,臺中市,02,西屯區,125
24.182028,120.632861,西屯,C0F9T0,2018-09-28T08:00:00+08:00,111.0,336,4.1,25.9,0.75,993.9,-99,0.0,10.3,348,2018-09-28T07:20:00+08:00,臺中市,02,西屯區,125
24.182028,120.632861,西屯,C0F9T0,2018-09-28T09:00:00+08:00,111.0,336,3.9,26.3,0.75,994.0,-99,0.0,10.9,3,2018-09-28T08:50:00+08:00,臺中市,02,西屯區,125
24.182028,120.632861,西屯,C0F9T0,2018-09-28T10:00:00+08:00,111.0,336,4.1,26.6,0.74,994.0,-99,0.0,10.0,354,2018-09-28T09:34:00+08:00,臺中市,02,西屯區,125
24.182028,120.632861,西屯,C0F9T0,2018-09-28T11:00:00+08:00,111.0,356,2.8,26.6,0.74,993.7,-99,0.0,11.6,343,2018-09-28T10:45:00+08:00,臺中市,02,西屯區,125
24.182028,120.632861,西屯,C0F9T0,2018-09-28T12:00:00+08:00,111.0,15,4.3,26.6,0.74,992.8,-99,0.0,11.5,2,2018-09-28T11:27:00+08:00,臺中市,02,西屯區,125
24.182028,120.632861,西屯,C0F9T0,2018-09-28T13:00:00+08:00,111.0,353,2.4,26.1,0.78,992.5,-99,0.0,13.4,9,2018-09-28T12:13:00+08:00,臺中市,02,西屯區,125
24.182028,120.632861,西屯,C0F9T0,2018-09-28T14:00:00+08:00,111.0,359,3.0,26.6,0.74,991.8,-99,0.0,12.0,336,2018-09-28T13:18:00+08:00,臺中市,02,西屯區,125
24.182028,120.632861,西屯,C0F9T0,2018-09-28T15:00:00+08:00,111.0,5,3.1,26.1,0.76,991.8,-99,0.0,11.6,57,2018-09-28T14:52:00+08:00,臺中市,02,西屯區,125
24.182028,120.632861,西屯,C0F9T0,2018-09-28T16:00:00+08:00,111.0,349,3.2,26.1,0.75,991.7,-99,0.0,10.9,345,2018-09-28T15:40:00+08:00,臺中市,02,西屯區,125
24.182028,120.632861,西屯,C0F9T0,2018-09-28T17:00:00+08:00,111.0,10,3.6,25.5,0.78,992.1,-99,0.0,14.0,351,2018-09-28T16:45:00+08:00,臺中市,02,西屯區,125
24.182028,120.632861,西屯,C0F9T0,2018-09-28T18:00:00+08:00,111.0,6,3.2,25.5,0.76,992.1,-99,0.0,12.4,51,2018-09-28T17:47:00+08:00,臺中市,02,西屯區,125
24.182028,120.632861,西屯,C0F9T0,2018-09-28T19:00:00+08:00,111.0,14,2.5,25.5,0.75,992.6,-99,0.0,11.6,21,2018-09-28T18:50:00+08:00,臺中市,02,西屯區,125
24.182028,120.632861,西屯,C0F9T0,2018-09-28T20:00:00+08:00,111.0,27,3.0,25.3,0.77,993.3,-99,0.0,10.3,61,2018-09-28T19:36:00+08:00,臺中市,02,西屯區,125
24.182028,120.632861,西屯,C0F9T0,2018-09-28T21:00:00+08:00,111.0,337,3.1,25.0,0.78,993.3,-99,0.0,11.0,68,2018-09-28T20:11:00+08:00,臺中市,02,西屯區,125
24.182028,120.632861,西屯,C0F9T0,2018-09-28T22:00:00+08:00,111.0,342,3.9,24.7,0.79,993.5,-99,0.0,11.4,8,2018-09-28T21:14:00+08:00,臺中市,02,西屯區,125
24.182028,120.632861,西屯,C0F9T0,2018-09-28T23:00:00+08:00,111.0,355,3.1,24.9,0.72,993.3,-99,0.0,12.1,39,2018-09-28T22:46:00+08:00,臺中市,02,西屯區,125
24.182028,120.632861,西屯,C0F9T0,2018-09-29T00:00:00+08:00,111.0,28,3.5,23.5,0.66,993.4,-99,0.0,11.6,55,2018-09-28T23:51:00+08:00,臺中市,02,西屯區,125
24.182028,120.632861,西屯,C0F9T0,2018-09-29T01:00:00+08:00,111.0,27,2.6,23.6,0.64,992.9,-99,0.0,10.9,14,2018-09-29T00:18:00+08:00,臺中市,02,西屯區,125
24.182028,120.632861,西屯,C0F9T0,2018-09-29T02:00:00+08:00,111.0,22,3.9,24.3,0.58,992.1,-99,0.0,11.3,340,2018-09-29T01:46:00+08:00,臺中市,02,西屯區,125
24.182028,120.632861,西屯,C0F9T0,2018-09-29T03:00:00+08:00,111.0,337,5.2,23.8,0.67,991.5,-99,0.0,12.6,341,2018-09-29T02:20:00+08:00,臺中市,02,西屯區,125
24.182028,120.632861,西屯,C0F9T0,2018-09-29T04:00:00+08:00,111.0,340,3.3,23.4,0.74,991.2,-99,0.0,10.4,351,2018-09-29T03:50:00+08:00,臺中市,02,西屯區,125
24.182028,120.632861,西屯,C0F9T0,2018-09-29T05:00:00+08:00,111.0,344,3.3,22.8,0.8,991.3,-99,0.0,11.9,354,2018-09-29T04:32:00+08:00,臺中市,02,西屯區,125
24.182028,120.632861,西屯,C0F9T0,2018-09-29T06:00:00+08:00,111.0,349,3.0,22.7,0.79,991.7,-99,0.0,11.4,348,2018-09-29T05:10:00+08:00,臺中市,02,西屯區,125
24.182028,120.632861,西屯,C0F9T0,2018-09-29T07:00:00+08:00,111.0,10,2.5,23.2,0.73,992.1,-99,0.0,11.3,350,2018-09-29T06:35:00+08:00,臺中市,02,西屯區,125
24.182028,120.632861,西屯,C0F9T0,2018-09-29T08:00:00+08:00,111.0,352,3.9,23.7,0.71,992.7,-99,0.0,17.9,353,2018-09-29T07:54:00+08:00,臺中市,02,西屯區,125
24.182028,120.632861,西屯,C0F9T0,2018-09-29T09:00:00+08:00,111.0,345,4.0,24.3,0.68,992.8,-99,0.0,11.6,52,2018-09-29T08:03:00+08:00,臺中市,02,西屯區,125
24.182028,120.632861,西屯,C0F9T0,2018-09-29T10:00:00+08:00,111.0,358,4.1,25.9,0.59,992.7,-99,0.0,13.0,21,2018-09-29T09:40:00+08:00,臺中市,02,西屯區,125
24.182028,120.632861,西屯,C0F9T0,2018-09-29T11:00:00+08:00,111.0,359,4.0,26.4,0.56,992.4,-99,0.0,12.8,2,2018-09-29T10:17:00+08:00,臺中市,02,西屯區,125
24.182028,120.632861,西屯,C0F9T0,2018-09-29T12:00:00+08:00,111.0,358,3.7,27.2,0.52,991.7,-99,0.0,12.0,37,2018-09-29T11:20:00+08:00,臺中市,02,西屯區,125
24.182028,120.632861,西屯,C0F9T0,2018-09-29T13:00:00+08:00,111.0,332,4.5,27.4,0.52,990.9,-99,0.0,12.4,2,2018-09-29T12:19:00+08:00,臺中市,02,西屯區,125
24.182028,120.632861,西屯,C0F9T0,2018-09-29T14:00:00+08:00,111.0,27,3.3,27.6,0.53,990.6,-99,0.0,12.4,347,2018-09-29T13:16:00+08:00,臺中市,02,西屯區,125
24.182028,120.632861,西屯,C0F9T0,2018-09-29T15:00:00+08:00,111.0,332,2.9,27.4,0.54,990.7,-99,0.0,11.6,3,2018-09-29T14:34:00+08:00,臺中市,02,西屯區,125
24.182028,120.632861,西屯,C0F9T0,2018-09-29T16:00:00+08:00,111.0,331,3.1,27.1,0.55,991.0,-99,0.0,11.1,59,2018-09-29T15:37:00+08:00,臺中市,02,西屯區,125
24.182028,120.632861,西屯,C0F9T0,2018-09-29T17:00:00+08:00,111.0,28,2.0,26.8,0.55,991.8,-99,0.0,8.8,44,2018-09-29T16:12:00+08:00,臺中市,02,西屯區,125
24.182028,120.632861,西屯,C0F9T0,2018-09-29T18:00:00+08:00,111.0,340,1.9,26.2,0.46,992.3,-99,0.0,7.3,5,2018-09-29T17:25:00+08:00,臺中市,02,西屯區,125
24.182028,120.632861,西屯,C0F9T0,2018-09-29T19:00:00+08:00,111.0,6,1.9,26.6,0.36,992.7,-99,0.0,7.6,77,2018-09-29T18:49:00+08:00,臺中市,02,西屯區,125
24.182028,120.632861,西屯,C0F9T0,2018-09-29T20:00:00+08:00,111.0,52,2.1,27.1,0.35,993.6,-99,0.0,8.4,77,2018-09-29T19:45:00+08:00,臺中市,02,西屯區,125
24.182028,120.632861,西屯,C0F9T0,2018-09-29T21:00:00+08:00,111.0,335,1.9,26.9,0.36,994.1,-99,0.0,-99,-99,-99,臺中市,02,西屯區,125
24.182028,120.632861,西屯,C0F9T0,2018-09-29T22:00:00+08:00,111.0,69,1.4,26.7,0.36,994.4,-99,0.0,7.1,70,2018-09-29T21:22:00+08:00,臺中市,02,西屯區,125
24.182028,120.632861,西屯,C0F9T0,2018-09-29T23:00:00+08:00,111.0,37,0.7,26.2,0.4,994.1,-99,0.0,-99,-99,-99,臺中市,02,西屯區,125
24.182028,120.632861,西屯,C0F9T0,2018-09-30T00:00:00+08:00,111.0,333,1.2,25.4,0.44,994.3,-99,0.0,-99,-99,-99,臺中市,02,西屯區,125
24.182028,120.632861,西屯,C0F9T0,2018-09-30T01:00:00+08:00,111.0,345,1.1,24.2,0.5,994.1,-99,0.0,-99,-99,-99,臺中市,02,西屯區,125
24.182028,120.632861,西屯,C0F9T0,2018-09-30T02:00:00+08:00,111.0,330,1.6,24.6,0.51,993.9,-99,0.0,6.7,337,2018-09-30T01:55:00+08:00,臺中市,02,西屯區,125
24.182028,120.632861,西屯,C0F9T0,2018-09-30T03:00:00+08:00,111.0,36,1.3,24.8,0.51,993.8,-99,0.0,-99,-99,-99,臺中市,02,西屯區,125
24.182028,120.632861,西屯,C0F9T0,2018-09-30T04:00:00+08:00,111.0,333,2.0,24.1,0.57,993.8,-99,0.0,-99,-99,-99,臺中市,02,西屯區,125
24.182028,120.632861,西屯,C0F9T0,2018-09-30T05:00:00+08:00,111.0,329,1.8,24.0,0.62,994.7,-99,0.0,-99,-99,-99,臺中市,02,西屯區,125
24.182028,120.632861,西屯,C0F9T0,2018-09-30T06:00:00+08:00,111.0,348,1.5,23.7,0.67,995.5,-99,0.0,7.3,345,2018-09-30T05:39:00+08:00,臺中市,02,西屯區,125
24.182028,120.632861,西屯,C0F9T0,2018-09-30T07:00:00+08:00,111.0,353,1.8,24.1,0.65,995.9,-99,0.0,-99,-99,-99,臺中市,02,西屯區,125
24.182028,120.632861,西屯,C0F9T0,2018-09-30T09:00:00+08:00,111.0,29,1.7,27.0,0.53,996.9,-99,0.0,-99,-99,-99,臺中市,02,西屯區,125
24.182028,120.632861,西屯,C0F9T0,2018-09-30T10:00:00+08:00,111.0,331,3.1,27.6,0.51,997.0,-99,0.0,-99,-99,-99,臺中市,02,西屯區,125
24.182028,120.632861,西屯,C0F9T0,2018-09-30T11:00:00+08:00,111.0,330,3.2,28.3,0.49,996.7,-99,0.0,-99,-99,-99,臺中市,02,西屯區,125
24.182028,120.632861,西屯,C0F9T0,2018-09-30T12:00:00+08:00,111.0,330,3.5,29.1,0.46,995.8,-99,0.0,-99,-99,-99,臺中市,02,西屯區,125
24.182028,120.632861,西屯,C0F9T0,2018-09-30T13:00:00+08:00,111.0,313,3.2,29.2,0.47,995.2,-99,0.0,-99,-99,-99,臺中市,02,西屯區,125
24.182028,120.632861,西屯,C0F9T0,2018-09-30T14:00:00+08:00,111.0,326,3.1,29.5,0.47,994.6,-99,0.0,-99,-99,-99,臺中市,02,西屯區,125
24.182028,120.632861,西屯,C0F9T0,2018-09-30T15:00:00+08:00,111.0,313,3.3,29.0,0.49,994.5,-99,0.0,8.4,1,2018-09-30T14:45:00+08:00,臺中市,02,西屯區,125
24.182028,120.632861,西屯,C0F9T0,2018-09-30T16:00:00+08:00,111.0,312,3.4,27.9,0.51,994.9,-99,0.0,9.1,328,2018-09-30T15:42:00+08:00,臺中市,02,西屯區,125
24.182028,120.632861,西屯,C0F9T0,2018-09-30T17:00:00+08:00,111.0,333,2.3,27.1,0.51,995.6,-99,0.0,-99,-99,-99,臺中市,02,西屯區,125
24.182028,120.632861,西屯,C0F9T0,2018-09-30T18:00:00+08:00,111.0,324,2.1,25.7,0.52,996.0,-99,0.0,-99,-99,-99,臺中市,02,西屯區,125
24.182028,120.632861,西屯,C0F9T0,2018-09-30T19:00:00+08:00,111.0,324,2.2,24.6,0.57,996.8,-99,0.0,-99,-99,-99,臺中市,02,西屯區,125
24.182028,120.632861,西屯,C0F9T0,2018-09-30T20:00:00+08:00,111.0,339,1.6,23.8,0.59,997.4,-99,0.0,-99,-99,-99,臺中市,02,西屯區,125
24.182028,120.632861,西屯,C0F9T0,2018-09-30T21:00:00+08:00,111.0,325,1.5,23.6,0.61,997.7,-99,0.0,-99,-99,-99,臺中市,02,西屯區,125
24.182028,120.632861,西屯,C0F9T0,2018-09-30T22:00:00+08:00,111.0,335,1.7,23.7,0.62,998.1,-99,0.0,-99,-99,-99,臺中市,02,西屯區,125
24.182028,120.632861,西屯,C0F9T0,2018-09-30T23:00:00+08:00,111.0,332,0.7,23.5,0.64,998.1,-99,0.0,-99,-99,-99,臺中市,02,西屯區,125
