24.182028,120.632861,西屯,C0F9T0,2018-08-01T00:00:00+08:00,111.0,211,2.5,28.9,0.81,992.5,-99,0.0,-99,-99,-99,臺中市,02,西屯區,125
24.182028,120.632861,西屯,C0F9T0,2018-08-01T01:00:00+08:00,111.0,207,3.3,28.6,0.83,992.1,-99,0.0,-99,-99,-99,臺中市,02,西屯區,125
24.182028,120.632861,西屯,C0F9T0,2018-08-01T02:00:00+08:00,111.0,201,1.4,28.6,0.84,991.8,-99,0.0,-99,-99,-99,臺中市,02,西屯區,125
24.182028,120.632861,西屯,C0F9T0,2018-08-01T03:00:00+08:00,111.0,163,1.7,28.5,0.83,991.3,-99,0.0,-99,-99,-99,臺中市,02,西屯區,125
24.182028,120.632861,西屯,C0F9T0,2018-08-01T04:00:00+08:00,111.0,163,1.9,28.5,0.82,991.1,-99,0.0,-99,-99,-99,臺中市,02,西屯區,125
24.182028,120.632861,西屯,C0F9T0,2018-08-01T05:00:00+08:00,111.0,164,1.5,28.4,0.83,991.4,-99,0.0,-99,-99,-99,臺中市,02,西屯區,125
24.182028,120.632861,西屯,C0F9T0,2018-08-01T06:00:00+08:00,111.0,195,1.3,28.5,0.82,992.2,-99,0.0,-99,-99,-99,臺中市,02,西屯區,125
24.182028,120.632861,西屯,C0F9T0,2018-08-01T07:00:00+08:00,111.0,162,1.2,28.6,0.81,992.8,-99,0.0,-99,-99,-99,臺中市,02,西屯區,125
24.182028,120.632861,西屯,C0F9T0,2018-08-01T08:00:00+08:00,111.0,161,2.0,29.1,0.78,992.8,-99,0.0,-99,-99,-99,臺中市,02,西屯區,125
24.182028,120.632861,西屯,C0F9T0,2018-08-01T09:00:00+08:00,111.0,164,3.3,30.2,0.71,992.8,-99,0.0,-99,-99,-99,臺中市,02,西屯區,125
24.182028,120.632861,西屯,C0F9T0,2018-08-01T10:00:00+08:00,111.0,193,2.7,31.4,0.64,992.6,-99,0.0,-99,-99,-99,臺中市,02,西屯區,125
24.182028,120.632861,西屯,C0F9T0,2018-08-01T11:00:00+08:00,111.0,206,3.6,32.1,0.59,992.3,-99,0.0,-99,-99,-99,臺中市,02,西屯區,125
24.182028,120.632861,西屯,C0F9T0,2018-08-01T12:00:00+08:00,111.0,218,2.4,33.1,0.57,991.9,-99,0.0,-99,-99,-99,臺中市,02,西屯區,125
24.182028,120.632861,西屯,C0F9T0,2018-08-01T13:00:00+08:00,111.0,219,2.9,33.5,0.58,991.2,-99,0.0,-99,-99,-99,臺中市,02,西屯區,125
24.182028,120.632861,西屯,C0F9T0,2018-08-01T14:00:00+08:00,111.0,271,1.8,34.3,0.58,990.5,-99,0.0,7.2,201,2018-08-01T13:17:00+08:00,臺中市,02,西屯區,125
24.182028,120.632861,西屯,C0F9T0,2018-08-01T15:00:00+08:00,111.0,259,2.2,33.9,0.59,989.9,-99,0.0,-99,-99,-99,臺中市,02,西屯區,125
24.182028,120.632861,西屯,C0F9T0,2018-08-01T16:00:00+08:00,111.0,299,1.6,33.9,0.59,989.5,-99,0.0,-99,-99,-99,臺中市,02,西屯區,125
24.182028,120.632861,西屯,C0F9T0,2018-08-01T17:00:00+08:00,111.0,272,1.9,33.4,0.62,989.3,-99,0.0,-99,-99,-99,臺中市,02,西屯區,125
24.182028,120.632861,西屯,C0F9T0,2018-08-01T18:00:00+08:00,111.0,285,1.4,32.2,0.69,990.1,-99,0.0,-99,-99,-99,臺中市,02,西屯區,125
24.182028,120.632861,西屯,C0F9T0,2018-08-01T19:00:00+08:00,111.0,276,1.1,30.5,0.77,990.6,-99,0.0,-99,-99,-99,臺中市,02,西屯區,125
24.182028,120.632861,西屯,C0F9T0,2018-08-01T20:00:00+08:00,111.0,239,1.2,30.2,0.76,991.3,-99,0.0,-99,-99,-99,臺中市,02,西屯區,125
24.182028,120.632861,西屯,C0F9T0,2018-08-01T21:00:00+08:00,111.0,215,1.3,29.7,0.77,991.9,-99,0.0,-99,-99,-99,臺中市,02,西屯區,125
24.182028,120.632861,西屯,C0F9T0,2018-08-01T22:00:00+08:00,111.0,209,1.1,29.6,0.78,992.3,-99,0.0,-99,-99,-99,臺中市,02,西屯區,125
24.182028,120.632861,西屯,C0F9T0,2018-08-01T23:00:00+08:00,111.0,207,1.9,29.5,0.76,991.8,-99,0.0,-99,-99,-99,臺中市,02,西屯區,125
24.182028,120.632861,西屯,C0F9T0,2018-08-02T00:00:00+08:00,111.0,168,2.9,29.3,0.79,991.5,-99,0.0,-99,-99,-99,臺中市,02,西屯區,125
24.182028,120.632861,西屯,C0F9T0,2018-08-02T01:00:00+08:00,111.0,161,1.1,29.2,0.8,991.0,-99,0.0,-99,-99,-99,臺中市,02,西屯區,125
24.182028,120.632861,西屯,C0F9T0,2018-08-02T02:00:00+08:00,111.0,156,2.7,28.9,0.8,990.8,-99,0.0,-99,-99,-99,臺中市,02,西屯區,125
24.182028,120.632861,西屯,C0F9T0,2018-08-02T03:00:00+08:00,111.0,182,0.8,28.8,0.81,990.8,-99,0.0,-99,-99,-99,臺中市,02,西屯區,125
24.182028,120.632861,西屯,C0F9T0,2018-08-02T04:00:00+08:00,111.0,166,1.7,28.5,0.82,990.7,-99,0.0,-99,-99,-99,臺中市,02,西屯區,125
24.182028,120.632861,西屯,C0F9T0,2018-08-02T05:00:00+08:00,111.0,189,1.3,28.6,0.82,990.6,-99,0.0,-99,-99,-99,臺中市,02,西屯區,125
24.182028,120.632861,西屯,C0F9T0,2018-08-02T06:00:00+08:00,111.0,190,1.8,28.4,0.83,991.4,-99,0.0,-99,-99,-99,臺中市,02,西屯區,125
24.182028,120.632861,西屯,C0F9T0,2018-08-02T07:00:00+08:00,111.0,209,2.4,26.8,0.81,992.1,-99,0.0,-99,-99,-99,臺中市,02,西屯區,125
24.182028,120.632861,西屯,C0F9T0,2018-08-02T08:00:00+08:00,111.0,170,1.7,27.6,0.86,992.2,-99,0.5,-99,-99,-99,臺中市,02,西屯區,125
24.182028,120.632861,西屯,C0F9T0,2018-08-02T09:00:00+08:00,111.0,193,1.6,28.5,0.85,992.2,-99,1.0,-99,-99,-99,臺中市,02,西屯區,125
24.182028,120.632861,西屯,C0F9T0,2018-08-02T10:00:00+08:00,111.0,171,1.9,28.4,0.86,992.5,-99,2.0,-99,-99,-99,臺中市,02,西屯區,125
24.182028,120.632861,西屯,C0F9T0,2018-08-02T11:00:00+08:00,111.0,171,1.2,29.5,0.78,992.3,-99,2.0,-99,-99,-99,臺中市,02,西屯區,125
24.182028,120.632861,西屯,C0F9T0,2018-08-02T12:00:00+08:00,111.0,205,2.1,30.6,0.69,991.5,-99,2.0,-99,-99,-99,臺中市,02,西屯區,125
24.182028,120.632861,西屯,C0F9T0,2018-08-02T13:00:00+08:00,111.0,204,1.4,31.8,0.67,991.0,-99,2.0,-99,-99,-99,臺中市,02,西屯區,125
24.182028,120.632861,西屯,C0F9T0,2018-08-02T14:00:00+08:00,111.0,207,1.6,32.2,0.57,990.2,-99,2.0,6.9,227,2018-08-02T13:33:00+08:00,臺中市,02,西屯區,125
24.182028,120.632861,西屯,C0F9T0,2018-08-02T15:00:00+08:00,111.0,200,1.7,32.3,0.61,989.8,-99,2.0,-99,-99,-99,臺中市,02,西屯區,125
24.182028,120.632861,西屯,C0F9T0,2018-08-02T16:00:00+08:00,111.0,284,1.9,31.5,0.71,989.5,-99,2.0,-99,-99,-99,臺中市,02,西屯區,125
24.182028,120.632861,西屯,C0F9T0,2018-08-02T17:00:00+08:00,111.0,219,1.7,32.5,0.65,989.5,-99,2.0,-99,-99,-99,臺中市,02,西屯區,125
24.182028,120.632861,西屯,C0F9T0,2018-08-02T18:00:00+08:00,111.0,273,0.9,31.5,0.68,989.5,-99,2.0,-99,-99,-99,臺中市,02,西屯區,125
24.182028,120.632861,西屯,C0F9T0,2018-08-02T19:00:00+08:00,111.0,220,0.9,30.3,0.71,989.8,-99,2.0,-99,-99,-99,臺中市,02,西屯區,125
24.182028,120.632861,西屯,C0F9T0,2018-08-02T20:00:00+08:00,111.0,158,1.5,30.2,0.68,990.7,-99,2.0,-99,-99,-99,臺中市,02,西屯區,125
24.182028,120.632861,西屯,C0F9T0,2018-08-02T21:00:00+08:00,111.0,171,1.3,29.5,0.68,991.2,-99,2.0,-99,-99,-99,臺中市,02,西屯區,125
24.182028,120.632861,西屯,C0F9T0,2018-08-02T22:00:00+08:00,111.0,175,1.0,29.5,0.72,991.7,-99,2.0,-99,-99,-99,臺中市,02,西屯區,125
24.182028,120.632861,西屯,C0F9T0,2018-08-02T23:00:00+08:00,111.0,172,1.9,29.1,0.75,991.5,-99,2.0,-99,-99,-99,臺中市,02,西屯區,125
24.182028,120.632861,西屯,C0F9T0,2018-08-03T00:00:00+08:00,111.0,158,3.4,28.6,0.77,990.8,-99,2.0,-99,-99,-99,臺中市,02,西屯區,125
24.182028,120.632861,西屯,C0F9T0,2018-08-03T01:00:00+08:00,111.0,162,2.5,28.7,0.77,990.5,-99,0.0,-99,-99,-99,臺中市,02,西屯區,125
24.182028,120.632861,西屯,C0F9T0,2018-08-03T02:00:00+08:00,111.0,154,1.6,28.3,0.79,989.9,-99,0.0,-99,-99,-99,臺中市,02,西屯區,125
24.182028,120.632861,西屯,C0F9T0,2018-08-03T03:00:00+08:00,111.0,167,1.2,28.4,0.76,989.6,-99,0.0,-99,-99,-99,臺中市,02,西屯區,125
24.182028,120.632861,西屯,C0F9T0,2018-08-03T04:00:00+08:00,111.0,191,2.1,28.1,0.75,989.8,-99,0.0,-99,-99,-99,臺中市,02,西屯區,125
24.182028,120.632861,西屯,C0F9T0,2018-08-03T05:00:00+08:00,111.0,158,1.4,27.8,0.75,990.5,-99,0.0,-99,-99,-99,臺中市,02,西屯區,125
24.182028,120.632861,西屯,C0F9T0,2018-08-03T06:00:00+08:00,111.0,166,1.1,28.0,0.73,991.1,-99,0.0,-99,-99,-99,臺中市,02,西屯區,125
24.182028,120.632861,西屯,C0F9T0,2018-08-03T07:00:00+08:00,111.0,176,1.2,28.7,0.71,991.4,-99,0.0,-99,-99,-99,臺中市,02,西屯區,125
24.182028,120.632861,西屯,C0F9T0,2018-08-03T08:00:00+08:00,111.0,176,1.8,29.8,0.68,991.9,-99,0.0,-99,-99,-99,臺中市,02,西屯區,125
24.182028,120.632861,西屯,C0F9T0,2018-08-03T09:00:00+08:00,111.0,184,1.9,30.7,0.65,992.0,-99,0.0,-99,-99,-99,臺中市,02,西屯區,125
24.182028,120.632861,西屯,C0F9T0,2018-08-03T10:00:00+08:00,111.0,193,1.0,30.8,0.66,992.0,-99,0.0,-99,-99,-99,臺中市,02,西屯區,125
24.182028,120.632861,西屯,C0F9T0,2018-08-03T11:00:00+08:00,111.0,202,0.6,31.7,0.66,992.0,-99,0.0,-99,-99,-99,臺中市,02,西屯區,125
24.182028,120.632861,西屯,C0F9T0,2018-08-03T12:00:00+08:00,111.0,242,1.4,29.4,0.78,991.5,-99,1.5,10.9,207,2018-08-03T11:48:00+08:00,臺中市,02,西屯區,125
24.182028,120.632861,西屯,C0F9T0,2018-08-03T13:00:00+08:00,111.0,262,2.0,30.6,0.71,990.9,-99,1.5,-99,-99,-99,臺中市,02,西屯區,125
24.182028,120.632861,西屯,C0F9T0,2018-08-03T14:00:00+08:00,111.0,142,0.9,28.9,0.8,991.4,-99,4.5,7.2,215,2018-08-03T13:33:00+08:00,臺中市,02,西屯區,125
24.182028,120.632861,西屯,C0F9T0,2018-08-03T15:00:00+08:00,111.0,287,2.1,28.5,0.78,991.1,-99,10.0,-99,-99,-99,臺中市,02,西屯區,125
24.182028,120.632861,西屯,C0F9T0,2018-08-03T16:00:00+08:00,111.0,155,1.5,27.3,0.83,990.1,-99,19.5,-99,-99,-99,臺中市,02,西屯區,125
24.182028,120.632861,西屯,C0F9T0,2018-08-03T17:00:00+08:00,111.0,204,2.3,28.0,0.8,990.6,-99,19.5,-99,-99,-99,臺中市,02,西屯區,125
24.182028,120.632861,西屯,C0F9T0,2018-08-03T18:00:00+08:00,111.0,179,1.3,28.7,0.76,991.1,-99,19.5,-99,-99,-99,臺中市,02,西屯區,125
24.182028,120.632861,西屯,C0F9T0,2018-08-03T19:00:00+08:00,111.0,165,0.7,28.6,0.77,991.3,-99,19.5,-99,-99,-99,臺中市,02,西屯區,125
24.182028,120.632861,西屯,C0F9T0,2018-08-03T20:00:00+08:00,111.0,158,1.6,28.9,0.74,991.3,-99,19.5,-99,-99,-99,臺中市,02,西屯區,125
24.182028,120.632861,西屯,C0F9T0,2018-08-03T21:00:00+08:00,111.0,171,1.1,28.9,0.72,991.7,-99,19.5,-99,-99,-99,臺中市,02,西屯區,125
24.182028,120.632861,西屯,C0F9T0,2018-08-03T22:00:00+08:00,111.0,295,0.9,28.0,0.79,992.2,-99,19.5,-99,-99,-99,臺中市,02,西屯區,125
24.182028,120.632861,西屯,C0F9T0,2018-08-03T23:00:00+08:00,111.0,149,0.6,28.0,0.8,992.4,-99,19.5,-99,-99,-99,臺中市,02,西屯區,125
24.182028,120.632861,西屯,C0F9T0,2018-08-04T00:00:00+08:00,111.0,156,1.3,28.3,0.77,992.3,-99,19.5,-99,-99,-99,臺中市,02,西屯區,125
24.182028,120.632861,西屯,C0F9T0,2018-08-04T01:00:00+08:00,111.0,200,1.0,28.0,0.76,992.1,-99,0.0,-99,-99,-99,臺中市,02,西屯區,125
24.182028,120.632861,西屯,C0F9T0,2018-08-04T02:00:00+08:00,111.0,265,0.3,27.1,0.82,992.0,-99,0.0,-99,-99,-99,臺中市,02,西屯區,125
24.182028,120.632861,西屯,C0F9T0,2018-08-04T03:00:00+08:00,111.0,291,0.9,26.5,0.85,992.0,-99,0.0,-99,-99,-99,臺中市,02,西屯區,125
24.182028,120.632861,西屯,C0F9T0,2018-08-04T04:00:00+08:00,111.0,307,0.7,26.3,0.85,992.1,-99,0.0,-99,-99,-99,臺中市,02,西屯區,125
24.182028,120.632861,西屯,C0F9T0,2018-08-04T05:00:00+08:00,111.0,212,0.3,26.5,0.85,992.3,-99,0.0,-99,-99,-99,臺中市,02,西屯區,125
24.182028,120.632861,西屯,C0F9T0,2018-08-04T06:00:00+08:00,111.0,304,1.0,26.4,0.84,992.6,-99,0.0,-99,-99,-99,臺中市,02,西屯區,125
24.182028,120.632861,西屯,C0F9T0,2018-08-04T07:00:00+08:00,111.0,316,1.1,27.0,0.82,993.1,-99,0.0,-99,-99,-99,臺中市,02,西屯區,125
24.182028,120.632861,西屯,C0F9T0,2018-08-04T08:00:00+08:00,111.0,204,1.1,29.1,0.71,993.6,-99,0.0,-99,-99,-99,臺中市,02,西屯區,125
24.182028,120.632861,西屯,C0F9T0,2018-08-04T09:00:00+08:00,111.0,221,1.0,30.3,0.66,993.3,-99,0.0,-99,-99,-99,臺中市,02,西屯區,125
24.182028,120.632861,西屯,C0F9T0,2018-08-04T10:00:00+08:00,111.0,211,1.5,31.4,0.63,993.4,-99,0.0,-99,-99,-99,臺中市,02,西屯區,125
24.182028,120.632861,西屯,C0F9T0,2018-08-04T11:00:00+08:00,111.0,200,0.7,32.6,0.58,993.3,-99,0.0,-99,-99,-99,臺中市,02,西屯區,125
24.182028,120.632861,西屯,C0F9T0,2018-08-04T12:00:00+08:00,111.0,301,2.5,32.6,0.6,992.7,-99,0.0,-99,-99,-99,臺中市,02,西屯區,125
24.182028,120.632861,西屯,C0F9T0,2018-08-04T13:00:00+08:00,111.0,266,2.0,33.1,0.64,992.1,-99,0.0,-99,-99,-99,臺中市,02,西屯區,125
24.182028,120.632861,西屯,C0F9T0,2018-08-04T14:00:00+08:00,111.0,304,2.7,32.2,0.63,991.6,-99,0.0,-99,-99,-99,臺中市,02,西屯區,125
24.182028,120.632861,西屯,C0F9T0,2018-08-04T17:00:00+08:00,111.0,317,1.5,31.8,0.65,991.5,-99,0.0,-99,-99,-99,臺中市,02,西屯區,125
24.182028,120.632861,西屯,C0F9T0,2018-08-04T18:00:00+08:00,111.0,228,1.6,31.4,0.7,992.3,-99,0.0,-99,-99,-99,臺中市,02,西屯區,125
24.182028,120.632861,西屯,C0F9T0,2018-08-04T19:00:00+08:00,111.0,155,1.7,30.1,0.7,992.5,-99,0.0,-99,-99,-99,臺中市,02,西屯區,125
24.182028,120.632861,西屯,C0F9T0,2018-08-04T20:00:00+08:00,111.0,294,0.4,28.7,0.78,991.8,-99,0.0,-99,-99,-99,臺中市,02,西屯區,125
24.182028,120.632861,西屯,C0F9T0,2018-08-04T21:00:00+08:00,111.0,292,0.8,29.2,0.71,992.7,-99,0.0,-99,-99,-99,臺中市,02,西屯區,125
24.182028,120.632861,西屯,C0F9T0,2018-08-04T22:00:00+08:00,111.0,220,1.8,29.2,0.69,993.6,-99,0.0,-99,-99,-99,臺中市,02,西屯區,125
24.182028,120.632861,西屯,C0F9T0,2018-08-04T23:00:00+08:00,111.0,224,0.5,28.8,0.69,994.3,-99,0.0,-99,-99,-99,臺中市,02,西屯區,125
24.182028,120.632861,西屯,C0F9T0,2018-08-05T00:00:00+08:00,111.0,298,0.5,28.0,0.75,994.1,-99,0.0,-99,-99,-99,臺中市,02,西屯區,125
24.182028,120.632861,西屯,C0F9T0,2018-08-05T01:00:00+08:00,111.0,295,0.6,27.7,0.76,993.4,-99,0.0,-99,-99,-99,臺中市,02,西屯區,125
24.182028,120.632861,西屯,C0F9T0,2018-08-05T02:00:00+08:00,111.0,329,1.1,28.2,0.77,992.8,-99,0.0,-99,-99,-99,臺中市,02,西屯區,125
24.182028,120.632861,西屯,C0F9T0,2018-08-05T03:00:00+08:00,111.0,0,0.1,28.2,0.77,993.3,-99,0.0,-99,-99,-99,臺中市,02,西屯區,125
24.182028,120.632861,西屯,C0F9T0,2018-08-05T04:00:00+08:00,111.0,0,0.0,28.1,0.78,993.6,-99,0.0,-99,-99,-99,臺中市,02,西屯區,125
24.182028,120.632861,西屯,C0F9T0,2018-08-05T05:00:00+08:00,111.0,300,1.2,27.4,0.81,993.8,-99,0.0,-99,-99,-99,臺中市,02,西屯區,125
24.182028,120.632861,西屯,C0F9T0,2018-08-05T06:00:00+08:00,111.0,304,0.5,26.7,0.84,994.3,-99,0.0,-99,-99,-99,臺中市,02,西屯區,125
24.182028,120.632861,西屯,C0F9T0,2018-08-05T07:00:00+08:00,111.0,312,1.2,27.9,0.79,994.2,-99,0.0,-99,-99,-99,臺中市,02,西屯區,125
24.182028,120.632861,西屯,C0F9T0,2018-08-05T08:00:00+08:00,111.0,50,0.5,30.1,0.71,994.0,-99,0.0,-99,-99,-99,臺中市,02,西屯區,125
24.182028,120.632861,西屯,C0F9T0,2018-08-05T09:00:00+08:00,111.0,327,1.4,31.0,0.66,994.0,-99,0.0,-99,-99,-99,臺中市,02,西屯區,125
24.182028,120.632861,西屯,C0F9T0,2018-08-05T10:00:00+08:00,111.0,336,1.8,31.8,0.61,993.7,-99,0.0,-99,-99,-99,臺中市,02,西屯區,125
24.182028,120.632861,西屯,C0F9T0,2018-08-05T11:00:00+08:00,111.0,331,2.1,32.5,0.58,993.5,-99,0.0,-99,-99,-99,臺中市,02,西屯區,125
24.182028,120.632861,西屯,C0F9T0,2018-08-05T12:00:00+08:00,111.0,294,2.0,32.6,0.6,993.1,-99,0.0,-99,-99,-99,臺中市,02,西屯區,125
24.182028,120.632861,西屯,C0F9T0,2018-08-05T13:00:00+08:00,111.0,331,3.8,32.2,0.62,992.6,-99,0.0,-99,-99,-99,臺中市,02,西屯區,125
24.182028,120.632861,西屯,C0F9T0,2018-08-05T14:00:00+08:00,111.0,305,4.4,31.6,0.63,992.5,-99,0.0,-99,-99,-99,臺中市,02,西屯區,125
24.182028,120.632861,西屯,C0F9T0,2018-08-05T15:00:00+08:00,111.0,327,3.0,30.2,0.69,992.6,-99,0.0,-99,-99,-99,臺中市,02,西屯區,125
24.182028,120.632861,西屯,C0F9T0,2018-08-05T16:00:00+08:00,111.0,328,1.0,29.5,0.77,993.0,-99,0.0,-99,-99,-99,臺中市,02,西屯區,125
24.182028,120.632861,西屯,C0F9T0,2018-08-05T17:00:00+08:00,111.0,125,1.0,28.5,0.79,993.1,-99,0.5,-99,-99,-99,臺中市,02,西屯區,125
24.182028,120.632861,西屯,C0F9T0,2018-08-05T18:00:00+08:00,111.0,301,1.1,27.2,0.83,992.9,-99,0.5,-99,-99,-99,臺中市,02,西屯區,125
24.182028,120.632861,西屯,C0F9T0,2018-08-05T19:00:00+08:00,111.0,309,1.2,26.7,0.85,992.3,-99,0.5,-99,-99,-99,臺中市,02,西屯區,125
24.182028,120.632861,西屯,C0F9T0,2018-08-05T20:00:00+08:00,111.0,334,0.8,27.3,0.82,992.7,-99,0.5,-99,-99,-99,臺中市,02,西屯區,125
24.182028,120.632861,西屯,C0F9T0,2018-08-05T21:00:00+08:00,111.0,267,0.8,27.7,0.8,993.3,-99,0.5,-99,-99,-99,臺中市,02,西屯區,125
24.182028,120.632861,西屯,C0F9T0,2018-08-05T22:00:00+08:00,111.0,254,0.8,26.8,0.83,994.1,-99,0.5,-99,-99,-99,臺中市,02,西屯區,125
24.182028,120.632861,西屯,C0F9T0,2018-08-05T23:00:00+08:00,111.0,313,1.1,26.6,0.82,994.2,-99,0.5,-99,-99,-99,臺中市,02,西屯區,125
24.182028,120.632861,西屯,C0F9T0,2018-08-06T00:00:00+08:00,111.0,302,0.9,26.5,0.83,994.1,-99,0.5,-99,-99,-99,臺中市,02,西屯區,125
24.182028,120.632861,西屯,C0F9T0,2018-08-06T01:00:00+08:00,111.0,218,1.6,26.6,0.82,993.9,-99,0.0,-99,-99,-99,臺中市,02,西屯區,125
24.182028,120.632861,西屯,C0F9T0,2018-08-06T02:00:00+08:00,111.0,312,0.5,26.3,0.82,993.7,-99,0.0,-99,-99,-99,臺中市,02,西屯區,125
24.182028,120.632861,西屯,C0F9T0,2018-08-06T03:00:00+08:00,111.0,297,0.6,26.4,0.82,993.3,-99,0.0,-99,-99,-99,臺中市,02,西屯區,125
24.182028,120.632861,西屯,C0F9T0,2018-08-06T04:00:00+08:00,111.0,306,0.8,26.3,0.82,993.3,-99,0.0,-99,-99,-99,臺中市,02,西屯區,125
24.182028,120.632861,西屯,C0F9T0,2018-08-06T05:00:00+08:00,111.0,217,0.4,26.4,0.8,993.6,-99,0.0,-99,-99,-99,臺中市,02,西屯區,125
24.182028,120.632861,西屯,C0F9T0,2018-08-06T06:00:00+08:00,111.0,313,0.3,26.2,0.81,993.7,-99,0.0,-99,-99,-99,臺中市,02,西屯區,125
24.182028,120.632861,西屯,C0F9T0,2018-08-06T07:00:00+08:00,111.0,300,0.4,26.9,0.8,993.8,-99,0.0,-99,-99,-99,臺中市,02,西屯區,125
24.182028,120.632861,西屯,C0F9T0,2018-08-06T08:00:00+08:00,111.0,0,0.2,29.5,0.66,994.1,-99,0.0,-99,-99,-99,臺中市,02,西屯區,125
24.182028,120.632861,西屯,C0F9T0,2018-08-06T09:00:00+08:00,111.0,46,0.7,30.6,0.61,994.0,-99,0.0,-99,-99,-99,臺中市,02,西屯區,125
24.182028,120.632861,西屯,C0F9T0,2018-08-06T10:00:00+08:00,111.0,297,1.8,31.7,0.58,993.6,-99,0.0,-99,-99,-99,臺中市,02,西屯區,125
24.182028,120.632861,西屯,C0F9T0,2018-08-06T11:00:00+08:00,111.0,350,2.0,31.6,0.58,993.1,-99,0.0,-99,-99,-99,臺中市,02,西屯區,125
24.182028,120.632861,西屯,C0F9T0,2018-08-06T12:00:00+08:00,111.0,309,3.6,31.3,0.65,992.5,-99,0.0,-99,-99,-99,臺中市,02,西屯區,125
24.182028,120.632861,西屯,C0F9T0,2018-08-06T13:00:00+08:00,111.0,334,2.9,31.8,0.63,992.0,-99,0.0,-99,-99,-99,臺中市,02,西屯區,125
24.182028,120.632861,西屯,C0F9T0,2018-08-06T14:00:00+08:00,111.0,328,3.8,31.9,0.63,991.6,-99,0.0,-99,-99,-99,臺中市,02,西屯區,125
24.182028,120.632861,西屯,C0F9T0,2018-08-06T15:00:00+08:00,111.0,308,1.9,31.8,0.64,990.9,-99,0.0,7.6,305,2018-08-06T14:51:00+08:00,臺中市,02,西屯區,125
24.182028,120.632861,西屯,C0F9T0,2018-08-06T16:00:00+08:00,111.0,308,2.9,31.3,0.69,990.3,-99,0.0,-99,-99,-99,臺中市,02,西屯區,125
24.182028,120.632861,西屯,C0F9T0,2018-08-06T17:00:00+08:00,111.0,325,2.8,31.0,0.72,990.1,-99,0.0,-99,-99,-99,臺中市,02,西屯區,125
24.182028,120.632861,西屯,C0F9T0,2018-08-06T18:00:00+08:00,111.0,338,3.2,30.2,0.73,990.5,-99,0.0,-99,-99,-99,臺中市,02,西屯區,125
24.182028,120.632861,西屯,C0F9T0,2018-08-06T19:00:00+08:00,111.0,306,2.0,29.6,0.8,990.9,-99,0.0,-99,-99,-99,臺中市,02,西屯區,125
24.182028,120.632861,西屯,C0F9T0,2018-08-06T20:00:00+08:00,111.0,151,1.9,28.8,0.81,991.4,-99,0.0,-99,-99,-99,臺中市,02,西屯區,125
24.182028,120.632861,西屯,C0F9T0,2018-08-06T21:00:00+08:00,111.0,161,1.1,28.3,0.8,991.9,-99,0.0,-99,-99,-99,臺中市,02,西屯區,125
24.182028,120.632861,西屯,C0F9T0,2018-08-06T22:00:00+08:00,111.0,197,1.4,28.7,0.74,992.8,-99,0.0,-99,-99,-99,臺中市,02,西屯區,125
24.182028,120.632861,西屯,C0F9T0,2018-08-06T23:00:00+08:00,111.0,166,2.2,28.4,0.78,993.0,-99,0.0,-99,-99,-99,臺中市,02,西屯區,125
24.182028,120.632861,西屯,C0F9T0,2018-08-07T00:00:00+08:00,111.0,202,1.9,28.4,0.78,993.0,-99,0.0,-99,-99,-99,臺中市,02,西屯區,125
24.182028,120.632861,西屯,C0F9T0,2018-08-07T01:00:00+08:00,111.0,238,1.2,27.9,0.79,992.7,-99,0.0,-99,-99,-99,臺中市,02,西屯區,125
24.182028,120.632861,西屯,C0F9T0,2018-08-07T02:00:00+08:00,111.0,171,0.6,26.7,0.91,992.4,-99,6.5,-99,-99,-99,臺中市,02,西屯區,125
24.182028,120.632861,西屯,C0F9T0,2018-08-07T03:00:00+08:00,111.0,206,1.0,27.0,0.86,992.5,-99,6.5,-99,-99,-99,臺中市,02,西屯區,125
24.182028,120.632861,西屯,C0F9T0,2018-08-07T04:00:00+08:00,111.0,179,1.6,27.1,0.85,992.5,-99,6.5,-99,-99,-99,臺中市,02,西屯區,125
24.182028,120.632861,西屯,C0F9T0,2018-08-07T05:00:00+08:00,111.0,156,1.4,26.8,0.82,992.3,-99,6.5,-99,-99,-99,臺中市,02,西屯區,125
24.182028,120.632861,西屯,C0F9T0,2018-08-07T06:00:00+08:00,111.0,290,0.5,26.7,0.82,992.7,-99,6.5,-99,-99,-99,臺中市,02,西屯區,125
24.182028,120.632861,西屯,C0F9T0,2018-08-07T07:00:00+08:00,111.0,115,1.0,28.2,0.74,992.7,-99,6.5,-99,-99,-99,臺中市,02,西屯區,125
24.182028,120.632861,西屯,C0F9T0,2018-08-07T08:00:00+08:00,111.0,149,0.9,29.7,0.69,992.7,-99,6.5,-99,-99,-99,臺中市,02,西屯區,125
24.182028,120.632861,西屯,C0F9T0,2018-08-07T09:00:00+08:00,111.0,211,0.8,30.3,0.68,992.5,-99,6.5,-99,-99,-99,臺中市,02,西屯區,125
24.182028,120.632861,西屯,C0F9T0,2018-08-07T10:00:00+08:00,111.0,218,0.7,31.4,0.63,992.4,-99,6.5,-99,-99,-99,臺中市,02,西屯區,125
24.182028,120.632861,西屯,C0F9T0,2018-08-07T11:00:00+08:00,111.0,185,0.5,31.7,0.63,991.8,-99,6.5,-99,-99,-99,臺中市,02,西屯區,125
24.182028,120.632861,西屯,C0F9T0,2018-08-07T12:00:00+08:00,111.0,294,2.3,31.3,0.68,991.1,-99,6.5,-99,-99,-99,臺中市,02,西屯區,125
24.182028,120.632861,西屯,C0F9T0,2018-08-07T13:00:00+08:00,111.0,304,2.2,31.3,0.67,990.9,-99,6.5,-99,-99,-99,臺中市,02,西屯區,125
24.182028,120.632861,西屯,C0F9T0,2018-08-07T14:00:00+08:00,111.0,306,3.1,30.7,0.7,990.6,-99,6.5,-99,-99,-99,臺中市,02,西屯區,125
24.182028,120.632861,西屯,C0F9T0,2018-08-07T15:00:00+08:00,111.0,303,1.8,31.6,0.67,989.8,-99,6.5,-99,-99,-99,臺中市,02,西屯區,125
24.182028,120.632861,西屯,C0F9T0,2018-08-07T16:00:00+08:00,111.0,323,2.7,31.1,0.69,989.9,-99,6.5,-99,-99,-99,臺中市,02,西屯區,125
24.182028,120.632861,西屯,C0F9T0,2018-08-07T17:00:00+08:00,111.0,311,1.7,31.2,0.66,989.5,-99,6.5,-99,-99,-99,臺中市,02,西屯區,125
24.182028,120.632861,西屯,C0F9T0,2018-08-07T18:00:00+08:00,111.0,9,1.0,31.0,0.65,989.7,-99,6.5,-99,-99,-99,臺中市,02,西屯區,125
24.182028,120.632861,西屯,C0F9T0,2018-08-07T19:00:00+08:00,111.0,302,1.3,30.3,0.68,989.9,-99,6.5,-99,-99,-99,臺中市,02,西屯區,125
24.182028,120.632861,西屯,C0F9T0,2018-08-07T20:00:00+08:00,111.0,212,1.0,30.6,0.69,990.6,-99,6.5,-99,-99,-99,臺中市,02,西屯區,125
24.182028,120.632861,西屯,C0F9T0,2018-08-07T21:00:00+08:00,111.0,210,1.6,29.7,0.74,991.3,-99,6.5,-99,-99,-99,臺中市,02,西屯區,125
24.182028,120.632861,西屯,C0F9T0,2018-08-07T22:00:00+08:00,111.0,183,1.6,29.6,0.74,992.0,-99,6.5,-99,-99,-99,臺中市,02,西屯區,125
24.182028,120.632861,西屯,C0F9T0,2018-08-07T23:00:00+08:00,111.0,159,1.9,29.1,0.79,992.0,-99,6.5,-99,-99,-99,臺中市,02,西屯區,125
24.182028,120.632861,西屯,C0F9T0,2018-08-08T00:00:00+08:00,111.0,202,1.2,29.1,0.77,992.0,-99,6.5,-99,-99,-99,臺中市,02,西屯區,125
24.182028,120.632861,西屯,C0F9T0,2018-08-08T01:00:00+08:00,111.0,181,1.2,28.8,0.78,991.8,-99,0.0,-99,-99,-99,臺中市,02,西屯區,125
24.182028,120.632861,西屯,C0F9T0,2018-08-08T02:00:00+08:00,111.0,179,1.7,28.7,0.77,991.4,-99,0.0,-99,-99,-99,臺中市,02,西屯區,125
24.182028,120.632861,西屯,C0F9T0,2018-08-08T03:00:00+08:00,111.0,201,1.1,28.7,0.78,991.5,-99,0.0,-99,-99,-99,臺中市,02,西屯區,125
24.182028,120.632861,西屯,C0F9T0,2018-08-08T04:00:00+08:00,111.0,162,1.5,28.4,0.78,991.4,-99,0.0,-99,-99,-99,臺中市,02,西屯區,125
24.182028,120.632861,西屯,C0F9T0,2018-08-08T05:00:00+08:00,111.0,209,1.4,28.3,0.81,991.4,-99,0.0,-99,-99,-99,臺中市,02,西屯區,125
24.182028,120.632861,西屯,C0F9T0,2018-08-08T06:00:00+08:00,111.0,209,1.5,28.1,0.82,991.7,-99,0.0,-99,-99,-99,臺中市,02,西屯區,125
24.182028,120.632861,西屯,C0F9T0,2018-08-08T07:00:00+08:00,111.0,217,1.0,28.2,0.81,992.2,-99,0.0,-99,-99,-99,臺中市,02,西屯區,125
24.182028,120.632861,西屯,C0F9T0,2018-08-08T08:00:00+08:00,111.0,187,1.8,29.2,0.75,992.3,-99,0.0,-99,-99,-99,臺中市,02,西屯區,125
24.182028,120.632861,西屯,C0F9T0,2018-08-08T09:00:00+08:00,111.0,161,1.6,30.7,0.68,992.4,-99,0.0,-99,-99,-99,臺中市,02,西屯區,125
24.182028,120.632861,西屯,C0F9T0,2018-08-08T10:00:00+08:00,111.0,203,1.9,30.8,0.66,992.5,-99,0.0,-99,-99,-99,臺中市,02,西屯區,125
24.182028,120.632861,西屯,C0F9T0,2018-08-08T11:00:00+08:00,111.0,237,1.6,31.7,0.62,992.4,-99,0.0,-99,-99,-99,臺中市,02,西屯區,125
24.182028,120.632861,西屯,C0F9T0,2018-08-08T12:00:00+08:00,111.0,283,1.5,32.7,0.58,992.2,-99,0.0,-99,-99,-99,臺中市,02,西屯區,125
24.182028,120.632861,西屯,C0F9T0,2018-08-08T13:00:00+08:00,111.0,284,2.1,33.3,0.56,991.7,-99,0.0,-99,-99,-99,臺中市,02,西屯區,125
24.182028,120.632861,西屯,C0F9T0,2018-08-08T14:00:00+08:00,111.0,324,2.7,30.6,0.66,991.9,-99,0.0,-99,-99,-99,臺中市,02,西屯區,125
24.182028,120.632861,西屯,C0F9T0,2018-08-08T15:00:00+08:00,111.0,345,2.1,31.0,0.69,991.4,-99,0.0,-99,-99,-99,臺中市,02,西屯區,125
24.182028,120.632861,西屯,C0F9T0,2018-08-08T16:00:00+08:00,111.0,324,3.1,30.7,0.68,990.9,-99,0.0,-99,-99,-99,臺中市,02,西屯區,125
24.182028,120.632861,西屯,C0F9T0,2018-08-08T17:00:00+08:00,111.0,332,2.6,30.6,0.71,990.5,-99,0.0,-99,-99,-99,臺中市,02,西屯區,125
24.182028,120.632861,西屯,C0F9T0,2018-08-08T18:00:00+08:00,111.0,321,2.6,30.2,0.72,990.6,-99,0.0,-99,-99,-99,臺中市,02,西屯區,125
24.182028,120.632861,西屯,C0F9T0,2018-08-08T19:00:00+08:00,111.0,321,1.6,29.9,0.69,990.9,-99,0.0,-99,-99,-99,臺中市,02,西屯區,125
24.182028,120.632861,西屯,C0F9T0,2018-08-08T20:00:00+08:00,111.0,306,1.1,29.4,0.74,991.4,-99,0.0,-99,-99,-99,臺中市,02,西屯區,125
24.182028,120.632861,西屯,C0F9T0,2018-08-08T21:00:00+08:00,111.0,310,0.6,28.9,0.79,992.3,-99,0.0,-99,-99,-99,臺中市,02,西屯區,125
24.182028,120.632861,西屯,C0F9T0,2018-08-08T22:00:00+08:00,111.0,308,0.3,29.4,0.74,992.9,-99,0.0,-99,-99,-99,臺中市,02,西屯區,125
24.182028,120.632861,西屯,C0F9T0,2018-08-08T23:00:00+08:00,111.0,208,1.4,28.9,0.78,993.0,-99,0.0,-99,-99,-99,臺中市,02,西屯區,125
24.182028,120.632861,西屯,C0F9T0,2018-08-09T00:00:00+08:00,111.0,180,1.2,28.7,0.77,992.8,-99,0.0,-99,-99,-99,臺中市,02,西屯區,125
24.182028,120.632861,西屯,C0F9T0,2018-08-09T01:00:00+08:00,111.0,177,1.6,28.4,0.78,992.6,-99,0.0,-99,-99,-99,臺中市,02,西屯區,125
24.182028,120.632861,西屯,C0F9T0,2018-08-09T02:00:00+08:00,111.0,181,0.7,28.4,0.77,992.6,-99,0.0,-99,-99,-99,臺中市,02,西屯區,125
24.182028,120.632861,西屯,C0F9T0,2018-08-09T03:00:00+08:00,111.0,185,1.0,28.2,0.77,992.3,-99,0.0,-99,-99,-99,臺中市,02,西屯區,125
24.182028,120.632861,西屯,C0F9T0,2018-08-09T04:00:00+08:00,111.0,186,1.0,28.4,0.75,992.1,-99,0.0,-99,-99,-99,臺中市,02,西屯區,125
24.182028,120.632861,西屯,C0F9T0,2018-08-09T05:00:00+08:00,111.0,185,0.5,28.4,0.76,992.0,-99,0.0,-99,-99,-99,臺中市,02,西屯區,125
24.182028,120.632861,西屯,C0F9T0,2018-08-09T06:00:00+08:00,111.0,164,1.6,28.4,0.76,992.5,-99,0.0,-99,-99,-99,臺中市,02,西屯區,125
24.182028,120.632861,西屯,C0F9T0,2018-08-09T07:00:00+08:00,111.0,243,0.4,28.6,0.77,992.8,-99,0.0,-99,-99,-99,臺中市,02,西屯區,125
24.182028,120.632861,西屯,C0F9T0,2018-08-09T08:00:00+08:00,111.0,209,0.8,28.7,0.76,992.8,-99,0.0,-99,-99,-99,臺中市,02,西屯區,125
24.182028,120.632861,西屯,C0F9T0,2018-08-09T09:00:00+08:00,111.0,197,1.2,29.7,0.71,993.3,-99,0.0,-99,-99,-99,臺中市,02,西屯區,125
24.182028,120.632861,西屯,C0F9T0,2018-08-09T10:00:00+08:00,111.0,221,1.3,29.8,0.69,993.4,-99,0.0,-99,-99,-99,臺中市,02,西屯區,125
24.182028,120.632861,西屯,C0F9T0,2018-08-09T11:00:00+08:00,111.0,299,2.1,30.2,0.68,993.5,-99,0.0,-99,-99,-99,臺中市,02,西屯區,125
24.182028,120.632861,西屯,C0F9T0,2018-08-09T12:00:00+08:00,111.0,336,1.8,31.0,0.64,992.8,-99,0.0,-99,-99,-99,臺中市,02,西屯區,125
24.182028,120.632861,西屯,C0F9T0,2018-08-09T13:00:00+08:00,111.0,294,1.6,32.0,0.62,992.5,-99,0.0,-99,-99,-99,臺中市,02,西屯區,125
24.182028,120.632861,西屯,C0F9T0,2018-08-09T14:00:00+08:00,111.0,324,2.4,31.9,0.63,991.9,-99,0.0,-99,-99,-99,臺中市,02,西屯區,125
24.182028,120.632861,西屯,C0F9T0,2018-08-09T15:00:00+08:00,111.0,298,2.8,32.1,0.6,991.4,-99,0.0,-99,-99,-99,臺中市,02,西屯區,125
24.182028,120.632861,西屯,C0F9T0,2018-08-09T16:00:00+08:00,111.0,330,2.6,31.8,0.58,991.1,-99,0.0,-99,-99,-99,臺中市,02,西屯區,125
24.182028,120.632861,西屯,C0F9T0,2018-08-09T17:00:00+08:00,111.0,315,2.6,31.6,0.59,990.8,-99,0.0,-99,-99,-99,臺中市,02,西屯區,125
24.182028,120.632861,西屯,C0F9T0,2018-08-09T18:00:00+08:00,111.0,327,2.8,30.6,0.62,990.8,-99,0.0,-99,-99,-99,臺中市,02,西屯區,125
24.182028,120.632861,西屯,C0F9T0,2018-08-09T19:00:00+08:00,111.0,320,1.3,29.9,0.71,991.2,-99,0.0,-99,-99,-99,臺中市,02,西屯區,125
24.182028,120.632861,西屯,C0F9T0,2018-08-09T20:00:00+08:00,111.0,296,1.0,29.6,0.74,992.0,-99,0.0,-99,-99,-99,臺中市,02,西屯區,125
24.182028,120.632861,西屯,C0F9T0,2018-08-09T21:00:00+08:00,111.0,179,1.4,29.9,0.7,992.5,-99,0.0,-99,-99,-99,臺中市,02,西屯區,125
24.182028,120.632861,西屯,C0F9T0,2018-08-09T22:00:00+08:00,111.0,213,1.6,29.2,0.75,993.0,-99,0.0,-99,-99,-99,臺中市,02,西屯區,125
24.182028,120.632861,西屯,C0F9T0,2018-08-09T23:00:00+08:00,111.0,158,1.1,28.6,0.77,993.0,-99,0.0,-99,-99,-99,臺中市,02,西屯區,125
24.182028,120.632861,西屯,C0F9T0,2018-08-10T00:00:00+08:00,111.0,210,1.9,28.4,0.76,993.0,-99,0.0,-99,-99,-99,臺中市,02,西屯區,125
24.182028,120.632861,西屯,C0F9T0,2018-08-10T01:00:00+08:00,111.0,210,0.5,28.2,0.76,992.8,-99,0.0,-99,-99,-99,臺中市,02,西屯區,125
24.182028,120.632861,西屯,C0F9T0,2018-08-10T02:00:00+08:00,111.0,173,0.6,28.1,0.77,992.4,-99,0.0,-99,-99,-99,臺中市,02,西屯區,125
24.182028,120.632861,西屯,C0F9T0,2018-08-10T03:00:00+08:00,111.0,206,1.1,28.0,0.77,991.8,-99,0.0,-99,-99,-99,臺中市,02,西屯區,125
24.182028,120.632861,西屯,C0F9T0,2018-08-10T04:00:00+08:00,111.0,289,0.4,27.8,0.78,991.5,-99,0.0,-99,-99,-99,臺中市,02,西屯區,125
24.182028,120.632861,西屯,C0F9T0,2018-08-10T05:00:00+08:00,111.0,337,0.8,27.7,0.78,991.3,-99,0.0,-99,-99,-99,臺中市,02,西屯區,125
24.182028,120.632861,西屯,C0F9T0,2018-08-10T06:00:00+08:00,111.0,337,1.2,27.6,0.79,991.5,-99,0.0,-99,-99,-99,臺中市,02,西屯區,125
24.182028,120.632861,西屯,C0F9T0,2018-08-10T07:00:00+08:00,111.0,334,0.8,28.0,0.78,992.2,-99,0.0,-99,-99,-99,臺中市,02,西屯區,125
24.182028,120.632861,西屯,C0F9T0,2018-08-10T08:00:00+08:00,111.0,36,0.6,29.0,0.73,992.3,-99,0.0,-99,-99,-99,臺中市,02,西屯區,125
24.182028,120.632861,西屯,C0F9T0,2018-08-10T09:00:00+08:00,111.0,309,1.0,29.2,0.71,992.5,-99,0.0,-99,-99,-99,臺中市,02,西屯區,125
24.182028,120.632861,西屯,C0F9T0,2018-08-10T10:00:00+08:00,111.0,278,0.6,30.8,0.65,992.5,-99,0.0,-99,-99,-99,臺中市,02,西屯區,125
24.182028,120.632861,西屯,C0F9T0,2018-08-10T11:00:00+08:00,111.0,304,1.3,32.2,0.58,992.2,-99,0.0,-99,-99,-99,臺中市,02,西屯區,125
24.182028,120.632861,西屯,C0F9T0,2018-08-10T12:00:00+08:00,111.0,298,3.6,31.4,0.63,992.0,-99,0.0,-99,-99,-99,臺中市,02,西屯區,125
24.182028,120.632861,西屯,C0F9T0,2018-08-10T13:00:00+08:00,111.0,340,2.4,31.8,0.61,991.0,-99,0.0,-99,-99,-99,臺中市,02,西屯區,125
24.182028,120.632861,西屯,C0F9T0,2018-08-10T14:00:00+08:00,111.0,299,2.6,32.1,0.6,990.4,-99,0.0,-99,-99,-99,臺中市,02,西屯區,125
24.182028,120.632861,西屯,C0F9T0,2018-08-10T15:00:00+08:00,111.0,322,2.1,32.3,0.57,989.6,-99,0.0,7.3,360,2018-08-10T14:51:00+08:00,臺中市,02,西屯區,125
24.182028,120.632861,西屯,C0F9T0,2018-08-10T16:00:00+08:00,111.0,331,3.1,32.0,0.59,989.2,-99,0.0,-99,-99,-99,臺中市,02,西屯區,125
24.182028,120.632861,西屯,C0F9T0,2018-08-10T17:00:00+08:00,111.0,327,2.7,31.1,0.61,988.9,-99,0.0,-99,-99,-99,臺中市,02,西屯區,125
24.182028,120.632861,西屯,C0F9T0,2018-08-10T18:00:00+08:00,111.0,330,3.0,30.4,0.62,989.3,-99,0.0,-99,-99,-99,臺中市,02,西屯區,125
24.182028,120.632861,西屯,C0F9T0,2018-08-10T19:00:00+08:00,111.0,336,2.4,29.5,0.7,989.4,-99,0.0,-99,-99,-99,臺中市,02,西屯區,125
24.182028,120.632861,西屯,C0F9T0,2018-08-10T20:00:00+08:00,111.0,339,1.1,29.1,0.74,990.1,-99,0.0,-99,-99,-99,臺中市,02,西屯區,125
24.182028,120.632861,西屯,C0F9T0,2018-08-10T21:00:00+08:00,111.0,290,1.2,29.2,0.71,990.8,-99,0.0,-99,-99,-99,臺中市,02,西屯區,125
24.182028,120.632861,西屯,C0F9T0,2018-08-10T22:00:00+08:00,111.0,273,0.9,29.7,0.67,991.2,-99,0.0,-99,-99,-99,臺中市,02,西屯區,125
24.182028,120.632861,西屯,C0F9T0,2018-08-10T23:00:00+08:00,111.0,208,1.2,29.0,0.74,991.2,-99,0.0,-99,-99,-99,臺中市,02,西屯區,125
24.182028,120.632861,西屯,C0F9T0,2018-08-11T00:00:00+08:00,111.0,285,0.4,28.5,0.77,990.9,-99,0.0,-99,-99,-99,臺中市,02,西屯區,125
24.182028,120.632861,西屯,C0F9T0,2018-08-11T01:00:00+08:00,111.0,304,0.9,28.4,0.76,990.1,-99,0.0,-99,-99,-99,臺中市,02,西屯區,125
24.182028,120.632861,西屯,C0F9T0,2018-08-11T02:00:00+08:00,111.0,181,0.8,28.8,0.7,989.9,-99,0.0,-99,-99,-99,臺中市,02,西屯區,125
24.182028,120.632861,西屯,C0F9T0,2018-08-11T03:00:00+08:00,111.0,262,0.5,28.1,0.76,989.3,-99,0.0,-99,-99,-99,臺中市,02,西屯區,125
24.182028,120.632861,西屯,C0F9T0,2018-08-11T04:00:00+08:00,111.0,309,1.0,27.5,0.8,988.9,-99,0.0,-99,-99,-99,臺中市,02,西屯區,125
24.182028,120.632861,西屯,C0F9T0,2018-08-11T05:00:00+08:00,111.0,306,0.6,27.6,0.79,988.9,-99,0.0,-99,-99,-99,臺中市,02,西屯區,125
24.182028,120.632861,西屯,C0F9T0,2018-08-11T06:00:00+08:00,111.0,329,0.6,27.2,0.82,989.2,-99,0.0,-99,-99,-99,臺中市,02,西屯區,125
24.182028,120.632861,西屯,C0F9T0,2018-08-11T07:00:00+08:00,111.0,312,1.2,27.8,0.79,989.0,-99,0.0,-99,-99,-99,臺中市,02,西屯區,125
24.182028,120.632861,西屯,C0F9T0,2018-08-11T08:00:00+08:00,111.0,325,1.2,28.3,0.76,989.2,-99,0.0,-99,-99,-99,臺中市,02,西屯區,125
24.182028,120.632861,西屯,C0F9T0,2018-08-11T09:00:00+08:00,111.0,323,2.1,29.5,0.67,989.0,-99,0.0,-99,-99,-99,臺中市,02,西屯區,125
24.182028,120.632861,西屯,C0F9T0,2018-08-11T10:00:00+08:00,111.0,328,1.3,30.7,0.6,989.1,-99,0.0,-99,-99,-99,臺中市,02,西屯區,125
24.182028,120.632861,西屯,C0F9T0,2018-08-11T11:00:00+08:00,111.0,293,3.0,31.1,0.64,989.0,-99,0.0,-99,-99,-99,臺中市,02,西屯區,125
24.182028,120.632861,西屯,C0F9T0,2018-08-11T13:00:00+08:00,111.0,303,2.6,31.8,0.64,987.9,-99,0.0,-99,-99,-99,臺中市,02,西屯區,125
24.182028,120.632861,西屯,C0F9T0,2018-08-11T14:00:00+08:00,111.0,329,3.5,31.5,0.63,987.3,-99,0.0,-99,-99,-99,臺中市,02,西屯區,125
24.182028,120.632861,西屯,C0F9T0,2018-08-11T15:00:00+08:00,111.0,310,2.9,31.3,0.64,987.1,-99,0.0,-99,-99,-99,臺中市,02,西屯區,125
24.182028,120.632861,西屯,C0F9T0,2018-08-11T16:00:00+08:00,111.0,345,2.6,30.9,0.66,986.7,-99,0.0,-99,-99,-99,臺中市,02,西屯區,125
24.182028,120.632861,西屯,C0F9T0,2018-08-11T17:00:00+08:00,111.0,345,1.7,30.8,0.63,986.0,-99,0.0,-99,-99,-99,臺中市,02,西屯區,125
24.182028,120.632861,西屯,C0F9T0,2018-08-11T18:00:00+08:00,111.0,343,1.8,30.5,0.67,986.0,-99,0.0,-99,-99,-99,臺中市,02,西屯區,125
24.182028,120.632861,西屯,C0F9T0,2018-08-11T19:00:00+08:00,111.0,315,1.6,30.0,0.67,986.4,-99,0.0,-99,-99,-99,臺中市,02,西屯區,125
24.182028,120.632861,西屯,C0F9T0,2018-08-11T20:00:00+08:00,111.0,336,1.7,29.6,0.71,987.0,-99,0.0,-99,-99,-99,臺中市,02,西屯區,125
24.182028,120.632861,西屯,C0F9T0,2018-08-11T21:00:00+08:00,111.0,307,1.1,29.0,0.75,987.2,-99,0.0,-99,-99,-99,臺中市,02,西屯區,125
24.182028,120.632861,西屯,C0F9T0,2018-08-11T22:00:00+08:00,111.0,304,1.5,28.8,0.76,987.4,-99,0.0,-99,-99,-99,臺中市,02,西屯區,125
24.182028,120.632861,西屯,C0F9T0,2018-08-11T23:00:00+08:00,111.0,317,0.5,28.6,0.77,986.5,-99,0.0,-99,-99,-99,臺中市,02,西屯區,125
24.182028,120.632861,西屯,C0F9T0,2018-08-12T00:00:00+08:00,111.0,292,1.2,28.9,0.75,986.1,-99,0.0,-99,-99,-99,臺中市,02,西屯區,125
24.182028,120.632861,西屯,C0F9T0,2018-08-12T01:00:00+08:00,111.0,232,0.4,28.6,0.76,986.2,-99,0.0,-99,-99,-99,臺中市,02,西屯區,125
24.182028,120.632861,西屯,C0F9T0,2018-08-12T02:00:00+08:00,111.0,316,0.5,28.1,0.79,985.8,-99,0.0,-99,-99,-99,臺中市,02,西屯區,125
24.182028,120.632861,西屯,C0F9T0,2018-08-12T03:00:00+08:00,111.0,60,0.9,28.3,0.76,985.1,-99,0.0,-99,-99,-99,臺中市,02,西屯區,125
24.182028,120.632861,西屯,C0F9T0,2018-08-12T04:00:00+08:00,111.0,168,1.5,28.2,0.77,985.2,-99,0.0,-99,-99,-99,臺中市,02,西屯區,125
24.182028,120.632861,西屯,C0F9T0,2018-08-12T06:00:00+08:00,111.0,301,1.1,27.7,0.78,985.5,-99,0.0,-99,-99,-99,臺中市,02,西屯區,125
24.182028,120.632861,西屯,C0F9T0,2018-08-12T07:00:00+08:00,111.0,229,0.6,28.0,0.77,985.9,-99,0.0,-99,-99,-99,臺中市,02,西屯區,125
24.182028,120.632861,西屯,C0F9T0,2018-08-12T08:00:00+08:00,111.0,185,0.7,29.1,0.72,986.0,-99,0.0,-99,-99,-99,臺中市,02,西屯區,125
24.182028,120.632861,西屯,C0F9T0,2018-08-12T09:00:00+08:00,111.0,140,1.8,29.8,0.67,985.7,-99,0.0,-99,-99,-99,臺中市,02,西屯區,125
24.182028,120.632861,西屯,C0F9T0,2018-08-12T10:00:00+08:00,111.0,177,0.6,30.8,0.64,985.8,-99,0.0,-99,-99,-99,臺中市,02,西屯區,125
24.182028,120.632861,西屯,C0F9T0,2018-08-12T11:00:00+08:00,111.0,293,1.5,30.7,0.65,985.7,-99,0.0,-99,-99,-99,臺中市,02,西屯區,125
24.182028,120.632861,西屯,C0F9T0,2018-08-12T12:00:00+08:00,111.0,314,2.2,30.5,0.69,984.8,-99,0.0,-99,-99,-99,臺中市,02,西屯區,125
24.182028,120.632861,西屯,C0F9T0,2018-08-12T13:00:00+08:00,111.0,305,1.2,31.4,0.66,983.9,-99,0.0,-99,-99,-99,臺中市,02,西屯區,125
24.182028,120.632861,西屯,C0F9T0,2018-08-12T14:00:00+08:00,111.0,316,2.9,32.1,0.61,983.2,-99,0.0,-99,-99,-99,臺中市,02,西屯區,125
24.182028,120.632861,西屯,C0F9T0,2018-08-12T15:00:00+08:00,111.0,320,3.6,32.1,0.62,982.5,-99,0.0,-99,-99,-99,臺中市,02,西屯區,125
24.182028,120.632861,西屯,C0F9T0,2018-08-12T16:00:00+08:00,111.0,310,1.8,32.4,0.6,982.1,-99,0.0,-99,-99,-99,臺中市,02,西屯區,125
24.182028,120.632861,西屯,C0F9T0,2018-08-12T17:00:00+08:00,111.0,316,1.8,30.8,0.67,982.3,-99,0.0,-99,-99,-99,臺中市,02,西屯區,125
24.182028,120.632861,西屯,C0F9T0,2018-08-12T18:00:00+08:00,111.0,341,2.4,30.3,0.72,982.6,-99,0.0,-99,-99,-99,臺中市,02,西屯區,125
24.182028,120.632861,西屯,C0F9T0,2018-08-12T19:00:00+08:00,111.0,311,1.9,29.8,0.76,983.0,-99,0.0,-99,-99,-99,臺中市,02,西屯區,125
24.182028,120.632861,西屯,C0F9T0,2018-08-12T20:00:00+08:00,111.0,303,1.2,29.8,0.76,983.5,-99,0.0,-99,-99,-99,臺中市,02,西屯區,125
24.182028,120.632861,西屯,C0F9T0,2018-08-12T21:00:00+08:00,111.0,314,0.4,30.1,0.75,984.2,-99,0.0,-99,-99,-99,臺中市,02,西屯區,125
24.182028,120.632861,西屯,C0F9T0,2018-08-12T22:00:00+08:00,111.0,218,1.1,30.0,0.75,984.8,-99,0.0,-99,-99,-99,臺中市,02,西屯區,125
24.182028,120.632861,西屯,C0F9T0,2018-08-12T23:00:00+08:00,111.0,213,2.3,29.3,0.77,984.8,-99,0.0,-99,-99,-99,臺中市,02,西屯區,125
24.182028,120.632861,西屯,C0F9T0,2018-08-13T00:00:00+08:00,111.0,194,1.3,29.3,0.79,984.8,-99,0.0,-99,-99,-99,臺中市,02,西屯區,125
24.182028,120.632861,西屯,C0F9T0,2018-08-13T01:00:00+08:00,111.0,207,2.4,28.7,0.83,984.7,-99,0.0,-99,-99,-99,臺中市,02,西屯區,125
24.182028,120.632861,西屯,C0F9T0,2018-08-13T02:00:00+08:00,111.0,194,1.8,28.7,0.78,984.9,-99,0.0,-99,-99,-99,臺中市,02,西屯區,125
24.182028,120.632861,西屯,C0F9T0,2018-08-13T03:00:00+08:00,111.0,206,0.5,29.1,0.72,984.9,-99,0.0,-99,-99,-99,臺中市,02,西屯區,125
24.182028,120.632861,西屯,C0F9T0,2018-08-13T04:00:00+08:00,111.0,245,0.6,29.1,0.72,985.2,-99,0.0,-99,-99,-99,臺中市,02,西屯區,125
24.182028,120.632861,西屯,C0F9T0,2018-08-13T05:00:00+08:00,111.0,0,0.0,28.8,0.72,985.2,-99,0.0,-99,-99,-99,臺中市,02,西屯區,125
24.182028,120.632861,西屯,C0F9T0,2018-08-13T06:00:00+08:00,111.0,253,0.5,28.6,0.75,985.8,-99,0.0,-99,-99,-99,臺中市,02,西屯區,125
24.182028,120.632861,西屯,C0F9T0,2018-08-13T07:00:00+08:00,111.0,0,0.0,29.4,0.72,986.2,-99,0.0,-99,-99,-99,臺中市,02,西屯區,125
24.182028,120.632861,西屯,C0F9T0,2018-08-13T08:00:00+08:00,111.0,49,1.1,30.2,0.68,986.2,-99,0.0,-99,-99,-99,臺中市,02,西屯區,125
24.182028,120.632861,西屯,C0F9T0,2018-08-13T09:00:00+08:00,111.0,278,1.2,30.5,0.66,986.4,-99,0.0,-99,-99,-99,臺中市,02,西屯區,125
24.182028,120.632861,西屯,C0F9T0,2018-08-13T10:00:00+08:00,111.0,283,0.9,31.4,0.61,986.4,-99,0.0,-99,-99,-99,臺中市,02,西屯區,125
24.182028,120.632861,西屯,C0F9T0,2018-08-13T11:00:00+08:00,111.0,299,2.6,31.6,0.64,986.2,-99,0.0,-99,-99,-99,臺中市,02,西屯區,125
24.182028,120.632861,西屯,C0F9T0,2018-08-13T12:00:00+08:00,111.0,310,2.0,31.7,0.66,986.0,-99,0.0,-99,-99,-99,臺中市,02,西屯區,125
24.182028,120.632861,西屯,C0F9T0,2018-08-13T13:00:00+08:00,111.0,324,1.7,32.2,0.64,985.4,-99,0.0,-99,-99,-99,臺中市,02,西屯區,125
24.182028,120.632861,西屯,C0F9T0,2018-08-13T14:00:00+08:00,111.0,303,2.5,31.1,0.69,985.4,-99,0.0,-99,-99,-99,臺中市,02,西屯區,125
24.182028,120.632861,西屯,C0F9T0,2018-08-13T15:00:00+08:00,111.0,303,1.8,29.4,0.8,985.3,-99,0.0,-99,-99,-99,臺中市,02,西屯區,125
24.182028,120.632861,西屯,C0F9T0,2018-08-13T16:00:00+08:00,111.0,287,2.0,29.1,0.81,985.7,-99,1.0,-99,-99,-99,臺中市,02,西屯區,125
24.182028,120.632861,西屯,C0F9T0,2018-08-13T17:00:00+08:00,111.0,125,0.9,25.5,0.95,986.8,-99,61.0,7.7,132,2018-08-13T16:33:00+08:00,臺中市,02,西屯區,125
24.182028,120.632861,西屯,C0F9T0,2018-08-13T18:00:00+08:00,111.0,91,1.5,25.5,0.98,986.8,-99,70.5,-99,-99,-99,臺中市,02,西屯區,125
24.182028,120.632861,西屯,C0F9T0,2018-08-13T19:00:00+08:00,111.0,97,1.2,25.8,0.96,986.9,-99,71.0,-99,-99,-99,臺中市,02,西屯區,125
24.182028,120.632861,西屯,C0F9T0,2018-08-13T20:00:00+08:00,111.0,131,0.5,26.6,0.91,986.8,-99,71.5,-99,-99,-99,臺中市,02,西屯區,125
24.182028,120.632861,西屯,C0F9T0,2018-08-13T21:00:00+08:00,111.0,131,0.4,26.9,0.87,987.1,-99,71.5,-99,-99,-99,臺中市,02,西屯區,125
24.182028,120.632861,西屯,C0F9T0,2018-08-13T22:00:00+08:00,111.0,119,0.4,27.0,0.89,987.4,-99,71.5,-99,-99,-99,臺中市,02,西屯區,125
24.182028,120.632861,西屯,C0F9T0,2018-08-13T23:00:00+08:00,111.0,289,0.3,26.7,0.9,987.7,-99,71.5,-99,-99,-99,臺中市,02,西屯區,125
24.182028,120.632861,西屯,C0F9T0,2018-08-14T00:00:00+08:00,111.0,0,0.1,26.6,0.92,987.4,-99,71.5,-99,-99,-99,臺中市,02,西屯區,125
24.182028,120.632861,西屯,C0F9T0,2018-08-14T02:00:00+08:00,111.0,0,0.0,26.0,0.92,986.8,-99,0.0,-99,-99,-99,臺中市,02,西屯區,125
24.182028,120.632861,西屯,C0F9T0,2018-08-14T03:00:00+08:00,111.0,0,0.0,26.3,0.89,986.7,-99,0.0,-99,-99,-99,臺中市,02,西屯區,125
24.182028,120.632861,西屯,C0F9T0,2018-08-14T04:00:00+08:00,111.0,0,0.2,26.5,0.85,986.6,-99,0.0,-99,-99,-99,臺中市,02,西屯區,125
24.182028,120.632861,西屯,C0F9T0,2018-08-14T05:00:00+08:00,111.0,0,0.2,26.9,0.81,986.6,-99,0.0,-99,-99,-99,臺中市,02,西屯區,125
24.182028,120.632861,西屯,C0F9T0,2018-08-14T06:00:00+08:00,111.0,298,0.8,25.7,0.92,987.2,-99,0.0,-99,-99,-99,臺中市,02,西屯區,125
24.182028,120.632861,西屯,C0F9T0,2018-08-14T07:00:00+08:00,111.0,319,0.5,26.5,0.89,987.3,-99,0.0,-99,-99,-99,臺中市,02,西屯區,125
24.182028,120.632861,西屯,C0F9T0,2018-08-14T08:00:00+08:00,111.0,121,0.8,29.3,0.7,987.1,-99,0.0,-99,-99,-99,臺中市,02,西屯區,125
24.182028,120.632861,西屯,C0F9T0,2018-08-14T09:00:00+08:00,111.0,321,0.8,30.8,0.62,987.3,-99,0.0,-99,-99,-99,臺中市,02,西屯區,125
24.182028,120.632861,西屯,C0F9T0,2018-08-14T10:00:00+08:00,111.0,212,1.2,31.6,0.56,987.3,-99,0.0,-99,-99,-99,臺中市,02,西屯區,125
24.182028,120.632861,西屯,C0F9T0,2018-08-14T11:00:00+08:00,111.0,209,1.3,31.6,0.59,987.3,-99,0.0,-99,-99,-99,臺中市,02,西屯區,125
24.182028,120.632861,西屯,C0F9T0,2018-08-14T13:00:00+08:00,111.0,310,2.0,32.3,0.6,986.4,-99,0.0,-99,-99,-99,臺中市,02,西屯區,125
24.182028,120.632861,西屯,C0F9T0,2018-08-14T14:00:00+08:00,111.0,343,3.7,30.0,0.73,986.4,-99,0.0,-99,-99,-99,臺中市,02,西屯區,125
24.182028,120.632861,西屯,C0F9T0,2018-08-14T15:00:00+08:00,111.0,322,1.4,28.9,0.82,986.1,-99,0.0,-99,-99,-99,臺中市,02,西屯區,125
24.182028,120.632861,西屯,C0F9T0,2018-08-14T16:00:00+08:00,111.0,9,1.0,28.4,0.8,986.3,-99,0.0,-99,-99,-99,臺中市,02,西屯區,125
24.182028,120.632861,西屯,C0F9T0,2018-08-14T17:00:00+08:00,111.0,176,1.7,27.6,0.85,986.6,-99,0.5,-99,-99,-99,臺中市,02,西屯區,125
24.182028,120.632861,西屯,C0F9T0,2018-08-14T19:00:00+08:00,111.0,158,2.1,26.1,0.9,987.6,-99,2.0,-99,-99,-99,臺中市,02,西屯區,125
24.182028,120.632861,西屯,C0F9T0,2018-08-14T20:00:00+08:00,111.0,158,1.3,26.4,0.89,988.0,-99,2.0,-99,-99,-99,臺中市,02,西屯區,125
24.182028,120.632861,西屯,C0F9T0,2018-08-14T21:00:00+08:00,111.0,190,1.2,26.4,0.87,988.1,-99,2.0,-99,-99,-99,臺中市,02,西屯區,125
24.182028,120.632861,西屯,C0F9T0,2018-08-14T22:00:00+08:00,111.0,172,0.9,26.4,0.86,988.4,-99,2.0,-99,-99,-99,臺中市,02,西屯區,125
24.182028,120.632861,西屯,C0F9T0,2018-08-14T23:00:00+08:00,111.0,204,1.8,26.2,0.88,988.3,-99,2.0,-99,-99,-99,臺中市,02,西屯區,125
24.182028,120.632861,西屯,C0F9T0,2018-08-15T00:00:00+08:00,111.0,202,0.8,26.5,0.84,987.8,-99,2.0,-99,-99,-99,臺中市,02,西屯區,125
24.182028,120.632861,西屯,C0F9T0,2018-08-15T01:00:00+08:00,111.0,208,0.7,26.4,0.84,987.6,-99,0.0,-99,-99,-99,臺中市,02,西屯區,125
24.182028,120.632861,西屯,C0F9T0,2018-08-15T02:00:00+08:00,111.0,158,1.6,26.1,0.88,987.5,-99,0.0,-99,-99,-99,臺中市,02,西屯區,125
24.182028,120.632861,西屯,C0F9T0,2018-08-15T03:00:00+08:00,111.0,299,0.8,25.7,0.9,987.7,-99,0.0,-99,-99,-99,臺中市,02,西屯區,125
24.182028,120.632861,西屯,C0F9T0,2018-08-15T04:00:00+08:00,111.0,313,0.9,25.5,0.92,987.7,-99,0.0,-99,-99,-99,臺中市,02,西屯區,125
24.182028,120.632861,西屯,C0F9T0,2018-08-15T05:00:00+08:00,111.0,296,0.7,25.5,0.93,988.2,-99,0.0,-99,-99,-99,臺中市,02,西屯區,125
24.182028,120.632861,西屯,C0F9T0,2018-08-15T06:00:00+08:00,111.0,0,0.2,25.7,0.92,988.2,-99,0.0,-99,-99,-99,臺中市,02,西屯區,125
24.182028,120.632861,西屯,C0F9T0,2018-08-15T07:00:00+08:00,111.0,212,0.9,26.7,0.84,988.3,-99,0.0,-99,-99,-99,臺中市,02,西屯區,125
24.182028,120.632861,西屯,C0F9T0,2018-08-15T08:00:00+08:00,111.0,170,0.7,28.0,0.75,988.5,-99,0.0,-99,-99,-99,臺中市,02,西屯區,125
24.182028,120.632861,西屯,C0F9T0,2018-08-15T09:00:00+08:00,111.0,205,1.7,28.3,0.75,989.5,-99,0.0,-99,-99,-99,臺中市,02,西屯區,125
24.182028,120.632861,西屯,C0F9T0,2018-08-15T10:00:00+08:00,111.0,192,2.0,28.6,0.76,990.1,-99,0.0,-99,-99,-99,臺中市,02,西屯區,125
24.182028,120.632861,西屯,C0F9T0,2018-08-15T11:00:00+08:00,111.0,180,1.8,29.0,0.76,989.9,-99,0.0,-99,-99,-99,臺中市,02,西屯區,125
24.182028,120.632861,西屯,C0F9T0,2018-08-15T12:00:00+08:00,111.0,211,1.7,29.5,0.74,989.6,-99,0.0,-99,-99,-99,臺中市,02,西屯區,125
24.182028,120.632861,西屯,C0F9T0,2018-08-15T13:00:00+08:00,111.0,198,2.7,29.8,0.74,989.3,-99,0.0,-99,-99,-99,臺中市,02,西屯區,125
24.182028,120.632861,西屯,C0F9T0,2018-08-15T14:00:00+08:00,111.0,204,1.9,29.0,0.77,989.1,-99,0.0,-99,-99,-99,臺中市,02,西屯區,125
24.182028,120.632861,西屯,C0F9T0,2018-08-15T15:00:00+08:00,111.0,191,1.4,29.3,0.75,988.7,-99,0.0,-99,-99,-99,臺中市,02,西屯區,125
24.182028,120.632861,西屯,C0F9T0,2018-08-15T16:00:00+08:00,111.0,187,1.3,30.0,0.7,988.6,-99,0.0,-99,-99,-99,臺中市,02,西屯區,125
24.182028,120.632861,西屯,C0F9T0,2018-08-15T17:00:00+08:00,111.0,192,1.4,30.0,0.68,989.1,-99,0.0,-99,-99,-99,臺中市,02,西屯區,125
24.182028,120.632861,西屯,C0F9T0,2018-08-15T18:00:00+08:00,111.0,173,1.1,29.5,0.7,989.7,-99,0.0,-99,-99,-99,臺中市,02,西屯區,125
24.182028,120.632861,西屯,C0F9T0,2018-08-15T19:00:00+08:00,111.0,164,1.2,29.2,0.71,989.8,-99,0.0,-99,-99,-99,臺中市,02,西屯區,125
24.182028,120.632861,西屯,C0F9T0,2018-08-15T20:00:00+08:00,111.0,153,1.3,28.8,0.7,989.4,-99,0.0,-99,-99,-99,臺中市,02,西屯區,125
24.182028,120.632861,西屯,C0F9T0,2018-08-15T21:00:00+08:00,111.0,184,0.5,28.6,0.71,989.4,-99,0.0,-99,-99,-99,臺中市,02,西屯區,125
24.182028,120.632861,西屯,C0F9T0,2018-08-15T22:00:00+08:00,111.0,234,0.6,27.5,0.8,990.1,-99,0.0,-99,-99,-99,臺中市,02,西屯區,125
24.182028,120.632861,西屯,C0F9T0,2018-08-15T23:00:00+08:00,111.0,214,0.4,28.0,0.76,990.0,-99,0.0,-99,-99,-99,臺中市,02,西屯區,125
24.182028,120.632861,西屯,C0F9T0,2018-08-16T00:00:00+08:00,111.0,189,0.7,27.9,0.77,990.0,-99,0.0,-99,-99,-99,臺中市,02,西屯區,125
24.182028,120.632861,西屯,C0F9T0,2018-08-16T01:00:00+08:00,111.0,213,0.9,27.7,0.76,989.8,-99,0.0,-99,-99,-99,臺中市,02,西屯區,125
24.182028,120.632861,西屯,C0F9T0,2018-08-16T02:00:00+08:00,111.0,161,0.3,27.5,0.75,988.5,-99,0.0,-99,-99,-99,臺中市,02,西屯區,125
24.182028,120.632861,西屯,C0F9T0,2018-08-16T03:00:00+08:00,111.0,301,0.4,26.5,0.84,988.7,-99,0.0,-99,-99,-99,臺中市,02,西屯區,125
24.182028,120.632861,西屯,C0F9T0,2018-08-16T04:00:00+08:00,111.0,0,0.2,26.4,0.86,988.7,-99,0.0,-99,-99,-99,臺中市,02,西屯區,125
24.182028,120.632861,西屯,C0F9T0,2018-08-16T05:00:00+08:00,111.0,150,1.1,27.0,0.79,988.3,-99,0.0,-99,-99,-99,臺中市,02,西屯區,125
24.182028,120.632861,西屯,C0F9T0,2018-08-16T06:00:00+08:00,111.0,304,0.4,26.1,0.85,988.7,-99,0.0,-99,-99,-99,臺中市,02,西屯區,125
24.182028,120.632861,西屯,C0F9T0,2018-08-16T07:00:00+08:00,111.0,305,0.6,26.6,0.84,989.2,-99,0.0,-99,-99,-99,臺中市,02,西屯區,125
24.182028,120.632861,西屯,C0F9T0,2018-08-16T08:00:00+08:00,111.0,149,2.4,28.5,0.71,989.7,-99,0.0,-99,-99,-99,臺中市,02,西屯區,125
24.182028,120.632861,西屯,C0F9T0,2018-08-16T09:00:00+08:00,111.0,160,1.1,29.6,0.68,989.8,-99,0.0,-99,-99,-99,臺中市,02,西屯區,125
24.182028,120.632861,西屯,C0F9T0,2018-08-16T10:00:00+08:00,111.0,185,1.3,30.1,0.67,990.0,-99,0.0,-99,-99,-99,臺中市,02,西屯區,125
24.182028,120.632861,西屯,C0F9T0,2018-08-16T11:00:00+08:00,111.0,186,1.3,30.6,0.65,989.5,-99,0.0,-99,-99,-99,臺中市,02,西屯區,125
24.182028,120.632861,西屯,C0F9T0,2018-08-16T12:00:00+08:00,111.0,316,1.6,26.9,0.89,989.2,-99,2.5,-99,-99,-99,臺中市,02,西屯區,125
24.182028,120.632861,西屯,C0F9T0,2018-08-16T13:00:00+08:00,111.0,324,0.6,27.0,0.91,988.4,-99,4.5,-99,-99,-99,臺中市,02,西屯區,125
24.182028,120.632861,西屯,C0F9T0,2018-08-16T14:00:00+08:00,111.0,147,0.4,28.9,0.87,987.5,-99,5.0,-99,-99,-99,臺中市,02,西屯區,125
24.182028,120.632861,西屯,C0F9T0,2018-08-16T15:00:00+08:00,111.0,240,0.9,31.2,0.71,987.0,-99,5.0,-99,-99,-99,臺中市,02,西屯區,125
24.182028,120.632861,西屯,C0F9T0,2018-08-16T16:00:00+08:00,111.0,262,1.8,30.9,0.71,987.1,-99,5.0,-99,-99,-99,臺中市,02,西屯區,125
24.182028,120.632861,西屯,C0F9T0,2018-08-16T17:00:00+08:00,111.0,257,1.0,30.8,0.72,987.1,-99,5.0,-99,-99,-99,臺中市,02,西屯區,125
24.182028,120.632861,西屯,C0F9T0,2018-08-16T18:00:00+08:00,111.0,259,1.2,30.0,0.72,987.6,-99,5.0,-99,-99,-99,臺中市,02,西屯區,125
24.182028,120.632861,西屯,C0F9T0,2018-08-16T19:00:00+08:00,111.0,239,0.8,29.4,0.76,988.2,-99,5.0,-99,-99,-99,臺中市,02,西屯區,125
24.182028,120.632861,西屯,C0F9T0,2018-08-16T20:00:00+08:00,111.0,206,2.7,29.2,0.76,988.9,-99,5.0,-99,-99,-99,臺中市,02,西屯區,125
24.182028,120.632861,西屯,C0F9T0,2018-08-16T21:00:00+08:00,111.0,202,1.2,28.9,0.8,989.2,-99,5.0,-99,-99,-99,臺中市,02,西屯區,125
24.182028,120.632861,西屯,C0F9T0,2018-08-16T22:00:00+08:00,111.0,158,2.0,28.8,0.8,989.6,-99,5.0,-99,-99,-99,臺中市,02,西屯區,125
24.182028,120.632861,西屯,C0F9T0,2018-08-16T23:00:00+08:00,111.0,166,2.4,28.6,0.77,989.1,-99,5.0,-99,-99,-99,臺中市,02,西屯區,125
24.182028,120.632861,西屯,C0F9T0,2018-08-17T00:00:00+08:00,111.0,159,1.9,28.4,0.77,988.2,-99,5.0,-99,-99,-99,臺中市,02,西屯區,125
24.182028,120.632861,西屯,C0F9T0,2018-08-17T01:00:00+08:00,111.0,203,0.9,28.0,0.78,987.9,-99,0.0,-99,-99,-99,臺中市,02,西屯區,125
24.182028,120.632861,西屯,C0F9T0,2018-08-17T02:00:00+08:00,111.0,186,0.6,27.6,0.78,987.7,-99,0.0,-99,-99,-99,臺中市,02,西屯區,125
24.182028,120.632861,西屯,C0F9T0,2018-08-17T03:00:00+08:00,111.0,162,1.9,27.7,0.75,987.6,-99,0.0,-99,-99,-99,臺中市,02,西屯區,125
24.182028,120.632861,西屯,C0F9T0,2018-08-17T04:00:00+08:00,111.0,261,0.4,27.1,0.79,987.5,-99,0.0,-99,-99,-99,臺中市,02,西屯區,125
24.182028,120.632861,西屯,C0F9T0,2018-08-17T05:00:00+08:00,111.0,223,0.4,26.9,0.81,987.5,-99,0.0,-99,-99,-99,臺中市,02,西屯區,125
24.182028,120.632861,西屯,C0F9T0,2018-08-17T06:00:00+08:00,111.0,0,0.2,26.9,0.82,987.6,-99,0.0,-99,-99,-99,臺中市,02,西屯區,125
24.182028,120.632861,西屯,C0F9T0,2018-08-17T07:00:00+08:00,111.0,178,0.9,27.6,0.77,988.0,-99,0.0,-99,-99,-99,臺中市,02,西屯區,125
24.182028,120.632861,西屯,C0F9T0,2018-08-17T08:00:00+08:00,111.0,195,1.7,28.5,0.72,988.0,-99,0.0,-99,-99,-99,臺中市,02,西屯區,125
24.182028,120.632861,西屯,C0F9T0,2018-08-17T09:00:00+08:00,111.0,191,2.1,29.9,0.64,987.9,-99,0.0,-99,-99,-99,臺中市,02,西屯區,125
24.182028,120.632861,西屯,C0F9T0,2018-08-17T10:00:00+08:00,111.0,211,1.9,30.7,0.66,987.9,-99,0.0,-99,-99,-99,臺中市,02,西屯區,125
24.182028,120.632861,西屯,C0F9T0,2018-08-17T11:00:00+08:00,111.0,205,3.0,31.8,0.61,987.8,-99,0.0,-99,-99,-99,臺中市,02,西屯區,125
24.182028,120.632861,西屯,C0F9T0,2018-08-17T12:00:00+08:00,111.0,195,1.3,32.6,0.59,987.3,-99,0.0,6.9,212,2018-08-17T11:12:00+08:00,臺中市,02,西屯區,125
24.182028,120.632861,西屯,C0F9T0,2018-08-17T13:00:00+08:00,111.0,207,3.3,32.0,0.6,987.0,-99,0.0,-99,-99,-99,臺中市,02,西屯區,125
24.182028,120.632861,西屯,C0F9T0,2018-08-17T14:00:00+08:00,111.0,215,2.6,32.2,0.64,986.3,-99,0.0,-99,-99,-99,臺中市,02,西屯區,125
24.182028,120.632861,西屯,C0F9T0,2018-08-17T15:00:00+08:00,111.0,243,1.8,32.9,0.58,986.1,-99,0.0,7.5,201,2018-08-17T14:25:00+08:00,臺中市,02,西屯區,125
24.182028,120.632861,西屯,C0F9T0,2018-08-17T16:00:00+08:00,111.0,256,1.5,31.6,0.67,986.1,-99,0.0,7.0,208,2018-08-17T15:36:00+08:00,臺中市,02,西屯區,125
24.182028,120.632861,西屯,C0F9T0,2018-08-17T17:00:00+08:00,111.0,212,2.2,31.5,0.62,986.4,-99,0.0,7.6,182,2018-08-17T16:05:00+08:00,臺中市,02,西屯區,125
24.182028,120.632861,西屯,C0F9T0,2018-08-17T18:00:00+08:00,111.0,205,2.3,30.7,0.68,987.1,-99,0.0,-99,-99,-99,臺中市,02,西屯區,125
24.182028,120.632861,西屯,C0F9T0,2018-08-17T19:00:00+08:00,111.0,205,2.3,30.1,0.7,987.7,-99,0.0,-99,-99,-99,臺中市,02,西屯區,125
24.182028,120.632861,西屯,C0F9T0,2018-08-17T20:00:00+08:00,111.0,204,1.5,30.1,0.7,988.4,-99,0.0,-99,-99,-99,臺中市,02,西屯區,125
24.182028,120.632861,西屯,C0F9T0,2018-08-17T21:00:00+08:00,111.0,190,1.1,30.2,0.7,988.7,-99,0.0,-99,-99,-99,臺中市,02,西屯區,125
24.182028,120.632861,西屯,C0F9T0,2018-08-17T22:00:00+08:00,111.0,240,1.4,29.3,0.75,989.2,-99,0.0,-99,-99,-99,臺中市,02,西屯區,125
24.182028,120.632861,西屯,C0F9T0,2018-08-17T23:00:00+08:00,111.0,209,1.3,28.9,0.76,989.1,-99,0.0,-99,-99,-99,臺中市,02,西屯區,125
24.182028,120.632861,西屯,C0F9T0,2018-08-18T00:00:00+08:00,111.0,201,1.4,28.7,0.76,989.1,-99,0.0,-99,-99,-99,臺中市,02,西屯區,125
24.182028,120.632861,西屯,C0F9T0,2018-08-18T01:00:00+08:00,111.0,189,0.7,28.5,0.77,989.2,-99,0.0,-99,-99,-99,臺中市,02,西屯區,125
24.182028,120.632861,西屯,C0F9T0,2018-08-18T02:00:00+08:00,111.0,139,1.1,28.5,0.76,988.8,-99,0.0,-99,-99,-99,臺中市,02,西屯區,125
24.182028,120.632861,西屯,C0F9T0,2018-08-18T03:00:00+08:00,111.0,172,1.2,28.4,0.75,988.8,-99,0.0,-99,-99,-99,臺中市,02,西屯區,125
24.182028,120.632861,西屯,C0F9T0,2018-08-18T04:00:00+08:00,111.0,159,1.6,28.4,0.76,988.7,-99,0.0,-99,-99,-99,臺中市,02,西屯區,125
24.182028,120.632861,西屯,C0F9T0,2018-08-18T05:00:00+08:00,111.0,242,0.5,28.2,0.77,988.6,-99,0.0,-99,-99,-99,臺中市,02,西屯區,125
24.182028,120.632861,西屯,C0F9T0,2018-08-18T06:00:00+08:00,111.0,213,1.3,27.6,0.8,989.0,-99,0.0,-99,-99,-99,臺中市,02,西屯區,125
24.182028,120.632861,西屯,C0F9T0,2018-08-18T07:00:00+08:00,111.0,159,1.2,28.8,0.73,989.6,-99,0.0,-99,-99,-99,臺中市,02,西屯區,125
24.182028,120.632861,西屯,C0F9T0,2018-08-18T08:00:00+08:00,111.0,181,1.4,29.9,0.69,990.0,-99,0.0,-99,-99,-99,臺中市,02,西屯區,125
24.182028,120.632861,西屯,C0F9T0,2018-08-18T09:00:00+08:00,111.0,182,2.4,30.2,0.65,990.3,-99,0.0,-99,-99,-99,臺中市,02,西屯區,125
24.182028,120.632861,西屯,C0F9T0,2018-08-18T10:00:00+08:00,111.0,212,2.0,30.9,0.62,990.4,-99,0.0,-99,-99,-99,臺中市,02,西屯區,125
24.182028,120.632861,西屯,C0F9T0,2018-08-18T11:00:00+08:00,111.0,265,1.4,31.5,0.62,990.0,-99,0.0,-99,-99,-99,臺中市,02,西屯區,125
24.182028,120.632861,西屯,C0F9T0,2018-08-18T12:00:00+08:00,111.0,295,2.3,30.5,0.7,989.7,-99,0.0,-99,-99,-99,臺中市,02,西屯區,125
24.182028,120.632861,西屯,C0F9T0,2018-08-18T13:00:00+08:00,111.0,282,1.8,30.9,0.68,989.2,-99,0.0,-99,-99,-99,臺中市,02,西屯區,125
24.182028,120.632861,西屯,C0F9T0,2018-08-18T14:00:00+08:00,111.0,302,2.1,30.7,0.7,988.8,-99,0.0,-99,-99,-99,臺中市,02,西屯區,125
24.182028,120.632861,西屯,C0F9T0,2018-08-18T15:00:00+08:00,111.0,240,1.8,30.5,0.66,988.7,-99,0.0,-99,-99,-99,臺中市,02,西屯區,125
24.182028,120.632861,西屯,C0F9T0,2018-08-18T16:00:00+08:00,111.0,138,1.3,27.1,0.89,988.7,-99,0.5,-99,-99,-99,臺中市,02,西屯區,125
24.182028,120.632861,西屯,C0F9T0,2018-08-18T17:00:00+08:00,111.0,78,1.7,27.0,0.88,988.9,-99,1.0,-99,-99,-99,臺中市,02,西屯區,125
24.182028,120.632861,西屯,C0F9T0,2018-08-18T19:00:00+08:00,111.0,331,1.0,26.8,0.9,989.7,-99,1.5,-99,-99,-99,臺中市,02,西屯區,125
24.182028,120.632861,西屯,C0F9T0,2018-08-18T20:00:00+08:00,111.0,36,2.1,26.2,0.93,990.4,-99,3.0,-99,-99,-99,臺中市,02,西屯區,125
24.182028,120.632861,西屯,C0F9T0,2018-08-18T21:00:00+08:00,111.0,53,0.8,26.5,0.94,991.0,-99,5.5,-99,-99,-99,臺中市,02,西屯區,125
24.182028,120.632861,西屯,C0F9T0,2018-08-18T22:00:00+08:00,111.0,320,0.9,26.7,0.95,991.0,-99,5.5,-99,-99,-99,臺中市,02,西屯區,125
24.182028,120.632861,西屯,C0F9T0,2018-08-18T23:00:00+08:00,111.0,168,0.5,27.4,0.86,991.0,-99,5.5,-99,-99,-99,臺中市,02,西屯區,125
24.182028,120.632861,西屯,C0F9T0,2018-08-19T00:00:00+08:00,111.0,158,1.3,27.3,0.85,991.0,-99,5.5,-99,-99,-99,臺中市,02,西屯區,125
24.182028,120.632861,西屯,C0F9T0,2018-08-19T01:00:00+08:00,111.0,205,0.9,27.0,0.85,990.5,-99,0.0,-99,-99,-99,臺中市,02,西屯區,125
24.182028,120.632861,西屯,C0F9T0,2018-08-19T02:00:00+08:00,111.0,199,0.8,26.9,0.86,990.3,-99,0.0,-99,-99,-99,臺中市,02,西屯區,125
24.182028,120.632861,西屯,C0F9T0,2018-08-19T03:00:00+08:00,111.0,287,0.3,26.9,0.85,989.9,-99,0.0,-99,-99,-99,臺中市,02,西屯區,125
24.182028,120.632861,西屯,C0F9T0,2018-08-19T04:00:00+08:00,111.0,0,0.2,26.6,0.86,990.3,-99,0.0,-99,-99,-99,臺中市,02,西屯區,125
24.182028,120.632861,西屯,C0F9T0,2018-08-19T05:00:00+08:00,111.0,0,0.2,26.1,0.9,990.5,-99,0.0,-99,-99,-99,臺中市,02,西屯區,125
24.182028,120.632861,西屯,C0F9T0,2018-08-19T06:00:00+08:00,111.0,240,0.9,26.2,0.89,990.9,-99,0.0,-99,-99,-99,臺中市,02,西屯區,125
24.182028,120.632861,西屯,C0F9T0,2018-08-19T07:00:00+08:00,111.0,235,0.3,27.2,0.81,991.0,-99,0.0,-99,-99,-99,臺中市,02,西屯區,125
24.182028,120.632861,西屯,C0F9T0,2018-08-19T08:00:00+08:00,111.0,151,1.6,28.5,0.74,991.2,-99,0.0,-99,-99,-99,臺中市,02,西屯區,125
24.182028,120.632861,西屯,C0F9T0,2018-08-19T09:00:00+08:00,111.0,208,1.7,30.0,0.66,991.7,-99,0.0,-99,-99,-99,臺中市,02,西屯區,125
24.182028,120.632861,西屯,C0F9T0,2018-08-19T10:00:00+08:00,111.0,212,1.3,30.0,0.68,991.8,-99,0.0,-99,-99,-99,臺中市,02,西屯區,125
24.182028,120.632861,西屯,C0F9T0,2018-08-19T11:00:00+08:00,111.0,309,1.8,30.8,0.66,991.6,-99,0.0,-99,-99,-99,臺中市,02,西屯區,125
24.182028,120.632861,西屯,C0F9T0,2018-08-19T13:00:00+08:00,111.0,298,2.9,29.8,0.75,990.4,-99,0.0,-99,-99,-99,臺中市,02,西屯區,125
24.182028,120.632861,西屯,C0F9T0,2018-08-19T14:00:00+08:00,111.0,287,2.1,30.0,0.77,989.9,-99,0.0,-99,-99,-99,臺中市,02,西屯區,125
24.182028,120.632861,西屯,C0F9T0,2018-08-19T15:00:00+08:00,111.0,304,1.5,28.4,0.85,990.2,-99,0.5,-99,-99,-99,臺中市,02,西屯區,125
24.182028,120.632861,西屯,C0F9T0,2018-08-19T16:00:00+08:00,111.0,191,1.7,25.6,0.94,990.8,-99,28.5,8.3,215,2018-08-19T15:42:00+08:00,臺中市,02,西屯區,125
24.182028,120.632861,西屯,C0F9T0,2018-08-19T18:00:00+08:00,111.0,126,0.5,25.6,1,991.1,-99,76.0,-99,-99,-99,臺中市,02,西屯區,125
24.182028,120.632861,西屯,C0F9T0,2018-08-19T19:00:00+08:00,111.0,148,1.6,25.7,0.99,991.6,-99,76.5,-99,-99,-99,臺中市,02,西屯區,125
24.182028,120.632861,西屯,C0F9T0,2018-08-19T20:00:00+08:00,111.0,128,1.3,26.1,0.93,992.3,-99,77.0,-99,-99,-99,臺中市,02,西屯區,125
24.182028,120.632861,西屯,C0F9T0,2018-08-19T21:00:00+08:00,111.0,135,0.6,26.0,0.9,992.3,-99,77.5,-99,-99,-99,臺中市,02,西屯區,125
24.182028,120.632861,西屯,C0F9T0,2018-08-19T22:00:00+08:00,111.0,295,0.8,26.2,0.9,992.7,-99,78.0,-99,-99,-99,臺中市,02,西屯區,125
24.182028,120.632861,西屯,C0F9T0,2018-08-19T23:00:00+08:00,111.0,140,0.9,26.1,0.9,992.3,-99,78.0,-99,-99,-99,臺中市,02,西屯區,125
24.182028,120.632861,西屯,C0F9T0,2018-08-20T00:00:00+08:00,111.0,107,0.6,26.4,0.87,991.8,-99,78.0,-99,-99,-99,臺中市,02,西屯區,125
24.182028,120.632861,西屯,C0F9T0,2018-08-20T01:00:00+08:00,111.0,296,0.9,26.0,0.91,991.1,-99,0.0,-99,-99,-99,臺中市,02,西屯區,125
24.182028,120.632861,西屯,C0F9T0,2018-08-20T02:00:00+08:00,111.0,304,0.7,25.5,0.95,990.5,-99,0.0,-99,-99,-99,臺中市,02,西屯區,125
24.182028,120.632861,西屯,C0F9T0,2018-08-20T03:00:00+08:00,111.0,299,0.9,25.2,0.97,990.3,-99,0.0,-99,-99,-99,臺中市,02,西屯區,125
24.182028,120.632861,西屯,C0F9T0,2018-08-20T04:00:00+08:00,111.0,291,0.8,25.1,0.97,990.3,-99,0.0,-99,-99,-99,臺中市,02,西屯區,125
24.182028,120.632861,西屯,C0F9T0,2018-08-20T05:00:00+08:00,111.0,0,0.1,25.0,0.98,990.5,-99,0.0,-99,-99,-99,臺中市,02,西屯區,125
24.182028,120.632861,西屯,C0F9T0,2018-08-20T06:00:00+08:00,111.0,318,0.3,25.0,0.97,991.1,-99,0.0,-99,-99,-99,臺中市,02,西屯區,125
24.182028,120.632861,西屯,C0F9T0,2018-08-20T07:00:00+08:00,111.0,318,0.5,25.6,0.96,991.5,-99,0.0,-99,-99,-99,臺中市,02,西屯區,125
24.182028,120.632861,西屯,C0F9T0,2018-08-20T08:00:00+08:00,111.0,355,0.6,27.3,0.86,991.7,-99,0.0,-99,-99,-99,臺中市,02,西屯區,125
24.182028,120.632861,西屯,C0F9T0,2018-08-20T09:00:00+08:00,111.0,326,0.4,29.0,0.74,991.5,-99,0.0,-99,-99,-99,臺中市,02,西屯區,125
24.182028,120.632861,西屯,C0F9T0,2018-08-20T10:00:00+08:00,111.0,294,1.4,30.1,0.68,991.6,-99,0.0,-99,-99,-99,臺中市,02,西屯區,125
24.182028,120.632861,西屯,C0F9T0,2018-08-20T11:00:00+08:00,111.0,309,1.3,31.0,0.63,991.4,-99,0.0,-99,-99,-99,臺中市,02,西屯區,125
24.182028,120.632861,西屯,C0F9T0,2018-08-20T12:00:00+08:00,111.0,307,2.5,31.0,0.64,990.9,-99,0.0,-99,-99,-99,臺中市,02,西屯區,125
24.182028,120.632861,西屯,C0F9T0,2018-08-20T13:00:00+08:00,111.0,263,2.2,31.8,0.61,990.3,-99,0.0,-99,-99,-99,臺中市,02,西屯區,125
24.182028,120.632861,西屯,C0F9T0,2018-08-20T14:00:00+08:00,111.0,304,3.2,32.1,0.61,989.6,-99,0.0,-99,-99,-99,臺中市,02,西屯區,125
24.182028,120.632861,西屯,C0F9T0,2018-08-20T15:00:00+08:00,111.0,311,2.6,31.5,0.63,988.8,-99,0.0,-99,-99,-99,臺中市,02,西屯區,125
24.182028,120.632861,西屯,C0F9T0,2018-08-20T16:00:00+08:00,111.0,300,3.0,31.8,0.63,989.3,-99,0.0,-99,-99,-99,臺中市,02,西屯區,125
24.182028,120.632861,西屯,C0F9T0,2018-08-20T17:00:00+08:00,111.0,296,2.7,30.9,0.68,989.3,-99,0.0,-99,-99,-99,臺中市,02,西屯區,125
24.182028,120.632861,西屯,C0F9T0,2018-08-20T18:00:00+08:00,111.0,143,1.3,26.9,0.85,990.1,-99,2.5,-99,-99,-99,臺中市,02,西屯區,125
24.182028,120.632861,西屯,C0F9T0,2018-08-20T19:00:00+08:00,111.0,283,0.7,26.7,0.91,989.5,-99,5.0,-99,-99,-99,臺中市,02,西屯區,125
24.182028,120.632861,西屯,C0F9T0,2018-08-20T20:00:00+08:00,111.0,214,0.5,26.9,0.92,989.6,-99,5.0,-99,-99,-99,臺中市,02,西屯區,125
24.182028,120.632861,西屯,C0F9T0,2018-08-20T21:00:00+08:00,111.0,301,0.7,26.3,0.9,989.7,-99,5.0,-99,-99,-99,臺中市,02,西屯區,125
24.182028,120.632861,西屯,C0F9T0,2018-08-20T22:00:00+08:00,111.0,160,0.8,27.4,0.81,990.0,-99,5.0,-99,-99,-99,臺中市,02,西屯區,125
24.182028,120.632861,西屯,C0F9T0,2018-08-20T23:00:00+08:00,111.0,292,0.6,27.0,0.85,990.2,-99,5.0,-99,-99,-99,臺中市,02,西屯區,125
24.182028,120.632861,西屯,C0F9T0,2018-08-21T00:00:00+08:00,111.0,283,0.3,26.7,0.9,989.8,-99,5.0,-99,-99,-99,臺中市,02,西屯區,125
24.182028,120.632861,西屯,C0F9T0,2018-08-21T01:00:00+08:00,111.0,312,0.5,26.1,0.94,989.1,-99,0.0,-99,-99,-99,臺中市,02,西屯區,125
24.182028,120.632861,西屯,C0F9T0,2018-08-21T02:00:00+08:00,111.0,308,0.8,25.6,0.95,988.3,-99,0.0,-99,-99,-99,臺中市,02,西屯區,125
24.182028,120.632861,西屯,C0F9T0,2018-08-21T03:00:00+08:00,111.0,297,0.9,25.5,0.95,988.2,-99,0.0,-99,-99,-99,臺中市,02,西屯區,125
24.182028,120.632861,西屯,C0F9T0,2018-08-21T04:00:00+08:00,111.0,344,0.7,25.9,0.93,988.3,-99,0.0,-99,-99,-99,臺中市,02,西屯區,125
24.182028,120.632861,西屯,C0F9T0,2018-08-21T05:00:00+08:00,111.0,310,0.5,26.1,0.9,988.3,-99,0.0,-99,-99,-99,臺中市,02,西屯區,125
24.182028,120.632861,西屯,C0F9T0,2018-08-21T06:00:00+08:00,111.0,0,0.0,26.2,0.91,988.3,-99,0.0,-99,-99,-99,臺中市,02,西屯區,125
24.182028,120.632861,西屯,C0F9T0,2018-08-21T07:00:00+08:00,111.0,0,0.0,27.3,0.86,988.3,-99,0.0,-99,-99,-99,臺中市,02,西屯區,125
24.182028,120.632861,西屯,C0F9T0,2018-08-21T08:00:00+08:00,111.0,315,1.0,28.7,0.76,988.6,-99,0.0,-99,-99,-99,臺中市,02,西屯區,125
24.182028,120.632861,西屯,C0F9T0,2018-08-21T09:00:00+08:00,111.0,280,0.6,29.0,0.75,989.0,-99,0.0,-99,-99,-99,臺中市,02,西屯區,125
24.182028,120.632861,西屯,C0F9T0,2018-08-21T10:00:00+08:00,111.0,136,0.8,31.3,0.62,988.6,-99,0.0,-99,-99,-99,臺中市,02,西屯區,125
24.182028,120.632861,西屯,C0F9T0,2018-08-21T11:00:00+08:00,111.0,298,1.9,30.5,0.68,988.7,-99,0.0,-99,-99,-99,臺中市,02,西屯區,125
24.182028,120.632861,西屯,C0F9T0,2018-08-21T12:00:00+08:00,111.0,231,1.2,31.2,0.65,988.1,-99,0.0,-99,-99,-99,臺中市,02,西屯區,125
24.182028,120.632861,西屯,C0F9T0,2018-08-21T13:00:00+08:00,111.0,323,0.7,30.5,0.7,987.4,-99,0.0,-99,-99,-99,臺中市,02,西屯區,125
24.182028,120.632861,西屯,C0F9T0,2018-08-21T14:00:00+08:00,111.0,322,2.3,30.0,0.72,986.6,-99,0.0,-99,-99,-99,臺中市,02,西屯區,125
24.182028,120.632861,西屯,C0F9T0,2018-08-21T15:00:00+08:00,111.0,307,2.4,30.9,0.67,986.1,-99,0.0,-99,-99,-99,臺中市,02,西屯區,125
24.182028,120.632861,西屯,C0F9T0,2018-08-21T16:00:00+08:00,111.0,333,2.1,30.6,0.68,986.0,-99,0.0,-99,-99,-99,臺中市,02,西屯區,125
24.182028,120.632861,西屯,C0F9T0,2018-08-21T17:00:00+08:00,111.0,306,3.1,30.0,0.7,986.2,-99,0.0,-99,-99,-99,臺中市,02,西屯區,125
24.182028,120.632861,西屯,C0F9T0,2018-08-21T18:00:00+08:00,111.0,301,1.0,29.5,0.77,986.6,-99,0.0,-99,-99,-99,臺中市,02,西屯區,125
24.182028,120.632861,西屯,C0F9T0,2018-08-21T19:00:00+08:00,111.0,244,1.1,27.7,0.87,987.5,-99,1.0,-99,-99,-99,臺中市,02,西屯區,125
24.182028,120.632861,西屯,C0F9T0,2018-08-21T20:00:00+08:00,111.0,273,0.4,26.5,0.92,988.2,-99,4.0,-99,-99,-99,臺中市,02,西屯區,125
24.182028,120.632861,西屯,C0F9T0,2018-08-21T21:00:00+08:00,111.0,0,0.1,26.3,0.92,988.5,-99,6.0,-99,-99,-99,臺中市,02,西屯區,125
24.182028,120.632861,西屯,C0F9T0,2018-08-21T22:00:00+08:00,111.0,313,0.3,26.2,0.93,988.8,-99,8.5,-99,-99,-99,臺中市,02,西屯區,125
24.182028,120.632861,西屯,C0F9T0,2018-08-21T23:00:00+08:00,111.0,281,0.3,26.3,0.92,988.3,-99,9.0,-99,-99,-99,臺中市,02,西屯區,125
24.182028,120.632861,西屯,C0F9T0,2018-08-22T00:00:00+08:00,111.0,77,0.9,26.8,0.88,987.4,-99,9.0,-99,-99,-99,臺中市,02,西屯區,125
24.182028,120.632861,西屯,C0F9T0,2018-08-22T01:00:00+08:00,111.0,359,0.5,26.9,0.86,986.9,-99,0.0,-99,-99,-99,臺中市,02,西屯區,125
24.182028,120.632861,西屯,C0F9T0,2018-08-22T02:00:00+08:00,111.0,336,1.3,26.8,0.87,986.6,-99,0.0,-99,-99,-99,臺中市,02,西屯區,125
24.182028,120.632861,西屯,C0F9T0,2018-08-22T03:00:00+08:00,111.0,332,0.8,26.8,0.89,986.2,-99,0.0,-99,-99,-99,臺中市,02,西屯區,125
24.182028,120.632861,西屯,C0F9T0,2018-08-22T04:00:00+08:00,111.0,296,0.7,26.9,0.89,986.3,-99,0.0,-99,-99,-99,臺中市,02,西屯區,125
24.182028,120.632861,西屯,C0F9T0,2018-08-22T05:00:00+08:00,111.0,277,0.3,26.8,0.91,986.5,-99,0.0,-99,-99,-99,臺中市,02,西屯區,125
24.182028,120.632861,西屯,C0F9T0,2018-08-22T06:00:00+08:00,111.0,148,1.3,26.0,0.93,986.7,-99,5.0,-99,-99,-99,臺中市,02,西屯區,125
24.182028,120.632861,西屯,C0F9T0,2018-08-22T07:00:00+08:00,111.0,259,0.7,26.2,0.96,987.1,-99,5.5,-99,-99,-99,臺中市,02,西屯區,125
24.182028,120.632861,西屯,C0F9T0,2018-08-22T08:00:00+08:00,111.0,260,1.1,26.6,0.95,987.3,-99,13.0,-99,-99,-99,臺中市,02,西屯區,125
24.182028,120.632861,西屯,C0F9T0,2018-08-22T09:00:00+08:00,111.0,340,1.9,26.7,0.89,987.7,-99,13.0,-99,-99,-99,臺中市,02,西屯區,125
24.182028,120.632861,西屯,C0F9T0,2018-08-22T10:00:00+08:00,111.0,296,2.8,27.2,0.88,987.3,-99,13.0,-99,-99,-99,臺中市,02,西屯區,125
24.182028,120.632861,西屯,C0F9T0,2018-08-22T11:00:00+08:00,111.0,0,0.0,28.1,0.82,987.2,-99,13.0,-99,-99,-99,臺中市,02,西屯區,125
24.182028,120.632861,西屯,C0F9T0,2018-08-22T12:00:00+08:00,111.0,266,1.5,29.3,0.78,986.7,-99,13.0,-99,-99,-99,臺中市,02,西屯區,125
24.182028,120.632861,西屯,C0F9T0,2018-08-22T13:00:00+08:00,111.0,318,2.0,29.9,0.75,985.8,-99,13.0,-99,-99,-99,臺中市,02,西屯區,125
24.182028,120.632861,西屯,C0F9T0,2018-08-22T14:00:00+08:00,111.0,304,2.5,30.5,0.71,984.8,-99,13.0,-99,-99,-99,臺中市,02,西屯區,125
24.182028,120.632861,西屯,C0F9T0,2018-08-22T15:00:00+08:00,111.0,298,3.5,30.3,0.74,984.2,-99,13.0,-99,-99,-99,臺中市,02,西屯區,125
24.182028,120.632861,西屯,C0F9T0,2018-08-22T16:00:00+08:00,111.0,338,2.2,29.5,0.8,984.0,-99,13.0,-99,-99,-99,臺中市,02,西屯區,125
24.182028,120.632861,西屯,C0F9T0,2018-08-22T17:00:00+08:00,111.0,310,0.3,28.5,0.85,984.2,-99,19.5,-99,-99,-99,臺中市,02,西屯區,125
24.182028,120.632861,西屯,C0F9T0,2018-08-22T18:00:00+08:00,111.0,148,0.7,27.4,0.93,984.2,-99,28.0,-99,-99,-99,臺中市,02,西屯區,125
24.182028,120.632861,西屯,C0F9T0,2018-08-22T19:00:00+08:00,111.0,122,1.0,26.2,0.95,984.8,-99,39.0,-99,-99,-99,臺中市,02,西屯區,125
24.182028,120.632861,西屯,C0F9T0,2018-08-22T20:00:00+08:00,111.0,232,0.4,26.4,0.97,985.7,-99,43.5,-99,-99,-99,臺中市,02,西屯區,125
24.182028,120.632861,西屯,C0F9T0,2018-08-22T21:00:00+08:00,111.0,287,0.4,26.4,0.96,985.6,-99,44.0,-99,-99,-99,臺中市,02,西屯區,125
24.182028,120.632861,西屯,C0F9T0,2018-08-22T22:00:00+08:00,111.0,157,1.5,27.0,0.93,985.7,-99,44.0,-99,-99,-99,臺中市,02,西屯區,125
24.182028,120.632861,西屯,C0F9T0,2018-08-22T23:00:00+08:00,111.0,295,0.9,27.1,0.92,985.1,-99,44.0,-99,-99,-99,臺中市,02,西屯區,125
24.182028,120.632861,西屯,C0F9T0,2018-08-23T00:00:00+08:00,111.0,309,0.5,26.7,0.93,984.6,-99,44.0,-99,-99,-99,臺中市,02,西屯區,125
24.182028,120.632861,西屯,C0F9T0,2018-08-23T01:00:00+08:00,111.0,0,0.2,26.8,0.93,984.2,-99,0.0,-99,-99,-99,臺中市,02,西屯區,125
24.182028,120.632861,西屯,C0F9T0,2018-08-23T04:00:00+08:00,111.0,0,0.0,26.5,0.95,982.6,-99,0.0,-99,-99,-99,臺中市,02,西屯區,125
24.182028,120.632861,西屯,C0F9T0,2018-08-23T05:00:00+08:00,111.0,0,0.1,26.6,0.95,982.4,-99,0.0,-99,-99,-99,臺中市,02,西屯區,125
24.182028,120.632861,西屯,C0F9T0,2018-08-23T06:00:00+08:00,111.0,0,0.0,26.8,0.92,982.7,-99,0.0,-99,-99,-99,臺中市,02,西屯區,125
24.182028,120.632861,西屯,C0F9T0,2018-08-23T07:00:00+08:00,111.0,0,0.0,27.6,0.89,982.8,-99,0.0,-99,-99,-99,臺中市,02,西屯區,125
24.182028,120.632861,西屯,C0F9T0,2018-08-23T08:00:00+08:00,111.0,295,0.7,28.0,0.87,983.1,-99,0.0,-99,-99,-99,臺中市,02,西屯區,125
24.182028,120.632861,西屯,C0F9T0,2018-08-23T09:00:00+08:00,111.0,8,0.8,29.7,0.75,983.0,-99,0.0,-99,-99,-99,臺中市,02,西屯區,125
24.182028,120.632861,西屯,C0F9T0,2018-08-23T10:00:00+08:00,111.0,314,2.0,30.1,0.77,982.4,-99,0.0,-99,-99,-99,臺中市,02,西屯區,125
24.182028,120.632861,西屯,C0F9T0,2018-08-23T11:00:00+08:00,111.0,326,2.6,30.3,0.76,982.4,-99,0.0,-99,-99,-99,臺中市,02,西屯區,125
24.182028,120.632861,西屯,C0F9T0,2018-08-23T12:00:00+08:00,111.0,304,2.7,30.9,0.71,982.0,-99,0.0,-99,-99,-99,臺中市,02,西屯區,125
24.182028,120.632861,西屯,C0F9T0,2018-08-23T13:00:00+08:00,111.0,301,2.3,31.7,0.65,981.4,-99,0.0,-99,-99,-99,臺中市,02,西屯區,125
24.182028,120.632861,西屯,C0F9T0,2018-08-23T14:00:00+08:00,111.0,328,3.0,31.0,0.73,980.9,-99,0.0,-99,-99,-99,臺中市,02,西屯區,125
24.182028,120.632861,西屯,C0F9T0,2018-08-23T15:00:00+08:00,111.0,161,2.1,29.6,0.81,980.9,-99,0.0,7.4,151,2018-08-23T14:52:00+08:00,臺中市,02,西屯區,125
24.182028,120.632861,西屯,C0F9T0,2018-08-23T16:00:00+08:00,111.0,201,1.7,26.2,0.95,981.5,-99,21.5,8.5,211,2018-08-23T15:08:00+08:00,臺中市,02,西屯區,125
24.182028,120.632861,西屯,C0F9T0,2018-08-23T17:00:00+08:00,111.0,159,1.0,25.9,0.97,981.6,-99,26.0,-99,-99,-99,臺中市,02,西屯區,125
24.182028,120.632861,西屯,C0F9T0,2018-08-23T18:00:00+08:00,111.0,116,0.9,26.7,0.91,981.8,-99,26.5,-99,-99,-99,臺中市,02,西屯區,125
24.182028,120.632861,西屯,C0F9T0,2018-08-23T19:00:00+08:00,111.0,284,0.7,26.8,0.91,982.8,-99,27.0,-99,-99,-99,臺中市,02,西屯區,125
24.182028,120.632861,西屯,C0F9T0,2018-08-23T20:00:00+08:00,111.0,185,1.5,26.3,0.9,983.0,-99,27.5,-99,-99,-99,臺中市,02,西屯區,125
24.182028,120.632861,西屯,C0F9T0,2018-08-23T21:00:00+08:00,111.0,192,1.5,25.7,0.87,984.1,-99,29.0,-99,-99,-99,臺中市,02,西屯區,125
24.182028,120.632861,西屯,C0F9T0,2018-08-23T22:00:00+08:00,111.0,156,1.7,24.6,0.9,984.5,-99,31.0,6.9,170,2018-08-23T21:41:00+08:00,臺中市,02,西屯區,125
24.182028,120.632861,西屯,C0F9T0,2018-08-23T23:00:00+08:00,111.0,152,1.5,24.1,0.93,983.8,-99,33.0,-99,-99,-99,臺中市,02,西屯區,125
24.182028,120.632861,西屯,C0F9T0,2018-08-24T00:00:00+08:00,111.0,161,2.0,24.0,0.93,983.4,-99,35.0,-99,-99,-99,臺中市,02,西屯區,125
24.182028,120.632861,西屯,C0F9T0,2018-08-24T01:00:00+08:00,111.0,110,1.7,24.3,0.94,983.0,-99,1.0,-99,-99,-99,臺中市,02,西屯區,125
24.182028,120.632861,西屯,C0F9T0,2018-08-24T02:00:00+08:00,111.0,109,1.9,24.2,0.96,982.7,-99,3.5,-99,-99,-99,臺中市,02,西屯區,125
24.182028,120.632861,西屯,C0F9T0,2018-08-24T03:00:00+08:00,111.0,130,1.7,24.2,0.95,982.3,-99,7.5,7.9,92,2018-08-24T02:28:00+08:00,臺中市,02,西屯區,125
24.182028,120.632861,西屯,C0F9T0,2018-08-24T04:00:00+08:00,111.0,157,1.7,24.2,0.96,982.4,-99,17.5,9.7,154,2018-08-24T03:51:00+08:00,臺中市,02,西屯區,125
24.182028,120.632861,西屯,C0F9T0,2018-08-24T06:00:00+08:00,111.0,162,1.9,23.8,0.97,983.7,-99,28.0,8.9,144,2018-08-24T05:01:00+08:00,臺中市,02,西屯區,125
24.182028,120.632861,西屯,C0F9T0,2018-08-24T07:00:00+08:00,111.0,182,1.7,23.8,0.97,984.6,-99,33.0,8.6,169,2018-08-24T06:35:00+08:00,臺中市,02,西屯區,125
24.182028,120.632861,西屯,C0F9T0,2018-08-24T08:00:00+08:00,111.0,186,1.9,24.1,0.95,985.2,-99,36.5,-99,-99,-99,臺中市,02,西屯區,125
24.182028,120.632861,西屯,C0F9T0,2018-08-24T09:00:00+08:00,111.0,168,1.9,24.4,0.94,985.9,-99,37.5,-99,-99,-99,臺中市,02,西屯區,125
24.182028,120.632861,西屯,C0F9T0,2018-08-24T10:00:00+08:00,111.0,164,1.3,24.5,0.95,985.9,-99,40.5,-99,-99,-99,臺中市,02,西屯區,125
24.182028,120.632861,西屯,C0F9T0,2018-08-24T11:00:00+08:00,111.0,176,1.1,25.4,0.9,985.9,-99,41.0,-99,-99,-99,臺中市,02,西屯區,125
24.182028,120.632861,西屯,C0F9T0,2018-08-24T12:00:00+08:00,111.0,205,1.6,26.9,0.84,985.4,-99,41.0,-99,-99,-99,臺中市,02,西屯區,125
24.182028,120.632861,西屯,C0F9T0,2018-08-24T13:00:00+08:00,111.0,166,1.1,25.2,0.92,985.2,-99,41.5,-99,-99,-99,臺中市,02,西屯區,125
24.182028,120.632861,西屯,C0F9T0,2018-08-24T14:00:00+08:00,111.0,174,1.8,25.8,0.89,984.9,-99,41.5,-99,-99,-99,臺中市,02,西屯區,125
24.182028,120.632861,西屯,C0F9T0,2018-08-24T15:00:00+08:00,111.0,186,1.4,25.4,0.93,984.6,-99,42.5,6.7,208,2018-08-24T14:06:00+08:00,臺中市,02,西屯區,125
24.182028,120.632861,西屯,C0F9T0,2018-08-24T16:00:00+08:00,111.0,159,2.5,24.8,0.94,984.8,-99,43.5,-99,-99,-99,臺中市,02,西屯區,125
24.182028,120.632861,西屯,C0F9T0,2018-08-24T17:00:00+08:00,111.0,162,2.4,25.0,0.94,984.9,-99,44.5,-99,-99,-99,臺中市,02,西屯區,125
24.182028,120.632861,西屯,C0F9T0,2018-08-24T18:00:00+08:00,111.0,170,1.6,24.5,0.96,985.1,-99,55.0,11.2,164,2018-08-24T17:55:00+08:00,臺中市,02,西屯區,125
24.182028,120.632861,西屯,C0F9T0,2018-08-24T19:00:00+08:00,111.0,155,1.9,24.5,0.97,985.5,-99,64.5,7.5,136,2018-08-24T18:07:00+08:00,臺中市,02,西屯區,125
24.182028,120.632861,西屯,C0F9T0,2018-08-24T20:00:00+08:00,111.0,161,2.7,24.5,0.97,986.0,-99,72.5,-99,-99,-99,臺中市,02,西屯區,125
24.182028,120.632861,西屯,C0F9T0,2018-08-24T21:00:00+08:00,111.0,158,3.0,24.4,0.99,986.4,-99,94.5,8.2,156,2018-08-24T20:53:00+08:00,臺中市,02,西屯區,125
24.182028,120.632861,西屯,C0F9T0,2018-08-24T22:00:00+08:00,111.0,159,2.4,24.5,0.99,986.8,-99,106.0,8.7,168,2018-08-24T21:12:00+08:00,臺中市,02,西屯區,125
24.182028,120.632861,西屯,C0F9T0,2018-08-24T23:00:00+08:00,111.0,159,3.1,24.6,0.99,986.7,-99,110.5,-99,-99,-99,臺中市,02,西屯區,125
24.182028,120.632861,西屯,C0F9T0,2018-08-25T00:00:00+08:00,111.0,165,2.3,24.7,0.98,986.5,-99,112.0,-99,-99,-99,臺中市,02,西屯區,125
24.182028,120.632861,西屯,C0F9T0,2018-08-25T01:00:00+08:00,111.0,228,0.4,24.8,0.98,986.0,-99,0.0,-99,-99,-99,臺中市,02,西屯區,125
24.182028,120.632861,西屯,C0F9T0,2018-08-25T02:00:00+08:00,111.0,182,0.4,24.8,0.97,985.6,-99,0.5,-99,-99,-99,臺中市,02,西屯區,125
24.182028,120.632861,西屯,C0F9T0,2018-08-25T03:00:00+08:00,111.0,209,1.7,24.8,0.96,985.3,-99,1.0,-99,-99,-99,臺中市,02,西屯區,125
24.182028,120.632861,西屯,C0F9T0,2018-08-25T04:00:00+08:00,111.0,161,1.2,24.6,0.97,985.2,-99,3.0,-99,-99,-99,臺中市,02,西屯區,125
24.182028,120.632861,西屯,C0F9T0,2018-08-25T05:00:00+08:00,111.0,161,1.7,24.9,0.96,985.5,-99,3.0,-99,-99,-99,臺中市,02,西屯區,125
24.182028,120.632861,西屯,C0F9T0,2018-08-25T06:00:00+08:00,111.0,167,0.8,25.0,0.95,986.0,-99,3.0,-99,-99,-99,臺中市,02,西屯區,125
24.182028,120.632861,西屯,C0F9T0,2018-08-25T07:00:00+08:00,111.0,199,0.6,25.1,0.95,986.2,-99,3.0,-99,-99,-99,臺中市,02,西屯區,125
24.182028,120.632861,西屯,C0F9T0,2018-08-25T08:00:00+08:00,111.0,155,1.0,25.5,0.93,986.2,-99,3.0,-99,-99,-99,臺中市,02,西屯區,125
24.182028,120.632861,西屯,C0F9T0,2018-08-25T09:00:00+08:00,111.0,207,1.1,27.6,0.81,986.3,-99,3.0,-99,-99,-99,臺中市,02,西屯區,125
24.182028,120.632861,西屯,C0F9T0,2018-08-25T10:00:00+08:00,111.0,164,1.7,30.1,0.66,986.2,-99,3.0,-99,-99,-99,臺中市,02,西屯區,125
24.182028,120.632861,西屯,C0F9T0,2018-08-25T11:00:00+08:00,111.0,216,0.7,30.3,0.68,986.1,-99,3.0,-99,-99,-99,臺中市,02,西屯區,125
24.182028,120.632861,西屯,C0F9T0,2018-08-25T12:00:00+08:00,111.0,252,1.6,29.7,0.71,986.0,-99,3.0,-99,-99,-99,臺中市,02,西屯區,125
24.182028,120.632861,西屯,C0F9T0,2018-08-25T13:00:00+08:00,111.0,174,1.7,30.4,0.71,985.6,-99,3.0,-99,-99,-99,臺中市,02,西屯區,125
24.182028,120.632861,西屯,C0F9T0,2018-08-25T14:00:00+08:00,111.0,226,1.1,30.9,0.71,984.9,-99,3.0,-99,-99,-99,臺中市,02,西屯區,125
24.182028,120.632861,西屯,C0F9T0,2018-08-25T15:00:00+08:00,111.0,270,1.1,29.8,0.74,984.8,-99,3.0,-99,-99,-99,臺中市,02,西屯區,125
24.182028,120.632861,西屯,C0F9T0,2018-08-25T16:00:00+08:00,111.0,217,1.6,27.9,0.85,984.9,-99,7.5,-99,-99,-99,臺中市,02,西屯區,125
24.182028,120.632861,西屯,C0F9T0,2018-08-25T18:00:00+08:00,111.0,205,1.5,25.9,0.96,985.7,-99,21.0,-99,-99,-99,臺中市,02,西屯區,125
24.182028,120.632861,西屯,C0F9T0,2018-08-25T19:00:00+08:00,111.0,188,0.4,25.3,0.98,986.1,-99,42.5,-99,-99,-99,臺中市,02,西屯區,125
24.182028,120.632861,西屯,C0F9T0,2018-08-25T20:00:00+08:00,111.0,66,0.4,25.5,0.98,986.8,-99,45.0,-99,-99,-99,臺中市,02,西屯區,125
24.182028,120.632861,西屯,C0F9T0,2018-08-25T21:00:00+08:00,111.0,0,0.1,25.8,0.98,987.4,-99,45.0,-99,-99,-99,臺中市,02,西屯區,125
24.182028,120.632861,西屯,C0F9T0,2018-08-25T22:00:00+08:00,111.0,95,0.3,25.9,0.97,987.1,-99,45.0,-99,-99,-99,臺中市,02,西屯區,125
24.182028,120.632861,西屯,C0F9T0,2018-08-25T23:00:00+08:00,111.0,0,0.1,25.9,0.97,986.8,-99,45.0,-99,-99,-99,臺中市,02,西屯區,125
24.182028,120.632861,西屯,C0F9T0,2018-08-26T00:00:00+08:00,111.0,0,0.1,25.9,0.96,986.5,-99,45.0,-99,-99,-99,臺中市,02,西屯區,125
24.182028,120.632861,西屯,C0F9T0,2018-08-26T01:00:00+08:00,111.0,301,0.3,25.5,0.98,986.0,-99,0.0,-99,-99,-99,臺中市,02,西屯區,125
24.182028,120.632861,西屯,C0F9T0,2018-08-26T02:00:00+08:00,111.0,294,0.5,25.3,0.99,986.0,-99,0.0,-99,-99,-99,臺中市,02,西屯區,125
24.182028,120.632861,西屯,C0F9T0,2018-08-26T03:00:00+08:00,111.0,304,0.5,25.3,0.99,986.0,-99,0.0,-99,-99,-99,臺中市,02,西屯區,125
24.182028,120.632861,西屯,C0F9T0,2018-08-26T04:00:00+08:00,111.0,0,0.2,25.5,0.98,986.0,-99,0.0,-99,-99,-99,臺中市,02,西屯區,125
24.182028,120.632861,西屯,C0F9T0,2018-08-26T05:00:00+08:00,111.0,74,0.9,25.6,0.96,986.2,-99,0.0,-99,-99,-99,臺中市,02,西屯區,125
24.182028,120.632861,西屯,C0F9T0,2018-08-26T06:00:00+08:00,111.0,331,0.7,25.7,0.94,986.6,-99,0.0,-99,-99,-99,臺中市,02,西屯區,125
24.182028,120.632861,西屯,C0F9T0,2018-08-26T07:00:00+08:00,111.0,0,0.1,26.1,0.93,987.1,-99,0.0,-99,-99,-99,臺中市,02,西屯區,125
24.182028,120.632861,西屯,C0F9T0,2018-08-26T08:00:00+08:00,111.0,343,1.2,27.6,0.8,987.6,-99,0.0,-99,-99,-99,臺中市,02,西屯區,125
24.182028,120.632861,西屯,C0F9T0,2018-08-26T09:00:00+08:00,111.0,329,1.1,28.5,0.75,987.8,-99,0.0,-99,-99,-99,臺中市,02,西屯區,125
24.182028,120.632861,西屯,C0F9T0,2018-08-26T10:00:00+08:00,111.0,317,1.4,29.4,0.71,988.0,-99,0.0,-99,-99,-99,臺中市,02,西屯區,125
24.182028,120.632861,西屯,C0F9T0,2018-08-26T11:00:00+08:00,111.0,277,0.5,29.5,0.69,988.1,-99,0.0,-99,-99,-99,臺中市,02,西屯區,125
24.182028,120.632861,西屯,C0F9T0,2018-08-26T12:00:00+08:00,111.0,290,1.3,28.5,0.78,988.0,-99,0.0,-99,-99,-99,臺中市,02,西屯區,125
24.182028,120.632861,西屯,C0F9T0,2018-08-26T13:00:00+08:00,111.0,307,0.5,28.6,0.75,987.5,-99,0.0,-99,-99,-99,臺中市,02,西屯區,125
24.182028,120.632861,西屯,C0F9T0,2018-08-26T14:00:00+08:00,111.0,228,0.9,29.5,0.68,987.1,-99,0.0,-99,-99,-99,臺中市,02,西屯區,125
24.182028,120.632861,西屯,C0F9T0,2018-08-26T15:00:00+08:00,111.0,92,0.6,29.7,0.71,986.6,-99,0.0,-99,-99,-99,臺中市,02,西屯區,125
24.182028,120.632861,西屯,C0F9T0,2018-08-26T16:00:00+08:00,111.0,87,1.6,27.1,0.85,986.8,-99,3.5,-99,-99,-99,臺中市,02,西屯區,125
24.182028,120.632861,西屯,C0F9T0,2018-08-26T17:00:00+08:00,111.0,67,1.0,26.8,0.92,986.9,-99,4.5,-99,-99,-99,臺中市,02,西屯區,125
24.182028,120.632861,西屯,C0F9T0,2018-08-26T18:00:00+08:00,111.0,154,1.6,26.8,0.89,987.6,-99,5.5,-99,-99,-99,臺中市,02,西屯區,125
24.182028,120.632861,西屯,C0F9T0,2018-08-26T19:00:00+08:00,111.0,179,0.9,26.4,0.92,988.2,-99,6.5,-99,-99,-99,臺中市,02,西屯區,125
24.182028,120.632861,西屯,C0F9T0,2018-08-26T20:00:00+08:00,111.0,155,1.0,26.3,0.92,988.5,-99,6.5,-99,-99,-99,臺中市,02,西屯區,125
24.182028,120.632861,西屯,C0F9T0,2018-08-26T21:00:00+08:00,111.0,119,1.0,26.6,0.87,988.9,-99,6.5,-99,-99,-99,臺中市,02,西屯區,125
24.182028,120.632861,西屯,C0F9T0,2018-08-26T22:00:00+08:00,111.0,328,0.8,26.5,0.88,989.5,-99,6.5,-99,-99,-99,臺中市,02,西屯區,125
24.182028,120.632861,西屯,C0F9T0,2018-08-26T23:00:00+08:00,111.0,0,0.0,26.7,0.87,989.5,-99,6.5,-99,-99,-99,臺中市,02,西屯區,125
24.182028,120.632861,西屯,C0F9T0,2018-08-27T00:00:00+08:00,111.0,285,0.5,26.3,0.89,989.5,-99,6.5,-99,-99,-99,臺中市,02,西屯區,125
24.182028,120.632861,西屯,C0F9T0,2018-08-27T01:00:00+08:00,111.0,0,0.2,25.9,0.93,989.8,-99,0.0,-99,-99,-99,臺中市,02,西屯區,125
24.182028,120.632861,西屯,C0F9T0,2018-08-27T03:00:00+08:00,111.0,0,0.2,26.0,0.87,989.0,-99,0.0,-99,-99,-99,臺中市,02,西屯區,125
24.182028,120.632861,西屯,C0F9T0,2018-08-27T04:00:00+08:00,111.0,322,0.7,25.9,0.9,988.7,-99,0.0,-99,-99,-99,臺中市,02,西屯區,125
24.182028,120.632861,西屯,C0F9T0,2018-08-27T05:00:00+08:00,111.0,348,1.0,25.6,0.92,988.8,-99,0.0,-99,-99,-99,臺中市,02,西屯區,125
24.182028,120.632861,西屯,C0F9T0,2018-08-27T06:00:00+08:00,111.0,322,1.0,25.6,0.91,989.3,-99,0.0,-99,-99,-99,臺中市,02,西屯區,125
24.182028,120.632861,西屯,C0F9T0,2018-08-27T07:00:00+08:00,111.0,262,0.5,26.0,0.87,990.3,-99,0.0,-99,-99,-99,臺中市,02,西屯區,125
24.182028,120.632861,西屯,C0F9T0,2018-08-27T08:00:00+08:00,111.0,221,0.3,27.0,0.86,990.8,-99,0.0,-99,-99,-99,臺中市,02,西屯區,125
24.182028,120.632861,西屯,C0F9T0,2018-08-27T09:00:00+08:00,111.0,200,1.3,26.6,0.86,991.9,-99,0.0,-99,-99,-99,臺中市,02,西屯區,125
24.182028,120.632861,西屯,C0F9T0,2018-08-27T10:00:00+08:00,111.0,220,1.2,28.3,0.75,991.9,-99,0.0,-99,-99,-99,臺中市,02,西屯區,125
24.182028,120.632861,西屯,C0F9T0,2018-08-27T11:00:00+08:00,111.0,231,1.4,28.7,0.73,991.8,-99,0.0,-99,-99,-99,臺中市,02,西屯區,125
24.182028,120.632861,西屯,C0F9T0,2018-08-27T12:00:00+08:00,111.0,217,1.4,28.9,0.73,991.6,-99,0.0,6.9,217,2018-08-27T11:52:00+08:00,臺中市,02,西屯區,125
24.182028,120.632861,西屯,C0F9T0,2018-08-27T13:00:00+08:00,111.0,199,2.4,30.1,0.65,991.2,-99,0.0,-99,-99,-99,臺中市,02,西屯區,125
24.182028,120.632861,西屯,C0F9T0,2018-08-27T14:00:00+08:00,111.0,198,2.1,30.1,0.66,990.9,-99,0.0,-99,-99,-99,臺中市,02,西屯區,125
24.182028,120.632861,西屯,C0F9T0,2018-08-27T15:00:00+08:00,111.0,209,4.2,29.1,0.68,991.0,-99,0.0,9.8,226,2018-08-27T15:00:00+08:00,臺中市,02,西屯區,125
24.182028,120.632861,西屯,C0F9T0,2018-08-27T16:00:00+08:00,111.0,208,2.3,28.1,0.73,991.1,-99,0.0,8.6,198,2018-08-27T15:30:00+08:00,臺中市,02,西屯區,125
24.182028,120.632861,西屯,C0F9T0,2018-08-27T17:00:00+08:00,111.0,206,1.0,26.5,0.85,991.6,-99,1.0,-99,-99,-99,臺中市,02,西屯區,125
24.182028,120.632861,西屯,C0F9T0,2018-08-27T18:00:00+08:00,111.0,140,1.1,26.4,0.84,991.6,-99,2.0,-99,-99,-99,臺中市,02,西屯區,125
24.182028,120.632861,西屯,C0F9T0,2018-08-27T19:00:00+08:00,111.0,124,1.1,26.5,0.84,991.8,-99,2.0,-99,-99,-99,臺中市,02,西屯區,125
24.182028,120.632861,西屯,C0F9T0,2018-08-27T20:00:00+08:00,111.0,154,0.8,26.7,0.83,992.3,-99,2.0,-99,-99,-99,臺中市,02,西屯區,125
24.182028,120.632861,西屯,C0F9T0,2018-08-27T21:00:00+08:00,111.0,212,0.5,26.9,0.79,993.1,-99,2.0,-99,-99,-99,臺中市,02,西屯區,125
24.182028,120.632861,西屯,C0F9T0,2018-08-27T22:00:00+08:00,111.0,226,1.1,26.8,0.78,993.0,-99,2.0,-99,-99,-99,臺中市,02,西屯區,125
24.182028,120.632861,西屯,C0F9T0,2018-08-27T23:00:00+08:00,111.0,304,1.3,26.2,0.82,993.1,-99,2.0,-99,-99,-99,臺中市,02,西屯區,125
24.182028,120.632861,西屯,C0F9T0,2018-08-28T00:00:00+08:00,111.0,221,0.7,26.1,0.83,992.9,-99,2.0,-99,-99,-99,臺中市,02,西屯區,125
24.182028,120.632861,西屯,C0F9T0,2018-08-28T01:00:00+08:00,111.0,315,0.5,26.0,0.84,992.7,-99,0.0,-99,-99,-99,臺中市,02,西屯區,125
24.182028,120.632861,西屯,C0F9T0,2018-08-28T02:00:00+08:00,111.0,167,1.9,25.7,0.88,992.9,-99,0.0,-99,-99,-99,臺中市,02,西屯區,125
24.182028,120.632861,西屯,C0F9T0,2018-08-28T03:00:00+08:00,111.0,205,1.2,26.0,0.8,992.2,-99,0.0,-99,-99,-99,臺中市,02,西屯區,125
24.182028,120.632861,西屯,C0F9T0,2018-08-28T04:00:00+08:00,111.0,166,0.7,26.0,0.79,992.2,-99,0.0,-99,-99,-99,臺中市,02,西屯區,125
24.182028,120.632861,西屯,C0F9T0,2018-08-28T05:00:00+08:00,111.0,159,2.5,26.4,0.78,992.5,-99,0.0,-99,-99,-99,臺中市,02,西屯區,125
24.182028,120.632861,西屯,C0F9T0,2018-08-28T06:00:00+08:00,111.0,177,1.0,26.7,0.76,992.8,-99,0.0,-99,-99,-99,臺中市,02,西屯區,125
24.182028,120.632861,西屯,C0F9T0,2018-08-28T07:00:00+08:00,111.0,184,1.9,26.6,0.75,993.5,-99,0.0,8.6,197,2018-08-28T06:34:00+08:00,臺中市,02,西屯區,125
24.182028,120.632861,西屯,C0F9T0,2018-08-28T08:00:00+08:00,111.0,236,1.1,25.1,0.86,994.3,-99,0.5,8.5,195,2018-08-28T07:27:00+08:00,臺中市,02,西屯區,125
24.182028,120.632861,西屯,C0F9T0,2018-08-28T09:00:00+08:00,111.0,206,2.2,25.1,0.88,994.8,-99,1.0,-99,-99,-99,臺中市,02,西屯區,125
24.182028,120.632861,西屯,C0F9T0,2018-08-28T10:00:00+08:00,111.0,205,1.7,25.9,0.83,994.2,-99,1.5,-99,-99,-99,臺中市,02,西屯區,125
24.182028,120.632861,西屯,C0F9T0,2018-08-28T11:00:00+08:00,111.0,220,0.8,26.9,0.8,994.2,-99,1.5,-99,-99,-99,臺中市,02,西屯區,125
24.182028,120.632861,西屯,C0F9T0,2018-08-28T12:00:00+08:00,111.0,210,1.7,27.6,0.75,993.8,-99,1.5,-99,-99,-99,臺中市,02,西屯區,125
24.182028,120.632861,西屯,C0F9T0,2018-08-28T13:00:00+08:00,111.0,196,2.8,27.6,0.73,993.8,-99,1.5,8.8,197,2018-08-28T12:56:00+08:00,臺中市,02,西屯區,125
24.182028,120.632861,西屯,C0F9T0,2018-08-28T14:00:00+08:00,111.0,169,2.7,27.6,0.68,993.3,-99,1.5,9.6,162,2018-08-28T13:18:00+08:00,臺中市,02,西屯區,125
24.182028,120.632861,西屯,C0F9T0,2018-08-28T15:00:00+08:00,111.0,207,3.0,27.9,0.68,993.2,-99,1.5,8.7,200,2018-08-28T14:47:00+08:00,臺中市,02,西屯區,125
24.182028,120.632861,西屯,C0F9T0,2018-08-28T16:00:00+08:00,111.0,201,2.5,27.8,0.68,993.1,-99,1.5,-99,-99,-99,臺中市,02,西屯區,125
24.182028,120.632861,西屯,C0F9T0,2018-08-28T17:00:00+08:00,111.0,205,0.6,27.0,0.75,993.1,-99,1.5,-99,-99,-99,臺中市,02,西屯區,125
24.182028,120.632861,西屯,C0F9T0,2018-08-28T18:00:00+08:00,111.0,207,1.6,26.2,0.8,993.4,-99,1.5,-99,-99,-99,臺中市,02,西屯區,125
24.182028,120.632861,西屯,C0F9T0,2018-08-28T19:00:00+08:00,111.0,175,0.9,25.3,0.85,994.3,-99,2.0,-99,-99,-99,臺中市,02,西屯區,125
24.182028,120.632861,西屯,C0F9T0,2018-08-28T20:00:00+08:00,111.0,172,1.5,24.6,0.87,994.9,-99,2.5,-99,-99,-99,臺中市,02,西屯區,125
24.182028,120.632861,西屯,C0F9T0,2018-08-28T21:00:00+08:00,111.0,0,0.2,24.6,0.91,994.7,-99,3.0,-99,-99,-99,臺中市,02,西屯區,125
24.182028,120.632861,西屯,C0F9T0,2018-08-28T22:00:00+08:00,111.0,174,0.7,25.2,0.89,994.7,-99,3.5,-99,-99,-99,臺中市,02,西屯區,125
24.182028,120.632861,西屯,C0F9T0,2018-08-28T23:00:00+08:00,111.0,314,0.8,24.6,0.93,994.2,-99,3.5,-99,-99,-99,臺中市,02,西屯區,125
24.182028,120.632861,西屯,C0F9T0,2018-08-29T00:00:00+08:00,111.0,286,0.4,24.6,0.96,994.2,-99,3.5,-99,-99,-99,臺中市,02,西屯區,125
24.182028,120.632861,西屯,C0F9T0,2018-08-29T01:00:00+08:00,111.0,205,1.2,25.0,0.92,994.0,-99,0.0,-99,-99,-99,臺中市,02,西屯區,125
24.182028,120.632861,西屯,C0F9T0,2018-08-29T02:00:00+08:00,111.0,135,0.8,25.4,0.84,993.6,-99,0.0,-99,-99,-99,臺中市,02,西屯區,125
24.182028,120.632861,西屯,C0F9T0,2018-08-29T03:00:00+08:00,111.0,176,0.4,25.3,0.89,993.4,-99,0.5,-99,-99,-99,臺中市,02,西屯區,125
24.182028,120.632861,西屯,C0F9T0,2018-08-29T04:00:00+08:00,111.0,164,1.3,25.1,0.92,993.5,-99,1.5,-99,-99,-99,臺中市,02,西屯區,125
24.182028,120.632861,西屯,C0F9T0,2018-08-29T05:00:00+08:00,111.0,137,0.9,24.6,0.94,993.2,-99,2.0,-99,-99,-99,臺中市,02,西屯區,125
24.182028,120.632861,西屯,C0F9T0,2018-08-29T06:00:00+08:00,111.0,301,0.5,24.2,0.96,993.3,-99,2.5,-99,-99,-99,臺中市,02,西屯區,125
24.182028,120.632861,西屯,C0F9T0,2018-08-29T07:00:00+08:00,111.0,225,0.4,24.3,0.98,994.0,-99,2.5,-99,-99,-99,臺中市,02,西屯區,125
24.182028,120.632861,西屯,C0F9T0,2018-08-29T08:00:00+08:00,111.0,152,1.5,24.3,0.95,994.6,-99,3.0,-99,-99,-99,臺中市,02,西屯區,125
24.182028,120.632861,西屯,C0F9T0,2018-08-29T09:00:00+08:00,111.0,0,0.1,24.8,0.91,994.7,-99,3.5,-99,-99,-99,臺中市,02,西屯區,125
24.182028,120.632861,西屯,C0F9T0,2018-08-29T10:00:00+08:00,111.0,160,1.8,25.2,0.89,994.7,-99,3.5,-99,-99,-99,臺中市,02,西屯區,125
24.182028,120.632861,西屯,C0F9T0,2018-08-29T11:00:00+08:00,111.0,218,1.2,26.1,0.85,994.3,-99,3.5,-99,-99,-99,臺中市,02,西屯區,125
24.182028,120.632861,西屯,C0F9T0,2018-08-29T12:00:00+08:00,111.0,206,1.0,27.2,0.78,994.3,-99,3.5,-99,-99,-99,臺中市,02,西屯區,125
24.182028,120.632861,西屯,C0F9T0,2018-08-29T13:00:00+08:00,111.0,209,1.9,28.3,0.74,993.8,-99,3.5,-99,-99,-99,臺中市,02,西屯區,125
24.182028,120.632861,西屯,C0F9T0,2018-08-29T14:00:00+08:00,111.0,202,1.0,29.8,0.67,993.4,-99,3.5,-99,-99,-99,臺中市,02,西屯區,125
24.182028,120.632861,西屯,C0F9T0,2018-08-29T15:00:00+08:00,111.0,228,1.8,28.8,0.69,993.8,-99,3.5,-99,-99,-99,臺中市,02,西屯區,125
24.182028,120.632861,西屯,C0F9T0,2018-08-29T16:00:00+08:00,111.0,211,1.0,27.1,0.78,994.2,-99,3.5,-99,-99,-99,臺中市,02,西屯區,125
24.182028,120.632861,西屯,C0F9T0,2018-08-29T17:00:00+08:00,111.0,253,0.8,27.1,0.81,993.9,-99,3.5,-99,-99,-99,臺中市,02,西屯區,125
24.182028,120.632861,西屯,C0F9T0,2018-08-29T18:00:00+08:00,111.0,209,1.2,26.6,0.83,994.0,-99,3.5,-99,-99,-99,臺中市,02,西屯區,125
24.182028,120.632861,西屯,C0F9T0,2018-08-29T19:00:00+08:00,111.0,282,0.6,26.5,0.84,995.0,-99,3.5,-99,-99,-99,臺中市,02,西屯區,125
24.182028,120.632861,西屯,C0F9T0,2018-08-29T20:00:00+08:00,111.0,297,1.0,26.1,0.84,995.5,-99,3.5,-99,-99,-99,臺中市,02,西屯區,125
24.182028,120.632861,西屯,C0F9T0,2018-08-29T21:00:00+08:00,111.0,231,0.3,26.3,0.83,996.3,-99,3.5,-99,-99,-99,臺中市,02,西屯區,125
24.182028,120.632861,西屯,C0F9T0,2018-08-30T00:00:00+08:00,111.0,298,0.7,25.4,0.89,996.6,-99,4.0,-99,-99,-99,臺中市,02,西屯區,125
24.182028,120.632861,西屯,C0F9T0,2018-08-30T03:00:00+08:00,111.0,302,0.8,25.1,0.84,995.5,-99,0.0,-99,-99,-99,臺中市,02,西屯區,125
24.182028,120.632861,西屯,C0F9T0,2018-08-30T04:00:00+08:00,111.0,0,0.0,25.0,0.86,995.2,-99,0.0,-99,-99,-99,臺中市,02,西屯區,125
24.182028,120.632861,西屯,C0F9T0,2018-08-30T05:00:00+08:00,111.0,278,0.7,25.1,0.86,995.0,-99,0.0,-99,-99,-99,臺中市,02,西屯區,125
24.182028,120.632861,西屯,C0F9T0,2018-08-30T06:00:00+08:00,111.0,332,0.7,25.1,0.88,995.5,-99,0.0,-99,-99,-99,臺中市,02,西屯區,125
24.182028,120.632861,西屯,C0F9T0,2018-08-30T07:00:00+08:00,111.0,100,0.7,25.8,0.88,996.2,-99,0.0,-99,-99,-99,臺中市,02,西屯區,125
24.182028,120.632861,西屯,C0F9T0,2018-08-30T08:00:00+08:00,111.0,248,0.6,26.8,0.82,996.9,-99,0.0,-99,-99,-99,臺中市,02,西屯區,125
24.182028,120.632861,西屯,C0F9T0,2018-08-30T09:00:00+08:00,111.0,193,1.5,27.0,0.83,997.6,-99,0.0,-99,-99,-99,臺中市,02,西屯區,125
24.182028,120.632861,西屯,C0F9T0,2018-08-30T10:00:00+08:00,111.0,208,1.3,27.6,0.72,997.8,-99,0.0,-99,-99,-99,臺中市,02,西屯區,125
24.182028,120.632861,西屯,C0F9T0,2018-08-30T11:00:00+08:00,111.0,242,0.9,28.0,0.7,998.0,-99,0.0,-99,-99,-99,臺中市,02,西屯區,125
24.182028,120.632861,西屯,C0F9T0,2018-08-30T12:00:00+08:00,111.0,212,1.8,29.7,0.64,997.5,-99,0.0,-99,-99,-99,臺中市,02,西屯區,125
24.182028,120.632861,西屯,C0F9T0,2018-08-30T13:00:00+08:00,111.0,194,2.1,30.1,0.62,997.5,-99,0.0,-99,-99,-99,臺中市,02,西屯區,125
24.182028,120.632861,西屯,C0F9T0,2018-08-30T16:00:00+08:00,111.0,178,2.1,28.5,0.63,996.9,-99,0.0,-99,-99,-99,臺中市,02,西屯區,125
24.182028,120.632861,西屯,C0F9T0,2018-08-30T17:00:00+08:00,111.0,221,1.3,28.3,0.66,996.4,-99,0.0,-99,-99,-99,臺中市,02,西屯區,125
24.182028,120.632861,西屯,C0F9T0,2018-08-30T18:00:00+08:00,111.0,294,0.7,27.7,0.7,996.9,-99,0.0,-99,-99,-99,臺中市,02,西屯區,125
24.182028,120.632861,西屯,C0F9T0,2018-08-30T19:00:00+08:00,111.0,308,0.3,27.6,0.68,997.7,-99,0.0,-99,-99,-99,臺中市,02,西屯區,125
24.182028,120.632861,西屯,C0F9T0,2018-08-30T20:00:00+08:00,111.0,214,1.2,28.0,0.64,998.8,-99,0.0,-99,-99,-99,臺中市,02,西屯區,125
24.182028,120.632861,西屯,C0F9T0,2018-08-30T21:00:00+08:00,111.0,316,0.9,27.5,0.69,999.1,-99,0.0,-99,-99,-99,臺中市,02,西屯區,125
24.182028,120.632861,西屯,C0F9T0,2018-08-30T22:00:00+08:00,111.0,292,0.6,27.2,0.7,999.1,-99,0.0,-99,-99,-99,臺中市,02,西屯區,125
24.182028,120.632861,西屯,C0F9T0,2018-08-30T23:00:00+08:00,111.0,221,0.4,27.2,0.71,999.7,-99,0.0,-99,-99,-99,臺中市,02,西屯區,125
24.182028,120.632861,西屯,C0F9T0,2018-08-31T00:00:00+08:00,111.0,309,0.4,26.6,0.81,999.9,-99,0.0,-99,-99,-99,臺中市,02,西屯區,125
24.182028,120.632861,西屯,C0F9T0,2018-08-31T01:00:00+08:00,111.0,314,0.4,26.1,0.86,999.5,-99,0.0,-99,-99,-99,臺中市,02,西屯區,125
24.182028,120.632861,西屯,C0F9T0,2018-08-31T02:00:00+08:00,111.0,289,0.7,25.8,0.88,999.3,-99,0.0,-99,-99,-99,臺中市,02,西屯區,125
24.182028,120.632861,西屯,C0F9T0,2018-08-31T03:00:00+08:00,111.0,325,0.7,25.6,0.9,998.9,-99,0.0,-99,-99,-99,臺中市,02,西屯區,125
24.182028,120.632861,西屯,C0F9T0,2018-08-31T05:00:00+08:00,111.0,294,0.5,24.9,0.94,999.0,-99,0.0,-99,-99,-99,臺中市,02,西屯區,125
24.182028,120.632861,西屯,C0F9T0,2018-08-31T06:00:00+08:00,111.0,0,0.0,24.6,0.94,999.4,-99,0.5,-99,-99,-99,臺中市,02,西屯區,125
24.182028,120.632861,西屯,C0F9T0,2018-08-31T07:00:00+08:00,111.0,21,0.8,24.7,0.93,999.7,-99,1.0,-99,-99,-99,臺中市,02,西屯區,125
24.182028,120.632861,西屯,C0F9T0,2018-08-31T08:00:00+08:00,111.0,0,0.0,25.6,0.87,999.4,-99,1.0,-99,-99,-99,臺中市,02,西屯區,125
24.182028,120.632861,西屯,C0F9T0,2018-08-31T09:00:00+08:00,111.0,314,0.7,26.5,0.85,999.7,-99,1.0,-99,-99,-99,臺中市,02,西屯區,125
24.182028,120.632861,西屯,C0F9T0,2018-08-31T10:00:00+08:00,111.0,262,0.7,27.7,0.76,1000.1,-99,1.0,-99,-99,-99,臺中市,02,西屯區,125
24.182028,120.632861,西屯,C0F9T0,2018-08-31T11:00:00+08:00,111.0,201,0.7,29.2,0.64,1000.0,-99,1.0,-99,-99,-99,臺中市,02,西屯區,125
24.182028,120.632861,西屯,C0F9T0,2018-08-31T12:00:00+08:00,111.0,225,0.8,29.7,0.59,999.8,-99,1.0,-99,-99,-99,臺中市,02,西屯區,125
24.182028,120.632861,西屯,C0F9T0,2018-08-31T13:00:00+08:00,111.0,219,1.5,30.0,0.59,999.6,-99,1.0,-99,-99,-99,臺中市,02,西屯區,125
24.182028,120.632861,西屯,C0F9T0,2018-08-31T14:00:00+08:00,111.0,308,2.4,29.5,0.69,998.8,-99,1.0,-99,-99,-99,臺中市,02,西屯區,125
24.182028,120.632861,西屯,C0F9T0,2018-08-31T16:00:00+08:00,111.0,293,1.4,29.4,0.72,998.4,-99,1.0,-99,-99,-99,臺中市,02,西屯區,125
24.182028,120.632861,西屯,C0F9T0,2018-08-31T17:00:00+08:00,111.0,260,0.9,28.9,0.73,998.5,-99,1.0,-99,-99,-99,臺中市,02,西屯區,125
24.182028,120.632861,西屯,C0F9T0,2018-08-31T18:00:00+08:00,111.0,240,0.8,28.3,0.76,998.7,-99,1.0,-99,-99,-99,臺中市,02,西屯區,125
24.182028,120.632861,西屯,C0F9T0,2018-08-31T19:00:00+08:00,111.0,290,0.3,28.2,0.77,999.0,-99,1.0,-99,-99,-99,臺中市,02,西屯區,125
24.182028,120.632861,西屯,C0F9T0,2018-08-31T20:00:00+08:00,111.0,215,0.6,27.9,0.77,999.4,-99,1.0,-99,-99,-99,臺中市,02,西屯區,125
24.182028,120.632861,西屯,C0F9T0,2018-08-31T21:00:00+08:00,111.0,194,0.6,27.9,0.76,999.8,-99,1.0,-99,-99,-99,臺中市,02,西屯區,125
24.182028,120.632861,西屯,C0F9T0,2018-08-31T22:00:00+08:00,111.0,300,1.0,27.8,0.74,1000.0,-99,1.0,-99,-99,-99,臺中市,02,西屯區,125
24.182028,120.632861,西屯,C0F9T0,2018-08-31T23:00:00+08:00,111.0,291,0.7,27.6,0.78,999.8,-99,1.0,-99,-99,-99,臺中市,02,西屯區,125
