24.182028,120.632861,西屯,C0F9T0,2019-05-01T00:00:00+08:00,111.0,165,2.0,27.6,0.63,995.0,-99,1.0,-99,-99,-99,臺中市,02,西屯區,125
24.182028,120.632861,西屯,C0F9T0,2019-05-01T01:00:00+08:00,111.0,162,1.6,26.2,0.7,994.2,-99,0.5,-99,-99,-99,臺中市,02,西屯區,125
24.182028,120.632861,西屯,C0F9T0,2019-05-01T02:00:00+08:00,111.0,162,1.0,24.9,0.82,993.8,-99,3.0,-99,-99,-99,臺中市,02,西屯區,125
24.182028,120.632861,西屯,C0F9T0,2019-05-01T03:00:00+08:00,111.0,161,0.8,24.7,0.84,993.5,-99,3.0,-99,-99,-99,臺中市,02,西屯區,125
24.182028,120.632861,西屯,C0F9T0,2019-05-01T04:00:00+08:00,111.0,184,1.4,25.1,0.81,993.3,-99,3.0,-99,-99,-99,臺中市,02,西屯區,125
24.182028,120.632861,西屯,C0F9T0,2019-05-01T05:00:00+08:00,111.0,174,1.6,25.3,0.81,993.3,-99,3.5,-99,-99,-99,臺中市,02,西屯區,125
24.182028,120.632861,西屯,C0F9T0,2019-05-01T06:00:00+08:00,111.0,327,0.9,23.5,0.94,994.0,-99,29.5,-99,-99,-99,臺中市,02,西屯區,125
24.182028,120.632861,西屯,C0F9T0,2019-05-01T07:00:00+08:00,111.0,318,1.0,23.3,0.98,995.0,-99,41.5,-99,-99,-99,臺中市,02,西屯區,125
24.182028,120.632861,西屯,C0F9T0,2019-05-01T08:00:00+08:00,111.0,330,1.9,22.9,0.97,996.0,-99,41.5,-99,-99,-99,臺中市,02,西屯區,125
24.182028,120.632861,西屯,C0F9T0,2019-05-01T09:00:00+08:00,111.0,346,1.8,23.3,0.93,996.3,-99,41.5,-99,-99,-99,臺中市,02,西屯區,125
24.182028,120.632861,西屯,C0F9T0,2019-05-01T10:00:00+08:00,111.0,326,2.6,22.9,0.89,996.7,-99,41.5,-99,-99,-99,臺中市,02,西屯區,125
24.182028,120.632861,西屯,C0F9T0,2019-05-01T11:00:00+08:00,111.0,315,2.3,21.4,0.89,997.1,-99,41.5,-99,-99,-99,臺中市,02,西屯區,125
24.182028,120.632861,西屯,C0F9T0,2019-05-01T12:00:00+08:00,111.0,333,2.6,20.8,0.89,997.0,-99,41.5,-99,-99,-99,臺中市,02,西屯區,125
24.182028,120.632861,西屯,C0F9T0,2019-05-01T13:00:00+08:00,111.0,338,2.0,21.0,0.87,996.4,-99,41.5,-99,-99,-99,臺中市,02,西屯區,125
24.182028,120.632861,西屯,C0F9T0,2019-05-01T14:00:00+08:00,111.0,322,1.8,21.3,0.83,995.9,-99,41.5,7.0,347,2019-05-01T13:23:00+08:00,臺中市,02,西屯區,125
24.182028,120.632861,西屯,C0F9T0,2019-05-01T15:00:00+08:00,111.0,338,2.0,22.0,0.78,995.5,-99,41.5,7.2,5,2019-05-01T14:38:00+08:00,臺中市,02,西屯區,125
24.182028,120.632861,西屯,C0F9T0,2019-05-01T16:00:00+08:00,111.0,333,2.4,22.9,0.75,995.1,-99,41.5,-99,-99,-99,臺中市,02,西屯區,125
24.182028,120.632861,西屯,C0F9T0,2019-05-01T17:00:00+08:00,111.0,345,1.9,23.7,0.68,994.9,-99,41.5,-99,-99,-99,臺中市,02,西屯區,125
24.182028,120.632861,西屯,C0F9T0,2019-05-01T18:00:00+08:00,111.0,328,2.1,21.6,0.82,995.5,-99,41.5,-99,-99,-99,臺中市,02,西屯區,125
24.182028,120.632861,西屯,C0F9T0,2019-05-01T19:00:00+08:00,111.0,324,2.7,21.0,0.84,995.9,-99,41.5,-99,-99,-99,臺中市,02,西屯區,125
24.182028,120.632861,西屯,C0F9T0,2019-05-01T20:00:00+08:00,111.0,332,2.3,20.8,0.86,996.4,-99,41.5,-99,-99,-99,臺中市,02,西屯區,125
24.182028,120.632861,西屯,C0F9T0,2019-05-01T21:00:00+08:00,111.0,335,1.6,21.0,0.83,996.9,-99,41.5,-99,-99,-99,臺中市,02,西屯區,125
24.182028,120.632861,西屯,C0F9T0,2019-05-01T22:00:00+08:00,111.0,300,1.5,20.8,0.83,996.9,-99,41.5,-99,-99,-99,臺中市,02,西屯區,125
24.182028,120.632861,西屯,C0F9T0,2019-05-01T23:00:00+08:00,111.0,325,1.6,20.9,0.85,996.8,-99,41.5,-99,-99,-99,臺中市,02,西屯區,125
24.182028,120.632861,西屯,C0F9T0,2019-05-02T00:00:00+08:00,111.0,303,0.7,20.6,0.84,996.5,-99,41.5,-99,-99,-99,臺中市,02,西屯區,125
24.182028,120.632861,西屯,C0F9T0,2019-05-02T01:00:00+08:00,111.0,316,1.2,20.5,0.83,996.5,-99,0.0,-99,-99,-99,臺中市,02,西屯區,125
24.182028,120.632861,西屯,C0F9T0,2019-05-02T02:00:00+08:00,111.0,325,1.4,20.0,0.83,996.5,-99,0.0,-99,-99,-99,臺中市,02,西屯區,125
24.182028,120.632861,西屯,C0F9T0,2019-05-02T03:00:00+08:00,111.0,316,1.6,20.2,0.83,995.9,-99,0.0,-99,-99,-99,臺中市,02,西屯區,125
24.182028,120.632861,西屯,C0F9T0,2019-05-02T04:00:00+08:00,111.0,336,1.4,20.3,0.82,995.9,-99,0.0,-99,-99,-99,臺中市,02,西屯區,125
24.182028,120.632861,西屯,C0F9T0,2019-05-02T05:00:00+08:00,111.0,319,1.2,20.1,0.83,996.1,-99,0.0,-99,-99,-99,臺中市,02,西屯區,125
24.182028,120.632861,西屯,C0F9T0,2019-05-02T06:00:00+08:00,111.0,326,0.5,20.3,0.81,996.7,-99,0.0,-99,-99,-99,臺中市,02,西屯區,125
24.182028,120.632861,西屯,C0F9T0,2019-05-02T07:00:00+08:00,111.0,326,0.8,20.5,0.82,997.7,-99,0.0,-99,-99,-99,臺中市,02,西屯區,125
24.182028,120.632861,西屯,C0F9T0,2019-05-02T08:00:00+08:00,111.0,332,1.9,19.3,0.8,998.3,-99,1.0,-99,-99,-99,臺中市,02,西屯區,125
24.182028,120.632861,西屯,C0F9T0,2019-05-02T09:00:00+08:00,111.0,320,1.2,19.4,0.83,998.5,-99,1.0,-99,-99,-99,臺中市,02,西屯區,125
24.182028,120.632861,西屯,C0F9T0,2019-05-02T10:00:00+08:00,111.0,304,1.1,20.5,0.83,998.6,-99,1.0,-99,-99,-99,臺中市,02,西屯區,125
24.182028,120.632861,西屯,C0F9T0,2019-05-02T12:00:00+08:00,111.0,331,0.9,20.3,0.89,998.1,-99,1.5,-99,-99,-99,臺中市,02,西屯區,125
24.182028,120.632861,西屯,C0F9T0,2019-05-02T13:00:00+08:00,111.0,320,2.9,19.4,0.93,998.3,-99,7.5,-99,-99,-99,臺中市,02,西屯區,125
24.182028,120.632861,西屯,C0F9T0,2019-05-02T14:00:00+08:00,111.0,314,2.0,19.2,0.97,998.0,-99,15.0,-99,-99,-99,臺中市,02,西屯區,125
24.182028,120.632861,西屯,C0F9T0,2019-05-02T15:00:00+08:00,111.0,0,0.0,19.7,0.99,998.0,-99,23.0,-99,-99,-99,臺中市,02,西屯區,125
24.182028,120.632861,西屯,C0F9T0,2019-05-02T17:00:00+08:00,111.0,338,1.2,19.3,1,998.3,-99,44.5,-99,-99,-99,臺中市,02,西屯區,125
24.182028,120.632861,西屯,C0F9T0,2019-05-02T18:00:00+08:00,111.0,46,0.7,19.2,1,998.2,-99,53.5,-99,-99,-99,臺中市,02,西屯區,125
24.182028,120.632861,西屯,C0F9T0,2019-05-02T19:00:00+08:00,111.0,348,0.7,19.1,1,998.7,-99,55.5,-99,-99,-99,臺中市,02,西屯區,125
24.182028,120.632861,西屯,C0F9T0,2019-05-02T20:00:00+08:00,111.0,321,1.6,19.4,1,999.2,-99,57.0,-99,-99,-99,臺中市,02,西屯區,125
24.182028,120.632861,西屯,C0F9T0,2019-05-02T21:00:00+08:00,111.0,334,0.8,18.8,1,999.6,-99,57.5,-99,-99,-99,臺中市,02,西屯區,125
24.182028,120.632861,西屯,C0F9T0,2019-05-02T22:00:00+08:00,111.0,45,0.8,19.0,1,999.8,-99,57.5,-99,-99,-99,臺中市,02,西屯區,125
24.182028,120.632861,西屯,C0F9T0,2019-05-02T23:00:00+08:00,111.0,334,0.7,19.1,1,999.7,-99,57.5,-99,-99,-99,臺中市,02,西屯區,125
24.182028,120.632861,西屯,C0F9T0,2019-05-03T00:00:00+08:00,111.0,306,0.4,19.2,0.99,999.3,-99,57.5,-99,-99,-99,臺中市,02,西屯區,125
24.182028,120.632861,西屯,C0F9T0,2019-05-03T01:00:00+08:00,111.0,156,0.3,20.0,0.98,998.9,-99,0.0,-99,-99,-99,臺中市,02,西屯區,125
24.182028,120.632861,西屯,C0F9T0,2019-05-03T02:00:00+08:00,111.0,343,1.7,20.0,0.97,998.9,-99,0.0,-99,-99,-99,臺中市,02,西屯區,125
24.182028,120.632861,西屯,C0F9T0,2019-05-03T03:00:00+08:00,111.0,338,1.8,18.6,0.97,998.6,-99,0.0,-99,-99,-99,臺中市,02,西屯區,125
24.182028,120.632861,西屯,C0F9T0,2019-05-03T04:00:00+08:00,111.0,298,1.5,18.6,0.97,998.4,-99,0.0,-99,-99,-99,臺中市,02,西屯區,125
24.182028,120.632861,西屯,C0F9T0,2019-05-03T05:00:00+08:00,111.0,314,0.7,18.7,0.95,998.0,-99,1.5,-99,-99,-99,臺中市,02,西屯區,125
24.182028,120.632861,西屯,C0F9T0,2019-05-03T06:00:00+08:00,111.0,318,1.8,18.4,0.95,999.0,-99,2.0,-99,-99,-99,臺中市,02,西屯區,125
24.182028,120.632861,西屯,C0F9T0,2019-05-03T07:00:00+08:00,111.0,337,1.5,18.6,0.95,999.7,-99,3.0,-99,-99,-99,臺中市,02,西屯區,125
24.182028,120.632861,西屯,C0F9T0,2019-05-03T08:00:00+08:00,111.0,324,0.4,19.6,0.95,1000.0,-99,3.0,-99,-99,-99,臺中市,02,西屯區,125
24.182028,120.632861,西屯,C0F9T0,2019-05-03T09:00:00+08:00,111.0,322,2.2,20.1,0.86,1000.8,-99,3.0,-99,-99,-99,臺中市,02,西屯區,125
24.182028,120.632861,西屯,C0F9T0,2019-05-03T10:00:00+08:00,111.0,332,1.6,21.7,0.74,1001.2,-99,3.0,-99,-99,-99,臺中市,02,西屯區,125
24.182028,120.632861,西屯,C0F9T0,2019-05-03T11:00:00+08:00,111.0,309,3.1,22.7,0.67,1001.3,-99,3.0,-99,-99,-99,臺中市,02,西屯區,125
24.182028,120.632861,西屯,C0F9T0,2019-05-03T12:00:00+08:00,111.0,352,2.3,23.7,0.64,1000.9,-99,3.0,-99,-99,-99,臺中市,02,西屯區,125
24.182028,120.632861,西屯,C0F9T0,2019-05-03T13:00:00+08:00,111.0,354,1.4,24.6,0.63,1000.4,-99,3.0,-99,-99,-99,臺中市,02,西屯區,125
24.182028,120.632861,西屯,C0F9T0,2019-05-03T14:00:00+08:00,111.0,333,1.9,25.8,0.6,999.7,-99,3.0,-99,-99,-99,臺中市,02,西屯區,125
24.182028,120.632861,西屯,C0F9T0,2019-05-03T15:00:00+08:00,111.0,343,2.5,26.3,0.6,999.2,-99,3.0,-99,-99,-99,臺中市,02,西屯區,125
24.182028,120.632861,西屯,C0F9T0,2019-05-03T16:00:00+08:00,111.0,325,3.4,25.8,0.61,998.9,-99,3.0,-99,-99,-99,臺中市,02,西屯區,125
24.182028,120.632861,西屯,C0F9T0,2019-05-03T17:00:00+08:00,111.0,327,2.3,25.4,0.6,998.8,-99,3.0,-99,-99,-99,臺中市,02,西屯區,125
24.182028,120.632861,西屯,C0F9T0,2019-05-03T18:00:00+08:00,111.0,324,1.9,24.5,0.58,999.0,-99,3.0,-99,-99,-99,臺中市,02,西屯區,125
24.182028,120.632861,西屯,C0F9T0,2019-05-03T19:00:00+08:00,111.0,317,1.9,23.2,0.61,999.4,-99,3.0,-99,-99,-99,臺中市,02,西屯區,125
24.182028,120.632861,西屯,C0F9T0,2019-05-03T20:00:00+08:00,111.0,314,1.9,22.3,0.65,1000.0,-99,3.0,-99,-99,-99,臺中市,02,西屯區,125
24.182028,120.632861,西屯,C0F9T0,2019-05-03T21:00:00+08:00,111.0,330,1.4,21.5,0.69,1000.0,-99,3.0,-99,-99,-99,臺中市,02,西屯區,125
24.182028,120.632861,西屯,C0F9T0,2019-05-03T22:00:00+08:00,111.0,325,0.8,21.3,0.71,1000.5,-99,3.0,-99,-99,-99,臺中市,02,西屯區,125
24.182028,120.632861,西屯,C0F9T0,2019-05-03T23:00:00+08:00,111.0,333,0.7,21.5,0.72,1000.5,-99,3.0,-99,-99,-99,臺中市,02,西屯區,125
24.182028,120.632861,西屯,C0F9T0,2019-05-04T00:00:00+08:00,111.0,0,0.2,21.9,0.73,1000.3,-99,3.0,-99,-99,-99,臺中市,02,西屯區,125
24.182028,120.632861,西屯,C0F9T0,2019-05-04T01:00:00+08:00,111.0,317,0.4,22.4,0.73,1000.0,-99,0.0,-99,-99,-99,臺中市,02,西屯區,125
24.182028,120.632861,西屯,C0F9T0,2019-05-04T02:00:00+08:00,111.0,0,0.0,22.5,0.73,999.7,-99,0.0,-99,-99,-99,臺中市,02,西屯區,125
24.182028,120.632861,西屯,C0F9T0,2019-05-04T03:00:00+08:00,111.0,67,0.3,23.0,0.73,999.2,-99,0.0,-99,-99,-99,臺中市,02,西屯區,125
24.182028,120.632861,西屯,C0F9T0,2019-05-04T04:00:00+08:00,111.0,0,0.0,22.9,0.78,998.7,-99,0.0,-99,-99,-99,臺中市,02,西屯區,125
24.182028,120.632861,西屯,C0F9T0,2019-05-04T05:00:00+08:00,111.0,301,0.5,22.9,0.78,999.4,-99,0.0,-99,-99,-99,臺中市,02,西屯區,125
24.182028,120.632861,西屯,C0F9T0,2019-05-04T06:00:00+08:00,111.0,0,0.0,22.9,0.81,999.5,-99,0.0,-99,-99,-99,臺中市,02,西屯區,125
24.182028,120.632861,西屯,C0F9T0,2019-05-04T07:00:00+08:00,111.0,291,0.6,23.1,0.83,1000.3,-99,0.0,-99,-99,-99,臺中市,02,西屯區,125
24.182028,120.632861,西屯,C0F9T0,2019-05-04T08:00:00+08:00,111.0,298,0.8,23.7,0.81,1000.8,-99,0.0,-99,-99,-99,臺中市,02,西屯區,125
24.182028,120.632861,西屯,C0F9T0,2019-05-04T09:00:00+08:00,111.0,166,1.5,24.6,0.75,1000.9,-99,0.0,-99,-99,-99,臺中市,02,西屯區,125
24.182028,120.632861,西屯,C0F9T0,2019-05-04T10:00:00+08:00,111.0,182,1.4,26.3,0.68,1000.7,-99,0.0,-99,-99,-99,臺中市,02,西屯區,125
24.182028,120.632861,西屯,C0F9T0,2019-05-04T11:00:00+08:00,111.0,268,1.6,26.7,0.68,1000.5,-99,0.0,-99,-99,-99,臺中市,02,西屯區,125
24.182028,120.632861,西屯,C0F9T0,2019-05-04T12:00:00+08:00,111.0,270,1.9,27.0,0.68,1000.0,-99,0.0,-99,-99,-99,臺中市,02,西屯區,125
24.182028,120.632861,西屯,C0F9T0,2019-05-04T13:00:00+08:00,111.0,303,1.2,27.6,0.64,999.6,-99,0.0,-99,-99,-99,臺中市,02,西屯區,125
24.182028,120.632861,西屯,C0F9T0,2019-05-04T14:00:00+08:00,111.0,315,1.0,26.9,0.67,999.0,-99,0.0,-99,-99,-99,臺中市,02,西屯區,125
24.182028,120.632861,西屯,C0F9T0,2019-05-04T15:00:00+08:00,111.0,243,1.4,28.6,0.57,998.8,-99,0.0,-99,-99,-99,臺中市,02,西屯區,125
24.182028,120.632861,西屯,C0F9T0,2019-05-04T16:00:00+08:00,111.0,282,1.6,27.4,0.63,998.5,-99,0.0,-99,-99,-99,臺中市,02,西屯區,125
24.182028,120.632861,西屯,C0F9T0,2019-05-04T17:00:00+08:00,111.0,265,1.8,26.6,0.68,998.3,-99,0.0,-99,-99,-99,臺中市,02,西屯區,125
24.182028,120.632861,西屯,C0F9T0,2019-05-04T18:00:00+08:00,111.0,302,1.3,25.6,0.72,998.9,-99,0.0,-99,-99,-99,臺中市,02,西屯區,125
24.182028,120.632861,西屯,C0F9T0,2019-05-04T19:00:00+08:00,111.0,214,0.6,25.3,0.73,999.0,-99,0.0,-99,-99,-99,臺中市,02,西屯區,125
24.182028,120.632861,西屯,C0F9T0,2019-05-04T20:00:00+08:00,111.0,169,1.0,25.0,0.74,999.3,-99,0.0,-99,-99,-99,臺中市,02,西屯區,125
24.182028,120.632861,西屯,C0F9T0,2019-05-04T21:00:00+08:00,111.0,209,0.8,24.8,0.77,999.4,-99,0.0,-99,-99,-99,臺中市,02,西屯區,125
24.182028,120.632861,西屯,C0F9T0,2019-05-04T22:00:00+08:00,111.0,184,0.4,24.3,0.79,1000.0,-99,0.0,-99,-99,-99,臺中市,02,西屯區,125
24.182028,120.632861,西屯,C0F9T0,2019-05-04T23:00:00+08:00,111.0,199,0.9,24.0,0.79,1000.3,-99,0.0,-99,-99,-99,臺中市,02,西屯區,125
24.182028,120.632861,西屯,C0F9T0,2019-05-05T00:00:00+08:00,111.0,239,0.6,23.7,0.81,999.8,-99,0.0,-99,-99,-99,臺中市,02,西屯區,125
24.182028,120.632861,西屯,C0F9T0,2019-05-05T01:00:00+08:00,111.0,161,1.0,23.5,0.81,998.9,-99,0.0,-99,-99,-99,臺中市,02,西屯區,125
24.182028,120.632861,西屯,C0F9T0,2019-05-05T02:00:00+08:00,111.0,294,0.4,22.5,0.83,998.5,-99,0.0,-99,-99,-99,臺中市,02,西屯區,125
24.182028,120.632861,西屯,C0F9T0,2019-05-05T03:00:00+08:00,111.0,350,0.8,22.2,0.87,998.1,-99,0.0,-99,-99,-99,臺中市,02,西屯區,125
24.182028,120.632861,西屯,C0F9T0,2019-05-05T04:00:00+08:00,111.0,344,0.9,21.9,0.84,997.9,-99,0.0,-99,-99,-99,臺中市,02,西屯區,125
24.182028,120.632861,西屯,C0F9T0,2019-05-05T05:00:00+08:00,111.0,324,1.1,21.8,0.82,998.1,-99,0.0,-99,-99,-99,臺中市,02,西屯區,125
24.182028,120.632861,西屯,C0F9T0,2019-05-05T06:00:00+08:00,111.0,317,0.6,22.3,0.79,998.7,-99,0.0,-99,-99,-99,臺中市,02,西屯區,125
24.182028,120.632861,西屯,C0F9T0,2019-05-05T07:00:00+08:00,111.0,308,0.4,22.6,0.78,999.1,-99,0.0,-99,-99,-99,臺中市,02,西屯區,125
24.182028,120.632861,西屯,C0F9T0,2019-05-05T08:00:00+08:00,111.0,228,0.6,23.7,0.74,999.1,-99,0.0,-99,-99,-99,臺中市,02,西屯區,125
24.182028,120.632861,西屯,C0F9T0,2019-05-05T10:00:00+08:00,111.0,336,1.3,26.4,0.59,998.3,-99,0.0,-99,-99,-99,臺中市,02,西屯區,125
24.182028,120.632861,西屯,C0F9T0,2019-05-05T11:00:00+08:00,111.0,299,3.3,26.1,0.66,999.0,-99,0.0,-99,-99,-99,臺中市,02,西屯區,125
24.182028,120.632861,西屯,C0F9T0,2019-05-05T12:00:00+08:00,111.0,308,0.8,25.6,0.71,997.8,-99,0.0,-99,-99,-99,臺中市,02,西屯區,125
24.182028,120.632861,西屯,C0F9T0,2019-05-05T14:00:00+08:00,111.0,278,0.5,27.9,0.58,995.4,-99,0.0,-99,-99,-99,臺中市,02,西屯區,125
24.182028,120.632861,西屯,C0F9T0,2019-05-05T15:00:00+08:00,111.0,291,2.4,26.3,0.71,995.3,-99,0.0,-99,-99,-99,臺中市,02,西屯區,125
24.182028,120.632861,西屯,C0F9T0,2019-05-05T16:00:00+08:00,111.0,302,2.5,26.2,0.69,995.0,-99,0.0,-99,-99,-99,臺中市,02,西屯區,125
24.182028,120.632861,西屯,C0F9T0,2019-05-05T17:00:00+08:00,111.0,294,2.2,26.0,0.66,995.4,-99,0.0,-99,-99,-99,臺中市,02,西屯區,125
24.182028,120.632861,西屯,C0F9T0,2019-05-05T18:00:00+08:00,111.0,303,1.6,25.7,0.67,996.2,-99,0.0,-99,-99,-99,臺中市,02,西屯區,125
24.182028,120.632861,西屯,C0F9T0,2019-05-05T19:00:00+08:00,111.0,307,0.7,24.6,0.74,996.5,-99,0.0,-99,-99,-99,臺中市,02,西屯區,125
24.182028,120.632861,西屯,C0F9T0,2019-05-05T20:00:00+08:00,111.0,0,0.0,25.0,0.61,997.2,-99,0.0,-99,-99,-99,臺中市,02,西屯區,125
24.182028,120.632861,西屯,C0F9T0,2019-05-05T21:00:00+08:00,111.0,339,0.3,24.3,0.7,997.4,-99,0.5,-99,-99,-99,臺中市,02,西屯區,125
24.182028,120.632861,西屯,C0F9T0,2019-05-05T22:00:00+08:00,111.0,287,0.3,23.6,0.79,997.6,-99,0.5,-99,-99,-99,臺中市,02,西屯區,125
24.182028,120.632861,西屯,C0F9T0,2019-05-05T23:00:00+08:00,111.0,293,0.8,22.8,0.87,997.2,-99,0.5,-99,-99,-99,臺中市,02,西屯區,125
24.182028,120.632861,西屯,C0F9T0,2019-05-06T00:00:00+08:00,111.0,292,0.7,22.5,0.89,997.1,-99,0.5,-99,-99,-99,臺中市,02,西屯區,125
24.182028,120.632861,西屯,C0F9T0,2019-05-06T01:00:00+08:00,111.0,0,0.2,22.1,0.9,996.7,-99,0.5,-99,-99,-99,臺中市,02,西屯區,125
24.182028,120.632861,西屯,C0F9T0,2019-05-06T02:00:00+08:00,111.0,0,0.1,21.7,0.91,996.2,-99,1.0,-99,-99,-99,臺中市,02,西屯區,125
24.182028,120.632861,西屯,C0F9T0,2019-05-06T03:00:00+08:00,111.0,316,0.6,21.5,0.96,995.5,-99,2.0,-99,-99,-99,臺中市,02,西屯區,125
24.182028,120.632861,西屯,C0F9T0,2019-05-06T04:00:00+08:00,111.0,306,0.3,21.0,0.97,995.5,-99,4.0,-99,-99,-99,臺中市,02,西屯區,125
24.182028,120.632861,西屯,C0F9T0,2019-05-06T05:00:00+08:00,111.0,313,0.6,20.8,0.98,995.5,-99,5.0,-99,-99,-99,臺中市,02,西屯區,125
24.182028,120.632861,西屯,C0F9T0,2019-05-06T06:00:00+08:00,111.0,322,1.0,21.1,0.99,995.9,-99,6.0,-99,-99,-99,臺中市,02,西屯區,125
24.182028,120.632861,西屯,C0F9T0,2019-05-06T07:00:00+08:00,111.0,309,0.7,21.0,1,996.5,-99,9.5,-99,-99,-99,臺中市,02,西屯區,125
24.182028,120.632861,西屯,C0F9T0,2019-05-06T08:00:00+08:00,111.0,311,0.8,21.2,1,996.7,-99,13.5,-99,-99,-99,臺中市,02,西屯區,125
24.182028,120.632861,西屯,C0F9T0,2019-05-06T10:00:00+08:00,111.0,11,0.6,21.8,0.99,996.9,-99,18.0,-99,-99,-99,臺中市,02,西屯區,125
24.182028,120.632861,西屯,C0F9T0,2019-05-06T11:00:00+08:00,111.0,333,0.6,21.9,0.99,997.1,-99,20.5,-99,-99,-99,臺中市,02,西屯區,125
24.182028,120.632861,西屯,C0F9T0,2019-05-06T12:00:00+08:00,111.0,341,1.6,21.9,0.98,996.5,-99,21.0,-99,-99,-99,臺中市,02,西屯區,125
24.182028,120.632861,西屯,C0F9T0,2019-05-06T13:00:00+08:00,111.0,317,1.0,22.1,0.98,996.1,-99,21.5,-99,-99,-99,臺中市,02,西屯區,125
24.182028,120.632861,西屯,C0F9T0,2019-05-06T14:00:00+08:00,111.0,313,2.1,21.9,0.97,995.5,-99,21.5,-99,-99,-99,臺中市,02,西屯區,125
24.182028,120.632861,西屯,C0F9T0,2019-05-06T15:00:00+08:00,111.0,317,2.0,21.3,0.97,995.1,-99,21.5,-99,-99,-99,臺中市,02,西屯區,125
24.182028,120.632861,西屯,C0F9T0,2019-05-06T16:00:00+08:00,111.0,315,1.9,20.8,0.95,994.7,-99,21.5,-99,-99,-99,臺中市,02,西屯區,125
24.182028,120.632861,西屯,C0F9T0,2019-05-06T17:00:00+08:00,111.0,318,1.9,20.3,0.97,994.4,-99,23.0,-99,-99,-99,臺中市,02,西屯區,125
24.182028,120.632861,西屯,C0F9T0,2019-05-06T19:00:00+08:00,111.0,337,2.0,19.5,0.98,995.3,-99,25.0,-99,-99,-99,臺中市,02,西屯區,125
24.182028,120.632861,西屯,C0F9T0,2019-05-06T20:00:00+08:00,111.0,332,1.5,19.3,0.99,996.0,-99,27.5,-99,-99,-99,臺中市,02,西屯區,125
24.182028,120.632861,西屯,C0F9T0,2019-05-06T21:00:00+08:00,111.0,327,2.0,19.3,0.99,995.6,-99,28.0,-99,-99,-99,臺中市,02,西屯區,125
24.182028,120.632861,西屯,C0F9T0,2019-05-06T22:00:00+08:00,111.0,343,2.2,18.7,0.97,995.8,-99,28.0,-99,-99,-99,臺中市,02,西屯區,125
24.182028,120.632861,西屯,C0F9T0,2019-05-06T23:00:00+08:00,111.0,334,0.7,18.8,0.97,995.6,-99,28.5,-99,-99,-99,臺中市,02,西屯區,125
24.182028,120.632861,西屯,C0F9T0,2019-05-07T00:00:00+08:00,111.0,322,1.6,19.1,0.96,995.1,-99,28.5,-99,-99,-99,臺中市,02,西屯區,125
24.182028,120.632861,西屯,C0F9T0,2019-05-07T01:00:00+08:00,111.0,345,1.4,18.9,0.97,994.9,-99,0.0,-99,-99,-99,臺中市,02,西屯區,125
24.182028,120.632861,西屯,C0F9T0,2019-05-07T02:00:00+08:00,111.0,323,1.5,18.8,0.98,994.8,-99,2.0,-99,-99,-99,臺中市,02,西屯區,125
24.182028,120.632861,西屯,C0F9T0,2019-05-07T03:00:00+08:00,111.0,328,1.8,18.8,0.99,994.3,-99,2.0,-99,-99,-99,臺中市,02,西屯區,125
24.182028,120.632861,西屯,C0F9T0,2019-05-07T04:00:00+08:00,111.0,341,2.3,18.7,0.99,994.7,-99,2.5,-99,-99,-99,臺中市,02,西屯區,125
24.182028,120.632861,西屯,C0F9T0,2019-05-07T05:00:00+08:00,111.0,334,2.1,18.7,1,995.3,-99,2.5,-99,-99,-99,臺中市,02,西屯區,125
24.182028,120.632861,西屯,C0F9T0,2019-05-07T06:00:00+08:00,111.0,343,1.4,18.8,0.99,995.7,-99,2.5,-99,-99,-99,臺中市,02,西屯區,125
24.182028,120.632861,西屯,C0F9T0,2019-05-07T08:00:00+08:00,111.0,343,2.6,18.4,0.98,996.8,-99,3.0,-99,-99,-99,臺中市,02,西屯區,125
24.182028,120.632861,西屯,C0F9T0,2019-05-07T09:00:00+08:00,111.0,323,1.9,19.6,0.89,996.9,-99,3.5,-99,-99,-99,臺中市,02,西屯區,125
24.182028,120.632861,西屯,C0F9T0,2019-05-07T10:00:00+08:00,111.0,332,2.3,19.9,0.85,997.2,-99,3.5,-99,-99,-99,臺中市,02,西屯區,125
24.182028,120.632861,西屯,C0F9T0,2019-05-07T11:00:00+08:00,111.0,340,1.7,20.0,0.84,997.1,-99,3.5,-99,-99,-99,臺中市,02,西屯區,125
24.182028,120.632861,西屯,C0F9T0,2019-05-07T12:00:00+08:00,111.0,2,2.0,20.5,0.82,996.7,-99,3.5,9.2,350,2019-05-07T11:43:00+08:00,臺中市,02,西屯區,125
24.182028,120.632861,西屯,C0F9T0,2019-05-07T13:00:00+08:00,111.0,10,2.0,20.4,0.81,995.9,-99,3.5,-99,-99,-99,臺中市,02,西屯區,125
24.182028,120.632861,西屯,C0F9T0,2019-05-07T14:00:00+08:00,111.0,334,2.2,21.1,0.79,995.4,-99,3.5,-99,-99,-99,臺中市,02,西屯區,125
24.182028,120.632861,西屯,C0F9T0,2019-05-07T15:00:00+08:00,111.0,304,1.6,21.8,0.77,995.3,-99,3.5,-99,-99,-99,臺中市,02,西屯區,125
24.182028,120.632861,西屯,C0F9T0,2019-05-07T16:00:00+08:00,111.0,338,2.8,20.7,0.8,995.6,-99,3.5,-99,-99,-99,臺中市,02,西屯區,125
24.182028,120.632861,西屯,C0F9T0,2019-05-07T17:00:00+08:00,111.0,345,2.0,20.0,0.77,995.8,-99,3.5,8.7,347,2019-05-07T16:13:00+08:00,臺中市,02,西屯區,125
24.182028,120.632861,西屯,C0F9T0,2019-05-07T18:00:00+08:00,111.0,341,1.7,19.7,0.8,995.9,-99,3.5,8.3,342,2019-05-07T17:04:00+08:00,臺中市,02,西屯區,125
24.182028,120.632861,西屯,C0F9T0,2019-05-07T19:00:00+08:00,111.0,314,2.1,19.8,0.82,996.1,-99,3.5,-99,-99,-99,臺中市,02,西屯區,125
24.182028,120.632861,西屯,C0F9T0,2019-05-07T20:00:00+08:00,111.0,316,2.8,18.8,0.88,997.0,-99,3.5,-99,-99,-99,臺中市,02,西屯區,125
24.182028,120.632861,西屯,C0F9T0,2019-05-07T21:00:00+08:00,111.0,327,1.6,18.4,0.9,997.4,-99,3.5,-99,-99,-99,臺中市,02,西屯區,125
24.182028,120.632861,西屯,C0F9T0,2019-05-07T22:00:00+08:00,111.0,358,0.9,18.9,0.89,996.9,-99,3.5,-99,-99,-99,臺中市,02,西屯區,125
24.182028,120.632861,西屯,C0F9T0,2019-05-07T23:00:00+08:00,111.0,338,1.2,19.0,0.9,997.2,-99,3.5,-99,-99,-99,臺中市,02,西屯區,125
24.182028,120.632861,西屯,C0F9T0,2019-05-08T00:00:00+08:00,111.0,0,0.2,19.4,0.91,997.1,-99,3.5,-99,-99,-99,臺中市,02,西屯區,125
24.182028,120.632861,西屯,C0F9T0,2019-05-08T01:00:00+08:00,111.0,64,0.6,19.7,0.91,996.9,-99,0.0,-99,-99,-99,臺中市,02,西屯區,125
24.182028,120.632861,西屯,C0F9T0,2019-05-08T02:00:00+08:00,111.0,293,0.9,19.3,0.91,996.4,-99,0.0,-99,-99,-99,臺中市,02,西屯區,125
24.182028,120.632861,西屯,C0F9T0,2019-05-08T03:00:00+08:00,111.0,339,0.8,19.8,0.91,996.6,-99,0.5,-99,-99,-99,臺中市,02,西屯區,125
24.182028,120.632861,西屯,C0F9T0,2019-05-08T04:00:00+08:00,111.0,60,1.0,19.4,0.94,996.0,-99,0.5,-99,-99,-99,臺中市,02,西屯區,125
24.182028,120.632861,西屯,C0F9T0,2019-05-08T05:00:00+08:00,111.0,306,0.5,19.5,0.94,996.1,-99,0.5,-99,-99,-99,臺中市,02,西屯區,125
24.182028,120.632861,西屯,C0F9T0,2019-05-08T06:00:00+08:00,111.0,0,0.0,19.8,0.93,996.4,-99,0.5,-99,-99,-99,臺中市,02,西屯區,125
24.182028,120.632861,西屯,C0F9T0,2019-05-08T07:00:00+08:00,111.0,319,0.8,20.5,0.92,997.0,-99,0.5,-99,-99,-99,臺中市,02,西屯區,125
24.182028,120.632861,西屯,C0F9T0,2019-05-08T08:00:00+08:00,111.0,3,0.9,20.6,0.92,997.1,-99,0.5,-99,-99,-99,臺中市,02,西屯區,125
24.182028,120.632861,西屯,C0F9T0,2019-05-08T09:00:00+08:00,111.0,334,0.8,21.7,0.88,997.4,-99,0.5,-99,-99,-99,臺中市,02,西屯區,125
24.182028,120.632861,西屯,C0F9T0,2019-05-08T10:00:00+08:00,111.0,35,1.1,23.1,0.83,997.1,-99,0.5,-99,-99,-99,臺中市,02,西屯區,125
24.182028,120.632861,西屯,C0F9T0,2019-05-08T11:00:00+08:00,111.0,265,0.5,24.5,0.78,996.6,-99,0.5,-99,-99,-99,臺中市,02,西屯區,125
24.182028,120.632861,西屯,C0F9T0,2019-05-08T12:00:00+08:00,111.0,332,1.9,23.5,0.84,996.3,-99,0.5,-99,-99,-99,臺中市,02,西屯區,125
24.182028,120.632861,西屯,C0F9T0,2019-05-08T13:00:00+08:00,111.0,308,1.2,25.0,0.76,995.7,-99,0.5,-99,-99,-99,臺中市,02,西屯區,125
24.182028,120.632861,西屯,C0F9T0,2019-05-08T14:00:00+08:00,111.0,317,2.4,23.2,0.81,995.3,-99,0.5,-99,-99,-99,臺中市,02,西屯區,125
24.182028,120.632861,西屯,C0F9T0,2019-05-08T15:00:00+08:00,111.0,290,1.8,23.1,0.82,994.7,-99,0.5,-99,-99,-99,臺中市,02,西屯區,125
24.182028,120.632861,西屯,C0F9T0,2019-05-08T16:00:00+08:00,111.0,346,1.1,22.3,0.91,994.7,-99,0.5,-99,-99,-99,臺中市,02,西屯區,125
24.182028,120.632861,西屯,C0F9T0,2019-05-08T17:00:00+08:00,111.0,338,2.0,22.3,0.91,994.4,-99,1.0,-99,-99,-99,臺中市,02,西屯區,125
24.182028,120.632861,西屯,C0F9T0,2019-05-08T18:00:00+08:00,111.0,322,1.7,22.4,0.91,994.7,-99,1.0,-99,-99,-99,臺中市,02,西屯區,125
24.182028,120.632861,西屯,C0F9T0,2019-05-08T19:00:00+08:00,111.0,333,2.0,21.8,0.93,995.2,-99,1.0,-99,-99,-99,臺中市,02,西屯區,125
24.182028,120.632861,西屯,C0F9T0,2019-05-08T20:00:00+08:00,111.0,338,1.8,21.5,0.94,995.7,-99,1.0,-99,-99,-99,臺中市,02,西屯區,125
24.182028,120.632861,西屯,C0F9T0,2019-05-08T21:00:00+08:00,111.0,335,0.8,21.5,0.94,995.9,-99,1.0,-99,-99,-99,臺中市,02,西屯區,125
24.182028,120.632861,西屯,C0F9T0,2019-05-08T22:00:00+08:00,111.0,306,1.3,21.4,0.95,996.7,-99,1.0,-99,-99,-99,臺中市,02,西屯區,125
24.182028,120.632861,西屯,C0F9T0,2019-05-08T23:00:00+08:00,111.0,347,0.7,21.5,0.95,996.9,-99,1.0,-99,-99,-99,臺中市,02,西屯區,125
24.182028,120.632861,西屯,C0F9T0,2019-05-09T00:00:00+08:00,111.0,314,0.7,21.3,0.95,996.5,-99,1.0,-99,-99,-99,臺中市,02,西屯區,125
24.182028,120.632861,西屯,C0F9T0,2019-05-09T01:00:00+08:00,111.0,347,1.4,21.3,0.95,996.0,-99,0.0,-99,-99,-99,臺中市,02,西屯區,125
24.182028,120.632861,西屯,C0F9T0,2019-05-09T02:00:00+08:00,111.0,321,1.3,21.1,0.96,995.5,-99,0.0,-99,-99,-99,臺中市,02,西屯區,125
24.182028,120.632861,西屯,C0F9T0,2019-05-09T03:00:00+08:00,111.0,341,0.4,21.0,0.98,995.1,-99,0.0,-99,-99,-99,臺中市,02,西屯區,125
24.182028,120.632861,西屯,C0F9T0,2019-05-09T04:00:00+08:00,111.0,307,0.9,21.0,0.98,994.9,-99,0.0,-99,-99,-99,臺中市,02,西屯區,125
24.182028,120.632861,西屯,C0F9T0,2019-05-09T05:00:00+08:00,111.0,298,0.5,21.2,0.99,995.0,-99,0.5,-99,-99,-99,臺中市,02,西屯區,125
24.182028,120.632861,西屯,C0F9T0,2019-05-09T06:00:00+08:00,111.0,324,0.9,21.3,0.99,995.5,-99,0.5,-99,-99,-99,臺中市,02,西屯區,125
24.182028,120.632861,西屯,C0F9T0,2019-05-09T07:00:00+08:00,111.0,6,1.0,21.8,0.99,995.4,-99,0.5,-99,-99,-99,臺中市,02,西屯區,125
24.182028,120.632861,西屯,C0F9T0,2019-05-09T08:00:00+08:00,111.0,346,1.4,22.3,0.95,995.7,-99,0.5,-99,-99,-99,臺中市,02,西屯區,125
24.182028,120.632861,西屯,C0F9T0,2019-05-09T09:00:00+08:00,111.0,329,1.2,24.0,0.87,995.7,-99,0.5,-99,-99,-99,臺中市,02,西屯區,125
24.182028,120.632861,西屯,C0F9T0,2019-05-09T10:00:00+08:00,111.0,319,1.9,25.0,0.83,995.7,-99,0.5,-99,-99,-99,臺中市,02,西屯區,125
24.182028,120.632861,西屯,C0F9T0,2019-05-09T11:00:00+08:00,111.0,309,1.9,25.1,0.82,995.6,-99,0.5,-99,-99,-99,臺中市,02,西屯區,125
24.182028,120.632861,西屯,C0F9T0,2019-05-09T12:00:00+08:00,111.0,324,1.9,24.0,0.86,995.5,-99,0.5,-99,-99,-99,臺中市,02,西屯區,125
24.182028,120.632861,西屯,C0F9T0,2019-05-09T13:00:00+08:00,111.0,302,1.9,23.0,0.91,994.7,-99,0.5,-99,-99,-99,臺中市,02,西屯區,125
24.182028,120.632861,西屯,C0F9T0,2019-05-09T14:00:00+08:00,111.0,321,1.3,23.0,0.93,994.0,-99,0.5,-99,-99,-99,臺中市,02,西屯區,125
24.182028,120.632861,西屯,C0F9T0,2019-05-09T15:00:00+08:00,111.0,321,1.1,23.3,0.92,993.4,-99,0.5,-99,-99,-99,臺中市,02,西屯區,125
24.182028,120.632861,西屯,C0F9T0,2019-05-09T17:00:00+08:00,111.0,352,0.9,22.3,0.96,993.6,-99,1.0,-99,-99,-99,臺中市,02,西屯區,125
24.182028,120.632861,西屯,C0F9T0,2019-05-09T18:00:00+08:00,111.0,333,1.3,22.4,0.95,994.2,-99,1.0,-99,-99,-99,臺中市,02,西屯區,125
24.182028,120.632861,西屯,C0F9T0,2019-05-09T19:00:00+08:00,111.0,326,1.0,22.6,0.95,994.4,-99,1.0,-99,-99,-99,臺中市,02,西屯區,125
24.182028,120.632861,西屯,C0F9T0,2019-05-09T20:00:00+08:00,111.0,0,0.2,22.2,0.97,995.3,-99,3.0,-99,-99,-99,臺中市,02,西屯區,125
24.182028,120.632861,西屯,C0F9T0,2019-05-09T21:00:00+08:00,111.0,0,0.1,22.2,0.99,995.9,-99,5.0,-99,-99,-99,臺中市,02,西屯區,125
24.182028,120.632861,西屯,C0F9T0,2019-05-09T23:00:00+08:00,111.0,0,0.0,22.3,1,996.1,-99,9.0,-99,-99,-99,臺中市,02,西屯區,125
24.182028,120.632861,西屯,C0F9T0,2019-05-10T00:00:00+08:00,111.0,0,0.2,22.4,1,995.7,-99,9.5,-99,-99,-99,臺中市,02,西屯區,125
24.182028,120.632861,西屯,C0F9T0,2019-05-10T01:00:00+08:00,111.0,0,0.0,22.5,1,995.4,-99,3.5,-99,-99,-99,臺中市,02,西屯區,125
24.182028,120.632861,西屯,C0F9T0,2019-05-10T02:00:00+08:00,111.0,342,0.9,22.4,1,995.2,-99,4.5,-99,-99,-99,臺中市,02,西屯區,125
24.182028,120.632861,西屯,C0F9T0,2019-05-10T03:00:00+08:00,111.0,340,1.0,21.0,1,995.1,-99,8.5,-99,-99,-99,臺中市,02,西屯區,125
24.182028,120.632861,西屯,C0F9T0,2019-05-10T04:00:00+08:00,111.0,339,0.8,20.9,1,995.5,-99,10.5,-99,-99,-99,臺中市,02,西屯區,125
24.182028,120.632861,西屯,C0F9T0,2019-05-10T05:00:00+08:00,111.0,0,0.1,21.2,1,995.6,-99,10.5,-99,-99,-99,臺中市,02,西屯區,125
24.182028,120.632861,西屯,C0F9T0,2019-05-10T06:00:00+08:00,111.0,0,0.0,21.4,1,996.1,-99,11.0,-99,-99,-99,臺中市,02,西屯區,125
24.182028,120.632861,西屯,C0F9T0,2019-05-10T07:00:00+08:00,111.0,0,0.2,21.7,1,996.5,-99,11.5,-99,-99,-99,臺中市,02,西屯區,125
24.182028,120.632861,西屯,C0F9T0,2019-05-10T08:00:00+08:00,111.0,307,1.4,22.8,1,996.9,-99,11.5,-99,-99,-99,臺中市,02,西屯區,125
24.182028,120.632861,西屯,C0F9T0,2019-05-10T09:00:00+08:00,111.0,348,0.7,24.3,0.99,996.6,-99,11.5,-99,-99,-99,臺中市,02,西屯區,125
24.182028,120.632861,西屯,C0F9T0,2019-05-10T10:00:00+08:00,111.0,332,1.1,26.1,0.81,996.1,-99,11.5,-99,-99,-99,臺中市,02,西屯區,125
24.182028,120.632861,西屯,C0F9T0,2019-05-10T11:00:00+08:00,111.0,316,2.7,24.8,0.85,996.9,-99,11.5,-99,-99,-99,臺中市,02,西屯區,125
24.182028,120.632861,西屯,C0F9T0,2019-05-10T12:00:00+08:00,111.0,325,2.5,25.5,0.82,997.0,-99,11.5,-99,-99,-99,臺中市,02,西屯區,125
24.182028,120.632861,西屯,C0F9T0,2019-05-10T13:00:00+08:00,111.0,318,2.5,26.1,0.78,996.6,-99,11.5,-99,-99,-99,臺中市,02,西屯區,125
24.182028,120.632861,西屯,C0F9T0,2019-05-10T14:00:00+08:00,111.0,354,1.4,27.5,0.71,996.1,-99,11.5,-99,-99,-99,臺中市,02,西屯區,125
24.182028,120.632861,西屯,C0F9T0,2019-05-10T15:00:00+08:00,111.0,303,1.8,28.2,0.68,995.9,-99,11.5,-99,-99,-99,臺中市,02,西屯區,125
24.182028,120.632861,西屯,C0F9T0,2019-05-10T16:00:00+08:00,111.0,306,2.3,27.5,0.75,995.3,-99,11.5,-99,-99,-99,臺中市,02,西屯區,125
24.182028,120.632861,西屯,C0F9T0,2019-05-10T17:00:00+08:00,111.0,296,2.0,28.5,0.71,995.0,-99,11.5,-99,-99,-99,臺中市,02,西屯區,125
24.182028,120.632861,西屯,C0F9T0,2019-05-10T18:00:00+08:00,111.0,330,2.8,27.5,0.76,995.3,-99,11.5,-99,-99,-99,臺中市,02,西屯區,125
24.182028,120.632861,西屯,C0F9T0,2019-05-10T19:00:00+08:00,111.0,328,1.9,24.1,0.86,996.1,-99,11.5,-99,-99,-99,臺中市,02,西屯區,125
24.182028,120.632861,西屯,C0F9T0,2019-05-10T20:00:00+08:00,111.0,318,1.9,23.3,0.86,996.3,-99,11.5,-99,-99,-99,臺中市,02,西屯區,125
24.182028,120.632861,西屯,C0F9T0,2019-05-10T21:00:00+08:00,111.0,313,1.5,22.9,0.87,996.8,-99,11.5,-99,-99,-99,臺中市,02,西屯區,125
24.182028,120.632861,西屯,C0F9T0,2019-05-10T22:00:00+08:00,111.0,326,1.5,22.9,0.87,997.4,-99,11.5,-99,-99,-99,臺中市,02,西屯區,125
24.182028,120.632861,西屯,C0F9T0,2019-05-10T23:00:00+08:00,111.0,333,1.2,23.0,0.88,997.3,-99,11.5,-99,-99,-99,臺中市,02,西屯區,125
24.182028,120.632861,西屯,C0F9T0,2019-05-11T00:00:00+08:00,111.0,292,0.3,23.0,0.91,997.0,-99,11.5,-99,-99,-99,臺中市,02,西屯區,125
24.182028,120.632861,西屯,C0F9T0,2019-05-11T01:00:00+08:00,111.0,313,0.9,22.4,0.91,996.9,-99,0.0,-99,-99,-99,臺中市,02,西屯區,125
24.182028,120.632861,西屯,C0F9T0,2019-05-11T02:00:00+08:00,111.0,323,1.5,21.6,0.92,996.7,-99,0.0,-99,-99,-99,臺中市,02,西屯區,125
24.182028,120.632861,西屯,C0F9T0,2019-05-11T03:00:00+08:00,111.0,323,1.0,21.5,0.93,996.7,-99,0.0,-99,-99,-99,臺中市,02,西屯區,125
24.182028,120.632861,西屯,C0F9T0,2019-05-11T04:00:00+08:00,111.0,334,0.8,22.0,0.91,996.9,-99,0.0,-99,-99,-99,臺中市,02,西屯區,125
24.182028,120.632861,西屯,C0F9T0,2019-05-11T05:00:00+08:00,111.0,0,0.2,22.4,0.9,997.4,-99,0.0,-99,-99,-99,臺中市,02,西屯區,125
24.182028,120.632861,西屯,C0F9T0,2019-05-11T06:00:00+08:00,111.0,0,0.2,22.5,0.95,998.1,-99,0.0,-99,-99,-99,臺中市,02,西屯區,125
24.182028,120.632861,西屯,C0F9T0,2019-05-11T07:00:00+08:00,111.0,40,0.9,22.9,0.96,998.7,-99,0.0,-99,-99,-99,臺中市,02,西屯區,125
24.182028,120.632861,西屯,C0F9T0,2019-05-11T08:00:00+08:00,111.0,309,0.6,23.8,0.91,999.3,-99,0.0,-99,-99,-99,臺中市,02,西屯區,125
24.182028,120.632861,西屯,C0F9T0,2019-05-11T09:00:00+08:00,111.0,352,1.3,25.9,0.76,999.4,-99,0.0,-99,-99,-99,臺中市,02,西屯區,125
24.182028,120.632861,西屯,C0F9T0,2019-05-11T10:00:00+08:00,111.0,302,1.7,26.9,0.73,999.5,-99,0.0,-99,-99,-99,臺中市,02,西屯區,125
24.182028,120.632861,西屯,C0F9T0,2019-05-11T11:00:00+08:00,111.0,319,2.1,28.4,0.68,998.9,-99,0.0,-99,-99,-99,臺中市,02,西屯區,125
24.182028,120.632861,西屯,C0F9T0,2019-05-11T12:00:00+08:00,111.0,323,2.9,28.0,0.72,998.3,-99,0.0,-99,-99,-99,臺中市,02,西屯區,125
24.182028,120.632861,西屯,C0F9T0,2019-05-11T13:00:00+08:00,111.0,315,3.1,28.2,0.71,997.5,-99,0.0,-99,-99,-99,臺中市,02,西屯區,125
24.182028,120.632861,西屯,C0F9T0,2019-05-11T14:00:00+08:00,111.0,325,3.3,28.4,0.69,997.1,-99,0.0,-99,-99,-99,臺中市,02,西屯區,125
24.182028,120.632861,西屯,C0F9T0,2019-05-11T15:00:00+08:00,111.0,327,1.4,29.0,0.68,996.4,-99,0.0,-99,-99,-99,臺中市,02,西屯區,125
24.182028,120.632861,西屯,C0F9T0,2019-05-11T16:00:00+08:00,111.0,321,3.3,28.5,0.7,996.3,-99,0.0,-99,-99,-99,臺中市,02,西屯區,125
24.182028,120.632861,西屯,C0F9T0,2019-05-11T17:00:00+08:00,111.0,309,2.3,27.6,0.75,996.6,-99,0.0,-99,-99,-99,臺中市,02,西屯區,125
24.182028,120.632861,西屯,C0F9T0,2019-05-11T18:00:00+08:00,111.0,315,2.4,25.8,0.81,997.0,-99,0.0,-99,-99,-99,臺中市,02,西屯區,125
24.182028,120.632861,西屯,C0F9T0,2019-05-11T19:00:00+08:00,111.0,340,1.6,25.9,0.8,997.1,-99,0.0,-99,-99,-99,臺中市,02,西屯區,125
24.182028,120.632861,西屯,C0F9T0,2019-05-11T20:00:00+08:00,111.0,334,1.9,25.4,0.83,997.8,-99,0.0,-99,-99,-99,臺中市,02,西屯區,125
24.182028,120.632861,西屯,C0F9T0,2019-05-11T21:00:00+08:00,111.0,328,1.2,25.1,0.85,998.1,-99,0.0,-99,-99,-99,臺中市,02,西屯區,125
24.182028,120.632861,西屯,C0F9T0,2019-05-11T22:00:00+08:00,111.0,324,1.4,24.9,0.87,998.2,-99,0.0,-99,-99,-99,臺中市,02,西屯區,125
24.182028,120.632861,西屯,C0F9T0,2019-05-11T23:00:00+08:00,111.0,320,0.6,25.2,0.85,998.3,-99,0.0,-99,-99,-99,臺中市,02,西屯區,125
24.182028,120.632861,西屯,C0F9T0,2019-05-12T00:00:00+08:00,111.0,232,0.3,25.5,0.85,998.0,-99,0.0,-99,-99,-99,臺中市,02,西屯區,125
24.182028,120.632861,西屯,C0F9T0,2019-05-12T01:00:00+08:00,111.0,232,0.3,25.0,0.87,997.7,-99,0.0,-99,-99,-99,臺中市,02,西屯區,125
24.182028,120.632861,西屯,C0F9T0,2019-05-12T02:00:00+08:00,111.0,290,0.3,24.7,0.88,997.2,-99,0.0,-99,-99,-99,臺中市,02,西屯區,125
24.182028,120.632861,西屯,C0F9T0,2019-05-12T03:00:00+08:00,111.0,333,1.4,23.2,0.92,997.2,-99,0.0,-99,-99,-99,臺中市,02,西屯區,125
24.182028,120.632861,西屯,C0F9T0,2019-05-12T04:00:00+08:00,111.0,15,1.0,23.2,0.94,997.4,-99,0.0,-99,-99,-99,臺中市,02,西屯區,125
24.182028,120.632861,西屯,C0F9T0,2019-05-12T05:00:00+08:00,111.0,314,1.9,23.1,0.94,997.4,-99,0.0,-99,-99,-99,臺中市,02,西屯區,125
24.182028,120.632861,西屯,C0F9T0,2019-05-12T06:00:00+08:00,111.0,324,0.8,23.2,0.95,998.1,-99,0.0,-99,-99,-99,臺中市,02,西屯區,125
24.182028,120.632861,西屯,C0F9T0,2019-05-12T07:00:00+08:00,111.0,48,0.7,24.7,0.89,998.4,-99,0.0,-99,-99,-99,臺中市,02,西屯區,125
24.182028,120.632861,西屯,C0F9T0,2019-05-12T08:00:00+08:00,111.0,180,0.4,26.9,0.78,998.6,-99,0.0,-99,-99,-99,臺中市,02,西屯區,125
24.182028,120.632861,西屯,C0F9T0,2019-05-12T09:00:00+08:00,111.0,214,0.8,28.2,0.73,998.4,-99,0.0,-99,-99,-99,臺中市,02,西屯區,125
24.182028,120.632861,西屯,C0F9T0,2019-05-12T10:00:00+08:00,111.0,251,1.4,29.1,0.68,998.6,-99,0.0,-99,-99,-99,臺中市,02,西屯區,125
24.182028,120.632861,西屯,C0F9T0,2019-05-12T11:00:00+08:00,111.0,304,2.1,29.6,0.71,998.2,-99,0.0,-99,-99,-99,臺中市,02,西屯區,125
24.182028,120.632861,西屯,C0F9T0,2019-05-12T12:00:00+08:00,111.0,332,2.6,29.0,0.73,997.7,-99,0.0,-99,-99,-99,臺中市,02,西屯區,125
24.182028,120.632861,西屯,C0F9T0,2019-05-12T13:00:00+08:00,111.0,305,3.2,29.0,0.73,997.3,-99,0.0,-99,-99,-99,臺中市,02,西屯區,125
24.182028,120.632861,西屯,C0F9T0,2019-05-12T14:00:00+08:00,111.0,324,2.4,29.6,0.7,997.1,-99,0.0,-99,-99,-99,臺中市,02,西屯區,125
24.182028,120.632861,西屯,C0F9T0,2019-05-12T15:00:00+08:00,111.0,320,2.3,30.1,0.67,996.7,-99,0.0,-99,-99,-99,臺中市,02,西屯區,125
24.182028,120.632861,西屯,C0F9T0,2019-05-12T16:00:00+08:00,111.0,308,1.4,29.6,0.7,996.7,-99,0.0,-99,-99,-99,臺中市,02,西屯區,125
24.182028,120.632861,西屯,C0F9T0,2019-05-12T17:00:00+08:00,111.0,326,1.5,28.9,0.7,996.7,-99,0.0,-99,-99,-99,臺中市,02,西屯區,125
24.182028,120.632861,西屯,C0F9T0,2019-05-12T18:00:00+08:00,111.0,318,2.5,26.9,0.81,997.2,-99,0.0,-99,-99,-99,臺中市,02,西屯區,125
24.182028,120.632861,西屯,C0F9T0,2019-05-12T19:00:00+08:00,111.0,321,1.3,26.5,0.84,997.8,-99,0.0,-99,-99,-99,臺中市,02,西屯區,125
24.182028,120.632861,西屯,C0F9T0,2019-05-12T20:00:00+08:00,111.0,324,0.3,26.8,0.83,998.3,-99,0.0,-99,-99,-99,臺中市,02,西屯區,125
24.182028,120.632861,西屯,C0F9T0,2019-05-12T21:00:00+08:00,111.0,300,0.5,26.9,0.83,998.7,-99,0.0,-99,-99,-99,臺中市,02,西屯區,125
24.182028,120.632861,西屯,C0F9T0,2019-05-12T22:00:00+08:00,111.0,0,0.1,26.9,0.83,998.9,-99,0.0,-99,-99,-99,臺中市,02,西屯區,125
24.182028,120.632861,西屯,C0F9T0,2019-05-12T23:00:00+08:00,111.0,0,0.2,26.6,0.85,998.4,-99,0.0,-99,-99,-99,臺中市,02,西屯區,125
24.182028,120.632861,西屯,C0F9T0,2019-05-13T00:00:00+08:00,111.0,307,0.8,26.4,0.83,998.0,-99,0.0,-99,-99,-99,臺中市,02,西屯區,125
24.182028,120.632861,西屯,C0F9T0,2019-05-13T01:00:00+08:00,111.0,220,0.4,26.1,0.84,997.5,-99,0.0,-99,-99,-99,臺中市,02,西屯區,125
24.182028,120.632861,西屯,C0F9T0,2019-05-13T02:00:00+08:00,111.0,205,1.2,25.8,0.87,997.0,-99,0.0,-99,-99,-99,臺中市,02,西屯區,125
24.182028,120.632861,西屯,C0F9T0,2019-05-13T03:00:00+08:00,111.0,274,0.3,25.2,0.93,997.0,-99,0.0,-99,-99,-99,臺中市,02,西屯區,125
24.182028,120.632861,西屯,C0F9T0,2019-05-13T04:00:00+08:00,111.0,222,0.5,25.0,0.95,997.1,-99,0.0,-99,-99,-99,臺中市,02,西屯區,125
24.182028,120.632861,西屯,C0F9T0,2019-05-13T05:00:00+08:00,111.0,212,0.5,24.8,0.96,997.3,-99,0.0,-99,-99,-99,臺中市,02,西屯區,125
24.182028,120.632861,西屯,C0F9T0,2019-05-13T06:00:00+08:00,111.0,207,1.2,24.9,0.95,997.8,-99,0.0,-99,-99,-99,臺中市,02,西屯區,125
24.182028,120.632861,西屯,C0F9T0,2019-05-13T08:00:00+08:00,111.0,211,1.7,26.4,0.82,998.7,-99,0.0,-99,-99,-99,臺中市,02,西屯區,125
24.182028,120.632861,西屯,C0F9T0,2019-05-13T09:00:00+08:00,111.0,188,1.7,27.7,0.77,999.1,-99,0.0,-99,-99,-99,臺中市,02,西屯區,125
24.182028,120.632861,西屯,C0F9T0,2019-05-13T10:00:00+08:00,111.0,215,1.9,29.4,0.65,999.3,-99,0.0,-99,-99,-99,臺中市,02,西屯區,125
24.182028,120.632861,西屯,C0F9T0,2019-05-13T11:00:00+08:00,111.0,263,1.3,30.3,0.6,999.1,-99,0.0,-99,-99,-99,臺中市,02,西屯區,125
24.182028,120.632861,西屯,C0F9T0,2019-05-13T12:00:00+08:00,111.0,294,2.1,29.6,0.69,998.4,-99,0.0,-99,-99,-99,臺中市,02,西屯區,125
24.182028,120.632861,西屯,C0F9T0,2019-05-13T13:00:00+08:00,111.0,302,2.2,30.1,0.67,997.7,-99,0.0,-99,-99,-99,臺中市,02,西屯區,125
24.182028,120.632861,西屯,C0F9T0,2019-05-13T14:00:00+08:00,111.0,301,2.3,31.1,0.59,997.2,-99,0.0,-99,-99,-99,臺中市,02,西屯區,125
24.182028,120.632861,西屯,C0F9T0,2019-05-13T15:00:00+08:00,111.0,299,2.7,31.3,0.53,996.6,-99,0.0,-99,-99,-99,臺中市,02,西屯區,125
24.182028,120.632861,西屯,C0F9T0,2019-05-13T16:00:00+08:00,111.0,287,1.6,31.1,0.47,996.3,-99,0.0,-99,-99,-99,臺中市,02,西屯區,125
24.182028,120.632861,西屯,C0F9T0,2019-05-13T17:00:00+08:00,111.0,276,1.5,30.7,0.49,996.1,-99,0.0,-99,-99,-99,臺中市,02,西屯區,125
24.182028,120.632861,西屯,C0F9T0,2019-05-13T18:00:00+08:00,111.0,214,1.1,31.0,0.47,996.4,-99,0.0,-99,-99,-99,臺中市,02,西屯區,125
24.182028,120.632861,西屯,C0F9T0,2019-05-13T19:00:00+08:00,111.0,213,1.3,29.6,0.51,996.8,-99,0.0,-99,-99,-99,臺中市,02,西屯區,125
24.182028,120.632861,西屯,C0F9T0,2019-05-13T20:00:00+08:00,111.0,300,0.4,29.0,0.54,996.9,-99,0.0,-99,-99,-99,臺中市,02,西屯區,125
24.182028,120.632861,西屯,C0F9T0,2019-05-13T21:00:00+08:00,111.0,0,0.2,28.6,0.58,997.3,-99,0.0,-99,-99,-99,臺中市,02,西屯區,125
24.182028,120.632861,西屯,C0F9T0,2019-05-13T22:00:00+08:00,111.0,186,0.7,28.8,0.56,997.5,-99,0.0,-99,-99,-99,臺中市,02,西屯區,125
24.182028,120.632861,西屯,C0F9T0,2019-05-13T23:00:00+08:00,111.0,0,0.2,27.8,0.66,997.2,-99,0.0,-99,-99,-99,臺中市,02,西屯區,125
24.182028,120.632861,西屯,C0F9T0,2019-05-14T00:00:00+08:00,111.0,302,1.0,27.0,0.72,997.1,-99,0.0,-99,-99,-99,臺中市,02,西屯區,125
24.182028,120.632861,西屯,C0F9T0,2019-05-14T01:00:00+08:00,111.0,283,0.3,26.9,0.72,996.5,-99,0.0,-99,-99,-99,臺中市,02,西屯區,125
24.182028,120.632861,西屯,C0F9T0,2019-05-14T02:00:00+08:00,111.0,0,0.2,26.4,0.75,996.1,-99,0.0,-99,-99,-99,臺中市,02,西屯區,125
24.182028,120.632861,西屯,C0F9T0,2019-05-14T03:00:00+08:00,111.0,294,0.6,25.7,0.8,996.1,-99,0.0,-99,-99,-99,臺中市,02,西屯區,125
24.182028,120.632861,西屯,C0F9T0,2019-05-14T04:00:00+08:00,111.0,291,0.7,25.5,0.82,996.2,-99,0.0,-99,-99,-99,臺中市,02,西屯區,125
24.182028,120.632861,西屯,C0F9T0,2019-05-14T05:00:00+08:00,111.0,291,0.8,25.0,0.86,996.5,-99,0.0,-99,-99,-99,臺中市,02,西屯區,125
24.182028,120.632861,西屯,C0F9T0,2019-05-14T06:00:00+08:00,111.0,296,0.8,25.1,0.85,996.9,-99,0.0,-99,-99,-99,臺中市,02,西屯區,125
24.182028,120.632861,西屯,C0F9T0,2019-05-14T07:00:00+08:00,111.0,225,0.8,26.4,0.8,997.5,-99,0.0,-99,-99,-99,臺中市,02,西屯區,125
24.182028,120.632861,西屯,C0F9T0,2019-05-14T08:00:00+08:00,111.0,186,1.2,27.9,0.7,998.0,-99,0.0,-99,-99,-99,臺中市,02,西屯區,125
24.182028,120.632861,西屯,C0F9T0,2019-05-14T09:00:00+08:00,111.0,189,1.6,29.0,0.68,998.2,-99,0.0,-99,-99,-99,臺中市,02,西屯區,125
24.182028,120.632861,西屯,C0F9T0,2019-05-14T10:00:00+08:00,111.0,201,2.3,29.6,0.65,998.1,-99,0.0,-99,-99,-99,臺中市,02,西屯區,125
24.182028,120.632861,西屯,C0F9T0,2019-05-14T11:00:00+08:00,111.0,220,1.1,30.8,0.62,997.9,-99,0.0,-99,-99,-99,臺中市,02,西屯區,125
24.182028,120.632861,西屯,C0F9T0,2019-05-14T12:00:00+08:00,111.0,273,1.6,30.3,0.69,997.2,-99,0.0,-99,-99,-99,臺中市,02,西屯區,125
24.182028,120.632861,西屯,C0F9T0,2019-05-14T13:00:00+08:00,111.0,249,1.3,31.8,0.62,996.9,-99,0.0,-99,-99,-99,臺中市,02,西屯區,125
24.182028,120.632861,西屯,C0F9T0,2019-05-14T14:00:00+08:00,111.0,272,1.1,31.3,0.63,996.2,-99,0.0,-99,-99,-99,臺中市,02,西屯區,125
24.182028,120.632861,西屯,C0F9T0,2019-05-14T15:00:00+08:00,111.0,240,1.2,32.0,0.61,996.0,-99,0.0,-99,-99,-99,臺中市,02,西屯區,125
24.182028,120.632861,西屯,C0F9T0,2019-05-14T16:00:00+08:00,111.0,290,1.4,31.3,0.64,995.8,-99,0.0,-99,-99,-99,臺中市,02,西屯區,125
24.182028,120.632861,西屯,C0F9T0,2019-05-14T17:00:00+08:00,111.0,294,1.6,30.8,0.63,996.1,-99,0.0,-99,-99,-99,臺中市,02,西屯區,125
24.182028,120.632861,西屯,C0F9T0,2019-05-14T18:00:00+08:00,111.0,310,1.9,29.4,0.72,996.4,-99,0.0,-99,-99,-99,臺中市,02,西屯區,125
24.182028,120.632861,西屯,C0F9T0,2019-05-14T19:00:00+08:00,111.0,299,2.2,28.6,0.71,996.8,-99,0.0,-99,-99,-99,臺中市,02,西屯區,125
24.182028,120.632861,西屯,C0F9T0,2019-05-14T20:00:00+08:00,111.0,303,0.9,28.1,0.76,997.1,-99,0.0,-99,-99,-99,臺中市,02,西屯區,125
24.182028,120.632861,西屯,C0F9T0,2019-05-14T21:00:00+08:00,111.0,316,0.9,27.7,0.79,997.5,-99,0.0,-99,-99,-99,臺中市,02,西屯區,125
24.182028,120.632861,西屯,C0F9T0,2019-05-14T22:00:00+08:00,111.0,300,1.0,27.8,0.79,998.1,-99,0.0,-99,-99,-99,臺中市,02,西屯區,125
24.182028,120.632861,西屯,C0F9T0,2019-05-14T23:00:00+08:00,111.0,304,1.5,27.1,0.83,997.8,-99,0.0,-99,-99,-99,臺中市,02,西屯區,125
24.182028,120.632861,西屯,C0F9T0,2019-05-15T00:00:00+08:00,111.0,336,1.8,26.1,0.9,997.7,-99,0.0,-99,-99,-99,臺中市,02,西屯區,125
24.182028,120.632861,西屯,C0F9T0,2019-05-15T01:00:00+08:00,111.0,335,1.3,25.8,0.92,997.4,-99,0.0,-99,-99,-99,臺中市,02,西屯區,125
24.182028,120.632861,西屯,C0F9T0,2019-05-15T02:00:00+08:00,111.0,315,1.1,25.8,0.92,996.9,-99,0.0,-99,-99,-99,臺中市,02,西屯區,125
24.182028,120.632861,西屯,C0F9T0,2019-05-15T03:00:00+08:00,111.0,298,1.1,25.8,0.9,996.4,-99,0.0,-99,-99,-99,臺中市,02,西屯區,125
24.182028,120.632861,西屯,C0F9T0,2019-05-15T04:00:00+08:00,111.0,340,1.2,26.0,0.88,996.4,-99,0.0,-99,-99,-99,臺中市,02,西屯區,125
24.182028,120.632861,西屯,C0F9T0,2019-05-15T05:00:00+08:00,111.0,324,0.6,26.2,0.88,996.8,-99,0.0,-99,-99,-99,臺中市,02,西屯區,125
24.182028,120.632861,西屯,C0F9T0,2019-05-15T06:00:00+08:00,111.0,310,1.0,26.4,0.88,997.1,-99,0.0,-99,-99,-99,臺中市,02,西屯區,125
24.182028,120.632861,西屯,C0F9T0,2019-05-15T07:00:00+08:00,111.0,296,1.1,26.9,0.85,997.7,-99,0.0,-99,-99,-99,臺中市,02,西屯區,125
24.182028,120.632861,西屯,C0F9T0,2019-05-15T08:00:00+08:00,111.0,232,0.8,28.4,0.76,998.1,-99,0.0,-99,-99,-99,臺中市,02,西屯區,125
24.182028,120.632861,西屯,C0F9T0,2019-05-15T09:00:00+08:00,111.0,198,2.4,29.0,0.7,998.5,-99,0.0,-99,-99,-99,臺中市,02,西屯區,125
24.182028,120.632861,西屯,C0F9T0,2019-05-15T10:00:00+08:00,111.0,169,1.6,30.6,0.63,998.4,-99,0.0,-99,-99,-99,臺中市,02,西屯區,125
24.182028,120.632861,西屯,C0F9T0,2019-05-15T11:00:00+08:00,111.0,301,0.9,31.4,0.61,998.0,-99,0.0,-99,-99,-99,臺中市,02,西屯區,125
24.182028,120.632861,西屯,C0F9T0,2019-05-15T12:00:00+08:00,111.0,295,3.8,30.2,0.67,997.7,-99,0.0,-99,-99,-99,臺中市,02,西屯區,125
24.182028,120.632861,西屯,C0F9T0,2019-05-15T13:00:00+08:00,111.0,248,0.9,32.0,0.6,996.7,-99,0.0,-99,-99,-99,臺中市,02,西屯區,125
24.182028,120.632861,西屯,C0F9T0,2019-05-15T14:00:00+08:00,111.0,299,3.5,31.6,0.58,995.9,-99,0.0,-99,-99,-99,臺中市,02,西屯區,125
24.182028,120.632861,西屯,C0F9T0,2019-05-15T15:00:00+08:00,111.0,268,2.2,31.4,0.6,996.0,-99,0.0,-99,-99,-99,臺中市,02,西屯區,125
24.182028,120.632861,西屯,C0F9T0,2019-05-15T16:00:00+08:00,111.0,249,1.5,30.4,0.69,995.6,-99,0.0,-99,-99,-99,臺中市,02,西屯區,125
24.182028,120.632861,西屯,C0F9T0,2019-05-15T17:00:00+08:00,111.0,255,1.1,29.2,0.76,995.9,-99,0.0,-99,-99,-99,臺中市,02,西屯區,125
24.182028,120.632861,西屯,C0F9T0,2019-05-15T18:00:00+08:00,111.0,206,1.8,29.5,0.74,995.6,-99,0.0,-99,-99,-99,臺中市,02,西屯區,125
24.182028,120.632861,西屯,C0F9T0,2019-05-15T19:00:00+08:00,111.0,219,0.5,29.3,0.76,996.1,-99,0.0,-99,-99,-99,臺中市,02,西屯區,125
24.182028,120.632861,西屯,C0F9T0,2019-05-15T20:00:00+08:00,111.0,223,0.9,29.1,0.78,996.1,-99,0.0,-99,-99,-99,臺中市,02,西屯區,125
24.182028,120.632861,西屯,C0F9T0,2019-05-15T21:00:00+08:00,111.0,225,0.8,29.0,0.77,996.7,-99,0.0,-99,-99,-99,臺中市,02,西屯區,125
24.182028,120.632861,西屯,C0F9T0,2019-05-15T22:00:00+08:00,111.0,209,1.6,28.7,0.74,997.5,-99,0.0,-99,-99,-99,臺中市,02,西屯區,125
24.182028,120.632861,西屯,C0F9T0,2019-05-15T23:00:00+08:00,111.0,230,0.9,28.3,0.8,997.4,-99,0.0,-99,-99,-99,臺中市,02,西屯區,125
24.182028,120.632861,西屯,C0F9T0,2019-05-16T00:00:00+08:00,111.0,225,1.1,28.0,0.82,997.0,-99,0.0,-99,-99,-99,臺中市,02,西屯區,125
24.182028,120.632861,西屯,C0F9T0,2019-05-16T01:00:00+08:00,111.0,203,1.0,27.7,0.85,996.3,-99,0.0,-99,-99,-99,臺中市,02,西屯區,125
24.182028,120.632861,西屯,C0F9T0,2019-05-16T02:00:00+08:00,111.0,193,1.2,27.7,0.83,995.3,-99,0.0,-99,-99,-99,臺中市,02,西屯區,125
24.182028,120.632861,西屯,C0F9T0,2019-05-16T03:00:00+08:00,111.0,198,1.3,27.6,0.82,995.2,-99,0.0,-99,-99,-99,臺中市,02,西屯區,125
24.182028,120.632861,西屯,C0F9T0,2019-05-16T04:00:00+08:00,111.0,171,1.6,27.4,0.82,995.2,-99,0.0,-99,-99,-99,臺中市,02,西屯區,125
24.182028,120.632861,西屯,C0F9T0,2019-05-16T05:00:00+08:00,111.0,172,1.3,27.3,0.82,995.4,-99,0.0,-99,-99,-99,臺中市,02,西屯區,125
24.182028,120.632861,西屯,C0F9T0,2019-05-16T06:00:00+08:00,111.0,172,1.9,27.4,0.79,995.6,-99,0.0,-99,-99,-99,臺中市,02,西屯區,125
24.182028,120.632861,西屯,C0F9T0,2019-05-16T07:00:00+08:00,111.0,171,1.6,28.0,0.76,996.0,-99,0.0,-99,-99,-99,臺中市,02,西屯區,125
24.182028,120.632861,西屯,C0F9T0,2019-05-16T08:00:00+08:00,111.0,198,1.9,28.8,0.72,996.6,-99,0.0,-99,-99,-99,臺中市,02,西屯區,125
24.182028,120.632861,西屯,C0F9T0,2019-05-16T09:00:00+08:00,111.0,189,1.9,29.6,0.7,997.1,-99,0.0,-99,-99,-99,臺中市,02,西屯區,125
24.182028,120.632861,西屯,C0F9T0,2019-05-16T10:00:00+08:00,111.0,187,1.8,29.3,0.72,996.9,-99,0.0,-99,-99,-99,臺中市,02,西屯區,125
24.182028,120.632861,西屯,C0F9T0,2019-05-16T11:00:00+08:00,111.0,201,1.2,29.1,0.75,996.5,-99,0.0,-99,-99,-99,臺中市,02,西屯區,125
24.182028,120.632861,西屯,C0F9T0,2019-05-16T12:00:00+08:00,111.0,160,1.4,29.1,0.75,996.0,-99,6.5,6.7,164,2019-05-16T11:12:00+08:00,臺中市,02,西屯區,125
24.182028,120.632861,西屯,C0F9T0,2019-05-16T13:00:00+08:00,111.0,334,1.4,26.7,0.9,995.3,-99,6.5,-99,-99,-99,臺中市,02,西屯區,125
24.182028,120.632861,西屯,C0F9T0,2019-05-16T14:00:00+08:00,111.0,38,0.8,26.9,0.91,994.2,-99,14.0,-99,-99,-99,臺中市,02,西屯區,125
24.182028,120.632861,西屯,C0F9T0,2019-05-16T15:00:00+08:00,111.0,147,2.0,26.8,0.91,994.0,-99,14.0,-99,-99,-99,臺中市,02,西屯區,125
24.182028,120.632861,西屯,C0F9T0,2019-05-16T16:00:00+08:00,111.0,136,2.0,28.2,0.81,993.6,-99,14.0,-99,-99,-99,臺中市,02,西屯區,125
24.182028,120.632861,西屯,C0F9T0,2019-05-16T17:00:00+08:00,111.0,141,1.4,28.4,0.79,993.3,-99,14.0,-99,-99,-99,臺中市,02,西屯區,125
24.182028,120.632861,西屯,C0F9T0,2019-05-16T18:00:00+08:00,111.0,172,1.9,27.8,0.85,993.6,-99,14.0,-99,-99,-99,臺中市,02,西屯區,125
24.182028,120.632861,西屯,C0F9T0,2019-05-16T19:00:00+08:00,111.0,165,0.8,27.5,0.83,993.7,-99,14.0,-99,-99,-99,臺中市,02,西屯區,125
24.182028,120.632861,西屯,C0F9T0,2019-05-16T20:00:00+08:00,111.0,164,1.4,27.5,0.83,994.4,-99,14.0,-99,-99,-99,臺中市,02,西屯區,125
24.182028,120.632861,西屯,C0F9T0,2019-05-16T21:00:00+08:00,111.0,245,0.7,27.2,0.86,995.3,-99,14.0,-99,-99,-99,臺中市,02,西屯區,125
24.182028,120.632861,西屯,C0F9T0,2019-05-16T22:00:00+08:00,111.0,192,0.9,27.6,0.87,995.5,-99,14.0,-99,-99,-99,臺中市,02,西屯區,125
24.182028,120.632861,西屯,C0F9T0,2019-05-16T23:00:00+08:00,111.0,168,1.9,27.3,0.89,995.0,-99,14.0,-99,-99,-99,臺中市,02,西屯區,125
24.182028,120.632861,西屯,C0F9T0,2019-05-17T00:00:00+08:00,111.0,203,0.5,27.3,0.88,995.0,-99,14.0,-99,-99,-99,臺中市,02,西屯區,125
24.182028,120.632861,西屯,C0F9T0,2019-05-17T01:00:00+08:00,111.0,166,1.4,27.2,0.88,994.3,-99,0.0,-99,-99,-99,臺中市,02,西屯區,125
24.182028,120.632861,西屯,C0F9T0,2019-05-17T02:00:00+08:00,111.0,158,2.6,27.0,0.89,993.3,-99,0.0,-99,-99,-99,臺中市,02,西屯區,125
24.182028,120.632861,西屯,C0F9T0,2019-05-17T03:00:00+08:00,111.0,157,2.0,27.0,0.88,993.0,-99,0.0,-99,-99,-99,臺中市,02,西屯區,125
24.182028,120.632861,西屯,C0F9T0,2019-05-17T04:00:00+08:00,111.0,158,2.7,27.2,0.85,992.7,-99,0.0,-99,-99,-99,臺中市,02,西屯區,125
24.182028,120.632861,西屯,C0F9T0,2019-05-17T05:00:00+08:00,111.0,200,1.7,26.7,0.87,993.3,-99,5.0,-99,-99,-99,臺中市,02,西屯區,125
24.182028,120.632861,西屯,C0F9T0,2019-05-17T06:00:00+08:00,111.0,282,1.3,25.6,0.96,993.3,-99,10.0,-99,-99,-99,臺中市,02,西屯區,125
24.182028,120.632861,西屯,C0F9T0,2019-05-17T07:00:00+08:00,111.0,184,0.8,26.0,0.95,993.8,-99,10.5,-99,-99,-99,臺中市,02,西屯區,125
24.182028,120.632861,西屯,C0F9T0,2019-05-17T08:00:00+08:00,111.0,174,0.9,26.5,0.88,994.2,-99,11.0,-99,-99,-99,臺中市,02,西屯區,125
24.182028,120.632861,西屯,C0F9T0,2019-05-17T09:00:00+08:00,111.0,195,1.5,26.5,0.89,994.2,-99,12.5,-99,-99,-99,臺中市,02,西屯區,125
24.182028,120.632861,西屯,C0F9T0,2019-05-17T10:00:00+08:00,111.0,124,1.2,26.6,0.91,994.5,-99,13.0,-99,-99,-99,臺中市,02,西屯區,125
24.182028,120.632861,西屯,C0F9T0,2019-05-17T11:00:00+08:00,111.0,157,2.2,27.4,0.9,994.6,-99,13.5,-99,-99,-99,臺中市,02,西屯區,125
24.182028,120.632861,西屯,C0F9T0,2019-05-17T12:00:00+08:00,111.0,167,1.5,28.1,0.86,994.6,-99,13.5,-99,-99,-99,臺中市,02,西屯區,125
24.182028,120.632861,西屯,C0F9T0,2019-05-17T13:00:00+08:00,111.0,162,2.4,28.6,0.82,994.1,-99,13.5,-99,-99,-99,臺中市,02,西屯區,125
24.182028,120.632861,西屯,C0F9T0,2019-05-17T14:00:00+08:00,111.0,195,1.2,28.4,0.81,993.4,-99,13.5,-99,-99,-99,臺中市,02,西屯區,125
24.182028,120.632861,西屯,C0F9T0,2019-05-17T15:00:00+08:00,111.0,166,2.3,27.5,0.81,992.9,-99,13.5,9.2,163,2019-05-17T14:39:00+08:00,臺中市,02,西屯區,125
24.182028,120.632861,西屯,C0F9T0,2019-05-17T16:00:00+08:00,111.0,160,2.0,28.4,0.7,992.4,-99,13.5,-99,-99,-99,臺中市,02,西屯區,125
24.182028,120.632861,西屯,C0F9T0,2019-05-17T17:00:00+08:00,111.0,164,1.9,28.9,0.73,992.5,-99,13.5,-99,-99,-99,臺中市,02,西屯區,125
24.182028,120.632861,西屯,C0F9T0,2019-05-17T18:00:00+08:00,111.0,162,2.0,29.0,0.73,993.1,-99,13.5,-99,-99,-99,臺中市,02,西屯區,125
24.182028,120.632861,西屯,C0F9T0,2019-05-17T19:00:00+08:00,111.0,203,2.0,28.4,0.77,993.6,-99,13.5,-99,-99,-99,臺中市,02,西屯區,125
24.182028,120.632861,西屯,C0F9T0,2019-05-17T20:00:00+08:00,111.0,199,1.6,27.9,0.83,994.0,-99,13.5,-99,-99,-99,臺中市,02,西屯區,125
24.182028,120.632861,西屯,C0F9T0,2019-05-17T21:00:00+08:00,111.0,159,2.0,27.5,0.84,993.5,-99,14.0,-99,-99,-99,臺中市,02,西屯區,125
24.182028,120.632861,西屯,C0F9T0,2019-05-17T22:00:00+08:00,111.0,171,1.6,27.6,0.82,993.4,-99,14.0,-99,-99,-99,臺中市,02,西屯區,125
24.182028,120.632861,西屯,C0F9T0,2019-05-17T23:00:00+08:00,111.0,149,1.7,27.5,0.8,993.6,-99,14.0,-99,-99,-99,臺中市,02,西屯區,125
24.182028,120.632861,西屯,C0F9T0,2019-05-18T00:00:00+08:00,111.0,153,1.5,27.9,0.78,993.4,-99,14.0,-99,-99,-99,臺中市,02,西屯區,125
24.182028,120.632861,西屯,C0F9T0,2019-05-18T01:00:00+08:00,111.0,155,1.4,27.5,0.81,992.9,-99,0.0,-99,-99,-99,臺中市,02,西屯區,125
24.182028,120.632861,西屯,C0F9T0,2019-05-18T02:00:00+08:00,111.0,144,1.0,26.7,0.87,992.5,-99,1.5,-99,-99,-99,臺中市,02,西屯區,125
24.182028,120.632861,西屯,C0F9T0,2019-05-18T03:00:00+08:00,111.0,307,1.3,25.5,0.95,992.4,-99,3.0,-99,-99,-99,臺中市,02,西屯區,125
24.182028,120.632861,西屯,C0F9T0,2019-05-18T04:00:00+08:00,111.0,194,1.2,25.4,0.97,992.3,-99,6.5,-99,-99,-99,臺中市,02,西屯區,125
24.182028,120.632861,西屯,C0F9T0,2019-05-18T05:00:00+08:00,111.0,173,0.6,24.9,0.98,992.3,-99,10.0,-99,-99,-99,臺中市,02,西屯區,125
24.182028,120.632861,西屯,C0F9T0,2019-05-18T06:00:00+08:00,111.0,0,0.2,24.8,0.98,992.8,-99,21.5,-99,-99,-99,臺中市,02,西屯區,125
24.182028,120.632861,西屯,C0F9T0,2019-05-18T07:00:00+08:00,111.0,86,0.8,24.7,0.99,992.9,-99,31.0,-99,-99,-99,臺中市,02,西屯區,125
24.182028,120.632861,西屯,C0F9T0,2019-05-18T08:00:00+08:00,111.0,184,0.5,24.8,1,993.3,-99,31.5,-99,-99,-99,臺中市,02,西屯區,125
24.182028,120.632861,西屯,C0F9T0,2019-05-18T10:00:00+08:00,111.0,232,1.7,27.8,0.94,993.7,-99,31.5,-99,-99,-99,臺中市,02,西屯區,125
24.182028,120.632861,西屯,C0F9T0,2019-05-18T11:00:00+08:00,111.0,254,1.9,28.3,0.88,993.9,-99,31.5,8.5,217,2019-05-18T10:26:00+08:00,臺中市,02,西屯區,125
24.182028,120.632861,西屯,C0F9T0,2019-05-18T12:00:00+08:00,111.0,262,2.4,28.0,0.9,993.4,-99,31.5,7.8,266,2019-05-18T11:53:00+08:00,臺中市,02,西屯區,125
24.182028,120.632861,西屯,C0F9T0,2019-05-18T13:00:00+08:00,111.0,248,1.8,28.1,0.9,993.2,-99,31.5,7.4,232,2019-05-18T12:31:00+08:00,臺中市,02,西屯區,125
24.182028,120.632861,西屯,C0F9T0,2019-05-18T14:00:00+08:00,111.0,265,1.5,27.8,0.93,992.7,-99,31.5,-99,-99,-99,臺中市,02,西屯區,125
24.182028,120.632861,西屯,C0F9T0,2019-05-18T15:00:00+08:00,111.0,255,2.0,28.3,0.89,992.2,-99,31.5,-99,-99,-99,臺中市,02,西屯區,125
24.182028,120.632861,西屯,C0F9T0,2019-05-18T16:00:00+08:00,111.0,219,0.4,29.2,0.86,992.0,-99,31.5,-99,-99,-99,臺中市,02,西屯區,125
24.182028,120.632861,西屯,C0F9T0,2019-05-18T17:00:00+08:00,111.0,282,1.6,28.9,0.87,992.6,-99,31.5,-99,-99,-99,臺中市,02,西屯區,125
24.182028,120.632861,西屯,C0F9T0,2019-05-18T18:00:00+08:00,111.0,263,1.2,28.4,0.89,992.6,-99,31.5,-99,-99,-99,臺中市,02,西屯區,125
24.182028,120.632861,西屯,C0F9T0,2019-05-18T19:00:00+08:00,111.0,263,1.5,28.0,0.9,993.4,-99,31.5,7.4,211,2019-05-18T18:25:00+08:00,臺中市,02,西屯區,125
24.182028,120.632861,西屯,C0F9T0,2019-05-18T20:00:00+08:00,111.0,163,0.6,27.7,0.9,993.9,-99,32.5,-99,-99,-99,臺中市,02,西屯區,125
24.182028,120.632861,西屯,C0F9T0,2019-05-18T21:00:00+08:00,111.0,176,1.2,27.4,0.95,994.6,-99,32.5,-99,-99,-99,臺中市,02,西屯區,125
24.182028,120.632861,西屯,C0F9T0,2019-05-18T22:00:00+08:00,111.0,190,1.1,26.9,0.98,995.0,-99,48.0,6.6,154,2019-05-18T21:01:00+08:00,臺中市,02,西屯區,125
24.182028,120.632861,西屯,C0F9T0,2019-05-18T23:00:00+08:00,111.0,183,1.0,26.7,0.99,995.2,-99,54.5,-99,-99,-99,臺中市,02,西屯區,125
24.182028,120.632861,西屯,C0F9T0,2019-05-19T00:00:00+08:00,111.0,164,1.1,26.9,0.95,995.3,-99,54.5,-99,-99,-99,臺中市,02,西屯區,125
24.182028,120.632861,西屯,C0F9T0,2019-05-19T01:00:00+08:00,111.0,147,1.3,27.2,0.9,995.0,-99,0.0,-99,-99,-99,臺中市,02,西屯區,125
24.182028,120.632861,西屯,C0F9T0,2019-05-19T02:00:00+08:00,111.0,179,1.0,27.3,0.87,994.3,-99,0.0,-99,-99,-99,臺中市,02,西屯區,125
24.182028,120.632861,西屯,C0F9T0,2019-05-19T03:00:00+08:00,111.0,205,0.7,27.3,0.86,994.2,-99,0.0,-99,-99,-99,臺中市,02,西屯區,125
24.182028,120.632861,西屯,C0F9T0,2019-05-19T04:00:00+08:00,111.0,0,0.1,26.5,0.9,994.6,-99,0.0,-99,-99,-99,臺中市,02,西屯區,125
24.182028,120.632861,西屯,C0F9T0,2019-05-19T05:00:00+08:00,111.0,183,0.6,26.8,0.88,994.8,-99,0.0,-99,-99,-99,臺中市,02,西屯區,125
24.182028,120.632861,西屯,C0F9T0,2019-05-19T06:00:00+08:00,111.0,291,0.5,26.2,0.91,995.2,-99,0.0,-99,-99,-99,臺中市,02,西屯區,125
24.182028,120.632861,西屯,C0F9T0,2019-05-19T07:00:00+08:00,111.0,0,0.0,25.9,0.94,995.8,-99,0.0,-99,-99,-99,臺中市,02,西屯區,125
24.182028,120.632861,西屯,C0F9T0,2019-05-19T09:00:00+08:00,111.0,159,1.8,28.1,0.82,995.8,-99,3.0,-99,-99,-99,臺中市,02,西屯區,125
24.182028,120.632861,西屯,C0F9T0,2019-05-19T10:00:00+08:00,111.0,171,1.6,29.1,0.79,996.0,-99,3.0,-99,-99,-99,臺中市,02,西屯區,125
24.182028,120.632861,西屯,C0F9T0,2019-05-19T11:00:00+08:00,111.0,142,0.9,29.5,0.81,996.3,-99,3.5,-99,-99,-99,臺中市,02,西屯區,125
24.182028,120.632861,西屯,C0F9T0,2019-05-19T12:00:00+08:00,111.0,158,1.8,27.7,0.89,996.5,-99,6.5,-99,-99,-99,臺中市,02,西屯區,125
24.182028,120.632861,西屯,C0F9T0,2019-05-19T13:00:00+08:00,111.0,179,1.8,29.6,0.77,996.4,-99,6.5,-99,-99,-99,臺中市,02,西屯區,125
24.182028,120.632861,西屯,C0F9T0,2019-05-19T14:00:00+08:00,111.0,156,1.6,27.6,0.86,996.3,-99,7.0,-99,-99,-99,臺中市,02,西屯區,125
24.182028,120.632861,西屯,C0F9T0,2019-05-19T15:00:00+08:00,111.0,127,1.5,28.0,0.84,995.5,-99,7.0,-99,-99,-99,臺中市,02,西屯區,125
24.182028,120.632861,西屯,C0F9T0,2019-05-19T16:00:00+08:00,111.0,158,0.8,27.3,0.89,994.7,-99,12.0,-99,-99,-99,臺中市,02,西屯區,125
24.182028,120.632861,西屯,C0F9T0,2019-05-19T17:00:00+08:00,111.0,176,1.1,28.9,0.81,994.7,-99,12.0,-99,-99,-99,臺中市,02,西屯區,125
24.182028,120.632861,西屯,C0F9T0,2019-05-19T18:00:00+08:00,111.0,161,1.6,29.1,0.81,995.1,-99,12.0,-99,-99,-99,臺中市,02,西屯區,125
24.182028,120.632861,西屯,C0F9T0,2019-05-19T19:00:00+08:00,111.0,156,2.0,28.8,0.82,994.9,-99,12.0,-99,-99,-99,臺中市,02,西屯區,125
24.182028,120.632861,西屯,C0F9T0,2019-05-19T20:00:00+08:00,111.0,152,1.5,28.5,0.79,995.2,-99,12.0,-99,-99,-99,臺中市,02,西屯區,125
24.182028,120.632861,西屯,C0F9T0,2019-05-19T21:00:00+08:00,111.0,209,1.0,28.1,0.84,996.0,-99,12.0,-99,-99,-99,臺中市,02,西屯區,125
24.182028,120.632861,西屯,C0F9T0,2019-05-19T22:00:00+08:00,111.0,208,1.4,28.0,0.88,996.5,-99,12.0,-99,-99,-99,臺中市,02,西屯區,125
24.182028,120.632861,西屯,C0F9T0,2019-05-19T23:00:00+08:00,111.0,150,1.3,27.6,0.87,996.7,-99,12.0,-99,-99,-99,臺中市,02,西屯區,125
24.182028,120.632861,西屯,C0F9T0,2019-05-20T00:00:00+08:00,111.0,158,1.3,27.7,0.85,996.1,-99,12.0,-99,-99,-99,臺中市,02,西屯區,125
24.182028,120.632861,西屯,C0F9T0,2019-05-20T01:00:00+08:00,111.0,0,0.0,26.8,0.88,995.5,-99,0.0,-99,-99,-99,臺中市,02,西屯區,125
24.182028,120.632861,西屯,C0F9T0,2019-05-20T02:00:00+08:00,111.0,292,0.3,26.0,0.91,995.2,-99,0.0,-99,-99,-99,臺中市,02,西屯區,125
24.182028,120.632861,西屯,C0F9T0,2019-05-20T03:00:00+08:00,111.0,184,1.2,26.8,0.88,994.0,-99,0.0,-99,-99,-99,臺中市,02,西屯區,125
24.182028,120.632861,西屯,C0F9T0,2019-05-20T04:00:00+08:00,111.0,294,0.7,25.7,0.89,994.1,-99,0.0,-99,-99,-99,臺中市,02,西屯區,125
24.182028,120.632861,西屯,C0F9T0,2019-05-20T05:00:00+08:00,111.0,162,1.4,26.3,0.85,993.7,-99,0.0,-99,-99,-99,臺中市,02,西屯區,125
24.182028,120.632861,西屯,C0F9T0,2019-05-20T06:00:00+08:00,111.0,308,0.7,25.7,0.88,994.5,-99,0.0,-99,-99,-99,臺中市,02,西屯區,125
24.182028,120.632861,西屯,C0F9T0,2019-05-20T07:00:00+08:00,111.0,251,0.6,26.2,0.87,995.0,-99,0.0,-99,-99,-99,臺中市,02,西屯區,125
24.182028,120.632861,西屯,C0F9T0,2019-05-20T08:00:00+08:00,111.0,0,0.2,26.3,0.87,995.5,-99,0.0,-99,-99,-99,臺中市,02,西屯區,125
24.182028,120.632861,西屯,C0F9T0,2019-05-20T09:00:00+08:00,111.0,181,1.0,29.0,0.78,995.4,-99,0.0,-99,-99,-99,臺中市,02,西屯區,125
24.182028,120.632861,西屯,C0F9T0,2019-05-20T10:00:00+08:00,111.0,152,1.6,26.9,0.86,995.2,-99,3.0,9.6,176,2019-05-20T09:50:00+08:00,臺中市,02,西屯區,125
24.182028,120.632861,西屯,C0F9T0,2019-05-20T11:00:00+08:00,111.0,88,0.5,26.2,0.9,994.6,-99,7.0,-99,-99,-99,臺中市,02,西屯區,125
24.182028,120.632861,西屯,C0F9T0,2019-05-20T12:00:00+08:00,111.0,84,3.5,25.2,0.97,994.7,-99,34.0,-99,-99,-99,臺中市,02,西屯區,125
24.182028,120.632861,西屯,C0F9T0,2019-05-20T13:00:00+08:00,111.0,90,2.8,23.0,1,996.4,-99,92.5,12.6,63,2019-05-20T12:12:00+08:00,臺中市,02,西屯區,125
24.182028,120.632861,西屯,C0F9T0,2019-05-20T14:00:00+08:00,111.0,117,1.1,23.4,1,994.5,-99,96.5,-99,-99,-99,臺中市,02,西屯區,125
24.182028,120.632861,西屯,C0F9T0,2019-05-20T15:00:00+08:00,111.0,289,1.3,24.1,0.97,993.9,-99,97.0,-99,-99,-99,臺中市,02,西屯區,125
24.182028,120.632861,西屯,C0F9T0,2019-05-20T16:00:00+08:00,111.0,339,1.9,23.7,0.95,993.9,-99,97.0,-99,-99,-99,臺中市,02,西屯區,125
24.182028,120.632861,西屯,C0F9T0,2019-05-20T17:00:00+08:00,111.0,319,1.5,23.3,0.94,995.0,-99,97.0,-99,-99,-99,臺中市,02,西屯區,125
24.182028,120.632861,西屯,C0F9T0,2019-05-20T18:00:00+08:00,111.0,323,1.0,23.7,0.91,995.0,-99,97.0,-99,-99,-99,臺中市,02,西屯區,125
24.182028,120.632861,西屯,C0F9T0,2019-05-20T19:00:00+08:00,111.0,330,1.9,23.2,0.91,995.9,-99,97.0,-99,-99,-99,臺中市,02,西屯區,125
24.182028,120.632861,西屯,C0F9T0,2019-05-20T20:00:00+08:00,111.0,345,1.8,22.8,0.89,996.1,-99,97.0,-99,-99,-99,臺中市,02,西屯區,125
24.182028,120.632861,西屯,C0F9T0,2019-05-20T21:00:00+08:00,111.0,327,2.5,22.8,0.88,996.1,-99,97.0,-99,-99,-99,臺中市,02,西屯區,125
24.182028,120.632861,西屯,C0F9T0,2019-05-20T22:00:00+08:00,111.0,336,1.7,22.1,0.87,996.6,-99,97.0,-99,-99,-99,臺中市,02,西屯區,125
24.182028,120.632861,西屯,C0F9T0,2019-05-20T23:00:00+08:00,111.0,336,1.8,21.9,0.86,996.6,-99,97.0,-99,-99,-99,臺中市,02,西屯區,125
24.182028,120.632861,西屯,C0F9T0,2019-05-21T00:00:00+08:00,111.0,318,1.5,22.0,0.87,996.2,-99,97.0,-99,-99,-99,臺中市,02,西屯區,125
24.182028,120.632861,西屯,C0F9T0,2019-05-21T01:00:00+08:00,111.0,309,1.0,22.0,0.87,996.2,-99,0.0,-99,-99,-99,臺中市,02,西屯區,125
24.182028,120.632861,西屯,C0F9T0,2019-05-21T02:00:00+08:00,111.0,317,1.7,22.2,0.88,995.8,-99,0.0,-99,-99,-99,臺中市,02,西屯區,125
24.182028,120.632861,西屯,C0F9T0,2019-05-21T03:00:00+08:00,111.0,43,0.9,22.2,0.83,995.6,-99,0.0,-99,-99,-99,臺中市,02,西屯區,125
24.182028,120.632861,西屯,C0F9T0,2019-05-21T04:00:00+08:00,111.0,0,0.0,22.2,0.83,995.6,-99,0.0,-99,-99,-99,臺中市,02,西屯區,125
24.182028,120.632861,西屯,C0F9T0,2019-05-21T05:00:00+08:00,111.0,333,1.0,21.9,0.83,995.9,-99,0.0,-99,-99,-99,臺中市,02,西屯區,125
24.182028,120.632861,西屯,C0F9T0,2019-05-21T06:00:00+08:00,111.0,314,1.9,21.6,0.86,996.0,-99,0.0,-99,-99,-99,臺中市,02,西屯區,125
24.182028,120.632861,西屯,C0F9T0,2019-05-21T07:00:00+08:00,111.0,339,1.9,21.3,0.88,996.4,-99,0.0,-99,-99,-99,臺中市,02,西屯區,125
24.182028,120.632861,西屯,C0F9T0,2019-05-21T08:00:00+08:00,111.0,324,1.3,22.3,0.83,996.6,-99,0.0,-99,-99,-99,臺中市,02,西屯區,125
24.182028,120.632861,西屯,C0F9T0,2019-05-21T09:00:00+08:00,111.0,311,1.9,22.7,0.81,996.8,-99,0.0,-99,-99,-99,臺中市,02,西屯區,125
24.182028,120.632861,西屯,C0F9T0,2019-05-21T10:00:00+08:00,111.0,306,1.8,22.6,0.73,996.9,-99,0.0,-99,-99,-99,臺中市,02,西屯區,125
24.182028,120.632861,西屯,C0F9T0,2019-05-21T11:00:00+08:00,111.0,341,1.8,22.5,0.65,997.0,-99,0.0,-99,-99,-99,臺中市,02,西屯區,125
24.182028,120.632861,西屯,C0F9T0,2019-05-21T12:00:00+08:00,111.0,332,1.2,21.4,0.8,996.8,-99,0.5,-99,-99,-99,臺中市,02,西屯區,125
24.182028,120.632861,西屯,C0F9T0,2019-05-21T13:00:00+08:00,111.0,322,2.0,22.4,0.75,996.6,-99,0.5,-99,-99,-99,臺中市,02,西屯區,125
24.182028,120.632861,西屯,C0F9T0,2019-05-21T14:00:00+08:00,111.0,19,1.3,23.8,0.71,996.5,-99,0.5,-99,-99,-99,臺中市,02,西屯區,125
24.182028,120.632861,西屯,C0F9T0,2019-05-21T15:00:00+08:00,111.0,184,1.1,25.5,0.7,995.9,-99,0.5,-99,-99,-99,臺中市,02,西屯區,125
24.182028,120.632861,西屯,C0F9T0,2019-05-21T16:00:00+08:00,111.0,309,1.7,25.0,0.72,995.8,-99,0.5,-99,-99,-99,臺中市,02,西屯區,125
24.182028,120.632861,西屯,C0F9T0,2019-05-21T17:00:00+08:00,111.0,333,2.1,24.2,0.72,995.8,-99,0.5,-99,-99,-99,臺中市,02,西屯區,125
24.182028,120.632861,西屯,C0F9T0,2019-05-21T18:00:00+08:00,111.0,322,1.5,24.1,0.75,995.8,-99,0.5,-99,-99,-99,臺中市,02,西屯區,125
24.182028,120.632861,西屯,C0F9T0,2019-05-21T19:00:00+08:00,111.0,323,1.5,23.4,0.75,995.8,-99,0.5,-99,-99,-99,臺中市,02,西屯區,125
24.182028,120.632861,西屯,C0F9T0,2019-05-21T20:00:00+08:00,111.0,345,1.0,23.0,0.74,996.7,-99,0.5,-99,-99,-99,臺中市,02,西屯區,125
24.182028,120.632861,西屯,C0F9T0,2019-05-21T21:00:00+08:00,111.0,299,0.4,23.4,0.75,997.3,-99,0.5,-99,-99,-99,臺中市,02,西屯區,125
24.182028,120.632861,西屯,C0F9T0,2019-05-21T22:00:00+08:00,111.0,310,1.1,23.8,0.76,997.8,-99,0.5,-99,-99,-99,臺中市,02,西屯區,125
24.182028,120.632861,西屯,C0F9T0,2019-05-21T23:00:00+08:00,111.0,38,0.8,23.6,0.81,998.1,-99,0.5,-99,-99,-99,臺中市,02,西屯區,125
24.182028,120.632861,西屯,C0F9T0,2019-05-22T00:00:00+08:00,111.0,315,0.3,23.7,0.82,997.7,-99,0.5,-99,-99,-99,臺中市,02,西屯區,125
24.182028,120.632861,西屯,C0F9T0,2019-05-22T01:00:00+08:00,111.0,0,0.2,23.5,0.82,997.2,-99,0.0,-99,-99,-99,臺中市,02,西屯區,125
24.182028,120.632861,西屯,C0F9T0,2019-05-22T02:00:00+08:00,111.0,0,0.0,23.5,0.85,996.9,-99,0.0,-99,-99,-99,臺中市,02,西屯區,125
24.182028,120.632861,西屯,C0F9T0,2019-05-22T03:00:00+08:00,111.0,301,1.1,23.3,0.88,996.7,-99,0.0,-99,-99,-99,臺中市,02,西屯區,125
24.182028,120.632861,西屯,C0F9T0,2019-05-22T04:00:00+08:00,111.0,333,1.1,22.9,0.87,996.6,-99,0.0,-99,-99,-99,臺中市,02,西屯區,125
24.182028,120.632861,西屯,C0F9T0,2019-05-22T05:00:00+08:00,111.0,88,1.2,22.9,0.79,996.7,-99,0.0,-99,-99,-99,臺中市,02,西屯區,125
24.182028,120.632861,西屯,C0F9T0,2019-05-22T06:00:00+08:00,111.0,0,0.1,23.0,0.81,996.9,-99,0.0,-99,-99,-99,臺中市,02,西屯區,125
24.182028,120.632861,西屯,C0F9T0,2019-05-22T07:00:00+08:00,111.0,0,0.1,24.8,0.8,997.0,-99,0.0,-99,-99,-99,臺中市,02,西屯區,125
24.182028,120.632861,西屯,C0F9T0,2019-05-22T08:00:00+08:00,111.0,198,0.9,25.9,0.77,997.2,-99,0.0,-99,-99,-99,臺中市,02,西屯區,125
24.182028,120.632861,西屯,C0F9T0,2019-05-22T09:00:00+08:00,111.0,255,0.6,27.2,0.74,997.5,-99,0.0,-99,-99,-99,臺中市,02,西屯區,125
24.182028,120.632861,西屯,C0F9T0,2019-05-22T10:00:00+08:00,111.0,216,1.1,26.9,0.75,997.5,-99,0.0,-99,-99,-99,臺中市,02,西屯區,125
24.182028,120.632861,西屯,C0F9T0,2019-05-22T11:00:00+08:00,111.0,272,1.1,27.1,0.72,997.9,-99,0.0,-99,-99,-99,臺中市,02,西屯區,125
24.182028,120.632861,西屯,C0F9T0,2019-05-22T12:00:00+08:00,111.0,279,1.2,27.2,0.72,997.6,-99,0.0,-99,-99,-99,臺中市,02,西屯區,125
24.182028,120.632861,西屯,C0F9T0,2019-05-22T13:00:00+08:00,111.0,314,2.0,27.0,0.66,996.9,-99,0.0,-99,-99,-99,臺中市,02,西屯區,125
24.182028,120.632861,西屯,C0F9T0,2019-05-22T14:00:00+08:00,111.0,245,1.0,28.1,0.66,996.1,-99,0.0,-99,-99,-99,臺中市,02,西屯區,125
24.182028,120.632861,西屯,C0F9T0,2019-05-22T15:00:00+08:00,111.0,331,2.4,26.4,0.61,996.1,-99,0.0,-99,-99,-99,臺中市,02,西屯區,125
24.182028,120.632861,西屯,C0F9T0,2019-05-22T16:00:00+08:00,111.0,307,0.8,26.1,0.61,996.0,-99,0.0,-99,-99,-99,臺中市,02,西屯區,125
24.182028,120.632861,西屯,C0F9T0,2019-05-22T17:00:00+08:00,111.0,330,2.3,25.4,0.61,996.2,-99,0.0,-99,-99,-99,臺中市,02,西屯區,125
24.182028,120.632861,西屯,C0F9T0,2019-05-22T18:00:00+08:00,111.0,330,1.6,24.3,0.7,996.2,-99,0.0,-99,-99,-99,臺中市,02,西屯區,125
24.182028,120.632861,西屯,C0F9T0,2019-05-22T19:00:00+08:00,111.0,322,0.9,21.7,0.86,996.8,-99,2.5,-99,-99,-99,臺中市,02,西屯區,125
24.182028,120.632861,西屯,C0F9T0,2019-05-22T20:00:00+08:00,111.0,325,1.1,21.8,0.85,997.2,-99,2.5,-99,-99,-99,臺中市,02,西屯區,125
24.182028,120.632861,西屯,C0F9T0,2019-05-22T21:00:00+08:00,111.0,310,0.7,22.1,0.84,997.7,-99,2.5,-99,-99,-99,臺中市,02,西屯區,125
24.182028,120.632861,西屯,C0F9T0,2019-05-22T22:00:00+08:00,111.0,97,0.4,23.1,0.77,998.1,-99,2.5,-99,-99,-99,臺中市,02,西屯區,125
24.182028,120.632861,西屯,C0F9T0,2019-05-22T23:00:00+08:00,111.0,0,0.1,23.6,0.79,997.7,-99,2.5,-99,-99,-99,臺中市,02,西屯區,125
24.182028,120.632861,西屯,C0F9T0,2019-05-23T00:00:00+08:00,111.0,0,0.0,23.1,0.83,997.5,-99,2.5,-99,-99,-99,臺中市,02,西屯區,125
24.182028,120.632861,西屯,C0F9T0,2019-05-23T01:00:00+08:00,111.0,297,1.4,22.7,0.87,997.2,-99,0.0,-99,-99,-99,臺中市,02,西屯區,125
24.182028,120.632861,西屯,C0F9T0,2019-05-23T02:00:00+08:00,111.0,310,0.3,23.1,0.86,997.2,-99,0.0,-99,-99,-99,臺中市,02,西屯區,125
24.182028,120.632861,西屯,C0F9T0,2019-05-23T03:00:00+08:00,111.0,0,0.2,23.3,0.84,996.8,-99,0.0,-99,-99,-99,臺中市,02,西屯區,125
24.182028,120.632861,西屯,C0F9T0,2019-05-23T04:00:00+08:00,111.0,61,0.4,23.3,0.77,997.1,-99,0.0,-99,-99,-99,臺中市,02,西屯區,125
24.182028,120.632861,西屯,C0F9T0,2019-05-23T06:00:00+08:00,111.0,346,1.4,21.7,0.93,998.4,-99,0.5,-99,-99,-99,臺中市,02,西屯區,125
24.182028,120.632861,西屯,C0F9T0,2019-05-23T08:00:00+08:00,111.0,338,0.9,20.6,1,999.4,-99,28.5,-99,-99,-99,臺中市,02,西屯區,125
24.182028,120.632861,西屯,C0F9T0,2019-05-23T09:00:00+08:00,111.0,332,1.2,20.5,1,999.6,-99,30.0,-99,-99,-99,臺中市,02,西屯區,125
24.182028,120.632861,西屯,C0F9T0,2019-05-23T10:00:00+08:00,111.0,336,0.6,20.5,1,1000.0,-99,43.0,-99,-99,-99,臺中市,02,西屯區,125
24.182028,120.632861,西屯,C0F9T0,2019-05-23T11:00:00+08:00,111.0,44,0.5,21.0,1,999.6,-99,43.5,-99,-99,-99,臺中市,02,西屯區,125
24.182028,120.632861,西屯,C0F9T0,2019-05-23T12:00:00+08:00,111.0,0,0.1,22.6,0.99,999.1,-99,43.5,-99,-99,-99,臺中市,02,西屯區,125
24.182028,120.632861,西屯,C0F9T0,2019-05-23T13:00:00+08:00,111.0,343,1.0,24.4,0.81,998.6,-99,43.5,-99,-99,-99,臺中市,02,西屯區,125
24.182028,120.632861,西屯,C0F9T0,2019-05-23T14:00:00+08:00,111.0,306,0.9,25.5,0.76,998.3,-99,43.5,-99,-99,-99,臺中市,02,西屯區,125
24.182028,120.632861,西屯,C0F9T0,2019-05-23T15:00:00+08:00,111.0,317,1.0,26.4,0.74,997.8,-99,43.5,-99,-99,-99,臺中市,02,西屯區,125
24.182028,120.632861,西屯,C0F9T0,2019-05-23T16:00:00+08:00,111.0,305,1.8,25.1,0.82,997.5,-99,43.5,-99,-99,-99,臺中市,02,西屯區,125
24.182028,120.632861,西屯,C0F9T0,2019-05-23T17:00:00+08:00,111.0,314,2.9,24.5,0.82,997.4,-99,43.5,-99,-99,-99,臺中市,02,西屯區,125
24.182028,120.632861,西屯,C0F9T0,2019-05-23T18:00:00+08:00,111.0,344,1.9,24.6,0.84,997.7,-99,43.5,-99,-99,-99,臺中市,02,西屯區,125
24.182028,120.632861,西屯,C0F9T0,2019-05-23T19:00:00+08:00,111.0,293,1.0,24.0,0.89,997.9,-99,43.5,-99,-99,-99,臺中市,02,西屯區,125
24.182028,120.632861,西屯,C0F9T0,2019-05-23T20:00:00+08:00,111.0,294,1.0,24.0,0.9,998.7,-99,43.5,-99,-99,-99,臺中市,02,西屯區,125
24.182028,120.632861,西屯,C0F9T0,2019-05-23T21:00:00+08:00,111.0,343,0.8,24.1,0.9,999.0,-99,43.5,-99,-99,-99,臺中市,02,西屯區,125
24.182028,120.632861,西屯,C0F9T0,2019-05-23T22:00:00+08:00,111.0,0,0.1,24.2,0.89,999.3,-99,43.5,-99,-99,-99,臺中市,02,西屯區,125
24.182028,120.632861,西屯,C0F9T0,2019-05-23T23:00:00+08:00,111.0,0,0.1,24.4,0.88,999.2,-99,43.5,-99,-99,-99,臺中市,02,西屯區,125
24.182028,120.632861,西屯,C0F9T0,2019-05-24T00:00:00+08:00,111.0,0,0.2,24.3,0.89,998.9,-99,43.5,-99,-99,-99,臺中市,02,西屯區,125
24.182028,120.632861,西屯,C0F9T0,2019-05-24T01:00:00+08:00,111.0,0,0.0,24.1,0.91,998.3,-99,0.0,-99,-99,-99,臺中市,02,西屯區,125
24.182028,120.632861,西屯,C0F9T0,2019-05-24T02:00:00+08:00,111.0,293,0.7,23.9,0.92,997.9,-99,0.0,-99,-99,-99,臺中市,02,西屯區,125
24.182028,120.632861,西屯,C0F9T0,2019-05-24T03:00:00+08:00,111.0,301,0.3,23.9,0.92,997.7,-99,0.0,-99,-99,-99,臺中市,02,西屯區,125
24.182028,120.632861,西屯,C0F9T0,2019-05-24T04:00:00+08:00,111.0,0,0.1,23.9,0.91,997.9,-99,0.0,-99,-99,-99,臺中市,02,西屯區,125
24.182028,120.632861,西屯,C0F9T0,2019-05-24T05:00:00+08:00,111.0,0,0.0,24.1,0.9,998.2,-99,0.0,-99,-99,-99,臺中市,02,西屯區,125
24.182028,120.632861,西屯,C0F9T0,2019-05-24T06:00:00+08:00,111.0,292,0.8,24.1,0.91,998.9,-99,0.0,-99,-99,-99,臺中市,02,西屯區,125
24.182028,120.632861,西屯,C0F9T0,2019-05-24T07:00:00+08:00,111.0,0,0.0,24.9,0.89,999.4,-99,0.0,-99,-99,-99,臺中市,02,西屯區,125
24.182028,120.632861,西屯,C0F9T0,2019-05-24T08:00:00+08:00,111.0,300,0.8,26.2,0.82,999.8,-99,0.0,-99,-99,-99,臺中市,02,西屯區,125
24.182028,120.632861,西屯,C0F9T0,2019-05-24T09:00:00+08:00,111.0,217,0.9,27.2,0.77,1000.2,-99,0.0,-99,-99,-99,臺中市,02,西屯區,125
24.182028,120.632861,西屯,C0F9T0,2019-05-24T10:00:00+08:00,111.0,251,1.0,28.9,0.69,1000.0,-99,0.0,-99,-99,-99,臺中市,02,西屯區,125
24.182028,120.632861,西屯,C0F9T0,2019-05-24T11:00:00+08:00,111.0,190,0.8,29.7,0.65,999.9,-99,0.0,-99,-99,-99,臺中市,02,西屯區,125
24.182028,120.632861,西屯,C0F9T0,2019-05-24T12:00:00+08:00,111.0,302,2.2,30.2,0.62,999.4,-99,0.0,-99,-99,-99,臺中市,02,西屯區,125
24.182028,120.632861,西屯,C0F9T0,2019-05-24T13:00:00+08:00,111.0,299,2.5,28.9,0.68,999.1,-99,0.0,-99,-99,-99,臺中市,02,西屯區,125
24.182028,120.632861,西屯,C0F9T0,2019-05-24T14:00:00+08:00,111.0,302,3.4,28.3,0.73,998.6,-99,0.0,-99,-99,-99,臺中市,02,西屯區,125
24.182028,120.632861,西屯,C0F9T0,2019-05-24T15:00:00+08:00,111.0,304,2.6,28.6,0.68,998.5,-99,0.0,-99,-99,-99,臺中市,02,西屯區,125
24.182028,120.632861,西屯,C0F9T0,2019-05-24T16:00:00+08:00,111.0,310,2.2,29.0,0.66,997.7,-99,0.0,-99,-99,-99,臺中市,02,西屯區,125
24.182028,120.632861,西屯,C0F9T0,2019-05-24T17:00:00+08:00,111.0,319,1.2,28.6,0.66,997.8,-99,0.0,-99,-99,-99,臺中市,02,西屯區,125
24.182028,120.632861,西屯,C0F9T0,2019-05-24T18:00:00+08:00,111.0,307,0.7,28.1,0.67,998.1,-99,0.0,-99,-99,-99,臺中市,02,西屯區,125
24.182028,120.632861,西屯,C0F9T0,2019-05-24T19:00:00+08:00,111.0,251,1.0,27.7,0.7,998.8,-99,0.0,-99,-99,-99,臺中市,02,西屯區,125
24.182028,120.632861,西屯,C0F9T0,2019-05-24T20:00:00+08:00,111.0,210,0.6,27.4,0.73,999.3,-99,0.0,-99,-99,-99,臺中市,02,西屯區,125
24.182028,120.632861,西屯,C0F9T0,2019-05-24T21:00:00+08:00,111.0,179,1.0,27.1,0.75,999.6,-99,0.0,-99,-99,-99,臺中市,02,西屯區,125
24.182028,120.632861,西屯,C0F9T0,2019-05-24T22:00:00+08:00,111.0,213,1.2,27.1,0.72,999.7,-99,0.0,-99,-99,-99,臺中市,02,西屯區,125
24.182028,120.632861,西屯,C0F9T0,2019-05-24T23:00:00+08:00,111.0,223,0.8,26.6,0.78,999.4,-99,0.0,-99,-99,-99,臺中市,02,西屯區,125
24.182028,120.632861,西屯,C0F9T0,2019-05-25T00:00:00+08:00,111.0,212,0.8,26.0,0.85,999.1,-99,0.0,-99,-99,-99,臺中市,02,西屯區,125
24.182028,120.632861,西屯,C0F9T0,2019-05-25T01:00:00+08:00,111.0,214,0.9,25.8,0.85,998.5,-99,0.0,-99,-99,-99,臺中市,02,西屯區,125
24.182028,120.632861,西屯,C0F9T0,2019-05-25T02:00:00+08:00,111.0,207,0.7,25.6,0.85,998.0,-99,0.0,-99,-99,-99,臺中市,02,西屯區,125
24.182028,120.632861,西屯,C0F9T0,2019-05-25T03:00:00+08:00,111.0,305,0.4,25.6,0.85,997.7,-99,0.0,-99,-99,-99,臺中市,02,西屯區,125
24.182028,120.632861,西屯,C0F9T0,2019-05-25T04:00:00+08:00,111.0,181,0.5,25.5,0.87,997.5,-99,0.0,-99,-99,-99,臺中市,02,西屯區,125
24.182028,120.632861,西屯,C0F9T0,2019-05-25T05:00:00+08:00,111.0,0,0.1,25.3,0.88,997.5,-99,0.0,-99,-99,-99,臺中市,02,西屯區,125
24.182028,120.632861,西屯,C0F9T0,2019-05-25T06:00:00+08:00,111.0,0,0.0,25.6,0.86,998.0,-99,0.0,-99,-99,-99,臺中市,02,西屯區,125
24.182028,120.632861,西屯,C0F9T0,2019-05-25T07:00:00+08:00,111.0,295,0.5,26.1,0.84,998.5,-99,0.0,-99,-99,-99,臺中市,02,西屯區,125
24.182028,120.632861,西屯,C0F9T0,2019-05-25T08:00:00+08:00,111.0,312,0.6,27.0,0.79,998.7,-99,0.0,-99,-99,-99,臺中市,02,西屯區,125
24.182028,120.632861,西屯,C0F9T0,2019-05-25T09:00:00+08:00,111.0,307,1.4,28.3,0.7,999.1,-99,0.0,-99,-99,-99,臺中市,02,西屯區,125
24.182028,120.632861,西屯,C0F9T0,2019-05-25T10:00:00+08:00,111.0,305,2.1,28.8,0.67,999.2,-99,0.0,-99,-99,-99,臺中市,02,西屯區,125
24.182028,120.632861,西屯,C0F9T0,2019-05-25T11:00:00+08:00,111.0,316,1.9,29.7,0.62,999.0,-99,0.0,-99,-99,-99,臺中市,02,西屯區,125
24.182028,120.632861,西屯,C0F9T0,2019-05-25T12:00:00+08:00,111.0,315,2.5,28.9,0.67,998.7,-99,0.0,-99,-99,-99,臺中市,02,西屯區,125
24.182028,120.632861,西屯,C0F9T0,2019-05-25T13:00:00+08:00,111.0,302,3.4,29.6,0.62,998.2,-99,0.0,-99,-99,-99,臺中市,02,西屯區,125
24.182028,120.632861,西屯,C0F9T0,2019-05-25T14:00:00+08:00,111.0,321,3.0,29.4,0.65,997.7,-99,0.0,-99,-99,-99,臺中市,02,西屯區,125
24.182028,120.632861,西屯,C0F9T0,2019-05-25T15:00:00+08:00,111.0,319,2.0,29.1,0.63,997.4,-99,0.0,-99,-99,-99,臺中市,02,西屯區,125
24.182028,120.632861,西屯,C0F9T0,2019-05-25T16:00:00+08:00,111.0,304,2.7,29.0,0.62,997.0,-99,0.0,-99,-99,-99,臺中市,02,西屯區,125
24.182028,120.632861,西屯,C0F9T0,2019-05-25T17:00:00+08:00,111.0,325,1.7,28.7,0.63,996.8,-99,0.0,-99,-99,-99,臺中市,02,西屯區,125
24.182028,120.632861,西屯,C0F9T0,2019-05-25T18:00:00+08:00,111.0,325,1.7,27.9,0.65,997.2,-99,0.0,-99,-99,-99,臺中市,02,西屯區,125
24.182028,120.632861,西屯,C0F9T0,2019-05-25T19:00:00+08:00,111.0,311,1.6,27.3,0.71,997.5,-99,0.0,-99,-99,-99,臺中市,02,西屯區,125
24.182028,120.632861,西屯,C0F9T0,2019-05-25T20:00:00+08:00,111.0,330,1.3,26.8,0.73,998.0,-99,0.0,-99,-99,-99,臺中市,02,西屯區,125
24.182028,120.632861,西屯,C0F9T0,2019-05-25T21:00:00+08:00,111.0,83,1.8,26.6,0.76,998.1,-99,0.0,-99,-99,-99,臺中市,02,西屯區,125
24.182028,120.632861,西屯,C0F9T0,2019-05-25T22:00:00+08:00,111.0,313,0.8,26.5,0.77,998.2,-99,0.0,-99,-99,-99,臺中市,02,西屯區,125
24.182028,120.632861,西屯,C0F9T0,2019-05-25T23:00:00+08:00,111.0,300,0.6,26.4,0.78,998.0,-99,0.0,-99,-99,-99,臺中市,02,西屯區,125
24.182028,120.632861,西屯,C0F9T0,2019-05-26T00:00:00+08:00,111.0,290,0.5,26.2,0.8,997.7,-99,0.0,-99,-99,-99,臺中市,02,西屯區,125
24.182028,120.632861,西屯,C0F9T0,2019-05-26T01:00:00+08:00,111.0,333,0.5,25.8,0.81,997.4,-99,0.0,-99,-99,-99,臺中市,02,西屯區,125
24.182028,120.632861,西屯,C0F9T0,2019-05-26T02:00:00+08:00,111.0,310,1.1,25.6,0.83,997.0,-99,0.0,-99,-99,-99,臺中市,02,西屯區,125
24.182028,120.632861,西屯,C0F9T0,2019-05-26T03:00:00+08:00,111.0,308,0.4,25.2,0.85,996.5,-99,0.0,-99,-99,-99,臺中市,02,西屯區,125
24.182028,120.632861,西屯,C0F9T0,2019-05-26T04:00:00+08:00,111.0,0,0.2,25.3,0.85,996.9,-99,0.0,-99,-99,-99,臺中市,02,西屯區,125
24.182028,120.632861,西屯,C0F9T0,2019-05-26T05:00:00+08:00,111.0,313,0.6,24.7,0.89,996.9,-99,0.0,-99,-99,-99,臺中市,02,西屯區,125
24.182028,120.632861,西屯,C0F9T0,2019-05-26T06:00:00+08:00,111.0,0,0.2,24.8,0.89,997.3,-99,0.0,-99,-99,-99,臺中市,02,西屯區,125
24.182028,120.632861,西屯,C0F9T0,2019-05-26T07:00:00+08:00,111.0,313,0.9,25.8,0.84,997.8,-99,0.0,-99,-99,-99,臺中市,02,西屯區,125
24.182028,120.632861,西屯,C0F9T0,2019-05-26T08:00:00+08:00,111.0,34,0.5,26.9,0.78,998.0,-99,0.0,-99,-99,-99,臺中市,02,西屯區,125
24.182028,120.632861,西屯,C0F9T0,2019-05-26T09:00:00+08:00,111.0,315,1.1,27.9,0.68,998.1,-99,0.0,-99,-99,-99,臺中市,02,西屯區,125
24.182028,120.632861,西屯,C0F9T0,2019-05-26T10:00:00+08:00,111.0,299,1.2,28.9,0.64,998.3,-99,0.0,-99,-99,-99,臺中市,02,西屯區,125
24.182028,120.632861,西屯,C0F9T0,2019-05-26T11:00:00+08:00,111.0,303,1.7,29.0,0.66,998.3,-99,0.0,-99,-99,-99,臺中市,02,西屯區,125
24.182028,120.632861,西屯,C0F9T0,2019-05-26T12:00:00+08:00,111.0,322,1.6,29.4,0.68,997.7,-99,0.0,-99,-99,-99,臺中市,02,西屯區,125
24.182028,120.632861,西屯,C0F9T0,2019-05-26T13:00:00+08:00,111.0,301,2.8,29.3,0.7,997.2,-99,0.0,-99,-99,-99,臺中市,02,西屯區,125
24.182028,120.632861,西屯,C0F9T0,2019-05-26T14:00:00+08:00,111.0,333,1.8,29.4,0.71,996.7,-99,0.0,-99,-99,-99,臺中市,02,西屯區,125
24.182028,120.632861,西屯,C0F9T0,2019-05-26T15:00:00+08:00,111.0,334,2.7,29.7,0.69,996.2,-99,0.0,-99,-99,-99,臺中市,02,西屯區,125
24.182028,120.632861,西屯,C0F9T0,2019-05-26T16:00:00+08:00,111.0,338,1.7,30.2,0.64,995.7,-99,0.0,-99,-99,-99,臺中市,02,西屯區,125
24.182028,120.632861,西屯,C0F9T0,2019-05-26T17:00:00+08:00,111.0,329,2.1,29.8,0.65,995.6,-99,0.0,-99,-99,-99,臺中市,02,西屯區,125
24.182028,120.632861,西屯,C0F9T0,2019-05-26T18:00:00+08:00,111.0,327,1.9,29.3,0.68,996.1,-99,0.0,-99,-99,-99,臺中市,02,西屯區,125
24.182028,120.632861,西屯,C0F9T0,2019-05-26T19:00:00+08:00,111.0,348,1.9,28.8,0.7,996.3,-99,0.0,-99,-99,-99,臺中市,02,西屯區,125
24.182028,120.632861,西屯,C0F9T0,2019-05-26T20:00:00+08:00,111.0,328,0.8,28.5,0.77,996.7,-99,0.0,-99,-99,-99,臺中市,02,西屯區,125
24.182028,120.632861,西屯,C0F9T0,2019-05-26T21:00:00+08:00,111.0,301,0.7,28.4,0.77,997.2,-99,0.0,-99,-99,-99,臺中市,02,西屯區,125
24.182028,120.632861,西屯,C0F9T0,2019-05-26T22:00:00+08:00,111.0,298,0.3,28.6,0.76,997.5,-99,0.0,-99,-99,-99,臺中市,02,西屯區,125
24.182028,120.632861,西屯,C0F9T0,2019-05-26T23:00:00+08:00,111.0,229,0.3,28.3,0.75,997.0,-99,0.0,-99,-99,-99,臺中市,02,西屯區,125
24.182028,120.632861,西屯,C0F9T0,2019-05-27T00:00:00+08:00,111.0,0,0.2,28.1,0.75,996.4,-99,0.0,-99,-99,-99,臺中市,02,西屯區,125
24.182028,120.632861,西屯,C0F9T0,2019-05-27T01:00:00+08:00,111.0,205,0.9,27.8,0.79,995.9,-99,0.0,-99,-99,-99,臺中市,02,西屯區,125
24.182028,120.632861,西屯,C0F9T0,2019-05-27T02:00:00+08:00,111.0,211,1.0,27.4,0.79,995.9,-99,0.0,-99,-99,-99,臺中市,02,西屯區,125
24.182028,120.632861,西屯,C0F9T0,2019-05-27T03:00:00+08:00,111.0,315,0.3,27.3,0.78,996.1,-99,0.0,-99,-99,-99,臺中市,02,西屯區,125
24.182028,120.632861,西屯,C0F9T0,2019-05-27T04:00:00+08:00,111.0,0,0.2,27.4,0.76,996.2,-99,0.0,-99,-99,-99,臺中市,02,西屯區,125
24.182028,120.632861,西屯,C0F9T0,2019-05-27T05:00:00+08:00,111.0,90,1.2,27.1,0.8,996.5,-99,0.0,-99,-99,-99,臺中市,02,西屯區,125
24.182028,120.632861,西屯,C0F9T0,2019-05-27T06:00:00+08:00,111.0,0,0.2,27.0,0.84,996.8,-99,0.0,-99,-99,-99,臺中市,02,西屯區,125
24.182028,120.632861,西屯,C0F9T0,2019-05-27T07:00:00+08:00,111.0,291,1.3,26.9,0.84,997.3,-99,0.0,-99,-99,-99,臺中市,02,西屯區,125
24.182028,120.632861,西屯,C0F9T0,2019-05-27T08:00:00+08:00,111.0,103,0.9,27.8,0.8,997.2,-99,0.0,-99,-99,-99,臺中市,02,西屯區,125
24.182028,120.632861,西屯,C0F9T0,2019-05-27T09:00:00+08:00,111.0,203,0.5,30.1,0.69,997.3,-99,0.0,-99,-99,-99,臺中市,02,西屯區,125
24.182028,120.632861,西屯,C0F9T0,2019-05-27T10:00:00+08:00,111.0,282,1.6,29.3,0.74,997.7,-99,0.0,-99,-99,-99,臺中市,02,西屯區,125
24.182028,120.632861,西屯,C0F9T0,2019-05-27T11:00:00+08:00,111.0,271,1.2,27.5,0.85,997.7,-99,0.0,-99,-99,-99,臺中市,02,西屯區,125
24.182028,120.632861,西屯,C0F9T0,2019-05-27T12:00:00+08:00,111.0,260,1.0,26.8,0.9,997.4,-99,0.5,-99,-99,-99,臺中市,02,西屯區,125
24.182028,120.632861,西屯,C0F9T0,2019-05-27T13:00:00+08:00,111.0,218,1.4,27.6,0.86,996.8,-99,0.5,-99,-99,-99,臺中市,02,西屯區,125
24.182028,120.632861,西屯,C0F9T0,2019-05-27T14:00:00+08:00,111.0,171,1.6,28.5,0.79,995.8,-99,0.5,-99,-99,-99,臺中市,02,西屯區,125
24.182028,120.632861,西屯,C0F9T0,2019-05-27T15:00:00+08:00,111.0,156,1.4,26.2,0.87,996.1,-99,0.5,-99,-99,-99,臺中市,02,西屯區,125
24.182028,120.632861,西屯,C0F9T0,2019-05-27T16:00:00+08:00,111.0,184,1.4,28.9,0.73,995.7,-99,0.5,-99,-99,-99,臺中市,02,西屯區,125
24.182028,120.632861,西屯,C0F9T0,2019-05-27T17:00:00+08:00,111.0,158,2.0,28.5,0.74,995.8,-99,0.5,-99,-99,-99,臺中市,02,西屯區,125
24.182028,120.632861,西屯,C0F9T0,2019-05-27T18:00:00+08:00,111.0,199,1.3,28.8,0.72,996.1,-99,0.5,-99,-99,-99,臺中市,02,西屯區,125
24.182028,120.632861,西屯,C0F9T0,2019-05-27T19:00:00+08:00,111.0,222,0.5,28.7,0.73,996.4,-99,0.5,-99,-99,-99,臺中市,02,西屯區,125
24.182028,120.632861,西屯,C0F9T0,2019-05-27T20:00:00+08:00,111.0,170,1.2,28.4,0.76,996.8,-99,0.5,-99,-99,-99,臺中市,02,西屯區,125
24.182028,120.632861,西屯,C0F9T0,2019-05-27T21:00:00+08:00,111.0,210,1.6,28.1,0.77,997.2,-99,0.5,-99,-99,-99,臺中市,02,西屯區,125
24.182028,120.632861,西屯,C0F9T0,2019-05-27T22:00:00+08:00,111.0,204,1.3,28.0,0.76,997.3,-99,0.5,-99,-99,-99,臺中市,02,西屯區,125
24.182028,120.632861,西屯,C0F9T0,2019-05-27T23:00:00+08:00,111.0,215,0.5,27.7,0.76,997.4,-99,0.5,-99,-99,-99,臺中市,02,西屯區,125
24.182028,120.632861,西屯,C0F9T0,2019-05-28T00:00:00+08:00,111.0,0,0.0,27.5,0.78,997.2,-99,0.5,-99,-99,-99,臺中市,02,西屯區,125
24.182028,120.632861,西屯,C0F9T0,2019-05-28T01:00:00+08:00,111.0,285,0.3,26.8,0.82,996.9,-99,0.0,-99,-99,-99,臺中市,02,西屯區,125
24.182028,120.632861,西屯,C0F9T0,2019-05-28T02:00:00+08:00,111.0,178,0.7,26.8,0.79,996.2,-99,0.0,-99,-99,-99,臺中市,02,西屯區,125
24.182028,120.632861,西屯,C0F9T0,2019-05-28T03:00:00+08:00,111.0,228,0.4,26.5,0.81,996.2,-99,0.0,-99,-99,-99,臺中市,02,西屯區,125
24.182028,120.632861,西屯,C0F9T0,2019-05-28T04:00:00+08:00,111.0,296,0.3,26.2,0.82,996.2,-99,0.0,-99,-99,-99,臺中市,02,西屯區,125
24.182028,120.632861,西屯,C0F9T0,2019-05-28T05:00:00+08:00,111.0,302,0.9,25.9,0.84,996.2,-99,0.0,-99,-99,-99,臺中市,02,西屯區,125
24.182028,120.632861,西屯,C0F9T0,2019-05-28T06:00:00+08:00,111.0,301,0.7,25.9,0.85,996.6,-99,0.0,-99,-99,-99,臺中市,02,西屯區,125
24.182028,120.632861,西屯,C0F9T0,2019-05-28T07:00:00+08:00,111.0,164,1.1,26.9,0.79,997.4,-99,0.0,-99,-99,-99,臺中市,02,西屯區,125
24.182028,120.632861,西屯,C0F9T0,2019-05-28T08:00:00+08:00,111.0,0,0.0,26.4,0.84,997.7,-99,0.0,-99,-99,-99,臺中市,02,西屯區,125
24.182028,120.632861,西屯,C0F9T0,2019-05-28T09:00:00+08:00,111.0,294,0.6,27.5,0.82,997.7,-99,0.5,-99,-99,-99,臺中市,02,西屯區,125
24.182028,120.632861,西屯,C0F9T0,2019-05-28T10:00:00+08:00,111.0,203,0.7,28.0,0.76,997.8,-99,0.5,-99,-99,-99,臺中市,02,西屯區,125
24.182028,120.632861,西屯,C0F9T0,2019-05-28T11:00:00+08:00,111.0,298,4.3,26.7,0.83,998.3,-99,0.5,-99,-99,-99,臺中市,02,西屯區,125
24.182028,120.632861,西屯,C0F9T0,2019-05-28T12:00:00+08:00,111.0,297,0.4,24.4,0.96,998.1,-99,4.5,-99,-99,-99,臺中市,02,西屯區,125
24.182028,120.632861,西屯,C0F9T0,2019-05-28T13:00:00+08:00,111.0,333,0.7,24.4,0.97,997.9,-99,9.0,-99,-99,-99,臺中市,02,西屯區,125
24.182028,120.632861,西屯,C0F9T0,2019-05-28T14:00:00+08:00,111.0,78,1.1,24.9,0.97,997.1,-99,12.0,-99,-99,-99,臺中市,02,西屯區,125
24.182028,120.632861,西屯,C0F9T0,2019-05-28T15:00:00+08:00,111.0,316,0.5,26.2,0.89,996.4,-99,12.0,-99,-99,-99,臺中市,02,西屯區,125
24.182028,120.632861,西屯,C0F9T0,2019-05-28T16:00:00+08:00,111.0,304,1.1,27.1,0.8,995.9,-99,12.0,-99,-99,-99,臺中市,02,西屯區,125
24.182028,120.632861,西屯,C0F9T0,2019-05-28T17:00:00+08:00,111.0,333,2.1,27.7,0.78,995.8,-99,12.0,-99,-99,-99,臺中市,02,西屯區,125
24.182028,120.632861,西屯,C0F9T0,2019-05-28T18:00:00+08:00,111.0,312,1.9,26.5,0.84,996.2,-99,12.0,-99,-99,-99,臺中市,02,西屯區,125
24.182028,120.632861,西屯,C0F9T0,2019-05-28T19:00:00+08:00,111.0,340,2.8,24.7,0.91,996.9,-99,12.0,-99,-99,-99,臺中市,02,西屯區,125
24.182028,120.632861,西屯,C0F9T0,2019-05-28T20:00:00+08:00,111.0,330,2.5,23.7,0.92,997.4,-99,12.0,-99,-99,-99,臺中市,02,西屯區,125
24.182028,120.632861,西屯,C0F9T0,2019-05-28T21:00:00+08:00,111.0,334,1.6,23.4,0.92,997.9,-99,12.0,-99,-99,-99,臺中市,02,西屯區,125
24.182028,120.632861,西屯,C0F9T0,2019-05-28T22:00:00+08:00,111.0,332,2.3,23.0,0.91,998.0,-99,12.0,-99,-99,-99,臺中市,02,西屯區,125
24.182028,120.632861,西屯,C0F9T0,2019-05-28T23:00:00+08:00,111.0,308,1.8,22.6,0.9,998.0,-99,12.0,-99,-99,-99,臺中市,02,西屯區,125
24.182028,120.632861,西屯,C0F9T0,2019-05-29T00:00:00+08:00,111.0,339,2.1,22.4,0.9,997.6,-99,12.0,-99,-99,-99,臺中市,02,西屯區,125
24.182028,120.632861,西屯,C0F9T0,2019-05-29T01:00:00+08:00,111.0,325,1.8,22.2,0.9,997.0,-99,0.0,-99,-99,-99,臺中市,02,西屯區,125
24.182028,120.632861,西屯,C0F9T0,2019-05-29T02:00:00+08:00,111.0,342,2.1,21.9,0.9,996.7,-99,0.0,-99,-99,-99,臺中市,02,西屯區,125
24.182028,120.632861,西屯,C0F9T0,2019-05-29T03:00:00+08:00,111.0,336,1.7,21.9,0.89,995.8,-99,0.0,-99,-99,-99,臺中市,02,西屯區,125
24.182028,120.632861,西屯,C0F9T0,2019-05-29T04:00:00+08:00,111.0,326,1.5,21.8,0.89,995.6,-99,0.0,-99,-99,-99,臺中市,02,西屯區,125
24.182028,120.632861,西屯,C0F9T0,2019-05-29T05:00:00+08:00,111.0,333,1.6,21.5,0.88,996.1,-99,0.0,-99,-99,-99,臺中市,02,西屯區,125
24.182028,120.632861,西屯,C0F9T0,2019-05-29T06:00:00+08:00,111.0,344,2.3,21.5,0.87,996.5,-99,0.0,-99,-99,-99,臺中市,02,西屯區,125
24.182028,120.632861,西屯,C0F9T0,2019-05-29T07:00:00+08:00,111.0,334,1.7,22.0,0.83,997.3,-99,0.0,-99,-99,-99,臺中市,02,西屯區,125
24.182028,120.632861,西屯,C0F9T0,2019-05-29T08:00:00+08:00,111.0,321,1.3,22.5,0.8,998.0,-99,0.0,-99,-99,-99,臺中市,02,西屯區,125
24.182028,120.632861,西屯,C0F9T0,2019-05-29T09:00:00+08:00,111.0,324,1.8,24.1,0.76,998.3,-99,0.0,-99,-99,-99,臺中市,02,西屯區,125
24.182028,120.632861,西屯,C0F9T0,2019-05-29T10:00:00+08:00,111.0,308,2.0,24.3,0.74,998.3,-99,0.0,-99,-99,-99,臺中市,02,西屯區,125
24.182028,120.632861,西屯,C0F9T0,2019-05-29T11:00:00+08:00,111.0,322,3.0,24.8,0.72,998.0,-99,0.0,-99,-99,-99,臺中市,02,西屯區,125
24.182028,120.632861,西屯,C0F9T0,2019-05-29T12:00:00+08:00,111.0,305,2.7,25.4,0.71,997.5,-99,0.0,-99,-99,-99,臺中市,02,西屯區,125
24.182028,120.632861,西屯,C0F9T0,2019-05-29T13:00:00+08:00,111.0,344,3.0,26.6,0.67,997.0,-99,0.0,-99,-99,-99,臺中市,02,西屯區,125
24.182028,120.632861,西屯,C0F9T0,2019-05-29T14:00:00+08:00,111.0,303,2.2,25.9,0.7,996.4,-99,0.0,-99,-99,-99,臺中市,02,西屯區,125
24.182028,120.632861,西屯,C0F9T0,2019-05-29T15:00:00+08:00,111.0,310,2.6,25.5,0.7,996.0,-99,0.0,-99,-99,-99,臺中市,02,西屯區,125
24.182028,120.632861,西屯,C0F9T0,2019-05-29T16:00:00+08:00,111.0,329,2.8,24.2,0.74,996.1,-99,0.0,-99,-99,-99,臺中市,02,西屯區,125
24.182028,120.632861,西屯,C0F9T0,2019-05-29T17:00:00+08:00,111.0,312,2.7,23.9,0.73,996.2,-99,0.0,-99,-99,-99,臺中市,02,西屯區,125
24.182028,120.632861,西屯,C0F9T0,2019-05-29T18:00:00+08:00,111.0,311,2.2,23.6,0.73,996.6,-99,0.0,-99,-99,-99,臺中市,02,西屯區,125
24.182028,120.632861,西屯,C0F9T0,2019-05-29T19:00:00+08:00,111.0,317,1.9,23.0,0.75,997.1,-99,0.0,-99,-99,-99,臺中市,02,西屯區,125
24.182028,120.632861,西屯,C0F9T0,2019-05-29T20:00:00+08:00,111.0,335,2.3,22.7,0.76,997.4,-99,0.0,-99,-99,-99,臺中市,02,西屯區,125
24.182028,120.632861,西屯,C0F9T0,2019-05-29T21:00:00+08:00,111.0,325,1.8,22.3,0.76,997.8,-99,0.0,-99,-99,-99,臺中市,02,西屯區,125
24.182028,120.632861,西屯,C0F9T0,2019-05-29T22:00:00+08:00,111.0,300,1.7,22.1,0.77,998.3,-99,0.0,-99,-99,-99,臺中市,02,西屯區,125
24.182028,120.632861,西屯,C0F9T0,2019-05-29T23:00:00+08:00,111.0,318,2.2,21.6,0.77,998.4,-99,0.0,-99,-99,-99,臺中市,02,西屯區,125
24.182028,120.632861,西屯,C0F9T0,2019-05-30T00:00:00+08:00,111.0,341,1.8,21.1,0.77,997.9,-99,0.0,-99,-99,-99,臺中市,02,西屯區,125
24.182028,120.632861,西屯,C0F9T0,2019-05-30T01:00:00+08:00,111.0,345,1.4,21.0,0.77,997.4,-99,-99,-99,-99,-99,臺中市,02,西屯區,125
24.182028,120.632861,西屯,C0F9T0,2019-05-30T02:00:00+08:00,111.0,311,1.6,20.7,0.79,997.2,-99,0.0,-99,-99,-99,臺中市,02,西屯區,125
24.182028,120.632861,西屯,C0F9T0,2019-05-30T03:00:00+08:00,111.0,0,0.2,21.4,0.79,997.2,-99,0.0,-99,-99,-99,臺中市,02,西屯區,125
24.182028,120.632861,西屯,C0F9T0,2019-05-30T04:00:00+08:00,111.0,327,1.2,21.2,0.8,997.1,-99,0.0,-99,-99,-99,臺中市,02,西屯區,125
24.182028,120.632861,西屯,C0F9T0,2019-05-30T05:00:00+08:00,111.0,330,0.9,21.9,0.8,997.2,-99,0.0,-99,-99,-99,臺中市,02,西屯區,125
24.182028,120.632861,西屯,C0F9T0,2019-05-30T06:00:00+08:00,111.0,298,0.6,22.1,0.83,997.6,-99,0.0,-99,-99,-99,臺中市,02,西屯區,125
24.182028,120.632861,西屯,C0F9T0,2019-05-30T07:00:00+08:00,111.0,0,0.2,23.3,0.8,997.8,-99,0.0,-99,-99,-99,臺中市,02,西屯區,125
24.182028,120.632861,西屯,C0F9T0,2019-05-30T08:00:00+08:00,111.0,299,0.9,25.0,0.75,998.1,-99,0.0,-99,-99,-99,臺中市,02,西屯區,125
24.182028,120.632861,西屯,C0F9T0,2019-05-30T09:00:00+08:00,111.0,346,0.3,26.9,0.7,998.4,-99,0.0,-99,-99,-99,臺中市,02,西屯區,125
24.182028,120.632861,西屯,C0F9T0,2019-05-30T10:00:00+08:00,111.0,157,1.7,28.2,0.68,998.3,-99,0.0,-99,-99,-99,臺中市,02,西屯區,125
24.182028,120.632861,西屯,C0F9T0,2019-05-30T11:00:00+08:00,111.0,280,1.6,29.3,0.66,998.1,-99,0.0,-99,-99,-99,臺中市,02,西屯區,125
24.182028,120.632861,西屯,C0F9T0,2019-05-30T12:00:00+08:00,111.0,333,2.1,28.6,0.68,997.7,-99,0.0,-99,-99,-99,臺中市,02,西屯區,125
24.182028,120.632861,西屯,C0F9T0,2019-05-30T13:00:00+08:00,111.0,295,2.0,29.2,0.65,997.1,-99,0.0,-99,-99,-99,臺中市,02,西屯區,125
24.182028,120.632861,西屯,C0F9T0,2019-05-30T14:00:00+08:00,111.0,300,1.5,29.4,0.63,996.3,-99,0.0,-99,-99,-99,臺中市,02,西屯區,125
24.182028,120.632861,西屯,C0F9T0,2019-05-30T15:00:00+08:00,111.0,310,2.6,29.8,0.64,995.8,-99,0.0,-99,-99,-99,臺中市,02,西屯區,125
24.182028,120.632861,西屯,C0F9T0,2019-05-30T16:00:00+08:00,111.0,321,2.2,30.4,0.6,995.5,-99,0.0,-99,-99,-99,臺中市,02,西屯區,125
24.182028,120.632861,西屯,C0F9T0,2019-05-30T17:00:00+08:00,111.0,326,2.9,28.4,0.75,995.8,-99,0.0,-99,-99,-99,臺中市,02,西屯區,125
24.182028,120.632861,西屯,C0F9T0,2019-05-30T18:00:00+08:00,111.0,319,1.5,28.2,0.74,996.3,-99,0.0,-99,-99,-99,臺中市,02,西屯區,125
24.182028,120.632861,西屯,C0F9T0,2019-05-30T19:00:00+08:00,111.0,322,2.1,26.4,0.85,996.8,-99,0.0,-99,-99,-99,臺中市,02,西屯區,125
24.182028,120.632861,西屯,C0F9T0,2019-05-30T20:00:00+08:00,111.0,311,1.0,25.8,0.89,997.6,-99,0.0,-99,-99,-99,臺中市,02,西屯區,125
24.182028,120.632861,西屯,C0F9T0,2019-05-30T21:00:00+08:00,111.0,0,0.0,26.6,0.85,997.8,-99,0.0,-99,-99,-99,臺中市,02,西屯區,125
24.182028,120.632861,西屯,C0F9T0,2019-05-30T22:00:00+08:00,111.0,275,0.9,27.0,0.82,998.0,-99,0.0,-99,-99,-99,臺中市,02,西屯區,125
24.182028,120.632861,西屯,C0F9T0,2019-05-30T23:00:00+08:00,111.0,243,0.4,26.9,0.83,997.9,-99,0.0,-99,-99,-99,臺中市,02,西屯區,125
24.182028,120.632861,西屯,C0F9T0,2019-05-31T00:00:00+08:00,111.0,289,0.4,26.6,0.85,997.4,-99,0.0,-99,-99,-99,臺中市,02,西屯區,125
24.182028,120.632861,西屯,C0F9T0,2019-05-31T01:00:00+08:00,111.0,294,0.3,26.4,0.85,997.0,-99,0.0,-99,-99,-99,臺中市,02,西屯區,125
24.182028,120.632861,西屯,C0F9T0,2019-05-31T02:00:00+08:00,111.0,299,0.8,25.9,0.88,996.4,-99,0.0,-99,-99,-99,臺中市,02,西屯區,125
24.182028,120.632861,西屯,C0F9T0,2019-05-31T03:00:00+08:00,111.0,216,0.7,25.8,0.88,996.4,-99,0.0,-99,-99,-99,臺中市,02,西屯區,125
24.182028,120.632861,西屯,C0F9T0,2019-05-31T04:00:00+08:00,111.0,205,1.0,25.9,0.88,996.4,-99,0.0,-99,-99,-99,臺中市,02,西屯區,125
24.182028,120.632861,西屯,C0F9T0,2019-05-31T05:00:00+08:00,111.0,293,0.6,25.7,0.88,996.1,-99,0.0,-99,-99,-99,臺中市,02,西屯區,125
24.182028,120.632861,西屯,C0F9T0,2019-05-31T06:00:00+08:00,111.0,274,0.5,25.5,0.91,996.5,-99,0.0,-99,-99,-99,臺中市,02,西屯區,125
24.182028,120.632861,西屯,C0F9T0,2019-05-31T07:00:00+08:00,111.0,246,0.5,26.9,0.81,996.8,-99,0.0,-99,-99,-99,臺中市,02,西屯區,125
24.182028,120.632861,西屯,C0F9T0,2019-05-31T08:00:00+08:00,111.0,242,1.0,28.4,0.71,997.1,-99,0.0,-99,-99,-99,臺中市,02,西屯區,125
24.182028,120.632861,西屯,C0F9T0,2019-05-31T09:00:00+08:00,111.0,269,1.1,30.0,0.64,997.2,-99,0.0,-99,-99,-99,臺中市,02,西屯區,125
24.182028,120.632861,西屯,C0F9T0,2019-05-31T10:00:00+08:00,111.0,251,1.1,30.4,0.65,997.3,-99,0.0,-99,-99,-99,臺中市,02,西屯區,125
24.182028,120.632861,西屯,C0F9T0,2019-05-31T11:00:00+08:00,111.0,263,1.6,30.8,0.65,997.2,-99,0.0,-99,-99,-99,臺中市,02,西屯區,125
24.182028,120.632861,西屯,C0F9T0,2019-05-31T12:00:00+08:00,111.0,289,2.5,30.6,0.62,996.8,-99,0.0,-99,-99,-99,臺中市,02,西屯區,125
24.182028,120.632861,西屯,C0F9T0,2019-05-31T13:00:00+08:00,111.0,303,3.1,31.2,0.59,996.3,-99,0.0,-99,-99,-99,臺中市,02,西屯區,125
24.182028,120.632861,西屯,C0F9T0,2019-05-31T14:00:00+08:00,111.0,293,2.0,30.9,0.57,995.8,-99,0.0,-99,-99,-99,臺中市,02,西屯區,125
24.182028,120.632861,西屯,C0F9T0,2019-05-31T15:00:00+08:00,111.0,291,3.0,30.8,0.57,995.2,-99,0.0,-99,-99,-99,臺中市,02,西屯區,125
24.182028,120.632861,西屯,C0F9T0,2019-05-31T16:00:00+08:00,111.0,296,1.5,31.1,0.59,995.1,-99,0.0,-99,-99,-99,臺中市,02,西屯區,125
24.182028,120.632861,西屯,C0F9T0,2019-05-31T17:00:00+08:00,111.0,227,0.9,31.1,0.57,995.1,-99,0.0,-99,-99,-99,臺中市,02,西屯區,125
24.182028,120.632861,西屯,C0F9T0,2019-05-31T18:00:00+08:00,111.0,309,1.1,30.5,0.61,995.4,-99,0.0,-99,-99,-99,臺中市,02,西屯區,125
24.182028,120.632861,西屯,C0F9T0,2019-05-31T19:00:00+08:00,111.0,299,1.2,29.9,0.64,995.9,-99,0.0,-99,-99,-99,臺中市,02,西屯區,125
24.182028,120.632861,西屯,C0F9T0,2019-05-31T20:00:00+08:00,111.0,317,1.7,28.2,0.75,996.7,-99,0.0,-99,-99,-99,臺中市,02,西屯區,125
24.182028,120.632861,西屯,C0F9T0,2019-05-31T21:00:00+08:00,111.0,308,1.6,28.2,0.77,997.1,-99,0.0,-99,-99,-99,臺中市,02,西屯區,125
24.182028,120.632861,西屯,C0F9T0,2019-05-31T23:00:00+08:00,111.0,312,1.5,27.8,0.78,997.0,-99,0.0,-99,-99,-99,臺中市,02,西屯區,125
