24.182028,120.632861,西屯,C0F9T0,2018-12-01T00:00:00+08:00,111.0,235,1.0,21.5,0.86,1006.3,-99,0.0,-99,-99,-99,臺中市,02,西屯區,125
24.182028,120.632861,西屯,C0F9T0,2018-12-01T01:00:00+08:00,111.0,199,0.5,21.4,0.82,1006.2,-99,0.0,-99,-99,-99,臺中市,02,西屯區,125
24.182028,120.632861,西屯,C0F9T0,2018-12-01T02:00:00+08:00,111.0,282,0.8,21.1,0.83,1006.1,-99,0.0,-99,-99,-99,臺中市,02,西屯區,125
24.182028,120.632861,西屯,C0F9T0,2018-12-01T03:00:00+08:00,111.0,0,0.0,20.9,0.86,1005.8,-99,0.0,-99,-99,-99,臺中市,02,西屯區,125
24.182028,120.632861,西屯,C0F9T0,2018-12-01T04:00:00+08:00,111.0,0,0.2,20.6,0.87,1005.5,-99,0.0,-99,-99,-99,臺中市,02,西屯區,125
24.182028,120.632861,西屯,C0F9T0,2018-12-01T05:00:00+08:00,111.0,271,0.7,20.2,0.89,1005.3,-99,0.0,-99,-99,-99,臺中市,02,西屯區,125
24.182028,120.632861,西屯,C0F9T0,2018-12-01T06:00:00+08:00,111.0,343,0.6,19.9,0.91,1005.2,-99,0.0,-99,-99,-99,臺中市,02,西屯區,125
24.182028,120.632861,西屯,C0F9T0,2018-12-01T07:00:00+08:00,111.0,330,1.1,19.8,0.91,1006.0,-99,0.0,-99,-99,-99,臺中市,02,西屯區,125
24.182028,120.632861,西屯,C0F9T0,2018-12-01T08:00:00+08:00,111.0,61,1.2,20.6,0.89,1006.4,-99,0.0,-99,-99,-99,臺中市,02,西屯區,125
24.182028,120.632861,西屯,C0F9T0,2018-12-01T09:00:00+08:00,111.0,341,1.4,22.1,0.8,1006.0,-99,0.0,-99,-99,-99,臺中市,02,西屯區,125
24.182028,120.632861,西屯,C0F9T0,2018-12-01T10:00:00+08:00,111.0,301,2.0,23.4,0.73,1006.2,-99,0.0,-99,-99,-99,臺中市,02,西屯區,125
24.182028,120.632861,西屯,C0F9T0,2018-12-01T11:00:00+08:00,111.0,308,2.3,23.5,0.72,1005.8,-99,0.0,-99,-99,-99,臺中市,02,西屯區,125
24.182028,120.632861,西屯,C0F9T0,2018-12-01T12:00:00+08:00,111.0,325,2.3,23.7,0.68,1005.1,-99,0.0,-99,-99,-99,臺中市,02,西屯區,125
24.182028,120.632861,西屯,C0F9T0,2018-12-01T13:00:00+08:00,111.0,333,2.2,24.6,0.66,1004.1,-99,0.0,-99,-99,-99,臺中市,02,西屯區,125
24.182028,120.632861,西屯,C0F9T0,2018-12-01T14:00:00+08:00,111.0,299,2.1,25.9,0.55,1003.1,-99,0.0,-99,-99,-99,臺中市,02,西屯區,125
24.182028,120.632861,西屯,C0F9T0,2018-12-01T15:00:00+08:00,111.0,311,2.0,26.7,0.5,1002.7,-99,0.0,-99,-99,-99,臺中市,02,西屯區,125
24.182028,120.632861,西屯,C0F9T0,2018-12-01T16:00:00+08:00,111.0,329,2.4,24.8,0.68,1002.8,-99,0.0,-99,-99,-99,臺中市,02,西屯區,125
24.182028,120.632861,西屯,C0F9T0,2018-12-01T17:00:00+08:00,111.0,335,1.9,22.8,0.81,1003.0,-99,0.0,-99,-99,-99,臺中市,02,西屯區,125
24.182028,120.632861,西屯,C0F9T0,2018-12-01T18:00:00+08:00,111.0,316,2.3,21.7,0.88,1003.3,-99,0.0,-99,-99,-99,臺中市,02,西屯區,125
24.182028,120.632861,西屯,C0F9T0,2018-12-01T19:00:00+08:00,111.0,335,1.9,21.4,0.89,1004.0,-99,0.0,-99,-99,-99,臺中市,02,西屯區,125
24.182028,120.632861,西屯,C0F9T0,2018-12-01T20:00:00+08:00,111.0,321,1.0,21.3,0.88,1004.0,-99,0.0,-99,-99,-99,臺中市,02,西屯區,125
24.182028,120.632861,西屯,C0F9T0,2018-12-01T21:00:00+08:00,111.0,303,0.3,21.2,0.88,1004.0,-99,0.0,-99,-99,-99,臺中市,02,西屯區,125
24.182028,120.632861,西屯,C0F9T0,2018-12-01T22:00:00+08:00,111.0,0,0.2,20.9,0.87,1003.8,-99,0.0,-99,-99,-99,臺中市,02,西屯區,125
24.182028,120.632861,西屯,C0F9T0,2018-12-01T23:00:00+08:00,111.0,321,0.7,20.5,0.81,1003.4,-99,0.0,-99,-99,-99,臺中市,02,西屯區,125
24.182028,120.632861,西屯,C0F9T0,2018-12-02T00:00:00+08:00,111.0,301,0.8,20.4,0.83,1003.5,-99,0.0,-99,-99,-99,臺中市,02,西屯區,125
24.182028,120.632861,西屯,C0F9T0,2018-12-02T01:00:00+08:00,111.0,0,0.0,20.0,0.82,1003.4,-99,0.0,-99,-99,-99,臺中市,02,西屯區,125
24.182028,120.632861,西屯,C0F9T0,2018-12-02T02:00:00+08:00,111.0,0,0.1,19.7,0.83,1003.2,-99,0.0,-99,-99,-99,臺中市,02,西屯區,125
24.182028,120.632861,西屯,C0F9T0,2018-12-02T03:00:00+08:00,111.0,309,0.3,19.2,0.84,1002.9,-99,0.0,-99,-99,-99,臺中市,02,西屯區,125
24.182028,120.632861,西屯,C0F9T0,2018-12-02T04:00:00+08:00,111.0,305,1.3,18.8,0.84,1002.5,-99,0.0,-99,-99,-99,臺中市,02,西屯區,125
24.182028,120.632861,西屯,C0F9T0,2018-12-02T05:00:00+08:00,111.0,303,1.1,19.0,0.87,1002.7,-99,0.0,-99,-99,-99,臺中市,02,西屯區,125
24.182028,120.632861,西屯,C0F9T0,2018-12-02T06:00:00+08:00,111.0,307,0.5,18.5,0.9,1002.7,-99,0.0,-99,-99,-99,臺中市,02,西屯區,125
24.182028,120.632861,西屯,C0F9T0,2018-12-02T07:00:00+08:00,111.0,327,0.6,18.6,0.9,1003.2,-99,0.0,-99,-99,-99,臺中市,02,西屯區,125
24.182028,120.632861,西屯,C0F9T0,2018-12-02T08:00:00+08:00,111.0,268,0.3,19.9,0.84,1003.8,-99,0.0,-99,-99,-99,臺中市,02,西屯區,125
24.182028,120.632861,西屯,C0F9T0,2018-12-02T09:00:00+08:00,111.0,247,0.7,22.2,0.73,1004.1,-99,0.0,-99,-99,-99,臺中市,02,西屯區,125
24.182028,120.632861,西屯,C0F9T0,2018-12-02T10:00:00+08:00,111.0,0,0.1,24.1,0.58,1003.8,-99,0.0,-99,-99,-99,臺中市,02,西屯區,125
24.182028,120.632861,西屯,C0F9T0,2018-12-02T11:00:00+08:00,111.0,282,1.2,26.0,0.44,1003.1,-99,0.0,-99,-99,-99,臺中市,02,西屯區,125
24.182028,120.632861,西屯,C0F9T0,2018-12-02T12:00:00+08:00,111.0,261,1.8,27.7,0.4,1002.1,-99,0.0,-99,-99,-99,臺中市,02,西屯區,125
24.182028,120.632861,西屯,C0F9T0,2018-12-02T13:00:00+08:00,111.0,264,1.2,26.3,0.57,1001.6,-99,0.0,-99,-99,-99,臺中市,02,西屯區,125
24.182028,120.632861,西屯,C0F9T0,2018-12-02T14:00:00+08:00,111.0,281,1.4,27.1,0.53,1001.2,-99,0.0,-99,-99,-99,臺中市,02,西屯區,125
24.182028,120.632861,西屯,C0F9T0,2018-12-02T15:00:00+08:00,111.0,303,2.6,26.0,0.65,1001.2,-99,0.0,-99,-99,-99,臺中市,02,西屯區,125
24.182028,120.632861,西屯,C0F9T0,2018-12-02T16:00:00+08:00,111.0,300,2.4,24.5,0.72,1001.6,-99,0.0,-99,-99,-99,臺中市,02,西屯區,125
24.182028,120.632861,西屯,C0F9T0,2018-12-02T17:00:00+08:00,111.0,312,1.2,23.8,0.75,1002.1,-99,0.0,-99,-99,-99,臺中市,02,西屯區,125
24.182028,120.632861,西屯,C0F9T0,2018-12-02T18:00:00+08:00,111.0,312,0.9,23.0,0.79,1002.6,-99,0.0,-99,-99,-99,臺中市,02,西屯區,125
24.182028,120.632861,西屯,C0F9T0,2018-12-02T19:00:00+08:00,111.0,315,0.9,22.2,0.84,1003.0,-99,0.0,-99,-99,-99,臺中市,02,西屯區,125
24.182028,120.632861,西屯,C0F9T0,2018-12-02T20:00:00+08:00,111.0,0,0.0,21.7,0.88,1003.7,-99,0.0,-99,-99,-99,臺中市,02,西屯區,125
24.182028,120.632861,西屯,C0F9T0,2018-12-02T21:00:00+08:00,111.0,336,1.3,21.5,0.89,1004.0,-99,0.0,-99,-99,-99,臺中市,02,西屯區,125
24.182028,120.632861,西屯,C0F9T0,2018-12-02T22:00:00+08:00,111.0,316,0.6,21.2,0.9,1004.1,-99,0.0,-99,-99,-99,臺中市,02,西屯區,125
24.182028,120.632861,西屯,C0F9T0,2018-12-02T23:00:00+08:00,111.0,69,0.5,21.2,0.9,1004.0,-99,0.0,-99,-99,-99,臺中市,02,西屯區,125
24.182028,120.632861,西屯,C0F9T0,2018-12-03T00:00:00+08:00,111.0,298,0.4,21.0,0.9,1003.5,-99,0.0,-99,-99,-99,臺中市,02,西屯區,125
24.182028,120.632861,西屯,C0F9T0,2018-12-03T01:00:00+08:00,111.0,300,1.1,20.1,0.92,1003.2,-99,0.0,-99,-99,-99,臺中市,02,西屯區,125
24.182028,120.632861,西屯,C0F9T0,2018-12-03T02:00:00+08:00,111.0,311,0.4,20.0,0.94,1002.8,-99,0.0,-99,-99,-99,臺中市,02,西屯區,125
24.182028,120.632861,西屯,C0F9T0,2018-12-03T03:00:00+08:00,111.0,298,0.4,19.6,0.94,1002.9,-99,0.0,-99,-99,-99,臺中市,02,西屯區,125
24.182028,120.632861,西屯,C0F9T0,2018-12-03T04:00:00+08:00,111.0,325,0.8,18.7,0.92,1002.9,-99,0.0,-99,-99,-99,臺中市,02,西屯區,125
24.182028,120.632861,西屯,C0F9T0,2018-12-03T05:00:00+08:00,111.0,333,0.9,18.5,0.85,1003.2,-99,0.0,-99,-99,-99,臺中市,02,西屯區,125
24.182028,120.632861,西屯,C0F9T0,2018-12-03T06:00:00+08:00,111.0,324,0.8,18.3,0.83,1003.8,-99,0.0,-99,-99,-99,臺中市,02,西屯區,125
24.182028,120.632861,西屯,C0F9T0,2018-12-03T07:00:00+08:00,111.0,330,0.9,18.1,0.81,1003.9,-99,0.0,-99,-99,-99,臺中市,02,西屯區,125
24.182028,120.632861,西屯,C0F9T0,2018-12-03T08:00:00+08:00,111.0,0,0.2,19.7,0.75,1004.6,-99,0.0,-99,-99,-99,臺中市,02,西屯區,125
24.182028,120.632861,西屯,C0F9T0,2018-12-03T10:00:00+08:00,111.0,0,0.2,24.7,0.57,1005.0,-99,0.0,-99,-99,-99,臺中市,02,西屯區,125
24.182028,120.632861,西屯,C0F9T0,2018-12-03T11:00:00+08:00,111.0,230,0.6,27.8,0.37,1004.2,-99,0.0,-99,-99,-99,臺中市,02,西屯區,125
24.182028,120.632861,西屯,C0F9T0,2018-12-03T12:00:00+08:00,111.0,300,1.9,27.4,0.41,1003.3,-99,0.0,-99,-99,-99,臺中市,02,西屯區,125
24.182028,120.632861,西屯,C0F9T0,2018-12-03T13:00:00+08:00,111.0,333,2.1,27.5,0.36,1002.6,-99,0.0,-99,-99,-99,臺中市,02,西屯區,125
24.182028,120.632861,西屯,C0F9T0,2018-12-03T14:00:00+08:00,111.0,323,2.3,27.0,0.47,1002.1,-99,0.0,-99,-99,-99,臺中市,02,西屯區,125
24.182028,120.632861,西屯,C0F9T0,2018-12-03T15:00:00+08:00,111.0,330,3.2,26.5,0.47,1001.8,-99,0.0,-99,-99,-99,臺中市,02,西屯區,125
24.182028,120.632861,西屯,C0F9T0,2018-12-03T16:00:00+08:00,111.0,314,2.7,26.1,0.49,1001.9,-99,0.0,-99,-99,-99,臺中市,02,西屯區,125
24.182028,120.632861,西屯,C0F9T0,2018-12-03T17:00:00+08:00,111.0,326,1.8,24.9,0.57,1002.2,-99,0.0,-99,-99,-99,臺中市,02,西屯區,125
24.182028,120.632861,西屯,C0F9T0,2018-12-03T19:00:00+08:00,111.0,323,1.3,23.0,0.68,1003.0,-99,0.0,-99,-99,-99,臺中市,02,西屯區,125
24.182028,120.632861,西屯,C0F9T0,2018-12-03T20:00:00+08:00,111.0,343,1.8,22.8,0.67,1003.3,-99,0.0,-99,-99,-99,臺中市,02,西屯區,125
24.182028,120.632861,西屯,C0F9T0,2018-12-03T21:00:00+08:00,111.0,0,0.0,22.2,0.7,1003.5,-99,0.0,-99,-99,-99,臺中市,02,西屯區,125
24.182028,120.632861,西屯,C0F9T0,2018-12-03T22:00:00+08:00,111.0,335,1.0,22.0,0.72,1003.8,-99,0.0,-99,-99,-99,臺中市,02,西屯區,125
24.182028,120.632861,西屯,C0F9T0,2018-12-03T23:00:00+08:00,111.0,315,0.6,21.3,0.75,1003.9,-99,0.0,-99,-99,-99,臺中市,02,西屯區,125
24.182028,120.632861,西屯,C0F9T0,2018-12-04T00:00:00+08:00,111.0,339,0.4,20.9,0.77,1003.6,-99,0.0,-99,-99,-99,臺中市,02,西屯區,125
24.182028,120.632861,西屯,C0F9T0,2018-12-04T01:00:00+08:00,111.0,0,0.1,20.7,0.78,1003.4,-99,0.0,-99,-99,-99,臺中市,02,西屯區,125
24.182028,120.632861,西屯,C0F9T0,2018-12-04T02:00:00+08:00,111.0,0,0.1,20.2,0.8,1003.0,-99,0.0,-99,-99,-99,臺中市,02,西屯區,125
24.182028,120.632861,西屯,C0F9T0,2018-12-04T03:00:00+08:00,111.0,333,0.6,19.6,0.8,1002.8,-99,0.0,-99,-99,-99,臺中市,02,西屯區,125
24.182028,120.632861,西屯,C0F9T0,2018-12-04T04:00:00+08:00,111.0,332,0.7,19.6,0.79,1002.8,-99,0.0,-99,-99,-99,臺中市,02,西屯區,125
24.182028,120.632861,西屯,C0F9T0,2018-12-04T05:00:00+08:00,111.0,350,0.4,19.2,0.78,1002.8,-99,0.0,-99,-99,-99,臺中市,02,西屯區,125
24.182028,120.632861,西屯,C0F9T0,2018-12-04T06:00:00+08:00,111.0,345,1.0,19.1,0.77,1003.2,-99,0.0,-99,-99,-99,臺中市,02,西屯區,125
24.182028,120.632861,西屯,C0F9T0,2018-12-04T07:00:00+08:00,111.0,0,0.1,19.3,0.7,1003.9,-99,0.0,-99,-99,-99,臺中市,02,西屯區,125
24.182028,120.632861,西屯,C0F9T0,2018-12-04T08:00:00+08:00,111.0,0,0.1,21.0,0.63,1004.4,-99,0.0,-99,-99,-99,臺中市,02,西屯區,125
24.182028,120.632861,西屯,C0F9T0,2018-12-04T09:00:00+08:00,111.0,245,0.7,23.5,0.56,1005.1,-99,0.0,-99,-99,-99,臺中市,02,西屯區,125
24.182028,120.632861,西屯,C0F9T0,2018-12-04T10:00:00+08:00,111.0,217,0.8,26.1,0.54,1005.0,-99,0.0,-99,-99,-99,臺中市,02,西屯區,125
24.182028,120.632861,西屯,C0F9T0,2018-12-04T11:00:00+08:00,111.0,319,0.9,27.5,0.58,1004.5,-99,0.0,-99,-99,-99,臺中市,02,西屯區,125
24.182028,120.632861,西屯,C0F9T0,2018-12-04T12:00:00+08:00,111.0,299,1.9,28.5,0.56,1003.1,-99,0.0,-99,-99,-99,臺中市,02,西屯區,125
24.182028,120.632861,西屯,C0F9T0,2018-12-04T13:00:00+08:00,111.0,335,1.5,27.8,0.58,1002.4,-99,0.0,-99,-99,-99,臺中市,02,西屯區,125
24.182028,120.632861,西屯,C0F9T0,2018-12-04T14:00:00+08:00,111.0,306,2.2,27.9,0.59,1002.1,-99,0.0,-99,-99,-99,臺中市,02,西屯區,125
24.182028,120.632861,西屯,C0F9T0,2018-12-04T15:00:00+08:00,111.0,316,1.8,28.2,0.55,1001.8,-99,0.0,-99,-99,-99,臺中市,02,西屯區,125
24.182028,120.632861,西屯,C0F9T0,2018-12-04T16:00:00+08:00,111.0,325,3.3,27.7,0.56,1002.0,-99,0.0,-99,-99,-99,臺中市,02,西屯區,125
24.182028,120.632861,西屯,C0F9T0,2018-12-04T17:00:00+08:00,111.0,343,1.9,27.2,0.55,1002.2,-99,0.0,-99,-99,-99,臺中市,02,西屯區,125
24.182028,120.632861,西屯,C0F9T0,2018-12-04T18:00:00+08:00,111.0,339,1.5,26.4,0.57,1002.5,-99,0.0,-99,-99,-99,臺中市,02,西屯區,125
24.182028,120.632861,西屯,C0F9T0,2018-12-04T19:00:00+08:00,111.0,338,1.3,25.5,0.6,1002.9,-99,0.0,-99,-99,-99,臺中市,02,西屯區,125
24.182028,120.632861,西屯,C0F9T0,2018-12-04T20:00:00+08:00,111.0,0,0.2,25.0,0.64,1003.2,-99,0.0,-99,-99,-99,臺中市,02,西屯區,125
24.182028,120.632861,西屯,C0F9T0,2018-12-04T21:00:00+08:00,111.0,331,2.4,24.2,0.67,1003.6,-99,0.0,-99,-99,-99,臺中市,02,西屯區,125
24.182028,120.632861,西屯,C0F9T0,2018-12-04T22:00:00+08:00,111.0,321,1.8,23.2,0.75,1003.6,-99,0.0,-99,-99,-99,臺中市,02,西屯區,125
24.182028,120.632861,西屯,C0F9T0,2018-12-04T23:00:00+08:00,111.0,322,1.3,22.5,0.79,1003.3,-99,0.0,-99,-99,-99,臺中市,02,西屯區,125
24.182028,120.632861,西屯,C0F9T0,2018-12-05T00:00:00+08:00,111.0,333,1.5,22.1,0.82,1003.1,-99,0.0,-99,-99,-99,臺中市,02,西屯區,125
24.182028,120.632861,西屯,C0F9T0,2018-12-05T01:00:00+08:00,111.0,324,1.1,21.5,0.86,1002.8,-99,0.0,-99,-99,-99,臺中市,02,西屯區,125
24.182028,120.632861,西屯,C0F9T0,2018-12-05T02:00:00+08:00,111.0,335,1.8,21.0,0.89,1002.8,-99,0.0,-99,-99,-99,臺中市,02,西屯區,125
24.182028,120.632861,西屯,C0F9T0,2018-12-05T03:00:00+08:00,111.0,328,1.7,21.2,0.89,1002.8,-99,0.0,-99,-99,-99,臺中市,02,西屯區,125
24.182028,120.632861,西屯,C0F9T0,2018-12-05T04:00:00+08:00,111.0,321,1.7,21.5,0.87,1002.8,-99,0.0,-99,-99,-99,臺中市,02,西屯區,125
24.182028,120.632861,西屯,C0F9T0,2018-12-05T05:00:00+08:00,111.0,336,2.1,21.4,0.85,1002.7,-99,0.0,-99,-99,-99,臺中市,02,西屯區,125
24.182028,120.632861,西屯,C0F9T0,2018-12-05T06:00:00+08:00,111.0,327,1.9,21.1,0.85,1002.9,-99,0.0,-99,-99,-99,臺中市,02,西屯區,125
24.182028,120.632861,西屯,C0F9T0,2018-12-05T07:00:00+08:00,111.0,332,1.9,21.5,0.83,1003.2,-99,0.0,-99,-99,-99,臺中市,02,西屯區,125
24.182028,120.632861,西屯,C0F9T0,2018-12-05T08:00:00+08:00,111.0,333,1.7,22.2,0.79,1003.3,-99,0.0,-99,-99,-99,臺中市,02,西屯區,125
24.182028,120.632861,西屯,C0F9T0,2018-12-05T09:00:00+08:00,111.0,342,2.3,23.4,0.74,1003.8,-99,0.0,-99,-99,-99,臺中市,02,西屯區,125
24.182028,120.632861,西屯,C0F9T0,2018-12-05T10:00:00+08:00,111.0,313,3.0,24.9,0.68,1003.6,-99,0.0,-99,-99,-99,臺中市,02,西屯區,125
24.182028,120.632861,西屯,C0F9T0,2018-12-05T11:00:00+08:00,111.0,312,2.4,25.6,0.65,1003.0,-99,0.0,-99,-99,-99,臺中市,02,西屯區,125
24.182028,120.632861,西屯,C0F9T0,2018-12-05T12:00:00+08:00,111.0,315,3.1,26.5,0.61,1001.8,-99,0.0,-99,-99,-99,臺中市,02,西屯區,125
24.182028,120.632861,西屯,C0F9T0,2018-12-05T13:00:00+08:00,111.0,318,3.2,27.1,0.6,1000.6,-99,0.0,-99,-99,-99,臺中市,02,西屯區,125
24.182028,120.632861,西屯,C0F9T0,2018-12-05T14:00:00+08:00,111.0,328,1.9,27.2,0.6,999.9,-99,0.0,-99,-99,-99,臺中市,02,西屯區,125
24.182028,120.632861,西屯,C0F9T0,2018-12-05T15:00:00+08:00,111.0,332,3.0,27.0,0.61,999.8,-99,0.0,-99,-99,-99,臺中市,02,西屯區,125
24.182028,120.632861,西屯,C0F9T0,2018-12-05T16:00:00+08:00,111.0,338,2.7,26.2,0.65,999.8,-99,0.0,-99,-99,-99,臺中市,02,西屯區,125
24.182028,120.632861,西屯,C0F9T0,2018-12-05T17:00:00+08:00,111.0,322,2.6,24.2,0.73,1000.2,-99,0.0,-99,-99,-99,臺中市,02,西屯區,125
24.182028,120.632861,西屯,C0F9T0,2018-12-05T18:00:00+08:00,111.0,312,2.2,23.0,0.78,1000.7,-99,0.0,-99,-99,-99,臺中市,02,西屯區,125
24.182028,120.632861,西屯,C0F9T0,2018-12-05T19:00:00+08:00,111.0,315,1.3,23.0,0.78,1001.1,-99,0.0,-99,-99,-99,臺中市,02,西屯區,125
24.182028,120.632861,西屯,C0F9T0,2018-12-05T20:00:00+08:00,111.0,314,1.5,22.6,0.79,1001.7,-99,0.0,-99,-99,-99,臺中市,02,西屯區,125
24.182028,120.632861,西屯,C0F9T0,2018-12-05T21:00:00+08:00,111.0,302,1.3,22.6,0.79,1001.6,-99,0.0,-99,-99,-99,臺中市,02,西屯區,125
24.182028,120.632861,西屯,C0F9T0,2018-12-05T22:00:00+08:00,111.0,322,1.2,22.3,0.81,1001.4,-99,0.0,-99,-99,-99,臺中市,02,西屯區,125
24.182028,120.632861,西屯,C0F9T0,2018-12-05T23:00:00+08:00,111.0,340,0.7,22.3,0.81,1001.2,-99,0.0,-99,-99,-99,臺中市,02,西屯區,125
24.182028,120.632861,西屯,C0F9T0,2018-12-06T00:00:00+08:00,111.0,339,1.2,22.5,0.81,1001.2,-99,0.0,-99,-99,-99,臺中市,02,西屯區,125
24.182028,120.632861,西屯,C0F9T0,2018-12-06T01:00:00+08:00,111.0,306,1.3,22.0,0.82,1001.3,-99,0.0,-99,-99,-99,臺中市,02,西屯區,125
24.182028,120.632861,西屯,C0F9T0,2018-12-06T02:00:00+08:00,111.0,333,1.1,21.8,0.82,1001.5,-99,0.0,-99,-99,-99,臺中市,02,西屯區,125
24.182028,120.632861,西屯,C0F9T0,2018-12-06T03:00:00+08:00,111.0,0,0.2,21.9,0.84,1001.3,-99,0.0,-99,-99,-99,臺中市,02,西屯區,125
24.182028,120.632861,西屯,C0F9T0,2018-12-06T04:00:00+08:00,111.0,315,1.2,21.9,0.84,1001.3,-99,0.0,-99,-99,-99,臺中市,02,西屯區,125
24.182028,120.632861,西屯,C0F9T0,2018-12-06T05:00:00+08:00,111.0,14,0.7,21.9,0.86,1001.5,-99,0.0,-99,-99,-99,臺中市,02,西屯區,125
24.182028,120.632861,西屯,C0F9T0,2018-12-06T06:00:00+08:00,111.0,338,1.4,21.9,0.88,1001.8,-99,0.0,-99,-99,-99,臺中市,02,西屯區,125
24.182028,120.632861,西屯,C0F9T0,2018-12-06T07:00:00+08:00,111.0,330,1.1,21.8,0.89,1002.4,-99,0.0,-99,-99,-99,臺中市,02,西屯區,125
24.182028,120.632861,西屯,C0F9T0,2018-12-06T08:00:00+08:00,111.0,311,1.2,22.7,0.84,1002.7,-99,0.0,-99,-99,-99,臺中市,02,西屯區,125
24.182028,120.632861,西屯,C0F9T0,2018-12-06T09:00:00+08:00,111.0,36,0.3,24.6,0.75,1002.8,-99,0.0,-99,-99,-99,臺中市,02,西屯區,125
24.182028,120.632861,西屯,C0F9T0,2018-12-06T10:00:00+08:00,111.0,328,1.2,27.0,0.62,1002.9,-99,0.0,-99,-99,-99,臺中市,02,西屯區,125
24.182028,120.632861,西屯,C0F9T0,2018-12-06T11:00:00+08:00,111.0,347,1.8,27.8,0.59,1002.6,-99,0.0,-99,-99,-99,臺中市,02,西屯區,125
24.182028,120.632861,西屯,C0F9T0,2018-12-06T12:00:00+08:00,111.0,342,1.9,28.6,0.57,1001.5,-99,0.0,-99,-99,-99,臺中市,02,西屯區,125
24.182028,120.632861,西屯,C0F9T0,2018-12-06T13:00:00+08:00,111.0,312,3.6,28.8,0.6,1000.7,-99,0.0,-99,-99,-99,臺中市,02,西屯區,125
24.182028,120.632861,西屯,C0F9T0,2018-12-06T14:00:00+08:00,111.0,324,2.9,29.2,0.58,1000.0,-99,0.0,-99,-99,-99,臺中市,02,西屯區,125
24.182028,120.632861,西屯,C0F9T0,2018-12-06T15:00:00+08:00,111.0,317,3.3,28.5,0.56,1000.0,-99,0.0,-99,-99,-99,臺中市,02,西屯區,125
24.182028,120.632861,西屯,C0F9T0,2018-12-06T16:00:00+08:00,111.0,315,3.0,28.2,0.57,1000.5,-99,0.0,8.2,318,2018-12-06T15:14:00+08:00,臺中市,02,西屯區,125
24.182028,120.632861,西屯,C0F9T0,2018-12-06T17:00:00+08:00,111.0,310,3.9,24.3,0.85,1001.2,-99,0.0,-99,-99,-99,臺中市,02,西屯區,125
24.182028,120.632861,西屯,C0F9T0,2018-12-06T18:00:00+08:00,111.0,323,2.6,23.6,0.85,1001.4,-99,0.0,-99,-99,-99,臺中市,02,西屯區,125
24.182028,120.632861,西屯,C0F9T0,2018-12-06T19:00:00+08:00,111.0,318,1.9,23.4,0.87,1002.1,-99,0.0,-99,-99,-99,臺中市,02,西屯區,125
24.182028,120.632861,西屯,C0F9T0,2018-12-06T20:00:00+08:00,111.0,328,1.5,23.1,0.86,1002.4,-99,0.0,-99,-99,-99,臺中市,02,西屯區,125
24.182028,120.632861,西屯,C0F9T0,2018-12-06T21:00:00+08:00,111.0,340,1.7,22.9,0.86,1002.5,-99,0.0,-99,-99,-99,臺中市,02,西屯區,125
24.182028,120.632861,西屯,C0F9T0,2018-12-06T22:00:00+08:00,111.0,326,1.5,22.7,0.87,1002.5,-99,0.0,-99,-99,-99,臺中市,02,西屯區,125
24.182028,120.632861,西屯,C0F9T0,2018-12-06T23:00:00+08:00,111.0,328,2.2,21.5,0.89,1002.6,-99,0.0,-99,-99,-99,臺中市,02,西屯區,125
24.182028,120.632861,西屯,C0F9T0,2018-12-07T00:00:00+08:00,111.0,306,1.9,21.4,0.89,1002.8,-99,0.0,-99,-99,-99,臺中市,02,西屯區,125
24.182028,120.632861,西屯,C0F9T0,2018-12-07T01:00:00+08:00,111.0,333,2.1,21.1,0.87,1003.0,-99,0.0,-99,-99,-99,臺中市,02,西屯區,125
24.182028,120.632861,西屯,C0F9T0,2018-12-07T02:00:00+08:00,111.0,348,2.0,21.3,0.84,1002.9,-99,0.0,-99,-99,-99,臺中市,02,西屯區,125
24.182028,120.632861,西屯,C0F9T0,2018-12-07T03:00:00+08:00,111.0,336,1.5,21.1,0.84,1002.8,-99,0.0,-99,-99,-99,臺中市,02,西屯區,125
24.182028,120.632861,西屯,C0F9T0,2018-12-07T04:00:00+08:00,111.0,341,2.0,20.9,0.84,1002.7,-99,0.0,-99,-99,-99,臺中市,02,西屯區,125
24.182028,120.632861,西屯,C0F9T0,2018-12-07T05:00:00+08:00,111.0,344,2.2,20.0,0.84,1002.8,-99,0.0,-99,-99,-99,臺中市,02,西屯區,125
24.182028,120.632861,西屯,C0F9T0,2018-12-07T06:00:00+08:00,111.0,328,1.8,19.8,0.81,1003.4,-99,0.0,-99,-99,-99,臺中市,02,西屯區,125
24.182028,120.632861,西屯,C0F9T0,2018-12-07T07:00:00+08:00,111.0,328,1.9,19.7,0.79,1004.0,-99,0.0,-99,-99,-99,臺中市,02,西屯區,125
24.182028,120.632861,西屯,C0F9T0,2018-12-07T08:00:00+08:00,111.0,343,3.3,20.0,0.77,1004.7,-99,0.0,-99,-99,-99,臺中市,02,西屯區,125
24.182028,120.632861,西屯,C0F9T0,2018-12-07T09:00:00+08:00,111.0,328,2.4,20.4,0.73,1005.4,-99,0.0,8.4,343,2018-12-07T08:14:00+08:00,臺中市,02,西屯區,125
24.182028,120.632861,西屯,C0F9T0,2018-12-07T10:00:00+08:00,111.0,334,2.5,22.1,0.66,1005.2,-99,0.0,8.4,1,2018-12-07T09:52:00+08:00,臺中市,02,西屯區,125
24.182028,120.632861,西屯,C0F9T0,2018-12-07T11:00:00+08:00,111.0,334,2.9,23.0,0.61,1004.6,-99,0.0,-99,-99,-99,臺中市,02,西屯區,125
24.182028,120.632861,西屯,C0F9T0,2018-12-07T12:00:00+08:00,111.0,301,2.2,24.0,0.58,1003.6,-99,0.0,8.4,360,2018-12-07T11:20:00+08:00,臺中市,02,西屯區,125
24.182028,120.632861,西屯,C0F9T0,2018-12-07T13:00:00+08:00,111.0,341,3.3,24.3,0.57,1002.7,-99,0.0,-99,-99,-99,臺中市,02,西屯區,125
24.182028,120.632861,西屯,C0F9T0,2018-12-07T14:00:00+08:00,111.0,345,3.7,23.8,0.58,1002.4,-99,0.0,9.4,353,2018-12-07T13:58:00+08:00,臺中市,02,西屯區,125
24.182028,120.632861,西屯,C0F9T0,2018-12-07T15:00:00+08:00,111.0,319,3.2,23.6,0.58,1002.3,-99,0.0,8.4,354,2018-12-07T14:24:00+08:00,臺中市,02,西屯區,125
24.182028,120.632861,西屯,C0F9T0,2018-12-07T16:00:00+08:00,111.0,345,2.9,22.2,0.63,1003.0,-99,0.0,10.1,116,2018-12-07T15:52:00+08:00,臺中市,02,西屯區,125
24.182028,120.632861,西屯,C0F9T0,2018-12-07T17:00:00+08:00,111.0,323,2.8,20.4,0.71,1003.7,-99,0.0,8.1,34,2018-12-07T16:05:00+08:00,臺中市,02,西屯區,125
24.182028,120.632861,西屯,C0F9T0,2018-12-07T18:00:00+08:00,111.0,322,2.6,19.5,0.73,1004.4,-99,0.0,-99,-99,-99,臺中市,02,西屯區,125
24.182028,120.632861,西屯,C0F9T0,2018-12-07T19:00:00+08:00,111.0,335,2.8,19.1,0.75,1005.1,-99,0.0,9.2,355,2018-12-07T18:43:00+08:00,臺中市,02,西屯區,125
24.182028,120.632861,西屯,C0F9T0,2018-12-07T20:00:00+08:00,111.0,331,2.3,19.0,0.75,1005.5,-99,0.0,7.9,353,2018-12-07T19:14:00+08:00,臺中市,02,西屯區,125
24.182028,120.632861,西屯,C0F9T0,2018-12-07T21:00:00+08:00,111.0,336,3.5,19.3,0.74,1005.6,-99,0.0,-99,-99,-99,臺中市,02,西屯區,125
24.182028,120.632861,西屯,C0F9T0,2018-12-07T22:00:00+08:00,111.0,331,2.4,19.0,0.74,1006.1,-99,0.0,8.6,31,2018-12-07T21:46:00+08:00,臺中市,02,西屯區,125
24.182028,120.632861,西屯,C0F9T0,2018-12-07T23:00:00+08:00,111.0,321,2.2,19.2,0.74,1006.1,-99,0.0,7.3,47,2018-12-07T22:49:00+08:00,臺中市,02,西屯區,125
24.182028,120.632861,西屯,C0F9T0,2018-12-08T00:00:00+08:00,111.0,336,2.3,18.9,0.77,1005.9,-99,0.0,-99,-99,-99,臺中市,02,西屯區,125
24.182028,120.632861,西屯,C0F9T0,2018-12-08T01:00:00+08:00,111.0,345,2.0,18.9,0.77,1005.6,-99,0.0,-99,-99,-99,臺中市,02,西屯區,125
24.182028,120.632861,西屯,C0F9T0,2018-12-08T02:00:00+08:00,111.0,323,2.2,18.6,0.79,1005.4,-99,0.0,-99,-99,-99,臺中市,02,西屯區,125
24.182028,120.632861,西屯,C0F9T0,2018-12-08T03:00:00+08:00,111.0,338,2.7,18.1,0.81,1005.4,-99,0.0,-99,-99,-99,臺中市,02,西屯區,125
24.182028,120.632861,西屯,C0F9T0,2018-12-08T04:00:00+08:00,111.0,350,1.7,18.0,0.8,1005.2,-99,0.0,-99,-99,-99,臺中市,02,西屯區,125
24.182028,120.632861,西屯,C0F9T0,2018-12-08T05:00:00+08:00,111.0,347,2.5,17.8,0.8,1005.4,-99,0.0,7.7,325,2018-12-08T04:51:00+08:00,臺中市,02,西屯區,125
24.182028,120.632861,西屯,C0F9T0,2018-12-08T06:00:00+08:00,111.0,349,1.7,18.1,0.78,1005.8,-99,0.0,-99,-99,-99,臺中市,02,西屯區,125
24.182028,120.632861,西屯,C0F9T0,2018-12-08T07:00:00+08:00,111.0,341,1.7,17.9,0.78,1005.9,-99,0.0,-99,-99,-99,臺中市,02,西屯區,125
24.182028,120.632861,西屯,C0F9T0,2018-12-08T08:00:00+08:00,111.0,341,2.6,18.6,0.75,1006.3,-99,0.0,-99,-99,-99,臺中市,02,西屯區,125
24.182028,120.632861,西屯,C0F9T0,2018-12-08T09:00:00+08:00,111.0,328,2.8,19.6,0.71,1006.5,-99,0.0,8.6,348,2018-12-08T08:11:00+08:00,臺中市,02,西屯區,125
24.182028,120.632861,西屯,C0F9T0,2018-12-08T10:00:00+08:00,111.0,341,2.8,20.9,0.65,1006.6,-99,0.0,9.4,354,2018-12-08T09:49:00+08:00,臺中市,02,西屯區,125
24.182028,120.632861,西屯,C0F9T0,2018-12-08T12:00:00+08:00,111.0,338,4.1,22.4,0.59,1005.0,-99,0.0,9.4,360,2018-12-08T11:27:00+08:00,臺中市,02,西屯區,125
24.182028,120.632861,西屯,C0F9T0,2018-12-08T13:00:00+08:00,111.0,313,2.9,23.4,0.58,1004.2,-99,0.0,9.7,353,2018-12-08T12:18:00+08:00,臺中市,02,西屯區,125
24.182028,120.632861,西屯,C0F9T0,2018-12-08T14:00:00+08:00,111.0,330,4.1,22.9,0.59,1003.7,-99,0.0,10.1,349,2018-12-08T13:17:00+08:00,臺中市,02,西屯區,125
24.182028,120.632861,西屯,C0F9T0,2018-12-08T15:00:00+08:00,111.0,323,3.2,22.1,0.64,1003.5,-99,0.0,9.2,339,2018-12-08T14:11:00+08:00,臺中市,02,西屯區,125
24.182028,120.632861,西屯,C0F9T0,2018-12-08T16:00:00+08:00,111.0,318,2.4,21.4,0.68,1003.9,-99,0.0,9.5,332,2018-12-08T15:29:00+08:00,臺中市,02,西屯區,125
24.182028,120.632861,西屯,C0F9T0,2018-12-08T17:00:00+08:00,111.0,311,2.0,20.5,0.71,1004.0,-99,0.0,-99,-99,-99,臺中市,02,西屯區,125
24.182028,120.632861,西屯,C0F9T0,2018-12-08T18:00:00+08:00,111.0,329,2.9,19.4,0.73,1004.6,-99,0.0,-99,-99,-99,臺中市,02,西屯區,125
24.182028,120.632861,西屯,C0F9T0,2018-12-08T19:00:00+08:00,111.0,333,2.7,19.0,0.76,1004.9,-99,0.0,-99,-99,-99,臺中市,02,西屯區,125
24.182028,120.632861,西屯,C0F9T0,2018-12-08T20:00:00+08:00,111.0,323,2.0,18.6,0.77,1005.6,-99,0.0,-99,-99,-99,臺中市,02,西屯區,125
24.182028,120.632861,西屯,C0F9T0,2018-12-08T21:00:00+08:00,111.0,343,1.9,18.7,0.77,1006.1,-99,0.0,-99,-99,-99,臺中市,02,西屯區,125
24.182028,120.632861,西屯,C0F9T0,2018-12-08T22:00:00+08:00,111.0,327,1.4,18.7,0.78,1006.4,-99,0.0,-99,-99,-99,臺中市,02,西屯區,125
24.182028,120.632861,西屯,C0F9T0,2018-12-08T23:00:00+08:00,111.0,325,2.5,18.5,0.8,1006.3,-99,0.0,-99,-99,-99,臺中市,02,西屯區,125
24.182028,120.632861,西屯,C0F9T0,2018-12-09T00:00:00+08:00,111.0,351,2.3,18.8,0.79,1006.3,-99,0.0,-99,-99,-99,臺中市,02,西屯區,125
24.182028,120.632861,西屯,C0F9T0,2018-12-09T01:00:00+08:00,111.0,329,1.7,18.6,0.8,1006.0,-99,0.0,-99,-99,-99,臺中市,02,西屯區,125
24.182028,120.632861,西屯,C0F9T0,2018-12-09T03:00:00+08:00,111.0,341,2.5,17.8,0.87,1005.9,-99,0.0,-99,-99,-99,臺中市,02,西屯區,125
24.182028,120.632861,西屯,C0F9T0,2018-12-09T04:00:00+08:00,111.0,321,2.1,17.5,0.87,1005.6,-99,0.0,-99,-99,-99,臺中市,02,西屯區,125
24.182028,120.632861,西屯,C0F9T0,2018-12-09T05:00:00+08:00,111.0,336,2.6,17.6,0.86,1005.4,-99,0.0,-99,-99,-99,臺中市,02,西屯區,125
24.182028,120.632861,西屯,C0F9T0,2018-12-09T06:00:00+08:00,111.0,339,2.3,17.6,0.85,1005.6,-99,0.0,-99,-99,-99,臺中市,02,西屯區,125
24.182028,120.632861,西屯,C0F9T0,2018-12-09T07:00:00+08:00,111.0,323,2.4,17.6,0.85,1005.9,-99,0.0,-99,-99,-99,臺中市,02,西屯區,125
24.182028,120.632861,西屯,C0F9T0,2018-12-09T08:00:00+08:00,111.0,316,1.1,18.0,0.83,1006.1,-99,0.0,-99,-99,-99,臺中市,02,西屯區,125
24.182028,120.632861,西屯,C0F9T0,2018-12-09T09:00:00+08:00,111.0,304,1.6,19.5,0.78,1006.7,-99,0.0,-99,-99,-99,臺中市,02,西屯區,125
24.182028,120.632861,西屯,C0F9T0,2018-12-09T10:00:00+08:00,111.0,319,2.6,20.2,0.74,1006.9,-99,0.0,-99,-99,-99,臺中市,02,西屯區,125
24.182028,120.632861,西屯,C0F9T0,2018-12-09T11:00:00+08:00,111.0,328,2.6,20.6,0.71,1006.1,-99,0.0,-99,-99,-99,臺中市,02,西屯區,125
24.182028,120.632861,西屯,C0F9T0,2018-12-09T12:00:00+08:00,111.0,335,3.7,21.0,0.69,1004.7,-99,0.0,-99,-99,-99,臺中市,02,西屯區,125
24.182028,120.632861,西屯,C0F9T0,2018-12-09T13:00:00+08:00,111.0,334,3.4,21.6,0.67,1003.8,-99,0.0,9.2,353,2018-12-09T12:39:00+08:00,臺中市,02,西屯區,125
24.182028,120.632861,西屯,C0F9T0,2018-12-09T14:00:00+08:00,111.0,332,3.2,21.3,0.69,1003.0,-99,0.0,-99,-99,-99,臺中市,02,西屯區,125
24.182028,120.632861,西屯,C0F9T0,2018-12-09T15:00:00+08:00,111.0,335,2.8,21.4,0.69,1002.6,-99,0.0,8.5,355,2018-12-09T14:13:00+08:00,臺中市,02,西屯區,125
24.182028,120.632861,西屯,C0F9T0,2018-12-09T16:00:00+08:00,111.0,320,3.1,20.9,0.71,1002.7,-99,0.0,8.5,348,2018-12-09T15:31:00+08:00,臺中市,02,西屯區,125
24.182028,120.632861,西屯,C0F9T0,2018-12-09T17:00:00+08:00,111.0,340,1.6,20.0,0.75,1002.9,-99,0.0,-99,-99,-99,臺中市,02,西屯區,125
24.182028,120.632861,西屯,C0F9T0,2018-12-09T18:00:00+08:00,111.0,310,2.8,19.8,0.75,1003.5,-99,0.0,-99,-99,-99,臺中市,02,西屯區,125
24.182028,120.632861,西屯,C0F9T0,2018-12-09T19:00:00+08:00,111.0,340,2.4,18.9,0.79,1004.3,-99,0.0,-99,-99,-99,臺中市,02,西屯區,125
24.182028,120.632861,西屯,C0F9T0,2018-12-09T20:00:00+08:00,111.0,338,1.7,18.9,0.8,1005.0,-99,0.0,-99,-99,-99,臺中市,02,西屯區,125
24.182028,120.632861,西屯,C0F9T0,2018-12-09T21:00:00+08:00,111.0,323,1.9,18.7,0.81,1005.4,-99,0.0,-99,-99,-99,臺中市,02,西屯區,125
24.182028,120.632861,西屯,C0F9T0,2018-12-09T22:00:00+08:00,111.0,335,2.1,18.5,0.82,1005.4,-99,0.0,-99,-99,-99,臺中市,02,西屯區,125
24.182028,120.632861,西屯,C0F9T0,2018-12-09T23:00:00+08:00,111.0,326,1.6,18.5,0.83,1004.8,-99,0.0,-99,-99,-99,臺中市,02,西屯區,125
24.182028,120.632861,西屯,C0F9T0,2018-12-10T00:00:00+08:00,111.0,309,1.9,18.4,0.84,1004.8,-99,0.0,-99,-99,-99,臺中市,02,西屯區,125
24.182028,120.632861,西屯,C0F9T0,2018-12-10T01:00:00+08:00,111.0,340,1.6,18.3,0.85,1004.6,-99,0.0,-99,-99,-99,臺中市,02,西屯區,125
24.182028,120.632861,西屯,C0F9T0,2018-12-10T02:00:00+08:00,111.0,325,2.0,18.4,0.86,1004.0,-99,0.0,-99,-99,-99,臺中市,02,西屯區,125
24.182028,120.632861,西屯,C0F9T0,2018-12-10T03:00:00+08:00,111.0,5,1.6,18.5,0.86,1003.7,-99,0.0,-99,-99,-99,臺中市,02,西屯區,125
24.182028,120.632861,西屯,C0F9T0,2018-12-10T04:00:00+08:00,111.0,346,2.3,18.7,0.86,1002.7,-99,0.0,-99,-99,-99,臺中市,02,西屯區,125
24.182028,120.632861,西屯,C0F9T0,2018-12-10T05:00:00+08:00,111.0,336,1.7,18.9,0.87,1003.2,-99,0.0,-99,-99,-99,臺中市,02,西屯區,125
24.182028,120.632861,西屯,C0F9T0,2018-12-10T06:00:00+08:00,111.0,319,1.4,19.2,0.88,1003.6,-99,0.0,-99,-99,-99,臺中市,02,西屯區,125
24.182028,120.632861,西屯,C0F9T0,2018-12-10T07:00:00+08:00,111.0,14,1.5,19.3,0.89,1004.3,-99,0.0,-99,-99,-99,臺中市,02,西屯區,125
24.182028,120.632861,西屯,C0F9T0,2018-12-10T08:00:00+08:00,111.0,319,2.1,19.6,0.89,1004.7,-99,0.0,-99,-99,-99,臺中市,02,西屯區,125
24.182028,120.632861,西屯,C0F9T0,2018-12-10T09:00:00+08:00,111.0,9,1.5,19.9,0.89,1005.4,-99,0.0,7.5,350,2018-12-10T08:32:00+08:00,臺中市,02,西屯區,125
24.182028,120.632861,西屯,C0F9T0,2018-12-10T10:00:00+08:00,111.0,332,2.5,21.1,0.85,1005.1,-99,0.0,-99,-99,-99,臺中市,02,西屯區,125
24.182028,120.632861,西屯,C0F9T0,2018-12-10T11:00:00+08:00,111.0,324,1.8,20.9,0.87,1004.6,-99,0.0,9.9,1,2018-12-10T10:24:00+08:00,臺中市,02,西屯區,125
24.182028,120.632861,西屯,C0F9T0,2018-12-10T12:00:00+08:00,111.0,339,3.8,20.0,0.88,1002.9,-99,0.0,9.4,347,2018-12-10T11:39:00+08:00,臺中市,02,西屯區,125
24.182028,120.632861,西屯,C0F9T0,2018-12-10T13:00:00+08:00,111.0,338,3.5,21.0,0.83,1002.3,-99,0.0,9.4,1,2018-12-10T12:11:00+08:00,臺中市,02,西屯區,125
24.182028,120.632861,西屯,C0F9T0,2018-12-10T14:00:00+08:00,111.0,2,2.4,20.8,0.86,1002.1,-99,0.0,8.5,349,2018-12-10T13:32:00+08:00,臺中市,02,西屯區,125
24.182028,120.632861,西屯,C0F9T0,2018-12-10T15:00:00+08:00,111.0,343,2.2,21.7,0.83,1001.1,-99,0.0,8.3,327,2018-12-10T14:23:00+08:00,臺中市,02,西屯區,125
24.182028,120.632861,西屯,C0F9T0,2018-12-10T16:00:00+08:00,111.0,309,2.0,21.4,0.84,1001.0,-99,0.0,7.6,39,2018-12-10T15:05:00+08:00,臺中市,02,西屯區,125
24.182028,120.632861,西屯,C0F9T0,2018-12-10T17:00:00+08:00,111.0,345,3.4,20.7,0.88,1001.8,-99,0.0,-99,-99,-99,臺中市,02,西屯區,125
24.182028,120.632861,西屯,C0F9T0,2018-12-10T18:00:00+08:00,111.0,347,1.4,20.6,0.89,1002.2,-99,0.0,-99,-99,-99,臺中市,02,西屯區,125
24.182028,120.632861,西屯,C0F9T0,2018-12-10T19:00:00+08:00,111.0,324,2.9,20.6,0.89,1003.0,-99,0.0,-99,-99,-99,臺中市,02,西屯區,125
24.182028,120.632861,西屯,C0F9T0,2018-12-10T20:00:00+08:00,111.0,342,1.4,20.5,0.89,1003.3,-99,0.0,-99,-99,-99,臺中市,02,西屯區,125
24.182028,120.632861,西屯,C0F9T0,2018-12-10T21:00:00+08:00,111.0,310,1.3,20.5,0.88,1003.6,-99,0.0,-99,-99,-99,臺中市,02,西屯區,125
24.182028,120.632861,西屯,C0F9T0,2018-12-10T22:00:00+08:00,111.0,19,0.8,20.5,0.89,1003.4,-99,0.0,-99,-99,-99,臺中市,02,西屯區,125
24.182028,120.632861,西屯,C0F9T0,2018-12-10T23:00:00+08:00,111.0,324,1.7,20.4,0.9,1003.6,-99,0.0,-99,-99,-99,臺中市,02,西屯區,125
24.182028,120.632861,西屯,C0F9T0,2018-12-11T00:00:00+08:00,111.0,330,1.0,20.3,0.91,1003.4,-99,0.0,-99,-99,-99,臺中市,02,西屯區,125
24.182028,120.632861,西屯,C0F9T0,2018-12-11T01:00:00+08:00,111.0,54,1.0,20.3,0.91,1003.5,-99,0.0,-99,-99,-99,臺中市,02,西屯區,125
24.182028,120.632861,西屯,C0F9T0,2018-12-11T02:00:00+08:00,111.0,320,0.7,20.0,0.92,1003.3,-99,0.0,-99,-99,-99,臺中市,02,西屯區,125
24.182028,120.632861,西屯,C0F9T0,2018-12-11T03:00:00+08:00,111.0,328,0.9,19.8,0.92,1003.3,-99,0.0,-99,-99,-99,臺中市,02,西屯區,125
24.182028,120.632861,西屯,C0F9T0,2018-12-11T04:00:00+08:00,111.0,356,0.6,20.0,0.91,1003.0,-99,0.0,-99,-99,-99,臺中市,02,西屯區,125
24.182028,120.632861,西屯,C0F9T0,2018-12-11T05:00:00+08:00,111.0,338,1.3,20.1,0.91,1003.0,-99,0.0,-99,-99,-99,臺中市,02,西屯區,125
24.182028,120.632861,西屯,C0F9T0,2018-12-11T06:00:00+08:00,111.0,343,1.4,20.1,0.92,1003.1,-99,0.0,-99,-99,-99,臺中市,02,西屯區,125
24.182028,120.632861,西屯,C0F9T0,2018-12-11T07:00:00+08:00,111.0,339,1.5,20.2,0.93,1004.0,-99,0.0,-99,-99,-99,臺中市,02,西屯區,125
24.182028,120.632861,西屯,C0F9T0,2018-12-11T08:00:00+08:00,111.0,354,1.9,20.6,0.93,1004.4,-99,0.0,-99,-99,-99,臺中市,02,西屯區,125
24.182028,120.632861,西屯,C0F9T0,2018-12-11T09:00:00+08:00,111.0,30,2.8,21.6,0.88,1004.9,-99,0.0,-99,-99,-99,臺中市,02,西屯區,125
24.182028,120.632861,西屯,C0F9T0,2018-12-11T10:00:00+08:00,111.0,346,2.5,21.7,0.85,1005.2,-99,0.0,-99,-99,-99,臺中市,02,西屯區,125
24.182028,120.632861,西屯,C0F9T0,2018-12-11T12:00:00+08:00,111.0,323,2.9,22.8,0.78,1003.6,-99,0.0,10.0,9,2018-12-11T11:41:00+08:00,臺中市,02,西屯區,125
24.182028,120.632861,西屯,C0F9T0,2018-12-11T13:00:00+08:00,111.0,330,3.6,23.1,0.77,1002.4,-99,0.0,9.6,344,2018-12-11T12:42:00+08:00,臺中市,02,西屯區,125
24.182028,120.632861,西屯,C0F9T0,2018-12-11T14:00:00+08:00,111.0,320,2.8,23.1,0.76,1001.9,-99,0.0,9.5,360,2018-12-11T13:22:00+08:00,臺中市,02,西屯區,125
24.182028,120.632861,西屯,C0F9T0,2018-12-11T15:00:00+08:00,111.0,342,2.3,22.3,0.78,1001.9,-99,0.0,8.6,12,2018-12-11T14:26:00+08:00,臺中市,02,西屯區,125
24.182028,120.632861,西屯,C0F9T0,2018-12-11T16:00:00+08:00,111.0,337,3.5,21.9,0.79,1002.3,-99,0.0,9.2,335,2018-12-11T15:41:00+08:00,臺中市,02,西屯區,125
24.182028,120.632861,西屯,C0F9T0,2018-12-11T17:00:00+08:00,111.0,334,2.8,21.1,0.82,1002.9,-99,0.0,8.1,1,2018-12-11T16:54:00+08:00,臺中市,02,西屯區,125
24.182028,120.632861,西屯,C0F9T0,2018-12-11T18:00:00+08:00,111.0,342,2.8,20.0,0.84,1003.4,-99,0.0,7.9,343,2018-12-11T17:59:00+08:00,臺中市,02,西屯區,125
24.182028,120.632861,西屯,C0F9T0,2018-12-11T19:00:00+08:00,111.0,338,2.3,19.3,0.84,1003.8,-99,0.0,7.4,339,2018-12-11T18:03:00+08:00,臺中市,02,西屯區,125
24.182028,120.632861,西屯,C0F9T0,2018-12-11T20:00:00+08:00,111.0,335,2.4,19.0,0.81,1003.8,-99,0.0,8.4,330,2018-12-11T19:52:00+08:00,臺中市,02,西屯區,125
24.182028,120.632861,西屯,C0F9T0,2018-12-11T21:00:00+08:00,111.0,330,2.5,18.3,0.82,1004.1,-99,0.0,9.0,354,2018-12-11T20:24:00+08:00,臺中市,02,西屯區,125
24.182028,120.632861,西屯,C0F9T0,2018-12-11T22:00:00+08:00,111.0,337,2.5,17.9,0.8,1004.6,-99,0.0,-99,-99,-99,臺中市,02,西屯區,125
24.182028,120.632861,西屯,C0F9T0,2018-12-11T23:00:00+08:00,111.0,340,2.5,17.7,0.77,1005.0,-99,0.0,-99,-99,-99,臺中市,02,西屯區,125
24.182028,120.632861,西屯,C0F9T0,2018-12-12T00:00:00+08:00,111.0,336,3.5,17.3,0.77,1005.3,-99,0.0,-99,-99,-99,臺中市,02,西屯區,125
24.182028,120.632861,西屯,C0F9T0,2018-12-12T01:00:00+08:00,111.0,340,3.7,16.9,0.78,1005.5,-99,0.0,-99,-99,-99,臺中市,02,西屯區,125
24.182028,120.632861,西屯,C0F9T0,2018-12-12T02:00:00+08:00,111.0,339,2.0,16.9,0.77,1005.4,-99,0.0,9.4,1,2018-12-12T01:50:00+08:00,臺中市,02,西屯區,125
24.182028,120.632861,西屯,C0F9T0,2018-12-12T03:00:00+08:00,111.0,335,3.2,16.7,0.78,1005.7,-99,0.0,-99,-99,-99,臺中市,02,西屯區,125
24.182028,120.632861,西屯,C0F9T0,2018-12-12T04:00:00+08:00,111.0,338,2.2,16.4,0.78,1005.7,-99,0.0,8.9,331,2018-12-12T03:48:00+08:00,臺中市,02,西屯區,125
24.182028,120.632861,西屯,C0F9T0,2018-12-12T05:00:00+08:00,111.0,332,2.9,16.4,0.76,1006.3,-99,0.0,8.6,53,2018-12-12T04:30:00+08:00,臺中市,02,西屯區,125
24.182028,120.632861,西屯,C0F9T0,2018-12-12T06:00:00+08:00,111.0,321,2.0,16.5,0.76,1006.7,-99,0.0,7.2,6,2018-12-12T05:45:00+08:00,臺中市,02,西屯區,125
24.182028,120.632861,西屯,C0F9T0,2018-12-12T08:00:00+08:00,111.0,339,2.4,16.5,0.75,1008.1,-99,0.0,-99,-99,-99,臺中市,02,西屯區,125
24.182028,120.632861,西屯,C0F9T0,2018-12-12T09:00:00+08:00,111.0,342,2.8,16.6,0.73,1008.7,-99,0.0,9.1,1,2018-12-12T08:22:00+08:00,臺中市,02,西屯區,125
24.182028,120.632861,西屯,C0F9T0,2018-12-12T10:00:00+08:00,111.0,336,2.7,17.2,0.7,1008.4,-99,0.0,7.9,310,2018-12-12T09:42:00+08:00,臺中市,02,西屯區,125
24.182028,120.632861,西屯,C0F9T0,2018-12-12T11:00:00+08:00,111.0,345,2.3,18.6,0.66,1007.7,-99,0.0,9.4,3,2018-12-12T10:12:00+08:00,臺中市,02,西屯區,125
24.182028,120.632861,西屯,C0F9T0,2018-12-12T12:00:00+08:00,111.0,28,2.9,18.5,0.66,1007.2,-99,0.0,8.3,353,2018-12-12T11:44:00+08:00,臺中市,02,西屯區,125
24.182028,120.632861,西屯,C0F9T0,2018-12-12T13:00:00+08:00,111.0,336,3.2,18.6,0.67,1006.7,-99,0.0,9.1,2,2018-12-12T12:59:00+08:00,臺中市,02,西屯區,125
24.182028,120.632861,西屯,C0F9T0,2018-12-12T14:00:00+08:00,111.0,342,2.3,18.0,0.7,1006.8,-99,0.0,9.9,75,2018-12-12T13:42:00+08:00,臺中市,02,西屯區,125
24.182028,120.632861,西屯,C0F9T0,2018-12-12T15:00:00+08:00,111.0,356,1.8,17.9,0.71,1006.5,-99,0.0,8.2,3,2018-12-12T14:22:00+08:00,臺中市,02,西屯區,125
24.182028,120.632861,西屯,C0F9T0,2018-12-12T16:00:00+08:00,111.0,355,2.6,16.9,0.74,1006.9,-99,0.0,8.3,14,2018-12-12T15:22:00+08:00,臺中市,02,西屯區,125
24.182028,120.632861,西屯,C0F9T0,2018-12-12T17:00:00+08:00,111.0,336,1.8,16.7,0.74,1006.9,-99,0.0,8.4,342,2018-12-12T16:21:00+08:00,臺中市,02,西屯區,125
24.182028,120.632861,西屯,C0F9T0,2018-12-12T18:00:00+08:00,111.0,314,2.0,16.2,0.76,1007.1,-99,0.0,-99,-99,-99,臺中市,02,西屯區,125
24.182028,120.632861,西屯,C0F9T0,2018-12-12T19:00:00+08:00,111.0,340,2.6,15.8,0.77,1008.6,-99,0.0,8.2,24,2018-12-12T18:50:00+08:00,臺中市,02,西屯區,125
24.182028,120.632861,西屯,C0F9T0,2018-12-12T20:00:00+08:00,111.0,338,2.6,15.7,0.77,1008.6,-99,0.0,-99,-99,-99,臺中市,02,西屯區,125
24.182028,120.632861,西屯,C0F9T0,2018-12-12T21:00:00+08:00,111.0,341,2.2,15.4,0.79,1008.7,-99,0.0,-99,-99,-99,臺中市,02,西屯區,125
24.182028,120.632861,西屯,C0F9T0,2018-12-12T22:00:00+08:00,111.0,341,2.4,15.3,0.79,1009.1,-99,0.0,-99,-99,-99,臺中市,02,西屯區,125
24.182028,120.632861,西屯,C0F9T0,2018-12-12T23:00:00+08:00,111.0,339,3.0,15.2,0.79,1008.5,-99,0.0,-99,-99,-99,臺中市,02,西屯區,125
24.182028,120.632861,西屯,C0F9T0,2018-12-13T00:00:00+08:00,111.0,329,2.8,15.2,0.8,1008.2,-99,0.0,-99,-99,-99,臺中市,02,西屯區,125
24.182028,120.632861,西屯,C0F9T0,2018-12-13T01:00:00+08:00,111.0,345,1.2,15.3,0.8,1008.4,-99,0.0,-99,-99,-99,臺中市,02,西屯區,125
24.182028,120.632861,西屯,C0F9T0,2018-12-13T02:00:00+08:00,111.0,340,2.4,15.3,0.8,1008.0,-99,0.0,-99,-99,-99,臺中市,02,西屯區,125
24.182028,120.632861,西屯,C0F9T0,2018-12-13T03:00:00+08:00,111.0,323,1.9,15.4,0.8,1008.1,-99,0.0,-99,-99,-99,臺中市,02,西屯區,125
24.182028,120.632861,西屯,C0F9T0,2018-12-13T04:00:00+08:00,111.0,342,2.1,15.6,0.79,1008.3,-99,0.0,-99,-99,-99,臺中市,02,西屯區,125
24.182028,120.632861,西屯,C0F9T0,2018-12-13T05:00:00+08:00,111.0,329,2.1,15.7,0.78,1008.5,-99,0.0,-99,-99,-99,臺中市,02,西屯區,125
24.182028,120.632861,西屯,C0F9T0,2018-12-13T06:00:00+08:00,111.0,349,2.0,15.9,0.78,1008.8,-99,0.0,-99,-99,-99,臺中市,02,西屯區,125
24.182028,120.632861,西屯,C0F9T0,2018-12-13T07:00:00+08:00,111.0,356,2.1,16.3,0.78,1009.1,-99,0.0,-99,-99,-99,臺中市,02,西屯區,125
24.182028,120.632861,西屯,C0F9T0,2018-12-13T08:00:00+08:00,111.0,316,1.0,16.8,0.77,1009.4,-99,0.0,-99,-99,-99,臺中市,02,西屯區,125
24.182028,120.632861,西屯,C0F9T0,2018-12-13T09:00:00+08:00,111.0,31,1.8,17.6,0.75,1009.8,-99,0.0,-99,-99,-99,臺中市,02,西屯區,125
24.182028,120.632861,西屯,C0F9T0,2018-12-13T10:00:00+08:00,111.0,332,1.7,18.8,0.71,1010.1,-99,0.0,-99,-99,-99,臺中市,02,西屯區,125
24.182028,120.632861,西屯,C0F9T0,2018-12-13T08:00:00+08:00,111.0,316,1.0,16.8,0.77,1009.4,-99,0.0,-99,-99,-99,臺中市,02,西屯區,125
24.182028,120.632861,西屯,C0F9T0,2018-12-13T09:00:00+08:00,111.0,31,1.8,17.6,0.75,1009.8,-99,0.0,-99,-99,-99,臺中市,02,西屯區,125
24.182028,120.632861,西屯,C0F9T0,2018-12-13T10:00:00+08:00,111.0,332,1.7,18.8,0.71,1010.1,-99,0.0,-99,-99,-99,臺中市,02,西屯區,125
24.182028,120.632861,西屯,C0F9T0,2018-12-13T08:00:00+08:00,111.0,316,1.0,16.8,0.77,1009.4,-99,0.0,-99,-99,-99,臺中市,02,西屯區,125
24.182028,120.632861,西屯,C0F9T0,2018-12-13T11:00:00+08:00,111.0,51,1.2,20.7,0.66,1009.3,-99,0.0,-99,-99,-99,臺中市,02,西屯區,125
24.182028,120.632861,西屯,C0F9T0,2018-12-13T10:00:00+08:00,111.0,332,1.7,18.8,0.71,1010.1,-99,0.0,-99,-99,-99,臺中市,02,西屯區,125
24.182028,120.632861,西屯,C0F9T0,2018-12-13T08:00:00+08:00,111.0,316,1.0,16.8,0.77,1009.4,-99,0.0,-99,-99,-99,臺中市,02,西屯區,125
24.182028,120.632861,西屯,C0F9T0,2018-12-13T11:00:00+08:00,111.0,51,1.2,20.7,0.66,1009.3,-99,0.0,-99,-99,-99,臺中市,02,西屯區,125
24.182028,120.632861,西屯,C0F9T0,2018-12-13T12:00:00+08:00,111.0,312,2.7,21.8,0.62,1008.6,-99,0.0,-99,-99,-99,臺中市,02,西屯區,125
24.182028,120.632861,西屯,C0F9T0,2018-12-13T10:00:00+08:00,111.0,332,1.7,18.8,0.71,1010.1,-99,0.0,-99,-99,-99,臺中市,02,西屯區,125
24.182028,120.632861,西屯,C0F9T0,2018-12-13T11:00:00+08:00,111.0,51,1.2,20.7,0.66,1009.3,-99,0.0,-99,-99,-99,臺中市,02,西屯區,125
24.182028,120.632861,西屯,C0F9T0,2018-12-13T09:00:00+08:00,111.0,31,1.8,17.6,0.75,1009.8,-99,0.0,-99,-99,-99,臺中市,02,西屯區,125
24.182028,120.632861,西屯,C0F9T0,2018-12-13T12:00:00+08:00,111.0,312,2.7,21.8,0.62,1008.6,-99,0.0,-99,-99,-99,臺中市,02,西屯區,125
24.182028,120.632861,西屯,C0F9T0,2018-12-13T14:00:00+08:00,111.0,342,3.0,21.5,0.64,1007.7,-99,0.0,-99,-99,-99,臺中市,02,西屯區,125
24.182028,120.632861,西屯,C0F9T0,2018-12-13T11:00:00+08:00,111.0,51,1.2,20.7,0.66,1009.3,-99,0.0,-99,-99,-99,臺中市,02,西屯區,125
24.182028,120.632861,西屯,C0F9T0,2018-12-13T12:00:00+08:00,111.0,312,2.7,21.8,0.62,1008.6,-99,0.0,-99,-99,-99,臺中市,02,西屯區,125
24.182028,120.632861,西屯,C0F9T0,2018-12-13T14:00:00+08:00,111.0,342,3.0,21.5,0.64,1007.7,-99,0.0,-99,-99,-99,臺中市,02,西屯區,125
24.182028,120.632861,西屯,C0F9T0,2018-12-13T11:00:00+08:00,111.0,51,1.2,20.7,0.66,1009.3,-99,0.0,-99,-99,-99,臺中市,02,西屯區,125
24.182028,120.632861,西屯,C0F9T0,2018-12-13T16:00:00+08:00,111.0,345,3.0,19.3,0.71,1008.1,-99,0.0,-99,-99,-99,臺中市,02,西屯區,125
24.182028,120.632861,西屯,C0F9T0,2018-12-13T12:00:00+08:00,111.0,312,2.7,21.8,0.62,1008.6,-99,0.0,-99,-99,-99,臺中市,02,西屯區,125
24.182028,120.632861,西屯,C0F9T0,2018-12-13T14:00:00+08:00,111.0,342,3.0,21.5,0.64,1007.7,-99,0.0,-99,-99,-99,臺中市,02,西屯區,125
24.182028,120.632861,西屯,C0F9T0,2018-12-13T11:00:00+08:00,111.0,51,1.2,20.7,0.66,1009.3,-99,0.0,-99,-99,-99,臺中市,02,西屯區,125
24.182028,120.632861,西屯,C0F9T0,2018-12-13T09:00:00+08:00,111.0,31,1.8,17.6,0.75,1009.8,-99,0.0,-99,-99,-99,臺中市,02,西屯區,125
24.182028,120.632861,西屯,C0F9T0,2018-12-13T12:00:00+08:00,111.0,312,2.7,21.8,0.62,1008.6,-99,0.0,-99,-99,-99,臺中市,02,西屯區,125
24.182028,120.632861,西屯,C0F9T0,2018-12-13T16:00:00+08:00,111.0,345,3.0,19.3,0.71,1008.1,-99,0.0,-99,-99,-99,臺中市,02,西屯區,125
24.182028,120.632861,西屯,C0F9T0,2018-12-13T14:00:00+08:00,111.0,342,3.0,21.5,0.64,1007.7,-99,0.0,-99,-99,-99,臺中市,02,西屯區,125
24.182028,120.632861,西屯,C0F9T0,2018-12-13T12:00:00+08:00,111.0,312,2.7,21.8,0.62,1008.6,-99,0.0,-99,-99,-99,臺中市,02,西屯區,125
24.182028,120.632861,西屯,C0F9T0,2018-12-13T11:00:00+08:00,111.0,51,1.2,20.7,0.66,1009.3,-99,0.0,-99,-99,-99,臺中市,02,西屯區,125
24.182028,120.632861,西屯,C0F9T0,2018-12-13T16:00:00+08:00,111.0,345,3.0,19.3,0.71,1008.1,-99,0.0,-99,-99,-99,臺中市,02,西屯區,125
24.182028,120.632861,西屯,C0F9T0,2018-12-13T14:00:00+08:00,111.0,342,3.0,21.5,0.64,1007.7,-99,0.0,-99,-99,-99,臺中市,02,西屯區,125
24.182028,120.632861,西屯,C0F9T0,2018-12-13T18:00:00+08:00,111.0,336,1.6,18.1,0.76,1008.8,-99,0.0,-99,-99,-99,臺中市,02,西屯區,125
24.182028,120.632861,西屯,C0F9T0,2018-12-13T11:00:00+08:00,111.0,51,1.2,20.7,0.66,1009.3,-99,0.0,-99,-99,-99,臺中市,02,西屯區,125
24.182028,120.632861,西屯,C0F9T0,2018-12-13T17:00:00+08:00,111.0,336,3.2,18.7,0.73,1008.5,-99,0.0,8.5,1,2018-12-13T16:05:00+08:00,臺中市,02,西屯區,125
24.182028,120.632861,西屯,C0F9T0,2018-12-13T18:00:00+08:00,111.0,336,1.6,18.1,0.76,1008.8,-99,0.0,-99,-99,-99,臺中市,02,西屯區,125
24.182028,120.632861,西屯,C0F9T0,2018-12-13T21:00:00+08:00,111.0,341,1.7,17.4,0.84,1009.3,-99,0.0,-99,-99,-99,臺中市,02,西屯區,125
24.182028,120.632861,西屯,C0F9T0,2018-12-13T22:00:00+08:00,111.0,330,1.7,17.3,0.84,1009.5,-99,0.0,-99,-99,-99,臺中市,02,西屯區,125
24.182028,120.632861,西屯,C0F9T0,2018-12-13T23:00:00+08:00,111.0,333,1.7,17.3,0.84,1009.7,-99,0.0,-99,-99,-99,臺中市,02,西屯區,125
24.182028,120.632861,西屯,C0F9T0,2018-12-14T00:00:00+08:00,111.0,335,2.0,17.1,0.85,1009.3,-99,0.0,-99,-99,-99,臺中市,02,西屯區,125
24.182028,120.632861,西屯,C0F9T0,2018-12-14T01:00:00+08:00,111.0,314,1.7,17.1,0.85,1009.1,-99,0.0,-99,-99,-99,臺中市,02,西屯區,125
24.182028,120.632861,西屯,C0F9T0,2018-12-14T02:00:00+08:00,111.0,311,1.5,17.1,0.85,1008.9,-99,0.0,-99,-99,-99,臺中市,02,西屯區,125
24.182028,120.632861,西屯,C0F9T0,2018-12-14T03:00:00+08:00,111.0,326,1.6,17.1,0.85,1008.7,-99,0.0,-99,-99,-99,臺中市,02,西屯區,125
24.182028,120.632861,西屯,C0F9T0,2018-12-14T04:00:00+08:00,111.0,299,1.2,17.3,0.85,1008.6,-99,0.0,-99,-99,-99,臺中市,02,西屯區,125
24.182028,120.632861,西屯,C0F9T0,2018-12-14T06:00:00+08:00,111.0,310,1.4,17.5,0.85,1009.1,-99,0.0,-99,-99,-99,臺中市,02,西屯區,125
24.182028,120.632861,西屯,C0F9T0,2018-12-14T07:00:00+08:00,111.0,312,1.1,17.6,0.85,1009.6,-99,0.0,-99,-99,-99,臺中市,02,西屯區,125
24.182028,120.632861,西屯,C0F9T0,2018-12-14T08:00:00+08:00,111.0,345,1.4,18.0,0.83,1010.0,-99,0.0,-99,-99,-99,臺中市,02,西屯區,125
24.182028,120.632861,西屯,C0F9T0,2018-12-14T09:00:00+08:00,111.0,305,1.1,18.9,0.8,1010.4,-99,0.0,-99,-99,-99,臺中市,02,西屯區,125
24.182028,120.632861,西屯,C0F9T0,2018-12-14T10:00:00+08:00,111.0,307,1.3,20.1,0.75,1010.4,-99,0.0,-99,-99,-99,臺中市,02,西屯區,125
24.182028,120.632861,西屯,C0F9T0,2018-12-14T11:00:00+08:00,111.0,307,1.5,21.3,0.7,1010.0,-99,0.0,-99,-99,-99,臺中市,02,西屯區,125
24.182028,120.632861,西屯,C0F9T0,2018-12-14T12:00:00+08:00,111.0,346,1.9,22.0,0.68,1009.3,-99,0.0,-99,-99,-99,臺中市,02,西屯區,125
24.182028,120.632861,西屯,C0F9T0,2018-12-14T13:00:00+08:00,111.0,325,1.8,23.3,0.63,1008.2,-99,0.0,-99,-99,-99,臺中市,02,西屯區,125
24.182028,120.632861,西屯,C0F9T0,2018-12-14T14:00:00+08:00,111.0,324,2.0,23.9,0.6,1007.6,-99,0.0,-99,-99,-99,臺中市,02,西屯區,125
24.182028,120.632861,西屯,C0F9T0,2018-12-14T15:00:00+08:00,111.0,328,2.8,23.2,0.63,1007.3,-99,0.0,-99,-99,-99,臺中市,02,西屯區,125
24.182028,120.632861,西屯,C0F9T0,2018-12-14T16:00:00+08:00,111.0,328,3.0,22.4,0.64,1007.3,-99,0.0,-99,-99,-99,臺中市,02,西屯區,125
24.182028,120.632861,西屯,C0F9T0,2018-12-14T17:00:00+08:00,111.0,332,3.2,21.2,0.67,1007.7,-99,0.0,-99,-99,-99,臺中市,02,西屯區,125
24.182028,120.632861,西屯,C0F9T0,2018-12-14T18:00:00+08:00,111.0,319,2.3,19.8,0.72,1008.2,-99,0.0,-99,-99,-99,臺中市,02,西屯區,125
24.182028,120.632861,西屯,C0F9T0,2018-12-14T19:00:00+08:00,111.0,321,2.1,18.7,0.76,1008.6,-99,0.0,-99,-99,-99,臺中市,02,西屯區,125
24.182028,120.632861,西屯,C0F9T0,2018-12-14T20:00:00+08:00,111.0,335,2.3,18.1,0.79,1009.4,-99,0.0,-99,-99,-99,臺中市,02,西屯區,125
24.182028,120.632861,西屯,C0F9T0,2018-12-14T21:00:00+08:00,111.0,330,1.9,18.4,0.79,1009.4,-99,0.0,-99,-99,-99,臺中市,02,西屯區,125
24.182028,120.632861,西屯,C0F9T0,2018-12-14T22:00:00+08:00,111.0,349,1.9,17.9,0.8,1009.2,-99,0.0,-99,-99,-99,臺中市,02,西屯區,125
24.182028,120.632861,西屯,C0F9T0,2018-12-14T23:00:00+08:00,111.0,338,1.5,17.7,0.81,1009.3,-99,0.0,-99,-99,-99,臺中市,02,西屯區,125
24.182028,120.632861,西屯,C0F9T0,2018-12-15T00:00:00+08:00,111.0,339,1.2,17.6,0.81,1008.9,-99,0.0,-99,-99,-99,臺中市,02,西屯區,125
24.182028,120.632861,西屯,C0F9T0,2018-12-15T16:00:00+08:00,111.0,306,3.3,22.8,0.69,1006.0,-99,0.0,-99,-99,-99,臺中市,02,西屯區,125
24.182028,120.632861,西屯,C0F9T0,2018-12-15T17:00:00+08:00,111.0,338,1.7,22.2,0.72,1006.3,-99,0.0,-99,-99,-99,臺中市,02,西屯區,125
24.182028,120.632861,西屯,C0F9T0,2018-12-15T18:00:00+08:00,111.0,318,2.0,21.5,0.76,1006.8,-99,0.0,-99,-99,-99,臺中市,02,西屯區,125
24.182028,120.632861,西屯,C0F9T0,2018-12-15T19:00:00+08:00,111.0,311,1.3,20.7,0.81,1007.1,-99,0.0,-99,-99,-99,臺中市,02,西屯區,125
24.182028,120.632861,西屯,C0F9T0,2018-12-15T20:00:00+08:00,111.0,335,0.9,20.4,0.81,1007.3,-99,0.0,-99,-99,-99,臺中市,02,西屯區,125
24.182028,120.632861,西屯,C0F9T0,2018-12-15T21:00:00+08:00,111.0,335,1.0,20.0,0.82,1007.6,-99,0.0,-99,-99,-99,臺中市,02,西屯區,125
24.182028,120.632861,西屯,C0F9T0,2018-12-15T22:00:00+08:00,111.0,337,1.3,19.8,0.82,1007.3,-99,0.0,-99,-99,-99,臺中市,02,西屯區,125
24.182028,120.632861,西屯,C0F9T0,2018-12-15T23:00:00+08:00,111.0,332,1.0,19.9,0.82,1007.2,-99,0.0,-99,-99,-99,臺中市,02,西屯區,125
24.182028,120.632861,西屯,C0F9T0,2018-12-16T00:00:00+08:00,111.0,0,0.2,20.2,0.8,1007.1,-99,0.0,-99,-99,-99,臺中市,02,西屯區,125
24.182028,120.632861,西屯,C0F9T0,2018-12-16T01:00:00+08:00,111.0,329,0.3,20.1,0.8,1007.1,-99,0.0,-99,-99,-99,臺中市,02,西屯區,125
24.182028,120.632861,西屯,C0F9T0,2018-12-16T02:00:00+08:00,111.0,314,0.3,19.9,0.8,1007.1,-99,0.0,-99,-99,-99,臺中市,02,西屯區,125
24.182028,120.632861,西屯,C0F9T0,2018-12-16T04:00:00+08:00,111.0,323,1.0,19.9,0.8,1007.1,-99,0.0,-99,-99,-99,臺中市,02,西屯區,125
24.182028,120.632861,西屯,C0F9T0,2018-12-16T05:00:00+08:00,111.0,341,1.3,19.8,0.82,1007.5,-99,0.0,-99,-99,-99,臺中市,02,西屯區,125
24.182028,120.632861,西屯,C0F9T0,2018-12-16T06:00:00+08:00,111.0,328,0.9,19.9,0.82,1007.5,-99,0.0,-99,-99,-99,臺中市,02,西屯區,125
24.182028,120.632861,西屯,C0F9T0,2018-12-16T07:00:00+08:00,111.0,342,1.2,19.8,0.84,1007.8,-99,0.0,-99,-99,-99,臺中市,02,西屯區,125
24.182028,120.632861,西屯,C0F9T0,2018-12-16T08:00:00+08:00,111.0,339,0.8,20.2,0.83,1008.1,-99,0.0,-99,-99,-99,臺中市,02,西屯區,125
24.182028,120.632861,西屯,C0F9T0,2018-12-16T10:00:00+08:00,111.0,7,1.5,22.4,0.77,1008.6,-99,0.0,-99,-99,-99,臺中市,02,西屯區,125
24.182028,120.632861,西屯,C0F9T0,2018-12-16T11:00:00+08:00,111.0,8,1.1,23.8,0.72,1007.7,-99,0.0,-99,-99,-99,臺中市,02,西屯區,125
24.182028,120.632861,西屯,C0F9T0,2018-12-16T12:00:00+08:00,111.0,306,2.2,25.0,0.63,1006.5,-99,0.0,-99,-99,-99,臺中市,02,西屯區,125
24.182028,120.632861,西屯,C0F9T0,2018-12-16T13:00:00+08:00,111.0,334,2.9,23.5,0.73,1005.7,-99,0.0,-99,-99,-99,臺中市,02,西屯區,125
24.182028,120.632861,西屯,C0F9T0,2018-12-16T14:00:00+08:00,111.0,311,3.4,22.1,0.77,1004.8,-99,0.0,-99,-99,-99,臺中市,02,西屯區,125
24.182028,120.632861,西屯,C0F9T0,2018-12-16T16:00:00+08:00,111.0,332,2.8,20.6,0.78,1004.8,-99,0.0,9.8,314,2018-12-16T15:52:00+08:00,臺中市,02,西屯區,125
24.182028,120.632861,西屯,C0F9T0,2018-12-16T17:00:00+08:00,111.0,337,2.5,19.8,0.74,1005.3,-99,0.0,-99,-99,-99,臺中市,02,西屯區,125
24.182028,120.632861,西屯,C0F9T0,2018-12-16T18:00:00+08:00,111.0,347,2.6,19.4,0.75,1005.5,-99,0.0,-99,-99,-99,臺中市,02,西屯區,125
24.182028,120.632861,西屯,C0F9T0,2018-12-16T19:00:00+08:00,111.0,338,2.0,19.5,0.73,1005.6,-99,0.0,-99,-99,-99,臺中市,02,西屯區,125
24.182028,120.632861,西屯,C0F9T0,2018-12-16T20:00:00+08:00,111.0,332,1.6,19.4,0.7,1006.0,-99,0.0,-99,-99,-99,臺中市,02,西屯區,125
24.182028,120.632861,西屯,C0F9T0,2018-12-16T21:00:00+08:00,111.0,334,1.3,19.6,0.64,1006.4,-99,0.0,-99,-99,-99,臺中市,02,西屯區,125
24.182028,120.632861,西屯,C0F9T0,2018-12-16T22:00:00+08:00,111.0,334,1.6,19.6,0.65,1006.2,-99,0.0,-99,-99,-99,臺中市,02,西屯區,125
24.182028,120.632861,西屯,C0F9T0,2018-12-16T23:00:00+08:00,111.0,2,1.1,19.1,0.71,1005.7,-99,0.0,-99,-99,-99,臺中市,02,西屯區,125
24.182028,120.632861,西屯,C0F9T0,2018-12-17T00:00:00+08:00,111.0,331,1.6,18.5,0.75,1005.4,-99,0.0,-99,-99,-99,臺中市,02,西屯區,125
24.182028,120.632861,西屯,C0F9T0,2018-12-17T01:00:00+08:00,111.0,340,2.9,18.3,0.79,1005.4,-99,0.0,-99,-99,-99,臺中市,02,西屯區,125
24.182028,120.632861,西屯,C0F9T0,2018-12-17T02:00:00+08:00,111.0,345,2.3,17.5,0.81,1005.2,-99,0.0,-99,-99,-99,臺中市,02,西屯區,125
24.182028,120.632861,西屯,C0F9T0,2018-12-17T03:00:00+08:00,111.0,342,2.9,16.8,0.8,1005.1,-99,0.0,-99,-99,-99,臺中市,02,西屯區,125
24.182028,120.632861,西屯,C0F9T0,2018-12-17T04:00:00+08:00,111.0,349,2.9,16.5,0.78,1005.4,-99,0.0,9.6,354,2018-12-17T03:19:00+08:00,臺中市,02,西屯區,125
24.182028,120.632861,西屯,C0F9T0,2018-12-17T05:00:00+08:00,111.0,339,2.9,16.4,0.77,1005.8,-99,0.0,-99,-99,-99,臺中市,02,西屯區,125
24.182028,120.632861,西屯,C0F9T0,2018-12-17T06:00:00+08:00,111.0,340,2.0,16.1,0.74,1006.2,-99,0.0,7.9,3,2018-12-17T05:31:00+08:00,臺中市,02,西屯區,125
24.182028,120.632861,西屯,C0F9T0,2018-12-17T07:00:00+08:00,111.0,330,2.7,16.1,0.65,1006.7,-99,0.0,-99,-99,-99,臺中市,02,西屯區,125
24.182028,120.632861,西屯,C0F9T0,2018-12-17T08:00:00+08:00,111.0,334,3.1,16.2,0.63,1007.7,-99,0.0,-99,-99,-99,臺中市,02,西屯區,125
24.182028,120.632861,西屯,C0F9T0,2018-12-17T09:00:00+08:00,111.0,330,1.8,17.0,0.58,1008.1,-99,0.0,-99,-99,-99,臺中市,02,西屯區,125
24.182028,120.632861,西屯,C0F9T0,2018-12-17T10:00:00+08:00,111.0,339,2.3,18.3,0.54,1008.1,-99,0.0,-99,-99,-99,臺中市,02,西屯區,125
24.182028,120.632861,西屯,C0F9T0,2018-12-17T11:00:00+08:00,111.0,328,3.4,18.7,0.54,1007.9,-99,0.0,9.1,350,2018-12-17T10:41:00+08:00,臺中市,02,西屯區,125
24.182028,120.632861,西屯,C0F9T0,2018-12-17T12:00:00+08:00,111.0,338,3.6,19.4,0.5,1007.0,-99,0.0,9.8,3,2018-12-17T11:28:00+08:00,臺中市,02,西屯區,125
24.182028,120.632861,西屯,C0F9T0,2018-12-17T13:00:00+08:00,111.0,334,3.5,20.4,0.41,1006.0,-99,0.0,9.7,354,2018-12-17T12:37:00+08:00,臺中市,02,西屯區,125
24.182028,120.632861,西屯,C0F9T0,2018-12-17T14:00:00+08:00,111.0,341,3.2,20.9,0.41,1005.6,-99,0.0,9.4,1,2018-12-17T13:13:00+08:00,臺中市,02,西屯區,125
24.182028,120.632861,西屯,C0F9T0,2018-12-17T15:00:00+08:00,111.0,316,2.7,20.8,0.44,1005.0,-99,0.0,9.0,347,2018-12-17T14:46:00+08:00,臺中市,02,西屯區,125
24.182028,120.632861,西屯,C0F9T0,2018-12-17T16:00:00+08:00,111.0,338,3.6,20.0,0.45,1005.0,-99,0.0,-99,-99,-99,臺中市,02,西屯區,125
24.182028,120.632861,西屯,C0F9T0,2018-12-17T18:00:00+08:00,111.0,328,2.8,17.3,0.52,1006.1,-99,0.0,-99,-99,-99,臺中市,02,西屯區,125
24.182028,120.632861,西屯,C0F9T0,2018-12-17T19:00:00+08:00,111.0,334,3.2,16.5,0.51,1006.6,-99,0.0,-99,-99,-99,臺中市,02,西屯區,125
24.182028,120.632861,西屯,C0F9T0,2018-12-17T20:00:00+08:00,111.0,331,2.4,15.9,0.52,1006.8,-99,0.0,-99,-99,-99,臺中市,02,西屯區,125
24.182028,120.632861,西屯,C0F9T0,2018-12-17T21:00:00+08:00,111.0,339,1.7,16.2,0.42,1006.9,-99,0.0,8.2,7,2018-12-17T20:44:00+08:00,臺中市,02,西屯區,125
24.182028,120.632861,西屯,C0F9T0,2018-12-17T22:00:00+08:00,111.0,33,1.9,16.6,0.26,1007.5,-99,0.0,-99,-99,-99,臺中市,02,西屯區,125
24.182028,120.632861,西屯,C0F9T0,2018-12-17T23:00:00+08:00,111.0,28,1.8,16.7,0.2,1007.5,-99,0.0,-99,-99,-99,臺中市,02,西屯區,125
24.182028,120.632861,西屯,C0F9T0,2018-12-18T00:00:00+08:00,111.0,22,1.0,16.7,0.17,1007.5,-99,0.0,-99,-99,-99,臺中市,02,西屯區,125
24.182028,120.632861,西屯,C0F9T0,2018-12-18T01:00:00+08:00,111.0,315,1.2,16.3,0.2,1007.2,-99,0.0,-99,-99,-99,臺中市,02,西屯區,125
24.182028,120.632861,西屯,C0F9T0,2018-12-18T02:00:00+08:00,111.0,350,1.6,15.7,0.24,1007.1,-99,0.0,-99,-99,-99,臺中市,02,西屯區,125
24.182028,120.632861,西屯,C0F9T0,2018-12-18T03:00:00+08:00,111.0,339,1.6,15.2,0.32,1006.8,-99,0.0,-99,-99,-99,臺中市,02,西屯區,125
24.182028,120.632861,西屯,C0F9T0,2018-12-18T04:00:00+08:00,111.0,337,1.5,14.7,0.38,1006.3,-99,0.0,-99,-99,-99,臺中市,02,西屯區,125
24.182028,120.632861,西屯,C0F9T0,2018-12-18T05:00:00+08:00,111.0,338,1.7,14.2,0.44,1006.8,-99,0.0,-99,-99,-99,臺中市,02,西屯區,125
24.182028,120.632861,西屯,C0F9T0,2018-12-18T06:00:00+08:00,111.0,330,0.9,14.0,0.47,1007.4,-99,0.0,-99,-99,-99,臺中市,02,西屯區,125
24.182028,120.632861,西屯,C0F9T0,2018-12-18T07:00:00+08:00,111.0,335,0.7,13.7,0.51,1007.9,-99,0.0,-99,-99,-99,臺中市,02,西屯區,125
24.182028,120.632861,西屯,C0F9T0,2018-12-18T08:00:00+08:00,111.0,320,0.9,14.4,0.53,1008.4,-99,0.0,-99,-99,-99,臺中市,02,西屯區,125
24.182028,120.632861,西屯,C0F9T0,2018-12-18T09:00:00+08:00,111.0,310,1.0,16.9,0.52,1008.6,-99,0.0,-99,-99,-99,臺中市,02,西屯區,125
24.182028,120.632861,西屯,C0F9T0,2018-12-18T10:00:00+08:00,111.0,0,0.0,20.7,0.47,1008.5,-99,0.0,-99,-99,-99,臺中市,02,西屯區,125
24.182028,120.632861,西屯,C0F9T0,2018-12-18T11:00:00+08:00,111.0,314,1.2,22.2,0.5,1008.3,-99,0.0,-99,-99,-99,臺中市,02,西屯區,125
24.182028,120.632861,西屯,C0F9T0,2018-12-18T12:00:00+08:00,111.0,269,0.9,22.6,0.54,1007.2,-99,0.0,-99,-99,-99,臺中市,02,西屯區,125
24.182028,120.632861,西屯,C0F9T0,2018-12-18T13:00:00+08:00,111.0,213,1.3,23.7,0.5,1005.9,-99,0.0,-99,-99,-99,臺中市,02,西屯區,125
24.182028,120.632861,西屯,C0F9T0,2018-12-18T14:00:00+08:00,111.0,273,1.9,24.0,0.44,1005.1,-99,0.0,-99,-99,-99,臺中市,02,西屯區,125
24.182028,120.632861,西屯,C0F9T0,2018-12-18T15:00:00+08:00,111.0,322,3.5,22.6,0.39,1005.2,-99,0.0,-99,-99,-99,臺中市,02,西屯區,125
24.182028,120.632861,西屯,C0F9T0,2018-12-18T16:00:00+08:00,111.0,336,2.0,22.3,0.45,1005.7,-99,0.0,-99,-99,-99,臺中市,02,西屯區,125
24.182028,120.632861,西屯,C0F9T0,2018-12-18T17:00:00+08:00,111.0,330,1.2,21.0,0.52,1006.1,-99,0.0,-99,-99,-99,臺中市,02,西屯區,125
24.182028,120.632861,西屯,C0F9T0,2018-12-18T18:00:00+08:00,111.0,302,0.5,19.7,0.59,1006.6,-99,0.0,-99,-99,-99,臺中市,02,西屯區,125
24.182028,120.632861,西屯,C0F9T0,2018-12-18T19:00:00+08:00,111.0,323,0.9,19.0,0.63,1007.0,-99,0.0,-99,-99,-99,臺中市,02,西屯區,125
24.182028,120.632861,西屯,C0F9T0,2018-12-18T20:00:00+08:00,111.0,343,0.7,18.7,0.62,1007.0,-99,0.0,-99,-99,-99,臺中市,02,西屯區,125
24.182028,120.632861,西屯,C0F9T0,2018-12-18T21:00:00+08:00,111.0,304,1.0,18.3,0.63,1006.9,-99,0.0,-99,-99,-99,臺中市,02,西屯區,125
24.182028,120.632861,西屯,C0F9T0,2018-12-18T22:00:00+08:00,111.0,345,1.0,17.6,0.67,1007.0,-99,0.0,-99,-99,-99,臺中市,02,西屯區,125
24.182028,120.632861,西屯,C0F9T0,2018-12-18T23:00:00+08:00,111.0,0,0.2,17.5,0.68,1007.0,-99,0.0,-99,-99,-99,臺中市,02,西屯區,125
24.182028,120.632861,西屯,C0F9T0,2018-12-19T00:00:00+08:00,111.0,317,0.3,16.6,0.72,1006.7,-99,0.0,-99,-99,-99,臺中市,02,西屯區,125
24.182028,120.632861,西屯,C0F9T0,2018-12-19T01:00:00+08:00,111.0,301,0.4,16.3,0.77,1006.8,-99,0.0,-99,-99,-99,臺中市,02,西屯區,125
24.182028,120.632861,西屯,C0F9T0,2018-12-19T02:00:00+08:00,111.0,298,0.6,16.4,0.76,1006.5,-99,0.0,-99,-99,-99,臺中市,02,西屯區,125
24.182028,120.632861,西屯,C0F9T0,2018-12-19T03:00:00+08:00,111.0,289,0.6,16.4,0.76,1006.0,-99,0.0,-99,-99,-99,臺中市,02,西屯區,125
24.182028,120.632861,西屯,C0F9T0,2018-12-19T04:00:00+08:00,111.0,298,0.8,16.0,0.79,1005.6,-99,0.0,-99,-99,-99,臺中市,02,西屯區,125
24.182028,120.632861,西屯,C0F9T0,2018-12-19T05:00:00+08:00,111.0,0,0.1,16.1,0.8,1006.0,-99,0.0,-99,-99,-99,臺中市,02,西屯區,125
24.182028,120.632861,西屯,C0F9T0,2018-12-19T06:00:00+08:00,111.0,0,0.2,16.2,0.79,1006.4,-99,0.0,-99,-99,-99,臺中市,02,西屯區,125
24.182028,120.632861,西屯,C0F9T0,2018-12-19T07:00:00+08:00,111.0,295,0.7,15.7,0.82,1007.0,-99,0.0,-99,-99,-99,臺中市,02,西屯區,125
24.182028,120.632861,西屯,C0F9T0,2018-12-19T08:00:00+08:00,111.0,298,0.6,16.5,0.79,1007.5,-99,0.0,-99,-99,-99,臺中市,02,西屯區,125
24.182028,120.632861,西屯,C0F9T0,2018-12-19T09:00:00+08:00,111.0,203,0.7,19.4,0.65,1007.9,-99,0.0,-99,-99,-99,臺中市,02,西屯區,125
24.182028,120.632861,西屯,C0F9T0,2018-12-19T10:00:00+08:00,111.0,169,1.8,21.2,0.6,1007.7,-99,0.0,-99,-99,-99,臺中市,02,西屯區,125
24.182028,120.632861,西屯,C0F9T0,2018-12-19T11:00:00+08:00,111.0,206,1.6,22.9,0.55,1007.3,-99,0.0,-99,-99,-99,臺中市,02,西屯區,125
24.182028,120.632861,西屯,C0F9T0,2018-12-19T12:00:00+08:00,111.0,205,2.3,23.6,0.53,1006.3,-99,0.0,8.4,197,2018-12-19T11:55:00+08:00,臺中市,02,西屯區,125
24.182028,120.632861,西屯,C0F9T0,2018-12-19T13:00:00+08:00,111.0,203,1.9,23.8,0.55,1005.2,-99,0.0,7.0,216,2018-12-19T12:22:00+08:00,臺中市,02,西屯區,125
24.182028,120.632861,西屯,C0F9T0,2018-12-19T14:00:00+08:00,111.0,223,1.6,24.0,0.51,1004.6,-99,0.0,-99,-99,-99,臺中市,02,西屯區,125
24.182028,120.632861,西屯,C0F9T0,2018-12-19T15:00:00+08:00,111.0,253,1.2,23.1,0.59,1004.2,-99,0.0,7.3,184,2018-12-19T14:41:00+08:00,臺中市,02,西屯區,125
24.182028,120.632861,西屯,C0F9T0,2018-12-19T17:00:00+08:00,111.0,244,0.6,20.7,0.62,1005.0,-99,0.0,-99,-99,-99,臺中市,02,西屯區,125
24.182028,120.632861,西屯,C0F9T0,2018-12-19T18:00:00+08:00,111.0,236,0.5,20.1,0.65,1005.1,-99,0.0,-99,-99,-99,臺中市,02,西屯區,125
24.182028,120.632861,西屯,C0F9T0,2018-12-19T19:00:00+08:00,111.0,300,0.9,19.4,0.73,1005.4,-99,0.0,-99,-99,-99,臺中市,02,西屯區,125
24.182028,120.632861,西屯,C0F9T0,2018-12-19T20:00:00+08:00,111.0,335,0.4,18.9,0.77,1005.8,-99,0.0,-99,-99,-99,臺中市,02,西屯區,125
24.182028,120.632861,西屯,C0F9T0,2018-12-19T21:00:00+08:00,111.0,344,1.2,18.4,0.81,1005.9,-99,0.0,-99,-99,-99,臺中市,02,西屯區,125
24.182028,120.632861,西屯,C0F9T0,2018-12-19T22:00:00+08:00,111.0,88,1.2,18.1,0.84,1006.0,-99,0.0,-99,-99,-99,臺中市,02,西屯區,125
24.182028,120.632861,西屯,C0F9T0,2018-12-19T23:00:00+08:00,111.0,304,0.8,17.4,0.85,1006.1,-99,0.0,-99,-99,-99,臺中市,02,西屯區,125
24.182028,120.632861,西屯,C0F9T0,2018-12-20T00:00:00+08:00,111.0,312,0.6,16.8,0.87,1006.0,-99,0.0,-99,-99,-99,臺中市,02,西屯區,125
24.182028,120.632861,西屯,C0F9T0,2018-12-20T01:00:00+08:00,111.0,305,0.9,16.6,0.87,1005.8,-99,0.0,-99,-99,-99,臺中市,02,西屯區,125
24.182028,120.632861,西屯,C0F9T0,2018-12-20T02:00:00+08:00,111.0,298,0.5,16.5,0.84,1005.0,-99,0.0,-99,-99,-99,臺中市,02,西屯區,125
24.182028,120.632861,西屯,C0F9T0,2018-12-20T03:00:00+08:00,111.0,282,0.8,16.2,0.83,1004.3,-99,0.0,-99,-99,-99,臺中市,02,西屯區,125
24.182028,120.632861,西屯,C0F9T0,2018-12-20T04:00:00+08:00,111.0,97,0.4,16.2,0.85,1003.7,-99,0.0,-99,-99,-99,臺中市,02,西屯區,125
24.182028,120.632861,西屯,C0F9T0,2018-12-20T05:00:00+08:00,111.0,276,0.5,15.6,0.86,1003.7,-99,0.0,-99,-99,-99,臺中市,02,西屯區,125
24.182028,120.632861,西屯,C0F9T0,2018-12-20T06:00:00+08:00,111.0,331,0.3,15.5,0.85,1004.3,-99,0.0,-99,-99,-99,臺中市,02,西屯區,125
24.182028,120.632861,西屯,C0F9T0,2018-12-20T07:00:00+08:00,111.0,0,0.2,15.4,0.83,1004.7,-99,0.0,-99,-99,-99,臺中市,02,西屯區,125
24.182028,120.632861,西屯,C0F9T0,2018-12-20T08:00:00+08:00,111.0,97,1.1,17.3,0.74,1005.0,-99,0.0,-99,-99,-99,臺中市,02,西屯區,125
24.182028,120.632861,西屯,C0F9T0,2018-12-20T09:00:00+08:00,111.0,0,0.2,19.3,0.66,1005.4,-99,0.0,-99,-99,-99,臺中市,02,西屯區,125
24.182028,120.632861,西屯,C0F9T0,2018-12-20T10:00:00+08:00,111.0,216,0.9,21.9,0.54,1005.0,-99,0.0,-99,-99,-99,臺中市,02,西屯區,125
24.182028,120.632861,西屯,C0F9T0,2018-12-20T11:00:00+08:00,111.0,213,0.8,24.1,0.44,1004.5,-99,0.0,-99,-99,-99,臺中市,02,西屯區,125
24.182028,120.632861,西屯,C0F9T0,2018-12-20T12:00:00+08:00,111.0,204,0.8,26.4,0.34,1003.0,-99,0.0,-99,-99,-99,臺中市,02,西屯區,125
24.182028,120.632861,西屯,C0F9T0,2018-12-20T13:00:00+08:00,111.0,152,1.5,27.7,0.29,1001.7,-99,0.0,-99,-99,-99,臺中市,02,西屯區,125
24.182028,120.632861,西屯,C0F9T0,2018-12-20T14:00:00+08:00,111.0,182,1.4,28.1,0.28,1001.1,-99,0.0,-99,-99,-99,臺中市,02,西屯區,125
24.182028,120.632861,西屯,C0F9T0,2018-12-20T15:00:00+08:00,111.0,292,2.0,27.6,0.33,1000.7,-99,0.0,-99,-99,-99,臺中市,02,西屯區,125
24.182028,120.632861,西屯,C0F9T0,2018-12-20T16:00:00+08:00,111.0,301,2.2,25.2,0.41,1001.1,-99,0.0,-99,-99,-99,臺中市,02,西屯區,125
24.182028,120.632861,西屯,C0F9T0,2018-12-20T17:00:00+08:00,111.0,341,2.1,23.3,0.53,1001.6,-99,0.0,-99,-99,-99,臺中市,02,西屯區,125
24.182028,120.632861,西屯,C0F9T0,2018-12-20T18:00:00+08:00,111.0,345,2.1,21.9,0.58,1002.5,-99,0.0,-99,-99,-99,臺中市,02,西屯區,125
24.182028,120.632861,西屯,C0F9T0,2018-12-20T19:00:00+08:00,111.0,309,0.7,21.2,0.62,1002.7,-99,0.0,-99,-99,-99,臺中市,02,西屯區,125
24.182028,120.632861,西屯,C0F9T0,2018-12-20T20:00:00+08:00,111.0,334,1.0,20.5,0.66,1003.0,-99,0.0,-99,-99,-99,臺中市,02,西屯區,125
24.182028,120.632861,西屯,C0F9T0,2018-12-20T21:00:00+08:00,111.0,351,0.8,20.5,0.65,1003.1,-99,0.0,-99,-99,-99,臺中市,02,西屯區,125
24.182028,120.632861,西屯,C0F9T0,2018-12-20T22:00:00+08:00,111.0,276,0.7,20.7,0.62,1003.4,-99,0.0,-99,-99,-99,臺中市,02,西屯區,125
24.182028,120.632861,西屯,C0F9T0,2018-12-20T23:00:00+08:00,111.0,345,0.6,20.4,0.6,1004.0,-99,0.0,-99,-99,-99,臺中市,02,西屯區,125
24.182028,120.632861,西屯,C0F9T0,2018-12-21T00:00:00+08:00,111.0,332,0.9,20.0,0.65,1003.9,-99,0.0,-99,-99,-99,臺中市,02,西屯區,125
24.182028,120.632861,西屯,C0F9T0,2018-12-21T01:00:00+08:00,111.0,308,0.3,19.6,0.66,1003.7,-99,0.0,-99,-99,-99,臺中市,02,西屯區,125
24.182028,120.632861,西屯,C0F9T0,2018-12-21T02:00:00+08:00,111.0,0,0.1,19.3,0.69,1003.4,-99,0.0,-99,-99,-99,臺中市,02,西屯區,125
24.182028,120.632861,西屯,C0F9T0,2018-12-21T03:00:00+08:00,111.0,0,0.0,19.1,0.71,1003.1,-99,0.0,-99,-99,-99,臺中市,02,西屯區,125
24.182028,120.632861,西屯,C0F9T0,2018-12-21T04:00:00+08:00,111.0,290,0.4,18.1,0.76,1002.7,-99,0.0,-99,-99,-99,臺中市,02,西屯區,125
24.182028,120.632861,西屯,C0F9T0,2018-12-21T05:00:00+08:00,111.0,360,0.9,18.0,0.74,1002.9,-99,0.0,-99,-99,-99,臺中市,02,西屯區,125
24.182028,120.632861,西屯,C0F9T0,2018-12-21T06:00:00+08:00,111.0,318,0.8,17.8,0.74,1003.3,-99,0.0,-99,-99,-99,臺中市,02,西屯區,125
24.182028,120.632861,西屯,C0F9T0,2018-12-21T08:00:00+08:00,111.0,0,0.1,18.9,0.69,1004.4,-99,0.0,-99,-99,-99,臺中市,02,西屯區,125
24.182028,120.632861,西屯,C0F9T0,2018-12-21T10:00:00+08:00,111.0,304,1.6,22.4,0.57,1004.8,-99,0.0,-99,-99,-99,臺中市,02,西屯區,125
24.182028,120.632861,西屯,C0F9T0,2018-12-21T11:00:00+08:00,111.0,329,2.5,23.0,0.68,1004.1,-99,0.0,-99,-99,-99,臺中市,02,西屯區,125
24.182028,120.632861,西屯,C0F9T0,2018-12-21T12:00:00+08:00,111.0,306,1.4,23.4,0.68,1003.3,-99,0.0,-99,-99,-99,臺中市,02,西屯區,125
24.182028,120.632861,西屯,C0F9T0,2018-12-21T13:00:00+08:00,111.0,309,2.8,23.7,0.7,1002.1,-99,0.0,-99,-99,-99,臺中市,02,西屯區,125
24.182028,120.632861,西屯,C0F9T0,2018-12-21T14:00:00+08:00,111.0,318,3.8,23.0,0.75,1001.7,-99,0.0,-99,-99,-99,臺中市,02,西屯區,125
24.182028,120.632861,西屯,C0F9T0,2018-12-13T18:00:00+08:00,111.0,336,1.6,18.1,0.76,1008.8,-99,0.0,-99,-99,-99,臺中市,02,西屯區,125
24.182028,120.632861,西屯,C0F9T0,2018-12-13T14:00:00+08:00,111.0,342,3.0,21.5,0.64,1007.7,-99,0.0,-99,-99,-99,臺中市,02,西屯區,125
24.182028,120.632861,西屯,C0F9T0,2018-12-13T11:00:00+08:00,111.0,51,1.2,20.7,0.66,1009.3,-99,0.0,-99,-99,-99,臺中市,02,西屯區,125
24.182028,120.632861,西屯,C0F9T0,2018-12-21T14:00:00+08:00,111.0,318,3.8,23.0,0.75,1001.7,-99,0.0,-99,-99,-99,臺中市,02,西屯區,125
24.182028,120.632861,西屯,C0F9T0,2018-12-21T15:00:00+08:00,111.0,317,3.4,22.0,0.81,1001.3,-99,0.0,-99,-99,-99,臺中市,02,西屯區,125
24.182028,120.632861,西屯,C0F9T0,2018-12-21T16:00:00+08:00,111.0,298,2.1,21.6,0.84,1001.4,-99,0.0,-99,-99,-99,臺中市,02,西屯區,125
24.182028,120.632861,西屯,C0F9T0,2018-12-21T17:00:00+08:00,111.0,317,2.7,21.2,0.86,1001.9,-99,0.0,-99,-99,-99,臺中市,02,西屯區,125
24.182028,120.632861,西屯,C0F9T0,2018-12-21T18:00:00+08:00,111.0,311,2.1,20.9,0.89,1002.2,-99,0.0,-99,-99,-99,臺中市,02,西屯區,125
24.182028,120.632861,西屯,C0F9T0,2018-12-21T19:00:00+08:00,111.0,316,1.3,20.7,0.9,1002.7,-99,0.0,-99,-99,-99,臺中市,02,西屯區,125
24.182028,120.632861,西屯,C0F9T0,2018-12-21T20:00:00+08:00,111.0,342,1.0,20.6,0.91,1002.8,-99,0.0,-99,-99,-99,臺中市,02,西屯區,125
24.182028,120.632861,西屯,C0F9T0,2018-12-21T21:00:00+08:00,111.0,348,0.7,20.9,0.9,1002.8,-99,0.0,-99,-99,-99,臺中市,02,西屯區,125
24.182028,120.632861,西屯,C0F9T0,2018-12-21T22:00:00+08:00,111.0,296,0.3,20.9,0.9,1002.9,-99,0.0,-99,-99,-99,臺中市,02,西屯區,125
24.182028,120.632861,西屯,C0F9T0,2018-12-21T23:00:00+08:00,111.0,211,0.8,21.1,0.88,1003.2,-99,0.0,-99,-99,-99,臺中市,02,西屯區,125
24.182028,120.632861,西屯,C0F9T0,2018-12-22T00:00:00+08:00,111.0,195,0.4,21.3,0.86,1003.4,-99,0.0,-99,-99,-99,臺中市,02,西屯區,125
24.182028,120.632861,西屯,C0F9T0,2018-12-22T01:00:00+08:00,111.0,159,1.4,21.0,0.87,1003.4,-99,0.0,-99,-99,-99,臺中市,02,西屯區,125
24.182028,120.632861,西屯,C0F9T0,2018-12-22T02:00:00+08:00,111.0,286,0.4,20.5,0.89,1003.3,-99,0.0,-99,-99,-99,臺中市,02,西屯區,125
24.182028,120.632861,西屯,C0F9T0,2018-12-22T03:00:00+08:00,111.0,299,1.0,20.0,0.91,1003.3,-99,0.0,-99,-99,-99,臺中市,02,西屯區,125
24.182028,120.632861,西屯,C0F9T0,2018-12-22T04:00:00+08:00,111.0,0,0.1,19.5,0.93,1003.1,-99,0.0,-99,-99,-99,臺中市,02,西屯區,125
24.182028,120.632861,西屯,C0F9T0,2018-12-22T05:00:00+08:00,111.0,310,0.3,19.7,0.93,1003.4,-99,0.0,-99,-99,-99,臺中市,02,西屯區,125
24.182028,120.632861,西屯,C0F9T0,2018-12-22T06:00:00+08:00,111.0,320,0.4,19.7,0.93,1003.7,-99,0.0,-99,-99,-99,臺中市,02,西屯區,125
24.182028,120.632861,西屯,C0F9T0,2018-12-22T07:00:00+08:00,111.0,337,1.5,19.5,0.93,1004.0,-99,0.0,-99,-99,-99,臺中市,02,西屯區,125
24.182028,120.632861,西屯,C0F9T0,2018-12-22T08:00:00+08:00,111.0,358,1.0,19.7,0.93,1004.6,-99,0.0,-99,-99,-99,臺中市,02,西屯區,125
24.182028,120.632861,西屯,C0F9T0,2018-12-22T09:00:00+08:00,111.0,354,1.2,20.9,0.85,1005.0,-99,0.0,-99,-99,-99,臺中市,02,西屯區,125
24.182028,120.632861,西屯,C0F9T0,2018-12-22T10:00:00+08:00,111.0,316,1.3,22.5,0.76,1004.7,-99,0.0,-99,-99,-99,臺中市,02,西屯區,125
24.182028,120.632861,西屯,C0F9T0,2018-12-22T11:00:00+08:00,111.0,303,1.8,24.0,0.67,1004.0,-99,0.0,-99,-99,-99,臺中市,02,西屯區,125
24.182028,120.632861,西屯,C0F9T0,2018-12-22T12:00:00+08:00,111.0,310,2.3,24.6,0.67,1003.1,-99,0.0,-99,-99,-99,臺中市,02,西屯區,125
24.182028,120.632861,西屯,C0F9T0,2018-12-22T15:00:00+08:00,111.0,319,2.5,24.5,0.73,1001.7,-99,0.0,-99,-99,-99,臺中市,02,西屯區,125
24.182028,120.632861,西屯,C0F9T0,2018-12-22T16:00:00+08:00,111.0,317,2.8,24.0,0.76,1001.9,-99,0.0,-99,-99,-99,臺中市,02,西屯區,125
24.182028,120.632861,西屯,C0F9T0,2018-12-21T18:00:00+08:00,111.0,311,2.1,20.9,0.89,1002.2,-99,0.0,-99,-99,-99,臺中市,02,西屯區,125
24.182028,120.632861,西屯,C0F9T0,2018-12-22T17:00:00+08:00,111.0,321,3.4,22.8,0.82,1002.1,-99,0.0,-99,-99,-99,臺中市,02,西屯區,125
24.182028,120.632861,西屯,C0F9T0,2018-12-22T16:00:00+08:00,111.0,317,2.8,24.0,0.76,1001.9,-99,0.0,-99,-99,-99,臺中市,02,西屯區,125
24.182028,120.632861,西屯,C0F9T0,2018-12-22T18:00:00+08:00,111.0,324,1.7,21.0,0.91,1002.7,-99,0.0,-99,-99,-99,臺中市,02,西屯區,125
24.182028,120.632861,西屯,C0F9T0,2018-12-23T08:00:00+08:00,111.0,323,1.9,21.8,0.88,1003.2,-99,0.0,-99,-99,-99,臺中市,02,西屯區,125
24.182028,120.632861,西屯,C0F9T0,2018-12-23T09:00:00+08:00,111.0,327,2.7,22.4,0.87,1003.6,-99,0.0,-99,-99,-99,臺中市,02,西屯區,125
24.182028,120.632861,西屯,C0F9T0,2018-12-23T10:00:00+08:00,111.0,340,2.9,22.9,0.83,1003.4,-99,0.0,-99,-99,-99,臺中市,02,西屯區,125
24.182028,120.632861,西屯,C0F9T0,2018-12-23T11:00:00+08:00,111.0,347,2.0,23.6,0.81,1002.3,-99,0.0,-99,-99,-99,臺中市,02,西屯區,125
24.182028,120.632861,西屯,C0F9T0,2018-12-23T12:00:00+08:00,111.0,323,1.5,24.4,0.78,1001.6,-99,0.0,-99,-99,-99,臺中市,02,西屯區,125
24.182028,120.632861,西屯,C0F9T0,2018-12-23T13:00:00+08:00,111.0,325,1.7,24.6,0.76,1001.0,-99,0.0,-99,-99,-99,臺中市,02,西屯區,125
24.182028,120.632861,西屯,C0F9T0,2018-12-23T14:00:00+08:00,111.0,348,3.7,24.5,0.7,1000.4,-99,0.0,-99,-99,-99,臺中市,02,西屯區,125
24.182028,120.632861,西屯,C0F9T0,2018-12-23T15:00:00+08:00,111.0,320,2.9,22.0,0.75,1000.5,-99,0.0,-99,-99,-99,臺中市,02,西屯區,125
24.182028,120.632861,西屯,C0F9T0,2018-12-23T16:00:00+08:00,111.0,326,2.4,20.8,0.79,1001.2,-99,0.0,-99,-99,-99,臺中市,02,西屯區,125
24.182028,120.632861,西屯,C0F9T0,2018-12-23T17:00:00+08:00,111.0,310,2.7,19.6,0.84,1002.2,-99,0.0,8.0,360,2018-12-23T16:22:00+08:00,臺中市,02,西屯區,125
24.182028,120.632861,西屯,C0F9T0,2018-12-23T18:00:00+08:00,111.0,333,1.3,18.5,0.92,1002.4,-99,3.0,-99,-99,-99,臺中市,02,西屯區,125
24.182028,120.632861,西屯,C0F9T0,2018-12-23T19:00:00+08:00,111.0,337,1.9,18.6,0.93,1002.3,-99,3.5,-99,-99,-99,臺中市,02,西屯區,125
24.182028,120.632861,西屯,C0F9T0,2018-12-23T20:00:00+08:00,111.0,313,2.3,18.1,0.94,1002.5,-99,4.0,-99,-99,-99,臺中市,02,西屯區,125
24.182028,120.632861,西屯,C0F9T0,2018-12-23T21:00:00+08:00,111.0,316,2.3,17.9,0.94,1003.1,-99,4.0,-99,-99,-99,臺中市,02,西屯區,125
24.182028,120.632861,西屯,C0F9T0,2018-12-23T22:00:00+08:00,111.0,342,2.8,17.8,0.95,1002.8,-99,5.5,-99,-99,-99,臺中市,02,西屯區,125
24.182028,120.632861,西屯,C0F9T0,2018-12-23T23:00:00+08:00,111.0,336,2.1,17.8,0.94,1002.8,-99,5.5,-99,-99,-99,臺中市,02,西屯區,125
24.182028,120.632861,西屯,C0F9T0,2018-12-24T00:00:00+08:00,111.0,335,2.6,18.0,0.93,1002.9,-99,5.5,-99,-99,-99,臺中市,02,西屯區,125
24.182028,120.632861,西屯,C0F9T0,2018-12-24T01:00:00+08:00,111.0,346,3.2,17.7,0.91,1003.2,-99,0.0,-99,-99,-99,臺中市,02,西屯區,125
24.182028,120.632861,西屯,C0F9T0,2018-12-24T02:00:00+08:00,111.0,318,2.4,17.7,0.88,1002.7,-99,0.0,-99,-99,-99,臺中市,02,西屯區,125
24.182028,120.632861,西屯,C0F9T0,2018-12-24T03:00:00+08:00,111.0,348,3.0,17.4,0.87,1002.3,-99,0.0,-99,-99,-99,臺中市,02,西屯區,125
24.182028,120.632861,西屯,C0F9T0,2018-12-24T04:00:00+08:00,111.0,332,3.0,16.8,0.87,1002.2,-99,0.0,-99,-99,-99,臺中市,02,西屯區,125
24.182028,120.632861,西屯,C0F9T0,2018-12-24T05:00:00+08:00,111.0,333,2.5,16.6,0.86,1002.3,-99,0.0,-99,-99,-99,臺中市,02,西屯區,125
24.182028,120.632861,西屯,C0F9T0,2018-12-24T06:00:00+08:00,111.0,336,2.6,16.7,0.84,1002.8,-99,0.0,-99,-99,-99,臺中市,02,西屯區,125
24.182028,120.632861,西屯,C0F9T0,2018-12-24T07:00:00+08:00,111.0,338,2.5,16.3,0.83,1003.7,-99,0.0,8.3,354,2018-12-24T06:39:00+08:00,臺中市,02,西屯區,125
24.182028,120.632861,西屯,C0F9T0,2018-12-24T08:00:00+08:00,111.0,345,2.1,16.8,0.8,1003.8,-99,0.0,-99,-99,-99,臺中市,02,西屯區,125
24.182028,120.632861,西屯,C0F9T0,2018-12-24T09:00:00+08:00,111.0,334,2.8,17.4,0.78,1004.3,-99,0.0,-99,-99,-99,臺中市,02,西屯區,125
24.182028,120.632861,西屯,C0F9T0,2018-12-24T10:00:00+08:00,111.0,344,3.6,17.6,0.77,1004.2,-99,0.0,-99,-99,-99,臺中市,02,西屯區,125
24.182028,120.632861,西屯,C0F9T0,2018-12-24T12:00:00+08:00,111.0,333,2.7,21.0,0.67,1001.6,-99,0.0,-99,-99,-99,臺中市,02,西屯區,125
24.182028,120.632861,西屯,C0F9T0,2018-12-24T13:00:00+08:00,111.0,311,3.4,21.6,0.64,1000.7,-99,0.0,-99,-99,-99,臺中市,02,西屯區,125
24.182028,120.632861,西屯,C0F9T0,2018-12-24T14:00:00+08:00,111.0,321,3.5,21.6,0.65,1000.4,-99,0.0,-99,-99,-99,臺中市,02,西屯區,125
24.182028,120.632861,西屯,C0F9T0,2018-12-24T15:00:00+08:00,111.0,332,2.4,21.4,0.66,1000.2,-99,0.0,9.6,360,2018-12-24T14:22:00+08:00,臺中市,02,西屯區,125
24.182028,120.632861,西屯,C0F9T0,2018-12-24T16:00:00+08:00,111.0,340,3.5,20.7,0.69,1000.3,-99,0.0,-99,-99,-99,臺中市,02,西屯區,125
24.182028,120.632861,西屯,C0F9T0,2018-12-24T17:00:00+08:00,111.0,327,1.8,20.0,0.72,1000.3,-99,0.0,-99,-99,-99,臺中市,02,西屯區,125
24.182028,120.632861,西屯,C0F9T0,2018-12-24T18:00:00+08:00,111.0,336,2.3,18.9,0.76,1000.3,-99,0.0,-99,-99,-99,臺中市,02,西屯區,125
24.182028,120.632861,西屯,C0F9T0,2018-12-24T19:00:00+08:00,111.0,305,2.0,18.2,0.8,1000.6,-99,0.0,-99,-99,-99,臺中市,02,西屯區,125
24.182028,120.632861,西屯,C0F9T0,2018-12-24T20:00:00+08:00,111.0,300,1.3,18.0,0.82,1001.1,-99,0.0,-99,-99,-99,臺中市,02,西屯區,125
24.182028,120.632861,西屯,C0F9T0,2018-12-24T21:00:00+08:00,111.0,347,1.8,17.9,0.81,1001.5,-99,0.0,-99,-99,-99,臺中市,02,西屯區,125
24.182028,120.632861,西屯,C0F9T0,2018-12-24T22:00:00+08:00,111.0,311,1.7,17.8,0.82,1001.3,-99,0.0,-99,-99,-99,臺中市,02,西屯區,125
24.182028,120.632861,西屯,C0F9T0,2018-12-24T23:00:00+08:00,111.0,329,1.3,17.7,0.83,1001.1,-99,0.0,-99,-99,-99,臺中市,02,西屯區,125
24.182028,120.632861,西屯,C0F9T0,2018-12-25T00:00:00+08:00,111.0,0,0.1,18.2,0.82,1000.7,-99,0.0,-99,-99,-99,臺中市,02,西屯區,125
24.182028,120.632861,西屯,C0F9T0,2018-12-25T01:00:00+08:00,111.0,332,0.9,18.2,0.82,1000.7,-99,0.0,-99,-99,-99,臺中市,02,西屯區,125
24.182028,120.632861,西屯,C0F9T0,2018-12-25T02:00:00+08:00,111.0,314,1.1,18.2,0.82,1000.5,-99,0.0,-99,-99,-99,臺中市,02,西屯區,125
24.182028,120.632861,西屯,C0F9T0,2018-12-25T03:00:00+08:00,111.0,310,1.1,18.3,0.8,1000.6,-99,0.0,-99,-99,-99,臺中市,02,西屯區,125
24.182028,120.632861,西屯,C0F9T0,2018-12-25T04:00:00+08:00,111.0,335,1.3,18.3,0.81,1000.5,-99,0.0,-99,-99,-99,臺中市,02,西屯區,125
24.182028,120.632861,西屯,C0F9T0,2018-12-25T05:00:00+08:00,111.0,346,0.6,18.3,0.83,1000.5,-99,0.0,-99,-99,-99,臺中市,02,西屯區,125
24.182028,120.632861,西屯,C0F9T0,2018-12-25T06:00:00+08:00,111.0,323,1.1,18.6,0.83,1000.9,-99,0.0,-99,-99,-99,臺中市,02,西屯區,125
24.182028,120.632861,西屯,C0F9T0,2018-12-25T07:00:00+08:00,111.0,330,1.7,18.6,0.85,1000.9,-99,0.0,-99,-99,-99,臺中市,02,西屯區,125
24.182028,120.632861,西屯,C0F9T0,2018-12-25T08:00:00+08:00,111.0,322,1.0,19.6,0.83,1001.0,-99,0.0,-99,-99,-99,臺中市,02,西屯區,125
24.182028,120.632861,西屯,C0F9T0,2018-12-25T09:00:00+08:00,111.0,338,1.3,20.5,0.79,1001.2,-99,0.0,-99,-99,-99,臺中市,02,西屯區,125
24.182028,120.632861,西屯,C0F9T0,2018-12-25T10:00:00+08:00,111.0,322,2.1,21.7,0.76,1001.1,-99,0.0,-99,-99,-99,臺中市,02,西屯區,125
24.182028,120.632861,西屯,C0F9T0,2018-12-25T11:00:00+08:00,111.0,341,1.4,23.9,0.68,1000.2,-99,0.0,-99,-99,-99,臺中市,02,西屯區,125
24.182028,120.632861,西屯,C0F9T0,2018-12-25T12:00:00+08:00,111.0,320,2.5,25.3,0.64,999.5,-99,0.0,-99,-99,-99,臺中市,02,西屯區,125
24.182028,120.632861,西屯,C0F9T0,2018-12-25T13:00:00+08:00,111.0,342,2.6,23.0,0.78,999.1,-99,0.0,-99,-99,-99,臺中市,02,西屯區,125
24.182028,120.632861,西屯,C0F9T0,2018-12-25T14:00:00+08:00,111.0,313,3.3,22.6,0.8,998.7,-99,0.0,-99,-99,-99,臺中市,02,西屯區,125
24.182028,120.632861,西屯,C0F9T0,2018-12-25T15:00:00+08:00,111.0,346,2.5,21.8,0.85,998.7,-99,0.0,8.5,354,2018-12-25T14:22:00+08:00,臺中市,02,西屯區,125
24.182028,120.632861,西屯,C0F9T0,2018-12-25T16:00:00+08:00,111.0,324,2.9,21.3,0.88,999.0,-99,0.0,-99,-99,-99,臺中市,02,西屯區,125
24.182028,120.632861,西屯,C0F9T0,2018-12-25T17:00:00+08:00,111.0,325,2.4,20.8,0.92,999.5,-99,0.0,-99,-99,-99,臺中市,02,西屯區,125
24.182028,120.632861,西屯,C0F9T0,2018-12-25T18:00:00+08:00,111.0,340,2.1,20.3,0.95,999.7,-99,0.0,-99,-99,-99,臺中市,02,西屯區,125
24.182028,120.632861,西屯,C0F9T0,2018-12-25T19:00:00+08:00,111.0,342,2.3,20.0,0.96,999.9,-99,0.0,-99,-99,-99,臺中市,02,西屯區,125
24.182028,120.632861,西屯,C0F9T0,2018-12-25T20:00:00+08:00,111.0,326,1.9,19.8,0.97,1000.0,-99,0.0,-99,-99,-99,臺中市,02,西屯區,125
24.182028,120.632861,西屯,C0F9T0,2018-12-25T21:00:00+08:00,111.0,342,1.7,19.6,0.97,1000.0,-99,0.0,-99,-99,-99,臺中市,02,西屯區,125
24.182028,120.632861,西屯,C0F9T0,2018-12-25T22:00:00+08:00,111.0,345,2.4,19.7,0.97,1000.2,-99,0.0,-99,-99,-99,臺中市,02,西屯區,125
24.182028,120.632861,西屯,C0F9T0,2018-12-25T23:00:00+08:00,111.0,339,2.4,19.7,0.96,1000.3,-99,0.0,-99,-99,-99,臺中市,02,西屯區,125
24.182028,120.632861,西屯,C0F9T0,2018-12-26T00:00:00+08:00,111.0,350,2.1,19.7,0.97,1000.0,-99,0.0,-99,-99,-99,臺中市,02,西屯區,125
24.182028,120.632861,西屯,C0F9T0,2018-12-26T01:00:00+08:00,111.0,353,1.9,19.8,0.97,999.7,-99,0.0,-99,-99,-99,臺中市,02,西屯區,125
24.182028,120.632861,西屯,C0F9T0,2018-12-26T02:00:00+08:00,111.0,330,1.7,19.6,0.96,999.5,-99,0.0,-99,-99,-99,臺中市,02,西屯區,125
24.182028,120.632861,西屯,C0F9T0,2018-12-26T03:00:00+08:00,111.0,334,2.7,19.3,0.96,999.3,-99,0.0,-99,-99,-99,臺中市,02,西屯區,125
24.182028,120.632861,西屯,C0F9T0,2018-12-26T04:00:00+08:00,111.0,329,2.5,19.4,0.95,999.1,-99,0.0,-99,-99,-99,臺中市,02,西屯區,125
24.182028,120.632861,西屯,C0F9T0,2018-12-26T05:00:00+08:00,111.0,346,2.8,19.4,0.95,999.2,-99,0.0,-99,-99,-99,臺中市,02,西屯區,125
24.182028,120.632861,西屯,C0F9T0,2018-12-26T06:00:00+08:00,111.0,337,1.8,19.2,0.95,999.3,-99,0.0,-99,-99,-99,臺中市,02,西屯區,125
24.182028,120.632861,西屯,C0F9T0,2018-12-26T07:00:00+08:00,111.0,324,2.0,19.1,0.96,999.6,-99,0.0,-99,-99,-99,臺中市,02,西屯區,125
24.182028,120.632861,西屯,C0F9T0,2018-12-26T08:00:00+08:00,111.0,328,2.3,19.3,0.95,1000.3,-99,0.0,-99,-99,-99,臺中市,02,西屯區,125
24.182028,120.632861,西屯,C0F9T0,2018-12-26T09:00:00+08:00,111.0,350,1.7,20.3,0.9,1000.6,-99,0.0,-99,-99,-99,臺中市,02,西屯區,125
24.182028,120.632861,西屯,C0F9T0,2018-12-26T10:00:00+08:00,111.0,310,2.2,21.6,0.83,1000.2,-99,0.0,-99,-99,-99,臺中市,02,西屯區,125
24.182028,120.632861,西屯,C0F9T0,2018-12-26T11:00:00+08:00,111.0,334,1.9,23.1,0.77,999.1,-99,0.0,-99,-99,-99,臺中市,02,西屯區,125
24.182028,120.632861,西屯,C0F9T0,2018-12-26T12:00:00+08:00,111.0,323,3.8,22.3,0.81,998.5,-99,0.0,-99,-99,-99,臺中市,02,西屯區,125
24.182028,120.632861,西屯,C0F9T0,2018-12-26T13:00:00+08:00,111.0,328,3.3,22.6,0.8,997.7,-99,0.0,8.6,328,2018-12-26T12:09:00+08:00,臺中市,02,西屯區,125
24.182028,120.632861,西屯,C0F9T0,2018-12-26T14:00:00+08:00,111.0,335,3.4,22.1,0.82,997.5,-99,0.0,-99,-99,-99,臺中市,02,西屯區,125
24.182028,120.632861,西屯,C0F9T0,2018-12-26T15:00:00+08:00,111.0,320,3.6,21.4,0.86,997.6,-99,0.0,9.0,339,2018-12-26T14:22:00+08:00,臺中市,02,西屯區,125
24.182028,120.632861,西屯,C0F9T0,2018-12-26T16:00:00+08:00,111.0,330,3.1,20.9,0.87,998.0,-99,0.0,-99,-99,-99,臺中市,02,西屯區,125
24.182028,120.632861,西屯,C0F9T0,2018-12-26T17:00:00+08:00,111.0,328,2.3,20.9,0.84,998.6,-99,0.0,-99,-99,-99,臺中市,02,西屯區,125
24.182028,120.632861,西屯,C0F9T0,2018-12-26T18:00:00+08:00,111.0,327,2.4,20.6,0.84,998.8,-99,0.0,-99,-99,-99,臺中市,02,西屯區,125
24.182028,120.632861,西屯,C0F9T0,2018-12-26T19:00:00+08:00,111.0,337,1.6,20.6,0.83,999.1,-99,0.0,-99,-99,-99,臺中市,02,西屯區,125
24.182028,120.632861,西屯,C0F9T0,2018-12-26T20:00:00+08:00,111.0,324,2.1,20.1,0.85,999.3,-99,0.0,-99,-99,-99,臺中市,02,西屯區,125
24.182028,120.632861,西屯,C0F9T0,2018-12-26T21:00:00+08:00,111.0,340,1.8,20.0,0.86,999.7,-99,0.0,-99,-99,-99,臺中市,02,西屯區,125
24.182028,120.632861,西屯,C0F9T0,2018-12-26T22:00:00+08:00,111.0,331,2.3,20.0,0.85,1000.0,-99,0.0,-99,-99,-99,臺中市,02,西屯區,125
24.182028,120.632861,西屯,C0F9T0,2018-12-26T23:00:00+08:00,111.0,321,2.3,19.9,0.85,1000.2,-99,0.0,-99,-99,-99,臺中市,02,西屯區,125
24.182028,120.632861,西屯,C0F9T0,2018-12-27T00:00:00+08:00,111.0,341,1.9,19.6,0.86,1000.2,-99,0.0,-99,-99,-99,臺中市,02,西屯區,125
24.182028,120.632861,西屯,C0F9T0,2018-12-27T01:00:00+08:00,111.0,339,2.1,19.4,0.86,1000.0,-99,0.0,-99,-99,-99,臺中市,02,西屯區,125
24.182028,120.632861,西屯,C0F9T0,2018-12-27T02:00:00+08:00,111.0,332,1.6,19.3,0.86,1000.0,-99,0.0,-99,-99,-99,臺中市,02,西屯區,125
24.182028,120.632861,西屯,C0F9T0,2018-12-27T03:00:00+08:00,111.0,327,3.6,18.8,0.88,1000.7,-99,0.0,-99,-99,-99,臺中市,02,西屯區,125
24.182028,120.632861,西屯,C0F9T0,2018-12-27T05:00:00+08:00,111.0,333,2.8,18.3,0.85,1001.1,-99,0.0,-99,-99,-99,臺中市,02,西屯區,125
24.182028,120.632861,西屯,C0F9T0,2018-12-27T06:00:00+08:00,111.0,351,3.5,18.0,0.83,1001.5,-99,0.0,10.8,345,2018-12-27T05:58:00+08:00,臺中市,02,西屯區,125
24.182028,120.632861,西屯,C0F9T0,2018-12-27T07:00:00+08:00,111.0,352,2.3,17.9,0.82,1002.0,-99,0.0,8.3,6,2018-12-27T06:12:00+08:00,臺中市,02,西屯區,125
24.182028,120.632861,西屯,C0F9T0,2018-12-27T08:00:00+08:00,111.0,324,2.8,18.3,0.78,1002.2,-99,0.0,8.2,353,2018-12-27T07:42:00+08:00,臺中市,02,西屯區,125
24.182028,120.632861,西屯,C0F9T0,2018-12-27T09:00:00+08:00,111.0,359,4.1,19.3,0.72,1002.4,-99,0.0,10.9,67,2018-12-27T08:45:00+08:00,臺中市,02,西屯區,125
24.182028,120.632861,西屯,C0F9T0,2018-12-27T10:00:00+08:00,111.0,24,2.3,20.2,0.7,1001.9,-99,0.0,11.2,19,2018-12-27T09:08:00+08:00,臺中市,02,西屯區,125
24.182028,120.632861,西屯,C0F9T0,2018-12-27T11:00:00+08:00,111.0,344,3.8,20.6,0.68,1001.0,-99,0.0,11.9,350,2018-12-27T10:17:00+08:00,臺中市,02,西屯區,125
24.182028,120.632861,西屯,C0F9T0,2018-12-27T12:00:00+08:00,111.0,345,2.5,20.7,0.69,1000.3,-99,0.0,11.0,5,2018-12-27T11:41:00+08:00,臺中市,02,西屯區,125
24.182028,120.632861,西屯,C0F9T0,2018-12-27T13:00:00+08:00,111.0,344,3.9,20.1,0.7,999.6,-99,0.0,11.1,17,2018-12-27T12:17:00+08:00,臺中市,02,西屯區,125
24.182028,120.632861,西屯,C0F9T0,2018-12-27T14:00:00+08:00,111.0,338,4.3,19.9,0.69,999.4,-99,0.0,11.6,62,2018-12-27T13:11:00+08:00,臺中市,02,西屯區,125
24.182028,120.632861,西屯,C0F9T0,2018-12-27T16:00:00+08:00,111.0,27,2.7,18.6,0.72,1000.7,-99,0.0,12.5,60,2018-12-27T15:46:00+08:00,臺中市,02,西屯區,125
24.182028,120.632861,西屯,C0F9T0,2018-12-27T17:00:00+08:00,111.0,2,3.5,17.6,0.75,1001.5,-99,0.0,10.0,74,2018-12-27T16:16:00+08:00,臺中市,02,西屯區,125
24.182028,120.632861,西屯,C0F9T0,2018-12-27T18:00:00+08:00,111.0,357,2.4,17.1,0.76,1001.7,-99,0.0,10.1,351,2018-12-27T17:08:00+08:00,臺中市,02,西屯區,125
24.182028,120.632861,西屯,C0F9T0,2018-12-27T19:00:00+08:00,111.0,342,2.6,17.1,0.76,1002.3,-99,0.0,7.7,355,2018-12-27T18:19:00+08:00,臺中市,02,西屯區,125
24.182028,120.632861,西屯,C0F9T0,2018-12-27T20:00:00+08:00,111.0,353,2.0,16.9,0.76,1002.7,-99,0.0,7.9,10,2018-12-27T19:28:00+08:00,臺中市,02,西屯區,125
24.182028,120.632861,西屯,C0F9T0,2018-12-27T21:00:00+08:00,111.0,338,2.4,16.8,0.76,1003.2,-99,0.0,8.3,31,2018-12-27T20:41:00+08:00,臺中市,02,西屯區,125
24.182028,120.632861,西屯,C0F9T0,2018-12-27T22:00:00+08:00,111.0,333,1.7,16.6,0.77,1003.7,-99,0.0,8.3,58,2018-12-27T21:02:00+08:00,臺中市,02,西屯區,125
24.182028,120.632861,西屯,C0F9T0,2018-12-27T23:00:00+08:00,111.0,330,1.5,16.5,0.77,1003.9,-99,0.0,-99,-99,-99,臺中市,02,西屯區,125
24.182028,120.632861,西屯,C0F9T0,2018-12-28T00:00:00+08:00,111.0,352,2.5,16.3,0.77,1003.7,-99,0.0,7.7,353,2018-12-27T23:52:00+08:00,臺中市,02,西屯區,125
24.182028,120.632861,西屯,C0F9T0,2018-12-28T01:00:00+08:00,111.0,331,2.7,16.1,0.76,1003.6,-99,0.0,-99,-99,-99,臺中市,02,西屯區,125
24.182028,120.632861,西屯,C0F9T0,2018-12-28T09:00:00+08:00,111.0,24,2.3,16.6,0.67,1006.4,-99,0.0,-99,-99,-99,臺中市,02,西屯區,125
24.182028,120.632861,西屯,C0F9T0,2018-12-28T12:00:00+08:00,111.0,334,4.2,19.8,0.56,1004.8,-99,0.0,10.2,353,2018-12-28T11:30:00+08:00,臺中市,02,西屯區,125
24.182028,120.632861,西屯,C0F9T0,2018-12-28T14:00:00+08:00,111.0,340,3.7,20.0,0.55,1003.0,-99,0.0,10.5,316,2018-12-28T13:25:00+08:00,臺中市,02,西屯區,125
24.182028,120.632861,西屯,C0F9T0,2018-12-28T11:00:00+08:00,111.0,353,2.2,19.5,0.58,1005.5,-99,0.0,9.0,348,2018-12-28T11:00:00+08:00,臺中市,02,西屯區,125
24.182028,120.632861,西屯,C0F9T0,2018-12-28T13:00:00+08:00,111.0,335,2.6,19.9,0.56,1003.6,-99,0.0,8.6,342,2018-12-28T12:03:00+08:00,臺中市,02,西屯區,125
24.182028,120.632861,西屯,C0F9T0,2018-12-28T12:00:00+08:00,111.0,334,4.2,19.8,0.56,1004.8,-99,0.0,10.2,353,2018-12-28T11:30:00+08:00,臺中市,02,西屯區,125
24.182028,120.632861,西屯,C0F9T0,2018-12-28T10:00:00+08:00,111.0,326,3.0,18.5,0.61,1006.2,-99,0.0,8.8,4,2018-12-28T09:24:00+08:00,臺中市,02,西屯區,125
24.182028,120.632861,西屯,C0F9T0,2018-12-28T13:00:00+08:00,111.0,335,2.6,19.9,0.56,1003.6,-99,0.0,8.6,342,2018-12-28T12:03:00+08:00,臺中市,02,西屯區,125
24.182028,120.632861,西屯,C0F9T0,2018-12-28T14:00:00+08:00,111.0,340,3.7,20.0,0.55,1003.0,-99,0.0,10.5,316,2018-12-28T13:25:00+08:00,臺中市,02,西屯區,125
24.182028,120.632861,西屯,C0F9T0,2018-12-28T12:00:00+08:00,111.0,334,4.2,19.8,0.56,1004.8,-99,0.0,10.2,353,2018-12-28T11:30:00+08:00,臺中市,02,西屯區,125
24.182028,120.632861,西屯,C0F9T0,2018-12-28T11:00:00+08:00,111.0,353,2.2,19.5,0.58,1005.5,-99,0.0,9.0,348,2018-12-28T11:00:00+08:00,臺中市,02,西屯區,125
24.182028,120.632861,西屯,C0F9T0,2018-12-28T13:00:00+08:00,111.0,335,2.6,19.9,0.56,1003.6,-99,0.0,8.6,342,2018-12-28T12:03:00+08:00,臺中市,02,西屯區,125
24.182028,120.632861,西屯,C0F9T0,2018-12-28T16:00:00+08:00,111.0,335,3.0,18.8,0.59,1004.6,-99,0.0,10.7,9,2018-12-28T15:07:00+08:00,臺中市,02,西屯區,125
24.182028,120.632861,西屯,C0F9T0,2018-12-28T12:00:00+08:00,111.0,334,4.2,19.8,0.56,1004.8,-99,0.0,10.2,353,2018-12-28T11:30:00+08:00,臺中市,02,西屯區,125
24.182028,120.632861,西屯,C0F9T0,2018-12-28T09:00:00+08:00,111.0,24,2.3,16.6,0.67,1006.4,-99,0.0,-99,-99,-99,臺中市,02,西屯區,125
24.182028,120.632861,西屯,C0F9T0,2018-12-28T13:00:00+08:00,111.0,335,2.6,19.9,0.56,1003.6,-99,0.0,8.6,342,2018-12-28T12:03:00+08:00,臺中市,02,西屯區,125
24.182028,120.632861,西屯,C0F9T0,2018-12-28T16:00:00+08:00,111.0,335,3.0,18.8,0.59,1004.6,-99,0.0,10.7,9,2018-12-28T15:07:00+08:00,臺中市,02,西屯區,125
24.182028,120.632861,西屯,C0F9T0,2018-12-28T12:00:00+08:00,111.0,334,4.2,19.8,0.56,1004.8,-99,0.0,10.2,353,2018-12-28T11:30:00+08:00,臺中市,02,西屯區,125
24.182028,120.632861,西屯,C0F9T0,2018-12-28T17:00:00+08:00,111.0,334,3.7,17.5,0.63,1005.2,-99,0.0,10.0,339,2018-12-28T16:18:00+08:00,臺中市,02,西屯區,125
24.182028,120.632861,西屯,C0F9T0,2018-12-28T18:00:00+08:00,111.0,342,3.6,16.1,0.67,1005.6,-99,0.0,9.0,354,2018-12-28T17:59:00+08:00,臺中市,02,西屯區,125
24.182028,120.632861,西屯,C0F9T0,2018-12-28T19:00:00+08:00,111.0,328,2.6,15.8,0.68,1006.4,-99,0.0,8.5,340,2018-12-28T18:01:00+08:00,臺中市,02,西屯區,125
24.182028,120.632861,西屯,C0F9T0,2018-12-28T20:00:00+08:00,111.0,343,2.6,15.5,0.7,1006.7,-99,0.0,10.0,349,2018-12-28T19:54:00+08:00,臺中市,02,西屯區,125
24.182028,120.632861,西屯,C0F9T0,2018-12-28T21:00:00+08:00,111.0,336,2.4,15.2,0.71,1007.2,-99,0.0,-99,-99,-99,臺中市,02,西屯區,125
24.182028,120.632861,西屯,C0F9T0,2018-12-28T22:00:00+08:00,111.0,347,2.4,15.2,0.7,1007.4,-99,0.0,-99,-99,-99,臺中市,02,西屯區,125
24.182028,120.632861,西屯,C0F9T0,2018-12-28T23:00:00+08:00,111.0,351,1.4,14.9,0.72,1007.5,-99,0.0,-99,-99,-99,臺中市,02,西屯區,125
24.182028,120.632861,西屯,C0F9T0,2018-12-29T00:00:00+08:00,111.0,336,2.5,14.5,0.73,1007.4,-99,0.0,-99,-99,-99,臺中市,02,西屯區,125
24.182028,120.632861,西屯,C0F9T0,2018-12-29T01:00:00+08:00,111.0,351,1.9,14.2,0.73,1007.4,-99,0.0,-99,-99,-99,臺中市,02,西屯區,125
24.182028,120.632861,西屯,C0F9T0,2018-12-29T02:00:00+08:00,111.0,332,2.7,13.9,0.74,1007.4,-99,0.0,-99,-99,-99,臺中市,02,西屯區,125
24.182028,120.632861,西屯,C0F9T0,2018-12-29T03:00:00+08:00,111.0,339,2.6,13.5,0.74,1007.3,-99,0.0,7.8,353,2018-12-29T02:58:00+08:00,臺中市,02,西屯區,125
24.182028,120.632861,西屯,C0F9T0,2018-12-29T04:00:00+08:00,111.0,358,3.1,13.6,0.73,1007.4,-99,0.0,-99,-99,-99,臺中市,02,西屯區,125
24.182028,120.632861,西屯,C0F9T0,2018-12-29T05:00:00+08:00,111.0,344,1.9,13.3,0.73,1008.1,-99,0.0,9.5,345,2018-12-29T04:51:00+08:00,臺中市,02,西屯區,125
24.182028,120.632861,西屯,C0F9T0,2018-12-29T06:00:00+08:00,111.0,7,2.6,13.2,0.72,1009.1,-99,0.0,8.8,329,2018-12-29T05:48:00+08:00,臺中市,02,西屯區,125
24.182028,120.632861,西屯,C0F9T0,2018-12-29T07:00:00+08:00,111.0,331,2.4,13.0,0.72,1010.0,-99,0.0,7.8,332,2018-12-29T06:21:00+08:00,臺中市,02,西屯區,125
24.182028,120.632861,西屯,C0F9T0,2018-12-29T08:00:00+08:00,111.0,339,2.3,13.7,0.69,1010.4,-99,0.0,9.1,333,2018-12-29T07:38:00+08:00,臺中市,02,西屯區,125
24.182028,120.632861,西屯,C0F9T0,2018-12-29T09:00:00+08:00,111.0,36,3.2,14.3,0.67,1010.6,-99,0.0,9.4,62,2018-12-29T08:21:00+08:00,臺中市,02,西屯區,125
24.182028,120.632861,西屯,C0F9T0,2018-12-29T10:00:00+08:00,111.0,30,2.5,15.5,0.62,1010.3,-99,0.0,8.9,31,2018-12-29T09:48:00+08:00,臺中市,02,西屯區,125
24.182028,120.632861,西屯,C0F9T0,2018-12-29T11:00:00+08:00,111.0,12,2.7,16.3,0.59,1009.5,-99,0.0,10.1,349,2018-12-29T10:23:00+08:00,臺中市,02,西屯區,125
24.182028,120.632861,西屯,C0F9T0,2018-12-29T12:00:00+08:00,111.0,337,3.3,17.1,0.57,1008.6,-99,0.0,9.0,2,2018-12-29T11:35:00+08:00,臺中市,02,西屯區,125
24.182028,120.632861,西屯,C0F9T0,2018-12-29T13:00:00+08:00,111.0,346,2.1,18.3,0.54,1007.8,-99,0.0,7.5,353,2018-12-29T12:14:00+08:00,臺中市,02,西屯區,125
24.182028,120.632861,西屯,C0F9T0,2018-12-29T15:00:00+08:00,111.0,322,2.9,17.9,0.55,1007.4,-99,0.0,9.0,12,2018-12-29T14:12:00+08:00,臺中市,02,西屯區,125
24.182028,120.632861,西屯,C0F9T0,2018-12-29T16:00:00+08:00,111.0,329,3.7,16.7,0.59,1008.5,-99,0.0,9.6,309,2018-12-29T15:54:00+08:00,臺中市,02,西屯區,125
24.182028,120.632861,西屯,C0F9T0,2018-12-29T17:00:00+08:00,111.0,332,2.8,15.3,0.63,1009.3,-99,0.0,10.7,343,2018-12-29T16:49:00+08:00,臺中市,02,西屯區,125
24.182028,120.632861,西屯,C0F9T0,2018-12-29T18:00:00+08:00,111.0,340,3.9,14.5,0.67,1009.7,-99,0.0,11.3,353,2018-12-29T17:12:00+08:00,臺中市,02,西屯區,125
24.182028,120.632861,西屯,C0F9T0,2018-12-29T19:00:00+08:00,111.0,359,1.9,14.1,0.7,1010.6,-99,0.0,8.6,325,2018-12-29T18:03:00+08:00,臺中市,02,西屯區,125
24.182028,120.632861,西屯,C0F9T0,2018-12-29T20:00:00+08:00,111.0,347,2.2,13.9,0.72,1010.9,-99,0.0,-99,-99,-99,臺中市,02,西屯區,125
24.182028,120.632861,西屯,C0F9T0,2018-12-29T21:00:00+08:00,111.0,333,2.2,13.8,0.72,1011.1,-99,0.0,-99,-99,-99,臺中市,02,西屯區,125
24.182028,120.632861,西屯,C0F9T0,2018-12-29T22:00:00+08:00,111.0,325,1.4,13.7,0.73,1010.7,-99,0.0,-99,-99,-99,臺中市,02,西屯區,125
24.182028,120.632861,西屯,C0F9T0,2018-12-29T23:00:00+08:00,111.0,339,1.6,13.6,0.74,1010.2,-99,0.0,-99,-99,-99,臺中市,02,西屯區,125
24.182028,120.632861,西屯,C0F9T0,2018-12-30T00:00:00+08:00,111.0,337,1.4,13.5,0.74,1009.7,-99,0.0,-99,-99,-99,臺中市,02,西屯區,125
24.182028,120.632861,西屯,C0F9T0,2018-12-30T01:00:00+08:00,111.0,332,2.0,13.2,0.75,1009.3,-99,0.0,-99,-99,-99,臺中市,02,西屯區,125
24.182028,120.632861,西屯,C0F9T0,2018-12-30T02:00:00+08:00,111.0,324,1.7,13.3,0.74,1008.4,-99,0.0,-99,-99,-99,臺中市,02,西屯區,125
24.182028,120.632861,西屯,C0F9T0,2018-12-30T03:00:00+08:00,111.0,324,1.8,13.7,0.72,1007.9,-99,0.0,-99,-99,-99,臺中市,02,西屯區,125
24.182028,120.632861,西屯,C0F9T0,2018-12-30T04:00:00+08:00,111.0,342,1.6,13.9,0.72,1007.8,-99,0.0,-99,-99,-99,臺中市,02,西屯區,125
24.182028,120.632861,西屯,C0F9T0,2018-12-30T05:00:00+08:00,111.0,350,1.8,14.1,0.72,1007.8,-99,0.0,-99,-99,-99,臺中市,02,西屯區,125
24.182028,120.632861,西屯,C0F9T0,2018-12-30T06:00:00+08:00,111.0,328,2.0,14.3,0.73,1007.8,-99,0.0,-99,-99,-99,臺中市,02,西屯區,125
24.182028,120.632861,西屯,C0F9T0,2018-12-30T07:00:00+08:00,111.0,335,2.1,14.5,0.73,1008.6,-99,0.0,-99,-99,-99,臺中市,02,西屯區,125
24.182028,120.632861,西屯,C0F9T0,2018-12-30T08:00:00+08:00,111.0,335,1.3,14.9,0.72,1009.5,-99,0.0,-99,-99,-99,臺中市,02,西屯區,125
24.182028,120.632861,西屯,C0F9T0,2018-12-30T09:00:00+08:00,111.0,340,0.6,15.8,0.69,1010.1,-99,0.0,-99,-99,-99,臺中市,02,西屯區,125
24.182028,120.632861,西屯,C0F9T0,2018-12-30T10:00:00+08:00,111.0,324,0.6,17.1,0.64,1009.4,-99,0.0,-99,-99,-99,臺中市,02,西屯區,125
24.182028,120.632861,西屯,C0F9T0,2018-12-30T11:00:00+08:00,111.0,305,2.2,17.7,0.63,1008.7,-99,0.0,-99,-99,-99,臺中市,02,西屯區,125
24.182028,120.632861,西屯,C0F9T0,2018-12-30T12:00:00+08:00,111.0,310,2.3,19.0,0.59,1007.9,-99,0.0,-99,-99,-99,臺中市,02,西屯區,125
24.182028,120.632861,西屯,C0F9T0,2018-12-30T13:00:00+08:00,111.0,345,2.1,20.1,0.55,1007.1,-99,0.0,-99,-99,-99,臺中市,02,西屯區,125
24.182028,120.632861,西屯,C0F9T0,2018-12-30T14:00:00+08:00,111.0,142,1.8,22.0,0.49,1006.8,-99,0.0,-99,-99,-99,臺中市,02,西屯區,125
24.182028,120.632861,西屯,C0F9T0,2018-12-30T15:00:00+08:00,111.0,200,1.3,22.6,0.45,1007.1,-99,0.0,-99,-99,-99,臺中市,02,西屯區,125
24.182028,120.632861,西屯,C0F9T0,2018-12-30T16:00:00+08:00,111.0,298,1.1,21.9,0.48,1008.0,-99,0.0,-99,-99,-99,臺中市,02,西屯區,125
24.182028,120.632861,西屯,C0F9T0,2018-12-30T17:00:00+08:00,111.0,317,2.0,19.2,0.62,1008.8,-99,0.0,-99,-99,-99,臺中市,02,西屯區,125
24.182028,120.632861,西屯,C0F9T0,2018-12-30T18:00:00+08:00,111.0,343,1.9,17.8,0.7,1009.5,-99,0.0,-99,-99,-99,臺中市,02,西屯區,125
24.182028,120.632861,西屯,C0F9T0,2018-12-30T19:00:00+08:00,111.0,328,2.3,17.2,0.73,1009.8,-99,0.0,-99,-99,-99,臺中市,02,西屯區,125
24.182028,120.632861,西屯,C0F9T0,2018-12-30T20:00:00+08:00,111.0,299,2.7,16.6,0.77,1010.4,-99,0.0,-99,-99,-99,臺中市,02,西屯區,125
24.182028,120.632861,西屯,C0F9T0,2018-12-30T21:00:00+08:00,111.0,335,2.7,16.1,0.8,1010.6,-99,0.0,-99,-99,-99,臺中市,02,西屯區,125
24.182028,120.632861,西屯,C0F9T0,2018-12-30T22:00:00+08:00,111.0,322,2.1,16.1,0.81,1010.6,-99,0.0,-99,-99,-99,臺中市,02,西屯區,125
24.182028,120.632861,西屯,C0F9T0,2018-12-30T23:00:00+08:00,111.0,324,2.2,15.9,0.81,1010.6,-99,0.0,-99,-99,-99,臺中市,02,西屯區,125
24.182028,120.632861,西屯,C0F9T0,2018-12-31T00:00:00+08:00,111.0,329,1.8,16.0,0.81,1010.7,-99,0.0,-99,-99,-99,臺中市,02,西屯區,125
24.182028,120.632861,西屯,C0F9T0,2018-12-31T01:00:00+08:00,111.0,334,2.8,15.7,0.84,1010.7,-99,0.0,-99,-99,-99,臺中市,02,西屯區,125
24.182028,120.632861,西屯,C0F9T0,2018-12-31T02:00:00+08:00,111.0,336,2.0,15.5,0.84,1010.7,-99,0.0,-99,-99,-99,臺中市,02,西屯區,125
24.182028,120.632861,西屯,C0F9T0,2018-12-31T03:00:00+08:00,111.0,332,2.1,15.6,0.84,1010.3,-99,0.0,-99,-99,-99,臺中市,02,西屯區,125
24.182028,120.632861,西屯,C0F9T0,2018-12-31T04:00:00+08:00,111.0,340,2.2,15.8,0.84,1010.6,-99,0.0,-99,-99,-99,臺中市,02,西屯區,125
24.182028,120.632861,西屯,C0F9T0,2018-12-31T05:00:00+08:00,111.0,1,1.8,15.9,0.84,1010.3,-99,0.0,-99,-99,-99,臺中市,02,西屯區,125
24.182028,120.632861,西屯,C0F9T0,2018-12-31T06:00:00+08:00,111.0,349,1.2,15.8,0.84,1011.1,-99,0.0,-99,-99,-99,臺中市,02,西屯區,125
24.182028,120.632861,西屯,C0F9T0,2018-12-31T07:00:00+08:00,111.0,335,1.7,16.1,0.83,1010.7,-99,0.0,-99,-99,-99,臺中市,02,西屯區,125
24.182028,120.632861,西屯,C0F9T0,2018-12-31T08:00:00+08:00,111.0,323,2.4,16.0,0.83,1011.0,-99,0.0,-99,-99,-99,臺中市,02,西屯區,125
24.182028,120.632861,西屯,C0F9T0,2018-12-31T09:00:00+08:00,111.0,341,2.1,16.7,0.82,1011.4,-99,0.0,8.5,5,2018-12-31T08:37:00+08:00,臺中市,02,西屯區,125
24.182028,120.632861,西屯,C0F9T0,2018-12-31T10:00:00+08:00,111.0,338,2.3,17.1,0.8,1011.4,-99,0.0,-99,-99,-99,臺中市,02,西屯區,125
24.182028,120.632861,西屯,C0F9T0,2018-12-31T11:00:00+08:00,111.0,336,2.7,17.5,0.79,1010.7,-99,0.0,-99,-99,-99,臺中市,02,西屯區,125
24.182028,120.632861,西屯,C0F9T0,2018-12-31T12:00:00+08:00,111.0,335,3.8,17.9,0.77,1009.4,-99,0.0,-99,-99,-99,臺中市,02,西屯區,125
24.182028,120.632861,西屯,C0F9T0,2018-12-31T13:00:00+08:00,111.0,343,3.1,18.7,0.72,1008.5,-99,0.0,-99,-99,-99,臺中市,02,西屯區,125
24.182028,120.632861,西屯,C0F9T0,2018-12-31T14:00:00+08:00,111.0,315,3.4,18.7,0.74,1008.1,-99,0.0,-99,-99,-99,臺中市,02,西屯區,125
24.182028,120.632861,西屯,C0F9T0,2018-12-31T15:00:00+08:00,111.0,321,3.0,18.8,0.74,1008.2,-99,0.0,9.4,360,2018-12-31T14:28:00+08:00,臺中市,02,西屯區,125
24.182028,120.632861,西屯,C0F9T0,2018-12-31T16:00:00+08:00,111.0,323,2.3,18.1,0.77,1009.2,-99,0.0,9.2,354,2018-12-31T15:05:00+08:00,臺中市,02,西屯區,125
24.182028,120.632861,西屯,C0F9T0,2018-12-31T17:00:00+08:00,111.0,315,2.7,17.7,0.78,1009.8,-99,0.0,-99,-99,-99,臺中市,02,西屯區,125
24.182028,120.632861,西屯,C0F9T0,2018-12-31T18:00:00+08:00,111.0,343,2.7,16.7,0.82,1009.8,-99,0.0,-99,-99,-99,臺中市,02,西屯區,125
24.182028,120.632861,西屯,C0F9T0,2018-12-31T19:00:00+08:00,111.0,324,2.1,16.3,0.83,1009.8,-99,0.0,-99,-99,-99,臺中市,02,西屯區,125
24.182028,120.632861,西屯,C0F9T0,2018-12-31T20:00:00+08:00,111.0,333,2.0,16.3,0.83,1009.7,-99,0.0,-99,-99,-99,臺中市,02,西屯區,125
24.182028,120.632861,西屯,C0F9T0,2018-12-31T21:00:00+08:00,111.0,336,1.5,16.3,0.82,1010.0,-99,0.0,-99,-99,-99,臺中市,02,西屯區,125
24.182028,120.632861,西屯,C0F9T0,2018-12-31T22:00:00+08:00,111.0,327,1.4,16.5,0.82,1010.1,-99,0.0,-99,-99,-99,臺中市,02,西屯區,125
24.182028,120.632861,西屯,C0F9T0,2018-12-31T23:00:00+08:00,111.0,323,1.5,16.5,0.81,1010.0,-99,0.0,-99,-99,-99,臺中市,02,西屯區,125
