24.1820,120.6329,西屯,C0F9T0,2017-04-01T00:00:00+08:00,111.0,330.0,2.2,14.1,0.86,1003.1,-99.0,4.5,-9.9,-99,-999,臺中市,02,西屯區,125
24.1820,120.6329,西屯,C0F9T0,2017-04-01T01:00:00+08:00,111.0,334.0,2.7,13.6,0.89,1003.2,-99.0,1.0,-9.9,-99,-999,臺中市,02,西屯區,125
24.1820,120.6329,西屯,C0F9T0,2017-04-01T02:00:00+08:00,111.0,344.0,3.4,13.4,0.89,1002.7,-99.0,1.5,-9.9,-99,-999,臺中市,02,西屯區,125
24.1820,120.6329,西屯,C0F9T0,2017-04-01T03:00:00+08:00,111.0,29.0,2.8,13.5,0.87,1003.6,-99.0,2.0,-9.9,-99,-999,臺中市,02,西屯區,125
24.1820,120.6329,西屯,C0F9T0,2017-04-01T04:00:00+08:00,111.0,301.0,0.9,14.0,0.86,1003.4,-99.0,3.5,-9.9,-99,-999,臺中市,02,西屯區,125
24.1820,120.6329,西屯,C0F9T0,2017-04-01T05:00:00+08:00,111.0,348.0,0.4,13.3,0.92,1003.0,-99.0,4.5,-9.9,-99,-999,臺中市,02,西屯區,125
24.1820,120.6329,西屯,C0F9T0,2017-04-01T06:00:00+08:00,111.0,304.0,1.5,14.1,0.91,1003.3,-99.0,5.5,-9.9,-99,-999,臺中市,02,西屯區,125
24.1820,120.6329,西屯,C0F9T0,2017-04-01T07:00:00+08:00,111.0,356.0,1.6,13.5,0.90,1004.5,-99.0,5.5,-9.9,-99,-999,臺中市,02,西屯區,125
24.1820,120.6329,西屯,C0F9T0,2017-04-01T08:00:00+08:00,111.0,344.0,3.1,15.0,0.74,1005.3,-99.0,5.5,-9.9,-99,-999,臺中市,02,西屯區,125
24.1820,120.6329,西屯,C0F9T0,2017-04-01T10:00:00+08:00,111.0,354.0,2.5,17.9,0.58,1005.2,-99.0,5.5,-9.9,-99,-999,臺中市,02,西屯區,125
24.1820,120.6329,西屯,C0F9T0,2017-04-01T11:00:00+08:00,111.0,348.0,4.5,18.1,0.57,1004.8,-99.0,5.5,-9.9,-99,-999,臺中市,02,西屯區,125
24.1820,120.6329,西屯,C0F9T0,2017-04-01T12:00:00+08:00,111.0,352.0,3.9,19.0,0.56,1004.7,-99.0,5.5,-9.9,-99,-999,臺中市,02,西屯區,125
24.1820,120.6329,西屯,C0F9T0,2017-04-01T13:00:00+08:00,111.0,355.0,3.1,19.6,0.54,1004.2,-99.0,5.5,-9.9,-99,-999,臺中市,02,西屯區,125
24.1820,120.6329,西屯,C0F9T0,2017-04-01T14:00:00+08:00,111.0,340.0,4.0,19.8,0.53,1004.0,-99.0,5.5,-9.9,-99,-999,臺中市,02,西屯區,125
24.1820,120.6329,西屯,C0F9T0,2017-04-01T15:00:00+08:00,111.0,331.0,3.9,20.2,0.50,1003.9,-99.0,5.5,-9.9,-99,-999,臺中市,02,西屯區,125
24.1820,120.6329,西屯,C0F9T0,2017-04-01T16:00:00+08:00,111.0,341.0,3.0,20.6,0.45,1004.1,-99.0,5.5,-9.9,-99,-999,臺中市,02,西屯區,125
24.1820,120.6329,西屯,C0F9T0,2017-04-01T17:00:00+08:00,111.0,353.0,3.0,19.7,0.49,1004.3,-99.0,5.5,-9.9,-99,-999,臺中市,02,西屯區,125
24.1820,120.6329,西屯,C0F9T0,2017-04-01T18:00:00+08:00,111.0,354.0,2.3,18.3,0.53,1005.0,-99.0,5.5,-9.9,-99,-999,臺中市,02,西屯區,125
24.1820,120.6329,西屯,C0F9T0,2017-04-01T19:00:00+08:00,111.0,18.0,1.7,18.5,0.38,1005.3,-99.0,5.5,-9.9,-99,-999,臺中市,02,西屯區,125
24.1820,120.6329,西屯,C0F9T0,2017-04-01T20:00:00+08:00,111.0,26.0,1.0,18.6,0.33,1005.6,-99.0,5.5,-9.9,-99,-999,臺中市,02,西屯區,125
24.1820,120.6329,西屯,C0F9T0,2017-04-01T21:00:00+08:00,111.0,346.0,1.0,17.7,0.38,1006.2,-99.0,5.5,-9.9,-99,-999,臺中市,02,西屯區,125
24.1820,120.6329,西屯,C0F9T0,2017-04-01T22:00:00+08:00,111.0,344.0,1.5,17.5,0.38,1006.0,-99.0,5.5,-9.9,-99,-999,臺中市,02,西屯區,125
24.1820,120.6329,西屯,C0F9T0,2017-04-01T23:00:00+08:00,111.0,338.0,1.7,17.6,0.36,1006.3,-99.0,5.5,-9.9,-99,-999,臺中市,02,西屯區,125
24.1820,120.6329,西屯,C0F9T0,2017-04-02T00:00:00+08:00,111.0,321.0,1.1,17.5,0.36,1006.1,-99.0,5.5,-9.9,-99,-999,臺中市,02,西屯區,125
24.1820,120.6329,西屯,C0F9T0,2017-04-02T01:00:00+08:00,111.0,354.0,1.8,17.2,0.36,1005.8,-99.0,0.0,-9.9,-99,-999,臺中市,02,西屯區,125
24.1820,120.6329,西屯,C0F9T0,2017-04-02T02:00:00+08:00,111.0,340.0,1.3,16.6,0.38,1005.8,-99.0,0.0,-9.9,-99,-999,臺中市,02,西屯區,125
24.1820,120.6329,西屯,C0F9T0,2017-04-02T03:00:00+08:00,111.0,348.0,1.3,15.6,0.42,1005.7,-99.0,0.0,-9.9,-99,-999,臺中市,02,西屯區,125
24.1820,120.6329,西屯,C0F9T0,2017-04-02T04:00:00+08:00,111.0,38.0,1.1,15.6,0.43,1006.0,-99.0,0.0,-9.9,-99,-999,臺中市,02,西屯區,125
24.1820,120.6329,西屯,C0F9T0,2017-04-02T05:00:00+08:00,111.0,357.0,0.8,15.3,0.41,1006.6,-99.0,0.0,-9.9,-99,-999,臺中市,02,西屯區,125
24.1820,120.6329,西屯,C0F9T0,2017-04-02T06:00:00+08:00,111.0,341.0,1.2,14.5,0.45,1007.2,-99.0,0.0,-9.9,-99,-999,臺中市,02,西屯區,125
24.1820,120.6329,西屯,C0F9T0,2017-04-02T07:00:00+08:00,111.0,341.0,0.6,15.1,0.46,1007.4,-99.0,0.0,-9.9,-99,-999,臺中市,02,西屯區,125
24.1820,120.6329,西屯,C0F9T0,2017-04-02T08:00:00+08:00,111.0,41.0,1.4,17.2,0.33,1007.9,-99.0,0.0,-9.9,-99,-999,臺中市,02,西屯區,125
24.1820,120.6329,西屯,C0F9T0,2017-04-02T09:00:00+08:00,111.0,24.0,1.5,19.3,0.24,1008.5,-99.0,0.0,-9.9,-99,-999,臺中市,02,西屯區,125
24.1820,120.6329,西屯,C0F9T0,2017-04-02T10:00:00+08:00,111.0,351.0,3.0,20.2,0.23,1008.8,-99.0,0.0,-9.9,-99,-999,臺中市,02,西屯區,125
24.1820,120.6329,西屯,C0F9T0,2017-04-02T11:00:00+08:00,111.0,3.0,2.2,21.4,0.21,1008.5,-99.0,0.0,-9.9,-99,-999,臺中市,02,西屯區,125
24.1820,120.6329,西屯,C0F9T0,2017-04-02T12:00:00+08:00,111.0,335.0,2.8,21.9,0.23,1008.0,-99.0,0.0,-9.9,-99,-999,臺中市,02,西屯區,125
24.1820,120.6329,西屯,C0F9T0,2017-04-02T13:00:00+08:00,111.0,340.0,3.1,22.1,0.26,1007.2,-99.0,0.0,-9.9,-99,-999,臺中市,02,西屯區,125
24.1820,120.6329,西屯,C0F9T0,2017-04-02T14:00:00+08:00,111.0,342.0,3.5,22.3,0.32,1006.7,-99.0,0.0,-9.9,-99,-999,臺中市,02,西屯區,125
24.1820,120.6329,西屯,C0F9T0,2017-04-02T15:00:00+08:00,111.0,327.0,3.0,22.2,0.32,1006.0,-99.0,0.0,-9.9,-99,-999,臺中市,02,西屯區,125
24.1820,120.6329,西屯,C0F9T0,2017-04-02T16:00:00+08:00,111.0,330.0,2.4,22.3,0.33,1005.5,-99.0,0.0,-9.9,-99,-999,臺中市,02,西屯區,125
24.1820,120.6329,西屯,C0F9T0,2017-04-02T17:00:00+08:00,111.0,315.0,2.8,21.7,0.34,1005.3,-99.0,0.0,-9.9,-99,-999,臺中市,02,西屯區,125
24.1820,120.6329,西屯,C0F9T0,2017-04-02T18:00:00+08:00,111.0,313.0,1.7,20.5,0.37,1005.4,-99.0,0.0,-9.9,-99,-999,臺中市,02,西屯區,125
24.1820,120.6329,西屯,C0F9T0,2017-04-02T19:00:00+08:00,111.0,337.0,1.5,19.1,0.39,1005.5,-99.0,0.0,-9.9,-99,-999,臺中市,02,西屯區,125
24.1820,120.6329,西屯,C0F9T0,2017-04-02T20:00:00+08:00,111.0,335.0,0.7,18.4,0.38,1005.6,-99.0,0.0,-9.9,-99,-999,臺中市,02,西屯區,125
24.1820,120.6329,西屯,C0F9T0,2017-04-02T21:00:00+08:00,111.0,346.0,1.2,17.0,0.43,1006.3,-99.0,0.0,-9.9,-99,-999,臺中市,02,西屯區,125
24.1820,120.6329,西屯,C0F9T0,2017-04-02T22:00:00+08:00,111.0,331.0,0.7,16.6,0.46,1006.8,-99.0,0.0,-9.9,-99,-999,臺中市,02,西屯區,125
24.1820,120.6329,西屯,C0F9T0,2017-04-02T23:00:00+08:00,111.0,308.0,0.7,16.6,0.47,1007.1,-99.0,0.0,-9.9,-99,-999,臺中市,02,西屯區,125
24.1820,120.6329,西屯,C0F9T0,2017-04-03T00:00:00+08:00,111.0,349.0,0.6,16.4,0.51,1007.1,-99.0,0.0,-9.9,-99,-999,臺中市,02,西屯區,125
24.1820,120.6329,西屯,C0F9T0,2017-04-03T01:00:00+08:00,111.0,351.0,0.7,16.3,0.56,1006.7,-99.0,0.0,-9.9,-99,-999,臺中市,02,西屯區,125
24.1820,120.6329,西屯,C0F9T0,2017-04-03T02:00:00+08:00,111.0,343.0,0.6,15.3,0.65,1006.3,-99.0,0.0,-9.9,-99,-999,臺中市,02,西屯區,125
24.1820,120.6329,西屯,C0F9T0,2017-04-03T03:00:00+08:00,111.0,331.0,0.8,15.1,0.69,1006.6,-99.0,0.0,-9.9,-99,-999,臺中市,02,西屯區,125
24.1820,120.6329,西屯,C0F9T0,2017-04-03T04:00:00+08:00,111.0,335.0,0.6,15.3,0.67,1006.7,-99.0,0.0,-9.9,-99,-999,臺中市,02,西屯區,125
24.1820,120.6329,西屯,C0F9T0,2017-04-03T05:00:00+08:00,111.0,351.0,1.0,15.0,0.68,1006.8,-99.0,0.0,-9.9,-99,-999,臺中市,02,西屯區,125
24.1820,120.6329,西屯,C0F9T0,2017-04-03T06:00:00+08:00,111.0,0.0,0.1,15.3,0.64,1007.1,-99.0,0.0,-9.9,-99,-999,臺中市,02,西屯區,125
24.1820,120.6329,西屯,C0F9T0,2017-04-03T07:00:00+08:00,111.0,334.0,1.3,16.0,0.57,1007.8,-99.0,0.0,-9.9,-99,-999,臺中市,02,西屯區,125
24.1820,120.6329,西屯,C0F9T0,2017-04-03T08:00:00+08:00,111.0,0.0,0.2,18.1,0.50,1008.5,-99.0,0.0,-9.9,-99,-999,臺中市,02,西屯區,125
24.1820,120.6329,西屯,C0F9T0,2017-04-03T09:00:00+08:00,111.0,42.0,0.7,20.8,0.43,1008.6,-99.0,0.0,-9.9,-99,-999,臺中市,02,西屯區,125
24.1820,120.6329,西屯,C0F9T0,2017-04-03T10:00:00+08:00,111.0,304.0,1.6,21.6,0.43,1008.8,-99.0,0.0,-9.9,-99,-999,臺中市,02,西屯區,125
24.1820,120.6329,西屯,C0F9T0,2017-04-03T11:00:00+08:00,111.0,334.0,1.0,23.1,0.37,1008.8,-99.0,0.0,-9.9,-99,-999,臺中市,02,西屯區,125
24.1820,120.6329,西屯,C0F9T0,2017-04-03T12:00:00+08:00,111.0,307.0,1.6,23.3,0.38,1008.2,-99.0,0.0,-9.9,-99,-999,臺中市,02,西屯區,125
24.1820,120.6329,西屯,C0F9T0,2017-04-03T13:00:00+08:00,111.0,302.0,2.5,23.7,0.35,1007.2,-99.0,0.0,-9.9,-99,-999,臺中市,02,西屯區,125
24.1820,120.6329,西屯,C0F9T0,2017-04-03T14:00:00+08:00,111.0,301.0,2.5,23.7,0.33,1006.3,-99.0,0.0,-9.9,-99,-999,臺中市,02,西屯區,125
24.1820,120.6329,西屯,C0F9T0,2017-04-03T15:00:00+08:00,111.0,326.0,2.2,23.7,0.34,1005.9,-99.0,0.0,-9.9,-99,-999,臺中市,02,西屯區,125
24.1820,120.6329,西屯,C0F9T0,2017-04-03T16:00:00+08:00,111.0,316.0,2.0,23.8,0.38,1005.7,-99.0,0.0,-9.9,-99,-999,臺中市,02,西屯區,125
24.1820,120.6329,西屯,C0F9T0,2017-04-03T17:00:00+08:00,111.0,324.0,2.7,23.2,0.44,1005.7,-99.0,0.0,-9.9,-99,-999,臺中市,02,西屯區,125
24.1820,120.6329,西屯,C0F9T0,2017-04-03T18:00:00+08:00,111.0,329.0,2.6,22.0,0.50,1005.9,-99.0,0.0,-9.9,-99,-999,臺中市,02,西屯區,125
24.1820,120.6329,西屯,C0F9T0,2017-04-03T19:00:00+08:00,111.0,311.0,1.4,21.0,0.57,1005.9,-99.0,0.0,-9.9,-99,-999,臺中市,02,西屯區,125
24.1820,120.6329,西屯,C0F9T0,2017-04-03T20:00:00+08:00,111.0,331.0,0.9,20.7,0.59,1006.3,-99.0,0.0,-9.9,-99,-999,臺中市,02,西屯區,125
24.1820,120.6329,西屯,C0F9T0,2017-04-03T21:00:00+08:00,111.0,330.0,0.6,20.8,0.58,1006.6,-99.0,0.0,-9.9,-99,-999,臺中市,02,西屯區,125
24.1820,120.6329,西屯,C0F9T0,2017-04-03T22:00:00+08:00,111.0,0.0,0.0,20.4,0.62,1007.1,-99.0,0.0,-9.9,-99,-999,臺中市,02,西屯區,125
24.1820,120.6329,西屯,C0F9T0,2017-04-03T23:00:00+08:00,111.0,0.0,0.2,19.6,0.64,1007.3,-99.0,0.0,-9.9,-99,-999,臺中市,02,西屯區,125
24.1820,120.6329,西屯,C0F9T0,2017-04-04T00:00:00+08:00,111.0,283.0,0.5,18.7,0.68,1007.3,-99.0,0.0,-9.9,-99,-999,臺中市,02,西屯區,125
24.1820,120.6329,西屯,C0F9T0,2017-04-04T01:00:00+08:00,111.0,301.0,0.8,17.9,0.72,1006.8,-99.0,0.0,-9.9,-99,-999,臺中市,02,西屯區,125
24.1820,120.6329,西屯,C0F9T0,2017-04-04T02:00:00+08:00,111.0,294.0,0.7,17.1,0.76,1006.0,-99.0,0.0,-9.9,-99,-999,臺中市,02,西屯區,125
24.1820,120.6329,西屯,C0F9T0,2017-04-04T03:00:00+08:00,111.0,226.0,1.0,17.2,0.73,1005.7,-99.0,0.0,-9.9,-99,-999,臺中市,02,西屯區,125
24.1820,120.6329,西屯,C0F9T0,2017-04-04T04:00:00+08:00,111.0,304.0,0.7,16.9,0.73,1005.6,-99.0,0.0,-9.9,-99,-999,臺中市,02,西屯區,125
24.1820,120.6329,西屯,C0F9T0,2017-04-04T05:00:00+08:00,111.0,297.0,0.8,16.7,0.73,1006.0,-99.0,0.0,-9.9,-99,-999,臺中市,02,西屯區,125
24.1820,120.6329,西屯,C0F9T0,2017-04-04T06:00:00+08:00,111.0,316.0,0.3,17.0,0.72,1006.3,-99.0,0.0,-9.9,-99,-999,臺中市,02,西屯區,125
24.1820,120.6329,西屯,C0F9T0,2017-04-04T07:00:00+08:00,111.0,281.0,0.6,17.4,0.70,1006.5,-99.0,0.0,-9.9,-99,-999,臺中市,02,西屯區,125
24.1820,120.6329,西屯,C0F9T0,2017-04-04T08:00:00+08:00,111.0,245.0,0.9,19.0,0.64,1006.9,-99.0,0.0,-9.9,-99,-999,臺中市,02,西屯區,125
24.1820,120.6329,西屯,C0F9T0,2017-04-04T09:00:00+08:00,111.0,221.0,1.7,21.7,0.51,1007.0,-99.0,0.0,-9.9,-99,-999,臺中市,02,西屯區,125
24.1820,120.6329,西屯,C0F9T0,2017-04-04T10:00:00+08:00,111.0,164.0,1.1,23.4,0.41,1007.1,-99.0,0.0,-9.9,-99,-999,臺中市,02,西屯區,125
24.1820,120.6329,西屯,C0F9T0,2017-04-04T11:00:00+08:00,111.0,271.0,1.7,24.3,0.39,1006.8,-99.0,0.0,-9.9,-99,-999,臺中市,02,西屯區,125
24.1820,120.6329,西屯,C0F9T0,2017-04-04T12:00:00+08:00,111.0,276.0,1.7,24.9,0.38,1006.1,-99.0,0.0,-9.9,-99,-999,臺中市,02,西屯區,125
24.1820,120.6329,西屯,C0F9T0,2017-04-04T13:00:00+08:00,111.0,304.0,2.3,25.0,0.40,1005.2,-99.0,0.0,-9.9,-99,-999,臺中市,02,西屯區,125
24.1820,120.6329,西屯,C0F9T0,2017-04-04T14:00:00+08:00,111.0,297.0,2.9,24.5,0.47,1004.3,-99.0,0.0,-9.9,-99,-999,臺中市,02,西屯區,125
24.1820,120.6329,西屯,C0F9T0,2017-04-04T15:00:00+08:00,111.0,297.0,1.6,24.6,0.44,1003.7,-99.0,0.0,-9.9,-99,-999,臺中市,02,西屯區,125
24.1820,120.6329,西屯,C0F9T0,2017-04-04T16:00:00+08:00,111.0,305.0,2.2,23.7,0.51,1003.5,-99.0,0.0,-9.9,-99,-999,臺中市,02,西屯區,125
24.1820,120.6329,西屯,C0F9T0,2017-04-04T17:00:00+08:00,111.0,296.0,1.5,23.2,0.46,1003.7,-99.0,0.0,-9.9,-99,-999,臺中市,02,西屯區,125
24.1820,120.6329,西屯,C0F9T0,2017-04-04T18:00:00+08:00,111.0,335.0,1.2,22.7,0.45,1003.7,-99.0,0.0,-9.9,-99,-999,臺中市,02,西屯區,125
24.1820,120.6329,西屯,C0F9T0,2017-04-04T19:00:00+08:00,111.0,331.0,0.7,22.1,0.45,1004.0,-99.0,0.0,-9.9,-99,-999,臺中市,02,西屯區,125
24.1820,120.6329,西屯,C0F9T0,2017-04-04T20:00:00+08:00,111.0,51.0,0.4,22.3,0.41,1004.3,-99.0,0.0,-9.9,-99,-999,臺中市,02,西屯區,125
24.1820,120.6329,西屯,C0F9T0,2017-04-04T21:00:00+08:00,111.0,329.0,0.7,22.5,0.36,1004.9,-99.0,0.0,-9.9,-99,-999,臺中市,02,西屯區,125
24.1820,120.6329,西屯,C0F9T0,2017-04-04T22:00:00+08:00,111.0,0.0,0.2,22.6,0.42,1005.0,-99.0,0.0,-9.9,-99,-999,臺中市,02,西屯區,125
24.1820,120.6329,西屯,C0F9T0,2017-04-04T23:00:00+08:00,111.0,302.0,1.1,22.5,0.43,1004.8,-99.0,0.0,-9.9,-99,-999,臺中市,02,西屯區,125
24.1820,120.6329,西屯,C0F9T0,2017-04-05T00:00:00+08:00,111.0,0.0,0.2,22.0,0.51,1004.7,-99.0,0.0,-9.9,-99,-999,臺中市,02,西屯區,125
24.1820,120.6329,西屯,C0F9T0,2017-04-05T01:00:00+08:00,111.0,300.0,0.6,21.5,0.50,1004.1,-99.0,0.0,-9.9,-99,-999,臺中市,02,西屯區,125
24.1820,120.6329,西屯,C0F9T0,2017-04-05T02:00:00+08:00,111.0,348.0,1.0,20.5,0.59,1003.7,-99.0,0.0,-9.9,-99,-999,臺中市,02,西屯區,125
24.1820,120.6329,西屯,C0F9T0,2017-04-05T04:00:00+08:00,111.0,334.0,0.8,19.4,0.67,1003.5,-99.0,0.0,-9.9,-99,-999,臺中市,02,西屯區,125
24.1820,120.6329,西屯,C0F9T0,2017-04-05T05:00:00+08:00,111.0,324.0,0.7,19.5,0.67,1003.8,-99.0,0.0,-9.9,-99,-999,臺中市,02,西屯區,125
24.1820,120.6329,西屯,C0F9T0,2017-04-05T06:00:00+08:00,111.0,340.0,0.5,19.3,0.67,1003.7,-99.0,0.0,-9.9,-99,-999,臺中市,02,西屯區,125
24.1820,120.6329,西屯,C0F9T0,2017-04-05T07:00:00+08:00,111.0,338.0,0.9,19.8,0.65,1003.8,-99.0,0.0,-9.9,-99,-999,臺中市,02,西屯區,125
24.1820,120.6329,西屯,C0F9T0,2017-04-05T08:00:00+08:00,111.0,347.0,1.5,22.7,0.52,1004.1,-99.0,0.0,-9.9,-99,-999,臺中市,02,西屯區,125
24.1820,120.6329,西屯,C0F9T0,2017-04-05T09:00:00+08:00,111.0,353.0,1.4,23.4,0.51,1004.2,-99.0,0.0,-9.9,-99,-999,臺中市,02,西屯區,125
24.1820,120.6329,西屯,C0F9T0,2017-04-05T10:00:00+08:00,111.0,16.0,1.3,24.9,0.45,1003.8,-99.0,0.0,-9.9,-99,-999,臺中市,02,西屯區,125
24.1820,120.6329,西屯,C0F9T0,2017-04-05T11:00:00+08:00,111.0,323.0,2.8,25.6,0.41,1003.5,-99.0,0.0,-9.9,-99,-999,臺中市,02,西屯區,125
24.1820,120.6329,西屯,C0F9T0,2017-04-05T12:00:00+08:00,111.0,324.0,2.4,25.6,0.49,1002.6,-99.0,0.0,-9.9,-99,-999,臺中市,02,西屯區,125
24.1820,120.6329,西屯,C0F9T0,2017-04-05T13:00:00+08:00,111.0,313.0,2.6,25.9,0.47,1001.6,-99.0,0.0,-9.9,-99,-999,臺中市,02,西屯區,125
24.1820,120.6329,西屯,C0F9T0,2017-04-05T14:00:00+08:00,111.0,325.0,3.8,25.2,0.50,1000.9,-99.0,0.0,-9.9,-99,-999,臺中市,02,西屯區,125
24.1820,120.6329,西屯,C0F9T0,2017-04-05T15:00:00+08:00,111.0,332.0,2.4,25.7,0.47,1000.3,-99.0,0.0,-9.9,-99,-999,臺中市,02,西屯區,125
24.1820,120.6329,西屯,C0F9T0,2017-04-05T16:00:00+08:00,111.0,336.0,2.8,25.4,0.48,999.9,-99.0,0.0,-9.9,-99,-999,臺中市,02,西屯區,125
24.1820,120.6329,西屯,C0F9T0,2017-04-05T17:00:00+08:00,111.0,325.0,2.3,24.7,0.51,1000.0,-99.0,0.0,-9.9,-99,-999,臺中市,02,西屯區,125
24.1820,120.6329,西屯,C0F9T0,2017-04-05T18:00:00+08:00,111.0,338.0,2.0,23.8,0.56,1000.3,-99.0,0.0,-9.9,-99,-999,臺中市,02,西屯區,125
24.1820,120.6329,西屯,C0F9T0,2017-04-05T19:00:00+08:00,111.0,327.0,1.4,23.0,0.63,1000.5,-99.0,0.0,-9.9,-99,-999,臺中市,02,西屯區,125
24.1820,120.6329,西屯,C0F9T0,2017-04-05T20:00:00+08:00,111.0,338.0,0.7,22.4,0.69,1001.2,-99.0,0.0,-9.9,-99,-999,臺中市,02,西屯區,125
24.1820,120.6329,西屯,C0F9T0,2017-04-05T21:00:00+08:00,111.0,334.0,0.3,22.5,0.69,1001.5,-99.0,0.0,-9.9,-99,-999,臺中市,02,西屯區,125
24.1820,120.6329,西屯,C0F9T0,2017-04-05T22:00:00+08:00,111.0,321.0,0.3,22.3,0.70,1001.5,-99.0,0.0,-9.9,-99,-999,臺中市,02,西屯區,125
24.1820,120.6329,西屯,C0F9T0,2017-04-05T23:00:00+08:00,111.0,278.0,0.3,22.2,0.70,1001.3,-99.0,0.0,-9.9,-99,-999,臺中市,02,西屯區,125
24.1820,120.6329,西屯,C0F9T0,2017-04-06T00:00:00+08:00,111.0,0.0,0.0,21.9,0.68,1000.9,-99.0,0.0,-9.9,-99,-999,臺中市,02,西屯區,125
24.1820,120.6329,西屯,C0F9T0,2017-04-06T01:00:00+08:00,111.0,302.0,0.8,20.9,0.73,1000.6,-99.0,0.0,-9.9,-99,-999,臺中市,02,西屯區,125
24.1820,120.6329,西屯,C0F9T0,2017-04-06T02:00:00+08:00,111.0,306.0,0.7,20.6,0.74,1000.2,-99.0,0.0,-9.9,-99,-999,臺中市,02,西屯區,125
24.1820,120.6329,西屯,C0F9T0,2017-04-06T03:00:00+08:00,111.0,0.0,0.1,20.9,0.73,1000.0,-99.0,0.0,-9.9,-99,-999,臺中市,02,西屯區,125
24.1820,120.6329,西屯,C0F9T0,2017-04-06T04:00:00+08:00,111.0,312.0,0.7,20.5,0.76,999.7,-99.0,0.0,-9.9,-99,-999,臺中市,02,西屯區,125
24.1820,120.6329,西屯,C0F9T0,2017-04-06T05:00:00+08:00,111.0,0.0,0.2,20.6,0.76,1000.1,-99.0,0.0,-9.9,-99,-999,臺中市,02,西屯區,125
24.1820,120.6329,西屯,C0F9T0,2017-04-06T06:00:00+08:00,111.0,301.0,0.6,20.7,0.75,1000.5,-99.0,0.0,-9.9,-99,-999,臺中市,02,西屯區,125
24.1820,120.6329,西屯,C0F9T0,2017-04-06T07:00:00+08:00,111.0,0.0,0.2,21.2,0.74,1001.1,-99.0,0.0,-9.9,-99,-999,臺中市,02,西屯區,125
24.1820,120.6329,西屯,C0F9T0,2017-04-06T08:00:00+08:00,111.0,296.0,0.3,22.2,0.70,1001.6,-99.0,0.0,-9.9,-99,-999,臺中市,02,西屯區,125
24.1820,120.6329,西屯,C0F9T0,2017-04-06T10:00:00+08:00,111.0,315.0,0.8,25.3,0.53,1001.9,-99.0,0.0,-9.9,-99,-999,臺中市,02,西屯區,125
24.1820,120.6329,西屯,C0F9T0,2017-04-06T11:00:00+08:00,111.0,295.0,1.9,26.0,0.52,1001.5,-99.0,0.0,-9.9,-99,-999,臺中市,02,西屯區,125
24.1820,120.6329,西屯,C0F9T0,2017-04-06T12:00:00+08:00,111.0,310.0,1.8,27.0,0.49,1001.0,-99.0,0.0,-9.9,-99,-999,臺中市,02,西屯區,125
24.1820,120.6329,西屯,C0F9T0,2017-04-06T13:00:00+08:00,111.0,291.0,1.9,27.2,0.53,1000.4,-99.0,0.0,-9.9,-99,-999,臺中市,02,西屯區,125
24.1820,120.6329,西屯,C0F9T0,2017-04-06T14:00:00+08:00,111.0,302.0,2.8,25.9,0.56,1000.1,-99.0,0.0,-9.9,-99,-999,臺中市,02,西屯區,125
24.1820,120.6329,西屯,C0F9T0,2017-04-06T15:00:00+08:00,111.0,300.0,2.8,25.4,0.63,999.7,-99.0,0.0,-9.9,-99,-999,臺中市,02,西屯區,125
24.1820,120.6329,西屯,C0F9T0,2017-04-06T16:00:00+08:00,111.0,345.0,1.1,25.4,0.62,999.5,-99.0,0.0,-9.9,-99,-999,臺中市,02,西屯區,125
24.1820,120.6329,西屯,C0F9T0,2017-04-06T17:00:00+08:00,111.0,314.0,1.0,25.4,0.61,999.4,-99.0,0.0,-9.9,-99,-999,臺中市,02,西屯區,125
24.1820,120.6329,西屯,C0F9T0,2017-04-06T18:00:00+08:00,111.0,331.0,1.8,24.6,0.71,999.6,-99.0,0.0,-9.9,-99,-999,臺中市,02,西屯區,125
24.1820,120.6329,西屯,C0F9T0,2017-04-06T19:00:00+08:00,111.0,346.0,0.3,24.3,0.73,999.3,-99.0,0.0,-9.9,-99,-999,臺中市,02,西屯區,125
24.1820,120.6329,西屯,C0F9T0,2017-04-06T20:00:00+08:00,111.0,304.0,1.2,24.4,0.73,999.7,-99.0,0.0,-9.9,-99,-999,臺中市,02,西屯區,125
24.1820,120.6329,西屯,C0F9T0,2017-04-06T21:00:00+08:00,111.0,255.0,0.6,24.6,0.72,999.9,-99.0,0.0,-9.9,-99,-999,臺中市,02,西屯區,125
24.1820,120.6329,西屯,C0F9T0,2017-04-06T22:00:00+08:00,111.0,190.0,0.9,24.2,0.74,1000.2,-99.0,0.0,-9.9,-99,-999,臺中市,02,西屯區,125
24.1820,120.6329,西屯,C0F9T0,2017-04-07T00:00:00+08:00,111.0,0.0,0.0,23.8,0.77,1000.8,-99.0,0.0,-9.9,-99,-999,臺中市,02,西屯區,125
24.1820,120.6329,西屯,C0F9T0,2017-04-07T01:00:00+08:00,111.0,174.0,0.5,23.6,0.78,1000.8,-99.0,0.0,-9.9,-99,-999,臺中市,02,西屯區,125
24.1820,120.6329,西屯,C0F9T0,2017-04-07T02:00:00+08:00,111.0,163.0,1.2,23.6,0.73,999.9,-99.0,0.0,-9.9,-99,-999,臺中市,02,西屯區,125
24.1820,120.6329,西屯,C0F9T0,2017-04-07T03:00:00+08:00,111.0,177.0,1.1,23.5,0.73,998.6,-99.0,0.0,-9.9,-99,-999,臺中市,02,西屯區,125
24.1820,120.6329,西屯,C0F9T0,2017-04-07T04:00:00+08:00,111.0,183.0,1.0,23.4,0.74,998.1,-99.0,0.0,-9.9,-99,-999,臺中市,02,西屯區,125
24.1820,120.6329,西屯,C0F9T0,2017-04-07T05:00:00+08:00,111.0,157.0,0.9,23.6,0.74,996.4,-99.0,0.0,-9.9,-99,-999,臺中市,02,西屯區,125
24.1820,120.6329,西屯,C0F9T0,2017-04-07T06:00:00+08:00,111.0,271.0,1.2,23.2,0.75,997.7,-99.0,0.0,-9.9,-99,-999,臺中市,02,西屯區,125
24.1820,120.6329,西屯,C0F9T0,2017-04-07T07:00:00+08:00,111.0,330.0,1.1,24.0,0.71,1000.1,-99.0,0.0,-9.9,-99,-999,臺中市,02,西屯區,125
24.1820,120.6329,西屯,C0F9T0,2017-04-07T08:00:00+08:00,111.0,61.0,1.8,23.8,0.80,1001.1,-99.0,0.0,-9.9,-99,-999,臺中市,02,西屯區,125
24.1820,120.6329,西屯,C0F9T0,2017-04-07T09:00:00+08:00,111.0,82.0,1.0,24.1,0.81,1001.8,-99.0,0.0,-9.9,-99,-999,臺中市,02,西屯區,125
24.1820,120.6329,西屯,C0F9T0,2017-04-07T10:00:00+08:00,111.0,103.0,0.4,23.3,0.91,1002.2,-99.0,3.0,-9.9,-99,-999,臺中市,02,西屯區,125
24.1820,120.6329,西屯,C0F9T0,2017-04-07T11:00:00+08:00,111.0,0.0,0.1,23.3,0.89,1002.0,-99.0,4.0,-9.9,-99,-999,臺中市,02,西屯區,125
24.1820,120.6329,西屯,C0F9T0,2017-04-07T12:00:00+08:00,111.0,0.0,0.2,24.3,0.84,1001.1,-99.0,4.5,-9.9,-99,-999,臺中市,02,西屯區,125
24.1820,120.6329,西屯,C0F9T0,2017-04-07T13:00:00+08:00,111.0,160.0,0.8,24.6,0.85,1000.5,-99.0,4.5,-9.9,-99,-999,臺中市,02,西屯區,125
24.1820,120.6329,西屯,C0F9T0,2017-04-07T14:00:00+08:00,111.0,179.0,1.4,26.2,0.74,999.7,-99.0,4.5,-9.9,-99,-999,臺中市,02,西屯區,125
24.1820,120.6329,西屯,C0F9T0,2017-04-07T15:00:00+08:00,111.0,248.0,1.1,27.1,0.70,999.0,-99.0,4.5,-9.9,-99,-999,臺中市,02,西屯區,125
24.1820,120.6329,西屯,C0F9T0,2017-04-07T16:00:00+08:00,111.0,311.0,3.3,26.1,0.76,999.1,-99.0,4.5,-9.9,-99,-999,臺中市,02,西屯區,125
24.1820,120.6329,西屯,C0F9T0,2017-04-07T17:00:00+08:00,111.0,294.0,1.1,25.6,0.79,999.0,-99.0,4.5,-9.9,-99,-999,臺中市,02,西屯區,125
24.1820,120.6329,西屯,C0F9T0,2017-04-07T18:00:00+08:00,111.0,268.0,0.7,25.3,0.81,998.8,-99.0,4.5,-9.9,-99,-999,臺中市,02,西屯區,125
24.1820,120.6329,西屯,C0F9T0,2017-04-07T19:00:00+08:00,111.0,208.0,1.4,24.9,0.80,999.2,-99.0,4.5,-9.9,-99,-999,臺中市,02,西屯區,125
24.1820,120.6329,西屯,C0F9T0,2017-04-07T20:00:00+08:00,111.0,235.0,0.5,24.6,0.82,999.7,-99.0,4.5,-9.9,-99,-999,臺中市,02,西屯區,125
24.1820,120.6329,西屯,C0F9T0,2017-04-07T21:00:00+08:00,111.0,206.0,1.2,24.4,0.84,999.7,-99.0,4.5,-9.9,-99,-999,臺中市,02,西屯區,125
24.1820,120.6329,西屯,C0F9T0,2017-04-07T22:00:00+08:00,111.0,2.0,0.7,24.1,0.86,1000.3,-99.0,4.5,-9.9,-99,-999,臺中市,02,西屯區,125
24.1820,120.6329,西屯,C0F9T0,2017-04-07T23:00:00+08:00,111.0,2.0,0.5,24.1,0.86,1000.8,-99.0,4.5,-9.9,-99,-999,臺中市,02,西屯區,125
24.1820,120.6329,西屯,C0F9T0,2017-04-08T00:00:00+08:00,111.0,0.0,0.1,24.1,0.87,1000.3,-99.0,4.5,-9.9,-99,-999,臺中市,02,西屯區,125
24.1820,120.6329,西屯,C0F9T0,2017-04-08T01:00:00+08:00,111.0,0.0,0.0,24.3,0.84,1000.2,-99.0,0.0,-9.9,-99,-999,臺中市,02,西屯區,125
24.1820,120.6329,西屯,C0F9T0,2017-04-08T02:00:00+08:00,111.0,150.0,0.4,24.0,0.82,1000.0,-99.0,0.0,-9.9,-99,-999,臺中市,02,西屯區,125
24.1820,120.6329,西屯,C0F9T0,2017-04-08T03:00:00+08:00,111.0,298.0,0.6,23.1,0.90,999.4,-99.0,0.0,-9.9,-99,-999,臺中市,02,西屯區,125
24.1820,120.6329,西屯,C0F9T0,2017-04-08T04:00:00+08:00,111.0,0.0,0.0,22.9,0.92,999.4,-99.0,0.0,-9.9,-99,-999,臺中市,02,西屯區,125
24.1820,120.6329,西屯,C0F9T0,2017-04-08T05:00:00+08:00,111.0,295.0,0.6,22.5,0.93,999.8,-99.0,0.0,-9.9,-99,-999,臺中市,02,西屯區,125
24.1820,120.6329,西屯,C0F9T0,2017-04-08T06:00:00+08:00,111.0,111.0,1.1,22.2,0.92,1000.2,-99.0,0.0,-9.9,-99,-999,臺中市,02,西屯區,125
24.1820,120.6329,西屯,C0F9T0,2017-04-08T07:00:00+08:00,111.0,0.0,0.2,23.0,0.86,1000.9,-99.0,0.0,-9.9,-99,-999,臺中市,02,西屯區,125
24.1820,120.6329,西屯,C0F9T0,2017-04-08T08:00:00+08:00,111.0,141.0,1.1,25.2,0.73,1001.2,-99.0,0.0,-9.9,-99,-999,臺中市,02,西屯區,125
24.1820,120.6329,西屯,C0F9T0,2017-04-08T09:00:00+08:00,111.0,205.0,1.1,26.6,0.66,1001.6,-99.0,0.0,-9.9,-99,-999,臺中市,02,西屯區,125
24.1820,120.6329,西屯,C0F9T0,2017-04-08T10:00:00+08:00,111.0,173.0,1.1,27.7,0.57,1001.7,-99.0,0.0,-9.9,-99,-999,臺中市,02,西屯區,125
24.1820,120.6329,西屯,C0F9T0,2017-04-08T11:00:00+08:00,111.0,156.0,1.3,29.3,0.55,1001.3,-99.0,0.0,-9.9,-99,-999,臺中市,02,西屯區,125
24.1820,120.6329,西屯,C0F9T0,2017-04-08T12:00:00+08:00,111.0,273.0,0.8,29.7,0.54,1000.6,-99.0,0.0,-9.9,-99,-999,臺中市,02,西屯區,125
24.1820,120.6329,西屯,C0F9T0,2017-04-08T13:00:00+08:00,111.0,259.0,0.6,30.0,0.54,999.5,-99.0,0.0,-9.9,-99,-999,臺中市,02,西屯區,125
24.1820,120.6329,西屯,C0F9T0,2017-04-08T14:00:00+08:00,111.0,287.0,1.4,29.1,0.65,998.8,-99.0,0.0,-9.9,-99,-999,臺中市,02,西屯區,125
24.1820,120.6329,西屯,C0F9T0,2017-04-08T15:00:00+08:00,111.0,301.0,2.4,28.0,0.70,998.2,-99.0,0.0,-9.9,-99,-999,臺中市,02,西屯區,125
24.1820,120.6329,西屯,C0F9T0,2017-04-08T16:00:00+08:00,111.0,305.0,3.4,27.3,0.73,998.0,-99.0,0.0,-9.9,-99,-999,臺中市,02,西屯區,125
24.1820,120.6329,西屯,C0F9T0,2017-04-08T17:00:00+08:00,111.0,287.0,1.7,27.5,0.71,997.6,-99.0,0.0,-9.9,-99,-999,臺中市,02,西屯區,125
24.1820,120.6329,西屯,C0F9T0,2017-04-08T18:00:00+08:00,111.0,276.0,1.5,26.7,0.73,997.8,-99.0,0.0,-9.9,-99,-999,臺中市,02,西屯區,125
24.1820,120.6329,西屯,C0F9T0,2017-04-08T19:00:00+08:00,111.0,215.0,0.6,25.9,0.77,997.8,-99.0,0.0,-9.9,-99,-999,臺中市,02,西屯區,125
24.1820,120.6329,西屯,C0F9T0,2017-04-08T20:00:00+08:00,111.0,202.0,1.9,25.9,0.77,998.4,-99.0,0.0,-9.9,-99,-999,臺中市,02,西屯區,125
24.1820,120.6329,西屯,C0F9T0,2017-04-08T21:00:00+08:00,111.0,206.0,1.1,25.7,0.79,999.3,-99.0,0.0,-9.9,-99,-999,臺中市,02,西屯區,125
24.1820,120.6329,西屯,C0F9T0,2017-04-08T22:00:00+08:00,111.0,198.0,1.8,25.6,0.78,999.7,-99.0,0.0,-9.9,-99,-999,臺中市,02,西屯區,125
24.1820,120.6329,西屯,C0F9T0,2017-04-08T23:00:00+08:00,111.0,184.0,0.6,25.5,0.78,999.3,-99.0,0.0,-9.9,-99,-999,臺中市,02,西屯區,125
24.1820,120.6329,西屯,C0F9T0,2017-04-09T00:00:00+08:00,111.0,205.0,0.7,25.3,0.80,998.9,-99.0,0.0,-9.9,-99,-999,臺中市,02,西屯區,125
24.1820,120.6329,西屯,C0F9T0,2017-04-09T01:00:00+08:00,111.0,203.0,1.1,25.1,0.83,998.1,-99.0,0.0,-9.9,-99,-999,臺中市,02,西屯區,125
24.1820,120.6329,西屯,C0F9T0,2017-04-09T02:00:00+08:00,111.0,199.0,0.9,24.8,0.84,997.2,-99.0,0.0,-9.9,-99,-999,臺中市,02,西屯區,125
24.1820,120.6329,西屯,C0F9T0,2017-04-09T03:00:00+08:00,111.0,174.0,1.2,24.6,0.86,996.4,-99.0,0.0,-9.9,-99,-999,臺中市,02,西屯區,125
24.1820,120.6329,西屯,C0F9T0,2017-04-09T05:00:00+08:00,111.0,312.0,0.5,24.1,0.88,996.5,-99.0,0.0,-9.9,-99,-999,臺中市,02,西屯區,125
24.1820,120.6329,西屯,C0F9T0,2017-04-09T06:00:00+08:00,111.0,244.0,0.4,23.5,0.91,997.1,-99.0,0.0,-9.9,-99,-999,臺中市,02,西屯區,125
24.1820,120.6329,西屯,C0F9T0,2017-04-09T07:00:00+08:00,111.0,208.0,1.0,24.2,0.86,997.5,-99.0,0.0,-9.9,-99,-999,臺中市,02,西屯區,125
24.1820,120.6329,西屯,C0F9T0,2017-04-09T08:00:00+08:00,111.0,205.0,2.1,25.1,0.80,998.0,-99.0,0.0,-9.9,-99,-999,臺中市,02,西屯區,125
24.1820,120.6329,西屯,C0F9T0,2017-04-09T10:00:00+08:00,111.0,209.0,2.4,27.5,0.70,998.2,-99.0,0.0,-9.9,-99,-999,臺中市,02,西屯區,125
24.1820,120.6329,西屯,C0F9T0,2017-04-09T11:00:00+08:00,111.0,208.0,2.7,28.1,0.66,998.0,-99.0,0.0,-9.9,-99,-999,臺中市,02,西屯區,125
24.1820,120.6329,西屯,C0F9T0,2017-04-09T12:00:00+08:00,111.0,196.0,2.0,28.7,0.64,997.3,-99.0,0.0,-9.9,-99,-999,臺中市,02,西屯區,125
24.1820,120.6329,西屯,C0F9T0,2017-04-09T13:00:00+08:00,111.0,195.0,2.0,30.3,0.58,996.1,-99.0,0.0,-9.9,-99,-999,臺中市,02,西屯區,125
24.1820,120.6329,西屯,C0F9T0,2017-04-09T14:00:00+08:00,111.0,208.0,3.2,30.8,0.59,995.1,-99.0,0.0,-9.9,-99,-999,臺中市,02,西屯區,125
24.1820,120.6329,西屯,C0F9T0,2017-04-09T15:00:00+08:00,111.0,223.0,1.5,31.2,0.57,994.6,-99.0,0.0,-9.9,-99,-999,臺中市,02,西屯區,125
24.1820,120.6329,西屯,C0F9T0,2017-04-09T16:00:00+08:00,111.0,295.0,1.9,29.7,0.68,994.6,-99.0,0.0,-9.9,-99,-999,臺中市,02,西屯區,125
24.1820,120.6329,西屯,C0F9T0,2017-04-09T17:00:00+08:00,111.0,242.0,2.0,28.7,0.68,994.5,-99.0,0.0,-9.9,-99,-999,臺中市,02,西屯區,125
24.1820,120.6329,西屯,C0F9T0,2017-04-09T18:00:00+08:00,111.0,201.0,2.3,27.5,0.75,994.7,-99.0,0.0,-9.9,-99,-999,臺中市,02,西屯區,125
24.1820,120.6329,西屯,C0F9T0,2017-04-09T19:00:00+08:00,111.0,211.0,2.4,26.9,0.78,995.5,-99.0,0.0,-9.9,-99,-999,臺中市,02,西屯區,125
24.1820,120.6329,西屯,C0F9T0,2017-04-09T20:00:00+08:00,111.0,210.0,2.9,26.5,0.78,996.1,-99.0,0.0,-9.9,-99,-999,臺中市,02,西屯區,125
24.1820,120.6329,西屯,C0F9T0,2017-04-09T21:00:00+08:00,111.0,200.0,1.1,26.2,0.79,996.7,-99.0,0.0,-9.9,-99,-999,臺中市,02,西屯區,125
24.1820,120.6329,西屯,C0F9T0,2017-04-09T22:00:00+08:00,111.0,174.0,1.9,26.0,0.80,996.9,-99.0,0.0,-9.9,-99,-999,臺中市,02,西屯區,125
24.1820,120.6329,西屯,C0F9T0,2017-04-09T23:00:00+08:00,111.0,180.0,1.7,25.8,0.80,997.1,-99.0,0.0,-9.9,-99,-999,臺中市,02,西屯區,125
24.1820,120.6329,西屯,C0F9T0,2017-04-10T00:00:00+08:00,111.0,194.0,1.3,25.7,0.80,996.7,-99.0,0.0,-9.9,-99,-999,臺中市,02,西屯區,125
24.1820,120.6329,西屯,C0F9T0,2017-04-10T01:00:00+08:00,111.0,182.0,1.7,25.9,0.74,996.3,-99.0,0.0,-9.9,-99,-999,臺中市,02,西屯區,125
24.1820,120.6329,西屯,C0F9T0,2017-04-10T02:00:00+08:00,111.0,191.0,0.9,25.7,0.75,995.8,-99.0,0.0,-9.9,-99,-999,臺中市,02,西屯區,125
24.1820,120.6329,西屯,C0F9T0,2017-04-10T03:00:00+08:00,111.0,165.0,1.9,25.7,0.74,995.5,-99.0,0.0,-9.9,-99,-999,臺中市,02,西屯區,125
24.1820,120.6329,西屯,C0F9T0,2017-04-10T04:00:00+08:00,111.0,160.0,2.6,25.9,0.69,995.1,-99.0,0.0,-9.9,-99,-999,臺中市,02,西屯區,125
24.1820,120.6329,西屯,C0F9T0,2017-04-10T05:00:00+08:00,111.0,164.0,0.7,26.0,0.68,995.4,-99.0,0.0,-9.9,-99,-999,臺中市,02,西屯區,125
24.1820,120.6329,西屯,C0F9T0,2017-04-10T06:00:00+08:00,111.0,168.0,1.4,26.1,0.66,995.5,-99.0,0.0,-9.9,-99,-999,臺中市,02,西屯區,125
24.1820,120.6329,西屯,C0F9T0,2017-04-10T07:00:00+08:00,111.0,157.0,1.7,26.8,0.65,995.9,-99.0,0.0,-9.9,-99,-999,臺中市,02,西屯區,125
24.1820,120.6329,西屯,C0F9T0,2017-04-10T08:00:00+08:00,111.0,196.0,2.3,27.6,0.64,996.6,-99.0,0.0,-9.9,-99,-999,臺中市,02,西屯區,125
24.1820,120.6329,西屯,C0F9T0,2017-04-10T10:00:00+08:00,111.0,173.0,2.0,30.0,0.54,996.9,-99.0,0.0,-9.9,-99,-999,臺中市,02,西屯區,125
24.1820,120.6329,西屯,C0F9T0,2017-04-10T11:00:00+08:00,111.0,194.0,3.4,31.2,0.48,996.2,-99.0,0.0,-9.9,-99,-999,臺中市,02,西屯區,125
24.1820,120.6329,西屯,C0F9T0,2017-04-10T14:00:00+08:00,111.0,215.0,2.0,32.7,0.42,993.7,-99.0,0.0,-9.9,-99,-999,臺中市,02,西屯區,125
24.1820,120.6329,西屯,C0F9T0,2017-04-10T15:00:00+08:00,111.0,203.0,3.3,32.5,0.44,992.9,-99.0,0.0,-9.9,-99,-999,臺中市,02,西屯區,125
24.1820,120.6329,西屯,C0F9T0,2017-04-10T16:00:00+08:00,111.0,206.0,3.0,31.7,0.46,992.6,-99.0,0.0,-9.9,-99,-999,臺中市,02,西屯區,125
24.1820,120.6329,西屯,C0F9T0,2017-04-10T17:00:00+08:00,111.0,239.0,1.4,30.9,0.50,992.7,-99.0,0.0,-9.9,-99,-999,臺中市,02,西屯區,125
24.1820,120.6329,西屯,C0F9T0,2017-04-10T18:00:00+08:00,111.0,214.0,1.2,29.4,0.57,992.9,-99.0,0.0,-9.9,-99,-999,臺中市,02,西屯區,125
24.1820,120.6329,西屯,C0F9T0,2017-04-10T19:00:00+08:00,111.0,190.0,1.3,28.6,0.60,993.1,-99.0,0.0,-9.9,-99,-999,臺中市,02,西屯區,125
24.1820,120.6329,西屯,C0F9T0,2017-04-10T20:00:00+08:00,111.0,203.0,1.7,28.1,0.63,993.7,-99.0,0.0,-9.9,-99,-999,臺中市,02,西屯區,125
24.1820,120.6329,西屯,C0F9T0,2017-04-10T21:00:00+08:00,111.0,188.0,2.6,27.8,0.67,994.2,-99.0,0.0,-9.9,-99,-999,臺中市,02,西屯區,125
24.1820,120.6329,西屯,C0F9T0,2017-04-10T22:00:00+08:00,111.0,195.0,1.6,27.2,0.69,994.8,-99.0,0.0,-9.9,-99,-999,臺中市,02,西屯區,125
24.1820,120.6329,西屯,C0F9T0,2017-04-10T23:00:00+08:00,111.0,193.0,2.6,26.9,0.71,995.1,-99.0,0.0,-9.9,-99,-999,臺中市,02,西屯區,125
24.1820,120.6329,西屯,C0F9T0,2017-04-11T00:00:00+08:00,111.0,204.0,2.2,26.8,0.74,995.6,-99.0,0.0,-9.9,-99,-999,臺中市,02,西屯區,125
24.1820,120.6329,西屯,C0F9T0,2017-04-11T01:00:00+08:00,111.0,170.0,1.9,26.4,0.77,995.5,-99.0,0.0,-9.9,-99,-999,臺中市,02,西屯區,125
24.1820,120.6329,西屯,C0F9T0,2017-04-11T02:00:00+08:00,111.0,163.0,3.3,26.3,0.77,994.8,-99.0,0.0,-9.9,-99,-999,臺中市,02,西屯區,125
24.1820,120.6329,西屯,C0F9T0,2017-04-11T03:00:00+08:00,111.0,163.0,2.3,26.7,0.74,994.2,-99.0,0.0,-9.9,-99,-999,臺中市,02,西屯區,125
24.1820,120.6329,西屯,C0F9T0,2017-04-11T04:00:00+08:00,111.0,155.0,2.3,26.5,0.72,994.2,-99.0,0.0,-9.9,-99,-999,臺中市,02,西屯區,125
24.1820,120.6329,西屯,C0F9T0,2017-04-11T05:00:00+08:00,111.0,166.0,1.8,26.9,0.67,994.0,-99.0,0.0,-9.9,-99,-999,臺中市,02,西屯區,125
24.1820,120.6329,西屯,C0F9T0,2017-04-11T06:00:00+08:00,111.0,180.0,1.8,27.2,0.63,994.3,-99.0,0.0,-9.9,-99,-999,臺中市,02,西屯區,125
24.1820,120.6329,西屯,C0F9T0,2017-04-11T07:00:00+08:00,111.0,250.0,0.5,26.3,0.72,995.7,-99.0,0.0,-9.9,-99,-999,臺中市,02,西屯區,125
24.1820,120.6329,西屯,C0F9T0,2017-04-11T08:00:00+08:00,111.0,201.0,1.3,27.1,0.66,996.7,-99.0,0.0,-9.9,-99,-999,臺中市,02,西屯區,125
24.1820,120.6329,西屯,C0F9T0,2017-04-11T09:00:00+08:00,111.0,205.0,1.6,27.3,0.65,997.0,-99.0,0.0,-9.9,-99,-999,臺中市,02,西屯區,125
24.1820,120.6329,西屯,C0F9T0,2017-04-11T10:00:00+08:00,111.0,207.0,1.9,27.4,0.68,996.9,-99.0,0.0,-9.9,-99,-999,臺中市,02,西屯區,125
24.1820,120.6329,西屯,C0F9T0,2017-04-11T11:00:00+08:00,111.0,189.0,1.0,28.1,0.68,996.7,-99.0,0.0,-9.9,-99,-999,臺中市,02,西屯區,125
24.1820,120.6329,西屯,C0F9T0,2017-04-11T12:00:00+08:00,111.0,218.0,0.7,26.4,0.83,996.4,-99.0,1.5,-9.9,-99,-999,臺中市,02,西屯區,125
24.1820,120.6329,西屯,C0F9T0,2017-04-11T13:00:00+08:00,111.0,348.0,1.1,24.4,0.90,995.8,-99.0,1.5,-9.9,-99,-999,臺中市,02,西屯區,125
24.1820,120.6329,西屯,C0F9T0,2017-04-11T14:00:00+08:00,111.0,337.0,2.0,25.5,0.86,995.0,-99.0,1.5,-9.9,-99,-999,臺中市,02,西屯區,125
24.1820,120.6329,西屯,C0F9T0,2017-04-11T15:00:00+08:00,111.0,285.0,1.2,26.7,0.82,994.6,-99.0,1.5,-9.9,-99,-999,臺中市,02,西屯區,125
24.1820,120.6329,西屯,C0F9T0,2017-04-11T16:00:00+08:00,111.0,208.0,1.4,26.4,0.84,994.6,-99.0,1.5,-9.9,-99,-999,臺中市,02,西屯區,125
24.1820,120.6329,西屯,C0F9T0,2017-04-11T17:00:00+08:00,111.0,296.0,0.3,26.3,0.85,994.6,-99.0,2.5,-9.9,-99,-999,臺中市,02,西屯區,125
24.1820,120.6329,西屯,C0F9T0,2017-04-11T18:00:00+08:00,111.0,306.0,2.1,25.6,0.85,994.9,-99.0,2.5,-9.9,-99,-999,臺中市,02,西屯區,125
24.1820,120.6329,西屯,C0F9T0,2017-04-11T19:00:00+08:00,111.0,326.0,1.2,23.0,0.90,995.3,-99.0,2.5,-9.9,-99,-999,臺中市,02,西屯區,125
24.1820,120.6329,西屯,C0F9T0,2017-04-11T20:00:00+08:00,111.0,314.0,1.2,23.5,0.89,995.6,-99.0,2.5,-9.9,-99,-999,臺中市,02,西屯區,125
24.1820,120.6329,西屯,C0F9T0,2017-04-11T21:00:00+08:00,111.0,0.0,0.0,23.9,0.89,996.0,-99.0,3.0,-9.9,-99,-999,臺中市,02,西屯區,125
24.1820,120.6329,西屯,C0F9T0,2017-04-11T22:00:00+08:00,111.0,318.0,1.8,20.8,0.94,996.9,-99.0,3.0,-9.9,-99,-999,臺中市,02,西屯區,125
24.1820,120.6329,西屯,C0F9T0,2017-04-11T23:00:00+08:00,111.0,322.0,1.4,18.8,0.97,996.9,-99.0,19.0,-9.9,-99,-999,臺中市,02,西屯區,125
24.1820,120.6329,西屯,C0F9T0,2017-04-12T00:00:00+08:00,111.0,350.0,1.5,18.6,0.98,997.0,-99.0,21.0,-9.9,-99,-999,臺中市,02,西屯區,125
24.1820,120.6329,西屯,C0F9T0,2017-04-12T02:00:00+08:00,111.0,330.0,1.5,18.4,0.96,997.1,-99.0,1.5,-9.9,-99,-999,臺中市,02,西屯區,125
24.1820,120.6329,西屯,C0F9T0,2017-04-12T03:00:00+08:00,111.0,314.0,1.7,18.3,0.96,997.3,-99.0,2.0,-9.9,-99,-999,臺中市,02,西屯區,125
24.1820,120.6329,西屯,C0F9T0,2017-04-12T04:00:00+08:00,111.0,322.0,2.1,18.4,0.93,997.3,-99.0,2.0,-9.9,-99,-999,臺中市,02,西屯區,125
24.1820,120.6329,西屯,C0F9T0,2017-04-12T05:00:00+08:00,111.0,333.0,2.1,18.3,0.93,997.8,-99.0,2.0,-9.9,-99,-999,臺中市,02,西屯區,125
24.1820,120.6329,西屯,C0F9T0,2017-04-12T06:00:00+08:00,111.0,338.0,1.3,18.3,0.92,998.2,-99.0,2.0,-9.9,-99,-999,臺中市,02,西屯區,125
24.1820,120.6329,西屯,C0F9T0,2017-04-12T07:00:00+08:00,111.0,323.0,3.7,18.3,0.90,999.0,-99.0,7.0,-9.9,-99,-999,臺中市,02,西屯區,125
24.1820,120.6329,西屯,C0F9T0,2017-04-12T08:00:00+08:00,111.0,335.0,1.0,18.6,0.92,998.9,-99.0,7.0,-9.9,-99,-999,臺中市,02,西屯區,125
24.1820,120.6329,西屯,C0F9T0,2017-04-12T09:00:00+08:00,111.0,321.0,1.6,20.7,0.85,999.3,-99.0,8.0,-9.9,-99,-999,臺中市,02,西屯區,125
24.1820,120.6329,西屯,C0F9T0,2017-04-12T10:00:00+08:00,111.0,317.0,2.9,19.6,0.84,1000.1,-99.0,8.0,-9.9,-99,-999,臺中市,02,西屯區,125
24.1820,120.6329,西屯,C0F9T0,2017-04-12T11:00:00+08:00,111.0,338.0,2.6,20.1,0.81,999.9,-99.0,8.0,-9.9,-99,-999,臺中市,02,西屯區,125
24.1820,120.6329,西屯,C0F9T0,2017-04-12T12:00:00+08:00,111.0,348.0,3.9,19.5,0.83,999.8,-99.0,8.0,-9.9,-99,-999,臺中市,02,西屯區,125
24.1820,120.6329,西屯,C0F9T0,2017-04-12T13:00:00+08:00,111.0,315.0,2.6,19.7,0.84,999.1,-99.0,8.0,-9.9,-99,-999,臺中市,02,西屯區,125
24.1820,120.6329,西屯,C0F9T0,2017-04-12T14:00:00+08:00,111.0,336.0,3.2,19.2,0.86,999.0,-99.0,8.0,-9.9,-99,-999,臺中市,02,西屯區,125
24.1820,120.6329,西屯,C0F9T0,2017-04-12T15:00:00+08:00,111.0,14.0,2.3,19.1,0.85,998.8,-99.0,8.0,-9.9,-99,-999,臺中市,02,西屯區,125
24.1820,120.6329,西屯,C0F9T0,2017-04-12T16:00:00+08:00,111.0,320.0,3.0,19.5,0.83,998.9,-99.0,8.0,-9.9,-99,-999,臺中市,02,西屯區,125
24.1820,120.6329,西屯,C0F9T0,2017-04-12T17:00:00+08:00,111.0,321.0,2.1,19.6,0.82,999.0,-99.0,8.0,-9.9,-99,-999,臺中市,02,西屯區,125
24.1820,120.6329,西屯,C0F9T0,2017-04-12T18:00:00+08:00,111.0,334.0,3.5,18.2,0.86,999.6,-99.0,8.0,-9.9,-99,-999,臺中市,02,西屯區,125
24.1820,120.6329,西屯,C0F9T0,2017-04-12T19:00:00+08:00,111.0,316.0,2.2,17.9,0.89,999.9,-99.0,8.0,-9.9,-99,-999,臺中市,02,西屯區,125
24.1820,120.6329,西屯,C0F9T0,2017-04-12T21:00:00+08:00,111.0,341.0,2.0,17.4,0.86,1000.8,-99.0,8.0,-9.9,-99,-999,臺中市,02,西屯區,125
24.1820,120.6329,西屯,C0F9T0,2017-04-12T22:00:00+08:00,111.0,341.0,3.5,16.9,0.84,1001.7,-99.0,8.0,-9.9,-99,-999,臺中市,02,西屯區,125
24.1820,120.6329,西屯,C0F9T0,2017-04-12T23:00:00+08:00,111.0,334.0,2.7,16.1,0.92,1002.1,-99.0,9.5,-9.9,-99,-999,臺中市,02,西屯區,125
24.1820,120.6329,西屯,C0F9T0,2017-04-13T00:00:00+08:00,111.0,317.0,3.0,15.7,0.95,1002.1,-99.0,12.5,-9.9,-99,-999,臺中市,02,西屯區,125
24.1820,120.6329,西屯,C0F9T0,2017-04-13T01:00:00+08:00,111.0,325.0,2.1,16.0,0.93,1002.0,-99.0,0.0,-9.9,-99,-999,臺中市,02,西屯區,125
24.1820,120.6329,西屯,C0F9T0,2017-04-13T02:00:00+08:00,111.0,46.0,2.1,15.9,0.93,1002.1,-99.0,1.5,-9.9,-99,-999,臺中市,02,西屯區,125
24.1820,120.6329,西屯,C0F9T0,2017-04-13T03:00:00+08:00,111.0,344.0,1.6,15.8,0.94,1001.8,-99.0,2.5,-9.9,-99,-999,臺中市,02,西屯區,125
24.1820,120.6329,西屯,C0F9T0,2017-04-13T04:00:00+08:00,111.0,349.0,2.4,15.7,0.94,1001.9,-99.0,3.0,-9.9,-99,-999,臺中市,02,西屯區,125
24.1820,120.6329,西屯,C0F9T0,2017-04-13T05:00:00+08:00,111.0,314.0,2.5,16.3,0.91,1001.2,-99.0,3.0,-9.9,-99,-999,臺中市,02,西屯區,125
24.1820,120.6329,西屯,C0F9T0,2017-04-13T06:00:00+08:00,111.0,323.0,1.9,15.7,0.92,1001.2,-99.0,3.0,-9.9,-99,-999,臺中市,02,西屯區,125
24.1820,120.6329,西屯,C0F9T0,2017-04-13T07:00:00+08:00,111.0,318.0,2.2,16.3,0.92,1002.0,-99.0,3.0,-9.9,-99,-999,臺中市,02,西屯區,125
24.1820,120.6329,西屯,C0F9T0,2017-04-13T08:00:00+08:00,111.0,315.0,1.6,16.9,0.87,1002.9,-99.0,3.0,-9.9,-99,-999,臺中市,02,西屯區,125
24.1820,120.6329,西屯,C0F9T0,2017-04-13T10:00:00+08:00,111.0,287.0,0.4,18.9,0.82,1003.3,-99.0,3.0,-9.9,-99,-999,臺中市,02,西屯區,125
24.1820,120.6329,西屯,C0F9T0,2017-04-13T11:00:00+08:00,111.0,191.0,0.4,20.2,0.78,1003.2,-99.0,3.0,-9.9,-99,-999,臺中市,02,西屯區,125
24.1820,120.6329,西屯,C0F9T0,2017-04-13T12:00:00+08:00,111.0,210.0,1.7,21.2,0.77,1002.8,-99.0,3.0,-9.9,-99,-999,臺中市,02,西屯區,125
24.1820,120.6329,西屯,C0F9T0,2017-04-13T13:00:00+08:00,111.0,202.0,1.9,20.8,0.79,1002.3,-99.0,3.0,-9.9,-99,-999,臺中市,02,西屯區,125
24.1820,120.6329,西屯,C0F9T0,2017-04-13T14:00:00+08:00,111.0,217.0,0.5,20.4,0.83,1002.1,-99.0,3.0,-9.9,-99,-999,臺中市,02,西屯區,125
24.1820,120.6329,西屯,C0F9T0,2017-04-13T15:00:00+08:00,111.0,0.0,0.1,18.9,0.92,1002.2,-99.0,4.0,-9.9,-99,-999,臺中市,02,西屯區,125
24.1820,120.6329,西屯,C0F9T0,2017-04-13T16:00:00+08:00,111.0,327.0,0.7,18.6,0.94,1002.0,-99.0,4.5,-9.9,-99,-999,臺中市,02,西屯區,125
24.1820,120.6329,西屯,C0F9T0,2017-04-13T17:00:00+08:00,111.0,315.0,1.0,18.8,0.96,1001.9,-99.0,7.0,-9.9,-99,-999,臺中市,02,西屯區,125
24.1820,120.6329,西屯,C0F9T0,2017-04-13T18:00:00+08:00,111.0,319.0,1.2,19.2,0.96,1002.2,-99.0,7.0,-9.9,-99,-999,臺中市,02,西屯區,125
24.1820,120.6329,西屯,C0F9T0,2017-04-13T19:00:00+08:00,111.0,0.0,0.0,19.6,0.95,1002.7,-99.0,7.0,-9.9,-99,-999,臺中市,02,西屯區,125
24.1820,120.6329,西屯,C0F9T0,2017-04-13T21:00:00+08:00,111.0,340.0,0.9,19.2,0.96,1003.5,-99.0,7.5,-9.9,-99,-999,臺中市,02,西屯區,125
24.1820,120.6329,西屯,C0F9T0,2017-04-13T23:00:00+08:00,111.0,338.0,1.3,19.3,0.95,1003.2,-99.0,7.5,-9.9,-99,-999,臺中市,02,西屯區,125
24.1820,120.6329,西屯,C0F9T0,2017-04-14T00:00:00+08:00,111.0,88.0,0.3,19.5,0.94,1002.9,-99.0,7.5,-9.9,-99,-999,臺中市,02,西屯區,125
24.1820,120.6329,西屯,C0F9T0,2017-04-14T01:00:00+08:00,111.0,69.0,0.6,19.8,0.92,1002.7,-99.0,0.0,-9.9,-99,-999,臺中市,02,西屯區,125
24.1820,120.6329,西屯,C0F9T0,2017-04-14T02:00:00+08:00,111.0,294.0,0.8,19.7,0.94,1002.2,-99.0,0.0,-9.9,-99,-999,臺中市,02,西屯區,125
24.1820,120.6329,西屯,C0F9T0,2017-04-14T03:00:00+08:00,111.0,17.0,0.3,19.8,0.94,1001.6,-99.0,0.0,-9.9,-99,-999,臺中市,02,西屯區,125
24.1820,120.6329,西屯,C0F9T0,2017-04-14T04:00:00+08:00,111.0,4.0,0.3,19.9,0.93,1001.4,-99.0,0.0,-9.9,-99,-999,臺中市,02,西屯區,125
24.1820,120.6329,西屯,C0F9T0,2017-04-14T05:00:00+08:00,111.0,342.0,0.9,19.9,0.95,1001.4,-99.0,0.0,-9.9,-99,-999,臺中市,02,西屯區,125
24.1820,120.6329,西屯,C0F9T0,2017-04-14T06:00:00+08:00,111.0,322.0,1.0,19.8,0.92,1001.6,-99.0,0.0,-9.9,-99,-999,臺中市,02,西屯區,125
24.1820,120.6329,西屯,C0F9T0,2017-04-14T07:00:00+08:00,111.0,334.0,0.9,20.1,0.90,1001.9,-99.0,0.0,-9.9,-99,-999,臺中市,02,西屯區,125
24.1820,120.6329,西屯,C0F9T0,2017-04-14T08:00:00+08:00,111.0,356.0,1.1,21.6,0.84,1002.3,-99.0,0.0,-9.9,-99,-999,臺中市,02,西屯區,125
24.1820,120.6329,西屯,C0F9T0,2017-04-14T09:00:00+08:00,111.0,299.0,1.6,23.5,0.76,1002.6,-99.0,0.0,-9.9,-99,-999,臺中市,02,西屯區,125
24.1820,120.6329,西屯,C0F9T0,2017-04-14T10:00:00+08:00,111.0,289.0,0.6,24.8,0.70,1002.4,-99.0,0.0,-9.9,-99,-999,臺中市,02,西屯區,125
24.1820,120.6329,西屯,C0F9T0,2017-04-14T11:00:00+08:00,111.0,316.0,1.7,25.0,0.71,1002.3,-99.0,0.0,-9.9,-99,-999,臺中市,02,西屯區,125
24.1820,120.6329,西屯,C0F9T0,2017-04-14T12:00:00+08:00,111.0,310.0,2.3,25.5,0.71,1001.8,-99.0,0.0,-9.9,-99,-999,臺中市,02,西屯區,125
24.1820,120.6329,西屯,C0F9T0,2017-04-14T13:00:00+08:00,111.0,297.0,1.5,26.2,0.68,1001.0,-99.0,0.0,-9.9,-99,-999,臺中市,02,西屯區,125
24.1820,120.6329,西屯,C0F9T0,2017-04-14T14:00:00+08:00,111.0,326.0,1.5,26.8,0.65,1000.4,-99.0,0.0,-9.9,-99,-999,臺中市,02,西屯區,125
24.1820,120.6329,西屯,C0F9T0,2017-04-14T15:00:00+08:00,111.0,292.0,2.4,26.5,0.68,1000.0,-99.0,0.0,-9.9,-99,-999,臺中市,02,西屯區,125
24.1820,120.6329,西屯,C0F9T0,2017-04-14T16:00:00+08:00,111.0,313.0,1.5,26.5,0.67,999.7,-99.0,0.0,-9.9,-99,-999,臺中市,02,西屯區,125
24.1820,120.6329,西屯,C0F9T0,2017-04-14T17:00:00+08:00,111.0,337.0,1.9,25.8,0.71,1000.0,-99.0,0.0,-9.9,-99,-999,臺中市,02,西屯區,125
24.1820,120.6329,西屯,C0F9T0,2017-04-14T18:00:00+08:00,111.0,324.0,1.9,25.1,0.74,1000.4,-99.0,0.0,-9.9,-99,-999,臺中市,02,西屯區,125
24.1820,120.6329,西屯,C0F9T0,2017-04-14T19:00:00+08:00,111.0,332.0,1.4,24.3,0.78,1000.5,-99.0,0.0,-9.9,-99,-999,臺中市,02,西屯區,125
24.1820,120.6329,西屯,C0F9T0,2017-04-14T20:00:00+08:00,111.0,14.0,0.7,24.3,0.74,1000.7,-99.0,0.0,-9.9,-99,-999,臺中市,02,西屯區,125
24.1820,120.6329,西屯,C0F9T0,2017-04-14T21:00:00+08:00,111.0,0.0,0.2,24.2,0.74,1001.0,-99.0,0.0,-9.9,-99,-999,臺中市,02,西屯區,125
24.1820,120.6329,西屯,C0F9T0,2017-04-14T22:00:00+08:00,111.0,299.0,0.7,23.7,0.82,1001.1,-99.0,0.0,-9.9,-99,-999,臺中市,02,西屯區,125
24.1820,120.6329,西屯,C0F9T0,2017-04-14T23:00:00+08:00,111.0,206.0,0.6,23.7,0.82,1000.9,-99.0,0.0,-9.9,-99,-999,臺中市,02,西屯區,125
24.1820,120.6329,西屯,C0F9T0,2017-04-15T00:00:00+08:00,111.0,0.0,0.0,23.3,0.84,1000.6,-99.0,0.0,-9.9,-99,-999,臺中市,02,西屯區,125
24.1820,120.6329,西屯,C0F9T0,2017-04-15T01:00:00+08:00,111.0,299.0,0.7,22.6,0.87,1000.2,-99.0,0.0,-9.9,-99,-999,臺中市,02,西屯區,125
24.1820,120.6329,西屯,C0F9T0,2017-04-15T02:00:00+08:00,111.0,0.0,0.0,22.3,0.89,999.8,-99.0,0.0,-9.9,-99,-999,臺中市,02,西屯區,125
24.1820,120.6329,西屯,C0F9T0,2017-04-15T03:00:00+08:00,111.0,87.0,0.5,22.6,0.88,999.6,-99.0,0.0,-9.9,-99,-999,臺中市,02,西屯區,125
24.1820,120.6329,西屯,C0F9T0,2017-04-15T04:00:00+08:00,111.0,0.0,0.0,22.1,0.90,999.8,-99.0,0.0,-9.9,-99,-999,臺中市,02,西屯區,125
24.1820,120.6329,西屯,C0F9T0,2017-04-15T05:00:00+08:00,111.0,0.0,0.2,22.2,0.91,1000.0,-99.0,0.0,-9.9,-99,-999,臺中市,02,西屯區,125
24.1820,120.6329,西屯,C0F9T0,2017-04-15T06:00:00+08:00,111.0,0.0,0.0,22.4,0.90,1000.6,-99.0,0.0,-9.9,-99,-999,臺中市,02,西屯區,125
24.1820,120.6329,西屯,C0F9T0,2017-04-15T07:00:00+08:00,111.0,299.0,0.5,22.8,0.89,1001.0,-99.0,0.0,-9.9,-99,-999,臺中市,02,西屯區,125
24.1820,120.6329,西屯,C0F9T0,2017-04-15T08:00:00+08:00,111.0,0.0,0.0,23.7,0.85,1001.9,-99.0,0.0,-9.9,-99,-999,臺中市,02,西屯區,125
24.1820,120.6329,西屯,C0F9T0,2017-04-15T10:00:00+08:00,111.0,280.0,0.9,26.8,0.68,1002.6,-99.0,0.0,-9.9,-99,-999,臺中市,02,西屯區,125
24.1820,120.6329,西屯,C0F9T0,2017-04-15T11:00:00+08:00,111.0,277.0,1.2,27.4,0.65,1002.6,-99.0,0.0,-9.9,-99,-999,臺中市,02,西屯區,125
24.1820,120.6329,西屯,C0F9T0,2017-04-15T12:00:00+08:00,111.0,288.0,1.9,28.0,0.63,1002.2,-99.0,0.0,-9.9,-99,-999,臺中市,02,西屯區,125
24.1820,120.6329,西屯,C0F9T0,2017-04-15T13:00:00+08:00,111.0,224.0,1.1,28.8,0.62,1001.3,-99.0,0.0,-9.9,-99,-999,臺中市,02,西屯區,125
24.1820,120.6329,西屯,C0F9T0,2017-04-15T14:00:00+08:00,111.0,301.0,2.4,29.0,0.63,1000.5,-99.0,0.0,-9.9,-99,-999,臺中市,02,西屯區,125
24.1820,120.6329,西屯,C0F9T0,2017-04-15T15:00:00+08:00,111.0,307.0,2.5,27.8,0.68,1000.2,-99.0,0.0,-9.9,-99,-999,臺中市,02,西屯區,125
24.1820,120.6329,西屯,C0F9T0,2017-04-15T16:00:00+08:00,111.0,326.0,1.5,26.6,0.73,999.8,-99.0,0.0,-9.9,-99,-999,臺中市,02,西屯區,125
24.1820,120.6329,西屯,C0F9T0,2017-04-15T17:00:00+08:00,111.0,329.0,1.8,26.8,0.67,999.3,-99.0,0.0,-9.9,-99,-999,臺中市,02,西屯區,125
24.1820,120.6329,西屯,C0F9T0,2017-04-15T18:00:00+08:00,111.0,317.0,1.0,26.4,0.71,999.3,-99.0,0.0,-9.9,-99,-999,臺中市,02,西屯區,125
24.1820,120.6329,西屯,C0F9T0,2017-04-15T19:00:00+08:00,111.0,323.0,1.2,25.7,0.73,999.6,-99.0,0.0,-9.9,-99,-999,臺中市,02,西屯區,125
24.1820,120.6329,西屯,C0F9T0,2017-04-15T20:00:00+08:00,111.0,51.0,0.6,25.5,0.72,1000.0,-99.0,0.0,-9.9,-99,-999,臺中市,02,西屯區,125
24.1820,120.6329,西屯,C0F9T0,2017-04-15T21:00:00+08:00,111.0,358.0,0.4,25.4,0.73,1000.9,-99.0,0.0,-9.9,-99,-999,臺中市,02,西屯區,125
24.1820,120.6329,西屯,C0F9T0,2017-04-15T22:00:00+08:00,111.0,0.0,0.1,25.6,0.74,1000.8,-99.0,0.0,-9.9,-99,-999,臺中市,02,西屯區,125
24.1820,120.6329,西屯,C0F9T0,2017-04-15T23:00:00+08:00,111.0,299.0,0.7,25.3,0.76,1000.7,-99.0,0.0,-9.9,-99,-999,臺中市,02,西屯區,125
24.1820,120.6329,西屯,C0F9T0,2017-04-16T00:00:00+08:00,111.0,0.0,0.0,25.3,0.77,1000.4,-99.0,0.0,-9.9,-99,-999,臺中市,02,西屯區,125
24.1820,120.6329,西屯,C0F9T0,2017-04-16T01:00:00+08:00,111.0,208.0,1.0,24.8,0.81,1000.5,-99.0,0.0,-9.9,-99,-999,臺中市,02,西屯區,125
24.1820,120.6329,西屯,C0F9T0,2017-04-16T02:00:00+08:00,111.0,292.0,0.7,23.9,0.86,1000.2,-99.0,0.0,-9.9,-99,-999,臺中市,02,西屯區,125
24.1820,120.6329,西屯,C0F9T0,2017-04-16T03:00:00+08:00,111.0,0.0,0.1,24.2,0.85,1000.2,-99.0,0.0,-9.9,-99,-999,臺中市,02,西屯區,125
24.1820,120.6329,西屯,C0F9T0,2017-04-16T04:00:00+08:00,111.0,82.0,1.1,24.6,0.83,1000.2,-99.0,0.0,-9.9,-99,-999,臺中市,02,西屯區,125
24.1820,120.6329,西屯,C0F9T0,2017-04-16T05:00:00+08:00,111.0,306.0,0.7,24.3,0.85,1000.2,-99.0,0.0,-9.9,-99,-999,臺中市,02,西屯區,125
24.1820,120.6329,西屯,C0F9T0,2017-04-16T06:00:00+08:00,111.0,0.0,0.0,24.6,0.83,1000.5,-99.0,0.0,-9.9,-99,-999,臺中市,02,西屯區,125
24.1820,120.6329,西屯,C0F9T0,2017-04-16T07:00:00+08:00,111.0,315.0,1.0,25.0,0.83,1001.2,-99.0,0.0,-9.9,-99,-999,臺中市,02,西屯區,125
24.1820,120.6329,西屯,C0F9T0,2017-04-16T08:00:00+08:00,111.0,115.0,0.6,26.9,0.71,1001.4,-99.0,0.0,-9.9,-99,-999,臺中市,02,西屯區,125
24.1820,120.6329,西屯,C0F9T0,2017-04-16T09:00:00+08:00,111.0,308.0,1.6,27.7,0.67,1002.0,-99.0,0.0,-9.9,-99,-999,臺中市,02,西屯區,125
24.1820,120.6329,西屯,C0F9T0,2017-04-16T10:00:00+08:00,111.0,27.0,0.7,28.6,0.65,1001.9,-99.0,0.0,-9.9,-99,-999,臺中市,02,西屯區,125
24.1820,120.6329,西屯,C0F9T0,2017-04-16T11:00:00+08:00,111.0,301.0,1.8,29.2,0.63,1001.5,-99.0,0.0,-9.9,-99,-999,臺中市,02,西屯區,125
24.1820,120.6329,西屯,C0F9T0,2017-04-16T12:00:00+08:00,111.0,313.0,2.9,28.8,0.66,1001.3,-99.0,0.0,-9.9,-99,-999,臺中市,02,西屯區,125
24.1820,120.6329,西屯,C0F9T0,2017-04-16T13:00:00+08:00,111.0,305.0,2.2,29.4,0.63,1000.5,-99.0,0.0,-9.9,-99,-999,臺中市,02,西屯區,125
24.1820,120.6329,西屯,C0F9T0,2017-04-16T14:00:00+08:00,111.0,329.0,3.2,29.0,0.65,1000.2,-99.0,0.0,-9.9,-99,-999,臺中市,02,西屯區,125
24.1820,120.6329,西屯,C0F9T0,2017-04-16T15:00:00+08:00,111.0,303.0,3.2,28.7,0.65,999.7,-99.0,0.0,-9.9,-99,-999,臺中市,02,西屯區,125
24.1820,120.6329,西屯,C0F9T0,2017-04-16T16:00:00+08:00,111.0,343.0,2.2,28.0,0.68,999.1,-99.0,0.0,-9.9,-99,-999,臺中市,02,西屯區,125
24.1820,120.6329,西屯,C0F9T0,2017-04-16T17:00:00+08:00,111.0,323.0,2.5,27.6,0.70,999.3,-99.0,0.0,-9.9,-99,-999,臺中市,02,西屯區,125
24.1820,120.6329,西屯,C0F9T0,2017-04-16T18:00:00+08:00,111.0,357.0,1.9,26.5,0.76,999.4,-99.0,0.0,-9.9,-99,-999,臺中市,02,西屯區,125
24.1820,120.6329,西屯,C0F9T0,2017-04-16T19:00:00+08:00,111.0,301.0,0.6,26.1,0.78,999.6,-99.0,0.0,-9.9,-99,-999,臺中市,02,西屯區,125
24.1820,120.6329,西屯,C0F9T0,2017-04-16T20:00:00+08:00,111.0,321.0,1.2,25.9,0.77,1000.0,-99.0,0.0,-9.9,-99,-999,臺中市,02,西屯區,125
24.1820,120.6329,西屯,C0F9T0,2017-04-16T21:00:00+08:00,111.0,61.0,0.5,26.2,0.76,1000.1,-99.0,0.0,-9.9,-99,-999,臺中市,02,西屯區,125
24.1820,120.6329,西屯,C0F9T0,2017-04-16T22:00:00+08:00,111.0,198.0,0.6,26.4,0.75,999.8,-99.0,0.0,-9.9,-99,-999,臺中市,02,西屯區,125
24.1820,120.6329,西屯,C0F9T0,2017-04-16T23:00:00+08:00,111.0,208.0,0.4,26.2,0.77,999.8,-99.0,0.0,-9.9,-99,-999,臺中市,02,西屯區,125
24.1820,120.6329,西屯,C0F9T0,2017-04-17T00:00:00+08:00,111.0,210.0,1.1,25.6,0.81,999.3,-99.0,0.0,-9.9,-99,-999,臺中市,02,西屯區,125
24.1820,120.6329,西屯,C0F9T0,2017-04-17T01:00:00+08:00,111.0,0.0,0.0,25.1,0.84,998.8,-99.0,0.0,-9.9,-99,-999,臺中市,02,西屯區,125
24.1820,120.6329,西屯,C0F9T0,2017-04-17T02:00:00+08:00,111.0,0.0,0.0,24.4,0.87,998.6,-99.0,0.0,-9.9,-99,-999,臺中市,02,西屯區,125
24.1820,120.6329,西屯,C0F9T0,2017-04-17T03:00:00+08:00,111.0,0.0,0.0,24.4,0.87,998.0,-99.0,0.0,-9.9,-99,-999,臺中市,02,西屯區,125
24.1820,120.6329,西屯,C0F9T0,2017-04-17T04:00:00+08:00,111.0,0.0,0.0,24.2,0.88,997.9,-99.0,0.0,-9.9,-99,-999,臺中市,02,西屯區,125
24.1820,120.6329,西屯,C0F9T0,2017-04-17T05:00:00+08:00,111.0,0.0,0.1,23.8,0.90,998.0,-99.0,0.0,-9.9,-99,-999,臺中市,02,西屯區,125
24.1820,120.6329,西屯,C0F9T0,2017-04-17T06:00:00+08:00,111.0,265.0,0.7,24.1,0.88,998.1,-99.0,0.0,-9.9,-99,-999,臺中市,02,西屯區,125
24.1820,120.6329,西屯,C0F9T0,2017-04-17T07:00:00+08:00,111.0,194.0,1.3,25.0,0.83,998.7,-99.0,0.0,-9.9,-99,-999,臺中市,02,西屯區,125
24.1820,120.6329,西屯,C0F9T0,2017-04-17T08:00:00+08:00,111.0,201.0,2.2,26.7,0.73,999.1,-99.0,0.0,-9.9,-99,-999,臺中市,02,西屯區,125
24.1820,120.6329,西屯,C0F9T0,2017-04-17T09:00:00+08:00,111.0,171.0,1.1,27.4,0.71,999.4,-99.0,0.0,-9.9,-99,-999,臺中市,02,西屯區,125
24.1820,120.6329,西屯,C0F9T0,2017-04-17T10:00:00+08:00,111.0,165.0,2.1,29.1,0.63,998.9,-99.0,0.0,-9.9,-99,-999,臺中市,02,西屯區,125
24.1820,120.6329,西屯,C0F9T0,2017-04-17T11:00:00+08:00,111.0,207.0,1.3,30.2,0.57,998.3,-99.0,0.0,-9.9,-99,-999,臺中市,02,西屯區,125
24.1820,120.6329,西屯,C0F9T0,2017-04-17T12:00:00+08:00,111.0,197.0,3.1,30.7,0.55,997.7,-99.0,0.0,-9.9,-99,-999,臺中市,02,西屯區,125
24.1820,120.6329,西屯,C0F9T0,2017-04-17T13:00:00+08:00,111.0,200.0,2.7,31.3,0.55,996.6,-99.0,0.0,-9.9,-99,-999,臺中市,02,西屯區,125
24.1820,120.6329,西屯,C0F9T0,2017-04-17T14:00:00+08:00,111.0,194.0,3.0,31.4,0.55,995.8,-99.0,0.0,-9.9,-99,-999,臺中市,02,西屯區,125
24.1820,120.6329,西屯,C0F9T0,2017-04-17T15:00:00+08:00,111.0,267.0,1.7,31.8,0.57,995.0,-99.0,0.0,-9.9,-99,-999,臺中市,02,西屯區,125
24.1820,120.6329,西屯,C0F9T0,2017-04-17T16:00:00+08:00,111.0,266.0,1.8,31.4,0.58,994.6,-99.0,0.0,-9.9,-99,-999,臺中市,02,西屯區,125
24.1820,120.6329,西屯,C0F9T0,2017-04-17T17:00:00+08:00,111.0,270.0,1.8,30.2,0.63,994.6,-99.0,0.0,-9.9,-99,-999,臺中市,02,西屯區,125
24.1820,120.6329,西屯,C0F9T0,2017-04-17T18:00:00+08:00,111.0,295.0,1.8,29.0,0.69,995.0,-99.0,0.0,-9.9,-99,-999,臺中市,02,西屯區,125
24.1820,120.6329,西屯,C0F9T0,2017-04-17T19:00:00+08:00,111.0,217.0,0.7,27.5,0.78,995.4,-99.0,0.0,-9.9,-99,-999,臺中市,02,西屯區,125
24.1820,120.6329,西屯,C0F9T0,2017-04-17T20:00:00+08:00,111.0,169.0,1.3,27.5,0.79,995.9,-99.0,0.0,-9.9,-99,-999,臺中市,02,西屯區,125
24.1820,120.6329,西屯,C0F9T0,2017-04-17T21:00:00+08:00,111.0,191.0,1.4,27.5,0.77,996.1,-99.0,0.0,-9.9,-99,-999,臺中市,02,西屯區,125
24.1820,120.6329,西屯,C0F9T0,2017-04-17T22:00:00+08:00,111.0,205.0,1.5,27.5,0.76,996.1,-99.0,0.0,-9.9,-99,-999,臺中市,02,西屯區,125
24.1820,120.6329,西屯,C0F9T0,2017-04-17T23:00:00+08:00,111.0,208.0,2.1,26.8,0.79,995.7,-99.0,0.0,-9.9,-99,-999,臺中市,02,西屯區,125
24.1820,120.6329,西屯,C0F9T0,2017-04-18T00:00:00+08:00,111.0,218.0,0.9,26.4,0.83,995.7,-99.0,0.0,-9.9,-99,-999,臺中市,02,西屯區,125
24.1820,120.6329,西屯,C0F9T0,2017-04-18T01:00:00+08:00,111.0,198.0,1.8,26.2,0.88,995.6,-99.0,0.0,-9.9,-99,-999,臺中市,02,西屯區,125
24.1820,120.6329,西屯,C0F9T0,2017-04-18T02:00:00+08:00,111.0,202.0,1.6,26.2,0.88,994.9,-99.0,0.0,-9.9,-99,-999,臺中市,02,西屯區,125
24.1820,120.6329,西屯,C0F9T0,2017-04-18T03:00:00+08:00,111.0,202.0,1.9,26.0,0.88,994.6,-99.0,0.0,-9.9,-99,-999,臺中市,02,西屯區,125
24.1820,120.6329,西屯,C0F9T0,2017-04-18T04:00:00+08:00,111.0,167.0,1.5,26.0,0.87,994.2,-99.0,0.0,-9.9,-99,-999,臺中市,02,西屯區,125
24.1820,120.6329,西屯,C0F9T0,2017-04-18T05:00:00+08:00,111.0,204.0,3.1,25.5,0.89,994.6,-99.0,0.0,-9.9,-99,-999,臺中市,02,西屯區,125
24.1820,120.6329,西屯,C0F9T0,2017-04-18T06:00:00+08:00,111.0,185.0,0.9,25.2,0.90,994.3,-99.0,0.0,-9.9,-99,-999,臺中市,02,西屯區,125
24.1820,120.6329,西屯,C0F9T0,2017-04-18T07:00:00+08:00,111.0,210.0,2.4,25.3,0.89,995.0,-99.0,0.0,-9.9,-99,-999,臺中市,02,西屯區,125
24.1820,120.6329,西屯,C0F9T0,2017-04-18T08:00:00+08:00,111.0,201.0,1.5,26.5,0.82,995.5,-99.0,0.0,-9.9,-99,-999,臺中市,02,西屯區,125
24.1820,120.6329,西屯,C0F9T0,2017-04-18T09:00:00+08:00,111.0,202.0,2.6,27.5,0.76,995.9,-99.0,0.0,-9.9,-99,-999,臺中市,02,西屯區,125
24.1820,120.6329,西屯,C0F9T0,2017-04-18T10:00:00+08:00,111.0,215.0,1.9,28.8,0.72,995.8,-99.0,0.0,-9.9,-99,-999,臺中市,02,西屯區,125
24.1820,120.6329,西屯,C0F9T0,2017-04-18T11:00:00+08:00,111.0,205.0,2.4,29.8,0.66,995.9,-99.0,0.0,-9.9,-99,-999,臺中市,02,西屯區,125
24.1820,120.6329,西屯,C0F9T0,2017-04-18T12:00:00+08:00,111.0,199.0,2.0,30.5,0.62,995.9,-99.0,0.0,-9.9,-99,-999,臺中市,02,西屯區,125
24.1820,120.6329,西屯,C0F9T0,2017-04-18T13:00:00+08:00,111.0,205.0,2.4,30.1,0.66,995.5,-99.0,0.0,-9.9,-99,-999,臺中市,02,西屯區,125
24.1820,120.6329,西屯,C0F9T0,2017-04-18T14:00:00+08:00,111.0,219.0,1.9,30.7,0.64,994.7,-99.0,0.0,-9.9,-99,-999,臺中市,02,西屯區,125
24.1820,120.6329,西屯,C0F9T0,2017-04-18T15:00:00+08:00,111.0,241.0,1.9,30.1,0.68,994.6,-99.0,0.0,-9.9,-99,-999,臺中市,02,西屯區,125
24.1820,120.6329,西屯,C0F9T0,2017-04-18T16:00:00+08:00,111.0,297.0,2.1,28.9,0.76,994.8,-99.0,0.0,-9.9,-99,-999,臺中市,02,西屯區,125
24.1820,120.6329,西屯,C0F9T0,2017-04-18T17:00:00+08:00,111.0,207.0,1.5,27.7,0.80,994.9,-99.0,0.0,-9.9,-99,-999,臺中市,02,西屯區,125
24.1820,120.6329,西屯,C0F9T0,2017-04-18T19:00:00+08:00,111.0,207.0,1.7,27.5,0.82,995.6,-99.0,0.0,-9.9,-99,-999,臺中市,02,西屯區,125
24.1820,120.6329,西屯,C0F9T0,2017-04-18T20:00:00+08:00,111.0,209.0,1.5,27.3,0.83,996.1,-99.0,0.0,-9.9,-99,-999,臺中市,02,西屯區,125
24.1820,120.6329,西屯,C0F9T0,2017-04-18T21:00:00+08:00,111.0,209.0,1.4,27.0,0.84,996.7,-99.0,0.0,-9.9,-99,-999,臺中市,02,西屯區,125
24.1820,120.6329,西屯,C0F9T0,2017-04-18T22:00:00+08:00,111.0,267.0,0.4,26.7,0.84,997.1,-99.0,0.0,-9.9,-99,-999,臺中市,02,西屯區,125
24.1820,120.6329,西屯,C0F9T0,2017-04-18T23:00:00+08:00,111.0,202.0,1.5,26.4,0.84,997.0,-99.0,0.0,-9.9,-99,-999,臺中市,02,西屯區,125
24.1820,120.6329,西屯,C0F9T0,2017-04-19T00:00:00+08:00,111.0,182.0,1.0,26.3,0.85,996.6,-99.0,0.0,-9.9,-99,-999,臺中市,02,西屯區,125
24.1820,120.6329,西屯,C0F9T0,2017-04-19T01:00:00+08:00,111.0,217.0,0.9,26.1,0.87,995.9,-99.0,0.0,-9.9,-99,-999,臺中市,02,西屯區,125
24.1820,120.6329,西屯,C0F9T0,2017-04-19T02:00:00+08:00,111.0,210.0,0.7,25.7,0.89,995.8,-99.0,0.0,-9.9,-99,-999,臺中市,02,西屯區,125
24.1820,120.6329,西屯,C0F9T0,2017-04-19T03:00:00+08:00,111.0,201.0,0.9,25.6,0.89,995.6,-99.0,0.0,-9.9,-99,-999,臺中市,02,西屯區,125
24.1820,120.6329,西屯,C0F9T0,2017-04-19T04:00:00+08:00,111.0,203.0,1.5,25.5,0.89,995.6,-99.0,0.0,-9.9,-99,-999,臺中市,02,西屯區,125
24.1820,120.6329,西屯,C0F9T0,2017-04-19T05:00:00+08:00,111.0,217.0,0.8,25.6,0.88,995.9,-99.0,0.0,-9.9,-99,-999,臺中市,02,西屯區,125
24.1820,120.6329,西屯,C0F9T0,2017-04-19T06:00:00+08:00,111.0,312.0,0.8,25.3,0.88,996.2,-99.0,0.0,-9.9,-99,-999,臺中市,02,西屯區,125
24.1820,120.6329,西屯,C0F9T0,2017-04-19T07:00:00+08:00,111.0,309.0,0.5,25.6,0.87,996.9,-99.0,0.0,-9.9,-99,-999,臺中市,02,西屯區,125
24.1820,120.6329,西屯,C0F9T0,2017-04-19T08:00:00+08:00,111.0,195.0,1.3,27.2,0.78,997.5,-99.0,0.0,-9.9,-99,-999,臺中市,02,西屯區,125
24.1820,120.6329,西屯,C0F9T0,2017-04-19T10:00:00+08:00,111.0,263.0,1.0,30.1,0.65,997.8,-99.0,0.0,-9.9,-99,-999,臺中市,02,西屯區,125
24.1820,120.6329,西屯,C0F9T0,2017-04-19T11:00:00+08:00,111.0,202.0,1.8,30.6,0.60,997.3,-99.0,0.0,-9.9,-99,-999,臺中市,02,西屯區,125
24.1820,120.6329,西屯,C0F9T0,2017-04-19T12:00:00+08:00,111.0,200.0,2.7,31.1,0.56,996.9,-99.0,0.0,-9.9,-99,-999,臺中市,02,西屯區,125
24.1820,120.6329,西屯,C0F9T0,2017-04-19T13:00:00+08:00,111.0,186.0,2.2,31.8,0.56,996.4,-99.0,0.0,-9.9,-99,-999,臺中市,02,西屯區,125
24.1820,120.6329,西屯,C0F9T0,2017-04-19T14:00:00+08:00,111.0,295.0,2.5,30.3,0.71,995.4,-99.0,0.0,-9.9,-99,-999,臺中市,02,西屯區,125
24.1820,120.6329,西屯,C0F9T0,2017-04-19T15:00:00+08:00,111.0,299.0,3.1,29.1,0.76,995.2,-99.0,0.0,-9.9,-99,-999,臺中市,02,西屯區,125
24.1820,120.6329,西屯,C0F9T0,2017-04-19T16:00:00+08:00,111.0,305.0,4.0,28.6,0.75,994.9,-99.0,0.0,-9.9,-99,-999,臺中市,02,西屯區,125
24.1820,120.6329,西屯,C0F9T0,2017-04-19T17:00:00+08:00,111.0,306.0,1.8,28.2,0.73,995.8,-99.0,0.0,-9.9,-99,-999,臺中市,02,西屯區,125
24.1820,120.6329,西屯,C0F9T0,2017-04-19T18:00:00+08:00,111.0,330.0,1.5,27.1,0.77,997.5,-99.0,0.0,-9.9,-99,-999,臺中市,02,西屯區,125
24.1820,120.6329,西屯,C0F9T0,2017-04-19T19:00:00+08:00,111.0,321.0,1.5,26.2,0.80,998.2,-99.0,0.0,-9.9,-99,-999,臺中市,02,西屯區,125
24.1820,120.6329,西屯,C0F9T0,2017-04-19T20:00:00+08:00,111.0,322.0,2.2,26.0,0.81,999.1,-99.0,0.0,-9.9,-99,-999,臺中市,02,西屯區,125
24.1820,120.6329,西屯,C0F9T0,2017-04-19T21:00:00+08:00,111.0,342.0,2.1,25.6,0.86,999.5,-99.0,0.0,-9.9,-99,-999,臺中市,02,西屯區,125
24.1820,120.6329,西屯,C0F9T0,2017-04-19T22:00:00+08:00,111.0,351.0,2.6,24.6,0.89,999.6,-99.0,0.0,-9.9,-99,-999,臺中市,02,西屯區,125
24.1820,120.6329,西屯,C0F9T0,2017-04-19T23:00:00+08:00,111.0,353.0,1.3,24.4,0.89,999.5,-99.0,0.0,-9.9,-99,-999,臺中市,02,西屯區,125
24.1820,120.6329,西屯,C0F9T0,2017-04-20T00:00:00+08:00,111.0,343.0,1.6,24.4,0.87,998.7,-99.0,0.0,-9.9,-99,-999,臺中市,02,西屯區,125
24.1820,120.6329,西屯,C0F9T0,2017-04-20T01:00:00+08:00,111.0,60.0,1.0,24.8,0.82,998.2,-99.0,0.0,-9.9,-99,-999,臺中市,02,西屯區,125
24.1820,120.6329,西屯,C0F9T0,2017-04-20T02:00:00+08:00,111.0,322.0,1.4,24.5,0.84,997.9,-99.0,0.0,-9.9,-99,-999,臺中市,02,西屯區,125
24.1820,120.6329,西屯,C0F9T0,2017-04-20T03:00:00+08:00,111.0,95.0,0.4,25.2,0.81,996.9,-99.0,0.0,-9.9,-99,-999,臺中市,02,西屯區,125
24.1820,120.6329,西屯,C0F9T0,2017-04-20T04:00:00+08:00,111.0,322.0,0.6,24.9,0.85,996.3,-99.0,0.0,-9.9,-99,-999,臺中市,02,西屯區,125
24.1820,120.6329,西屯,C0F9T0,2017-04-20T05:00:00+08:00,111.0,289.0,0.5,24.7,0.89,996.9,-99.0,0.0,-9.9,-99,-999,臺中市,02,西屯區,125
24.1820,120.6329,西屯,C0F9T0,2017-04-20T06:00:00+08:00,111.0,294.0,0.9,24.8,0.87,996.7,-99.0,0.0,-9.9,-99,-999,臺中市,02,西屯區,125
24.1820,120.6329,西屯,C0F9T0,2017-04-20T07:00:00+08:00,111.0,0.0,0.1,25.5,0.83,997.3,-99.0,0.0,-9.9,-99,-999,臺中市,02,西屯區,125
24.1820,120.6329,西屯,C0F9T0,2017-04-20T08:00:00+08:00,111.0,231.0,0.8,27.2,0.72,997.9,-99.0,0.0,-9.9,-99,-999,臺中市,02,西屯區,125
24.1820,120.6329,西屯,C0F9T0,2017-04-20T09:00:00+08:00,111.0,302.0,2.4,27.7,0.72,998.4,-99.0,0.0,-9.9,-99,-999,臺中市,02,西屯區,125
24.1820,120.6329,西屯,C0F9T0,2017-04-20T10:00:00+08:00,111.0,299.0,3.0,26.8,0.76,998.8,-99.0,0.0,-9.9,-99,-999,臺中市,02,西屯區,125
24.1820,120.6329,西屯,C0F9T0,2017-04-20T11:00:00+08:00,111.0,301.0,3.1,26.4,0.75,998.5,-99.0,0.0,-9.9,-99,-999,臺中市,02,西屯區,125
24.1820,120.6329,西屯,C0F9T0,2017-04-20T12:00:00+08:00,111.0,350.0,0.8,26.8,0.74,998.1,-99.0,0.0,-9.9,-99,-999,臺中市,02,西屯區,125
24.1820,120.6329,西屯,C0F9T0,2017-04-20T13:00:00+08:00,111.0,150.0,0.8,27.4,0.74,996.4,-99.0,0.0,-9.9,-99,-999,臺中市,02,西屯區,125
24.1820,120.6329,西屯,C0F9T0,2017-04-20T14:00:00+08:00,111.0,179.0,1.1,28.6,0.68,995.6,-99.0,0.0,-9.9,-99,-999,臺中市,02,西屯區,125
24.1820,120.6329,西屯,C0F9T0,2017-04-20T15:00:00+08:00,111.0,155.0,1.5,29.0,0.67,995.7,-99.0,0.0,-9.9,-99,-999,臺中市,02,西屯區,125
24.1820,120.6329,西屯,C0F9T0,2017-04-20T16:00:00+08:00,111.0,191.0,2.1,29.3,0.65,995.3,-99.0,0.0,-9.9,-99,-999,臺中市,02,西屯區,125
24.1820,120.6329,西屯,C0F9T0,2017-04-20T17:00:00+08:00,111.0,204.0,1.7,29.2,0.65,995.5,-99.0,0.0,-9.9,-99,-999,臺中市,02,西屯區,125
24.1820,120.6329,西屯,C0F9T0,2017-04-20T18:00:00+08:00,111.0,212.0,1.3,28.6,0.67,996.1,-99.0,0.0,-9.9,-99,-999,臺中市,02,西屯區,125
24.1820,120.6329,西屯,C0F9T0,2017-04-20T19:00:00+08:00,111.0,233.0,1.1,27.6,0.72,996.8,-99.0,0.0,-9.9,-99,-999,臺中市,02,西屯區,125
24.1820,120.6329,西屯,C0F9T0,2017-04-20T20:00:00+08:00,111.0,218.0,1.2,27.1,0.75,997.2,-99.0,0.0,-9.9,-99,-999,臺中市,02,西屯區,125
24.1820,120.6329,西屯,C0F9T0,2017-04-20T21:00:00+08:00,111.0,183.0,2.1,26.9,0.74,997.3,-99.0,0.0,-9.9,-99,-999,臺中市,02,西屯區,125
24.1820,120.6329,西屯,C0F9T0,2017-04-20T22:00:00+08:00,111.0,206.0,2.1,26.8,0.72,997.6,-99.0,0.0,-9.9,-99,-999,臺中市,02,西屯區,125
24.1820,120.6329,西屯,C0F9T0,2017-04-20T23:00:00+08:00,111.0,188.0,2.1,26.4,0.70,997.7,-99.0,0.0,-9.9,-99,-999,臺中市,02,西屯區,125
24.1820,120.6329,西屯,C0F9T0,2017-04-21T00:00:00+08:00,111.0,205.0,0.8,26.1,0.76,997.6,-99.0,0.0,-9.9,-99,-999,臺中市,02,西屯區,125
24.1820,120.6329,西屯,C0F9T0,2017-04-21T01:00:00+08:00,111.0,205.0,1.3,26.1,0.76,996.9,-99.0,0.0,-9.9,-99,-999,臺中市,02,西屯區,125
24.1820,120.6329,西屯,C0F9T0,2017-04-21T02:00:00+08:00,111.0,206.0,1.6,25.5,0.77,996.8,-99.0,0.0,-9.9,-99,-999,臺中市,02,西屯區,125
24.1820,120.6329,西屯,C0F9T0,2017-04-21T03:00:00+08:00,111.0,186.0,1.5,25.3,0.75,996.6,-99.0,0.0,-9.9,-99,-999,臺中市,02,西屯區,125
24.1820,120.6329,西屯,C0F9T0,2017-04-21T04:00:00+08:00,111.0,185.0,1.6,25.3,0.77,995.8,-99.0,0.0,-9.9,-99,-999,臺中市,02,西屯區,125
24.1820,120.6329,西屯,C0F9T0,2017-04-21T05:00:00+08:00,111.0,195.0,1.6,25.1,0.78,996.0,-99.0,0.0,-9.9,-99,-999,臺中市,02,西屯區,125
24.1820,120.6329,西屯,C0F9T0,2017-04-21T06:00:00+08:00,111.0,165.0,1.6,25.2,0.76,996.4,-99.0,0.0,-9.9,-99,-999,臺中市,02,西屯區,125
24.1820,120.6329,西屯,C0F9T0,2017-04-21T07:00:00+08:00,111.0,160.0,1.5,26.3,0.71,996.5,-99.0,0.0,-9.9,-99,-999,臺中市,02,西屯區,125
24.1820,120.6329,西屯,C0F9T0,2017-04-21T08:00:00+08:00,111.0,182.0,1.3,27.6,0.64,997.1,-99.0,0.0,-9.9,-99,-999,臺中市,02,西屯區,125
24.1820,120.6329,西屯,C0F9T0,2017-04-21T09:00:00+08:00,111.0,191.0,1.7,28.8,0.60,997.7,-99.0,0.0,-9.9,-99,-999,臺中市,02,西屯區,125
24.1820,120.6329,西屯,C0F9T0,2017-04-21T10:00:00+08:00,111.0,218.0,2.1,29.2,0.59,997.4,-99.0,0.0,-9.9,-99,-999,臺中市,02,西屯區,125
24.1820,120.6329,西屯,C0F9T0,2017-04-21T11:00:00+08:00,111.0,221.0,2.0,29.2,0.62,997.6,-99.0,0.0,-9.9,-99,-999,臺中市,02,西屯區,125
24.1820,120.6329,西屯,C0F9T0,2017-04-21T12:00:00+08:00,111.0,203.0,3.1,29.4,0.63,996.8,-99.0,0.0,-9.9,-99,-999,臺中市,02,西屯區,125
24.1820,120.6329,西屯,C0F9T0,2017-04-21T13:00:00+08:00,111.0,208.0,2.1,30.8,0.53,995.6,-99.0,0.0,-9.9,-99,-999,臺中市,02,西屯區,125
24.1820,120.6329,西屯,C0F9T0,2017-04-21T14:00:00+08:00,111.0,264.0,1.9,30.3,0.59,994.2,-99.0,0.0,-9.9,-99,-999,臺中市,02,西屯區,125
24.1820,120.6329,西屯,C0F9T0,2017-04-21T15:00:00+08:00,111.0,261.0,2.0,29.5,0.62,993.4,-99.0,0.0,-9.9,-99,-999,臺中市,02,西屯區,125
24.1820,120.6329,西屯,C0F9T0,2017-04-21T16:00:00+08:00,111.0,239.0,2.0,27.6,0.72,993.5,-99.0,0.0,-9.9,-99,-999,臺中市,02,西屯區,125
24.1820,120.6329,西屯,C0F9T0,2017-04-21T17:00:00+08:00,111.0,187.0,0.8,26.5,0.69,994.4,-99.0,0.0,-9.9,-99,-999,臺中市,02,西屯區,125
24.1820,120.6329,西屯,C0F9T0,2017-04-21T18:00:00+08:00,111.0,231.0,0.6,27.0,0.73,994.9,-99.0,0.0,-9.9,-99,-999,臺中市,02,西屯區,125
24.1820,120.6329,西屯,C0F9T0,2017-04-21T19:00:00+08:00,111.0,214.0,1.2,26.5,0.80,995.5,-99.0,0.0,-9.9,-99,-999,臺中市,02,西屯區,125
24.1820,120.6329,西屯,C0F9T0,2017-04-21T20:00:00+08:00,111.0,288.0,1.2,25.9,0.89,996.0,-99.0,0.5,-9.9,-99,-999,臺中市,02,西屯區,125
24.1820,120.6329,西屯,C0F9T0,2017-04-21T21:00:00+08:00,111.0,295.0,2.9,24.3,0.92,996.7,-99.0,1.0,-9.9,-99,-999,臺中市,02,西屯區,125
24.1820,120.6329,西屯,C0F9T0,2017-04-21T22:00:00+08:00,111.0,347.0,3.6,21.8,0.91,997.4,-99.0,1.0,-9.9,-99,-999,臺中市,02,西屯區,125
24.1820,120.6329,西屯,C0F9T0,2017-04-21T23:00:00+08:00,111.0,319.0,2.4,21.0,0.88,997.3,-99.0,1.0,-9.9,-99,-999,臺中市,02,西屯區,125
24.1820,120.6329,西屯,C0F9T0,2017-04-22T00:00:00+08:00,111.0,317.0,1.6,21.2,0.88,996.3,-99.0,1.5,-9.9,-99,-999,臺中市,02,西屯區,125
24.1820,120.6329,西屯,C0F9T0,2017-04-22T01:00:00+08:00,111.0,351.0,2.5,20.4,0.93,995.2,-99.0,1.5,-9.9,-99,-999,臺中市,02,西屯區,125
24.1820,120.6329,西屯,C0F9T0,2017-04-22T02:00:00+08:00,111.0,343.0,2.3,19.2,0.93,995.6,-99.0,1.5,-9.9,-99,-999,臺中市,02,西屯區,125
24.1820,120.6329,西屯,C0F9T0,2017-04-22T03:00:00+08:00,111.0,343.0,2.9,19.2,0.86,995.6,-99.0,1.5,-9.9,-99,-999,臺中市,02,西屯區,125
24.1820,120.6329,西屯,C0F9T0,2017-04-22T04:00:00+08:00,111.0,341.0,2.5,18.9,0.86,995.7,-99.0,1.5,-9.9,-99,-999,臺中市,02,西屯區,125
24.1820,120.6329,西屯,C0F9T0,2017-04-22T05:00:00+08:00,111.0,354.0,3.2,18.4,0.84,996.1,-99.0,1.5,-9.9,-99,-999,臺中市,02,西屯區,125
24.1820,120.6329,西屯,C0F9T0,2017-04-22T06:00:00+08:00,111.0,353.0,3.4,18.2,0.83,996.7,-99.0,1.5,-9.9,-99,-999,臺中市,02,西屯區,125
24.1820,120.6329,西屯,C0F9T0,2017-04-22T08:00:00+08:00,111.0,354.0,1.6,18.5,0.77,997.8,-99.0,1.5,-9.9,-99,-999,臺中市,02,西屯區,125
24.1820,120.6329,西屯,C0F9T0,2017-04-22T10:00:00+08:00,111.0,25.0,2.6,19.0,0.70,998.6,-99.0,1.5,-9.9,-99,-999,臺中市,02,西屯區,125
24.1820,120.6329,西屯,C0F9T0,2017-04-22T11:00:00+08:00,111.0,344.0,2.6,19.8,0.69,998.4,-99.0,1.5,-9.9,-99,-999,臺中市,02,西屯區,125
24.1820,120.6329,西屯,C0F9T0,2017-04-22T12:00:00+08:00,111.0,359.0,1.8,19.8,0.70,998.4,-99.0,1.5,-9.9,-99,-999,臺中市,02,西屯區,125
24.1820,120.6329,西屯,C0F9T0,2017-04-22T13:00:00+08:00,111.0,354.0,2.0,19.9,0.69,997.7,-99.0,1.5,-9.9,-99,-999,臺中市,02,西屯區,125
24.1820,120.6329,西屯,C0F9T0,2017-04-22T15:00:00+08:00,111.0,336.0,1.7,18.7,0.83,997.2,-99.0,1.5,-9.9,-99,-999,臺中市,02,西屯區,125
24.1820,120.6329,西屯,C0F9T0,2017-04-22T16:00:00+08:00,111.0,326.0,2.2,18.1,0.88,997.2,-99.0,3.0,-9.9,-99,-999,臺中市,02,西屯區,125
24.1820,120.6329,西屯,C0F9T0,2017-04-22T17:00:00+08:00,111.0,339.0,1.5,17.4,0.93,997.5,-99.0,6.0,-9.9,-99,-999,臺中市,02,西屯區,125
24.1820,120.6329,西屯,C0F9T0,2017-04-22T18:00:00+08:00,111.0,340.0,2.4,17.3,0.93,997.7,-99.0,11.0,-9.9,-99,-999,臺中市,02,西屯區,125
24.1820,120.6329,西屯,C0F9T0,2017-04-22T19:00:00+08:00,111.0,341.0,1.2,17.0,0.92,998.6,-99.0,13.5,-9.9,-99,-999,臺中市,02,西屯區,125
24.1820,120.6329,西屯,C0F9T0,2017-04-22T20:00:00+08:00,111.0,328.0,2.0,17.3,0.89,998.7,-99.0,14.5,-9.9,-99,-999,臺中市,02,西屯區,125
24.1820,120.6329,西屯,C0F9T0,2017-04-22T21:00:00+08:00,111.0,310.0,1.3,17.4,0.89,999.5,-99.0,14.5,-9.9,-99,-999,臺中市,02,西屯區,125
24.1820,120.6329,西屯,C0F9T0,2017-04-22T22:00:00+08:00,111.0,301.0,1.9,17.7,0.90,999.7,-99.0,14.5,-9.9,-99,-999,臺中市,02,西屯區,125
24.1820,120.6329,西屯,C0F9T0,2017-04-22T23:00:00+08:00,111.0,21.0,0.8,17.8,0.92,999.4,-99.0,14.5,-9.9,-99,-999,臺中市,02,西屯區,125
24.1820,120.6329,西屯,C0F9T0,2017-04-23T00:00:00+08:00,111.0,346.0,1.3,17.6,0.93,998.7,-99.0,14.5,-9.9,-99,-999,臺中市,02,西屯區,125
24.1820,120.6329,西屯,C0F9T0,2017-04-23T01:00:00+08:00,111.0,328.0,1.5,17.3,0.94,998.6,-99.0,0.0,-9.9,-99,-999,臺中市,02,西屯區,125
24.1820,120.6329,西屯,C0F9T0,2017-04-23T02:00:00+08:00,111.0,338.0,1.5,17.5,0.94,998.3,-99.0,0.5,-9.9,-99,-999,臺中市,02,西屯區,125
24.1820,120.6329,西屯,C0F9T0,2017-04-23T03:00:00+08:00,111.0,353.0,0.8,17.7,0.91,998.3,-99.0,0.5,-9.9,-99,-999,臺中市,02,西屯區,125
24.1820,120.6329,西屯,C0F9T0,2017-04-23T04:00:00+08:00,111.0,300.0,0.7,17.6,0.90,997.2,-99.0,0.5,-9.9,-99,-999,臺中市,02,西屯區,125
24.1820,120.6329,西屯,C0F9T0,2017-04-23T05:00:00+08:00,111.0,303.0,1.5,18.3,0.92,997.6,-99.0,0.5,-9.9,-99,-999,臺中市,02,西屯區,125
24.1820,120.6329,西屯,C0F9T0,2017-04-23T06:00:00+08:00,111.0,4.0,1.2,17.9,0.88,998.6,-99.0,0.5,-9.9,-99,-999,臺中市,02,西屯區,125
24.1820,120.6329,西屯,C0F9T0,2017-04-23T07:00:00+08:00,111.0,320.0,1.0,17.8,0.86,999.4,-99.0,0.5,-9.9,-99,-999,臺中市,02,西屯區,125
24.1820,120.6329,西屯,C0F9T0,2017-04-23T08:00:00+08:00,111.0,321.0,0.5,19.1,0.83,1000.2,-99.0,0.5,-9.9,-99,-999,臺中市,02,西屯區,125
24.1820,120.6329,西屯,C0F9T0,2017-04-23T10:00:00+08:00,111.0,213.0,0.9,23.0,0.75,1000.5,-99.0,0.5,-9.9,-99,-999,臺中市,02,西屯區,125
24.1820,120.6329,西屯,C0F9T0,2017-04-23T11:00:00+08:00,111.0,202.0,1.1,24.3,0.70,1000.5,-99.0,0.5,-9.9,-99,-999,臺中市,02,西屯區,125
24.1820,120.6329,西屯,C0F9T0,2017-04-23T12:00:00+08:00,111.0,205.0,1.2,24.6,0.67,1000.2,-99.0,0.5,-9.9,-99,-999,臺中市,02,西屯區,125
24.1820,120.6329,西屯,C0F9T0,2017-04-23T13:00:00+08:00,111.0,302.0,1.1,25.1,0.64,999.9,-99.0,0.5,-9.9,-99,-999,臺中市,02,西屯區,125
24.1820,120.6329,西屯,C0F9T0,2017-04-23T14:00:00+08:00,111.0,335.0,2.0,23.9,0.62,999.7,-99.0,0.5,-9.9,-99,-999,臺中市,02,西屯區,125
24.1820,120.6329,西屯,C0F9T0,2017-04-23T15:00:00+08:00,111.0,320.0,2.4,23.6,0.59,999.3,-99.0,0.5,-9.9,-99,-999,臺中市,02,西屯區,125
24.1820,120.6329,西屯,C0F9T0,2017-04-23T16:00:00+08:00,111.0,322.0,2.3,22.9,0.60,999.1,-99.0,0.5,-9.9,-99,-999,臺中市,02,西屯區,125
24.1820,120.6329,西屯,C0F9T0,2017-04-23T17:00:00+08:00,111.0,308.0,1.9,22.6,0.62,999.2,-99.0,0.5,-9.9,-99,-999,臺中市,02,西屯區,125
24.1820,120.6329,西屯,C0F9T0,2017-04-23T18:00:00+08:00,111.0,322.0,1.3,22.4,0.64,999.6,-99.0,0.5,-9.9,-99,-999,臺中市,02,西屯區,125
24.1820,120.6329,西屯,C0F9T0,2017-04-23T19:00:00+08:00,111.0,314.0,2.1,21.3,0.66,1000.8,-99.0,0.5,-9.9,-99,-999,臺中市,02,西屯區,125
24.1820,120.6329,西屯,C0F9T0,2017-04-23T20:00:00+08:00,111.0,95.0,1.1,21.0,0.67,1000.7,-99.0,0.5,-9.9,-99,-999,臺中市,02,西屯區,125
24.1820,120.6329,西屯,C0F9T0,2017-04-23T21:00:00+08:00,111.0,163.0,1.0,22.2,0.68,1000.6,-99.0,0.5,-9.9,-99,-999,臺中市,02,西屯區,125
24.1820,120.6329,西屯,C0F9T0,2017-04-23T22:00:00+08:00,111.0,296.0,1.3,21.2,0.81,1000.6,-99.0,0.5,-9.9,-99,-999,臺中市,02,西屯區,125
24.1820,120.6329,西屯,C0F9T0,2017-04-23T23:00:00+08:00,111.0,312.0,0.4,21.6,0.79,1001.0,-99.0,0.5,-9.9,-99,-999,臺中市,02,西屯區,125
24.1820,120.6329,西屯,C0F9T0,2017-04-24T00:00:00+08:00,111.0,48.0,1.0,21.0,0.78,1000.7,-99.0,0.5,-9.9,-99,-999,臺中市,02,西屯區,125
24.1820,120.6329,西屯,C0F9T0,2017-04-24T01:00:00+08:00,111.0,297.0,0.3,21.1,0.77,1000.6,-99.0,0.0,-9.9,-99,-999,臺中市,02,西屯區,125
24.1820,120.6329,西屯,C0F9T0,2017-04-24T02:00:00+08:00,111.0,308.0,0.5,20.9,0.80,999.9,-99.0,0.0,-9.9,-99,-999,臺中市,02,西屯區,125
24.1820,120.6329,西屯,C0F9T0,2017-04-24T03:00:00+08:00,111.0,0.0,0.2,21.5,0.79,999.4,-99.0,0.0,-9.9,-99,-999,臺中市,02,西屯區,125
24.1820,120.6329,西屯,C0F9T0,2017-04-24T04:00:00+08:00,111.0,194.0,0.7,21.7,0.82,999.7,-99.0,0.0,-9.9,-99,-999,臺中市,02,西屯區,125
24.1820,120.6329,西屯,C0F9T0,2017-04-24T05:00:00+08:00,111.0,299.0,0.3,20.8,0.92,1000.4,-99.0,0.0,-9.9,-99,-999,臺中市,02,西屯區,125
24.1820,120.6329,西屯,C0F9T0,2017-04-24T06:00:00+08:00,111.0,102.0,1.1,20.8,0.88,1000.7,-99.0,0.0,-9.9,-99,-999,臺中市,02,西屯區,125
24.1820,120.6329,西屯,C0F9T0,2017-04-24T07:00:00+08:00,111.0,57.0,0.8,20.9,0.86,1001.4,-99.0,0.0,-9.9,-99,-999,臺中市,02,西屯區,125
24.1820,120.6329,西屯,C0F9T0,2017-04-24T08:00:00+08:00,111.0,133.0,0.7,21.7,0.79,1001.4,-99.0,0.0,-9.9,-99,-999,臺中市,02,西屯區,125
24.1820,120.6329,西屯,C0F9T0,2017-04-24T10:00:00+08:00,111.0,271.0,0.3,23.0,0.75,1002.1,-99.0,0.0,-9.9,-99,-999,臺中市,02,西屯區,125
24.1820,120.6329,西屯,C0F9T0,2017-04-24T11:00:00+08:00,111.0,337.0,0.7,23.4,0.73,1002.3,-99.0,0.0,-9.9,-99,-999,臺中市,02,西屯區,125
24.1820,120.6329,西屯,C0F9T0,2017-04-24T12:00:00+08:00,111.0,93.0,1.4,23.5,0.76,1001.7,-99.0,0.0,-9.9,-99,-999,臺中市,02,西屯區,125
24.1820,120.6329,西屯,C0F9T0,2017-04-24T13:00:00+08:00,111.0,92.0,1.1,25.2,0.69,1001.1,-99.0,0.0,-9.9,-99,-999,臺中市,02,西屯區,125
24.1820,120.6329,西屯,C0F9T0,2017-04-24T14:00:00+08:00,111.0,296.0,0.8,26.0,0.63,1000.5,-99.0,0.0,-9.9,-99,-999,臺中市,02,西屯區,125
24.1820,120.6329,西屯,C0F9T0,2017-04-24T15:00:00+08:00,111.0,310.0,1.4,26.0,0.66,1000.2,-99.0,0.0,-9.9,-99,-999,臺中市,02,西屯區,125
24.1820,120.6329,西屯,C0F9T0,2017-04-24T16:00:00+08:00,111.0,296.0,1.1,26.7,0.64,999.9,-99.0,0.0,-9.9,-99,-999,臺中市,02,西屯區,125
24.1820,120.6329,西屯,C0F9T0,2017-04-24T17:00:00+08:00,111.0,333.0,1.7,25.3,0.70,999.7,-99.0,0.0,-9.9,-99,-999,臺中市,02,西屯區,125
24.1820,120.6329,西屯,C0F9T0,2017-04-24T18:00:00+08:00,111.0,323.0,1.8,24.3,0.76,999.7,-99.0,0.0,-9.9,-99,-999,臺中市,02,西屯區,125
24.1820,120.6329,西屯,C0F9T0,2017-04-24T19:00:00+08:00,111.0,302.0,1.2,23.2,0.82,1000.0,-99.0,0.0,-9.9,-99,-999,臺中市,02,西屯區,125
24.1820,120.6329,西屯,C0F9T0,2017-04-24T20:00:00+08:00,111.0,5.0,1.2,22.8,0.81,1000.4,-99.0,0.0,-9.9,-99,-999,臺中市,02,西屯區,125
24.1820,120.6329,西屯,C0F9T0,2017-04-24T21:00:00+08:00,111.0,355.0,1.2,22.6,0.83,1000.8,-99.0,0.0,-9.9,-99,-999,臺中市,02,西屯區,125
24.1820,120.6329,西屯,C0F9T0,2017-04-24T22:00:00+08:00,111.0,317.0,0.6,22.7,0.84,1001.1,-99.0,0.0,-9.9,-99,-999,臺中市,02,西屯區,125
24.1820,120.6329,西屯,C0F9T0,2017-04-24T23:00:00+08:00,111.0,340.0,1.4,22.7,0.85,1001.0,-99.0,0.0,-9.9,-99,-999,臺中市,02,西屯區,125
24.1820,120.6329,西屯,C0F9T0,2017-04-25T00:00:00+08:00,111.0,329.0,0.8,22.6,0.84,1000.6,-99.0,0.0,-9.9,-99,-999,臺中市,02,西屯區,125
24.1820,120.6329,西屯,C0F9T0,2017-04-25T01:00:00+08:00,111.0,311.0,0.7,22.8,0.85,1000.2,-99.0,0.0,-9.9,-99,-999,臺中市,02,西屯區,125
24.1820,120.6329,西屯,C0F9T0,2017-04-25T02:00:00+08:00,111.0,0.0,0.2,22.7,0.85,999.6,-99.0,0.0,-9.9,-99,-999,臺中市,02,西屯區,125
24.1820,120.6329,西屯,C0F9T0,2017-04-25T03:00:00+08:00,111.0,0.0,0.0,22.9,0.85,998.9,-99.0,0.0,-9.9,-99,-999,臺中市,02,西屯區,125
24.1820,120.6329,西屯,C0F9T0,2017-04-25T04:00:00+08:00,111.0,297.0,0.5,22.6,0.88,999.0,-99.0,0.0,-9.9,-99,-999,臺中市,02,西屯區,125
24.1820,120.6329,西屯,C0F9T0,2017-04-25T05:00:00+08:00,111.0,340.0,0.9,22.8,0.87,999.2,-99.0,0.0,-9.9,-99,-999,臺中市,02,西屯區,125
24.1820,120.6329,西屯,C0F9T0,2017-04-25T06:00:00+08:00,111.0,7.0,0.5,22.8,0.84,999.4,-99.0,0.0,-9.9,-99,-999,臺中市,02,西屯區,125
24.1820,120.6329,西屯,C0F9T0,2017-04-25T07:00:00+08:00,111.0,0.0,0.2,23.1,0.83,1000.0,-99.0,0.0,-9.9,-99,-999,臺中市,02,西屯區,125
24.1820,120.6329,西屯,C0F9T0,2017-04-25T08:00:00+08:00,111.0,341.0,1.4,24.1,0.76,1000.5,-99.0,0.0,-9.9,-99,-999,臺中市,02,西屯區,125
24.1820,120.6329,西屯,C0F9T0,2017-04-25T10:00:00+08:00,111.0,333.0,1.7,25.3,0.76,1001.2,-99.0,0.0,-9.9,-99,-999,臺中市,02,西屯區,125
24.1820,120.6329,西屯,C0F9T0,2017-04-25T11:00:00+08:00,111.0,317.0,1.9,26.1,0.74,1001.2,-99.0,0.0,-9.9,-99,-999,臺中市,02,西屯區,125
24.1820,120.6329,西屯,C0F9T0,2017-04-25T12:00:00+08:00,111.0,323.0,1.7,26.4,0.73,1000.6,-99.0,0.0,-9.9,-99,-999,臺中市,02,西屯區,125
24.1820,120.6329,西屯,C0F9T0,2017-04-25T13:00:00+08:00,111.0,320.0,2.1,26.5,0.74,999.9,-99.0,0.0,-9.9,-99,-999,臺中市,02,西屯區,125
24.1820,120.6329,西屯,C0F9T0,2017-04-25T14:00:00+08:00,111.0,342.0,2.8,25.5,0.80,999.3,-99.0,0.0,-9.9,-99,-999,臺中市,02,西屯區,125
24.1820,120.6329,西屯,C0F9T0,2017-04-25T15:00:00+08:00,111.0,315.0,2.6,24.4,0.84,998.8,-99.0,0.0,-9.9,-99,-999,臺中市,02,西屯區,125
24.1820,120.6329,西屯,C0F9T0,2017-04-25T16:00:00+08:00,111.0,358.0,2.5,23.9,0.88,998.5,-99.0,0.0,-9.9,-99,-999,臺中市,02,西屯區,125
24.1820,120.6329,西屯,C0F9T0,2017-04-25T17:00:00+08:00,111.0,20.0,1.4,24.3,0.86,998.0,-99.0,0.0,-9.9,-99,-999,臺中市,02,西屯區,125
24.1820,120.6329,西屯,C0F9T0,2017-04-25T18:00:00+08:00,111.0,338.0,1.4,24.4,0.86,998.0,-99.0,0.0,-9.9,-99,-999,臺中市,02,西屯區,125
24.1820,120.6329,西屯,C0F9T0,2017-04-25T19:00:00+08:00,111.0,333.0,1.0,24.2,0.88,998.1,-99.0,0.0,-9.9,-99,-999,臺中市,02,西屯區,125
24.1820,120.6329,西屯,C0F9T0,2017-04-25T20:00:00+08:00,111.0,324.0,1.8,24.0,0.90,998.7,-99.0,0.0,-9.9,-99,-999,臺中市,02,西屯區,125
24.1820,120.6329,西屯,C0F9T0,2017-04-25T21:00:00+08:00,111.0,346.0,1.2,24.0,0.90,999.6,-99.0,0.0,-9.9,-99,-999,臺中市,02,西屯區,125
24.1820,120.6329,西屯,C0F9T0,2017-04-25T22:00:00+08:00,111.0,0.0,0.2,24.5,0.85,999.9,-99.0,0.0,-9.9,-99,-999,臺中市,02,西屯區,125
24.1820,120.6329,西屯,C0F9T0,2017-04-25T23:00:00+08:00,111.0,0.0,0.0,24.4,0.84,999.6,-99.0,0.0,-9.9,-99,-999,臺中市,02,西屯區,125
24.1820,120.6329,西屯,C0F9T0,2017-04-26T00:00:00+08:00,111.0,232.0,0.5,24.6,0.86,999.1,-99.0,0.0,-9.9,-99,-999,臺中市,02,西屯區,125
24.1820,120.6329,西屯,C0F9T0,2017-04-26T01:00:00+08:00,111.0,0.0,0.1,24.4,0.87,998.6,-99.0,0.0,-9.9,-99,-999,臺中市,02,西屯區,125
24.1820,120.6329,西屯,C0F9T0,2017-04-26T02:00:00+08:00,111.0,0.0,0.1,24.1,0.89,998.4,-99.0,0.0,-9.9,-99,-999,臺中市,02,西屯區,125
24.1820,120.6329,西屯,C0F9T0,2017-04-26T03:00:00+08:00,111.0,310.0,0.3,24.2,0.88,997.9,-99.0,0.0,-9.9,-99,-999,臺中市,02,西屯區,125
24.1820,120.6329,西屯,C0F9T0,2017-04-26T04:00:00+08:00,111.0,147.0,0.4,24.3,0.87,997.3,-99.0,0.0,-9.9,-99,-999,臺中市,02,西屯區,125
24.1820,120.6329,西屯,C0F9T0,2017-04-26T05:00:00+08:00,111.0,302.0,0.6,23.8,0.90,996.9,-99.0,0.0,-9.9,-99,-999,臺中市,02,西屯區,125
24.1820,120.6329,西屯,C0F9T0,2017-04-26T06:00:00+08:00,111.0,319.0,0.4,23.7,0.91,996.9,-99.0,0.0,-9.9,-99,-999,臺中市,02,西屯區,125
24.1820,120.6329,西屯,C0F9T0,2017-04-26T07:00:00+08:00,111.0,299.0,0.5,24.3,0.89,997.4,-99.0,0.0,-9.9,-99,-999,臺中市,02,西屯區,125
24.1820,120.6329,西屯,C0F9T0,2017-04-26T08:00:00+08:00,111.0,226.0,0.4,25.4,0.83,997.8,-99.0,0.0,-9.9,-99,-999,臺中市,02,西屯區,125
24.1820,120.6329,西屯,C0F9T0,2017-04-26T10:00:00+08:00,111.0,214.0,0.8,27.2,0.71,998.8,-99.0,0.0,-9.9,-99,-999,臺中市,02,西屯區,125
24.1820,120.6329,西屯,C0F9T0,2017-04-26T11:00:00+08:00,111.0,213.0,0.5,27.5,0.73,998.8,-99.0,0.0,-9.9,-99,-999,臺中市,02,西屯區,125
24.1820,120.6329,西屯,C0F9T0,2017-04-26T12:00:00+08:00,111.0,218.0,1.1,28.8,0.64,998.6,-99.0,0.0,-9.9,-99,-999,臺中市,02,西屯區,125
24.1820,120.6329,西屯,C0F9T0,2017-04-26T13:00:00+08:00,111.0,211.0,1.2,29.8,0.62,997.8,-99.0,0.0,-9.9,-99,-999,臺中市,02,西屯區,125
24.1820,120.6329,西屯,C0F9T0,2017-04-26T14:00:00+08:00,111.0,181.0,0.7,30.4,0.60,996.7,-99.0,0.0,-9.9,-99,-999,臺中市,02,西屯區,125
24.1820,120.6329,西屯,C0F9T0,2017-04-26T15:00:00+08:00,111.0,290.0,1.8,30.6,0.59,996.2,-99.0,0.0,-9.9,-99,-999,臺中市,02,西屯區,125
24.1820,120.6329,西屯,C0F9T0,2017-04-26T16:00:00+08:00,111.0,249.0,1.4,30.6,0.59,995.8,-99.0,0.0,-9.9,-99,-999,臺中市,02,西屯區,125
24.1820,120.6329,西屯,C0F9T0,2017-04-26T17:00:00+08:00,111.0,298.0,3.0,29.6,0.63,995.9,-99.0,0.0,-9.9,-99,-999,臺中市,02,西屯區,125
24.1820,120.6329,西屯,C0F9T0,2017-04-26T18:00:00+08:00,111.0,310.0,2.2,27.5,0.75,996.5,-99.0,0.0,-9.9,-99,-999,臺中市,02,西屯區,125
24.1820,120.6329,西屯,C0F9T0,2017-04-26T19:00:00+08:00,111.0,341.0,2.9,25.7,0.85,997.3,-99.0,0.0,-9.9,-99,-999,臺中市,02,西屯區,125
24.1820,120.6329,西屯,C0F9T0,2017-04-26T20:00:00+08:00,111.0,339.0,2.0,23.6,0.85,997.9,-99.0,0.0,-9.9,-99,-999,臺中市,02,西屯區,125
24.1820,120.6329,西屯,C0F9T0,2017-04-26T21:00:00+08:00,111.0,345.0,2.1,23.7,0.82,998.4,-99.0,0.0,-9.9,-99,-999,臺中市,02,西屯區,125
24.1820,120.6329,西屯,C0F9T0,2017-04-26T23:00:00+08:00,111.0,322.0,1.9,22.0,0.87,998.3,-99.0,0.0,-9.9,-99,-999,臺中市,02,西屯區,125
24.1820,120.6329,西屯,C0F9T0,2017-04-27T00:00:00+08:00,111.0,346.0,2.3,21.7,0.86,998.1,-99.0,0.0,-9.9,-99,-999,臺中市,02,西屯區,125
24.1820,120.6329,西屯,C0F9T0,2017-04-27T01:00:00+08:00,111.0,339.0,2.3,21.6,0.84,997.6,-99.0,0.0,-9.9,-99,-999,臺中市,02,西屯區,125
24.1820,120.6329,西屯,C0F9T0,2017-04-27T02:00:00+08:00,111.0,354.0,1.5,21.3,0.84,996.4,-99.0,0.0,-9.9,-99,-999,臺中市,02,西屯區,125
24.1820,120.6329,西屯,C0F9T0,2017-04-27T03:00:00+08:00,111.0,343.0,1.6,21.0,0.87,995.8,-99.0,0.0,-9.9,-99,-999,臺中市,02,西屯區,125
24.1820,120.6329,西屯,C0F9T0,2017-04-27T04:00:00+08:00,111.0,349.0,2.8,20.0,0.89,995.9,-99.0,0.0,-9.9,-99,-999,臺中市,02,西屯區,125
24.1820,120.6329,西屯,C0F9T0,2017-04-27T05:00:00+08:00,111.0,322.0,1.2,19.9,0.91,995.8,-99.0,0.5,-9.9,-99,-999,臺中市,02,西屯區,125
24.1820,120.6329,西屯,C0F9T0,2017-04-27T06:00:00+08:00,111.0,308.0,1.5,19.7,0.93,996.2,-99.0,1.5,-9.9,-99,-999,臺中市,02,西屯區,125
24.1820,120.6329,西屯,C0F9T0,2017-04-27T07:00:00+08:00,111.0,321.0,1.9,19.6,0.93,997.2,-99.0,1.5,-9.9,-99,-999,臺中市,02,西屯區,125
24.1820,120.6329,西屯,C0F9T0,2017-04-27T09:00:00+08:00,111.0,345.0,2.5,19.5,0.91,998.3,-99.0,1.5,-9.9,-99,-999,臺中市,02,西屯區,125
24.1820,120.6329,西屯,C0F9T0,2017-04-27T10:00:00+08:00,111.0,331.0,2.3,19.2,0.90,998.5,-99.0,2.0,-9.9,-99,-999,臺中市,02,西屯區,125
24.1820,120.6329,西屯,C0F9T0,2017-04-27T11:00:00+08:00,111.0,328.0,2.7,19.5,0.86,998.4,-99.0,2.0,-9.9,-99,-999,臺中市,02,西屯區,125
24.1820,120.6329,西屯,C0F9T0,2017-04-27T12:00:00+08:00,111.0,339.0,3.5,19.6,0.86,997.9,-99.0,2.5,-9.9,-99,-999,臺中市,02,西屯區,125
24.1820,120.6329,西屯,C0F9T0,2017-04-27T13:00:00+08:00,111.0,337.0,2.7,18.9,0.87,997.5,-99.0,2.5,-9.9,-99,-999,臺中市,02,西屯區,125
24.1820,120.6329,西屯,C0F9T0,2017-04-27T14:00:00+08:00,111.0,346.0,3.8,17.9,0.87,997.2,-99.0,2.5,-9.9,-99,-999,臺中市,02,西屯區,125
24.1820,120.6329,西屯,C0F9T0,2017-04-27T15:00:00+08:00,111.0,345.0,2.9,17.2,0.89,997.0,-99.0,3.0,-9.9,-99,-999,臺中市,02,西屯區,125
24.1820,120.6329,西屯,C0F9T0,2017-04-27T16:00:00+08:00,111.0,341.0,3.1,16.5,0.88,997.0,-99.0,3.5,-9.9,-99,-999,臺中市,02,西屯區,125
24.1820,120.6329,西屯,C0F9T0,2017-04-27T17:00:00+08:00,111.0,331.0,2.5,16.4,0.88,997.2,-99.0,4.0,-9.9,-99,-999,臺中市,02,西屯區,125
24.1820,120.6329,西屯,C0F9T0,2017-04-27T18:00:00+08:00,111.0,345.0,3.6,16.3,0.85,997.7,-99.0,4.0,-9.9,-99,-999,臺中市,02,西屯區,125
24.1820,120.6329,西屯,C0F9T0,2017-04-27T20:00:00+08:00,111.0,343.0,3.2,15.9,0.87,999.1,-99.0,4.5,-9.9,-99,-999,臺中市,02,西屯區,125
24.1820,120.6329,西屯,C0F9T0,2017-04-27T21:00:00+08:00,111.0,342.0,1.3,15.9,0.91,999.6,-99.0,8.0,-9.9,-99,-999,臺中市,02,西屯區,125
24.1820,120.6329,西屯,C0F9T0,2017-04-27T22:00:00+08:00,111.0,335.0,1.7,15.6,0.90,999.9,-99.0,8.5,-9.9,-99,-999,臺中市,02,西屯區,125
24.1820,120.6329,西屯,C0F9T0,2017-04-27T23:00:00+08:00,111.0,337.0,1.2,15.7,0.89,1000.0,-99.0,8.5,-9.9,-99,-999,臺中市,02,西屯區,125
24.1820,120.6329,西屯,C0F9T0,2017-04-28T00:00:00+08:00,111.0,334.0,1.2,15.8,0.89,999.6,-99.0,8.5,-9.9,-99,-999,臺中市,02,西屯區,125
24.1820,120.6329,西屯,C0F9T0,2017-04-28T01:00:00+08:00,111.0,322.0,1.6,15.4,0.88,999.1,-99.0,0.0,-9.9,-99,-999,臺中市,02,西屯區,125
24.1820,120.6329,西屯,C0F9T0,2017-04-28T02:00:00+08:00,111.0,20.0,1.9,15.5,0.82,998.6,-99.0,0.0,-9.9,-99,-999,臺中市,02,西屯區,125
24.1820,120.6329,西屯,C0F9T0,2017-04-28T03:00:00+08:00,111.0,20.0,1.6,15.9,0.75,998.5,-99.0,0.0,-9.9,-99,-999,臺中市,02,西屯區,125
24.1820,120.6329,西屯,C0F9T0,2017-04-28T04:00:00+08:00,111.0,330.0,2.4,15.9,0.76,998.4,-99.0,0.0,-9.9,-99,-999,臺中市,02,西屯區,125
24.1820,120.6329,西屯,C0F9T0,2017-04-28T05:00:00+08:00,111.0,341.0,1.9,16.0,0.72,998.6,-99.0,0.0,-9.9,-99,-999,臺中市,02,西屯區,125
24.1820,120.6329,西屯,C0F9T0,2017-04-28T06:00:00+08:00,111.0,25.0,1.3,16.4,0.64,999.2,-99.0,0.0,-9.9,-99,-999,臺中市,02,西屯區,125
24.1820,120.6329,西屯,C0F9T0,2017-04-28T07:00:00+08:00,111.0,31.0,1.2,18.4,0.54,999.6,-99.0,0.0,-9.9,-99,-999,臺中市,02,西屯區,125
24.1820,120.6329,西屯,C0F9T0,2017-04-28T08:00:00+08:00,111.0,56.0,1.9,18.9,0.57,1000.2,-99.0,0.0,-9.9,-99,-999,臺中市,02,西屯區,125
24.1820,120.6329,西屯,C0F9T0,2017-04-28T09:00:00+08:00,111.0,30.0,3.5,20.5,0.52,1000.5,-99.0,0.0,-9.9,-99,-999,臺中市,02,西屯區,125
24.1820,120.6329,西屯,C0F9T0,2017-04-28T10:00:00+08:00,111.0,8.0,3.0,22.0,0.47,1000.4,-99.0,0.0,-9.9,-99,-999,臺中市,02,西屯區,125
24.1820,120.6329,西屯,C0F9T0,2017-04-28T11:00:00+08:00,111.0,328.0,3.1,22.8,0.45,1000.3,-99.0,0.0,-9.9,-99,-999,臺中市,02,西屯區,125
24.1820,120.6329,西屯,C0F9T0,2017-04-28T12:00:00+08:00,111.0,312.0,2.1,23.4,0.44,999.7,-99.0,0.0,-9.9,-99,-999,臺中市,02,西屯區,125
24.1820,120.6329,西屯,C0F9T0,2017-04-28T13:00:00+08:00,111.0,331.0,2.8,24.0,0.42,999.3,-99.0,0.0,-9.9,-99,-999,臺中市,02,西屯區,125
24.1820,120.6329,西屯,C0F9T0,2017-04-28T14:00:00+08:00,111.0,347.0,2.5,24.2,0.40,998.8,-99.0,0.0,-9.9,-99,-999,臺中市,02,西屯區,125
24.1820,120.6329,西屯,C0F9T0,2017-04-28T15:00:00+08:00,111.0,315.0,3.3,23.7,0.45,998.2,-99.0,0.0,-9.9,-99,-999,臺中市,02,西屯區,125
24.1820,120.6329,西屯,C0F9T0,2017-04-28T16:00:00+08:00,111.0,322.0,2.7,23.8,0.45,997.9,-99.0,0.0,-9.9,-99,-999,臺中市,02,西屯區,125
24.1820,120.6329,西屯,C0F9T0,2017-04-28T17:00:00+08:00,111.0,336.0,2.5,22.7,0.49,998.3,-99.0,0.0,-9.9,-99,-999,臺中市,02,西屯區,125
24.1820,120.6329,西屯,C0F9T0,2017-04-28T18:00:00+08:00,111.0,344.0,3.3,21.6,0.51,998.9,-99.0,0.0,-9.9,-99,-999,臺中市,02,西屯區,125
24.1820,120.6329,西屯,C0F9T0,2017-04-28T19:00:00+08:00,111.0,341.0,1.7,20.3,0.55,999.0,-99.0,0.0,-9.9,-99,-999,臺中市,02,西屯區,125
24.1820,120.6329,西屯,C0F9T0,2017-04-28T20:00:00+08:00,111.0,344.0,2.1,19.5,0.55,999.8,-99.0,0.0,-9.9,-99,-999,臺中市,02,西屯區,125
24.1820,120.6329,西屯,C0F9T0,2017-04-28T21:00:00+08:00,111.0,349.0,1.5,19.0,0.57,1000.4,-99.0,0.0,-9.9,-99,-999,臺中市,02,西屯區,125
24.1820,120.6329,西屯,C0F9T0,2017-04-28T22:00:00+08:00,111.0,342.0,1.1,18.6,0.59,1000.5,-99.0,0.0,-9.9,-99,-999,臺中市,02,西屯區,125
24.1820,120.6329,西屯,C0F9T0,2017-04-28T23:00:00+08:00,111.0,336.0,1.0,18.6,0.62,1000.0,-99.0,0.0,-9.9,-99,-999,臺中市,02,西屯區,125
24.1820,120.6329,西屯,C0F9T0,2017-04-29T00:00:00+08:00,111.0,332.0,0.7,18.5,0.64,999.8,-99.0,0.0,-9.9,-99,-999,臺中市,02,西屯區,125
24.1820,120.6329,西屯,C0F9T0,2017-04-29T01:00:00+08:00,111.0,329.0,0.7,18.2,0.69,999.4,-99.0,0.0,-9.9,-99,-999,臺中市,02,西屯區,125
24.1820,120.6329,西屯,C0F9T0,2017-04-29T02:00:00+08:00,111.0,14.0,0.7,17.9,0.71,999.2,-99.0,0.0,-9.9,-99,-999,臺中市,02,西屯區,125
24.1820,120.6329,西屯,C0F9T0,2017-04-29T03:00:00+08:00,111.0,336.0,0.5,17.7,0.63,998.7,-99.0,0.0,-9.9,-99,-999,臺中市,02,西屯區,125
24.1820,120.6329,西屯,C0F9T0,2017-04-29T04:00:00+08:00,111.0,347.0,1.0,17.9,0.63,999.0,-99.0,0.0,-9.9,-99,-999,臺中市,02,西屯區,125
24.1820,120.6329,西屯,C0F9T0,2017-04-29T05:00:00+08:00,111.0,319.0,0.6,17.9,0.70,999.3,-99.0,0.0,-9.9,-99,-999,臺中市,02,西屯區,125
24.1820,120.6329,西屯,C0F9T0,2017-04-29T06:00:00+08:00,111.0,346.0,1.0,17.5,0.64,999.7,-99.0,0.0,-9.9,-99,-999,臺中市,02,西屯區,125
24.1820,120.6329,西屯,C0F9T0,2017-04-29T07:00:00+08:00,111.0,330.0,0.4,18.8,0.66,1000.0,-99.0,0.0,-9.9,-99,-999,臺中市,02,西屯區,125
24.1820,120.6329,西屯,C0F9T0,2017-04-29T08:00:00+08:00,111.0,341.0,1.1,20.7,0.61,1000.8,-99.0,0.0,-9.9,-99,-999,臺中市,02,西屯區,125
24.1820,120.6329,西屯,C0F9T0,2017-04-29T10:00:00+08:00,111.0,308.0,1.7,24.1,0.48,1001.1,-99.0,0.0,-9.9,-99,-999,臺中市,02,西屯區,125
24.1820,120.6329,西屯,C0F9T0,2017-04-29T11:00:00+08:00,111.0,326.0,1.7,25.0,0.40,1000.9,-99.0,0.0,-9.9,-99,-999,臺中市,02,西屯區,125
24.1820,120.6329,西屯,C0F9T0,2017-04-29T12:00:00+08:00,111.0,322.0,1.3,25.6,0.36,1000.5,-99.0,0.0,-9.9,-99,-999,臺中市,02,西屯區,125
24.1820,120.6329,西屯,C0F9T0,2017-04-29T13:00:00+08:00,111.0,329.0,2.2,26.5,0.37,999.9,-99.0,0.0,-9.9,-99,-999,臺中市,02,西屯區,125
24.1820,120.6329,西屯,C0F9T0,2017-04-29T14:00:00+08:00,111.0,329.0,2.8,26.2,0.41,999.2,-99.0,0.0,-9.9,-99,-999,臺中市,02,西屯區,125
24.1820,120.6329,西屯,C0F9T0,2017-04-29T15:00:00+08:00,111.0,337.0,2.8,26.0,0.42,998.8,-99.0,0.0,-9.9,-99,-999,臺中市,02,西屯區,125
24.1820,120.6329,西屯,C0F9T0,2017-04-29T16:00:00+08:00,111.0,324.0,3.0,25.3,0.46,998.6,-99.0,0.0,-9.9,-99,-999,臺中市,02,西屯區,125
24.1820,120.6329,西屯,C0F9T0,2017-04-29T17:00:00+08:00,111.0,317.0,2.3,25.0,0.44,998.6,-99.0,0.0,-9.9,-99,-999,臺中市,02,西屯區,125
24.1820,120.6329,西屯,C0F9T0,2017-04-29T18:00:00+08:00,111.0,337.0,2.2,24.0,0.48,999.1,-99.0,0.0,-9.9,-99,-999,臺中市,02,西屯區,125
24.1820,120.6329,西屯,C0F9T0,2017-04-29T19:00:00+08:00,111.0,330.0,1.7,22.4,0.51,999.5,-99.0,0.0,-9.9,-99,-999,臺中市,02,西屯區,125
24.1820,120.6329,西屯,C0F9T0,2017-04-29T20:00:00+08:00,111.0,326.0,1.2,21.8,0.55,1000.0,-99.0,0.0,-9.9,-99,-999,臺中市,02,西屯區,125
24.1820,120.6329,西屯,C0F9T0,2017-04-29T21:00:00+08:00,111.0,331.0,0.7,21.6,0.57,1000.2,-99.0,0.0,-9.9,-99,-999,臺中市,02,西屯區,125
24.1820,120.6329,西屯,C0F9T0,2017-04-29T22:00:00+08:00,111.0,292.0,0.9,22.1,0.56,1000.6,-99.0,0.0,-9.9,-99,-999,臺中市,02,西屯區,125
24.1820,120.6329,西屯,C0F9T0,2017-04-29T23:00:00+08:00,111.0,306.0,0.8,21.9,0.58,1000.6,-99.0,0.0,-9.9,-99,-999,臺中市,02,西屯區,125
24.1820,120.6329,西屯,C0F9T0,2017-04-30T00:00:00+08:00,111.0,0.0,0.0,21.4,0.65,1000.4,-99.0,0.0,-9.9,-99,-999,臺中市,02,西屯區,125
24.1820,120.6329,西屯,C0F9T0,2017-04-30T01:00:00+08:00,111.0,303.0,0.8,20.2,0.72,1000.0,-99.0,0.0,-9.9,-99,-999,臺中市,02,西屯區,125
24.1820,120.6329,西屯,C0F9T0,2017-04-30T02:00:00+08:00,111.0,308.0,0.8,19.6,0.76,999.6,-99.0,0.0,-9.9,-99,-999,臺中市,02,西屯區,125
24.1820,120.6329,西屯,C0F9T0,2017-04-30T03:00:00+08:00,111.0,0.0,0.0,19.8,0.75,999.6,-99.0,0.0,-9.9,-99,-999,臺中市,02,西屯區,125
24.1820,120.6329,西屯,C0F9T0,2017-04-30T04:00:00+08:00,111.0,302.0,0.9,19.5,0.78,999.4,-99.0,0.0,-9.9,-99,-999,臺中市,02,西屯區,125
24.1820,120.6329,西屯,C0F9T0,2017-04-30T05:00:00+08:00,111.0,289.0,0.5,19.2,0.81,999.8,-99.0,0.0,-9.9,-99,-999,臺中市,02,西屯區,125
24.1820,120.6329,西屯,C0F9T0,2017-04-30T06:00:00+08:00,111.0,307.0,0.4,19.1,0.80,1000.2,-99.0,0.0,-9.9,-99,-999,臺中市,02,西屯區,125
24.1820,120.6329,西屯,C0F9T0,2017-04-30T07:00:00+08:00,111.0,312.0,0.8,20.5,0.75,1000.5,-99.0,0.0,-9.9,-99,-999,臺中市,02,西屯區,125
24.1820,120.6329,西屯,C0F9T0,2017-04-30T08:00:00+08:00,111.0,331.0,0.5,22.7,0.64,1001.0,-99.0,0.0,-9.9,-99,-999,臺中市,02,西屯區,125
24.1820,120.6329,西屯,C0F9T0,2017-04-30T09:00:00+08:00,111.0,0.0,0.2,24.3,0.56,1001.1,-99.0,0.0,-9.9,-99,-999,臺中市,02,西屯區,125
24.1820,120.6329,西屯,C0F9T0,2017-04-30T10:00:00+08:00,111.0,292.0,1.2,25.4,0.53,1000.8,-99.0,0.0,-9.9,-99,-999,臺中市,02,西屯區,125
24.1820,120.6329,西屯,C0F9T0,2017-04-30T11:00:00+08:00,111.0,279.0,1.2,27.3,0.46,1000.4,-99.0,0.0,-9.9,-99,-999,臺中市,02,西屯區,125
24.1820,120.6329,西屯,C0F9T0,2017-04-30T12:00:00+08:00,111.0,306.0,3.5,27.0,0.49,1000.1,-99.0,0.0,-9.9,-99,-999,臺中市,02,西屯區,125
24.1820,120.6329,西屯,C0F9T0,2017-04-30T13:00:00+08:00,111.0,297.0,3.1,26.8,0.52,999.8,-99.0,0.0,-9.9,-99,-999,臺中市,02,西屯區,125
24.1820,120.6329,西屯,C0F9T0,2017-04-30T14:00:00+08:00,111.0,294.0,3.5,26.6,0.51,999.3,-99.0,0.0,-9.9,-99,-999,臺中市,02,西屯區,125
24.1820,120.6329,西屯,C0F9T0,2017-04-30T15:00:00+08:00,111.0,340.0,2.7,25.9,0.52,999.1,-99.0,0.0,-9.9,-99,-999,臺中市,02,西屯區,125
24.1820,120.6329,西屯,C0F9T0,2017-04-30T16:00:00+08:00,111.0,306.0,1.4,26.7,0.45,998.9,-99.0,0.0,-9.9,-99,-999,臺中市,02,西屯區,125
24.1820,120.6329,西屯,C0F9T0,2017-04-30T17:00:00+08:00,111.0,310.0,1.0,25.9,0.43,998.8,-99.0,0.0,-9.9,-99,-999,臺中市,02,西屯區,125
24.1820,120.6329,西屯,C0F9T0,2017-04-30T18:00:00+08:00,111.0,316.0,1.6,25.5,0.42,999.2,-99.0,0.0,-9.9,-99,-999,臺中市,02,西屯區,125
24.1820,120.6329,西屯,C0F9T0,2017-04-30T19:00:00+08:00,111.0,352.0,1.1,24.9,0.43,999.3,-99.0,0.0,-9.9,-99,-999,臺中市,02,西屯區,125
24.1820,120.6329,西屯,C0F9T0,2017-04-30T20:00:00+08:00,111.0,327.0,0.9,24.2,0.49,999.6,-99.0,0.0,-9.9,-99,-999,臺中市,02,西屯區,125
24.1820,120.6329,西屯,C0F9T0,2017-04-30T21:00:00+08:00,111.0,351.0,0.8,24.1,0.51,999.9,-99.0,0.0,-9.9,-99,-999,臺中市,02,西屯區,125
24.1820,120.6329,西屯,C0F9T0,2017-04-30T22:00:00+08:00,111.0,0.0,0.0,24.0,0.54,1000.6,-99.0,0.0,-9.9,-99,-999,臺中市,02,西屯區,125
24.1820,120.6329,西屯,C0F9T0,2017-04-30T23:00:00+08:00,111.0,309.0,0.9,22.9,0.59,1000.6,-99.0,0.0,-9.9,-99,-999,臺中市,02,西屯區,125
