24.9400,121.7015,坪林,C0A530,2017-02-01T07:00:00+08:00,300.0,69.0,2.9,14.6,0.99,987.8,-99.0,0.0,-9.9,-99,-999,新北市,06,坪林區,053
24.9400,121.7015,坪林,C0A530,2017-02-01T05:00:00+08:00,300.0,48.0,3.1,14.9,0.99,987.1,-99.0,0.0,-9.9,-99,-999,新北市,06,坪林區,053
24.9400,121.7015,坪林,C0A530,2017-02-01T02:00:00+08:00,300.0,57.0,3.0,15.1,0.99,986.5,-99.0,0.0,-9.9,-99,-999,新北市,06,坪林區,053
24.9400,121.7015,坪林,C0A530,2017-02-01T11:00:00+08:00,300.0,72.0,4.7,14.5,0.99,989.4,-99.0,0.0,-9.9,-99,-999,新北市,06,坪林區,053
24.9400,121.7015,坪林,C0A530,2017-02-02T10:00:00+08:00,300.0,67.0,2.7,12.4,0.99,992.2,-99.0,0.0,-9.9,-99,-999,新北市,06,坪林區,053
24.9400,121.7015,坪林,C0A530,2017-02-02T09:00:00+08:00,300.0,82.0,1.7,12.3,0.99,992.4,-99.0,0.0,-9.9,-99,-999,新北市,06,坪林區,053
24.9400,121.7015,坪林,C0A530,2017-02-02T08:00:00+08:00,300.0,74.0,2.7,12.3,0.99,991.9,-99.0,0.0,-9.9,-99,-999,新北市,06,坪林區,053
24.9400,121.7015,坪林,C0A530,2017-02-02T11:00:00+08:00,300.0,67.0,4.4,12.4,0.99,991.4,-99.0,0.0,-9.9,-99,-999,新北市,06,坪林區,053
24.9400,121.7015,坪林,C0A530,2017-02-02T14:00:00+08:00,300.0,51.0,2.7,12.4,0.99,989.2,-99.0,0.0,-9.9,-99,-999,新北市,06,坪林區,053
24.9400,121.7015,坪林,C0A530,2017-02-02T15:00:00+08:00,300.0,55.0,4.3,12.4,0.99,989.0,-99.0,0.0,-9.9,-99,-999,新北市,06,坪林區,053
24.9400,121.7015,坪林,C0A530,2017-02-02T16:00:00+08:00,300.0,75.0,4.2,12.6,0.99,989.0,-99.0,0.0,-9.9,-99,-999,新北市,06,坪林區,053
24.9400,121.7015,坪林,C0A530,2017-02-02T17:00:00+08:00,300.0,69.0,4.5,12.4,0.99,989.2,-99.0,0.0,-9.9,-99,-999,新北市,06,坪林區,053
24.9400,121.7015,坪林,C0A530,2017-02-02T18:00:00+08:00,300.0,44.0,3.5,12.1,0.99,989.8,-99.0,0.0,-9.9,-99,-999,新北市,06,坪林區,053
24.9400,121.7015,坪林,C0A530,2017-02-02T19:00:00+08:00,300.0,69.0,3.5,12.1,0.99,990.1,-99.0,0.0,-9.9,-99,-999,新北市,06,坪林區,053
24.9400,121.7015,坪林,C0A530,2017-02-02T20:00:00+08:00,300.0,75.0,2.9,12.3,0.99,990.2,-99.0,0.0,-9.9,-99,-999,新北市,06,坪林區,053
24.9400,121.7015,坪林,C0A530,2017-02-02T21:00:00+08:00,300.0,80.0,3.1,12.2,0.99,990.1,-99.0,0.0,-9.9,-99,-999,新北市,06,坪林區,053
24.9400,121.7015,坪林,C0A530,2017-02-02T22:00:00+08:00,300.0,60.0,2.0,12.6,0.96,989.7,-99.0,0.0,-9.9,-99,-999,新北市,06,坪林區,053
24.9400,121.7015,坪林,C0A530,2017-02-02T23:00:00+08:00,300.0,60.0,2.9,12.6,0.97,989.1,-99.0,0.0,-9.9,-99,-999,新北市,06,坪林區,053
24.9400,121.7015,坪林,C0A530,2017-02-03T00:00:00+08:00,300.0,50.0,3.6,12.7,0.98,988.7,-99.0,0.0,-9.9,-99,-999,新北市,06,坪林區,053
24.9400,121.7015,坪林,C0A530,2017-02-03T01:00:00+08:00,300.0,70.0,3.0,13.1,0.97,988.2,-99.0,0.0,-9.9,-99,-999,新北市,06,坪林區,053
24.9400,121.7015,坪林,C0A530,2017-02-03T02:00:00+08:00,300.0,99.0,1.5,13.2,0.99,987.3,-99.0,0.0,-9.9,-99,-999,新北市,06,坪林區,053
24.9400,121.7015,坪林,C0A530,2017-02-03T03:00:00+08:00,300.0,71.0,1.7,13.5,0.97,986.8,-99.0,0.0,-9.9,-99,-999,新北市,06,坪林區,053
24.9400,121.7015,坪林,C0A530,2017-02-03T04:00:00+08:00,300.0,81.0,1.3,13.7,0.98,986.6,-99.0,0.0,-9.9,-99,-999,新北市,06,坪林區,053
24.9400,121.7015,坪林,C0A530,2017-02-03T05:00:00+08:00,300.0,78.0,1.8,13.7,0.99,986.8,-99.0,0.0,-9.9,-99,-999,新北市,06,坪林區,053
24.9400,121.7015,坪林,C0A530,2017-02-03T06:00:00+08:00,300.0,59.0,1.4,13.4,1.00,987.1,-99.0,0.0,-9.9,-99,-999,新北市,06,坪林區,053
24.9400,121.7015,坪林,C0A530,2017-02-03T07:00:00+08:00,300.0,43.0,2.2,13.0,1.00,987.1,-99.0,0.0,-9.9,-99,-999,新北市,06,坪林區,053
24.9400,121.7015,坪林,C0A530,2017-02-03T08:00:00+08:00,300.0,64.0,2.0,14.5,1.00,987.2,-99.0,0.0,-9.9,-99,-999,新北市,06,坪林區,053
24.9400,121.7015,坪林,C0A530,2017-02-03T10:00:00+08:00,300.0,69.0,1.7,20.1,0.78,987.6,-99.0,0.0,-9.9,-99,-999,新北市,06,坪林區,053
24.9400,121.7015,坪林,C0A530,2017-02-03T11:00:00+08:00,300.0,87.0,1.7,19.9,0.74,986.7,-99.0,0.0,-9.9,-99,-999,新北市,06,坪林區,053
24.9400,121.7015,坪林,C0A530,2017-02-03T12:00:00+08:00,300.0,67.0,1.1,20.7,0.72,985.4,-99.0,0.0,-9.9,-99,-999,新北市,06,坪林區,053
24.9400,121.7015,坪林,C0A530,2017-02-03T13:00:00+08:00,300.0,76.0,2.9,20.0,0.69,984.2,-99.0,0.0,-9.9,-99,-999,新北市,06,坪林區,053
24.9400,121.7015,坪林,C0A530,2017-02-03T14:00:00+08:00,300.0,81.0,2.1,19.8,0.71,983.5,-99.0,0.0,-9.9,-99,-999,新北市,06,坪林區,053
24.9400,121.7015,坪林,C0A530,2017-02-03T15:00:00+08:00,300.0,54.0,2.3,19.8,0.71,983.1,-99.0,0.0,-9.9,-99,-999,新北市,06,坪林區,053
24.9400,121.7015,坪林,C0A530,2017-02-03T16:00:00+08:00,300.0,65.0,0.7,19.5,0.70,983.4,-99.0,0.0,-9.9,-99,-999,新北市,06,坪林區,053
24.9400,121.7015,坪林,C0A530,2017-02-03T17:00:00+08:00,300.0,68.0,2.6,18.9,0.73,983.5,-99.0,0.0,-9.9,-99,-999,新北市,06,坪林區,053
24.9400,121.7015,坪林,C0A530,2017-02-03T18:00:00+08:00,300.0,92.0,1.0,17.6,0.81,983.8,-99.0,0.0,-9.9,-99,-999,新北市,06,坪林區,053
24.9400,121.7015,坪林,C0A530,2017-02-03T19:00:00+08:00,300.0,149.0,0.5,17.7,0.79,984.0,-99.0,0.0,-9.9,-99,-999,新北市,06,坪林區,053
24.9400,121.7015,坪林,C0A530,2017-02-03T20:00:00+08:00,300.0,155.0,1.0,17.7,0.82,984.4,-99.0,0.0,-9.9,-99,-999,新北市,06,坪林區,053
24.9400,121.7015,坪林,C0A530,2017-02-03T21:00:00+08:00,300.0,179.0,1.2,18.1,0.81,984.2,-99.0,0.0,-9.9,-99,-999,新北市,06,坪林區,053
24.9400,121.7015,坪林,C0A530,2017-02-03T22:00:00+08:00,300.0,159.0,2.3,18.4,0.77,984.3,-99.0,0.0,-9.9,-99,-999,新北市,06,坪林區,053
24.9400,121.7015,坪林,C0A530,2017-02-03T23:00:00+08:00,300.0,142.0,2.2,18.4,0.80,983.9,-99.0,0.0,-9.9,-99,-999,新北市,06,坪林區,053
24.9400,121.7015,坪林,C0A530,2017-02-04T00:00:00+08:00,300.0,174.0,0.5,18.4,0.80,983.6,-99.0,0.0,-9.9,-99,-999,新北市,06,坪林區,053
24.9400,121.7015,坪林,C0A530,2017-02-04T01:00:00+08:00,300.0,217.0,0.9,18.1,0.82,983.5,-99.0,0.0,-9.9,-99,-999,新北市,06,坪林區,053
24.9400,121.7015,坪林,C0A530,2017-02-04T02:00:00+08:00,300.0,0.0,0.0,17.5,0.86,982.8,-99.0,0.0,-9.9,-99,-999,新北市,06,坪林區,053
24.9400,121.7015,坪林,C0A530,2017-02-04T03:00:00+08:00,300.0,155.0,1.0,15.9,0.97,982.7,-99.0,0.0,-9.9,-99,-999,新北市,06,坪林區,053
24.9400,121.7015,坪林,C0A530,2017-02-04T04:00:00+08:00,300.0,0.0,0.1,15.1,0.99,982.2,-99.0,0.0,-9.9,-99,-999,新北市,06,坪林區,053
24.9400,121.7015,坪林,C0A530,2017-02-04T05:00:00+08:00,300.0,113.0,0.6,15.2,0.99,981.9,-99.0,0.0,-9.9,-99,-999,新北市,06,坪林區,053
24.9400,121.7015,坪林,C0A530,2017-02-04T06:00:00+08:00,300.0,44.0,2.0,15.1,0.99,982.3,-99.0,0.0,-9.9,-99,-999,新北市,06,坪林區,053
24.9400,121.7015,坪林,C0A530,2017-02-04T07:00:00+08:00,300.0,2.0,0.8,15.3,0.99,982.8,-99.0,0.0,-9.9,-99,-999,新北市,06,坪林區,053
24.9400,121.7015,坪林,C0A530,2017-02-04T08:00:00+08:00,300.0,0.0,0.1,16.1,0.99,983.0,-99.0,0.0,-9.9,-99,-999,新北市,06,坪林區,053
24.9400,121.7015,坪林,C0A530,2017-02-04T10:00:00+08:00,300.0,163.0,2.1,18.7,0.88,983.3,-99.0,0.0,-9.9,-99,-999,新北市,06,坪林區,053
24.9400,121.7015,坪林,C0A530,2017-02-04T11:00:00+08:00,300.0,28.0,0.7,19.3,0.85,982.3,-99.0,0.0,-9.9,-99,-999,新北市,06,坪林區,053
24.9400,121.7015,坪林,C0A530,2017-02-04T12:00:00+08:00,300.0,5.0,1.3,19.1,0.88,981.4,-99.0,0.0,-9.9,-99,-999,新北市,06,坪林區,053
24.9400,121.7015,坪林,C0A530,2017-02-04T13:00:00+08:00,300.0,170.0,1.3,19.1,0.83,980.4,-99.0,0.0,-9.9,-99,-999,新北市,06,坪林區,053
24.9400,121.7015,坪林,C0A530,2017-02-04T14:00:00+08:00,300.0,159.0,2.0,19.5,0.81,979.2,-99.0,0.0,-9.9,-99,-999,新北市,06,坪林區,053
24.9400,121.7015,坪林,C0A530,2017-02-04T15:00:00+08:00,300.0,278.0,0.3,20.3,0.79,978.7,-99.0,0.0,-9.9,-99,-999,新北市,06,坪林區,053
24.9400,121.7015,坪林,C0A530,2017-02-04T16:00:00+08:00,300.0,0.0,0.2,19.2,0.83,978.7,-99.0,0.0,-9.9,-99,-999,新北市,06,坪林區,053
24.9400,121.7015,坪林,C0A530,2017-02-04T17:00:00+08:00,300.0,0.0,0.1,18.3,0.89,979.1,-99.0,0.0,-9.9,-99,-999,新北市,06,坪林區,053
24.9400,121.7015,坪林,C0A530,2017-02-04T18:00:00+08:00,300.0,333.0,0.3,17.5,0.94,979.1,-99.0,0.0,-9.9,-99,-999,新北市,06,坪林區,053
24.9400,121.7015,坪林,C0A530,2017-02-04T19:00:00+08:00,300.0,0.0,0.0,16.7,0.99,980.1,-99.0,0.0,-9.9,-99,-999,新北市,06,坪林區,053
24.9400,121.7015,坪林,C0A530,2017-02-04T20:00:00+08:00,300.0,22.0,1.3,16.0,0.99,980.6,-99.0,0.0,-9.9,-99,-999,新北市,06,坪林區,053
24.9400,121.7015,坪林,C0A530,2017-02-04T21:00:00+08:00,300.0,16.0,1.1,15.9,0.99,980.7,-99.0,0.0,-9.9,-99,-999,新北市,06,坪林區,053
24.9400,121.7015,坪林,C0A530,2017-02-04T22:00:00+08:00,300.0,20.0,1.4,15.5,0.99,980.3,-99.0,0.0,-9.9,-99,-999,新北市,06,坪林區,053
24.9400,121.7015,坪林,C0A530,2017-02-04T23:00:00+08:00,300.0,39.0,1.1,15.1,0.99,980.4,-99.0,0.0,-9.9,-99,-999,新北市,06,坪林區,053
24.9400,121.7015,坪林,C0A530,2017-02-05T01:00:00+08:00,300.0,0.0,0.1,14.4,1.00,979.8,-99.0,0.0,-9.9,-99,-999,新北市,06,坪林區,053
24.9400,121.7015,坪林,C0A530,2017-02-05T02:00:00+08:00,300.0,50.0,1.3,14.1,1.00,979.4,-99.0,0.0,-9.9,-99,-999,新北市,06,坪林區,053
24.9400,121.7015,坪林,C0A530,2017-02-05T03:00:00+08:00,300.0,0.0,0.1,14.0,1.00,979.1,-99.0,0.0,-9.9,-99,-999,新北市,06,坪林區,053
24.9400,121.7015,坪林,C0A530,2017-02-05T04:00:00+08:00,300.0,0.0,0.0,14.1,0.99,978.9,-99.0,0.0,-9.9,-99,-999,新北市,06,坪林區,053
24.9400,121.7015,坪林,C0A530,2017-02-05T05:00:00+08:00,300.0,0.0,0.0,14.2,1.00,979.3,-99.0,0.0,-9.9,-99,-999,新北市,06,坪林區,053
24.9400,121.7015,坪林,C0A530,2017-02-05T06:00:00+08:00,300.0,0.0,0.0,14.4,1.00,980.0,-99.0,0.0,-9.9,-99,-999,新北市,06,坪林區,053
24.9400,121.7015,坪林,C0A530,2017-02-05T07:00:00+08:00,300.0,0.0,0.0,14.5,1.00,980.4,-99.0,0.0,-9.9,-99,-999,新北市,06,坪林區,053
24.9400,121.7015,坪林,C0A530,2017-02-05T08:00:00+08:00,300.0,0.0,0.0,14.8,1.00,980.7,-99.0,0.0,-9.9,-99,-999,新北市,06,坪林區,053
24.9400,121.7015,坪林,C0A530,2017-02-05T10:00:00+08:00,300.0,0.0,0.2,15.4,1.00,981.8,-99.0,0.0,-9.9,-99,-999,新北市,06,坪林區,053
24.9400,121.7015,坪林,C0A530,2017-02-05T11:00:00+08:00,300.0,0.0,0.0,16.6,1.00,981.3,-99.0,0.0,-9.9,-99,-999,新北市,06,坪林區,053
24.9400,121.7015,坪林,C0A530,2017-02-05T12:00:00+08:00,300.0,0.0,0.0,20.1,0.74,980.2,-99.0,0.0,-9.9,-99,-999,新北市,06,坪林區,053
24.9400,121.7015,坪林,C0A530,2017-02-05T13:00:00+08:00,300.0,100.0,1.7,20.8,0.73,979.6,-99.0,0.0,-9.9,-99,-999,新北市,06,坪林區,053
24.9400,121.7015,坪林,C0A530,2017-02-05T14:00:00+08:00,300.0,39.0,1.2,20.1,0.76,979.3,-99.0,0.0,-9.9,-99,-999,新北市,06,坪林區,053
24.9400,121.7015,坪林,C0A530,2017-02-05T15:00:00+08:00,300.0,60.0,2.5,19.8,0.80,979.2,-99.0,0.0,-9.9,-99,-999,新北市,06,坪林區,053
24.9400,121.7015,坪林,C0A530,2017-02-05T16:00:00+08:00,300.0,81.0,1.6,19.2,0.88,979.7,-99.0,0.0,-9.9,-99,-999,新北市,06,坪林區,053
24.9400,121.7015,坪林,C0A530,2017-02-05T17:00:00+08:00,300.0,32.0,1.3,17.3,1.00,980.1,-99.0,3.0,-9.9,-99,-999,新北市,06,坪林區,053
24.9400,121.7015,坪林,C0A530,2017-02-05T18:00:00+08:00,300.0,53.0,2.6,16.4,1.00,980.7,-99.0,10.0,-9.9,-99,-999,新北市,06,坪林區,053
24.9400,121.7015,坪林,C0A530,2017-02-05T19:00:00+08:00,300.0,69.0,3.4,15.5,1.00,981.2,-99.0,12.0,-9.9,-99,-999,新北市,06,坪林區,053
24.9400,121.7015,坪林,C0A530,2017-02-05T20:00:00+08:00,300.0,54.0,4.1,15.1,1.00,982.3,-99.0,12.5,-9.9,-99,-999,新北市,06,坪林區,053
24.9400,121.7015,坪林,C0A530,2017-02-05T21:00:00+08:00,300.0,62.0,3.8,15.0,1.00,982.4,-99.0,12.5,-9.9,-99,-999,新北市,06,坪林區,053
24.9400,121.7015,坪林,C0A530,2017-02-05T22:00:00+08:00,300.0,66.0,3.7,15.1,1.00,982.5,-99.0,12.5,-9.9,-99,-999,新北市,06,坪林區,053
24.9400,121.7015,坪林,C0A530,2017-02-05T23:00:00+08:00,300.0,62.0,3.8,15.0,1.00,982.7,-99.0,12.5,-9.9,-99,-999,新北市,06,坪林區,053
24.9400,121.7015,坪林,C0A530,2017-02-06T00:00:00+08:00,300.0,72.0,3.3,14.9,0.99,982.9,-99.0,12.5,-9.9,-99,-999,新北市,06,坪林區,053
24.9400,121.7015,坪林,C0A530,2017-02-06T01:00:00+08:00,300.0,73.0,2.9,14.8,0.99,982.9,-99.0,0.0,-9.9,-99,-999,新北市,06,坪林區,053
24.9400,121.7015,坪林,C0A530,2017-02-06T02:00:00+08:00,300.0,71.0,2.3,14.6,0.98,982.3,-99.0,0.0,-9.9,-99,-999,新北市,06,坪林區,053
24.9400,121.7015,坪林,C0A530,2017-02-06T03:00:00+08:00,300.0,87.0,2.7,14.6,0.98,981.9,-99.0,0.0,-9.9,-99,-999,新北市,06,坪林區,053
24.9400,121.7015,坪林,C0A530,2017-02-06T04:00:00+08:00,300.0,72.0,3.1,14.4,0.99,981.6,-99.0,0.0,-9.9,-99,-999,新北市,06,坪林區,053
24.9400,121.7015,坪林,C0A530,2017-02-06T05:00:00+08:00,300.0,74.0,4.2,14.5,0.96,982.2,-99.0,0.0,-9.9,-99,-999,新北市,06,坪林區,053
24.9400,121.7015,坪林,C0A530,2017-02-06T06:00:00+08:00,300.0,78.0,3.3,14.1,1.00,983.0,-99.0,0.0,-9.9,-99,-999,新北市,06,坪林區,053
24.9400,121.7015,坪林,C0A530,2017-02-06T07:00:00+08:00,300.0,76.0,3.4,14.3,0.92,983.7,-99.0,0.0,-9.9,-99,-999,新北市,06,坪林區,053
24.9400,121.7015,坪林,C0A530,2017-02-06T08:00:00+08:00,300.0,76.0,4.7,14.5,0.87,984.6,-99.0,0.0,-9.9,-99,-999,新北市,06,坪林區,053
24.9400,121.7015,坪林,C0A530,2017-02-06T10:00:00+08:00,300.0,71.0,3.1,14.8,0.85,985.8,-99.0,0.0,-9.9,-99,-999,新北市,06,坪林區,053
24.9400,121.7015,坪林,C0A530,2017-02-06T11:00:00+08:00,300.0,79.0,2.6,15.0,0.82,985.8,-99.0,0.0,-9.9,-99,-999,新北市,06,坪林區,053
24.9400,121.7015,坪林,C0A530,2017-02-06T12:00:00+08:00,300.0,70.0,3.8,15.0,0.81,985.0,-99.0,0.0,-9.9,-99,-999,新北市,06,坪林區,053
24.9400,121.7015,坪林,C0A530,2017-02-06T13:00:00+08:00,300.0,74.0,2.8,15.2,0.80,984.3,-99.0,0.0,-9.9,-99,-999,新北市,06,坪林區,053
24.9400,121.7015,坪林,C0A530,2017-02-06T14:00:00+08:00,300.0,97.0,4.2,16.0,0.77,983.9,-99.0,0.0,-9.9,-99,-999,新北市,06,坪林區,053
24.9400,121.7015,坪林,C0A530,2017-02-06T15:00:00+08:00,300.0,73.0,4.8,14.8,0.80,983.7,-99.0,0.0,-9.9,-99,-999,新北市,06,坪林區,053
24.9400,121.7015,坪林,C0A530,2017-02-06T16:00:00+08:00,300.0,65.0,4.3,14.6,0.81,984.0,-99.0,0.0,-9.9,-99,-999,新北市,06,坪林區,053
24.9400,121.7015,坪林,C0A530,2017-02-06T17:00:00+08:00,300.0,77.0,3.0,14.1,0.85,984.6,-99.0,0.0,-9.9,-99,-999,新北市,06,坪林區,053
24.9400,121.7015,坪林,C0A530,2017-02-06T18:00:00+08:00,300.0,79.0,3.9,13.8,0.85,985.2,-99.0,0.0,-9.9,-99,-999,新北市,06,坪林區,053
24.9400,121.7015,坪林,C0A530,2017-02-06T19:00:00+08:00,300.0,90.0,2.6,13.7,0.84,985.9,-99.0,0.0,-9.9,-99,-999,新北市,06,坪林區,053
24.9400,121.7015,坪林,C0A530,2017-02-06T20:00:00+08:00,300.0,94.0,3.2,13.5,0.83,986.4,-99.0,0.0,-9.9,-99,-999,新北市,06,坪林區,053
24.9400,121.7015,坪林,C0A530,2017-02-06T21:00:00+08:00,300.0,95.0,3.5,13.5,0.81,986.6,-99.0,0.0,-9.9,-99,-999,新北市,06,坪林區,053
24.9400,121.7015,坪林,C0A530,2017-02-06T22:00:00+08:00,300.0,86.0,2.3,13.5,0.81,986.1,-99.0,0.0,-9.9,-99,-999,新北市,06,坪林區,053
24.9400,121.7015,坪林,C0A530,2017-02-06T23:00:00+08:00,300.0,71.0,2.7,13.4,0.82,985.9,-99.0,0.0,-9.9,-99,-999,新北市,06,坪林區,053
24.9400,121.7015,坪林,C0A530,2017-02-07T00:00:00+08:00,300.0,59.0,3.0,13.5,0.81,985.8,-99.0,0.0,-9.9,-99,-999,新北市,06,坪林區,053
24.9400,121.7015,坪林,C0A530,2017-02-07T01:00:00+08:00,300.0,75.0,2.3,13.5,0.82,985.8,-99.0,0.0,-9.9,-99,-999,新北市,06,坪林區,053
24.9400,121.7015,坪林,C0A530,2017-02-07T02:00:00+08:00,300.0,82.0,1.9,13.4,0.85,985.7,-99.0,0.0,-9.9,-99,-999,新北市,06,坪林區,053
24.9400,121.7015,坪林,C0A530,2017-02-07T03:00:00+08:00,300.0,71.0,3.4,13.5,0.83,985.3,-99.0,0.0,-9.9,-99,-999,新北市,06,坪林區,053
24.9400,121.7015,坪林,C0A530,2017-02-07T04:00:00+08:00,300.0,55.0,3.1,13.4,0.83,985.1,-99.0,0.0,-9.9,-99,-999,新北市,06,坪林區,053
24.9400,121.7015,坪林,C0A530,2017-02-07T05:00:00+08:00,300.0,58.0,3.1,13.4,0.83,985.2,-99.0,0.0,-9.9,-99,-999,新北市,06,坪林區,053
24.9400,121.7015,坪林,C0A530,2017-02-07T06:00:00+08:00,300.0,63.0,3.9,13.5,0.82,985.6,-99.0,0.0,-9.9,-99,-999,新北市,06,坪林區,053
24.9400,121.7015,坪林,C0A530,2017-02-07T07:00:00+08:00,300.0,69.0,3.8,13.4,0.83,985.6,-99.0,0.0,-9.9,-99,-999,新北市,06,坪林區,053
24.9400,121.7015,坪林,C0A530,2017-02-07T08:00:00+08:00,300.0,56.0,4.1,13.8,0.81,985.6,-99.0,0.0,-9.9,-99,-999,新北市,06,坪林區,053
24.9400,121.7015,坪林,C0A530,2017-02-07T10:00:00+08:00,300.0,53.0,1.9,14.7,0.80,986.2,-99.0,0.0,-9.9,-99,-999,新北市,06,坪林區,053
24.9400,121.7015,坪林,C0A530,2017-02-07T11:00:00+08:00,300.0,45.0,2.7,15.5,0.80,985.6,-99.0,0.0,-9.9,-99,-999,新北市,06,坪林區,053
24.9400,121.7015,坪林,C0A530,2017-02-07T12:00:00+08:00,300.0,72.0,3.6,15.5,0.79,984.7,-99.0,0.0,-9.9,-99,-999,新北市,06,坪林區,053
24.9400,121.7015,坪林,C0A530,2017-02-07T13:00:00+08:00,300.0,52.0,3.5,15.3,0.79,983.9,-99.0,0.0,-9.9,-99,-999,新北市,06,坪林區,053
24.9400,121.7015,坪林,C0A530,2017-02-07T14:00:00+08:00,300.0,72.0,4.0,15.1,0.82,983.2,-99.0,0.0,-9.9,-99,-999,新北市,06,坪林區,053
24.9400,121.7015,坪林,C0A530,2017-02-07T15:00:00+08:00,300.0,72.0,3.7,15.5,0.83,982.9,-99.0,0.0,-9.9,-99,-999,新北市,06,坪林區,053
24.9400,121.7015,坪林,C0A530,2017-02-07T16:00:00+08:00,300.0,75.0,4.5,14.9,0.85,982.9,-99.0,0.0,-9.9,-99,-999,新北市,06,坪林區,053
24.9400,121.7015,坪林,C0A530,2017-02-07T17:00:00+08:00,300.0,80.0,4.2,14.5,0.86,983.2,-99.0,0.0,-9.9,-99,-999,新北市,06,坪林區,053
24.9400,121.7015,坪林,C0A530,2017-02-07T18:00:00+08:00,300.0,72.0,2.8,14.3,0.89,983.3,-99.0,0.0,-9.9,-99,-999,新北市,06,坪林區,053
24.9400,121.7015,坪林,C0A530,2017-02-07T19:00:00+08:00,300.0,62.0,3.0,14.3,0.90,983.4,-99.0,0.0,-9.9,-99,-999,新北市,06,坪林區,053
24.9400,121.7015,坪林,C0A530,2017-02-07T20:00:00+08:00,300.0,80.0,2.1,14.5,0.91,983.4,-99.0,0.0,-9.9,-99,-999,新北市,06,坪林區,053
24.9400,121.7015,坪林,C0A530,2017-02-07T21:00:00+08:00,300.0,76.0,2.0,14.4,0.94,983.1,-99.0,0.0,-9.9,-99,-999,新北市,06,坪林區,053
24.9400,121.7015,坪林,C0A530,2017-02-07T22:00:00+08:00,300.0,344.0,0.3,14.6,0.93,982.7,-99.0,0.0,-9.9,-99,-999,新北市,06,坪林區,053
24.9400,121.7015,坪林,C0A530,2017-02-07T23:00:00+08:00,300.0,44.0,1.7,14.8,0.92,982.1,-99.0,0.0,-9.9,-99,-999,新北市,06,坪林區,053
24.9400,121.7015,坪林,C0A530,2017-02-08T00:00:00+08:00,300.0,86.0,2.0,15.1,0.91,982.0,-99.0,0.0,-9.9,-99,-999,新北市,06,坪林區,053
24.9400,121.7015,坪林,C0A530,2017-02-08T01:00:00+08:00,300.0,60.0,1.7,15.3,0.92,981.9,-99.0,0.0,-9.9,-99,-999,新北市,06,坪林區,053
24.9400,121.7015,坪林,C0A530,2017-02-08T02:00:00+08:00,300.0,72.0,1.8,15.3,0.92,981.0,-99.0,0.0,-9.9,-99,-999,新北市,06,坪林區,053
24.9400,121.7015,坪林,C0A530,2017-02-08T03:00:00+08:00,300.0,16.0,0.4,16.0,0.87,980.4,-99.0,0.0,-9.9,-99,-999,新北市,06,坪林區,053
24.9400,121.7015,坪林,C0A530,2017-02-08T04:00:00+08:00,300.0,0.0,0.2,16.0,0.89,980.2,-99.0,0.0,-9.9,-99,-999,新北市,06,坪林區,053
24.9400,121.7015,坪林,C0A530,2017-02-08T05:00:00+08:00,300.0,0.0,0.0,14.3,0.99,980.6,-99.0,0.0,-9.9,-99,-999,新北市,06,坪林區,053
24.9400,121.7015,坪林,C0A530,2017-02-08T06:00:00+08:00,300.0,22.0,0.5,13.3,1.00,981.2,-99.0,0.0,-9.9,-99,-999,新北市,06,坪林區,053
24.9400,121.7015,坪林,C0A530,2017-02-08T07:00:00+08:00,300.0,0.0,0.0,12.8,1.00,981.5,-99.0,0.0,-9.9,-99,-999,新北市,06,坪林區,053
24.9400,121.7015,坪林,C0A530,2017-02-08T08:00:00+08:00,300.0,0.0,0.0,13.7,1.00,981.6,-99.0,0.0,-9.9,-99,-999,新北市,06,坪林區,053
24.9400,121.7015,坪林,C0A530,2017-02-08T10:00:00+08:00,300.0,0.0,0.1,19.7,0.76,981.7,-99.0,0.0,-9.9,-99,-999,新北市,06,坪林區,053
24.9400,121.7015,坪林,C0A530,2017-02-08T11:00:00+08:00,300.0,0.0,0.1,19.1,0.75,981.6,-99.0,0.0,-9.9,-99,-999,新北市,06,坪林區,053
24.9400,121.7015,坪林,C0A530,2017-02-08T12:00:00+08:00,300.0,273.0,0.5,18.0,0.86,981.2,-99.0,0.0,-9.9,-99,-999,新北市,06,坪林區,053
24.9400,121.7015,坪林,C0A530,2017-02-08T13:00:00+08:00,300.0,0.0,0.0,19.6,0.80,980.4,-99.0,0.0,-9.9,-99,-999,新北市,06,坪林區,053
24.9400,121.7015,坪林,C0A530,2017-02-08T14:00:00+08:00,300.0,342.0,0.9,19.1,0.79,979.9,-99.0,0.0,-9.9,-99,-999,新北市,06,坪林區,053
24.9400,121.7015,坪林,C0A530,2017-02-08T15:00:00+08:00,300.0,306.0,1.3,17.9,0.87,979.9,-99.0,0.0,-9.9,-99,-999,新北市,06,坪林區,053
24.9400,121.7015,坪林,C0A530,2017-02-08T16:00:00+08:00,300.0,261.0,1.0,16.0,0.95,980.1,-99.0,0.0,-9.9,-99,-999,新北市,06,坪林區,053
24.9400,121.7015,坪林,C0A530,2017-02-08T17:00:00+08:00,300.0,250.0,1.0,14.8,1.00,980.4,-99.0,0.0,-9.9,-99,-999,新北市,06,坪林區,053
24.9400,121.7015,坪林,C0A530,2017-02-08T18:00:00+08:00,300.0,246.0,0.4,14.4,1.00,980.5,-99.0,0.0,-9.9,-99,-999,新北市,06,坪林區,053
24.9400,121.7015,坪林,C0A530,2017-02-08T19:00:00+08:00,300.0,251.0,0.5,14.2,1.00,980.9,-99.0,0.0,-9.9,-99,-999,新北市,06,坪林區,053
24.9400,121.7015,坪林,C0A530,2017-02-08T20:00:00+08:00,300.0,0.0,0.2,14.1,1.00,981.7,-99.0,0.0,-9.9,-99,-999,新北市,06,坪林區,053
24.9400,121.7015,坪林,C0A530,2017-02-08T21:00:00+08:00,300.0,0.0,0.1,14.0,1.00,982.2,-99.0,0.0,-9.9,-99,-999,新北市,06,坪林區,053
24.9400,121.7015,坪林,C0A530,2017-02-08T22:00:00+08:00,300.0,0.0,0.2,13.9,1.00,982.8,-99.0,0.0,-9.9,-99,-999,新北市,06,坪林區,053
24.9400,121.7015,坪林,C0A530,2017-02-08T23:00:00+08:00,300.0,359.0,3.0,13.9,1.00,982.9,-99.0,0.0,-9.9,-99,-999,新北市,06,坪林區,053
24.9400,121.7015,坪林,C0A530,2017-02-09T00:00:00+08:00,300.0,7.0,3.6,12.9,1.00,983.2,-99.0,0.5,-9.9,-99,-999,新北市,06,坪林區,053
24.9400,121.7015,坪林,C0A530,2017-02-09T01:00:00+08:00,300.0,4.0,3.6,11.8,1.00,983.8,-99.0,0.0,-9.9,-99,-999,新北市,06,坪林區,053
24.9400,121.7015,坪林,C0A530,2017-02-09T02:00:00+08:00,300.0,360.0,2.4,11.1,1.00,984.0,-99.0,0.5,-9.9,-99,-999,新北市,06,坪林區,053
24.9400,121.7015,坪林,C0A530,2017-02-09T03:00:00+08:00,300.0,20.0,0.9,10.4,1.00,983.7,-99.0,0.5,-9.9,-99,-999,新北市,06,坪林區,053
24.9400,121.7015,坪林,C0A530,2017-02-09T04:00:00+08:00,300.0,355.0,3.3,9.9,1.00,983.8,-99.0,0.5,-9.9,-99,-999,新北市,06,坪林區,053
24.9400,121.7015,坪林,C0A530,2017-02-09T05:00:00+08:00,300.0,2.0,4.9,8.9,1.00,984.5,-99.0,0.5,-9.9,-99,-999,新北市,06,坪林區,053
24.9400,121.7015,坪林,C0A530,2017-02-09T06:00:00+08:00,300.0,5.0,1.6,8.4,1.00,985.4,-99.0,0.5,-9.9,-99,-999,新北市,06,坪林區,053
24.9400,121.7015,坪林,C0A530,2017-02-09T07:00:00+08:00,300.0,346.0,2.4,8.4,1.00,985.6,-99.0,0.5,-9.9,-99,-999,新北市,06,坪林區,053
24.9400,121.7015,坪林,C0A530,2017-02-09T08:00:00+08:00,300.0,357.0,3.5,8.4,1.00,985.9,-99.0,0.5,-9.9,-99,-999,新北市,06,坪林區,053
24.9400,121.7015,坪林,C0A530,2017-02-09T10:00:00+08:00,300.0,341.0,3.3,7.9,1.00,986.9,-99.0,1.0,-9.9,-99,-999,新北市,06,坪林區,053
24.9400,121.7015,坪林,C0A530,2017-02-09T11:00:00+08:00,300.0,348.0,2.2,7.9,1.00,986.9,-99.0,1.0,-9.9,-99,-999,新北市,06,坪林區,053
24.9400,121.7015,坪林,C0A530,2017-02-09T12:00:00+08:00,300.0,335.0,0.5,8.3,1.00,986.0,-99.0,1.0,-9.9,-99,-999,新北市,06,坪林區,053
24.9400,121.7015,坪林,C0A530,2017-02-09T13:00:00+08:00,300.0,357.0,1.1,7.7,0.98,984.9,-99.0,1.0,-9.9,-99,-999,新北市,06,坪林區,053
24.9400,121.7015,坪林,C0A530,2017-02-09T14:00:00+08:00,300.0,4.0,0.5,7.6,0.98,984.2,-99.0,1.0,-9.9,-99,-999,新北市,06,坪林區,053
24.9400,121.7015,坪林,C0A530,2017-02-09T15:00:00+08:00,300.0,354.0,2.0,7.9,0.89,984.9,-99.0,1.0,-9.9,-99,-999,新北市,06,坪林區,053
24.9400,121.7015,坪林,C0A530,2017-02-09T16:00:00+08:00,300.0,12.0,0.6,8.0,0.89,985.3,-99.0,1.0,-9.9,-99,-999,新北市,06,坪林區,053
24.9400,121.7015,坪林,C0A530,2017-02-09T17:00:00+08:00,300.0,356.0,1.1,7.7,0.85,985.7,-99.0,1.0,-9.9,-99,-999,新北市,06,坪林區,053
24.9400,121.7015,坪林,C0A530,2017-02-09T18:00:00+08:00,300.0,357.0,0.9,7.6,0.85,986.3,-99.0,1.0,-9.9,-99,-999,新北市,06,坪林區,053
24.9400,121.7015,坪林,C0A530,2017-02-09T19:00:00+08:00,300.0,316.0,1.2,7.4,0.82,986.7,-99.0,1.0,-9.9,-99,-999,新北市,06,坪林區,053
24.9400,121.7015,坪林,C0A530,2017-02-09T20:00:00+08:00,300.0,327.0,1.6,7.2,0.82,987.0,-99.0,1.0,-9.9,-99,-999,新北市,06,坪林區,053
24.9400,121.7015,坪林,C0A530,2017-02-09T21:00:00+08:00,300.0,296.0,1.2,7.0,0.86,987.3,-99.0,1.0,-9.9,-99,-999,新北市,06,坪林區,053
24.9400,121.7015,坪林,C0A530,2017-02-09T22:00:00+08:00,300.0,240.0,0.4,6.6,0.92,987.8,-99.0,1.0,-9.9,-99,-999,新北市,06,坪林區,053
24.9400,121.7015,坪林,C0A530,2017-02-09T23:00:00+08:00,300.0,0.0,0.2,6.7,0.94,988.0,-99.0,1.0,-9.9,-99,-999,新北市,06,坪林區,053
24.9400,121.7015,坪林,C0A530,2017-02-10T00:00:00+08:00,300.0,0.0,0.1,6.9,0.97,987.8,-99.0,1.0,-9.9,-99,-999,新北市,06,坪林區,053
24.9400,121.7015,坪林,C0A530,2017-02-10T01:00:00+08:00,300.0,241.0,0.5,6.9,0.99,987.7,-99.0,0.0,-9.9,-99,-999,新北市,06,坪林區,053
24.9400,121.7015,坪林,C0A530,2017-02-10T02:00:00+08:00,300.0,0.0,0.0,7.0,0.99,987.8,-99.0,0.0,-9.9,-99,-999,新北市,06,坪林區,053
24.9400,121.7015,坪林,C0A530,2017-02-10T03:00:00+08:00,300.0,8.0,0.8,7.7,0.79,987.5,-99.0,0.0,-9.9,-99,-999,新北市,06,坪林區,053
24.9400,121.7015,坪林,C0A530,2017-02-10T04:00:00+08:00,300.0,14.0,0.4,7.7,0.77,986.8,-99.0,0.0,-9.9,-99,-999,新北市,06,坪林區,053
24.9400,121.7015,坪林,C0A530,2017-02-10T05:00:00+08:00,300.0,0.0,0.0,6.9,0.93,986.8,-99.0,0.0,-9.9,-99,-999,新北市,06,坪林區,053
24.9400,121.7015,坪林,C0A530,2017-02-10T06:00:00+08:00,300.0,0.0,0.0,6.8,0.95,987.8,-99.0,0.0,-9.9,-99,-999,新北市,06,坪林區,053
24.9400,121.7015,坪林,C0A530,2017-02-10T07:00:00+08:00,300.0,36.0,1.2,7.6,0.78,988.8,-99.0,0.0,-9.9,-99,-999,新北市,06,坪林區,053
24.9400,121.7015,坪林,C0A530,2017-02-10T08:00:00+08:00,300.0,6.0,1.2,7.5,0.78,989.5,-99.0,0.0,-9.9,-99,-999,新北市,06,坪林區,053
24.9400,121.7015,坪林,C0A530,2017-02-10T09:00:00+08:00,300.0,13.0,0.7,7.9,0.80,989.7,-99.0,0.0,-9.9,-99,-999,新北市,06,坪林區,053
24.9400,121.7015,坪林,C0A530,2017-02-10T10:00:00+08:00,300.0,26.0,1.0,8.7,0.76,990.1,-99.0,0.0,-9.9,-99,-999,新北市,06,坪林區,053
24.9400,121.7015,坪林,C0A530,2017-02-10T11:00:00+08:00,300.0,16.0,1.0,9.0,0.74,989.8,-99.0,0.0,-9.9,-99,-999,新北市,06,坪林區,053
24.9400,121.7015,坪林,C0A530,2017-02-10T12:00:00+08:00,300.0,56.0,1.7,9.2,0.71,989.2,-99.0,0.0,-9.9,-99,-999,新北市,06,坪林區,053
24.9400,121.7015,坪林,C0A530,2017-02-10T13:00:00+08:00,300.0,57.0,1.9,8.6,0.76,988.4,-99.0,0.0,-9.9,-99,-999,新北市,06,坪林區,053
24.9400,121.7015,坪林,C0A530,2017-02-10T14:00:00+08:00,300.0,45.0,1.9,9.4,0.72,987.7,-99.0,0.0,-9.9,-99,-999,新北市,06,坪林區,053
24.9400,121.7015,坪林,C0A530,2017-02-10T15:00:00+08:00,300.0,33.0,1.6,8.9,0.74,987.8,-99.0,0.0,-9.9,-99,-999,新北市,06,坪林區,053
24.9400,121.7015,坪林,C0A530,2017-02-10T16:00:00+08:00,300.0,41.0,1.9,8.8,0.73,988.2,-99.0,0.0,-9.9,-99,-999,新北市,06,坪林區,053
24.9400,121.7015,坪林,C0A530,2017-02-10T17:00:00+08:00,300.0,25.0,0.8,8.7,0.73,988.8,-99.0,0.0,-9.9,-99,-999,新北市,06,坪林區,053
24.9400,121.7015,坪林,C0A530,2017-02-10T18:00:00+08:00,300.0,0.0,0.2,8.4,0.73,989.4,-99.0,0.0,-9.9,-99,-999,新北市,06,坪林區,053
24.9400,121.7015,坪林,C0A530,2017-02-10T19:00:00+08:00,300.0,0.0,0.0,7.9,0.83,989.8,-99.0,0.0,-9.9,-99,-999,新北市,06,坪林區,053
24.9400,121.7015,坪林,C0A530,2017-02-10T20:00:00+08:00,300.0,0.0,0.0,7.2,0.93,990.2,-99.0,0.0,-9.9,-99,-999,新北市,06,坪林區,053
24.9400,121.7015,坪林,C0A530,2017-02-10T21:00:00+08:00,300.0,0.0,0.0,7.2,0.97,990.7,-99.0,0.0,-9.9,-99,-999,新北市,06,坪林區,053
24.9400,121.7015,坪林,C0A530,2017-02-10T22:00:00+08:00,300.0,0.0,0.1,7.1,0.98,991.1,-99.0,0.0,-9.9,-99,-999,新北市,06,坪林區,053
24.9400,121.7015,坪林,C0A530,2017-02-10T23:00:00+08:00,300.0,0.0,0.1,7.1,1.00,991.2,-99.0,0.0,-9.9,-99,-999,新北市,06,坪林區,053
24.9400,121.7015,坪林,C0A530,2017-02-11T00:00:00+08:00,300.0,0.0,0.0,7.0,1.00,991.2,-99.0,0.0,-9.9,-99,-999,新北市,06,坪林區,053
24.9400,121.7015,坪林,C0A530,2017-02-11T01:00:00+08:00,300.0,0.0,0.0,7.1,1.00,991.2,-99.0,0.0,-9.9,-99,-999,新北市,06,坪林區,053
24.9400,121.7015,坪林,C0A530,2017-02-11T02:00:00+08:00,300.0,0.0,0.0,7.1,1.00,991.0,-99.0,0.0,-9.9,-99,-999,新北市,06,坪林區,053
24.9400,121.7015,坪林,C0A530,2017-02-11T03:00:00+08:00,300.0,0.0,0.0,7.1,1.00,990.9,-99.0,0.0,-9.9,-99,-999,新北市,06,坪林區,053
24.9400,121.7015,坪林,C0A530,2017-02-11T04:00:00+08:00,300.0,0.0,0.0,7.0,1.00,990.9,-99.0,0.0,-9.9,-99,-999,新北市,06,坪林區,053
24.9400,121.7015,坪林,C0A530,2017-02-11T05:00:00+08:00,300.0,0.0,0.0,6.9,1.00,991.2,-99.0,0.0,-9.9,-99,-999,新北市,06,坪林區,053
24.9400,121.7015,坪林,C0A530,2017-02-11T06:00:00+08:00,300.0,0.0,0.0,7.0,1.00,991.9,-99.0,0.0,-9.9,-99,-999,新北市,06,坪林區,053
24.9400,121.7015,坪林,C0A530,2017-02-11T07:00:00+08:00,300.0,0.0,0.0,6.8,1.00,992.6,-99.0,0.0,-9.9,-99,-999,新北市,06,坪林區,053
24.9400,121.7015,坪林,C0A530,2017-02-11T08:00:00+08:00,300.0,0.0,0.0,7.2,1.00,993.0,-99.0,0.0,-9.9,-99,-999,新北市,06,坪林區,053
24.9400,121.7015,坪林,C0A530,2017-02-11T09:00:00+08:00,300.0,72.0,1.6,7.6,0.99,993.6,-99.0,0.0,-9.9,-99,-999,新北市,06,坪林區,053
24.9400,121.7015,坪林,C0A530,2017-02-11T10:00:00+08:00,300.0,89.0,2.2,9.2,0.72,993.7,-99.0,0.0,-9.9,-99,-999,新北市,06,坪林區,053
24.9400,121.7015,坪林,C0A530,2017-02-11T11:00:00+08:00,300.0,80.0,1.3,9.7,0.71,993.4,-99.0,0.0,-9.9,-99,-999,新北市,06,坪林區,053
24.9400,121.7015,坪林,C0A530,2017-02-11T12:00:00+08:00,300.0,87.0,1.6,10.5,0.70,992.8,-99.0,0.0,-9.9,-99,-999,新北市,06,坪林區,053
24.9400,121.7015,坪林,C0A530,2017-02-11T13:00:00+08:00,300.0,57.0,3.1,9.8,0.71,991.8,-99.0,0.0,-9.9,-99,-999,新北市,06,坪林區,053
24.9400,121.7015,坪林,C0A530,2017-02-11T14:00:00+08:00,300.0,63.0,2.0,9.7,0.74,991.1,-99.0,0.0,-9.9,-99,-999,新北市,06,坪林區,053
24.9400,121.7015,坪林,C0A530,2017-02-11T15:00:00+08:00,300.0,71.0,1.8,9.6,0.75,991.2,-99.0,0.0,-9.9,-99,-999,新北市,06,坪林區,053
24.9400,121.7015,坪林,C0A530,2017-02-11T16:00:00+08:00,300.0,36.0,3.2,9.5,0.76,991.3,-99.0,0.0,-9.9,-99,-999,新北市,06,坪林區,053
24.9400,121.7015,坪林,C0A530,2017-02-11T17:00:00+08:00,300.0,59.0,2.2,9.1,0.77,992.0,-99.0,0.0,-9.9,-99,-999,新北市,06,坪林區,053
24.9400,121.7015,坪林,C0A530,2017-02-11T18:00:00+08:00,300.0,59.0,1.7,8.9,0.76,992.3,-99.0,0.0,-9.9,-99,-999,新北市,06,坪林區,053
24.9400,121.7015,坪林,C0A530,2017-02-11T19:00:00+08:00,300.0,59.0,1.9,8.6,0.77,992.6,-99.0,0.0,-9.9,-99,-999,新北市,06,坪林區,053
24.9400,121.7015,坪林,C0A530,2017-02-11T20:00:00+08:00,300.0,50.0,1.5,8.3,0.79,993.0,-99.0,0.0,-9.9,-99,-999,新北市,06,坪林區,053
24.9400,121.7015,坪林,C0A530,2017-02-11T21:00:00+08:00,300.0,0.0,0.0,8.1,0.87,993.1,-99.0,0.0,-9.9,-99,-999,新北市,06,坪林區,053
24.9400,121.7015,坪林,C0A530,2017-02-11T22:00:00+08:00,300.0,0.0,0.0,7.5,0.94,993.1,-99.0,0.0,-9.9,-99,-999,新北市,06,坪林區,053
24.9400,121.7015,坪林,C0A530,2017-02-11T23:00:00+08:00,300.0,34.0,1.6,7.2,0.98,993.2,-99.0,0.0,-9.9,-99,-999,新北市,06,坪林區,053
24.9400,121.7015,坪林,C0A530,2017-02-12T00:00:00+08:00,300.0,0.0,0.0,6.8,1.00,992.9,-99.0,0.0,-9.9,-99,-999,新北市,06,坪林區,053
24.9400,121.7015,坪林,C0A530,2017-02-12T01:00:00+08:00,300.0,27.0,1.5,6.7,1.00,992.7,-99.0,0.0,-9.9,-99,-999,新北市,06,坪林區,053
24.9400,121.7015,坪林,C0A530,2017-02-12T02:00:00+08:00,300.0,0.0,0.0,7.0,1.00,992.2,-99.0,0.0,-9.9,-99,-999,新北市,06,坪林區,053
24.9400,121.7015,坪林,C0A530,2017-02-12T03:00:00+08:00,300.0,283.0,1.2,7.1,1.00,991.9,-99.0,0.0,-9.9,-99,-999,新北市,06,坪林區,053
24.9400,121.7015,坪林,C0A530,2017-02-12T04:00:00+08:00,300.0,358.0,1.1,7.6,1.00,991.6,-99.0,0.0,-9.9,-99,-999,新北市,06,坪林區,053
24.9400,121.7015,坪林,C0A530,2017-02-12T05:00:00+08:00,300.0,12.0,0.5,7.8,0.99,992.0,-99.0,0.0,-9.9,-99,-999,新北市,06,坪林區,053
24.9400,121.7015,坪林,C0A530,2017-02-12T06:00:00+08:00,300.0,0.0,0.0,7.9,1.00,992.4,-99.0,0.0,-9.9,-99,-999,新北市,06,坪林區,053
24.9400,121.7015,坪林,C0A530,2017-02-12T07:00:00+08:00,300.0,0.0,0.0,8.1,1.00,992.7,-99.0,0.0,-9.9,-99,-999,新北市,06,坪林區,053
24.9400,121.7015,坪林,C0A530,2017-02-12T08:00:00+08:00,300.0,0.0,0.0,8.5,1.00,993.1,-99.0,0.0,-9.9,-99,-999,新北市,06,坪林區,053
24.9400,121.7015,坪林,C0A530,2017-02-12T10:00:00+08:00,300.0,0.0,0.0,9.9,0.99,993.4,-99.0,0.0,-9.9,-99,-999,新北市,06,坪林區,053
24.9400,121.7015,坪林,C0A530,2017-02-12T11:00:00+08:00,300.0,271.0,0.3,10.9,0.85,993.1,-99.0,0.0,-9.9,-99,-999,新北市,06,坪林區,053
24.9400,121.7015,坪林,C0A530,2017-02-12T12:00:00+08:00,300.0,56.0,2.2,12.0,0.76,992.5,-99.0,0.0,-9.9,-99,-999,新北市,06,坪林區,053
24.9400,121.7015,坪林,C0A530,2017-02-12T13:00:00+08:00,300.0,79.0,2.1,11.8,0.76,991.8,-99.0,0.0,-9.9,-99,-999,新北市,06,坪林區,053
24.9400,121.7015,坪林,C0A530,2017-02-12T14:00:00+08:00,300.0,74.0,1.7,11.6,0.77,991.1,-99.0,0.0,-9.9,-99,-999,新北市,06,坪林區,053
24.9400,121.7015,坪林,C0A530,2017-02-12T15:00:00+08:00,300.0,74.0,2.0,11.3,0.81,990.8,-99.0,0.0,-9.9,-99,-999,新北市,06,坪林區,053
24.9400,121.7015,坪林,C0A530,2017-02-12T16:00:00+08:00,300.0,49.0,1.8,11.1,0.82,991.1,-99.0,0.0,-9.9,-99,-999,新北市,06,坪林區,053
24.9400,121.7015,坪林,C0A530,2017-02-12T17:00:00+08:00,300.0,62.0,0.5,11.1,0.82,991.5,-99.0,0.0,-9.9,-99,-999,新北市,06,坪林區,053
24.9400,121.7015,坪林,C0A530,2017-02-12T18:00:00+08:00,300.0,41.0,1.1,10.8,0.86,991.6,-99.0,0.0,-9.9,-99,-999,新北市,06,坪林區,053
24.9400,121.7015,坪林,C0A530,2017-02-12T19:00:00+08:00,300.0,288.0,0.5,10.3,0.89,992.0,-99.0,0.0,-9.9,-99,-999,新北市,06,坪林區,053
24.9400,121.7015,坪林,C0A530,2017-02-12T20:00:00+08:00,300.0,281.0,0.4,10.3,0.90,992.3,-99.0,0.0,-9.9,-99,-999,新北市,06,坪林區,053
24.9400,121.7015,坪林,C0A530,2017-02-12T21:00:00+08:00,300.0,0.0,0.0,10.2,0.95,992.6,-99.0,0.0,-9.9,-99,-999,新北市,06,坪林區,053
24.9400,121.7015,坪林,C0A530,2017-02-12T22:00:00+08:00,300.0,0.0,0.0,10.2,0.97,992.7,-99.0,0.0,-9.9,-99,-999,新北市,06,坪林區,053
24.9400,121.7015,坪林,C0A530,2017-02-12T23:00:00+08:00,300.0,57.0,1.4,10.6,0.94,992.6,-99.0,0.0,-9.9,-99,-999,新北市,06,坪林區,053
24.9400,121.7015,坪林,C0A530,2017-02-13T00:00:00+08:00,300.0,56.0,2.2,10.8,0.92,992.7,-99.0,0.0,-9.9,-99,-999,新北市,06,坪林區,053
24.9400,121.7015,坪林,C0A530,2017-02-13T01:00:00+08:00,300.0,0.0,0.0,10.5,0.97,992.5,-99.0,0.0,-9.9,-99,-999,新北市,06,坪林區,053
24.9400,121.7015,坪林,C0A530,2017-02-13T02:00:00+08:00,300.0,0.0,0.0,10.3,1.00,992.2,-99.0,0.0,-9.9,-99,-999,新北市,06,坪林區,053
24.9400,121.7015,坪林,C0A530,2017-02-13T03:00:00+08:00,300.0,53.0,1.3,10.4,1.00,992.0,-99.0,0.0,-9.9,-99,-999,新北市,06,坪林區,053
24.9400,121.7015,坪林,C0A530,2017-02-13T04:00:00+08:00,300.0,275.0,0.3,10.2,1.00,992.1,-99.0,0.0,-9.9,-99,-999,新北市,06,坪林區,053
24.9400,121.7015,坪林,C0A530,2017-02-13T05:00:00+08:00,300.0,0.0,0.2,10.3,1.00,992.4,-99.0,0.0,-9.9,-99,-999,新北市,06,坪林區,053
24.9400,121.7015,坪林,C0A530,2017-02-13T06:00:00+08:00,300.0,0.0,0.1,10.2,1.00,993.0,-99.0,0.0,-9.9,-99,-999,新北市,06,坪林區,053
24.9400,121.7015,坪林,C0A530,2017-02-13T07:00:00+08:00,300.0,315.0,0.6,10.5,0.98,993.5,-99.0,0.0,-9.9,-99,-999,新北市,06,坪林區,053
24.9400,121.7015,坪林,C0A530,2017-02-13T08:00:00+08:00,300.0,0.0,0.2,12.1,0.90,994.1,-99.0,0.0,-9.9,-99,-999,新北市,06,坪林區,053
24.9400,121.7015,坪林,C0A530,2017-02-13T10:00:00+08:00,300.0,73.0,2.4,15.0,0.69,994.5,-99.0,0.0,-9.9,-99,-999,新北市,06,坪林區,053
24.9400,121.7015,坪林,C0A530,2017-02-13T11:00:00+08:00,300.0,60.0,3.0,15.4,0.70,994.1,-99.0,0.0,-9.9,-99,-999,新北市,06,坪林區,053
24.9400,121.7015,坪林,C0A530,2017-02-13T12:00:00+08:00,300.0,55.0,3.6,14.3,0.71,993.8,-99.0,0.0,-9.9,-99,-999,新北市,06,坪林區,053
24.9400,121.7015,坪林,C0A530,2017-02-13T13:00:00+08:00,300.0,68.0,2.3,14.4,0.72,993.1,-99.0,0.0,-9.9,-99,-999,新北市,06,坪林區,053
24.9400,121.7015,坪林,C0A530,2017-02-13T14:00:00+08:00,300.0,79.0,2.5,13.8,0.76,992.9,-99.0,0.0,-9.9,-99,-999,新北市,06,坪林區,053
24.9400,121.7015,坪林,C0A530,2017-02-13T15:00:00+08:00,300.0,67.0,3.7,13.4,0.80,992.9,-99.0,0.0,-9.9,-99,-999,新北市,06,坪林區,053
24.9400,121.7015,坪林,C0A530,2017-02-13T16:00:00+08:00,300.0,76.0,2.4,13.1,0.82,993.1,-99.0,0.0,-9.9,-99,-999,新北市,06,坪林區,053
24.9400,121.7015,坪林,C0A530,2017-02-13T17:00:00+08:00,300.0,72.0,2.8,13.0,0.83,993.3,-99.0,0.0,-9.9,-99,-999,新北市,06,坪林區,053
24.9400,121.7015,坪林,C0A530,2017-02-13T18:00:00+08:00,300.0,67.0,2.1,12.8,0.83,993.5,-99.0,0.0,-9.9,-99,-999,新北市,06,坪林區,053
24.9400,121.7015,坪林,C0A530,2017-02-13T19:00:00+08:00,300.0,64.0,2.6,12.8,0.82,994.0,-99.0,0.0,-9.9,-99,-999,新北市,06,坪林區,053
24.9400,121.7015,坪林,C0A530,2017-02-13T20:00:00+08:00,300.0,66.0,2.8,12.8,0.82,994.7,-99.0,0.0,-9.9,-99,-999,新北市,06,坪林區,053
24.9400,121.7015,坪林,C0A530,2017-02-13T21:00:00+08:00,300.0,72.0,2.5,12.8,0.82,995.0,-99.0,0.0,-9.9,-99,-999,新北市,06,坪林區,053
24.9400,121.7015,坪林,C0A530,2017-02-13T22:00:00+08:00,300.0,74.0,1.7,12.7,0.81,995.1,-99.0,0.0,-9.9,-99,-999,新北市,06,坪林區,053
24.9400,121.7015,坪林,C0A530,2017-02-13T23:00:00+08:00,300.0,74.0,1.8,12.8,0.79,995.4,-99.0,0.0,-9.9,-99,-999,新北市,06,坪林區,053
24.9400,121.7015,坪林,C0A530,2017-02-14T00:00:00+08:00,300.0,55.0,2.0,12.6,0.79,995.4,-99.0,0.0,-9.9,-99,-999,新北市,06,坪林區,053
24.9400,121.7015,坪林,C0A530,2017-02-14T01:00:00+08:00,300.0,61.0,2.4,12.7,0.78,995.2,-99.0,0.0,-9.9,-99,-999,新北市,06,坪林區,053
24.9400,121.7015,坪林,C0A530,2017-02-14T02:00:00+08:00,300.0,68.0,2.3,12.9,0.75,995.1,-99.0,0.0,-9.9,-99,-999,新北市,06,坪林區,053
24.9400,121.7015,坪林,C0A530,2017-02-14T03:00:00+08:00,300.0,62.0,2.6,12.6,0.77,994.6,-99.0,0.0,-9.9,-99,-999,新北市,06,坪林區,053
24.9400,121.7015,坪林,C0A530,2017-02-14T04:00:00+08:00,300.0,56.0,2.3,12.5,0.75,994.6,-99.0,0.0,-9.9,-99,-999,新北市,06,坪林區,053
24.9400,121.7015,坪林,C0A530,2017-02-14T05:00:00+08:00,300.0,58.0,2.7,12.2,0.75,994.9,-99.0,0.0,-9.9,-99,-999,新北市,06,坪林區,053
24.9400,121.7015,坪林,C0A530,2017-02-14T06:00:00+08:00,300.0,60.0,2.2,11.6,0.78,995.3,-99.0,0.0,-9.9,-99,-999,新北市,06,坪林區,053
24.9400,121.7015,坪林,C0A530,2017-02-14T07:00:00+08:00,300.0,64.0,1.2,11.0,0.80,996.0,-99.0,0.0,-9.9,-99,-999,新北市,06,坪林區,053
24.9400,121.7015,坪林,C0A530,2017-02-14T08:00:00+08:00,300.0,60.0,0.4,13.6,0.70,996.5,-99.0,0.0,-9.9,-99,-999,新北市,06,坪林區,053
24.9400,121.7015,坪林,C0A530,2017-02-14T09:00:00+08:00,300.0,73.0,3.1,15.7,0.60,996.9,-99.0,0.0,-9.9,-99,-999,新北市,06,坪林區,053
24.9400,121.7015,坪林,C0A530,2017-02-14T10:00:00+08:00,300.0,67.0,3.1,16.3,0.57,996.7,-99.0,0.0,-9.9,-99,-999,新北市,06,坪林區,053
24.9400,121.7015,坪林,C0A530,2017-02-14T11:00:00+08:00,300.0,61.0,3.3,15.6,0.61,996.2,-99.0,0.0,-9.9,-99,-999,新北市,06,坪林區,053
24.9400,121.7015,坪林,C0A530,2017-02-14T12:00:00+08:00,300.0,98.0,2.9,16.0,0.61,995.5,-99.0,0.0,-9.9,-99,-999,新北市,06,坪林區,053
24.9400,121.7015,坪林,C0A530,2017-02-14T13:00:00+08:00,300.0,72.0,2.7,15.4,0.63,994.9,-99.0,0.0,-9.9,-99,-999,新北市,06,坪林區,053
24.9400,121.7015,坪林,C0A530,2017-02-14T14:00:00+08:00,300.0,68.0,3.9,15.2,0.64,994.3,-99.0,0.0,-9.9,-99,-999,新北市,06,坪林區,053
24.9400,121.7015,坪林,C0A530,2017-02-14T15:00:00+08:00,300.0,81.0,3.3,14.9,0.67,994.2,-99.0,0.0,-9.9,-99,-999,新北市,06,坪林區,053
24.9400,121.7015,坪林,C0A530,2017-02-14T16:00:00+08:00,300.0,60.0,3.7,14.4,0.67,994.3,-99.0,0.0,-9.9,-99,-999,新北市,06,坪林區,053
24.9400,121.7015,坪林,C0A530,2017-02-14T17:00:00+08:00,300.0,90.0,2.8,13.9,0.70,994.5,-99.0,0.0,-9.9,-99,-999,新北市,06,坪林區,053
24.9400,121.7015,坪林,C0A530,2017-02-14T18:00:00+08:00,300.0,63.0,2.6,13.0,0.72,994.6,-99.0,0.0,-9.9,-99,-999,新北市,06,坪林區,053
24.9400,121.7015,坪林,C0A530,2017-02-14T19:00:00+08:00,300.0,53.0,2.3,11.7,0.79,995.0,-99.0,0.0,-9.9,-99,-999,新北市,06,坪林區,053
24.9400,121.7015,坪林,C0A530,2017-02-14T20:00:00+08:00,300.0,49.0,2.2,10.6,0.89,995.2,-99.0,0.0,-9.9,-99,-999,新北市,06,坪林區,053
24.9400,121.7015,坪林,C0A530,2017-02-14T21:00:00+08:00,300.0,29.0,2.5,10.2,0.93,995.3,-99.0,0.0,-9.9,-99,-999,新北市,06,坪林區,053
24.9400,121.7015,坪林,C0A530,2017-02-14T22:00:00+08:00,300.0,71.0,0.5,10.0,0.93,995.3,-99.0,0.0,-9.9,-99,-999,新北市,06,坪林區,053
24.9400,121.7015,坪林,C0A530,2017-02-14T23:00:00+08:00,300.0,23.0,2.1,9.1,0.97,995.1,-99.0,0.0,-9.9,-99,-999,新北市,06,坪林區,053
24.9400,121.7015,坪林,C0A530,2017-02-15T00:00:00+08:00,300.0,33.0,2.5,8.8,0.99,994.8,-99.0,0.0,-9.9,-99,-999,新北市,06,坪林區,053
24.9400,121.7015,坪林,C0A530,2017-02-15T01:00:00+08:00,300.0,26.0,2.5,8.8,0.99,994.2,-99.0,0.0,-9.9,-99,-999,新北市,06,坪林區,053
24.9400,121.7015,坪林,C0A530,2017-02-15T02:00:00+08:00,300.0,31.0,2.2,9.2,1.00,993.5,-99.0,0.0,-9.9,-99,-999,新北市,06,坪林區,053
24.9400,121.7015,坪林,C0A530,2017-02-15T03:00:00+08:00,300.0,26.0,1.9,9.3,1.00,992.9,-99.0,0.0,-9.9,-99,-999,新北市,06,坪林區,053
24.9400,121.7015,坪林,C0A530,2017-02-15T04:00:00+08:00,300.0,35.0,1.4,9.4,0.99,992.3,-99.0,0.0,-9.9,-99,-999,新北市,06,坪林區,053
24.9400,121.7015,坪林,C0A530,2017-02-15T05:00:00+08:00,300.0,25.0,1.8,10.3,1.00,992.2,-99.0,0.0,-9.9,-99,-999,新北市,06,坪林區,053
24.9400,121.7015,坪林,C0A530,2017-02-15T06:00:00+08:00,300.0,33.0,0.9,11.2,0.98,992.5,-99.0,0.0,-9.9,-99,-999,新北市,06,坪林區,053
24.9400,121.7015,坪林,C0A530,2017-02-15T07:00:00+08:00,300.0,0.0,0.1,12.3,0.94,992.5,-99.0,0.0,-9.9,-99,-999,新北市,06,坪林區,053
24.9400,121.7015,坪林,C0A530,2017-02-15T08:00:00+08:00,300.0,229.0,1.0,15.1,0.81,992.9,-99.0,0.0,-9.9,-99,-999,新北市,06,坪林區,053
24.9400,121.7015,坪林,C0A530,2017-02-15T10:00:00+08:00,300.0,167.0,0.5,21.0,0.56,992.7,-99.0,0.0,-9.9,-99,-999,新北市,06,坪林區,053
24.9400,121.7015,坪林,C0A530,2017-02-15T11:00:00+08:00,300.0,170.0,2.1,20.4,0.55,992.1,-99.0,0.0,-9.9,-99,-999,新北市,06,坪林區,053
24.9400,121.7015,坪林,C0A530,2017-02-15T12:00:00+08:00,300.0,174.0,2.6,21.5,0.53,991.5,-99.0,0.0,-9.9,-99,-999,新北市,06,坪林區,053
24.9400,121.7015,坪林,C0A530,2017-02-15T13:00:00+08:00,300.0,153.0,2.8,21.4,0.49,990.3,-99.0,0.0,-9.9,-99,-999,新北市,06,坪林區,053
24.9400,121.7015,坪林,C0A530,2017-02-15T14:00:00+08:00,300.0,161.0,2.1,20.6,0.57,989.6,-99.0,0.0,-9.9,-99,-999,新北市,06,坪林區,053
24.9400,121.7015,坪林,C0A530,2017-02-15T15:00:00+08:00,300.0,147.0,3.3,18.8,0.64,989.2,-99.0,0.0,-9.9,-99,-999,新北市,06,坪林區,053
24.9400,121.7015,坪林,C0A530,2017-02-15T16:00:00+08:00,300.0,159.0,2.5,18.0,0.69,989.0,-99.0,0.0,-9.9,-99,-999,新北市,06,坪林區,053
24.9400,121.7015,坪林,C0A530,2017-02-15T17:00:00+08:00,300.0,156.0,3.6,17.4,0.69,989.3,-99.0,0.0,-9.9,-99,-999,新北市,06,坪林區,053
24.9400,121.7015,坪林,C0A530,2017-02-15T18:00:00+08:00,300.0,147.0,0.5,17.3,0.68,989.4,-99.0,0.0,-9.9,-99,-999,新北市,06,坪林區,053
24.9400,121.7015,坪林,C0A530,2017-02-15T19:00:00+08:00,300.0,165.0,1.3,17.1,0.70,989.7,-99.0,0.0,-9.9,-99,-999,新北市,06,坪林區,053
24.9400,121.7015,坪林,C0A530,2017-02-15T20:00:00+08:00,300.0,169.0,1.8,16.7,0.71,990.0,-99.0,0.0,-9.9,-99,-999,新北市,06,坪林區,053
24.9400,121.7015,坪林,C0A530,2017-02-15T21:00:00+08:00,300.0,121.0,2.9,17.2,0.66,990.0,-99.0,0.0,-9.9,-99,-999,新北市,06,坪林區,053
24.9400,121.7015,坪林,C0A530,2017-02-15T22:00:00+08:00,300.0,36.0,0.8,16.8,0.68,989.7,-99.0,0.0,-9.9,-99,-999,新北市,06,坪林區,053
24.9400,121.7015,坪林,C0A530,2017-02-15T23:00:00+08:00,300.0,360.0,2.0,16.4,0.69,989.2,-99.0,0.0,-9.9,-99,-999,新北市,06,坪林區,053
24.9400,121.7015,坪林,C0A530,2017-02-16T00:00:00+08:00,300.0,185.0,2.0,16.5,0.69,988.6,-99.0,0.0,-9.9,-99,-999,新北市,06,坪林區,053
24.9400,121.7015,坪林,C0A530,2017-02-16T01:00:00+08:00,300.0,189.0,2.3,16.4,0.67,988.0,-99.0,0.0,-9.9,-99,-999,新北市,06,坪林區,053
24.9400,121.7015,坪林,C0A530,2017-02-16T02:00:00+08:00,300.0,205.0,0.7,14.4,0.77,987.7,-99.0,0.0,-9.9,-99,-999,新北市,06,坪林區,053
24.9400,121.7015,坪林,C0A530,2017-02-16T03:00:00+08:00,300.0,25.0,0.8,12.4,0.92,987.4,-99.0,0.0,-9.9,-99,-999,新北市,06,坪林區,053
24.9400,121.7015,坪林,C0A530,2017-02-16T04:00:00+08:00,300.0,0.0,0.1,11.4,0.98,987.1,-99.0,0.0,-9.9,-99,-999,新北市,06,坪林區,053
24.9400,121.7015,坪林,C0A530,2017-02-16T05:00:00+08:00,300.0,24.0,1.2,10.6,0.99,987.0,-99.0,0.0,-9.9,-99,-999,新北市,06,坪林區,053
24.9400,121.7015,坪林,C0A530,2017-02-16T06:00:00+08:00,300.0,33.0,0.6,10.0,0.99,987.2,-99.0,0.0,-9.9,-99,-999,新北市,06,坪林區,053
24.9400,121.7015,坪林,C0A530,2017-02-16T07:00:00+08:00,300.0,27.0,1.2,9.5,0.99,987.6,-99.0,0.0,-9.9,-99,-999,新北市,06,坪林區,053
24.9400,121.7015,坪林,C0A530,2017-02-16T08:00:00+08:00,300.0,0.0,0.0,12.2,0.99,988.0,-99.0,0.0,-9.9,-99,-999,新北市,06,坪林區,053
24.9400,121.7015,坪林,C0A530,2017-02-16T09:00:00+08:00,300.0,0.0,0.0,15.9,0.80,987.8,-99.0,0.0,-9.9,-99,-999,新北市,06,坪林區,053
24.9400,121.7015,坪林,C0A530,2017-02-16T10:00:00+08:00,300.0,0.0,0.1,19.4,0.69,987.8,-99.0,0.0,-9.9,-99,-999,新北市,06,坪林區,053
24.9400,121.7015,坪林,C0A530,2017-02-16T11:00:00+08:00,300.0,0.0,0.0,22.2,0.58,987.2,-99.0,0.0,-9.9,-99,-999,新北市,06,坪林區,053
24.9400,121.7015,坪林,C0A530,2017-02-16T12:00:00+08:00,300.0,191.0,0.6,23.5,0.48,986.4,-99.0,0.0,-9.9,-99,-999,新北市,06,坪林區,053
24.9400,121.7015,坪林,C0A530,2017-02-16T13:00:00+08:00,300.0,217.0,0.4,24.1,0.49,985.6,-99.0,0.0,-9.9,-99,-999,新北市,06,坪林區,053
24.9400,121.7015,坪林,C0A530,2017-02-16T14:00:00+08:00,300.0,256.0,0.4,22.4,0.53,984.9,-99.0,0.0,-9.9,-99,-999,新北市,06,坪林區,053
24.9400,121.7015,坪林,C0A530,2017-02-16T15:00:00+08:00,300.0,210.0,0.3,21.1,0.63,984.7,-99.0,0.0,-9.9,-99,-999,新北市,06,坪林區,053
24.9400,121.7015,坪林,C0A530,2017-02-16T16:00:00+08:00,300.0,317.0,1.8,20.1,0.68,984.9,-99.0,0.0,-9.9,-99,-999,新北市,06,坪林區,053
24.9400,121.7015,坪林,C0A530,2017-02-16T17:00:00+08:00,300.0,334.0,1.6,19.7,0.60,985.4,-99.0,0.0,-9.9,-99,-999,新北市,06,坪林區,053
24.9400,121.7015,坪林,C0A530,2017-02-16T18:00:00+08:00,300.0,33.0,2.0,17.3,0.76,985.8,-99.0,0.0,-9.9,-99,-999,新北市,06,坪林區,053
24.9400,121.7015,坪林,C0A530,2017-02-16T19:00:00+08:00,300.0,0.0,0.0,15.6,0.86,986.2,-99.0,0.0,-9.9,-99,-999,新北市,06,坪林區,053
24.9400,121.7015,坪林,C0A530,2017-02-16T20:00:00+08:00,300.0,23.0,0.4,14.2,0.90,986.9,-99.0,0.0,-9.9,-99,-999,新北市,06,坪林區,053
24.9400,121.7015,坪林,C0A530,2017-02-16T21:00:00+08:00,300.0,24.0,1.2,12.9,0.98,987.2,-99.0,0.0,-9.9,-99,-999,新北市,06,坪林區,053
24.9400,121.7015,坪林,C0A530,2017-02-16T22:00:00+08:00,300.0,35.0,1.1,12.6,0.99,987.5,-99.0,0.0,-9.9,-99,-999,新北市,06,坪林區,053
24.9400,121.7015,坪林,C0A530,2017-02-16T23:00:00+08:00,300.0,41.0,0.4,12.0,0.99,987.3,-99.0,0.0,-9.9,-99,-999,新北市,06,坪林區,053
24.9400,121.7015,坪林,C0A530,2017-02-17T00:00:00+08:00,300.0,3.0,1.4,11.6,0.99,987.2,-99.0,0.0,-9.9,-99,-999,新北市,06,坪林區,053
24.9400,121.7015,坪林,C0A530,2017-02-17T01:00:00+08:00,300.0,48.0,1.5,11.2,0.99,986.8,-99.0,0.0,-9.9,-99,-999,新北市,06,坪林區,053
24.9400,121.7015,坪林,C0A530,2017-02-17T02:00:00+08:00,300.0,31.0,1.2,10.7,0.99,986.5,-99.0,0.0,-9.9,-99,-999,新北市,06,坪林區,053
24.9400,121.7015,坪林,C0A530,2017-02-17T03:00:00+08:00,300.0,42.0,0.3,10.4,0.99,986.6,-99.0,0.0,-9.9,-99,-999,新北市,06,坪林區,053
24.9400,121.7015,坪林,C0A530,2017-02-17T04:00:00+08:00,300.0,38.0,0.6,10.2,0.99,986.6,-99.0,0.0,-9.9,-99,-999,新北市,06,坪林區,053
24.9400,121.7015,坪林,C0A530,2017-02-17T05:00:00+08:00,300.0,0.0,0.0,10.0,0.99,986.7,-99.0,0.0,-9.9,-99,-999,新北市,06,坪林區,053
24.9400,121.7015,坪林,C0A530,2017-02-17T06:00:00+08:00,300.0,35.0,0.6,9.8,0.99,987.4,-99.0,0.0,-9.9,-99,-999,新北市,06,坪林區,053
24.9400,121.7015,坪林,C0A530,2017-02-17T07:00:00+08:00,300.0,0.0,0.0,9.6,0.99,987.9,-99.0,0.0,-9.9,-99,-999,新北市,06,坪林區,053
24.9400,121.7015,坪林,C0A530,2017-02-17T08:00:00+08:00,300.0,0.0,0.0,11.0,0.99,988.3,-99.0,0.0,-9.9,-99,-999,新北市,06,坪林區,053
24.9400,121.7015,坪林,C0A530,2017-02-17T10:00:00+08:00,300.0,0.0,0.1,20.2,0.71,988.3,-99.0,0.0,-9.9,-99,-999,新北市,06,坪林區,053
24.9400,121.7015,坪林,C0A530,2017-02-17T11:00:00+08:00,300.0,205.0,0.4,22.9,0.54,987.5,-99.0,0.0,-9.9,-99,-999,新北市,06,坪林區,053
24.9400,121.7015,坪林,C0A530,2017-02-17T12:00:00+08:00,300.0,110.0,1.6,25.4,0.47,986.5,-99.0,0.0,-9.9,-99,-999,新北市,06,坪林區,053
24.9400,121.7015,坪林,C0A530,2017-02-17T13:00:00+08:00,300.0,139.0,1.8,25.9,0.50,985.6,-99.0,0.0,-9.9,-99,-999,新北市,06,坪林區,053
24.9400,121.7015,坪林,C0A530,2017-02-17T14:00:00+08:00,300.0,160.0,0.5,25.1,0.51,985.2,-99.0,0.0,-9.9,-99,-999,新北市,06,坪林區,053
24.9400,121.7015,坪林,C0A530,2017-02-17T15:00:00+08:00,300.0,45.0,0.6,22.9,0.58,984.9,-99.0,0.0,-9.9,-99,-999,新北市,06,坪林區,053
24.9400,121.7015,坪林,C0A530,2017-02-17T16:00:00+08:00,300.0,11.0,2.0,21.4,0.65,985.1,-99.0,0.0,-9.9,-99,-999,新北市,06,坪林區,053
24.9400,121.7015,坪林,C0A530,2017-02-17T17:00:00+08:00,300.0,47.0,0.8,20.3,0.73,985.8,-99.0,0.0,-9.9,-99,-999,新北市,06,坪林區,053
24.9400,121.7015,坪林,C0A530,2017-02-17T18:00:00+08:00,300.0,62.0,1.3,19.3,0.79,986.1,-99.0,0.0,-9.9,-99,-999,新北市,06,坪林區,053
24.9400,121.7015,坪林,C0A530,2017-02-17T19:00:00+08:00,300.0,24.0,1.4,18.1,0.88,986.8,-99.0,0.0,-9.9,-99,-999,新北市,06,坪林區,053
24.9400,121.7015,坪林,C0A530,2017-02-17T20:00:00+08:00,300.0,35.0,0.3,16.9,0.96,987.4,-99.0,0.0,-9.9,-99,-999,新北市,06,坪林區,053
24.9400,121.7015,坪林,C0A530,2017-02-17T21:00:00+08:00,300.0,0.0,0.2,16.3,0.99,987.9,-99.0,0.0,-9.9,-99,-999,新北市,06,坪林區,053
24.9400,121.7015,坪林,C0A530,2017-02-17T22:00:00+08:00,300.0,20.0,1.7,15.8,1.00,988.1,-99.0,0.0,-9.9,-99,-999,新北市,06,坪林區,053
24.9400,121.7015,坪林,C0A530,2017-02-17T23:00:00+08:00,300.0,34.0,1.5,15.4,0.99,988.2,-99.0,0.0,-9.9,-99,-999,新北市,06,坪林區,053
24.9400,121.7015,坪林,C0A530,2017-02-18T00:00:00+08:00,300.0,36.0,0.8,15.3,0.99,988.0,-99.0,0.0,-9.9,-99,-999,新北市,06,坪林區,053
24.9400,121.7015,坪林,C0A530,2017-02-18T01:00:00+08:00,300.0,41.0,2.0,14.8,0.99,987.6,-99.0,0.0,-9.9,-99,-999,新北市,06,坪林區,053
24.9400,121.7015,坪林,C0A530,2017-02-18T04:00:00+08:00,300.0,264.0,0.9,13.7,0.99,987.2,-99.0,0.0,-9.9,-99,-999,新北市,06,坪林區,053
24.9400,121.7015,坪林,C0A530,2017-02-18T05:00:00+08:00,300.0,0.0,0.0,13.8,0.99,987.5,-99.0,0.0,-9.9,-99,-999,新北市,06,坪林區,053
24.9400,121.7015,坪林,C0A530,2017-02-18T06:00:00+08:00,300.0,0.0,0.0,14.1,0.99,988.2,-99.0,0.0,-9.9,-99,-999,新北市,06,坪林區,053
24.9400,121.7015,坪林,C0A530,2017-02-18T07:00:00+08:00,300.0,0.0,0.0,14.2,0.99,989.0,-99.0,0.0,-9.9,-99,-999,新北市,06,坪林區,053
24.9400,121.7015,坪林,C0A530,2017-02-18T08:00:00+08:00,300.0,0.0,0.0,14.5,0.99,989.5,-99.0,0.0,-9.9,-99,-999,新北市,06,坪林區,053
24.9400,121.7015,坪林,C0A530,2017-02-18T10:00:00+08:00,300.0,109.0,2.8,21.1,0.76,989.2,-99.0,0.0,-9.9,-99,-999,新北市,06,坪林區,053
24.9400,121.7015,坪林,C0A530,2017-02-18T11:00:00+08:00,300.0,86.0,3.9,22.1,0.70,988.7,-99.0,0.0,-9.9,-99,-999,新北市,06,坪林區,053
24.9400,121.7015,坪林,C0A530,2017-02-18T12:00:00+08:00,300.0,71.0,2.6,22.1,0.70,987.9,-99.0,0.0,-9.9,-99,-999,新北市,06,坪林區,053
24.9400,121.7015,坪林,C0A530,2017-02-18T13:00:00+08:00,300.0,60.0,3.1,19.6,0.77,987.2,-99.0,0.0,-9.9,-99,-999,新北市,06,坪林區,053
24.9400,121.7015,坪林,C0A530,2017-02-18T14:00:00+08:00,300.0,75.0,4.5,18.3,0.82,986.9,-99.0,0.0,-9.9,-99,-999,新北市,06,坪林區,053
24.9400,121.7015,坪林,C0A530,2017-02-18T15:00:00+08:00,300.0,66.0,4.6,18.3,0.80,986.8,-99.0,0.0,-9.9,-99,-999,新北市,06,坪林區,053
24.9400,121.7015,坪林,C0A530,2017-02-18T16:00:00+08:00,300.0,76.0,3.8,17.5,0.84,987.4,-99.0,0.0,-9.9,-99,-999,新北市,06,坪林區,053
24.9400,121.7015,坪林,C0A530,2017-02-18T17:00:00+08:00,300.0,74.0,4.2,16.8,0.89,988.4,-99.0,0.0,-9.9,-99,-999,新北市,06,坪林區,053
24.9400,121.7015,坪林,C0A530,2017-02-18T18:00:00+08:00,300.0,53.0,3.5,15.6,0.99,989.1,-99.0,0.0,-9.9,-99,-999,新北市,06,坪林區,053
24.9400,121.7015,坪林,C0A530,2017-02-18T19:00:00+08:00,300.0,54.0,3.8,15.2,0.99,989.6,-99.0,0.0,-9.9,-99,-999,新北市,06,坪林區,053
24.9400,121.7015,坪林,C0A530,2017-02-18T20:00:00+08:00,300.0,65.0,2.9,15.2,0.99,990.0,-99.0,0.0,-9.9,-99,-999,新北市,06,坪林區,053
24.9400,121.7015,坪林,C0A530,2017-02-18T21:00:00+08:00,300.0,68.0,2.8,14.7,0.99,990.1,-99.0,0.0,-9.9,-99,-999,新北市,06,坪林區,053
24.9400,121.7015,坪林,C0A530,2017-02-18T22:00:00+08:00,300.0,30.0,3.2,14.3,0.99,989.8,-99.0,0.0,-9.9,-99,-999,新北市,06,坪林區,053
24.9400,121.7015,坪林,C0A530,2017-02-18T23:00:00+08:00,300.0,64.0,2.3,14.3,0.97,989.5,-99.0,0.0,-9.9,-99,-999,新北市,06,坪林區,053
24.9400,121.7015,坪林,C0A530,2017-02-19T00:00:00+08:00,300.0,64.0,2.2,14.2,0.97,989.5,-99.0,0.0,-9.9,-99,-999,新北市,06,坪林區,053
24.9400,121.7015,坪林,C0A530,2017-02-19T01:00:00+08:00,300.0,45.0,1.7,14.5,0.94,988.9,-99.0,0.0,-9.9,-99,-999,新北市,06,坪林區,053
24.9400,121.7015,坪林,C0A530,2017-02-19T02:00:00+08:00,300.0,45.0,2.4,13.5,0.96,988.4,-99.0,0.0,-9.9,-99,-999,新北市,06,坪林區,053
24.9400,121.7015,坪林,C0A530,2017-02-19T03:00:00+08:00,300.0,68.0,1.7,13.6,0.96,987.8,-99.0,0.0,-9.9,-99,-999,新北市,06,坪林區,053
24.9400,121.7015,坪林,C0A530,2017-02-19T04:00:00+08:00,300.0,49.0,2.0,13.6,0.97,986.9,-99.0,0.0,-9.9,-99,-999,新北市,06,坪林區,053
24.9400,121.7015,坪林,C0A530,2017-02-19T05:00:00+08:00,300.0,115.0,1.2,14.3,0.94,986.3,-99.0,0.0,-9.9,-99,-999,新北市,06,坪林區,053
24.9400,121.7015,坪林,C0A530,2017-02-19T06:00:00+08:00,300.0,66.0,1.8,15.4,0.87,986.4,-99.0,0.0,-9.9,-99,-999,新北市,06,坪林區,053
24.9400,121.7015,坪林,C0A530,2017-02-19T07:00:00+08:00,300.0,50.0,1.3,15.5,0.87,986.4,-99.0,0.0,-9.9,-99,-999,新北市,06,坪林區,053
24.9400,121.7015,坪林,C0A530,2017-02-19T08:00:00+08:00,300.0,165.0,2.3,17.5,0.78,986.5,-99.0,0.0,-9.9,-99,-999,新北市,06,坪林區,053
24.9400,121.7015,坪林,C0A530,2017-02-19T10:00:00+08:00,300.0,174.0,2.6,21.1,0.69,985.7,-99.0,0.0,-9.9,-99,-999,新北市,06,坪林區,053
24.9400,121.7015,坪林,C0A530,2017-02-19T11:00:00+08:00,300.0,165.0,4.5,21.7,0.65,984.8,-99.0,0.0,-9.9,-99,-999,新北市,06,坪林區,053
24.9400,121.7015,坪林,C0A530,2017-02-19T12:00:00+08:00,300.0,167.0,3.6,22.3,0.64,983.5,-99.0,0.0,-9.9,-99,-999,新北市,06,坪林區,053
24.9400,121.7015,坪林,C0A530,2017-02-19T13:00:00+08:00,300.0,168.0,2.8,22.8,0.64,982.5,-99.0,0.0,-9.9,-99,-999,新北市,06,坪林區,053
24.9400,121.7015,坪林,C0A530,2017-02-19T14:00:00+08:00,300.0,149.0,1.9,22.1,0.65,981.3,-99.0,0.0,-9.9,-99,-999,新北市,06,坪林區,053
24.9400,121.7015,坪林,C0A530,2017-02-19T15:00:00+08:00,300.0,162.0,1.7,21.8,0.67,980.7,-99.0,0.0,-9.9,-99,-999,新北市,06,坪林區,053
24.9400,121.7015,坪林,C0A530,2017-02-19T16:00:00+08:00,300.0,180.0,0.7,20.9,0.72,980.5,-99.0,0.0,-9.9,-99,-999,新北市,06,坪林區,053
24.9400,121.7015,坪林,C0A530,2017-02-19T17:00:00+08:00,300.0,333.0,0.8,19.8,0.78,980.6,-99.0,0.0,-9.9,-99,-999,新北市,06,坪林區,053
24.9400,121.7015,坪林,C0A530,2017-02-19T18:00:00+08:00,300.0,0.0,0.1,19.0,0.80,980.9,-99.0,0.0,-9.9,-99,-999,新北市,06,坪林區,053
24.9400,121.7015,坪林,C0A530,2017-02-19T19:00:00+08:00,300.0,17.0,1.2,18.1,0.89,981.3,-99.0,0.0,-9.9,-99,-999,新北市,06,坪林區,053
24.9400,121.7015,坪林,C0A530,2017-02-19T20:00:00+08:00,300.0,28.0,1.5,16.6,0.96,981.7,-99.0,0.0,-9.9,-99,-999,新北市,06,坪林區,053
24.9400,121.7015,坪林,C0A530,2017-02-19T21:00:00+08:00,300.0,11.0,1.0,15.4,0.99,981.8,-99.0,0.0,-9.9,-99,-999,新北市,06,坪林區,053
24.9400,121.7015,坪林,C0A530,2017-02-19T22:00:00+08:00,300.0,20.0,1.3,14.7,0.99,981.8,-99.0,0.0,-9.9,-99,-999,新北市,06,坪林區,053
24.9400,121.7015,坪林,C0A530,2017-02-19T23:00:00+08:00,300.0,41.0,1.2,14.0,0.99,981.4,-99.0,0.0,-9.9,-99,-999,新北市,06,坪林區,053
24.9400,121.7015,坪林,C0A530,2017-02-20T00:00:00+08:00,300.0,49.0,1.9,13.7,0.99,980.6,-99.0,0.0,-9.9,-99,-999,新北市,06,坪林區,053
24.9400,121.7015,坪林,C0A530,2017-02-20T01:00:00+08:00,300.0,26.0,0.4,13.7,0.99,980.2,-99.0,0.0,-9.9,-99,-999,新北市,06,坪林區,053
24.9400,121.7015,坪林,C0A530,2017-02-20T02:00:00+08:00,300.0,0.0,0.0,13.9,0.99,979.8,-99.0,0.0,-9.9,-99,-999,新北市,06,坪林區,053
24.9400,121.7015,坪林,C0A530,2017-02-20T03:00:00+08:00,300.0,0.0,0.0,14.1,0.99,979.9,-99.0,0.0,-9.9,-99,-999,新北市,06,坪林區,053
24.9400,121.7015,坪林,C0A530,2017-02-20T04:00:00+08:00,300.0,0.0,0.1,13.7,0.99,979.9,-99.0,0.0,-9.9,-99,-999,新北市,06,坪林區,053
24.9400,121.7015,坪林,C0A530,2017-02-20T05:00:00+08:00,300.0,5.0,0.5,13.7,0.99,980.3,-99.0,0.0,-9.9,-99,-999,新北市,06,坪林區,053
24.9400,121.7015,坪林,C0A530,2017-02-20T06:00:00+08:00,300.0,80.0,0.4,13.7,0.99,981.5,-99.0,0.0,-9.9,-99,-999,新北市,06,坪林區,053
24.9400,121.7015,坪林,C0A530,2017-02-20T07:00:00+08:00,300.0,0.0,0.1,14.0,0.99,981.6,-99.0,0.0,-9.9,-99,-999,新北市,06,坪林區,053
24.9400,121.7015,坪林,C0A530,2017-02-20T08:00:00+08:00,300.0,0.0,0.0,15.0,0.99,981.9,-99.0,0.0,-9.9,-99,-999,新北市,06,坪林區,053
24.9400,121.7015,坪林,C0A530,2017-02-20T10:00:00+08:00,300.0,47.0,0.8,22.9,0.62,981.1,-99.0,0.0,-9.9,-99,-999,新北市,06,坪林區,053
24.9400,121.7015,坪林,C0A530,2017-02-20T11:00:00+08:00,300.0,138.0,1.7,26.4,0.55,980.6,-99.0,0.0,-9.9,-99,-999,新北市,06,坪林區,053
24.9400,121.7015,坪林,C0A530,2017-02-20T12:00:00+08:00,300.0,29.0,1.6,27.3,0.54,979.6,-99.0,0.0,-9.9,-99,-999,新北市,06,坪林區,053
24.9400,121.7015,坪林,C0A530,2017-02-20T13:00:00+08:00,300.0,39.0,0.6,24.9,0.58,979.7,-99.0,0.0,-9.9,-99,-999,新北市,06,坪林區,053
24.9400,121.7015,坪林,C0A530,2017-02-20T14:00:00+08:00,300.0,330.0,2.1,22.2,0.71,979.9,-99.0,0.0,-9.9,-99,-999,新北市,06,坪林區,053
24.9400,121.7015,坪林,C0A530,2017-02-20T15:00:00+08:00,300.0,0.0,0.1,20.9,0.76,980.2,-99.0,0.0,-9.9,-99,-999,新北市,06,坪林區,053
24.9400,121.7015,坪林,C0A530,2017-02-20T16:00:00+08:00,300.0,0.0,0.2,19.4,0.84,980.5,-99.0,0.0,-9.9,-99,-999,新北市,06,坪林區,053
24.9400,121.7015,坪林,C0A530,2017-02-20T17:00:00+08:00,300.0,0.0,0.0,18.8,0.86,981.1,-99.0,0.0,-9.9,-99,-999,新北市,06,坪林區,053
24.9400,121.7015,坪林,C0A530,2017-02-20T18:00:00+08:00,300.0,0.0,0.0,18.2,0.91,981.8,-99.0,0.0,-9.9,-99,-999,新北市,06,坪林區,053
24.9400,121.7015,坪林,C0A530,2017-02-20T19:00:00+08:00,300.0,0.0,0.2,17.3,0.99,982.7,-99.0,0.5,-9.9,-99,-999,新北市,06,坪林區,053
24.9400,121.7015,坪林,C0A530,2017-02-20T20:00:00+08:00,300.0,28.0,0.5,17.1,0.99,983.4,-99.0,1.5,-9.9,-99,-999,新北市,06,坪林區,053
24.9400,121.7015,坪林,C0A530,2017-02-20T21:00:00+08:00,300.0,60.0,1.8,16.6,0.99,983.9,-99.0,1.5,-9.9,-99,-999,新北市,06,坪林區,053
24.9400,121.7015,坪林,C0A530,2017-02-20T22:00:00+08:00,300.0,63.0,1.4,16.9,0.99,985.0,-99.0,1.5,-9.9,-99,-999,新北市,06,坪林區,053
24.9400,121.7015,坪林,C0A530,2017-02-20T23:00:00+08:00,300.0,52.0,2.1,17.2,0.99,985.2,-99.0,1.5,-9.9,-99,-999,新北市,06,坪林區,053
24.9400,121.7015,坪林,C0A530,2017-02-21T00:00:00+08:00,300.0,51.0,2.4,16.7,0.99,985.5,-99.0,2.0,-9.9,-99,-999,新北市,06,坪林區,053
24.9400,121.7015,坪林,C0A530,2017-02-21T01:00:00+08:00,300.0,65.0,4.3,16.1,0.99,985.8,-99.0,0.0,-9.9,-99,-999,新北市,06,坪林區,053
24.9400,121.7015,坪林,C0A530,2017-02-21T02:00:00+08:00,300.0,70.0,4.5,15.6,0.99,986.1,-99.0,0.0,-9.9,-99,-999,新北市,06,坪林區,053
24.9400,121.7015,坪林,C0A530,2017-02-21T03:00:00+08:00,300.0,66.0,3.8,15.1,0.99,986.5,-99.0,0.0,-9.9,-99,-999,新北市,06,坪林區,053
24.9400,121.7015,坪林,C0A530,2017-02-21T04:00:00+08:00,300.0,63.0,4.0,14.8,0.99,986.7,-99.0,0.0,-9.9,-99,-999,新北市,06,坪林區,053
24.9400,121.7015,坪林,C0A530,2017-02-21T05:00:00+08:00,300.0,76.0,4.2,14.6,0.99,987.3,-99.0,0.0,-9.9,-99,-999,新北市,06,坪林區,053
24.9400,121.7015,坪林,C0A530,2017-02-21T06:00:00+08:00,300.0,68.0,3.4,14.4,0.99,987.8,-99.0,0.0,-9.9,-99,-999,新北市,06,坪林區,053
24.9400,121.7015,坪林,C0A530,2017-02-21T07:00:00+08:00,300.0,74.0,3.4,13.9,0.99,988.5,-99.0,0.0,-9.9,-99,-999,新北市,06,坪林區,053
24.9400,121.7015,坪林,C0A530,2017-02-21T08:00:00+08:00,300.0,70.0,3.2,14.2,0.99,989.1,-99.0,0.0,-9.9,-99,-999,新北市,06,坪林區,053
24.9400,121.7015,坪林,C0A530,2017-02-21T09:00:00+08:00,300.0,70.0,3.1,14.6,0.99,989.1,-99.0,0.0,-9.9,-99,-999,新北市,06,坪林區,053
24.9400,121.7015,坪林,C0A530,2017-02-21T10:00:00+08:00,300.0,60.0,2.9,15.0,0.99,988.7,-99.0,0.0,-9.9,-99,-999,新北市,06,坪林區,053
24.9400,121.7015,坪林,C0A530,2017-02-21T11:00:00+08:00,300.0,52.0,3.4,15.2,0.99,988.0,-99.0,0.0,-9.9,-99,-999,新北市,06,坪林區,053
24.9400,121.7015,坪林,C0A530,2017-02-21T12:00:00+08:00,300.0,59.0,2.7,15.7,0.99,987.0,-99.0,0.0,-9.9,-99,-999,新北市,06,坪林區,053
24.9400,121.7015,坪林,C0A530,2017-02-21T13:00:00+08:00,300.0,35.0,2.7,16.1,0.99,986.1,-99.0,0.0,-9.9,-99,-999,新北市,06,坪林區,053
24.9400,121.7015,坪林,C0A530,2017-02-21T14:00:00+08:00,300.0,50.0,2.7,16.9,0.98,985.2,-99.0,0.0,-9.9,-99,-999,新北市,06,坪林區,053
24.9400,121.7015,坪林,C0A530,2017-02-21T15:00:00+08:00,300.0,63.0,3.0,17.6,0.95,984.3,-99.0,0.0,-9.9,-99,-999,新北市,06,坪林區,053
24.9400,121.7015,坪林,C0A530,2017-02-21T16:00:00+08:00,300.0,65.0,2.3,18.3,0.93,984.0,-99.0,0.0,-9.9,-99,-999,新北市,06,坪林區,053
24.9400,121.7015,坪林,C0A530,2017-02-21T17:00:00+08:00,300.0,73.0,3.4,18.7,0.91,983.8,-99.0,0.0,-9.9,-99,-999,新北市,06,坪林區,053
24.9400,121.7015,坪林,C0A530,2017-02-21T18:00:00+08:00,300.0,312.0,0.6,18.3,0.95,984.1,-99.0,0.0,-9.9,-99,-999,新北市,06,坪林區,053
24.9400,121.7015,坪林,C0A530,2017-02-21T19:00:00+08:00,300.0,170.0,0.6,19.1,0.89,983.7,-99.0,0.0,-9.9,-99,-999,新北市,06,坪林區,053
24.9400,121.7015,坪林,C0A530,2017-02-21T20:00:00+08:00,300.0,259.0,1.8,19.4,0.89,983.3,-99.0,0.0,-9.9,-99,-999,新北市,06,坪林區,053
24.9400,121.7015,坪林,C0A530,2017-02-21T21:00:00+08:00,300.0,176.0,1.3,19.6,0.87,983.8,-99.0,0.0,-9.9,-99,-999,新北市,06,坪林區,053
24.9400,121.7015,坪林,C0A530,2017-02-21T22:00:00+08:00,300.0,222.0,1.1,20.0,0.85,983.7,-99.0,0.0,-9.9,-99,-999,新北市,06,坪林區,053
24.9400,121.7015,坪林,C0A530,2017-02-21T23:00:00+08:00,300.0,178.0,3.2,20.0,0.85,983.3,-99.0,0.0,-9.9,-99,-999,新北市,06,坪林區,053
24.9400,121.7015,坪林,C0A530,2017-02-22T00:00:00+08:00,300.0,204.0,1.0,20.2,0.84,982.5,-99.0,0.0,-9.9,-99,-999,新北市,06,坪林區,053
24.9400,121.7015,坪林,C0A530,2017-02-22T01:00:00+08:00,300.0,180.0,2.2,19.9,0.88,982.1,-99.0,0.0,-9.9,-99,-999,新北市,06,坪林區,053
24.9400,121.7015,坪林,C0A530,2017-02-22T02:00:00+08:00,300.0,169.0,2.9,19.9,0.85,981.6,-99.0,0.0,-9.9,-99,-999,新北市,06,坪林區,053
24.9400,121.7015,坪林,C0A530,2017-02-22T03:00:00+08:00,300.0,149.0,1.5,20.2,0.83,981.2,-99.0,0.0,-9.9,-99,-999,新北市,06,坪林區,053
24.9400,121.7015,坪林,C0A530,2017-02-22T04:00:00+08:00,300.0,0.0,0.0,19.3,0.87,980.7,-99.0,0.0,-9.9,-99,-999,新北市,06,坪林區,053
24.9400,121.7015,坪林,C0A530,2017-02-22T05:00:00+08:00,300.0,0.0,0.0,17.7,0.97,981.4,-99.0,0.0,-9.9,-99,-999,新北市,06,坪林區,053
24.9400,121.7015,坪林,C0A530,2017-02-22T06:00:00+08:00,300.0,246.0,0.9,17.2,1.00,982.9,-99.0,0.0,-9.9,-99,-999,新北市,06,坪林區,053
24.9400,121.7015,坪林,C0A530,2017-02-22T07:00:00+08:00,300.0,243.0,0.3,16.1,1.00,983.6,-99.0,0.0,-9.9,-99,-999,新北市,06,坪林區,053
24.9400,121.7015,坪林,C0A530,2017-02-22T08:00:00+08:00,300.0,0.0,0.0,15.9,1.00,983.9,-99.0,0.0,-9.9,-99,-999,新北市,06,坪林區,053
24.9400,121.7015,坪林,C0A530,2017-02-22T09:00:00+08:00,300.0,120.0,0.4,17.2,1.00,983.1,-99.0,0.0,-9.9,-99,-999,新北市,06,坪林區,053
24.9400,121.7015,坪林,C0A530,2017-02-22T10:00:00+08:00,300.0,0.0,0.1,21.2,0.84,982.1,-99.0,0.0,-9.9,-99,-999,新北市,06,坪林區,053
24.9400,121.7015,坪林,C0A530,2017-02-22T11:00:00+08:00,300.0,0.0,0.0,22.6,0.78,981.2,-99.0,0.0,-9.9,-99,-999,新北市,06,坪林區,053
24.9400,121.7015,坪林,C0A530,2017-02-22T12:00:00+08:00,300.0,78.0,1.1,24.4,0.72,980.3,-99.0,0.0,-9.9,-99,-999,新北市,06,坪林區,053
24.9400,121.7015,坪林,C0A530,2017-02-22T13:00:00+08:00,300.0,329.0,1.4,20.0,0.96,981.1,-99.0,3.5,-9.9,-99,-999,新北市,06,坪林區,053
24.9400,121.7015,坪林,C0A530,2017-02-22T14:00:00+08:00,300.0,0.0,0.0,18.8,1.00,980.5,-99.0,5.0,-9.9,-99,-999,新北市,06,坪林區,053
24.9400,121.7015,坪林,C0A530,2017-02-22T15:00:00+08:00,300.0,266.0,0.3,17.7,1.00,981.6,-99.0,11.5,-9.9,-99,-999,新北市,06,坪林區,053
24.9400,121.7015,坪林,C0A530,2017-02-22T16:00:00+08:00,300.0,0.0,0.2,17.2,1.00,980.6,-99.0,16.0,-9.9,-99,-999,新北市,06,坪林區,053
24.9400,121.7015,坪林,C0A530,2017-02-22T17:00:00+08:00,300.0,357.0,0.8,17.6,1.00,979.8,-99.0,16.5,-9.9,-99,-999,新北市,06,坪林區,053
24.9400,121.7015,坪林,C0A530,2017-02-22T18:00:00+08:00,300.0,33.0,1.4,17.3,1.00,979.9,-99.0,17.0,-9.9,-99,-999,新北市,06,坪林區,053
24.9400,121.7015,坪林,C0A530,2017-02-22T19:00:00+08:00,300.0,324.0,1.2,16.9,1.00,979.6,-99.0,17.0,-9.9,-99,-999,新北市,06,坪林區,053
24.9400,121.7015,坪林,C0A530,2017-02-22T20:00:00+08:00,300.0,20.0,0.4,16.7,1.00,980.6,-99.0,17.0,-9.9,-99,-999,新北市,06,坪林區,053
24.9400,121.7015,坪林,C0A530,2017-02-22T21:00:00+08:00,300.0,0.0,0.0,16.6,1.00,981.4,-99.0,17.0,-9.9,-99,-999,新北市,06,坪林區,053
24.9400,121.7015,坪林,C0A530,2017-02-22T22:00:00+08:00,300.0,17.0,1.0,16.3,1.00,981.5,-99.0,17.0,-9.9,-99,-999,新北市,06,坪林區,053
24.9400,121.7015,坪林,C0A530,2017-02-22T23:00:00+08:00,300.0,34.0,1.7,16.0,1.00,981.9,-99.0,17.0,-9.9,-99,-999,新北市,06,坪林區,053
24.9400,121.7015,坪林,C0A530,2017-02-23T00:00:00+08:00,300.0,0.0,0.1,16.2,1.00,982.2,-99.0,17.0,-9.9,-99,-999,新北市,06,坪林區,053
24.9400,121.7015,坪林,C0A530,2017-02-23T01:00:00+08:00,300.0,333.0,0.4,16.6,1.00,982.3,-99.0,0.0,-9.9,-99,-999,新北市,06,坪林區,053
24.9400,121.7015,坪林,C0A530,2017-02-23T02:00:00+08:00,300.0,86.0,2.3,16.7,1.00,981.7,-99.0,0.5,-9.9,-99,-999,新北市,06,坪林區,053
24.9400,121.7015,坪林,C0A530,2017-02-23T03:00:00+08:00,300.0,58.0,2.7,16.0,1.00,981.6,-99.0,0.5,-9.9,-99,-999,新北市,06,坪林區,053
24.9400,121.7015,坪林,C0A530,2017-02-23T04:00:00+08:00,300.0,69.0,2.2,15.6,1.00,981.7,-99.0,0.5,-9.9,-99,-999,新北市,06,坪林區,053
24.9400,121.7015,坪林,C0A530,2017-02-23T05:00:00+08:00,300.0,62.0,2.1,15.3,1.00,982.4,-99.0,0.5,-9.9,-99,-999,新北市,06,坪林區,053
24.9400,121.7015,坪林,C0A530,2017-02-23T06:00:00+08:00,300.0,65.0,2.0,15.2,1.00,983.2,-99.0,0.5,-9.9,-99,-999,新北市,06,坪林區,053
24.9400,121.7015,坪林,C0A530,2017-02-23T07:00:00+08:00,300.0,65.0,2.4,14.9,1.00,983.6,-99.0,0.5,-9.9,-99,-999,新北市,06,坪林區,053
24.9400,121.7015,坪林,C0A530,2017-02-23T08:00:00+08:00,300.0,57.0,2.8,14.7,1.00,984.2,-99.0,0.5,-9.9,-99,-999,新北市,06,坪林區,053
24.9400,121.7015,坪林,C0A530,2017-02-23T10:00:00+08:00,300.0,50.0,2.6,14.7,1.00,984.6,-99.0,0.5,-9.9,-99,-999,新北市,06,坪林區,053
24.9400,121.7015,坪林,C0A530,2017-02-23T11:00:00+08:00,300.0,62.0,2.4,14.8,1.00,984.5,-99.0,0.5,-9.9,-99,-999,新北市,06,坪林區,053
24.9400,121.7015,坪林,C0A530,2017-02-23T12:00:00+08:00,300.0,56.0,2.0,14.2,1.00,984.1,-99.0,0.5,-9.9,-99,-999,新北市,06,坪林區,053
24.9400,121.7015,坪林,C0A530,2017-02-23T13:00:00+08:00,300.0,35.0,2.8,13.5,1.00,983.7,-99.0,0.5,-9.9,-99,-999,新北市,06,坪林區,053
24.9400,121.7015,坪林,C0A530,2017-02-23T14:00:00+08:00,300.0,73.0,3.5,12.8,1.00,983.7,-99.0,0.5,-9.9,-99,-999,新北市,06,坪林區,053
24.9400,121.7015,坪林,C0A530,2017-02-23T15:00:00+08:00,300.0,64.0,2.5,12.2,1.00,984.5,-99.0,0.5,-9.9,-99,-999,新北市,06,坪林區,053
24.9400,121.7015,坪林,C0A530,2017-02-23T16:00:00+08:00,300.0,62.0,2.0,11.3,1.00,985.2,-99.0,0.5,-9.9,-99,-999,新北市,06,坪林區,053
24.9400,121.7015,坪林,C0A530,2017-02-23T17:00:00+08:00,300.0,58.0,1.8,10.6,1.00,985.6,-99.0,0.5,-9.9,-99,-999,新北市,06,坪林區,053
24.9400,121.7015,坪林,C0A530,2017-02-23T18:00:00+08:00,300.0,57.0,2.5,10.3,1.00,986.8,-99.0,0.5,-9.9,-99,-999,新北市,06,坪林區,053
24.9400,121.7015,坪林,C0A530,2017-02-23T19:00:00+08:00,300.0,72.0,2.1,10.0,1.00,987.5,-99.0,0.5,-9.9,-99,-999,新北市,06,坪林區,053
24.9400,121.7015,坪林,C0A530,2017-02-23T20:00:00+08:00,300.0,68.0,1.7,9.9,1.00,988.0,-99.0,0.5,-9.9,-99,-999,新北市,06,坪林區,053
24.9400,121.7015,坪林,C0A530,2017-02-23T21:00:00+08:00,300.0,60.0,1.5,9.9,1.00,988.4,-99.0,0.5,-9.9,-99,-999,新北市,06,坪林區,053
24.9400,121.7015,坪林,C0A530,2017-02-23T22:00:00+08:00,300.0,65.0,0.3,9.9,1.00,988.3,-99.0,0.5,-9.9,-99,-999,新北市,06,坪林區,053
24.9400,121.7015,坪林,C0A530,2017-02-23T23:00:00+08:00,300.0,1.0,0.6,9.9,1.00,988.5,-99.0,1.5,-9.9,-99,-999,新北市,06,坪林區,053
24.9400,121.7015,坪林,C0A530,2017-02-24T00:00:00+08:00,300.0,0.0,0.0,10.2,1.00,988.1,-99.0,1.5,-9.9,-99,-999,新北市,06,坪林區,053
24.9400,121.7015,坪林,C0A530,2017-02-24T14:00:00+08:00,300.0,0.0,0.0,12.0,1.00,986.8,-99.0,13.0,-9.9,-99,-999,新北市,06,坪林區,053
24.9400,121.7015,坪林,C0A530,2017-02-24T15:00:00+08:00,300.0,351.0,0.5,11.4,1.00,987.2,-99.0,13.5,-9.9,-99,-999,新北市,06,坪林區,053
24.9400,121.7015,坪林,C0A530,2017-02-24T16:00:00+08:00,300.0,0.0,0.0,11.3,1.00,987.3,-99.0,15.0,-9.9,-99,-999,新北市,06,坪林區,053
24.9400,121.7015,坪林,C0A530,2017-02-24T17:00:00+08:00,300.0,291.0,0.3,11.0,1.00,987.8,-99.0,17.5,-9.9,-99,-999,新北市,06,坪林區,053
24.9400,121.7015,坪林,C0A530,2017-02-24T18:00:00+08:00,300.0,14.0,0.5,10.8,1.00,987.5,-99.0,20.5,-9.9,-99,-999,新北市,06,坪林區,053
24.9400,121.7015,坪林,C0A530,2017-02-24T19:00:00+08:00,300.0,352.0,0.4,10.8,1.00,987.7,-99.0,21.0,-9.9,-99,-999,新北市,06,坪林區,053
24.9400,121.7015,坪林,C0A530,2017-02-24T20:00:00+08:00,300.0,0.0,0.0,10.9,1.00,988.1,-99.0,22.5,-9.9,-99,-999,新北市,06,坪林區,053
24.9400,121.7015,坪林,C0A530,2017-02-24T21:00:00+08:00,300.0,0.0,0.0,10.8,1.00,988.3,-99.0,25.5,-9.9,-99,-999,新北市,06,坪林區,053
24.9400,121.7015,坪林,C0A530,2017-02-24T22:00:00+08:00,300.0,0.0,0.0,11.0,1.00,988.5,-99.0,26.5,-9.9,-99,-999,新北市,06,坪林區,053
24.9400,121.7015,坪林,C0A530,2017-02-24T23:00:00+08:00,300.0,0.0,0.0,11.0,1.00,988.5,-99.0,28.5,-9.9,-99,-999,新北市,06,坪林區,053
24.9400,121.7015,坪林,C0A530,2017-02-25T00:00:00+08:00,300.0,0.0,0.0,11.1,1.00,988.0,-99.0,29.0,-9.9,-99,-999,新北市,06,坪林區,053
24.9400,121.7015,坪林,C0A530,2017-02-25T01:00:00+08:00,300.0,0.0,0.0,11.0,1.00,987.2,-99.0,2.5,-9.9,-99,-999,新北市,06,坪林區,053
24.9400,121.7015,坪林,C0A530,2017-02-25T02:00:00+08:00,300.0,18.0,0.7,11.1,1.00,986.8,-99.0,3.0,-9.9,-99,-999,新北市,06,坪林區,053
24.9400,121.7015,坪林,C0A530,2017-02-25T03:00:00+08:00,300.0,0.0,0.1,11.1,1.00,985.7,-99.0,3.0,-9.9,-99,-999,新北市,06,坪林區,053
24.9400,121.7015,坪林,C0A530,2017-02-25T04:00:00+08:00,300.0,0.0,0.1,11.3,1.00,986.1,-99.0,4.5,-9.9,-99,-999,新北市,06,坪林區,053
24.9400,121.7015,坪林,C0A530,2017-02-25T05:00:00+08:00,300.0,0.0,0.2,11.4,1.00,986.0,-99.0,5.0,-9.9,-99,-999,新北市,06,坪林區,053
24.9400,121.7015,坪林,C0A530,2017-02-25T06:00:00+08:00,300.0,286.0,0.3,11.4,1.00,985.7,-99.0,5.5,-9.9,-99,-999,新北市,06,坪林區,053
24.9400,121.7015,坪林,C0A530,2017-02-25T07:00:00+08:00,300.0,69.0,1.1,11.7,1.00,986.1,-99.0,6.0,-9.9,-99,-999,新北市,06,坪林區,053
24.9400,121.7015,坪林,C0A530,2017-02-25T08:00:00+08:00,300.0,0.0,0.1,11.8,1.00,986.7,-99.0,8.5,-9.9,-99,-999,新北市,06,坪林區,053
24.9400,121.7015,坪林,C0A530,2017-02-25T10:00:00+08:00,300.0,0.0,0.2,12.6,1.00,986.4,-99.0,14.5,-9.9,-99,-999,新北市,06,坪林區,053
24.9400,121.7015,坪林,C0A530,2017-02-25T11:00:00+08:00,300.0,0.0,0.0,12.8,1.00,986.4,-99.0,18.0,-9.9,-99,-999,新北市,06,坪林區,053
24.9400,121.7015,坪林,C0A530,2017-02-25T12:00:00+08:00,300.0,0.0,0.0,13.0,1.00,985.4,-99.0,19.0,-9.9,-99,-999,新北市,06,坪林區,053
24.9400,121.7015,坪林,C0A530,2017-02-25T13:00:00+08:00,300.0,0.0,0.0,12.8,1.00,984.7,-99.0,21.0,-9.9,-99,-999,新北市,06,坪林區,053
24.9400,121.7015,坪林,C0A530,2017-02-25T14:00:00+08:00,300.0,0.0,0.1,13.0,1.00,983.6,-99.0,23.0,-9.9,-99,-999,新北市,06,坪林區,053
24.9400,121.7015,坪林,C0A530,2017-02-25T15:00:00+08:00,300.0,0.0,0.1,13.0,1.00,983.2,-99.0,25.0,-9.9,-99,-999,新北市,06,坪林區,053
24.9400,121.7015,坪林,C0A530,2017-02-25T16:00:00+08:00,300.0,0.0,0.0,13.0,1.00,983.4,-99.0,29.0,-9.9,-99,-999,新北市,06,坪林區,053
24.9400,121.7015,坪林,C0A530,2017-02-25T17:00:00+08:00,300.0,71.0,2.1,12.4,1.00,983.6,-99.0,31.0,-9.9,-99,-999,新北市,06,坪林區,053
24.9400,121.7015,坪林,C0A530,2017-02-25T18:00:00+08:00,300.0,0.0,0.2,12.2,1.00,984.2,-99.0,33.5,-9.9,-99,-999,新北市,06,坪林區,053
24.9400,121.7015,坪林,C0A530,2017-02-25T19:00:00+08:00,300.0,0.0,0.0,12.2,1.00,984.7,-99.0,35.5,-9.9,-99,-999,新北市,06,坪林區,053
24.9400,121.7015,坪林,C0A530,2017-02-25T20:00:00+08:00,300.0,0.0,0.0,12.1,1.00,985.3,-99.0,38.0,-9.9,-99,-999,新北市,06,坪林區,053
24.9400,121.7015,坪林,C0A530,2017-02-25T21:00:00+08:00,300.0,65.0,0.9,12.1,1.00,984.7,-99.0,38.5,-9.9,-99,-999,新北市,06,坪林區,053
24.9400,121.7015,坪林,C0A530,2017-02-25T22:00:00+08:00,300.0,73.0,2.2,12.2,1.00,985.3,-99.0,38.5,-9.9,-99,-999,新北市,06,坪林區,053
24.9400,121.7015,坪林,C0A530,2017-02-25T23:00:00+08:00,300.0,14.0,0.6,12.1,1.00,985.4,-99.0,38.5,-9.9,-99,-999,新北市,06,坪林區,053
24.9400,121.7015,坪林,C0A530,2017-02-26T00:00:00+08:00,300.0,0.0,0.0,12.2,1.00,985.2,-99.0,38.5,-9.9,-99,-999,新北市,06,坪林區,053
24.9400,121.7015,坪林,C0A530,2017-02-26T06:00:00+08:00,300.0,346.0,2.6,11.9,1.00,985.2,-99.0,15.5,-9.9,-99,-999,新北市,06,坪林區,053
24.9400,121.7015,坪林,C0A530,2017-02-26T07:00:00+08:00,300.0,334.0,2.1,11.1,1.00,986.4,-99.0,16.5,-9.9,-99,-999,新北市,06,坪林區,053
24.9400,121.7015,坪林,C0A530,2017-02-26T08:00:00+08:00,300.0,334.0,1.5,10.8,1.00,987.3,-99.0,17.0,-9.9,-99,-999,新北市,06,坪林區,053
24.9400,121.7015,坪林,C0A530,2017-02-26T10:00:00+08:00,300.0,289.0,0.5,10.6,1.00,988.6,-99.0,17.5,-9.9,-99,-999,新北市,06,坪林區,053
24.9400,121.7015,坪林,C0A530,2017-02-26T11:00:00+08:00,300.0,0.0,0.0,10.6,1.00,988.3,-99.0,18.5,-9.9,-99,-999,新北市,06,坪林區,053
24.9400,121.7015,坪林,C0A530,2017-02-26T12:00:00+08:00,300.0,7.0,1.1,10.4,1.00,987.7,-99.0,20.0,-9.9,-99,-999,新北市,06,坪林區,053
24.9400,121.7015,坪林,C0A530,2017-02-26T13:00:00+08:00,300.0,16.0,0.5,10.3,1.00,987.3,-99.0,20.0,-9.9,-99,-999,新北市,06,坪林區,053
24.9400,121.7015,坪林,C0A530,2017-02-26T14:00:00+08:00,300.0,0.0,0.2,10.2,1.00,986.8,-99.0,20.0,-9.9,-99,-999,新北市,06,坪林區,053
24.9400,121.7015,坪林,C0A530,2017-02-26T15:00:00+08:00,300.0,61.0,1.1,10.2,1.00,986.5,-99.0,20.0,-9.9,-99,-999,新北市,06,坪林區,053
24.9400,121.7015,坪林,C0A530,2017-02-26T16:00:00+08:00,300.0,74.0,1.5,10.1,1.00,986.8,-99.0,20.0,-9.9,-99,-999,新北市,06,坪林區,053
24.9400,121.7015,坪林,C0A530,2017-02-26T17:00:00+08:00,300.0,0.0,0.1,10.1,1.00,987.3,-99.0,20.0,-9.9,-99,-999,新北市,06,坪林區,053
24.9400,121.7015,坪林,C0A530,2017-02-26T18:00:00+08:00,300.0,0.0,0.2,10.1,1.00,987.7,-99.0,20.0,-9.9,-99,-999,新北市,06,坪林區,053
24.9400,121.7015,坪林,C0A530,2017-02-26T19:00:00+08:00,300.0,0.0,0.0,10.1,1.00,988.1,-99.0,20.0,-9.9,-99,-999,新北市,06,坪林區,053
24.9400,121.7015,坪林,C0A530,2017-02-26T20:00:00+08:00,300.0,0.0,0.0,10.2,1.00,988.6,-99.0,20.0,-9.9,-99,-999,新北市,06,坪林區,053
24.9400,121.7015,坪林,C0A530,2017-02-26T21:00:00+08:00,300.0,0.0,0.0,10.2,1.00,989.2,-99.0,20.0,-9.9,-99,-999,新北市,06,坪林區,053
24.9400,121.7015,坪林,C0A530,2017-02-26T22:00:00+08:00,300.0,0.0,0.2,10.3,1.00,989.6,-99.0,20.0,-9.9,-99,-999,新北市,06,坪林區,053
24.9400,121.7015,坪林,C0A530,2017-02-26T23:00:00+08:00,300.0,0.0,0.2,10.3,1.00,989.7,-99.0,20.0,-9.9,-99,-999,新北市,06,坪林區,053
24.9400,121.7015,坪林,C0A530,2017-02-27T00:00:00+08:00,300.0,0.0,0.0,10.2,1.00,989.2,-99.0,20.0,-9.9,-99,-999,新北市,06,坪林區,053
24.9400,121.7015,坪林,C0A530,2017-02-27T01:00:00+08:00,300.0,12.0,0.4,10.3,0.99,988.6,-99.0,0.0,-9.9,-99,-999,新北市,06,坪林區,053
24.9400,121.7015,坪林,C0A530,2017-02-27T02:00:00+08:00,300.0,0.0,0.0,10.1,1.00,988.2,-99.0,0.0,-9.9,-99,-999,新北市,06,坪林區,053
24.9400,121.7015,坪林,C0A530,2017-02-27T03:00:00+08:00,300.0,0.0,0.0,10.2,1.00,987.7,-99.0,0.0,-9.9,-99,-999,新北市,06,坪林區,053
24.9400,121.7015,坪林,C0A530,2017-02-27T04:00:00+08:00,300.0,0.0,0.0,10.2,0.99,987.8,-99.0,0.0,-9.9,-99,-999,新北市,06,坪林區,053
24.9400,121.7015,坪林,C0A530,2017-02-27T05:00:00+08:00,300.0,0.0,0.0,10.4,0.99,988.0,-99.0,0.0,-9.9,-99,-999,新北市,06,坪林區,053
24.9400,121.7015,坪林,C0A530,2017-02-27T06:00:00+08:00,300.0,0.0,0.0,10.5,1.00,988.4,-99.0,0.0,-9.9,-99,-999,新北市,06,坪林區,053
24.9400,121.7015,坪林,C0A530,2017-02-27T07:00:00+08:00,300.0,22.0,0.5,10.4,0.99,988.7,-99.0,0.0,-9.9,-99,-999,新北市,06,坪林區,053
24.9400,121.7015,坪林,C0A530,2017-02-27T08:00:00+08:00,300.0,285.0,0.4,10.6,0.99,989.3,-99.0,0.0,-9.9,-99,-999,新北市,06,坪林區,053
24.9400,121.7015,坪林,C0A530,2017-02-27T10:00:00+08:00,300.0,64.0,0.5,11.4,1.00,989.8,-99.0,0.0,-9.9,-99,-999,新北市,06,坪林區,053
24.9400,121.7015,坪林,C0A530,2017-02-27T11:00:00+08:00,300.0,56.0,2.1,12.3,0.90,989.4,-99.0,0.0,-9.9,-99,-999,新北市,06,坪林區,053
24.9400,121.7015,坪林,C0A530,2017-02-27T12:00:00+08:00,300.0,56.0,1.4,12.6,0.85,988.9,-99.0,0.0,-9.9,-99,-999,新北市,06,坪林區,053
24.9400,121.7015,坪林,C0A530,2017-02-27T13:00:00+08:00,300.0,61.0,3.0,13.1,0.80,988.1,-99.0,0.0,-9.9,-99,-999,新北市,06,坪林區,053
24.9400,121.7015,坪林,C0A530,2017-02-27T14:00:00+08:00,300.0,71.0,2.4,12.7,0.83,987.8,-99.0,0.0,-9.9,-99,-999,新北市,06,坪林區,053
24.9400,121.7015,坪林,C0A530,2017-02-27T15:00:00+08:00,300.0,62.0,1.8,11.7,0.95,988.2,-99.0,0.0,-9.9,-99,-999,新北市,06,坪林區,053
24.9400,121.7015,坪林,C0A530,2017-02-27T16:00:00+08:00,300.0,51.0,1.3,11.3,0.98,988.5,-99.0,0.0,-9.9,-99,-999,新北市,06,坪林區,053
24.9400,121.7015,坪林,C0A530,2017-02-27T17:00:00+08:00,300.0,43.0,1.2,11.1,0.99,989.0,-99.0,0.0,-9.9,-99,-999,新北市,06,坪林區,053
24.9400,121.7015,坪林,C0A530,2017-02-27T18:00:00+08:00,300.0,54.0,0.6,11.0,0.99,989.3,-99.0,0.0,-9.9,-99,-999,新北市,06,坪林區,053
24.9400,121.7015,坪林,C0A530,2017-02-27T19:00:00+08:00,300.0,0.0,0.1,10.9,0.99,989.2,-99.0,0.0,-9.9,-99,-999,新北市,06,坪林區,053
24.9400,121.7015,坪林,C0A530,2017-02-27T20:00:00+08:00,300.0,0.0,0.0,11.0,0.99,989.4,-99.0,0.0,-9.9,-99,-999,新北市,06,坪林區,053
24.9400,121.7015,坪林,C0A530,2017-02-27T21:00:00+08:00,300.0,15.0,0.4,11.0,0.99,989.3,-99.0,0.0,-9.9,-99,-999,新北市,06,坪林區,053
24.9400,121.7015,坪林,C0A530,2017-02-27T22:00:00+08:00,300.0,0.0,0.0,10.9,0.99,989.4,-99.0,0.0,-9.9,-99,-999,新北市,06,坪林區,053
24.9400,121.7015,坪林,C0A530,2017-02-27T23:00:00+08:00,300.0,0.0,0.0,11.1,0.99,988.8,-99.0,0.0,-9.9,-99,-999,新北市,06,坪林區,053
24.9400,121.7015,坪林,C0A530,2017-02-28T00:00:00+08:00,300.0,0.0,0.0,11.3,0.97,988.4,-99.0,0.0,-9.9,-99,-999,新北市,06,坪林區,053
24.9400,121.7015,坪林,C0A530,2017-02-28T03:00:00+08:00,300.0,57.0,1.4,12.8,0.93,987.5,-99.0,0.0,-9.9,-99,-999,新北市,06,坪林區,053
24.9400,121.7015,坪林,C0A530,2017-02-28T04:00:00+08:00,300.0,68.0,2.7,12.6,0.97,986.9,-99.0,0.0,-9.9,-99,-999,新北市,06,坪林區,053
24.9400,121.7015,坪林,C0A530,2017-02-28T05:00:00+08:00,300.0,81.0,3.5,12.4,0.99,987.1,-99.0,0.0,-9.9,-99,-999,新北市,06,坪林區,053
24.9400,121.7015,坪林,C0A530,2017-02-28T06:00:00+08:00,300.0,66.0,2.3,12.3,0.99,987.5,-99.0,0.0,-9.9,-99,-999,新北市,06,坪林區,053
24.9400,121.7015,坪林,C0A530,2017-02-28T07:00:00+08:00,300.0,77.0,3.2,11.9,0.99,987.7,-99.0,0.0,-9.9,-99,-999,新北市,06,坪林區,053
24.9400,121.7015,坪林,C0A530,2017-02-28T08:00:00+08:00,300.0,60.0,2.4,11.9,0.99,988.3,-99.0,0.0,-9.9,-99,-999,新北市,06,坪林區,053
24.9400,121.7015,坪林,C0A530,2017-02-28T09:00:00+08:00,300.0,69.0,2.9,11.8,0.99,988.3,-99.0,0.0,-9.9,-99,-999,新北市,06,坪林區,053
24.9400,121.7015,坪林,C0A530,2017-02-28T10:00:00+08:00,300.0,77.0,2.0,11.9,0.99,987.9,-99.0,0.0,-9.9,-99,-999,新北市,06,坪林區,053
24.9400,121.7015,坪林,C0A530,2017-02-28T11:00:00+08:00,300.0,77.0,2.4,11.9,0.99,987.9,-99.0,0.0,-9.9,-99,-999,新北市,06,坪林區,053
24.9400,121.7015,坪林,C0A530,2017-02-28T12:00:00+08:00,300.0,74.0,2.2,11.9,0.99,987.1,-99.0,0.0,-9.9,-99,-999,新北市,06,坪林區,053
24.9400,121.7015,坪林,C0A530,2017-02-28T13:00:00+08:00,300.0,72.0,2.2,12.0,0.99,986.4,-99.0,0.0,-9.9,-99,-999,新北市,06,坪林區,053
24.9400,121.7015,坪林,C0A530,2017-02-28T14:00:00+08:00,300.0,59.0,1.2,12.1,0.99,985.6,-99.0,0.0,-9.9,-99,-999,新北市,06,坪林區,053
24.9400,121.7015,坪林,C0A530,2017-02-28T15:00:00+08:00,300.0,73.0,1.4,11.9,0.99,984.8,-99.0,0.0,-9.9,-99,-999,新北市,06,坪林區,053
24.9400,121.7015,坪林,C0A530,2017-02-28T16:00:00+08:00,300.0,69.0,2.3,11.9,0.98,984.3,-99.0,0.0,-9.9,-99,-999,新北市,06,坪林區,053
24.9400,121.7015,坪林,C0A530,2017-02-28T17:00:00+08:00,300.0,61.0,2.6,12.0,0.94,984.0,-99.0,0.0,-9.9,-99,-999,新北市,06,坪林區,053
24.9400,121.7015,坪林,C0A530,2017-02-28T18:00:00+08:00,300.0,62.0,2.7,11.8,0.97,984.3,-99.0,0.0,-9.9,-99,-999,新北市,06,坪林區,053
24.9400,121.7015,坪林,C0A530,2017-02-28T19:00:00+08:00,300.0,69.0,1.8,11.9,0.96,984.7,-99.0,0.0,-9.9,-99,-999,新北市,06,坪林區,053
24.9400,121.7015,坪林,C0A530,2017-02-28T20:00:00+08:00,300.0,51.0,1.0,11.6,0.99,984.8,-99.0,0.0,-9.9,-99,-999,新北市,06,坪林區,053
24.9400,121.7015,坪林,C0A530,2017-02-28T21:00:00+08:00,300.0,64.0,3.2,11.9,0.99,984.6,-99.0,0.0,-9.9,-99,-999,新北市,06,坪林區,053
24.9400,121.7015,坪林,C0A530,2017-02-28T22:00:00+08:00,300.0,58.0,1.9,12.2,0.99,984.5,-99.0,0.0,-9.9,-99,-999,新北市,06,坪林區,053
24.9400,121.7015,坪林,C0A530,2017-02-28T23:00:00+08:00,300.0,68.0,1.6,12.3,0.99,984.4,-99.0,0.0,-9.9,-99,-999,新北市,06,坪林區,053
