24.8944,121.7375,四堵,C0A540,2017-02-01T07:00:00+08:00,401.0,56.0,0.4,14.8,0.94,977.1,-99.0,0.0,-9.9,-99,-999,新北市,06,坪林區,053
24.8944,121.7375,四堵,C0A540,2017-02-01T05:00:00+08:00,401.0,0.0,0.1,15.2,0.94,976.3,-99.0,0.0,-9.9,-99,-999,新北市,06,坪林區,053
24.8944,121.7375,四堵,C0A540,2017-02-01T02:00:00+08:00,401.0,0.0,0.1,14.9,0.96,975.9,-99.0,0.0,-9.9,-99,-999,新北市,06,坪林區,053
24.8944,121.7375,四堵,C0A540,2017-02-01T11:00:00+08:00,401.0,69.0,0.7,14.5,0.92,978.7,-99.0,0.0,-9.9,-99,-999,新北市,06,坪林區,053
24.8944,121.7375,四堵,C0A540,2017-02-02T10:00:00+08:00,401.0,133.0,0.9,11.9,0.96,981.5,-99.0,1.5,-9.9,-99,-999,新北市,06,坪林區,053
24.8944,121.7375,四堵,C0A540,2017-02-02T09:00:00+08:00,401.0,51.0,0.3,11.9,0.95,981.8,-99.0,1.5,-9.9,-99,-999,新北市,06,坪林區,053
24.8944,121.7375,四堵,C0A540,2017-02-02T08:00:00+08:00,401.0,82.0,0.5,11.8,0.96,981.1,-99.0,1.5,-9.9,-99,-999,新北市,06,坪林區,053
24.8944,121.7375,四堵,C0A540,2017-02-02T11:00:00+08:00,401.0,128.0,1.2,12.2,0.93,980.8,-99.0,1.5,-9.9,-99,-999,新北市,06,坪林區,053
24.8944,121.7375,四堵,C0A540,2017-02-02T14:00:00+08:00,401.0,120.0,0.7,12.2,0.91,978.5,-99.0,1.5,-9.9,-99,-999,新北市,06,坪林區,053
24.8944,121.7375,四堵,C0A540,2017-02-02T15:00:00+08:00,401.0,48.0,0.7,12.3,0.90,978.2,-99.0,1.5,-9.9,-99,-999,新北市,06,坪林區,053
24.8944,121.7375,四堵,C0A540,2017-02-02T16:00:00+08:00,401.0,132.0,0.5,12.3,0.87,978.4,-99.0,1.5,-9.9,-99,-999,新北市,06,坪林區,053
24.8944,121.7375,四堵,C0A540,2017-02-02T17:00:00+08:00,401.0,103.0,1.0,12.2,0.89,978.5,-99.0,1.5,-9.9,-99,-999,新北市,06,坪林區,053
24.8944,121.7375,四堵,C0A540,2017-02-02T18:00:00+08:00,401.0,107.0,1.3,12.0,0.90,979.1,-99.0,1.5,-9.9,-99,-999,新北市,06,坪林區,053
24.8944,121.7375,四堵,C0A540,2017-02-02T19:00:00+08:00,401.0,0.0,0.1,12.1,0.88,979.4,-99.0,1.5,-9.9,-99,-999,新北市,06,坪林區,053
24.8944,121.7375,四堵,C0A540,2017-02-02T20:00:00+08:00,401.0,63.0,0.9,11.9,0.91,979.4,-99.0,1.5,-9.9,-99,-999,新北市,06,坪林區,053
24.8944,121.7375,四堵,C0A540,2017-02-02T21:00:00+08:00,401.0,119.0,0.3,12.2,0.87,979.3,-99.0,1.5,-9.9,-99,-999,新北市,06,坪林區,053
24.8944,121.7375,四堵,C0A540,2017-02-02T22:00:00+08:00,401.0,0.0,0.0,12.2,0.86,979.1,-99.0,1.5,-9.9,-99,-999,新北市,06,坪林區,053
24.8944,121.7375,四堵,C0A540,2017-02-02T23:00:00+08:00,401.0,0.0,0.0,12.1,0.92,978.4,-99.0,1.5,-9.9,-99,-999,新北市,06,坪林區,053
24.8944,121.7375,四堵,C0A540,2017-02-03T00:00:00+08:00,401.0,0.0,0.2,12.5,0.92,978.2,-99.0,1.5,-9.9,-99,-999,新北市,06,坪林區,053
24.8944,121.7375,四堵,C0A540,2017-02-03T01:00:00+08:00,401.0,137.0,0.5,12.5,0.94,977.6,-99.0,0.0,-9.9,-99,-999,新北市,06,坪林區,053
24.8944,121.7375,四堵,C0A540,2017-02-03T02:00:00+08:00,401.0,146.0,1.4,12.9,0.92,976.8,-99.0,0.0,-9.9,-99,-999,新北市,06,坪林區,053
24.8944,121.7375,四堵,C0A540,2017-02-03T03:00:00+08:00,401.0,153.0,1.5,13.4,0.89,976.2,-99.0,0.0,-9.9,-99,-999,新北市,06,坪林區,053
24.8944,121.7375,四堵,C0A540,2017-02-03T04:00:00+08:00,401.0,111.0,1.1,13.8,0.89,976.0,-99.0,0.0,-9.9,-99,-999,新北市,06,坪林區,053
24.8944,121.7375,四堵,C0A540,2017-02-03T05:00:00+08:00,401.0,151.0,0.7,13.8,0.89,976.2,-99.0,0.0,-9.9,-99,-999,新北市,06,坪林區,053
24.8944,121.7375,四堵,C0A540,2017-02-03T06:00:00+08:00,401.0,148.0,0.3,13.4,0.91,976.5,-99.0,0.0,-9.9,-99,-999,新北市,06,坪林區,053
24.8944,121.7375,四堵,C0A540,2017-02-03T07:00:00+08:00,401.0,0.0,0.0,14.1,0.89,976.5,-99.0,0.0,-9.9,-99,-999,新北市,06,坪林區,053
24.8944,121.7375,四堵,C0A540,2017-02-03T08:00:00+08:00,401.0,162.0,0.7,14.8,0.89,976.7,-99.0,0.0,-9.9,-99,-999,新北市,06,坪林區,053
24.8944,121.7375,四堵,C0A540,2017-02-03T10:00:00+08:00,401.0,169.0,0.5,17.9,0.79,977.1,-99.0,0.0,-9.9,-99,-999,新北市,06,坪林區,053
24.8944,121.7375,四堵,C0A540,2017-02-03T11:00:00+08:00,401.0,156.0,1.8,18.3,0.76,976.3,-99.0,0.0,-9.9,-99,-999,新北市,06,坪林區,053
24.8944,121.7375,四堵,C0A540,2017-02-03T12:00:00+08:00,401.0,168.0,1.7,18.6,0.75,975.0,-99.0,0.0,-9.9,-99,-999,新北市,06,坪林區,053
24.8944,121.7375,四堵,C0A540,2017-02-03T13:00:00+08:00,401.0,155.0,0.5,18.4,0.76,973.9,-99.0,0.0,-9.9,-99,-999,新北市,06,坪林區,053
24.8944,121.7375,四堵,C0A540,2017-02-03T14:00:00+08:00,401.0,167.0,1.8,18.0,0.78,973.3,-99.0,0.0,-9.9,-99,-999,新北市,06,坪林區,053
24.8944,121.7375,四堵,C0A540,2017-02-03T15:00:00+08:00,401.0,147.0,1.7,18.4,0.77,972.9,-99.0,0.0,-9.9,-99,-999,新北市,06,坪林區,053
24.8944,121.7375,四堵,C0A540,2017-02-03T16:00:00+08:00,401.0,163.0,1.5,17.9,0.81,973.1,-99.0,0.0,-9.9,-99,-999,新北市,06,坪林區,053
24.8944,121.7375,四堵,C0A540,2017-02-03T17:00:00+08:00,401.0,126.0,1.4,17.2,0.84,973.3,-99.0,0.0,-9.9,-99,-999,新北市,06,坪林區,053
24.8944,121.7375,四堵,C0A540,2017-02-03T18:00:00+08:00,401.0,102.0,1.4,16.7,0.89,973.5,-99.0,0.0,-9.9,-99,-999,新北市,06,坪林區,053
24.8944,121.7375,四堵,C0A540,2017-02-03T19:00:00+08:00,401.0,95.0,1.9,16.6,0.89,973.7,-99.0,0.0,-9.9,-99,-999,新北市,06,坪林區,053
24.8944,121.7375,四堵,C0A540,2017-02-03T20:00:00+08:00,401.0,95.0,0.6,16.8,0.89,974.0,-99.0,0.0,-9.9,-99,-999,新北市,06,坪林區,053
24.8944,121.7375,四堵,C0A540,2017-02-03T21:00:00+08:00,401.0,111.0,2.0,16.9,0.86,974.0,-99.0,0.0,-9.9,-99,-999,新北市,06,坪林區,053
24.8944,121.7375,四堵,C0A540,2017-02-03T22:00:00+08:00,401.0,117.0,1.9,17.3,0.81,974.2,-99.0,0.0,-9.9,-99,-999,新北市,06,坪林區,053
24.8944,121.7375,四堵,C0A540,2017-02-03T23:00:00+08:00,401.0,124.0,1.8,17.4,0.82,973.8,-99.0,0.0,-9.9,-99,-999,新北市,06,坪林區,053
24.8944,121.7375,四堵,C0A540,2017-02-04T00:00:00+08:00,401.0,89.0,1.0,17.2,0.83,973.3,-99.0,0.0,-9.9,-99,-999,新北市,06,坪林區,053
24.8944,121.7375,四堵,C0A540,2017-02-04T01:00:00+08:00,401.0,102.0,1.3,17.4,0.82,973.0,-99.0,0.0,-9.9,-99,-999,新北市,06,坪林區,053
24.8944,121.7375,四堵,C0A540,2017-02-04T02:00:00+08:00,401.0,0.0,0.0,16.8,0.87,972.4,-99.0,0.0,-9.9,-99,-999,新北市,06,坪林區,053
24.8944,121.7375,四堵,C0A540,2017-02-04T03:00:00+08:00,401.0,0.0,0.0,16.8,0.86,972.3,-99.0,0.0,-9.9,-99,-999,新北市,06,坪林區,053
24.8944,121.7375,四堵,C0A540,2017-02-04T04:00:00+08:00,401.0,228.0,0.4,16.6,0.88,971.7,-99.0,0.0,-9.9,-99,-999,新北市,06,坪林區,053
24.8944,121.7375,四堵,C0A540,2017-02-04T05:00:00+08:00,401.0,0.0,0.0,16.4,0.92,971.5,-99.0,0.0,-9.9,-99,-999,新北市,06,坪林區,053
24.8944,121.7375,四堵,C0A540,2017-02-04T06:00:00+08:00,401.0,0.0,0.0,16.1,0.92,971.9,-99.0,0.0,-9.9,-99,-999,新北市,06,坪林區,053
24.8944,121.7375,四堵,C0A540,2017-02-04T07:00:00+08:00,401.0,0.0,0.0,16.3,0.94,972.6,-99.0,0.0,-9.9,-99,-999,新北市,06,坪林區,053
24.8944,121.7375,四堵,C0A540,2017-02-04T08:00:00+08:00,401.0,133.0,1.3,17.4,0.81,972.7,-99.0,0.0,-9.9,-99,-999,新北市,06,坪林區,053
24.8944,121.7375,四堵,C0A540,2017-02-04T10:00:00+08:00,401.0,156.0,0.3,-97.0,-0.97,973.0,-99.0,0.0,-9.9,-99,-999,新北市,06,坪林區,053
24.8944,121.7375,四堵,C0A540,2017-02-04T11:00:00+08:00,401.0,163.0,0.3,-97.0,-0.97,972.2,-99.0,0.0,-9.9,-99,-999,新北市,06,坪林區,053
24.8944,121.7375,四堵,C0A540,2017-02-04T12:00:00+08:00,401.0,133.0,1.3,-97.0,-0.97,971.5,-99.0,0.5,-9.9,-99,-999,新北市,06,坪林區,053
24.8944,121.7375,四堵,C0A540,2017-02-04T13:00:00+08:00,401.0,109.0,1.6,-97.0,-0.97,970.4,-99.0,0.5,-9.9,-99,-999,新北市,06,坪林區,053
24.8944,121.7375,四堵,C0A540,2017-02-04T14:00:00+08:00,401.0,244.0,0.4,-97.0,-0.97,969.2,-99.0,0.5,-9.9,-99,-999,新北市,06,坪林區,053
24.8944,121.7375,四堵,C0A540,2017-02-04T15:00:00+08:00,401.0,142.0,0.6,-97.0,-0.97,968.6,-99.0,0.5,-9.9,-99,-999,新北市,06,坪林區,053
24.8944,121.7375,四堵,C0A540,2017-02-04T16:00:00+08:00,401.0,0.0,0.0,17.9,0.85,968.6,-99.0,0.5,-9.9,-99,-999,新北市,06,坪林區,053
24.8944,121.7375,四堵,C0A540,2017-02-04T17:00:00+08:00,401.0,179.0,1.0,17.3,0.89,968.9,-99.0,0.5,-9.9,-99,-999,新北市,06,坪林區,053
24.8944,121.7375,四堵,C0A540,2017-02-04T18:00:00+08:00,401.0,0.0,0.0,16.8,0.92,968.9,-99.0,0.5,-9.9,-99,-999,新北市,06,坪林區,053
24.8944,121.7375,四堵,C0A540,2017-02-04T19:00:00+08:00,401.0,0.0,0.1,16.7,0.90,969.9,-99.0,0.5,-9.9,-99,-999,新北市,06,坪林區,053
24.8944,121.7375,四堵,C0A540,2017-02-04T20:00:00+08:00,401.0,0.0,0.0,16.3,0.93,970.3,-99.0,0.5,-9.9,-99,-999,新北市,06,坪林區,053
24.8944,121.7375,四堵,C0A540,2017-02-04T21:00:00+08:00,401.0,0.0,0.0,16.0,0.96,970.4,-99.0,0.5,-9.9,-99,-999,新北市,06,坪林區,053
24.8944,121.7375,四堵,C0A540,2017-02-04T22:00:00+08:00,401.0,0.0,0.0,16.3,0.92,970.1,-99.0,0.5,-9.9,-99,-999,新北市,06,坪林區,053
24.8944,121.7375,四堵,C0A540,2017-02-04T23:00:00+08:00,401.0,0.0,0.0,16.1,0.94,970.0,-99.0,0.5,-9.9,-99,-999,新北市,06,坪林區,053
24.8944,121.7375,四堵,C0A540,2017-02-05T00:00:00+08:00,401.0,0.0,0.0,15.3,0.98,969.7,-99.0,0.5,-9.9,-99,-999,新北市,06,坪林區,053
24.8944,121.7375,四堵,C0A540,2017-02-05T01:00:00+08:00,401.0,0.0,0.0,14.5,0.99,969.5,-99.0,0.0,-9.9,-99,-999,新北市,06,坪林區,053
24.8944,121.7375,四堵,C0A540,2017-02-05T02:00:00+08:00,401.0,0.0,0.0,14.0,0.99,969.1,-99.0,0.0,-9.9,-99,-999,新北市,06,坪林區,053
24.8944,121.7375,四堵,C0A540,2017-02-05T03:00:00+08:00,401.0,0.0,0.0,13.6,0.99,968.6,-99.0,0.0,-9.9,-99,-999,新北市,06,坪林區,053
24.8944,121.7375,四堵,C0A540,2017-02-05T04:00:00+08:00,401.0,0.0,0.0,13.3,1.00,968.5,-99.0,0.0,-9.9,-99,-999,新北市,06,坪林區,053
24.8944,121.7375,四堵,C0A540,2017-02-05T05:00:00+08:00,401.0,0.0,0.0,13.6,1.00,968.9,-99.0,0.0,-9.9,-99,-999,新北市,06,坪林區,053
24.8944,121.7375,四堵,C0A540,2017-02-05T06:00:00+08:00,401.0,0.0,0.0,13.8,1.00,969.6,-99.0,0.0,-9.9,-99,-999,新北市,06,坪林區,053
24.8944,121.7375,四堵,C0A540,2017-02-05T07:00:00+08:00,401.0,0.0,0.0,14.1,1.00,969.9,-99.0,0.0,-9.9,-99,-999,新北市,06,坪林區,053
24.8944,121.7375,四堵,C0A540,2017-02-05T08:00:00+08:00,401.0,0.0,0.0,14.5,1.00,970.3,-99.0,0.0,-9.9,-99,-999,新北市,06,坪林區,053
24.8944,121.7375,四堵,C0A540,2017-02-05T10:00:00+08:00,401.0,0.0,0.1,15.0,0.98,971.3,-99.0,0.5,-9.9,-99,-999,新北市,06,坪林區,053
24.8944,121.7375,四堵,C0A540,2017-02-05T11:00:00+08:00,401.0,0.0,0.0,16.8,0.90,970.7,-99.0,0.5,-9.9,-99,-999,新北市,06,坪林區,053
24.8944,121.7375,四堵,C0A540,2017-02-05T12:00:00+08:00,401.0,0.0,0.0,19.4,0.80,969.7,-99.0,0.5,-9.9,-99,-999,新北市,06,坪林區,053
24.8944,121.7375,四堵,C0A540,2017-02-05T13:00:00+08:00,401.0,0.0,0.2,20.7,0.65,969.2,-99.0,0.5,-9.9,-99,-999,新北市,06,坪林區,053
24.8944,121.7375,四堵,C0A540,2017-02-05T14:00:00+08:00,401.0,5.0,1.1,20.3,0.64,968.9,-99.0,0.5,-9.9,-99,-999,新北市,06,坪林區,053
24.8944,121.7375,四堵,C0A540,2017-02-05T15:00:00+08:00,401.0,0.0,0.2,19.5,0.74,968.6,-99.0,0.5,-9.9,-99,-999,新北市,06,坪林區,053
24.8944,121.7375,四堵,C0A540,2017-02-05T16:00:00+08:00,401.0,0.0,0.0,19.1,0.80,969.2,-99.0,0.5,-9.9,-99,-999,新北市,06,坪林區,053
24.8944,121.7375,四堵,C0A540,2017-02-05T17:00:00+08:00,401.0,22.0,0.5,18.2,0.86,969.5,-99.0,0.5,-9.9,-99,-999,新北市,06,坪林區,053
24.8944,121.7375,四堵,C0A540,2017-02-05T18:00:00+08:00,401.0,358.0,0.9,16.2,0.97,970.2,-99.0,3.5,-9.9,-99,-999,新北市,06,坪林區,053
24.8944,121.7375,四堵,C0A540,2017-02-05T19:00:00+08:00,401.0,33.0,1.2,15.3,0.96,970.8,-99.0,4.5,-9.9,-99,-999,新北市,06,坪林區,053
24.8944,121.7375,四堵,C0A540,2017-02-05T20:00:00+08:00,401.0,19.0,2.0,15.0,0.94,971.7,-99.0,5.0,-9.9,-99,-999,新北市,06,坪林區,053
24.8944,121.7375,四堵,C0A540,2017-02-05T21:00:00+08:00,401.0,20.0,0.4,14.5,0.96,971.9,-99.0,5.0,-9.9,-99,-999,新北市,06,坪林區,053
24.8944,121.7375,四堵,C0A540,2017-02-05T22:00:00+08:00,401.0,44.0,1.7,14.6,0.94,972.1,-99.0,5.0,-9.9,-99,-999,新北市,06,坪林區,053
24.8944,121.7375,四堵,C0A540,2017-02-05T23:00:00+08:00,401.0,31.0,1.6,14.4,0.93,972.3,-99.0,5.0,-9.9,-99,-999,新北市,06,坪林區,053
24.8944,121.7375,四堵,C0A540,2017-02-06T00:00:00+08:00,401.0,0.0,0.1,14.3,0.92,972.5,-99.0,5.0,-9.9,-99,-999,新北市,06,坪林區,053
24.8944,121.7375,四堵,C0A540,2017-02-06T01:00:00+08:00,401.0,61.0,0.4,14.3,0.91,972.4,-99.0,0.0,-9.9,-99,-999,新北市,06,坪林區,053
24.8944,121.7375,四堵,C0A540,2017-02-06T02:00:00+08:00,401.0,71.0,0.6,-97.0,-0.97,971.9,-99.0,0.0,-9.9,-99,-999,新北市,06,坪林區,053
24.8944,121.7375,四堵,C0A540,2017-02-06T03:00:00+08:00,401.0,128.0,0.6,-97.0,-0.97,971.6,-99.0,0.0,-9.9,-99,-999,新北市,06,坪林區,053
24.8944,121.7375,四堵,C0A540,2017-02-06T04:00:00+08:00,401.0,0.0,0.1,-97.0,-0.97,971.2,-99.0,0.0,-9.9,-99,-999,新北市,06,坪林區,053
24.8944,121.7375,四堵,C0A540,2017-02-06T05:00:00+08:00,401.0,104.0,0.4,-97.0,-0.97,971.9,-99.0,0.0,-9.9,-99,-999,新北市,06,坪林區,053
24.8944,121.7375,四堵,C0A540,2017-02-06T06:00:00+08:00,401.0,138.0,1.3,-97.0,-0.97,972.7,-99.0,0.0,-9.9,-99,-999,新北市,06,坪林區,053
24.8944,121.7375,四堵,C0A540,2017-02-06T07:00:00+08:00,401.0,28.0,0.4,-97.0,-0.97,973.4,-99.0,0.0,-9.9,-99,-999,新北市,06,坪林區,053
24.8944,121.7375,四堵,C0A540,2017-02-06T08:00:00+08:00,401.0,76.0,1.2,-97.0,-0.97,974.3,-99.0,0.0,-9.9,-99,-999,新北市,06,坪林區,053
24.8944,121.7375,四堵,C0A540,2017-02-06T10:00:00+08:00,401.0,0.0,0.2,14.3,0.79,975.3,-99.0,0.0,-9.9,-99,-999,新北市,06,坪林區,053
24.8944,121.7375,四堵,C0A540,2017-02-06T11:00:00+08:00,401.0,59.0,0.3,14.5,0.78,975.3,-99.0,0.0,-9.9,-99,-999,新北市,06,坪林區,053
24.8944,121.7375,四堵,C0A540,2017-02-06T12:00:00+08:00,401.0,60.0,0.8,14.4,0.76,974.6,-99.0,0.0,-9.9,-99,-999,新北市,06,坪林區,053
24.8944,121.7375,四堵,C0A540,2017-02-06T13:00:00+08:00,401.0,36.0,0.4,15.0,0.75,973.9,-99.0,0.0,-9.9,-99,-999,新北市,06,坪林區,053
24.8944,121.7375,四堵,C0A540,2017-02-06T14:00:00+08:00,401.0,67.0,0.3,15.6,0.70,973.5,-99.0,0.0,-9.9,-99,-999,新北市,06,坪林區,053
24.8944,121.7375,四堵,C0A540,2017-02-06T15:00:00+08:00,401.0,84.0,0.4,14.2,0.76,973.3,-99.0,0.0,-9.9,-99,-999,新北市,06,坪林區,053
24.8944,121.7375,四堵,C0A540,2017-02-06T16:00:00+08:00,401.0,0.0,0.1,14.0,0.79,973.7,-99.0,0.0,-9.9,-99,-999,新北市,06,坪林區,053
24.8944,121.7375,四堵,C0A540,2017-02-06T17:00:00+08:00,401.0,81.0,0.9,13.6,0.80,974.1,-99.0,0.0,-9.9,-99,-999,新北市,06,坪林區,053
24.8944,121.7375,四堵,C0A540,2017-02-06T18:00:00+08:00,401.0,85.0,0.4,13.1,0.80,974.6,-99.0,0.0,-9.9,-99,-999,新北市,06,坪林區,053
24.8944,121.7375,四堵,C0A540,2017-02-06T19:00:00+08:00,401.0,78.0,0.8,13.0,0.79,975.2,-99.0,0.0,-9.9,-99,-999,新北市,06,坪林區,053
24.8944,121.7375,四堵,C0A540,2017-02-06T20:00:00+08:00,401.0,0.0,0.2,12.7,0.81,975.6,-99.0,0.0,-9.9,-99,-999,新北市,06,坪林區,053
24.8944,121.7375,四堵,C0A540,2017-02-06T21:00:00+08:00,401.0,96.0,1.2,12.7,0.79,975.9,-99.0,0.0,-9.9,-99,-999,新北市,06,坪林區,053
24.8944,121.7375,四堵,C0A540,2017-02-06T22:00:00+08:00,401.0,92.0,0.6,13.0,0.74,975.4,-99.0,0.0,-9.9,-99,-999,新北市,06,坪林區,053
24.8944,121.7375,四堵,C0A540,2017-02-06T23:00:00+08:00,401.0,84.0,0.6,13.1,0.74,975.2,-99.0,0.0,-9.9,-99,-999,新北市,06,坪林區,053
24.8944,121.7375,四堵,C0A540,2017-02-07T00:00:00+08:00,401.0,66.0,1.0,13.2,0.73,975.2,-99.0,0.0,-9.9,-99,-999,新北市,06,坪林區,053
24.8944,121.7375,四堵,C0A540,2017-02-07T01:00:00+08:00,401.0,66.0,0.4,12.8,0.80,975.1,-99.0,0.0,-9.9,-99,-999,新北市,06,坪林區,053
24.8944,121.7375,四堵,C0A540,2017-02-07T02:00:00+08:00,401.0,77.0,0.5,12.7,0.83,975.0,-99.0,0.0,-9.9,-99,-999,新北市,06,坪林區,053
24.8944,121.7375,四堵,C0A540,2017-02-07T03:00:00+08:00,401.0,70.0,0.9,12.8,0.78,974.6,-99.0,0.0,-9.9,-99,-999,新北市,06,坪林區,053
24.8944,121.7375,四堵,C0A540,2017-02-07T04:00:00+08:00,401.0,98.0,1.7,13.0,0.76,974.5,-99.0,0.0,-9.9,-99,-999,新北市,06,坪林區,053
24.8944,121.7375,四堵,C0A540,2017-02-07T05:00:00+08:00,401.0,71.0,1.4,12.9,0.77,974.6,-99.0,0.0,-9.9,-99,-999,新北市,06,坪林區,053
24.8944,121.7375,四堵,C0A540,2017-02-07T06:00:00+08:00,401.0,85.0,1.5,13.0,0.76,975.0,-99.0,0.0,-9.9,-99,-999,新北市,06,坪林區,053
24.8944,121.7375,四堵,C0A540,2017-02-07T07:00:00+08:00,401.0,83.0,1.2,13.1,0.77,975.0,-99.0,0.0,-9.9,-99,-999,新北市,06,坪林區,053
24.8944,121.7375,四堵,C0A540,2017-02-07T08:00:00+08:00,401.0,77.0,1.0,13.4,0.76,975.0,-99.0,0.0,-9.9,-99,-999,新北市,06,坪林區,053
24.8944,121.7375,四堵,C0A540,2017-02-07T10:00:00+08:00,401.0,89.0,0.3,14.2,0.76,975.6,-99.0,0.0,-9.9,-99,-999,新北市,06,坪林區,053
24.8944,121.7375,四堵,C0A540,2017-02-07T11:00:00+08:00,401.0,45.0,0.6,15.2,0.72,974.9,-99.0,0.0,-9.9,-99,-999,新北市,06,坪林區,053
24.8944,121.7375,四堵,C0A540,2017-02-07T12:00:00+08:00,401.0,26.0,1.4,14.9,0.74,974.3,-99.0,0.0,-9.9,-99,-999,新北市,06,坪林區,053
24.8944,121.7375,四堵,C0A540,2017-02-07T13:00:00+08:00,401.0,72.0,0.3,15.1,0.74,973.4,-99.0,0.0,-9.9,-99,-999,新北市,06,坪林區,053
24.8944,121.7375,四堵,C0A540,2017-02-07T14:00:00+08:00,401.0,66.0,1.3,14.7,0.76,972.9,-99.0,0.0,-9.9,-99,-999,新北市,06,坪林區,053
24.8944,121.7375,四堵,C0A540,2017-02-07T15:00:00+08:00,401.0,45.0,0.5,15.4,0.75,972.4,-99.0,0.0,-9.9,-99,-999,新北市,06,坪林區,053
24.8944,121.7375,四堵,C0A540,2017-02-07T16:00:00+08:00,401.0,77.0,1.9,14.7,0.79,972.5,-99.0,0.0,-9.9,-99,-999,新北市,06,坪林區,053
24.8944,121.7375,四堵,C0A540,2017-02-07T17:00:00+08:00,401.0,78.0,0.9,13.9,0.82,972.9,-99.0,0.0,-9.9,-99,-999,新北市,06,坪林區,053
24.8944,121.7375,四堵,C0A540,2017-02-07T18:00:00+08:00,401.0,84.0,0.7,13.7,0.83,972.8,-99.0,0.0,-9.9,-99,-999,新北市,06,坪林區,053
24.8944,121.7375,四堵,C0A540,2017-02-07T19:00:00+08:00,401.0,87.0,1.6,13.8,0.84,973.1,-99.0,0.0,-9.9,-99,-999,新北市,06,坪林區,053
24.8944,121.7375,四堵,C0A540,2017-02-07T20:00:00+08:00,401.0,152.0,1.5,14.0,0.87,973.2,-99.0,0.0,-9.9,-99,-999,新北市,06,坪林區,053
24.8944,121.7375,四堵,C0A540,2017-02-07T21:00:00+08:00,401.0,130.0,0.6,14.0,0.89,973.0,-99.0,0.0,-9.9,-99,-999,新北市,06,坪林區,053
24.8944,121.7375,四堵,C0A540,2017-02-07T22:00:00+08:00,401.0,111.0,0.9,14.0,0.89,972.5,-99.0,0.0,-9.9,-99,-999,新北市,06,坪林區,053
24.8944,121.7375,四堵,C0A540,2017-02-07T23:00:00+08:00,401.0,103.0,0.8,14.3,0.87,971.9,-99.0,0.0,-9.9,-99,-999,新北市,06,坪林區,053
24.8944,121.7375,四堵,C0A540,2017-02-08T00:00:00+08:00,401.0,103.0,1.8,14.3,0.88,971.7,-99.0,0.0,-9.9,-99,-999,新北市,06,坪林區,053
24.8944,121.7375,四堵,C0A540,2017-02-08T01:00:00+08:00,401.0,140.0,0.7,14.7,0.87,971.7,-99.0,0.0,-9.9,-99,-999,新北市,06,坪林區,053
24.8944,121.7375,四堵,C0A540,2017-02-08T02:00:00+08:00,401.0,78.0,1.5,14.9,0.87,970.9,-99.0,0.0,-9.9,-99,-999,新北市,06,坪林區,053
24.8944,121.7375,四堵,C0A540,2017-02-08T03:00:00+08:00,401.0,105.0,1.3,15.1,0.89,970.2,-99.0,0.0,-9.9,-99,-999,新北市,06,坪林區,053
24.8944,121.7375,四堵,C0A540,2017-02-08T04:00:00+08:00,401.0,130.0,1.2,15.3,0.87,969.9,-99.0,0.0,-9.9,-99,-999,新北市,06,坪林區,053
24.8944,121.7375,四堵,C0A540,2017-02-08T05:00:00+08:00,401.0,140.0,1.4,14.8,0.90,970.3,-99.0,0.0,-9.9,-99,-999,新北市,06,坪林區,053
24.8944,121.7375,四堵,C0A540,2017-02-08T06:00:00+08:00,401.0,0.0,0.0,13.9,0.93,970.7,-99.0,0.0,-9.9,-99,-999,新北市,06,坪林區,053
24.8944,121.7375,四堵,C0A540,2017-02-08T07:00:00+08:00,401.0,0.0,0.0,13.3,0.96,971.0,-99.0,0.0,-9.9,-99,-999,新北市,06,坪林區,053
24.8944,121.7375,四堵,C0A540,2017-02-08T08:00:00+08:00,401.0,0.0,0.0,14.9,0.91,971.0,-99.0,0.0,-9.9,-99,-999,新北市,06,坪林區,053
24.8944,121.7375,四堵,C0A540,2017-02-08T10:00:00+08:00,401.0,0.0,0.0,17.4,0.79,971.1,-99.0,0.0,-9.9,-99,-999,新北市,06,坪林區,053
24.8944,121.7375,四堵,C0A540,2017-02-08T11:00:00+08:00,401.0,0.0,0.0,17.9,0.76,971.2,-99.0,0.0,-9.9,-99,-999,新北市,06,坪林區,053
24.8944,121.7375,四堵,C0A540,2017-02-08T12:00:00+08:00,401.0,0.0,0.0,18.5,0.74,970.6,-99.0,0.0,-9.9,-99,-999,新北市,06,坪林區,053
24.8944,121.7375,四堵,C0A540,2017-02-08T13:00:00+08:00,401.0,0.0,0.0,18.0,0.79,970.2,-99.0,0.0,-9.9,-99,-999,新北市,06,坪林區,053
24.8944,121.7375,四堵,C0A540,2017-02-08T14:00:00+08:00,401.0,0.0,0.0,18.6,0.76,969.5,-99.0,0.0,-9.9,-99,-999,新北市,06,坪林區,053
24.8944,121.7375,四堵,C0A540,2017-02-08T15:00:00+08:00,401.0,274.0,0.5,17.1,0.83,969.4,-99.0,0.0,-9.9,-99,-999,新北市,06,坪林區,053
24.8944,121.7375,四堵,C0A540,2017-02-08T16:00:00+08:00,401.0,280.0,0.4,15.6,0.88,969.7,-99.0,0.0,-9.9,-99,-999,新北市,06,坪林區,053
24.8944,121.7375,四堵,C0A540,2017-02-08T17:00:00+08:00,401.0,0.0,0.0,14.8,0.93,969.9,-99.0,0.0,-9.9,-99,-999,新北市,06,坪林區,053
24.8944,121.7375,四堵,C0A540,2017-02-08T18:00:00+08:00,401.0,0.0,0.1,14.2,0.95,969.9,-99.0,0.0,-9.9,-99,-999,新北市,06,坪林區,053
24.8944,121.7375,四堵,C0A540,2017-02-08T19:00:00+08:00,401.0,256.0,0.9,13.9,0.95,970.3,-99.0,0.0,-9.9,-99,-999,新北市,06,坪林區,053
24.8944,121.7375,四堵,C0A540,2017-02-08T20:00:00+08:00,401.0,282.0,0.9,13.6,0.96,971.0,-99.0,0.0,-9.9,-99,-999,新北市,06,坪林區,053
24.8944,121.7375,四堵,C0A540,2017-02-08T21:00:00+08:00,401.0,268.0,0.6,13.6,0.94,971.5,-99.0,0.0,-9.9,-99,-999,新北市,06,坪林區,053
24.8944,121.7375,四堵,C0A540,2017-02-08T22:00:00+08:00,401.0,265.0,0.3,13.4,0.96,972.0,-99.0,0.0,-9.9,-99,-999,新北市,06,坪林區,053
24.8944,121.7375,四堵,C0A540,2017-02-08T23:00:00+08:00,401.0,351.0,1.0,13.3,0.97,972.2,-99.0,0.0,-9.9,-99,-999,新北市,06,坪林區,053
24.8944,121.7375,四堵,C0A540,2017-02-09T00:00:00+08:00,401.0,6.0,2.5,12.9,0.90,972.4,-99.0,0.0,-9.9,-99,-999,新北市,06,坪林區,053
24.8944,121.7375,四堵,C0A540,2017-02-09T01:00:00+08:00,401.0,1.0,2.1,11.7,0.92,973.1,-99.0,0.5,-9.9,-99,-999,新北市,06,坪林區,053
24.8944,121.7375,四堵,C0A540,2017-02-09T02:00:00+08:00,401.0,7.0,1.4,10.9,0.92,973.2,-99.0,0.5,-9.9,-99,-999,新北市,06,坪林區,053
24.8944,121.7375,四堵,C0A540,2017-02-09T03:00:00+08:00,401.0,8.0,0.7,10.0,0.95,973.1,-99.0,0.5,-9.9,-99,-999,新北市,06,坪林區,053
24.8944,121.7375,四堵,C0A540,2017-02-09T04:00:00+08:00,401.0,360.0,1.8,9.4,0.94,973.1,-99.0,0.5,-9.9,-99,-999,新北市,06,坪林區,053
24.8944,121.7375,四堵,C0A540,2017-02-09T05:00:00+08:00,401.0,359.0,0.5,8.5,0.95,973.9,-99.0,1.0,-9.9,-99,-999,新北市,06,坪林區,053
24.8944,121.7375,四堵,C0A540,2017-02-09T06:00:00+08:00,401.0,7.0,1.3,8.0,0.94,974.6,-99.0,1.0,-9.9,-99,-999,新北市,06,坪林區,053
24.8944,121.7375,四堵,C0A540,2017-02-09T07:00:00+08:00,401.0,359.0,1.3,7.6,0.97,974.7,-99.0,1.0,-9.9,-99,-999,新北市,06,坪林區,053
24.8944,121.7375,四堵,C0A540,2017-02-09T08:00:00+08:00,401.0,354.0,0.7,7.8,0.98,974.9,-99.0,1.5,-9.9,-99,-999,新北市,06,坪林區,053
24.8944,121.7375,四堵,C0A540,2017-02-09T10:00:00+08:00,401.0,352.0,0.4,7.2,0.98,976.0,-99.0,1.5,-9.9,-99,-999,新北市,06,坪林區,053
24.8944,121.7375,四堵,C0A540,2017-02-09T11:00:00+08:00,401.0,336.0,0.4,7.2,0.98,975.8,-99.0,2.0,-9.9,-99,-999,新北市,06,坪林區,053
24.8944,121.7375,四堵,C0A540,2017-02-09T12:00:00+08:00,401.0,1.0,0.7,7.1,0.95,975.0,-99.0,2.0,-9.9,-99,-999,新北市,06,坪林區,053
24.8944,121.7375,四堵,C0A540,2017-02-09T13:00:00+08:00,401.0,345.0,0.9,6.9,0.94,974.0,-99.0,2.0,-9.9,-99,-999,新北市,06,坪林區,053
24.8944,121.7375,四堵,C0A540,2017-02-09T14:00:00+08:00,401.0,309.0,0.3,7.0,0.95,973.5,-99.0,2.0,-9.9,-99,-999,新北市,06,坪林區,053
24.8944,121.7375,四堵,C0A540,2017-02-09T15:00:00+08:00,401.0,293.0,0.7,7.0,0.91,974.0,-99.0,2.0,-9.9,-99,-999,新北市,06,坪林區,053
24.8944,121.7375,四堵,C0A540,2017-02-09T16:00:00+08:00,401.0,315.0,1.0,7.1,0.87,974.3,-99.0,2.0,-9.9,-99,-999,新北市,06,坪林區,053
24.8944,121.7375,四堵,C0A540,2017-02-09T17:00:00+08:00,401.0,281.0,0.4,7.0,0.87,974.6,-99.0,2.0,-9.9,-99,-999,新北市,06,坪林區,053
24.8944,121.7375,四堵,C0A540,2017-02-09T18:00:00+08:00,401.0,8.0,0.5,6.9,0.84,975.2,-99.0,2.0,-9.9,-99,-999,新北市,06,坪林區,053
24.8944,121.7375,四堵,C0A540,2017-02-09T19:00:00+08:00,401.0,0.0,0.2,6.7,0.87,975.7,-99.0,2.0,-9.9,-99,-999,新北市,06,坪林區,053
24.8944,121.7375,四堵,C0A540,2017-02-09T20:00:00+08:00,401.0,0.0,0.2,6.5,0.84,976.0,-99.0,2.0,-9.9,-99,-999,新北市,06,坪林區,053
24.8944,121.7375,四堵,C0A540,2017-02-09T21:00:00+08:00,401.0,0.0,0.0,6.5,0.86,976.4,-99.0,2.0,-9.9,-99,-999,新北市,06,坪林區,053
24.8944,121.7375,四堵,C0A540,2017-02-09T22:00:00+08:00,401.0,0.0,0.0,6.5,0.87,976.9,-99.0,2.0,-9.9,-99,-999,新北市,06,坪林區,053
24.8944,121.7375,四堵,C0A540,2017-02-09T23:00:00+08:00,401.0,0.0,0.0,6.2,0.87,977.1,-99.0,2.0,-9.9,-99,-999,新北市,06,坪林區,053
24.8944,121.7375,四堵,C0A540,2017-02-10T00:00:00+08:00,401.0,0.0,0.0,6.4,0.87,976.9,-99.0,2.0,-9.9,-99,-999,新北市,06,坪林區,053
24.8944,121.7375,四堵,C0A540,2017-02-10T01:00:00+08:00,401.0,0.0,0.0,6.5,0.85,976.8,-99.0,0.0,-9.9,-99,-999,新北市,06,坪林區,053
24.8944,121.7375,四堵,C0A540,2017-02-10T02:00:00+08:00,401.0,0.0,0.0,6.7,0.86,976.9,-99.0,0.0,-9.9,-99,-999,新北市,06,坪林區,053
24.8944,121.7375,四堵,C0A540,2017-02-10T03:00:00+08:00,401.0,0.0,0.1,6.7,0.89,976.6,-99.0,0.0,-9.9,-99,-999,新北市,06,坪林區,053
24.8944,121.7375,四堵,C0A540,2017-02-10T04:00:00+08:00,401.0,0.0,0.0,6.7,0.81,976.0,-99.0,0.0,-9.9,-99,-999,新北市,06,坪林區,053
24.8944,121.7375,四堵,C0A540,2017-02-10T05:00:00+08:00,401.0,0.0,0.0,6.3,0.89,975.8,-99.0,0.0,-9.9,-99,-999,新北市,06,坪林區,053
24.8944,121.7375,四堵,C0A540,2017-02-10T06:00:00+08:00,401.0,0.0,0.0,6.5,0.90,976.9,-99.0,0.0,-9.9,-99,-999,新北市,06,坪林區,053
24.8944,121.7375,四堵,C0A540,2017-02-10T07:00:00+08:00,401.0,0.0,0.1,6.7,0.83,977.9,-99.0,0.0,-9.9,-99,-999,新北市,06,坪林區,053
24.8944,121.7375,四堵,C0A540,2017-02-10T08:00:00+08:00,401.0,0.0,0.0,6.8,0.79,978.5,-99.0,0.0,-9.9,-99,-999,新北市,06,坪林區,053
24.8944,121.7375,四堵,C0A540,2017-02-10T09:00:00+08:00,401.0,0.0,0.1,7.1,0.79,978.8,-99.0,0.0,-9.9,-99,-999,新北市,06,坪林區,053
24.8944,121.7375,四堵,C0A540,2017-02-10T10:00:00+08:00,401.0,0.0,0.0,7.7,0.76,979.1,-99.0,0.0,-9.9,-99,-999,新北市,06,坪林區,053
24.8944,121.7375,四堵,C0A540,2017-02-10T11:00:00+08:00,401.0,0.0,0.2,8.1,0.73,978.9,-99.0,0.0,-9.9,-99,-999,新北市,06,坪林區,053
24.8944,121.7375,四堵,C0A540,2017-02-10T12:00:00+08:00,401.0,17.0,0.3,-97.0,-0.97,978.3,-99.0,0.0,-9.9,-99,-999,新北市,06,坪林區,053
24.8944,121.7375,四堵,C0A540,2017-02-10T13:00:00+08:00,401.0,357.0,0.5,7.8,0.72,977.6,-99.0,0.0,-9.9,-99,-999,新北市,06,坪林區,053
24.8944,121.7375,四堵,C0A540,2017-02-10T14:00:00+08:00,401.0,0.0,0.0,8.1,0.76,976.9,-99.0,0.0,-9.9,-99,-999,新北市,06,坪林區,053
24.8944,121.7375,四堵,C0A540,2017-02-10T15:00:00+08:00,401.0,3.0,1.0,8.3,0.73,976.9,-99.0,0.0,-9.9,-99,-999,新北市,06,坪林區,053
24.8944,121.7375,四堵,C0A540,2017-02-10T16:00:00+08:00,401.0,0.0,0.0,8.2,0.77,977.3,-99.0,0.0,-9.9,-99,-999,新北市,06,坪林區,053
24.8944,121.7375,四堵,C0A540,2017-02-10T17:00:00+08:00,401.0,0.0,0.1,7.8,0.76,977.9,-99.0,0.0,-9.9,-99,-999,新北市,06,坪林區,053
24.8944,121.7375,四堵,C0A540,2017-02-10T18:00:00+08:00,401.0,0.0,0.2,7.4,0.78,978.5,-99.0,0.0,-9.9,-99,-999,新北市,06,坪林區,053
24.8944,121.7375,四堵,C0A540,2017-02-10T19:00:00+08:00,401.0,0.0,0.0,7.4,0.80,978.9,-99.0,0.0,-9.9,-99,-999,新北市,06,坪林區,053
24.8944,121.7375,四堵,C0A540,2017-02-10T20:00:00+08:00,401.0,0.0,0.0,6.9,0.89,979.3,-99.0,0.0,-9.9,-99,-999,新北市,06,坪林區,053
24.8944,121.7375,四堵,C0A540,2017-02-10T21:00:00+08:00,401.0,0.0,0.0,7.0,0.86,979.8,-99.0,0.0,-9.9,-99,-999,新北市,06,坪林區,053
24.8944,121.7375,四堵,C0A540,2017-02-10T22:00:00+08:00,401.0,170.0,0.3,6.7,0.90,980.2,-99.0,0.0,-9.9,-99,-999,新北市,06,坪林區,053
24.8944,121.7375,四堵,C0A540,2017-02-10T23:00:00+08:00,401.0,0.0,0.0,6.6,0.94,980.3,-99.0,0.0,-9.9,-99,-999,新北市,06,坪林區,053
24.8944,121.7375,四堵,C0A540,2017-02-11T00:00:00+08:00,401.0,0.0,0.0,6.5,0.95,980.3,-99.0,0.0,-9.9,-99,-999,新北市,06,坪林區,053
24.8944,121.7375,四堵,C0A540,2017-02-11T01:00:00+08:00,401.0,0.0,0.0,6.3,0.95,980.3,-99.0,0.0,-9.9,-99,-999,新北市,06,坪林區,053
24.8944,121.7375,四堵,C0A540,2017-02-11T02:00:00+08:00,401.0,0.0,0.0,6.4,0.96,980.1,-99.0,0.0,-9.9,-99,-999,新北市,06,坪林區,053
24.8944,121.7375,四堵,C0A540,2017-02-11T03:00:00+08:00,401.0,0.0,0.0,6.3,0.96,979.9,-99.0,0.0,-9.9,-99,-999,新北市,06,坪林區,053
24.8944,121.7375,四堵,C0A540,2017-02-11T04:00:00+08:00,401.0,0.0,0.0,6.4,0.96,980.0,-99.0,0.0,-9.9,-99,-999,新北市,06,坪林區,053
24.8944,121.7375,四堵,C0A540,2017-02-11T05:00:00+08:00,401.0,0.0,0.0,6.4,0.96,980.3,-99.0,0.0,-9.9,-99,-999,新北市,06,坪林區,053
24.8944,121.7375,四堵,C0A540,2017-02-11T06:00:00+08:00,401.0,0.0,0.0,6.5,0.96,981.0,-99.0,0.0,-9.9,-99,-999,新北市,06,坪林區,053
24.8944,121.7375,四堵,C0A540,2017-02-11T07:00:00+08:00,401.0,0.0,0.0,6.5,0.97,981.8,-99.0,0.0,-9.9,-99,-999,新北市,06,坪林區,053
24.8944,121.7375,四堵,C0A540,2017-02-11T08:00:00+08:00,401.0,0.0,0.0,7.0,0.96,982.1,-99.0,0.0,-9.9,-99,-999,新北市,06,坪林區,053
24.8944,121.7375,四堵,C0A540,2017-02-11T09:00:00+08:00,401.0,35.0,0.9,7.9,0.70,982.7,-99.0,0.0,-9.9,-99,-999,新北市,06,坪林區,053
24.8944,121.7375,四堵,C0A540,2017-02-11T10:00:00+08:00,401.0,17.0,0.8,8.4,0.67,982.8,-99.0,0.0,-9.9,-99,-999,新北市,06,坪林區,053
24.8944,121.7375,四堵,C0A540,2017-02-11T11:00:00+08:00,401.0,49.0,0.8,9.0,0.69,982.5,-99.0,0.0,-9.9,-99,-999,新北市,06,坪林區,053
24.8944,121.7375,四堵,C0A540,2017-02-11T12:00:00+08:00,401.0,26.0,0.8,9.2,0.67,982.0,-99.0,0.0,-9.9,-99,-999,新北市,06,坪林區,053
24.8944,121.7375,四堵,C0A540,2017-02-11T13:00:00+08:00,401.0,5.0,1.3,9.5,0.66,980.8,-99.0,0.0,-9.9,-99,-999,新北市,06,坪林區,053
24.8944,121.7375,四堵,C0A540,2017-02-11T14:00:00+08:00,401.0,36.0,1.1,9.0,0.71,980.2,-99.0,0.0,-9.9,-99,-999,新北市,06,坪林區,053
24.8944,121.7375,四堵,C0A540,2017-02-11T15:00:00+08:00,401.0,31.0,1.0,8.8,0.71,980.3,-99.0,0.0,-9.9,-99,-999,新北市,06,坪林區,053
24.8944,121.7375,四堵,C0A540,2017-02-11T16:00:00+08:00,401.0,0.0,0.2,8.7,0.72,980.5,-99.0,0.0,-9.9,-99,-999,新北市,06,坪林區,053
24.8944,121.7375,四堵,C0A540,2017-02-11T17:00:00+08:00,401.0,33.0,0.4,8.4,0.76,981.1,-99.0,0.0,-9.9,-99,-999,新北市,06,坪林區,053
24.8944,121.7375,四堵,C0A540,2017-02-11T18:00:00+08:00,401.0,0.0,0.0,8.2,0.75,981.5,-99.0,0.0,-9.9,-99,-999,新北市,06,坪林區,053
24.8944,121.7375,四堵,C0A540,2017-02-11T19:00:00+08:00,401.0,0.0,0.0,7.9,0.79,981.8,-99.0,0.0,-9.9,-99,-999,新北市,06,坪林區,053
24.8944,121.7375,四堵,C0A540,2017-02-11T20:00:00+08:00,401.0,0.0,0.0,7.8,0.74,982.2,-99.0,0.0,-9.9,-99,-999,新北市,06,坪林區,053
24.8944,121.7375,四堵,C0A540,2017-02-11T21:00:00+08:00,401.0,0.0,0.0,7.5,0.84,982.2,-99.0,0.0,-9.9,-99,-999,新北市,06,坪林區,053
24.8944,121.7375,四堵,C0A540,2017-02-11T22:00:00+08:00,401.0,0.0,0.0,7.3,0.86,982.3,-99.0,0.0,-9.9,-99,-999,新北市,06,坪林區,053
24.8944,121.7375,四堵,C0A540,2017-02-13T14:00:00+08:00,401.0,-97.0,-97.0,-97.0,-0.97,-997.0,-99.0,0.0,-9.9,-99,-999,新北市,06,坪林區,053
24.8944,121.7375,四堵,C0A540,2017-02-13T15:00:00+08:00,401.0,-97.0,-97.0,-97.0,-0.97,-997.0,-99.0,0.0,-9.9,-99,-999,新北市,06,坪林區,053
24.8944,121.7375,四堵,C0A540,2017-02-13T16:00:00+08:00,401.0,-97.0,-97.0,-97.0,-0.97,-997.0,-99.0,0.0,-9.9,-99,-999,新北市,06,坪林區,053
24.8944,121.7375,四堵,C0A540,2017-02-13T17:00:00+08:00,401.0,-97.0,-97.0,-97.0,-0.97,-997.0,-99.0,0.0,-9.9,-99,-999,新北市,06,坪林區,053
24.8944,121.7375,四堵,C0A540,2017-02-13T18:00:00+08:00,401.0,-97.0,-97.0,-97.0,-0.97,-997.0,-99.0,0.0,-9.9,-99,-999,新北市,06,坪林區,053
24.8944,121.7375,四堵,C0A540,2017-02-13T19:00:00+08:00,401.0,-97.0,-97.0,-97.0,-0.97,-997.0,-99.0,0.0,-9.9,-99,-999,新北市,06,坪林區,053
24.8944,121.7375,四堵,C0A540,2017-02-13T20:00:00+08:00,401.0,111.0,0.8,12.0,0.82,984.0,-99.0,0.0,-9.9,-99,-999,新北市,06,坪林區,053
24.8944,121.7375,四堵,C0A540,2017-02-13T21:00:00+08:00,401.0,62.0,0.5,12.0,0.82,984.4,-99.0,0.0,-9.9,-99,-999,新北市,06,坪林區,053
24.8944,121.7375,四堵,C0A540,2017-02-13T22:00:00+08:00,401.0,85.0,0.7,12.0,0.80,984.4,-99.0,0.0,-9.9,-99,-999,新北市,06,坪林區,053
24.8944,121.7375,四堵,C0A540,2017-02-13T23:00:00+08:00,401.0,86.0,1.0,12.0,0.79,984.7,-99.0,0.0,-9.9,-99,-999,新北市,06,坪林區,053
24.8944,121.7375,四堵,C0A540,2017-02-14T00:00:00+08:00,401.0,0.0,0.0,12.1,0.77,984.7,-99.0,0.0,-9.9,-99,-999,新北市,06,坪林區,053
24.8944,121.7375,四堵,C0A540,2017-02-14T01:00:00+08:00,401.0,103.0,0.5,12.2,0.75,984.6,-99.0,0.0,-9.9,-99,-999,新北市,06,坪林區,053
24.8944,121.7375,四堵,C0A540,2017-02-14T02:00:00+08:00,401.0,0.0,0.1,12.2,0.75,984.3,-99.0,0.0,-9.9,-99,-999,新北市,06,坪林區,053
24.8944,121.7375,四堵,C0A540,2017-02-14T03:00:00+08:00,401.0,86.0,0.6,12.3,0.73,983.9,-99.0,0.0,-9.9,-99,-999,新北市,06,坪林區,053
24.8944,121.7375,四堵,C0A540,2017-02-14T04:00:00+08:00,401.0,0.0,0.0,12.1,0.72,983.9,-99.0,0.0,-9.9,-99,-999,新北市,06,坪林區,053
24.8944,121.7375,四堵,C0A540,2017-02-14T05:00:00+08:00,401.0,0.0,0.0,12.0,0.70,984.2,-99.0,0.0,-9.9,-99,-999,新北市,06,坪林區,053
24.8944,121.7375,四堵,C0A540,2017-02-14T06:00:00+08:00,401.0,145.0,0.8,11.6,0.71,984.6,-99.0,0.0,-9.9,-99,-999,新北市,06,坪林區,053
24.8944,121.7375,四堵,C0A540,2017-02-14T07:00:00+08:00,401.0,0.0,0.1,11.5,0.68,985.2,-99.0,0.0,-9.9,-99,-999,新北市,06,坪林區,053
24.8944,121.7375,四堵,C0A540,2017-02-14T08:00:00+08:00,401.0,137.0,0.5,12.0,0.63,985.7,-99.0,0.0,-9.9,-99,-999,新北市,06,坪林區,053
24.8944,121.7375,四堵,C0A540,2017-02-14T09:00:00+08:00,401.0,92.0,1.1,13.8,0.60,986.1,-99.0,0.0,-9.9,-99,-999,新北市,06,坪林區,053
24.8944,121.7375,四堵,C0A540,2017-02-14T10:00:00+08:00,401.0,94.0,1.6,14.9,0.59,986.0,-99.0,0.0,-9.9,-99,-999,新北市,06,坪林區,053
24.8944,121.7375,四堵,C0A540,2017-02-14T11:00:00+08:00,401.0,0.0,0.1,17.4,0.54,985.5,-99.0,0.0,-9.9,-99,-999,新北市,06,坪林區,053
24.8944,121.7375,四堵,C0A540,2017-02-14T12:00:00+08:00,401.0,126.0,0.5,16.1,0.60,984.8,-99.0,0.0,-9.9,-99,-999,新北市,06,坪林區,053
24.8944,121.7375,四堵,C0A540,2017-02-14T13:00:00+08:00,401.0,354.0,0.4,16.6,0.58,984.2,-99.0,0.0,-9.9,-99,-999,新北市,06,坪林區,053
24.8944,121.7375,四堵,C0A540,2017-02-14T14:00:00+08:00,401.0,318.0,0.3,16.1,0.61,983.5,-99.0,0.0,-9.9,-99,-999,新北市,06,坪林區,053
24.8944,121.7375,四堵,C0A540,2017-02-14T15:00:00+08:00,401.0,141.0,0.9,14.5,0.66,983.5,-99.0,0.0,-9.9,-99,-999,新北市,06,坪林區,053
24.8944,121.7375,四堵,C0A540,2017-02-14T16:00:00+08:00,401.0,0.0,0.0,14.2,0.66,983.6,-99.0,0.0,-9.9,-99,-999,新北市,06,坪林區,053
24.8944,121.7375,四堵,C0A540,2017-02-14T17:00:00+08:00,401.0,62.0,1.2,13.5,0.71,983.7,-99.0,0.0,-9.9,-99,-999,新北市,06,坪林區,053
24.8944,121.7375,四堵,C0A540,2017-02-14T18:00:00+08:00,401.0,101.0,0.3,12.3,0.72,983.9,-99.0,0.0,-9.9,-99,-999,新北市,06,坪林區,053
24.8944,121.7375,四堵,C0A540,2017-02-14T19:00:00+08:00,401.0,0.0,0.1,11.3,0.79,984.2,-99.0,0.0,-9.9,-99,-999,新北市,06,坪林區,053
24.8944,121.7375,四堵,C0A540,2017-02-14T20:00:00+08:00,401.0,30.0,0.5,11.1,0.81,984.4,-99.0,0.0,-9.9,-99,-999,新北市,06,坪林區,053
24.8944,121.7375,四堵,C0A540,2017-02-14T21:00:00+08:00,401.0,51.0,0.3,12.1,0.71,984.6,-99.0,0.0,-9.9,-99,-999,新北市,06,坪林區,053
24.8944,121.7375,四堵,C0A540,2017-02-14T22:00:00+08:00,401.0,0.0,0.1,12.4,0.68,984.5,-99.0,0.0,-9.9,-99,-999,新北市,06,坪林區,053
24.8944,121.7375,四堵,C0A540,2017-02-14T23:00:00+08:00,401.0,90.0,0.9,12.6,0.68,984.3,-99.0,0.0,-9.9,-99,-999,新北市,06,坪林區,053
24.8944,121.7375,四堵,C0A540,2017-02-15T00:00:00+08:00,401.0,0.0,0.0,10.8,0.82,984.0,-99.0,0.0,-9.9,-99,-999,新北市,06,坪林區,053
24.8944,121.7375,四堵,C0A540,2017-02-15T01:00:00+08:00,401.0,0.0,0.0,9.4,0.93,983.6,-99.0,0.0,-9.9,-99,-999,新北市,06,坪林區,053
24.8944,121.7375,四堵,C0A540,2017-02-15T02:00:00+08:00,401.0,53.0,0.3,9.6,0.94,982.8,-99.0,0.0,-9.9,-99,-999,新北市,06,坪林區,053
24.8944,121.7375,四堵,C0A540,2017-02-15T03:00:00+08:00,401.0,0.0,0.0,12.0,0.84,982.1,-99.0,0.0,-9.9,-99,-999,新北市,06,坪林區,053
24.8944,121.7375,四堵,C0A540,2017-02-15T04:00:00+08:00,401.0,187.0,0.5,12.7,0.83,981.7,-99.0,0.0,-9.9,-99,-999,新北市,06,坪林區,053
24.8944,121.7375,四堵,C0A540,2017-02-15T05:00:00+08:00,401.0,116.0,1.2,13.2,0.81,981.6,-99.0,0.0,-9.9,-99,-999,新北市,06,坪林區,053
24.8944,121.7375,四堵,C0A540,2017-02-15T06:00:00+08:00,401.0,129.0,1.6,13.7,0.80,981.9,-99.0,0.0,-9.9,-99,-999,新北市,06,坪林區,053
24.8944,121.7375,四堵,C0A540,2017-02-15T07:00:00+08:00,401.0,119.0,1.2,13.8,0.80,982.0,-99.0,0.0,-9.9,-99,-999,新北市,06,坪林區,053
24.8944,121.7375,四堵,C0A540,2017-02-15T08:00:00+08:00,401.0,114.0,1.9,14.4,0.78,982.3,-99.0,0.0,-9.9,-99,-999,新北市,06,坪林區,053
24.8944,121.7375,四堵,C0A540,2017-02-15T10:00:00+08:00,401.0,144.0,1.3,18.1,0.62,982.1,-99.0,0.0,-9.9,-99,-999,新北市,06,坪林區,053
24.8944,121.7375,四堵,C0A540,2017-02-15T11:00:00+08:00,401.0,158.0,1.8,18.4,0.59,981.7,-99.0,0.0,-9.9,-99,-999,新北市,06,坪林區,053
24.8944,121.7375,四堵,C0A540,2017-02-15T12:00:00+08:00,401.0,159.0,1.0,19.3,0.50,981.2,-99.0,0.0,-9.9,-99,-999,新北市,06,坪林區,053
24.8944,121.7375,四堵,C0A540,2017-02-15T13:00:00+08:00,401.0,187.0,1.5,19.5,0.52,980.0,-99.0,0.0,-9.9,-99,-999,新北市,06,坪林區,053
24.8944,121.7375,四堵,C0A540,2017-02-15T14:00:00+08:00,401.0,191.0,1.0,19.2,0.59,979.3,-99.0,0.0,-9.9,-99,-999,新北市,06,坪林區,053
24.8944,121.7375,四堵,C0A540,2017-02-15T15:00:00+08:00,401.0,136.0,1.5,17.6,0.65,978.8,-99.0,0.0,-9.9,-99,-999,新北市,06,坪林區,053
24.8944,121.7375,四堵,C0A540,2017-02-15T16:00:00+08:00,401.0,131.0,0.8,17.0,0.67,978.7,-99.0,0.0,-9.9,-99,-999,新北市,06,坪林區,053
24.8944,121.7375,四堵,C0A540,2017-02-15T17:00:00+08:00,401.0,141.0,1.2,16.9,0.66,979.0,-99.0,0.0,-9.9,-99,-999,新北市,06,坪林區,053
24.8944,121.7375,四堵,C0A540,2017-02-15T18:00:00+08:00,401.0,0.0,0.2,16.5,0.68,979.0,-99.0,0.0,-9.9,-99,-999,新北市,06,坪林區,053
24.8944,121.7375,四堵,C0A540,2017-02-15T19:00:00+08:00,401.0,118.0,0.4,16.4,0.69,979.4,-99.0,0.0,-9.9,-99,-999,新北市,06,坪林區,053
24.8944,121.7375,四堵,C0A540,2017-02-15T20:00:00+08:00,401.0,0.0,0.0,15.7,0.71,979.7,-99.0,0.0,-9.9,-99,-999,新北市,06,坪林區,053
24.8944,121.7375,四堵,C0A540,2017-02-15T21:00:00+08:00,401.0,0.0,0.2,15.4,0.72,979.3,-99.0,0.0,-9.9,-99,-999,新北市,06,坪林區,053
24.8944,121.7375,四堵,C0A540,2017-02-15T22:00:00+08:00,401.0,123.0,1.9,15.9,0.69,978.9,-99.0,0.0,-9.9,-99,-999,新北市,06,坪林區,053
24.8944,121.7375,四堵,C0A540,2017-02-15T23:00:00+08:00,401.0,232.0,0.4,15.6,0.70,978.5,-99.0,0.0,-9.9,-99,-999,新北市,06,坪林區,053
24.8944,121.7375,四堵,C0A540,2017-02-16T00:00:00+08:00,401.0,126.0,1.5,15.7,0.70,977.9,-99.0,0.0,-9.9,-99,-999,新北市,06,坪林區,053
24.8944,121.7375,四堵,C0A540,2017-02-16T01:00:00+08:00,401.0,116.0,1.4,15.4,0.69,977.4,-99.0,0.0,-9.9,-99,-999,新北市,06,坪林區,053
24.8944,121.7375,四堵,C0A540,2017-02-16T02:00:00+08:00,401.0,123.0,0.6,14.6,0.72,977.2,-99.0,0.0,-9.9,-99,-999,新北市,06,坪林區,053
24.8944,121.7375,四堵,C0A540,2017-02-16T03:00:00+08:00,401.0,0.0,0.0,12.6,0.84,976.9,-99.0,0.0,-9.9,-99,-999,新北市,06,坪林區,053
24.8944,121.7375,四堵,C0A540,2017-02-16T04:00:00+08:00,401.0,0.0,0.0,11.7,0.89,976.6,-99.0,0.0,-9.9,-99,-999,新北市,06,坪林區,053
24.8944,121.7375,四堵,C0A540,2017-02-16T05:00:00+08:00,401.0,0.0,0.0,10.8,0.93,976.3,-99.0,0.0,-9.9,-99,-999,新北市,06,坪林區,053
24.8944,121.7375,四堵,C0A540,2017-02-16T06:00:00+08:00,401.0,0.0,0.0,10.2,0.95,976.5,-99.0,0.0,-9.9,-99,-999,新北市,06,坪林區,053
24.8944,121.7375,四堵,C0A540,2017-02-16T07:00:00+08:00,401.0,0.0,0.0,10.3,0.95,976.8,-99.0,0.0,-9.9,-99,-999,新北市,06,坪林區,053
24.8944,121.7375,四堵,C0A540,2017-02-16T08:00:00+08:00,401.0,0.0,0.0,12.1,0.89,977.2,-99.0,0.0,-9.9,-99,-999,新北市,06,坪林區,053
24.8944,121.7375,四堵,C0A540,2017-02-16T09:00:00+08:00,401.0,0.0,0.0,15.9,0.80,976.9,-99.0,0.0,-9.9,-99,-999,新北市,06,坪林區,053
24.8944,121.7375,四堵,C0A540,2017-02-16T10:00:00+08:00,401.0,203.0,1.1,19.7,0.60,977.1,-99.0,0.0,-9.9,-99,-999,新北市,06,坪林區,053
24.8944,121.7375,四堵,C0A540,2017-02-16T11:00:00+08:00,401.0,211.0,0.7,21.4,0.53,976.9,-99.0,0.0,-9.9,-99,-999,新北市,06,坪林區,053
24.8944,121.7375,四堵,C0A540,2017-02-16T12:00:00+08:00,401.0,174.0,0.8,-97.0,-0.97,976.0,-99.0,0.0,-9.9,-99,-999,新北市,06,坪林區,053
24.8944,121.7375,四堵,C0A540,2017-02-16T13:00:00+08:00,401.0,0.0,0.2,-97.0,-0.97,975.3,-99.0,0.0,-9.9,-99,-999,新北市,06,坪林區,053
24.8944,121.7375,四堵,C0A540,2017-02-16T14:00:00+08:00,401.0,172.0,1.0,-97.0,-0.97,974.7,-99.0,0.0,-9.9,-99,-999,新北市,06,坪林區,053
24.8944,121.7375,四堵,C0A540,2017-02-16T15:00:00+08:00,401.0,185.0,0.9,20.4,0.64,974.4,-99.0,0.0,-9.9,-99,-999,新北市,06,坪林區,053
24.8944,121.7375,四堵,C0A540,2017-02-16T16:00:00+08:00,401.0,206.0,0.8,20.2,0.66,974.4,-99.0,0.0,-9.9,-99,-999,新北市,06,坪林區,053
24.8944,121.7375,四堵,C0A540,2017-02-16T17:00:00+08:00,401.0,0.0,0.0,19.1,0.70,974.8,-99.0,0.0,-9.9,-99,-999,新北市,06,坪林區,053
24.8944,121.7375,四堵,C0A540,2017-02-16T18:00:00+08:00,401.0,0.0,0.0,-97.0,-0.97,975.2,-99.0,0.0,-9.9,-99,-999,新北市,06,坪林區,053
24.8944,121.7375,四堵,C0A540,2017-02-16T19:00:00+08:00,401.0,0.0,0.0,-97.0,-0.97,975.6,-99.0,0.0,-9.9,-99,-999,新北市,06,坪林區,053
24.8944,121.7375,四堵,C0A540,2017-02-16T20:00:00+08:00,401.0,0.0,0.0,13.4,0.95,976.3,-99.0,0.0,-9.9,-99,-999,新北市,06,坪林區,053
24.8944,121.7375,四堵,C0A540,2017-02-16T21:00:00+08:00,401.0,0.0,0.0,12.4,0.96,976.6,-99.0,0.0,-9.9,-99,-999,新北市,06,坪林區,053
24.8944,121.7375,四堵,C0A540,2017-02-16T22:00:00+08:00,401.0,0.0,0.0,11.8,0.97,976.8,-99.0,0.0,-9.9,-99,-999,新北市,06,坪林區,053
24.8944,121.7375,四堵,C0A540,2017-02-16T23:00:00+08:00,401.0,0.0,0.0,11.6,0.97,976.6,-99.0,0.0,-9.9,-99,-999,新北市,06,坪林區,053
24.8944,121.7375,四堵,C0A540,2017-02-17T00:00:00+08:00,401.0,0.0,0.0,11.3,0.98,976.5,-99.0,0.0,-9.9,-99,-999,新北市,06,坪林區,053
24.8944,121.7375,四堵,C0A540,2017-02-17T01:00:00+08:00,401.0,0.0,0.0,11.1,0.99,976.1,-99.0,0.0,-9.9,-99,-999,新北市,06,坪林區,053
24.8944,121.7375,四堵,C0A540,2017-02-17T02:00:00+08:00,401.0,0.0,0.0,10.8,0.99,975.8,-99.0,0.0,-9.9,-99,-999,新北市,06,坪林區,053
24.8944,121.7375,四堵,C0A540,2017-02-17T03:00:00+08:00,401.0,0.0,0.0,10.7,0.99,975.8,-99.0,0.0,-9.9,-99,-999,新北市,06,坪林區,053
24.8944,121.7375,四堵,C0A540,2017-02-17T04:00:00+08:00,401.0,0.0,0.0,10.6,0.99,975.8,-99.0,0.0,-9.9,-99,-999,新北市,06,坪林區,053
24.8944,121.7375,四堵,C0A540,2017-02-17T05:00:00+08:00,401.0,0.0,0.0,10.3,0.99,975.8,-99.0,0.0,-9.9,-99,-999,新北市,06,坪林區,053
24.8944,121.7375,四堵,C0A540,2017-02-17T06:00:00+08:00,401.0,0.0,0.0,10.2,0.99,976.8,-99.0,0.0,-9.9,-99,-999,新北市,06,坪林區,053
24.8944,121.7375,四堵,C0A540,2017-02-17T07:00:00+08:00,401.0,0.0,0.0,10.1,0.99,977.2,-99.0,0.0,-9.9,-99,-999,新北市,06,坪林區,053
24.8944,121.7375,四堵,C0A540,2017-02-17T08:00:00+08:00,401.0,0.0,0.0,11.6,0.99,977.6,-99.0,0.0,-9.9,-99,-999,新北市,06,坪林區,053
24.8944,121.7375,四堵,C0A540,2017-02-17T10:00:00+08:00,401.0,0.0,0.0,20.0,0.67,977.6,-99.0,0.0,-9.9,-99,-999,新北市,06,坪林區,053
24.8944,121.7375,四堵,C0A540,2017-02-17T11:00:00+08:00,401.0,0.0,0.1,22.9,0.50,977.0,-99.0,0.0,-9.9,-99,-999,新北市,06,坪林區,053
24.8944,121.7375,四堵,C0A540,2017-02-17T12:00:00+08:00,401.0,170.0,1.1,23.2,0.50,976.3,-99.0,0.0,-9.9,-99,-999,新北市,06,坪林區,053
24.8944,121.7375,四堵,C0A540,2017-02-17T13:00:00+08:00,401.0,204.0,0.6,22.6,0.51,975.5,-99.0,0.0,-9.9,-99,-999,新北市,06,坪林區,053
24.8944,121.7375,四堵,C0A540,2017-02-17T14:00:00+08:00,401.0,136.0,0.8,23.1,0.54,975.1,-99.0,0.0,-9.9,-99,-999,新北市,06,坪林區,053
24.8944,121.7375,四堵,C0A540,2017-02-17T15:00:00+08:00,401.0,135.0,0.8,21.8,0.60,974.8,-99.0,0.0,-9.9,-99,-999,新北市,06,坪林區,053
24.8944,121.7375,四堵,C0A540,2017-02-17T16:00:00+08:00,401.0,162.0,1.2,19.9,0.70,974.7,-99.0,0.0,-9.9,-99,-999,新北市,06,坪林區,053
24.8944,121.7375,四堵,C0A540,2017-02-17T17:00:00+08:00,401.0,0.0,0.2,19.1,0.77,975.3,-99.0,0.0,-9.9,-99,-999,新北市,06,坪林區,053
24.8944,121.7375,四堵,C0A540,2017-02-17T18:00:00+08:00,401.0,174.0,0.7,18.1,0.84,975.6,-99.0,0.0,-9.9,-99,-999,新北市,06,坪林區,053
24.8944,121.7375,四堵,C0A540,2017-02-17T19:00:00+08:00,401.0,0.0,0.1,16.6,0.88,976.2,-99.0,0.0,-9.9,-99,-999,新北市,06,坪林區,053
24.8944,121.7375,四堵,C0A540,2017-02-17T20:00:00+08:00,401.0,0.0,0.0,15.6,0.95,976.9,-99.0,0.0,-9.9,-99,-999,新北市,06,坪林區,053
24.8944,121.7375,四堵,C0A540,2017-02-17T21:00:00+08:00,401.0,0.0,0.0,15.3,0.96,977.3,-99.0,0.0,-9.9,-99,-999,新北市,06,坪林區,053
24.8944,121.7375,四堵,C0A540,2017-02-17T22:00:00+08:00,401.0,105.0,0.3,16.0,0.95,977.5,-99.0,0.0,-9.9,-99,-999,新北市,06,坪林區,053
24.8944,121.7375,四堵,C0A540,2017-02-17T23:00:00+08:00,401.0,0.0,0.0,15.8,0.93,977.5,-99.0,0.0,-9.9,-99,-999,新北市,06,坪林區,053
24.8944,121.7375,四堵,C0A540,2017-02-18T00:00:00+08:00,401.0,0.0,0.0,15.2,0.97,977.4,-99.0,0.0,-9.9,-99,-999,新北市,06,坪林區,053
24.8944,121.7375,四堵,C0A540,2017-02-18T01:00:00+08:00,401.0,0.0,0.0,15.1,0.97,977.0,-99.0,0.0,-9.9,-99,-999,新北市,06,坪林區,053
24.8944,121.7375,四堵,C0A540,2017-02-18T04:00:00+08:00,401.0,0.0,0.0,-97.0,-0.97,976.5,-99.0,0.0,-9.9,-99,-999,新北市,06,坪林區,053
24.8944,121.7375,四堵,C0A540,2017-02-18T05:00:00+08:00,401.0,0.0,0.0,-97.0,-0.97,976.7,-99.0,0.0,-9.9,-99,-999,新北市,06,坪林區,053
24.8944,121.7375,四堵,C0A540,2017-02-18T06:00:00+08:00,401.0,0.0,0.0,-97.0,-0.97,977.5,-99.0,0.0,-9.9,-99,-999,新北市,06,坪林區,053
24.8944,121.7375,四堵,C0A540,2017-02-18T07:00:00+08:00,401.0,0.0,0.0,-97.0,-0.97,978.2,-99.0,0.0,-9.9,-99,-999,新北市,06,坪林區,053
24.8944,121.7375,四堵,C0A540,2017-02-18T08:00:00+08:00,401.0,0.0,0.0,-97.0,-0.97,978.7,-99.0,0.0,-9.9,-99,-999,新北市,06,坪林區,053
24.8944,121.7375,四堵,C0A540,2017-02-18T10:00:00+08:00,401.0,6.0,0.4,19.4,0.77,978.6,-99.0,0.0,-9.9,-99,-999,新北市,06,坪林區,053
24.8944,121.7375,四堵,C0A540,2017-02-18T11:00:00+08:00,401.0,0.0,0.2,20.6,0.68,978.1,-99.0,0.0,-9.9,-99,-999,新北市,06,坪林區,053
24.8944,121.7375,四堵,C0A540,2017-02-18T12:00:00+08:00,401.0,18.0,2.2,19.8,0.71,977.3,-99.0,0.0,-9.9,-99,-999,新北市,06,坪林區,053
24.8944,121.7375,四堵,C0A540,2017-02-18T13:00:00+08:00,401.0,35.0,0.7,19.2,0.75,976.5,-99.0,0.0,-9.9,-99,-999,新北市,06,坪林區,053
24.8944,121.7375,四堵,C0A540,2017-02-18T14:00:00+08:00,401.0,27.0,0.5,17.5,0.80,976.3,-99.0,0.0,-9.9,-99,-999,新北市,06,坪林區,053
24.8944,121.7375,四堵,C0A540,2017-02-18T15:00:00+08:00,401.0,0.0,0.2,17.8,0.80,976.2,-99.0,0.0,-9.9,-99,-999,新北市,06,坪林區,053
24.8944,121.7375,四堵,C0A540,2017-02-18T16:00:00+08:00,401.0,0.0,0.1,17.1,0.81,976.9,-99.0,0.0,-9.9,-99,-999,新北市,06,坪林區,053
24.8944,121.7375,四堵,C0A540,2017-02-18T17:00:00+08:00,401.0,22.0,0.5,16.3,0.85,977.8,-99.0,0.0,-9.9,-99,-999,新北市,06,坪林區,053
24.8944,121.7375,四堵,C0A540,2017-02-18T18:00:00+08:00,401.0,77.0,1.4,15.5,0.89,978.5,-99.0,0.0,-9.9,-99,-999,新北市,06,坪林區,053
24.8944,121.7375,四堵,C0A540,2017-02-18T19:00:00+08:00,401.0,63.0,0.9,15.1,0.92,978.8,-99.0,0.0,-9.9,-99,-999,新北市,06,坪林區,053
24.8944,121.7375,四堵,C0A540,2017-02-18T20:00:00+08:00,401.0,66.0,0.3,14.9,0.94,979.3,-99.0,0.0,-9.9,-99,-999,新北市,06,坪林區,053
24.8944,121.7375,四堵,C0A540,2017-02-18T21:00:00+08:00,401.0,97.0,1.2,14.4,0.95,979.4,-99.0,0.0,-9.9,-99,-999,新北市,06,坪林區,053
24.8944,121.7375,四堵,C0A540,2017-02-18T22:00:00+08:00,401.0,130.0,1.3,13.8,0.97,979.1,-99.0,0.0,-9.9,-99,-999,新北市,06,坪林區,053
24.8944,121.7375,四堵,C0A540,2017-02-18T23:00:00+08:00,401.0,0.0,0.1,13.9,0.90,978.9,-99.0,0.0,-9.9,-99,-999,新北市,06,坪林區,053
24.8944,121.7375,四堵,C0A540,2017-02-19T00:00:00+08:00,401.0,83.0,0.3,13.6,0.90,978.8,-99.0,0.0,-9.9,-99,-999,新北市,06,坪林區,053
24.8944,121.7375,四堵,C0A540,2017-02-19T01:00:00+08:00,401.0,95.0,0.5,13.5,0.93,978.2,-99.0,0.0,-9.9,-99,-999,新北市,06,坪林區,053
24.8944,121.7375,四堵,C0A540,2017-02-19T02:00:00+08:00,401.0,70.0,0.4,13.5,0.89,977.8,-99.0,0.0,-9.9,-99,-999,新北市,06,坪林區,053
24.8944,121.7375,四堵,C0A540,2017-02-19T03:00:00+08:00,401.0,87.0,0.5,13.8,0.87,977.2,-99.0,0.0,-9.9,-99,-999,新北市,06,坪林區,053
24.8944,121.7375,四堵,C0A540,2017-02-19T04:00:00+08:00,401.0,98.0,0.6,14.0,0.88,976.4,-99.0,0.0,-9.9,-99,-999,新北市,06,坪林區,053
24.8944,121.7375,四堵,C0A540,2017-02-19T05:00:00+08:00,401.0,138.0,1.4,14.7,0.87,975.8,-99.0,0.0,-9.9,-99,-999,新北市,06,坪林區,053
24.8944,121.7375,四堵,C0A540,2017-02-19T06:00:00+08:00,401.0,144.0,0.7,15.1,0.87,976.0,-99.0,0.0,-9.9,-99,-999,新北市,06,坪林區,053
24.8944,121.7375,四堵,C0A540,2017-02-19T07:00:00+08:00,401.0,111.0,0.8,15.1,0.87,976.0,-99.0,0.0,-9.9,-99,-999,新北市,06,坪林區,053
24.8944,121.7375,四堵,C0A540,2017-02-19T08:00:00+08:00,401.0,104.0,1.0,15.8,0.84,976.2,-99.0,0.0,-9.9,-99,-999,新北市,06,坪林區,053
24.8944,121.7375,四堵,C0A540,2017-02-19T10:00:00+08:00,401.0,77.0,0.3,19.1,0.75,975.5,-99.0,0.0,-9.9,-99,-999,新北市,06,坪林區,053
24.8944,121.7375,四堵,C0A540,2017-02-19T11:00:00+08:00,401.0,54.0,0.7,20.2,0.70,974.7,-99.0,0.0,-9.9,-99,-999,新北市,06,坪林區,053
24.8944,121.7375,四堵,C0A540,2017-02-19T12:00:00+08:00,401.0,146.0,0.9,20.9,0.66,973.5,-99.0,0.0,-9.9,-99,-999,新北市,06,坪林區,053
24.8944,121.7375,四堵,C0A540,2017-02-19T13:00:00+08:00,401.0,114.0,1.0,21.7,0.67,972.5,-99.0,0.0,-9.9,-99,-999,新北市,06,坪林區,053
24.8944,121.7375,四堵,C0A540,2017-02-19T14:00:00+08:00,401.0,148.0,1.7,21.2,0.68,971.4,-99.0,0.0,-9.9,-99,-999,新北市,06,坪林區,053
24.8944,121.7375,四堵,C0A540,2017-02-19T15:00:00+08:00,401.0,154.0,2.4,19.1,0.75,970.8,-99.0,0.0,-9.9,-99,-999,新北市,06,坪林區,053
24.8944,121.7375,四堵,C0A540,2017-02-19T16:00:00+08:00,401.0,155.0,1.2,19.0,0.76,970.5,-99.0,0.0,-9.9,-99,-999,新北市,06,坪林區,053
24.8944,121.7375,四堵,C0A540,2017-02-19T17:00:00+08:00,401.0,94.0,0.4,18.8,0.76,970.5,-99.0,0.0,-9.9,-99,-999,新北市,06,坪林區,053
24.8944,121.7375,四堵,C0A540,2017-02-19T18:00:00+08:00,401.0,0.0,0.0,18.2,0.81,970.8,-99.0,0.0,-9.9,-99,-999,新北市,06,坪林區,053
24.8944,121.7375,四堵,C0A540,2017-02-19T19:00:00+08:00,401.0,154.0,1.1,17.8,0.82,971.1,-99.0,0.0,-9.9,-99,-999,新北市,06,坪林區,053
24.8944,121.7375,四堵,C0A540,2017-02-19T20:00:00+08:00,401.0,0.0,0.1,16.2,0.90,971.4,-99.0,0.0,-9.9,-99,-999,新北市,06,坪林區,053
24.8944,121.7375,四堵,C0A540,2017-02-19T21:00:00+08:00,401.0,0.0,0.0,15.4,0.92,971.4,-99.0,0.0,-9.9,-99,-999,新北市,06,坪林區,053
24.8944,121.7375,四堵,C0A540,2017-02-19T22:00:00+08:00,401.0,0.0,0.0,14.2,0.97,971.5,-99.0,0.0,-9.9,-99,-999,新北市,06,坪林區,053
24.8944,121.7375,四堵,C0A540,2017-02-19T23:00:00+08:00,401.0,0.0,0.0,13.5,0.97,971.1,-99.0,0.0,-9.9,-99,-999,新北市,06,坪林區,053
24.8944,121.7375,四堵,C0A540,2017-02-20T00:00:00+08:00,401.0,119.0,1.2,16.4,0.84,970.4,-99.0,0.0,-9.9,-99,-999,新北市,06,坪林區,053
24.8944,121.7375,四堵,C0A540,2017-02-20T01:00:00+08:00,401.0,0.0,0.1,15.3,0.90,969.8,-99.0,0.0,-9.9,-99,-999,新北市,06,坪林區,053
24.8944,121.7375,四堵,C0A540,2017-02-20T02:00:00+08:00,401.0,0.0,0.0,15.9,0.86,969.4,-99.0,0.0,-9.9,-99,-999,新北市,06,坪林區,053
24.8944,121.7375,四堵,C0A540,2017-02-20T03:00:00+08:00,401.0,0.0,0.0,15.4,0.90,969.4,-99.0,0.0,-9.9,-99,-999,新北市,06,坪林區,053
24.8944,121.7375,四堵,C0A540,2017-02-20T04:00:00+08:00,401.0,0.0,0.0,14.3,0.96,969.5,-99.0,0.0,-9.9,-99,-999,新北市,06,坪林區,053
24.8944,121.7375,四堵,C0A540,2017-02-20T05:00:00+08:00,401.0,0.0,0.0,13.9,0.98,969.8,-99.0,0.0,-9.9,-99,-999,新北市,06,坪林區,053
24.8944,121.7375,四堵,C0A540,2017-02-20T06:00:00+08:00,401.0,0.0,0.0,13.7,0.98,970.9,-99.0,0.0,-9.9,-99,-999,新北市,06,坪林區,053
24.8944,121.7375,四堵,C0A540,2017-02-20T07:00:00+08:00,401.0,0.0,0.0,13.8,0.99,971.0,-99.0,0.0,-9.9,-99,-999,新北市,06,坪林區,053
24.8944,121.7375,四堵,C0A540,2017-02-20T08:00:00+08:00,401.0,0.0,0.0,14.9,0.93,971.5,-99.0,0.0,-9.9,-99,-999,新北市,06,坪林區,053
24.8944,121.7375,四堵,C0A540,2017-02-20T10:00:00+08:00,401.0,146.0,2.5,22.4,0.55,970.8,-99.0,0.0,-9.9,-99,-999,新北市,06,坪林區,053
24.8944,121.7375,四堵,C0A540,2017-02-20T11:00:00+08:00,401.0,199.0,1.1,24.7,0.54,970.2,-99.0,0.0,-9.9,-99,-999,新北市,06,坪林區,053
24.8944,121.7375,四堵,C0A540,2017-02-20T12:00:00+08:00,401.0,177.0,1.1,25.4,0.54,969.6,-99.0,0.0,-9.9,-99,-999,新北市,06,坪林區,053
24.8944,121.7375,四堵,C0A540,2017-02-20T13:00:00+08:00,401.0,178.0,0.8,23.1,0.58,969.5,-99.0,0.0,-9.9,-99,-999,新北市,06,坪林區,053
24.8944,121.7375,四堵,C0A540,2017-02-20T14:00:00+08:00,401.0,0.0,0.1,23.4,0.67,969.4,-99.0,0.0,-9.9,-99,-999,新北市,06,坪林區,053
24.8944,121.7375,四堵,C0A540,2017-02-20T15:00:00+08:00,401.0,0.0,0.2,21.1,0.76,969.6,-99.0,0.0,-9.9,-99,-999,新北市,06,坪林區,053
24.8944,121.7375,四堵,C0A540,2017-02-20T16:00:00+08:00,401.0,0.0,0.0,20.2,0.77,970.0,-99.0,0.0,-9.9,-99,-999,新北市,06,坪林區,053
24.8944,121.7375,四堵,C0A540,2017-02-20T17:00:00+08:00,401.0,0.0,0.0,19.6,0.80,970.5,-99.0,0.0,-9.9,-99,-999,新北市,06,坪林區,053
24.8944,121.7375,四堵,C0A540,2017-02-20T18:00:00+08:00,401.0,0.0,0.0,17.9,0.85,971.4,-99.0,0.0,-9.9,-99,-999,新北市,06,坪林區,053
24.8944,121.7375,四堵,C0A540,2017-02-20T19:00:00+08:00,401.0,0.0,0.0,17.3,0.89,972.3,-99.0,0.0,-9.9,-99,-999,新北市,06,坪林區,053
24.8944,121.7375,四堵,C0A540,2017-02-20T20:00:00+08:00,401.0,0.0,0.0,17.1,0.92,972.9,-99.0,0.0,-9.9,-99,-999,新北市,06,坪林區,053
24.8944,121.7375,四堵,C0A540,2017-02-20T21:00:00+08:00,401.0,0.0,0.0,16.6,0.96,973.3,-99.0,0.0,-9.9,-99,-999,新北市,06,坪林區,053
24.8944,121.7375,四堵,C0A540,2017-02-20T22:00:00+08:00,401.0,0.0,0.0,16.5,0.97,974.4,-99.0,0.0,-9.9,-99,-999,新北市,06,坪林區,053
24.8944,121.7375,四堵,C0A540,2017-02-20T23:00:00+08:00,401.0,354.0,1.0,17.2,0.95,974.6,-99.0,0.0,-9.9,-99,-999,新北市,06,坪林區,053
24.8944,121.7375,四堵,C0A540,2017-02-21T00:00:00+08:00,401.0,16.0,1.9,16.6,0.93,974.9,-99.0,0.5,-9.9,-99,-999,新北市,06,坪林區,053
24.8944,121.7375,四堵,C0A540,2017-02-21T01:00:00+08:00,401.0,20.0,1.3,15.9,0.94,975.1,-99.0,0.0,-9.9,-99,-999,新北市,06,坪林區,053
24.8944,121.7375,四堵,C0A540,2017-02-21T02:00:00+08:00,401.0,40.0,1.1,15.5,0.93,975.5,-99.0,0.0,-9.9,-99,-999,新北市,06,坪林區,053
24.8944,121.7375,四堵,C0A540,2017-02-21T03:00:00+08:00,401.0,18.0,1.4,15.0,0.94,975.9,-99.0,0.0,-9.9,-99,-999,新北市,06,坪林區,053
24.8944,121.7375,四堵,C0A540,2017-02-21T04:00:00+08:00,401.0,49.0,0.8,14.8,0.94,976.2,-99.0,0.0,-9.9,-99,-999,新北市,06,坪林區,053
24.8944,121.7375,四堵,C0A540,2017-02-21T05:00:00+08:00,401.0,93.0,0.9,14.4,0.95,976.8,-99.0,0.0,-9.9,-99,-999,新北市,06,坪林區,053
24.8944,121.7375,四堵,C0A540,2017-02-21T06:00:00+08:00,401.0,0.0,0.2,14.0,0.97,977.3,-99.0,0.0,-9.9,-99,-999,新北市,06,坪林區,053
24.8944,121.7375,四堵,C0A540,2017-02-21T07:00:00+08:00,401.0,136.0,0.9,13.9,0.96,978.1,-99.0,0.5,-9.9,-99,-999,新北市,06,坪林區,053
24.8944,121.7375,四堵,C0A540,2017-02-21T08:00:00+08:00,401.0,113.0,1.0,14.3,0.93,978.5,-99.0,0.5,-9.9,-99,-999,新北市,06,坪林區,053
24.8944,121.7375,四堵,C0A540,2017-02-21T09:00:00+08:00,401.0,0.0,0.1,14.7,0.94,978.5,-99.0,0.5,-9.9,-99,-999,新北市,06,坪林區,053
24.8944,121.7375,四堵,C0A540,2017-02-21T11:00:00+08:00,401.0,97.0,0.4,15.1,0.97,977.5,-99.0,0.5,-9.9,-99,-999,新北市,06,坪林區,053
24.8944,121.7375,四堵,C0A540,2017-02-21T12:00:00+08:00,401.0,109.0,0.8,15.4,0.97,976.4,-99.0,1.0,-9.9,-99,-999,新北市,06,坪林區,053
24.8944,121.7375,四堵,C0A540,2017-02-21T13:00:00+08:00,401.0,155.0,1.1,15.5,0.97,975.6,-99.0,1.0,-9.9,-99,-999,新北市,06,坪林區,053
24.8944,121.7375,四堵,C0A540,2017-02-21T14:00:00+08:00,401.0,134.0,0.7,15.7,0.99,974.7,-99.0,1.5,-9.9,-99,-999,新北市,06,坪林區,053
24.8944,121.7375,四堵,C0A540,2017-02-21T15:00:00+08:00,401.0,125.0,0.4,16.0,0.98,973.9,-99.0,1.5,-9.9,-99,-999,新北市,06,坪林區,053
24.8944,121.7375,四堵,C0A540,2017-02-21T16:00:00+08:00,401.0,109.0,1.0,16.3,0.98,973.8,-99.0,2.0,-9.9,-99,-999,新北市,06,坪林區,053
24.8944,121.7375,四堵,C0A540,2017-02-21T17:00:00+08:00,401.0,114.0,1.7,16.5,0.98,973.6,-99.0,2.0,-9.9,-99,-999,新北市,06,坪林區,053
24.8944,121.7375,四堵,C0A540,2017-02-21T18:00:00+08:00,401.0,87.0,1.8,17.0,0.98,973.9,-99.0,2.5,-9.9,-99,-999,新北市,06,坪林區,053
24.8944,121.7375,四堵,C0A540,2017-02-21T19:00:00+08:00,401.0,122.0,1.8,17.4,0.98,973.6,-99.0,2.5,-9.9,-99,-999,新北市,06,坪林區,053
24.8944,121.7375,四堵,C0A540,2017-02-21T20:00:00+08:00,401.0,109.0,2.9,17.9,0.91,973.4,-99.0,2.5,-9.9,-99,-999,新北市,06,坪林區,053
24.8944,121.7375,四堵,C0A540,2017-02-21T21:00:00+08:00,401.0,117.0,3.5,18.1,0.89,973.8,-99.0,2.5,-9.9,-99,-999,新北市,06,坪林區,053
24.8944,121.7375,四堵,C0A540,2017-02-21T22:00:00+08:00,401.0,131.0,2.7,18.5,0.89,973.6,-99.0,2.5,-9.9,-99,-999,新北市,06,坪林區,053
24.8944,121.7375,四堵,C0A540,2017-02-21T23:00:00+08:00,401.0,125.0,2.8,18.8,0.88,973.4,-99.0,2.5,-9.9,-99,-999,新北市,06,坪林區,053
24.8944,121.7375,四堵,C0A540,2017-02-22T00:00:00+08:00,401.0,124.0,2.5,19.1,0.85,972.5,-99.0,2.5,-9.9,-99,-999,新北市,06,坪林區,053
24.8944,121.7375,四堵,C0A540,2017-02-22T01:00:00+08:00,401.0,117.0,1.8,19.0,0.87,972.1,-99.0,0.0,-9.9,-99,-999,新北市,06,坪林區,053
24.8944,121.7375,四堵,C0A540,2017-02-22T02:00:00+08:00,401.0,197.0,0.6,18.6,0.87,971.7,-99.0,0.0,-9.9,-99,-999,新北市,06,坪林區,053
24.8944,121.7375,四堵,C0A540,2017-02-22T03:00:00+08:00,401.0,108.0,1.1,19.3,0.83,971.3,-99.0,0.0,-9.9,-99,-999,新北市,06,坪林區,053
24.8944,121.7375,四堵,C0A540,2017-02-22T04:00:00+08:00,401.0,0.0,0.1,19.0,0.84,970.8,-99.0,0.0,-9.9,-99,-999,新北市,06,坪林區,053
24.8944,121.7375,四堵,C0A540,2017-02-22T05:00:00+08:00,401.0,0.0,0.1,18.0,0.90,971.3,-99.0,0.0,-9.9,-99,-999,新北市,06,坪林區,053
24.8944,121.7375,四堵,C0A540,2017-02-22T06:00:00+08:00,401.0,257.0,0.9,17.3,0.95,972.3,-99.0,0.0,-9.9,-99,-999,新北市,06,坪林區,053
24.8944,121.7375,四堵,C0A540,2017-02-22T07:00:00+08:00,401.0,0.0,0.0,16.1,0.99,973.2,-99.0,0.0,-9.9,-99,-999,新北市,06,坪林區,053
24.8944,121.7375,四堵,C0A540,2017-02-22T08:00:00+08:00,401.0,0.0,0.0,16.3,0.99,973.5,-99.0,0.0,-9.9,-99,-999,新北市,06,坪林區,053
24.8944,121.7375,四堵,C0A540,2017-02-22T09:00:00+08:00,401.0,0.0,0.0,17.9,0.94,972.7,-99.0,0.0,-9.9,-99,-999,新北市,06,坪林區,053
24.8944,121.7375,四堵,C0A540,2017-02-22T10:00:00+08:00,401.0,0.0,0.0,22.1,0.74,971.7,-99.0,0.0,-9.9,-99,-999,新北市,06,坪林區,053
24.8944,121.7375,四堵,C0A540,2017-02-22T11:00:00+08:00,401.0,136.0,1.9,22.3,0.72,970.9,-99.0,0.0,-9.9,-99,-999,新北市,06,坪林區,053
24.8944,121.7375,四堵,C0A540,2017-02-22T12:00:00+08:00,401.0,0.0,0.2,22.8,0.71,970.1,-99.0,0.0,-9.9,-99,-999,新北市,06,坪林區,053
24.8944,121.7375,四堵,C0A540,2017-02-22T14:00:00+08:00,401.0,0.0,0.0,18.5,0.99,970.0,-99.0,4.0,-9.9,-99,-999,新北市,06,坪林區,053
24.8944,121.7375,四堵,C0A540,2017-02-22T15:00:00+08:00,401.0,274.0,0.5,17.5,0.99,971.0,-99.0,8.0,-9.9,-99,-999,新北市,06,坪林區,053
24.8944,121.7375,四堵,C0A540,2017-02-22T16:00:00+08:00,401.0,0.0,0.2,16.8,0.99,970.6,-99.0,13.0,-9.9,-99,-999,新北市,06,坪林區,053
24.8944,121.7375,四堵,C0A540,2017-02-22T17:00:00+08:00,401.0,0.0,0.0,17.3,0.99,969.6,-99.0,14.0,-9.9,-99,-999,新北市,06,坪林區,053
24.8944,121.7375,四堵,C0A540,2017-02-22T18:00:00+08:00,401.0,113.0,0.3,16.9,0.99,969.6,-99.0,14.0,-9.9,-99,-999,新北市,06,坪林區,053
24.8944,121.7375,四堵,C0A540,2017-02-22T19:00:00+08:00,401.0,0.0,0.0,17.0,0.98,969.4,-99.0,14.0,-9.9,-99,-999,新北市,06,坪林區,053
24.8944,121.7375,四堵,C0A540,2017-02-22T20:00:00+08:00,401.0,0.0,0.0,16.5,0.99,970.4,-99.0,14.0,-9.9,-99,-999,新北市,06,坪林區,053
24.8944,121.7375,四堵,C0A540,2017-02-22T21:00:00+08:00,401.0,0.0,0.0,16.2,0.99,971.1,-99.0,14.0,-9.9,-99,-999,新北市,06,坪林區,053
24.8944,121.7375,四堵,C0A540,2017-02-22T22:00:00+08:00,401.0,175.0,0.5,16.1,1.00,971.1,-99.0,14.0,-9.9,-99,-999,新北市,06,坪林區,053
24.8944,121.7375,四堵,C0A540,2017-02-22T23:00:00+08:00,401.0,0.0,0.1,15.9,1.00,971.3,-99.0,14.0,-9.9,-99,-999,新北市,06,坪林區,053
24.8944,121.7375,四堵,C0A540,2017-02-23T00:00:00+08:00,401.0,0.0,0.0,16.1,1.00,971.7,-99.0,14.0,-9.9,-99,-999,新北市,06,坪林區,053
24.8944,121.7375,四堵,C0A540,2017-02-23T01:00:00+08:00,401.0,0.0,0.0,16.3,1.00,971.7,-99.0,0.0,-9.9,-99,-999,新北市,06,坪林區,053
24.8944,121.7375,四堵,C0A540,2017-02-23T02:00:00+08:00,401.0,0.0,0.0,16.4,1.00,971.2,-99.0,0.0,-9.9,-99,-999,新北市,06,坪林區,053
24.8944,121.7375,四堵,C0A540,2017-02-23T03:00:00+08:00,401.0,0.0,0.0,16.3,1.00,971.1,-99.0,0.0,-9.9,-99,-999,新北市,06,坪林區,053
24.8944,121.7375,四堵,C0A540,2017-02-23T04:00:00+08:00,401.0,0.0,0.0,15.7,1.00,971.1,-99.0,0.0,-9.9,-99,-999,新北市,06,坪林區,053
24.8944,121.7375,四堵,C0A540,2017-02-23T05:00:00+08:00,401.0,0.0,0.1,15.3,0.99,971.8,-99.0,0.0,-9.9,-99,-999,新北市,06,坪林區,053
24.8944,121.7375,四堵,C0A540,2017-02-23T06:00:00+08:00,401.0,0.0,0.0,15.2,1.00,972.6,-99.0,0.0,-9.9,-99,-999,新北市,06,坪林區,053
24.8944,121.7375,四堵,C0A540,2017-02-23T07:00:00+08:00,401.0,15.0,1.1,14.7,0.99,973.1,-99.0,0.0,-9.9,-99,-999,新北市,06,坪林區,053
24.8944,121.7375,四堵,C0A540,2017-02-23T08:00:00+08:00,401.0,0.0,0.2,15.0,0.97,973.6,-99.0,0.0,-9.9,-99,-999,新北市,06,坪林區,053
24.8944,121.7375,四堵,C0A540,2017-02-23T10:00:00+08:00,401.0,8.0,0.7,15.2,0.91,974.1,-99.0,0.5,-9.9,-99,-999,新北市,06,坪林區,053
24.8944,121.7375,四堵,C0A540,2017-02-23T11:00:00+08:00,401.0,22.0,1.5,15.2,0.89,973.9,-99.0,0.5,-9.9,-99,-999,新北市,06,坪林區,053
24.8944,121.7375,四堵,C0A540,2017-02-23T12:00:00+08:00,401.0,33.0,1.2,14.8,0.89,973.6,-99.0,0.5,-9.9,-99,-999,新北市,06,坪林區,053
24.8944,121.7375,四堵,C0A540,2017-02-23T13:00:00+08:00,401.0,29.0,0.6,14.4,0.92,973.2,-99.0,0.5,-9.9,-99,-999,新北市,06,坪林區,053
24.8944,121.7375,四堵,C0A540,2017-02-23T14:00:00+08:00,401.0,48.0,1.6,13.2,0.91,973.1,-99.0,0.5,-9.9,-99,-999,新北市,06,坪林區,053
24.8944,121.7375,四堵,C0A540,2017-02-23T15:00:00+08:00,401.0,30.0,1.2,12.5,0.90,973.7,-99.0,0.5,-9.9,-99,-999,新北市,06,坪林區,053
24.8944,121.7375,四堵,C0A540,2017-02-23T16:00:00+08:00,401.0,7.0,0.4,11.7,0.92,974.4,-99.0,0.5,-9.9,-99,-999,新北市,06,坪林區,053
24.8944,121.7375,四堵,C0A540,2017-02-23T17:00:00+08:00,401.0,18.0,1.1,10.9,0.93,974.8,-99.0,0.5,-9.9,-99,-999,新北市,06,坪林區,053
24.8944,121.7375,四堵,C0A540,2017-02-23T18:00:00+08:00,401.0,0.0,0.0,10.6,0.96,975.9,-99.0,0.5,-9.9,-99,-999,新北市,06,坪林區,053
24.8944,121.7375,四堵,C0A540,2017-02-23T19:00:00+08:00,401.0,0.0,0.0,10.1,0.98,976.7,-99.0,0.5,-9.9,-99,-999,新北市,06,坪林區,053
24.8944,121.7375,四堵,C0A540,2017-02-23T20:00:00+08:00,401.0,0.0,0.0,10.0,0.98,977.1,-99.0,0.5,-9.9,-99,-999,新北市,06,坪林區,053
24.8944,121.7375,四堵,C0A540,2017-02-23T21:00:00+08:00,401.0,4.0,0.9,9.8,0.99,977.6,-99.0,0.5,-9.9,-99,-999,新北市,06,坪林區,053
24.8944,121.7375,四堵,C0A540,2017-02-23T22:00:00+08:00,401.0,0.0,0.0,9.8,0.99,977.6,-99.0,0.5,-9.9,-99,-999,新北市,06,坪林區,053
24.8944,121.7375,四堵,C0A540,2017-02-23T23:00:00+08:00,401.0,0.0,0.0,9.7,0.99,977.6,-99.0,1.0,-9.9,-99,-999,新北市,06,坪林區,053
24.8944,121.7375,四堵,C0A540,2017-02-24T00:00:00+08:00,401.0,0.0,0.0,9.9,1.00,977.4,-99.0,1.0,-9.9,-99,-999,新北市,06,坪林區,053
24.8944,121.7375,四堵,C0A540,2017-02-24T01:00:00+08:00,401.0,0.0,0.0,10.0,1.00,976.9,-99.0,0.0,-9.9,-99,-999,新北市,06,坪林區,053
24.8944,121.7375,四堵,C0A540,2017-02-24T02:00:00+08:00,401.0,0.0,0.0,10.2,1.00,976.9,-99.0,0.5,-9.9,-99,-999,新北市,06,坪林區,053
24.8944,121.7375,四堵,C0A540,2017-02-24T03:00:00+08:00,401.0,0.0,0.0,10.3,1.00,976.4,-99.0,0.5,-9.9,-99,-999,新北市,06,坪林區,053
24.8944,121.7375,四堵,C0A540,2017-02-24T04:00:00+08:00,401.0,0.0,0.0,10.4,1.00,976.5,-99.0,2.5,-9.9,-99,-999,新北市,06,坪林區,053
24.8944,121.7375,四堵,C0A540,2017-02-24T05:00:00+08:00,401.0,0.0,0.0,10.3,1.00,976.1,-99.0,4.0,-9.9,-99,-999,新北市,06,坪林區,053
24.8944,121.7375,四堵,C0A540,2017-02-24T06:00:00+08:00,401.0,0.0,0.0,10.5,1.00,976.2,-99.0,4.0,-9.9,-99,-999,新北市,06,坪林區,053
24.8944,121.7375,四堵,C0A540,2017-02-24T07:00:00+08:00,401.0,0.0,0.0,10.5,0.99,976.1,-99.0,5.0,-9.9,-99,-999,新北市,06,坪林區,053
24.8944,121.7375,四堵,C0A540,2017-02-24T08:00:00+08:00,401.0,0.0,0.0,10.9,0.99,976.4,-99.0,5.0,-9.9,-99,-999,新北市,06,坪林區,053
24.8944,121.7375,四堵,C0A540,2017-02-24T09:00:00+08:00,401.0,0.0,0.0,11.2,1.00,977.8,-99.0,8.0,-9.9,-99,-999,新北市,06,坪林區,053
24.8944,121.7375,四堵,C0A540,2017-02-24T10:00:00+08:00,401.0,0.0,0.0,11.9,1.00,977.6,-99.0,8.5,-9.9,-99,-999,新北市,06,坪林區,053
24.8944,121.7375,四堵,C0A540,2017-02-24T11:00:00+08:00,401.0,0.0,0.1,12.3,0.99,976.8,-99.0,8.5,-9.9,-99,-999,新北市,06,坪林區,053
24.8944,121.7375,四堵,C0A540,2017-02-24T12:00:00+08:00,401.0,0.0,0.0,12.1,1.00,977.1,-99.0,9.5,-9.9,-99,-999,新北市,06,坪林區,053
24.8944,121.7375,四堵,C0A540,2017-02-24T13:00:00+08:00,401.0,0.0,0.0,11.8,1.00,976.0,-99.0,9.5,-9.9,-99,-999,新北市,06,坪林區,053
24.8944,121.7375,四堵,C0A540,2017-02-24T14:00:00+08:00,401.0,0.0,0.0,11.8,1.00,975.8,-99.0,10.0,-9.9,-99,-999,新北市,06,坪林區,053
24.8944,121.7375,四堵,C0A540,2017-02-24T15:00:00+08:00,401.0,0.0,0.2,11.4,1.00,976.3,-99.0,11.5,-9.9,-99,-999,新北市,06,坪林區,053
24.8944,121.7375,四堵,C0A540,2017-02-24T16:00:00+08:00,401.0,0.0,0.0,10.9,1.00,976.3,-99.0,12.0,-9.9,-99,-999,新北市,06,坪林區,053
24.8944,121.7375,四堵,C0A540,2017-02-24T17:00:00+08:00,401.0,0.0,0.0,10.8,1.00,976.7,-99.0,14.0,-9.9,-99,-999,新北市,06,坪林區,053
24.8944,121.7375,四堵,C0A540,2017-02-24T18:00:00+08:00,401.0,0.0,0.0,10.6,1.00,976.7,-99.0,17.5,-9.9,-99,-999,新北市,06,坪林區,053
24.8944,121.7375,四堵,C0A540,2017-02-24T19:00:00+08:00,401.0,0.0,0.0,10.8,1.00,976.7,-99.0,17.5,-9.9,-99,-999,新北市,06,坪林區,053
24.8944,121.7375,四堵,C0A540,2017-02-24T20:00:00+08:00,401.0,0.0,0.0,10.5,1.00,977.3,-99.0,19.0,-9.9,-99,-999,新北市,06,坪林區,053
24.8944,121.7375,四堵,C0A540,2017-02-24T21:00:00+08:00,401.0,0.0,0.0,10.6,1.00,977.5,-99.0,21.5,-9.9,-99,-999,新北市,06,坪林區,053
24.8944,121.7375,四堵,C0A540,2017-02-24T22:00:00+08:00,401.0,0.0,0.0,10.7,1.00,977.7,-99.0,24.0,-9.9,-99,-999,新北市,06,坪林區,053
24.8944,121.7375,四堵,C0A540,2017-02-24T23:00:00+08:00,401.0,0.0,0.0,-97.0,-0.97,977.7,-99.0,26.5,-9.9,-99,-999,新北市,06,坪林區,053
24.8944,121.7375,四堵,C0A540,2017-02-25T00:00:00+08:00,401.0,0.0,0.0,-97.0,-0.97,977.2,-99.0,27.0,-9.9,-99,-999,新北市,06,坪林區,053
24.8944,121.7375,四堵,C0A540,2017-02-25T01:00:00+08:00,401.0,0.0,0.0,-97.0,-0.97,976.3,-99.0,2.5,-9.9,-99,-999,新北市,06,坪林區,053
24.8944,121.7375,四堵,C0A540,2017-02-25T02:00:00+08:00,401.0,0.0,0.0,-97.0,-0.97,976.0,-99.0,3.5,-9.9,-99,-999,新北市,06,坪林區,053
24.8944,121.7375,四堵,C0A540,2017-02-25T03:00:00+08:00,401.0,0.0,0.0,-97.0,-0.97,974.8,-99.0,3.5,-9.9,-99,-999,新北市,06,坪林區,053
24.8944,121.7375,四堵,C0A540,2017-02-25T04:00:00+08:00,401.0,0.0,0.0,11.0,1.00,975.1,-99.0,4.0,-9.9,-99,-999,新北市,06,坪林區,053
24.8944,121.7375,四堵,C0A540,2017-02-25T05:00:00+08:00,401.0,0.0,0.0,11.2,1.00,975.2,-99.0,4.5,-9.9,-99,-999,新北市,06,坪林區,053
24.8944,121.7375,四堵,C0A540,2017-02-25T06:00:00+08:00,401.0,0.0,0.0,11.2,1.00,974.9,-99.0,5.0,-9.9,-99,-999,新北市,06,坪林區,053
24.8944,121.7375,四堵,C0A540,2017-02-25T07:00:00+08:00,401.0,0.0,0.1,11.3,1.00,975.2,-99.0,6.0,-9.9,-99,-999,新北市,06,坪林區,053
24.8944,121.7375,四堵,C0A540,2017-02-25T08:00:00+08:00,401.0,0.0,0.0,11.5,1.00,975.8,-99.0,8.0,-9.9,-99,-999,新北市,06,坪林區,053
24.8944,121.7375,四堵,C0A540,2017-02-25T10:00:00+08:00,401.0,0.0,0.0,12.2,1.00,975.5,-99.0,15.5,-9.9,-99,-999,新北市,06,坪林區,053
24.8944,121.7375,四堵,C0A540,2017-02-25T11:00:00+08:00,401.0,0.0,0.0,12.5,1.00,975.5,-99.0,19.0,-9.9,-99,-999,新北市,06,坪林區,053
24.8944,121.7375,四堵,C0A540,2017-02-25T12:00:00+08:00,401.0,0.0,0.0,12.5,1.00,974.6,-99.0,20.5,-9.9,-99,-999,新北市,06,坪林區,053
24.8944,121.7375,四堵,C0A540,2017-02-25T13:00:00+08:00,401.0,0.0,0.0,12.5,1.00,974.1,-99.0,22.5,-9.9,-99,-999,新北市,06,坪林區,053
24.8944,121.7375,四堵,C0A540,2017-02-25T14:00:00+08:00,401.0,0.0,0.0,12.7,1.00,973.0,-99.0,24.5,-9.9,-99,-999,新北市,06,坪林區,053
24.8944,121.7375,四堵,C0A540,2017-02-25T15:00:00+08:00,401.0,0.0,0.0,12.7,1.00,972.7,-99.0,25.5,-9.9,-99,-999,新北市,06,坪林區,053
24.8944,121.7375,四堵,C0A540,2017-02-25T16:00:00+08:00,401.0,0.0,0.0,12.5,1.00,972.8,-99.0,29.0,-9.9,-99,-999,新北市,06,坪林區,053
24.8944,121.7375,四堵,C0A540,2017-02-25T17:00:00+08:00,401.0,0.0,0.0,12.1,1.00,973.0,-99.0,30.0,-9.9,-99,-999,新北市,06,坪林區,053
24.8944,121.7375,四堵,C0A540,2017-02-25T18:00:00+08:00,401.0,0.0,0.0,12.1,1.00,973.5,-99.0,34.5,-9.9,-99,-999,新北市,06,坪林區,053
24.8944,121.7375,四堵,C0A540,2017-02-25T19:00:00+08:00,401.0,0.0,0.0,11.8,1.00,974.1,-99.0,36.5,-9.9,-99,-999,新北市,06,坪林區,053
24.8944,121.7375,四堵,C0A540,2017-02-25T20:00:00+08:00,401.0,0.0,0.0,11.8,1.00,974.6,-99.0,39.0,-9.9,-99,-999,新北市,06,坪林區,053
24.8944,121.7375,四堵,C0A540,2017-02-25T21:00:00+08:00,401.0,0.0,0.2,11.6,1.00,974.1,-99.0,40.5,-9.9,-99,-999,新北市,06,坪林區,053
24.8944,121.7375,四堵,C0A540,2017-02-25T22:00:00+08:00,401.0,65.0,0.3,11.7,1.00,974.6,-99.0,41.0,-9.9,-99,-999,新北市,06,坪林區,053
24.8944,121.7375,四堵,C0A540,2017-02-25T23:00:00+08:00,401.0,0.0,0.0,11.8,1.00,974.6,-99.0,41.0,-9.9,-99,-999,新北市,06,坪林區,053
24.8944,121.7375,四堵,C0A540,2017-02-26T00:00:00+08:00,401.0,0.0,0.0,12.0,1.00,974.6,-99.0,41.0,-9.9,-99,-999,新北市,06,坪林區,053
24.8944,121.7375,四堵,C0A540,2017-02-26T01:00:00+08:00,401.0,0.0,0.0,11.9,1.00,973.9,-99.0,0.0,-9.9,-99,-999,新北市,06,坪林區,053
24.8944,121.7375,四堵,C0A540,2017-02-26T02:00:00+08:00,401.0,0.0,0.0,11.9,1.00,973.0,-99.0,0.0,-9.9,-99,-999,新北市,06,坪林區,053
24.8944,121.7375,四堵,C0A540,2017-02-26T03:00:00+08:00,401.0,0.0,0.0,12.0,1.00,973.2,-99.0,3.5,-9.9,-99,-999,新北市,06,坪林區,053
24.8944,121.7375,四堵,C0A540,2017-02-26T04:00:00+08:00,401.0,0.0,0.0,11.9,1.00,973.3,-99.0,5.5,-9.9,-99,-999,新北市,06,坪林區,053
24.8944,121.7375,四堵,C0A540,2017-02-26T05:00:00+08:00,401.0,0.0,0.0,12.0,1.00,973.7,-99.0,6.5,-9.9,-99,-999,新北市,06,坪林區,053
24.8944,121.7375,四堵,C0A540,2017-02-26T06:00:00+08:00,401.0,0.0,0.2,12.0,1.00,974.4,-99.0,10.5,-9.9,-99,-999,新北市,06,坪林區,053
24.8944,121.7375,四堵,C0A540,2017-02-26T07:00:00+08:00,401.0,0.0,0.1,11.0,1.00,975.3,-99.0,13.5,-9.9,-99,-999,新北市,06,坪林區,053
24.8944,121.7375,四堵,C0A540,2017-02-26T08:00:00+08:00,401.0,0.0,0.0,10.5,1.00,976.3,-99.0,14.0,-9.9,-99,-999,新北市,06,坪林區,053
24.8944,121.7375,四堵,C0A540,2017-02-26T10:00:00+08:00,401.0,273.0,0.7,10.0,1.00,977.6,-99.0,15.5,-9.9,-99,-999,新北市,06,坪林區,053
24.8944,121.7375,四堵,C0A540,2017-02-26T11:00:00+08:00,401.0,252.0,0.3,10.0,1.00,977.3,-99.0,16.5,-9.9,-99,-999,新北市,06,坪林區,053
24.8944,121.7375,四堵,C0A540,2017-02-26T12:00:00+08:00,401.0,0.0,0.2,9.9,1.00,976.8,-99.0,18.0,-9.9,-99,-999,新北市,06,坪林區,053
24.8944,121.7375,四堵,C0A540,2017-02-26T13:00:00+08:00,401.0,0.0,0.1,9.7,1.00,976.3,-99.0,18.0,-9.9,-99,-999,新北市,06,坪林區,053
24.8944,121.7375,四堵,C0A540,2017-02-26T14:00:00+08:00,401.0,0.0,0.1,9.5,1.00,975.9,-99.0,18.5,-9.9,-99,-999,新北市,06,坪林區,053
24.8944,121.7375,四堵,C0A540,2017-02-26T15:00:00+08:00,401.0,0.0,0.1,9.6,1.00,975.6,-99.0,19.0,-9.9,-99,-999,新北市,06,坪林區,053
24.8944,121.7375,四堵,C0A540,2017-02-26T16:00:00+08:00,401.0,267.0,0.3,9.6,1.00,975.8,-99.0,19.0,-9.9,-99,-999,新北市,06,坪林區,053
24.8944,121.7375,四堵,C0A540,2017-02-26T17:00:00+08:00,401.0,0.0,0.0,9.5,1.00,976.4,-99.0,19.0,-9.9,-99,-999,新北市,06,坪林區,053
24.8944,121.7375,四堵,C0A540,2017-02-26T18:00:00+08:00,401.0,0.0,0.0,9.6,1.00,976.9,-99.0,19.0,-9.9,-99,-999,新北市,06,坪林區,053
24.8944,121.7375,四堵,C0A540,2017-02-26T19:00:00+08:00,401.0,0.0,0.0,9.5,1.00,977.3,-99.0,19.0,-9.9,-99,-999,新北市,06,坪林區,053
24.8944,121.7375,四堵,C0A540,2017-02-26T20:00:00+08:00,401.0,0.0,0.0,9.5,1.00,977.9,-99.0,19.5,-9.9,-99,-999,新北市,06,坪林區,053
24.8944,121.7375,四堵,C0A540,2017-02-26T21:00:00+08:00,401.0,0.0,0.0,9.7,1.00,978.3,-99.0,19.5,-9.9,-99,-999,新北市,06,坪林區,053
24.8944,121.7375,四堵,C0A540,2017-02-26T22:00:00+08:00,401.0,0.0,0.0,9.8,1.00,978.7,-99.0,19.5,-9.9,-99,-999,新北市,06,坪林區,053
24.8944,121.7375,四堵,C0A540,2017-02-26T23:00:00+08:00,401.0,0.0,0.0,9.8,1.00,978.8,-99.0,19.5,-9.9,-99,-999,新北市,06,坪林區,053
24.8944,121.7375,四堵,C0A540,2017-02-27T00:00:00+08:00,401.0,0.0,0.0,9.8,1.00,978.4,-99.0,19.5,-9.9,-99,-999,新北市,06,坪林區,053
24.8944,121.7375,四堵,C0A540,2017-02-27T01:00:00+08:00,401.0,0.0,0.0,9.8,1.00,977.9,-99.0,0.0,-9.9,-99,-999,新北市,06,坪林區,053
24.8944,121.7375,四堵,C0A540,2017-02-27T02:00:00+08:00,401.0,0.0,0.0,9.9,1.00,977.5,-99.0,0.0,-9.9,-99,-999,新北市,06,坪林區,053
24.8944,121.7375,四堵,C0A540,2017-02-27T03:00:00+08:00,401.0,0.0,0.1,9.6,0.99,977.0,-99.0,0.0,-9.9,-99,-999,新北市,06,坪林區,053
24.8944,121.7375,四堵,C0A540,2017-02-27T04:00:00+08:00,401.0,0.0,0.0,10.0,0.92,977.1,-99.0,0.0,-9.9,-99,-999,新北市,06,坪林區,053
24.8944,121.7375,四堵,C0A540,2017-02-27T06:00:00+08:00,401.0,0.0,0.0,10.1,0.93,977.7,-99.0,0.0,-9.9,-99,-999,新北市,06,坪林區,053
24.8944,121.7375,四堵,C0A540,2017-02-27T07:00:00+08:00,401.0,0.0,0.0,10.1,0.97,978.0,-99.0,0.0,-9.9,-99,-999,新北市,06,坪林區,053
24.8944,121.7375,四堵,C0A540,2017-02-27T08:00:00+08:00,401.0,0.0,0.0,10.3,0.99,978.4,-99.0,0.0,-9.9,-99,-999,新北市,06,坪林區,053
24.8944,121.7375,四堵,C0A540,2017-02-27T10:00:00+08:00,401.0,0.0,0.0,11.2,0.98,979.1,-99.0,0.0,-9.9,-99,-999,新北市,06,坪林區,053
24.8944,121.7375,四堵,C0A540,2017-02-27T11:00:00+08:00,401.0,0.0,0.0,12.0,0.82,978.5,-99.0,0.0,-9.9,-99,-999,新北市,06,坪林區,053
24.8944,121.7375,四堵,C0A540,2017-02-27T12:00:00+08:00,401.0,0.0,0.2,12.2,0.83,978.1,-99.0,0.0,-9.9,-99,-999,新北市,06,坪林區,053
24.8944,121.7375,四堵,C0A540,2017-02-27T13:00:00+08:00,401.0,68.0,0.3,12.6,0.79,977.3,-99.0,0.0,-9.9,-99,-999,新北市,06,坪林區,053
24.8944,121.7375,四堵,C0A540,2017-02-27T15:00:00+08:00,401.0,0.0,0.0,11.1,0.94,977.4,-99.0,0.0,-9.9,-99,-999,新北市,06,坪林區,053
24.8944,121.7375,四堵,C0A540,2017-02-27T16:00:00+08:00,401.0,0.0,0.0,10.7,0.96,977.7,-99.0,0.0,-9.9,-99,-999,新北市,06,坪林區,053
24.8944,121.7375,四堵,C0A540,2017-02-27T17:00:00+08:00,401.0,0.0,0.0,10.5,0.98,978.2,-99.0,0.0,-9.9,-99,-999,新北市,06,坪林區,053
24.8944,121.7375,四堵,C0A540,2017-02-27T18:00:00+08:00,401.0,0.0,0.0,10.6,0.98,978.5,-99.0,0.0,-9.9,-99,-999,新北市,06,坪林區,053
24.8944,121.7375,四堵,C0A540,2017-02-27T19:00:00+08:00,401.0,0.0,0.0,10.4,0.98,978.4,-99.0,0.0,-9.9,-99,-999,新北市,06,坪林區,053
24.8944,121.7375,四堵,C0A540,2017-02-27T20:00:00+08:00,401.0,0.0,0.0,10.4,0.95,978.6,-99.0,0.0,-9.9,-99,-999,新北市,06,坪林區,053
24.8944,121.7375,四堵,C0A540,2017-02-27T21:00:00+08:00,401.0,0.0,0.0,10.6,0.98,978.5,-99.0,0.0,-9.9,-99,-999,新北市,06,坪林區,053
24.8944,121.7375,四堵,C0A540,2017-02-27T22:00:00+08:00,401.0,0.0,0.0,10.3,0.99,978.6,-99.0,0.0,-9.9,-99,-999,新北市,06,坪林區,053
24.8944,121.7375,四堵,C0A540,2017-02-27T23:00:00+08:00,401.0,0.0,0.0,10.5,0.98,978.1,-99.0,0.0,-9.9,-99,-999,新北市,06,坪林區,053
24.8944,121.7375,四堵,C0A540,2017-02-28T00:00:00+08:00,401.0,0.0,0.0,10.6,0.98,977.8,-99.0,0.0,-9.9,-99,-999,新北市,06,坪林區,053
24.8944,121.7375,四堵,C0A540,2017-02-28T01:00:00+08:00,401.0,0.0,0.2,12.2,0.86,977.2,-99.0,0.0,-9.9,-99,-999,新北市,06,坪林區,053
24.8944,121.7375,四堵,C0A540,2017-02-28T02:00:00+08:00,401.0,158.0,0.6,12.2,0.85,976.9,-99.0,0.0,-9.9,-99,-999,新北市,06,坪林區,053
24.8944,121.7375,四堵,C0A540,2017-02-28T03:00:00+08:00,401.0,0.0,0.0,11.8,0.93,976.7,-99.0,0.0,-9.9,-99,-999,新北市,06,坪林區,053
24.8944,121.7375,四堵,C0A540,2017-02-28T04:00:00+08:00,401.0,0.0,0.0,12.3,0.92,976.1,-99.0,0.0,-9.9,-99,-999,新北市,06,坪林區,053
24.8944,121.7375,四堵,C0A540,2017-02-28T05:00:00+08:00,401.0,57.0,0.3,12.2,0.95,976.4,-99.0,0.0,-9.9,-99,-999,新北市,06,坪林區,053
24.8944,121.7375,四堵,C0A540,2017-02-28T06:00:00+08:00,401.0,45.0,1.1,12.0,0.96,976.6,-99.0,0.0,-9.9,-99,-999,新北市,06,坪林區,053
24.8944,121.7375,四堵,C0A540,2017-02-28T07:00:00+08:00,401.0,71.0,0.8,11.5,0.97,976.9,-99.0,0.0,-9.9,-99,-999,新北市,06,坪林區,053
24.8944,121.7375,四堵,C0A540,2017-02-28T08:00:00+08:00,401.0,17.0,1.3,11.5,0.96,977.5,-99.0,0.5,-9.9,-99,-999,新北市,06,坪林區,053
24.8944,121.7375,四堵,C0A540,2017-02-28T09:00:00+08:00,401.0,81.0,0.4,11.5,0.98,977.6,-99.0,0.5,-9.9,-99,-999,新北市,06,坪林區,053
24.8944,121.7375,四堵,C0A540,2017-02-28T10:00:00+08:00,401.0,87.0,0.5,11.6,0.96,977.1,-99.0,0.5,-9.9,-99,-999,新北市,06,坪林區,053
24.8944,121.7375,四堵,C0A540,2017-02-28T11:00:00+08:00,401.0,45.0,0.3,11.5,0.96,977.1,-99.0,0.5,-9.9,-99,-999,新北市,06,坪林區,053
24.8944,121.7375,四堵,C0A540,2017-02-28T12:00:00+08:00,401.0,73.0,0.3,11.6,0.97,976.4,-99.0,0.5,-9.9,-99,-999,新北市,06,坪林區,053
24.8944,121.7375,四堵,C0A540,2017-02-28T13:00:00+08:00,401.0,0.0,0.1,11.7,0.97,975.6,-99.0,0.5,-9.9,-99,-999,新北市,06,坪林區,053
24.8944,121.7375,四堵,C0A540,2017-02-28T14:00:00+08:00,401.0,0.0,0.0,11.7,0.97,974.8,-99.0,0.5,-9.9,-99,-999,新北市,06,坪林區,053
24.8944,121.7375,四堵,C0A540,2017-02-28T15:00:00+08:00,401.0,0.0,0.2,11.6,0.96,974.2,-99.0,1.0,-9.9,-99,-999,新北市,06,坪林區,053
24.8944,121.7375,四堵,C0A540,2017-02-28T16:00:00+08:00,401.0,0.0,0.2,11.5,0.94,973.7,-99.0,1.0,-9.9,-99,-999,新北市,06,坪林區,053
24.8944,121.7375,四堵,C0A540,2017-02-28T17:00:00+08:00,401.0,69.0,1.2,11.5,0.91,973.4,-99.0,1.0,-9.9,-99,-999,新北市,06,坪林區,053
24.8944,121.7375,四堵,C0A540,2017-02-28T18:00:00+08:00,401.0,117.0,0.3,11.6,0.92,973.7,-99.0,1.0,-9.9,-99,-999,新北市,06,坪林區,053
24.8944,121.7375,四堵,C0A540,2017-02-28T19:00:00+08:00,401.0,0.0,0.2,11.6,0.93,974.2,-99.0,1.0,-9.9,-99,-999,新北市,06,坪林區,053
24.8944,121.7375,四堵,C0A540,2017-02-28T20:00:00+08:00,401.0,0.0,0.0,11.4,0.97,974.2,-99.0,1.0,-9.9,-99,-999,新北市,06,坪林區,053
24.8944,121.7375,四堵,C0A540,2017-02-28T21:00:00+08:00,401.0,93.0,1.6,11.7,0.95,974.1,-99.0,1.0,-9.9,-99,-999,新北市,06,坪林區,053
24.8944,121.7375,四堵,C0A540,2017-02-28T22:00:00+08:00,401.0,87.0,0.7,12.2,0.93,973.9,-99.0,1.0,-9.9,-99,-999,新北市,06,坪林區,053
24.8944,121.7375,四堵,C0A540,2017-02-28T23:00:00+08:00,401.0,0.0,0.0,12.4,0.94,973.8,-99.0,1.0,-9.9,-99,-999,新北市,06,坪林區,053
