25.2656,121.5573,富貴角,C0A920,2017-02-01T07:00:00+08:00,196.0,73.0,2.9,14.6,1.00,999.7,-99.0,1.5,-9.9,-99,-999,新北市,06,石門區,001
25.2656,121.5573,富貴角,C0A920,2017-02-01T05:00:00+08:00,196.0,89.0,1.3,15.0,1.00,999.2,-99.0,0.5,-9.9,-99,-999,新北市,06,石門區,001
25.2656,121.5573,富貴角,C0A920,2017-02-01T02:00:00+08:00,196.0,109.0,1.1,14.9,1.00,998.3,-99.0,0.0,-9.9,-99,-999,新北市,06,石門區,001
25.2656,121.5573,富貴角,C0A920,2017-02-01T11:00:00+08:00,196.0,73.0,2.6,14.6,0.96,1001.2,-99.0,2.0,-9.9,-99,-999,新北市,06,石門區,001
25.2656,121.5573,富貴角,C0A920,2017-02-02T10:00:00+08:00,196.0,62.0,4.2,13.1,0.87,1003.9,-99.0,0.0,-9.9,-99,-999,新北市,06,石門區,001
25.2656,121.5573,富貴角,C0A920,2017-02-02T08:00:00+08:00,196.0,57.0,4.0,13.1,0.88,1003.6,-99.0,0.0,-9.9,-99,-999,新北市,06,石門區,001
25.2656,121.5573,富貴角,C0A920,2017-02-02T11:00:00+08:00,196.0,68.0,4.1,13.1,0.86,1003.2,-99.0,0.0,-9.9,-99,-999,新北市,06,石門區,001
25.2656,121.5573,富貴角,C0A920,2017-02-02T14:00:00+08:00,196.0,65.0,3.6,13.3,0.82,1001.0,-99.0,0.0,-9.9,-99,-999,新北市,06,石門區,001
25.2656,121.5573,富貴角,C0A920,2017-02-02T15:00:00+08:00,196.0,72.0,3.7,13.3,0.83,1000.7,-99.0,0.0,-9.9,-99,-999,新北市,06,石門區,001
25.2656,121.5573,富貴角,C0A920,2017-02-02T16:00:00+08:00,196.0,73.0,2.8,13.3,0.83,1000.6,-99.0,0.0,-9.9,-99,-999,新北市,06,石門區,001
25.2656,121.5573,富貴角,C0A920,2017-02-02T17:00:00+08:00,196.0,69.0,4.2,13.3,0.83,1000.9,-99.0,0.0,-9.9,-99,-999,新北市,06,石門區,001
25.2656,121.5573,富貴角,C0A920,2017-02-02T18:00:00+08:00,196.0,70.0,3.4,13.4,0.83,1001.5,-99.0,0.0,-9.9,-99,-999,新北市,06,石門區,001
25.2656,121.5573,富貴角,C0A920,2017-02-02T19:00:00+08:00,196.0,71.0,3.6,13.6,0.82,1001.5,-99.0,0.0,-9.9,-99,-999,新北市,06,石門區,001
25.2656,121.5573,富貴角,C0A920,2017-02-02T20:00:00+08:00,196.0,80.0,3.8,13.3,0.85,1001.6,-99.0,0.0,-9.9,-99,-999,新北市,06,石門區,001
25.2656,121.5573,富貴角,C0A920,2017-02-02T21:00:00+08:00,196.0,83.0,2.9,13.5,0.84,1001.5,-99.0,0.0,-9.9,-99,-999,新北市,06,石門區,001
25.2656,121.5573,富貴角,C0A920,2017-02-02T22:00:00+08:00,196.0,89.0,2.9,13.6,0.84,1001.1,-99.0,0.0,-9.9,-99,-999,新北市,06,石門區,001
25.2656,121.5573,富貴角,C0A920,2017-02-02T23:00:00+08:00,196.0,82.0,3.0,13.8,0.88,1000.4,-99.0,0.0,-9.9,-99,-999,新北市,06,石門區,001
25.2656,121.5573,富貴角,C0A920,2017-02-03T00:00:00+08:00,196.0,95.0,3.2,14.1,0.87,1000.1,-99.0,0.0,-9.9,-99,-999,新北市,06,石門區,001
25.2656,121.5573,富貴角,C0A920,2017-02-03T01:00:00+08:00,196.0,94.0,2.4,14.5,0.88,999.6,-99.0,0.0,-9.9,-99,-999,新北市,06,石門區,001
25.2656,121.5573,富貴角,C0A920,2017-02-03T02:00:00+08:00,196.0,100.0,3.1,14.7,0.86,998.8,-99.0,0.0,-9.9,-99,-999,新北市,06,石門區,001
25.2656,121.5573,富貴角,C0A920,2017-02-03T03:00:00+08:00,196.0,97.0,2.2,14.9,0.88,998.3,-99.0,0.0,-9.9,-99,-999,新北市,06,石門區,001
25.2656,121.5573,富貴角,C0A920,2017-02-03T04:00:00+08:00,196.0,105.0,1.7,15.2,0.90,998.1,-99.0,0.0,-9.9,-99,-999,新北市,06,石門區,001
25.2656,121.5573,富貴角,C0A920,2017-02-03T05:00:00+08:00,196.0,101.0,1.7,15.3,0.93,998.5,-99.0,0.0,-9.9,-99,-999,新北市,06,石門區,001
25.2656,121.5573,富貴角,C0A920,2017-02-03T06:00:00+08:00,196.0,108.0,1.5,14.9,0.97,998.6,-99.0,0.0,-9.9,-99,-999,新北市,06,石門區,001
25.2656,121.5573,富貴角,C0A920,2017-02-03T07:00:00+08:00,196.0,114.0,1.2,14.8,0.99,998.6,-99.0,0.0,-9.9,-99,-999,新北市,06,石門區,001
25.2656,121.5573,富貴角,C0A920,2017-02-03T08:00:00+08:00,196.0,116.0,1.3,15.1,1.00,999.0,-99.0,0.5,-9.9,-99,-999,新北市,06,石門區,001
25.2656,121.5573,富貴角,C0A920,2017-02-03T10:00:00+08:00,196.0,118.0,1.7,16.5,0.99,999.3,-99.0,0.5,-9.9,-99,-999,新北市,06,石門區,001
25.2656,121.5573,富貴角,C0A920,2017-02-03T11:00:00+08:00,196.0,111.0,2.6,17.9,0.91,998.1,-99.0,0.5,-9.9,-99,-999,新北市,06,石門區,001
25.2656,121.5573,富貴角,C0A920,2017-02-03T12:00:00+08:00,196.0,107.0,2.2,18.8,0.86,996.9,-99.0,0.5,-9.9,-99,-999,新北市,06,石門區,001
25.2656,121.5573,富貴角,C0A920,2017-02-03T13:00:00+08:00,196.0,107.0,2.6,19.8,0.82,995.7,-99.0,0.5,-9.9,-99,-999,新北市,06,石門區,001
25.2656,121.5573,富貴角,C0A920,2017-02-03T14:00:00+08:00,196.0,112.0,2.6,19.3,0.84,994.9,-99.0,0.5,-9.9,-99,-999,新北市,06,石門區,001
25.2656,121.5573,富貴角,C0A920,2017-02-03T15:00:00+08:00,196.0,110.0,3.0,19.7,0.85,994.2,-99.0,0.5,-9.9,-99,-999,新北市,06,石門區,001
25.2656,121.5573,富貴角,C0A920,2017-02-03T16:00:00+08:00,196.0,108.0,2.9,18.9,0.89,994.4,-99.0,0.5,-9.9,-99,-999,新北市,06,石門區,001
25.2656,121.5573,富貴角,C0A920,2017-02-03T17:00:00+08:00,196.0,118.0,2.4,18.0,0.92,994.7,-99.0,0.5,-9.9,-99,-999,新北市,06,石門區,001
25.2656,121.5573,富貴角,C0A920,2017-02-03T18:00:00+08:00,196.0,119.0,2.1,17.3,0.96,994.6,-99.0,0.5,-9.9,-99,-999,新北市,06,石門區,001
25.2656,121.5573,富貴角,C0A920,2017-02-03T19:00:00+08:00,196.0,122.0,2.0,17.8,0.92,995.0,-99.0,0.5,-9.9,-99,-999,新北市,06,石門區,001
25.2656,121.5573,富貴角,C0A920,2017-02-03T20:00:00+08:00,196.0,119.0,1.7,18.0,0.89,995.3,-99.0,0.5,-9.9,-99,-999,新北市,06,石門區,001
25.2656,121.5573,富貴角,C0A920,2017-02-03T21:00:00+08:00,196.0,124.0,2.2,18.1,0.88,995.2,-99.0,0.5,-9.9,-99,-999,新北市,06,石門區,001
25.2656,121.5573,富貴角,C0A920,2017-02-03T22:00:00+08:00,196.0,126.0,2.4,18.2,0.86,995.1,-99.0,0.5,-9.9,-99,-999,新北市,06,石門區,001
25.2656,121.5573,富貴角,C0A920,2017-02-03T23:00:00+08:00,196.0,127.0,1.8,18.5,0.82,995.0,-99.0,0.5,-9.9,-99,-999,新北市,06,石門區,001
25.2656,121.5573,富貴角,C0A920,2017-02-04T00:00:00+08:00,196.0,75.0,0.3,18.3,0.80,995.1,-99.0,0.5,-9.9,-99,-999,新北市,06,石門區,001
25.2656,121.5573,富貴角,C0A920,2017-02-04T01:00:00+08:00,196.0,0.0,0.0,17.1,0.89,994.9,-99.0,0.0,-9.9,-99,-999,新北市,06,石門區,001
25.2656,121.5573,富貴角,C0A920,2017-02-04T02:00:00+08:00,196.0,121.0,0.5,17.2,0.90,994.1,-99.0,0.0,-9.9,-99,-999,新北市,06,石門區,001
25.2656,121.5573,富貴角,C0A920,2017-02-04T03:00:00+08:00,196.0,163.0,0.6,17.8,0.84,993.7,-99.0,0.0,-9.9,-99,-999,新北市,06,石門區,001
25.2656,121.5573,富貴角,C0A920,2017-02-04T05:00:00+08:00,196.0,0.0,0.2,16.6,0.92,993.0,-99.0,0.0,-9.9,-99,-999,新北市,06,石門區,001
25.2656,121.5573,富貴角,C0A920,2017-02-04T06:00:00+08:00,196.0,216.0,0.7,16.4,0.93,993.4,-99.0,0.0,-9.9,-99,-999,新北市,06,石門區,001
25.2656,121.5573,富貴角,C0A920,2017-02-04T07:00:00+08:00,196.0,222.0,0.6,16.9,0.91,994.2,-99.0,0.0,-9.9,-99,-999,新北市,06,石門區,001
25.2656,121.5573,富貴角,C0A920,2017-02-04T08:00:00+08:00,196.0,0.0,0.2,16.8,0.91,994.4,-99.0,0.0,-9.9,-99,-999,新北市,06,石門區,001
25.2656,121.5573,富貴角,C0A920,2017-02-04T10:00:00+08:00,196.0,286.0,0.8,17.8,0.95,994.5,-99.0,0.0,-9.9,-99,-999,新北市,06,石門區,001
25.2656,121.5573,富貴角,C0A920,2017-02-04T11:00:00+08:00,196.0,299.0,0.9,19.2,0.87,994.0,-99.0,0.0,-9.9,-99,-999,新北市,06,石門區,001
25.2656,121.5573,富貴角,C0A920,2017-02-04T12:00:00+08:00,196.0,284.0,0.6,19.2,0.89,992.9,-99.0,0.0,-9.9,-99,-999,新北市,06,石門區,001
25.2656,121.5573,富貴角,C0A920,2017-02-04T13:00:00+08:00,196.0,298.0,1.8,18.7,0.91,991.5,-99.0,0.0,-9.9,-99,-999,新北市,06,石門區,001
25.2656,121.5573,富貴角,C0A920,2017-02-04T14:00:00+08:00,196.0,295.0,1.4,18.4,0.94,990.7,-99.0,0.0,-9.9,-99,-999,新北市,06,石門區,001
25.2656,121.5573,富貴角,C0A920,2017-02-04T15:00:00+08:00,196.0,294.0,0.7,18.3,0.95,990.3,-99.0,0.0,-9.9,-99,-999,新北市,06,石門區,001
25.2656,121.5573,富貴角,C0A920,2017-02-04T16:00:00+08:00,196.0,285.0,1.6,17.5,0.96,990.1,-99.0,0.0,-9.9,-99,-999,新北市,06,石門區,001
25.2656,121.5573,富貴角,C0A920,2017-02-04T17:00:00+08:00,196.0,291.0,0.5,17.2,0.98,990.3,-99.0,0.0,-9.9,-99,-999,新北市,06,石門區,001
25.2656,121.5573,富貴角,C0A920,2017-02-04T18:00:00+08:00,196.0,277.0,1.1,16.3,0.99,990.7,-99.0,0.0,-9.9,-99,-999,新北市,06,石門區,001
25.2656,121.5573,富貴角,C0A920,2017-02-04T19:00:00+08:00,196.0,254.0,1.4,16.0,1.00,991.3,-99.0,0.0,-9.9,-99,-999,新北市,06,石門區,001
25.2656,121.5573,富貴角,C0A920,2017-02-04T20:00:00+08:00,196.0,271.0,0.7,15.5,1.00,991.6,-99.0,0.0,-9.9,-99,-999,新北市,06,石門區,001
25.2656,121.5573,富貴角,C0A920,2017-02-04T21:00:00+08:00,196.0,0.0,0.0,15.1,1.00,991.8,-99.0,0.0,-9.9,-99,-999,新北市,06,石門區,001
25.2656,121.5573,富貴角,C0A920,2017-02-04T22:00:00+08:00,196.0,0.0,0.0,15.1,1.00,991.5,-99.0,0.0,-9.9,-99,-999,新北市,06,石門區,001
25.2656,121.5573,富貴角,C0A920,2017-02-04T23:00:00+08:00,196.0,0.0,0.0,14.9,1.00,991.4,-99.0,0.0,-9.9,-99,-999,新北市,06,石門區,001
25.2656,121.5573,富貴角,C0A920,2017-02-05T00:00:00+08:00,196.0,54.0,0.6,15.4,1.00,991.0,-99.0,0.0,-9.9,-99,-999,新北市,06,石門區,001
25.2656,121.5573,富貴角,C0A920,2017-02-05T01:00:00+08:00,196.0,291.0,0.7,14.4,1.00,991.0,-99.0,0.0,-9.9,-99,-999,新北市,06,石門區,001
25.2656,121.5573,富貴角,C0A920,2017-02-05T02:00:00+08:00,196.0,246.0,1.7,15.2,1.00,990.6,-99.0,0.0,-9.9,-99,-999,新北市,06,石門區,001
25.2656,121.5573,富貴角,C0A920,2017-02-05T03:00:00+08:00,196.0,252.0,1.9,15.4,1.00,990.2,-99.0,0.0,-9.9,-99,-999,新北市,06,石門區,001
25.2656,121.5573,富貴角,C0A920,2017-02-05T04:00:00+08:00,196.0,264.0,2.0,15.3,1.00,990.3,-99.0,0.0,-9.9,-99,-999,新北市,06,石門區,001
25.2656,121.5573,富貴角,C0A920,2017-02-05T05:00:00+08:00,196.0,263.0,1.8,15.1,1.00,990.5,-99.0,0.0,-9.9,-99,-999,新北市,06,石門區,001
25.2656,121.5573,富貴角,C0A920,2017-02-05T06:00:00+08:00,196.0,253.0,2.1,15.2,1.00,991.5,-99.0,0.0,-9.9,-99,-999,新北市,06,石門區,001
25.2656,121.5573,富貴角,C0A920,2017-02-05T08:00:00+08:00,196.0,262.0,2.4,15.3,1.00,992.6,-99.0,0.0,-9.9,-99,-999,新北市,06,石門區,001
25.2656,121.5573,富貴角,C0A920,2017-02-05T10:00:00+08:00,196.0,354.0,1.1,16.5,1.00,992.7,-99.0,0.0,-9.9,-99,-999,新北市,06,石門區,001
25.2656,121.5573,富貴角,C0A920,2017-02-05T11:00:00+08:00,196.0,0.0,0.2,18.6,0.87,992.9,-99.0,0.0,-9.9,-99,-999,新北市,06,石門區,001
25.2656,121.5573,富貴角,C0A920,2017-02-05T12:00:00+08:00,196.0,37.0,1.5,18.7,0.89,992.2,-99.0,0.0,-9.9,-99,-999,新北市,06,石門區,001
25.2656,121.5573,富貴角,C0A920,2017-02-05T13:00:00+08:00,196.0,0.0,0.2,17.5,0.97,991.8,-99.0,0.0,-9.9,-99,-999,新北市,06,石門區,001
25.2656,121.5573,富貴角,C0A920,2017-02-05T14:00:00+08:00,196.0,46.0,1.5,17.2,1.00,991.1,-99.0,0.0,-9.9,-99,-999,新北市,06,石門區,001
25.2656,121.5573,富貴角,C0A920,2017-02-05T15:00:00+08:00,196.0,46.0,3.4,16.8,1.00,991.0,-99.0,0.0,-9.9,-99,-999,新北市,06,石門區,001
25.2656,121.5573,富貴角,C0A920,2017-02-05T16:00:00+08:00,196.0,49.0,3.7,16.2,1.00,991.4,-99.0,0.0,-9.9,-99,-999,新北市,06,石門區,001
25.2656,121.5573,富貴角,C0A920,2017-02-05T17:00:00+08:00,196.0,45.0,4.7,15.6,1.00,992.0,-99.0,0.0,-9.9,-99,-999,新北市,06,石門區,001
25.2656,121.5573,富貴角,C0A920,2017-02-05T18:00:00+08:00,196.0,47.0,4.4,15.4,1.00,992.6,-99.0,0.0,-9.9,-99,-999,新北市,06,石門區,001
25.2656,121.5573,富貴角,C0A920,2017-02-05T19:00:00+08:00,196.0,51.0,4.4,15.6,1.00,993.1,-99.0,0.0,-9.9,-99,-999,新北市,06,石門區,001
25.2656,121.5573,富貴角,C0A920,2017-02-05T20:00:00+08:00,196.0,59.0,3.2,15.7,0.98,994.1,-99.0,0.0,-9.9,-99,-999,新北市,06,石門區,001
25.2656,121.5573,富貴角,C0A920,2017-02-05T21:00:00+08:00,196.0,64.0,3.5,15.4,0.96,994.3,-99.0,0.0,-9.9,-99,-999,新北市,06,石門區,001
25.2656,121.5573,富貴角,C0A920,2017-02-05T22:00:00+08:00,196.0,65.0,3.6,15.3,0.93,994.5,-99.0,0.0,-9.9,-99,-999,新北市,06,石門區,001
25.2656,121.5573,富貴角,C0A920,2017-02-05T23:00:00+08:00,196.0,77.0,3.4,15.3,0.92,994.6,-99.0,0.0,-9.9,-99,-999,新北市,06,石門區,001
25.2656,121.5573,富貴角,C0A920,2017-02-06T00:00:00+08:00,196.0,73.0,3.6,15.2,0.91,994.6,-99.0,0.0,-9.9,-99,-999,新北市,06,石門區,001
25.2656,121.5573,富貴角,C0A920,2017-02-06T01:00:00+08:00,196.0,83.0,2.6,15.0,0.92,994.1,-99.0,0.0,-9.9,-99,-999,新北市,06,石門區,001
25.2656,121.5573,富貴角,C0A920,2017-02-06T02:00:00+08:00,196.0,80.0,2.9,15.5,0.89,993.5,-99.0,0.0,-9.9,-99,-999,新北市,06,石門區,001
25.2656,121.5573,富貴角,C0A920,2017-02-06T03:00:00+08:00,196.0,82.0,3.0,15.3,0.88,993.4,-99.0,0.0,-9.9,-99,-999,新北市,06,石門區,001
25.2656,121.5573,富貴角,C0A920,2017-02-06T04:00:00+08:00,196.0,69.0,3.8,15.3,0.85,993.3,-99.0,0.0,-9.9,-99,-999,新北市,06,石門區,001
25.2656,121.5573,富貴角,C0A920,2017-02-06T05:00:00+08:00,196.0,73.0,3.6,15.3,0.83,993.6,-99.0,0.0,-9.9,-99,-999,新北市,06,石門區,001
25.2656,121.5573,富貴角,C0A920,2017-02-06T06:00:00+08:00,196.0,74.0,3.3,15.2,0.79,994.5,-99.0,0.0,-9.9,-99,-999,新北市,06,石門區,001
25.2656,121.5573,富貴角,C0A920,2017-02-06T07:00:00+08:00,196.0,68.0,4.9,15.1,0.79,995.2,-99.0,0.0,-9.9,-99,-999,新北市,06,石門區,001
25.2656,121.5573,富貴角,C0A920,2017-02-06T08:00:00+08:00,196.0,69.0,3.8,15.2,0.79,996.3,-99.0,0.0,-9.9,-99,-999,新北市,06,石門區,001
25.2656,121.5573,富貴角,C0A920,2017-02-06T10:00:00+08:00,196.0,64.0,4.2,15.2,0.76,997.4,-99.0,0.0,-9.9,-99,-999,新北市,06,石門區,001
25.2656,121.5573,富貴角,C0A920,2017-02-06T11:00:00+08:00,196.0,71.0,4.0,15.9,0.74,997.4,-99.0,0.0,-9.9,-99,-999,新北市,06,石門區,001
25.2656,121.5573,富貴角,C0A920,2017-02-06T12:00:00+08:00,196.0,79.0,3.5,16.9,0.73,996.6,-99.0,0.0,-9.9,-99,-999,新北市,06,石門區,001
25.2656,121.5573,富貴角,C0A920,2017-02-06T13:00:00+08:00,196.0,75.0,4.5,16.2,0.71,995.8,-99.0,0.0,-9.9,-99,-999,新北市,06,石門區,001
25.2656,121.5573,富貴角,C0A920,2017-02-06T14:00:00+08:00,196.0,74.0,3.8,16.0,0.72,995.5,-99.0,0.0,-9.9,-99,-999,新北市,06,石門區,001
25.2656,121.5573,富貴角,C0A920,2017-02-06T15:00:00+08:00,196.0,73.0,3.9,15.7,0.73,995.3,-99.0,0.0,-9.9,-99,-999,新北市,06,石門區,001
25.2656,121.5573,富貴角,C0A920,2017-02-06T16:00:00+08:00,196.0,70.0,4.5,15.4,0.75,995.4,-99.0,0.0,-9.9,-99,-999,新北市,06,石門區,001
25.2656,121.5573,富貴角,C0A920,2017-02-06T17:00:00+08:00,196.0,70.0,4.0,14.7,0.78,995.9,-99.0,0.0,-9.9,-99,-999,新北市,06,石門區,001
25.2656,121.5573,富貴角,C0A920,2017-02-06T18:00:00+08:00,196.0,75.0,3.5,14.5,0.74,996.4,-99.0,0.0,-9.9,-99,-999,新北市,06,石門區,001
25.2656,121.5573,富貴角,C0A920,2017-02-06T19:00:00+08:00,196.0,80.0,4.4,14.5,0.73,996.9,-99.0,0.0,-9.9,-99,-999,新北市,06,石門區,001
25.2656,121.5573,富貴角,C0A920,2017-02-06T20:00:00+08:00,196.0,86.0,3.8,14.4,0.74,997.2,-99.0,0.0,-9.9,-99,-999,新北市,06,石門區,001
25.2656,121.5573,富貴角,C0A920,2017-02-06T21:00:00+08:00,196.0,93.0,3.7,14.4,0.74,997.0,-99.0,0.0,-9.9,-99,-999,新北市,06,石門區,001
25.2656,121.5573,富貴角,C0A920,2017-02-06T22:00:00+08:00,196.0,89.0,3.7,14.4,0.74,997.1,-99.0,0.0,-9.9,-99,-999,新北市,06,石門區,001
25.2656,121.5573,富貴角,C0A920,2017-02-06T23:00:00+08:00,196.0,87.0,4.4,14.6,0.67,996.8,-99.0,0.0,-9.9,-99,-999,新北市,06,石門區,001
25.2656,121.5573,富貴角,C0A920,2017-02-07T00:00:00+08:00,196.0,91.0,3.6,14.5,0.73,996.8,-99.0,0.0,-9.9,-99,-999,新北市,06,石門區,001
25.2656,121.5573,富貴角,C0A920,2017-02-07T01:00:00+08:00,196.0,81.0,4.0,14.6,0.72,996.9,-99.0,0.0,-9.9,-99,-999,新北市,06,石門區,001
25.2656,121.5573,富貴角,C0A920,2017-02-07T02:00:00+08:00,196.0,82.0,3.6,14.5,0.73,996.9,-99.0,0.0,-9.9,-99,-999,新北市,06,石門區,001
25.2656,121.5573,富貴角,C0A920,2017-02-07T03:00:00+08:00,196.0,83.0,3.8,14.3,0.75,996.3,-99.0,0.0,-9.9,-99,-999,新北市,06,石門區,001
25.2656,121.5573,富貴角,C0A920,2017-02-07T04:00:00+08:00,196.0,79.0,3.7,14.3,0.76,996.4,-99.0,0.0,-9.9,-99,-999,新北市,06,石門區,001
25.2656,121.5573,富貴角,C0A920,2017-02-07T05:00:00+08:00,196.0,80.0,3.1,14.4,0.73,996.4,-99.0,0.0,-9.9,-99,-999,新北市,06,石門區,001
25.2656,121.5573,富貴角,C0A920,2017-02-07T06:00:00+08:00,196.0,83.0,4.2,14.3,0.73,996.7,-99.0,0.0,-9.9,-99,-999,新北市,06,石門區,001
25.2656,121.5573,富貴角,C0A920,2017-02-07T07:00:00+08:00,196.0,94.0,3.3,14.4,0.71,996.5,-99.0,0.0,-9.9,-99,-999,新北市,06,石門區,001
25.2656,121.5573,富貴角,C0A920,2017-02-07T08:00:00+08:00,196.0,95.0,3.2,14.6,0.75,997.0,-99.0,0.0,-9.9,-99,-999,新北市,06,石門區,001
25.2656,121.5573,富貴角,C0A920,2017-02-07T10:00:00+08:00,196.0,86.0,2.9,15.4,0.70,997.8,-99.0,0.0,-9.9,-99,-999,新北市,06,石門區,001
25.2656,121.5573,富貴角,C0A920,2017-02-07T11:00:00+08:00,196.0,84.0,3.2,16.2,0.72,997.2,-99.0,0.0,-9.9,-99,-999,新北市,06,石門區,001
25.2656,121.5573,富貴角,C0A920,2017-02-07T12:00:00+08:00,196.0,87.0,2.9,16.1,0.72,996.5,-99.0,0.0,-9.9,-99,-999,新北市,06,石門區,001
25.2656,121.5573,富貴角,C0A920,2017-02-07T13:00:00+08:00,196.0,88.0,3.4,16.4,0.71,995.6,-99.0,0.0,-9.9,-99,-999,新北市,06,石門區,001
25.2656,121.5573,富貴角,C0A920,2017-02-07T14:00:00+08:00,196.0,79.0,3.1,15.5,0.76,994.9,-99.0,0.0,-9.9,-99,-999,新北市,06,石門區,001
25.2656,121.5573,富貴角,C0A920,2017-02-07T15:00:00+08:00,196.0,93.0,3.2,15.3,0.78,994.6,-99.0,0.0,-9.9,-99,-999,新北市,06,石門區,001
25.2656,121.5573,富貴角,C0A920,2017-02-07T16:00:00+08:00,196.0,85.0,2.7,15.3,0.80,994.6,-99.0,0.0,-9.9,-99,-999,新北市,06,石門區,001
25.2656,121.5573,富貴角,C0A920,2017-02-07T17:00:00+08:00,196.0,99.0,2.8,15.3,0.81,994.7,-99.0,0.0,-9.9,-99,-999,新北市,06,石門區,001
25.2656,121.5573,富貴角,C0A920,2017-02-07T18:00:00+08:00,196.0,105.0,2.9,14.8,0.84,994.5,-99.0,0.0,-9.9,-99,-999,新北市,06,石門區,001
25.2656,121.5573,富貴角,C0A920,2017-02-07T19:00:00+08:00,196.0,102.0,2.4,14.9,0.83,994.3,-99.0,0.0,-9.9,-99,-999,新北市,06,石門區,001
25.2656,121.5573,富貴角,C0A920,2017-02-07T20:00:00+08:00,196.0,109.0,2.7,14.7,0.86,994.2,-99.0,0.0,-9.9,-99,-999,新北市,06,石門區,001
25.2656,121.5573,富貴角,C0A920,2017-02-07T21:00:00+08:00,196.0,105.0,3.1,15.0,0.86,993.9,-99.0,0.0,-9.9,-99,-999,新北市,06,石門區,001
25.2656,121.5573,富貴角,C0A920,2017-02-07T22:00:00+08:00,196.0,104.0,3.1,15.5,0.87,994.0,-99.0,0.0,-9.9,-99,-999,新北市,06,石門區,001
25.2656,121.5573,富貴角,C0A920,2017-02-07T23:00:00+08:00,196.0,89.0,2.8,15.6,0.87,993.7,-99.0,0.0,-9.9,-99,-999,新北市,06,石門區,001
25.2656,121.5573,富貴角,C0A920,2017-02-08T00:00:00+08:00,196.0,91.0,3.1,15.9,0.84,993.6,-99.0,0.0,-9.9,-99,-999,新北市,06,石門區,001
25.2656,121.5573,富貴角,C0A920,2017-02-08T02:00:00+08:00,196.0,105.0,2.0,15.7,0.88,992.3,-99.0,0.0,-9.9,-99,-999,新北市,06,石門區,001
25.2656,121.5573,富貴角,C0A920,2017-02-08T03:00:00+08:00,196.0,119.0,1.4,15.5,0.89,992.1,-99.0,0.0,-9.9,-99,-999,新北市,06,石門區,001
25.2656,121.5573,富貴角,C0A920,2017-02-08T04:00:00+08:00,196.0,121.0,1.1,15.7,0.89,992.2,-99.0,0.0,-9.9,-99,-999,新北市,06,石門區,001
25.2656,121.5573,富貴角,C0A920,2017-02-08T05:00:00+08:00,196.0,123.0,1.4,15.2,0.93,991.9,-99.0,0.0,-9.9,-99,-999,新北市,06,石門區,001
25.2656,121.5573,富貴角,C0A920,2017-02-08T06:00:00+08:00,196.0,109.0,1.2,15.8,0.89,992.3,-99.0,0.0,-9.9,-99,-999,新北市,06,石門區,001
25.2656,121.5573,富貴角,C0A920,2017-02-08T07:00:00+08:00,196.0,103.0,1.0,16.5,0.84,992.7,-99.0,0.0,-9.9,-99,-999,新北市,06,石門區,001
25.2656,121.5573,富貴角,C0A920,2017-02-08T08:00:00+08:00,196.0,274.0,1.1,16.0,0.89,993.5,-99.0,0.0,-9.9,-99,-999,新北市,06,石門區,001
25.2656,121.5573,富貴角,C0A920,2017-02-08T10:00:00+08:00,196.0,40.0,0.8,18.7,0.85,993.0,-99.0,0.0,-9.9,-99,-999,新北市,06,石門區,001
25.2656,121.5573,富貴角,C0A920,2017-02-08T11:00:00+08:00,196.0,7.0,0.7,17.5,0.94,993.4,-99.0,0.0,-9.9,-99,-999,新北市,06,石門區,001
25.2656,121.5573,富貴角,C0A920,2017-02-08T12:00:00+08:00,196.0,325.0,1.5,17.1,0.95,992.9,-99.0,0.0,-9.9,-99,-999,新北市,06,石門區,001
25.2656,121.5573,富貴角,C0A920,2017-02-08T13:00:00+08:00,196.0,311.0,1.5,17.0,0.96,992.2,-99.0,0.0,-9.9,-99,-999,新北市,06,石門區,001
25.2656,121.5573,富貴角,C0A920,2017-02-08T14:00:00+08:00,196.0,296.0,1.5,15.7,1.00,992.1,-99.0,0.0,-9.9,-99,-999,新北市,06,石門區,001
25.2656,121.5573,富貴角,C0A920,2017-02-08T15:00:00+08:00,196.0,295.0,1.5,14.6,1.00,992.3,-99.0,0.5,-9.9,-99,-999,新北市,06,石門區,001
25.2656,121.5573,富貴角,C0A920,2017-02-08T16:00:00+08:00,196.0,295.0,0.9,14.2,1.00,992.2,-99.0,0.5,-9.9,-99,-999,新北市,06,石門區,001
25.2656,121.5573,富貴角,C0A920,2017-02-08T17:00:00+08:00,196.0,310.0,0.8,14.2,1.00,992.4,-99.0,0.5,-9.9,-99,-999,新北市,06,石門區,001
25.2656,121.5573,富貴角,C0A920,2017-02-08T18:00:00+08:00,196.0,213.0,0.3,14.1,1.00,992.4,-99.0,0.5,-9.9,-99,-999,新北市,06,石門區,001
25.2656,121.5573,富貴角,C0A920,2017-02-08T19:00:00+08:00,196.0,288.0,1.9,14.2,1.00,993.0,-99.0,0.5,-9.9,-99,-999,新北市,06,石門區,001
25.2656,121.5573,富貴角,C0A920,2017-02-08T20:00:00+08:00,196.0,303.0,2.2,14.2,1.00,993.6,-99.0,1.0,-9.9,-99,-999,新北市,06,石門區,001
25.2656,121.5573,富貴角,C0A920,2017-02-08T21:00:00+08:00,196.0,334.0,2.4,13.8,1.00,994.3,-99.0,1.5,-9.9,-99,-999,新北市,06,石門區,001
25.2656,121.5573,富貴角,C0A920,2017-02-08T22:00:00+08:00,196.0,4.0,3.4,13.2,1.00,994.8,-99.0,2.5,-9.9,-99,-999,新北市,06,石門區,001
25.2656,121.5573,富貴角,C0A920,2017-02-08T23:00:00+08:00,196.0,14.0,3.8,12.5,1.00,995.3,-99.0,3.0,-9.9,-99,-999,新北市,06,石門區,001
25.2656,121.5573,富貴角,C0A920,2017-02-09T00:00:00+08:00,196.0,5.0,3.9,11.9,1.00,996.2,-99.0,5.0,-9.9,-99,-999,新北市,06,石門區,001
25.2656,121.5573,富貴角,C0A920,2017-02-09T01:00:00+08:00,196.0,10.0,3.6,10.8,0.99,996.8,-99.0,3.0,-9.9,-99,-999,新北市,06,石門區,001
25.2656,121.5573,富貴角,C0A920,2017-02-09T02:00:00+08:00,196.0,9.0,3.1,10.1,1.00,996.7,-99.0,3.5,-9.9,-99,-999,新北市,06,石門區,001
25.2656,121.5573,富貴角,C0A920,2017-02-09T03:00:00+08:00,196.0,18.0,3.3,9.4,1.00,996.6,-99.0,4.5,-9.9,-99,-999,新北市,06,石門區,001
25.2656,121.5573,富貴角,C0A920,2017-02-09T04:00:00+08:00,196.0,6.0,2.5,8.9,1.00,997.2,-99.0,6.0,-9.9,-99,-999,新北市,06,石門區,001
25.2656,121.5573,富貴角,C0A920,2017-02-09T05:00:00+08:00,196.0,22.0,4.0,8.3,1.00,997.3,-99.0,6.5,-9.9,-99,-999,新北市,06,石門區,001
25.2656,121.5573,富貴角,C0A920,2017-02-09T06:00:00+08:00,196.0,17.0,2.3,8.6,0.98,997.8,-99.0,6.5,-9.9,-99,-999,新北市,06,石門區,001
25.2656,121.5573,富貴角,C0A920,2017-02-09T07:00:00+08:00,196.0,28.0,3.4,8.9,0.93,998.1,-99.0,6.5,-9.9,-99,-999,新北市,06,石門區,001
25.2656,121.5573,富貴角,C0A920,2017-02-09T08:00:00+08:00,196.0,20.0,3.4,8.6,0.93,998.6,-99.0,6.5,-9.9,-99,-999,新北市,06,石門區,001
25.2656,121.5573,富貴角,C0A920,2017-02-09T10:00:00+08:00,196.0,359.0,2.4,9.1,0.84,999.5,-99.0,6.5,-9.9,-99,-999,新北市,06,石門區,001
25.2656,121.5573,富貴角,C0A920,2017-02-09T11:00:00+08:00,196.0,12.0,2.4,9.0,0.81,999.4,-99.0,6.5,-9.9,-99,-999,新北市,06,石門區,001
25.2656,121.5573,富貴角,C0A920,2017-02-09T12:00:00+08:00,196.0,4.0,1.9,9.0,0.79,998.5,-99.0,6.5,-9.9,-99,-999,新北市,06,石門區,001
25.2656,121.5573,富貴角,C0A920,2017-02-09T13:00:00+08:00,196.0,17.0,3.4,8.8,0.80,997.5,-99.0,6.5,-9.9,-99,-999,新北市,06,石門區,001
25.2656,121.5573,富貴角,C0A920,2017-02-09T15:00:00+08:00,196.0,18.0,3.2,8.7,0.78,997.4,-99.0,6.5,-9.9,-99,-999,新北市,06,石門區,001
25.2656,121.5573,富貴角,C0A920,2017-02-09T16:00:00+08:00,196.0,21.0,3.4,8.7,0.76,997.6,-99.0,6.5,-9.9,-99,-999,新北市,06,石門區,001
25.2656,121.5573,富貴角,C0A920,2017-02-09T17:00:00+08:00,196.0,33.0,3.6,8.2,0.76,998.2,-99.0,6.5,-9.9,-99,-999,新北市,06,石門區,001
25.2656,121.5573,富貴角,C0A920,2017-02-09T18:00:00+08:00,196.0,25.0,3.0,7.7,0.74,998.6,-99.0,6.5,-9.9,-99,-999,新北市,06,石門區,001
25.2656,121.5573,富貴角,C0A920,2017-02-09T19:00:00+08:00,196.0,40.0,3.3,7.6,0.75,998.9,-99.0,6.5,-9.9,-99,-999,新北市,06,石門區,001
25.2656,121.5573,富貴角,C0A920,2017-02-09T21:00:00+08:00,196.0,46.0,2.8,7.9,0.73,999.5,-99.0,6.5,-9.9,-99,-999,新北市,06,石門區,001
25.2656,121.5573,富貴角,C0A920,2017-02-09T22:00:00+08:00,196.0,47.0,3.3,8.5,0.72,999.9,-99.0,6.5,-9.9,-99,-999,新北市,06,石門區,001
25.2656,121.5573,富貴角,C0A920,2017-02-09T23:00:00+08:00,196.0,38.0,2.5,8.3,0.68,1000.0,-99.0,6.5,-9.9,-99,-999,新北市,06,石門區,001
25.2656,121.5573,富貴角,C0A920,2017-02-10T00:00:00+08:00,196.0,43.0,2.5,8.3,0.68,1000.0,-99.0,6.5,-9.9,-99,-999,新北市,06,石門區,001
25.2656,121.5573,富貴角,C0A920,2017-02-10T01:00:00+08:00,196.0,51.0,3.1,8.5,0.66,999.9,-99.0,0.0,-9.9,-99,-999,新北市,06,石門區,001
25.2656,121.5573,富貴角,C0A920,2017-02-10T02:00:00+08:00,196.0,52.0,2.7,8.6,0.65,999.9,-99.0,0.0,-9.9,-99,-999,新北市,06,石門區,001
25.2656,121.5573,富貴角,C0A920,2017-02-10T03:00:00+08:00,196.0,48.0,2.5,8.2,0.63,999.6,-99.0,0.0,-9.9,-99,-999,新北市,06,石門區,001
25.2656,121.5573,富貴角,C0A920,2017-02-10T04:00:00+08:00,196.0,51.0,2.6,8.3,0.69,998.7,-99.0,0.0,-9.9,-99,-999,新北市,06,石門區,001
25.2656,121.5573,富貴角,C0A920,2017-02-10T05:00:00+08:00,196.0,32.0,3.9,8.2,0.71,999.4,-99.0,0.0,-9.9,-99,-999,新北市,06,石門區,001
25.2656,121.5573,富貴角,C0A920,2017-02-10T06:00:00+08:00,196.0,27.0,3.9,7.9,0.69,1000.4,-99.0,0.0,-9.9,-99,-999,新北市,06,石門區,001
25.2656,121.5573,富貴角,C0A920,2017-02-10T07:00:00+08:00,196.0,31.0,3.9,7.7,0.69,1001.2,-99.0,0.0,-9.9,-99,-999,新北市,06,石門區,001
25.2656,121.5573,富貴角,C0A920,2017-02-10T08:00:00+08:00,196.0,30.0,3.9,7.9,0.68,1001.8,-99.0,0.0,-9.9,-99,-999,新北市,06,石門區,001
25.2656,121.5573,富貴角,C0A920,2017-02-10T09:00:00+08:00,196.0,32.0,3.1,8.2,0.68,1002.1,-99.0,0.0,-9.9,-99,-999,新北市,06,石門區,001
25.2656,121.5573,富貴角,C0A920,2017-02-10T10:00:00+08:00,196.0,36.0,2.9,8.7,0.69,1002.3,-99.0,0.0,-9.9,-99,-999,新北市,06,石門區,001
25.2656,121.5573,富貴角,C0A920,2017-02-10T11:00:00+08:00,196.0,29.0,2.8,9.0,0.70,1002.0,-99.0,0.0,-9.9,-99,-999,新北市,06,石門區,001
25.2656,121.5573,富貴角,C0A920,2017-02-10T12:00:00+08:00,196.0,33.0,3.1,9.3,0.67,1001.7,-99.0,0.0,-9.9,-99,-999,新北市,06,石門區,001
25.2656,121.5573,富貴角,C0A920,2017-02-10T13:00:00+08:00,196.0,43.0,2.8,10.2,0.64,1000.4,-99.0,0.0,-9.9,-99,-999,新北市,06,石門區,001
25.2656,121.5573,富貴角,C0A920,2017-02-10T14:00:00+08:00,196.0,43.0,3.1,10.7,0.63,1000.1,-99.0,0.0,-9.9,-99,-999,新北市,06,石門區,001
25.2656,121.5573,富貴角,C0A920,2017-02-10T15:00:00+08:00,196.0,44.0,3.7,10.1,0.66,999.8,-99.0,0.0,-9.9,-99,-999,新北市,06,石門區,001
25.2656,121.5573,富貴角,C0A920,2017-02-10T16:00:00+08:00,196.0,39.0,3.4,9.5,0.67,1000.2,-99.0,0.0,-9.9,-99,-999,新北市,06,石門區,001
25.2656,121.5573,富貴角,C0A920,2017-02-10T17:00:00+08:00,196.0,45.0,3.3,9.2,0.69,1000.8,-99.0,0.0,-9.9,-99,-999,新北市,06,石門區,001
25.2656,121.5573,富貴角,C0A920,2017-02-10T18:00:00+08:00,196.0,56.0,3.3,9.0,0.69,1001.1,-99.0,0.0,-9.9,-99,-999,新北市,06,石門區,001
25.2656,121.5573,富貴角,C0A920,2017-02-10T19:00:00+08:00,196.0,59.0,3.7,9.2,0.65,1001.8,-99.0,0.0,-9.9,-99,-999,新北市,06,石門區,001
25.2656,121.5573,富貴角,C0A920,2017-02-10T20:00:00+08:00,196.0,65.0,2.5,9.1,0.63,1002.0,-99.0,0.0,-9.9,-99,-999,新北市,06,石門區,001
25.2656,121.5573,富貴角,C0A920,2017-02-10T21:00:00+08:00,196.0,62.0,3.1,9.4,0.63,1002.5,-99.0,0.0,-9.9,-99,-999,新北市,06,石門區,001
25.2656,121.5573,富貴角,C0A920,2017-02-10T22:00:00+08:00,196.0,67.0,2.8,9.4,0.63,1002.7,-99.0,0.0,-9.9,-99,-999,新北市,06,石門區,001
25.2656,121.5573,富貴角,C0A920,2017-02-10T23:00:00+08:00,196.0,65.0,2.7,9.5,0.64,1002.8,-99.0,0.0,-9.9,-99,-999,新北市,06,石門區,001
25.2656,121.5573,富貴角,C0A920,2017-02-11T00:00:00+08:00,196.0,52.0,3.0,9.4,0.65,1002.9,-99.0,0.0,-9.9,-99,-999,新北市,06,石門區,001
25.2656,121.5573,富貴角,C0A920,2017-02-11T01:00:00+08:00,196.0,54.0,2.9,9.4,0.62,1003.0,-99.0,0.0,-9.9,-99,-999,新北市,06,石門區,001
25.2656,121.5573,富貴角,C0A920,2017-02-11T02:00:00+08:00,196.0,56.0,2.9,9.5,0.62,1002.7,-99.0,0.0,-9.9,-99,-999,新北市,06,石門區,001
25.2656,121.5573,富貴角,C0A920,2017-02-11T03:00:00+08:00,196.0,59.0,2.7,9.6,0.62,1002.6,-99.0,0.0,-9.9,-99,-999,新北市,06,石門區,001
25.2656,121.5573,富貴角,C0A920,2017-02-11T04:00:00+08:00,196.0,58.0,2.7,9.5,0.60,1002.6,-99.0,0.0,-9.9,-99,-999,新北市,06,石門區,001
25.2656,121.5573,富貴角,C0A920,2017-02-11T05:00:00+08:00,196.0,45.0,3.6,9.4,0.58,1003.1,-99.0,0.0,-9.9,-99,-999,新北市,06,石門區,001
25.2656,121.5573,富貴角,C0A920,2017-02-11T06:00:00+08:00,196.0,48.0,4.4,9.3,0.59,1003.6,-99.0,0.0,-9.9,-99,-999,新北市,06,石門區,001
25.2656,121.5573,富貴角,C0A920,2017-02-11T07:00:00+08:00,196.0,49.0,3.0,9.1,0.63,1004.5,-99.0,0.0,-9.9,-99,-999,新北市,06,石門區,001
25.2656,121.5573,富貴角,C0A920,2017-02-11T08:00:00+08:00,196.0,52.0,4.0,9.3,0.61,1004.8,-99.0,0.0,-9.9,-99,-999,新北市,06,石門區,001
25.2656,121.5573,富貴角,C0A920,2017-02-11T09:00:00+08:00,196.0,47.0,4.1,9.8,0.61,1005.5,-99.0,0.0,-9.9,-99,-999,新北市,06,石門區,001
25.2656,121.5573,富貴角,C0A920,2017-02-11T10:00:00+08:00,196.0,54.0,3.6,10.7,0.61,1005.7,-99.0,0.0,-9.9,-99,-999,新北市,06,石門區,001
25.2656,121.5573,富貴角,C0A920,2017-02-11T11:00:00+08:00,196.0,52.0,2.9,10.4,0.63,1005.5,-99.0,0.0,-9.9,-99,-999,新北市,06,石門區,001
25.2656,121.5573,富貴角,C0A920,2017-02-11T12:00:00+08:00,196.0,46.0,3.7,10.9,0.62,1004.9,-99.0,0.0,-9.9,-99,-999,新北市,06,石門區,001
25.2656,121.5573,富貴角,C0A920,2017-02-11T13:00:00+08:00,196.0,46.0,3.3,10.5,0.65,1003.9,-99.0,0.0,-9.9,-99,-999,新北市,06,石門區,001
25.2656,121.5573,富貴角,C0A920,2017-02-11T14:00:00+08:00,196.0,46.0,4.1,10.3,0.68,1003.3,-99.0,0.0,-9.9,-99,-999,新北市,06,石門區,001
25.2656,121.5573,富貴角,C0A920,2017-02-11T15:00:00+08:00,196.0,48.0,3.3,10.7,0.65,1003.2,-99.0,0.0,-9.9,-99,-999,新北市,06,石門區,001
25.2656,121.5573,富貴角,C0A920,2017-02-11T16:00:00+08:00,196.0,44.0,2.9,10.3,0.65,1003.6,-99.0,0.0,-9.9,-99,-999,新北市,06,石門區,001
25.2656,121.5573,富貴角,C0A920,2017-02-11T17:00:00+08:00,196.0,63.0,3.0,10.0,0.66,1004.0,-99.0,0.0,-9.9,-99,-999,新北市,06,石門區,001
25.2656,121.5573,富貴角,C0A920,2017-02-11T18:00:00+08:00,196.0,82.0,1.8,8.9,0.67,1004.3,-99.0,0.0,-9.9,-99,-999,新北市,06,石門區,001
25.2656,121.5573,富貴角,C0A920,2017-02-11T19:00:00+08:00,196.0,71.0,2.1,9.3,0.71,1004.6,-99.0,0.0,-9.9,-99,-999,新北市,06,石門區,001
25.2656,121.5573,富貴角,C0A920,2017-02-11T20:00:00+08:00,196.0,76.0,3.1,9.7,0.69,1004.8,-99.0,0.0,-9.9,-99,-999,新北市,06,石門區,001
25.2656,121.5573,富貴角,C0A920,2017-02-11T21:00:00+08:00,196.0,76.0,2.5,10.0,0.68,1004.9,-99.0,0.0,-9.9,-99,-999,新北市,06,石門區,001
25.2656,121.5573,富貴角,C0A920,2017-02-11T22:00:00+08:00,196.0,90.0,2.1,9.5,0.66,1004.9,-99.0,0.0,-9.9,-99,-999,新北市,06,石門區,001
25.2656,121.5573,富貴角,C0A920,2017-02-11T23:00:00+08:00,196.0,94.0,1.8,9.6,0.72,1004.7,-99.0,0.0,-9.9,-99,-999,新北市,06,石門區,001
25.2656,121.5573,富貴角,C0A920,2017-02-12T01:00:00+08:00,196.0,91.0,2.6,10.6,0.66,1004.4,-99.0,0.0,-9.9,-99,-999,新北市,06,石門區,001
25.2656,121.5573,富貴角,C0A920,2017-02-12T02:00:00+08:00,196.0,83.0,2.1,11.0,0.69,1004.0,-99.0,0.0,-9.9,-99,-999,新北市,06,石門區,001
25.2656,121.5573,富貴角,C0A920,2017-02-12T03:00:00+08:00,196.0,94.0,2.0,10.8,0.68,1003.8,-99.0,0.0,-9.9,-99,-999,新北市,06,石門區,001
25.2656,121.5573,富貴角,C0A920,2017-02-12T04:00:00+08:00,196.0,80.0,2.2,10.7,0.72,1003.6,-99.0,0.0,-9.9,-99,-999,新北市,06,石門區,001
25.2656,121.5573,富貴角,C0A920,2017-02-12T05:00:00+08:00,196.0,69.0,2.5,11.2,0.71,1003.9,-99.0,0.0,-9.9,-99,-999,新北市,06,石門區,001
25.2656,121.5573,富貴角,C0A920,2017-02-12T06:00:00+08:00,196.0,69.0,2.3,11.2,0.73,1004.2,-99.0,0.0,-9.9,-99,-999,新北市,06,石門區,001
25.2656,121.5573,富貴角,C0A920,2017-02-12T07:00:00+08:00,196.0,67.0,3.1,11.5,0.74,1004.5,-99.0,0.0,-9.9,-99,-999,新北市,06,石門區,001
25.2656,121.5573,富貴角,C0A920,2017-02-12T08:00:00+08:00,196.0,63.0,2.3,11.7,0.74,1004.8,-99.0,0.0,-9.9,-99,-999,新北市,06,石門區,001
25.2656,121.5573,富貴角,C0A920,2017-02-12T10:00:00+08:00,196.0,84.0,1.8,12.4,0.71,1005.0,-99.0,0.0,-9.9,-99,-999,新北市,06,石門區,001
25.2656,121.5573,富貴角,C0A920,2017-02-12T11:00:00+08:00,196.0,87.0,2.3,12.7,0.71,1004.9,-99.0,0.0,-9.9,-99,-999,新北市,06,石門區,001
25.2656,121.5573,富貴角,C0A920,2017-02-12T12:00:00+08:00,196.0,85.0,1.6,12.6,0.72,1004.5,-99.0,0.0,-9.9,-99,-999,新北市,06,石門區,001
25.2656,121.5573,富貴角,C0A920,2017-02-12T13:00:00+08:00,196.0,93.0,2.2,12.5,0.71,1003.7,-99.0,0.0,-9.9,-99,-999,新北市,06,石門區,001
25.2656,121.5573,富貴角,C0A920,2017-02-12T14:00:00+08:00,196.0,89.0,1.5,12.5,0.71,1002.9,-99.0,0.0,-9.9,-99,-999,新北市,06,石門區,001
25.2656,121.5573,富貴角,C0A920,2017-02-12T15:00:00+08:00,196.0,91.0,1.9,12.4,0.70,1002.6,-99.0,0.0,-9.9,-99,-999,新北市,06,石門區,001
25.2656,121.5573,富貴角,C0A920,2017-02-12T16:00:00+08:00,196.0,94.0,2.1,12.4,0.71,1002.8,-99.0,0.0,-9.9,-99,-999,新北市,06,石門區,001
25.2656,121.5573,富貴角,C0A920,2017-02-12T17:00:00+08:00,196.0,96.0,1.8,12.4,0.70,1002.9,-99.0,0.0,-9.9,-99,-999,新北市,06,石門區,001
25.2656,121.5573,富貴角,C0A920,2017-02-12T18:00:00+08:00,196.0,100.0,2.0,12.6,0.73,1003.2,-99.0,0.0,-9.9,-99,-999,新北市,06,石門區,001
25.2656,121.5573,富貴角,C0A920,2017-02-12T19:00:00+08:00,196.0,99.0,2.0,12.7,0.71,1003.6,-99.0,0.0,-9.9,-99,-999,新北市,06,石門區,001
25.2656,121.5573,富貴角,C0A920,2017-02-12T20:00:00+08:00,196.0,94.0,2.8,12.9,0.71,1003.9,-99.0,0.0,-9.9,-99,-999,新北市,06,石門區,001
25.2656,121.5573,富貴角,C0A920,2017-02-12T21:00:00+08:00,196.0,93.0,2.8,12.9,0.69,1004.2,-99.0,0.0,-9.9,-99,-999,新北市,06,石門區,001
25.2656,121.5573,富貴角,C0A920,2017-02-12T22:00:00+08:00,196.0,91.0,3.4,13.1,0.73,1004.3,-99.0,0.0,-9.9,-99,-999,新北市,06,石門區,001
25.2656,121.5573,富貴角,C0A920,2017-02-12T23:00:00+08:00,196.0,92.0,2.5,13.0,0.69,1004.2,-99.0,0.0,-9.9,-99,-999,新北市,06,石門區,001
25.2656,121.5573,富貴角,C0A920,2017-02-13T00:00:00+08:00,196.0,94.0,2.6,13.0,0.73,1004.2,-99.0,0.0,-9.9,-99,-999,新北市,06,石門區,001
25.2656,121.5573,富貴角,C0A920,2017-02-13T01:00:00+08:00,196.0,98.0,2.8,13.1,0.69,1004.1,-99.0,0.0,-9.9,-99,-999,新北市,06,石門區,001
25.2656,121.5573,富貴角,C0A920,2017-02-13T02:00:00+08:00,196.0,94.0,1.8,13.1,0.69,1003.7,-99.0,0.0,-9.9,-99,-999,新北市,06,石門區,001
25.2656,121.5573,富貴角,C0A920,2017-02-13T03:00:00+08:00,196.0,99.0,2.1,13.0,0.68,1003.6,-99.0,0.0,-9.9,-99,-999,新北市,06,石門區,001
25.2656,121.5573,富貴角,C0A920,2017-02-13T04:00:00+08:00,196.0,99.0,2.0,13.0,0.69,1003.7,-99.0,0.0,-9.9,-99,-999,新北市,06,石門區,001
25.2656,121.5573,富貴角,C0A920,2017-02-13T05:00:00+08:00,196.0,101.0,2.7,13.1,0.72,1004.0,-99.0,0.0,-9.9,-99,-999,新北市,06,石門區,001
25.2656,121.5573,富貴角,C0A920,2017-02-13T06:00:00+08:00,196.0,94.0,2.7,13.2,0.71,1004.5,-99.0,0.0,-9.9,-99,-999,新北市,06,石門區,001
25.2656,121.5573,富貴角,C0A920,2017-02-13T07:00:00+08:00,196.0,97.0,2.2,13.3,0.70,1005.0,-99.0,0.0,-9.9,-99,-999,新北市,06,石門區,001
25.2656,121.5573,富貴角,C0A920,2017-02-13T08:00:00+08:00,196.0,100.0,2.2,13.5,0.69,1005.7,-99.0,0.0,-9.9,-99,-999,新北市,06,石門區,001
25.2656,121.5573,富貴角,C0A920,2017-02-13T10:00:00+08:00,196.0,97.0,2.3,14.1,0.68,1006.3,-99.0,0.0,-9.9,-99,-999,新北市,06,石門區,001
25.2656,121.5573,富貴角,C0A920,2017-02-13T11:00:00+08:00,196.0,96.0,3.0,15.1,0.64,1005.9,-99.0,0.0,-9.9,-99,-999,新北市,06,石門區,001
25.2656,121.5573,富貴角,C0A920,2017-02-13T13:00:00+08:00,196.0,99.0,2.9,14.7,0.71,1004.8,-99.0,0.0,-9.9,-99,-999,新北市,06,石門區,001
25.2656,121.5573,富貴角,C0A920,2017-02-13T14:00:00+08:00,196.0,95.0,2.6,14.5,0.73,1004.7,-99.0,0.0,-9.9,-99,-999,新北市,06,石門區,001
25.2656,121.5573,富貴角,C0A920,2017-02-13T15:00:00+08:00,196.0,96.0,1.8,14.5,0.72,1004.5,-99.0,0.0,-9.9,-99,-999,新北市,06,石門區,001
25.2656,121.5573,富貴角,C0A920,2017-02-13T16:00:00+08:00,196.0,92.0,2.3,14.2,0.74,1004.7,-99.0,0.0,-9.9,-99,-999,新北市,06,石門區,001
25.2656,121.5573,富貴角,C0A920,2017-02-13T17:00:00+08:00,196.0,92.0,2.0,14.1,0.73,1005.1,-99.0,0.0,-9.9,-99,-999,新北市,06,石門區,001
25.2656,121.5573,富貴角,C0A920,2017-02-13T18:00:00+08:00,196.0,92.0,2.1,14.0,0.73,1005.3,-99.0,0.0,-9.9,-99,-999,新北市,06,石門區,001
25.2656,121.5573,富貴角,C0A920,2017-02-13T19:00:00+08:00,196.0,87.0,2.9,14.0,0.72,1005.8,-99.0,0.0,-9.9,-99,-999,新北市,06,石門區,001
25.2656,121.5573,富貴角,C0A920,2017-02-13T20:00:00+08:00,196.0,89.0,2.8,13.9,0.71,1006.4,-99.0,0.0,-9.9,-99,-999,新北市,06,石門區,001
25.2656,121.5573,富貴角,C0A920,2017-02-13T21:00:00+08:00,196.0,97.0,1.9,13.9,0.70,1006.9,-99.0,0.0,-9.9,-99,-999,新北市,06,石門區,001
25.2656,121.5573,富貴角,C0A920,2017-02-13T22:00:00+08:00,196.0,91.0,2.3,13.9,0.70,1006.7,-99.0,0.0,-9.9,-99,-999,新北市,06,石門區,001
25.2656,121.5573,富貴角,C0A920,2017-02-13T23:00:00+08:00,196.0,102.0,1.8,13.9,0.69,1007.2,-99.0,0.0,-9.9,-99,-999,新北市,06,石門區,001
25.2656,121.5573,富貴角,C0A920,2017-02-14T00:00:00+08:00,196.0,99.0,2.4,13.8,0.70,1007.2,-99.0,0.0,-9.9,-99,-999,新北市,06,石門區,001
25.2656,121.5573,富貴角,C0A920,2017-02-14T01:00:00+08:00,196.0,95.0,2.7,13.8,0.68,1007.0,-99.0,0.0,-9.9,-99,-999,新北市,06,石門區,001
25.2656,121.5573,富貴角,C0A920,2017-02-14T02:00:00+08:00,196.0,95.0,2.9,13.8,0.67,1006.7,-99.0,0.0,-9.9,-99,-999,新北市,06,石門區,001
25.2656,121.5573,富貴角,C0A920,2017-02-14T03:00:00+08:00,196.0,92.0,2.6,13.8,0.64,1006.4,-99.0,0.0,-9.9,-99,-999,新北市,06,石門區,001
25.2656,121.5573,富貴角,C0A920,2017-02-14T04:00:00+08:00,196.0,96.0,2.5,13.7,0.62,1006.5,-99.0,0.0,-9.9,-99,-999,新北市,06,石門區,001
25.2656,121.5573,富貴角,C0A920,2017-02-14T05:00:00+08:00,196.0,92.0,2.5,13.5,0.61,1006.7,-99.0,0.0,-9.9,-99,-999,新北市,06,石門區,001
25.2656,121.5573,富貴角,C0A920,2017-02-14T06:00:00+08:00,196.0,101.0,2.4,12.8,0.63,1007.2,-99.0,0.0,-9.9,-99,-999,新北市,06,石門區,001
25.2656,121.5573,富貴角,C0A920,2017-02-14T07:00:00+08:00,196.0,105.0,1.9,12.5,0.63,1007.8,-99.0,0.0,-9.9,-99,-999,新北市,06,石門區,001
25.2656,121.5573,富貴角,C0A920,2017-02-14T08:00:00+08:00,196.0,92.0,2.9,14.3,0.59,1008.2,-99.0,0.0,-9.9,-99,-999,新北市,06,石門區,001
25.2656,121.5573,富貴角,C0A920,2017-02-14T09:00:00+08:00,196.0,90.0,3.6,15.4,0.56,1008.6,-99.0,0.0,-9.9,-99,-999,新北市,06,石門區,001
25.2656,121.5573,富貴角,C0A920,2017-02-14T10:00:00+08:00,196.0,87.0,3.9,16.3,0.54,1008.5,-99.0,0.0,-9.9,-99,-999,新北市,06,石門區,001
25.2656,121.5573,富貴角,C0A920,2017-02-14T11:00:00+08:00,196.0,90.0,4.0,16.8,0.53,1008.2,-99.0,0.0,-9.9,-99,-999,新北市,06,石門區,001
25.2656,121.5573,富貴角,C0A920,2017-02-14T12:00:00+08:00,196.0,88.0,3.9,17.0,0.54,1007.2,-99.0,0.0,-9.9,-99,-999,新北市,06,石門區,001
25.2656,121.5573,富貴角,C0A920,2017-02-14T13:00:00+08:00,196.0,81.0,4.1,17.0,0.54,1006.6,-99.0,0.0,-9.9,-99,-999,新北市,06,石門區,001
25.2656,121.5573,富貴角,C0A920,2017-02-14T14:00:00+08:00,196.0,92.0,3.6,17.2,0.56,1005.9,-99.0,0.0,-9.9,-99,-999,新北市,06,石門區,001
25.2656,121.5573,富貴角,C0A920,2017-02-14T15:00:00+08:00,196.0,92.0,3.5,16.9,0.56,1005.8,-99.0,0.0,-9.9,-99,-999,新北市,06,石門區,001
25.2656,121.5573,富貴角,C0A920,2017-02-14T16:00:00+08:00,196.0,97.0,3.4,16.2,0.58,1005.7,-99.0,0.0,-9.9,-99,-999,新北市,06,石門區,001
25.2656,121.5573,富貴角,C0A920,2017-02-14T17:00:00+08:00,196.0,99.0,3.4,15.5,0.61,1005.7,-99.0,0.0,-9.9,-99,-999,新北市,06,石門區,001
25.2656,121.5573,富貴角,C0A920,2017-02-14T18:00:00+08:00,196.0,104.0,2.9,13.9,0.67,1005.9,-99.0,0.0,-9.9,-99,-999,新北市,06,石門區,001
25.2656,121.5573,富貴角,C0A920,2017-02-14T19:00:00+08:00,196.0,105.0,2.5,13.8,0.66,1006.1,-99.0,0.0,-9.9,-99,-999,新北市,06,石門區,001
25.2656,121.5573,富貴角,C0A920,2017-02-14T20:00:00+08:00,196.0,109.0,2.2,13.8,0.67,1006.3,-99.0,0.0,-9.9,-99,-999,新北市,06,石門區,001
25.2656,121.5573,富貴角,C0A920,2017-02-14T21:00:00+08:00,196.0,116.0,1.8,13.4,0.69,1006.5,-99.0,0.0,-9.9,-99,-999,新北市,06,石門區,001
25.2656,121.5573,富貴角,C0A920,2017-02-14T22:00:00+08:00,196.0,120.0,2.1,13.4,0.70,1006.4,-99.0,0.0,-9.9,-99,-999,新北市,06,石門區,001
25.2656,121.5573,富貴角,C0A920,2017-02-14T23:00:00+08:00,196.0,121.0,2.1,13.9,0.71,1006.2,-99.0,0.0,-9.9,-99,-999,新北市,06,石門區,001
25.2656,121.5573,富貴角,C0A920,2017-02-15T00:00:00+08:00,196.0,116.0,2.6,13.7,0.74,1005.6,-99.0,0.0,-9.9,-99,-999,新北市,06,石門區,001
25.2656,121.5573,富貴角,C0A920,2017-02-15T01:00:00+08:00,196.0,121.0,2.8,13.8,0.75,1005.0,-99.0,0.0,-9.9,-99,-999,新北市,06,石門區,001
25.2656,121.5573,富貴角,C0A920,2017-02-15T02:00:00+08:00,196.0,121.0,2.5,14.0,0.75,1004.3,-99.0,0.0,-9.9,-99,-999,新北市,06,石門區,001
25.2656,121.5573,富貴角,C0A920,2017-02-15T03:00:00+08:00,196.0,123.0,2.4,14.6,0.74,1003.7,-99.0,0.0,-9.9,-99,-999,新北市,06,石門區,001
25.2656,121.5573,富貴角,C0A920,2017-02-15T04:00:00+08:00,196.0,126.0,2.6,14.8,0.74,1003.1,-99.0,0.0,-9.9,-99,-999,新北市,06,石門區,001
25.2656,121.5573,富貴角,C0A920,2017-02-15T05:00:00+08:00,196.0,132.0,3.4,15.2,0.73,1003.0,-99.0,0.0,-9.9,-99,-999,新北市,06,石門區,001
25.2656,121.5573,富貴角,C0A920,2017-02-15T06:00:00+08:00,196.0,130.0,2.9,15.3,0.74,1003.4,-99.0,0.0,-9.9,-99,-999,新北市,06,石門區,001
25.2656,121.5573,富貴角,C0A920,2017-02-15T07:00:00+08:00,196.0,130.0,3.2,15.7,0.74,1003.6,-99.0,0.0,-9.9,-99,-999,新北市,06,石門區,001
25.2656,121.5573,富貴角,C0A920,2017-02-15T08:00:00+08:00,196.0,125.0,3.2,17.0,0.70,1003.8,-99.0,0.0,-9.9,-99,-999,新北市,06,石門區,001
25.2656,121.5573,富貴角,C0A920,2017-02-15T10:00:00+08:00,196.0,107.0,3.4,19.7,0.63,1003.9,-99.0,0.0,-9.9,-99,-999,新北市,06,石門區,001
25.2656,121.5573,富貴角,C0A920,2017-02-15T11:00:00+08:00,196.0,98.0,3.0,20.6,0.60,1003.5,-99.0,0.0,-9.9,-99,-999,新北市,06,石門區,001
25.2656,121.5573,富貴角,C0A920,2017-02-15T12:00:00+08:00,196.0,112.0,2.7,21.6,0.57,1002.8,-99.0,0.0,-9.9,-99,-999,新北市,06,石門區,001
25.2656,121.5573,富貴角,C0A920,2017-02-15T13:00:00+08:00,196.0,115.0,2.7,21.6,0.53,1001.7,-99.0,0.0,-9.9,-99,-999,新北市,06,石門區,001
25.2656,121.5573,富貴角,C0A920,2017-02-15T14:00:00+08:00,196.0,99.0,2.8,22.1,0.55,1000.9,-99.0,0.0,-9.9,-99,-999,新北市,06,石門區,001
25.2656,121.5573,富貴角,C0A920,2017-02-15T15:00:00+08:00,196.0,103.0,2.4,21.3,0.58,1000.4,-99.0,0.0,-9.9,-99,-999,新北市,06,石門區,001
25.2656,121.5573,富貴角,C0A920,2017-02-15T16:00:00+08:00,196.0,111.0,2.1,19.1,0.67,1000.0,-99.0,0.0,-9.9,-99,-999,新北市,06,石門區,001
25.2656,121.5573,富貴角,C0A920,2017-02-15T17:00:00+08:00,196.0,120.0,1.3,18.8,0.65,1000.2,-99.0,0.0,-9.9,-99,-999,新北市,06,石門區,001
25.2656,121.5573,富貴角,C0A920,2017-02-15T18:00:00+08:00,196.0,122.0,1.8,17.7,0.68,1000.5,-99.0,0.0,-9.9,-99,-999,新北市,06,石門區,001
25.2656,121.5573,富貴角,C0A920,2017-02-15T19:00:00+08:00,196.0,124.0,1.7,17.4,0.68,1000.8,-99.0,0.0,-9.9,-99,-999,新北市,06,石門區,001
25.2656,121.5573,富貴角,C0A920,2017-02-15T20:00:00+08:00,196.0,132.0,1.6,17.4,0.67,1001.2,-99.0,0.0,-9.9,-99,-999,新北市,06,石門區,001
25.2656,121.5573,富貴角,C0A920,2017-02-15T21:00:00+08:00,196.0,125.0,2.3,17.2,0.68,1000.6,-99.0,0.0,-9.9,-99,-999,新北市,06,石門區,001
25.2656,121.5573,富貴角,C0A920,2017-02-15T22:00:00+08:00,196.0,147.0,2.3,17.8,0.63,1000.4,-99.0,0.0,-9.9,-99,-999,新北市,06,石門區,001
25.2656,121.5573,富貴角,C0A920,2017-02-15T23:00:00+08:00,196.0,138.0,2.8,17.8,0.62,1000.2,-99.0,0.0,-9.9,-99,-999,新北市,06,石門區,001
25.2656,121.5573,富貴角,C0A920,2017-02-16T00:00:00+08:00,196.0,129.0,3.0,17.9,0.56,999.4,-99.0,0.0,-9.9,-99,-999,新北市,06,石門區,001
25.2656,121.5573,富貴角,C0A920,2017-02-16T01:00:00+08:00,196.0,129.0,3.4,18.0,0.56,998.6,-99.0,0.0,-9.9,-99,-999,新北市,06,石門區,001
25.2656,121.5573,富貴角,C0A920,2017-02-16T02:00:00+08:00,196.0,256.0,1.1,17.7,0.54,998.3,-99.0,0.0,-9.9,-99,-999,新北市,06,石門區,001
25.2656,121.5573,富貴角,C0A920,2017-02-16T03:00:00+08:00,196.0,254.0,0.3,14.7,0.93,998.5,-99.0,0.0,-9.9,-99,-999,新北市,06,石門區,001
25.2656,121.5573,富貴角,C0A920,2017-02-16T04:00:00+08:00,196.0,0.0,0.0,13.7,0.92,998.1,-99.0,0.0,-9.9,-99,-999,新北市,06,石門區,001
25.2656,121.5573,富貴角,C0A920,2017-02-16T05:00:00+08:00,196.0,193.0,1.7,14.2,0.79,998.1,-99.0,0.0,-9.9,-99,-999,新北市,06,石門區,001
25.2656,121.5573,富貴角,C0A920,2017-02-16T06:00:00+08:00,196.0,235.0,2.6,15.0,0.73,998.4,-99.0,0.0,-9.9,-99,-999,新北市,06,石門區,001
25.2656,121.5573,富貴角,C0A920,2017-02-16T07:00:00+08:00,196.0,235.0,2.8,15.3,0.69,998.6,-99.0,0.0,-9.9,-99,-999,新北市,06,石門區,001
25.2656,121.5573,富貴角,C0A920,2017-02-16T08:00:00+08:00,196.0,238.0,1.4,16.1,0.67,999.2,-99.0,0.0,-9.9,-99,-999,新北市,06,石門區,001
25.2656,121.5573,富貴角,C0A920,2017-02-16T09:00:00+08:00,196.0,303.0,1.2,17.2,0.73,999.0,-99.0,0.0,-9.9,-99,-999,新北市,06,石門區,001
25.2656,121.5573,富貴角,C0A920,2017-02-16T10:00:00+08:00,196.0,294.0,2.4,17.6,0.77,999.3,-99.0,0.0,-9.9,-99,-999,新北市,06,石門區,001
25.2656,121.5573,富貴角,C0A920,2017-02-16T11:00:00+08:00,196.0,294.0,2.3,19.1,0.74,998.8,-99.0,0.0,-9.9,-99,-999,新北市,06,石門區,001
25.2656,121.5573,富貴角,C0A920,2017-02-16T12:00:00+08:00,196.0,285.0,2.5,19.8,0.74,998.0,-99.0,0.0,-9.9,-99,-999,新北市,06,石門區,001
25.2656,121.5573,富貴角,C0A920,2017-02-16T13:00:00+08:00,196.0,293.0,2.4,20.5,0.72,997.3,-99.0,0.0,-9.9,-99,-999,新北市,06,石門區,001
25.2656,121.5573,富貴角,C0A920,2017-02-16T14:00:00+08:00,196.0,290.0,2.0,19.0,0.79,996.8,-99.0,0.0,-9.9,-99,-999,新北市,06,石門區,001
25.2656,121.5573,富貴角,C0A920,2017-02-16T15:00:00+08:00,196.0,288.0,1.8,20.5,0.71,996.5,-99.0,0.0,-9.9,-99,-999,新北市,06,石門區,001
25.2656,121.5573,富貴角,C0A920,2017-02-16T16:00:00+08:00,196.0,243.0,2.2,21.3,0.40,996.3,-99.0,0.0,-9.9,-99,-999,新北市,06,石門區,001
25.2656,121.5573,富貴角,C0A920,2017-02-16T17:00:00+08:00,196.0,258.0,0.3,21.7,0.34,996.7,-99.0,0.0,-9.9,-99,-999,新北市,06,石門區,001
25.2656,121.5573,富貴角,C0A920,2017-02-16T18:00:00+08:00,196.0,119.0,0.4,18.1,0.66,996.9,-99.0,0.0,-9.9,-99,-999,新北市,06,石門區,001
25.2656,121.5573,富貴角,C0A920,2017-02-16T19:00:00+08:00,196.0,144.0,0.5,17.4,0.66,997.1,-99.0,0.0,-9.9,-99,-999,新北市,06,石門區,001
25.2656,121.5573,富貴角,C0A920,2017-02-16T20:00:00+08:00,196.0,224.0,1.8,18.1,0.49,997.6,-99.0,0.0,-9.9,-99,-999,新北市,06,石門區,001
25.2656,121.5573,富貴角,C0A920,2017-02-16T21:00:00+08:00,196.0,158.0,1.3,18.4,0.49,997.9,-99.0,0.0,-9.9,-99,-999,新北市,06,石門區,001
25.2656,121.5573,富貴角,C0A920,2017-02-16T22:00:00+08:00,196.0,0.0,0.2,18.4,0.58,998.0,-99.0,0.0,-9.9,-99,-999,新北市,06,石門區,001
25.2656,121.5573,富貴角,C0A920,2017-02-16T23:00:00+08:00,196.0,126.0,0.8,17.7,0.56,997.9,-99.0,0.0,-9.9,-99,-999,新北市,06,石門區,001
25.2656,121.5573,富貴角,C0A920,2017-02-17T00:00:00+08:00,196.0,0.0,0.2,17.5,0.59,998.0,-99.0,0.0,-9.9,-99,-999,新北市,06,石門區,001
25.2656,121.5573,富貴角,C0A920,2017-02-17T01:00:00+08:00,196.0,0.0,0.0,18.1,0.54,997.8,-99.0,0.0,-9.9,-99,-999,新北市,06,石門區,001
25.2656,121.5573,富貴角,C0A920,2017-02-17T02:00:00+08:00,196.0,191.0,1.3,18.0,0.56,997.3,-99.0,0.0,-9.9,-99,-999,新北市,06,石門區,001
25.2656,121.5573,富貴角,C0A920,2017-02-17T03:00:00+08:00,196.0,209.0,1.1,18.3,0.56,997.2,-99.0,0.0,-9.9,-99,-999,新北市,06,石門區,001
25.2656,121.5573,富貴角,C0A920,2017-02-17T04:00:00+08:00,196.0,214.0,1.4,17.6,0.61,997.2,-99.0,0.0,-9.9,-99,-999,新北市,06,石門區,001
25.2656,121.5573,富貴角,C0A920,2017-02-17T05:00:00+08:00,196.0,228.0,1.3,17.9,0.61,997.2,-99.0,0.0,-9.9,-99,-999,新北市,06,石門區,001
25.2656,121.5573,富貴角,C0A920,2017-02-17T06:00:00+08:00,196.0,214.0,1.6,18.0,0.60,997.9,-99.0,0.0,-9.9,-99,-999,新北市,06,石門區,001
25.2656,121.5573,富貴角,C0A920,2017-02-17T07:00:00+08:00,196.0,0.0,0.0,17.5,0.65,998.5,-99.0,0.0,-9.9,-99,-999,新北市,06,石門區,001
25.2656,121.5573,富貴角,C0A920,2017-02-17T08:00:00+08:00,196.0,0.0,0.0,20.2,0.57,999.0,-99.0,0.0,-9.9,-99,-999,新北市,06,石門區,001
25.2656,121.5573,富貴角,C0A920,2017-02-17T10:00:00+08:00,196.0,309.0,0.6,22.5,0.56,999.6,-99.0,0.0,-9.9,-99,-999,新北市,06,石門區,001
25.2656,121.5573,富貴角,C0A920,2017-02-17T11:00:00+08:00,196.0,10.0,1.5,22.9,0.55,999.1,-99.0,0.0,-9.9,-99,-999,新北市,06,石門區,001
25.2656,121.5573,富貴角,C0A920,2017-02-17T12:00:00+08:00,196.0,289.0,1.6,22.6,0.54,998.2,-99.0,0.0,-9.9,-99,-999,新北市,06,石門區,001
25.2656,121.5573,富貴角,C0A920,2017-02-17T13:00:00+08:00,196.0,283.0,1.6,23.0,0.53,997.5,-99.0,0.0,-9.9,-99,-999,新北市,06,石門區,001
25.2656,121.5573,富貴角,C0A920,2017-02-17T14:00:00+08:00,196.0,334.0,1.3,23.4,0.51,997.0,-99.0,0.0,-9.9,-99,-999,新北市,06,石門區,001
25.2656,121.5573,富貴角,C0A920,2017-02-17T15:00:00+08:00,196.0,282.0,1.5,22.3,0.62,997.0,-99.0,0.0,-9.9,-99,-999,新北市,06,石門區,001
25.2656,121.5573,富貴角,C0A920,2017-02-17T16:00:00+08:00,196.0,290.0,1.4,21.2,0.67,997.0,-99.0,0.0,-9.9,-99,-999,新北市,06,石門區,001
25.2656,121.5573,富貴角,C0A920,2017-02-17T17:00:00+08:00,196.0,0.0,0.0,20.8,0.69,997.2,-99.0,0.0,-9.9,-99,-999,新北市,06,石門區,001
25.2656,121.5573,富貴角,C0A920,2017-02-17T18:00:00+08:00,196.0,0.0,0.0,18.1,0.82,997.5,-99.0,0.0,-9.9,-99,-999,新北市,06,石門區,001
25.2656,121.5573,富貴角,C0A920,2017-02-17T19:00:00+08:00,196.0,123.0,1.1,18.0,0.80,997.9,-99.0,0.0,-9.9,-99,-999,新北市,06,石門區,001
25.2656,121.5573,富貴角,C0A920,2017-02-17T20:00:00+08:00,196.0,126.0,1.6,18.7,0.79,998.4,-99.0,0.0,-9.9,-99,-999,新北市,06,石門區,001
25.2656,121.5573,富貴角,C0A920,2017-02-17T21:00:00+08:00,196.0,131.0,1.2,18.9,0.80,998.8,-99.0,0.0,-9.9,-99,-999,新北市,06,石門區,001
25.2656,121.5573,富貴角,C0A920,2017-02-17T22:00:00+08:00,196.0,99.0,0.5,17.5,0.88,999.6,-99.0,0.0,-9.9,-99,-999,新北市,06,石門區,001
25.2656,121.5573,富貴角,C0A920,2017-02-17T23:00:00+08:00,196.0,96.0,0.3,17.9,0.89,999.5,-99.0,0.0,-9.9,-99,-999,新北市,06,石門區,001
25.2656,121.5573,富貴角,C0A920,2017-02-18T00:00:00+08:00,196.0,97.0,1.0,17.6,0.92,999.4,-99.0,0.0,-9.9,-99,-999,新北市,06,石門區,001
25.2656,121.5573,富貴角,C0A920,2017-02-18T01:00:00+08:00,196.0,100.0,1.1,17.3,0.96,999.1,-99.0,0.0,-9.9,-99,-999,新北市,06,石門區,001
25.2656,121.5573,富貴角,C0A920,2017-02-18T02:00:00+08:00,196.0,117.0,1.6,18.3,0.95,998.9,-99.0,0.5,-9.9,-99,-999,新北市,06,石門區,001
25.2656,121.5573,富貴角,C0A920,2017-02-18T03:00:00+08:00,196.0,98.0,1.0,17.5,1.00,998.8,-99.0,1.5,-9.9,-99,-999,新北市,06,石門區,001
25.2656,121.5573,富貴角,C0A920,2017-02-18T04:00:00+08:00,196.0,52.0,1.2,17.1,1.00,998.7,-99.0,1.5,-9.9,-99,-999,新北市,06,石門區,001
25.2656,121.5573,富貴角,C0A920,2017-02-18T05:00:00+08:00,196.0,68.0,1.7,17.0,0.99,998.9,-99.0,1.5,-9.9,-99,-999,新北市,06,石門區,001
25.2656,121.5573,富貴角,C0A920,2017-02-18T06:00:00+08:00,196.0,49.0,1.4,16.9,0.98,999.9,-99.0,1.5,-9.9,-99,-999,新北市,06,石門區,001
25.2656,121.5573,富貴角,C0A920,2017-02-18T07:00:00+08:00,196.0,78.0,1.7,16.7,0.97,1000.7,-99.0,1.5,-9.9,-99,-999,新北市,06,石門區,001
25.2656,121.5573,富貴角,C0A920,2017-02-18T08:00:00+08:00,196.0,78.0,1.8,16.9,0.97,1000.8,-99.0,1.5,-9.9,-99,-999,新北市,06,石門區,001
25.2656,121.5573,富貴角,C0A920,2017-02-18T10:00:00+08:00,196.0,0.0,0.0,17.0,0.94,1001.3,-99.0,1.5,-9.9,-99,-999,新北市,06,石門區,001
25.2656,121.5573,富貴角,C0A920,2017-02-18T11:00:00+08:00,196.0,66.0,1.0,17.1,0.93,1000.9,-99.0,1.5,-9.9,-99,-999,新北市,06,石門區,001
25.2656,121.5573,富貴角,C0A920,2017-02-18T12:00:00+08:00,196.0,72.0,1.7,16.6,0.96,1000.4,-99.0,1.5,-9.9,-99,-999,新北市,06,石門區,001
25.2656,121.5573,富貴角,C0A920,2017-02-18T13:00:00+08:00,196.0,60.0,1.9,16.2,0.97,999.5,-99.0,1.5,-9.9,-99,-999,新北市,06,石門區,001
25.2656,121.5573,富貴角,C0A920,2017-02-18T14:00:00+08:00,196.0,77.0,1.5,16.5,0.94,998.9,-99.0,1.5,-9.9,-99,-999,新北市,06,石門區,001
25.2656,121.5573,富貴角,C0A920,2017-02-18T15:00:00+08:00,196.0,84.0,2.0,16.6,0.92,998.8,-99.0,1.5,-9.9,-99,-999,新北市,06,石門區,001
25.2656,121.5573,富貴角,C0A920,2017-02-18T16:00:00+08:00,196.0,83.0,2.7,16.6,0.92,999.4,-99.0,1.5,-9.9,-99,-999,新北市,06,石門區,001
25.2656,121.5573,富貴角,C0A920,2017-02-18T17:00:00+08:00,196.0,58.0,3.2,16.6,0.91,1000.1,-99.0,1.5,-9.9,-99,-999,新北市,06,石門區,001
25.2656,121.5573,富貴角,C0A920,2017-02-18T18:00:00+08:00,196.0,56.0,3.4,16.3,0.92,1000.6,-99.0,1.5,-9.9,-99,-999,新北市,06,石門區,001
25.2656,121.5573,富貴角,C0A920,2017-02-18T19:00:00+08:00,196.0,62.0,3.2,15.6,0.96,1001.0,-99.0,1.5,-9.9,-99,-999,新北市,06,石門區,001
25.2656,121.5573,富貴角,C0A920,2017-02-18T20:00:00+08:00,196.0,80.0,2.9,15.7,0.91,1001.2,-99.0,1.5,-9.9,-99,-999,新北市,06,石門區,001
25.2656,121.5573,富貴角,C0A920,2017-02-18T21:00:00+08:00,196.0,89.0,3.0,15.9,0.87,1001.0,-99.0,1.5,-9.9,-99,-999,新北市,06,石門區,001
25.2656,121.5573,富貴角,C0A920,2017-02-18T22:00:00+08:00,196.0,93.0,3.0,15.9,0.84,1000.8,-99.0,1.5,-9.9,-99,-999,新北市,06,石門區,001
25.2656,121.5573,富貴角,C0A920,2017-02-18T23:00:00+08:00,196.0,93.0,3.7,15.9,0.87,1000.7,-99.0,1.5,-9.9,-99,-999,新北市,06,石門區,001
25.2656,121.5573,富貴角,C0A920,2017-02-19T00:00:00+08:00,196.0,102.0,3.1,15.7,0.85,1000.3,-99.0,1.5,-9.9,-99,-999,新北市,06,石門區,001
25.2656,121.5573,富貴角,C0A920,2017-02-19T01:00:00+08:00,196.0,99.0,2.9,15.7,0.84,999.9,-99.0,0.0,-9.9,-99,-999,新北市,06,石門區,001
25.2656,121.5573,富貴角,C0A920,2017-02-19T02:00:00+08:00,196.0,103.0,2.3,16.1,0.84,999.3,-99.0,0.0,-9.9,-99,-999,新北市,06,石門區,001
25.2656,121.5573,富貴角,C0A920,2017-02-19T03:00:00+08:00,196.0,104.0,3.4,16.1,0.82,998.3,-99.0,0.0,-9.9,-99,-999,新北市,06,石門區,001
25.2656,121.5573,富貴角,C0A920,2017-02-19T04:00:00+08:00,196.0,111.0,2.7,16.1,0.82,997.4,-99.0,0.0,-9.9,-99,-999,新北市,06,石門區,001
25.2656,121.5573,富貴角,C0A920,2017-02-19T05:00:00+08:00,196.0,118.0,2.7,15.9,0.83,996.9,-99.0,0.0,-9.9,-99,-999,新北市,06,石門區,001
25.2656,121.5573,富貴角,C0A920,2017-02-19T06:00:00+08:00,196.0,124.0,3.4,16.2,0.84,996.6,-99.0,0.0,-9.9,-99,-999,新北市,06,石門區,001
25.2656,121.5573,富貴角,C0A920,2017-02-19T07:00:00+08:00,196.0,125.0,4.1,16.9,0.76,996.8,-99.0,0.0,-9.9,-99,-999,新北市,06,石門區,001
25.2656,121.5573,富貴角,C0A920,2017-02-19T08:00:00+08:00,196.0,129.0,3.6,18.0,0.76,996.9,-99.0,0.0,-9.9,-99,-999,新北市,06,石門區,001
25.2656,121.5573,富貴角,C0A920,2017-02-19T10:00:00+08:00,196.0,118.0,2.9,21.1,0.69,995.8,-99.0,0.0,-9.9,-99,-999,新北市,06,石門區,001
25.2656,121.5573,富貴角,C0A920,2017-02-19T11:00:00+08:00,196.0,118.0,3.0,22.7,0.63,994.9,-99.0,0.0,-9.9,-99,-999,新北市,06,石門區,001
25.2656,121.5573,富貴角,C0A920,2017-02-19T12:00:00+08:00,196.0,110.0,1.9,24.5,0.56,993.9,-99.0,0.0,-9.9,-99,-999,新北市,06,石門區,001
25.2656,121.5573,富貴角,C0A920,2017-02-19T13:00:00+08:00,196.0,293.0,2.1,25.0,0.50,992.6,-99.0,0.0,-9.9,-99,-999,新北市,06,石門區,001
25.2656,121.5573,富貴角,C0A920,2017-02-19T14:00:00+08:00,196.0,267.0,2.3,23.4,0.55,991.7,-99.0,0.0,-9.9,-99,-999,新北市,06,石門區,001
25.2656,121.5573,富貴角,C0A920,2017-02-19T15:00:00+08:00,196.0,261.0,2.5,23.3,0.55,991.4,-99.0,0.0,-9.9,-99,-999,新北市,06,石門區,001
25.2656,121.5573,富貴角,C0A920,2017-02-19T16:00:00+08:00,196.0,277.0,2.4,22.9,0.55,991.2,-99.0,0.0,-9.9,-99,-999,新北市,06,石門區,001
25.2656,121.5573,富貴角,C0A920,2017-02-19T17:00:00+08:00,196.0,272.0,1.3,21.8,0.63,991.5,-99.0,0.0,-9.9,-99,-999,新北市,06,石門區,001
25.2656,121.5573,富貴角,C0A920,2017-02-19T18:00:00+08:00,196.0,0.0,0.0,19.1,0.78,991.7,-99.0,0.0,-9.9,-99,-999,新北市,06,石門區,001
25.2656,121.5573,富貴角,C0A920,2017-02-19T19:00:00+08:00,196.0,170.0,0.9,18.7,0.75,991.9,-99.0,0.0,-9.9,-99,-999,新北市,06,石門區,001
25.2656,121.5573,富貴角,C0A920,2017-02-19T20:00:00+08:00,196.0,0.0,0.0,16.7,0.84,992.5,-99.0,0.0,-9.9,-99,-999,新北市,06,石門區,001
25.2656,121.5573,富貴角,C0A920,2017-02-19T21:00:00+08:00,196.0,0.0,0.0,17.8,0.79,992.4,-99.0,0.0,-9.9,-99,-999,新北市,06,石門區,001
25.2656,121.5573,富貴角,C0A920,2017-02-19T22:00:00+08:00,196.0,167.0,1.8,19.0,0.63,992.2,-99.0,0.0,-9.9,-99,-999,新北市,06,石門區,001
25.2656,121.5573,富貴角,C0A920,2017-02-19T23:00:00+08:00,196.0,81.0,2.1,16.8,0.77,991.6,-99.0,0.0,-9.9,-99,-999,新北市,06,石門區,001
25.2656,121.5573,富貴角,C0A920,2017-02-20T00:00:00+08:00,196.0,245.0,0.6,19.6,0.52,991.1,-99.0,0.0,-9.9,-99,-999,新北市,06,石門區,001
25.2656,121.5573,富貴角,C0A920,2017-02-20T01:00:00+08:00,196.0,123.0,0.5,16.6,0.76,990.9,-99.0,0.0,-9.9,-99,-999,新北市,06,石門區,001
25.2656,121.5573,富貴角,C0A920,2017-02-20T02:00:00+08:00,196.0,234.0,1.0,16.8,0.77,990.4,-99.0,0.0,-9.9,-99,-999,新北市,06,石門區,001
25.2656,121.5573,富貴角,C0A920,2017-02-20T03:00:00+08:00,196.0,224.0,2.0,19.8,0.54,990.7,-99.0,0.0,-9.9,-99,-999,新北市,06,石門區,001
25.2656,121.5573,富貴角,C0A920,2017-02-20T04:00:00+08:00,196.0,283.0,2.2,15.4,0.97,991.1,-99.0,0.0,-9.9,-99,-999,新北市,06,石門區,001
25.2656,121.5573,富貴角,C0A920,2017-02-20T05:00:00+08:00,196.0,280.0,1.0,14.8,1.00,991.5,-99.0,0.0,-9.9,-99,-999,新北市,06,石門區,001
25.2656,121.5573,富貴角,C0A920,2017-02-20T06:00:00+08:00,196.0,248.0,1.4,16.3,0.92,992.4,-99.0,0.5,-9.9,-99,-999,新北市,06,石門區,001
25.2656,121.5573,富貴角,C0A920,2017-02-20T07:00:00+08:00,196.0,244.0,0.7,15.4,0.96,992.7,-99.0,2.5,-9.9,-99,-999,新北市,06,石門區,001
25.2656,121.5573,富貴角,C0A920,2017-02-20T08:00:00+08:00,196.0,164.0,0.5,16.0,0.99,993.0,-99.0,4.5,-9.9,-99,-999,新北市,06,石門區,001
25.2656,121.5573,富貴角,C0A920,2017-02-20T10:00:00+08:00,196.0,63.0,2.0,21.3,0.78,992.4,-99.0,5.5,-9.9,-99,-999,新北市,06,石門區,001
25.2656,121.5573,富貴角,C0A920,2017-02-20T11:00:00+08:00,196.0,0.0,0.1,21.6,0.75,992.1,-99.0,5.5,-9.9,-99,-999,新北市,06,石門區,001
25.2656,121.5573,富貴角,C0A920,2017-02-20T13:00:00+08:00,196.0,278.0,2.0,17.8,0.89,992.7,-99.0,5.5,-9.9,-99,-999,新北市,06,石門區,001
25.2656,121.5573,富貴角,C0A920,2017-02-20T14:00:00+08:00,196.0,286.0,1.7,16.3,0.99,992.1,-99.0,5.5,-9.9,-99,-999,新北市,06,石門區,001
25.2656,121.5573,富貴角,C0A920,2017-02-20T15:00:00+08:00,196.0,0.0,0.1,16.6,1.00,991.9,-99.0,5.5,-9.9,-99,-999,新北市,06,石門區,001
25.2656,121.5573,富貴角,C0A920,2017-02-20T16:00:00+08:00,196.0,0.0,0.0,18.0,0.97,992.2,-99.0,5.5,-9.9,-99,-999,新北市,06,石門區,001
25.2656,121.5573,富貴角,C0A920,2017-02-20T17:00:00+08:00,196.0,0.0,0.2,17.6,0.99,992.5,-99.0,5.5,-9.9,-99,-999,新北市,06,石門區,001
25.2656,121.5573,富貴角,C0A920,2017-02-20T18:00:00+08:00,196.0,82.0,1.3,16.9,1.00,992.9,-99.0,5.5,-9.9,-99,-999,新北市,06,石門區,001
25.2656,121.5573,富貴角,C0A920,2017-02-20T19:00:00+08:00,196.0,82.0,1.5,17.0,1.00,993.5,-99.0,5.5,-9.9,-99,-999,新北市,06,石門區,001
25.2656,121.5573,富貴角,C0A920,2017-02-20T20:00:00+08:00,196.0,74.0,1.4,19.8,0.81,994.3,-99.0,5.5,-9.9,-99,-999,新北市,06,石門區,001
25.2656,121.5573,富貴角,C0A920,2017-02-20T21:00:00+08:00,196.0,86.0,0.4,17.8,0.98,995.8,-99.0,7.0,-9.9,-99,-999,新北市,06,石門區,001
25.2656,121.5573,富貴角,C0A920,2017-02-20T22:00:00+08:00,196.0,56.0,2.6,17.1,1.00,996.7,-99.0,7.0,-9.9,-99,-999,新北市,06,石門區,001
25.2656,121.5573,富貴角,C0A920,2017-02-20T23:00:00+08:00,196.0,75.0,3.3,16.0,1.00,997.5,-99.0,8.5,-9.9,-99,-999,新北市,06,石門區,001
25.2656,121.5573,富貴角,C0A920,2017-02-21T00:00:00+08:00,196.0,63.0,4.3,15.5,1.00,997.7,-99.0,11.0,-9.9,-99,-999,新北市,06,石門區,001
25.2656,121.5573,富貴角,C0A920,2017-02-21T01:00:00+08:00,196.0,79.0,3.4,15.0,1.00,998.1,-99.0,3.5,-9.9,-99,-999,新北市,06,石門區,001
25.2656,121.5573,富貴角,C0A920,2017-02-21T02:00:00+08:00,196.0,73.0,3.5,14.7,1.00,998.4,-99.0,4.5,-9.9,-99,-999,新北市,06,石門區,001
25.2656,121.5573,富貴角,C0A920,2017-02-21T03:00:00+08:00,196.0,79.0,2.8,14.4,1.00,998.5,-99.0,6.5,-9.9,-99,-999,新北市,06,石門區,001
25.2656,121.5573,富貴角,C0A920,2017-02-21T04:00:00+08:00,196.0,71.0,4.0,14.2,1.00,998.7,-99.0,9.0,-9.9,-99,-999,新北市,06,石門區,001
25.2656,121.5573,富貴角,C0A920,2017-02-21T05:00:00+08:00,196.0,77.0,3.3,13.9,1.00,999.2,-99.0,10.5,-9.9,-99,-999,新北市,06,石門區,001
25.2656,121.5573,富貴角,C0A920,2017-02-21T06:00:00+08:00,196.0,88.0,3.8,13.7,1.00,999.4,-99.0,10.5,-9.9,-99,-999,新北市,06,石門區,001
25.2656,121.5573,富貴角,C0A920,2017-02-21T07:00:00+08:00,196.0,90.0,3.0,14.0,1.00,1000.0,-99.0,11.0,-9.9,-99,-999,新北市,06,石門區,001
25.2656,121.5573,富貴角,C0A920,2017-02-21T08:00:00+08:00,196.0,94.0,3.6,14.2,1.00,1000.6,-99.0,11.5,-9.9,-99,-999,新北市,06,石門區,001
25.2656,121.5573,富貴角,C0A920,2017-02-21T09:00:00+08:00,196.0,97.0,3.1,14.5,1.00,1000.5,-99.0,12.0,-9.9,-99,-999,新北市,06,石門區,001
25.2656,121.5573,富貴角,C0A920,2017-02-21T10:00:00+08:00,196.0,99.0,2.6,14.7,1.00,1000.2,-99.0,12.5,-9.9,-99,-999,新北市,06,石門區,001
25.2656,121.5573,富貴角,C0A920,2017-02-21T11:00:00+08:00,196.0,99.0,3.0,15.0,1.00,999.4,-99.0,12.5,-9.9,-99,-999,新北市,06,石門區,001
25.2656,121.5573,富貴角,C0A920,2017-02-21T12:00:00+08:00,196.0,105.0,2.7,15.3,1.00,998.4,-99.0,13.0,-9.9,-99,-999,新北市,06,石門區,001
25.2656,121.5573,富貴角,C0A920,2017-02-21T13:00:00+08:00,196.0,97.0,2.5,15.7,1.00,997.1,-99.0,13.5,-9.9,-99,-999,新北市,06,石門區,001
25.2656,121.5573,富貴角,C0A920,2017-02-21T14:00:00+08:00,196.0,100.0,2.7,15.9,1.00,996.3,-99.0,14.0,-9.9,-99,-999,新北市,06,石門區,001
25.2656,121.5573,富貴角,C0A920,2017-02-21T15:00:00+08:00,196.0,109.0,2.7,16.3,1.00,995.2,-99.0,14.5,-9.9,-99,-999,新北市,06,石門區,001
25.2656,121.5573,富貴角,C0A920,2017-02-21T16:00:00+08:00,196.0,111.0,3.7,16.6,0.99,994.6,-99.0,14.5,-9.9,-99,-999,新北市,06,石門區,001
25.2656,121.5573,富貴角,C0A920,2017-02-21T17:00:00+08:00,196.0,115.0,3.2,17.0,1.00,994.3,-99.0,15.0,-9.9,-99,-999,新北市,06,石門區,001
25.2656,121.5573,富貴角,C0A920,2017-02-21T19:00:00+08:00,196.0,124.0,5.0,17.7,1.00,993.2,-99.0,15.0,-9.9,-99,-999,新北市,06,石門區,001
25.2656,121.5573,富貴角,C0A920,2017-02-21T20:00:00+08:00,196.0,125.0,4.4,18.3,0.99,992.9,-99.0,15.0,-9.9,-99,-999,新北市,06,石門區,001
25.2656,121.5573,富貴角,C0A920,2017-02-21T21:00:00+08:00,196.0,129.0,3.5,19.6,0.93,993.0,-99.0,15.0,-9.9,-99,-999,新北市,06,石門區,001
25.2656,121.5573,富貴角,C0A920,2017-02-21T22:00:00+08:00,196.0,134.0,2.0,20.4,0.86,993.2,-99.0,15.0,-9.9,-99,-999,新北市,06,石門區,001
25.2656,121.5573,富貴角,C0A920,2017-02-21T23:00:00+08:00,196.0,171.0,1.0,21.7,0.77,993.1,-99.0,15.0,-9.9,-99,-999,新北市,06,石門區,001
25.2656,121.5573,富貴角,C0A920,2017-02-22T00:00:00+08:00,196.0,314.0,2.1,21.1,0.79,992.8,-99.0,15.0,-9.9,-99,-999,新北市,06,石門區,001
25.2656,121.5573,富貴角,C0A920,2017-02-22T01:00:00+08:00,196.0,45.0,0.4,20.4,0.84,992.6,-99.0,0.0,-9.9,-99,-999,新北市,06,石門區,001
25.2656,121.5573,富貴角,C0A920,2017-02-22T02:00:00+08:00,196.0,261.0,0.8,18.1,0.96,992.5,-99.0,0.0,-9.9,-99,-999,新北市,06,石門區,001
25.2656,121.5573,富貴角,C0A920,2017-02-22T03:00:00+08:00,196.0,239.0,2.6,17.1,0.99,992.5,-99.0,0.0,-9.9,-99,-999,新北市,06,石門區,001
25.2656,121.5573,富貴角,C0A920,2017-02-22T04:00:00+08:00,196.0,290.0,0.9,16.1,1.00,991.7,-99.0,0.0,-9.9,-99,-999,新北市,06,石門區,001
25.2656,121.5573,富貴角,C0A920,2017-02-22T05:00:00+08:00,196.0,246.0,3.8,15.3,1.00,993.1,-99.0,0.5,-9.9,-99,-999,新北市,06,石門區,001
25.2656,121.5573,富貴角,C0A920,2017-02-22T06:00:00+08:00,196.0,268.0,3.1,13.1,1.00,994.4,-99.0,1.0,-9.9,-99,-999,新北市,06,石門區,001
25.2656,121.5573,富貴角,C0A920,2017-02-22T07:00:00+08:00,196.0,301.0,0.4,13.4,1.00,994.2,-99.0,1.5,-9.9,-99,-999,新北市,06,石門區,001
25.2656,121.5573,富貴角,C0A920,2017-02-22T08:00:00+08:00,196.0,98.0,2.1,14.4,1.00,994.2,-99.0,1.5,-9.9,-99,-999,新北市,06,石門區,001
25.2656,121.5573,富貴角,C0A920,2017-02-22T09:00:00+08:00,196.0,164.0,0.4,18.9,1.00,993.5,-99.0,1.5,-9.9,-99,-999,新北市,06,石門區,001
25.2656,121.5573,富貴角,C0A920,2017-02-22T10:00:00+08:00,196.0,82.0,1.3,21.1,0.96,993.1,-99.0,1.5,-9.9,-99,-999,新北市,06,石門區,001
25.2656,121.5573,富貴角,C0A920,2017-02-22T11:00:00+08:00,196.0,94.0,0.3,18.5,0.99,992.5,-99.0,1.5,-9.9,-99,-999,新北市,06,石門區,001
25.2656,121.5573,富貴角,C0A920,2017-02-22T12:00:00+08:00,196.0,178.0,0.7,19.6,0.85,991.9,-99.0,2.0,-9.9,-99,-999,新北市,06,石門區,001
25.2656,121.5573,富貴角,C0A920,2017-02-22T13:00:00+08:00,196.0,241.0,2.8,16.0,0.99,993.2,-99.0,6.0,-9.9,-99,-999,新北市,06,石門區,001
25.2656,121.5573,富貴角,C0A920,2017-02-22T14:00:00+08:00,196.0,247.0,0.9,17.6,1.00,992.1,-99.0,7.5,-9.9,-99,-999,新北市,06,石門區,001
25.2656,121.5573,富貴角,C0A920,2017-02-22T15:00:00+08:00,196.0,212.0,2.2,18.0,1.00,991.7,-99.0,13.0,-9.9,-99,-999,新北市,06,石門區,001
25.2656,121.5573,富貴角,C0A920,2017-02-22T16:00:00+08:00,196.0,144.0,1.1,18.2,1.00,990.9,-99.0,17.0,-9.9,-99,-999,新北市,06,石門區,001
25.2656,121.5573,富貴角,C0A920,2017-02-22T17:00:00+08:00,196.0,0.0,0.0,19.1,1.00,990.1,-99.0,17.0,-9.9,-99,-999,新北市,06,石門區,001
25.2656,121.5573,富貴角,C0A920,2017-02-22T18:00:00+08:00,196.0,61.0,1.2,18.2,1.00,989.7,-99.0,17.0,-9.9,-99,-999,新北市,06,石門區,001
25.2656,121.5573,富貴角,C0A920,2017-02-22T19:00:00+08:00,196.0,88.0,0.4,18.1,0.99,990.3,-99.0,17.0,-9.9,-99,-999,新北市,06,石門區,001
25.2656,121.5573,富貴角,C0A920,2017-02-22T20:00:00+08:00,196.0,184.0,1.2,19.0,0.94,991.0,-99.0,17.0,-9.9,-99,-999,新北市,06,石門區,001
25.2656,121.5573,富貴角,C0A920,2017-02-22T21:00:00+08:00,196.0,252.0,2.2,21.8,0.86,991.4,-99.0,17.0,-9.9,-99,-999,新北市,06,石門區,001
25.2656,121.5573,富貴角,C0A920,2017-02-22T22:00:00+08:00,196.0,283.0,1.1,18.1,0.96,992.7,-99.0,17.0,-9.9,-99,-999,新北市,06,石門區,001
25.2656,121.5573,富貴角,C0A920,2017-02-22T23:00:00+08:00,196.0,289.0,0.9,16.2,1.00,993.9,-99.0,17.5,-9.9,-99,-999,新北市,06,石門區,001
25.2656,121.5573,富貴角,C0A920,2017-02-23T00:00:00+08:00,196.0,0.0,0.1,16.3,1.00,993.8,-99.0,17.5,-9.9,-99,-999,新北市,06,石門區,001
25.2656,121.5573,富貴角,C0A920,2017-02-23T01:00:00+08:00,196.0,61.0,1.8,17.0,1.00,994.1,-99.0,3.5,-9.9,-99,-999,新北市,06,石門區,001
25.2656,121.5573,富貴角,C0A920,2017-02-23T02:00:00+08:00,196.0,73.0,2.6,16.0,1.00,993.8,-99.0,5.0,-9.9,-99,-999,新北市,06,石門區,001
25.2656,121.5573,富貴角,C0A920,2017-02-23T03:00:00+08:00,196.0,87.0,2.1,15.5,1.00,993.5,-99.0,6.0,-9.9,-99,-999,新北市,06,石門區,001
25.2656,121.5573,富貴角,C0A920,2017-02-23T04:00:00+08:00,196.0,77.0,2.1,15.1,1.00,993.7,-99.0,7.0,-9.9,-99,-999,新北市,06,石門區,001
25.2656,121.5573,富貴角,C0A920,2017-02-23T05:00:00+08:00,196.0,74.0,2.4,14.8,1.00,994.2,-99.0,9.5,-9.9,-99,-999,新北市,06,石門區,001
25.2656,121.5573,富貴角,C0A920,2017-02-23T06:00:00+08:00,196.0,68.0,2.9,14.4,1.00,995.1,-99.0,11.5,-9.9,-99,-999,新北市,06,石門區,001
25.2656,121.5573,富貴角,C0A920,2017-02-23T07:00:00+08:00,196.0,78.0,2.6,14.1,1.00,995.5,-99.0,13.5,-9.9,-99,-999,新北市,06,石門區,001
25.2656,121.5573,富貴角,C0A920,2017-02-23T08:00:00+08:00,196.0,73.0,3.0,13.8,1.00,996.4,-99.0,15.0,-9.9,-99,-999,新北市,06,石門區,001
25.2656,121.5573,富貴角,C0A920,2017-02-23T10:00:00+08:00,196.0,76.0,3.7,13.3,1.00,996.7,-99.0,19.0,-9.9,-99,-999,新北市,06,石門區,001
25.2656,121.5573,富貴角,C0A920,2017-02-23T11:00:00+08:00,196.0,65.0,3.8,12.9,1.00,996.9,-99.0,22.5,-9.9,-99,-999,新北市,06,石門區,001
25.2656,121.5573,富貴角,C0A920,2017-02-23T12:00:00+08:00,196.0,71.0,3.6,12.6,1.00,996.7,-99.0,24.0,-9.9,-99,-999,新北市,06,石門區,001
25.2656,121.5573,富貴角,C0A920,2017-02-23T13:00:00+08:00,196.0,58.0,3.6,12.1,1.00,996.5,-99.0,27.0,-9.9,-99,-999,新北市,06,石門區,001
25.2656,121.5573,富貴角,C0A920,2017-02-23T14:00:00+08:00,196.0,42.0,4.1,10.8,1.00,996.7,-99.0,30.0,-9.9,-99,-999,新北市,06,石門區,001
25.2656,121.5573,富貴角,C0A920,2017-02-23T15:00:00+08:00,196.0,37.0,4.3,10.0,0.99,997.5,-99.0,31.0,-9.9,-99,-999,新北市,06,石門區,001
25.2656,121.5573,富貴角,C0A920,2017-02-23T16:00:00+08:00,196.0,42.0,3.4,9.6,0.99,997.7,-99.0,32.0,-9.9,-99,-999,新北市,06,石門區,001
25.2656,121.5573,富貴角,C0A920,2017-02-23T17:00:00+08:00,196.0,44.0,4.4,9.1,0.99,998.2,-99.0,33.5,-9.9,-99,-999,新北市,06,石門區,001
25.2656,121.5573,富貴角,C0A920,2017-02-23T18:00:00+08:00,196.0,41.0,2.6,9.2,1.00,999.5,-99.0,33.5,-9.9,-99,-999,新北市,06,石門區,001
25.2656,121.5573,富貴角,C0A920,2017-02-23T19:00:00+08:00,196.0,39.0,3.8,9.3,1.00,999.8,-99.0,34.5,-9.9,-99,-999,新北市,06,石門區,001
25.2656,121.5573,富貴角,C0A920,2017-02-23T20:00:00+08:00,196.0,40.0,2.9,9.2,1.00,1000.4,-99.0,35.0,-9.9,-99,-999,新北市,06,石門區,001
25.2656,121.5573,富貴角,C0A920,2017-02-23T21:00:00+08:00,196.0,48.0,2.9,9.4,0.99,1000.7,-99.0,35.5,-9.9,-99,-999,新北市,06,石門區,001
25.2656,121.5573,富貴角,C0A920,2017-02-23T22:00:00+08:00,196.0,54.0,3.2,9.8,1.00,1000.3,-99.0,35.5,-9.9,-99,-999,新北市,06,石門區,001
25.2656,121.5573,富貴角,C0A920,2017-02-23T23:00:00+08:00,196.0,45.0,3.5,10.3,1.00,1000.2,-99.0,35.5,-9.9,-99,-999,新北市,06,石門區,001
25.2656,121.5573,富貴角,C0A920,2017-02-24T00:00:00+08:00,196.0,49.0,3.5,10.4,1.00,999.9,-99.0,36.0,-9.9,-99,-999,新北市,06,石門區,001
25.2656,121.5573,富貴角,C0A920,2017-02-24T01:00:00+08:00,196.0,47.0,3.0,10.5,1.00,999.7,-99.0,0.0,-9.9,-99,-999,新北市,06,石門區,001
25.2656,121.5573,富貴角,C0A920,2017-02-24T02:00:00+08:00,196.0,37.0,3.4,10.4,1.00,999.9,-99.0,0.5,-9.9,-99,-999,新北市,06,石門區,001
25.2656,121.5573,富貴角,C0A920,2017-02-24T03:00:00+08:00,196.0,37.0,3.4,10.4,1.00,999.2,-99.0,0.5,-9.9,-99,-999,新北市,06,石門區,001
25.2656,121.5573,富貴角,C0A920,2017-02-24T04:00:00+08:00,196.0,45.0,4.2,10.3,1.00,998.8,-99.0,1.0,-9.9,-99,-999,新北市,06,石門區,001
25.2656,121.5573,富貴角,C0A920,2017-02-24T05:00:00+08:00,196.0,59.0,3.4,10.4,1.00,998.4,-99.0,1.0,-9.9,-99,-999,新北市,06,石門區,001
25.2656,121.5573,富貴角,C0A920,2017-02-24T06:00:00+08:00,196.0,53.0,3.5,10.8,1.00,997.9,-99.0,1.5,-9.9,-99,-999,新北市,06,石門區,001
25.2656,121.5573,富貴角,C0A920,2017-02-24T07:00:00+08:00,196.0,61.0,3.1,11.3,1.00,998.7,-99.0,2.5,-9.9,-99,-999,新北市,06,石門區,001
25.2656,121.5573,富貴角,C0A920,2017-02-24T08:00:00+08:00,196.0,58.0,2.5,11.3,0.99,999.4,-99.0,7.5,-9.9,-99,-999,新北市,06,石門區,001
25.2656,121.5573,富貴角,C0A920,2017-02-24T09:00:00+08:00,196.0,55.0,3.5,11.2,1.00,1000.1,-99.0,14.0,-9.9,-99,-999,新北市,06,石門區,001
25.2656,121.5573,富貴角,C0A920,2017-02-24T10:00:00+08:00,196.0,48.0,2.4,11.3,1.00,1000.6,-99.0,19.0,-9.9,-99,-999,新北市,06,石門區,001
25.2656,121.5573,富貴角,C0A920,2017-02-24T11:00:00+08:00,196.0,26.0,3.3,11.2,1.00,1000.5,-99.0,21.5,-9.9,-99,-999,新北市,06,石門區,001
25.2656,121.5573,富貴角,C0A920,2017-02-24T12:00:00+08:00,196.0,30.0,4.3,10.3,1.00,1000.4,-99.0,26.5,-9.9,-99,-999,新北市,06,石門區,001
25.2656,121.5573,富貴角,C0A920,2017-02-24T13:00:00+08:00,196.0,29.0,4.2,10.2,1.00,999.5,-99.0,28.5,-9.9,-99,-999,新北市,06,石門區,001
25.2656,121.5573,富貴角,C0A920,2017-02-24T14:00:00+08:00,196.0,26.0,4.1,10.0,1.00,999.2,-99.0,34.5,-9.9,-99,-999,新北市,06,石門區,001
25.2656,121.5573,富貴角,C0A920,2017-02-24T15:00:00+08:00,196.0,27.0,2.6,9.7,1.00,999.6,-99.0,37.0,-9.9,-99,-999,新北市,06,石門區,001
25.2656,121.5573,富貴角,C0A920,2017-02-24T16:00:00+08:00,196.0,35.0,3.2,9.7,0.99,999.8,-99.0,41.0,-9.9,-99,-999,新北市,06,石門區,001
25.2656,121.5573,富貴角,C0A920,2017-02-24T18:00:00+08:00,196.0,57.0,2.7,10.5,1.00,999.4,-99.0,48.5,-9.9,-99,-999,新北市,06,石門區,001
25.2656,121.5573,富貴角,C0A920,2017-02-24T19:00:00+08:00,196.0,34.0,3.7,10.7,1.00,999.9,-99.0,53.5,-9.9,-99,-999,新北市,06,石門區,001
25.2656,121.5573,富貴角,C0A920,2017-02-24T20:00:00+08:00,196.0,52.0,3.7,10.9,1.00,999.7,-99.0,57.5,-9.9,-99,-999,新北市,06,石門區,001
25.2656,121.5573,富貴角,C0A920,2017-02-24T21:00:00+08:00,196.0,55.0,2.4,11.7,1.00,999.8,-99.0,58.5,-9.9,-99,-999,新北市,06,石門區,001
25.2656,121.5573,富貴角,C0A920,2017-02-24T22:00:00+08:00,196.0,49.0,2.9,11.7,1.00,1000.4,-99.0,61.5,-9.9,-99,-999,新北市,06,石門區,001
25.2656,121.5573,富貴角,C0A920,2017-02-24T23:00:00+08:00,196.0,45.0,2.7,11.8,1.00,1000.2,-99.0,65.0,-9.9,-99,-999,新北市,06,石門區,001
25.2656,121.5573,富貴角,C0A920,2017-02-25T00:00:00+08:00,196.0,64.0,2.6,11.9,1.00,999.6,-99.0,69.5,-9.9,-99,-999,新北市,06,石門區,001
25.2656,121.5573,富貴角,C0A920,2017-02-25T01:00:00+08:00,196.0,64.0,2.5,12.1,1.00,999.1,-99.0,4.0,-9.9,-99,-999,新北市,06,石門區,001
25.2656,121.5573,富貴角,C0A920,2017-02-25T02:00:00+08:00,196.0,64.0,2.5,11.9,1.00,998.5,-99.0,5.5,-9.9,-99,-999,新北市,06,石門區,001
25.2656,121.5573,富貴角,C0A920,2017-02-25T03:00:00+08:00,196.0,84.0,2.0,11.9,1.00,997.4,-99.0,7.5,-9.9,-99,-999,新北市,06,石門區,001
25.2656,121.5573,富貴角,C0A920,2017-02-25T04:00:00+08:00,196.0,63.0,1.8,12.1,0.99,997.5,-99.0,10.0,-9.9,-99,-999,新北市,06,石門區,001
25.2656,121.5573,富貴角,C0A920,2017-02-25T05:00:00+08:00,196.0,42.0,4.0,12.0,0.99,997.6,-99.0,16.5,-9.9,-99,-999,新北市,06,石門區,001
25.2656,121.5573,富貴角,C0A920,2017-02-25T06:00:00+08:00,196.0,68.0,3.2,11.9,1.00,997.2,-99.0,20.0,-9.9,-99,-999,新北市,06,石門區,001
25.2656,121.5573,富貴角,C0A920,2017-02-25T07:00:00+08:00,196.0,58.0,2.1,12.1,1.00,998.2,-99.0,23.0,-9.9,-99,-999,新北市,06,石門區,001
25.2656,121.5573,富貴角,C0A920,2017-02-25T08:00:00+08:00,196.0,58.0,2.8,12.2,1.00,998.5,-99.0,30.0,-9.9,-99,-999,新北市,06,石門區,001
25.2656,121.5573,富貴角,C0A920,2017-02-25T10:00:00+08:00,196.0,76.0,2.3,12.9,1.00,998.4,-99.0,36.5,-9.9,-99,-999,新北市,06,石門區,001
25.2656,121.5573,富貴角,C0A920,2017-02-25T11:00:00+08:00,196.0,55.0,2.1,13.0,0.99,997.9,-99.0,38.5,-9.9,-99,-999,新北市,06,石門區,001
25.2656,121.5573,富貴角,C0A920,2017-02-25T12:00:00+08:00,196.0,106.0,0.7,13.0,1.00,997.1,-99.0,40.0,-9.9,-99,-999,新北市,06,石門區,001
25.2656,121.5573,富貴角,C0A920,2017-02-25T13:00:00+08:00,196.0,37.0,4.2,12.1,1.00,996.5,-99.0,44.5,-9.9,-99,-999,新北市,06,石門區,001
25.2656,121.5573,富貴角,C0A920,2017-02-25T14:00:00+08:00,196.0,44.0,3.4,11.8,1.00,995.6,-99.0,49.0,-9.9,-99,-999,新北市,06,石門區,001
25.2656,121.5573,富貴角,C0A920,2017-02-25T15:00:00+08:00,196.0,44.0,3.9,11.9,1.00,995.4,-99.0,55.0,-9.9,-99,-999,新北市,06,石門區,001
25.2656,121.5573,富貴角,C0A920,2017-02-25T16:00:00+08:00,196.0,47.0,3.6,11.9,1.00,995.3,-99.0,62.0,-9.9,-99,-999,新北市,06,石門區,001
25.2656,121.5573,富貴角,C0A920,2017-02-25T17:00:00+08:00,196.0,40.0,2.4,11.7,1.00,995.8,-99.0,68.5,-9.9,-99,-999,新北市,06,石門區,001
25.2656,121.5573,富貴角,C0A920,2017-02-25T18:00:00+08:00,196.0,48.0,3.4,12.0,0.99,995.9,-99.0,72.5,-9.9,-99,-999,新北市,06,石門區,001
25.2656,121.5573,富貴角,C0A920,2017-02-25T19:00:00+08:00,196.0,46.0,3.5,11.9,1.00,996.4,-99.0,80.5,-9.9,-99,-999,新北市,06,石門區,001
25.2656,121.5573,富貴角,C0A920,2017-02-25T20:00:00+08:00,196.0,77.0,2.0,12.0,1.00,996.6,-99.0,84.0,-9.9,-99,-999,新北市,06,石門區,001
25.2656,121.5573,富貴角,C0A920,2017-02-25T22:00:00+08:00,196.0,61.0,2.3,12.2,1.00,997.3,-99.0,87.0,-9.9,-99,-999,新北市,06,石門區,001
25.2656,121.5573,富貴角,C0A920,2017-02-25T23:00:00+08:00,196.0,49.0,3.0,12.5,1.00,997.3,-99.0,90.5,-9.9,-99,-999,新北市,06,石門區,001
25.2656,121.5573,富貴角,C0A920,2017-02-26T00:00:00+08:00,196.0,40.0,2.7,12.5,0.99,997.2,-99.0,95.5,-9.9,-99,-999,新北市,06,石門區,001
25.2656,121.5573,富貴角,C0A920,2017-02-26T01:00:00+08:00,196.0,58.0,2.8,12.5,1.00,996.2,-99.0,4.5,-9.9,-99,-999,新北市,06,石門區,001
25.2656,121.5573,富貴角,C0A920,2017-02-26T02:00:00+08:00,196.0,36.0,2.6,12.7,1.00,996.1,-99.0,9.5,-9.9,-99,-999,新北市,06,石門區,001
25.2656,121.5573,富貴角,C0A920,2017-02-26T03:00:00+08:00,196.0,34.0,3.0,12.5,1.00,995.5,-99.0,14.0,-9.9,-99,-999,新北市,06,石門區,001
25.2656,121.5573,富貴角,C0A920,2017-02-26T04:00:00+08:00,196.0,26.0,2.4,11.8,1.00,996.1,-99.0,17.0,-9.9,-99,-999,新北市,06,石門區,001
25.2656,121.5573,富貴角,C0A920,2017-02-26T05:00:00+08:00,196.0,358.0,2.5,11.3,1.00,997.1,-99.0,24.5,-9.9,-99,-999,新北市,06,石門區,001
25.2656,121.5573,富貴角,C0A920,2017-02-26T06:00:00+08:00,196.0,360.0,2.3,10.4,1.00,997.9,-99.0,28.5,-9.9,-99,-999,新北市,06,石門區,001
25.2656,121.5573,富貴角,C0A920,2017-02-26T07:00:00+08:00,196.0,347.0,1.7,10.3,0.99,998.9,-99.0,33.5,-9.9,-99,-999,新北市,06,石門區,001
25.2656,121.5573,富貴角,C0A920,2017-02-26T08:00:00+08:00,196.0,347.0,2.3,10.0,1.00,999.7,-99.0,36.0,-9.9,-99,-999,新北市,06,石門區,001
25.2656,121.5573,富貴角,C0A920,2017-02-26T10:00:00+08:00,196.0,26.0,2.7,10.1,1.00,1000.9,-99.0,40.0,-9.9,-99,-999,新北市,06,石門區,001
25.2656,121.5573,富貴角,C0A920,2017-02-26T11:00:00+08:00,196.0,19.0,1.8,10.3,1.00,1000.6,-99.0,40.5,-9.9,-99,-999,新北市,06,石門區,001
25.2656,121.5573,富貴角,C0A920,2017-02-26T12:00:00+08:00,196.0,26.0,2.3,10.4,1.00,999.9,-99.0,41.5,-9.9,-99,-999,新北市,06,石門區,001
25.2656,121.5573,富貴角,C0A920,2017-02-26T13:00:00+08:00,196.0,10.0,2.4,10.3,1.00,999.6,-99.0,41.5,-9.9,-99,-999,新北市,06,石門區,001
25.2656,121.5573,富貴角,C0A920,2017-02-26T14:00:00+08:00,196.0,34.0,3.2,10.1,1.00,998.9,-99.0,42.0,-9.9,-99,-999,新北市,06,石門區,001
25.2656,121.5573,富貴角,C0A920,2017-02-26T15:00:00+08:00,196.0,48.0,2.6,10.0,1.00,998.5,-99.0,42.0,-9.9,-99,-999,新北市,06,石門區,001
25.2656,121.5573,富貴角,C0A920,2017-02-26T16:00:00+08:00,196.0,54.0,2.2,10.8,0.98,998.6,-99.0,42.0,-9.9,-99,-999,新北市,06,石門區,001
25.2656,121.5573,富貴角,C0A920,2017-02-26T17:00:00+08:00,196.0,47.0,2.7,11.2,0.90,999.2,-99.0,42.5,-9.9,-99,-999,新北市,06,石門區,001
25.2656,121.5573,富貴角,C0A920,2017-02-26T18:00:00+08:00,196.0,52.0,2.4,11.4,0.90,999.5,-99.0,42.5,-9.9,-99,-999,新北市,06,石門區,001
25.2656,121.5573,富貴角,C0A920,2017-02-26T19:00:00+08:00,196.0,37.0,2.8,11.7,0.92,999.9,-99.0,42.5,-9.9,-99,-999,新北市,06,石門區,001
25.2656,121.5573,富貴角,C0A920,2017-02-26T20:00:00+08:00,196.0,39.0,3.2,11.7,0.89,1000.7,-99.0,42.5,-9.9,-99,-999,新北市,06,石門區,001
25.2656,121.5573,富貴角,C0A920,2017-02-26T21:00:00+08:00,196.0,47.0,3.2,11.6,0.84,1001.1,-99.0,42.5,-9.9,-99,-999,新北市,06,石門區,001
25.2656,121.5573,富貴角,C0A920,2017-02-26T22:00:00+08:00,196.0,55.0,3.6,11.9,0.82,1001.1,-99.0,42.5,-9.9,-99,-999,新北市,06,石門區,001
25.2656,121.5573,富貴角,C0A920,2017-02-26T23:00:00+08:00,196.0,80.0,2.2,11.8,0.81,1001.0,-99.0,42.5,-9.9,-99,-999,新北市,06,石門區,001
25.2656,121.5573,富貴角,C0A920,2017-02-27T00:00:00+08:00,196.0,84.0,2.4,12.2,0.80,1000.6,-99.0,42.5,-9.9,-99,-999,新北市,06,石門區,001
25.2656,121.5573,富貴角,C0A920,2017-02-27T01:00:00+08:00,196.0,74.0,2.9,12.8,0.76,1000.2,-99.0,0.0,-9.9,-99,-999,新北市,06,石門區,001
25.2656,121.5573,富貴角,C0A920,2017-02-27T02:00:00+08:00,196.0,87.0,3.1,12.9,0.76,999.6,-99.0,0.0,-9.9,-99,-999,新北市,06,石門區,001
25.2656,121.5573,富貴角,C0A920,2017-02-27T03:00:00+08:00,196.0,89.0,2.6,12.7,0.76,999.0,-99.0,0.0,-9.9,-99,-999,新北市,06,石門區,001
25.2656,121.5573,富貴角,C0A920,2017-02-27T04:00:00+08:00,196.0,84.0,2.1,12.8,0.77,999.4,-99.0,0.0,-9.9,-99,-999,新北市,06,石門區,001
25.2656,121.5573,富貴角,C0A920,2017-02-27T05:00:00+08:00,196.0,87.0,2.4,12.9,0.78,999.5,-99.0,0.0,-9.9,-99,-999,新北市,06,石門區,001
25.2656,121.5573,富貴角,C0A920,2017-02-27T06:00:00+08:00,196.0,86.0,2.8,13.1,0.75,1000.0,-99.0,0.0,-9.9,-99,-999,新北市,06,石門區,001
25.2656,121.5573,富貴角,C0A920,2017-02-27T07:00:00+08:00,196.0,89.0,2.4,13.3,0.75,1000.3,-99.0,0.0,-9.9,-99,-999,新北市,06,石門區,001
25.2656,121.5573,富貴角,C0A920,2017-02-27T08:00:00+08:00,196.0,74.0,2.7,13.9,0.72,1000.6,-99.0,0.0,-9.9,-99,-999,新北市,06,石門區,001
25.2656,121.5573,富貴角,C0A920,2017-02-27T10:00:00+08:00,196.0,78.0,2.8,13.7,0.71,1001.4,-99.0,0.0,-9.9,-99,-999,新北市,06,石門區,001
25.2656,121.5573,富貴角,C0A920,2017-02-27T11:00:00+08:00,196.0,66.0,2.8,14.1,0.73,1001.3,-99.0,0.0,-9.9,-99,-999,新北市,06,石門區,001
25.2656,121.5573,富貴角,C0A920,2017-02-27T12:00:00+08:00,196.0,91.0,2.4,14.0,0.71,1000.5,-99.0,0.0,-9.9,-99,-999,新北市,06,石門區,001
25.2656,121.5573,富貴角,C0A920,2017-02-27T13:00:00+08:00,196.0,75.0,2.5,13.9,0.74,999.8,-99.0,0.0,-9.9,-99,-999,新北市,06,石門區,001
25.2656,121.5573,富貴角,C0A920,2017-02-27T14:00:00+08:00,196.0,90.0,2.3,13.8,0.72,999.6,-99.0,0.0,-9.9,-99,-999,新北市,06,石門區,001
25.2656,121.5573,富貴角,C0A920,2017-02-27T15:00:00+08:00,196.0,85.0,1.8,13.6,0.75,999.7,-99.0,0.0,-9.9,-99,-999,新北市,06,石門區,001
25.2656,121.5573,富貴角,C0A920,2017-02-27T16:00:00+08:00,196.0,84.0,2.2,13.7,0.74,1000.0,-99.0,0.0,-9.9,-99,-999,新北市,06,石門區,001
25.2656,121.5573,富貴角,C0A920,2017-02-27T17:00:00+08:00,196.0,91.0,2.7,13.5,0.75,1000.5,-99.0,0.0,-9.9,-99,-999,新北市,06,石門區,001
25.2656,121.5573,富貴角,C0A920,2017-02-27T18:00:00+08:00,196.0,82.0,2.6,13.4,0.73,1000.8,-99.0,0.0,-9.9,-99,-999,新北市,06,石門區,001
25.2656,121.5573,富貴角,C0A920,2017-02-27T19:00:00+08:00,196.0,94.0,2.4,13.5,0.71,1000.4,-99.0,0.0,-9.9,-99,-999,新北市,06,石門區,001
25.2656,121.5573,富貴角,C0A920,2017-02-27T20:00:00+08:00,196.0,89.0,3.1,13.7,0.70,1000.6,-99.0,0.0,-9.9,-99,-999,新北市,06,石門區,001
25.2656,121.5573,富貴角,C0A920,2017-02-27T21:00:00+08:00,196.0,95.0,2.7,13.8,0.72,1000.5,-99.0,0.0,-9.9,-99,-999,新北市,06,石門區,001
25.2656,121.5573,富貴角,C0A920,2017-02-27T22:00:00+08:00,196.0,98.0,2.1,14.0,0.72,1000.6,-99.0,0.0,-9.9,-99,-999,新北市,06,石門區,001
25.2656,121.5573,富貴角,C0A920,2017-02-27T23:00:00+08:00,196.0,96.0,2.6,14.0,0.72,1000.2,-99.0,0.0,-9.9,-99,-999,新北市,06,石門區,001
25.2656,121.5573,富貴角,C0A920,2017-02-28T00:00:00+08:00,196.0,95.0,2.2,14.0,0.74,999.9,-99.0,0.0,-9.9,-99,-999,新北市,06,石門區,001
25.2656,121.5573,富貴角,C0A920,2017-02-28T02:00:00+08:00,196.0,106.0,2.2,14.0,0.76,998.7,-99.0,0.0,-9.9,-99,-999,新北市,06,石門區,001
25.2656,121.5573,富貴角,C0A920,2017-02-28T03:00:00+08:00,196.0,102.0,1.9,14.0,0.77,998.8,-99.0,0.0,-9.9,-99,-999,新北市,06,石門區,001
25.2656,121.5573,富貴角,C0A920,2017-02-28T04:00:00+08:00,196.0,100.0,1.7,13.0,0.91,998.7,-99.0,0.0,-9.9,-99,-999,新北市,06,石門區,001
25.2656,121.5573,富貴角,C0A920,2017-02-28T05:00:00+08:00,196.0,101.0,2.6,12.4,0.99,998.6,-99.0,0.0,-9.9,-99,-999,新北市,06,石門區,001
25.2656,121.5573,富貴角,C0A920,2017-02-28T06:00:00+08:00,196.0,99.0,2.0,12.1,1.00,999.3,-99.0,0.0,-9.9,-99,-999,新北市,06,石門區,001
25.2656,121.5573,富貴角,C0A920,2017-02-28T07:00:00+08:00,196.0,97.0,1.6,12.1,1.00,999.8,-99.0,0.5,-9.9,-99,-999,新北市,06,石門區,001
25.2656,121.5573,富貴角,C0A920,2017-02-28T08:00:00+08:00,196.0,88.0,1.9,11.7,1.00,1000.2,-99.0,1.0,-9.9,-99,-999,新北市,06,石門區,001
25.2656,121.5573,富貴角,C0A920,2017-02-28T09:00:00+08:00,196.0,94.0,1.7,11.6,1.00,1000.3,-99.0,1.5,-9.9,-99,-999,新北市,06,石門區,001
25.2656,121.5573,富貴角,C0A920,2017-02-28T10:00:00+08:00,196.0,106.0,1.5,11.8,1.00,1000.1,-99.0,2.0,-9.9,-99,-999,新北市,06,石門區,001
25.2656,121.5573,富貴角,C0A920,2017-02-28T11:00:00+08:00,196.0,112.0,1.1,11.9,1.00,999.7,-99.0,3.0,-9.9,-99,-999,新北市,06,石門區,001
25.2656,121.5573,富貴角,C0A920,2017-02-28T12:00:00+08:00,196.0,92.0,2.2,11.9,1.00,999.0,-99.0,3.0,-9.9,-99,-999,新北市,06,石門區,001
25.2656,121.5573,富貴角,C0A920,2017-02-28T13:00:00+08:00,196.0,90.0,1.5,11.9,1.00,998.2,-99.0,3.5,-9.9,-99,-999,新北市,06,石門區,001
25.2656,121.5573,富貴角,C0A920,2017-02-28T15:00:00+08:00,196.0,94.0,2.4,11.5,1.00,996.4,-99.0,5.5,-9.9,-99,-999,新北市,06,石門區,001
25.2656,121.5573,富貴角,C0A920,2017-02-28T16:00:00+08:00,196.0,105.0,1.2,11.6,1.00,996.1,-99.0,6.0,-9.9,-99,-999,新北市,06,石門區,001
25.2656,121.5573,富貴角,C0A920,2017-02-28T17:00:00+08:00,196.0,121.0,1.4,11.7,1.00,995.6,-99.0,6.0,-9.9,-99,-999,新北市,06,石門區,001
25.2656,121.5573,富貴角,C0A920,2017-02-28T18:00:00+08:00,196.0,115.0,1.6,12.0,1.00,996.2,-99.0,6.0,-9.9,-99,-999,新北市,06,石門區,001
25.2656,121.5573,富貴角,C0A920,2017-02-28T19:00:00+08:00,196.0,110.0,2.4,12.2,0.99,996.0,-99.0,6.0,-9.9,-99,-999,新北市,06,石門區,001
25.2656,121.5573,富貴角,C0A920,2017-02-28T20:00:00+08:00,196.0,110.0,1.2,12.4,0.98,996.4,-99.0,6.0,-9.9,-99,-999,新北市,06,石門區,001
25.2656,121.5573,富貴角,C0A920,2017-02-28T21:00:00+08:00,196.0,91.0,2.8,12.3,1.00,996.1,-99.0,6.0,-9.9,-99,-999,新北市,06,石門區,001
25.2656,121.5573,富貴角,C0A920,2017-02-28T22:00:00+08:00,196.0,117.0,1.9,12.3,1.00,996.0,-99.0,6.0,-9.9,-99,-999,新北市,06,石門區,001
25.2656,121.5573,富貴角,C0A920,2017-02-28T23:00:00+08:00,196.0,125.0,1.1,12.5,1.00,995.8,-99.0,6.0,-9.9,-99,-999,新北市,06,石門區,001
