24.9530,121.3373,鶯歌,C0AD50,2017-02-01T07:00:00+08:00,84.0,80.0,5.9,16.9,0.89,1012.8,-99.0,0.0,-9.9,-99,-999,新北市,06,鶯歌區,054
24.9530,121.3373,鶯歌,C0AD50,2017-02-01T05:00:00+08:00,84.0,69.0,3.3,17.4,0.86,1012.2,-99.0,0.0,-9.9,-99,-999,新北市,06,鶯歌區,054
24.9530,121.3373,鶯歌,C0AD50,2017-02-01T02:00:00+08:00,84.0,83.0,6.0,17.2,0.87,1011.1,-99.0,0.0,-9.9,-99,-999,新北市,06,鶯歌區,054
24.9530,121.3373,鶯歌,C0AD50,2017-02-01T11:00:00+08:00,84.0,74.0,4.1,17.7,0.81,1014.3,-99.0,0.0,-9.9,-99,-999,新北市,06,鶯歌區,054
24.9530,121.3373,鶯歌,C0AD50,2017-02-02T10:00:00+08:00,84.0,81.0,6.3,15.1,0.78,1016.9,-99.0,0.0,-9.9,-99,-999,新北市,06,鶯歌區,054
24.9530,121.3373,鶯歌,C0AD50,2017-02-02T09:00:00+08:00,84.0,79.0,6.3,14.4,0.84,1017.4,-99.0,0.0,-9.9,-99,-999,新北市,06,鶯歌區,054
24.9530,121.3373,鶯歌,C0AD50,2017-02-02T08:00:00+08:00,84.0,79.0,7.4,14.1,0.87,1017.0,-99.0,0.0,-9.9,-99,-999,新北市,06,鶯歌區,054
24.9530,121.3373,鶯歌,C0AD50,2017-02-02T11:00:00+08:00,84.0,74.0,6.8,15.2,0.77,1016.1,-99.0,0.0,-9.9,-99,-999,新北市,06,鶯歌區,054
24.9530,121.3373,鶯歌,C0AD50,2017-02-02T14:00:00+08:00,84.0,83.0,7.8,15.1,0.78,1014.0,-99.0,0.0,-9.9,-99,-999,新北市,06,鶯歌區,054
24.9530,121.3373,鶯歌,C0AD50,2017-02-02T15:00:00+08:00,84.0,80.0,4.3,15.3,0.75,1013.7,-99.0,0.0,-9.9,-99,-999,新北市,06,鶯歌區,054
24.9530,121.3373,鶯歌,C0AD50,2017-02-02T16:00:00+08:00,84.0,80.0,6.7,15.2,0.76,1013.7,-99.0,0.0,-9.9,-99,-999,新北市,06,鶯歌區,054
24.9530,121.3373,鶯歌,C0AD50,2017-02-02T17:00:00+08:00,84.0,78.0,7.0,15.3,0.77,1013.9,-99.0,0.0,-9.9,-99,-999,新北市,06,鶯歌區,054
24.9530,121.3373,鶯歌,C0AD50,2017-02-02T18:00:00+08:00,84.0,77.0,5.9,15.2,0.77,1014.3,-99.0,0.0,-9.9,-99,-999,新北市,06,鶯歌區,054
24.9530,121.3373,鶯歌,C0AD50,2017-02-02T19:00:00+08:00,84.0,82.0,7.6,14.8,0.81,1014.3,-99.0,0.0,-9.9,-99,-999,新北市,06,鶯歌區,054
24.9530,121.3373,鶯歌,C0AD50,2017-02-02T20:00:00+08:00,84.0,83.0,7.0,15.0,0.77,1014.3,-99.0,0.0,-9.9,-99,-999,新北市,06,鶯歌區,054
24.9530,121.3373,鶯歌,C0AD50,2017-02-02T21:00:00+08:00,84.0,83.0,5.7,14.9,0.77,1014.0,-99.0,0.0,-9.9,-99,-999,新北市,06,鶯歌區,054
24.9530,121.3373,鶯歌,C0AD50,2017-02-02T22:00:00+08:00,84.0,82.0,8.0,15.1,0.77,1013.6,-99.0,0.0,-9.9,-99,-999,新北市,06,鶯歌區,054
24.9530,121.3373,鶯歌,C0AD50,2017-02-02T23:00:00+08:00,84.0,81.0,7.5,15.3,0.75,1013.0,-99.0,0.0,-9.9,-99,-999,新北市,06,鶯歌區,054
24.9530,121.3373,鶯歌,C0AD50,2017-02-03T00:00:00+08:00,84.0,80.0,7.4,15.6,0.74,1012.6,-99.0,0.0,-9.9,-99,-999,新北市,06,鶯歌區,054
24.9530,121.3373,鶯歌,C0AD50,2017-02-03T01:00:00+08:00,84.0,79.0,7.8,15.9,0.75,1012.1,-99.0,0.0,-9.9,-99,-999,新北市,06,鶯歌區,054
24.9530,121.3373,鶯歌,C0AD50,2017-02-03T02:00:00+08:00,84.0,78.0,6.2,16.0,0.76,1011.7,-99.0,0.0,-9.9,-99,-999,新北市,06,鶯歌區,054
24.9530,121.3373,鶯歌,C0AD50,2017-02-03T03:00:00+08:00,84.0,79.0,5.5,16.1,0.77,1011.4,-99.0,0.0,-9.9,-99,-999,新北市,06,鶯歌區,054
24.9530,121.3373,鶯歌,C0AD50,2017-02-03T04:00:00+08:00,84.0,86.0,4.6,16.2,0.78,1011.4,-99.0,0.0,-9.9,-99,-999,新北市,06,鶯歌區,054
24.9530,121.3373,鶯歌,C0AD50,2017-02-03T05:00:00+08:00,84.0,95.0,3.3,16.3,0.81,1011.7,-99.0,0.0,-9.9,-99,-999,新北市,06,鶯歌區,054
24.9530,121.3373,鶯歌,C0AD50,2017-02-03T06:00:00+08:00,84.0,112.0,3.0,15.9,0.84,1011.8,-99.0,0.0,-9.9,-99,-999,新北市,06,鶯歌區,054
24.9530,121.3373,鶯歌,C0AD50,2017-02-03T07:00:00+08:00,84.0,107.0,2.0,16.1,0.85,1012.0,-99.0,0.0,-9.9,-99,-999,新北市,06,鶯歌區,054
24.9530,121.3373,鶯歌,C0AD50,2017-02-03T08:00:00+08:00,84.0,106.0,2.6,16.6,0.85,1012.1,-99.0,0.0,-9.9,-99,-999,新北市,06,鶯歌區,054
24.9530,121.3373,鶯歌,C0AD50,2017-02-03T10:00:00+08:00,84.0,79.0,3.9,19.3,0.72,1012.2,-99.0,0.0,-9.9,-99,-999,新北市,06,鶯歌區,054
24.9530,121.3373,鶯歌,C0AD50,2017-02-03T11:00:00+08:00,84.0,69.0,3.6,20.6,0.66,1011.0,-99.0,0.0,-9.9,-99,-999,新北市,06,鶯歌區,054
24.9530,121.3373,鶯歌,C0AD50,2017-02-03T12:00:00+08:00,84.0,71.0,5.0,22.0,0.61,1009.6,-99.0,0.0,-9.9,-99,-999,新北市,06,鶯歌區,054
24.9530,121.3373,鶯歌,C0AD50,2017-02-03T13:00:00+08:00,84.0,72.0,5.4,22.5,0.55,1008.5,-99.0,0.0,-9.9,-99,-999,新北市,06,鶯歌區,054
24.9530,121.3373,鶯歌,C0AD50,2017-02-03T14:00:00+08:00,84.0,72.0,3.2,23.1,0.54,1007.6,-99.0,0.0,-9.9,-99,-999,新北市,06,鶯歌區,054
24.9530,121.3373,鶯歌,C0AD50,2017-02-03T15:00:00+08:00,84.0,72.0,5.0,22.4,0.57,1007.1,-99.0,0.0,-9.9,-99,-999,新北市,06,鶯歌區,054
24.9530,121.3373,鶯歌,C0AD50,2017-02-03T16:00:00+08:00,84.0,71.0,3.7,22.5,0.58,1007.2,-99.0,0.0,-9.9,-99,-999,新北市,06,鶯歌區,054
24.9530,121.3373,鶯歌,C0AD50,2017-02-03T17:00:00+08:00,84.0,75.0,3.6,21.9,0.59,1007.7,-99.0,0.0,-9.9,-99,-999,新北市,06,鶯歌區,054
24.9530,121.3373,鶯歌,C0AD50,2017-02-03T18:00:00+08:00,84.0,79.0,3.6,21.1,0.63,1007.9,-99.0,0.0,-9.9,-99,-999,新北市,06,鶯歌區,054
24.9530,121.3373,鶯歌,C0AD50,2017-02-03T19:00:00+08:00,84.0,88.0,4.3,20.6,0.66,1008.2,-99.0,0.0,-9.9,-99,-999,新北市,06,鶯歌區,054
24.9530,121.3373,鶯歌,C0AD50,2017-02-03T20:00:00+08:00,84.0,91.0,2.7,20.3,0.67,1008.7,-99.0,0.0,-9.9,-99,-999,新北市,06,鶯歌區,054
24.9530,121.3373,鶯歌,C0AD50,2017-02-03T21:00:00+08:00,84.0,0.0,0.1,19.7,0.72,1009.1,-99.0,0.0,-9.9,-99,-999,新北市,06,鶯歌區,054
24.9530,121.3373,鶯歌,C0AD50,2017-02-03T22:00:00+08:00,84.0,225.0,1.4,18.9,0.88,1009.3,-99.0,0.0,-9.9,-99,-999,新北市,06,鶯歌區,054
24.9530,121.3373,鶯歌,C0AD50,2017-02-03T23:00:00+08:00,84.0,239.0,0.5,18.5,0.92,1009.3,-99.0,0.0,-9.9,-99,-999,新北市,06,鶯歌區,054
24.9530,121.3373,鶯歌,C0AD50,2017-02-04T00:00:00+08:00,84.0,0.0,0.0,18.4,0.93,1009.5,-99.0,0.0,-9.9,-99,-999,新北市,06,鶯歌區,054
24.9530,121.3373,鶯歌,C0AD50,2017-02-04T01:00:00+08:00,84.0,0.0,0.0,17.8,0.96,1009.2,-99.0,0.0,-9.9,-99,-999,新北市,06,鶯歌區,054
24.9530,121.3373,鶯歌,C0AD50,2017-02-04T02:00:00+08:00,84.0,0.0,0.1,17.4,0.98,1008.3,-99.0,0.0,-9.9,-99,-999,新北市,06,鶯歌區,054
24.9530,121.3373,鶯歌,C0AD50,2017-02-04T03:00:00+08:00,84.0,0.0,0.0,17.2,1.00,1008.0,-99.0,0.0,-9.9,-99,-999,新北市,06,鶯歌區,054
24.9530,121.3373,鶯歌,C0AD50,2017-02-04T04:00:00+08:00,84.0,0.0,0.0,17.1,1.00,1007.6,-99.0,0.0,-9.9,-99,-999,新北市,06,鶯歌區,054
24.9530,121.3373,鶯歌,C0AD50,2017-02-04T05:00:00+08:00,84.0,0.0,0.0,16.7,1.00,1007.3,-99.0,0.0,-9.9,-99,-999,新北市,06,鶯歌區,054
24.9530,121.3373,鶯歌,C0AD50,2017-02-04T06:00:00+08:00,84.0,0.0,0.0,16.5,1.00,1007.9,-99.0,0.0,-9.9,-99,-999,新北市,06,鶯歌區,054
24.9530,121.3373,鶯歌,C0AD50,2017-02-04T07:00:00+08:00,84.0,0.0,0.0,16.7,1.00,1008.4,-99.0,0.0,-9.9,-99,-999,新北市,06,鶯歌區,054
24.9530,121.3373,鶯歌,C0AD50,2017-02-04T08:00:00+08:00,84.0,0.0,0.0,16.6,1.00,1008.7,-99.0,0.0,-9.9,-99,-999,新北市,06,鶯歌區,054
24.9530,121.3373,鶯歌,C0AD50,2017-02-04T10:00:00+08:00,84.0,234.0,2.3,18.4,0.92,1008.7,-99.0,0.0,-9.9,-99,-999,新北市,06,鶯歌區,054
24.9530,121.3373,鶯歌,C0AD50,2017-02-04T11:00:00+08:00,84.0,328.0,0.3,20.2,0.78,1007.9,-99.0,0.0,-9.9,-99,-999,新北市,06,鶯歌區,054
24.9530,121.3373,鶯歌,C0AD50,2017-02-04T12:00:00+08:00,84.0,316.0,0.8,21.3,0.69,1006.9,-99.0,0.0,-9.9,-99,-999,新北市,06,鶯歌區,054
24.9530,121.3373,鶯歌,C0AD50,2017-02-04T13:00:00+08:00,84.0,219.0,0.5,22.6,0.63,1005.5,-99.0,0.0,-9.9,-99,-999,新北市,06,鶯歌區,054
24.9530,121.3373,鶯歌,C0AD50,2017-02-04T14:00:00+08:00,84.0,188.0,1.7,22.9,0.62,1004.2,-99.0,0.0,-9.9,-99,-999,新北市,06,鶯歌區,054
24.9530,121.3373,鶯歌,C0AD50,2017-02-04T15:00:00+08:00,84.0,322.0,3.3,20.9,0.81,1003.9,-99.0,0.0,-9.9,-99,-999,新北市,06,鶯歌區,054
24.9530,121.3373,鶯歌,C0AD50,2017-02-04T16:00:00+08:00,84.0,316.0,2.9,20.2,0.84,1004.0,-99.0,0.0,-9.9,-99,-999,新北市,06,鶯歌區,054
24.9530,121.3373,鶯歌,C0AD50,2017-02-04T17:00:00+08:00,84.0,313.0,1.4,19.8,0.85,1004.1,-99.0,0.0,-9.9,-99,-999,新北市,06,鶯歌區,054
24.9530,121.3373,鶯歌,C0AD50,2017-02-04T18:00:00+08:00,84.0,307.0,2.4,18.8,0.90,1004.6,-99.0,0.0,-9.9,-99,-999,新北市,06,鶯歌區,054
24.9530,121.3373,鶯歌,C0AD50,2017-02-04T19:00:00+08:00,84.0,310.0,1.8,17.9,0.95,1005.8,-99.0,0.0,-9.9,-99,-999,新北市,06,鶯歌區,054
24.9530,121.3373,鶯歌,C0AD50,2017-02-04T20:00:00+08:00,84.0,317.0,1.1,17.7,0.94,1005.8,-99.0,0.0,-9.9,-99,-999,新北市,06,鶯歌區,054
24.9530,121.3373,鶯歌,C0AD50,2017-02-04T21:00:00+08:00,84.0,0.0,0.0,17.6,0.95,1006.0,-99.0,0.0,-9.9,-99,-999,新北市,06,鶯歌區,054
24.9530,121.3373,鶯歌,C0AD50,2017-02-04T22:00:00+08:00,84.0,0.0,0.0,17.6,0.96,1005.7,-99.0,0.0,-9.9,-99,-999,新北市,06,鶯歌區,054
24.9530,121.3373,鶯歌,C0AD50,2017-02-04T23:00:00+08:00,84.0,196.0,0.3,17.4,0.97,1005.7,-99.0,0.0,-9.9,-99,-999,新北市,06,鶯歌區,054
24.9530,121.3373,鶯歌,C0AD50,2017-02-05T00:00:00+08:00,84.0,0.0,0.0,17.3,0.98,1005.4,-99.0,0.0,-9.9,-99,-999,新北市,06,鶯歌區,054
24.9530,121.3373,鶯歌,C0AD50,2017-02-05T01:00:00+08:00,84.0,313.0,1.0,16.8,1.00,1005.4,-99.0,0.0,-9.9,-99,-999,新北市,06,鶯歌區,054
24.9530,121.3373,鶯歌,C0AD50,2017-02-05T02:00:00+08:00,84.0,314.0,2.1,16.7,1.00,1005.1,-99.0,0.0,-9.9,-99,-999,新北市,06,鶯歌區,054
24.9530,121.3373,鶯歌,C0AD50,2017-02-05T03:00:00+08:00,84.0,269.0,0.4,16.9,1.00,1004.6,-99.0,0.0,-9.9,-99,-999,新北市,06,鶯歌區,054
24.9530,121.3373,鶯歌,C0AD50,2017-02-05T04:00:00+08:00,84.0,0.0,0.2,17.0,1.00,1004.6,-99.0,0.0,-9.9,-99,-999,新北市,06,鶯歌區,054
24.9530,121.3373,鶯歌,C0AD50,2017-02-05T05:00:00+08:00,84.0,245.0,0.4,16.9,1.00,1005.1,-99.0,0.0,-9.9,-99,-999,新北市,06,鶯歌區,054
24.9530,121.3373,鶯歌,C0AD50,2017-02-05T06:00:00+08:00,84.0,273.0,0.7,17.0,1.00,1005.8,-99.0,0.0,-9.9,-99,-999,新北市,06,鶯歌區,054
24.9530,121.3373,鶯歌,C0AD50,2017-02-05T07:00:00+08:00,84.0,0.0,0.1,17.2,0.97,1006.2,-99.0,0.0,-9.9,-99,-999,新北市,06,鶯歌區,054
24.9530,121.3373,鶯歌,C0AD50,2017-02-05T08:00:00+08:00,84.0,346.0,1.1,17.1,0.98,1006.7,-99.0,0.0,-9.9,-99,-999,新北市,06,鶯歌區,054
24.9530,121.3373,鶯歌,C0AD50,2017-02-05T10:00:00+08:00,84.0,176.0,1.0,17.9,0.87,1007.1,-99.0,0.0,-9.9,-99,-999,新北市,06,鶯歌區,054
24.9530,121.3373,鶯歌,C0AD50,2017-02-05T11:00:00+08:00,84.0,128.0,0.7,19.7,0.79,1006.4,-99.0,0.0,-9.9,-99,-999,新北市,06,鶯歌區,054
24.9530,121.3373,鶯歌,C0AD50,2017-02-05T12:00:00+08:00,84.0,88.0,2.4,20.4,0.75,1005.5,-99.0,0.0,-9.9,-99,-999,新北市,06,鶯歌區,054
24.9530,121.3373,鶯歌,C0AD50,2017-02-05T13:00:00+08:00,84.0,60.0,2.4,21.4,0.66,1005.0,-99.0,0.0,-9.9,-99,-999,新北市,06,鶯歌區,054
24.9530,121.3373,鶯歌,C0AD50,2017-02-05T14:00:00+08:00,84.0,74.0,3.2,21.6,0.66,1004.3,-99.0,0.0,-9.9,-99,-999,新北市,06,鶯歌區,054
24.9530,121.3373,鶯歌,C0AD50,2017-02-05T15:00:00+08:00,84.0,-98.0,-98.0,-98.0,0.70,-998.0,-99.0,0.0,-9.9,-99,-999,新北市,06,鶯歌區,054
24.9530,121.3373,鶯歌,C0AD50,2017-02-05T16:00:00+08:00,84.0,80.0,4.2,20.8,0.79,1004.2,-99.0,0.0,-9.9,-99,-999,新北市,06,鶯歌區,054
24.9530,121.3373,鶯歌,C0AD50,2017-02-05T17:00:00+08:00,84.0,84.0,4.5,19.9,0.86,1005.0,-99.0,0.0,-9.9,-99,-999,新北市,06,鶯歌區,054
24.9530,121.3373,鶯歌,C0AD50,2017-02-05T18:00:00+08:00,84.0,79.0,5.6,18.4,0.94,1005.6,-99.0,0.0,-9.9,-99,-999,新北市,06,鶯歌區,054
24.9530,121.3373,鶯歌,C0AD50,2017-02-05T19:00:00+08:00,84.0,87.0,4.3,17.0,1.00,1006.6,-99.0,0.0,-9.9,-99,-999,新北市,06,鶯歌區,054
24.9530,121.3373,鶯歌,C0AD50,2017-02-05T20:00:00+08:00,84.0,81.0,3.3,17.2,1.00,1007.3,-99.0,0.5,-9.9,-99,-999,新北市,06,鶯歌區,054
24.9530,121.3373,鶯歌,C0AD50,2017-02-05T21:00:00+08:00,84.0,97.0,3.4,17.2,0.95,1007.5,-99.0,0.5,-9.9,-99,-999,新北市,06,鶯歌區,054
24.9530,121.3373,鶯歌,C0AD50,2017-02-05T22:00:00+08:00,84.0,82.0,5.7,17.5,0.89,1007.5,-99.0,0.5,-9.9,-99,-999,新北市,06,鶯歌區,054
24.9530,121.3373,鶯歌,C0AD50,2017-02-05T23:00:00+08:00,84.0,78.0,4.9,17.2,0.86,1007.7,-99.0,0.5,-9.9,-99,-999,新北市,06,鶯歌區,054
24.9530,121.3373,鶯歌,C0AD50,2017-02-06T00:00:00+08:00,84.0,84.0,6.1,17.1,0.84,1007.5,-99.0,0.5,-9.9,-99,-999,新北市,06,鶯歌區,054
24.9530,121.3373,鶯歌,C0AD50,2017-02-06T01:00:00+08:00,84.0,87.0,6.4,16.9,0.85,1007.2,-99.0,0.0,-9.9,-99,-999,新北市,06,鶯歌區,054
24.9530,121.3373,鶯歌,C0AD50,2017-02-06T02:00:00+08:00,84.0,85.0,7.5,16.9,0.85,1006.4,-99.0,0.0,-9.9,-99,-999,新北市,06,鶯歌區,054
24.9530,121.3373,鶯歌,C0AD50,2017-02-06T03:00:00+08:00,84.0,76.0,6.7,17.0,0.83,1006.0,-99.0,0.0,-9.9,-99,-999,新北市,06,鶯歌區,054
24.9530,121.3373,鶯歌,C0AD50,2017-02-06T04:00:00+08:00,84.0,78.0,5.7,17.0,0.82,1006.1,-99.0,0.0,-9.9,-99,-999,新北市,06,鶯歌區,054
24.9530,121.3373,鶯歌,C0AD50,2017-02-06T05:00:00+08:00,84.0,83.0,6.3,17.0,0.78,1006.4,-99.0,0.0,-9.9,-99,-999,新北市,06,鶯歌區,054
24.9530,121.3373,鶯歌,C0AD50,2017-02-06T06:00:00+08:00,84.0,77.0,6.7,17.0,0.77,1007.3,-99.0,0.0,-9.9,-99,-999,新北市,06,鶯歌區,054
24.9530,121.3373,鶯歌,C0AD50,2017-02-06T07:00:00+08:00,84.0,78.0,6.5,16.9,0.72,1007.9,-99.0,0.0,-9.9,-99,-999,新北市,06,鶯歌區,054
24.9530,121.3373,鶯歌,C0AD50,2017-02-06T08:00:00+08:00,84.0,75.0,6.7,17.1,0.69,1009.1,-99.0,0.0,-9.9,-99,-999,新北市,06,鶯歌區,054
24.9530,121.3373,鶯歌,C0AD50,2017-02-06T10:00:00+08:00,84.0,77.0,7.3,17.4,0.65,1010.3,-99.0,0.0,-9.9,-99,-999,新北市,06,鶯歌區,054
24.9530,121.3373,鶯歌,C0AD50,2017-02-06T11:00:00+08:00,84.0,75.0,8.8,17.6,0.63,1009.9,-99.0,0.0,-9.9,-99,-999,新北市,06,鶯歌區,054
24.9530,121.3373,鶯歌,C0AD50,2017-02-06T12:00:00+08:00,84.0,86.0,6.2,18.4,0.59,1008.7,-99.0,0.0,-9.9,-99,-999,新北市,06,鶯歌區,054
24.9530,121.3373,鶯歌,C0AD50,2017-02-06T13:00:00+08:00,84.0,80.0,6.3,18.5,0.57,1007.8,-99.0,0.0,-9.9,-99,-999,新北市,06,鶯歌區,054
24.9530,121.3373,鶯歌,C0AD50,2017-02-06T14:00:00+08:00,84.0,79.0,8.7,18.3,0.58,1007.4,-99.0,0.0,-9.9,-99,-999,新北市,06,鶯歌區,054
24.9530,121.3373,鶯歌,C0AD50,2017-02-06T15:00:00+08:00,84.0,78.0,7.3,18.1,0.60,1007.4,-99.0,0.0,-9.9,-99,-999,新北市,06,鶯歌區,054
24.9530,121.3373,鶯歌,C0AD50,2017-02-06T16:00:00+08:00,84.0,80.0,9.4,17.4,0.61,1007.7,-99.0,0.0,-9.9,-99,-999,新北市,06,鶯歌區,054
24.9530,121.3373,鶯歌,C0AD50,2017-02-06T17:00:00+08:00,84.0,77.0,7.9,17.3,0.61,1008.2,-99.0,0.0,-9.9,-99,-999,新北市,06,鶯歌區,054
24.9530,121.3373,鶯歌,C0AD50,2017-02-06T18:00:00+08:00,84.0,77.0,7.2,16.6,0.66,1008.8,-99.0,0.0,-9.9,-99,-999,新北市,06,鶯歌區,054
24.9530,121.3373,鶯歌,C0AD50,2017-02-06T19:00:00+08:00,84.0,85.0,7.9,16.3,0.65,1009.1,-99.0,0.0,-9.9,-99,-999,新北市,06,鶯歌區,054
24.9530,121.3373,鶯歌,C0AD50,2017-02-06T20:00:00+08:00,84.0,80.0,8.7,16.1,0.65,1009.4,-99.0,0.0,-9.9,-99,-999,新北市,06,鶯歌區,054
24.9530,121.3373,鶯歌,C0AD50,2017-02-06T21:00:00+08:00,84.0,83.0,8.3,15.9,0.65,1009.5,-99.0,0.0,-9.9,-99,-999,新北市,06,鶯歌區,054
24.9530,121.3373,鶯歌,C0AD50,2017-02-06T22:00:00+08:00,84.0,77.0,8.1,15.8,0.65,1008.7,-99.0,0.0,-9.9,-99,-999,新北市,06,鶯歌區,054
24.9530,121.3373,鶯歌,C0AD50,2017-02-06T23:00:00+08:00,84.0,77.0,9.5,16.0,0.63,1008.9,-99.0,0.0,-9.9,-99,-999,新北市,06,鶯歌區,054
24.9530,121.3373,鶯歌,C0AD50,2017-02-07T00:00:00+08:00,84.0,72.0,6.8,16.0,0.63,1009.1,-99.0,0.0,-9.9,-99,-999,新北市,06,鶯歌區,054
24.9530,121.3373,鶯歌,C0AD50,2017-02-07T01:00:00+08:00,84.0,69.0,7.8,16.1,0.62,1009.4,-99.0,0.0,-9.9,-99,-999,新北市,06,鶯歌區,054
24.9530,121.3373,鶯歌,C0AD50,2017-02-07T02:00:00+08:00,84.0,75.0,8.1,16.1,0.64,1009.7,-99.0,0.0,-9.9,-99,-999,新北市,06,鶯歌區,054
24.9530,121.3373,鶯歌,C0AD50,2017-02-07T03:00:00+08:00,84.0,79.0,6.9,15.8,0.67,1009.1,-99.0,0.0,-9.9,-99,-999,新北市,06,鶯歌區,054
24.9530,121.3373,鶯歌,C0AD50,2017-02-07T04:00:00+08:00,84.0,77.0,6.8,16.0,0.65,1008.7,-99.0,0.0,-9.9,-99,-999,新北市,06,鶯歌區,054
24.9530,121.3373,鶯歌,C0AD50,2017-02-07T05:00:00+08:00,84.0,81.0,8.2,15.9,0.65,1009.0,-99.0,0.0,-9.9,-99,-999,新北市,06,鶯歌區,054
24.9530,121.3373,鶯歌,C0AD50,2017-02-07T06:00:00+08:00,84.0,74.0,7.7,15.9,0.64,1009.3,-99.0,0.0,-9.9,-99,-999,新北市,06,鶯歌區,054
24.9530,121.3373,鶯歌,C0AD50,2017-02-07T07:00:00+08:00,84.0,77.0,7.1,15.9,0.64,1008.9,-99.0,0.0,-9.9,-99,-999,新北市,06,鶯歌區,054
24.9530,121.3373,鶯歌,C0AD50,2017-02-07T08:00:00+08:00,84.0,74.0,6.7,16.4,0.62,1009.2,-99.0,0.0,-9.9,-99,-999,新北市,06,鶯歌區,054
24.9530,121.3373,鶯歌,C0AD50,2017-02-07T10:00:00+08:00,84.0,74.0,7.0,18.0,0.57,1010.2,-99.0,0.0,-9.9,-99,-999,新北市,06,鶯歌區,054
24.9530,121.3373,鶯歌,C0AD50,2017-02-07T11:00:00+08:00,84.0,75.0,8.0,18.3,0.57,1009.5,-99.0,0.0,-9.9,-99,-999,新北市,06,鶯歌區,054
24.9530,121.3373,鶯歌,C0AD50,2017-02-07T12:00:00+08:00,84.0,81.0,7.7,18.4,0.58,1008.8,-99.0,0.0,-9.9,-99,-999,新北市,06,鶯歌區,054
24.9530,121.3373,鶯歌,C0AD50,2017-02-07T13:00:00+08:00,84.0,77.0,5.9,18.7,0.57,1007.9,-99.0,0.0,-9.9,-99,-999,新北市,06,鶯歌區,054
24.9530,121.3373,鶯歌,C0AD50,2017-02-07T14:00:00+08:00,84.0,86.0,6.6,18.7,0.58,1007.2,-99.0,0.0,-9.9,-99,-999,新北市,06,鶯歌區,054
24.9530,121.3373,鶯歌,C0AD50,2017-02-07T15:00:00+08:00,84.0,78.0,7.7,18.7,0.59,1006.8,-99.0,0.0,-9.9,-99,-999,新北市,06,鶯歌區,054
24.9530,121.3373,鶯歌,C0AD50,2017-02-07T16:00:00+08:00,84.0,85.0,7.5,18.5,0.61,1006.9,-99.0,0.0,-9.9,-99,-999,新北市,06,鶯歌區,054
24.9530,121.3373,鶯歌,C0AD50,2017-02-07T17:00:00+08:00,84.0,82.0,6.5,17.8,0.64,1007.1,-99.0,0.0,-9.9,-99,-999,新北市,06,鶯歌區,054
24.9530,121.3373,鶯歌,C0AD50,2017-02-07T18:00:00+08:00,84.0,78.0,6.0,17.1,0.67,1007.0,-99.0,0.0,-9.9,-99,-999,新北市,06,鶯歌區,054
24.9530,121.3373,鶯歌,C0AD50,2017-02-07T19:00:00+08:00,84.0,83.0,7.1,16.8,0.71,1007.1,-99.0,0.0,-9.9,-99,-999,新北市,06,鶯歌區,054
24.9530,121.3373,鶯歌,C0AD50,2017-02-07T21:00:00+08:00,84.0,82.0,5.3,17.0,0.73,1006.6,-99.0,0.0,-9.9,-99,-999,新北市,06,鶯歌區,054
24.9530,121.3373,鶯歌,C0AD50,2017-02-07T22:00:00+08:00,84.0,78.0,4.8,17.2,0.73,1006.8,-99.0,0.0,-9.9,-99,-999,新北市,06,鶯歌區,054
24.9530,121.3373,鶯歌,C0AD50,2017-02-07T23:00:00+08:00,84.0,91.0,2.3,17.0,0.76,1006.7,-99.0,0.0,-9.9,-99,-999,新北市,06,鶯歌區,054
24.9530,121.3373,鶯歌,C0AD50,2017-02-08T00:00:00+08:00,84.0,154.0,1.3,16.4,0.80,1007.0,-99.0,0.0,-9.9,-99,-999,新北市,06,鶯歌區,054
24.9530,121.3373,鶯歌,C0AD50,2017-02-08T01:00:00+08:00,84.0,126.0,1.5,15.4,0.87,1006.4,-99.0,0.0,-9.9,-99,-999,新北市,06,鶯歌區,054
24.9530,121.3373,鶯歌,C0AD50,2017-02-08T02:00:00+08:00,84.0,150.0,1.6,15.7,0.85,1005.6,-99.0,0.0,-9.9,-99,-999,新北市,06,鶯歌區,054
24.9530,121.3373,鶯歌,C0AD50,2017-02-08T03:00:00+08:00,84.0,0.0,0.1,15.2,0.88,1005.9,-99.0,0.0,-9.9,-99,-999,新北市,06,鶯歌區,054
24.9530,121.3373,鶯歌,C0AD50,2017-02-08T04:00:00+08:00,84.0,0.0,0.0,14.3,0.92,1006.1,-99.0,0.0,-9.9,-99,-999,新北市,06,鶯歌區,054
24.9530,121.3373,鶯歌,C0AD50,2017-02-08T05:00:00+08:00,84.0,0.0,0.0,14.5,0.92,1006.3,-99.0,0.0,-9.9,-99,-999,新北市,06,鶯歌區,054
24.9530,121.3373,鶯歌,C0AD50,2017-02-08T06:00:00+08:00,84.0,0.0,0.0,14.7,0.91,1006.7,-99.0,0.0,-9.9,-99,-999,新北市,06,鶯歌區,054
24.9530,121.3373,鶯歌,C0AD50,2017-02-08T07:00:00+08:00,84.0,258.0,0.4,15.4,0.87,1007.2,-99.0,0.0,-9.9,-99,-999,新北市,06,鶯歌區,054
24.9530,121.3373,鶯歌,C0AD50,2017-02-08T08:00:00+08:00,84.0,0.0,0.2,16.0,0.85,1007.6,-99.0,0.0,-9.9,-99,-999,新北市,06,鶯歌區,054
24.9530,121.3373,鶯歌,C0AD50,2017-02-08T10:00:00+08:00,84.0,296.0,1.2,18.3,0.77,1007.5,-99.0,0.0,-9.9,-99,-999,新北市,06,鶯歌區,054
24.9530,121.3373,鶯歌,C0AD50,2017-02-08T11:00:00+08:00,84.0,317.0,0.7,18.6,0.81,1007.7,-99.0,0.0,-9.9,-99,-999,新北市,06,鶯歌區,054
24.9530,121.3373,鶯歌,C0AD50,2017-02-08T12:00:00+08:00,84.0,239.0,2.6,19.0,0.78,1007.3,-99.0,0.0,-9.9,-99,-999,新北市,06,鶯歌區,054
24.9530,121.3373,鶯歌,C0AD50,2017-02-08T13:00:00+08:00,84.0,317.0,2.4,19.5,0.78,1006.4,-99.0,0.0,-9.9,-99,-999,新北市,06,鶯歌區,054
24.9530,121.3373,鶯歌,C0AD50,2017-02-08T14:00:00+08:00,84.0,338.0,4.3,17.3,0.87,1006.1,-99.0,0.0,-9.9,-99,-999,新北市,06,鶯歌區,054
24.9530,121.3373,鶯歌,C0AD50,2017-02-08T15:00:00+08:00,84.0,355.0,3.4,16.4,0.89,1006.3,-99.0,0.0,-9.9,-99,-999,新北市,06,鶯歌區,054
24.9530,121.3373,鶯歌,C0AD50,2017-02-08T16:00:00+08:00,84.0,334.0,1.1,16.1,0.90,1006.4,-99.0,0.0,-9.9,-99,-999,新北市,06,鶯歌區,054
24.9530,121.3373,鶯歌,C0AD50,2017-02-08T17:00:00+08:00,84.0,301.0,0.4,16.1,0.91,1006.6,-99.0,0.0,-9.9,-99,-999,新北市,06,鶯歌區,054
24.9530,121.3373,鶯歌,C0AD50,2017-02-08T18:00:00+08:00,84.0,4.0,2.1,15.9,0.91,1006.6,-99.0,0.0,-9.9,-99,-999,新北市,06,鶯歌區,054
24.9530,121.3373,鶯歌,C0AD50,2017-02-08T19:00:00+08:00,84.0,345.0,2.4,15.8,0.92,1007.3,-99.0,0.0,-9.9,-99,-999,新北市,06,鶯歌區,054
24.9530,121.3373,鶯歌,C0AD50,2017-02-08T20:00:00+08:00,84.0,342.0,1.7,15.5,0.98,1007.9,-99.0,0.0,-9.9,-99,-999,新北市,06,鶯歌區,054
24.9530,121.3373,鶯歌,C0AD50,2017-02-08T21:00:00+08:00,84.0,4.0,2.2,15.3,1.00,1008.5,-99.0,0.0,-9.9,-99,-999,新北市,06,鶯歌區,054
24.9530,121.3373,鶯歌,C0AD50,2017-02-08T22:00:00+08:00,84.0,344.0,2.6,15.1,1.00,1009.2,-99.0,0.0,-9.9,-99,-999,新北市,06,鶯歌區,054
24.9530,121.3373,鶯歌,C0AD50,2017-02-08T23:00:00+08:00,84.0,351.0,4.8,14.5,1.00,1009.6,-99.0,0.0,-9.9,-99,-999,新北市,06,鶯歌區,054
24.9530,121.3373,鶯歌,C0AD50,2017-02-09T00:00:00+08:00,84.0,350.0,6.0,14.0,0.98,1009.8,-99.0,0.0,-9.9,-99,-999,新北市,06,鶯歌區,054
24.9530,121.3373,鶯歌,C0AD50,2017-02-09T01:00:00+08:00,84.0,347.0,3.5,13.0,0.99,1010.8,-99.0,1.0,-9.9,-99,-999,新北市,06,鶯歌區,054
24.9530,121.3373,鶯歌,C0AD50,2017-02-09T02:00:00+08:00,84.0,352.0,4.7,12.0,0.99,1010.5,-99.0,1.5,-9.9,-99,-999,新北市,06,鶯歌區,054
24.9530,121.3373,鶯歌,C0AD50,2017-02-09T03:00:00+08:00,84.0,16.0,3.6,11.2,0.99,1010.1,-99.0,2.0,-9.9,-99,-999,新北市,06,鶯歌區,054
24.9530,121.3373,鶯歌,C0AD50,2017-02-09T04:00:00+08:00,84.0,347.0,7.5,10.6,0.95,1010.6,-99.0,2.0,-9.9,-99,-999,新北市,06,鶯歌區,054
24.9530,121.3373,鶯歌,C0AD50,2017-02-09T05:00:00+08:00,84.0,9.0,2.3,10.4,0.94,1011.4,-99.0,2.0,-9.9,-99,-999,新北市,06,鶯歌區,054
24.9530,121.3373,鶯歌,C0AD50,2017-02-09T06:00:00+08:00,84.0,6.0,3.7,10.2,0.89,1011.8,-99.0,2.0,-9.9,-99,-999,新北市,06,鶯歌區,054
24.9530,121.3373,鶯歌,C0AD50,2017-02-09T07:00:00+08:00,84.0,9.0,4.0,10.4,0.81,1012.0,-99.0,2.0,-9.9,-99,-999,新北市,06,鶯歌區,054
24.9530,121.3373,鶯歌,C0AD50,2017-02-09T08:00:00+08:00,84.0,6.0,5.0,10.2,0.85,1012.4,-99.0,2.0,-9.9,-99,-999,新北市,06,鶯歌區,054
24.9530,121.3373,鶯歌,C0AD50,2017-02-09T10:00:00+08:00,84.0,14.0,1.7,10.4,0.75,1013.7,-99.0,2.0,-9.9,-99,-999,新北市,06,鶯歌區,054
24.9530,121.3373,鶯歌,C0AD50,2017-02-09T11:00:00+08:00,84.0,18.0,3.1,10.6,0.74,1013.5,-99.0,2.0,-9.9,-99,-999,新北市,06,鶯歌區,054
24.9530,121.3373,鶯歌,C0AD50,2017-02-09T12:00:00+08:00,84.0,351.0,2.4,10.6,0.71,1012.6,-99.0,2.0,-9.9,-99,-999,新北市,06,鶯歌區,054
24.9530,121.3373,鶯歌,C0AD50,2017-02-09T13:00:00+08:00,84.0,16.0,6.2,10.4,0.69,1011.4,-99.0,2.0,-9.9,-99,-999,新北市,06,鶯歌區,054
24.9530,121.3373,鶯歌,C0AD50,2017-02-09T14:00:00+08:00,84.0,355.0,4.5,10.3,0.68,1010.8,-99.0,2.0,-9.9,-99,-999,新北市,06,鶯歌區,054
24.9530,121.3373,鶯歌,C0AD50,2017-02-09T15:00:00+08:00,84.0,8.0,4.0,10.2,0.68,1011.4,-99.0,2.0,-9.9,-99,-999,新北市,06,鶯歌區,054
24.9530,121.3373,鶯歌,C0AD50,2017-02-09T16:00:00+08:00,84.0,33.0,2.3,10.2,0.66,1011.7,-99.0,2.0,-9.9,-99,-999,新北市,06,鶯歌區,054
24.9530,121.3373,鶯歌,C0AD50,2017-02-09T17:00:00+08:00,84.0,34.0,1.7,10.1,0.65,1012.1,-99.0,2.0,-9.9,-99,-999,新北市,06,鶯歌區,054
24.9530,121.3373,鶯歌,C0AD50,2017-02-09T18:00:00+08:00,84.0,23.0,4.0,9.8,0.66,1012.6,-99.0,2.0,-9.9,-99,-999,新北市,06,鶯歌區,054
24.9530,121.3373,鶯歌,C0AD50,2017-02-09T19:00:00+08:00,84.0,29.0,3.3,9.4,0.63,1013.1,-99.0,2.0,-9.9,-99,-999,新北市,06,鶯歌區,054
24.9530,121.3373,鶯歌,C0AD50,2017-02-09T20:00:00+08:00,84.0,59.0,1.9,9.5,0.63,1013.5,-99.0,2.0,-9.9,-99,-999,新北市,06,鶯歌區,054
24.9530,121.3373,鶯歌,C0AD50,2017-02-09T21:00:00+08:00,84.0,86.0,1.3,9.7,0.63,1013.8,-99.0,2.0,-9.9,-99,-999,新北市,06,鶯歌區,054
24.9530,121.3373,鶯歌,C0AD50,2017-02-09T22:00:00+08:00,84.0,75.0,2.0,9.5,0.65,1014.2,-99.0,2.0,-9.9,-99,-999,新北市,06,鶯歌區,054
24.9530,121.3373,鶯歌,C0AD50,2017-02-09T23:00:00+08:00,84.0,94.0,1.2,9.6,0.65,1014.4,-99.0,2.0,-9.9,-99,-999,新北市,06,鶯歌區,054
24.9530,121.3373,鶯歌,C0AD50,2017-02-10T00:00:00+08:00,84.0,63.0,1.8,9.8,0.65,1014.2,-99.0,2.0,-9.9,-99,-999,新北市,06,鶯歌區,054
24.9530,121.3373,鶯歌,C0AD50,2017-02-10T01:00:00+08:00,84.0,50.0,1.9,9.8,0.60,1014.2,-99.0,0.0,-9.9,-99,-999,新北市,06,鶯歌區,054
24.9530,121.3373,鶯歌,C0AD50,2017-02-10T02:00:00+08:00,84.0,85.0,0.9,9.8,0.59,1014.1,-99.0,0.0,-9.9,-99,-999,新北市,06,鶯歌區,054
24.9530,121.3373,鶯歌,C0AD50,2017-02-10T03:00:00+08:00,84.0,42.0,1.4,10.0,0.58,1013.8,-99.0,0.0,-9.9,-99,-999,新北市,06,鶯歌區,054
24.9530,121.3373,鶯歌,C0AD50,2017-02-10T04:00:00+08:00,84.0,88.0,3.1,9.6,0.60,1012.8,-99.0,0.0,-9.9,-99,-999,新北市,06,鶯歌區,054
24.9530,121.3373,鶯歌,C0AD50,2017-02-10T05:00:00+08:00,84.0,19.0,2.6,9.7,0.61,1013.0,-99.0,0.0,-9.9,-99,-999,新北市,06,鶯歌區,054
24.9530,121.3373,鶯歌,C0AD50,2017-02-10T06:00:00+08:00,84.0,39.0,6.1,9.5,0.61,1014.5,-99.0,0.0,-9.9,-99,-999,新北市,06,鶯歌區,054
24.9530,121.3373,鶯歌,C0AD50,2017-02-10T07:00:00+08:00,84.0,20.0,4.1,9.4,0.58,1015.4,-99.0,0.0,-9.9,-99,-999,新北市,06,鶯歌區,054
24.9530,121.3373,鶯歌,C0AD50,2017-02-10T08:00:00+08:00,84.0,5.0,3.6,9.4,0.58,1015.8,-99.0,0.0,-9.9,-99,-999,新北市,06,鶯歌區,054
24.9530,121.3373,鶯歌,C0AD50,2017-02-10T09:00:00+08:00,84.0,36.0,3.1,9.8,0.58,1016.0,-99.0,0.0,-9.9,-99,-999,新北市,06,鶯歌區,054
24.9530,121.3373,鶯歌,C0AD50,2017-02-10T10:00:00+08:00,84.0,87.0,4.8,10.8,0.54,1016.1,-99.0,0.0,-9.9,-99,-999,新北市,06,鶯歌區,054
24.9530,121.3373,鶯歌,C0AD50,2017-02-10T11:00:00+08:00,84.0,57.0,3.5,11.1,0.53,1015.7,-99.0,0.0,-9.9,-99,-999,新北市,06,鶯歌區,054
24.9530,121.3373,鶯歌,C0AD50,2017-02-10T12:00:00+08:00,84.0,15.0,4.4,10.6,0.57,1015.6,-99.0,0.0,-9.9,-99,-999,新北市,06,鶯歌區,054
24.9530,121.3373,鶯歌,C0AD50,2017-02-10T13:00:00+08:00,84.0,28.0,1.9,10.8,0.58,1014.4,-99.0,0.0,-9.9,-99,-999,新北市,06,鶯歌區,054
24.9530,121.3373,鶯歌,C0AD50,2017-02-10T14:00:00+08:00,84.0,82.0,5.0,11.6,0.54,1013.6,-99.0,0.0,-9.9,-99,-999,新北市,06,鶯歌區,054
24.9530,121.3373,鶯歌,C0AD50,2017-02-10T15:00:00+08:00,84.0,87.0,4.2,11.6,0.54,1013.7,-99.0,0.0,-9.9,-99,-999,新北市,06,鶯歌區,054
24.9530,121.3373,鶯歌,C0AD50,2017-02-10T16:00:00+08:00,84.0,94.0,3.3,11.6,0.52,1014.0,-99.0,0.0,-9.9,-99,-999,新北市,06,鶯歌區,054
24.9530,121.3373,鶯歌,C0AD50,2017-02-10T17:00:00+08:00,84.0,85.0,3.7,11.4,0.53,1014.6,-99.0,0.0,-9.9,-99,-999,新北市,06,鶯歌區,054
24.9530,121.3373,鶯歌,C0AD50,2017-02-10T18:00:00+08:00,84.0,77.0,3.2,11.1,0.55,1015.1,-99.0,0.0,-9.9,-99,-999,新北市,06,鶯歌區,054
24.9530,121.3373,鶯歌,C0AD50,2017-02-10T19:00:00+08:00,84.0,86.0,3.5,11.0,0.58,1015.7,-99.0,0.0,-9.9,-99,-999,新北市,06,鶯歌區,054
24.9530,121.3373,鶯歌,C0AD50,2017-02-10T20:00:00+08:00,84.0,96.0,1.8,10.9,0.60,1016.0,-99.0,0.0,-9.9,-99,-999,新北市,06,鶯歌區,054
24.9530,121.3373,鶯歌,C0AD50,2017-02-10T21:00:00+08:00,84.0,86.0,2.3,10.8,0.60,1016.5,-99.0,0.0,-9.9,-99,-999,新北市,06,鶯歌區,054
24.9530,121.3373,鶯歌,C0AD50,2017-02-10T22:00:00+08:00,84.0,101.0,3.3,10.9,0.60,1016.7,-99.0,0.0,-9.9,-99,-999,新北市,06,鶯歌區,054
24.9530,121.3373,鶯歌,C0AD50,2017-02-10T23:00:00+08:00,84.0,102.0,3.4,10.8,0.59,1016.9,-99.0,0.0,-9.9,-99,-999,新北市,06,鶯歌區,054
24.9530,121.3373,鶯歌,C0AD50,2017-02-11T00:00:00+08:00,84.0,96.0,2.7,10.8,0.58,1016.9,-99.0,0.0,-9.9,-99,-999,新北市,06,鶯歌區,054
24.9530,121.3373,鶯歌,C0AD50,2017-02-11T01:00:00+08:00,84.0,96.0,2.8,10.8,0.58,1017.0,-99.0,0.0,-9.9,-99,-999,新北市,06,鶯歌區,054
24.9530,121.3373,鶯歌,C0AD50,2017-02-11T02:00:00+08:00,84.0,85.0,2.6,10.7,0.59,1016.7,-99.0,0.0,-9.9,-99,-999,新北市,06,鶯歌區,054
24.9530,121.3373,鶯歌,C0AD50,2017-02-11T03:00:00+08:00,84.0,81.0,1.8,10.7,0.59,1016.6,-99.0,0.0,-9.9,-99,-999,新北市,06,鶯歌區,054
24.9530,121.3373,鶯歌,C0AD50,2017-02-11T04:00:00+08:00,84.0,96.0,3.3,10.7,0.58,1016.6,-99.0,0.0,-9.9,-99,-999,新北市,06,鶯歌區,054
24.9530,121.3373,鶯歌,C0AD50,2017-02-11T05:00:00+08:00,84.0,84.0,2.4,10.7,0.58,1017.0,-99.0,0.0,-9.9,-99,-999,新北市,06,鶯歌區,054
24.9530,121.3373,鶯歌,C0AD50,2017-02-11T06:00:00+08:00,84.0,96.0,3.3,10.8,0.57,1017.7,-99.0,0.0,-9.9,-99,-999,新北市,06,鶯歌區,054
24.9530,121.3373,鶯歌,C0AD50,2017-02-11T07:00:00+08:00,84.0,96.0,3.7,10.8,0.56,1018.3,-99.0,0.0,-9.9,-99,-999,新北市,06,鶯歌區,054
24.9530,121.3373,鶯歌,C0AD50,2017-02-11T08:00:00+08:00,84.0,79.0,5.0,11.1,0.54,1018.8,-99.0,0.0,-9.9,-99,-999,新北市,06,鶯歌區,054
24.9530,121.3373,鶯歌,C0AD50,2017-02-11T09:00:00+08:00,84.0,76.0,5.7,11.1,0.53,1019.3,-99.0,0.0,-9.9,-99,-999,新北市,06,鶯歌區,054
24.9530,121.3373,鶯歌,C0AD50,2017-02-11T10:00:00+08:00,84.0,70.0,4.7,11.3,0.51,1019.6,-99.0,0.0,-9.9,-99,-999,新北市,06,鶯歌區,054
24.9530,121.3373,鶯歌,C0AD50,2017-02-11T11:00:00+08:00,84.0,75.0,6.9,11.6,0.51,1019.3,-99.0,0.0,-9.9,-99,-999,新北市,06,鶯歌區,054
24.9530,121.3373,鶯歌,C0AD50,2017-02-11T12:00:00+08:00,84.0,89.0,5.0,12.1,0.52,1018.6,-99.0,0.0,-9.9,-99,-999,新北市,06,鶯歌區,054
24.9530,121.3373,鶯歌,C0AD50,2017-02-11T13:00:00+08:00,84.0,100.0,5.9,12.4,0.52,1017.4,-99.0,0.0,-9.9,-99,-999,新北市,06,鶯歌區,054
24.9530,121.3373,鶯歌,C0AD50,2017-02-11T14:00:00+08:00,84.0,86.0,5.9,12.4,0.54,1016.8,-99.0,0.0,-9.9,-99,-999,新北市,06,鶯歌區,054
24.9530,121.3373,鶯歌,C0AD50,2017-02-11T15:00:00+08:00,84.0,85.0,4.3,12.3,0.56,1016.9,-99.0,0.0,-9.9,-99,-999,新北市,06,鶯歌區,054
24.9530,121.3373,鶯歌,C0AD50,2017-02-11T16:00:00+08:00,84.0,77.0,3.8,12.2,0.54,1017.1,-99.0,0.0,-9.9,-99,-999,新北市,06,鶯歌區,054
24.9530,121.3373,鶯歌,C0AD50,2017-02-11T17:00:00+08:00,84.0,80.0,4.7,12.0,0.54,1017.6,-99.0,0.0,-9.9,-99,-999,新北市,06,鶯歌區,054
24.9530,121.3373,鶯歌,C0AD50,2017-02-11T18:00:00+08:00,84.0,89.0,4.6,11.5,0.59,1018.0,-99.0,0.0,-9.9,-99,-999,新北市,06,鶯歌區,054
24.9530,121.3373,鶯歌,C0AD50,2017-02-11T19:00:00+08:00,84.0,85.0,3.3,11.1,0.61,1018.3,-99.0,0.0,-9.9,-99,-999,新北市,06,鶯歌區,054
24.9530,121.3373,鶯歌,C0AD50,2017-02-11T20:00:00+08:00,84.0,77.0,4.2,10.9,0.61,1018.3,-99.0,0.0,-9.9,-99,-999,新北市,06,鶯歌區,054
24.9530,121.3373,鶯歌,C0AD50,2017-02-11T21:00:00+08:00,84.0,84.0,4.7,11.1,0.60,1018.4,-99.0,0.0,-9.9,-99,-999,新北市,06,鶯歌區,054
24.9530,121.3373,鶯歌,C0AD50,2017-02-11T22:00:00+08:00,84.0,85.0,3.5,11.2,0.61,1018.5,-99.0,0.0,-9.9,-99,-999,新北市,06,鶯歌區,054
24.9530,121.3373,鶯歌,C0AD50,2017-02-11T23:00:00+08:00,84.0,103.0,3.6,11.2,0.62,1018.4,-99.0,0.0,-9.9,-99,-999,新北市,06,鶯歌區,054
24.9530,121.3373,鶯歌,C0AD50,2017-02-12T01:00:00+08:00,84.0,83.0,3.9,11.5,0.62,1018.1,-99.0,0.0,-9.9,-99,-999,新北市,06,鶯歌區,054
24.9530,121.3373,鶯歌,C0AD50,2017-02-12T02:00:00+08:00,84.0,75.0,3.7,11.6,0.62,1017.5,-99.0,0.0,-9.9,-99,-999,新北市,06,鶯歌區,054
24.9530,121.3373,鶯歌,C0AD50,2017-02-12T03:00:00+08:00,84.0,86.0,4.6,11.6,0.63,1017.2,-99.0,0.0,-9.9,-99,-999,新北市,06,鶯歌區,054
24.9530,121.3373,鶯歌,C0AD50,2017-02-12T04:00:00+08:00,84.0,80.0,3.4,11.8,0.64,1017.1,-99.0,0.0,-9.9,-99,-999,新北市,06,鶯歌區,054
24.9530,121.3373,鶯歌,C0AD50,2017-02-12T05:00:00+08:00,84.0,80.0,3.3,11.6,0.65,1017.4,-99.0,0.0,-9.9,-99,-999,新北市,06,鶯歌區,054
24.9530,121.3373,鶯歌,C0AD50,2017-02-12T06:00:00+08:00,84.0,79.0,3.1,11.5,0.68,1017.8,-99.0,0.0,-9.9,-99,-999,新北市,06,鶯歌區,054
24.9530,121.3373,鶯歌,C0AD50,2017-02-12T07:00:00+08:00,84.0,82.0,2.9,12.0,0.66,1018.1,-99.0,0.0,-9.9,-99,-999,新北市,06,鶯歌區,054
24.9530,121.3373,鶯歌,C0AD50,2017-02-12T08:00:00+08:00,84.0,94.0,4.1,13.0,0.63,1018.5,-99.0,0.0,-9.9,-99,-999,新北市,06,鶯歌區,054
24.9530,121.3373,鶯歌,C0AD50,2017-02-12T10:00:00+08:00,84.0,100.0,4.9,14.1,0.60,1018.6,-99.0,0.0,-9.9,-99,-999,新北市,06,鶯歌區,054
24.9530,121.3373,鶯歌,C0AD50,2017-02-12T11:00:00+08:00,84.0,93.0,6.0,14.6,0.59,1018.2,-99.0,0.0,-9.9,-99,-999,新北市,06,鶯歌區,054
24.9530,121.3373,鶯歌,C0AD50,2017-02-12T12:00:00+08:00,84.0,97.0,5.4,15.0,0.59,1017.8,-99.0,0.0,-9.9,-99,-999,新北市,06,鶯歌區,054
24.9530,121.3373,鶯歌,C0AD50,2017-02-12T13:00:00+08:00,84.0,76.0,6.1,14.9,0.59,1017.0,-99.0,0.0,-9.9,-99,-999,新北市,06,鶯歌區,054
24.9530,121.3373,鶯歌,C0AD50,2017-02-12T14:00:00+08:00,84.0,91.0,5.8,15.2,0.57,1016.1,-99.0,0.0,-9.9,-99,-999,新北市,06,鶯歌區,054
24.9530,121.3373,鶯歌,C0AD50,2017-02-12T15:00:00+08:00,84.0,92.0,5.8,14.9,0.59,1015.8,-99.0,0.0,-9.9,-99,-999,新北市,06,鶯歌區,054
24.9530,121.3373,鶯歌,C0AD50,2017-02-12T16:00:00+08:00,84.0,96.0,5.2,14.5,0.62,1016.2,-99.0,0.0,-9.9,-99,-999,新北市,06,鶯歌區,054
24.9530,121.3373,鶯歌,C0AD50,2017-02-12T17:00:00+08:00,84.0,106.0,4.8,14.2,0.64,1016.5,-99.0,0.0,-9.9,-99,-999,新北市,06,鶯歌區,054
24.9530,121.3373,鶯歌,C0AD50,2017-02-12T18:00:00+08:00,84.0,105.0,5.3,13.8,0.65,1016.6,-99.0,0.0,-9.9,-99,-999,新北市,06,鶯歌區,054
24.9530,121.3373,鶯歌,C0AD50,2017-02-12T19:00:00+08:00,84.0,104.0,5.8,13.9,0.64,1016.8,-99.0,0.0,-9.9,-99,-999,新北市,06,鶯歌區,054
24.9530,121.3373,鶯歌,C0AD50,2017-02-12T20:00:00+08:00,84.0,103.0,4.8,14.0,0.64,1017.1,-99.0,0.0,-9.9,-99,-999,新北市,06,鶯歌區,054
24.9530,121.3373,鶯歌,C0AD50,2017-02-12T21:00:00+08:00,84.0,104.0,5.7,14.0,0.67,1017.4,-99.0,0.0,-9.9,-99,-999,新北市,06,鶯歌區,054
24.9530,121.3373,鶯歌,C0AD50,2017-02-12T22:00:00+08:00,84.0,103.0,6.0,14.0,0.71,1017.6,-99.0,0.0,-9.9,-99,-999,新北市,06,鶯歌區,054
24.9530,121.3373,鶯歌,C0AD50,2017-02-12T23:00:00+08:00,84.0,106.0,5.6,13.9,0.71,1017.5,-99.0,0.0,-9.9,-99,-999,新北市,06,鶯歌區,054
24.9530,121.3373,鶯歌,C0AD50,2017-02-13T00:00:00+08:00,84.0,106.0,5.6,14.1,0.69,1017.6,-99.0,0.0,-9.9,-99,-999,新北市,06,鶯歌區,054
24.9530,121.3373,鶯歌,C0AD50,2017-02-13T01:00:00+08:00,84.0,98.0,4.9,13.8,0.72,1017.3,-99.0,0.0,-9.9,-99,-999,新北市,06,鶯歌區,054
24.9530,121.3373,鶯歌,C0AD50,2017-02-13T02:00:00+08:00,84.0,103.0,4.5,13.9,0.72,1017.0,-99.0,0.0,-9.9,-99,-999,新北市,06,鶯歌區,054
24.9530,121.3373,鶯歌,C0AD50,2017-02-13T03:00:00+08:00,84.0,89.0,4.0,13.7,0.75,1017.0,-99.0,0.0,-9.9,-99,-999,新北市,06,鶯歌區,054
24.9530,121.3373,鶯歌,C0AD50,2017-02-13T04:00:00+08:00,84.0,104.0,3.9,13.7,0.73,1017.0,-99.0,0.0,-9.9,-99,-999,新北市,06,鶯歌區,054
24.9530,121.3373,鶯歌,C0AD50,2017-02-13T05:00:00+08:00,84.0,108.0,5.1,13.8,0.71,1017.2,-99.0,0.0,-9.9,-99,-999,新北市,06,鶯歌區,054
24.9530,121.3373,鶯歌,C0AD50,2017-02-13T06:00:00+08:00,84.0,105.0,4.8,14.0,0.67,1017.8,-99.0,0.0,-9.9,-99,-999,新北市,06,鶯歌區,054
24.9530,121.3373,鶯歌,C0AD50,2017-02-13T07:00:00+08:00,84.0,105.0,5.9,13.9,0.68,1018.3,-99.0,0.0,-9.9,-99,-999,新北市,06,鶯歌區,054
24.9530,121.3373,鶯歌,C0AD50,2017-02-13T08:00:00+08:00,84.0,99.0,4.2,14.7,0.67,1018.9,-99.0,0.0,-9.9,-99,-999,新北市,06,鶯歌區,054
24.9530,121.3373,鶯歌,C0AD50,2017-02-13T10:00:00+08:00,84.0,96.0,7.5,16.5,0.58,1019.1,-99.0,0.0,-9.9,-99,-999,新北市,06,鶯歌區,054
24.9530,121.3373,鶯歌,C0AD50,2017-02-13T11:00:00+08:00,84.0,91.0,4.2,17.5,0.55,1018.7,-99.0,0.0,-9.9,-99,-999,新北市,06,鶯歌區,054
24.9530,121.3373,鶯歌,C0AD50,2017-02-13T12:00:00+08:00,84.0,101.0,6.0,17.9,0.55,1018.1,-99.0,0.0,-9.9,-99,-999,新北市,06,鶯歌區,054
24.9530,121.3373,鶯歌,C0AD50,2017-02-13T13:00:00+08:00,84.0,81.0,7.3,17.2,0.57,1017.5,-99.0,0.0,-9.9,-99,-999,新北市,06,鶯歌區,054
24.9530,121.3373,鶯歌,C0AD50,2017-02-13T14:00:00+08:00,84.0,79.0,6.8,17.1,0.58,1017.3,-99.0,0.0,-9.9,-99,-999,新北市,06,鶯歌區,054
24.9530,121.3373,鶯歌,C0AD50,2017-02-13T15:00:00+08:00,84.0,86.0,7.0,17.1,0.60,1017.4,-99.0,0.0,-9.9,-99,-999,新北市,06,鶯歌區,054
24.9530,121.3373,鶯歌,C0AD50,2017-02-13T16:00:00+08:00,84.0,85.0,7.2,16.5,0.63,1017.6,-99.0,0.0,-9.9,-99,-999,新北市,06,鶯歌區,054
24.9530,121.3373,鶯歌,C0AD50,2017-02-13T17:00:00+08:00,84.0,88.0,7.3,16.0,0.65,1018.0,-99.0,0.0,-9.9,-99,-999,新北市,06,鶯歌區,054
24.9530,121.3373,鶯歌,C0AD50,2017-02-13T18:00:00+08:00,84.0,86.0,5.9,15.5,0.67,1018.3,-99.0,0.0,-9.9,-99,-999,新北市,06,鶯歌區,054
24.9530,121.3373,鶯歌,C0AD50,2017-02-13T19:00:00+08:00,84.0,91.0,4.6,15.3,0.68,1018.7,-99.0,0.0,-9.9,-99,-999,新北市,06,鶯歌區,054
24.9530,121.3373,鶯歌,C0AD50,2017-02-13T20:00:00+08:00,84.0,98.0,4.5,15.1,0.69,1019.4,-99.0,0.0,-9.9,-99,-999,新北市,06,鶯歌區,054
24.9530,121.3373,鶯歌,C0AD50,2017-02-13T21:00:00+08:00,84.0,91.0,4.3,15.1,0.68,1019.8,-99.0,0.0,-9.9,-99,-999,新北市,06,鶯歌區,054
24.9530,121.3373,鶯歌,C0AD50,2017-02-13T22:00:00+08:00,84.0,90.0,4.3,15.1,0.67,1019.7,-99.0,0.0,-9.9,-99,-999,新北市,06,鶯歌區,054
24.9530,121.3373,鶯歌,C0AD50,2017-02-13T23:00:00+08:00,84.0,88.0,5.3,15.1,0.67,1020.1,-99.0,0.0,-9.9,-99,-999,新北市,06,鶯歌區,054
24.9530,121.3373,鶯歌,C0AD50,2017-02-14T00:00:00+08:00,84.0,83.0,6.8,15.1,0.66,1020.0,-99.0,0.0,-9.9,-99,-999,新北市,06,鶯歌區,054
24.9530,121.3373,鶯歌,C0AD50,2017-02-14T01:00:00+08:00,84.0,81.0,7.0,15.0,0.66,1019.8,-99.0,0.0,-9.9,-99,-999,新北市,06,鶯歌區,054
24.9530,121.3373,鶯歌,C0AD50,2017-02-14T02:00:00+08:00,84.0,81.0,6.9,15.0,0.64,1019.6,-99.0,0.0,-9.9,-99,-999,新北市,06,鶯歌區,054
24.9530,121.3373,鶯歌,C0AD50,2017-02-14T03:00:00+08:00,84.0,81.0,7.1,15.1,0.63,1019.2,-99.0,0.0,-9.9,-99,-999,新北市,06,鶯歌區,054
24.9530,121.3373,鶯歌,C0AD50,2017-02-14T04:00:00+08:00,84.0,85.0,6.2,14.7,0.64,1019.2,-99.0,0.0,-9.9,-99,-999,新北市,06,鶯歌區,054
24.9530,121.3373,鶯歌,C0AD50,2017-02-14T05:00:00+08:00,84.0,91.0,3.5,14.5,0.64,1019.6,-99.0,0.0,-9.9,-99,-999,新北市,06,鶯歌區,054
24.9530,121.3373,鶯歌,C0AD50,2017-02-14T06:00:00+08:00,84.0,92.0,4.9,14.4,0.62,1020.2,-99.0,0.0,-9.9,-99,-999,新北市,06,鶯歌區,054
24.9530,121.3373,鶯歌,C0AD50,2017-02-14T07:00:00+08:00,84.0,89.0,5.3,14.4,0.59,1020.6,-99.0,0.0,-9.9,-99,-999,新北市,06,鶯歌區,054
24.9530,121.3373,鶯歌,C0AD50,2017-02-14T08:00:00+08:00,84.0,85.0,5.2,15.3,0.53,1021.2,-99.0,0.0,-9.9,-99,-999,新北市,06,鶯歌區,054
24.9530,121.3373,鶯歌,C0AD50,2017-02-14T09:00:00+08:00,84.0,83.0,7.6,16.0,0.49,1021.4,-99.0,0.0,-9.9,-99,-999,新北市,06,鶯歌區,054
24.9530,121.3373,鶯歌,C0AD50,2017-02-14T10:00:00+08:00,84.0,80.0,6.8,17.1,0.48,1021.1,-99.0,0.0,-9.9,-99,-999,新北市,06,鶯歌區,054
24.9530,121.3373,鶯歌,C0AD50,2017-02-14T11:00:00+08:00,84.0,71.0,5.8,18.1,0.47,1020.7,-99.0,0.0,-9.9,-99,-999,新北市,06,鶯歌區,054
24.9530,121.3373,鶯歌,C0AD50,2017-02-14T12:00:00+08:00,84.0,77.0,6.0,18.8,0.46,1019.8,-99.0,0.0,-9.9,-99,-999,新北市,06,鶯歌區,054
24.9530,121.3373,鶯歌,C0AD50,2017-02-14T13:00:00+08:00,84.0,72.0,6.6,18.8,0.47,1019.0,-99.0,0.0,-9.9,-99,-999,新北市,06,鶯歌區,054
24.9530,121.3373,鶯歌,C0AD50,2017-02-14T14:00:00+08:00,84.0,74.0,5.6,18.9,0.47,1018.3,-99.0,0.0,-9.9,-99,-999,新北市,06,鶯歌區,054
24.9530,121.3373,鶯歌,C0AD50,2017-02-14T15:00:00+08:00,84.0,73.0,7.3,18.4,0.49,1018.1,-99.0,0.0,-9.9,-99,-999,新北市,06,鶯歌區,054
24.9530,121.3373,鶯歌,C0AD50,2017-02-14T16:00:00+08:00,84.0,77.0,6.8,17.9,0.51,1018.1,-99.0,0.0,-9.9,-99,-999,新北市,06,鶯歌區,054
24.9530,121.3373,鶯歌,C0AD50,2017-02-14T17:00:00+08:00,84.0,82.0,7.0,17.0,0.54,1018.3,-99.0,0.0,-9.9,-99,-999,新北市,06,鶯歌區,054
24.9530,121.3373,鶯歌,C0AD50,2017-02-14T18:00:00+08:00,84.0,84.0,8.2,16.3,0.56,1018.8,-99.0,0.0,-9.9,-99,-999,新北市,06,鶯歌區,054
24.9530,121.3373,鶯歌,C0AD50,2017-02-14T19:00:00+08:00,84.0,82.0,7.0,15.9,0.57,1019.1,-99.0,0.0,-9.9,-99,-999,新北市,06,鶯歌區,054
24.9530,121.3373,鶯歌,C0AD50,2017-02-14T20:00:00+08:00,84.0,77.0,7.3,15.8,0.57,1019.4,-99.0,0.0,-9.9,-99,-999,新北市,06,鶯歌區,054
24.9530,121.3373,鶯歌,C0AD50,2017-02-14T21:00:00+08:00,84.0,80.0,7.9,15.8,0.58,1019.3,-99.0,0.0,-9.9,-99,-999,新北市,06,鶯歌區,054
24.9530,121.3373,鶯歌,C0AD50,2017-02-14T22:00:00+08:00,84.0,75.0,6.6,15.9,0.57,1019.3,-99.0,0.0,-9.9,-99,-999,新北市,06,鶯歌區,054
24.9530,121.3373,鶯歌,C0AD50,2017-02-14T23:00:00+08:00,84.0,80.0,5.0,15.9,0.55,1019.1,-99.0,0.0,-9.9,-99,-999,新北市,06,鶯歌區,054
24.9530,121.3373,鶯歌,C0AD50,2017-02-15T00:00:00+08:00,84.0,79.0,7.0,16.1,0.53,1018.6,-99.0,0.0,-9.9,-99,-999,新北市,06,鶯歌區,054
24.9530,121.3373,鶯歌,C0AD50,2017-02-15T01:00:00+08:00,84.0,78.0,6.2,16.1,0.56,1018.2,-99.0,0.0,-9.9,-99,-999,新北市,06,鶯歌區,054
24.9530,121.3373,鶯歌,C0AD50,2017-02-15T02:00:00+08:00,84.0,83.0,5.5,16.3,0.56,1017.7,-99.0,0.0,-9.9,-99,-999,新北市,06,鶯歌區,054
24.9530,121.3373,鶯歌,C0AD50,2017-02-15T03:00:00+08:00,84.0,83.0,4.7,16.1,0.60,1017.3,-99.0,0.0,-9.9,-99,-999,新北市,06,鶯歌區,054
24.9530,121.3373,鶯歌,C0AD50,2017-02-15T04:00:00+08:00,84.0,96.0,3.4,16.1,0.63,1016.9,-99.0,0.0,-9.9,-99,-999,新北市,06,鶯歌區,054
24.9530,121.3373,鶯歌,C0AD50,2017-02-15T05:00:00+08:00,84.0,102.0,2.5,16.0,0.63,1016.8,-99.0,0.0,-9.9,-99,-999,新北市,06,鶯歌區,054
24.9530,121.3373,鶯歌,C0AD50,2017-02-15T06:00:00+08:00,84.0,130.0,2.2,14.8,0.70,1017.4,-99.0,0.0,-9.9,-99,-999,新北市,06,鶯歌區,054
24.9530,121.3373,鶯歌,C0AD50,2017-02-15T07:00:00+08:00,84.0,150.0,1.2,14.3,0.74,1017.8,-99.0,0.0,-9.9,-99,-999,新北市,06,鶯歌區,054
24.9530,121.3373,鶯歌,C0AD50,2017-02-15T08:00:00+08:00,84.0,196.0,1.0,15.8,0.70,1018.3,-99.0,0.0,-9.9,-99,-999,新北市,06,鶯歌區,054
24.9530,121.3373,鶯歌,C0AD50,2017-02-15T10:00:00+08:00,84.0,172.0,1.7,19.9,0.54,1018.2,-99.0,0.0,-9.9,-99,-999,新北市,06,鶯歌區,054
24.9530,121.3373,鶯歌,C0AD50,2017-02-15T11:00:00+08:00,84.0,101.0,1.4,21.6,0.46,1017.5,-99.0,0.0,-9.9,-99,-999,新北市,06,鶯歌區,054
24.9530,121.3373,鶯歌,C0AD50,2017-02-15T12:00:00+08:00,84.0,236.0,0.9,22.8,0.43,1016.6,-99.0,0.0,-9.9,-99,-999,新北市,06,鶯歌區,054
24.9530,121.3373,鶯歌,C0AD50,2017-02-15T13:00:00+08:00,84.0,333.0,3.5,21.8,0.47,1015.3,-99.0,0.0,-9.9,-99,-999,新北市,06,鶯歌區,054
24.9530,121.3373,鶯歌,C0AD50,2017-02-15T14:00:00+08:00,84.0,316.0,3.5,21.8,0.48,1014.7,-99.0,0.0,-9.9,-99,-999,新北市,06,鶯歌區,054
24.9530,121.3373,鶯歌,C0AD50,2017-02-15T15:00:00+08:00,84.0,316.0,3.0,21.6,0.49,1014.2,-99.0,0.0,-9.9,-99,-999,新北市,06,鶯歌區,054
24.9530,121.3373,鶯歌,C0AD50,2017-02-15T16:00:00+08:00,84.0,298.0,2.1,21.1,0.49,1014.1,-99.0,0.0,-9.9,-99,-999,新北市,06,鶯歌區,054
24.9530,121.3373,鶯歌,C0AD50,2017-02-15T17:00:00+08:00,84.0,249.0,1.0,21.0,0.50,1014.5,-99.0,0.0,-9.9,-99,-999,新北市,06,鶯歌區,054
24.9530,121.3373,鶯歌,C0AD50,2017-02-15T18:00:00+08:00,84.0,179.0,1.0,20.1,0.55,1014.6,-99.0,0.0,-9.9,-99,-999,新北市,06,鶯歌區,054
24.9530,121.3373,鶯歌,C0AD50,2017-02-15T19:00:00+08:00,84.0,0.0,0.0,19.7,0.61,1014.9,-99.0,0.0,-9.9,-99,-999,新北市,06,鶯歌區,054
24.9530,121.3373,鶯歌,C0AD50,2017-02-15T20:00:00+08:00,84.0,0.0,0.0,18.8,0.66,1015.2,-99.0,0.0,-9.9,-99,-999,新北市,06,鶯歌區,054
24.9530,121.3373,鶯歌,C0AD50,2017-02-15T21:00:00+08:00,84.0,135.0,1.0,17.3,0.74,1014.8,-99.0,0.0,-9.9,-99,-999,新北市,06,鶯歌區,054
24.9530,121.3373,鶯歌,C0AD50,2017-02-15T22:00:00+08:00,84.0,156.0,0.5,16.2,0.81,1014.8,-99.0,0.0,-9.9,-99,-999,新北市,06,鶯歌區,054
24.9530,121.3373,鶯歌,C0AD50,2017-02-15T23:00:00+08:00,84.0,0.0,0.0,15.5,0.87,1014.5,-99.0,0.0,-9.9,-99,-999,新北市,06,鶯歌區,054
24.9530,121.3373,鶯歌,C0AD50,2017-02-16T00:00:00+08:00,84.0,0.0,0.0,14.7,0.90,1014.0,-99.0,0.0,-9.9,-99,-999,新北市,06,鶯歌區,054
24.9530,121.3373,鶯歌,C0AD50,2017-02-16T01:00:00+08:00,84.0,0.0,0.0,14.4,0.92,1013.6,-99.0,0.0,-9.9,-99,-999,新北市,06,鶯歌區,054
24.9530,121.3373,鶯歌,C0AD50,2017-02-16T02:00:00+08:00,84.0,0.0,0.0,14.4,0.92,1013.3,-99.0,0.0,-9.9,-99,-999,新北市,06,鶯歌區,054
24.9530,121.3373,鶯歌,C0AD50,2017-02-16T03:00:00+08:00,84.0,0.0,0.0,14.0,0.91,1013.1,-99.0,0.0,-9.9,-99,-999,新北市,06,鶯歌區,054
24.9530,121.3373,鶯歌,C0AD50,2017-02-16T04:00:00+08:00,84.0,255.0,1.6,13.9,0.91,1013.0,-99.0,0.0,-9.9,-99,-999,新北市,06,鶯歌區,054
24.9530,121.3373,鶯歌,C0AD50,2017-02-16T05:00:00+08:00,84.0,292.0,1.5,13.6,0.97,1013.2,-99.0,0.0,-9.9,-99,-999,新北市,06,鶯歌區,054
24.9530,121.3373,鶯歌,C0AD50,2017-02-16T06:00:00+08:00,84.0,0.0,0.0,13.1,0.99,1013.3,-99.0,0.0,-9.9,-99,-999,新北市,06,鶯歌區,054
24.9530,121.3373,鶯歌,C0AD50,2017-02-16T07:00:00+08:00,84.0,263.0,0.6,13.0,0.99,1013.6,-99.0,0.0,-9.9,-99,-999,新北市,06,鶯歌區,054
24.9530,121.3373,鶯歌,C0AD50,2017-02-16T08:00:00+08:00,84.0,0.0,0.0,14.3,0.96,1013.9,-99.0,0.0,-9.9,-99,-999,新北市,06,鶯歌區,054
24.9530,121.3373,鶯歌,C0AD50,2017-02-16T09:00:00+08:00,84.0,186.0,1.2,16.0,0.83,1014.0,-99.0,0.0,-9.9,-99,-999,新北市,06,鶯歌區,054
24.9530,121.3373,鶯歌,C0AD50,2017-02-16T10:00:00+08:00,84.0,207.0,0.5,17.7,0.69,1014.0,-99.0,0.0,-9.9,-99,-999,新北市,06,鶯歌區,054
24.9530,121.3373,鶯歌,C0AD50,2017-02-16T11:00:00+08:00,84.0,303.0,0.3,20.7,0.56,1013.3,-99.0,0.0,-9.9,-99,-999,新北市,06,鶯歌區,054
24.9530,121.3373,鶯歌,C0AD50,2017-02-16T12:00:00+08:00,84.0,293.0,1.7,22.5,0.44,1012.2,-99.0,0.0,-9.9,-99,-999,新北市,06,鶯歌區,054
24.9530,121.3373,鶯歌,C0AD50,2017-02-16T13:00:00+08:00,84.0,290.0,2.6,23.7,0.39,1011.0,-99.0,0.0,-9.9,-99,-999,新北市,06,鶯歌區,054
24.9530,121.3373,鶯歌,C0AD50,2017-02-16T14:00:00+08:00,84.0,305.0,3.1,23.7,0.40,1010.4,-99.0,0.0,-9.9,-99,-999,新北市,06,鶯歌區,054
24.9530,121.3373,鶯歌,C0AD50,2017-02-16T15:00:00+08:00,84.0,326.0,3.4,22.9,0.35,1010.2,-99.0,0.0,-9.9,-99,-999,新北市,06,鶯歌區,054
24.9530,121.3373,鶯歌,C0AD50,2017-02-16T16:00:00+08:00,84.0,311.0,2.4,22.7,0.33,1010.3,-99.0,0.0,-9.9,-99,-999,新北市,06,鶯歌區,054
24.9530,121.3373,鶯歌,C0AD50,2017-02-16T17:00:00+08:00,84.0,301.0,0.9,22.7,0.34,1010.6,-99.0,0.0,-9.9,-99,-999,新北市,06,鶯歌區,054
24.9530,121.3373,鶯歌,C0AD50,2017-02-16T18:00:00+08:00,84.0,187.0,0.6,21.6,0.38,1010.9,-99.0,0.0,-9.9,-99,-999,新北市,06,鶯歌區,054
24.9530,121.3373,鶯歌,C0AD50,2017-02-16T19:00:00+08:00,84.0,83.0,1.3,19.4,0.52,1011.3,-99.0,0.0,-9.9,-99,-999,新北市,06,鶯歌區,054
24.9530,121.3373,鶯歌,C0AD50,2017-02-16T20:00:00+08:00,84.0,0.0,0.0,18.1,0.60,1012.0,-99.0,0.0,-9.9,-99,-999,新北市,06,鶯歌區,054
24.9530,121.3373,鶯歌,C0AD50,2017-02-16T21:00:00+08:00,84.0,0.0,0.0,17.3,0.65,1012.3,-99.0,0.0,-9.9,-99,-999,新北市,06,鶯歌區,054
24.9530,121.3373,鶯歌,C0AD50,2017-02-16T22:00:00+08:00,84.0,92.0,0.4,16.7,0.69,1012.5,-99.0,0.0,-9.9,-99,-999,新北市,06,鶯歌區,054
24.9530,121.3373,鶯歌,C0AD50,2017-02-16T23:00:00+08:00,84.0,90.0,0.6,16.1,0.73,1012.3,-99.0,0.0,-9.9,-99,-999,新北市,06,鶯歌區,054
24.9530,121.3373,鶯歌,C0AD50,2017-02-17T00:00:00+08:00,84.0,89.0,1.1,15.9,0.74,1012.3,-99.0,0.0,-9.9,-99,-999,新北市,06,鶯歌區,054
24.9530,121.3373,鶯歌,C0AD50,2017-02-17T01:00:00+08:00,84.0,0.0,0.2,15.3,0.78,1012.0,-99.0,0.0,-9.9,-99,-999,新北市,06,鶯歌區,054
24.9530,121.3373,鶯歌,C0AD50,2017-02-17T02:00:00+08:00,84.0,0.0,0.0,14.5,0.83,1011.8,-99.0,0.0,-9.9,-99,-999,新北市,06,鶯歌區,054
24.9530,121.3373,鶯歌,C0AD50,2017-02-17T03:00:00+08:00,84.0,0.0,0.0,14.4,0.86,1011.8,-99.0,0.0,-9.9,-99,-999,新北市,06,鶯歌區,054
24.9530,121.3373,鶯歌,C0AD50,2017-02-17T04:00:00+08:00,84.0,0.0,0.0,14.1,0.87,1011.9,-99.0,0.0,-9.9,-99,-999,新北市,06,鶯歌區,054
24.9530,121.3373,鶯歌,C0AD50,2017-02-17T05:00:00+08:00,84.0,0.0,0.1,14.0,0.89,1011.9,-99.0,0.0,-9.9,-99,-999,新北市,06,鶯歌區,054
24.9530,121.3373,鶯歌,C0AD50,2017-02-17T06:00:00+08:00,84.0,0.0,0.2,13.6,0.90,1012.5,-99.0,0.0,-9.9,-99,-999,新北市,06,鶯歌區,054
24.9530,121.3373,鶯歌,C0AD50,2017-02-17T07:00:00+08:00,84.0,92.0,0.5,14.0,0.89,1013.2,-99.0,0.0,-9.9,-99,-999,新北市,06,鶯歌區,054
24.9530,121.3373,鶯歌,C0AD50,2017-02-17T08:00:00+08:00,84.0,141.0,0.5,15.4,0.84,1013.6,-99.0,0.0,-9.9,-99,-999,新北市,06,鶯歌區,054
24.9530,121.3373,鶯歌,C0AD50,2017-02-17T10:00:00+08:00,84.0,0.0,0.1,21.8,0.56,1013.8,-99.0,0.0,-9.9,-99,-999,新北市,06,鶯歌區,054
24.9530,121.3373,鶯歌,C0AD50,2017-02-17T11:00:00+08:00,84.0,44.0,0.5,24.5,0.45,1012.9,-99.0,0.0,-9.9,-99,-999,新北市,06,鶯歌區,054
24.9530,121.3373,鶯歌,C0AD50,2017-02-17T12:00:00+08:00,84.0,0.0,0.0,25.1,0.41,1011.8,-99.0,0.0,-9.9,-99,-999,新北市,06,鶯歌區,054
24.9530,121.3373,鶯歌,C0AD50,2017-02-17T13:00:00+08:00,84.0,322.0,2.8,24.7,0.45,1010.7,-99.0,0.0,-9.9,-99,-999,新北市,06,鶯歌區,054
24.9530,121.3373,鶯歌,C0AD50,2017-02-17T14:00:00+08:00,84.0,330.0,4.0,24.0,0.48,1010.4,-99.0,0.0,-9.9,-99,-999,新北市,06,鶯歌區,054
24.9530,121.3373,鶯歌,C0AD50,2017-02-17T15:00:00+08:00,84.0,335.0,3.7,23.6,0.49,1010.4,-99.0,0.0,-9.9,-99,-999,新北市,06,鶯歌區,054
24.9530,121.3373,鶯歌,C0AD50,2017-02-17T16:00:00+08:00,84.0,337.0,3.1,22.9,0.55,1010.6,-99.0,0.0,-9.9,-99,-999,新北市,06,鶯歌區,054
24.9530,121.3373,鶯歌,C0AD50,2017-02-17T17:00:00+08:00,84.0,343.0,2.4,21.7,0.65,1011.1,-99.0,0.0,-9.9,-99,-999,新北市,06,鶯歌區,054
24.9530,121.3373,鶯歌,C0AD50,2017-02-17T18:00:00+08:00,84.0,353.0,1.3,21.0,0.68,1011.4,-99.0,0.0,-9.9,-99,-999,新北市,06,鶯歌區,054
24.9530,121.3373,鶯歌,C0AD50,2017-02-17T19:00:00+08:00,84.0,311.0,1.2,20.3,0.71,1012.0,-99.0,0.0,-9.9,-99,-999,新北市,06,鶯歌區,054
24.9530,121.3373,鶯歌,C0AD50,2017-02-17T20:00:00+08:00,84.0,107.0,1.0,19.7,0.75,1012.6,-99.0,0.0,-9.9,-99,-999,新北市,06,鶯歌區,054
24.9530,121.3373,鶯歌,C0AD50,2017-02-17T21:00:00+08:00,84.0,106.0,0.8,18.6,0.83,1012.7,-99.0,0.0,-9.9,-99,-999,新北市,06,鶯歌區,054
24.9530,121.3373,鶯歌,C0AD50,2017-02-17T22:00:00+08:00,84.0,143.0,0.4,18.6,0.85,1013.1,-99.0,0.0,-9.9,-99,-999,新北市,06,鶯歌區,054
24.9530,121.3373,鶯歌,C0AD50,2017-02-17T23:00:00+08:00,84.0,0.0,0.1,18.5,0.86,1013.2,-99.0,0.0,-9.9,-99,-999,新北市,06,鶯歌區,054
24.9530,121.3373,鶯歌,C0AD50,2017-02-18T00:00:00+08:00,84.0,0.0,0.0,18.0,0.89,1013.2,-99.0,0.0,-9.9,-99,-999,新北市,06,鶯歌區,054
24.9530,121.3373,鶯歌,C0AD50,2017-02-18T01:00:00+08:00,84.0,0.0,0.0,17.1,0.93,1013.0,-99.0,0.0,-9.9,-99,-999,新北市,06,鶯歌區,054
24.9530,121.3373,鶯歌,C0AD50,2017-02-18T02:00:00+08:00,84.0,194.0,0.4,16.7,0.95,1013.0,-99.0,0.0,-9.9,-99,-999,新北市,06,鶯歌區,054
24.9530,121.3373,鶯歌,C0AD50,2017-02-18T03:00:00+08:00,84.0,0.0,0.1,16.9,0.95,1013.0,-99.0,0.0,-9.9,-99,-999,新北市,06,鶯歌區,054
24.9530,121.3373,鶯歌,C0AD50,2017-02-18T04:00:00+08:00,84.0,0.0,0.0,16.9,0.96,1013.0,-99.0,0.0,-9.9,-99,-999,新北市,06,鶯歌區,054
24.9530,121.3373,鶯歌,C0AD50,2017-02-18T05:00:00+08:00,84.0,169.0,0.3,17.0,0.98,1013.2,-99.0,0.0,-9.9,-99,-999,新北市,06,鶯歌區,054
24.9530,121.3373,鶯歌,C0AD50,2017-02-18T06:00:00+08:00,84.0,0.0,0.0,17.1,0.98,1014.2,-99.0,0.0,-9.9,-99,-999,新北市,06,鶯歌區,054
24.9530,121.3373,鶯歌,C0AD50,2017-02-18T07:00:00+08:00,84.0,0.0,0.2,17.2,0.96,1014.8,-99.0,0.0,-9.9,-99,-999,新北市,06,鶯歌區,054
24.9530,121.3373,鶯歌,C0AD50,2017-02-18T08:00:00+08:00,84.0,0.0,0.0,17.6,0.94,1015.0,-99.0,0.0,-9.9,-99,-999,新北市,06,鶯歌區,054
24.9530,121.3373,鶯歌,C0AD50,2017-02-18T10:00:00+08:00,84.0,74.0,2.1,20.6,0.79,1014.9,-99.0,0.0,-9.9,-99,-999,新北市,06,鶯歌區,054
24.9530,121.3373,鶯歌,C0AD50,2017-02-18T11:00:00+08:00,84.0,103.0,2.1,21.8,0.68,1014.3,-99.0,0.0,-9.9,-99,-999,新北市,06,鶯歌區,054
24.9530,121.3373,鶯歌,C0AD50,2017-02-18T12:00:00+08:00,84.0,5.0,0.9,21.0,0.75,1013.4,-99.0,0.0,-9.9,-99,-999,新北市,06,鶯歌區,054
24.9530,121.3373,鶯歌,C0AD50,2017-02-18T13:00:00+08:00,84.0,86.0,4.2,21.4,0.69,1012.4,-99.0,0.0,-9.9,-99,-999,新北市,06,鶯歌區,054
24.9530,121.3373,鶯歌,C0AD50,2017-02-18T14:00:00+08:00,84.0,90.0,3.5,20.8,0.72,1012.0,-99.0,0.0,-9.9,-99,-999,新北市,06,鶯歌區,054
24.9530,121.3373,鶯歌,C0AD50,2017-02-18T15:00:00+08:00,84.0,93.0,4.2,20.4,0.73,1011.8,-99.0,0.0,-9.9,-99,-999,新北市,06,鶯歌區,054
24.9530,121.3373,鶯歌,C0AD50,2017-02-18T16:00:00+08:00,84.0,91.0,4.7,19.8,0.74,1012.2,-99.0,0.0,-9.9,-99,-999,新北市,06,鶯歌區,054
24.9530,121.3373,鶯歌,C0AD50,2017-02-18T17:00:00+08:00,84.0,71.0,4.6,19.4,0.76,1013.4,-99.0,0.0,-9.9,-99,-999,新北市,06,鶯歌區,054
24.9530,121.3373,鶯歌,C0AD50,2017-02-18T18:00:00+08:00,84.0,88.0,3.9,18.8,0.81,1014.1,-99.0,0.0,-9.9,-99,-999,新北市,06,鶯歌區,054
24.9530,121.3373,鶯歌,C0AD50,2017-02-18T19:00:00+08:00,84.0,87.0,4.8,18.3,0.84,1014.5,-99.0,0.0,-9.9,-99,-999,新北市,06,鶯歌區,054
24.9530,121.3373,鶯歌,C0AD50,2017-02-18T20:00:00+08:00,84.0,85.0,4.0,18.1,0.85,1014.7,-99.0,0.0,-9.9,-99,-999,新北市,06,鶯歌區,054
24.9530,121.3373,鶯歌,C0AD50,2017-02-18T21:00:00+08:00,84.0,82.0,6.6,17.6,0.86,1014.4,-99.0,0.0,-9.9,-99,-999,新北市,06,鶯歌區,054
24.9530,121.3373,鶯歌,C0AD50,2017-02-18T22:00:00+08:00,84.0,77.0,5.6,17.5,0.82,1014.1,-99.0,0.0,-9.9,-99,-999,新北市,06,鶯歌區,054
24.9530,121.3373,鶯歌,C0AD50,2017-02-18T23:00:00+08:00,84.0,75.0,5.3,17.3,0.81,1013.8,-99.0,0.0,-9.9,-99,-999,新北市,06,鶯歌區,054
24.9530,121.3373,鶯歌,C0AD50,2017-02-19T00:00:00+08:00,84.0,78.0,6.2,17.4,0.78,1013.5,-99.0,0.0,-9.9,-99,-999,新北市,06,鶯歌區,054
24.9530,121.3373,鶯歌,C0AD50,2017-02-19T01:00:00+08:00,84.0,81.0,6.0,17.1,0.78,1013.2,-99.0,0.0,-9.9,-99,-999,新北市,06,鶯歌區,054
24.9530,121.3373,鶯歌,C0AD50,2017-02-19T02:00:00+08:00,84.0,78.0,6.3,17.3,0.76,1012.6,-99.0,0.0,-9.9,-99,-999,新北市,06,鶯歌區,054
24.9530,121.3373,鶯歌,C0AD50,2017-02-19T03:00:00+08:00,84.0,82.0,7.0,17.6,0.71,1011.6,-99.0,0.0,-9.9,-99,-999,新北市,06,鶯歌區,054
24.9530,121.3373,鶯歌,C0AD50,2017-02-19T04:00:00+08:00,84.0,80.0,7.0,17.7,0.71,1010.5,-99.0,0.0,-9.9,-99,-999,新北市,06,鶯歌區,054
24.9530,121.3373,鶯歌,C0AD50,2017-02-19T05:00:00+08:00,84.0,78.0,6.8,17.7,0.73,1010.0,-99.0,0.0,-9.9,-99,-999,新北市,06,鶯歌區,054
24.9530,121.3373,鶯歌,C0AD50,2017-02-19T06:00:00+08:00,84.0,80.0,5.8,17.9,0.73,1010.1,-99.0,0.0,-9.9,-99,-999,新北市,06,鶯歌區,054
24.9530,121.3373,鶯歌,C0AD50,2017-02-19T07:00:00+08:00,84.0,82.0,5.0,18.2,0.72,1010.2,-99.0,0.0,-9.9,-99,-999,新北市,06,鶯歌區,054
24.9530,121.3373,鶯歌,C0AD50,2017-02-19T08:00:00+08:00,84.0,76.0,3.8,19.3,0.67,1010.4,-99.0,0.0,-9.9,-99,-999,新北市,06,鶯歌區,054
24.9530,121.3373,鶯歌,C0AD50,2017-02-19T10:00:00+08:00,84.0,146.0,1.0,23.4,0.48,1009.9,-99.0,0.0,-9.9,-99,-999,新北市,06,鶯歌區,054
24.9530,121.3373,鶯歌,C0AD50,2017-02-19T11:00:00+08:00,84.0,178.0,1.5,24.9,0.43,1009.0,-99.0,0.0,-9.9,-99,-999,新北市,06,鶯歌區,054
24.9530,121.3373,鶯歌,C0AD50,2017-02-19T12:00:00+08:00,84.0,103.0,0.3,25.8,0.40,1007.7,-99.0,0.0,-9.9,-99,-999,新北市,06,鶯歌區,054
24.9530,121.3373,鶯歌,C0AD50,2017-02-19T13:00:00+08:00,84.0,272.0,1.8,26.2,0.36,1006.5,-99.0,0.0,-9.9,-99,-999,新北市,06,鶯歌區,054
24.9530,121.3373,鶯歌,C0AD50,2017-02-19T14:00:00+08:00,84.0,321.0,3.2,25.8,0.46,1005.5,-99.0,0.0,-9.9,-99,-999,新北市,06,鶯歌區,054
24.9530,121.3373,鶯歌,C0AD50,2017-02-19T15:00:00+08:00,84.0,313.0,2.6,24.9,0.50,1005.1,-99.0,0.0,-9.9,-99,-999,新北市,06,鶯歌區,054
24.9530,121.3373,鶯歌,C0AD50,2017-02-19T16:00:00+08:00,84.0,311.0,2.4,23.8,0.57,1005.1,-99.0,0.0,-9.9,-99,-999,新北市,06,鶯歌區,054
24.9530,121.3373,鶯歌,C0AD50,2017-02-19T17:00:00+08:00,84.0,335.0,2.8,23.2,0.60,1005.4,-99.0,0.0,-9.9,-99,-999,新北市,06,鶯歌區,054
24.9530,121.3373,鶯歌,C0AD50,2017-02-19T18:00:00+08:00,84.0,315.0,3.3,19.8,0.80,1006.0,-99.0,0.0,-9.9,-99,-999,新北市,06,鶯歌區,054
24.9530,121.3373,鶯歌,C0AD50,2017-02-19T19:00:00+08:00,84.0,302.0,1.5,18.9,0.83,1006.4,-99.0,0.0,-9.9,-99,-999,新北市,06,鶯歌區,054
24.9530,121.3373,鶯歌,C0AD50,2017-02-19T20:00:00+08:00,84.0,316.0,0.7,18.7,0.85,1006.8,-99.0,0.0,-9.9,-99,-999,新北市,06,鶯歌區,054
24.9530,121.3373,鶯歌,C0AD50,2017-02-19T21:00:00+08:00,84.0,0.0,0.0,18.4,0.87,1006.8,-99.0,0.0,-9.9,-99,-999,新北市,06,鶯歌區,054
24.9530,121.3373,鶯歌,C0AD50,2017-02-19T22:00:00+08:00,84.0,0.0,0.0,17.9,0.90,1006.6,-99.0,0.0,-9.9,-99,-999,新北市,06,鶯歌區,054
24.9530,121.3373,鶯歌,C0AD50,2017-02-19T23:00:00+08:00,84.0,70.0,1.2,17.7,0.91,1005.8,-99.0,0.0,-9.9,-99,-999,新北市,06,鶯歌區,054
24.9530,121.3373,鶯歌,C0AD50,2017-02-20T00:00:00+08:00,84.0,0.0,0.2,17.0,0.95,1005.3,-99.0,0.0,-9.9,-99,-999,新北市,06,鶯歌區,054
24.9530,121.3373,鶯歌,C0AD50,2017-02-20T01:00:00+08:00,84.0,209.0,0.6,17.1,0.95,1005.3,-99.0,0.0,-9.9,-99,-999,新北市,06,鶯歌區,054
24.9530,121.3373,鶯歌,C0AD50,2017-02-20T02:00:00+08:00,84.0,0.0,0.0,17.2,0.94,1005.1,-99.0,0.0,-9.9,-99,-999,新北市,06,鶯歌區,054
24.9530,121.3373,鶯歌,C0AD50,2017-02-20T03:00:00+08:00,84.0,299.0,0.3,17.6,0.92,1005.0,-99.0,0.0,-9.9,-99,-999,新北市,06,鶯歌區,054
24.9530,121.3373,鶯歌,C0AD50,2017-02-20T04:00:00+08:00,84.0,200.0,0.9,17.2,0.95,1005.1,-99.0,0.0,-9.9,-99,-999,新北市,06,鶯歌區,054
24.9530,121.3373,鶯歌,C0AD50,2017-02-20T05:00:00+08:00,84.0,292.0,0.8,17.4,0.94,1006.1,-99.0,0.0,-9.9,-99,-999,新北市,06,鶯歌區,054
24.9530,121.3373,鶯歌,C0AD50,2017-02-20T06:00:00+08:00,84.0,0.0,0.0,16.8,1.00,1006.6,-99.0,0.0,-9.9,-99,-999,新北市,06,鶯歌區,054
24.9530,121.3373,鶯歌,C0AD50,2017-02-20T07:00:00+08:00,84.0,0.0,0.0,17.0,1.00,1007.2,-99.0,0.0,-9.9,-99,-999,新北市,06,鶯歌區,054
24.9530,121.3373,鶯歌,C0AD50,2017-02-20T08:00:00+08:00,84.0,113.0,1.3,16.9,1.00,1007.1,-99.0,0.0,-9.9,-99,-999,新北市,06,鶯歌區,054
24.9530,121.3373,鶯歌,C0AD50,2017-02-20T10:00:00+08:00,84.0,123.0,2.3,21.0,0.72,1006.5,-99.0,0.0,-9.9,-99,-999,新北市,06,鶯歌區,054
24.9530,121.3373,鶯歌,C0AD50,2017-02-20T11:00:00+08:00,84.0,138.0,2.2,23.1,0.60,1006.0,-99.0,0.0,-9.9,-99,-999,新北市,06,鶯歌區,054
24.9530,121.3373,鶯歌,C0AD50,2017-02-20T12:00:00+08:00,84.0,150.0,1.7,24.8,0.55,1005.2,-99.0,0.0,-9.9,-99,-999,新北市,06,鶯歌區,054
24.9530,121.3373,鶯歌,C0AD50,2017-02-20T13:00:00+08:00,84.0,329.0,5.2,20.6,0.76,1005.7,-99.0,0.0,-9.9,-99,-999,新北市,06,鶯歌區,054
24.9530,121.3373,鶯歌,C0AD50,2017-02-20T14:00:00+08:00,84.0,315.0,0.9,19.5,0.81,1006.2,-99.0,0.0,-9.9,-99,-999,新北市,06,鶯歌區,054
24.9530,121.3373,鶯歌,C0AD50,2017-02-20T15:00:00+08:00,84.0,297.0,1.9,19.8,0.85,1005.9,-99.0,0.0,-9.9,-99,-999,新北市,06,鶯歌區,054
24.9530,121.3373,鶯歌,C0AD50,2017-02-20T16:00:00+08:00,84.0,253.0,0.4,20.1,0.83,1006.0,-99.0,0.0,-9.9,-99,-999,新北市,06,鶯歌區,054
24.9530,121.3373,鶯歌,C0AD50,2017-02-20T17:00:00+08:00,84.0,125.0,0.6,20.5,0.80,1006.3,-99.0,0.0,-9.9,-99,-999,新北市,06,鶯歌區,054
24.9530,121.3373,鶯歌,C0AD50,2017-02-20T18:00:00+08:00,84.0,114.0,2.0,20.7,0.77,1006.8,-99.0,0.0,-9.9,-99,-999,新北市,06,鶯歌區,054
24.9530,121.3373,鶯歌,C0AD50,2017-02-20T19:00:00+08:00,84.0,127.0,2.7,20.7,0.75,1007.6,-99.0,0.0,-9.9,-99,-999,新北市,06,鶯歌區,054
24.9530,121.3373,鶯歌,C0AD50,2017-02-20T20:00:00+08:00,84.0,129.0,2.3,20.6,0.75,1008.1,-99.0,0.0,-9.9,-99,-999,新北市,06,鶯歌區,054
24.9530,121.3373,鶯歌,C0AD50,2017-02-20T21:00:00+08:00,84.0,98.0,1.1,20.4,0.78,1008.6,-99.0,0.0,-9.9,-99,-999,新北市,06,鶯歌區,054
24.9530,121.3373,鶯歌,C0AD50,2017-02-20T22:00:00+08:00,84.0,83.0,2.1,20.3,0.78,1010.1,-99.0,0.0,-9.9,-99,-999,新北市,06,鶯歌區,054
24.9530,121.3373,鶯歌,C0AD50,2017-02-20T23:00:00+08:00,84.0,107.0,3.4,19.7,0.92,1010.5,-99.0,0.0,-9.9,-99,-999,新北市,06,鶯歌區,054
24.9530,121.3373,鶯歌,C0AD50,2017-02-21T00:00:00+08:00,84.0,100.0,5.0,18.9,0.93,1010.9,-99.0,0.0,-9.9,-99,-999,新北市,06,鶯歌區,054
24.9530,121.3373,鶯歌,C0AD50,2017-02-21T01:00:00+08:00,84.0,96.0,4.3,18.1,0.97,1011.3,-99.0,0.0,-9.9,-99,-999,新北市,06,鶯歌區,054
24.9530,121.3373,鶯歌,C0AD50,2017-02-21T02:00:00+08:00,84.0,79.0,4.1,17.4,0.99,1011.4,-99.0,0.0,-9.9,-99,-999,新北市,06,鶯歌區,054
24.9530,121.3373,鶯歌,C0AD50,2017-02-21T03:00:00+08:00,84.0,85.0,5.7,16.8,0.99,1011.5,-99.0,0.0,-9.9,-99,-999,新北市,06,鶯歌區,054
24.9530,121.3373,鶯歌,C0AD50,2017-02-21T04:00:00+08:00,84.0,82.0,6.5,16.5,0.99,1011.6,-99.0,0.0,-9.9,-99,-999,新北市,06,鶯歌區,054
24.9530,121.3373,鶯歌,C0AD50,2017-02-21T05:00:00+08:00,84.0,83.0,9.1,16.4,0.98,1011.9,-99.0,0.0,-9.9,-99,-999,新北市,06,鶯歌區,054
24.9530,121.3373,鶯歌,C0AD50,2017-02-21T06:00:00+08:00,84.0,81.0,8.3,16.0,0.98,1012.2,-99.0,0.0,-9.9,-99,-999,新北市,06,鶯歌區,054
24.9530,121.3373,鶯歌,C0AD50,2017-02-21T07:00:00+08:00,84.0,81.0,7.9,16.4,0.90,1012.2,-99.0,0.0,-9.9,-99,-999,新北市,06,鶯歌區,054
24.9530,121.3373,鶯歌,C0AD50,2017-02-21T08:00:00+08:00,84.0,79.0,9.4,17.1,0.85,1012.7,-99.0,0.0,-9.9,-99,-999,新北市,06,鶯歌區,054
24.9530,121.3373,鶯歌,C0AD50,2017-02-21T09:00:00+08:00,84.0,79.0,8.1,17.8,0.82,1012.2,-99.0,0.0,-9.9,-99,-999,新北市,06,鶯歌區,054
24.9530,121.3373,鶯歌,C0AD50,2017-02-21T10:00:00+08:00,84.0,80.0,9.3,18.6,0.80,1011.6,-99.0,0.0,-9.9,-99,-999,新北市,06,鶯歌區,054
24.9530,121.3373,鶯歌,C0AD50,2017-02-21T11:00:00+08:00,84.0,77.0,9.6,19.1,0.79,1011.0,-99.0,0.0,-9.9,-99,-999,新北市,06,鶯歌區,054
24.9530,121.3373,鶯歌,C0AD50,2017-02-21T12:00:00+08:00,84.0,79.0,7.6,19.7,0.77,1010.0,-99.0,0.0,-9.9,-99,-999,新北市,06,鶯歌區,054
24.9530,121.3373,鶯歌,C0AD50,2017-02-21T13:00:00+08:00,84.0,78.0,8.3,20.0,0.78,1008.7,-99.0,0.0,-9.9,-99,-999,新北市,06,鶯歌區,054
24.9530,121.3373,鶯歌,C0AD50,2017-02-21T14:00:00+08:00,84.0,74.0,7.6,20.7,0.77,1007.7,-99.0,0.0,-9.9,-99,-999,新北市,06,鶯歌區,054
24.9530,121.3373,鶯歌,C0AD50,2017-02-21T15:00:00+08:00,84.0,71.0,7.2,20.9,0.77,1006.8,-99.0,0.0,-9.9,-99,-999,新北市,06,鶯歌區,054
24.9530,121.3373,鶯歌,C0AD50,2017-02-21T16:00:00+08:00,84.0,79.0,7.6,21.5,0.74,1006.7,-99.0,0.0,-9.9,-99,-999,新北市,06,鶯歌區,054
24.9530,121.3373,鶯歌,C0AD50,2017-02-21T17:00:00+08:00,84.0,80.0,6.1,21.4,0.76,1006.8,-99.0,0.0,-9.9,-99,-999,新北市,06,鶯歌區,054
24.9530,121.3373,鶯歌,C0AD50,2017-02-21T18:00:00+08:00,84.0,78.0,6.5,21.3,0.77,1006.8,-99.0,0.0,-9.9,-99,-999,新北市,06,鶯歌區,054
24.9530,121.3373,鶯歌,C0AD50,2017-02-21T19:00:00+08:00,84.0,72.0,3.5,21.7,0.76,1006.7,-99.0,0.0,-9.9,-99,-999,新北市,06,鶯歌區,054
24.9530,121.3373,鶯歌,C0AD50,2017-02-21T20:00:00+08:00,84.0,94.0,2.0,22.4,0.70,1007.0,-99.0,0.0,-9.9,-99,-999,新北市,06,鶯歌區,054
24.9530,121.3373,鶯歌,C0AD50,2017-02-21T21:00:00+08:00,84.0,261.0,2.0,21.9,0.75,1007.8,-99.0,0.0,-9.9,-99,-999,新北市,06,鶯歌區,054
24.9530,121.3373,鶯歌,C0AD50,2017-02-21T22:00:00+08:00,84.0,247.0,0.4,21.1,0.83,1007.9,-99.0,0.0,-9.9,-99,-999,新北市,06,鶯歌區,054
24.9530,121.3373,鶯歌,C0AD50,2017-02-21T23:00:00+08:00,84.0,243.0,0.4,21.1,0.83,1007.6,-99.0,0.0,-9.9,-99,-999,新北市,06,鶯歌區,054
24.9530,121.3373,鶯歌,C0AD50,2017-02-22T00:00:00+08:00,84.0,255.0,0.8,20.6,0.87,1007.4,-99.0,0.0,-9.9,-99,-999,新北市,06,鶯歌區,054
24.9530,121.3373,鶯歌,C0AD50,2017-02-22T01:00:00+08:00,84.0,289.0,1.2,19.8,0.93,1007.1,-99.0,0.0,-9.9,-99,-999,新北市,06,鶯歌區,054
24.9530,121.3373,鶯歌,C0AD50,2017-02-22T02:00:00+08:00,84.0,317.0,3.0,18.8,0.99,1007.2,-99.0,0.0,-9.9,-99,-999,新北市,06,鶯歌區,054
24.9530,121.3373,鶯歌,C0AD50,2017-02-22T03:00:00+08:00,84.0,318.0,2.1,17.7,1.00,1007.0,-99.0,0.0,-9.9,-99,-999,新北市,06,鶯歌區,054
24.9530,121.3373,鶯歌,C0AD50,2017-02-22T04:00:00+08:00,84.0,289.0,1.6,17.4,1.00,1006.7,-99.0,0.0,-9.9,-99,-999,新北市,06,鶯歌區,054
24.9530,121.3373,鶯歌,C0AD50,2017-02-22T05:00:00+08:00,84.0,318.0,4.1,16.9,1.00,1007.7,-99.0,0.0,-9.9,-99,-999,新北市,06,鶯歌區,054
24.9530,121.3373,鶯歌,C0AD50,2017-02-22T06:00:00+08:00,84.0,305.0,2.4,15.0,1.00,1009.2,-99.0,0.0,-9.9,-99,-999,新北市,06,鶯歌區,054
24.9530,121.3373,鶯歌,C0AD50,2017-02-22T07:00:00+08:00,84.0,0.0,0.0,15.0,1.00,1009.6,-99.0,0.0,-9.9,-99,-999,新北市,06,鶯歌區,054
24.9530,121.3373,鶯歌,C0AD50,2017-02-22T08:00:00+08:00,84.0,102.0,1.8,15.9,1.00,1008.8,-99.0,0.0,-9.9,-99,-999,新北市,06,鶯歌區,054
24.9530,121.3373,鶯歌,C0AD50,2017-02-22T09:00:00+08:00,84.0,107.0,2.2,17.3,1.00,1008.1,-99.0,0.0,-9.9,-99,-999,新北市,06,鶯歌區,054
24.9530,121.3373,鶯歌,C0AD50,2017-02-22T10:00:00+08:00,84.0,112.0,2.5,19.8,0.88,1006.9,-99.0,0.0,-9.9,-99,-999,新北市,06,鶯歌區,054
24.9530,121.3373,鶯歌,C0AD50,2017-02-22T11:00:00+08:00,84.0,108.0,3.7,20.8,0.86,1006.0,-99.0,0.5,-9.9,-99,-999,新北市,06,鶯歌區,054
24.9530,121.3373,鶯歌,C0AD50,2017-02-22T12:00:00+08:00,84.0,314.0,4.4,21.8,0.86,1006.4,-99.0,0.5,-9.9,-99,-999,新北市,06,鶯歌區,054
24.9530,121.3373,鶯歌,C0AD50,2017-02-22T13:00:00+08:00,84.0,322.0,3.0,18.0,1.00,1006.9,-99.0,3.0,-9.9,-99,-999,新北市,06,鶯歌區,054
24.9530,121.3373,鶯歌,C0AD50,2017-02-22T14:00:00+08:00,84.0,0.0,0.2,18.1,1.00,1006.3,-99.0,6.0,-9.9,-99,-999,新北市,06,鶯歌區,054
24.9530,121.3373,鶯歌,C0AD50,2017-02-22T15:00:00+08:00,84.0,175.0,1.9,18.4,1.00,1006.6,-99.0,11.5,-9.9,-99,-999,新北市,06,鶯歌區,054
24.9530,121.3373,鶯歌,C0AD50,2017-02-22T16:00:00+08:00,84.0,74.0,0.9,18.8,1.00,1005.1,-99.0,16.0,-9.9,-99,-999,新北市,06,鶯歌區,054
24.9530,121.3373,鶯歌,C0AD50,2017-02-22T17:00:00+08:00,84.0,120.0,1.7,19.2,1.00,1004.3,-99.0,16.0,-9.9,-99,-999,新北市,06,鶯歌區,054
24.9530,121.3373,鶯歌,C0AD50,2017-02-22T18:00:00+08:00,84.0,129.0,1.7,19.1,1.00,1004.3,-99.0,16.0,-9.9,-99,-999,新北市,06,鶯歌區,054
24.9530,121.3373,鶯歌,C0AD50,2017-02-22T19:00:00+08:00,84.0,137.0,2.1,19.0,1.00,1004.8,-99.0,16.5,-9.9,-99,-999,新北市,06,鶯歌區,054
24.9530,121.3373,鶯歌,C0AD50,2017-02-22T20:00:00+08:00,84.0,0.0,0.0,19.0,1.00,1005.6,-99.0,17.0,-9.9,-99,-999,新北市,06,鶯歌區,054
24.9530,121.3373,鶯歌,C0AD50,2017-02-22T21:00:00+08:00,84.0,107.0,0.9,18.8,1.00,1006.0,-99.0,17.0,-9.9,-99,-999,新北市,06,鶯歌區,054
24.9530,121.3373,鶯歌,C0AD50,2017-02-22T22:00:00+08:00,84.0,122.0,1.0,18.7,1.00,1006.3,-99.0,17.0,-9.9,-99,-999,新北市,06,鶯歌區,054
24.9530,121.3373,鶯歌,C0AD50,2017-02-22T23:00:00+08:00,84.0,0.0,0.1,18.7,1.00,1007.3,-99.0,17.0,-9.9,-99,-999,新北市,06,鶯歌區,054
24.9530,121.3373,鶯歌,C0AD50,2017-02-23T00:00:00+08:00,84.0,348.0,1.6,18.4,1.00,1007.8,-99.0,17.0,-9.9,-99,-999,新北市,06,鶯歌區,054
24.9530,121.3373,鶯歌,C0AD50,2017-02-23T01:00:00+08:00,84.0,0.0,0.0,17.9,1.00,1007.6,-99.0,0.0,-9.9,-99,-999,新北市,06,鶯歌區,054
24.9530,121.3373,鶯歌,C0AD50,2017-02-23T02:00:00+08:00,84.0,124.0,1.1,17.9,1.00,1007.4,-99.0,0.5,-9.9,-99,-999,新北市,06,鶯歌區,054
24.9530,121.3373,鶯歌,C0AD50,2017-02-23T03:00:00+08:00,84.0,111.0,3.4,17.9,1.00,1006.8,-99.0,1.5,-9.9,-99,-999,新北市,06,鶯歌區,054
24.9530,121.3373,鶯歌,C0AD50,2017-02-23T04:00:00+08:00,84.0,105.0,2.7,17.4,1.00,1006.8,-99.0,1.5,-9.9,-99,-999,新北市,06,鶯歌區,054
24.9530,121.3373,鶯歌,C0AD50,2017-02-23T05:00:00+08:00,84.0,97.0,3.2,17.2,1.00,1007.4,-99.0,1.5,-9.9,-99,-999,新北市,06,鶯歌區,054
24.9530,121.3373,鶯歌,C0AD50,2017-02-23T06:00:00+08:00,84.0,85.0,2.6,17.1,1.00,1008.4,-99.0,1.5,-9.9,-99,-999,新北市,06,鶯歌區,054
24.9530,121.3373,鶯歌,C0AD50,2017-02-23T07:00:00+08:00,84.0,82.0,5.0,16.8,1.00,1008.6,-99.0,1.5,-9.9,-99,-999,新北市,06,鶯歌區,054
24.9530,121.3373,鶯歌,C0AD50,2017-02-23T08:00:00+08:00,84.0,89.0,4.0,16.5,1.00,1009.2,-99.0,1.5,-9.9,-99,-999,新北市,06,鶯歌區,054
24.9530,121.3373,鶯歌,C0AD50,2017-02-23T10:00:00+08:00,84.0,85.0,5.6,16.3,0.97,1009.5,-99.0,1.5,-9.9,-99,-999,新北市,06,鶯歌區,054
24.9530,121.3373,鶯歌,C0AD50,2017-02-23T11:00:00+08:00,84.0,81.0,5.3,16.2,0.95,1009.6,-99.0,1.5,-9.9,-99,-999,新北市,06,鶯歌區,054
24.9530,121.3373,鶯歌,C0AD50,2017-02-23T12:00:00+08:00,84.0,78.0,3.8,16.0,0.94,1009.5,-99.0,1.5,-9.9,-99,-999,新北市,06,鶯歌區,054
24.9530,121.3373,鶯歌,C0AD50,2017-02-23T13:00:00+08:00,84.0,79.0,4.2,15.6,0.93,1009.1,-99.0,1.5,-9.9,-99,-999,新北市,06,鶯歌區,054
24.9530,121.3373,鶯歌,C0AD50,2017-02-23T14:00:00+08:00,84.0,81.0,4.5,15.2,0.91,1009.5,-99.0,1.5,-9.9,-99,-999,新北市,06,鶯歌區,054
24.9530,121.3373,鶯歌,C0AD50,2017-02-23T15:00:00+08:00,84.0,75.0,3.3,14.8,0.89,1010.1,-99.0,2.0,-9.9,-99,-999,新北市,06,鶯歌區,054
24.9530,121.3373,鶯歌,C0AD50,2017-02-23T16:00:00+08:00,84.0,18.0,2.7,12.7,1.00,1010.7,-99.0,2.0,-9.9,-99,-999,新北市,06,鶯歌區,054
24.9530,121.3373,鶯歌,C0AD50,2017-02-23T17:00:00+08:00,84.0,99.0,3.9,13.0,0.89,1011.3,-99.0,2.0,-9.9,-99,-999,新北市,06,鶯歌區,054
24.9530,121.3373,鶯歌,C0AD50,2017-02-23T18:00:00+08:00,84.0,9.0,2.3,11.9,0.94,1012.6,-99.0,2.0,-9.9,-99,-999,新北市,06,鶯歌區,054
24.9530,121.3373,鶯歌,C0AD50,2017-02-23T19:00:00+08:00,84.0,24.0,1.6,11.7,0.96,1013.4,-99.0,2.0,-9.9,-99,-999,新北市,06,鶯歌區,054
24.9530,121.3373,鶯歌,C0AD50,2017-02-23T20:00:00+08:00,84.0,15.0,1.7,11.2,0.98,1013.8,-99.0,2.0,-9.9,-99,-999,新北市,06,鶯歌區,054
24.9530,121.3373,鶯歌,C0AD50,2017-02-23T21:00:00+08:00,84.0,14.0,1.9,10.9,1.00,1014.3,-99.0,2.0,-9.9,-99,-999,新北市,06,鶯歌區,054
24.9530,121.3373,鶯歌,C0AD50,2017-02-23T22:00:00+08:00,84.0,80.0,2.1,11.5,1.00,1014.2,-99.0,2.5,-9.9,-99,-999,新北市,06,鶯歌區,054
24.9530,121.3373,鶯歌,C0AD50,2017-02-23T23:00:00+08:00,84.0,75.0,4.6,11.5,1.00,1014.2,-99.0,2.5,-9.9,-99,-999,新北市,06,鶯歌區,054
24.9530,121.3373,鶯歌,C0AD50,2017-02-24T00:00:00+08:00,84.0,72.0,3.3,11.7,1.00,1013.7,-99.0,3.0,-9.9,-99,-999,新北市,06,鶯歌區,054
24.9530,121.3373,鶯歌,C0AD50,2017-02-24T01:00:00+08:00,84.0,71.0,3.4,11.8,1.00,1013.3,-99.0,0.0,-9.9,-99,-999,新北市,06,鶯歌區,054
24.9530,121.3373,鶯歌,C0AD50,2017-02-24T02:00:00+08:00,84.0,60.0,1.6,11.9,1.00,1013.7,-99.0,5.0,-9.9,-99,-999,新北市,06,鶯歌區,054
24.9530,121.3373,鶯歌,C0AD50,2017-02-24T03:00:00+08:00,84.0,19.0,2.2,11.9,1.00,1013.0,-99.0,6.0,-9.9,-99,-999,新北市,06,鶯歌區,054
24.9530,121.3373,鶯歌,C0AD50,2017-02-24T04:00:00+08:00,84.0,60.0,2.6,12.0,1.00,1012.5,-99.0,13.5,-9.9,-99,-999,新北市,06,鶯歌區,054
24.9530,121.3373,鶯歌,C0AD50,2017-02-24T05:00:00+08:00,84.0,76.0,3.2,12.1,1.00,1012.1,-99.0,14.0,-9.9,-99,-999,新北市,06,鶯歌區,054
24.9530,121.3373,鶯歌,C0AD50,2017-02-24T06:00:00+08:00,84.0,79.0,2.9,12.2,1.00,1011.8,-99.0,14.5,-9.9,-99,-999,新北市,06,鶯歌區,054
24.9530,121.3373,鶯歌,C0AD50,2017-02-24T07:00:00+08:00,84.0,28.0,4.1,12.7,1.00,1012.1,-99.0,15.0,-9.9,-99,-999,新北市,06,鶯歌區,054
24.9530,121.3373,鶯歌,C0AD50,2017-02-24T08:00:00+08:00,84.0,11.0,4.9,13.0,1.00,1013.1,-99.0,15.5,-9.9,-99,-999,新北市,06,鶯歌區,054
24.9530,121.3373,鶯歌,C0AD50,2017-02-24T09:00:00+08:00,84.0,69.0,3.2,12.8,1.00,1014.1,-99.0,23.5,-9.9,-99,-999,新北市,06,鶯歌區,054
24.9530,121.3373,鶯歌,C0AD50,2017-02-24T10:00:00+08:00,84.0,62.0,0.9,12.9,1.00,1014.4,-99.0,26.5,-9.9,-99,-999,新北市,06,鶯歌區,054
24.9530,121.3373,鶯歌,C0AD50,2017-02-24T11:00:00+08:00,84.0,357.0,2.9,12.6,1.00,1014.3,-99.0,27.0,-9.9,-99,-999,新北市,06,鶯歌區,054
24.9530,121.3373,鶯歌,C0AD50,2017-02-24T12:00:00+08:00,84.0,357.0,6.2,11.5,1.00,1014.3,-99.0,29.0,-9.9,-99,-999,新北市,06,鶯歌區,054
24.9530,121.3373,鶯歌,C0AD50,2017-02-24T13:00:00+08:00,84.0,352.0,4.0,11.5,1.00,1013.6,-99.0,29.0,-9.9,-99,-999,新北市,06,鶯歌區,054
24.9530,121.3373,鶯歌,C0AD50,2017-02-24T14:00:00+08:00,84.0,349.0,4.4,11.2,1.00,1013.1,-99.0,31.0,-9.9,-99,-999,新北市,06,鶯歌區,054
24.9530,121.3373,鶯歌,C0AD50,2017-02-24T15:00:00+08:00,84.0,360.0,4.7,10.7,1.00,1013.6,-99.0,33.0,-9.9,-99,-999,新北市,06,鶯歌區,054
24.9530,121.3373,鶯歌,C0AD50,2017-02-24T16:00:00+08:00,84.0,356.0,4.2,10.5,1.00,1013.5,-99.0,35.0,-9.9,-99,-999,新北市,06,鶯歌區,054
24.9530,121.3373,鶯歌,C0AD50,2017-02-24T17:00:00+08:00,84.0,123.0,1.6,10.7,1.00,1013.8,-99.0,38.5,-9.9,-99,-999,新北市,06,鶯歌區,054
24.9530,121.3373,鶯歌,C0AD50,2017-02-24T18:00:00+08:00,84.0,54.0,2.6,11.2,1.00,1013.4,-99.0,39.0,-9.9,-99,-999,新北市,06,鶯歌區,054
24.9530,121.3373,鶯歌,C0AD50,2017-02-24T19:00:00+08:00,84.0,350.0,4.0,11.4,1.00,1014.0,-99.0,40.5,-9.9,-99,-999,新北市,06,鶯歌區,054
24.9530,121.3373,鶯歌,C0AD50,2017-02-24T20:00:00+08:00,84.0,91.0,1.3,11.7,1.00,1013.9,-99.0,44.5,-9.9,-99,-999,新北市,06,鶯歌區,054
24.9530,121.3373,鶯歌,C0AD50,2017-02-24T21:00:00+08:00,84.0,15.0,1.7,12.1,1.00,1014.2,-99.0,45.0,-9.9,-99,-999,新北市,06,鶯歌區,054
24.9530,121.3373,鶯歌,C0AD50,2017-02-24T22:00:00+08:00,84.0,27.0,2.5,12.4,1.00,1014.1,-99.0,45.0,-9.9,-99,-999,新北市,06,鶯歌區,054
24.9530,121.3373,鶯歌,C0AD50,2017-02-24T23:00:00+08:00,84.0,4.0,0.6,12.3,1.00,1014.4,-99.0,46.5,-9.9,-99,-999,新北市,06,鶯歌區,054
24.9530,121.3373,鶯歌,C0AD50,2017-02-25T00:00:00+08:00,84.0,76.0,1.6,12.8,1.00,1013.6,-99.0,46.5,-9.9,-99,-999,新北市,06,鶯歌區,054
24.9530,121.3373,鶯歌,C0AD50,2017-02-25T01:00:00+08:00,84.0,26.0,2.8,12.8,1.00,1013.0,-99.0,1.0,-9.9,-99,-999,新北市,06,鶯歌區,054
24.9530,121.3373,鶯歌,C0AD50,2017-02-25T02:00:00+08:00,84.0,53.0,2.3,13.2,1.00,1012.5,-99.0,1.0,-9.9,-99,-999,新北市,06,鶯歌區,054
24.9530,121.3373,鶯歌,C0AD50,2017-02-25T03:00:00+08:00,84.0,33.0,2.5,13.3,1.00,1011.2,-99.0,1.0,-9.9,-99,-999,新北市,06,鶯歌區,054
24.9530,121.3373,鶯歌,C0AD50,2017-02-25T04:00:00+08:00,84.0,69.0,2.7,13.4,1.00,1011.4,-99.0,1.0,-9.9,-99,-999,新北市,06,鶯歌區,054
24.9530,121.3373,鶯歌,C0AD50,2017-02-25T05:00:00+08:00,84.0,90.0,1.7,13.2,1.00,1011.6,-99.0,1.5,-9.9,-99,-999,新北市,06,鶯歌區,054
24.9530,121.3373,鶯歌,C0AD50,2017-02-25T06:00:00+08:00,84.0,57.0,2.4,13.3,1.00,1011.1,-99.0,2.0,-9.9,-99,-999,新北市,06,鶯歌區,054
24.9530,121.3373,鶯歌,C0AD50,2017-02-25T07:00:00+08:00,84.0,33.0,2.4,13.8,1.00,1011.9,-99.0,2.0,-9.9,-99,-999,新北市,06,鶯歌區,054
24.9530,121.3373,鶯歌,C0AD50,2017-02-25T08:00:00+08:00,84.0,85.0,1.2,13.6,1.00,1012.3,-99.0,3.0,-9.9,-99,-999,新北市,06,鶯歌區,054
24.9530,121.3373,鶯歌,C0AD50,2017-02-25T10:00:00+08:00,84.0,31.0,1.6,13.8,1.00,1012.0,-99.0,9.0,-9.9,-99,-999,新北市,06,鶯歌區,054
24.9530,121.3373,鶯歌,C0AD50,2017-02-25T11:00:00+08:00,84.0,78.0,1.8,14.0,1.00,1011.8,-99.0,14.0,-9.9,-99,-999,新北市,06,鶯歌區,054
24.9530,121.3373,鶯歌,C0AD50,2017-02-25T12:00:00+08:00,84.0,30.0,0.3,14.1,1.00,1010.9,-99.0,15.0,-9.9,-99,-999,新北市,06,鶯歌區,054
24.9530,121.3373,鶯歌,C0AD50,2017-02-25T13:00:00+08:00,84.0,352.0,3.4,13.2,1.00,1010.5,-99.0,15.5,-9.9,-99,-999,新北市,06,鶯歌區,054
24.9530,121.3373,鶯歌,C0AD50,2017-02-25T14:00:00+08:00,84.0,12.0,3.2,13.0,1.00,1009.3,-99.0,17.0,-9.9,-99,-999,新北市,06,鶯歌區,054
24.9530,121.3373,鶯歌,C0AD50,2017-02-25T15:00:00+08:00,84.0,2.0,3.5,13.0,1.00,1008.9,-99.0,19.0,-9.9,-99,-999,新北市,06,鶯歌區,054
24.9530,121.3373,鶯歌,C0AD50,2017-02-25T16:00:00+08:00,84.0,21.0,0.6,13.2,1.00,1009.2,-99.0,23.0,-9.9,-99,-999,新北市,06,鶯歌區,054
24.9530,121.3373,鶯歌,C0AD50,2017-02-25T17:00:00+08:00,84.0,6.0,0.3,13.1,1.00,1009.9,-99.0,29.5,-9.9,-99,-999,新北市,06,鶯歌區,054
24.9530,121.3373,鶯歌,C0AD50,2017-02-25T18:00:00+08:00,84.0,45.0,0.4,13.3,1.00,1010.0,-99.0,30.5,-9.9,-99,-999,新北市,06,鶯歌區,054
24.9530,121.3373,鶯歌,C0AD50,2017-02-25T19:00:00+08:00,84.0,101.0,1.5,13.2,1.00,1010.2,-99.0,33.0,-9.9,-99,-999,新北市,06,鶯歌區,054
24.9530,121.3373,鶯歌,C0AD50,2017-02-25T20:00:00+08:00,84.0,85.0,2.5,13.1,1.00,1010.1,-99.0,33.5,-9.9,-99,-999,新北市,06,鶯歌區,054
24.9530,121.3373,鶯歌,C0AD50,2017-02-25T21:00:00+08:00,84.0,23.0,4.2,13.6,1.00,1010.1,-99.0,34.0,-9.9,-99,-999,新北市,06,鶯歌區,054
24.9530,121.3373,鶯歌,C0AD50,2017-02-25T23:00:00+08:00,84.0,14.0,1.8,13.9,1.00,1011.0,-99.0,34.0,-9.9,-99,-999,新北市,06,鶯歌區,054
24.9530,121.3373,鶯歌,C0AD50,2017-02-26T00:00:00+08:00,84.0,32.0,1.2,13.8,1.00,1010.9,-99.0,34.0,-9.9,-99,-999,新北市,06,鶯歌區,054
24.9530,121.3373,鶯歌,C0AD50,2017-02-26T01:00:00+08:00,84.0,79.0,0.9,13.6,1.00,1010.1,-99.0,0.5,-9.9,-99,-999,新北市,06,鶯歌區,054
24.9530,121.3373,鶯歌,C0AD50,2017-02-26T02:00:00+08:00,84.0,346.0,3.3,13.2,1.00,1010.2,-99.0,4.0,-9.9,-99,-999,新北市,06,鶯歌區,054
24.9530,121.3373,鶯歌,C0AD50,2017-02-26T03:00:00+08:00,84.0,3.0,0.4,13.3,1.00,1009.7,-99.0,9.5,-9.9,-99,-999,新北市,06,鶯歌區,054
24.9530,121.3373,鶯歌,C0AD50,2017-02-26T04:00:00+08:00,84.0,352.0,3.8,13.3,1.00,1010.1,-99.0,9.5,-9.9,-99,-999,新北市,06,鶯歌區,054
24.9530,121.3373,鶯歌,C0AD50,2017-02-26T05:00:00+08:00,84.0,345.0,4.0,12.7,1.00,1010.8,-99.0,14.5,-9.9,-99,-999,新北市,06,鶯歌區,054
24.9530,121.3373,鶯歌,C0AD50,2017-02-26T06:00:00+08:00,84.0,337.0,4.5,11.6,1.00,1012.0,-99.0,17.0,-9.9,-99,-999,新北市,06,鶯歌區,054
24.9530,121.3373,鶯歌,C0AD50,2017-02-26T07:00:00+08:00,84.0,18.0,1.9,11.3,1.00,1012.9,-99.0,18.0,-9.9,-99,-999,新北市,06,鶯歌區,054
24.9530,121.3373,鶯歌,C0AD50,2017-02-26T08:00:00+08:00,84.0,54.0,1.9,11.2,1.00,1014.0,-99.0,18.0,-9.9,-99,-999,新北市,06,鶯歌區,054
24.9530,121.3373,鶯歌,C0AD50,2017-02-26T10:00:00+08:00,84.0,360.0,1.5,11.2,1.00,1015.3,-99.0,20.0,-9.9,-99,-999,新北市,06,鶯歌區,054
24.9530,121.3373,鶯歌,C0AD50,2017-02-26T11:00:00+08:00,84.0,41.0,1.5,11.4,1.00,1014.9,-99.0,20.5,-9.9,-99,-999,新北市,06,鶯歌區,054
24.9530,121.3373,鶯歌,C0AD50,2017-02-26T12:00:00+08:00,84.0,21.0,3.3,11.7,1.00,1014.1,-99.0,20.5,-9.9,-99,-999,新北市,06,鶯歌區,054
24.9530,121.3373,鶯歌,C0AD50,2017-02-26T13:00:00+08:00,84.0,360.0,3.0,11.8,1.00,1013.8,-99.0,20.5,-9.9,-99,-999,新北市,06,鶯歌區,054
24.9530,121.3373,鶯歌,C0AD50,2017-02-26T14:00:00+08:00,84.0,18.0,4.9,11.4,1.00,1013.0,-99.0,20.5,-9.9,-99,-999,新北市,06,鶯歌區,054
24.9530,121.3373,鶯歌,C0AD50,2017-02-26T15:00:00+08:00,84.0,78.0,1.1,11.6,1.00,1012.6,-99.0,20.5,-9.9,-99,-999,新北市,06,鶯歌區,054
24.9530,121.3373,鶯歌,C0AD50,2017-02-26T16:00:00+08:00,84.0,63.0,1.3,11.5,1.00,1012.6,-99.0,20.5,-9.9,-99,-999,新北市,06,鶯歌區,054
24.9530,121.3373,鶯歌,C0AD50,2017-02-26T17:00:00+08:00,84.0,43.0,1.3,11.9,1.00,1013.2,-99.0,20.5,-9.9,-99,-999,新北市,06,鶯歌區,054
24.9530,121.3373,鶯歌,C0AD50,2017-02-26T18:00:00+08:00,84.0,73.0,0.4,12.0,1.00,1013.8,-99.0,20.5,-9.9,-99,-999,新北市,06,鶯歌區,054
24.9530,121.3373,鶯歌,C0AD50,2017-02-26T19:00:00+08:00,84.0,63.0,1.3,12.3,0.99,1014.2,-99.0,20.5,-9.9,-99,-999,新北市,06,鶯歌區,054
24.9530,121.3373,鶯歌,C0AD50,2017-02-26T20:00:00+08:00,84.0,91.0,1.8,12.5,0.94,1014.6,-99.0,20.5,-9.9,-99,-999,新北市,06,鶯歌區,054
24.9530,121.3373,鶯歌,C0AD50,2017-02-26T21:00:00+08:00,84.0,74.0,0.9,12.7,0.90,1014.9,-99.0,20.5,-9.9,-99,-999,新北市,06,鶯歌區,054
24.9530,121.3373,鶯歌,C0AD50,2017-02-26T22:00:00+08:00,84.0,77.0,2.5,12.9,0.90,1015.0,-99.0,20.5,-9.9,-99,-999,新北市,06,鶯歌區,054
24.9530,121.3373,鶯歌,C0AD50,2017-02-26T23:00:00+08:00,84.0,80.0,2.7,12.9,0.85,1014.9,-99.0,20.5,-9.9,-99,-999,新北市,06,鶯歌區,054
24.9530,121.3373,鶯歌,C0AD50,2017-02-27T00:00:00+08:00,84.0,74.0,2.9,13.1,0.83,1014.3,-99.0,20.5,-9.9,-99,-999,新北市,06,鶯歌區,054
24.9530,121.3373,鶯歌,C0AD50,2017-02-27T01:00:00+08:00,84.0,65.0,3.2,13.3,0.82,1013.8,-99.0,0.0,-9.9,-99,-999,新北市,06,鶯歌區,054
24.9530,121.3373,鶯歌,C0AD50,2017-02-27T02:00:00+08:00,84.0,69.0,3.7,13.5,0.80,1013.3,-99.0,0.0,-9.9,-99,-999,新北市,06,鶯歌區,054
24.9530,121.3373,鶯歌,C0AD50,2017-02-27T03:00:00+08:00,84.0,82.0,4.5,13.6,0.79,1012.6,-99.0,0.0,-9.9,-99,-999,新北市,06,鶯歌區,054
24.9530,121.3373,鶯歌,C0AD50,2017-02-27T04:00:00+08:00,84.0,73.0,5.0,13.9,0.74,1012.4,-99.0,0.0,-9.9,-99,-999,新北市,06,鶯歌區,054
24.9530,121.3373,鶯歌,C0AD50,2017-02-27T05:00:00+08:00,84.0,72.0,5.1,14.1,0.73,1012.8,-99.0,0.0,-9.9,-99,-999,新北市,06,鶯歌區,054
24.9530,121.3373,鶯歌,C0AD50,2017-02-27T06:00:00+08:00,84.0,80.0,4.2,14.1,0.74,1013.3,-99.0,0.0,-9.9,-99,-999,新北市,06,鶯歌區,054
24.9530,121.3373,鶯歌,C0AD50,2017-02-27T07:00:00+08:00,84.0,81.0,3.9,14.1,0.73,1013.3,-99.0,0.0,-9.9,-99,-999,新北市,06,鶯歌區,054
24.9530,121.3373,鶯歌,C0AD50,2017-02-27T08:00:00+08:00,84.0,85.0,4.5,14.4,0.72,1014.0,-99.0,0.0,-9.9,-99,-999,新北市,06,鶯歌區,054
24.9530,121.3373,鶯歌,C0AD50,2017-02-27T10:00:00+08:00,84.0,98.0,2.5,14.5,0.75,1014.7,-99.0,0.0,-9.9,-99,-999,新北市,06,鶯歌區,054
24.9530,121.3373,鶯歌,C0AD50,2017-02-27T11:00:00+08:00,84.0,83.0,3.1,14.7,0.71,1014.9,-99.0,0.0,-9.9,-99,-999,新北市,06,鶯歌區,054
24.9530,121.3373,鶯歌,C0AD50,2017-02-27T12:00:00+08:00,84.0,92.0,3.3,14.6,0.76,1014.1,-99.0,0.0,-9.9,-99,-999,新北市,06,鶯歌區,054
24.9530,121.3373,鶯歌,C0AD50,2017-02-27T13:00:00+08:00,84.0,81.0,4.0,15.2,0.69,1013.1,-99.0,0.0,-9.9,-99,-999,新北市,06,鶯歌區,054
24.9530,121.3373,鶯歌,C0AD50,2017-02-27T14:00:00+08:00,84.0,86.0,4.8,15.2,0.68,1012.9,-99.0,0.0,-9.9,-99,-999,新北市,06,鶯歌區,054
24.9530,121.3373,鶯歌,C0AD50,2017-02-27T15:00:00+08:00,84.0,100.0,4.9,14.8,0.72,1013.2,-99.0,0.0,-9.9,-99,-999,新北市,06,鶯歌區,054
24.9530,121.3373,鶯歌,C0AD50,2017-02-27T16:00:00+08:00,84.0,102.0,3.8,14.1,0.80,1013.5,-99.0,0.0,-9.9,-99,-999,新北市,06,鶯歌區,054
24.9530,121.3373,鶯歌,C0AD50,2017-02-27T17:00:00+08:00,84.0,83.0,4.0,13.8,0.84,1014.1,-99.0,0.0,-9.9,-99,-999,新北市,06,鶯歌區,054
24.9530,121.3373,鶯歌,C0AD50,2017-02-27T18:00:00+08:00,84.0,98.0,2.9,13.6,0.85,1014.4,-99.0,0.0,-9.9,-99,-999,新北市,06,鶯歌區,054
24.9530,121.3373,鶯歌,C0AD50,2017-02-27T19:00:00+08:00,84.0,104.0,4.7,13.6,0.84,1014.0,-99.0,0.0,-9.9,-99,-999,新北市,06,鶯歌區,054
24.9530,121.3373,鶯歌,C0AD50,2017-02-27T20:00:00+08:00,84.0,105.0,4.9,14.1,0.77,1013.9,-99.0,0.0,-9.9,-99,-999,新北市,06,鶯歌區,054
24.9530,121.3373,鶯歌,C0AD50,2017-02-27T21:00:00+08:00,84.0,105.0,5.4,14.7,0.70,1013.6,-99.0,0.0,-9.9,-99,-999,新北市,06,鶯歌區,054
24.9530,121.3373,鶯歌,C0AD50,2017-02-27T22:00:00+08:00,84.0,106.0,4.8,14.8,0.68,1013.7,-99.0,0.0,-9.9,-99,-999,新北市,06,鶯歌區,054
24.9530,121.3373,鶯歌,C0AD50,2017-02-27T23:00:00+08:00,84.0,105.0,6.7,14.9,0.70,1013.0,-99.0,0.0,-9.9,-99,-999,新北市,06,鶯歌區,054
24.9530,121.3373,鶯歌,C0AD50,2017-02-28T00:00:00+08:00,84.0,102.0,4.9,15.0,0.71,1012.8,-99.0,0.0,-9.9,-99,-999,新北市,06,鶯歌區,054
24.9530,121.3373,鶯歌,C0AD50,2017-02-28T01:00:00+08:00,84.0,87.0,5.1,15.1,0.72,1011.6,-99.0,0.0,-9.9,-99,-999,新北市,06,鶯歌區,054
24.9530,121.3373,鶯歌,C0AD50,2017-02-28T02:00:00+08:00,84.0,81.0,7.1,15.4,0.72,1011.8,-99.0,0.0,-9.9,-99,-999,新北市,06,鶯歌區,054
24.9530,121.3373,鶯歌,C0AD50,2017-02-28T03:00:00+08:00,84.0,82.0,7.8,15.6,0.74,1011.7,-99.0,0.0,-9.9,-99,-999,新北市,06,鶯歌區,054
24.9530,121.3373,鶯歌,C0AD50,2017-02-28T04:00:00+08:00,84.0,82.0,6.3,15.1,0.81,1011.6,-99.0,0.0,-9.9,-99,-999,新北市,06,鶯歌區,054
24.9530,121.3373,鶯歌,C0AD50,2017-02-28T05:00:00+08:00,84.0,89.0,5.5,14.1,0.92,1011.8,-99.0,0.0,-9.9,-99,-999,新北市,06,鶯歌區,054
24.9530,121.3373,鶯歌,C0AD50,2017-02-28T06:00:00+08:00,84.0,84.0,6.0,14.1,0.93,1012.2,-99.0,0.0,-9.9,-99,-999,新北市,06,鶯歌區,054
24.9530,121.3373,鶯歌,C0AD50,2017-02-28T07:00:00+08:00,84.0,87.0,6.7,13.8,0.95,1012.8,-99.0,0.0,-9.9,-99,-999,新北市,06,鶯歌區,054
24.9530,121.3373,鶯歌,C0AD50,2017-02-28T08:00:00+08:00,84.0,81.0,5.8,13.6,0.97,1013.3,-99.0,0.0,-9.9,-99,-999,新北市,06,鶯歌區,054
24.9530,121.3373,鶯歌,C0AD50,2017-02-28T09:00:00+08:00,84.0,84.0,5.4,13.7,0.96,1013.5,-99.0,0.0,-9.9,-99,-999,新北市,06,鶯歌區,054
24.9530,121.3373,鶯歌,C0AD50,2017-02-28T10:00:00+08:00,84.0,82.0,5.3,13.8,0.95,1012.9,-99.0,0.0,-9.9,-99,-999,新北市,06,鶯歌區,054
24.9530,121.3373,鶯歌,C0AD50,2017-02-28T11:00:00+08:00,84.0,81.0,6.7,14.1,0.87,1012.8,-99.0,0.0,-9.9,-99,-999,新北市,06,鶯歌區,054
24.9530,121.3373,鶯歌,C0AD50,2017-02-28T12:00:00+08:00,84.0,83.0,6.1,14.2,0.85,1012.1,-99.0,0.0,-9.9,-99,-999,新北市,06,鶯歌區,054
24.9530,121.3373,鶯歌,C0AD50,2017-02-28T13:00:00+08:00,84.0,85.0,4.3,14.2,0.86,1011.5,-99.0,0.0,-9.9,-99,-999,新北市,06,鶯歌區,054
24.9530,121.3373,鶯歌,C0AD50,2017-02-28T14:00:00+08:00,84.0,79.0,4.8,13.7,0.91,1010.8,-99.0,0.0,-9.9,-99,-999,新北市,06,鶯歌區,054
24.9530,121.3373,鶯歌,C0AD50,2017-02-28T15:00:00+08:00,84.0,95.0,3.9,13.6,0.95,1009.5,-99.0,0.0,-9.9,-99,-999,新北市,06,鶯歌區,054
24.9530,121.3373,鶯歌,C0AD50,2017-02-28T16:00:00+08:00,84.0,46.0,3.3,13.9,0.90,1009.1,-99.0,0.0,-9.9,-99,-999,新北市,06,鶯歌區,054
24.9530,121.3373,鶯歌,C0AD50,2017-02-28T17:00:00+08:00,84.0,81.0,4.2,13.8,0.88,1008.7,-99.0,0.0,-9.9,-99,-999,新北市,06,鶯歌區,054
24.9530,121.3373,鶯歌,C0AD50,2017-02-28T18:00:00+08:00,84.0,85.0,5.0,14.1,0.86,1009.0,-99.0,0.0,-9.9,-99,-999,新北市,06,鶯歌區,054
24.9530,121.3373,鶯歌,C0AD50,2017-02-28T19:00:00+08:00,84.0,87.0,4.8,14.5,0.81,1009.4,-99.0,0.0,-9.9,-99,-999,新北市,06,鶯歌區,054
24.9530,121.3373,鶯歌,C0AD50,2017-02-28T20:00:00+08:00,84.0,85.0,4.4,14.6,0.84,1009.3,-99.0,0.0,-9.9,-99,-999,新北市,06,鶯歌區,054
24.9530,121.3373,鶯歌,C0AD50,2017-02-28T21:00:00+08:00,84.0,84.0,3.6,14.5,0.86,1009.5,-99.0,0.0,-9.9,-99,-999,新北市,06,鶯歌區,054
24.9530,121.3373,鶯歌,C0AD50,2017-02-28T22:00:00+08:00,84.0,79.0,3.4,14.6,0.87,1009.5,-99.0,0.0,-9.9,-99,-999,新北市,06,鶯歌區,054
24.9530,121.3373,鶯歌,C0AD50,2017-02-28T23:00:00+08:00,84.0,78.0,2.8,14.4,0.91,1009.6,-99.0,0.0,-9.9,-99,-999,新北市,06,鶯歌區,054
