24.9695,121.1771,中壢,C0C520,2017-02-01T07:00:00+08:00,151.0,48.0,3.3,15.3,0.93,1007.1,-99.0,0.0,-9.9,-99,-999,桃園市,08,中壢區,043
24.9695,121.1771,中壢,C0C520,2017-02-01T05:00:00+08:00,151.0,43.0,3.4,16.6,0.84,1006.5,-99.0,0.0,-9.9,-99,-999,桃園市,08,中壢區,043
24.9695,121.1771,中壢,C0C520,2017-02-01T02:00:00+08:00,151.0,60.0,2.5,17.0,0.81,1005.6,-99.0,0.0,-9.9,-99,-999,桃園市,08,中壢區,043
24.9695,121.1771,中壢,C0C520,2017-02-01T11:00:00+08:00,151.0,52.0,3.5,16.7,0.81,1008.3,-99.0,0.0,-9.9,-99,-999,桃園市,08,中壢區,043
24.9695,121.1771,中壢,C0C520,2017-02-02T10:00:00+08:00,151.0,64.0,4.9,16.1,0.69,1010.8,-99.0,0.0,-9.9,-99,-999,桃園市,08,中壢區,043
24.9695,121.1771,中壢,C0C520,2017-02-02T09:00:00+08:00,151.0,59.0,2.9,14.6,0.79,1011.3,-99.0,0.0,-9.9,-99,-999,桃園市,08,中壢區,043
24.9695,121.1771,中壢,C0C520,2017-02-02T08:00:00+08:00,151.0,48.0,4.2,14.0,0.81,1011.0,-99.0,0.0,-9.9,-99,-999,桃園市,08,中壢區,043
24.9695,121.1771,中壢,C0C520,2017-02-02T11:00:00+08:00,151.0,61.0,5.1,16.4,0.67,1010.0,-99.0,0.0,-9.9,-99,-999,桃園市,08,中壢區,043
24.9695,121.1771,中壢,C0C520,2017-02-02T14:00:00+08:00,151.0,55.0,3.8,15.9,0.69,1007.9,-99.0,0.0,-9.9,-99,-999,桃園市,08,中壢區,043
24.9695,121.1771,中壢,C0C520,2017-02-02T15:00:00+08:00,151.0,72.0,5.3,15.7,0.68,1007.7,-99.0,0.0,-9.9,-99,-999,桃園市,08,中壢區,043
24.9695,121.1771,中壢,C0C520,2017-02-02T16:00:00+08:00,151.0,65.0,4.5,15.5,0.69,1007.7,-99.0,0.0,-9.9,-99,-999,桃園市,08,中壢區,043
24.9695,121.1771,中壢,C0C520,2017-02-02T17:00:00+08:00,151.0,66.0,5.4,15.3,0.71,1007.9,-99.0,0.0,-9.9,-99,-999,桃園市,08,中壢區,043
24.9695,121.1771,中壢,C0C520,2017-02-02T18:00:00+08:00,151.0,63.0,4.3,14.8,0.74,1008.3,-99.0,0.0,-9.9,-99,-999,桃園市,08,中壢區,043
24.9695,121.1771,中壢,C0C520,2017-02-02T19:00:00+08:00,151.0,68.0,4.3,14.4,0.77,1008.4,-99.0,0.0,-9.9,-99,-999,桃園市,08,中壢區,043
24.9695,121.1771,中壢,C0C520,2017-02-02T20:00:00+08:00,151.0,65.0,4.7,14.4,0.77,1008.3,-99.0,0.0,-9.9,-99,-999,桃園市,08,中壢區,043
24.9695,121.1771,中壢,C0C520,2017-02-02T21:00:00+08:00,151.0,66.0,4.4,14.3,0.78,1008.0,-99.0,0.0,-9.9,-99,-999,桃園市,08,中壢區,043
24.9695,121.1771,中壢,C0C520,2017-02-02T22:00:00+08:00,151.0,66.0,4.8,14.4,0.76,1007.7,-99.0,0.0,-9.9,-99,-999,桃園市,08,中壢區,043
24.9695,121.1771,中壢,C0C520,2017-02-02T23:00:00+08:00,151.0,65.0,4.4,14.5,0.75,1007.1,-99.0,0.0,-9.9,-99,-999,桃園市,08,中壢區,043
24.9695,121.1771,中壢,C0C520,2017-02-03T00:00:00+08:00,151.0,65.0,4.2,14.8,0.75,1007.0,-99.0,0.0,-9.9,-99,-999,桃園市,08,中壢區,043
24.9695,121.1771,中壢,C0C520,2017-02-03T01:00:00+08:00,151.0,66.0,3.9,14.9,0.76,1006.4,-99.0,0.0,-9.9,-99,-999,桃園市,08,中壢區,043
24.9695,121.1771,中壢,C0C520,2017-02-03T02:00:00+08:00,151.0,67.0,2.9,15.3,0.76,1006.2,-99.0,0.0,-9.9,-99,-999,桃園市,08,中壢區,043
24.9695,121.1771,中壢,C0C520,2017-02-03T03:00:00+08:00,151.0,65.0,2.5,15.5,0.77,1005.9,-99.0,0.0,-9.9,-99,-999,桃園市,08,中壢區,043
24.9695,121.1771,中壢,C0C520,2017-02-03T04:00:00+08:00,151.0,73.0,2.7,15.9,0.76,1005.9,-99.0,0.0,-9.9,-99,-999,桃園市,08,中壢區,043
24.9695,121.1771,中壢,C0C520,2017-02-03T05:00:00+08:00,151.0,77.0,2.6,16.1,0.77,1006.1,-99.0,0.0,-9.9,-99,-999,桃園市,08,中壢區,043
24.9695,121.1771,中壢,C0C520,2017-02-03T06:00:00+08:00,151.0,75.0,1.7,16.3,0.78,1006.3,-99.0,0.0,-9.9,-99,-999,桃園市,08,中壢區,043
24.9695,121.1771,中壢,C0C520,2017-02-03T07:00:00+08:00,151.0,40.0,1.0,16.2,0.79,1006.5,-99.0,0.0,-9.9,-99,-999,桃園市,08,中壢區,043
24.9695,121.1771,中壢,C0C520,2017-02-03T08:00:00+08:00,151.0,25.0,0.8,16.3,0.82,1006.7,-99.0,0.0,-9.9,-99,-999,桃園市,08,中壢區,043
24.9695,121.1771,中壢,C0C520,2017-02-03T10:00:00+08:00,151.0,77.0,3.2,19.9,0.68,1006.6,-99.0,0.0,-9.9,-99,-999,桃園市,08,中壢區,043
24.9695,121.1771,中壢,C0C520,2017-02-03T11:00:00+08:00,151.0,77.0,3.0,20.9,0.64,1005.5,-99.0,0.0,-9.9,-99,-999,桃園市,08,中壢區,043
24.9695,121.1771,中壢,C0C520,2017-02-03T12:00:00+08:00,151.0,64.0,2.8,22.2,0.61,1004.2,-99.0,0.0,-9.9,-99,-999,桃園市,08,中壢區,043
24.9695,121.1771,中壢,C0C520,2017-02-03T13:00:00+08:00,151.0,76.0,2.4,23.2,0.58,1003.1,-99.0,0.0,-9.9,-99,-999,桃園市,08,中壢區,043
24.9695,121.1771,中壢,C0C520,2017-02-03T14:00:00+08:00,151.0,34.0,2.2,23.2,0.61,1002.2,-99.0,0.0,-9.9,-99,-999,桃園市,08,中壢區,043
24.9695,121.1771,中壢,C0C520,2017-02-03T15:00:00+08:00,151.0,41.0,2.5,23.8,0.55,1001.5,-99.0,0.0,-9.9,-99,-999,桃園市,08,中壢區,043
24.9695,121.1771,中壢,C0C520,2017-02-03T16:00:00+08:00,151.0,70.0,2.1,22.6,0.57,1001.8,-99.0,0.0,-9.9,-99,-999,桃園市,08,中壢區,043
24.9695,121.1771,中壢,C0C520,2017-02-03T17:00:00+08:00,151.0,20.0,2.6,19.9,0.75,1002.2,-99.0,0.0,-9.9,-99,-999,桃園市,08,中壢區,043
24.9695,121.1771,中壢,C0C520,2017-02-03T18:00:00+08:00,151.0,360.0,0.9,19.1,0.79,1002.5,-99.0,0.0,-9.9,-99,-999,桃園市,08,中壢區,043
24.9695,121.1771,中壢,C0C520,2017-02-03T19:00:00+08:00,151.0,44.0,0.5,19.8,0.71,1002.9,-99.0,0.0,-9.9,-99,-999,桃園市,08,中壢區,043
24.9695,121.1771,中壢,C0C520,2017-02-03T20:00:00+08:00,151.0,97.0,0.3,19.6,0.70,1003.3,-99.0,0.0,-9.9,-99,-999,桃園市,08,中壢區,043
24.9695,121.1771,中壢,C0C520,2017-02-03T21:00:00+08:00,151.0,230.0,1.8,18.4,0.84,1003.7,-99.0,0.0,-9.9,-99,-999,桃園市,08,中壢區,043
24.9695,121.1771,中壢,C0C520,2017-02-03T22:00:00+08:00,151.0,228.0,1.2,17.8,0.87,1004.0,-99.0,0.0,-9.9,-99,-999,桃園市,08,中壢區,043
24.9695,121.1771,中壢,C0C520,2017-02-03T23:00:00+08:00,151.0,0.0,0.0,17.6,0.88,1003.6,-99.0,0.0,-9.9,-99,-999,桃園市,08,中壢區,043
24.9695,121.1771,中壢,C0C520,2017-02-04T00:00:00+08:00,151.0,198.0,0.9,17.3,0.89,1003.9,-99.0,0.0,-9.9,-99,-999,桃園市,08,中壢區,043
24.9695,121.1771,中壢,C0C520,2017-02-04T01:00:00+08:00,151.0,205.0,1.1,17.0,0.90,1003.1,-99.0,0.0,-9.9,-99,-999,桃園市,08,中壢區,043
24.9695,121.1771,中壢,C0C520,2017-02-04T02:00:00+08:00,151.0,158.0,0.3,16.8,0.91,1002.5,-99.0,0.0,-9.9,-99,-999,桃園市,08,中壢區,043
24.9695,121.1771,中壢,C0C520,2017-02-04T03:00:00+08:00,151.0,190.0,0.4,16.4,0.91,1002.1,-99.0,0.0,-9.9,-99,-999,桃園市,08,中壢區,043
24.9695,121.1771,中壢,C0C520,2017-02-04T04:00:00+08:00,151.0,181.0,1.0,16.6,0.90,1001.9,-99.0,0.0,-9.9,-99,-999,桃園市,08,中壢區,043
24.9695,121.1771,中壢,C0C520,2017-02-04T05:00:00+08:00,151.0,174.0,0.7,16.7,0.89,1001.7,-99.0,0.0,-9.9,-99,-999,桃園市,08,中壢區,043
24.9695,121.1771,中壢,C0C520,2017-02-04T06:00:00+08:00,151.0,197.0,0.7,16.5,0.89,1002.4,-99.0,0.0,-9.9,-99,-999,桃園市,08,中壢區,043
24.9695,121.1771,中壢,C0C520,2017-02-04T07:00:00+08:00,151.0,204.0,1.1,16.7,0.90,1002.6,-99.0,0.0,-9.9,-99,-999,桃園市,08,中壢區,043
24.9695,121.1771,中壢,C0C520,2017-02-04T08:00:00+08:00,151.0,209.0,1.3,17.2,0.89,1002.9,-99.0,0.0,-9.9,-99,-999,桃園市,08,中壢區,043
24.9695,121.1771,中壢,C0C520,2017-02-04T10:00:00+08:00,151.0,217.0,2.0,19.1,0.80,1003.0,-99.0,0.0,-9.9,-99,-999,桃園市,08,中壢區,043
24.9695,121.1771,中壢,C0C520,2017-02-04T11:00:00+08:00,151.0,255.0,1.5,20.0,0.77,1002.1,-99.0,0.0,-9.9,-99,-999,桃園市,08,中壢區,043
24.9695,121.1771,中壢,C0C520,2017-02-04T12:00:00+08:00,151.0,292.0,2.3,20.4,0.76,1001.2,-99.0,0.0,-9.9,-99,-999,桃園市,08,中壢區,043
24.9695,121.1771,中壢,C0C520,2017-02-04T13:00:00+08:00,151.0,273.0,1.4,21.3,0.73,999.9,-99.0,0.0,-9.9,-99,-999,桃園市,08,中壢區,043
24.9695,121.1771,中壢,C0C520,2017-02-04T14:00:00+08:00,151.0,304.0,2.2,21.1,0.74,999.0,-99.0,0.0,-9.9,-99,-999,桃園市,08,中壢區,043
24.9695,121.1771,中壢,C0C520,2017-02-04T15:00:00+08:00,151.0,286.0,1.5,19.5,0.80,998.7,-99.0,0.0,-9.9,-99,-999,桃園市,08,中壢區,043
24.9695,121.1771,中壢,C0C520,2017-02-04T16:00:00+08:00,151.0,322.0,1.5,19.0,0.79,998.6,-99.0,0.0,-9.9,-99,-999,桃園市,08,中壢區,043
24.9695,121.1771,中壢,C0C520,2017-02-04T17:00:00+08:00,151.0,332.0,1.5,18.4,0.82,998.7,-99.0,0.0,-9.9,-99,-999,桃園市,08,中壢區,043
24.9695,121.1771,中壢,C0C520,2017-02-04T18:00:00+08:00,151.0,343.0,1.9,16.9,0.91,999.3,-99.0,0.0,-9.9,-99,-999,桃園市,08,中壢區,043
24.9695,121.1771,中壢,C0C520,2017-02-04T19:00:00+08:00,151.0,275.0,1.2,16.7,0.91,1000.3,-99.0,0.0,-9.9,-99,-999,桃園市,08,中壢區,043
24.9695,121.1771,中壢,C0C520,2017-02-04T20:00:00+08:00,151.0,1.0,0.5,16.6,0.91,1000.1,-99.0,0.0,-9.9,-99,-999,桃園市,08,中壢區,043
24.9695,121.1771,中壢,C0C520,2017-02-04T21:00:00+08:00,151.0,0.0,0.0,16.2,0.93,1000.4,-99.0,0.0,-9.9,-99,-999,桃園市,08,中壢區,043
24.9695,121.1771,中壢,C0C520,2017-02-04T22:00:00+08:00,151.0,6.0,0.5,16.1,0.94,1000.1,-99.0,0.0,-9.9,-99,-999,桃園市,08,中壢區,043
24.9695,121.1771,中壢,C0C520,2017-02-04T23:00:00+08:00,151.0,0.0,0.0,16.0,0.94,999.9,-99.0,0.0,-9.9,-99,-999,桃園市,08,中壢區,043
24.9695,121.1771,中壢,C0C520,2017-02-05T00:00:00+08:00,151.0,0.0,0.0,15.6,0.95,999.7,-99.0,0.0,-9.9,-99,-999,桃園市,08,中壢區,043
24.9695,121.1771,中壢,C0C520,2017-02-05T01:00:00+08:00,151.0,0.0,0.0,15.3,0.96,999.9,-99.0,0.0,-9.9,-99,-999,桃園市,08,中壢區,043
24.9695,121.1771,中壢,C0C520,2017-02-05T02:00:00+08:00,151.0,292.0,0.6,15.9,0.96,999.6,-99.0,0.0,-9.9,-99,-999,桃園市,08,中壢區,043
24.9695,121.1771,中壢,C0C520,2017-02-05T03:00:00+08:00,151.0,230.0,0.4,16.1,0.96,999.0,-99.0,0.0,-9.9,-99,-999,桃園市,08,中壢區,043
24.9695,121.1771,中壢,C0C520,2017-02-05T04:00:00+08:00,151.0,315.0,0.3,16.1,0.95,998.8,-99.0,0.0,-9.9,-99,-999,桃園市,08,中壢區,043
24.9695,121.1771,中壢,C0C520,2017-02-05T05:00:00+08:00,151.0,328.0,0.9,16.1,0.95,999.6,-99.0,0.0,-9.9,-99,-999,桃園市,08,中壢區,043
24.9695,121.1771,中壢,C0C520,2017-02-05T06:00:00+08:00,151.0,356.0,1.0,16.0,0.95,1000.2,-99.0,0.0,-9.9,-99,-999,桃園市,08,中壢區,043
24.9695,121.1771,中壢,C0C520,2017-02-05T07:00:00+08:00,151.0,7.0,0.9,15.9,0.96,1000.4,-99.0,0.0,-9.9,-99,-999,桃園市,08,中壢區,043
24.9695,121.1771,中壢,C0C520,2017-02-05T08:00:00+08:00,151.0,360.0,1.3,16.4,0.94,1001.2,-99.0,0.0,-9.9,-99,-999,桃園市,08,中壢區,043
24.9695,121.1771,中壢,C0C520,2017-02-05T10:00:00+08:00,151.0,141.0,1.7,18.2,0.78,1001.1,-99.0,0.0,-9.9,-99,-999,桃園市,08,中壢區,043
24.9695,121.1771,中壢,C0C520,2017-02-05T11:00:00+08:00,151.0,41.0,1.1,19.2,0.77,1001.0,-99.0,0.0,-9.9,-99,-999,桃園市,08,中壢區,043
24.9695,121.1771,中壢,C0C520,2017-02-05T12:00:00+08:00,151.0,45.0,2.1,20.7,0.68,999.9,-99.0,0.0,-9.9,-99,-999,桃園市,08,中壢區,043
24.9695,121.1771,中壢,C0C520,2017-02-05T13:00:00+08:00,151.0,32.0,3.8,20.0,0.74,999.4,-99.0,0.0,-9.9,-99,-999,桃園市,08,中壢區,043
24.9695,121.1771,中壢,C0C520,2017-02-05T14:00:00+08:00,151.0,32.0,3.5,19.5,0.79,998.8,-99.0,0.0,-9.9,-99,-999,桃園市,08,中壢區,043
24.9695,121.1771,中壢,C0C520,2017-02-05T15:00:00+08:00,151.0,33.0,3.9,18.1,0.90,999.0,-99.0,0.0,-9.9,-99,-999,桃園市,08,中壢區,043
24.9695,121.1771,中壢,C0C520,2017-02-05T16:00:00+08:00,151.0,45.0,3.8,17.5,0.92,998.8,-99.0,0.0,-9.9,-99,-999,桃園市,08,中壢區,043
24.9695,121.1771,中壢,C0C520,2017-02-05T17:00:00+08:00,151.0,39.0,3.9,17.1,0.91,999.6,-99.0,0.0,-9.9,-99,-999,桃園市,08,中壢區,043
24.9695,121.1771,中壢,C0C520,2017-02-05T18:00:00+08:00,151.0,49.0,4.8,16.4,0.91,999.9,-99.0,0.0,-9.9,-99,-999,桃園市,08,中壢區,043
24.9695,121.1771,中壢,C0C520,2017-02-05T19:00:00+08:00,151.0,50.0,3.7,16.1,0.93,1001.1,-99.0,0.0,-9.9,-99,-999,桃園市,08,中壢區,043
24.9695,121.1771,中壢,C0C520,2017-02-05T20:00:00+08:00,151.0,48.0,3.5,16.3,0.90,1001.4,-99.0,0.0,-9.9,-99,-999,桃園市,08,中壢區,043
24.9695,121.1771,中壢,C0C520,2017-02-05T21:00:00+08:00,151.0,43.0,2.8,16.9,0.85,1001.6,-99.0,0.0,-9.9,-99,-999,桃園市,08,中壢區,043
24.9695,121.1771,中壢,C0C520,2017-02-05T22:00:00+08:00,151.0,47.0,3.0,16.9,0.84,1001.7,-99.0,0.0,-9.9,-99,-999,桃園市,08,中壢區,043
24.9695,121.1771,中壢,C0C520,2017-02-05T23:00:00+08:00,151.0,53.0,3.5,16.5,0.82,1001.7,-99.0,0.0,-9.9,-99,-999,桃園市,08,中壢區,043
24.9695,121.1771,中壢,C0C520,2017-02-06T00:00:00+08:00,151.0,56.0,3.1,16.3,0.82,1001.1,-99.0,0.0,-9.9,-99,-999,桃園市,08,中壢區,043
24.9695,121.1771,中壢,C0C520,2017-02-06T01:00:00+08:00,151.0,65.0,4.1,16.6,0.79,1001.0,-99.0,0.0,-9.9,-99,-999,桃園市,08,中壢區,043
24.9695,121.1771,中壢,C0C520,2017-02-06T02:00:00+08:00,151.0,60.0,3.3,16.3,0.79,1000.4,-99.0,0.0,-9.9,-99,-999,桃園市,08,中壢區,043
24.9695,121.1771,中壢,C0C520,2017-02-06T03:00:00+08:00,151.0,49.0,3.3,16.0,0.81,1000.1,-99.0,0.0,-9.9,-99,-999,桃園市,08,中壢區,043
24.9695,121.1771,中壢,C0C520,2017-02-06T04:00:00+08:00,151.0,50.0,3.0,15.9,0.80,1000.1,-99.0,0.0,-9.9,-99,-999,桃園市,08,中壢區,043
24.9695,121.1771,中壢,C0C520,2017-02-06T05:00:00+08:00,151.0,62.0,3.3,16.3,0.75,1000.6,-99.0,0.0,-9.9,-99,-999,桃園市,08,中壢區,043
24.9695,121.1771,中壢,C0C520,2017-02-06T06:00:00+08:00,151.0,48.0,2.3,16.0,0.76,1001.4,-99.0,0.0,-9.9,-99,-999,桃園市,08,中壢區,043
24.9695,121.1771,中壢,C0C520,2017-02-06T07:00:00+08:00,151.0,52.0,3.6,16.2,0.71,1002.2,-99.0,0.0,-9.9,-99,-999,桃園市,08,中壢區,043
24.9695,121.1771,中壢,C0C520,2017-02-06T08:00:00+08:00,151.0,56.0,4.2,16.9,0.66,1003.3,-99.0,0.0,-9.9,-99,-999,桃園市,08,中壢區,043
24.9695,121.1771,中壢,C0C520,2017-02-06T10:00:00+08:00,151.0,59.0,5.7,18.2,0.61,1004.2,-99.0,0.0,-9.9,-99,-999,桃園市,08,中壢區,043
24.9695,121.1771,中壢,C0C520,2017-02-06T11:00:00+08:00,151.0,66.0,6.5,18.2,0.60,1003.9,-99.0,0.0,-9.9,-99,-999,桃園市,08,中壢區,043
24.9695,121.1771,中壢,C0C520,2017-02-06T12:00:00+08:00,151.0,62.0,6.5,18.6,0.59,1003.0,-99.0,0.0,-9.9,-99,-999,桃園市,08,中壢區,043
24.9695,121.1771,中壢,C0C520,2017-02-06T13:00:00+08:00,151.0,61.0,4.9,19.5,0.54,1002.2,-99.0,0.0,-9.9,-99,-999,桃園市,08,中壢區,043
24.9695,121.1771,中壢,C0C520,2017-02-06T14:00:00+08:00,151.0,70.0,5.9,19.2,0.56,1001.9,-99.0,0.0,-9.9,-99,-999,桃園市,08,中壢區,043
24.9695,121.1771,中壢,C0C520,2017-02-06T15:00:00+08:00,151.0,53.0,5.3,18.6,0.58,1001.9,-99.0,0.0,-9.9,-99,-999,桃園市,08,中壢區,043
24.9695,121.1771,中壢,C0C520,2017-02-06T16:00:00+08:00,151.0,70.0,6.4,17.8,0.59,1002.2,-99.0,0.0,-9.9,-99,-999,桃園市,08,中壢區,043
24.9695,121.1771,中壢,C0C520,2017-02-06T17:00:00+08:00,151.0,65.0,6.0,16.9,0.62,1002.4,-99.0,0.0,-9.9,-99,-999,桃園市,08,中壢區,043
24.9695,121.1771,中壢,C0C520,2017-02-06T18:00:00+08:00,151.0,65.0,5.5,16.1,0.66,1002.9,-99.0,0.0,-9.9,-99,-999,桃園市,08,中壢區,043
24.9695,121.1771,中壢,C0C520,2017-02-06T19:00:00+08:00,151.0,58.0,4.9,15.7,0.66,1003.3,-99.0,0.0,-9.9,-99,-999,桃園市,08,中壢區,043
24.9695,121.1771,中壢,C0C520,2017-02-06T20:00:00+08:00,151.0,60.0,5.5,15.5,0.65,1003.6,-99.0,0.0,-9.9,-99,-999,桃園市,08,中壢區,043
24.9695,121.1771,中壢,C0C520,2017-02-06T21:00:00+08:00,151.0,67.0,5.8,15.5,0.64,1003.4,-99.0,0.0,-9.9,-99,-999,桃園市,08,中壢區,043
24.9695,121.1771,中壢,C0C520,2017-02-06T22:00:00+08:00,151.0,68.0,5.1,15.4,0.64,1002.9,-99.0,0.0,-9.9,-99,-999,桃園市,08,中壢區,043
24.9695,121.1771,中壢,C0C520,2017-02-06T23:00:00+08:00,151.0,59.0,5.8,15.4,0.64,1003.1,-99.0,0.0,-9.9,-99,-999,桃園市,08,中壢區,043
24.9695,121.1771,中壢,C0C520,2017-02-07T00:00:00+08:00,151.0,64.0,6.4,15.5,0.66,1003.3,-99.0,0.0,-9.9,-99,-999,桃園市,08,中壢區,043
24.9695,121.1771,中壢,C0C520,2017-02-07T01:00:00+08:00,151.0,57.0,5.1,15.7,0.61,1003.6,-99.0,0.0,-9.9,-99,-999,桃園市,08,中壢區,043
24.9695,121.1771,中壢,C0C520,2017-02-07T02:00:00+08:00,151.0,64.0,5.0,15.5,0.65,1003.7,-99.0,0.0,-9.9,-99,-999,桃園市,08,中壢區,043
24.9695,121.1771,中壢,C0C520,2017-02-07T03:00:00+08:00,151.0,63.0,4.4,15.3,0.68,1003.3,-99.0,0.0,-9.9,-99,-999,桃園市,08,中壢區,043
24.9695,121.1771,中壢,C0C520,2017-02-07T04:00:00+08:00,151.0,53.0,4.5,15.1,0.69,1003.4,-99.0,0.0,-9.9,-99,-999,桃園市,08,中壢區,043
24.9695,121.1771,中壢,C0C520,2017-02-07T05:00:00+08:00,151.0,57.0,3.6,15.2,0.66,1003.3,-99.0,0.0,-9.9,-99,-999,桃園市,08,中壢區,043
24.9695,121.1771,中壢,C0C520,2017-02-07T06:00:00+08:00,151.0,68.0,4.5,15.2,0.66,1003.5,-99.0,0.0,-9.9,-99,-999,桃園市,08,中壢區,043
24.9695,121.1771,中壢,C0C520,2017-02-07T07:00:00+08:00,151.0,56.0,3.3,15.1,0.66,1003.6,-99.0,0.0,-9.9,-99,-999,桃園市,08,中壢區,043
24.9695,121.1771,中壢,C0C520,2017-02-07T08:00:00+08:00,151.0,55.0,3.6,16.2,0.62,1004.2,-99.0,0.0,-9.9,-99,-999,桃園市,08,中壢區,043
24.9695,121.1771,中壢,C0C520,2017-02-07T10:00:00+08:00,151.0,63.0,4.0,18.2,0.57,1004.6,-99.0,0.0,-9.9,-99,-999,桃園市,08,中壢區,043
24.9695,121.1771,中壢,C0C520,2017-02-07T11:00:00+08:00,151.0,56.0,3.9,18.8,0.57,1004.2,-99.0,0.0,-9.9,-99,-999,桃園市,08,中壢區,043
24.9695,121.1771,中壢,C0C520,2017-02-07T12:00:00+08:00,151.0,71.0,4.8,18.6,0.57,1003.4,-99.0,0.0,-9.9,-99,-999,桃園市,08,中壢區,043
24.9695,121.1771,中壢,C0C520,2017-02-07T13:00:00+08:00,151.0,62.0,4.6,18.7,0.58,1002.4,-99.0,0.0,-9.9,-99,-999,桃園市,08,中壢區,043
24.9695,121.1771,中壢,C0C520,2017-02-07T14:00:00+08:00,151.0,65.0,4.2,19.7,0.55,1001.7,-99.0,0.0,-9.9,-99,-999,桃園市,08,中壢區,043
24.9695,121.1771,中壢,C0C520,2017-02-07T15:00:00+08:00,151.0,61.0,4.2,19.2,0.58,1001.4,-99.0,0.0,-9.9,-99,-999,桃園市,08,中壢區,043
24.9695,121.1771,中壢,C0C520,2017-02-07T16:00:00+08:00,151.0,65.0,3.8,18.7,0.60,1001.6,-99.0,0.0,-9.9,-99,-999,桃園市,08,中壢區,043
24.9695,121.1771,中壢,C0C520,2017-02-07T17:00:00+08:00,151.0,65.0,2.6,17.8,0.64,1001.6,-99.0,0.0,-9.9,-99,-999,桃園市,08,中壢區,043
24.9695,121.1771,中壢,C0C520,2017-02-07T18:00:00+08:00,151.0,68.0,3.6,16.7,0.68,1001.4,-99.0,0.0,-9.9,-99,-999,桃園市,08,中壢區,043
24.9695,121.1771,中壢,C0C520,2017-02-07T19:00:00+08:00,151.0,74.0,4.2,16.5,0.70,1001.6,-99.0,0.0,-9.9,-99,-999,桃園市,08,中壢區,043
24.9695,121.1771,中壢,C0C520,2017-02-07T20:00:00+08:00,151.0,80.0,3.5,16.3,0.72,1001.4,-99.0,0.0,-9.9,-99,-999,桃園市,08,中壢區,043
24.9695,121.1771,中壢,C0C520,2017-02-07T21:00:00+08:00,151.0,76.0,2.4,16.3,0.74,1001.2,-99.0,0.0,-9.9,-99,-999,桃園市,08,中壢區,043
24.9695,121.1771,中壢,C0C520,2017-02-07T22:00:00+08:00,151.0,47.0,1.6,15.9,0.77,1001.6,-99.0,0.0,-9.9,-99,-999,桃園市,08,中壢區,043
24.9695,121.1771,中壢,C0C520,2017-02-07T23:00:00+08:00,151.0,1.0,0.8,15.1,0.81,1001.5,-99.0,0.0,-9.9,-99,-999,桃園市,08,中壢區,043
24.9695,121.1771,中壢,C0C520,2017-02-08T00:00:00+08:00,151.0,52.0,1.6,15.9,0.79,1001.3,-99.0,0.0,-9.9,-99,-999,桃園市,08,中壢區,043
24.9695,121.1771,中壢,C0C520,2017-02-08T01:00:00+08:00,151.0,70.0,1.8,16.4,0.78,1000.9,-99.0,0.0,-9.9,-99,-999,桃園市,08,中壢區,043
24.9695,121.1771,中壢,C0C520,2017-02-08T02:00:00+08:00,151.0,20.0,0.6,16.3,0.78,1000.5,-99.0,0.0,-9.9,-99,-999,桃園市,08,中壢區,043
24.9695,121.1771,中壢,C0C520,2017-02-08T03:00:00+08:00,151.0,213.0,0.3,14.1,0.87,1000.3,-99.0,0.0,-9.9,-99,-999,桃園市,08,中壢區,043
24.9695,121.1771,中壢,C0C520,2017-02-08T04:00:00+08:00,151.0,202.0,0.4,14.2,0.89,1000.4,-99.0,0.0,-9.9,-99,-999,桃園市,08,中壢區,043
24.9695,121.1771,中壢,C0C520,2017-02-08T05:00:00+08:00,151.0,238.0,0.4,14.7,0.88,1000.7,-99.0,0.0,-9.9,-99,-999,桃園市,08,中壢區,043
24.9695,121.1771,中壢,C0C520,2017-02-08T06:00:00+08:00,151.0,1.0,1.4,15.0,0.92,1001.0,-99.0,0.0,-9.9,-99,-999,桃園市,08,中壢區,043
24.9695,121.1771,中壢,C0C520,2017-02-08T07:00:00+08:00,151.0,0.0,0.2,15.3,0.92,1001.6,-99.0,0.0,-9.9,-99,-999,桃園市,08,中壢區,043
24.9695,121.1771,中壢,C0C520,2017-02-08T08:00:00+08:00,151.0,14.0,2.4,15.8,0.89,1002.1,-99.0,0.0,-9.9,-99,-999,桃園市,08,中壢區,043
24.9695,121.1771,中壢,C0C520,2017-02-08T10:00:00+08:00,151.0,345.0,2.8,16.4,0.86,1002.4,-99.0,0.0,-9.9,-99,-999,桃園市,08,中壢區,043
24.9695,121.1771,中壢,C0C520,2017-02-08T11:00:00+08:00,151.0,42.0,1.6,17.0,0.86,1001.9,-99.0,0.0,-9.9,-99,-999,桃園市,08,中壢區,043
24.9695,121.1771,中壢,C0C520,2017-02-08T12:00:00+08:00,151.0,355.0,1.2,18.6,0.79,1001.8,-99.0,0.0,-9.9,-99,-999,桃園市,08,中壢區,043
24.9695,121.1771,中壢,C0C520,2017-02-08T13:00:00+08:00,151.0,343.0,4.0,16.2,0.85,1001.3,-99.0,0.0,-9.9,-99,-999,桃園市,08,中壢區,043
24.9695,121.1771,中壢,C0C520,2017-02-08T14:00:00+08:00,151.0,334.0,4.1,15.6,0.85,1001.2,-99.0,0.0,-9.9,-99,-999,桃園市,08,中壢區,043
24.9695,121.1771,中壢,C0C520,2017-02-08T15:00:00+08:00,151.0,330.0,3.0,15.4,0.85,1001.0,-99.0,0.0,-9.9,-99,-999,桃園市,08,中壢區,043
24.9695,121.1771,中壢,C0C520,2017-02-08T16:00:00+08:00,151.0,5.0,1.7,15.3,0.85,1001.0,-99.0,0.0,-9.9,-99,-999,桃園市,08,中壢區,043
24.9695,121.1771,中壢,C0C520,2017-02-08T17:00:00+08:00,151.0,18.0,1.2,15.2,0.87,1001.1,-99.0,0.0,-9.9,-99,-999,桃園市,08,中壢區,043
24.9695,121.1771,中壢,C0C520,2017-02-08T18:00:00+08:00,151.0,353.0,2.1,15.0,0.89,1001.2,-99.0,0.0,-9.9,-99,-999,桃園市,08,中壢區,043
24.9695,121.1771,中壢,C0C520,2017-02-08T19:00:00+08:00,151.0,16.0,1.3,14.7,0.92,1001.7,-99.0,0.0,-9.9,-99,-999,桃園市,08,中壢區,043
24.9695,121.1771,中壢,C0C520,2017-02-08T20:00:00+08:00,151.0,27.0,1.9,14.4,0.95,1002.3,-99.0,0.0,-9.9,-99,-999,桃園市,08,中壢區,043
24.9695,121.1771,中壢,C0C520,2017-02-08T21:00:00+08:00,151.0,20.0,2.5,14.3,0.95,1003.0,-99.0,0.0,-9.9,-99,-999,桃園市,08,中壢區,043
24.9695,121.1771,中壢,C0C520,2017-02-08T22:00:00+08:00,151.0,20.0,2.3,14.3,0.94,1003.8,-99.0,0.0,-9.9,-99,-999,桃園市,08,中壢區,043
24.9695,121.1771,中壢,C0C520,2017-02-08T23:00:00+08:00,151.0,18.0,3.7,13.2,0.96,1004.2,-99.0,1.5,-9.9,-99,-999,桃園市,08,中壢區,043
24.9695,121.1771,中壢,C0C520,2017-02-09T00:00:00+08:00,151.0,7.0,4.1,12.4,0.96,1004.9,-99.0,2.0,-9.9,-99,-999,桃園市,08,中壢區,043
24.9695,121.1771,中壢,C0C520,2017-02-09T01:00:00+08:00,151.0,24.0,4.0,11.7,0.97,1005.1,-99.0,2.0,-9.9,-99,-999,桃園市,08,中壢區,043
24.9695,121.1771,中壢,C0C520,2017-02-09T02:00:00+08:00,151.0,40.0,3.0,11.3,0.95,1004.8,-99.0,2.0,-9.9,-99,-999,桃園市,08,中壢區,043
24.9695,121.1771,中壢,C0C520,2017-02-09T03:00:00+08:00,151.0,29.0,3.6,10.6,0.94,1004.7,-99.0,2.5,-9.9,-99,-999,桃園市,08,中壢區,043
24.9695,121.1771,中壢,C0C520,2017-02-09T04:00:00+08:00,151.0,26.0,4.9,9.9,0.95,1005.5,-99.0,3.0,-9.9,-99,-999,桃園市,08,中壢區,043
24.9695,121.1771,中壢,C0C520,2017-02-09T05:00:00+08:00,151.0,31.0,3.2,9.5,0.96,1005.7,-99.0,3.0,-9.9,-99,-999,桃園市,08,中壢區,043
24.9695,121.1771,中壢,C0C520,2017-02-09T06:00:00+08:00,151.0,51.0,2.5,9.8,0.87,1005.9,-99.0,3.0,-9.9,-99,-999,桃園市,08,中壢區,043
24.9695,121.1771,中壢,C0C520,2017-02-09T07:00:00+08:00,151.0,49.0,3.4,10.2,0.80,1006.2,-99.0,3.0,-9.9,-99,-999,桃園市,08,中壢區,043
24.9695,121.1771,中壢,C0C520,2017-02-09T08:00:00+08:00,151.0,40.0,3.3,9.6,0.85,1006.8,-99.0,3.0,-9.9,-99,-999,桃園市,08,中壢區,043
24.9695,121.1771,中壢,C0C520,2017-02-09T10:00:00+08:00,151.0,26.0,3.1,10.4,0.73,1007.9,-99.0,3.0,-9.9,-99,-999,桃園市,08,中壢區,043
24.9695,121.1771,中壢,C0C520,2017-02-09T11:00:00+08:00,151.0,24.0,3.4,10.0,0.75,1007.7,-99.0,3.0,-9.9,-99,-999,桃園市,08,中壢區,043
24.9695,121.1771,中壢,C0C520,2017-02-09T12:00:00+08:00,151.0,35.0,3.4,10.0,0.71,1006.7,-99.0,3.0,-9.9,-99,-999,桃園市,08,中壢區,043
24.9695,121.1771,中壢,C0C520,2017-02-09T13:00:00+08:00,151.0,35.0,3.5,10.0,0.70,1005.7,-99.0,3.0,-9.9,-99,-999,桃園市,08,中壢區,043
24.9695,121.1771,中壢,C0C520,2017-02-09T14:00:00+08:00,151.0,37.0,3.2,9.9,0.70,1005.3,-99.0,3.0,-9.9,-99,-999,桃園市,08,中壢區,043
24.9695,121.1771,中壢,C0C520,2017-02-09T15:00:00+08:00,151.0,41.0,3.1,9.8,0.69,1005.8,-99.0,3.0,-9.9,-99,-999,桃園市,08,中壢區,043
24.9695,121.1771,中壢,C0C520,2017-02-09T16:00:00+08:00,151.0,42.0,2.9,9.9,0.66,1005.9,-99.0,3.0,-9.9,-99,-999,桃園市,08,中壢區,043
24.9695,121.1771,中壢,C0C520,2017-02-09T17:00:00+08:00,151.0,41.0,3.4,9.7,0.68,1006.2,-99.0,3.0,-9.9,-99,-999,桃園市,08,中壢區,043
24.9695,121.1771,中壢,C0C520,2017-02-09T18:00:00+08:00,151.0,48.0,3.9,9.4,0.67,1006.6,-99.0,3.0,-9.9,-99,-999,桃園市,08,中壢區,043
24.9695,121.1771,中壢,C0C520,2017-02-09T19:00:00+08:00,151.0,70.0,3.9,8.9,0.66,1007.1,-99.0,3.0,-9.9,-99,-999,桃園市,08,中壢區,043
24.9695,121.1771,中壢,C0C520,2017-02-09T20:00:00+08:00,151.0,57.0,3.3,8.7,0.65,1007.6,-99.0,3.0,-9.9,-99,-999,桃園市,08,中壢區,043
24.9695,121.1771,中壢,C0C520,2017-02-09T21:00:00+08:00,151.0,73.0,3.4,8.8,0.63,1007.9,-99.0,3.0,-9.9,-99,-999,桃園市,08,中壢區,043
24.9695,121.1771,中壢,C0C520,2017-02-09T22:00:00+08:00,151.0,71.0,2.9,8.9,0.63,1008.2,-99.0,3.0,-9.9,-99,-999,桃園市,08,中壢區,043
24.9695,121.1771,中壢,C0C520,2017-02-09T23:00:00+08:00,151.0,72.0,3.5,9.3,0.61,1008.4,-99.0,3.0,-9.9,-99,-999,桃園市,08,中壢區,043
24.9695,121.1771,中壢,C0C520,2017-02-10T00:00:00+08:00,151.0,65.0,2.9,9.3,0.62,1008.1,-99.0,3.0,-9.9,-99,-999,桃園市,08,中壢區,043
24.9695,121.1771,中壢,C0C520,2017-02-10T01:00:00+08:00,151.0,58.0,3.8,9.4,0.62,1008.2,-99.0,0.0,-9.9,-99,-999,桃園市,08,中壢區,043
24.9695,121.1771,中壢,C0C520,2017-02-10T02:00:00+08:00,151.0,50.0,3.6,9.6,0.62,1008.0,-99.0,0.0,-9.9,-99,-999,桃園市,08,中壢區,043
24.9695,121.1771,中壢,C0C520,2017-02-10T03:00:00+08:00,151.0,65.0,2.7,9.1,0.63,1007.6,-99.0,0.0,-9.9,-99,-999,桃園市,08,中壢區,043
24.9695,121.1771,中壢,C0C520,2017-02-10T04:00:00+08:00,151.0,67.0,3.4,8.9,0.62,1006.6,-99.0,0.0,-9.9,-99,-999,桃園市,08,中壢區,043
24.9695,121.1771,中壢,C0C520,2017-02-10T05:00:00+08:00,151.0,45.0,3.6,8.8,0.65,1007.3,-99.0,0.0,-9.9,-99,-999,桃園市,08,中壢區,043
24.9695,121.1771,中壢,C0C520,2017-02-10T06:00:00+08:00,151.0,52.0,4.3,9.0,0.63,1008.5,-99.0,0.0,-9.9,-99,-999,桃園市,08,中壢區,043
24.9695,121.1771,中壢,C0C520,2017-02-10T07:00:00+08:00,151.0,52.0,4.1,8.8,0.64,1009.4,-99.0,0.0,-9.9,-99,-999,桃園市,08,中壢區,043
24.9695,121.1771,中壢,C0C520,2017-02-10T08:00:00+08:00,151.0,48.0,4.0,8.9,0.62,1009.9,-99.0,0.0,-9.9,-99,-999,桃園市,08,中壢區,043
24.9695,121.1771,中壢,C0C520,2017-02-10T09:00:00+08:00,151.0,51.0,3.9,9.8,0.58,1010.1,-99.0,0.0,-9.9,-99,-999,桃園市,08,中壢區,043
24.9695,121.1771,中壢,C0C520,2017-02-10T10:00:00+08:00,151.0,41.0,4.1,10.4,0.57,1010.2,-99.0,0.0,-9.9,-99,-999,桃園市,08,中壢區,043
24.9695,121.1771,中壢,C0C520,2017-02-10T11:00:00+08:00,151.0,43.0,4.6,10.5,0.58,1010.0,-99.0,0.0,-9.9,-99,-999,桃園市,08,中壢區,043
24.9695,121.1771,中壢,C0C520,2017-02-10T12:00:00+08:00,151.0,49.0,4.7,10.2,0.61,1009.6,-99.0,0.0,-9.9,-99,-999,桃園市,08,中壢區,043
24.9695,121.1771,中壢,C0C520,2017-02-10T13:00:00+08:00,151.0,47.0,3.9,10.3,0.65,1008.5,-99.0,0.0,-9.9,-99,-999,桃園市,08,中壢區,043
24.9695,121.1771,中壢,C0C520,2017-02-10T14:00:00+08:00,151.0,36.0,4.6,10.5,0.64,1008.0,-99.0,0.0,-9.9,-99,-999,桃園市,08,中壢區,043
24.9695,121.1771,中壢,C0C520,2017-02-10T15:00:00+08:00,151.0,41.0,4.1,10.9,0.63,1007.9,-99.0,0.0,-9.9,-99,-999,桃園市,08,中壢區,043
24.9695,121.1771,中壢,C0C520,2017-02-10T16:00:00+08:00,151.0,44.0,3.4,10.8,0.60,1008.3,-99.0,0.0,-9.9,-99,-999,桃園市,08,中壢區,043
24.9695,121.1771,中壢,C0C520,2017-02-10T17:00:00+08:00,151.0,49.0,4.3,10.3,0.59,1008.8,-99.0,0.0,-9.9,-99,-999,桃園市,08,中壢區,043
24.9695,121.1771,中壢,C0C520,2017-02-10T18:00:00+08:00,151.0,48.0,3.7,10.1,0.61,1009.3,-99.0,0.0,-9.9,-99,-999,桃園市,08,中壢區,043
24.9695,121.1771,中壢,C0C520,2017-02-10T19:00:00+08:00,151.0,50.0,3.2,10.0,0.63,1009.8,-99.0,0.0,-9.9,-99,-999,桃園市,08,中壢區,043
24.9695,121.1771,中壢,C0C520,2017-02-10T20:00:00+08:00,151.0,63.0,2.6,9.9,0.62,1010.1,-99.0,0.0,-9.9,-99,-999,桃園市,08,中壢區,043
24.9695,121.1771,中壢,C0C520,2017-02-10T21:00:00+08:00,151.0,56.0,2.7,10.2,0.60,1010.7,-99.0,0.0,-9.9,-99,-999,桃園市,08,中壢區,043
24.9695,121.1771,中壢,C0C520,2017-02-10T22:00:00+08:00,151.0,58.0,2.8,10.4,0.59,1010.8,-99.0,0.0,-9.9,-99,-999,桃園市,08,中壢區,043
24.9695,121.1771,中壢,C0C520,2017-02-10T23:00:00+08:00,151.0,72.0,2.6,10.5,0.57,1010.9,-99.0,0.0,-9.9,-99,-999,桃園市,08,中壢區,043
24.9695,121.1771,中壢,C0C520,2017-02-11T00:00:00+08:00,151.0,71.0,3.3,10.5,0.59,1010.8,-99.0,0.0,-9.9,-99,-999,桃園市,08,中壢區,043
24.9695,121.1771,中壢,C0C520,2017-02-11T01:00:00+08:00,151.0,71.0,2.7,10.5,0.60,1011.0,-99.0,0.0,-9.9,-99,-999,桃園市,08,中壢區,043
24.9695,121.1771,中壢,C0C520,2017-02-11T02:00:00+08:00,151.0,65.0,2.6,10.3,0.60,1010.7,-99.0,0.0,-9.9,-99,-999,桃園市,08,中壢區,043
24.9695,121.1771,中壢,C0C520,2017-02-11T03:00:00+08:00,151.0,65.0,3.0,10.3,0.58,1010.5,-99.0,0.0,-9.9,-99,-999,桃園市,08,中壢區,043
24.9695,121.1771,中壢,C0C520,2017-02-11T04:00:00+08:00,151.0,59.0,2.7,10.3,0.58,1010.6,-99.0,0.0,-9.9,-99,-999,桃園市,08,中壢區,043
24.9695,121.1771,中壢,C0C520,2017-02-11T05:00:00+08:00,151.0,58.0,3.0,10.3,0.58,1010.9,-99.0,0.0,-9.9,-99,-999,桃園市,08,中壢區,043
24.9695,121.1771,中壢,C0C520,2017-02-11T06:00:00+08:00,151.0,68.0,3.8,10.4,0.54,1011.4,-99.0,0.0,-9.9,-99,-999,桃園市,08,中壢區,043
24.9695,121.1771,中壢,C0C520,2017-02-11T07:00:00+08:00,151.0,61.0,3.8,10.2,0.55,1012.1,-99.0,0.0,-9.9,-99,-999,桃園市,08,中壢區,043
24.9695,121.1771,中壢,C0C520,2017-02-11T08:00:00+08:00,151.0,47.0,4.9,10.3,0.56,1012.7,-99.0,0.0,-9.9,-99,-999,桃園市,08,中壢區,043
24.9695,121.1771,中壢,C0C520,2017-02-11T09:00:00+08:00,151.0,52.0,3.7,10.6,0.55,1013.3,-99.0,0.0,-9.9,-99,-999,桃園市,08,中壢區,043
24.9695,121.1771,中壢,C0C520,2017-02-11T10:00:00+08:00,151.0,46.0,4.6,11.0,0.54,1013.5,-99.0,0.0,-9.9,-99,-999,桃園市,08,中壢區,043
24.9695,121.1771,中壢,C0C520,2017-02-11T11:00:00+08:00,151.0,60.0,4.0,11.8,0.54,1013.2,-99.0,0.0,-9.9,-99,-999,桃園市,08,中壢區,043
24.9695,121.1771,中壢,C0C520,2017-02-11T12:00:00+08:00,151.0,49.0,4.0,12.4,0.54,1012.4,-99.0,0.0,-9.9,-99,-999,桃園市,08,中壢區,043
24.9695,121.1771,中壢,C0C520,2017-02-11T13:00:00+08:00,151.0,55.0,4.2,12.8,0.54,1011.3,-99.0,0.0,-9.9,-99,-999,桃園市,08,中壢區,043
24.9695,121.1771,中壢,C0C520,2017-02-11T14:00:00+08:00,151.0,60.0,4.0,13.4,0.52,1010.8,-99.0,0.0,-9.9,-99,-999,桃園市,08,中壢區,043
24.9695,121.1771,中壢,C0C520,2017-02-11T15:00:00+08:00,151.0,46.0,4.2,12.2,0.58,1010.9,-99.0,0.0,-9.9,-99,-999,桃園市,08,中壢區,043
24.9695,121.1771,中壢,C0C520,2017-02-11T16:00:00+08:00,151.0,46.0,4.1,11.9,0.58,1011.2,-99.0,0.0,-9.9,-99,-999,桃園市,08,中壢區,043
24.9695,121.1771,中壢,C0C520,2017-02-11T17:00:00+08:00,151.0,60.0,4.0,11.6,0.58,1011.6,-99.0,0.0,-9.9,-99,-999,桃園市,08,中壢區,043
24.9695,121.1771,中壢,C0C520,2017-02-11T18:00:00+08:00,151.0,65.0,3.1,10.9,0.58,1012.0,-99.0,0.0,-9.9,-99,-999,桃園市,08,中壢區,043
24.9695,121.1771,中壢,C0C520,2017-02-11T19:00:00+08:00,151.0,64.0,3.1,10.4,0.62,1012.3,-99.0,0.0,-9.9,-99,-999,桃園市,08,中壢區,043
24.9695,121.1771,中壢,C0C520,2017-02-11T20:00:00+08:00,151.0,53.0,2.3,9.9,0.64,1012.6,-99.0,0.0,-9.9,-99,-999,桃園市,08,中壢區,043
24.9695,121.1771,中壢,C0C520,2017-02-11T21:00:00+08:00,151.0,46.0,2.8,10.2,0.63,1012.5,-99.0,0.0,-9.9,-99,-999,桃園市,08,中壢區,043
24.9695,121.1771,中壢,C0C520,2017-02-11T22:00:00+08:00,151.0,47.0,2.4,10.4,0.62,1012.7,-99.0,0.0,-9.9,-99,-999,桃園市,08,中壢區,043
24.9695,121.1771,中壢,C0C520,2017-02-11T23:00:00+08:00,151.0,59.0,3.2,10.5,0.63,1012.6,-99.0,0.0,-9.9,-99,-999,桃園市,08,中壢區,043
24.9695,121.1771,中壢,C0C520,2017-02-12T00:00:00+08:00,151.0,61.0,2.7,10.5,0.66,1012.2,-99.0,0.0,-9.9,-99,-999,桃園市,08,中壢區,043
24.9695,121.1771,中壢,C0C520,2017-02-12T01:00:00+08:00,151.0,57.0,3.1,10.9,0.65,1012.2,-99.0,0.0,-9.9,-99,-999,桃園市,08,中壢區,043
24.9695,121.1771,中壢,C0C520,2017-02-12T02:00:00+08:00,151.0,55.0,2.4,10.9,0.67,1011.6,-99.0,0.0,-9.9,-99,-999,桃園市,08,中壢區,043
24.9695,121.1771,中壢,C0C520,2017-02-12T03:00:00+08:00,151.0,56.0,2.8,11.1,0.66,1011.5,-99.0,0.0,-9.9,-99,-999,桃園市,08,中壢區,043
24.9695,121.1771,中壢,C0C520,2017-02-12T04:00:00+08:00,151.0,43.0,2.2,10.6,0.68,1011.4,-99.0,0.0,-9.9,-99,-999,桃園市,08,中壢區,043
24.9695,121.1771,中壢,C0C520,2017-02-12T05:00:00+08:00,151.0,55.0,2.5,10.8,0.67,1011.7,-99.0,0.0,-9.9,-99,-999,桃園市,08,中壢區,043
24.9695,121.1771,中壢,C0C520,2017-02-12T06:00:00+08:00,151.0,57.0,2.2,10.7,0.71,1012.1,-99.0,0.0,-9.9,-99,-999,桃園市,08,中壢區,043
24.9695,121.1771,中壢,C0C520,2017-02-12T07:00:00+08:00,151.0,47.0,2.1,10.5,0.72,1012.5,-99.0,0.0,-9.9,-99,-999,桃園市,08,中壢區,043
24.9695,121.1771,中壢,C0C520,2017-02-12T08:00:00+08:00,151.0,46.0,2.1,12.2,0.68,1012.7,-99.0,0.0,-9.9,-99,-999,桃園市,08,中壢區,043
24.9695,121.1771,中壢,C0C520,2017-02-12T10:00:00+08:00,151.0,74.0,5.9,15.1,0.56,1012.7,-99.0,0.0,-9.9,-99,-999,桃園市,08,中壢區,043
24.9695,121.1771,中壢,C0C520,2017-02-12T11:00:00+08:00,151.0,70.0,4.8,15.4,0.56,1012.5,-99.0,0.0,-9.9,-99,-999,桃園市,08,中壢區,043
24.9695,121.1771,中壢,C0C520,2017-02-12T12:00:00+08:00,151.0,70.0,5.1,16.0,0.55,1011.9,-99.0,0.0,-9.9,-99,-999,桃園市,08,中壢區,043
24.9695,121.1771,中壢,C0C520,2017-02-12T13:00:00+08:00,151.0,69.0,5.5,15.9,0.56,1011.2,-99.0,0.0,-9.9,-99,-999,桃園市,08,中壢區,043
24.9695,121.1771,中壢,C0C520,2017-02-12T14:00:00+08:00,151.0,65.0,5.2,15.9,0.55,1010.3,-99.0,0.0,-9.9,-99,-999,桃園市,08,中壢區,043
24.9695,121.1771,中壢,C0C520,2017-02-12T15:00:00+08:00,151.0,71.0,4.2,15.9,0.56,1010.0,-99.0,0.0,-9.9,-99,-999,桃園市,08,中壢區,043
24.9695,121.1771,中壢,C0C520,2017-02-12T16:00:00+08:00,151.0,69.0,5.7,15.0,0.58,1010.5,-99.0,0.0,-9.9,-99,-999,桃園市,08,中壢區,043
24.9695,121.1771,中壢,C0C520,2017-02-12T17:00:00+08:00,151.0,75.0,4.5,14.4,0.61,1010.8,-99.0,0.0,-9.9,-99,-999,桃園市,08,中壢區,043
24.9695,121.1771,中壢,C0C520,2017-02-12T18:00:00+08:00,151.0,75.0,4.1,13.8,0.63,1010.9,-99.0,0.0,-9.9,-99,-999,桃園市,08,中壢區,043
24.9695,121.1771,中壢,C0C520,2017-02-12T19:00:00+08:00,151.0,70.0,4.3,13.6,0.64,1011.1,-99.0,0.0,-9.9,-99,-999,桃園市,08,中壢區,043
24.9695,121.1771,中壢,C0C520,2017-02-12T20:00:00+08:00,151.0,66.0,2.9,13.6,0.64,1011.5,-99.0,0.0,-9.9,-99,-999,桃園市,08,中壢區,043
24.9695,121.1771,中壢,C0C520,2017-02-12T21:00:00+08:00,151.0,61.0,2.8,13.7,0.65,1011.8,-99.0,0.0,-9.9,-99,-999,桃園市,08,中壢區,043
24.9695,121.1771,中壢,C0C520,2017-02-12T22:00:00+08:00,151.0,64.0,3.1,13.7,0.66,1012.0,-99.0,0.0,-9.9,-99,-999,桃園市,08,中壢區,043
24.9695,121.1771,中壢,C0C520,2017-02-12T23:00:00+08:00,151.0,66.0,3.4,13.8,0.66,1011.9,-99.0,0.0,-9.9,-99,-999,桃園市,08,中壢區,043
24.9695,121.1771,中壢,C0C520,2017-02-13T00:00:00+08:00,151.0,57.0,3.5,13.7,0.67,1011.9,-99.0,0.0,-9.9,-99,-999,桃園市,08,中壢區,043
24.9695,121.1771,中壢,C0C520,2017-02-13T01:00:00+08:00,151.0,64.0,3.9,13.7,0.69,1011.6,-99.0,0.0,-9.9,-99,-999,桃園市,08,中壢區,043
24.9695,121.1771,中壢,C0C520,2017-02-13T02:00:00+08:00,151.0,62.0,3.1,13.5,0.70,1011.4,-99.0,0.0,-9.9,-99,-999,桃園市,08,中壢區,043
24.9695,121.1771,中壢,C0C520,2017-02-13T03:00:00+08:00,151.0,61.0,3.4,13.5,0.71,1011.3,-99.0,0.0,-9.9,-99,-999,桃園市,08,中壢區,043
24.9695,121.1771,中壢,C0C520,2017-02-13T04:00:00+08:00,151.0,60.0,2.9,13.4,0.72,1011.3,-99.0,0.0,-9.9,-99,-999,桃園市,08,中壢區,043
24.9695,121.1771,中壢,C0C520,2017-02-13T05:00:00+08:00,151.0,53.0,3.0,13.4,0.70,1011.7,-99.0,0.0,-9.9,-99,-999,桃園市,08,中壢區,043
24.9695,121.1771,中壢,C0C520,2017-02-13T06:00:00+08:00,151.0,59.0,2.4,13.3,0.70,1012.2,-99.0,0.0,-9.9,-99,-999,桃園市,08,中壢區,043
24.9695,121.1771,中壢,C0C520,2017-02-13T07:00:00+08:00,151.0,55.0,2.5,13.2,0.70,1012.6,-99.0,0.0,-9.9,-99,-999,桃園市,08,中壢區,043
24.9695,121.1771,中壢,C0C520,2017-02-13T08:00:00+08:00,151.0,58.0,2.8,14.6,0.66,1013.3,-99.0,0.0,-9.9,-99,-999,桃園市,08,中壢區,043
24.9695,121.1771,中壢,C0C520,2017-02-13T10:00:00+08:00,151.0,70.0,5.0,17.1,0.55,1013.3,-99.0,0.0,-9.9,-99,-999,桃園市,08,中壢區,043
24.9695,121.1771,中壢,C0C520,2017-02-13T11:00:00+08:00,151.0,65.0,4.6,17.9,0.55,1012.9,-99.0,0.0,-9.9,-99,-999,桃園市,08,中壢區,043
24.9695,121.1771,中壢,C0C520,2017-02-13T12:00:00+08:00,151.0,72.0,5.4,18.6,0.53,1012.4,-99.0,0.0,-9.9,-99,-999,桃園市,08,中壢區,043
24.9695,121.1771,中壢,C0C520,2017-02-13T13:00:00+08:00,151.0,68.0,4.9,19.0,0.52,1011.7,-99.0,0.0,-9.9,-99,-999,桃園市,08,中壢區,043
24.9695,121.1771,中壢,C0C520,2017-02-13T14:00:00+08:00,151.0,73.0,3.9,19.0,0.53,1011.6,-99.0,0.0,-9.9,-99,-999,桃園市,08,中壢區,043
24.9695,121.1771,中壢,C0C520,2017-02-13T15:00:00+08:00,151.0,63.0,4.4,18.0,0.57,1011.6,-99.0,0.0,-9.9,-99,-999,桃園市,08,中壢區,043
24.9695,121.1771,中壢,C0C520,2017-02-13T16:00:00+08:00,151.0,63.0,4.2,17.3,0.60,1011.7,-99.0,0.0,-9.9,-99,-999,桃園市,08,中壢區,043
24.9695,121.1771,中壢,C0C520,2017-02-13T17:00:00+08:00,151.0,69.0,5.6,16.1,0.63,1012.2,-99.0,0.0,-9.9,-99,-999,桃園市,08,中壢區,043
24.9695,121.1771,中壢,C0C520,2017-02-13T18:00:00+08:00,151.0,68.0,5.1,15.3,0.66,1012.6,-99.0,0.0,-9.9,-99,-999,桃園市,08,中壢區,043
24.9695,121.1771,中壢,C0C520,2017-02-13T19:00:00+08:00,151.0,68.0,4.2,15.0,0.67,1013.0,-99.0,0.0,-9.9,-99,-999,桃園市,08,中壢區,043
24.9695,121.1771,中壢,C0C520,2017-02-13T20:00:00+08:00,151.0,63.0,4.1,14.9,0.67,1013.6,-99.0,0.0,-9.9,-99,-999,桃園市,08,中壢區,043
24.9695,121.1771,中壢,C0C520,2017-02-13T21:00:00+08:00,151.0,63.0,3.8,14.8,0.67,1014.0,-99.0,0.0,-9.9,-99,-999,桃園市,08,中壢區,043
24.9695,121.1771,中壢,C0C520,2017-02-13T22:00:00+08:00,151.0,72.0,3.9,14.7,0.67,1014.0,-99.0,0.0,-9.9,-99,-999,桃園市,08,中壢區,043
24.9695,121.1771,中壢,C0C520,2017-02-13T23:00:00+08:00,151.0,67.0,3.8,14.6,0.67,1014.3,-99.0,0.0,-9.9,-99,-999,桃園市,08,中壢區,043
24.9695,121.1771,中壢,C0C520,2017-02-14T00:00:00+08:00,151.0,66.0,3.9,14.5,0.67,1014.1,-99.0,0.0,-9.9,-99,-999,桃園市,08,中壢區,043
24.9695,121.1771,中壢,C0C520,2017-02-14T01:00:00+08:00,151.0,64.0,3.4,14.3,0.68,1014.1,-99.0,0.0,-9.9,-99,-999,桃園市,08,中壢區,043
24.9695,121.1771,中壢,C0C520,2017-02-14T02:00:00+08:00,151.0,60.0,3.5,14.2,0.67,1013.8,-99.0,0.0,-9.9,-99,-999,桃園市,08,中壢區,043
24.9695,121.1771,中壢,C0C520,2017-02-14T03:00:00+08:00,151.0,59.0,3.5,14.1,0.66,1013.5,-99.0,0.0,-9.9,-99,-999,桃園市,08,中壢區,043
24.9695,121.1771,中壢,C0C520,2017-02-14T04:00:00+08:00,151.0,60.0,3.3,14.1,0.65,1013.5,-99.0,0.0,-9.9,-99,-999,桃園市,08,中壢區,043
24.9695,121.1771,中壢,C0C520,2017-02-14T05:00:00+08:00,151.0,67.0,3.9,14.0,0.64,1013.8,-99.0,0.0,-9.9,-99,-999,桃園市,08,中壢區,043
24.9695,121.1771,中壢,C0C520,2017-02-14T06:00:00+08:00,151.0,63.0,2.5,13.8,0.63,1014.5,-99.0,0.0,-9.9,-99,-999,桃園市,08,中壢區,043
24.9695,121.1771,中壢,C0C520,2017-02-14T07:00:00+08:00,151.0,66.0,3.4,13.9,0.60,1015.0,-99.0,0.0,-9.9,-99,-999,桃園市,08,中壢區,043
24.9695,121.1771,中壢,C0C520,2017-02-14T08:00:00+08:00,151.0,66.0,3.6,15.2,0.54,1015.6,-99.0,0.0,-9.9,-99,-999,桃園市,08,中壢區,043
24.9695,121.1771,中壢,C0C520,2017-02-14T09:00:00+08:00,151.0,72.0,4.3,16.5,0.50,1015.7,-99.0,0.0,-9.9,-99,-999,桃園市,08,中壢區,043
24.9695,121.1771,中壢,C0C520,2017-02-14T10:00:00+08:00,151.0,75.0,4.6,17.6,0.48,1015.7,-99.0,0.0,-9.9,-99,-999,桃園市,08,中壢區,043
24.9695,121.1771,中壢,C0C520,2017-02-14T11:00:00+08:00,151.0,62.0,4.7,18.5,0.46,1015.2,-99.0,0.0,-9.9,-99,-999,桃園市,08,中壢區,043
24.9695,121.1771,中壢,C0C520,2017-02-14T12:00:00+08:00,151.0,71.0,4.6,19.5,0.45,1014.3,-99.0,0.0,-9.9,-99,-999,桃園市,08,中壢區,043
24.9695,121.1771,中壢,C0C520,2017-02-14T13:00:00+08:00,151.0,65.0,4.1,19.7,0.47,1013.5,-99.0,0.0,-9.9,-99,-999,桃園市,08,中壢區,043
24.9695,121.1771,中壢,C0C520,2017-02-14T14:00:00+08:00,151.0,72.0,4.9,19.6,0.46,1012.8,-99.0,0.0,-9.9,-99,-999,桃園市,08,中壢區,043
24.9695,121.1771,中壢,C0C520,2017-02-14T15:00:00+08:00,151.0,58.0,4.0,19.1,0.48,1012.8,-99.0,0.0,-9.9,-99,-999,桃園市,08,中壢區,043
24.9695,121.1771,中壢,C0C520,2017-02-14T16:00:00+08:00,151.0,65.0,4.6,18.3,0.51,1012.7,-99.0,0.0,-9.9,-99,-999,桃園市,08,中壢區,043
24.9695,121.1771,中壢,C0C520,2017-02-14T17:00:00+08:00,151.0,70.0,4.6,17.0,0.55,1012.8,-99.0,0.0,-9.9,-99,-999,桃園市,08,中壢區,043
24.9695,121.1771,中壢,C0C520,2017-02-14T18:00:00+08:00,151.0,69.0,4.6,16.0,0.57,1013.1,-99.0,0.0,-9.9,-99,-999,桃園市,08,中壢區,043
24.9695,121.1771,中壢,C0C520,2017-02-14T19:00:00+08:00,151.0,69.0,4.3,15.5,0.58,1013.6,-99.0,0.0,-9.9,-99,-999,桃園市,08,中壢區,043
24.9695,121.1771,中壢,C0C520,2017-02-14T20:00:00+08:00,151.0,70.0,4.5,15.4,0.58,1013.6,-99.0,0.0,-9.9,-99,-999,桃園市,08,中壢區,043
24.9695,121.1771,中壢,C0C520,2017-02-14T21:00:00+08:00,151.0,71.0,4.6,15.3,0.59,1013.6,-99.0,0.0,-9.9,-99,-999,桃園市,08,中壢區,043
24.9695,121.1771,中壢,C0C520,2017-02-14T22:00:00+08:00,151.0,77.0,3.7,15.2,0.60,1013.6,-99.0,0.0,-9.9,-99,-999,桃園市,08,中壢區,043
24.9695,121.1771,中壢,C0C520,2017-02-14T23:00:00+08:00,151.0,78.0,2.6,15.2,0.59,1013.4,-99.0,0.0,-9.9,-99,-999,桃園市,08,中壢區,043
24.9695,121.1771,中壢,C0C520,2017-02-15T00:00:00+08:00,151.0,83.0,3.0,15.1,0.57,1012.8,-99.0,0.0,-9.9,-99,-999,桃園市,08,中壢區,043
24.9695,121.1771,中壢,C0C520,2017-02-15T01:00:00+08:00,151.0,92.0,1.9,15.2,0.58,1012.4,-99.0,0.0,-9.9,-99,-999,桃園市,08,中壢區,043
24.9695,121.1771,中壢,C0C520,2017-02-15T02:00:00+08:00,151.0,99.0,1.7,15.2,0.60,1012.0,-99.0,0.0,-9.9,-99,-999,桃園市,08,中壢區,043
24.9695,121.1771,中壢,C0C520,2017-02-15T03:00:00+08:00,151.0,116.0,1.5,15.0,0.62,1011.7,-99.0,0.0,-9.9,-99,-999,桃園市,08,中壢區,043
24.9695,121.1771,中壢,C0C520,2017-02-15T04:00:00+08:00,151.0,119.0,1.5,14.8,0.64,1011.2,-99.0,0.0,-9.9,-99,-999,桃園市,08,中壢區,043
24.9695,121.1771,中壢,C0C520,2017-02-15T05:00:00+08:00,151.0,121.0,1.2,14.6,0.66,1011.2,-99.0,0.0,-9.9,-99,-999,桃園市,08,中壢區,043
24.9695,121.1771,中壢,C0C520,2017-02-15T06:00:00+08:00,151.0,138.0,0.6,13.7,0.71,1011.8,-99.0,0.0,-9.9,-99,-999,桃園市,08,中壢區,043
24.9695,121.1771,中壢,C0C520,2017-02-15T07:00:00+08:00,151.0,148.0,1.0,13.9,0.73,1012.3,-99.0,0.0,-9.9,-99,-999,桃園市,08,中壢區,043
24.9695,121.1771,中壢,C0C520,2017-02-15T08:00:00+08:00,151.0,124.0,1.7,16.2,0.66,1012.5,-99.0,0.0,-9.9,-99,-999,桃園市,08,中壢區,043
24.9695,121.1771,中壢,C0C520,2017-02-15T10:00:00+08:00,151.0,215.0,1.1,20.2,0.51,1012.6,-99.0,0.0,-9.9,-99,-999,桃園市,08,中壢區,043
24.9695,121.1771,中壢,C0C520,2017-02-15T11:00:00+08:00,151.0,4.0,1.3,21.0,0.51,1012.1,-99.0,0.0,-9.9,-99,-999,桃園市,08,中壢區,043
24.9695,121.1771,中壢,C0C520,2017-02-15T12:00:00+08:00,151.0,288.0,1.2,21.9,0.47,1011.3,-99.0,0.0,-9.9,-99,-999,桃園市,08,中壢區,043
24.9695,121.1771,中壢,C0C520,2017-02-15T13:00:00+08:00,151.0,303.0,2.6,21.8,0.51,1010.1,-99.0,0.0,-9.9,-99,-999,桃園市,08,中壢區,043
24.9695,121.1771,中壢,C0C520,2017-02-15T14:00:00+08:00,151.0,323.0,3.3,21.1,0.55,1009.6,-99.0,0.0,-9.9,-99,-999,桃園市,08,中壢區,043
24.9695,121.1771,中壢,C0C520,2017-02-15T15:00:00+08:00,151.0,335.0,2.7,20.1,0.55,1008.9,-99.0,0.0,-9.9,-99,-999,桃園市,08,中壢區,043
24.9695,121.1771,中壢,C0C520,2017-02-15T16:00:00+08:00,151.0,337.0,1.2,20.2,0.55,1008.8,-99.0,0.0,-9.9,-99,-999,桃園市,08,中壢區,043
24.9695,121.1771,中壢,C0C520,2017-02-15T17:00:00+08:00,151.0,258.0,0.5,20.3,0.53,1009.0,-99.0,0.0,-9.9,-99,-999,桃園市,08,中壢區,043
24.9695,121.1771,中壢,C0C520,2017-02-15T18:00:00+08:00,151.0,232.0,0.9,19.8,0.60,1009.0,-99.0,0.0,-9.9,-99,-999,桃園市,08,中壢區,043
24.9695,121.1771,中壢,C0C520,2017-02-15T19:00:00+08:00,151.0,215.0,0.9,18.2,0.78,1009.3,-99.0,0.0,-9.9,-99,-999,桃園市,08,中壢區,043
24.9695,121.1771,中壢,C0C520,2017-02-15T20:00:00+08:00,151.0,203.0,0.4,17.0,0.85,1009.6,-99.0,0.0,-9.9,-99,-999,桃園市,08,中壢區,043
24.9695,121.1771,中壢,C0C520,2017-02-15T21:00:00+08:00,151.0,0.0,0.0,15.6,0.90,1009.2,-99.0,0.0,-9.9,-99,-999,桃園市,08,中壢區,043
24.9695,121.1771,中壢,C0C520,2017-02-15T22:00:00+08:00,151.0,0.0,0.0,15.4,0.91,1009.2,-99.0,0.0,-9.9,-99,-999,桃園市,08,中壢區,043
24.9695,121.1771,中壢,C0C520,2017-02-15T23:00:00+08:00,151.0,181.0,0.3,14.5,0.93,1008.7,-99.0,0.0,-9.9,-99,-999,桃園市,08,中壢區,043
24.9695,121.1771,中壢,C0C520,2017-02-16T00:00:00+08:00,151.0,188.0,0.5,14.1,0.93,1008.2,-99.0,0.0,-9.9,-99,-999,桃園市,08,中壢區,043
24.9695,121.1771,中壢,C0C520,2017-02-16T01:00:00+08:00,151.0,185.0,0.5,13.9,0.91,1007.9,-99.0,0.0,-9.9,-99,-999,桃園市,08,中壢區,043
24.9695,121.1771,中壢,C0C520,2017-02-16T02:00:00+08:00,151.0,237.0,0.5,13.5,0.92,1007.7,-99.0,0.0,-9.9,-99,-999,桃園市,08,中壢區,043
24.9695,121.1771,中壢,C0C520,2017-02-16T03:00:00+08:00,151.0,220.0,1.6,13.4,0.93,1007.6,-99.0,0.0,-9.9,-99,-999,桃園市,08,中壢區,043
24.9695,121.1771,中壢,C0C520,2017-02-16T04:00:00+08:00,151.0,201.0,1.8,13.6,0.94,1007.2,-99.0,0.0,-9.9,-99,-999,桃園市,08,中壢區,043
24.9695,121.1771,中壢,C0C520,2017-02-16T05:00:00+08:00,151.0,195.0,2.7,13.8,0.91,1007.3,-99.0,0.0,-9.9,-99,-999,桃園市,08,中壢區,043
24.9695,121.1771,中壢,C0C520,2017-02-16T06:00:00+08:00,151.0,204.0,1.8,13.5,0.90,1007.4,-99.0,0.0,-9.9,-99,-999,桃園市,08,中壢區,043
24.9695,121.1771,中壢,C0C520,2017-02-16T07:00:00+08:00,151.0,203.0,2.2,13.5,0.90,1007.8,-99.0,0.0,-9.9,-99,-999,桃園市,08,中壢區,043
24.9695,121.1771,中壢,C0C520,2017-02-16T08:00:00+08:00,151.0,225.0,2.0,14.4,0.85,1008.1,-99.0,0.0,-9.9,-99,-999,桃園市,08,中壢區,043
24.9695,121.1771,中壢,C0C520,2017-02-16T09:00:00+08:00,151.0,202.0,1.6,16.7,0.77,1008.3,-99.0,0.0,-9.9,-99,-999,桃園市,08,中壢區,043
24.9695,121.1771,中壢,C0C520,2017-02-16T10:00:00+08:00,151.0,253.0,1.5,17.4,0.70,1008.3,-99.0,0.0,-9.9,-99,-999,桃園市,08,中壢區,043
24.9695,121.1771,中壢,C0C520,2017-02-16T11:00:00+08:00,151.0,223.0,1.1,20.0,0.65,1007.7,-99.0,0.0,-9.9,-99,-999,桃園市,08,中壢區,043
24.9695,121.1771,中壢,C0C520,2017-02-16T12:00:00+08:00,151.0,285.0,2.1,21.1,0.58,1006.8,-99.0,0.0,-9.9,-99,-999,桃園市,08,中壢區,043
24.9695,121.1771,中壢,C0C520,2017-02-16T13:00:00+08:00,151.0,262.0,2.1,22.2,0.55,1005.8,-99.0,0.0,-9.9,-99,-999,桃園市,08,中壢區,043
24.9695,121.1771,中壢,C0C520,2017-02-16T14:00:00+08:00,151.0,274.0,2.5,21.7,0.50,1005.4,-99.0,0.0,-9.9,-99,-999,桃園市,08,中壢區,043
24.9695,121.1771,中壢,C0C520,2017-02-16T15:00:00+08:00,151.0,267.0,2.3,22.0,0.39,1005.1,-99.0,0.0,-9.9,-99,-999,桃園市,08,中壢區,043
24.9695,121.1771,中壢,C0C520,2017-02-16T16:00:00+08:00,151.0,265.0,1.8,22.0,0.38,1005.0,-99.0,0.0,-9.9,-99,-999,桃園市,08,中壢區,043
24.9695,121.1771,中壢,C0C520,2017-02-16T17:00:00+08:00,151.0,250.0,1.3,22.0,0.37,1005.2,-99.0,0.0,-9.9,-99,-999,桃園市,08,中壢區,043
24.9695,121.1771,中壢,C0C520,2017-02-16T18:00:00+08:00,151.0,186.0,0.7,20.4,0.42,1005.4,-99.0,0.0,-9.9,-99,-999,桃園市,08,中壢區,043
24.9695,121.1771,中壢,C0C520,2017-02-16T19:00:00+08:00,151.0,174.0,0.4,18.4,0.52,1005.7,-99.0,0.0,-9.9,-99,-999,桃園市,08,中壢區,043
24.9695,121.1771,中壢,C0C520,2017-02-16T20:00:00+08:00,151.0,164.0,0.7,18.5,0.53,1006.3,-99.0,0.0,-9.9,-99,-999,桃園市,08,中壢區,043
24.9695,121.1771,中壢,C0C520,2017-02-16T21:00:00+08:00,151.0,0.0,0.2,17.0,0.61,1006.5,-99.0,0.0,-9.9,-99,-999,桃園市,08,中壢區,043
24.9695,121.1771,中壢,C0C520,2017-02-16T22:00:00+08:00,151.0,142.0,0.9,17.7,0.61,1006.7,-99.0,0.0,-9.9,-99,-999,桃園市,08,中壢區,043
24.9695,121.1771,中壢,C0C520,2017-02-16T23:00:00+08:00,151.0,136.0,1.4,17.4,0.63,1006.5,-99.0,0.0,-9.9,-99,-999,桃園市,08,中壢區,043
24.9695,121.1771,中壢,C0C520,2017-02-17T00:00:00+08:00,151.0,138.0,0.9,17.0,0.66,1006.5,-99.0,0.0,-9.9,-99,-999,桃園市,08,中壢區,043
24.9695,121.1771,中壢,C0C520,2017-02-17T01:00:00+08:00,151.0,150.0,1.3,16.7,0.68,1006.2,-99.0,0.0,-9.9,-99,-999,桃園市,08,中壢區,043
24.9695,121.1771,中壢,C0C520,2017-02-17T02:00:00+08:00,151.0,197.0,0.9,15.5,0.73,1006.0,-99.0,0.0,-9.9,-99,-999,桃園市,08,中壢區,043
24.9695,121.1771,中壢,C0C520,2017-02-17T03:00:00+08:00,151.0,157.0,0.9,15.8,0.73,1006.0,-99.0,0.0,-9.9,-99,-999,桃園市,08,中壢區,043
24.9695,121.1771,中壢,C0C520,2017-02-17T04:00:00+08:00,151.0,147.0,1.4,16.4,0.68,1005.9,-99.0,0.0,-9.9,-99,-999,桃園市,08,中壢區,043
24.9695,121.1771,中壢,C0C520,2017-02-17T05:00:00+08:00,151.0,168.0,0.8,15.9,0.71,1006.1,-99.0,0.0,-9.9,-99,-999,桃園市,08,中壢區,043
24.9695,121.1771,中壢,C0C520,2017-02-17T06:00:00+08:00,151.0,145.0,1.4,15.6,0.72,1006.7,-99.0,0.0,-9.9,-99,-999,桃園市,08,中壢區,043
24.9695,121.1771,中壢,C0C520,2017-02-17T07:00:00+08:00,151.0,147.0,1.4,15.6,0.71,1007.3,-99.0,0.0,-9.9,-99,-999,桃園市,08,中壢區,043
24.9695,121.1771,中壢,C0C520,2017-02-17T08:00:00+08:00,151.0,142.0,1.3,18.3,0.63,1007.8,-99.0,0.0,-9.9,-99,-999,桃園市,08,中壢區,043
24.9695,121.1771,中壢,C0C520,2017-02-17T10:00:00+08:00,151.0,68.0,1.1,22.9,0.47,1008.1,-99.0,0.0,-9.9,-99,-999,桃園市,08,中壢區,043
24.9695,121.1771,中壢,C0C520,2017-02-17T11:00:00+08:00,151.0,21.0,1.1,24.0,0.46,1007.3,-99.0,0.0,-9.9,-99,-999,桃園市,08,中壢區,043
24.9695,121.1771,中壢,C0C520,2017-02-17T12:00:00+08:00,151.0,321.0,2.0,24.3,0.48,1006.4,-99.0,0.0,-9.9,-99,-999,桃園市,08,中壢區,043
24.9695,121.1771,中壢,C0C520,2017-02-17T13:00:00+08:00,151.0,324.0,2.4,24.1,0.48,1005.7,-99.0,0.0,-9.9,-99,-999,桃園市,08,中壢區,043
24.9695,121.1771,中壢,C0C520,2017-02-17T14:00:00+08:00,151.0,306.0,2.6,23.8,0.51,1005.3,-99.0,0.0,-9.9,-99,-999,桃園市,08,中壢區,043
24.9695,121.1771,中壢,C0C520,2017-02-17T15:00:00+08:00,151.0,285.0,2.3,23.3,0.57,1005.2,-99.0,0.0,-9.9,-99,-999,桃園市,08,中壢區,043
24.9695,121.1771,中壢,C0C520,2017-02-17T16:00:00+08:00,151.0,324.0,2.0,22.9,0.59,1005.3,-99.0,0.0,-9.9,-99,-999,桃園市,08,中壢區,043
24.9695,121.1771,中壢,C0C520,2017-02-17T17:00:00+08:00,151.0,16.0,2.1,20.5,0.68,1005.7,-99.0,0.0,-9.9,-99,-999,桃園市,08,中壢區,043
24.9695,121.1771,中壢,C0C520,2017-02-17T18:00:00+08:00,151.0,20.0,0.9,19.5,0.72,1005.9,-99.0,0.0,-9.9,-99,-999,桃園市,08,中壢區,043
24.9695,121.1771,中壢,C0C520,2017-02-17T19:00:00+08:00,151.0,23.0,0.5,18.5,0.78,1006.5,-99.0,0.0,-9.9,-99,-999,桃園市,08,中壢區,043
24.9695,121.1771,中壢,C0C520,2017-02-17T20:00:00+08:00,151.0,67.0,1.0,19.0,0.76,1007.0,-99.0,0.0,-9.9,-99,-999,桃園市,08,中壢區,043
24.9695,121.1771,中壢,C0C520,2017-02-17T21:00:00+08:00,151.0,71.0,0.5,18.7,0.77,1007.1,-99.0,0.0,-9.9,-99,-999,桃園市,08,中壢區,043
24.9695,121.1771,中壢,C0C520,2017-02-17T22:00:00+08:00,151.0,24.0,0.7,18.4,0.79,1007.6,-99.0,0.0,-9.9,-99,-999,桃園市,08,中壢區,043
24.9695,121.1771,中壢,C0C520,2017-02-17T23:00:00+08:00,151.0,12.0,2.3,17.4,0.83,1007.8,-99.0,0.0,-9.9,-99,-999,桃園市,08,中壢區,043
24.9695,121.1771,中壢,C0C520,2017-02-18T00:00:00+08:00,151.0,5.0,0.9,16.4,0.93,1007.7,-99.0,0.0,-9.9,-99,-999,桃園市,08,中壢區,043
24.9695,121.1771,中壢,C0C520,2017-02-18T01:00:00+08:00,151.0,354.0,0.7,16.6,0.95,1007.4,-99.0,0.0,-9.9,-99,-999,桃園市,08,中壢區,043
24.9695,121.1771,中壢,C0C520,2017-02-18T02:00:00+08:00,151.0,345.0,2.0,16.8,0.96,1007.5,-99.0,0.0,-9.9,-99,-999,桃園市,08,中壢區,043
24.9695,121.1771,中壢,C0C520,2017-02-18T03:00:00+08:00,151.0,12.0,2.8,16.6,0.96,1007.4,-99.0,0.0,-9.9,-99,-999,桃園市,08,中壢區,043
24.9695,121.1771,中壢,C0C520,2017-02-18T04:00:00+08:00,151.0,25.0,3.0,16.5,0.94,1007.4,-99.0,0.0,-9.9,-99,-999,桃園市,08,中壢區,043
24.9695,121.1771,中壢,C0C520,2017-02-18T05:00:00+08:00,151.0,21.0,1.9,16.5,0.94,1007.6,-99.0,0.0,-9.9,-99,-999,桃園市,08,中壢區,043
24.9695,121.1771,中壢,C0C520,2017-02-18T06:00:00+08:00,151.0,20.0,3.2,16.0,0.94,1008.6,-99.0,0.0,-9.9,-99,-999,桃園市,08,中壢區,043
24.9695,121.1771,中壢,C0C520,2017-02-18T07:00:00+08:00,151.0,30.0,2.0,16.0,0.93,1009.2,-99.0,0.0,-9.9,-99,-999,桃園市,08,中壢區,043
24.9695,121.1771,中壢,C0C520,2017-02-18T08:00:00+08:00,151.0,32.0,1.5,16.4,0.92,1009.3,-99.0,0.0,-9.9,-99,-999,桃園市,08,中壢區,043
24.9695,121.1771,中壢,C0C520,2017-02-18T10:00:00+08:00,151.0,28.0,3.1,16.8,0.88,1009.5,-99.0,0.0,-9.9,-99,-999,桃園市,08,中壢區,043
24.9695,121.1771,中壢,C0C520,2017-02-18T11:00:00+08:00,151.0,32.0,3.4,18.2,0.81,1009.0,-99.0,0.0,-9.9,-99,-999,桃園市,08,中壢區,043
24.9695,121.1771,中壢,C0C520,2017-02-18T12:00:00+08:00,151.0,40.0,3.8,17.5,0.83,1008.1,-99.0,0.0,-9.9,-99,-999,桃園市,08,中壢區,043
24.9695,121.1771,中壢,C0C520,2017-02-18T13:00:00+08:00,151.0,27.0,3.7,17.5,0.83,1007.1,-99.0,0.0,-9.9,-99,-999,桃園市,08,中壢區,043
24.9695,121.1771,中壢,C0C520,2017-02-18T14:00:00+08:00,151.0,36.0,4.8,19.0,0.77,1006.4,-99.0,0.0,-9.9,-99,-999,桃園市,08,中壢區,043
24.9695,121.1771,中壢,C0C520,2017-02-18T15:00:00+08:00,151.0,37.0,4.0,19.2,0.76,1006.3,-99.0,0.0,-9.9,-99,-999,桃園市,08,中壢區,043
24.9695,121.1771,中壢,C0C520,2017-02-18T16:00:00+08:00,151.0,37.0,3.5,19.0,0.76,1006.6,-99.0,0.0,-9.9,-99,-999,桃園市,08,中壢區,043
24.9695,121.1771,中壢,C0C520,2017-02-18T17:00:00+08:00,151.0,37.0,3.5,18.2,0.80,1007.8,-99.0,0.0,-9.9,-99,-999,桃園市,08,中壢區,043
24.9695,121.1771,中壢,C0C520,2017-02-18T18:00:00+08:00,151.0,49.0,3.1,17.9,0.80,1008.2,-99.0,0.0,-9.9,-99,-999,桃園市,08,中壢區,043
24.9695,121.1771,中壢,C0C520,2017-02-18T19:00:00+08:00,151.0,70.0,4.1,18.3,0.77,1008.4,-99.0,0.0,-9.9,-99,-999,桃園市,08,中壢區,043
24.9695,121.1771,中壢,C0C520,2017-02-18T20:00:00+08:00,151.0,70.0,5.4,18.0,0.78,1008.6,-99.0,0.0,-9.9,-99,-999,桃園市,08,中壢區,043
24.9695,121.1771,中壢,C0C520,2017-02-18T21:00:00+08:00,151.0,60.0,4.7,17.3,0.80,1008.0,-99.0,0.0,-9.9,-99,-999,桃園市,08,中壢區,043
24.9695,121.1771,中壢,C0C520,2017-02-18T22:00:00+08:00,151.0,70.0,4.3,17.1,0.79,1008.0,-99.0,0.0,-9.9,-99,-999,桃園市,08,中壢區,043
24.9695,121.1771,中壢,C0C520,2017-02-18T23:00:00+08:00,151.0,67.0,4.1,17.0,0.77,1007.8,-99.0,0.0,-9.9,-99,-999,桃園市,08,中壢區,043
24.9695,121.1771,中壢,C0C520,2017-02-19T00:00:00+08:00,151.0,64.0,3.7,16.9,0.75,1007.3,-99.0,0.0,-9.9,-99,-999,桃園市,08,中壢區,043
24.9695,121.1771,中壢,C0C520,2017-02-19T01:00:00+08:00,151.0,68.0,5.3,16.8,0.76,1006.9,-99.0,0.0,-9.9,-99,-999,桃園市,08,中壢區,043
24.9695,121.1771,中壢,C0C520,2017-02-19T02:00:00+08:00,151.0,65.0,3.7,16.5,0.77,1006.6,-99.0,0.0,-9.9,-99,-999,桃園市,08,中壢區,043
24.9695,121.1771,中壢,C0C520,2017-02-19T03:00:00+08:00,151.0,68.0,4.0,16.8,0.72,1005.5,-99.0,0.0,-9.9,-99,-999,桃園市,08,中壢區,043
24.9695,121.1771,中壢,C0C520,2017-02-19T04:00:00+08:00,151.0,70.0,3.1,16.8,0.72,1004.6,-99.0,0.0,-9.9,-99,-999,桃園市,08,中壢區,043
24.9695,121.1771,中壢,C0C520,2017-02-19T05:00:00+08:00,151.0,73.0,3.7,17.0,0.73,1004.3,-99.0,0.0,-9.9,-99,-999,桃園市,08,中壢區,043
24.9695,121.1771,中壢,C0C520,2017-02-19T06:00:00+08:00,151.0,87.0,2.1,16.9,0.74,1004.3,-99.0,0.0,-9.9,-99,-999,桃園市,08,中壢區,043
24.9695,121.1771,中壢,C0C520,2017-02-19T07:00:00+08:00,151.0,84.0,2.2,17.1,0.74,1004.6,-99.0,0.0,-9.9,-99,-999,桃園市,08,中壢區,043
24.9695,121.1771,中壢,C0C520,2017-02-19T08:00:00+08:00,151.0,87.0,2.3,18.8,0.68,1004.8,-99.0,0.0,-9.9,-99,-999,桃園市,08,中壢區,043
24.9695,121.1771,中壢,C0C520,2017-02-19T10:00:00+08:00,151.0,152.0,0.8,23.0,0.51,1004.4,-99.0,0.0,-9.9,-99,-999,桃園市,08,中壢區,043
24.9695,121.1771,中壢,C0C520,2017-02-19T11:00:00+08:00,151.0,325.0,0.5,24.0,0.47,1003.6,-99.0,0.0,-9.9,-99,-999,桃園市,08,中壢區,043
24.9695,121.1771,中壢,C0C520,2017-02-19T12:00:00+08:00,151.0,323.0,1.7,24.4,0.51,1002.5,-99.0,0.0,-9.9,-99,-999,桃園市,08,中壢區,043
24.9695,121.1771,中壢,C0C520,2017-02-19T13:00:00+08:00,151.0,280.0,2.3,23.3,0.57,1001.4,-99.0,0.0,-9.9,-99,-999,桃園市,08,中壢區,043
24.9695,121.1771,中壢,C0C520,2017-02-19T14:00:00+08:00,151.0,288.0,2.4,23.1,0.58,1000.6,-99.0,0.0,-9.9,-99,-999,桃園市,08,中壢區,043
24.9695,121.1771,中壢,C0C520,2017-02-19T15:00:00+08:00,151.0,270.0,2.5,22.1,0.64,1000.2,-99.0,0.0,-9.9,-99,-999,桃園市,08,中壢區,043
24.9695,121.1771,中壢,C0C520,2017-02-19T16:00:00+08:00,151.0,266.0,2.1,22.1,0.64,999.9,-99.0,0.0,-9.9,-99,-999,桃園市,08,中壢區,043
24.9695,121.1771,中壢,C0C520,2017-02-19T17:00:00+08:00,151.0,301.0,2.0,18.1,0.80,1000.4,-99.0,0.0,-9.9,-99,-999,桃園市,08,中壢區,043
24.9695,121.1771,中壢,C0C520,2017-02-19T18:00:00+08:00,151.0,320.0,1.3,16.0,0.88,1000.8,-99.0,0.0,-9.9,-99,-999,桃園市,08,中壢區,043
24.9695,121.1771,中壢,C0C520,2017-02-19T19:00:00+08:00,151.0,0.0,0.2,15.2,0.90,1001.0,-99.0,0.0,-9.9,-99,-999,桃園市,08,中壢區,043
24.9695,121.1771,中壢,C0C520,2017-02-19T20:00:00+08:00,151.0,9.0,0.7,15.0,0.91,1001.2,-99.0,0.0,-9.9,-99,-999,桃園市,08,中壢區,043
24.9695,121.1771,中壢,C0C520,2017-02-19T21:00:00+08:00,151.0,0.0,0.0,14.8,0.93,1001.1,-99.0,0.0,-9.9,-99,-999,桃園市,08,中壢區,043
24.9695,121.1771,中壢,C0C520,2017-02-19T22:00:00+08:00,151.0,122.0,0.6,15.5,0.93,1000.5,-99.0,0.0,-9.9,-99,-999,桃園市,08,中壢區,043
24.9695,121.1771,中壢,C0C520,2017-02-19T23:00:00+08:00,151.0,86.0,0.7,17.1,0.87,1000.0,-99.0,0.0,-9.9,-99,-999,桃園市,08,中壢區,043
24.9695,121.1771,中壢,C0C520,2017-02-20T00:00:00+08:00,151.0,200.0,0.4,15.7,0.93,999.7,-99.0,0.0,-9.9,-99,-999,桃園市,08,中壢區,043
24.9695,121.1771,中壢,C0C520,2017-02-20T01:00:00+08:00,151.0,154.0,1.0,17.2,0.83,999.8,-99.0,0.0,-9.9,-99,-999,桃園市,08,中壢區,043
24.9695,121.1771,中壢,C0C520,2017-02-20T02:00:00+08:00,151.0,178.0,0.5,17.6,0.82,999.5,-99.0,0.0,-9.9,-99,-999,桃園市,08,中壢區,043
24.9695,121.1771,中壢,C0C520,2017-02-20T03:00:00+08:00,151.0,243.0,0.5,17.1,0.82,999.6,-99.0,0.0,-9.9,-99,-999,桃園市,08,中壢區,043
24.9695,121.1771,中壢,C0C520,2017-02-20T04:00:00+08:00,151.0,84.0,1.1,16.4,0.86,999.8,-99.0,0.0,-9.9,-99,-999,桃園市,08,中壢區,043
24.9695,121.1771,中壢,C0C520,2017-02-20T05:00:00+08:00,151.0,342.0,1.2,15.4,0.95,1000.8,-99.0,2.0,-9.9,-99,-999,桃園市,08,中壢區,043
24.9695,121.1771,中壢,C0C520,2017-02-20T06:00:00+08:00,151.0,49.0,1.0,15.3,0.97,1000.8,-99.0,2.0,-9.9,-99,-999,桃園市,08,中壢區,043
24.9695,121.1771,中壢,C0C520,2017-02-20T07:00:00+08:00,151.0,148.0,1.1,16.1,0.97,1001.2,-99.0,2.0,-9.9,-99,-999,桃園市,08,中壢區,043
24.9695,121.1771,中壢,C0C520,2017-02-20T08:00:00+08:00,151.0,74.0,1.1,17.0,0.95,1001.1,-99.0,2.5,-9.9,-99,-999,桃園市,08,中壢區,043
24.9695,121.1771,中壢,C0C520,2017-02-20T10:00:00+08:00,151.0,75.0,1.5,20.9,0.71,1000.7,-99.0,2.5,-9.9,-99,-999,桃園市,08,中壢區,043
24.9695,121.1771,中壢,C0C520,2017-02-20T11:00:00+08:00,151.0,73.0,1.7,23.9,0.59,1000.4,-99.0,2.5,-9.9,-99,-999,桃園市,08,中壢區,043
24.9695,121.1771,中壢,C0C520,2017-02-20T12:00:00+08:00,151.0,327.0,1.1,25.2,0.57,999.9,-99.0,2.5,-9.9,-99,-999,桃園市,08,中壢區,043
24.9695,121.1771,中壢,C0C520,2017-02-20T13:00:00+08:00,151.0,354.0,3.4,18.4,0.87,1000.7,-99.0,3.0,-9.9,-99,-999,桃園市,08,中壢區,043
24.9695,121.1771,中壢,C0C520,2017-02-20T14:00:00+08:00,151.0,344.0,2.2,18.2,0.87,1000.6,-99.0,3.0,-9.9,-99,-999,桃園市,08,中壢區,043
24.9695,121.1771,中壢,C0C520,2017-02-20T15:00:00+08:00,151.0,68.0,1.0,17.9,0.86,1000.5,-99.0,3.0,-9.9,-99,-999,桃園市,08,中壢區,043
24.9695,121.1771,中壢,C0C520,2017-02-20T16:00:00+08:00,151.0,69.0,1.2,19.3,0.80,1000.3,-99.0,3.0,-9.9,-99,-999,桃園市,08,中壢區,043
24.9695,121.1771,中壢,C0C520,2017-02-20T17:00:00+08:00,151.0,69.0,1.9,19.8,0.75,1000.7,-99.0,3.0,-9.9,-99,-999,桃園市,08,中壢區,043
24.9695,121.1771,中壢,C0C520,2017-02-20T18:00:00+08:00,151.0,95.0,1.0,20.4,0.75,1001.1,-99.0,3.0,-9.9,-99,-999,桃園市,08,中壢區,043
24.9695,121.1771,中壢,C0C520,2017-02-20T19:00:00+08:00,151.0,120.0,1.9,20.5,0.73,1001.8,-99.0,3.0,-9.9,-99,-999,桃園市,08,中壢區,043
24.9695,121.1771,中壢,C0C520,2017-02-20T20:00:00+08:00,151.0,128.0,1.4,20.6,0.72,1002.4,-99.0,3.0,-9.9,-99,-999,桃園市,08,中壢區,043
24.9695,121.1771,中壢,C0C520,2017-02-20T21:00:00+08:00,151.0,45.0,2.2,20.4,0.75,1003.6,-99.0,3.0,-9.9,-99,-999,桃園市,08,中壢區,043
24.9695,121.1771,中壢,C0C520,2017-02-20T22:00:00+08:00,151.0,48.0,3.8,18.1,0.92,1004.5,-99.0,3.0,-9.9,-99,-999,桃園市,08,中壢區,043
24.9695,121.1771,中壢,C0C520,2017-02-20T23:00:00+08:00,151.0,39.0,3.8,17.2,0.95,1004.8,-99.0,3.0,-9.9,-99,-999,桃園市,08,中壢區,043
24.9695,121.1771,中壢,C0C520,2017-02-21T00:00:00+08:00,151.0,53.0,4.0,16.7,0.95,1005.2,-99.0,3.0,-9.9,-99,-999,桃園市,08,中壢區,043
24.9695,121.1771,中壢,C0C520,2017-02-21T01:00:00+08:00,151.0,46.0,3.5,16.6,0.93,1005.2,-99.0,0.0,-9.9,-99,-999,桃園市,08,中壢區,043
24.9695,121.1771,中壢,C0C520,2017-02-21T02:00:00+08:00,151.0,48.0,4.1,16.3,0.91,1005.3,-99.0,0.0,-9.9,-99,-999,桃園市,08,中壢區,043
24.9695,121.1771,中壢,C0C520,2017-02-21T03:00:00+08:00,151.0,50.0,3.7,16.2,0.91,1005.5,-99.0,0.0,-9.9,-99,-999,桃園市,08,中壢區,043
24.9695,121.1771,中壢,C0C520,2017-02-21T04:00:00+08:00,151.0,64.0,3.4,17.0,0.84,1005.6,-99.0,0.0,-9.9,-99,-999,桃園市,08,中壢區,043
24.9695,121.1771,中壢,C0C520,2017-02-21T05:00:00+08:00,151.0,68.0,4.8,16.7,0.83,1005.9,-99.0,0.0,-9.9,-99,-999,桃園市,08,中壢區,043
24.9695,121.1771,中壢,C0C520,2017-02-21T06:00:00+08:00,151.0,68.0,5.7,16.4,0.83,1006.1,-99.0,0.0,-9.9,-99,-999,桃園市,08,中壢區,043
24.9695,121.1771,中壢,C0C520,2017-02-21T07:00:00+08:00,151.0,63.0,6.0,16.2,0.83,1006.7,-99.0,0.0,-9.9,-99,-999,桃園市,08,中壢區,043
24.9695,121.1771,中壢,C0C520,2017-02-21T08:00:00+08:00,151.0,62.0,6.1,16.7,0.82,1007.0,-99.0,0.0,-9.9,-99,-999,桃園市,08,中壢區,043
24.9695,121.1771,中壢,C0C520,2017-02-21T09:00:00+08:00,151.0,63.0,4.8,18.0,0.76,1006.6,-99.0,0.0,-9.9,-99,-999,桃園市,08,中壢區,043
24.9695,121.1771,中壢,C0C520,2017-02-21T10:00:00+08:00,151.0,65.0,6.2,19.1,0.73,1006.1,-99.0,0.0,-9.9,-99,-999,桃園市,08,中壢區,043
24.9695,121.1771,中壢,C0C520,2017-02-21T11:00:00+08:00,151.0,69.0,5.7,20.2,0.71,1005.4,-99.0,0.0,-9.9,-99,-999,桃園市,08,中壢區,043
24.9695,121.1771,中壢,C0C520,2017-02-21T12:00:00+08:00,151.0,68.0,5.9,20.9,0.68,1004.6,-99.0,0.0,-9.9,-99,-999,桃園市,08,中壢區,043
24.9695,121.1771,中壢,C0C520,2017-02-21T13:00:00+08:00,151.0,67.0,5.3,21.7,0.67,1003.4,-99.0,0.0,-9.9,-99,-999,桃園市,08,中壢區,043
24.9695,121.1771,中壢,C0C520,2017-02-21T14:00:00+08:00,151.0,65.0,4.3,21.7,0.68,1002.5,-99.0,0.0,-9.9,-99,-999,桃園市,08,中壢區,043
24.9695,121.1771,中壢,C0C520,2017-02-21T15:00:00+08:00,151.0,67.0,4.7,21.9,0.68,1001.8,-99.0,0.0,-9.9,-99,-999,桃園市,08,中壢區,043
24.9695,121.1771,中壢,C0C520,2017-02-21T16:00:00+08:00,151.0,71.0,3.9,21.7,0.70,1001.4,-99.0,0.0,-9.9,-99,-999,桃園市,08,中壢區,043
24.9695,121.1771,中壢,C0C520,2017-02-21T17:00:00+08:00,151.0,70.0,3.7,21.3,0.73,1001.3,-99.0,0.0,-9.9,-99,-999,桃園市,08,中壢區,043
24.9695,121.1771,中壢,C0C520,2017-02-21T18:00:00+08:00,151.0,85.0,2.9,20.9,0.75,1001.1,-99.0,0.0,-9.9,-99,-999,桃園市,08,中壢區,043
24.9695,121.1771,中壢,C0C520,2017-02-21T19:00:00+08:00,151.0,100.0,2.2,20.9,0.76,1001.2,-99.0,0.0,-9.9,-99,-999,桃園市,08,中壢區,043
24.9695,121.1771,中壢,C0C520,2017-02-21T20:00:00+08:00,151.0,96.0,0.8,20.9,0.76,1001.6,-99.0,0.0,-9.9,-99,-999,桃園市,08,中壢區,043
24.9695,121.1771,中壢,C0C520,2017-02-21T21:00:00+08:00,151.0,185.0,0.3,20.5,0.80,1002.3,-99.0,0.0,-9.9,-99,-999,桃園市,08,中壢區,043
24.9695,121.1771,中壢,C0C520,2017-02-21T22:00:00+08:00,151.0,235.0,0.9,19.9,0.84,1002.4,-99.0,0.0,-9.9,-99,-999,桃園市,08,中壢區,043
24.9695,121.1771,中壢,C0C520,2017-02-21T23:00:00+08:00,151.0,267.0,1.5,18.4,0.91,1002.1,-99.0,0.0,-9.9,-99,-999,桃園市,08,中壢區,043
24.9695,121.1771,中壢,C0C520,2017-02-22T00:00:00+08:00,151.0,253.0,1.6,17.4,0.95,1001.9,-99.0,0.0,-9.9,-99,-999,桃園市,08,中壢區,043
24.9695,121.1771,中壢,C0C520,2017-02-22T01:00:00+08:00,151.0,234.0,1.4,17.4,0.96,1001.6,-99.0,0.0,-9.9,-99,-999,桃園市,08,中壢區,043
24.9695,121.1771,中壢,C0C520,2017-02-22T02:00:00+08:00,151.0,284.0,2.3,16.7,0.97,1001.8,-99.0,0.0,-9.9,-99,-999,桃園市,08,中壢區,043
24.9695,121.1771,中壢,C0C520,2017-02-22T03:00:00+08:00,151.0,31.0,1.0,15.7,0.98,1001.4,-99.0,0.0,-9.9,-99,-999,桃園市,08,中壢區,043
24.9695,121.1771,中壢,C0C520,2017-02-22T04:00:00+08:00,151.0,253.0,0.4,15.7,0.99,1001.5,-99.0,0.0,-9.9,-99,-999,桃園市,08,中壢區,043
24.9695,121.1771,中壢,C0C520,2017-02-22T05:00:00+08:00,151.0,306.0,2.1,15.2,0.99,1002.6,-99.0,0.0,-9.9,-99,-999,桃園市,08,中壢區,043
24.9695,121.1771,中壢,C0C520,2017-02-22T06:00:00+08:00,151.0,360.0,1.5,13.7,0.99,1003.8,-99.0,0.0,-9.9,-99,-999,桃園市,08,中壢區,043
24.9695,121.1771,中壢,C0C520,2017-02-22T07:00:00+08:00,151.0,155.0,1.0,14.3,0.99,1003.4,-99.0,0.0,-9.9,-99,-999,桃園市,08,中壢區,043
24.9695,121.1771,中壢,C0C520,2017-02-22T08:00:00+08:00,151.0,144.0,2.2,16.7,0.98,1002.8,-99.0,1.0,-9.9,-99,-999,桃園市,08,中壢區,043
24.9695,121.1771,中壢,C0C520,2017-02-22T09:00:00+08:00,151.0,129.0,1.3,20.1,0.91,1001.7,-99.0,1.0,-9.9,-99,-999,桃園市,08,中壢區,043
24.9695,121.1771,中壢,C0C520,2017-02-22T10:00:00+08:00,151.0,65.0,1.3,21.1,0.79,1001.6,-99.0,1.0,-9.9,-99,-999,桃園市,08,中壢區,043
24.9695,121.1771,中壢,C0C520,2017-02-22T11:00:00+08:00,151.0,12.0,1.5,20.9,0.86,1000.7,-99.0,3.0,-9.9,-99,-999,桃園市,08,中壢區,043
24.9695,121.1771,中壢,C0C520,2017-02-22T12:00:00+08:00,151.0,293.0,2.7,18.9,0.93,1002.1,-99.0,4.0,-9.9,-99,-999,桃園市,08,中壢區,043
24.9695,121.1771,中壢,C0C520,2017-02-22T13:00:00+08:00,151.0,0.0,0.2,17.3,0.97,1001.1,-99.0,7.0,-9.9,-99,-999,桃園市,08,中壢區,043
24.9695,121.1771,中壢,C0C520,2017-02-22T14:00:00+08:00,151.0,352.0,1.3,17.3,0.97,1001.1,-99.0,14.5,-9.9,-99,-999,桃園市,08,中壢區,043
24.9695,121.1771,中壢,C0C520,2017-02-22T15:00:00+08:00,151.0,166.0,2.4,18.2,0.98,1000.8,-99.0,20.0,-9.9,-99,-999,桃園市,08,中壢區,043
24.9695,121.1771,中壢,C0C520,2017-02-22T16:00:00+08:00,151.0,148.0,1.9,18.8,0.95,999.3,-99.0,22.0,-9.9,-99,-999,桃園市,08,中壢區,043
24.9695,121.1771,中壢,C0C520,2017-02-22T17:00:00+08:00,151.0,139.0,1.5,19.6,0.89,998.5,-99.0,22.0,-9.9,-99,-999,桃園市,08,中壢區,043
24.9695,121.1771,中壢,C0C520,2017-02-22T18:00:00+08:00,151.0,153.0,1.1,19.6,0.88,998.6,-99.0,22.0,-9.9,-99,-999,桃園市,08,中壢區,043
24.9695,121.1771,中壢,C0C520,2017-02-22T19:00:00+08:00,151.0,157.0,1.5,19.0,0.94,998.6,-99.0,23.5,-9.9,-99,-999,桃園市,08,中壢區,043
24.9695,121.1771,中壢,C0C520,2017-02-22T20:00:00+08:00,151.0,131.0,0.4,19.0,0.95,999.9,-99.0,23.5,-9.9,-99,-999,桃園市,08,中壢區,043
24.9695,121.1771,中壢,C0C520,2017-02-22T21:00:00+08:00,151.0,173.0,1.6,19.2,0.94,1000.2,-99.0,23.5,-9.9,-99,-999,桃園市,08,中壢區,043
24.9695,121.1771,中壢,C0C520,2017-02-22T22:00:00+08:00,151.0,91.0,0.8,19.0,0.92,1000.5,-99.0,23.5,-9.9,-99,-999,桃園市,08,中壢區,043
24.9695,121.1771,中壢,C0C520,2017-02-22T23:00:00+08:00,151.0,356.0,2.3,18.7,0.95,1002.0,-99.0,23.5,-9.9,-99,-999,桃園市,08,中壢區,043
24.9695,121.1771,中壢,C0C520,2017-02-23T00:00:00+08:00,151.0,43.0,1.9,16.7,0.98,1002.3,-99.0,23.5,-9.9,-99,-999,桃園市,08,中壢區,043
24.9695,121.1771,中壢,C0C520,2017-02-23T01:00:00+08:00,151.0,74.0,1.6,16.5,0.98,1002.0,-99.0,0.0,-9.9,-99,-999,桃園市,08,中壢區,043
24.9695,121.1771,中壢,C0C520,2017-02-23T02:00:00+08:00,151.0,334.0,1.3,16.8,0.98,1001.7,-99.0,0.5,-9.9,-99,-999,桃園市,08,中壢區,043
24.9695,121.1771,中壢,C0C520,2017-02-23T03:00:00+08:00,151.0,36.0,1.3,17.1,0.99,1001.1,-99.0,1.5,-9.9,-99,-999,桃園市,08,中壢區,043
24.9695,121.1771,中壢,C0C520,2017-02-23T04:00:00+08:00,151.0,25.0,2.4,16.5,0.99,1001.5,-99.0,1.5,-9.9,-99,-999,桃園市,08,中壢區,043
24.9695,121.1771,中壢,C0C520,2017-02-23T05:00:00+08:00,151.0,34.0,2.2,15.9,0.99,1001.9,-99.0,1.5,-9.9,-99,-999,桃園市,08,中壢區,043
24.9695,121.1771,中壢,C0C520,2017-02-23T06:00:00+08:00,151.0,45.0,2.8,15.5,0.98,1002.7,-99.0,1.5,-9.9,-99,-999,桃園市,08,中壢區,043
24.9695,121.1771,中壢,C0C520,2017-02-23T07:00:00+08:00,151.0,32.0,2.4,15.4,0.98,1003.3,-99.0,1.5,-9.9,-99,-999,桃園市,08,中壢區,043
24.9695,121.1771,中壢,C0C520,2017-02-23T08:00:00+08:00,151.0,37.0,2.3,15.5,0.97,1003.8,-99.0,1.5,-9.9,-99,-999,桃園市,08,中壢區,043
24.9695,121.1771,中壢,C0C520,2017-02-23T10:00:00+08:00,151.0,43.0,2.4,15.2,0.95,1003.9,-99.0,2.0,-9.9,-99,-999,桃園市,08,中壢區,043
24.9695,121.1771,中壢,C0C520,2017-02-23T11:00:00+08:00,151.0,39.0,3.0,14.9,0.93,1004.0,-99.0,2.0,-9.9,-99,-999,桃園市,08,中壢區,043
24.9695,121.1771,中壢,C0C520,2017-02-23T12:00:00+08:00,151.0,34.0,4.5,14.4,0.93,1003.8,-99.0,2.0,-9.9,-99,-999,桃園市,08,中壢區,043
24.9695,121.1771,中壢,C0C520,2017-02-23T13:00:00+08:00,151.0,34.0,4.1,14.0,0.93,1003.6,-99.0,2.0,-9.9,-99,-999,桃園市,08,中壢區,043
24.9695,121.1771,中壢,C0C520,2017-02-23T14:00:00+08:00,151.0,44.0,4.7,12.3,0.95,1003.8,-99.0,2.0,-9.9,-99,-999,桃園市,08,中壢區,043
24.9695,121.1771,中壢,C0C520,2017-02-23T15:00:00+08:00,151.0,42.0,4.8,11.1,0.95,1004.7,-99.0,2.0,-9.9,-99,-999,桃園市,08,中壢區,043
24.9695,121.1771,中壢,C0C520,2017-02-23T16:00:00+08:00,151.0,48.0,4.8,10.7,0.95,1005.1,-99.0,2.0,-9.9,-99,-999,桃園市,08,中壢區,043
24.9695,121.1771,中壢,C0C520,2017-02-23T17:00:00+08:00,151.0,43.0,4.5,10.3,0.95,1005.8,-99.0,2.0,-9.9,-99,-999,桃園市,08,中壢區,043
24.9695,121.1771,中壢,C0C520,2017-02-23T18:00:00+08:00,151.0,45.0,5.0,10.1,0.94,1006.6,-99.0,2.0,-9.9,-99,-999,桃園市,08,中壢區,043
24.9695,121.1771,中壢,C0C520,2017-02-23T19:00:00+08:00,151.0,39.0,4.3,9.9,0.95,1007.7,-99.0,2.0,-9.9,-99,-999,桃園市,08,中壢區,043
24.9695,121.1771,中壢,C0C520,2017-02-23T20:00:00+08:00,151.0,40.0,4.7,9.9,0.96,1008.2,-99.0,2.5,-9.9,-99,-999,桃園市,08,中壢區,043
24.9695,121.1771,中壢,C0C520,2017-02-23T21:00:00+08:00,151.0,48.0,3.7,10.0,0.96,1008.4,-99.0,2.5,-9.9,-99,-999,桃園市,08,中壢區,043
24.9695,121.1771,中壢,C0C520,2017-02-23T22:00:00+08:00,151.0,51.0,3.4,10.2,0.95,1008.3,-99.0,2.5,-9.9,-99,-999,桃園市,08,中壢區,043
24.9695,121.1771,中壢,C0C520,2017-02-23T23:00:00+08:00,151.0,46.0,4.0,10.7,0.93,1008.2,-99.0,2.5,-9.9,-99,-999,桃園市,08,中壢區,043
24.9695,121.1771,中壢,C0C520,2017-02-24T00:00:00+08:00,151.0,46.0,3.4,11.1,0.92,1007.9,-99.0,2.5,-9.9,-99,-999,桃園市,08,中壢區,043
24.9695,121.1771,中壢,C0C520,2017-02-24T01:00:00+08:00,151.0,38.0,3.3,11.4,0.91,1007.6,-99.0,0.0,-9.9,-99,-999,桃園市,08,中壢區,043
24.9695,121.1771,中壢,C0C520,2017-02-24T02:00:00+08:00,151.0,49.0,4.2,10.8,0.96,1007.2,-99.0,5.5,-9.9,-99,-999,桃園市,08,中壢區,043
24.9695,121.1771,中壢,C0C520,2017-02-24T03:00:00+08:00,151.0,35.0,3.3,11.0,0.95,1007.4,-99.0,6.0,-9.9,-99,-999,桃園市,08,中壢區,043
24.9695,121.1771,中壢,C0C520,2017-02-24T04:00:00+08:00,151.0,34.0,3.6,10.9,0.95,1006.9,-99.0,6.5,-9.9,-99,-999,桃園市,08,中壢區,043
24.9695,121.1771,中壢,C0C520,2017-02-24T05:00:00+08:00,151.0,49.0,3.2,11.0,0.94,1006.5,-99.0,6.5,-9.9,-99,-999,桃園市,08,中壢區,043
24.9695,121.1771,中壢,C0C520,2017-02-24T06:00:00+08:00,151.0,49.0,3.4,11.3,0.94,1006.1,-99.0,6.5,-9.9,-99,-999,桃園市,08,中壢區,043
24.9695,121.1771,中壢,C0C520,2017-02-24T07:00:00+08:00,151.0,35.0,3.5,11.9,0.93,1006.4,-99.0,6.5,-9.9,-99,-999,桃園市,08,中壢區,043
24.9695,121.1771,中壢,C0C520,2017-02-24T08:00:00+08:00,151.0,38.0,4.5,11.6,0.97,1007.5,-99.0,11.0,-9.9,-99,-999,桃園市,08,中壢區,043
24.9695,121.1771,中壢,C0C520,2017-02-24T09:00:00+08:00,151.0,37.0,3.9,11.3,0.98,1008.7,-99.0,17.5,-9.9,-99,-999,桃園市,08,中壢區,043
24.9695,121.1771,中壢,C0C520,2017-02-24T10:00:00+08:00,151.0,26.0,2.5,11.2,0.97,1008.5,-99.0,20.5,-9.9,-99,-999,桃園市,08,中壢區,043
24.9695,121.1771,中壢,C0C520,2017-02-24T11:00:00+08:00,151.0,25.0,5.2,10.9,0.97,1009.3,-99.0,21.0,-9.9,-99,-999,桃園市,08,中壢區,043
24.9695,121.1771,中壢,C0C520,2017-02-24T12:00:00+08:00,151.0,40.0,3.5,10.1,0.96,1008.5,-99.0,22.5,-9.9,-99,-999,桃園市,08,中壢區,043
24.9695,121.1771,中壢,C0C520,2017-02-24T13:00:00+08:00,151.0,20.0,5.2,10.1,0.96,1008.2,-99.0,23.0,-9.9,-99,-999,桃園市,08,中壢區,043
24.9695,121.1771,中壢,C0C520,2017-02-24T14:00:00+08:00,151.0,29.0,3.9,9.7,0.96,1007.9,-99.0,24.0,-9.9,-99,-999,桃園市,08,中壢區,043
24.9695,121.1771,中壢,C0C520,2017-02-24T15:00:00+08:00,151.0,42.0,4.3,9.4,0.96,1007.8,-99.0,25.5,-9.9,-99,-999,桃園市,08,中壢區,043
24.9695,121.1771,中壢,C0C520,2017-02-24T16:00:00+08:00,151.0,25.0,3.8,9.3,0.95,1008.3,-99.0,26.0,-9.9,-99,-999,桃園市,08,中壢區,043
24.9695,121.1771,中壢,C0C520,2017-02-24T17:00:00+08:00,151.0,62.0,2.4,9.7,0.97,1007.6,-99.0,28.5,-9.9,-99,-999,桃園市,08,中壢區,043
24.9695,121.1771,中壢,C0C520,2017-02-24T18:00:00+08:00,151.0,33.0,2.4,10.6,0.96,1007.8,-99.0,29.0,-9.9,-99,-999,桃園市,08,中壢區,043
24.9695,121.1771,中壢,C0C520,2017-02-24T19:00:00+08:00,151.0,28.0,4.1,10.7,0.96,1008.3,-99.0,30.0,-9.9,-99,-999,桃園市,08,中壢區,043
24.9695,121.1771,中壢,C0C520,2017-02-24T20:00:00+08:00,151.0,50.0,3.1,10.7,0.97,1007.9,-99.0,34.0,-9.9,-99,-999,桃園市,08,中壢區,043
24.9695,121.1771,中壢,C0C520,2017-02-24T21:00:00+08:00,151.0,34.0,3.0,11.3,0.97,1008.5,-99.0,35.0,-9.9,-99,-999,桃園市,08,中壢區,043
24.9695,121.1771,中壢,C0C520,2017-02-24T22:00:00+08:00,151.0,36.0,2.9,11.6,0.97,1008.5,-99.0,35.5,-9.9,-99,-999,桃園市,08,中壢區,043
24.9695,121.1771,中壢,C0C520,2017-02-24T23:00:00+08:00,151.0,35.0,3.7,11.9,0.97,1008.3,-99.0,37.5,-9.9,-99,-999,桃園市,08,中壢區,043
24.9695,121.1771,中壢,C0C520,2017-02-25T00:00:00+08:00,151.0,48.0,2.7,11.9,0.97,1007.6,-99.0,38.5,-9.9,-99,-999,桃園市,08,中壢區,043
24.9695,121.1771,中壢,C0C520,2017-02-25T01:00:00+08:00,151.0,41.0,2.1,12.2,0.98,1007.2,-99.0,0.5,-9.9,-99,-999,桃園市,08,中壢區,043
24.9695,121.1771,中壢,C0C520,2017-02-25T02:00:00+08:00,151.0,33.0,2.2,12.5,0.98,1006.6,-99.0,0.5,-9.9,-99,-999,桃園市,08,中壢區,043
24.9695,121.1771,中壢,C0C520,2017-02-25T03:00:00+08:00,151.0,28.0,1.7,12.6,0.97,1005.7,-99.0,0.5,-9.9,-99,-999,桃園市,08,中壢區,043
24.9695,121.1771,中壢,C0C520,2017-02-25T04:00:00+08:00,151.0,37.0,3.0,12.8,0.96,1005.8,-99.0,0.5,-9.9,-99,-999,桃園市,08,中壢區,043
24.9695,121.1771,中壢,C0C520,2017-02-25T05:00:00+08:00,151.0,42.0,3.4,11.9,0.98,1005.5,-99.0,1.5,-9.9,-99,-999,桃園市,08,中壢區,043
24.9695,121.1771,中壢,C0C520,2017-02-25T06:00:00+08:00,151.0,35.0,2.5,12.3,0.98,1005.7,-99.0,2.0,-9.9,-99,-999,桃園市,08,中壢區,043
24.9695,121.1771,中壢,C0C520,2017-02-25T07:00:00+08:00,151.0,31.0,3.8,12.6,0.98,1006.4,-99.0,2.5,-9.9,-99,-999,桃園市,08,中壢區,043
24.9695,121.1771,中壢,C0C520,2017-02-25T08:00:00+08:00,151.0,40.0,2.9,12.4,0.98,1006.4,-99.0,6.5,-9.9,-99,-999,桃園市,08,中壢區,043
24.9695,121.1771,中壢,C0C520,2017-02-25T10:00:00+08:00,151.0,26.0,2.5,13.1,0.97,1006.7,-99.0,8.5,-9.9,-99,-999,桃園市,08,中壢區,043
24.9695,121.1771,中壢,C0C520,2017-02-25T11:00:00+08:00,151.0,26.0,2.7,13.0,0.97,1006.4,-99.0,9.0,-9.9,-99,-999,桃園市,08,中壢區,043
24.9695,121.1771,中壢,C0C520,2017-02-25T12:00:00+08:00,151.0,22.0,4.3,12.0,0.97,1005.6,-99.0,10.0,-9.9,-99,-999,桃園市,08,中壢區,043
24.9695,121.1771,中壢,C0C520,2017-02-25T13:00:00+08:00,151.0,25.0,4.2,11.5,0.97,1005.1,-99.0,10.5,-9.9,-99,-999,桃園市,08,中壢區,043
24.9695,121.1771,中壢,C0C520,2017-02-25T14:00:00+08:00,151.0,33.0,4.2,11.7,0.97,1003.9,-99.0,11.5,-9.9,-99,-999,桃園市,08,中壢區,043
24.9695,121.1771,中壢,C0C520,2017-02-25T15:00:00+08:00,151.0,17.0,3.9,11.7,0.97,1003.9,-99.0,12.5,-9.9,-99,-999,桃園市,08,中壢區,043
24.9695,121.1771,中壢,C0C520,2017-02-25T16:00:00+08:00,151.0,30.0,4.1,11.9,0.97,1004.0,-99.0,15.5,-9.9,-99,-999,桃園市,08,中壢區,043
24.9695,121.1771,中壢,C0C520,2017-02-25T17:00:00+08:00,151.0,48.0,3.3,12.3,0.97,1003.9,-99.0,16.5,-9.9,-99,-999,桃園市,08,中壢區,043
24.9695,121.1771,中壢,C0C520,2017-02-25T18:00:00+08:00,151.0,50.0,2.9,12.5,0.97,1004.1,-99.0,17.5,-9.9,-99,-999,桃園市,08,中壢區,043
24.9695,121.1771,中壢,C0C520,2017-02-25T19:00:00+08:00,151.0,36.0,2.9,12.1,0.97,1004.9,-99.0,18.0,-9.9,-99,-999,桃園市,08,中壢區,043
24.9695,121.1771,中壢,C0C520,2017-02-25T20:00:00+08:00,151.0,48.0,3.1,12.0,0.97,1004.2,-99.0,19.0,-9.9,-99,-999,桃園市,08,中壢區,043
24.9695,121.1771,中壢,C0C520,2017-02-25T21:00:00+08:00,151.0,31.0,3.7,12.2,0.96,1004.6,-99.0,19.0,-9.9,-99,-999,桃園市,08,中壢區,043
24.9695,121.1771,中壢,C0C520,2017-02-25T22:00:00+08:00,151.0,36.0,3.4,12.8,0.95,1005.2,-99.0,19.0,-9.9,-99,-999,桃園市,08,中壢區,043
24.9695,121.1771,中壢,C0C520,2017-02-25T23:00:00+08:00,151.0,35.0,3.4,12.8,0.96,1005.4,-99.0,19.0,-9.9,-99,-999,桃園市,08,中壢區,043
24.9695,121.1771,中壢,C0C520,2017-02-26T00:00:00+08:00,151.0,37.0,3.5,12.6,0.97,1005.3,-99.0,19.5,-9.9,-99,-999,桃園市,08,中壢區,043
24.9695,121.1771,中壢,C0C520,2017-02-26T01:00:00+08:00,151.0,48.0,3.6,12.3,0.98,1004.5,-99.0,1.0,-9.9,-99,-999,桃園市,08,中壢區,043
24.9695,121.1771,中壢,C0C520,2017-02-26T02:00:00+08:00,151.0,29.0,3.1,12.2,0.98,1004.4,-99.0,4.0,-9.9,-99,-999,桃園市,08,中壢區,043
24.9695,121.1771,中壢,C0C520,2017-02-26T03:00:00+08:00,151.0,22.0,2.6,12.3,0.98,1004.4,-99.0,7.0,-9.9,-99,-999,桃園市,08,中壢區,043
24.9695,121.1771,中壢,C0C520,2017-02-26T04:00:00+08:00,151.0,27.0,3.1,11.8,0.97,1004.5,-99.0,8.0,-9.9,-99,-999,桃園市,08,中壢區,043
24.9695,121.1771,中壢,C0C520,2017-02-26T05:00:00+08:00,151.0,23.0,4.0,11.3,0.98,1005.3,-99.0,11.0,-9.9,-99,-999,桃園市,08,中壢區,043
24.9695,121.1771,中壢,C0C520,2017-02-26T06:00:00+08:00,151.0,32.0,3.5,11.0,0.95,1005.9,-99.0,13.5,-9.9,-99,-999,桃園市,08,中壢區,043
24.9695,121.1771,中壢,C0C520,2017-02-26T07:00:00+08:00,151.0,26.0,3.4,10.9,0.92,1007.5,-99.0,14.0,-9.9,-99,-999,桃園市,08,中壢區,043
24.9695,121.1771,中壢,C0C520,2017-02-26T08:00:00+08:00,151.0,24.0,3.6,10.4,0.96,1008.4,-99.0,14.0,-9.9,-99,-999,桃園市,08,中壢區,043
24.9695,121.1771,中壢,C0C520,2017-02-26T10:00:00+08:00,151.0,32.0,3.0,10.5,0.97,1009.4,-99.0,15.5,-9.9,-99,-999,桃園市,08,中壢區,043
24.9695,121.1771,中壢,C0C520,2017-02-26T11:00:00+08:00,151.0,41.0,2.6,10.6,0.96,1009.0,-99.0,15.5,-9.9,-99,-999,桃園市,08,中壢區,043
24.9695,121.1771,中壢,C0C520,2017-02-26T12:00:00+08:00,151.0,39.0,2.9,10.8,0.95,1008.3,-99.0,15.5,-9.9,-99,-999,桃園市,08,中壢區,043
24.9695,121.1771,中壢,C0C520,2017-02-26T13:00:00+08:00,151.0,30.0,3.9,10.8,0.94,1008.1,-99.0,15.5,-9.9,-99,-999,桃園市,08,中壢區,043
24.9695,121.1771,中壢,C0C520,2017-02-26T14:00:00+08:00,151.0,36.0,3.2,10.9,0.92,1007.2,-99.0,15.5,-9.9,-99,-999,桃園市,08,中壢區,043
24.9695,121.1771,中壢,C0C520,2017-02-26T15:00:00+08:00,151.0,46.0,3.1,10.7,0.93,1006.9,-99.0,15.5,-9.9,-99,-999,桃園市,08,中壢區,043
24.9695,121.1771,中壢,C0C520,2017-02-26T16:00:00+08:00,151.0,49.0,2.8,11.2,0.93,1006.7,-99.0,15.5,-9.9,-99,-999,桃園市,08,中壢區,043
24.9695,121.1771,中壢,C0C520,2017-02-26T17:00:00+08:00,151.0,58.0,2.1,11.7,0.86,1007.2,-99.0,15.5,-9.9,-99,-999,桃園市,08,中壢區,043
24.9695,121.1771,中壢,C0C520,2017-02-26T18:00:00+08:00,151.0,64.0,2.1,12.0,0.84,1007.7,-99.0,15.5,-9.9,-99,-999,桃園市,08,中壢區,043
24.9695,121.1771,中壢,C0C520,2017-02-26T19:00:00+08:00,151.0,63.0,2.2,12.2,0.81,1008.1,-99.0,15.5,-9.9,-99,-999,桃園市,08,中壢區,043
24.9695,121.1771,中壢,C0C520,2017-02-26T20:00:00+08:00,151.0,68.0,1.8,12.3,0.82,1008.8,-99.0,15.5,-9.9,-99,-999,桃園市,08,中壢區,043
24.9695,121.1771,中壢,C0C520,2017-02-26T21:00:00+08:00,151.0,62.0,2.1,12.5,0.80,1009.0,-99.0,15.5,-9.9,-99,-999,桃園市,08,中壢區,043
24.9695,121.1771,中壢,C0C520,2017-02-26T22:00:00+08:00,151.0,56.0,2.5,12.5,0.77,1009.1,-99.0,15.5,-9.9,-99,-999,桃園市,08,中壢區,043
24.9695,121.1771,中壢,C0C520,2017-02-26T23:00:00+08:00,151.0,61.0,1.7,12.3,0.79,1008.8,-99.0,15.5,-9.9,-99,-999,桃園市,08,中壢區,043
24.9695,121.1771,中壢,C0C520,2017-02-27T00:00:00+08:00,151.0,61.0,2.6,12.5,0.79,1008.1,-99.0,15.5,-9.9,-99,-999,桃園市,08,中壢區,043
24.9695,121.1771,中壢,C0C520,2017-02-27T01:00:00+08:00,151.0,61.0,2.8,12.7,0.77,1007.9,-99.0,0.0,-9.9,-99,-999,桃園市,08,中壢區,043
24.9695,121.1771,中壢,C0C520,2017-02-27T02:00:00+08:00,151.0,61.0,2.6,12.7,0.78,1007.0,-99.0,0.0,-9.9,-99,-999,桃園市,08,中壢區,043
24.9695,121.1771,中壢,C0C520,2017-02-27T03:00:00+08:00,151.0,59.0,2.5,13.1,0.77,1006.8,-99.0,0.0,-9.9,-99,-999,桃園市,08,中壢區,043
24.9695,121.1771,中壢,C0C520,2017-02-27T04:00:00+08:00,151.0,50.0,1.9,13.0,0.75,1006.7,-99.0,0.0,-9.9,-99,-999,桃園市,08,中壢區,043
24.9695,121.1771,中壢,C0C520,2017-02-27T05:00:00+08:00,151.0,57.0,2.2,13.4,0.73,1007.0,-99.0,0.0,-9.9,-99,-999,桃園市,08,中壢區,043
24.9695,121.1771,中壢,C0C520,2017-02-27T06:00:00+08:00,151.0,56.0,2.2,13.5,0.75,1007.6,-99.0,0.0,-9.9,-99,-999,桃園市,08,中壢區,043
24.9695,121.1771,中壢,C0C520,2017-02-27T07:00:00+08:00,151.0,59.0,3.0,13.9,0.72,1007.8,-99.0,0.0,-9.9,-99,-999,桃園市,08,中壢區,043
24.9695,121.1771,中壢,C0C520,2017-02-27T08:00:00+08:00,151.0,64.0,3.7,14.3,0.70,1008.2,-99.0,0.0,-9.9,-99,-999,桃園市,08,中壢區,043
24.9695,121.1771,中壢,C0C520,2017-02-27T10:00:00+08:00,151.0,61.0,3.6,14.3,0.72,1008.9,-99.0,0.0,-9.9,-99,-999,桃園市,08,中壢區,043
24.9695,121.1771,中壢,C0C520,2017-02-27T11:00:00+08:00,151.0,55.0,3.1,14.0,0.74,1009.2,-99.0,0.0,-9.9,-99,-999,桃園市,08,中壢區,043
24.9695,121.1771,中壢,C0C520,2017-02-27T12:00:00+08:00,151.0,75.0,4.4,14.6,0.69,1008.0,-99.0,0.0,-9.9,-99,-999,桃園市,08,中壢區,043
24.9695,121.1771,中壢,C0C520,2017-02-27T13:00:00+08:00,151.0,50.0,2.7,15.0,0.66,1007.5,-99.0,0.0,-9.9,-99,-999,桃園市,08,中壢區,043
24.9695,121.1771,中壢,C0C520,2017-02-27T14:00:00+08:00,151.0,47.0,2.9,14.9,0.68,1007.1,-99.0,0.0,-9.9,-99,-999,桃園市,08,中壢區,043
24.9695,121.1771,中壢,C0C520,2017-02-27T15:00:00+08:00,151.0,70.0,4.4,14.6,0.69,1007.2,-99.0,0.0,-9.9,-99,-999,桃園市,08,中壢區,043
24.9695,121.1771,中壢,C0C520,2017-02-27T16:00:00+08:00,151.0,72.0,3.4,14.4,0.69,1007.7,-99.0,0.0,-9.9,-99,-999,桃園市,08,中壢區,043
24.9695,121.1771,中壢,C0C520,2017-02-27T17:00:00+08:00,151.0,75.0,4.3,13.9,0.74,1008.4,-99.0,0.0,-9.9,-99,-999,桃園市,08,中壢區,043
24.9695,121.1771,中壢,C0C520,2017-02-27T18:00:00+08:00,151.0,72.0,5.1,13.7,0.76,1008.4,-99.0,0.0,-9.9,-99,-999,桃園市,08,中壢區,043
24.9695,121.1771,中壢,C0C520,2017-02-27T19:00:00+08:00,151.0,71.0,4.2,13.5,0.78,1008.1,-99.0,0.0,-9.9,-99,-999,桃園市,08,中壢區,043
24.9695,121.1771,中壢,C0C520,2017-02-27T20:00:00+08:00,151.0,70.0,4.3,13.7,0.75,1008.1,-99.0,0.0,-9.9,-99,-999,桃園市,08,中壢區,043
24.9695,121.1771,中壢,C0C520,2017-02-27T21:00:00+08:00,151.0,67.0,4.0,14.0,0.72,1008.0,-99.0,0.0,-9.9,-99,-999,桃園市,08,中壢區,043
24.9695,121.1771,中壢,C0C520,2017-02-27T22:00:00+08:00,151.0,59.0,2.9,14.2,0.70,1008.1,-99.0,0.0,-9.9,-99,-999,桃園市,08,中壢區,043
24.9695,121.1771,中壢,C0C520,2017-02-27T23:00:00+08:00,151.0,66.0,3.6,14.6,0.67,1007.4,-99.0,0.0,-9.9,-99,-999,桃園市,08,中壢區,043
24.9695,121.1771,中壢,C0C520,2017-02-28T00:00:00+08:00,151.0,60.0,2.8,14.6,0.68,1007.3,-99.0,0.0,-9.9,-99,-999,桃園市,08,中壢區,043
24.9695,121.1771,中壢,C0C520,2017-02-28T01:00:00+08:00,151.0,74.0,3.8,15.0,0.69,1006.2,-99.0,0.0,-9.9,-99,-999,桃園市,08,中壢區,043
24.9695,121.1771,中壢,C0C520,2017-02-28T02:00:00+08:00,151.0,60.0,3.3,15.0,0.70,1006.3,-99.0,0.0,-9.9,-99,-999,桃園市,08,中壢區,043
24.9695,121.1771,中壢,C0C520,2017-02-28T03:00:00+08:00,151.0,58.0,3.0,14.9,0.71,1006.4,-99.0,0.0,-9.9,-99,-999,桃園市,08,中壢區,043
24.9695,121.1771,中壢,C0C520,2017-02-28T04:00:00+08:00,151.0,66.0,3.6,14.9,0.74,1006.3,-99.0,0.0,-9.9,-99,-999,桃園市,08,中壢區,043
24.9695,121.1771,中壢,C0C520,2017-02-28T05:00:00+08:00,151.0,71.0,3.0,14.3,0.80,1006.4,-99.0,0.0,-9.9,-99,-999,桃園市,08,中壢區,043
24.9695,121.1771,中壢,C0C520,2017-02-28T06:00:00+08:00,151.0,62.0,2.6,13.9,0.84,1006.8,-99.0,0.0,-9.9,-99,-999,桃園市,08,中壢區,043
24.9695,121.1771,中壢,C0C520,2017-02-28T07:00:00+08:00,151.0,46.0,2.5,13.8,0.85,1007.6,-99.0,0.0,-9.9,-99,-999,桃園市,08,中壢區,043
24.9695,121.1771,中壢,C0C520,2017-02-28T08:00:00+08:00,151.0,45.0,2.0,13.6,0.88,1007.9,-99.0,0.0,-9.9,-99,-999,桃園市,08,中壢區,043
24.9695,121.1771,中壢,C0C520,2017-02-28T09:00:00+08:00,151.0,64.0,3.0,13.6,0.88,1007.8,-99.0,0.0,-9.9,-99,-999,桃園市,08,中壢區,043
24.9695,121.1771,中壢,C0C520,2017-02-28T10:00:00+08:00,151.0,49.0,2.5,13.8,0.85,1007.6,-99.0,0.0,-9.9,-99,-999,桃園市,08,中壢區,043
24.9695,121.1771,中壢,C0C520,2017-02-28T11:00:00+08:00,151.0,57.0,3.0,14.2,0.81,1007.2,-99.0,0.0,-9.9,-99,-999,桃園市,08,中壢區,043
24.9695,121.1771,中壢,C0C520,2017-02-28T12:00:00+08:00,151.0,46.0,2.5,14.0,0.83,1006.8,-99.0,0.0,-9.9,-99,-999,桃園市,08,中壢區,043
24.9695,121.1771,中壢,C0C520,2017-02-28T13:00:00+08:00,151.0,42.0,2.0,13.9,0.84,1006.0,-99.0,0.0,-9.9,-99,-999,桃園市,08,中壢區,043
24.9695,121.1771,中壢,C0C520,2017-02-28T14:00:00+08:00,151.0,57.0,2.6,13.8,0.84,1005.0,-99.0,0.0,-9.9,-99,-999,桃園市,08,中壢區,043
24.9695,121.1771,中壢,C0C520,2017-02-28T15:00:00+08:00,151.0,73.0,3.7,14.0,0.82,1004.0,-99.0,0.0,-9.9,-99,-999,桃園市,08,中壢區,043
24.9695,121.1771,中壢,C0C520,2017-02-28T16:00:00+08:00,151.0,42.0,2.0,13.9,0.84,1003.5,-99.0,0.0,-9.9,-99,-999,桃園市,08,中壢區,043
24.9695,121.1771,中壢,C0C520,2017-02-28T17:00:00+08:00,151.0,68.0,2.8,13.8,0.81,1003.4,-99.0,0.0,-9.9,-99,-999,桃園市,08,中壢區,043
24.9695,121.1771,中壢,C0C520,2017-02-28T18:00:00+08:00,151.0,63.0,2.7,13.8,0.81,1003.8,-99.0,0.0,-9.9,-99,-999,桃園市,08,中壢區,043
24.9695,121.1771,中壢,C0C520,2017-02-28T19:00:00+08:00,151.0,49.0,1.6,13.7,0.81,1004.0,-99.0,0.0,-9.9,-99,-999,桃園市,08,中壢區,043
24.9695,121.1771,中壢,C0C520,2017-02-28T20:00:00+08:00,151.0,42.0,1.6,13.9,0.82,1004.3,-99.0,0.0,-9.9,-99,-999,桃園市,08,中壢區,043
24.9695,121.1771,中壢,C0C520,2017-02-28T21:00:00+08:00,151.0,51.0,1.5,13.8,0.84,1004.1,-99.0,0.0,-9.9,-99,-999,桃園市,08,中壢區,043
24.9695,121.1771,中壢,C0C520,2017-02-28T22:00:00+08:00,151.0,72.0,1.6,13.7,0.85,1004.0,-99.0,0.0,-9.9,-99,-999,桃園市,08,中壢區,043
24.9695,121.1771,中壢,C0C520,2017-02-28T23:00:00+08:00,151.0,28.0,0.7,13.7,0.87,1004.3,-99.0,0.0,-9.9,-99,-999,桃園市,08,中壢區,043
