24.8994,121.2064,キ马,C0C650,2017-02-01T07:00:00+08:00,208.0,39.0,3.9,16.1,0.86,997.7,-99.0,0.0,-9.9,-99,-999,缍楗,08,キ马跋,055
24.8994,121.2064,キ马,C0C650,2017-02-01T05:00:00+08:00,208.0,23.0,3.5,16.1,0.86,997.3,-99.0,0.0,-9.9,-99,-999,缍楗,08,キ马跋,055
24.8994,121.2064,キ马,C0C650,2017-02-01T02:00:00+08:00,208.0,57.0,2.6,16.1,0.86,996.4,-99.0,0.0,-9.9,-99,-999,缍楗,08,キ马跋,055
24.8994,121.2064,キ马,C0C650,2017-02-01T11:00:00+08:00,208.0,41.0,5.2,16.6,0.82,998.9,-99.0,0.0,-9.9,-99,-999,缍楗,08,キ马跋,055
24.8994,121.2064,キ马,C0C650,2017-02-02T10:00:00+08:00,208.0,44.0,5.9,15.3,0.75,1001.1,-99.0,0.0,-9.9,-99,-999,缍楗,08,キ马跋,055
24.8994,121.2064,キ马,C0C650,2017-02-02T09:00:00+08:00,208.0,39.0,6.9,14.4,0.81,1001.6,-99.0,0.0,-9.9,-99,-999,缍楗,08,キ马跋,055
24.8994,121.2064,キ马,C0C650,2017-02-02T08:00:00+08:00,208.0,41.0,6.0,13.7,0.84,1001.4,-99.0,0.0,-9.9,-99,-999,缍楗,08,キ马跋,055
24.8994,121.2064,キ马,C0C650,2017-02-02T11:00:00+08:00,208.0,44.0,7.4,15.5,0.75,1000.1,-99.0,0.0,-9.9,-99,-999,缍楗,08,キ马跋,055
24.8994,121.2064,キ马,C0C650,2017-02-02T14:00:00+08:00,208.0,39.0,7.8,15.3,0.75,998.2,-99.0,0.0,-9.9,-99,-999,缍楗,08,キ马跋,055
24.8994,121.2064,キ马,C0C650,2017-02-02T15:00:00+08:00,208.0,46.0,5.8,15.1,0.75,998.0,-99.0,0.0,-9.9,-99,-999,缍楗,08,キ马跋,055
24.8994,121.2064,キ马,C0C650,2017-02-02T16:00:00+08:00,208.0,47.0,6.9,14.8,0.76,997.9,-99.0,0.0,-9.9,-99,-999,缍楗,08,キ马跋,055
24.8994,121.2064,キ马,C0C650,2017-02-02T17:00:00+08:00,208.0,45.0,6.4,14.2,0.79,998.2,-99.0,0.0,-9.9,-99,-999,缍楗,08,キ马跋,055
24.8994,121.2064,キ马,C0C650,2017-02-02T18:00:00+08:00,208.0,41.0,6.0,13.7,0.80,998.6,-99.0,0.0,-9.9,-99,-999,缍楗,08,キ马跋,055
24.8994,121.2064,キ马,C0C650,2017-02-02T19:00:00+08:00,208.0,43.0,5.9,13.5,0.83,998.7,-99.0,0.0,-9.9,-99,-999,缍楗,08,キ马跋,055
24.8994,121.2064,キ马,C0C650,2017-02-02T20:00:00+08:00,208.0,43.0,6.2,13.6,0.81,998.6,-99.0,0.0,-9.9,-99,-999,缍楗,08,キ马跋,055
24.8994,121.2064,キ马,C0C650,2017-02-02T21:00:00+08:00,208.0,46.0,5.8,13.6,0.80,998.3,-99.0,0.0,-9.9,-99,-999,缍楗,08,キ马跋,055
24.8994,121.2064,キ马,C0C650,2017-02-02T22:00:00+08:00,208.0,49.0,5.6,13.8,0.79,997.9,-99.0,0.0,-9.9,-99,-999,缍楗,08,キ马跋,055
24.8994,121.2064,キ马,C0C650,2017-02-02T23:00:00+08:00,208.0,51.0,4.9,13.9,0.78,997.4,-99.0,0.0,-9.9,-99,-999,缍楗,08,キ马跋,055
24.8994,121.2064,キ马,C0C650,2017-02-03T00:00:00+08:00,208.0,53.0,3.9,14.1,0.79,997.5,-99.0,0.0,-9.9,-99,-999,缍楗,08,キ马跋,055
24.8994,121.2064,キ马,C0C650,2017-02-03T01:00:00+08:00,208.0,62.0,4.0,14.2,0.80,997.1,-99.0,0.0,-9.9,-99,-999,缍楗,08,キ马跋,055
24.8994,121.2064,キ马,C0C650,2017-02-03T02:00:00+08:00,208.0,72.0,2.2,14.3,0.81,996.8,-99.0,0.0,-9.9,-99,-999,缍楗,08,キ马跋,055
24.8994,121.2064,キ马,C0C650,2017-02-03T03:00:00+08:00,208.0,73.0,1.6,14.5,0.82,996.6,-99.0,0.0,-9.9,-99,-999,缍楗,08,キ马跋,055
24.8994,121.2064,キ马,C0C650,2017-02-03T04:00:00+08:00,208.0,68.0,2.2,14.6,0.82,996.7,-99.0,0.0,-9.9,-99,-999,缍楗,08,キ马跋,055
24.8994,121.2064,キ马,C0C650,2017-02-03T05:00:00+08:00,208.0,86.0,1.7,14.5,0.85,996.9,-99.0,0.0,-9.9,-99,-999,缍楗,08,キ马跋,055
24.8994,121.2064,キ马,C0C650,2017-02-03T06:00:00+08:00,208.0,75.0,2.0,14.6,0.86,997.1,-99.0,0.0,-9.9,-99,-999,缍楗,08,キ马跋,055
24.8994,121.2064,キ马,C0C650,2017-02-03T07:00:00+08:00,208.0,62.0,1.7,14.7,0.86,997.3,-99.0,0.0,-9.9,-99,-999,缍楗,08,キ马跋,055
24.8994,121.2064,キ马,C0C650,2017-02-03T08:00:00+08:00,208.0,31.0,1.8,15.2,0.85,997.5,-99.0,0.0,-9.9,-99,-999,缍楗,08,キ马跋,055
24.8994,121.2064,キ马,C0C650,2017-02-03T10:00:00+08:00,208.0,77.0,2.9,18.9,0.73,997.5,-99.0,0.0,-9.9,-99,-999,缍楗,08,キ马跋,055
24.8994,121.2064,キ马,C0C650,2017-02-03T11:00:00+08:00,208.0,78.0,2.7,20.2,0.70,996.3,-99.0,0.0,-9.9,-99,-999,缍楗,08,キ马跋,055
24.8994,121.2064,キ马,C0C650,2017-02-03T12:00:00+08:00,208.0,41.0,2.8,21.5,0.63,995.0,-99.0,0.0,-9.9,-99,-999,缍楗,08,キ马跋,055
24.8994,121.2064,キ马,C0C650,2017-02-03T13:00:00+08:00,208.0,12.0,0.8,23.1,0.57,994.0,-99.0,0.0,-9.9,-99,-999,缍楗,08,キ马跋,055
24.8994,121.2064,キ马,C0C650,2017-02-03T14:00:00+08:00,208.0,145.0,1.1,24.9,0.52,993.2,-99.0,0.0,-9.9,-99,-999,缍楗,08,キ马跋,055
24.8994,121.2064,キ马,C0C650,2017-02-03T15:00:00+08:00,208.0,40.0,0.9,23.4,0.57,992.5,-99.0,0.0,-9.9,-99,-999,缍楗,08,キ马跋,055
24.8994,121.2064,キ马,C0C650,2017-02-03T16:00:00+08:00,208.0,35.0,2.4,22.0,0.62,992.7,-99.0,0.0,-9.9,-99,-999,缍楗,08,キ马跋,055
24.8994,121.2064,キ马,C0C650,2017-02-03T17:00:00+08:00,208.0,45.0,2.0,21.0,0.65,993.1,-99.0,0.0,-9.9,-99,-999,缍楗,08,キ马跋,055
24.8994,121.2064,キ马,C0C650,2017-02-03T18:00:00+08:00,208.0,58.0,1.5,19.9,0.68,993.5,-99.0,0.0,-9.9,-99,-999,缍楗,08,キ马跋,055
24.8994,121.2064,キ马,C0C650,2017-02-03T19:00:00+08:00,208.0,96.0,0.3,19.2,0.71,993.8,-99.0,0.0,-9.9,-99,-999,缍楗,08,キ马跋,055
24.8994,121.2064,キ马,C0C650,2017-02-03T20:00:00+08:00,208.0,117.0,0.3,18.3,0.75,994.3,-99.0,0.0,-9.9,-99,-999,缍楗,08,キ马跋,055
24.8994,121.2064,キ马,C0C650,2017-02-03T21:00:00+08:00,208.0,235.0,1.5,18.0,0.84,994.5,-99.0,0.0,-9.9,-99,-999,缍楗,08,キ马跋,055
24.8994,121.2064,キ马,C0C650,2017-02-03T22:00:00+08:00,208.0,230.0,2.1,17.4,0.88,995.0,-99.0,0.0,-9.9,-99,-999,缍楗,08,キ马跋,055
24.8994,121.2064,キ马,C0C650,2017-02-03T23:00:00+08:00,208.0,225.0,1.6,17.2,0.88,994.5,-99.0,0.0,-9.9,-99,-999,缍楗,08,キ马跋,055
24.8994,121.2064,キ马,C0C650,2017-02-04T00:00:00+08:00,208.0,228.0,1.2,17.0,0.88,994.7,-99.0,0.0,-9.9,-99,-999,缍楗,08,キ马跋,055
24.8994,121.2064,キ马,C0C650,2017-02-04T01:00:00+08:00,208.0,215.0,1.6,16.7,0.90,994.1,-99.0,0.0,-9.9,-99,-999,缍楗,08,キ马跋,055
24.8994,121.2064,キ马,C0C650,2017-02-04T02:00:00+08:00,208.0,193.0,0.3,16.0,0.92,993.4,-99.0,0.0,-9.9,-99,-999,缍楗,08,キ马跋,055
24.8994,121.2064,キ马,C0C650,2017-02-04T03:00:00+08:00,208.0,199.0,0.3,15.9,0.93,993.1,-99.0,0.0,-9.9,-99,-999,缍楗,08,キ马跋,055
24.8994,121.2064,キ马,C0C650,2017-02-04T04:00:00+08:00,208.0,233.0,1.4,16.3,0.92,992.9,-99.0,0.0,-9.9,-99,-999,缍楗,08,キ马跋,055
24.8994,121.2064,キ马,C0C650,2017-02-04T05:00:00+08:00,208.0,223.0,1.6,16.4,0.90,992.6,-99.0,0.0,-9.9,-99,-999,缍楗,08,キ马跋,055
24.8994,121.2064,キ马,C0C650,2017-02-04T06:00:00+08:00,208.0,228.0,1.7,16.4,0.89,993.3,-99.0,0.0,-9.9,-99,-999,缍楗,08,キ马跋,055
24.8994,121.2064,キ马,C0C650,2017-02-04T07:00:00+08:00,208.0,220.0,1.5,16.4,0.90,993.5,-99.0,0.0,-9.9,-99,-999,缍楗,08,キ马跋,055
24.8994,121.2064,キ马,C0C650,2017-02-04T08:00:00+08:00,208.0,222.0,2.1,16.7,0.89,993.8,-99.0,0.0,-9.9,-99,-999,缍楗,08,キ马跋,055
24.8994,121.2064,キ马,C0C650,2017-02-04T10:00:00+08:00,208.0,220.0,2.0,18.3,0.83,994.0,-99.0,0.0,-9.9,-99,-999,缍楗,08,キ马跋,055
24.8994,121.2064,キ马,C0C650,2017-02-04T11:00:00+08:00,208.0,232.0,0.8,19.9,0.74,993.1,-99.0,0.0,-9.9,-99,-999,缍楗,08,キ马跋,055
24.8994,121.2064,キ马,C0C650,2017-02-04T12:00:00+08:00,208.0,333.0,0.5,21.6,0.70,992.1,-99.0,0.0,-9.9,-99,-999,缍楗,08,キ马跋,055
24.8994,121.2064,キ马,C0C650,2017-02-04T13:00:00+08:00,208.0,202.0,0.4,22.5,0.66,990.8,-99.0,0.0,-9.9,-99,-999,缍楗,08,キ马跋,055
24.8994,121.2064,キ马,C0C650,2017-02-04T14:00:00+08:00,208.0,339.0,1.2,22.1,0.69,989.7,-99.0,0.0,-9.9,-99,-999,缍楗,08,キ马跋,055
24.8994,121.2064,キ马,C0C650,2017-02-04T15:00:00+08:00,208.0,332.0,1.6,19.8,0.78,989.6,-99.0,0.0,-9.9,-99,-999,缍楗,08,キ马跋,055
24.8994,121.2064,キ马,C0C650,2017-02-04T16:00:00+08:00,208.0,333.0,1.0,19.3,0.80,989.5,-99.0,0.0,-9.9,-99,-999,缍楗,08,キ马跋,055
24.8994,121.2064,キ马,C0C650,2017-02-04T17:00:00+08:00,208.0,349.0,0.7,18.6,0.81,989.5,-99.0,0.0,-9.9,-99,-999,缍楗,08,キ马跋,055
24.8994,121.2064,キ马,C0C650,2017-02-04T18:00:00+08:00,208.0,326.0,1.0,17.5,0.85,990.2,-99.0,0.0,-9.9,-99,-999,缍楗,08,キ马跋,055
24.8994,121.2064,キ马,C0C650,2017-02-04T19:00:00+08:00,208.0,277.0,0.4,17.1,0.88,991.2,-99.0,0.0,-9.9,-99,-999,缍楗,08,キ马跋,055
24.8994,121.2064,キ马,C0C650,2017-02-04T20:00:00+08:00,208.0,33.0,0.5,16.5,0.89,991.1,-99.0,0.0,-9.9,-99,-999,缍楗,08,キ马跋,055
24.8994,121.2064,キ马,C0C650,2017-02-04T21:00:00+08:00,208.0,37.0,0.4,16.0,0.91,991.4,-99.0,0.0,-9.9,-99,-999,缍楗,08,キ马跋,055
24.8994,121.2064,キ马,C0C650,2017-02-04T22:00:00+08:00,208.0,0.0,0.0,15.9,0.92,991.0,-99.0,0.0,-9.9,-99,-999,缍楗,08,キ马跋,055
24.8994,121.2064,キ马,C0C650,2017-02-04T23:00:00+08:00,208.0,0.0,0.0,15.8,0.92,990.8,-99.0,0.0,-9.9,-99,-999,缍楗,08,キ马跋,055
24.8994,121.2064,キ马,C0C650,2017-02-05T00:00:00+08:00,208.0,0.0,0.0,15.5,0.93,990.6,-99.0,0.0,-9.9,-99,-999,缍楗,08,キ马跋,055
24.8994,121.2064,キ马,C0C650,2017-02-05T01:00:00+08:00,208.0,0.0,0.0,15.9,0.94,990.8,-99.0,0.0,-9.9,-99,-999,缍楗,08,キ马跋,055
24.8994,121.2064,キ马,C0C650,2017-02-05T02:00:00+08:00,208.0,294.0,0.4,15.7,0.94,990.5,-99.0,0.0,-9.9,-99,-999,缍楗,08,キ马跋,055
24.8994,121.2064,キ马,C0C650,2017-02-05T03:00:00+08:00,208.0,225.0,0.5,15.7,0.94,989.9,-99.0,0.0,-9.9,-99,-999,缍楗,08,キ马跋,055
24.8994,121.2064,キ马,C0C650,2017-02-05T04:00:00+08:00,208.0,0.0,0.0,15.9,0.94,989.8,-99.0,0.0,-9.9,-99,-999,缍楗,08,キ马跋,055
24.8994,121.2064,キ马,C0C650,2017-02-05T05:00:00+08:00,208.0,0.0,0.0,15.8,0.94,990.5,-99.0,0.0,-9.9,-99,-999,缍楗,08,キ马跋,055
24.8994,121.2064,キ马,C0C650,2017-02-05T06:00:00+08:00,208.0,332.0,0.5,15.9,0.93,991.0,-99.0,0.0,-9.9,-99,-999,缍楗,08,キ马跋,055
24.8994,121.2064,キ马,C0C650,2017-02-05T07:00:00+08:00,208.0,8.0,1.4,15.8,0.93,991.3,-99.0,0.0,-9.9,-99,-999,缍楗,08,キ马跋,055
24.8994,121.2064,キ马,C0C650,2017-02-05T08:00:00+08:00,208.0,347.0,1.2,16.0,0.93,992.0,-99.0,0.0,-9.9,-99,-999,缍楗,08,キ马跋,055
24.8994,121.2064,キ马,C0C650,2017-02-05T10:00:00+08:00,208.0,134.0,1.1,17.1,0.88,992.1,-99.0,0.0,-9.9,-99,-999,缍楗,08,キ马跋,055
24.8994,121.2064,キ马,C0C650,2017-02-05T11:00:00+08:00,208.0,150.0,0.5,20.0,0.76,991.5,-99.0,0.0,-9.9,-99,-999,缍楗,08,キ马跋,055
24.8994,121.2064,キ马,C0C650,2017-02-05T12:00:00+08:00,208.0,24.0,2.9,19.8,0.76,990.5,-99.0,0.0,-9.9,-99,-999,缍楗,08,キ马跋,055
24.8994,121.2064,キ马,C0C650,2017-02-05T13:00:00+08:00,208.0,10.0,4.5,19.9,0.74,990.2,-99.0,0.0,-9.9,-99,-999,缍楗,08,キ马跋,055
24.8994,121.2064,キ马,C0C650,2017-02-05T14:00:00+08:00,208.0,42.0,3.3,20.4,0.72,989.2,-99.0,0.0,-9.9,-99,-999,缍楗,08,キ马跋,055
24.8994,121.2064,キ马,C0C650,2017-02-05T15:00:00+08:00,208.0,19.0,4.6,18.8,0.84,989.7,-99.0,0.0,-9.9,-99,-999,缍楗,08,キ马跋,055
24.8994,121.2064,キ马,C0C650,2017-02-05T16:00:00+08:00,208.0,16.0,4.7,18.0,0.89,989.5,-99.0,0.0,-9.9,-99,-999,缍楗,08,キ马跋,055
24.8994,121.2064,キ马,C0C650,2017-02-05T17:00:00+08:00,208.0,17.0,5.0,17.8,0.89,990.1,-99.0,0.0,-9.9,-99,-999,缍楗,08,キ马跋,055
24.8994,121.2064,キ马,C0C650,2017-02-05T18:00:00+08:00,208.0,28.0,5.4,16.7,0.90,990.5,-99.0,0.0,-9.9,-99,-999,缍楗,08,キ马跋,055
24.8994,121.2064,キ马,C0C650,2017-02-05T19:00:00+08:00,208.0,48.0,4.2,16.4,0.94,991.8,-99.0,0.0,-9.9,-99,-999,缍楗,08,キ马跋,055
24.8994,121.2064,キ马,C0C650,2017-02-05T20:00:00+08:00,208.0,55.0,3.4,16.0,0.94,992.2,-99.0,0.0,-9.9,-99,-999,缍楗,08,キ马跋,055
24.8994,121.2064,キ马,C0C650,2017-02-05T21:00:00+08:00,208.0,63.0,4.3,15.7,0.93,992.2,-99.0,0.0,-9.9,-99,-999,缍楗,08,キ马跋,055
24.8994,121.2064,キ马,C0C650,2017-02-05T22:00:00+08:00,208.0,61.0,4.2,16.1,0.89,992.5,-99.0,0.0,-9.9,-99,-999,缍楗,08,キ马跋,055
24.8994,121.2064,キ马,C0C650,2017-02-05T23:00:00+08:00,208.0,45.0,5.2,16.0,0.86,992.4,-99.0,0.0,-9.9,-99,-999,缍楗,08,キ马跋,055
24.8994,121.2064,キ马,C0C650,2017-02-06T00:00:00+08:00,208.0,44.0,6.3,15.7,0.85,991.7,-99.0,0.0,-9.9,-99,-999,缍楗,08,キ马跋,055
24.8994,121.2064,キ马,C0C650,2017-02-06T01:00:00+08:00,208.0,51.0,5.8,15.5,0.86,991.4,-99.0,0.0,-9.9,-99,-999,缍楗,08,キ马跋,055
24.8994,121.2064,キ马,C0C650,2017-02-06T02:00:00+08:00,208.0,50.0,5.3,15.5,0.85,990.8,-99.0,0.0,-9.9,-99,-999,缍楗,08,キ马跋,055
24.8994,121.2064,キ马,C0C650,2017-02-06T03:00:00+08:00,208.0,41.0,6.4,15.5,0.85,990.6,-99.0,0.0,-9.9,-99,-999,缍楗,08,キ马跋,055
24.8994,121.2064,キ马,C0C650,2017-02-06T04:00:00+08:00,208.0,52.0,4.4,15.5,0.84,990.7,-99.0,0.0,-9.9,-99,-999,缍楗,08,キ马跋,055
24.8994,121.2064,キ马,C0C650,2017-02-06T05:00:00+08:00,208.0,48.0,5.0,15.4,0.81,991.2,-99.0,0.0,-9.9,-99,-999,缍楗,08,キ马跋,055
24.8994,121.2064,キ马,C0C650,2017-02-06T06:00:00+08:00,208.0,39.0,6.3,15.4,0.81,991.7,-99.0,0.0,-9.9,-99,-999,缍楗,08,キ马跋,055
24.8994,121.2064,キ马,C0C650,2017-02-06T07:00:00+08:00,208.0,42.0,6.3,15.5,0.76,992.7,-99.0,0.0,-9.9,-99,-999,缍楗,08,キ马跋,055
24.8994,121.2064,キ马,C0C650,2017-02-06T08:00:00+08:00,208.0,42.0,7.1,16.2,0.72,993.6,-99.0,0.0,-9.9,-99,-999,缍楗,08,キ马跋,055
24.8994,121.2064,キ马,C0C650,2017-02-06T10:00:00+08:00,208.0,48.0,6.7,17.3,0.66,994.5,-99.0,0.0,-9.9,-99,-999,缍楗,08,キ马跋,055
24.8994,121.2064,キ马,C0C650,2017-02-06T11:00:00+08:00,208.0,40.0,8.3,17.5,0.66,994.1,-99.0,0.0,-9.9,-99,-999,缍楗,08,キ马跋,055
24.8994,121.2064,キ马,C0C650,2017-02-06T12:00:00+08:00,208.0,63.0,6.7,18.2,0.63,993.2,-99.0,0.0,-9.9,-99,-999,缍楗,08,キ马跋,055
24.8994,121.2064,キ马,C0C650,2017-02-06T13:00:00+08:00,208.0,45.0,6.9,18.5,0.62,992.7,-99.0,0.0,-9.9,-99,-999,缍楗,08,キ马跋,055
24.8994,121.2064,キ马,C0C650,2017-02-06T14:00:00+08:00,208.0,46.0,7.1,18.2,0.64,992.4,-99.0,0.0,-9.9,-99,-999,缍楗,08,キ马跋,055
24.8994,121.2064,キ马,C0C650,2017-02-06T15:00:00+08:00,208.0,37.0,8.2,17.7,0.64,992.2,-99.0,0.0,-9.9,-99,-999,缍楗,08,キ马跋,055
24.8994,121.2064,キ马,C0C650,2017-02-06T16:00:00+08:00,208.0,41.0,6.4,16.9,0.67,992.5,-99.0,0.0,-9.9,-99,-999,缍楗,08,キ马跋,055
24.8994,121.2064,キ马,C0C650,2017-02-06T17:00:00+08:00,208.0,53.0,5.9,16.0,0.67,992.9,-99.0,0.0,-9.9,-99,-999,缍楗,08,キ马跋,055
24.8994,121.2064,キ马,C0C650,2017-02-06T18:00:00+08:00,208.0,44.0,5.9,15.3,0.70,993.3,-99.0,0.0,-9.9,-99,-999,缍楗,08,キ马跋,055
24.8994,121.2064,キ马,C0C650,2017-02-06T19:00:00+08:00,208.0,44.0,6.6,14.8,0.72,993.7,-99.0,0.0,-9.9,-99,-999,缍楗,08,キ马跋,055
24.8994,121.2064,キ马,C0C650,2017-02-06T20:00:00+08:00,208.0,49.0,5.5,14.6,0.71,994.0,-99.0,0.0,-9.9,-99,-999,缍楗,08,キ马跋,055
24.8994,121.2064,キ马,C0C650,2017-02-06T21:00:00+08:00,208.0,49.0,6.4,14.5,0.71,993.7,-99.0,0.0,-9.9,-99,-999,缍楗,08,キ马跋,055
24.8994,121.2064,キ马,C0C650,2017-02-06T22:00:00+08:00,208.0,42.0,6.2,14.4,0.70,993.3,-99.0,0.0,-9.9,-99,-999,缍楗,08,キ马跋,055
24.8994,121.2064,キ马,C0C650,2017-02-06T23:00:00+08:00,208.0,52.0,6.8,14.6,0.69,993.5,-99.0,0.0,-9.9,-99,-999,缍楗,08,キ马跋,055
24.8994,121.2064,キ马,C0C650,2017-02-07T00:00:00+08:00,208.0,46.0,7.1,14.7,0.68,993.7,-99.0,0.0,-9.9,-99,-999,缍楗,08,キ马跋,055
24.8994,121.2064,キ马,C0C650,2017-02-07T01:00:00+08:00,208.0,44.0,5.8,14.6,0.69,994.0,-99.0,0.0,-9.9,-99,-999,缍楗,08,キ马跋,055
24.8994,121.2064,キ马,C0C650,2017-02-07T02:00:00+08:00,208.0,47.0,5.7,14.6,0.70,994.2,-99.0,0.0,-9.9,-99,-999,缍楗,08,キ马跋,055
24.8994,121.2064,キ马,C0C650,2017-02-07T03:00:00+08:00,208.0,48.0,4.8,14.2,0.73,993.8,-99.0,0.0,-9.9,-99,-999,缍楗,08,キ马跋,055
24.8994,121.2064,キ马,C0C650,2017-02-07T04:00:00+08:00,208.0,45.0,4.7,14.4,0.71,993.8,-99.0,0.0,-9.9,-99,-999,缍楗,08,キ马跋,055
24.8994,121.2064,キ马,C0C650,2017-02-07T05:00:00+08:00,208.0,46.0,4.4,14.2,0.72,993.9,-99.0,0.0,-9.9,-99,-999,缍楗,08,キ马跋,055
24.8994,121.2064,キ马,C0C650,2017-02-07T06:00:00+08:00,208.0,50.0,4.7,14.3,0.71,994.2,-99.0,0.0,-9.9,-99,-999,缍楗,08,キ马跋,055
24.8994,121.2064,キ马,C0C650,2017-02-07T07:00:00+08:00,208.0,39.0,4.6,14.4,0.71,994.1,-99.0,0.0,-9.9,-99,-999,缍楗,08,キ马跋,055
24.8994,121.2064,キ马,C0C650,2017-02-07T08:00:00+08:00,208.0,44.0,4.3,15.5,0.68,994.7,-99.0,0.0,-9.9,-99,-999,缍楗,08,キ马跋,055
24.8994,121.2064,キ马,C0C650,2017-02-07T10:00:00+08:00,208.0,43.0,4.8,17.2,0.64,995.2,-99.0,0.0,-9.9,-99,-999,缍楗,08,キ马跋,055
24.8994,121.2064,キ马,C0C650,2017-02-07T11:00:00+08:00,208.0,52.0,4.6,17.5,0.64,994.6,-99.0,0.0,-9.9,-99,-999,缍楗,08,キ马跋,055
24.8994,121.2064,キ马,C0C650,2017-02-07T12:00:00+08:00,208.0,50.0,4.6,18.2,0.63,993.8,-99.0,0.0,-9.9,-99,-999,缍楗,08,キ马跋,055
24.8994,121.2064,キ马,C0C650,2017-02-07T13:00:00+08:00,208.0,43.0,5.2,18.9,0.61,992.8,-99.0,0.0,-9.9,-99,-999,缍楗,08,キ马跋,055
24.8994,121.2064,キ马,C0C650,2017-02-07T14:00:00+08:00,208.0,64.0,4.4,19.0,0.61,992.3,-99.0,0.0,-9.9,-99,-999,缍楗,08,キ马跋,055
24.8994,121.2064,キ马,C0C650,2017-02-07T15:00:00+08:00,208.0,52.0,5.2,18.3,0.63,992.0,-99.0,0.0,-9.9,-99,-999,缍楗,08,キ马跋,055
24.8994,121.2064,キ马,C0C650,2017-02-07T16:00:00+08:00,208.0,43.0,5.0,17.9,0.65,992.2,-99.0,0.0,-9.9,-99,-999,缍楗,08,キ马跋,055
24.8994,121.2064,キ马,C0C650,2017-02-07T17:00:00+08:00,208.0,53.0,4.1,17.1,0.69,992.2,-99.0,0.0,-9.9,-99,-999,缍楗,08,キ马跋,055
24.8994,121.2064,キ马,C0C650,2017-02-07T18:00:00+08:00,208.0,61.0,3.3,15.8,0.73,992.2,-99.0,0.0,-9.9,-99,-999,缍楗,08,キ马跋,055
24.8994,121.2064,キ马,C0C650,2017-02-07T19:00:00+08:00,208.0,70.0,3.4,15.3,0.76,992.4,-99.0,0.0,-9.9,-99,-999,缍楗,08,キ马跋,055
24.8994,121.2064,キ马,C0C650,2017-02-07T20:00:00+08:00,208.0,77.0,2.8,15.1,0.79,992.3,-99.0,0.0,-9.9,-99,-999,缍楗,08,キ马跋,055
24.8994,121.2064,キ马,C0C650,2017-02-07T21:00:00+08:00,208.0,90.0,1.9,14.8,0.81,992.1,-99.0,0.0,-9.9,-99,-999,缍楗,08,キ马跋,055
24.8994,121.2064,キ马,C0C650,2017-02-07T22:00:00+08:00,208.0,48.0,0.8,14.9,0.81,992.4,-99.0,0.0,-9.9,-99,-999,缍楗,08,キ马跋,055
24.8994,121.2064,キ马,C0C650,2017-02-07T23:00:00+08:00,208.0,47.0,1.3,14.7,0.84,992.2,-99.0,0.0,-9.9,-99,-999,缍楗,08,キ马跋,055
24.8994,121.2064,キ马,C0C650,2017-02-08T00:00:00+08:00,208.0,39.0,0.7,14.5,0.84,992.3,-99.0,0.0,-9.9,-99,-999,缍楗,08,キ马跋,055
24.8994,121.2064,キ马,C0C650,2017-02-08T01:00:00+08:00,208.0,0.0,0.0,13.9,0.87,991.8,-99.0,0.0,-9.9,-99,-999,缍楗,08,キ马跋,055
24.8994,121.2064,キ马,C0C650,2017-02-08T02:00:00+08:00,208.0,211.0,0.3,13.7,0.88,991.3,-99.0,0.0,-9.9,-99,-999,缍楗,08,キ马跋,055
24.8994,121.2064,キ马,C0C650,2017-02-08T03:00:00+08:00,208.0,240.0,0.6,13.8,0.89,991.2,-99.0,0.0,-9.9,-99,-999,缍楗,08,キ马跋,055
24.8994,121.2064,キ马,C0C650,2017-02-08T04:00:00+08:00,208.0,242.0,0.4,14.8,0.86,991.3,-99.0,0.0,-9.9,-99,-999,缍楗,08,キ马跋,055
24.8994,121.2064,キ马,C0C650,2017-02-08T05:00:00+08:00,208.0,188.0,0.3,14.2,0.87,991.7,-99.0,0.0,-9.9,-99,-999,缍楗,08,キ马跋,055
24.8994,121.2064,キ马,C0C650,2017-02-08T06:00:00+08:00,208.0,219.0,0.5,13.9,0.90,991.9,-99.0,0.0,-9.9,-99,-999,缍楗,08,キ马跋,055
24.8994,121.2064,キ马,C0C650,2017-02-08T07:00:00+08:00,208.0,217.0,0.8,14.9,0.90,992.5,-99.0,0.0,-9.9,-99,-999,缍楗,08,キ马跋,055
24.8994,121.2064,キ马,C0C650,2017-02-08T08:00:00+08:00,208.0,279.0,0.9,15.3,0.89,992.9,-99.0,0.0,-9.9,-99,-999,缍楗,08,キ马跋,055
24.8994,121.2064,キ马,C0C650,2017-02-08T10:00:00+08:00,208.0,320.0,1.6,16.1,0.87,993.1,-99.0,0.0,-9.9,-99,-999,缍楗,08,キ马跋,055
24.8994,121.2064,キ马,C0C650,2017-02-08T11:00:00+08:00,208.0,36.0,0.8,17.4,0.86,992.9,-99.0,0.0,-9.9,-99,-999,缍楗,08,キ马跋,055
24.8994,121.2064,キ马,C0C650,2017-02-08T12:00:00+08:00,208.0,156.0,0.7,18.0,0.81,992.3,-99.0,0.0,-9.9,-99,-999,缍楗,08,キ马跋,055
24.8994,121.2064,キ马,C0C650,2017-02-08T13:00:00+08:00,208.0,328.0,1.6,17.0,0.83,991.9,-99.0,0.0,-9.9,-99,-999,缍楗,08,キ马跋,055
24.8994,121.2064,キ马,C0C650,2017-02-08T14:00:00+08:00,208.0,339.0,1.9,15.3,0.87,992.0,-99.0,0.0,-9.9,-99,-999,缍楗,08,キ马跋,055
24.8994,121.2064,キ马,C0C650,2017-02-08T15:00:00+08:00,208.0,333.0,1.6,15.0,0.88,991.8,-99.0,0.0,-9.9,-99,-999,缍楗,08,キ马跋,055
24.8994,121.2064,キ马,C0C650,2017-02-08T16:00:00+08:00,208.0,354.0,1.3,14.5,0.89,991.8,-99.0,0.0,-9.9,-99,-999,缍楗,08,キ马跋,055
24.8994,121.2064,キ马,C0C650,2017-02-08T17:00:00+08:00,208.0,356.0,1.4,14.5,0.90,992.0,-99.0,0.0,-9.9,-99,-999,缍楗,08,キ马跋,055
24.8994,121.2064,キ马,C0C650,2017-02-08T18:00:00+08:00,208.0,354.0,1.5,14.5,0.90,992.0,-99.0,0.0,-9.9,-99,-999,缍楗,08,キ马跋,055
24.8994,121.2064,キ马,C0C650,2017-02-08T19:00:00+08:00,208.0,355.0,0.9,14.3,0.92,992.5,-99.0,0.0,-9.9,-99,-999,缍楗,08,キ马跋,055
24.8994,121.2064,キ马,C0C650,2017-02-08T20:00:00+08:00,208.0,13.0,2.0,14.1,0.94,993.1,-99.0,0.0,-9.9,-99,-999,缍楗,08,キ马跋,055
24.8994,121.2064,キ马,C0C650,2017-02-08T21:00:00+08:00,208.0,13.0,2.4,14.0,0.95,993.6,-99.0,0.0,-9.9,-99,-999,缍楗,08,キ马跋,055
24.8994,121.2064,キ马,C0C650,2017-02-08T22:00:00+08:00,208.0,2.0,3.3,13.7,0.95,994.5,-99.0,0.5,-9.9,-99,-999,缍楗,08,キ马跋,055
24.8994,121.2064,キ马,C0C650,2017-02-08T23:00:00+08:00,208.0,2.0,3.7,13.2,0.95,994.8,-99.0,0.5,-9.9,-99,-999,缍楗,08,キ马跋,055
24.8994,121.2064,キ马,C0C650,2017-02-09T00:00:00+08:00,208.0,359.0,3.5,12.3,0.95,995.4,-99.0,1.0,-9.9,-99,-999,缍楗,08,キ马跋,055
24.8994,121.2064,キ马,C0C650,2017-02-09T01:00:00+08:00,208.0,10.0,5.0,11.4,0.96,995.7,-99.0,0.5,-9.9,-99,-999,缍楗,08,キ马跋,055
24.8994,121.2064,キ马,C0C650,2017-02-09T02:00:00+08:00,208.0,24.0,4.4,10.9,0.96,995.6,-99.0,1.5,-9.9,-99,-999,缍楗,08,キ马跋,055
24.8994,121.2064,キ马,C0C650,2017-02-09T03:00:00+08:00,208.0,22.0,4.7,10.0,0.95,995.3,-99.0,1.5,-9.9,-99,-999,缍楗,08,キ马跋,055
24.8994,121.2064,キ马,C0C650,2017-02-09T04:00:00+08:00,208.0,10.0,5.6,9.4,0.95,995.9,-99.0,1.5,-9.9,-99,-999,缍楗,08,キ马跋,055
24.8994,121.2064,キ马,C0C650,2017-02-09T05:00:00+08:00,208.0,28.0,4.8,8.9,0.95,996.3,-99.0,2.0,-9.9,-99,-999,缍楗,08,キ马跋,055
24.8994,121.2064,キ马,C0C650,2017-02-09T06:00:00+08:00,208.0,32.0,3.3,8.8,0.95,996.8,-99.0,2.0,-9.9,-99,-999,缍楗,08,キ马跋,055
24.8994,121.2064,キ马,C0C650,2017-02-09T07:00:00+08:00,208.0,33.0,3.9,9.0,0.89,996.9,-99.0,2.0,-9.9,-99,-999,缍楗,08,キ马跋,055
24.8994,121.2064,キ马,C0C650,2017-02-09T08:00:00+08:00,208.0,23.0,5.3,8.8,0.91,997.3,-99.0,2.0,-9.9,-99,-999,缍楗,08,キ马跋,055
24.8994,121.2064,キ马,C0C650,2017-02-09T10:00:00+08:00,208.0,21.0,5.1,9.2,0.80,998.6,-99.0,2.0,-9.9,-99,-999,缍楗,08,キ马跋,055
24.8994,121.2064,キ马,C0C650,2017-02-09T11:00:00+08:00,208.0,22.0,4.5,9.1,0.82,998.3,-99.0,2.0,-9.9,-99,-999,缍楗,08,キ马跋,055
24.8994,121.2064,キ马,C0C650,2017-02-09T12:00:00+08:00,208.0,25.0,5.2,9.1,0.78,997.4,-99.0,2.0,-9.9,-99,-999,缍楗,08,キ马跋,055
24.8994,121.2064,キ马,C0C650,2017-02-09T13:00:00+08:00,208.0,18.0,5.5,9.1,0.76,996.3,-99.0,2.0,-9.9,-99,-999,缍楗,08,キ马跋,055
24.8994,121.2064,キ马,C0C650,2017-02-09T14:00:00+08:00,208.0,19.0,4.9,9.1,0.75,995.8,-99.0,2.0,-9.9,-99,-999,缍楗,08,キ马跋,055
24.8994,121.2064,キ马,C0C650,2017-02-09T15:00:00+08:00,208.0,26.0,5.1,9.1,0.74,996.2,-99.0,2.0,-9.9,-99,-999,缍楗,08,キ马跋,055
24.8994,121.2064,キ马,C0C650,2017-02-09T16:00:00+08:00,208.0,27.0,4.7,9.0,0.73,996.4,-99.0,2.0,-9.9,-99,-999,缍楗,08,キ马跋,055
24.8994,121.2064,キ马,C0C650,2017-02-09T17:00:00+08:00,208.0,41.0,4.4,8.8,0.73,996.9,-99.0,2.0,-9.9,-99,-999,缍楗,08,キ马跋,055
24.8994,121.2064,キ马,C0C650,2017-02-09T18:00:00+08:00,208.0,39.0,4.0,8.6,0.73,997.2,-99.0,2.0,-9.9,-99,-999,缍楗,08,キ马跋,055
24.8994,121.2064,キ马,C0C650,2017-02-09T19:00:00+08:00,208.0,48.0,3.2,8.1,0.71,997.6,-99.0,2.0,-9.9,-99,-999,缍楗,08,キ马跋,055
24.8994,121.2064,キ马,C0C650,2017-02-09T20:00:00+08:00,208.0,44.0,2.8,8.0,0.72,998.1,-99.0,2.0,-9.9,-99,-999,缍楗,08,キ马跋,055
24.8994,121.2064,キ马,C0C650,2017-02-09T21:00:00+08:00,208.0,48.0,2.1,7.9,0.73,998.4,-99.0,2.0,-9.9,-99,-999,缍楗,08,キ马跋,055
24.8994,121.2064,キ马,C0C650,2017-02-09T22:00:00+08:00,208.0,67.0,2.2,7.7,0.74,998.9,-99.0,2.0,-9.9,-99,-999,缍楗,08,キ马跋,055
24.8994,121.2064,キ马,C0C650,2017-02-09T23:00:00+08:00,208.0,80.0,2.1,7.8,0.76,999.0,-99.0,2.0,-9.9,-99,-999,缍楗,08,キ马跋,055
24.8994,121.2064,キ马,C0C650,2017-02-10T00:00:00+08:00,208.0,42.0,2.7,8.0,0.75,998.7,-99.0,2.0,-9.9,-99,-999,缍楗,08,キ马跋,055
24.8994,121.2064,キ马,C0C650,2017-02-10T01:00:00+08:00,208.0,55.0,2.1,7.9,0.71,998.8,-99.0,0.0,-9.9,-99,-999,缍楗,08,キ马跋,055
24.8994,121.2064,キ马,C0C650,2017-02-10T02:00:00+08:00,208.0,50.0,2.6,7.9,0.69,998.6,-99.0,0.0,-9.9,-99,-999,缍楗,08,キ马跋,055
24.8994,121.2064,キ马,C0C650,2017-02-10T03:00:00+08:00,208.0,49.0,2.4,8.0,0.69,998.2,-99.0,0.0,-9.9,-99,-999,缍楗,08,キ马跋,055
24.8994,121.2064,キ马,C0C650,2017-02-10T04:00:00+08:00,208.0,57.0,2.4,7.7,0.70,996.8,-99.0,0.0,-9.9,-99,-999,缍楗,08,キ马跋,055
24.8994,121.2064,キ马,C0C650,2017-02-10T05:00:00+08:00,208.0,30.0,4.8,8.0,0.69,997.7,-99.0,0.0,-9.9,-99,-999,缍楗,08,キ马跋,055
24.8994,121.2064,キ马,C0C650,2017-02-10T06:00:00+08:00,208.0,36.0,4.4,8.2,0.69,999.1,-99.0,0.0,-9.9,-99,-999,缍楗,08,キ马跋,055
24.8994,121.2064,キ马,C0C650,2017-02-10T07:00:00+08:00,208.0,30.0,5.3,8.0,0.69,999.9,-99.0,0.0,-9.9,-99,-999,缍楗,08,キ马跋,055
24.8994,121.2064,キ马,C0C650,2017-02-10T08:00:00+08:00,208.0,29.0,6.0,8.0,0.67,1000.2,-99.0,0.0,-9.9,-99,-999,缍楗,08,キ马跋,055
24.8994,121.2064,キ马,C0C650,2017-02-10T09:00:00+08:00,208.0,28.0,5.7,8.6,0.65,1000.4,-99.0,0.0,-9.9,-99,-999,缍楗,08,キ马跋,055
24.8994,121.2064,キ马,C0C650,2017-02-10T10:00:00+08:00,208.0,43.0,4.9,9.9,0.61,1000.5,-99.0,0.0,-9.9,-99,-999,缍楗,08,キ马跋,055
24.8994,121.2064,キ马,C0C650,2017-02-10T11:00:00+08:00,208.0,29.0,5.8,9.8,0.63,1000.3,-99.0,0.0,-9.9,-99,-999,缍楗,08,キ马跋,055
24.8994,121.2064,キ马,C0C650,2017-02-10T12:00:00+08:00,208.0,32.0,5.2,9.6,0.63,1000.1,-99.0,0.0,-9.9,-99,-999,缍楗,08,キ马跋,055
24.8994,121.2064,キ马,C0C650,2017-02-10T13:00:00+08:00,208.0,30.0,5.3,9.7,0.65,998.9,-99.0,0.0,-9.9,-99,-999,缍楗,08,キ马跋,055
24.8994,121.2064,キ马,C0C650,2017-02-10T14:00:00+08:00,208.0,42.0,3.8,10.4,0.64,998.3,-99.0,0.0,-9.9,-99,-999,缍楗,08,キ马跋,055
24.8994,121.2064,キ马,C0C650,2017-02-10T15:00:00+08:00,208.0,71.0,2.4,10.5,0.65,998.4,-99.0,0.0,-9.9,-99,-999,缍楗,08,キ马跋,055
24.8994,121.2064,キ马,C0C650,2017-02-10T16:00:00+08:00,208.0,62.0,2.9,10.8,0.62,998.7,-99.0,0.0,-9.9,-99,-999,缍楗,08,キ马跋,055
24.8994,121.2064,キ马,C0C650,2017-02-10T17:00:00+08:00,208.0,66.0,3.4,10.1,0.63,999.2,-99.0,0.0,-9.9,-99,-999,缍楗,08,キ马跋,055
24.8994,121.2064,キ马,C0C650,2017-02-10T18:00:00+08:00,208.0,51.0,2.9,9.7,0.64,999.8,-99.0,0.0,-9.9,-99,-999,缍楗,08,キ马跋,055
24.8994,121.2064,キ马,C0C650,2017-02-10T19:00:00+08:00,208.0,65.0,3.6,9.6,0.66,1000.3,-99.0,0.0,-9.9,-99,-999,缍楗,08,キ马跋,055
24.8994,121.2064,キ马,C0C650,2017-02-10T20:00:00+08:00,208.0,65.0,2.6,9.4,0.68,1000.7,-99.0,0.0,-9.9,-99,-999,缍楗,08,キ马跋,055
24.8994,121.2064,キ马,C0C650,2017-02-10T21:00:00+08:00,208.0,55.0,3.1,9.5,0.67,1001.1,-99.0,0.0,-9.9,-99,-999,缍楗,08,キ马跋,055
24.8994,121.2064,キ马,C0C650,2017-02-10T22:00:00+08:00,208.0,59.0,3.0,9.5,0.67,1001.2,-99.0,0.0,-9.9,-99,-999,缍楗,08,キ马跋,055
24.8994,121.2064,キ马,C0C650,2017-02-10T23:00:00+08:00,208.0,60.0,3.3,9.5,0.65,1001.4,-99.0,0.0,-9.9,-99,-999,缍楗,08,キ马跋,055
24.8994,121.2064,キ马,C0C650,2017-02-11T00:00:00+08:00,208.0,63.0,3.7,9.5,0.64,1001.3,-99.0,0.0,-9.9,-99,-999,缍楗,08,キ马跋,055
24.8994,121.2064,キ马,C0C650,2017-02-11T01:00:00+08:00,208.0,59.0,3.4,9.5,0.65,1001.5,-99.0,0.0,-9.9,-99,-999,缍楗,08,キ马跋,055
24.8994,121.2064,キ马,C0C650,2017-02-11T02:00:00+08:00,208.0,58.0,3.1,9.5,0.65,1001.2,-99.0,0.0,-9.9,-99,-999,缍楗,08,キ马跋,055
24.8994,121.2064,キ马,C0C650,2017-02-11T03:00:00+08:00,208.0,53.0,3.5,9.4,0.65,1001.0,-99.0,0.0,-9.9,-99,-999,缍楗,08,キ马跋,055
24.8994,121.2064,キ马,C0C650,2017-02-11T04:00:00+08:00,208.0,65.0,3.6,9.5,0.64,1001.1,-99.0,0.0,-9.9,-99,-999,缍楗,08,キ马跋,055
24.8994,121.2064,キ马,C0C650,2017-02-11T05:00:00+08:00,208.0,52.0,3.7,9.5,0.64,1001.3,-99.0,0.0,-9.9,-99,-999,缍楗,08,キ马跋,055
24.8994,121.2064,キ马,C0C650,2017-02-11T06:00:00+08:00,208.0,68.0,4.0,9.5,0.63,1002.0,-99.0,0.0,-9.9,-99,-999,缍楗,08,キ马跋,055
24.8994,121.2064,キ马,C0C650,2017-02-11T07:00:00+08:00,208.0,64.0,3.1,9.5,0.64,1002.7,-99.0,0.0,-9.9,-99,-999,缍楗,08,キ马跋,055
24.8994,121.2064,キ马,C0C650,2017-02-11T08:00:00+08:00,208.0,63.0,3.8,9.9,0.63,1003.1,-99.0,0.0,-9.9,-99,-999,缍楗,08,キ马跋,055
24.8994,121.2064,キ马,C0C650,2017-02-11T09:00:00+08:00,208.0,48.0,4.9,9.9,0.61,1003.7,-99.0,0.0,-9.9,-99,-999,缍楗,08,キ马跋,055
24.8994,121.2064,キ马,C0C650,2017-02-11T10:00:00+08:00,208.0,42.0,5.8,10.1,0.59,1004.0,-99.0,0.0,-9.9,-99,-999,缍楗,08,キ马跋,055
24.8994,121.2064,キ马,C0C650,2017-02-11T11:00:00+08:00,208.0,45.0,5.7,10.7,0.58,1003.7,-99.0,0.0,-9.9,-99,-999,缍楗,08,キ马跋,055
24.8994,121.2064,キ马,C0C650,2017-02-11T12:00:00+08:00,208.0,57.0,5.0,11.1,0.60,1003.0,-99.0,0.0,-9.9,-99,-999,缍楗,08,キ马跋,055
24.8994,121.2064,キ马,C0C650,2017-02-11T13:00:00+08:00,208.0,47.0,6.0,11.6,0.58,1001.8,-99.0,0.0,-9.9,-99,-999,缍楗,08,キ马跋,055
24.8994,121.2064,キ马,C0C650,2017-02-11T14:00:00+08:00,208.0,63.0,4.7,12.1,0.60,1001.3,-99.0,0.0,-9.9,-99,-999,缍楗,08,キ马跋,055
24.8994,121.2064,キ马,C0C650,2017-02-11T15:00:00+08:00,208.0,55.0,5.0,12.3,0.59,1001.3,-99.0,0.0,-9.9,-99,-999,缍楗,08,キ马跋,055
24.8994,121.2064,キ马,C0C650,2017-02-11T16:00:00+08:00,208.0,39.0,5.6,11.2,0.61,1001.6,-99.0,0.0,-9.9,-99,-999,缍楗,08,キ马跋,055
24.8994,121.2064,キ马,C0C650,2017-02-11T17:00:00+08:00,208.0,51.0,4.6,10.9,0.62,1002.2,-99.0,0.0,-9.9,-99,-999,缍楗,08,キ马跋,055
24.8994,121.2064,キ马,C0C650,2017-02-11T18:00:00+08:00,208.0,58.0,4.7,10.0,0.66,1002.5,-99.0,0.0,-9.9,-99,-999,缍楗,08,キ马跋,055
24.8994,121.2064,キ马,C0C650,2017-02-11T19:00:00+08:00,208.0,46.0,4.4,9.7,0.68,1002.7,-99.0,0.0,-9.9,-99,-999,缍楗,08,キ马跋,055
24.8994,121.2064,キ马,C0C650,2017-02-11T20:00:00+08:00,208.0,47.0,3.3,9.3,0.70,1002.9,-99.0,0.0,-9.9,-99,-999,缍楗,08,キ马跋,055
24.8994,121.2064,キ马,C0C650,2017-02-11T21:00:00+08:00,208.0,45.0,4.5,9.7,0.67,1002.8,-99.0,0.0,-9.9,-99,-999,缍楗,08,キ马跋,055
24.8994,121.2064,キ马,C0C650,2017-02-11T22:00:00+08:00,208.0,46.0,4.3,9.9,0.67,1003.0,-99.0,0.0,-9.9,-99,-999,缍楗,08,キ马跋,055
24.8994,121.2064,キ马,C0C650,2017-02-11T23:00:00+08:00,208.0,55.0,4.1,10.1,0.67,1002.8,-99.0,0.0,-9.9,-99,-999,缍楗,08,キ马跋,055
24.8994,121.2064,キ马,C0C650,2017-02-12T00:00:00+08:00,208.0,44.0,3.8,10.0,0.68,1002.6,-99.0,0.0,-9.9,-99,-999,缍楗,08,キ马跋,055
24.8994,121.2064,キ马,C0C650,2017-02-12T01:00:00+08:00,208.0,41.0,4.6,10.4,0.67,1002.5,-99.0,0.0,-9.9,-99,-999,缍楗,08,キ马跋,055
24.8994,121.2064,キ马,C0C650,2017-02-12T02:00:00+08:00,208.0,34.0,4.6,10.4,0.68,1002.0,-99.0,0.0,-9.9,-99,-999,缍楗,08,キ马跋,055
24.8994,121.2064,キ马,C0C650,2017-02-12T03:00:00+08:00,208.0,37.0,3.9,10.4,0.69,1001.7,-99.0,0.0,-9.9,-99,-999,缍楗,08,キ马跋,055
24.8994,121.2064,キ马,C0C650,2017-02-12T04:00:00+08:00,208.0,36.0,4.4,10.4,0.69,1001.7,-99.0,0.0,-9.9,-99,-999,缍楗,08,キ马跋,055
24.8994,121.2064,キ马,C0C650,2017-02-12T05:00:00+08:00,208.0,39.0,3.6,10.4,0.70,1002.0,-99.0,0.0,-9.9,-99,-999,缍楗,08,キ马跋,055
24.8994,121.2064,キ马,C0C650,2017-02-12T06:00:00+08:00,208.0,36.0,3.6,10.5,0.72,1002.5,-99.0,0.0,-9.9,-99,-999,缍楗,08,キ马跋,055
24.8994,121.2064,キ马,C0C650,2017-02-12T07:00:00+08:00,208.0,31.0,3.9,10.6,0.73,1002.8,-99.0,0.0,-9.9,-99,-999,缍楗,08,キ马跋,055
24.8994,121.2064,キ马,C0C650,2017-02-12T08:00:00+08:00,208.0,41.0,4.4,12.2,0.67,1003.1,-99.0,0.0,-9.9,-99,-999,缍楗,08,キ马跋,055
24.8994,121.2064,キ马,C0C650,2017-02-12T10:00:00+08:00,208.0,50.0,5.0,13.4,0.65,1003.2,-99.0,0.0,-9.9,-99,-999,缍楗,08,キ马跋,055
24.8994,121.2064,キ马,C0C650,2017-02-12T11:00:00+08:00,208.0,45.0,5.0,14.2,0.62,1002.8,-99.0,0.0,-9.9,-99,-999,缍楗,08,キ马跋,055
24.8994,121.2064,キ马,C0C650,2017-02-12T12:00:00+08:00,208.0,54.0,5.6,14.5,0.62,1002.4,-99.0,0.0,-9.9,-99,-999,缍楗,08,キ马跋,055
24.8994,121.2064,キ马,C0C650,2017-02-12T13:00:00+08:00,208.0,59.0,6.0,14.7,0.62,1001.6,-99.0,0.0,-9.9,-99,-999,缍楗,08,キ马跋,055
24.8994,121.2064,キ马,C0C650,2017-02-12T14:00:00+08:00,208.0,43.0,5.7,15.2,0.62,1000.6,-99.0,0.0,-9.9,-99,-999,缍楗,08,キ马跋,055
24.8994,121.2064,キ马,C0C650,2017-02-12T15:00:00+08:00,208.0,48.0,6.2,14.3,0.64,1000.5,-99.0,0.0,-9.9,-99,-999,缍楗,08,キ马跋,055
24.8994,121.2064,キ马,C0C650,2017-02-12T16:00:00+08:00,208.0,44.0,5.5,13.9,0.66,1000.9,-99.0,0.0,-9.9,-99,-999,缍楗,08,キ马跋,055
24.8994,121.2064,キ马,C0C650,2017-02-12T17:00:00+08:00,208.0,64.0,5.2,13.1,0.69,1001.3,-99.0,0.0,-9.9,-99,-999,缍楗,08,キ马跋,055
24.8994,121.2064,キ马,C0C650,2017-02-12T18:00:00+08:00,208.0,58.0,4.3,12.6,0.70,1001.4,-99.0,0.0,-9.9,-99,-999,缍楗,08,キ马跋,055
24.8994,121.2064,キ马,C0C650,2017-02-12T19:00:00+08:00,208.0,56.0,4.1,12.8,0.69,1001.5,-99.0,0.0,-9.9,-99,-999,缍楗,08,キ马跋,055
24.8994,121.2064,キ马,C0C650,2017-02-12T20:00:00+08:00,208.0,56.0,4.6,13.0,0.69,1001.8,-99.0,0.0,-9.9,-99,-999,缍楗,08,キ马跋,055
24.8994,121.2064,キ马,C0C650,2017-02-12T21:00:00+08:00,208.0,51.0,5.0,13.0,0.72,1002.0,-99.0,0.0,-9.9,-99,-999,缍楗,08,キ马跋,055
24.8994,121.2064,キ马,C0C650,2017-02-12T22:00:00+08:00,208.0,55.0,4.6,13.1,0.73,1002.2,-99.0,0.0,-9.9,-99,-999,缍楗,08,キ马跋,055
24.8994,121.2064,キ马,C0C650,2017-02-12T23:00:00+08:00,208.0,47.0,4.4,13.0,0.73,1002.3,-99.0,0.0,-9.9,-99,-999,缍楗,08,キ马跋,055
24.8994,121.2064,キ马,C0C650,2017-02-13T00:00:00+08:00,208.0,54.0,4.4,13.2,0.71,1002.2,-99.0,0.0,-9.9,-99,-999,缍楗,08,キ马跋,055
24.8994,121.2064,キ马,C0C650,2017-02-13T01:00:00+08:00,208.0,51.0,4.0,12.8,0.74,1002.0,-99.0,0.0,-9.9,-99,-999,缍楗,08,キ马跋,055
24.8994,121.2064,キ马,C0C650,2017-02-13T02:00:00+08:00,208.0,60.0,3.6,13.1,0.74,1001.7,-99.0,0.0,-9.9,-99,-999,缍楗,08,キ马跋,055
24.8994,121.2064,キ马,C0C650,2017-02-13T03:00:00+08:00,208.0,36.0,5.0,12.7,0.77,1001.7,-99.0,0.0,-9.9,-99,-999,缍楗,08,キ马跋,055
24.8994,121.2064,キ马,C0C650,2017-02-13T04:00:00+08:00,208.0,52.0,3.1,12.6,0.76,1001.7,-99.0,0.0,-9.9,-99,-999,缍楗,08,キ马跋,055
24.8994,121.2064,キ马,C0C650,2017-02-13T05:00:00+08:00,208.0,44.0,4.0,13.0,0.71,1002.2,-99.0,0.0,-9.9,-99,-999,缍楗,08,キ马跋,055
24.8994,121.2064,キ马,C0C650,2017-02-13T06:00:00+08:00,208.0,54.0,3.7,12.9,0.70,1002.6,-99.0,0.0,-9.9,-99,-999,缍楗,08,キ马跋,055
24.8994,121.2064,キ马,C0C650,2017-02-13T07:00:00+08:00,208.0,58.0,4.5,13.1,0.70,1003.0,-99.0,0.0,-9.9,-99,-999,缍楗,08,キ马跋,055
24.8994,121.2064,キ马,C0C650,2017-02-13T08:00:00+08:00,208.0,48.0,4.4,14.2,0.68,1003.6,-99.0,0.0,-9.9,-99,-999,缍楗,08,キ马跋,055
24.8994,121.2064,キ马,C0C650,2017-02-13T10:00:00+08:00,208.0,60.0,4.9,16.3,0.63,1003.8,-99.0,0.0,-9.9,-99,-999,缍楗,08,キ马跋,055
24.8994,121.2064,キ马,C0C650,2017-02-13T11:00:00+08:00,208.0,66.0,4.7,17.7,0.60,1003.4,-99.0,0.0,-9.9,-99,-999,缍楗,08,キ马跋,055
24.8994,121.2064,キ马,C0C650,2017-02-13T12:00:00+08:00,208.0,65.0,5.3,18.0,0.58,1002.8,-99.0,0.0,-9.9,-99,-999,缍楗,08,キ马跋,055
24.8994,121.2064,キ马,C0C650,2017-02-13T13:00:00+08:00,208.0,57.0,4.6,17.7,0.61,1002.2,-99.0,0.0,-9.9,-99,-999,缍楗,08,キ马跋,055
24.8994,121.2064,キ马,C0C650,2017-02-13T14:00:00+08:00,208.0,68.0,4.4,17.9,0.60,1002.0,-99.0,0.0,-9.9,-99,-999,缍楗,08,キ马跋,055
24.8994,121.2064,キ马,C0C650,2017-02-13T15:00:00+08:00,208.0,62.0,4.3,17.6,0.62,1002.1,-99.0,0.0,-9.9,-99,-999,缍楗,08,キ马跋,055
24.8994,121.2064,キ马,C0C650,2017-02-13T16:00:00+08:00,208.0,63.0,4.8,16.4,0.66,1002.2,-99.0,0.0,-9.9,-99,-999,缍楗,08,キ马跋,055
24.8994,121.2064,キ马,C0C650,2017-02-13T17:00:00+08:00,208.0,55.0,4.3,15.2,0.70,1002.6,-99.0,0.0,-9.9,-99,-999,缍楗,08,キ马跋,055
24.8994,121.2064,キ马,C0C650,2017-02-13T18:00:00+08:00,208.0,55.0,4.5,14.2,0.73,1003.0,-99.0,0.0,-9.9,-99,-999,缍楗,08,キ马跋,055
24.8994,121.2064,キ马,C0C650,2017-02-13T19:00:00+08:00,208.0,50.0,4.3,13.9,0.74,1003.4,-99.0,0.0,-9.9,-99,-999,缍楗,08,キ马跋,055
24.8994,121.2064,キ马,C0C650,2017-02-13T20:00:00+08:00,208.0,49.0,4.7,13.9,0.74,1004.0,-99.0,0.0,-9.9,-99,-999,缍楗,08,キ马跋,055
24.8994,121.2064,キ马,C0C650,2017-02-13T21:00:00+08:00,208.0,53.0,4.4,13.8,0.73,1004.4,-99.0,0.0,-9.9,-99,-999,缍楗,08,キ马跋,055
24.8994,121.2064,キ马,C0C650,2017-02-13T22:00:00+08:00,208.0,48.0,4.7,13.8,0.73,1004.3,-99.0,0.0,-9.9,-99,-999,缍楗,08,キ马跋,055
24.8994,121.2064,キ马,C0C650,2017-02-13T23:00:00+08:00,208.0,56.0,4.7,13.8,0.73,1004.6,-99.0,0.0,-9.9,-99,-999,缍楗,08,キ马跋,055
24.8994,121.2064,キ马,C0C650,2017-02-14T00:00:00+08:00,208.0,61.0,4.4,13.6,0.73,1004.5,-99.0,0.0,-9.9,-99,-999,缍楗,08,キ马跋,055
24.8994,121.2064,キ马,C0C650,2017-02-14T01:00:00+08:00,208.0,55.0,4.4,13.7,0.72,1004.5,-99.0,0.0,-9.9,-99,-999,缍楗,08,キ马跋,055
24.8994,121.2064,キ马,C0C650,2017-02-14T02:00:00+08:00,208.0,64.0,4.6,13.6,0.71,1004.1,-99.0,0.0,-9.9,-99,-999,缍楗,08,キ马跋,055
24.8994,121.2064,キ马,C0C650,2017-02-14T03:00:00+08:00,208.0,57.0,4.9,13.6,0.70,1003.8,-99.0,0.0,-9.9,-99,-999,缍楗,08,キ马跋,055
24.8994,121.2064,キ马,C0C650,2017-02-14T04:00:00+08:00,208.0,56.0,5.3,13.6,0.69,1003.9,-99.0,0.0,-9.9,-99,-999,缍楗,08,キ马跋,055
24.8994,121.2064,キ马,C0C650,2017-02-14T05:00:00+08:00,208.0,53.0,4.8,13.4,0.69,1004.2,-99.0,0.0,-9.9,-99,-999,缍楗,08,キ马跋,055
24.8994,121.2064,キ马,C0C650,2017-02-14T06:00:00+08:00,208.0,52.0,4.6,13.3,0.68,1004.8,-99.0,0.0,-9.9,-99,-999,缍楗,08,キ马跋,055
24.8994,121.2064,キ马,C0C650,2017-02-14T07:00:00+08:00,208.0,57.0,4.7,13.4,0.64,1005.3,-99.0,0.0,-9.9,-99,-999,缍楗,08,キ马跋,055
24.8994,121.2064,キ马,C0C650,2017-02-14T08:00:00+08:00,208.0,53.0,4.7,14.5,0.59,1006.0,-99.0,0.0,-9.9,-99,-999,缍楗,08,キ马跋,055
24.8994,121.2064,キ马,C0C650,2017-02-14T09:00:00+08:00,208.0,57.0,4.6,15.6,0.56,1006.2,-99.0,0.0,-9.9,-99,-999,缍楗,08,キ马跋,055
24.8994,121.2064,キ马,C0C650,2017-02-14T10:00:00+08:00,208.0,61.0,4.8,16.8,0.54,1006.1,-99.0,0.0,-9.9,-99,-999,缍楗,08,キ马跋,055
24.8994,121.2064,キ马,C0C650,2017-02-14T11:00:00+08:00,208.0,57.0,4.7,18.1,0.51,1005.8,-99.0,0.0,-9.9,-99,-999,缍楗,08,キ马跋,055
24.8994,121.2064,キ马,C0C650,2017-02-14T12:00:00+08:00,208.0,44.0,4.8,18.8,0.51,1004.7,-99.0,0.0,-9.9,-99,-999,缍楗,08,キ马跋,055
24.8994,121.2064,キ马,C0C650,2017-02-14T13:00:00+08:00,208.0,59.0,4.4,19.4,0.51,1004.1,-99.0,0.0,-9.9,-99,-999,缍楗,08,キ马跋,055
24.8994,121.2064,キ马,C0C650,2017-02-14T14:00:00+08:00,208.0,50.0,5.4,19.0,0.50,1003.3,-99.0,0.0,-9.9,-99,-999,缍楗,08,キ马跋,055
24.8994,121.2064,キ马,C0C650,2017-02-14T15:00:00+08:00,208.0,49.0,4.8,18.7,0.54,1003.2,-99.0,0.0,-9.9,-99,-999,缍楗,08,キ马跋,055
24.8994,121.2064,キ马,C0C650,2017-02-14T16:00:00+08:00,208.0,50.0,5.2,17.7,0.55,1003.1,-99.0,0.0,-9.9,-99,-999,缍楗,08,キ马跋,055
24.8994,121.2064,キ马,C0C650,2017-02-14T17:00:00+08:00,208.0,56.0,4.4,16.3,0.60,1003.3,-99.0,0.0,-9.9,-99,-999,缍楗,08,キ马跋,055
24.8994,121.2064,キ马,C0C650,2017-02-14T18:00:00+08:00,208.0,64.0,4.7,15.1,0.64,1003.6,-99.0,0.0,-9.9,-99,-999,缍楗,08,キ马跋,055
24.8994,121.2064,キ马,C0C650,2017-02-14T19:00:00+08:00,208.0,62.0,4.1,14.4,0.66,1004.0,-99.0,0.0,-9.9,-99,-999,缍楗,08,キ马跋,055
24.8994,121.2064,キ马,C0C650,2017-02-14T20:00:00+08:00,208.0,61.0,3.6,14.0,0.66,1004.3,-99.0,0.0,-9.9,-99,-999,缍楗,08,キ马跋,055
24.8994,121.2064,キ马,C0C650,2017-02-14T21:00:00+08:00,208.0,62.0,3.6,13.9,0.67,1004.3,-99.0,0.0,-9.9,-99,-999,缍楗,08,キ马跋,055
24.8994,121.2064,キ马,C0C650,2017-02-14T22:00:00+08:00,208.0,60.0,3.0,13.9,0.67,1004.3,-99.0,0.0,-9.9,-99,-999,缍楗,08,キ马跋,055
24.8994,121.2064,キ马,C0C650,2017-02-14T23:00:00+08:00,208.0,61.0,2.7,13.9,0.66,1004.1,-99.0,0.0,-9.9,-99,-999,缍楗,08,キ马跋,055
24.8994,121.2064,キ马,C0C650,2017-02-15T00:00:00+08:00,208.0,73.0,2.0,13.6,0.66,1003.7,-99.0,0.0,-9.9,-99,-999,缍楗,08,キ马跋,055
24.8994,121.2064,キ马,C0C650,2017-02-15T01:00:00+08:00,208.0,81.0,2.7,13.6,0.66,1003.3,-99.0,0.0,-9.9,-99,-999,缍楗,08,キ马跋,055
24.8994,121.2064,キ马,C0C650,2017-02-15T02:00:00+08:00,208.0,82.0,2.3,13.5,0.69,1002.9,-99.0,0.0,-9.9,-99,-999,缍楗,08,キ马跋,055
24.8994,121.2064,キ马,C0C650,2017-02-15T03:00:00+08:00,208.0,171.0,0.4,11.9,0.75,1002.6,-99.0,0.0,-9.9,-99,-999,缍楗,08,キ马跋,055
24.8994,121.2064,キ马,C0C650,2017-02-15T04:00:00+08:00,208.0,196.0,0.3,11.9,0.78,1002.1,-99.0,0.0,-9.9,-99,-999,缍楗,08,キ马跋,055
24.8994,121.2064,キ马,C0C650,2017-02-15T05:00:00+08:00,208.0,208.0,0.4,12.0,0.79,1002.1,-99.0,0.0,-9.9,-99,-999,缍楗,08,キ马跋,055
24.8994,121.2064,キ马,C0C650,2017-02-15T06:00:00+08:00,208.0,0.0,0.0,12.4,0.78,1002.6,-99.0,0.0,-9.9,-99,-999,缍楗,08,キ马跋,055
24.8994,121.2064,キ马,C0C650,2017-02-15T07:00:00+08:00,208.0,226.0,0.6,12.4,0.81,1003.2,-99.0,0.0,-9.9,-99,-999,缍楗,08,キ马跋,055
24.8994,121.2064,キ马,C0C650,2017-02-15T08:00:00+08:00,208.0,123.0,0.4,16.4,0.66,1003.4,-99.0,0.0,-9.9,-99,-999,缍楗,08,キ马跋,055
24.8994,121.2064,キ马,C0C650,2017-02-15T10:00:00+08:00,208.0,236.0,0.9,18.9,0.56,1003.4,-99.0,0.0,-9.9,-99,-999,缍楗,08,キ马跋,055
24.8994,121.2064,キ马,C0C650,2017-02-15T11:00:00+08:00,208.0,350.0,1.3,20.1,0.53,1002.9,-99.0,0.0,-9.9,-99,-999,缍楗,08,キ马跋,055
24.8994,121.2064,キ马,C0C650,2017-02-15T12:00:00+08:00,208.0,355.0,1.2,21.9,0.49,1002.1,-99.0,0.0,-9.9,-99,-999,缍楗,08,キ马跋,055
24.8994,121.2064,キ马,C0C650,2017-02-15T13:00:00+08:00,208.0,269.0,0.7,22.5,0.47,1000.8,-99.0,0.0,-9.9,-99,-999,缍楗,08,キ马跋,055
24.8994,121.2064,キ马,C0C650,2017-02-15T14:00:00+08:00,208.0,330.0,2.0,21.2,0.50,1000.2,-99.0,0.0,-9.9,-99,-999,缍楗,08,キ马跋,055
24.8994,121.2064,キ马,C0C650,2017-02-15T15:00:00+08:00,208.0,321.0,1.7,19.6,0.58,999.7,-99.0,0.0,-9.9,-99,-999,缍楗,08,キ马跋,055
24.8994,121.2064,キ马,C0C650,2017-02-15T16:00:00+08:00,208.0,360.0,0.7,19.7,0.58,999.6,-99.0,0.0,-9.9,-99,-999,缍楗,08,キ马跋,055
24.8994,121.2064,キ马,C0C650,2017-02-15T17:00:00+08:00,208.0,255.0,0.7,19.6,0.57,999.9,-99.0,0.0,-9.9,-99,-999,缍楗,08,キ马跋,055
24.8994,121.2064,キ马,C0C650,2017-02-15T18:00:00+08:00,208.0,238.0,1.0,19.0,0.59,999.9,-99.0,0.0,-9.9,-99,-999,缍楗,08,キ马跋,055
24.8994,121.2064,キ马,C0C650,2017-02-15T19:00:00+08:00,208.0,232.0,0.5,18.1,0.64,1000.2,-99.0,0.0,-9.9,-99,-999,缍楗,08,キ马跋,055
24.8994,121.2064,キ马,C0C650,2017-02-15T20:00:00+08:00,208.0,0.0,0.0,16.8,0.69,1000.4,-99.0,0.0,-9.9,-99,-999,缍楗,08,キ马跋,055
24.8994,121.2064,キ马,C0C650,2017-02-15T21:00:00+08:00,208.0,0.0,0.2,15.1,0.81,1000.0,-99.0,0.0,-9.9,-99,-999,缍楗,08,キ马跋,055
24.8994,121.2064,キ马,C0C650,2017-02-15T22:00:00+08:00,208.0,252.0,0.8,15.6,0.79,1000.0,-99.0,0.0,-9.9,-99,-999,缍楗,08,キ马跋,055
24.8994,121.2064,キ马,C0C650,2017-02-15T23:00:00+08:00,208.0,0.0,0.0,13.7,0.85,999.6,-99.0,0.0,-9.9,-99,-999,缍楗,08,キ马跋,055
24.8994,121.2064,キ马,C0C650,2017-02-16T00:00:00+08:00,208.0,207.0,0.7,13.6,0.90,999.1,-99.0,0.0,-9.9,-99,-999,缍楗,08,キ马跋,055
24.8994,121.2064,キ马,C0C650,2017-02-16T01:00:00+08:00,208.0,207.0,1.2,13.6,0.89,998.7,-99.0,0.0,-9.9,-99,-999,缍楗,08,キ马跋,055
24.8994,121.2064,キ马,C0C650,2017-02-16T02:00:00+08:00,208.0,0.0,0.0,12.8,0.88,998.5,-99.0,0.0,-9.9,-99,-999,缍楗,08,キ马跋,055
24.8994,121.2064,キ马,C0C650,2017-02-16T03:00:00+08:00,208.0,235.0,1.4,13.4,0.87,998.3,-99.0,0.0,-9.9,-99,-999,缍楗,08,キ马跋,055
24.8994,121.2064,キ马,C0C650,2017-02-16T04:00:00+08:00,208.0,169.0,0.4,12.4,0.92,998.1,-99.0,0.0,-9.9,-99,-999,缍楗,08,キ马跋,055
24.8994,121.2064,キ马,C0C650,2017-02-16T05:00:00+08:00,208.0,217.0,0.6,12.4,0.93,998.3,-99.0,0.0,-9.9,-99,-999,缍楗,08,キ马跋,055
24.8994,121.2064,キ马,C0C650,2017-02-16T06:00:00+08:00,208.0,214.0,0.8,12.2,0.93,998.3,-99.0,0.0,-9.9,-99,-999,缍楗,08,キ马跋,055
24.8994,121.2064,キ马,C0C650,2017-02-16T07:00:00+08:00,208.0,203.0,0.8,11.8,0.94,998.6,-99.0,0.0,-9.9,-99,-999,缍楗,08,キ马跋,055
24.8994,121.2064,キ马,C0C650,2017-02-16T08:00:00+08:00,208.0,208.0,0.4,14.3,0.91,998.8,-99.0,0.0,-9.9,-99,-999,缍楗,08,キ马跋,055
24.8994,121.2064,キ马,C0C650,2017-02-16T09:00:00+08:00,208.0,138.0,0.5,17.6,0.73,999.1,-99.0,0.0,-9.9,-99,-999,缍楗,08,キ马跋,055
24.8994,121.2064,キ马,C0C650,2017-02-16T10:00:00+08:00,208.0,137.0,0.6,19.8,0.63,999.0,-99.0,0.0,-9.9,-99,-999,缍楗,08,キ马跋,055
24.8994,121.2064,キ马,C0C650,2017-02-16T11:00:00+08:00,208.0,3.0,0.8,20.5,0.57,998.4,-99.0,0.0,-9.9,-99,-999,缍楗,08,キ马跋,055
24.8994,121.2064,キ马,C0C650,2017-02-16T12:00:00+08:00,208.0,231.0,1.7,23.1,0.40,997.5,-99.0,0.0,-9.9,-99,-999,缍楗,08,キ马跋,055
24.8994,121.2064,キ马,C0C650,2017-02-16T13:00:00+08:00,208.0,239.0,2.6,23.2,0.36,996.5,-99.0,0.0,-9.9,-99,-999,缍楗,08,キ马跋,055
24.8994,121.2064,キ马,C0C650,2017-02-16T14:00:00+08:00,208.0,248.0,2.6,23.4,0.32,996.1,-99.0,0.0,-9.9,-99,-999,缍楗,08,キ马跋,055
24.8994,121.2064,キ马,C0C650,2017-02-16T15:00:00+08:00,208.0,289.0,1.0,23.2,0.37,995.9,-99.0,0.0,-9.9,-99,-999,缍楗,08,キ马跋,055
24.8994,121.2064,キ马,C0C650,2017-02-16T16:00:00+08:00,208.0,284.0,1.0,23.1,0.36,995.8,-99.0,0.0,-9.9,-99,-999,缍楗,08,キ马跋,055
24.8994,121.2064,キ马,C0C650,2017-02-16T17:00:00+08:00,208.0,224.0,1.7,22.1,0.36,996.2,-99.0,0.0,-9.9,-99,-999,缍楗,08,キ马跋,055
24.8994,121.2064,キ马,C0C650,2017-02-16T18:00:00+08:00,208.0,222.0,1.2,20.1,0.44,996.4,-99.0,0.0,-9.9,-99,-999,缍楗,08,キ马跋,055
24.8994,121.2064,キ马,C0C650,2017-02-16T19:00:00+08:00,208.0,226.0,0.5,18.3,0.51,996.7,-99.0,0.0,-9.9,-99,-999,缍楗,08,キ马跋,055
24.8994,121.2064,キ马,C0C650,2017-02-16T20:00:00+08:00,208.0,235.0,0.8,18.8,0.52,997.3,-99.0,0.0,-9.9,-99,-999,缍楗,08,キ马跋,055
24.8994,121.2064,キ马,C0C650,2017-02-16T21:00:00+08:00,208.0,186.0,0.4,15.9,0.70,997.5,-99.0,0.0,-9.9,-99,-999,缍楗,08,キ马跋,055
24.8994,121.2064,キ马,C0C650,2017-02-16T22:00:00+08:00,208.0,207.0,0.4,15.3,0.72,997.8,-99.0,0.0,-9.9,-99,-999,缍楗,08,キ马跋,055
24.8994,121.2064,キ马,C0C650,2017-02-16T23:00:00+08:00,208.0,210.0,0.9,15.4,0.72,997.5,-99.0,0.0,-9.9,-99,-999,缍楗,08,キ马跋,055
24.8994,121.2064,キ马,C0C650,2017-02-17T00:00:00+08:00,208.0,205.0,1.0,15.1,0.74,997.4,-99.0,0.0,-9.9,-99,-999,缍楗,08,キ马跋,055
24.8994,121.2064,キ马,C0C650,2017-02-17T01:00:00+08:00,208.0,210.0,1.5,15.1,0.75,997.2,-99.0,0.0,-9.9,-99,-999,缍楗,08,キ马跋,055
24.8994,121.2064,キ马,C0C650,2017-02-17T02:00:00+08:00,208.0,210.0,1.4,14.9,0.77,996.9,-99.0,0.0,-9.9,-99,-999,缍楗,08,キ马跋,055
24.8994,121.2064,キ马,C0C650,2017-02-17T03:00:00+08:00,208.0,211.0,1.1,14.5,0.78,997.0,-99.0,0.0,-9.9,-99,-999,缍楗,08,キ马跋,055
24.8994,121.2064,キ马,C0C650,2017-02-17T04:00:00+08:00,208.0,225.0,0.4,14.2,0.78,996.9,-99.0,0.0,-9.9,-99,-999,缍楗,08,キ马跋,055
24.8994,121.2064,キ马,C0C650,2017-02-17T05:00:00+08:00,208.0,209.0,1.1,14.0,0.78,997.0,-99.0,0.0,-9.9,-99,-999,缍楗,08,キ马跋,055
24.8994,121.2064,キ马,C0C650,2017-02-17T06:00:00+08:00,208.0,209.0,1.6,13.6,0.81,997.7,-99.0,0.0,-9.9,-99,-999,缍楗,08,キ马跋,055
24.8994,121.2064,キ马,C0C650,2017-02-17T07:00:00+08:00,208.0,209.0,1.2,14.7,0.77,998.2,-99.0,0.0,-9.9,-99,-999,缍楗,08,キ马跋,055
24.8994,121.2064,キ马,C0C650,2017-02-17T08:00:00+08:00,208.0,188.0,0.4,17.9,0.66,998.8,-99.0,0.0,-9.9,-99,-999,缍楗,08,キ马跋,055
24.8994,121.2064,キ马,C0C650,2017-02-17T10:00:00+08:00,208.0,93.0,1.2,23.0,0.47,999.0,-99.0,0.0,-9.9,-99,-999,缍楗,08,キ马跋,055
24.8994,121.2064,キ马,C0C650,2017-02-17T11:00:00+08:00,208.0,262.0,1.1,23.7,0.46,998.2,-99.0,0.0,-9.9,-99,-999,缍楗,08,キ马跋,055
24.8994,121.2064,キ马,C0C650,2017-02-17T12:00:00+08:00,208.0,2.0,1.4,24.6,0.45,997.2,-99.0,0.0,-9.9,-99,-999,缍楗,08,キ马跋,055
24.8994,121.2064,キ马,C0C650,2017-02-17T13:00:00+08:00,208.0,2.0,2.7,23.8,0.53,996.4,-99.0,0.0,-9.9,-99,-999,缍楗,08,キ马跋,055
24.8994,121.2064,キ马,C0C650,2017-02-17T14:00:00+08:00,208.0,340.0,1.8,24.0,0.48,996.2,-99.0,0.0,-9.9,-99,-999,缍楗,08,キ马跋,055
24.8994,121.2064,キ马,C0C650,2017-02-17T15:00:00+08:00,208.0,327.0,1.3,23.6,0.52,996.1,-99.0,0.0,-9.9,-99,-999,缍楗,08,キ马跋,055
24.8994,121.2064,キ马,C0C650,2017-02-17T16:00:00+08:00,208.0,336.0,1.3,22.2,0.58,996.1,-99.0,0.0,-9.9,-99,-999,缍楗,08,キ马跋,055
24.8994,121.2064,キ马,C0C650,2017-02-17T17:00:00+08:00,208.0,337.0,1.0,21.3,0.64,996.5,-99.0,0.0,-9.9,-99,-999,缍楗,08,キ马跋,055
24.8994,121.2064,キ马,C0C650,2017-02-17T18:00:00+08:00,208.0,36.0,1.1,19.6,0.71,996.8,-99.0,0.0,-9.9,-99,-999,缍楗,08,キ马跋,055
24.8994,121.2064,キ马,C0C650,2017-02-17T19:00:00+08:00,208.0,31.0,1.5,18.8,0.76,997.4,-99.0,0.0,-9.9,-99,-999,缍楗,08,キ马跋,055
24.8994,121.2064,キ马,C0C650,2017-02-17T20:00:00+08:00,208.0,37.0,0.4,18.4,0.77,997.9,-99.0,0.0,-9.9,-99,-999,缍楗,08,キ马跋,055
24.8994,121.2064,キ马,C0C650,2017-02-17T21:00:00+08:00,208.0,0.0,0.0,17.4,0.83,998.0,-99.0,0.0,-9.9,-99,-999,缍楗,08,キ马跋,055
24.8994,121.2064,キ马,C0C650,2017-02-17T22:00:00+08:00,208.0,31.0,0.7,17.6,0.82,998.4,-99.0,0.0,-9.9,-99,-999,缍楗,08,キ马跋,055
24.8994,121.2064,キ马,C0C650,2017-02-17T23:00:00+08:00,208.0,105.0,0.3,16.9,0.84,998.6,-99.0,0.0,-9.9,-99,-999,缍楗,08,キ马跋,055
24.8994,121.2064,キ马,C0C650,2017-02-18T00:00:00+08:00,208.0,350.0,0.3,16.7,0.86,998.5,-99.0,0.0,-9.9,-99,-999,缍楗,08,キ马跋,055
24.8994,121.2064,キ马,C0C650,2017-02-18T01:00:00+08:00,208.0,0.0,0.0,16.5,0.89,998.3,-99.0,0.0,-9.9,-99,-999,缍楗,08,キ马跋,055
24.8994,121.2064,キ马,C0C650,2017-02-18T02:00:00+08:00,208.0,322.0,1.1,16.6,0.92,998.2,-99.0,0.0,-9.9,-99,-999,缍楗,08,キ马跋,055
24.8994,121.2064,キ马,C0C650,2017-02-18T03:00:00+08:00,208.0,3.0,1.2,16.8,0.94,998.2,-99.0,0.0,-9.9,-99,-999,缍楗,08,キ马跋,055
24.8994,121.2064,キ马,C0C650,2017-02-18T04:00:00+08:00,208.0,4.0,2.2,16.4,0.94,998.2,-99.0,0.0,-9.9,-99,-999,缍楗,08,キ马跋,055
24.8994,121.2064,キ马,C0C650,2017-02-18T05:00:00+08:00,208.0,5.0,1.3,16.3,0.94,998.4,-99.0,0.0,-9.9,-99,-999,缍楗,08,キ马跋,055
24.8994,121.2064,キ马,C0C650,2017-02-18T06:00:00+08:00,208.0,3.0,2.1,16.2,0.94,999.4,-99.0,0.0,-9.9,-99,-999,缍楗,08,キ马跋,055
24.8994,121.2064,キ马,C0C650,2017-02-18T07:00:00+08:00,208.0,10.0,1.1,15.9,0.95,1000.0,-99.0,0.0,-9.9,-99,-999,缍楗,08,キ马跋,055
24.8994,121.2064,キ马,C0C650,2017-02-18T08:00:00+08:00,208.0,29.0,1.9,16.0,0.95,1000.1,-99.0,0.0,-9.9,-99,-999,缍楗,08,キ马跋,055
24.8994,121.2064,キ马,C0C650,2017-02-18T10:00:00+08:00,208.0,353.0,3.0,17.3,0.88,1000.1,-99.0,0.0,-9.9,-99,-999,缍楗,08,キ马跋,055
24.8994,121.2064,キ马,C0C650,2017-02-18T11:00:00+08:00,208.0,354.0,3.0,18.9,0.81,999.5,-99.0,0.0,-9.9,-99,-999,缍楗,08,キ马跋,055
24.8994,121.2064,キ马,C0C650,2017-02-18T12:00:00+08:00,208.0,2.0,4.9,17.6,0.83,998.7,-99.0,0.0,-9.9,-99,-999,缍楗,08,キ马跋,055
24.8994,121.2064,キ马,C0C650,2017-02-18T13:00:00+08:00,208.0,360.0,4.7,18.6,0.82,997.6,-99.0,0.0,-9.9,-99,-999,缍楗,08,キ马跋,055
24.8994,121.2064,キ马,C0C650,2017-02-18T14:00:00+08:00,208.0,14.0,5.6,18.9,0.80,997.0,-99.0,0.0,-9.9,-99,-999,缍楗,08,キ马跋,055
24.8994,121.2064,キ马,C0C650,2017-02-18T15:00:00+08:00,208.0,71.0,3.8,20.2,0.73,996.9,-99.0,0.0,-9.9,-99,-999,缍楗,08,キ马跋,055
24.8994,121.2064,キ马,C0C650,2017-02-18T16:00:00+08:00,208.0,37.0,5.2,19.6,0.73,997.3,-99.0,0.0,-9.9,-99,-999,缍楗,08,キ马跋,055
24.8994,121.2064,キ马,C0C650,2017-02-18T17:00:00+08:00,208.0,43.0,5.0,18.6,0.76,998.5,-99.0,0.0,-9.9,-99,-999,缍楗,08,キ马跋,055
24.8994,121.2064,キ马,C0C650,2017-02-18T18:00:00+08:00,208.0,49.0,4.2,17.6,0.81,999.0,-99.0,0.0,-9.9,-99,-999,缍楗,08,キ马跋,055
24.8994,121.2064,キ马,C0C650,2017-02-18T19:00:00+08:00,208.0,54.0,4.2,17.0,0.83,999.2,-99.0,0.0,-9.9,-99,-999,缍楗,08,キ马跋,055
24.8994,121.2064,キ马,C0C650,2017-02-18T20:00:00+08:00,208.0,43.0,5.8,16.7,0.84,999.0,-99.0,0.0,-9.9,-99,-999,缍楗,08,キ马跋,055
24.8994,121.2064,キ马,C0C650,2017-02-18T21:00:00+08:00,208.0,54.0,4.9,16.4,0.85,998.6,-99.0,0.0,-9.9,-99,-999,缍楗,08,キ马跋,055
24.8994,121.2064,キ马,C0C650,2017-02-18T22:00:00+08:00,208.0,55.0,5.2,16.2,0.83,998.4,-99.0,0.0,-9.9,-99,-999,缍楗,08,キ马跋,055
24.8994,121.2064,キ马,C0C650,2017-02-18T23:00:00+08:00,208.0,54.0,5.3,15.9,0.82,998.0,-99.0,0.0,-9.9,-99,-999,缍楗,08,キ马跋,055
24.8994,121.2064,キ马,C0C650,2017-02-19T00:00:00+08:00,208.0,52.0,4.9,16.1,0.79,997.8,-99.0,0.0,-9.9,-99,-999,缍楗,08,キ马跋,055
24.8994,121.2064,キ马,C0C650,2017-02-19T01:00:00+08:00,208.0,47.0,4.8,15.8,0.80,997.5,-99.0,0.0,-9.9,-99,-999,缍楗,08,キ马跋,055
24.8994,121.2064,キ马,C0C650,2017-02-19T02:00:00+08:00,208.0,45.0,4.8,15.9,0.79,997.1,-99.0,0.0,-9.9,-99,-999,缍楗,08,キ马跋,055
24.8994,121.2064,キ马,C0C650,2017-02-19T03:00:00+08:00,208.0,62.0,4.1,16.0,0.77,996.2,-99.0,0.0,-9.9,-99,-999,缍楗,08,キ马跋,055
24.8994,121.2064,キ马,C0C650,2017-02-19T04:00:00+08:00,208.0,55.0,2.9,15.9,0.77,995.4,-99.0,0.0,-9.9,-99,-999,缍楗,08,キ马跋,055
24.8994,121.2064,キ马,C0C650,2017-02-19T05:00:00+08:00,208.0,59.0,2.1,15.8,0.78,995.1,-99.0,0.0,-9.9,-99,-999,缍楗,08,キ马跋,055
24.8994,121.2064,キ马,C0C650,2017-02-19T06:00:00+08:00,208.0,75.0,1.9,15.7,0.80,995.2,-99.0,0.0,-9.9,-99,-999,缍楗,08,キ马跋,055
24.8994,121.2064,キ马,C0C650,2017-02-19T07:00:00+08:00,208.0,65.0,1.6,16.1,0.79,995.6,-99.0,0.0,-9.9,-99,-999,缍楗,08,キ马跋,055
24.8994,121.2064,キ马,C0C650,2017-02-19T08:00:00+08:00,208.0,86.0,1.1,18.4,0.72,995.8,-99.0,0.0,-9.9,-99,-999,缍楗,08,キ马跋,055
24.8994,121.2064,キ马,C0C650,2017-02-19T10:00:00+08:00,208.0,176.0,0.3,23.3,0.50,995.3,-99.0,0.0,-9.9,-99,-999,缍楗,08,キ马跋,055
24.8994,121.2064,キ马,C0C650,2017-02-19T11:00:00+08:00,208.0,25.0,1.0,23.4,0.46,994.6,-99.0,0.0,-9.9,-99,-999,缍楗,08,キ马跋,055
24.8994,121.2064,キ马,C0C650,2017-02-19T12:00:00+08:00,208.0,306.0,1.2,24.8,0.46,993.3,-99.0,0.0,-9.9,-99,-999,缍楗,08,キ马跋,055
24.8994,121.2064,キ马,C0C650,2017-02-19T13:00:00+08:00,208.0,331.0,1.7,24.3,0.54,992.1,-99.0,0.0,-9.9,-99,-999,缍楗,08,キ马跋,055
24.8994,121.2064,キ马,C0C650,2017-02-19T14:00:00+08:00,208.0,332.0,1.7,23.9,0.56,991.3,-99.0,0.0,-9.9,-99,-999,缍楗,08,キ马跋,055
24.8994,121.2064,キ马,C0C650,2017-02-19T15:00:00+08:00,208.0,320.0,1.2,23.5,0.60,990.9,-99.0,0.0,-9.9,-99,-999,缍楗,08,キ马跋,055
24.8994,121.2064,キ马,C0C650,2017-02-19T16:00:00+08:00,208.0,289.0,0.6,24.2,0.58,990.8,-99.0,0.0,-9.9,-99,-999,缍楗,08,キ马跋,055
24.8994,121.2064,キ马,C0C650,2017-02-19T17:00:00+08:00,208.0,330.0,1.6,20.7,0.71,991.1,-99.0,0.0,-9.9,-99,-999,缍楗,08,キ马跋,055
24.8994,121.2064,キ马,C0C650,2017-02-19T18:00:00+08:00,208.0,326.0,1.2,17.9,0.81,991.5,-99.0,0.0,-9.9,-99,-999,缍楗,08,キ马跋,055
24.8994,121.2064,キ马,C0C650,2017-02-19T19:00:00+08:00,208.0,102.0,0.3,16.8,0.85,991.9,-99.0,0.0,-9.9,-99,-999,缍楗,08,キ马跋,055
24.8994,121.2064,キ马,C0C650,2017-02-19T20:00:00+08:00,208.0,0.0,0.2,16.3,0.89,992.1,-99.0,0.0,-9.9,-99,-999,缍楗,08,キ马跋,055
24.8994,121.2064,キ马,C0C650,2017-02-19T21:00:00+08:00,208.0,194.0,0.3,16.8,0.89,992.0,-99.0,0.0,-9.9,-99,-999,缍楗,08,キ马跋,055
24.8994,121.2064,キ马,C0C650,2017-02-19T22:00:00+08:00,208.0,0.0,0.0,16.6,0.90,991.8,-99.0,0.0,-9.9,-99,-999,缍楗,08,キ马跋,055
24.8994,121.2064,キ马,C0C650,2017-02-19T23:00:00+08:00,208.0,218.0,1.1,17.1,0.85,991.1,-99.0,0.0,-9.9,-99,-999,缍楗,08,キ马跋,055
24.8994,121.2064,キ马,C0C650,2017-02-20T00:00:00+08:00,208.0,0.0,0.2,16.2,0.84,990.7,-99.0,0.0,-9.9,-99,-999,缍楗,08,キ马跋,055
24.8994,121.2064,キ马,C0C650,2017-02-20T01:00:00+08:00,208.0,235.0,0.5,17.1,0.80,990.7,-99.0,0.0,-9.9,-99,-999,缍楗,08,キ马跋,055
24.8994,121.2064,キ马,C0C650,2017-02-20T02:00:00+08:00,208.0,230.0,0.6,16.7,0.83,990.4,-99.0,0.0,-9.9,-99,-999,缍楗,08,キ马跋,055
24.8994,121.2064,キ马,C0C650,2017-02-20T03:00:00+08:00,208.0,0.0,0.0,16.9,0.78,990.5,-99.0,0.0,-9.9,-99,-999,缍楗,08,キ马跋,055
24.8994,121.2064,キ马,C0C650,2017-02-20T04:00:00+08:00,208.0,164.0,0.5,16.9,0.77,990.7,-99.0,0.0,-9.9,-99,-999,缍楗,08,キ马跋,055
24.8994,121.2064,キ马,C0C650,2017-02-20T05:00:00+08:00,208.0,264.0,0.4,16.3,0.84,991.4,-99.0,0.0,-9.9,-99,-999,缍楗,08,キ马跋,055
24.8994,121.2064,キ马,C0C650,2017-02-20T06:00:00+08:00,208.0,5.0,1.3,15.6,0.92,991.8,-99.0,0.5,-9.9,-99,-999,缍楗,08,キ马跋,055
24.8994,121.2064,キ马,C0C650,2017-02-20T07:00:00+08:00,208.0,64.0,0.5,15.7,0.93,992.2,-99.0,0.5,-9.9,-99,-999,缍楗,08,キ马跋,055
24.8994,121.2064,キ马,C0C650,2017-02-20T08:00:00+08:00,208.0,129.0,1.0,16.2,0.94,992.2,-99.0,0.5,-9.9,-99,-999,缍楗,08,キ马跋,055
24.8994,121.2064,キ马,C0C650,2017-02-20T10:00:00+08:00,208.0,69.0,1.5,20.6,0.72,991.7,-99.0,0.5,-9.9,-99,-999,缍楗,08,キ马跋,055
24.8994,121.2064,キ马,C0C650,2017-02-20T11:00:00+08:00,208.0,48.0,1.8,22.7,0.64,991.4,-99.0,0.5,-9.9,-99,-999,缍楗,08,キ马跋,055
24.8994,121.2064,キ马,C0C650,2017-02-20T12:00:00+08:00,208.0,42.0,1.5,24.7,0.58,990.8,-99.0,0.5,-9.9,-99,-999,缍楗,08,キ马跋,055
24.8994,121.2064,キ马,C0C650,2017-02-20T13:00:00+08:00,208.0,326.0,2.2,19.0,0.76,991.6,-99.0,0.5,-9.9,-99,-999,缍楗,08,キ马跋,055
24.8994,121.2064,キ马,C0C650,2017-02-20T14:00:00+08:00,208.0,360.0,1.7,18.9,0.79,991.5,-99.0,0.5,-9.9,-99,-999,缍楗,08,キ马跋,055
24.8994,121.2064,キ马,C0C650,2017-02-20T15:00:00+08:00,208.0,41.0,1.7,18.8,0.81,991.4,-99.0,0.5,-9.9,-99,-999,缍楗,08,キ马跋,055
24.8994,121.2064,キ马,C0C650,2017-02-20T16:00:00+08:00,208.0,17.0,2.2,18.9,0.78,991.3,-99.0,0.5,-9.9,-99,-999,缍楗,08,キ马跋,055
24.8994,121.2064,キ马,C0C650,2017-02-20T17:00:00+08:00,208.0,62.0,1.2,19.2,0.80,991.7,-99.0,0.5,-9.9,-99,-999,缍楗,08,キ马跋,055
24.8994,121.2064,キ马,C0C650,2017-02-20T18:00:00+08:00,208.0,107.0,1.1,19.2,0.81,992.2,-99.0,0.5,-9.9,-99,-999,缍楗,08,キ马跋,055
24.8994,121.2064,キ马,C0C650,2017-02-20T19:00:00+08:00,208.0,139.0,0.8,19.2,0.81,992.9,-99.0,0.5,-9.9,-99,-999,缍楗,08,キ马跋,055
24.8994,121.2064,キ马,C0C650,2017-02-20T20:00:00+08:00,208.0,128.0,0.4,19.1,0.82,993.5,-99.0,0.5,-9.9,-99,-999,缍楗,08,キ马跋,055
24.8994,121.2064,キ马,C0C650,2017-02-20T21:00:00+08:00,208.0,0.0,0.0,19.0,0.83,993.9,-99.0,0.5,-9.9,-99,-999,缍楗,08,キ马跋,055
24.8994,121.2064,キ马,C0C650,2017-02-20T22:00:00+08:00,208.0,21.0,4.2,17.9,0.90,995.4,-99.0,0.5,-9.9,-99,-999,缍楗,08,キ马跋,055
24.8994,121.2064,キ马,C0C650,2017-02-20T23:00:00+08:00,208.0,47.0,2.3,18.5,0.88,995.6,-99.0,0.5,-9.9,-99,-999,缍楗,08,キ马跋,055
24.8994,121.2064,キ马,C0C650,2017-02-21T00:00:00+08:00,208.0,68.0,3.7,18.0,0.89,995.9,-99.0,0.5,-9.9,-99,-999,缍楗,08,キ马跋,055
24.8994,121.2064,キ马,C0C650,2017-02-21T01:00:00+08:00,208.0,62.0,4.7,17.4,0.87,995.9,-99.0,0.0,-9.9,-99,-999,缍楗,08,キ马跋,055
24.8994,121.2064,キ马,C0C650,2017-02-21T02:00:00+08:00,208.0,54.0,5.5,16.7,0.88,996.1,-99.0,0.0,-9.9,-99,-999,缍楗,08,キ马跋,055
24.8994,121.2064,キ马,C0C650,2017-02-21T03:00:00+08:00,208.0,48.0,5.9,16.1,0.89,996.0,-99.0,0.0,-9.9,-99,-999,缍楗,08,キ马跋,055
24.8994,121.2064,キ马,C0C650,2017-02-21T04:00:00+08:00,208.0,40.0,6.1,15.7,0.90,996.2,-99.0,0.0,-9.9,-99,-999,缍楗,08,キ马跋,055
24.8994,121.2064,キ马,C0C650,2017-02-21T05:00:00+08:00,208.0,43.0,6.8,15.5,0.90,996.4,-99.0,0.0,-9.9,-99,-999,缍楗,08,キ马跋,055
24.8994,121.2064,キ马,C0C650,2017-02-21T06:00:00+08:00,208.0,41.0,7.1,15.2,0.89,996.4,-99.0,0.0,-9.9,-99,-999,缍楗,08,キ马跋,055
24.8994,121.2064,キ马,C0C650,2017-02-21T07:00:00+08:00,208.0,41.0,6.2,15.3,0.87,997.0,-99.0,0.0,-9.9,-99,-999,缍楗,08,キ马跋,055
24.8994,121.2064,キ马,C0C650,2017-02-21T08:00:00+08:00,208.0,47.0,5.8,16.7,0.81,997.3,-99.0,0.0,-9.9,-99,-999,缍楗,08,キ马跋,055
24.8994,121.2064,キ马,C0C650,2017-02-21T09:00:00+08:00,208.0,47.0,6.2,17.8,0.78,997.0,-99.0,0.0,-9.9,-99,-999,缍楗,08,キ马跋,055
24.8994,121.2064,キ马,C0C650,2017-02-21T10:00:00+08:00,208.0,55.0,6.0,18.9,0.75,996.4,-99.0,0.0,-9.9,-99,-999,缍楗,08,キ马跋,055
24.8994,121.2064,キ马,C0C650,2017-02-21T11:00:00+08:00,208.0,44.0,6.5,19.7,0.74,995.7,-99.0,0.0,-9.9,-99,-999,缍楗,08,キ马跋,055
24.8994,121.2064,キ马,C0C650,2017-02-21T12:00:00+08:00,208.0,52.0,4.9,20.7,0.71,995.2,-99.0,0.0,-9.9,-99,-999,缍楗,08,キ马跋,055
24.8994,121.2064,キ马,C0C650,2017-02-21T13:00:00+08:00,208.0,55.0,4.6,21.4,0.70,994.0,-99.0,0.0,-9.9,-99,-999,缍楗,08,キ马跋,055
24.8994,121.2064,キ马,C0C650,2017-02-21T14:00:00+08:00,208.0,49.0,4.5,21.9,0.68,993.2,-99.0,0.0,-9.9,-99,-999,缍楗,08,キ马跋,055
24.8994,121.2064,キ马,C0C650,2017-02-21T15:00:00+08:00,208.0,52.0,3.5,22.0,0.70,992.4,-99.0,0.0,-9.9,-99,-999,缍楗,08,キ马跋,055
24.8994,121.2064,キ马,C0C650,2017-02-21T16:00:00+08:00,208.0,65.0,4.1,21.8,0.70,992.1,-99.0,0.0,-9.9,-99,-999,缍楗,08,キ马跋,055
24.8994,121.2064,キ马,C0C650,2017-02-21T17:00:00+08:00,208.0,68.0,3.8,21.1,0.72,992.2,-99.0,0.0,-9.9,-99,-999,缍楗,08,キ马跋,055
24.8994,121.2064,キ马,C0C650,2017-02-21T18:00:00+08:00,208.0,61.0,2.1,20.3,0.77,992.3,-99.0,0.0,-9.9,-99,-999,缍楗,08,キ马跋,055
24.8994,121.2064,キ马,C0C650,2017-02-21T19:00:00+08:00,208.0,108.0,1.4,20.0,0.80,992.5,-99.0,0.0,-9.9,-99,-999,缍楗,08,キ马跋,055
24.8994,121.2064,キ马,C0C650,2017-02-21T20:00:00+08:00,208.0,134.0,1.0,19.7,0.81,992.7,-99.0,0.0,-9.9,-99,-999,缍楗,08,キ马跋,055
24.8994,121.2064,キ马,C0C650,2017-02-21T21:00:00+08:00,208.0,0.0,0.0,20.3,0.79,993.3,-99.0,0.0,-9.9,-99,-999,缍楗,08,キ马跋,055
24.8994,121.2064,キ马,C0C650,2017-02-21T22:00:00+08:00,208.0,225.0,1.4,20.0,0.80,993.1,-99.0,0.0,-9.9,-99,-999,缍楗,08,キ马跋,055
24.8994,121.2064,キ马,C0C650,2017-02-21T23:00:00+08:00,208.0,199.0,0.3,19.4,0.83,993.1,-99.0,0.0,-9.9,-99,-999,缍楗,08,キ马跋,055
24.8994,121.2064,キ马,C0C650,2017-02-22T00:00:00+08:00,208.0,227.0,0.3,18.5,0.87,992.8,-99.0,0.0,-9.9,-99,-999,缍楗,08,キ马跋,055
24.8994,121.2064,キ马,C0C650,2017-02-22T01:00:00+08:00,208.0,217.0,0.4,17.9,0.90,992.5,-99.0,0.0,-9.9,-99,-999,缍楗,08,キ马跋,055
24.8994,121.2064,キ马,C0C650,2017-02-22T02:00:00+08:00,208.0,254.0,1.6,17.9,0.91,992.6,-99.0,0.0,-9.9,-99,-999,缍楗,08,キ马跋,055
24.8994,121.2064,キ马,C0C650,2017-02-22T03:00:00+08:00,208.0,27.0,0.3,16.7,0.93,992.1,-99.0,0.0,-9.9,-99,-999,缍楗,08,キ马跋,055
24.8994,121.2064,キ马,C0C650,2017-02-22T04:00:00+08:00,208.0,244.0,1.0,16.5,0.95,992.4,-99.0,0.0,-9.9,-99,-999,缍楗,08,キ马跋,055
24.8994,121.2064,キ马,C0C650,2017-02-22T05:00:00+08:00,208.0,329.0,1.9,15.6,0.95,993.6,-99.0,0.0,-9.9,-99,-999,缍楗,08,キ马跋,055
24.8994,121.2064,キ马,C0C650,2017-02-22T06:00:00+08:00,208.0,318.0,0.5,14.1,0.96,994.6,-99.0,0.0,-9.9,-99,-999,缍楗,08,キ马跋,055
24.8994,121.2064,キ马,C0C650,2017-02-22T07:00:00+08:00,208.0,143.0,0.7,14.4,0.96,994.6,-99.0,0.0,-9.9,-99,-999,缍楗,08,キ马跋,055
24.8994,121.2064,キ马,C0C650,2017-02-22T08:00:00+08:00,208.0,194.0,1.0,17.1,0.97,993.9,-99.0,0.0,-9.9,-99,-999,缍楗,08,キ马跋,055
24.8994,121.2064,キ马,C0C650,2017-02-22T09:00:00+08:00,208.0,117.0,1.5,20.4,0.94,992.7,-99.0,0.0,-9.9,-99,-999,缍楗,08,キ马跋,055
24.8994,121.2064,キ马,C0C650,2017-02-22T10:00:00+08:00,208.0,12.0,1.6,21.0,0.80,992.3,-99.0,0.0,-9.9,-99,-999,缍楗,08,キ马跋,055
24.8994,121.2064,キ马,C0C650,2017-02-22T11:00:00+08:00,208.0,34.0,1.5,20.9,0.80,991.7,-99.0,0.5,-9.9,-99,-999,缍楗,08,キ马跋,055
24.8994,121.2064,キ马,C0C650,2017-02-22T12:00:00+08:00,208.0,264.0,1.3,20.2,0.87,992.8,-99.0,1.0,-9.9,-99,-999,缍楗,08,キ马跋,055
24.8994,121.2064,キ马,C0C650,2017-02-22T13:00:00+08:00,208.0,2.0,0.9,17.8,0.93,992.1,-99.0,2.5,-9.9,-99,-999,缍楗,08,キ马跋,055
24.8994,121.2064,キ马,C0C650,2017-02-22T14:00:00+08:00,208.0,15.0,0.5,17.6,0.95,991.8,-99.0,6.5,-9.9,-99,-999,缍楗,08,キ马跋,055
24.8994,121.2064,キ马,C0C650,2017-02-22T15:00:00+08:00,208.0,189.0,1.6,17.9,0.95,991.9,-99.0,12.5,-9.9,-99,-999,缍楗,08,キ马跋,055
24.8994,121.2064,キ马,C0C650,2017-02-22T16:00:00+08:00,208.0,133.0,1.2,18.2,0.96,990.3,-99.0,16.0,-9.9,-99,-999,缍楗,08,キ马跋,055
24.8994,121.2064,キ马,C0C650,2017-02-22T17:00:00+08:00,208.0,175.0,0.9,18.4,0.95,989.6,-99.0,16.5,-9.9,-99,-999,缍楗,08,キ马跋,055
24.8994,121.2064,キ马,C0C650,2017-02-22T18:00:00+08:00,208.0,193.0,1.1,18.3,0.95,989.7,-99.0,16.5,-9.9,-99,-999,缍楗,08,キ马跋,055
24.8994,121.2064,キ马,C0C650,2017-02-22T19:00:00+08:00,208.0,198.0,0.7,18.4,0.95,990.0,-99.0,18.0,-9.9,-99,-999,缍楗,08,キ马跋,055
24.8994,121.2064,キ马,C0C650,2017-02-22T20:00:00+08:00,208.0,238.0,0.4,18.4,0.95,990.9,-99.0,18.0,-9.9,-99,-999,缍楗,08,キ马跋,055
24.8994,121.2064,キ马,C0C650,2017-02-22T21:00:00+08:00,208.0,0.0,0.2,18.2,0.95,991.5,-99.0,18.0,-9.9,-99,-999,缍楗,08,キ马跋,055
24.8994,121.2064,キ马,C0C650,2017-02-22T22:00:00+08:00,208.0,191.0,0.5,17.8,0.95,991.4,-99.0,18.0,-9.9,-99,-999,缍楗,08,キ马跋,055
24.8994,121.2064,キ马,C0C650,2017-02-22T23:00:00+08:00,208.0,350.0,2.0,18.6,0.94,992.9,-99.0,18.0,-9.9,-99,-999,缍楗,08,キ马跋,055
24.8994,121.2064,キ马,C0C650,2017-02-23T00:00:00+08:00,208.0,25.0,2.7,16.9,0.95,993.1,-99.0,18.0,-9.9,-99,-999,缍楗,08,キ马跋,055
24.8994,121.2064,キ马,C0C650,2017-02-23T01:00:00+08:00,208.0,1.0,1.6,16.5,0.96,993.0,-99.0,0.0,-9.9,-99,-999,缍楗,08,キ马跋,055
24.8994,121.2064,キ马,C0C650,2017-02-23T02:00:00+08:00,208.0,338.0,0.8,16.9,0.97,992.8,-99.0,1.0,-9.9,-99,-999,缍楗,08,キ马跋,055
24.8994,121.2064,キ马,C0C650,2017-02-23T03:00:00+08:00,208.0,101.0,0.6,17.0,0.97,992.0,-99.0,5.5,-9.9,-99,-999,缍楗,08,キ马跋,055
24.8994,121.2064,キ马,C0C650,2017-02-23T04:00:00+08:00,208.0,38.0,2.6,16.6,0.96,992.2,-99.0,5.5,-9.9,-99,-999,缍楗,08,キ马跋,055
24.8994,121.2064,キ马,C0C650,2017-02-23T05:00:00+08:00,208.0,54.0,2.3,16.3,0.96,992.8,-99.0,5.5,-9.9,-99,-999,缍楗,08,キ马跋,055
24.8994,121.2064,キ马,C0C650,2017-02-23T06:00:00+08:00,208.0,59.0,1.9,16.1,0.94,993.5,-99.0,5.5,-9.9,-99,-999,缍楗,08,キ马跋,055
24.8994,121.2064,キ马,C0C650,2017-02-23T07:00:00+08:00,208.0,31.0,4.1,15.9,0.93,993.9,-99.0,5.5,-9.9,-99,-999,缍楗,08,キ马跋,055
24.8994,121.2064,キ马,C0C650,2017-02-23T08:00:00+08:00,208.0,41.0,4.2,15.6,0.92,994.5,-99.0,5.5,-9.9,-99,-999,缍楗,08,キ马跋,055
24.8994,121.2064,キ马,C0C650,2017-02-23T10:00:00+08:00,208.0,48.0,4.3,15.5,0.89,994.6,-99.0,5.5,-9.9,-99,-999,缍楗,08,キ马跋,055
24.8994,121.2064,キ马,C0C650,2017-02-23T11:00:00+08:00,208.0,40.0,4.3,15.5,0.88,994.7,-99.0,6.0,-9.9,-99,-999,缍楗,08,キ马跋,055
24.8994,121.2064,キ马,C0C650,2017-02-23T12:00:00+08:00,208.0,43.0,4.5,15.4,0.86,994.4,-99.0,6.0,-9.9,-99,-999,缍楗,08,キ马跋,055
24.8994,121.2064,キ马,C0C650,2017-02-23T13:00:00+08:00,208.0,47.0,4.6,15.0,0.86,994.0,-99.0,6.0,-9.9,-99,-999,缍楗,08,キ马跋,055
24.8994,121.2064,キ马,C0C650,2017-02-23T14:00:00+08:00,208.0,19.0,5.4,13.4,0.92,994.3,-99.0,6.0,-9.9,-99,-999,缍楗,08,キ马跋,055
24.8994,121.2064,キ马,C0C650,2017-02-23T15:00:00+08:00,208.0,19.0,6.8,11.3,0.95,995.1,-99.0,6.0,-9.9,-99,-999,缍楗,08,キ马跋,055
24.8994,121.2064,キ马,C0C650,2017-02-23T16:00:00+08:00,208.0,19.0,7.1,10.6,0.95,995.4,-99.0,6.0,-9.9,-99,-999,缍楗,08,キ马跋,055
24.8994,121.2064,キ马,C0C650,2017-02-23T17:00:00+08:00,208.0,19.0,6.6,10.2,0.95,996.2,-99.0,6.0,-9.9,-99,-999,缍楗,08,キ马跋,055
24.8994,121.2064,キ马,C0C650,2017-02-23T18:00:00+08:00,208.0,22.0,6.5,9.9,0.95,997.2,-99.0,6.5,-9.9,-99,-999,缍楗,08,キ马跋,055
24.8994,121.2064,キ马,C0C650,2017-02-23T19:00:00+08:00,208.0,24.0,5.5,9.7,0.95,997.9,-99.0,6.5,-9.9,-99,-999,缍楗,08,キ马跋,055
24.8994,121.2064,キ马,C0C650,2017-02-23T20:00:00+08:00,208.0,25.0,5.5,9.7,0.95,998.5,-99.0,6.5,-9.9,-99,-999,缍楗,08,キ马跋,055
24.8994,121.2064,キ马,C0C650,2017-02-23T21:00:00+08:00,208.0,27.0,5.3,9.6,0.96,998.9,-99.0,6.5,-9.9,-99,-999,缍楗,08,キ马跋,055
24.8994,121.2064,キ马,C0C650,2017-02-23T22:00:00+08:00,208.0,37.0,3.8,9.8,0.96,998.6,-99.0,7.0,-9.9,-99,-999,缍楗,08,キ马跋,055
24.8994,121.2064,キ马,C0C650,2017-02-23T23:00:00+08:00,208.0,32.0,3.9,10.1,0.95,998.7,-99.0,7.0,-9.9,-99,-999,缍楗,08,キ马跋,055
24.8994,121.2064,キ马,C0C650,2017-02-24T00:00:00+08:00,208.0,39.0,4.1,10.5,0.95,998.4,-99.0,7.0,-9.9,-99,-999,缍楗,08,キ马跋,055
24.8994,121.2064,キ马,C0C650,2017-02-24T01:00:00+08:00,208.0,34.0,3.3,10.7,0.95,998.3,-99.0,0.0,-9.9,-99,-999,缍楗,08,キ马跋,055
24.8994,121.2064,キ马,C0C650,2017-02-24T02:00:00+08:00,208.0,27.0,4.7,10.6,0.95,998.1,-99.0,1.5,-9.9,-99,-999,缍楗,08,キ马跋,055
24.8994,121.2064,キ马,C0C650,2017-02-24T03:00:00+08:00,208.0,22.0,4.4,10.7,0.96,997.7,-99.0,6.0,-9.9,-99,-999,缍楗,08,キ马跋,055
24.8994,121.2064,キ马,C0C650,2017-02-24T04:00:00+08:00,208.0,30.0,4.0,10.5,0.96,997.5,-99.0,8.0,-9.9,-99,-999,缍楗,08,キ马跋,055
24.8994,121.2064,キ马,C0C650,2017-02-24T05:00:00+08:00,208.0,27.0,3.9,10.5,0.96,996.9,-99.0,9.0,-9.9,-99,-999,缍楗,08,キ马跋,055
24.8994,121.2064,キ马,C0C650,2017-02-24T06:00:00+08:00,208.0,32.0,3.7,10.8,0.96,996.5,-99.0,10.0,-9.9,-99,-999,缍楗,08,キ马跋,055
24.8994,121.2064,キ马,C0C650,2017-02-24T07:00:00+08:00,208.0,13.0,4.5,11.0,0.96,996.9,-99.0,11.0,-9.9,-99,-999,缍楗,08,キ马跋,055
24.8994,121.2064,キ马,C0C650,2017-02-24T08:00:00+08:00,208.0,15.0,5.6,11.4,0.96,997.9,-99.0,13.0,-9.9,-99,-999,缍楗,08,キ马跋,055
24.8994,121.2064,キ马,C0C650,2017-02-24T09:00:00+08:00,208.0,26.0,2.9,11.5,0.96,998.9,-99.0,18.0,-9.9,-99,-999,缍楗,08,キ马跋,055
24.8994,121.2064,キ马,C0C650,2017-02-24T10:00:00+08:00,208.0,23.0,4.6,11.4,0.97,999.1,-99.0,19.5,-9.9,-99,-999,缍楗,08,キ马跋,055
24.8994,121.2064,キ马,C0C650,2017-02-24T11:00:00+08:00,208.0,5.0,5.3,11.0,0.97,999.4,-99.0,19.5,-9.9,-99,-999,缍楗,08,キ马跋,055
24.8994,121.2064,キ马,C0C650,2017-02-24T12:00:00+08:00,208.0,21.0,5.5,10.0,0.96,998.9,-99.0,20.5,-9.9,-99,-999,缍楗,08,キ马跋,055
24.8994,121.2064,キ马,C0C650,2017-02-24T13:00:00+08:00,208.0,3.0,4.5,10.0,0.96,998.7,-99.0,20.5,-9.9,-99,-999,缍楗,08,キ马跋,055
24.8994,121.2064,キ马,C0C650,2017-02-24T14:00:00+08:00,208.0,8.0,5.1,9.6,0.96,998.1,-99.0,21.5,-9.9,-99,-999,缍楗,08,キ马跋,055
24.8994,121.2064,キ马,C0C650,2017-02-24T15:00:00+08:00,208.0,23.0,5.1,9.3,0.96,998.4,-99.0,22.5,-9.9,-99,-999,缍楗,08,キ马跋,055
24.8994,121.2064,キ马,C0C650,2017-02-24T16:00:00+08:00,208.0,22.0,4.2,9.0,0.96,999.0,-99.0,23.5,-9.9,-99,-999,缍楗,08,キ马跋,055
24.8994,121.2064,キ马,C0C650,2017-02-24T17:00:00+08:00,208.0,61.0,2.5,9.2,0.97,998.2,-99.0,28.0,-9.9,-99,-999,缍楗,08,キ马跋,055
24.8994,121.2064,キ马,C0C650,2017-02-24T18:00:00+08:00,208.0,15.0,2.7,9.8,0.97,997.9,-99.0,28.5,-9.9,-99,-999,缍楗,08,キ马跋,055
24.8994,121.2064,キ马,C0C650,2017-02-24T19:00:00+08:00,208.0,10.0,4.0,10.3,0.97,998.8,-99.0,29.5,-9.9,-99,-999,缍楗,08,キ马跋,055
24.8994,121.2064,キ马,C0C650,2017-02-24T20:00:00+08:00,208.0,15.0,2.8,10.5,0.97,998.7,-99.0,31.0,-9.9,-99,-999,缍楗,08,キ马跋,055
24.8994,121.2064,キ马,C0C650,2017-02-24T21:00:00+08:00,208.0,22.0,4.2,10.8,0.97,998.9,-99.0,32.0,-9.9,-99,-999,缍楗,08,キ马跋,055
24.8994,121.2064,キ马,C0C650,2017-02-24T22:00:00+08:00,208.0,19.0,4.4,11.1,0.97,998.9,-99.0,32.0,-9.9,-99,-999,缍楗,08,キ马跋,055
24.8994,121.2064,キ马,C0C650,2017-02-24T23:00:00+08:00,208.0,30.0,3.6,11.6,0.97,999.1,-99.0,33.5,-9.9,-99,-999,缍楗,08,キ马跋,055
24.8994,121.2064,キ马,C0C650,2017-02-25T00:00:00+08:00,208.0,33.0,2.4,11.6,0.97,998.4,-99.0,33.5,-9.9,-99,-999,缍楗,08,キ马跋,055
24.8994,121.2064,キ马,C0C650,2017-02-25T01:00:00+08:00,208.0,11.0,3.5,11.7,0.97,997.6,-99.0,0.5,-9.9,-99,-999,缍楗,08,キ马跋,055
24.8994,121.2064,キ马,C0C650,2017-02-25T02:00:00+08:00,208.0,23.0,2.8,11.9,0.97,997.1,-99.0,0.5,-9.9,-99,-999,缍楗,08,キ马跋,055
24.8994,121.2064,キ马,C0C650,2017-02-25T03:00:00+08:00,208.0,19.0,4.0,12.0,0.97,996.1,-99.0,0.5,-9.9,-99,-999,缍楗,08,キ马跋,055
24.8994,121.2064,キ马,C0C650,2017-02-25T04:00:00+08:00,208.0,6.0,2.9,12.1,0.97,996.4,-99.0,0.5,-9.9,-99,-999,缍楗,08,キ马跋,055
24.8994,121.2064,キ马,C0C650,2017-02-25T05:00:00+08:00,208.0,28.0,3.0,12.2,0.97,996.5,-99.0,1.0,-9.9,-99,-999,缍楗,08,キ马跋,055
24.8994,121.2064,キ马,C0C650,2017-02-25T06:00:00+08:00,208.0,1.0,1.9,12.2,0.97,996.3,-99.0,1.0,-9.9,-99,-999,缍楗,08,キ马跋,055
24.8994,121.2064,キ马,C0C650,2017-02-25T07:00:00+08:00,208.0,10.0,4.3,12.1,0.97,996.6,-99.0,1.5,-9.9,-99,-999,缍楗,08,キ马跋,055
24.8994,121.2064,キ马,C0C650,2017-02-25T08:00:00+08:00,208.0,39.0,3.0,12.2,0.97,997.0,-99.0,2.0,-9.9,-99,-999,缍楗,08,キ马跋,055
24.8994,121.2064,キ马,C0C650,2017-02-25T10:00:00+08:00,208.0,16.0,3.2,12.6,0.97,997.2,-99.0,8.5,-9.9,-99,-999,缍楗,08,キ马跋,055
24.8994,121.2064,キ马,C0C650,2017-02-25T11:00:00+08:00,208.0,19.0,3.6,12.7,0.97,996.8,-99.0,11.0,-9.9,-99,-999,缍楗,08,キ马跋,055
24.8994,121.2064,キ马,C0C650,2017-02-25T12:00:00+08:00,208.0,12.0,4.1,12.2,0.97,995.9,-99.0,11.5,-9.9,-99,-999,缍楗,08,キ马跋,055
24.8994,121.2064,キ马,C0C650,2017-02-25T13:00:00+08:00,208.0,4.0,4.5,11.4,0.97,995.5,-99.0,11.5,-9.9,-99,-999,缍楗,08,キ马跋,055
24.8994,121.2064,キ马,C0C650,2017-02-25T14:00:00+08:00,208.0,18.0,5.4,11.5,0.97,994.1,-99.0,12.0,-9.9,-99,-999,缍楗,08,キ马跋,055
24.8994,121.2064,キ马,C0C650,2017-02-25T15:00:00+08:00,208.0,14.0,5.7,11.6,0.97,994.2,-99.0,13.0,-9.9,-99,-999,缍楗,08,キ马跋,055
24.8994,121.2064,キ马,C0C650,2017-02-25T16:00:00+08:00,208.0,12.0,4.1,11.8,0.97,994.6,-99.0,15.5,-9.9,-99,-999,缍楗,08,キ马跋,055
24.8994,121.2064,キ马,C0C650,2017-02-25T17:00:00+08:00,208.0,18.0,4.2,11.9,0.97,994.6,-99.0,21.0,-9.9,-99,-999,缍楗,08,キ马跋,055
24.8994,121.2064,キ马,C0C650,2017-02-25T18:00:00+08:00,208.0,23.0,3.3,11.9,0.97,994.6,-99.0,21.5,-9.9,-99,-999,缍楗,08,キ马跋,055
24.8994,121.2064,キ马,C0C650,2017-02-25T19:00:00+08:00,208.0,27.0,2.8,11.9,0.97,995.2,-99.0,23.0,-9.9,-99,-999,缍楗,08,キ马跋,055
24.8994,121.2064,キ马,C0C650,2017-02-25T20:00:00+08:00,208.0,48.0,2.3,12.1,0.97,994.7,-99.0,23.0,-9.9,-99,-999,缍楗,08,キ马跋,055
24.8994,121.2064,キ马,C0C650,2017-02-25T21:00:00+08:00,208.0,9.0,4.4,11.9,0.97,994.9,-99.0,23.0,-9.9,-99,-999,缍楗,08,キ马跋,055
24.8994,121.2064,キ马,C0C650,2017-02-25T22:00:00+08:00,208.0,14.0,4.4,12.1,0.97,995.8,-99.0,23.0,-9.9,-99,-999,缍楗,08,キ马跋,055
24.8994,121.2064,キ马,C0C650,2017-02-25T23:00:00+08:00,208.0,16.0,3.9,12.4,0.97,995.9,-99.0,23.0,-9.9,-99,-999,缍楗,08,キ马跋,055
24.8994,121.2064,キ马,C0C650,2017-02-26T00:00:00+08:00,208.0,17.0,4.0,12.4,0.97,995.7,-99.0,23.5,-9.9,-99,-999,缍楗,08,キ马跋,055
24.8994,121.2064,キ马,C0C650,2017-02-26T01:00:00+08:00,208.0,16.0,3.2,12.2,0.97,995.2,-99.0,0.5,-9.9,-99,-999,缍楗,08,キ马跋,055
24.8994,121.2064,キ马,C0C650,2017-02-26T02:00:00+08:00,208.0,8.0,4.0,12.0,0.97,995.1,-99.0,3.5,-9.9,-99,-999,缍楗,08,キ马跋,055
24.8994,121.2064,キ马,C0C650,2017-02-26T03:00:00+08:00,208.0,360.0,2.4,12.2,0.97,994.9,-99.0,7.0,-9.9,-99,-999,缍楗,08,キ马跋,055
24.8994,121.2064,キ马,C0C650,2017-02-26T04:00:00+08:00,208.0,359.0,4.4,11.6,0.97,995.2,-99.0,7.0,-9.9,-99,-999,缍楗,08,キ马跋,055
24.8994,121.2064,キ马,C0C650,2017-02-26T05:00:00+08:00,208.0,11.0,4.6,11.0,0.97,995.7,-99.0,12.0,-9.9,-99,-999,缍楗,08,キ马跋,055
24.8994,121.2064,キ马,C0C650,2017-02-26T06:00:00+08:00,208.0,15.0,4.5,10.4,0.97,996.9,-99.0,15.0,-9.9,-99,-999,缍楗,08,キ马跋,055
24.8994,121.2064,キ马,C0C650,2017-02-26T07:00:00+08:00,208.0,11.0,3.6,10.1,0.96,998.0,-99.0,15.0,-9.9,-99,-999,缍楗,08,キ马跋,055
24.8994,121.2064,キ马,C0C650,2017-02-26T08:00:00+08:00,208.0,25.0,3.4,10.0,0.96,999.1,-99.0,15.5,-9.9,-99,-999,缍楗,08,キ马跋,055
24.8994,121.2064,キ马,C0C650,2017-02-26T10:00:00+08:00,208.0,24.0,3.3,10.0,0.97,1000.1,-99.0,17.0,-9.9,-99,-999,缍楗,08,キ马跋,055
24.8994,121.2064,キ马,C0C650,2017-02-26T11:00:00+08:00,208.0,24.0,4.1,10.0,0.97,999.7,-99.0,18.0,-9.9,-99,-999,缍楗,08,キ马跋,055
24.8994,121.2064,キ马,C0C650,2017-02-26T12:00:00+08:00,208.0,19.0,4.8,10.1,0.96,998.9,-99.0,18.0,-9.9,-99,-999,缍楗,08,キ马跋,055
24.8994,121.2064,キ马,C0C650,2017-02-26T13:00:00+08:00,208.0,21.0,4.3,10.2,0.96,998.7,-99.0,18.0,-9.9,-99,-999,缍楗,08,キ马跋,055
24.8994,121.2064,キ马,C0C650,2017-02-26T14:00:00+08:00,208.0,22.0,4.6,10.1,0.96,997.8,-99.0,18.0,-9.9,-99,-999,缍楗,08,キ马跋,055
24.8994,121.2064,キ马,C0C650,2017-02-26T15:00:00+08:00,208.0,21.0,4.5,10.1,0.96,997.4,-99.0,18.5,-9.9,-99,-999,缍楗,08,キ马跋,055
24.8994,121.2064,キ马,C0C650,2017-02-26T16:00:00+08:00,208.0,36.0,3.8,10.3,0.96,997.3,-99.0,18.5,-9.9,-99,-999,缍楗,08,キ马跋,055
24.8994,121.2064,キ马,C0C650,2017-02-26T17:00:00+08:00,208.0,43.0,3.2,10.4,0.96,997.8,-99.0,18.5,-9.9,-99,-999,缍楗,08,キ马跋,055
24.8994,121.2064,キ马,C0C650,2017-02-26T18:00:00+08:00,208.0,56.0,2.2,10.6,0.96,998.4,-99.0,18.5,-9.9,-99,-999,缍楗,08,キ马跋,055
24.8994,121.2064,キ马,C0C650,2017-02-26T19:00:00+08:00,208.0,67.0,1.9,10.8,0.95,998.9,-99.0,18.5,-9.9,-99,-999,缍楗,08,キ马跋,055
24.8994,121.2064,キ马,C0C650,2017-02-26T20:00:00+08:00,208.0,65.0,1.9,10.9,0.93,999.4,-99.0,18.5,-9.9,-99,-999,缍楗,08,キ马跋,055
24.8994,121.2064,キ马,C0C650,2017-02-26T21:00:00+08:00,208.0,45.0,1.9,11.0,0.93,999.6,-99.0,18.5,-9.9,-99,-999,缍楗,08,キ马跋,055
24.8994,121.2064,キ马,C0C650,2017-02-26T22:00:00+08:00,208.0,44.0,2.4,11.3,0.91,999.8,-99.0,18.5,-9.9,-99,-999,缍楗,08,キ马跋,055
24.8994,121.2064,キ马,C0C650,2017-02-26T23:00:00+08:00,208.0,67.0,3.9,11.6,0.85,999.4,-99.0,18.5,-9.9,-99,-999,缍楗,08,キ马跋,055
24.8994,121.2064,キ马,C0C650,2017-02-27T00:00:00+08:00,208.0,56.0,3.8,11.9,0.82,998.7,-99.0,18.5,-9.9,-99,-999,缍楗,08,キ马跋,055
24.8994,121.2064,キ马,C0C650,2017-02-27T01:00:00+08:00,208.0,44.0,4.2,12.1,0.82,998.2,-99.0,0.0,-9.9,-99,-999,缍楗,08,キ马跋,055
24.8994,121.2064,キ马,C0C650,2017-02-27T02:00:00+08:00,208.0,45.0,4.2,12.3,0.81,997.5,-99.0,0.0,-9.9,-99,-999,缍楗,08,キ马跋,055
24.8994,121.2064,キ马,C0C650,2017-02-27T03:00:00+08:00,208.0,41.0,4.1,12.5,0.80,997.3,-99.0,0.0,-9.9,-99,-999,缍楗,08,キ马跋,055
24.8994,121.2064,キ马,C0C650,2017-02-27T04:00:00+08:00,208.0,38.0,5.0,12.7,0.78,997.1,-99.0,0.0,-9.9,-99,-999,缍楗,08,キ马跋,055
24.8994,121.2064,キ马,C0C650,2017-02-27T05:00:00+08:00,208.0,36.0,4.6,12.8,0.77,997.6,-99.0,0.0,-9.9,-99,-999,缍楗,08,キ马跋,055
24.8994,121.2064,キ马,C0C650,2017-02-27T06:00:00+08:00,208.0,33.0,4.8,13.0,0.76,998.1,-99.0,0.0,-9.9,-99,-999,缍楗,08,キ马跋,055
24.8994,121.2064,キ马,C0C650,2017-02-27T07:00:00+08:00,208.0,34.0,4.7,13.1,0.75,998.2,-99.0,0.0,-9.9,-99,-999,缍楗,08,キ马跋,055
24.8994,121.2064,キ马,C0C650,2017-02-27T08:00:00+08:00,208.0,35.0,4.8,13.3,0.74,998.8,-99.0,0.0,-9.9,-99,-999,缍楗,08,キ马跋,055
24.8994,121.2064,キ马,C0C650,2017-02-27T10:00:00+08:00,208.0,38.0,5.1,13.4,0.77,999.3,-99.0,0.0,-9.9,-99,-999,缍楗,08,キ马跋,055
24.8994,121.2064,キ马,C0C650,2017-02-27T11:00:00+08:00,208.0,37.0,5.4,13.5,0.76,999.7,-99.0,0.0,-9.9,-99,-999,缍楗,08,キ马跋,055
24.8994,121.2064,キ马,C0C650,2017-02-27T12:00:00+08:00,208.0,44.0,4.3,13.6,0.77,998.6,-99.0,0.0,-9.9,-99,-999,缍楗,08,キ马跋,055
24.8994,121.2064,キ马,C0C650,2017-02-27T13:00:00+08:00,208.0,40.0,5.4,14.0,0.73,997.9,-99.0,0.0,-9.9,-99,-999,缍楗,08,キ马跋,055
24.8994,121.2064,キ马,C0C650,2017-02-27T14:00:00+08:00,208.0,39.0,5.0,14.0,0.73,997.7,-99.0,0.0,-9.9,-99,-999,缍楗,08,キ马跋,055
24.8994,121.2064,キ马,C0C650,2017-02-27T15:00:00+08:00,208.0,49.0,4.0,13.6,0.77,997.9,-99.0,0.0,-9.9,-99,-999,缍楗,08,キ马跋,055
24.8994,121.2064,キ马,C0C650,2017-02-27T16:00:00+08:00,208.0,51.0,4.2,12.8,0.82,998.3,-99.0,0.0,-9.9,-99,-999,缍楗,08,キ马跋,055
24.8994,121.2064,キ马,C0C650,2017-02-27T17:00:00+08:00,208.0,39.0,4.6,12.7,0.83,998.9,-99.0,0.0,-9.9,-99,-999,缍楗,08,キ马跋,055
24.8994,121.2064,キ马,C0C650,2017-02-27T18:00:00+08:00,208.0,47.0,4.5,12.3,0.85,998.9,-99.0,0.0,-9.9,-99,-999,缍楗,08,キ马跋,055
24.8994,121.2064,キ马,C0C650,2017-02-27T19:00:00+08:00,208.0,48.0,4.6,12.5,0.83,998.6,-99.0,0.0,-9.9,-99,-999,缍楗,08,キ马跋,055
24.8994,121.2064,キ马,C0C650,2017-02-27T20:00:00+08:00,208.0,57.0,4.4,13.1,0.78,998.5,-99.0,0.0,-9.9,-99,-999,缍楗,08,キ马跋,055
24.8994,121.2064,キ马,C0C650,2017-02-27T21:00:00+08:00,208.0,54.0,4.6,13.6,0.73,998.4,-99.0,0.0,-9.9,-99,-999,缍楗,08,キ马跋,055
24.8994,121.2064,キ马,C0C650,2017-02-27T22:00:00+08:00,208.0,60.0,4.8,13.7,0.71,998.4,-99.0,0.0,-9.9,-99,-999,缍楗,08,キ马跋,055
24.8994,121.2064,キ马,C0C650,2017-02-27T23:00:00+08:00,208.0,59.0,4.6,13.9,0.72,997.7,-99.0,0.0,-9.9,-99,-999,缍楗,08,キ马跋,055
24.8994,121.2064,キ马,C0C650,2017-02-28T00:00:00+08:00,208.0,48.0,4.9,14.1,0.73,997.7,-99.0,0.0,-9.9,-99,-999,缍楗,08,キ马跋,055
24.8994,121.2064,キ马,C0C650,2017-02-28T01:00:00+08:00,208.0,65.0,4.0,14.1,0.75,996.3,-99.0,0.0,-9.9,-99,-999,缍楗,08,キ马跋,055
24.8994,121.2064,キ马,C0C650,2017-02-28T02:00:00+08:00,208.0,59.0,3.6,14.3,0.76,996.9,-99.0,0.0,-9.9,-99,-999,缍楗,08,キ马跋,055
24.8994,121.2064,キ马,C0C650,2017-02-28T03:00:00+08:00,208.0,37.0,3.0,14.2,0.78,997.1,-99.0,0.0,-9.9,-99,-999,缍楗,08,キ马跋,055
24.8994,121.2064,キ马,C0C650,2017-02-28T04:00:00+08:00,208.0,49.0,2.6,14.2,0.80,997.0,-99.0,0.0,-9.9,-99,-999,缍楗,08,キ马跋,055
24.8994,121.2064,キ马,C0C650,2017-02-28T05:00:00+08:00,208.0,62.0,2.9,12.9,0.90,997.0,-99.0,0.0,-9.9,-99,-999,缍楗,08,キ马跋,055
24.8994,121.2064,キ马,C0C650,2017-02-28T06:00:00+08:00,208.0,44.0,2.2,12.9,0.91,997.6,-99.0,0.0,-9.9,-99,-999,缍楗,08,キ马跋,055
24.8994,121.2064,キ马,C0C650,2017-02-28T07:00:00+08:00,208.0,34.0,3.3,13.0,0.89,998.1,-99.0,0.0,-9.9,-99,-999,缍楗,08,キ马跋,055
24.8994,121.2064,キ马,C0C650,2017-02-28T08:00:00+08:00,208.0,36.0,2.9,12.8,0.90,998.4,-99.0,0.0,-9.9,-99,-999,缍楗,08,キ马跋,055
24.8994,121.2064,キ马,C0C650,2017-02-28T09:00:00+08:00,208.0,47.0,3.7,13.0,0.88,998.5,-99.0,0.0,-9.9,-99,-999,缍楗,08,キ马跋,055
24.8994,121.2064,キ马,C0C650,2017-02-28T10:00:00+08:00,208.0,36.0,3.9,13.0,0.90,998.0,-99.0,0.0,-9.9,-99,-999,缍楗,08,キ马跋,055
24.8994,121.2064,キ马,C0C650,2017-02-28T11:00:00+08:00,208.0,37.0,3.2,13.5,0.85,997.8,-99.0,0.0,-9.9,-99,-999,缍楗,08,キ马跋,055
24.8994,121.2064,キ马,C0C650,2017-02-28T12:00:00+08:00,208.0,31.0,4.1,13.4,0.83,997.4,-99.0,0.0,-9.9,-99,-999,缍楗,08,キ马跋,055
24.8994,121.2064,キ马,C0C650,2017-02-28T13:00:00+08:00,208.0,41.0,2.5,13.3,0.84,996.6,-99.0,0.0,-9.9,-99,-999,缍楗,08,キ马跋,055
24.8994,121.2064,キ马,C0C650,2017-02-28T14:00:00+08:00,208.0,40.0,3.5,13.1,0.86,995.7,-99.0,0.0,-9.9,-99,-999,缍楗,08,キ马跋,055
24.8994,121.2064,キ马,C0C650,2017-02-28T15:00:00+08:00,208.0,57.0,3.4,13.1,0.88,994.8,-99.0,0.0,-9.9,-99,-999,缍楗,08,キ马跋,055
24.8994,121.2064,キ马,C0C650,2017-02-28T16:00:00+08:00,208.0,32.0,2.6,13.2,0.87,994.3,-99.0,0.0,-9.9,-99,-999,缍楗,08,キ马跋,055
24.8994,121.2064,キ马,C0C650,2017-02-28T17:00:00+08:00,208.0,33.0,2.0,13.0,0.88,994.2,-99.0,0.0,-9.9,-99,-999,缍楗,08,キ马跋,055
24.8994,121.2064,キ马,C0C650,2017-02-28T18:00:00+08:00,208.0,53.0,2.2,12.9,0.86,994.5,-99.0,0.0,-9.9,-99,-999,缍楗,08,キ马跋,055
24.8994,121.2064,キ马,C0C650,2017-02-28T19:00:00+08:00,208.0,37.0,1.6,13.1,0.85,994.9,-99.0,0.0,-9.9,-99,-999,缍楗,08,キ马跋,055
24.8994,121.2064,キ马,C0C650,2017-02-28T20:00:00+08:00,208.0,51.0,1.4,13.1,0.85,994.9,-99.0,0.0,-9.9,-99,-999,缍楗,08,キ马跋,055
24.8994,121.2064,キ马,C0C650,2017-02-28T21:00:00+08:00,208.0,28.0,0.9,12.9,0.87,994.9,-99.0,0.0,-9.9,-99,-999,缍楗,08,キ马跋,055
24.8994,121.2064,キ马,C0C650,2017-02-28T22:00:00+08:00,208.0,65.0,1.6,12.7,0.89,994.8,-99.0,0.0,-9.9,-99,-999,缍楗,08,キ马跋,055
24.8994,121.2064,キ马,C0C650,2017-02-28T23:00:00+08:00,208.0,41.0,1.3,12.9,0.90,995.0,-99.0,0.0,-9.9,-99,-999,缍楗,08,キ马跋,055
