24.6801,121.2004,±öªá,C0D360,2017-02-01T07:00:00+08:00,523.0,34.0,0.3,13.4,0.96,959.8,-99.0,0.0,-9.9,-99,-999,·s¦Ë¿¤,10,¦y¥Û¶m,077
24.6801,121.2004,±öªá,C0D360,2017-02-01T05:00:00+08:00,523.0,0.0,0.2,13.3,0.96,959.6,-99.0,0.0,-9.9,-99,-999,·s¦Ë¿¤,10,¦y¥Û¶m,077
24.6801,121.2004,±öªá,C0D360,2017-02-01T02:00:00+08:00,523.0,0.0,0.0,13.2,0.96,958.7,-99.0,0.0,-9.9,-99,-999,·s¦Ë¿¤,10,¦y¥Û¶m,077
24.6801,121.2004,±öªá,C0D360,2017-02-01T11:00:00+08:00,523.0,42.0,0.8,16.5,0.87,960.7,-99.0,0.0,-9.9,-99,-999,·s¦Ë¿¤,10,¦y¥Û¶m,077
24.6801,121.2004,±öªá,C0D360,2017-02-02T10:00:00+08:00,523.0,68.0,1.5,16.9,0.70,961.8,-99.0,0.0,-9.9,-99,-999,·s¦Ë¿¤,10,¦y¥Û¶m,077
24.6801,121.2004,±öªá,C0D360,2017-02-02T09:00:00+08:00,523.0,84.0,0.6,14.0,0.81,962.3,-99.0,0.0,-9.9,-99,-999,·s¦Ë¿¤,10,¦y¥Û¶m,077
24.6801,121.2004,±öªá,C0D360,2017-02-02T11:00:00+08:00,523.0,35.0,1.1,17.9,0.67,961.0,-99.0,0.0,-9.9,-99,-999,·s¦Ë¿¤,10,¦y¥Û¶m,077
24.6801,121.2004,±öªá,C0D360,2017-02-02T14:00:00+08:00,523.0,291.0,1.1,16.1,0.72,959.2,-99.0,0.0,-9.9,-99,-999,·s¦Ë¿¤,10,¦y¥Û¶m,077
24.6801,121.2004,±öªá,C0D360,2017-02-02T15:00:00+08:00,523.0,296.0,1.0,16.1,0.72,958.9,-99.0,0.0,-9.9,-99,-999,·s¦Ë¿¤,10,¦y¥Û¶m,077
24.6801,121.2004,±öªá,C0D360,2017-02-02T16:00:00+08:00,523.0,304.0,1.0,14.8,0.77,958.8,-99.0,0.0,-9.9,-99,-999,·s¦Ë¿¤,10,¦y¥Û¶m,077
24.6801,121.2004,±öªá,C0D360,2017-02-02T17:00:00+08:00,523.0,0.0,0.0,13.5,0.84,959.1,-99.0,0.0,-9.9,-99,-999,·s¦Ë¿¤,10,¦y¥Û¶m,077
24.6801,121.2004,±öªá,C0D360,2017-02-02T18:00:00+08:00,523.0,0.0,0.0,11.8,0.91,959.6,-99.0,0.0,-9.9,-99,-999,·s¦Ë¿¤,10,¦y¥Û¶m,077
24.6801,121.2004,±öªá,C0D360,2017-02-02T19:00:00+08:00,523.0,0.0,0.0,10.8,0.94,959.6,-99.0,0.0,-9.9,-99,-999,·s¦Ë¿¤,10,¦y¥Û¶m,077
24.6801,121.2004,±öªá,C0D360,2017-02-02T20:00:00+08:00,523.0,0.0,0.0,10.4,0.95,959.6,-99.0,0.0,-9.9,-99,-999,·s¦Ë¿¤,10,¦y¥Û¶m,077
24.6801,121.2004,±öªá,C0D360,2017-02-02T21:00:00+08:00,523.0,268.0,0.4,11.4,0.87,959.5,-99.0,0.0,-9.9,-99,-999,·s¦Ë¿¤,10,¦y¥Û¶m,077
24.6801,121.2004,±öªá,C0D360,2017-02-02T22:00:00+08:00,523.0,249.0,0.4,11.6,0.83,959.6,-99.0,0.0,-9.9,-99,-999,·s¦Ë¿¤,10,¦y¥Û¶m,077
24.6801,121.2004,±öªá,C0D360,2017-02-02T23:00:00+08:00,523.0,264.0,0.3,11.3,0.84,959.4,-99.0,0.0,-9.9,-99,-999,·s¦Ë¿¤,10,¦y¥Û¶m,077
24.6801,121.2004,±öªá,C0D360,2017-02-03T00:00:00+08:00,523.0,295.0,0.4,11.1,0.84,959.5,-99.0,0.0,-9.9,-99,-999,·s¦Ë¿¤,10,¦y¥Û¶m,077
24.6801,121.2004,±öªá,C0D360,2017-02-03T01:00:00+08:00,523.0,275.0,0.4,11.3,0.84,959.4,-99.0,0.0,-9.9,-99,-999,·s¦Ë¿¤,10,¦y¥Û¶m,077
24.6801,121.2004,±öªá,C0D360,2017-02-03T06:00:00+08:00,523.0,0.0,0.0,11.8,0.90,959.4,-99.0,-97.0,-9.9,-99,-999,·s¦Ë¿¤,10,¦y¥Û¶m,077
24.6801,121.2004,±öªá,C0D360,2017-02-03T07:00:00+08:00,523.0,0.0,0.0,12.0,0.90,959.7,-99.0,0.0,-9.9,-99,-999,·s¦Ë¿¤,10,¦y¥Û¶m,077
24.6801,121.2004,±öªá,C0D360,2017-02-03T08:00:00+08:00,523.0,0.0,0.0,13.4,0.87,959.8,-99.0,0.0,-9.9,-99,-999,·s¦Ë¿¤,10,¦y¥Û¶m,077
24.6801,121.2004,±öªá,C0D360,2017-02-03T10:00:00+08:00,523.0,58.0,0.6,16.8,0.72,960.0,-99.0,0.0,-9.9,-99,-999,·s¦Ë¿¤,10,¦y¥Û¶m,077
24.6801,121.2004,±öªá,C0D360,2017-02-03T11:00:00+08:00,523.0,70.0,1.0,18.2,0.66,958.9,-99.0,0.0,-9.9,-99,-999,·s¦Ë¿¤,10,¦y¥Û¶m,077
24.6801,121.2004,±öªá,C0D360,2017-02-03T12:00:00+08:00,523.0,309.0,0.9,20.1,0.56,957.9,-99.0,0.0,-9.9,-99,-999,·s¦Ë¿¤,10,¦y¥Û¶m,077
24.6801,121.2004,±öªá,C0D360,2017-02-03T13:00:00+08:00,523.0,357.0,1.4,21.2,0.59,957.2,-99.0,0.0,-9.9,-99,-999,·s¦Ë¿¤,10,¦y¥Û¶m,077
24.6801,121.2004,±öªá,C0D360,2017-02-03T14:00:00+08:00,523.0,349.0,1.2,21.5,0.57,956.5,-99.0,0.0,-9.9,-99,-999,·s¦Ë¿¤,10,¦y¥Û¶m,077
24.6801,121.2004,±öªá,C0D360,2017-02-03T15:00:00+08:00,523.0,60.0,0.8,21.4,0.58,955.7,-99.0,0.0,-9.9,-99,-999,·s¦Ë¿¤,10,¦y¥Û¶m,077
24.6801,121.2004,±öªá,C0D360,2017-02-03T16:00:00+08:00,523.0,318.0,0.4,20.0,0.67,956.0,-99.0,0.0,-9.9,-99,-999,·s¦Ë¿¤,10,¦y¥Û¶m,077
24.6801,121.2004,±öªá,C0D360,2017-02-03T17:00:00+08:00,523.0,290.0,0.4,17.7,0.78,956.3,-99.0,0.0,-9.9,-99,-999,·s¦Ë¿¤,10,¦y¥Û¶m,077
24.6801,121.2004,±öªá,C0D360,2017-02-03T18:00:00+08:00,523.0,0.0,0.2,16.4,0.86,956.7,-99.0,0.0,-9.9,-99,-999,·s¦Ë¿¤,10,¦y¥Û¶m,077
24.6801,121.2004,±öªá,C0D360,2017-02-03T19:00:00+08:00,523.0,296.0,0.4,14.9,0.93,957.0,-99.0,0.0,-9.9,-99,-999,·s¦Ë¿¤,10,¦y¥Û¶m,077
24.6801,121.2004,±öªá,C0D360,2017-02-03T20:00:00+08:00,523.0,0.0,0.0,14.7,0.94,957.3,-99.0,0.0,-9.9,-99,-999,·s¦Ë¿¤,10,¦y¥Û¶m,077
24.6801,121.2004,±öªá,C0D360,2017-02-03T21:00:00+08:00,523.0,0.0,0.0,14.6,0.94,957.7,-99.0,0.0,-9.9,-99,-999,·s¦Ë¿¤,10,¦y¥Û¶m,077
24.6801,121.2004,±öªá,C0D360,2017-02-03T22:00:00+08:00,523.0,0.0,0.0,14.6,0.93,958.0,-99.0,0.0,-9.9,-99,-999,·s¦Ë¿¤,10,¦y¥Û¶m,077
24.6801,121.2004,±öªá,C0D360,2017-02-03T23:00:00+08:00,523.0,0.0,0.0,14.4,0.94,957.6,-99.0,0.0,-9.9,-99,-999,·s¦Ë¿¤,10,¦y¥Û¶m,077
24.6801,121.2004,±öªá,C0D360,2017-02-04T00:00:00+08:00,523.0,347.0,0.3,14.3,0.95,957.9,-99.0,0.0,-9.9,-99,-999,·s¦Ë¿¤,10,¦y¥Û¶m,077
24.6801,121.2004,±öªá,C0D360,2017-02-04T01:00:00+08:00,523.0,230.0,0.6,14.4,0.90,957.2,-99.0,0.0,-9.9,-99,-999,·s¦Ë¿¤,10,¦y¥Û¶m,077
24.6801,121.2004,±öªá,C0D360,2017-02-04T02:00:00+08:00,523.0,0.0,0.0,13.8,0.93,956.2,-99.0,0.0,-9.9,-99,-999,·s¦Ë¿¤,10,¦y¥Û¶m,077
24.6801,121.2004,±öªá,C0D360,2017-02-04T03:00:00+08:00,523.0,228.0,0.4,13.7,0.93,956.0,-99.0,0.0,-9.9,-99,-999,·s¦Ë¿¤,10,¦y¥Û¶m,077
24.6801,121.2004,±öªá,C0D360,2017-02-04T04:00:00+08:00,523.0,0.0,0.0,13.3,0.93,955.9,-99.0,0.0,-9.9,-99,-999,·s¦Ë¿¤,10,¦y¥Û¶m,077
24.6801,121.2004,±öªá,C0D360,2017-02-04T05:00:00+08:00,523.0,0.0,0.0,13.3,0.92,955.5,-99.0,0.0,-9.9,-99,-999,·s¦Ë¿¤,10,¦y¥Û¶m,077
24.6801,121.2004,±öªá,C0D360,2017-02-04T06:00:00+08:00,523.0,0.0,0.0,13.2,0.91,956.3,-99.0,0.0,-9.9,-99,-999,·s¦Ë¿¤,10,¦y¥Û¶m,077
24.6801,121.2004,±öªá,C0D360,2017-02-04T07:00:00+08:00,523.0,220.0,0.6,13.3,0.89,956.4,-99.0,0.0,-9.9,-99,-999,·s¦Ë¿¤,10,¦y¥Û¶m,077
24.6801,121.2004,±öªá,C0D360,2017-02-04T08:00:00+08:00,523.0,0.0,0.0,13.9,0.90,956.7,-99.0,0.0,-9.9,-99,-999,·s¦Ë¿¤,10,¦y¥Û¶m,077
24.6801,121.2004,±öªá,C0D360,2017-02-04T10:00:00+08:00,523.0,76.0,0.3,16.8,0.78,956.9,-99.0,0.0,-9.9,-99,-999,·s¦Ë¿¤,10,¦y¥Û¶m,077
24.6801,121.2004,±öªá,C0D360,2017-02-04T11:00:00+08:00,523.0,69.0,0.7,18.8,0.71,955.9,-99.0,0.0,-9.9,-99,-999,·s¦Ë¿¤,10,¦y¥Û¶m,077
24.6801,121.2004,±öªá,C0D360,2017-02-04T12:00:00+08:00,523.0,80.0,1.2,20.3,0.64,954.9,-99.0,0.0,-9.9,-99,-999,·s¦Ë¿¤,10,¦y¥Û¶m,077
24.6801,121.2004,±öªá,C0D360,2017-02-04T13:00:00+08:00,523.0,27.0,0.9,21.6,0.62,953.8,-99.0,0.0,-9.9,-99,-999,·s¦Ë¿¤,10,¦y¥Û¶m,077
24.6801,121.2004,±öªá,C0D360,2017-02-04T14:00:00+08:00,523.0,338.0,1.0,21.6,0.62,952.9,-99.0,0.0,-9.9,-99,-999,·s¦Ë¿¤,10,¦y¥Û¶m,077
24.6801,121.2004,±öªá,C0D360,2017-02-04T15:00:00+08:00,523.0,330.0,0.6,19.6,0.74,952.8,-99.0,0.0,-9.9,-99,-999,·s¦Ë¿¤,10,¦y¥Û¶m,077
24.6801,121.2004,±öªá,C0D360,2017-02-04T16:00:00+08:00,523.0,57.0,0.6,19.0,0.77,952.5,-99.0,0.0,-9.9,-99,-999,·s¦Ë¿¤,10,¦y¥Û¶m,077
24.6801,121.2004,±öªá,C0D360,2017-02-04T17:00:00+08:00,523.0,0.0,0.0,18.4,0.82,952.6,-99.0,0.0,-9.9,-99,-999,·s¦Ë¿¤,10,¦y¥Û¶m,077
24.6801,121.2004,±öªá,C0D360,2017-02-04T18:00:00+08:00,523.0,96.0,0.3,16.9,0.91,953.3,-99.0,0.0,-9.9,-99,-999,·s¦Ë¿¤,10,¦y¥Û¶m,077
24.6801,121.2004,±öªá,C0D360,2017-02-04T19:00:00+08:00,523.0,0.0,0.0,16.0,0.94,954.2,-99.0,0.0,-9.9,-99,-999,·s¦Ë¿¤,10,¦y¥Û¶m,077
24.6801,121.2004,±öªá,C0D360,2017-02-04T20:00:00+08:00,523.0,0.0,0.0,15.5,0.95,954.2,-99.0,0.0,-9.9,-99,-999,·s¦Ë¿¤,10,¦y¥Û¶m,077
24.6801,121.2004,±öªá,C0D360,2017-02-04T21:00:00+08:00,523.0,0.0,0.0,15.3,0.95,954.5,-99.0,0.0,-9.9,-99,-999,·s¦Ë¿¤,10,¦y¥Û¶m,077
24.6801,121.2004,±öªá,C0D360,2017-02-04T22:00:00+08:00,523.0,0.0,0.0,15.0,0.94,954.2,-99.0,0.0,-9.9,-99,-999,·s¦Ë¿¤,10,¦y¥Û¶m,077
24.6801,121.2004,±öªá,C0D360,2017-02-04T23:00:00+08:00,523.0,0.0,0.0,14.7,0.93,954.3,-99.0,0.0,-9.9,-99,-999,·s¦Ë¿¤,10,¦y¥Û¶m,077
24.6801,121.2004,±öªá,C0D360,2017-02-05T00:00:00+08:00,523.0,0.0,0.0,14.2,0.93,954.1,-99.0,0.0,-9.9,-99,-999,·s¦Ë¿¤,10,¦y¥Û¶m,077
24.6801,121.2004,±öªá,C0D360,2017-02-05T01:00:00+08:00,523.0,0.0,0.0,14.3,0.92,954.1,-99.0,0.0,-9.9,-99,-999,·s¦Ë¿¤,10,¦y¥Û¶m,077
24.6801,121.2004,±öªá,C0D360,2017-02-05T02:00:00+08:00,523.0,274.0,0.3,13.8,0.91,953.5,-99.0,0.0,-9.9,-99,-999,·s¦Ë¿¤,10,¦y¥Û¶m,077
24.6801,121.2004,±öªá,C0D360,2017-02-05T03:00:00+08:00,523.0,0.0,0.0,12.9,0.94,952.9,-99.0,0.0,-9.9,-99,-999,·s¦Ë¿¤,10,¦y¥Û¶m,077
24.6801,121.2004,±öªá,C0D360,2017-02-05T04:00:00+08:00,523.0,0.0,0.0,13.0,0.95,952.6,-99.0,0.0,-9.9,-99,-999,·s¦Ë¿¤,10,¦y¥Û¶m,077
24.6801,121.2004,±öªá,C0D360,2017-02-05T05:00:00+08:00,523.0,0.0,0.0,13.4,0.94,953.4,-99.0,0.0,-9.9,-99,-999,·s¦Ë¿¤,10,¦y¥Û¶m,077
24.6801,121.2004,±öªá,C0D360,2017-02-05T06:00:00+08:00,523.0,0.0,0.2,13.7,0.90,953.8,-99.0,0.0,-9.9,-99,-999,·s¦Ë¿¤,10,¦y¥Û¶m,077
24.6801,121.2004,±öªá,C0D360,2017-02-05T07:00:00+08:00,523.0,0.0,0.0,13.6,0.92,954.3,-99.0,0.0,-9.9,-99,-999,·s¦Ë¿¤,10,¦y¥Û¶m,077
24.6801,121.2004,±öªá,C0D360,2017-02-05T08:00:00+08:00,523.0,0.0,0.0,15.5,0.88,954.3,-99.0,0.0,-9.9,-99,-999,·s¦Ë¿¤,10,¦y¥Û¶m,077
24.6801,121.2004,±öªá,C0D360,2017-02-05T10:00:00+08:00,523.0,65.0,0.7,15.9,0.86,955.1,-99.0,0.0,-9.9,-99,-999,·s¦Ë¿¤,10,¦y¥Û¶m,077
24.6801,121.2004,±öªá,C0D360,2017-02-05T11:00:00+08:00,523.0,0.0,0.0,18.4,0.78,954.3,-99.0,0.0,-9.9,-99,-999,·s¦Ë¿¤,10,¦y¥Û¶m,077
24.6801,121.2004,±öªá,C0D360,2017-02-05T12:00:00+08:00,523.0,54.0,0.6,21.5,0.62,953.2,-99.0,0.0,-9.9,-99,-999,·s¦Ë¿¤,10,¦y¥Û¶m,077
24.6801,121.2004,±öªá,C0D360,2017-02-05T13:00:00+08:00,523.0,320.0,1.0,22.7,0.57,952.5,-99.0,0.0,-9.9,-99,-999,·s¦Ë¿¤,10,¦y¥Û¶m,077
24.6801,121.2004,±öªá,C0D360,2017-02-05T14:00:00+08:00,523.0,333.0,1.1,21.0,0.65,951.9,-99.0,0.0,-9.9,-99,-999,·s¦Ë¿¤,10,¦y¥Û¶m,077
24.6801,121.2004,±öªá,C0D360,2017-02-05T15:00:00+08:00,523.0,349.0,1.0,20.4,0.69,951.9,-99.0,0.0,-9.9,-99,-999,·s¦Ë¿¤,10,¦y¥Û¶m,077
24.6801,121.2004,±öªá,C0D360,2017-02-05T16:00:00+08:00,523.0,233.0,0.3,19.2,0.71,951.9,-99.0,0.0,-9.9,-99,-999,·s¦Ë¿¤,10,¦y¥Û¶m,077
24.6801,121.2004,±öªá,C0D360,2017-02-05T17:00:00+08:00,523.0,214.0,0.4,18.6,0.73,952.2,-99.0,0.0,-9.9,-99,-999,·s¦Ë¿¤,10,¦y¥Û¶m,077
24.6801,121.2004,±öªá,C0D360,2017-02-05T18:00:00+08:00,523.0,25.0,0.5,17.1,0.81,952.0,-99.0,0.0,-9.9,-99,-999,·s¦Ë¿¤,10,¦y¥Û¶m,077
24.6801,121.2004,±öªá,C0D360,2017-02-05T19:00:00+08:00,523.0,332.0,0.7,17.0,0.80,952.6,-99.0,0.0,-9.9,-99,-999,·s¦Ë¿¤,10,¦y¥Û¶m,077
24.6801,121.2004,±öªá,C0D360,2017-02-05T20:00:00+08:00,523.0,38.0,0.7,16.5,0.81,953.0,-99.0,0.0,-9.9,-99,-999,·s¦Ë¿¤,10,¦y¥Û¶m,077
24.6801,121.2004,±öªá,C0D360,2017-02-05T21:00:00+08:00,523.0,29.0,2.4,18.9,0.64,952.8,-99.0,0.0,-9.9,-99,-999,·s¦Ë¿¤,10,¦y¥Û¶m,077
24.6801,121.2004,±öªá,C0D360,2017-02-05T22:00:00+08:00,523.0,59.0,1.1,18.8,0.62,952.7,-99.0,0.0,-9.9,-99,-999,·s¦Ë¿¤,10,¦y¥Û¶m,077
24.6801,121.2004,±öªá,C0D360,2017-02-05T23:00:00+08:00,523.0,5.0,0.8,17.3,0.68,952.9,-99.0,0.0,-9.9,-99,-999,·s¦Ë¿¤,10,¦y¥Û¶m,077
24.6801,121.2004,±öªá,C0D360,2017-02-06T00:00:00+08:00,523.0,306.0,0.3,15.3,0.79,952.7,-99.0,0.0,-9.9,-99,-999,·s¦Ë¿¤,10,¦y¥Û¶m,077
24.6801,121.2004,±öªá,C0D360,2017-02-06T01:00:00+08:00,523.0,224.0,0.6,14.1,0.85,952.6,-99.0,0.0,-9.9,-99,-999,·s¦Ë¿¤,10,¦y¥Û¶m,077
24.6801,121.2004,±öªá,C0D360,2017-02-06T02:00:00+08:00,523.0,284.0,0.3,13.0,0.90,952.4,-99.0,0.0,-9.9,-99,-999,·s¦Ë¿¤,10,¦y¥Û¶m,077
24.6801,121.2004,±öªá,C0D360,2017-02-06T03:00:00+08:00,523.0,347.0,0.5,12.2,0.91,952.3,-99.0,0.0,-9.9,-99,-999,·s¦Ë¿¤,10,¦y¥Û¶m,077
24.6801,121.2004,±öªá,C0D360,2017-02-06T04:00:00+08:00,523.0,288.0,0.3,11.7,0.95,952.5,-99.0,0.0,-9.9,-99,-999,·s¦Ë¿¤,10,¦y¥Û¶m,077
24.6801,121.2004,±öªá,C0D360,2017-02-06T05:00:00+08:00,523.0,0.0,0.0,11.1,0.97,952.9,-99.0,0.0,-9.9,-99,-999,·s¦Ë¿¤,10,¦y¥Û¶m,077
24.6801,121.2004,±öªá,C0D360,2017-02-06T06:00:00+08:00,523.0,288.0,0.3,10.9,0.97,953.6,-99.0,0.0,-9.9,-99,-999,·s¦Ë¿¤,10,¦y¥Û¶m,077
24.6801,121.2004,±öªá,C0D360,2017-02-06T07:00:00+08:00,523.0,0.0,0.0,10.7,0.96,954.5,-99.0,0.0,-9.9,-99,-999,·s¦Ë¿¤,10,¦y¥Û¶m,077
24.6801,121.2004,±öªá,C0D360,2017-02-06T08:00:00+08:00,523.0,0.0,0.0,11.2,0.97,955.3,-99.0,0.0,-9.9,-99,-999,·s¦Ë¿¤,10,¦y¥Û¶m,077
24.6801,121.2004,±öªá,C0D360,2017-02-06T10:00:00+08:00,523.0,62.0,1.5,18.6,0.67,955.8,-99.0,0.0,-9.9,-99,-999,·s¦Ë¿¤,10,¦y¥Û¶m,077
24.6801,121.2004,±öªá,C0D360,2017-02-06T11:00:00+08:00,523.0,73.0,1.3,20.1,0.62,955.4,-99.0,0.0,-9.9,-99,-999,·s¦Ë¿¤,10,¦y¥Û¶m,077
24.6801,121.2004,±öªá,C0D360,2017-02-06T12:00:00+08:00,523.0,40.0,1.0,21.1,0.56,954.9,-99.0,0.0,-9.9,-99,-999,·s¦Ë¿¤,10,¦y¥Û¶m,077
24.6801,121.2004,±öªá,C0D360,2017-02-06T13:00:00+08:00,523.0,316.0,1.1,21.7,0.54,954.5,-99.0,0.0,-9.9,-99,-999,·s¦Ë¿¤,10,¦y¥Û¶m,077
24.6801,121.2004,±öªá,C0D360,2017-02-06T14:00:00+08:00,523.0,347.0,1.2,21.3,0.55,954.0,-99.0,0.0,-9.9,-99,-999,·s¦Ë¿¤,10,¦y¥Û¶m,077
24.6801,121.2004,±öªá,C0D360,2017-02-06T15:00:00+08:00,523.0,322.0,1.1,19.8,0.62,953.9,-99.0,0.0,-9.9,-99,-999,·s¦Ë¿¤,10,¦y¥Û¶m,077
24.6801,121.2004,±öªá,C0D360,2017-02-06T16:00:00+08:00,523.0,301.0,0.6,18.4,0.65,953.9,-99.0,0.0,-9.9,-99,-999,·s¦Ë¿¤,10,¦y¥Û¶m,077
24.6801,121.2004,±öªá,C0D360,2017-02-06T17:00:00+08:00,523.0,318.0,0.7,16.1,0.73,954.2,-99.0,0.0,-9.9,-99,-999,·s¦Ë¿¤,10,¦y¥Û¶m,077
24.6801,121.2004,±öªá,C0D360,2017-02-06T18:00:00+08:00,523.0,319.0,0.4,13.9,0.82,954.6,-99.0,0.0,-9.9,-99,-999,·s¦Ë¿¤,10,¦y¥Û¶m,077
24.6801,121.2004,±öªá,C0D360,2017-02-06T19:00:00+08:00,523.0,0.0,0.0,12.5,0.88,954.9,-99.0,0.0,-9.9,-99,-999,·s¦Ë¿¤,10,¦y¥Û¶m,077
24.6801,121.2004,±öªá,C0D360,2017-02-06T20:00:00+08:00,523.0,0.0,0.2,11.5,0.92,955.0,-99.0,0.0,-9.9,-99,-999,·s¦Ë¿¤,10,¦y¥Û¶m,077
24.6801,121.2004,±öªá,C0D360,2017-02-06T21:00:00+08:00,523.0,269.0,0.4,11.7,0.91,955.2,-99.0,0.0,-9.9,-99,-999,·s¦Ë¿¤,10,¦y¥Û¶m,077
24.6801,121.2004,±öªá,C0D360,2017-02-06T22:00:00+08:00,523.0,260.0,0.5,12.7,0.82,954.9,-99.0,0.0,-9.9,-99,-999,·s¦Ë¿¤,10,¦y¥Û¶m,077
24.6801,121.2004,±öªá,C0D360,2017-02-06T23:00:00+08:00,523.0,20.0,0.5,11.6,0.89,954.8,-99.0,0.0,-9.9,-99,-999,·s¦Ë¿¤,10,¦y¥Û¶m,077
24.6801,121.2004,±öªá,C0D360,2017-02-07T00:00:00+08:00,523.0,0.0,0.0,10.5,0.91,955.4,-99.0,0.0,-9.9,-99,-999,·s¦Ë¿¤,10,¦y¥Û¶m,077
24.6801,121.2004,±öªá,C0D360,2017-02-07T10:00:00+08:00,523.0,67.0,1.1,17.5,0.62,957.3,-99.0,0.0,-9.9,-99,-999,·s¦Ë¿¤,10,¦y¥Û¶m,077
24.6801,121.2004,±öªá,C0D360,2017-02-07T11:00:00+08:00,523.0,351.0,1.1,20.0,0.59,956.6,-99.0,0.0,-9.9,-99,-999,·s¦Ë¿¤,10,¦y¥Û¶m,077
24.6801,121.2004,±öªá,C0D360,2017-02-07T12:00:00+08:00,523.0,353.0,1.3,20.2,0.60,955.8,-99.0,0.0,-9.9,-99,-999,·s¦Ë¿¤,10,¦y¥Û¶m,077
24.6801,121.2004,±öªá,C0D360,2017-02-07T13:00:00+08:00,523.0,335.0,1.3,20.3,0.57,955.0,-99.0,0.0,-9.9,-99,-999,·s¦Ë¿¤,10,¦y¥Û¶m,077
24.6801,121.2004,±öªá,C0D360,2017-02-07T14:00:00+08:00,523.0,326.0,0.8,20.5,0.58,954.4,-99.0,0.0,-9.9,-99,-999,·s¦Ë¿¤,10,¦y¥Û¶m,077
24.6801,121.2004,±öªá,C0D360,2017-02-07T15:00:00+08:00,523.0,309.0,0.8,19.6,0.60,954.1,-99.0,0.0,-9.9,-99,-999,·s¦Ë¿¤,10,¦y¥Û¶m,077
24.6801,121.2004,±öªá,C0D360,2017-02-07T16:00:00+08:00,523.0,305.0,0.8,17.8,0.65,954.4,-99.0,0.0,-9.9,-99,-999,·s¦Ë¿¤,10,¦y¥Û¶m,077
24.6801,121.2004,±öªá,C0D360,2017-02-07T17:00:00+08:00,523.0,289.0,0.6,15.8,0.76,954.5,-99.0,0.0,-9.9,-99,-999,·s¦Ë¿¤,10,¦y¥Û¶m,077
24.6801,121.2004,±öªá,C0D360,2017-02-07T18:00:00+08:00,523.0,290.0,0.4,13.8,0.85,954.6,-99.0,0.0,-9.9,-99,-999,·s¦Ë¿¤,10,¦y¥Û¶m,077
24.6801,121.2004,±öªá,C0D360,2017-02-07T19:00:00+08:00,523.0,0.0,0.0,12.8,0.89,954.9,-99.0,0.0,-9.9,-99,-999,·s¦Ë¿¤,10,¦y¥Û¶m,077
24.6801,121.2004,±öªá,C0D360,2017-02-07T20:00:00+08:00,523.0,0.0,0.0,12.1,0.93,955.3,-99.0,0.0,-9.9,-99,-999,·s¦Ë¿¤,10,¦y¥Û¶m,077
24.6801,121.2004,±öªá,C0D360,2017-02-07T21:00:00+08:00,523.0,267.0,0.3,12.3,0.90,954.9,-99.0,0.0,-9.9,-99,-999,·s¦Ë¿¤,10,¦y¥Û¶m,077
24.6801,121.2004,±öªá,C0D360,2017-02-07T22:00:00+08:00,523.0,284.0,0.3,12.1,0.84,955.1,-99.0,0.0,-9.9,-99,-999,·s¦Ë¿¤,10,¦y¥Û¶m,077
24.6801,121.2004,±öªá,C0D360,2017-02-07T23:00:00+08:00,523.0,0.0,0.0,11.9,0.84,954.8,-99.0,0.0,-9.9,-99,-999,·s¦Ë¿¤,10,¦y¥Û¶m,077
24.6801,121.2004,±öªá,C0D360,2017-02-08T00:00:00+08:00,523.0,0.0,0.0,11.5,0.89,955.1,-99.0,0.0,-9.9,-99,-999,·s¦Ë¿¤,10,¦y¥Û¶m,077
24.6801,121.2004,±öªá,C0D360,2017-02-08T01:00:00+08:00,523.0,0.0,0.0,11.4,0.86,954.2,-99.0,0.0,-9.9,-99,-999,·s¦Ë¿¤,10,¦y¥Û¶m,077
24.6801,121.2004,±öªá,C0D360,2017-02-08T07:00:00+08:00,523.0,0.0,0.0,12.7,0.89,955.2,-99.0,-97.0,-9.9,-99,-999,·s¦Ë¿¤,10,¦y¥Û¶m,077
24.6801,121.2004,±öªá,C0D360,2017-02-08T08:00:00+08:00,523.0,0.0,0.0,14.6,0.84,955.6,-99.0,0.0,-9.9,-99,-999,·s¦Ë¿¤,10,¦y¥Û¶m,077
24.6801,121.2004,±öªá,C0D360,2017-02-08T10:00:00+08:00,523.0,350.0,1.4,14.7,0.84,955.8,-99.0,0.0,-9.9,-99,-999,·s¦Ë¿¤,10,¦y¥Û¶m,077
24.6801,121.2004,±öªá,C0D360,2017-02-08T11:00:00+08:00,523.0,77.0,0.6,14.1,0.91,956.3,-99.0,0.0,-9.9,-99,-999,·s¦Ë¿¤,10,¦y¥Û¶m,077
24.6801,121.2004,±öªá,C0D360,2017-02-08T12:00:00+08:00,523.0,0.0,0.0,15.3,0.84,955.8,-99.0,0.0,-9.9,-99,-999,·s¦Ë¿¤,10,¦y¥Û¶m,077
24.6801,121.2004,±öªá,C0D360,2017-02-08T13:00:00+08:00,523.0,46.0,0.4,16.3,0.80,954.6,-99.0,0.0,-9.9,-99,-999,·s¦Ë¿¤,10,¦y¥Û¶m,077
24.6801,121.2004,±öªá,C0D360,2017-02-08T14:00:00+08:00,523.0,350.0,0.6,15.4,0.86,954.4,-99.0,0.0,-9.9,-99,-999,·s¦Ë¿¤,10,¦y¥Û¶m,077
24.6801,121.2004,±öªá,C0D360,2017-02-08T15:00:00+08:00,523.0,68.0,0.7,14.0,0.96,954.4,-99.0,0.0,-9.9,-99,-999,·s¦Ë¿¤,10,¦y¥Û¶m,077
24.6801,121.2004,±öªá,C0D360,2017-02-08T16:00:00+08:00,523.0,333.0,0.6,13.1,0.96,954.3,-99.0,0.0,-9.9,-99,-999,·s¦Ë¿¤,10,¦y¥Û¶m,077
24.6801,121.2004,±öªá,C0D360,2017-02-08T17:00:00+08:00,523.0,70.0,0.4,12.9,0.98,954.3,-99.0,0.0,-9.9,-99,-999,·s¦Ë¿¤,10,¦y¥Û¶m,077
24.6801,121.2004,±öªá,C0D360,2017-02-08T18:00:00+08:00,523.0,0.0,0.0,12.8,0.99,954.4,-99.0,0.0,-9.9,-99,-999,·s¦Ë¿¤,10,¦y¥Û¶m,077
24.6801,121.2004,±öªá,C0D360,2017-02-08T19:00:00+08:00,523.0,53.0,0.6,12.8,0.99,955.1,-99.0,0.0,-9.9,-99,-999,·s¦Ë¿¤,10,¦y¥Û¶m,077
24.6801,121.2004,±öªá,C0D360,2017-02-08T20:00:00+08:00,523.0,349.0,0.4,12.7,0.99,955.8,-99.0,0.5,-9.9,-99,-999,·s¦Ë¿¤,10,¦y¥Û¶m,077
24.6801,121.2004,±öªá,C0D360,2017-02-08T21:00:00+08:00,523.0,55.0,0.6,12.6,0.99,955.9,-99.0,1.0,-9.9,-99,-999,·s¦Ë¿¤,10,¦y¥Û¶m,077
24.6801,121.2004,±öªá,C0D360,2017-02-08T22:00:00+08:00,523.0,0.0,0.2,12.6,0.99,956.9,-99.0,1.5,-9.9,-99,-999,·s¦Ë¿¤,10,¦y¥Û¶m,077
24.6801,121.2004,±öªá,C0D360,2017-02-08T23:00:00+08:00,523.0,3.0,0.7,12.5,0.99,956.9,-99.0,2.5,-9.9,-99,-999,·s¦Ë¿¤,10,¦y¥Û¶m,077
24.6801,121.2004,±öªá,C0D360,2017-02-09T00:00:00+08:00,523.0,15.0,0.7,12.1,0.99,957.4,-99.0,4.5,-9.9,-99,-999,·s¦Ë¿¤,10,¦y¥Û¶m,077
24.6801,121.2004,±öªá,C0D360,2017-02-09T01:00:00+08:00,523.0,10.0,1.0,11.1,0.98,958.0,-99.0,2.5,-9.9,-99,-999,·s¦Ë¿¤,10,¦y¥Û¶m,077
24.6801,121.2004,±öªá,C0D360,2017-02-09T16:00:00+08:00,523.0,-97.0,-97.0,-97.0,-0.97,-997.0,-99.0,-97.0,-9.9,-99,-999,·s¦Ë¿¤,10,¦y¥Û¶m,077
24.6801,121.2004,±öªá,C0D360,2017-02-09T18:00:00+08:00,523.0,-97.0,-97.0,-97.0,-0.97,-997.0,-99.0,3.5,-9.9,-99,-999,·s¦Ë¿¤,10,¦y¥Û¶m,077
24.6801,121.2004,±öªá,C0D360,2017-02-09T19:00:00+08:00,523.0,-97.0,-97.0,-97.0,-0.97,-997.0,-99.0,3.5,-9.9,-99,-999,·s¦Ë¿¤,10,¦y¥Û¶m,077
24.6801,121.2004,±öªá,C0D360,2017-02-09T20:00:00+08:00,523.0,-97.0,-97.0,-97.0,-0.97,-997.0,-99.0,3.5,-9.9,-99,-999,·s¦Ë¿¤,10,¦y¥Û¶m,077
24.6801,121.2004,±öªá,C0D360,2017-02-10T09:00:00+08:00,523.0,-97.0,-97.0,-97.0,-0.97,-997.0,-99.0,-97.0,-9.9,-99,-999,·s¦Ë¿¤,10,¦y¥Û¶m,077
24.6801,121.2004,±öªá,C0D360,2017-02-10T20:00:00+08:00,523.0,-97.0,-97.0,-97.0,-0.97,-997.0,-99.0,-97.0,-9.9,-99,-999,·s¦Ë¿¤,10,¦y¥Û¶m,077
24.6801,121.2004,±öªá,C0D360,2017-02-10T21:00:00+08:00,523.0,-97.0,-97.0,-97.0,-0.97,-997.0,-99.0,0.0,-9.9,-99,-999,·s¦Ë¿¤,10,¦y¥Û¶m,077
24.6801,121.2004,±öªá,C0D360,2017-02-10T22:00:00+08:00,523.0,-97.0,-97.0,-97.0,-0.97,-997.0,-99.0,0.0,-9.9,-99,-999,·s¦Ë¿¤,10,¦y¥Û¶m,077
24.6801,121.2004,±öªá,C0D360,2017-02-10T23:00:00+08:00,523.0,-97.0,-97.0,-97.0,-0.97,-997.0,-99.0,0.0,-9.9,-99,-999,·s¦Ë¿¤,10,¦y¥Û¶m,077
24.6801,121.2004,±öªá,C0D360,2017-02-11T00:00:00+08:00,523.0,-97.0,-97.0,-97.0,-0.97,-997.0,-99.0,0.0,-9.9,-99,-999,·s¦Ë¿¤,10,¦y¥Û¶m,077
24.6801,121.2004,±öªá,C0D360,2017-02-11T01:00:00+08:00,523.0,-97.0,-97.0,-97.0,-0.97,-997.0,-99.0,0.0,-9.9,-99,-999,·s¦Ë¿¤,10,¦y¥Û¶m,077
24.6801,121.2004,±öªá,C0D360,2017-02-11T02:00:00+08:00,523.0,-97.0,-97.0,-97.0,-0.97,-997.0,-99.0,0.0,-9.9,-99,-999,·s¦Ë¿¤,10,¦y¥Û¶m,077
24.6801,121.2004,±öªá,C0D360,2017-02-11T03:00:00+08:00,523.0,-97.0,-97.0,-97.0,-0.97,-997.0,-99.0,0.0,-9.9,-99,-999,·s¦Ë¿¤,10,¦y¥Û¶m,077
24.6801,121.2004,±öªá,C0D360,2017-02-11T07:00:00+08:00,523.0,-97.0,-97.0,-97.0,-0.97,-997.0,-99.0,0.0,-9.9,-99,-999,·s¦Ë¿¤,10,¦y¥Û¶m,077
24.6801,121.2004,±öªá,C0D360,2017-02-11T08:00:00+08:00,523.0,-97.0,-97.0,-97.0,-0.97,-997.0,-99.0,0.0,-9.9,-99,-999,·s¦Ë¿¤,10,¦y¥Û¶m,077
24.6801,121.2004,±öªá,C0D360,2017-02-11T13:00:00+08:00,523.0,-97.0,-97.0,-97.0,-0.97,-997.0,-99.0,-97.0,-9.9,-99,-999,·s¦Ë¿¤,10,¦y¥Û¶m,077
24.6801,121.2004,±öªá,C0D360,2017-02-11T14:00:00+08:00,523.0,-97.0,-97.0,-97.0,-0.97,-997.0,-99.0,0.0,-9.9,-99,-999,·s¦Ë¿¤,10,¦y¥Û¶m,077
24.6801,121.2004,±öªá,C0D360,2017-02-11T15:00:00+08:00,523.0,-97.0,-97.0,-97.0,-0.97,-997.0,-99.0,0.0,-9.9,-99,-999,·s¦Ë¿¤,10,¦y¥Û¶m,077
24.6801,121.2004,±öªá,C0D360,2017-02-11T16:00:00+08:00,523.0,-97.0,-97.0,-97.0,-0.97,-997.0,-99.0,0.0,-9.9,-99,-999,·s¦Ë¿¤,10,¦y¥Û¶m,077
24.6801,121.2004,±öªá,C0D360,2017-02-12T00:00:00+08:00,523.0,-97.0,-97.0,-97.0,-0.97,-997.0,-99.0,0.0,-9.9,-99,-999,·s¦Ë¿¤,10,¦y¥Û¶m,077
24.6801,121.2004,±öªá,C0D360,2017-02-12T10:00:00+08:00,523.0,-97.0,-97.0,-97.0,-0.97,-997.0,-99.0,0.0,-9.9,-99,-999,·s¦Ë¿¤,10,¦y¥Û¶m,077
24.6801,121.2004,±öªá,C0D360,2017-02-12T11:00:00+08:00,523.0,-97.0,-97.0,-97.0,-0.97,-997.0,-99.0,0.0,-9.9,-99,-999,·s¦Ë¿¤,10,¦y¥Û¶m,077
24.6801,121.2004,±öªá,C0D360,2017-02-12T12:00:00+08:00,523.0,-97.0,-97.0,-97.0,-0.97,-997.0,-99.0,0.0,-9.9,-99,-999,·s¦Ë¿¤,10,¦y¥Û¶m,077
24.6801,121.2004,±öªá,C0D360,2017-02-12T13:00:00+08:00,523.0,-97.0,-97.0,-97.0,-0.97,-997.0,-99.0,0.0,-9.9,-99,-999,·s¦Ë¿¤,10,¦y¥Û¶m,077
24.6801,121.2004,±öªá,C0D360,2017-02-12T14:00:00+08:00,523.0,-97.0,-97.0,-97.0,-0.97,-997.0,-99.0,0.0,-9.9,-99,-999,·s¦Ë¿¤,10,¦y¥Û¶m,077
24.6801,121.2004,±öªá,C0D360,2017-02-12T15:00:00+08:00,523.0,-97.0,-97.0,-97.0,-0.97,-997.0,-99.0,0.0,-9.9,-99,-999,·s¦Ë¿¤,10,¦y¥Û¶m,077
24.6801,121.2004,±öªá,C0D360,2017-02-12T16:00:00+08:00,523.0,-97.0,-97.0,-97.0,-0.97,-997.0,-99.0,0.0,-9.9,-99,-999,·s¦Ë¿¤,10,¦y¥Û¶m,077
24.6801,121.2004,±öªá,C0D360,2017-02-12T17:00:00+08:00,523.0,-97.0,-97.0,-97.0,-0.97,-997.0,-99.0,0.0,-9.9,-99,-999,·s¦Ë¿¤,10,¦y¥Û¶m,077
24.6801,121.2004,±öªá,C0D360,2017-02-12T18:00:00+08:00,523.0,-97.0,-97.0,-97.0,-0.97,-997.0,-99.0,0.0,-9.9,-99,-999,·s¦Ë¿¤,10,¦y¥Û¶m,077
24.6801,121.2004,±öªá,C0D360,2017-02-12T19:00:00+08:00,523.0,-97.0,-97.0,-97.0,-0.97,-997.0,-99.0,0.0,-9.9,-99,-999,·s¦Ë¿¤,10,¦y¥Û¶m,077
24.6801,121.2004,±öªá,C0D360,2017-02-12T20:00:00+08:00,523.0,-97.0,-97.0,-97.0,-0.97,-997.0,-99.0,0.0,-9.9,-99,-999,·s¦Ë¿¤,10,¦y¥Û¶m,077
24.6801,121.2004,±öªá,C0D360,2017-02-12T21:00:00+08:00,523.0,-97.0,-97.0,-97.0,-0.97,-997.0,-99.0,0.0,-9.9,-99,-999,·s¦Ë¿¤,10,¦y¥Û¶m,077
24.6801,121.2004,±öªá,C0D360,2017-02-12T22:00:00+08:00,523.0,-97.0,-97.0,-97.0,-0.97,-997.0,-99.0,0.0,-9.9,-99,-999,·s¦Ë¿¤,10,¦y¥Û¶m,077
24.6801,121.2004,±öªá,C0D360,2017-02-12T23:00:00+08:00,523.0,-97.0,-97.0,-97.0,-0.97,-997.0,-99.0,0.0,-9.9,-99,-999,·s¦Ë¿¤,10,¦y¥Û¶m,077
24.6801,121.2004,±öªá,C0D360,2017-02-13T00:00:00+08:00,523.0,-97.0,-97.0,-97.0,-0.97,-997.0,-99.0,0.0,-9.9,-99,-999,·s¦Ë¿¤,10,¦y¥Û¶m,077
24.6801,121.2004,±öªá,C0D360,2017-02-13T01:00:00+08:00,523.0,-97.0,-97.0,-97.0,-0.97,-997.0,-99.0,0.0,-9.9,-99,-999,·s¦Ë¿¤,10,¦y¥Û¶m,077
24.6801,121.2004,±öªá,C0D360,2017-02-13T02:00:00+08:00,523.0,-97.0,-97.0,-97.0,-0.97,-997.0,-99.0,0.0,-9.9,-99,-999,·s¦Ë¿¤,10,¦y¥Û¶m,077
24.6801,121.2004,±öªá,C0D360,2017-02-13T10:00:00+08:00,523.0,-97.0,-97.0,-97.0,-0.97,-997.0,-99.0,0.0,-9.9,-99,-999,·s¦Ë¿¤,10,¦y¥Û¶m,077
24.6801,121.2004,±öªá,C0D360,2017-02-13T11:00:00+08:00,523.0,-97.0,-97.0,-97.0,-0.97,-997.0,-99.0,0.0,-9.9,-99,-999,·s¦Ë¿¤,10,¦y¥Û¶m,077
24.6801,121.2004,±öªá,C0D360,2017-02-13T14:00:00+08:00,523.0,-97.0,-97.0,-97.0,-0.97,-997.0,-99.0,0.0,-9.9,-99,-999,·s¦Ë¿¤,10,¦y¥Û¶m,077
24.6801,121.2004,±öªá,C0D360,2017-02-13T15:00:00+08:00,523.0,-97.0,-97.0,-97.0,-0.97,-997.0,-99.0,0.0,-9.9,-99,-999,·s¦Ë¿¤,10,¦y¥Û¶m,077
24.6801,121.2004,±öªá,C0D360,2017-02-13T16:00:00+08:00,523.0,-97.0,-97.0,-97.0,-0.97,-997.0,-99.0,0.0,-9.9,-99,-999,·s¦Ë¿¤,10,¦y¥Û¶m,077
24.6801,121.2004,±öªá,C0D360,2017-02-13T17:00:00+08:00,523.0,46.0,1.1,15.5,0.59,964.0,-99.0,0.0,-9.9,-99,-999,·s¦Ë¿¤,10,¦y¥Û¶m,077
24.6801,121.2004,±öªá,C0D360,2017-02-13T18:00:00+08:00,523.0,279.0,0.4,13.1,0.70,964.4,-99.0,0.0,-9.9,-99,-999,·s¦Ë¿¤,10,¦y¥Û¶m,077
24.6801,121.2004,±öªá,C0D360,2017-02-13T19:00:00+08:00,523.0,291.0,0.6,11.6,0.78,964.8,-99.0,0.0,-9.9,-99,-999,·s¦Ë¿¤,10,¦y¥Û¶m,077
24.6801,121.2004,±öªá,C0D360,2017-02-14T09:00:00+08:00,523.0,189.0,0.6,15.9,0.54,967.6,-99.0,-97.0,-9.9,-99,-999,·s¦Ë¿¤,10,¦y¥Û¶m,077
24.6801,121.2004,±öªá,C0D360,2017-02-14T10:00:00+08:00,523.0,52.0,0.9,19.9,0.44,967.3,-99.0,0.0,-9.9,-99,-999,·s¦Ë¿¤,10,¦y¥Û¶m,077
24.6801,121.2004,±öªá,C0D360,2017-02-14T11:00:00+08:00,523.0,14.0,1.1,20.5,0.48,967.0,-99.0,0.0,-9.9,-99,-999,·s¦Ë¿¤,10,¦y¥Û¶m,077
24.6801,121.2004,±öªá,C0D360,2017-02-14T12:00:00+08:00,523.0,338.0,1.2,20.4,0.48,966.3,-99.0,0.0,-9.9,-99,-999,·s¦Ë¿¤,10,¦y¥Û¶m,077
24.6801,121.2004,±öªá,C0D360,2017-02-14T13:00:00+08:00,523.0,336.0,1.1,20.8,0.45,965.6,-99.0,0.0,-9.9,-99,-999,·s¦Ë¿¤,10,¦y¥Û¶m,077
24.6801,121.2004,±öªá,C0D360,2017-02-14T14:00:00+08:00,523.0,319.0,0.9,20.9,0.44,964.9,-99.0,0.0,-9.9,-99,-999,·s¦Ë¿¤,10,¦y¥Û¶m,077
24.6801,121.2004,±öªá,C0D360,2017-02-14T15:00:00+08:00,523.0,352.0,0.8,18.8,0.51,964.9,-99.0,0.0,-9.9,-99,-999,·s¦Ë¿¤,10,¦y¥Û¶m,077
24.6801,121.2004,±öªá,C0D360,2017-02-14T16:00:00+08:00,523.0,316.0,0.4,17.9,0.56,964.8,-99.0,0.0,-9.9,-99,-999,·s¦Ë¿¤,10,¦y¥Û¶m,077
24.6801,121.2004,±öªá,C0D360,2017-02-14T17:00:00+08:00,523.0,19.0,0.4,16.3,0.63,964.9,-99.0,0.0,-9.9,-99,-999,·s¦Ë¿¤,10,¦y¥Û¶m,077
24.6801,121.2004,±öªá,C0D360,2017-02-14T18:00:00+08:00,523.0,293.0,0.3,13.4,0.76,965.4,-99.0,0.0,-9.9,-99,-999,·s¦Ë¿¤,10,¦y¥Û¶m,077
24.6801,121.2004,±öªá,C0D360,2017-02-14T19:00:00+08:00,523.0,283.0,0.3,13.1,0.78,965.6,-99.0,0.0,-9.9,-99,-999,·s¦Ë¿¤,10,¦y¥Û¶m,077
24.6801,121.2004,±öªá,C0D360,2017-02-14T20:00:00+08:00,523.0,284.0,0.4,12.2,0.79,965.9,-99.0,0.0,-9.9,-99,-999,·s¦Ë¿¤,10,¦y¥Û¶m,077
24.6801,121.2004,±öªá,C0D360,2017-02-15T10:00:00+08:00,523.0,357.0,0.8,19.1,0.50,965.6,-99.0,0.0,-9.9,-99,-999,·s¦Ë¿¤,10,¦y¥Û¶m,077
24.6801,121.2004,±öªá,C0D360,2017-02-15T11:00:00+08:00,523.0,353.0,1.4,20.2,0.50,965.2,-99.0,0.0,-9.9,-99,-999,·s¦Ë¿¤,10,¦y¥Û¶m,077
24.6801,121.2004,±öªá,C0D360,2017-02-15T12:00:00+08:00,523.0,15.0,1.4,20.4,0.48,964.5,-99.0,0.0,-9.9,-99,-999,·s¦Ë¿¤,10,¦y¥Û¶m,077
24.6801,121.2004,±öªá,C0D360,2017-02-15T13:00:00+08:00,523.0,359.0,0.6,19.5,0.51,963.4,-99.0,0.0,-9.9,-99,-999,·s¦Ë¿¤,10,¦y¥Û¶m,077
24.6801,121.2004,±öªá,C0D360,2017-02-15T14:00:00+08:00,523.0,270.0,0.7,17.9,0.60,963.0,-99.0,0.0,-9.9,-99,-999,·s¦Ë¿¤,10,¦y¥Û¶m,077
24.6801,121.2004,±öªá,C0D360,2017-02-15T15:00:00+08:00,523.0,6.0,0.9,17.4,0.66,962.4,-99.0,0.0,-9.9,-99,-999,·s¦Ë¿¤,10,¦y¥Û¶m,077
24.6801,121.2004,±öªá,C0D360,2017-02-15T16:00:00+08:00,523.0,0.0,0.0,16.0,0.70,962.6,-99.0,0.0,-9.9,-99,-999,·s¦Ë¿¤,10,¦y¥Û¶m,077
24.6801,121.2004,±öªá,C0D360,2017-02-15T17:00:00+08:00,523.0,0.0,0.0,15.8,0.73,962.6,-99.0,0.0,-9.9,-99,-999,·s¦Ë¿¤,10,¦y¥Û¶m,077
24.6801,121.2004,±öªá,C0D360,2017-02-15T18:00:00+08:00,523.0,0.0,0.0,15.0,0.78,962.7,-99.0,0.0,-9.9,-99,-999,·s¦Ë¿¤,10,¦y¥Û¶m,077
24.6801,121.2004,±öªá,C0D360,2017-02-15T19:00:00+08:00,523.0,0.0,0.0,14.5,0.81,962.8,-99.0,0.0,-9.9,-99,-999,·s¦Ë¿¤,10,¦y¥Û¶m,077
24.6801,121.2004,±öªá,C0D360,2017-02-15T20:00:00+08:00,523.0,0.0,0.0,12.6,0.87,963.1,-99.0,0.0,-9.9,-99,-999,·s¦Ë¿¤,10,¦y¥Û¶m,077
24.6801,121.2004,±öªá,C0D360,2017-02-15T21:00:00+08:00,523.0,268.0,0.4,11.9,0.90,962.7,-99.0,0.0,-9.9,-99,-999,·s¦Ë¿¤,10,¦y¥Û¶m,077
24.6801,121.2004,±öªá,C0D360,2017-02-16T10:00:00+08:00,523.0,76.0,1.1,18.7,0.52,961.3,-99.0,0.0,-9.9,-99,-999,·s¦Ë¿¤,10,¦y¥Û¶m,077
24.6801,121.2004,±öªá,C0D360,2017-02-16T11:00:00+08:00,523.0,324.0,1.2,20.4,0.45,961.0,-99.0,0.0,-9.9,-99,-999,·s¦Ë¿¤,10,¦y¥Û¶m,077
24.6801,121.2004,±öªá,C0D360,2017-02-16T12:00:00+08:00,523.0,343.0,1.0,21.4,0.44,960.3,-99.0,0.0,-9.9,-99,-999,·s¦Ë¿¤,10,¦y¥Û¶m,077
24.6801,121.2004,±öªá,C0D360,2017-02-16T13:00:00+08:00,523.0,334.0,1.4,21.8,0.48,959.5,-99.0,0.0,-9.9,-99,-999,·s¦Ë¿¤,10,¦y¥Û¶m,077
24.6801,121.2004,±öªá,C0D360,2017-02-16T15:00:00+08:00,523.0,321.0,0.4,19.0,0.53,958.9,-99.0,0.0,-9.9,-99,-999,·s¦Ë¿¤,10,¦y¥Û¶m,077
24.6801,121.2004,±öªá,C0D360,2017-02-16T16:00:00+08:00,523.0,72.0,0.7,18.6,0.50,959.1,-99.0,0.0,-9.9,-99,-999,·s¦Ë¿¤,10,¦y¥Û¶m,077
24.6801,121.2004,±öªá,C0D360,2017-02-16T17:00:00+08:00,523.0,41.0,0.3,18.1,0.55,959.5,-99.0,0.0,-9.9,-99,-999,·s¦Ë¿¤,10,¦y¥Û¶m,077
24.6801,121.2004,±öªá,C0D360,2017-02-16T18:00:00+08:00,523.0,278.0,0.6,15.3,0.65,959.7,-99.0,0.0,-9.9,-99,-999,·s¦Ë¿¤,10,¦y¥Û¶m,077
24.6801,121.2004,±öªá,C0D360,2017-02-16T19:00:00+08:00,523.0,278.0,0.4,13.5,0.74,960.0,-99.0,0.0,-9.9,-99,-999,·s¦Ë¿¤,10,¦y¥Û¶m,077
24.6801,121.2004,±öªá,C0D360,2017-02-16T20:00:00+08:00,523.0,274.0,0.4,13.1,0.81,960.6,-99.0,0.0,-9.9,-99,-999,·s¦Ë¿¤,10,¦y¥Û¶m,077
24.6801,121.2004,±öªá,C0D360,2017-02-17T10:00:00+08:00,523.0,56.0,0.7,22.6,0.45,961.7,-99.0,0.0,-9.9,-99,-999,·s¦Ë¿¤,10,¦y¥Û¶m,077
24.6801,121.2004,±öªá,C0D360,2017-02-17T11:00:00+08:00,523.0,333.0,1.1,22.0,0.49,961.2,-99.0,0.0,-9.9,-99,-999,·s¦Ë¿¤,10,¦y¥Û¶m,077
24.6801,121.2004,±öªá,C0D360,2017-02-17T12:00:00+08:00,523.0,-97.0,-97.0,-97.0,-0.97,-997.0,-99.0,0.0,-9.9,-99,-999,·s¦Ë¿¤,10,¦y¥Û¶m,077
24.6801,121.2004,±öªá,C0D360,2017-02-17T13:00:00+08:00,523.0,-97.0,-97.0,-97.0,-0.97,-997.0,-99.0,0.0,-9.9,-99,-999,·s¦Ë¿¤,10,¦y¥Û¶m,077
24.6801,121.2004,±öªá,C0D360,2017-02-17T14:00:00+08:00,523.0,-97.0,-97.0,-97.0,-0.97,-997.0,-99.0,0.0,-9.9,-99,-999,·s¦Ë¿¤,10,¦y¥Û¶m,077
24.6801,121.2004,±öªá,C0D360,2017-02-17T15:00:00+08:00,523.0,-97.0,-97.0,-97.0,-0.97,-997.0,-99.0,0.0,-9.9,-99,-999,·s¦Ë¿¤,10,¦y¥Û¶m,077
24.6801,121.2004,±öªá,C0D360,2017-02-17T16:00:00+08:00,523.0,-97.0,-97.0,-97.0,-0.97,-997.0,-99.0,0.0,-9.9,-99,-999,·s¦Ë¿¤,10,¦y¥Û¶m,077
24.6801,121.2004,±öªá,C0D360,2017-02-17T17:00:00+08:00,523.0,-97.0,-97.0,-97.0,-0.97,-997.0,-99.0,0.0,-9.9,-99,-999,·s¦Ë¿¤,10,¦y¥Û¶m,077
24.6801,121.2004,±öªá,C0D360,2017-02-17T18:00:00+08:00,523.0,-97.0,-97.0,-97.0,-0.97,-997.0,-99.0,0.0,-9.9,-99,-999,·s¦Ë¿¤,10,¦y¥Û¶m,077
24.6801,121.2004,±öªá,C0D360,2017-02-17T19:00:00+08:00,523.0,-97.0,-97.0,-97.0,-0.97,-997.0,-99.0,0.0,-9.9,-99,-999,·s¦Ë¿¤,10,¦y¥Û¶m,077
24.6801,121.2004,±öªá,C0D360,2017-02-17T20:00:00+08:00,523.0,-97.0,-97.0,-97.0,-0.97,-997.0,-99.0,0.0,-9.9,-99,-999,·s¦Ë¿¤,10,¦y¥Û¶m,077
24.6801,121.2004,±öªá,C0D360,2017-02-17T21:00:00+08:00,523.0,-97.0,-97.0,-97.0,-0.97,-997.0,-99.0,0.0,-9.9,-99,-999,·s¦Ë¿¤,10,¦y¥Û¶m,077
24.6801,121.2004,±öªá,C0D360,2017-02-17T22:00:00+08:00,523.0,-97.0,-97.0,-97.0,-0.97,-997.0,-99.0,0.0,-9.9,-99,-999,·s¦Ë¿¤,10,¦y¥Û¶m,077
24.6801,121.2004,±öªá,C0D360,2017-02-18T10:00:00+08:00,523.0,-97.0,-97.0,-97.0,-0.97,-997.0,-99.0,0.0,-9.9,-99,-999,·s¦Ë¿¤,10,¦y¥Û¶m,077
24.6801,121.2004,±öªá,C0D360,2017-02-18T11:00:00+08:00,523.0,-97.0,-97.0,-97.0,-0.97,-997.0,-99.0,0.0,-9.9,-99,-999,·s¦Ë¿¤,10,¦y¥Û¶m,077
24.6801,121.2004,±öªá,C0D360,2017-02-18T12:00:00+08:00,523.0,-97.0,-97.0,-97.0,-0.97,-997.0,-99.0,0.0,-9.9,-99,-999,·s¦Ë¿¤,10,¦y¥Û¶m,077
24.6801,121.2004,±öªá,C0D360,2017-02-18T13:00:00+08:00,523.0,-97.0,-97.0,-97.0,-0.97,-997.0,-99.0,0.0,-9.9,-99,-999,·s¦Ë¿¤,10,¦y¥Û¶m,077
24.6801,121.2004,±öªá,C0D360,2017-02-18T14:00:00+08:00,523.0,-97.0,-97.0,-97.0,-0.97,-997.0,-99.0,0.0,-9.9,-99,-999,·s¦Ë¿¤,10,¦y¥Û¶m,077
24.6801,121.2004,±öªá,C0D360,2017-02-18T15:00:00+08:00,523.0,-97.0,-97.0,-97.0,-0.97,-997.0,-99.0,0.0,-9.9,-99,-999,·s¦Ë¿¤,10,¦y¥Û¶m,077
24.6801,121.2004,±öªá,C0D360,2017-02-18T16:00:00+08:00,523.0,-97.0,-97.0,-97.0,-0.97,-997.0,-99.0,0.0,-9.9,-99,-999,·s¦Ë¿¤,10,¦y¥Û¶m,077
24.6801,121.2004,±öªá,C0D360,2017-02-18T17:00:00+08:00,523.0,-97.0,-97.0,-97.0,-0.97,-997.0,-99.0,0.0,-9.9,-99,-999,·s¦Ë¿¤,10,¦y¥Û¶m,077
24.6801,121.2004,±öªá,C0D360,2017-02-18T18:00:00+08:00,523.0,-97.0,-97.0,-97.0,-0.97,-997.0,-99.0,0.0,-9.9,-99,-999,·s¦Ë¿¤,10,¦y¥Û¶m,077
24.6801,121.2004,±öªá,C0D360,2017-02-18T19:00:00+08:00,523.0,-97.0,-97.0,-97.0,-0.97,-997.0,-99.0,0.0,-9.9,-99,-999,·s¦Ë¿¤,10,¦y¥Û¶m,077
24.6801,121.2004,±öªá,C0D360,2017-02-18T20:00:00+08:00,523.0,-97.0,-97.0,-97.0,-0.97,-997.0,-99.0,0.0,-9.9,-99,-999,·s¦Ë¿¤,10,¦y¥Û¶m,077
24.6801,121.2004,±öªá,C0D360,2017-02-18T21:00:00+08:00,523.0,-97.0,-97.0,-97.0,-0.97,-997.0,-99.0,0.0,-9.9,-99,-999,·s¦Ë¿¤,10,¦y¥Û¶m,077
24.6801,121.2004,±öªá,C0D360,2017-02-18T22:00:00+08:00,523.0,-97.0,-97.0,-97.0,-0.97,-997.0,-99.0,0.0,-9.9,-99,-999,·s¦Ë¿¤,10,¦y¥Û¶m,077
24.6801,121.2004,±öªá,C0D360,2017-02-18T23:00:00+08:00,523.0,-97.0,-97.0,-97.0,-0.97,-997.0,-99.0,0.0,-9.9,-99,-999,·s¦Ë¿¤,10,¦y¥Û¶m,077
24.6801,121.2004,±öªá,C0D360,2017-02-19T00:00:00+08:00,523.0,-97.0,-97.0,-97.0,-0.97,-997.0,-99.0,0.0,-9.9,-99,-999,·s¦Ë¿¤,10,¦y¥Û¶m,077
24.6801,121.2004,±öªá,C0D360,2017-02-19T01:00:00+08:00,523.0,-97.0,-97.0,-97.0,-0.97,-997.0,-99.0,0.0,-9.9,-99,-999,·s¦Ë¿¤,10,¦y¥Û¶m,077
24.6801,121.2004,±öªá,C0D360,2017-02-19T02:00:00+08:00,523.0,-97.0,-97.0,-97.0,-0.97,-997.0,-99.0,0.0,-9.9,-99,-999,·s¦Ë¿¤,10,¦y¥Û¶m,077
24.6801,121.2004,±öªá,C0D360,2017-02-19T10:00:00+08:00,523.0,-97.0,-97.0,-97.0,-0.97,-997.0,-99.0,0.0,-9.9,-99,-999,·s¦Ë¿¤,10,¦y¥Û¶m,077
24.6801,121.2004,±öªá,C0D360,2017-02-19T11:00:00+08:00,523.0,-97.0,-97.0,-97.0,-0.97,-997.0,-99.0,0.0,-9.9,-99,-999,·s¦Ë¿¤,10,¦y¥Û¶m,077
24.6801,121.2004,±öªá,C0D360,2017-02-19T12:00:00+08:00,523.0,-97.0,-97.0,-97.0,-0.97,-997.0,-99.0,0.0,-9.9,-99,-999,·s¦Ë¿¤,10,¦y¥Û¶m,077
24.6801,121.2004,±öªá,C0D360,2017-02-19T13:00:00+08:00,523.0,-97.0,-97.0,-97.0,-0.97,-997.0,-99.0,0.0,-9.9,-99,-999,·s¦Ë¿¤,10,¦y¥Û¶m,077
24.6801,121.2004,±öªá,C0D360,2017-02-19T14:00:00+08:00,523.0,-97.0,-97.0,-97.0,-0.97,-997.0,-99.0,0.0,-9.9,-99,-999,·s¦Ë¿¤,10,¦y¥Û¶m,077
24.6801,121.2004,±öªá,C0D360,2017-02-19T15:00:00+08:00,523.0,-97.0,-97.0,-97.0,-0.97,-997.0,-99.0,0.0,-9.9,-99,-999,·s¦Ë¿¤,10,¦y¥Û¶m,077
24.6801,121.2004,±öªá,C0D360,2017-02-19T16:00:00+08:00,523.0,-97.0,-97.0,-97.0,-0.97,-997.0,-99.0,0.0,-9.9,-99,-999,·s¦Ë¿¤,10,¦y¥Û¶m,077
24.6801,121.2004,±öªá,C0D360,2017-02-19T17:00:00+08:00,523.0,-97.0,-97.0,-97.0,-0.97,-997.0,-99.0,0.0,-9.9,-99,-999,·s¦Ë¿¤,10,¦y¥Û¶m,077
24.6801,121.2004,±öªá,C0D360,2017-02-19T18:00:00+08:00,523.0,-97.0,-97.0,-97.0,-0.97,-997.0,-99.0,0.0,-9.9,-99,-999,·s¦Ë¿¤,10,¦y¥Û¶m,077
24.6801,121.2004,±öªá,C0D360,2017-02-19T19:00:00+08:00,523.0,-97.0,-97.0,-97.0,-0.97,-997.0,-99.0,0.0,-9.9,-99,-999,·s¦Ë¿¤,10,¦y¥Û¶m,077
24.6801,121.2004,±öªá,C0D360,2017-02-19T20:00:00+08:00,523.0,-97.0,-97.0,-97.0,-0.97,-997.0,-99.0,0.0,-9.9,-99,-999,·s¦Ë¿¤,10,¦y¥Û¶m,077
24.6801,121.2004,±öªá,C0D360,2017-02-19T21:00:00+08:00,523.0,-97.0,-97.0,-97.0,-0.97,-997.0,-99.0,0.0,-9.9,-99,-999,·s¦Ë¿¤,10,¦y¥Û¶m,077
24.6801,121.2004,±öªá,C0D360,2017-02-19T22:00:00+08:00,523.0,-97.0,-97.0,-97.0,-0.97,-997.0,-99.0,0.0,-9.9,-99,-999,·s¦Ë¿¤,10,¦y¥Û¶m,077
24.6801,121.2004,±öªá,C0D360,2017-02-19T23:00:00+08:00,523.0,-97.0,-97.0,-97.0,-0.97,-997.0,-99.0,0.0,-9.9,-99,-999,·s¦Ë¿¤,10,¦y¥Û¶m,077
24.6801,121.2004,±öªá,C0D360,2017-02-20T00:00:00+08:00,523.0,-97.0,-97.0,-97.0,-0.97,-997.0,-99.0,0.0,-9.9,-99,-999,·s¦Ë¿¤,10,¦y¥Û¶m,077
24.6801,121.2004,±öªá,C0D360,2017-02-20T01:00:00+08:00,523.0,-97.0,-97.0,-97.0,-0.97,-997.0,-99.0,0.0,-9.9,-99,-999,·s¦Ë¿¤,10,¦y¥Û¶m,077
24.6801,121.2004,±öªá,C0D360,2017-02-20T02:00:00+08:00,523.0,-97.0,-97.0,-97.0,-0.97,-997.0,-99.0,0.0,-9.9,-99,-999,·s¦Ë¿¤,10,¦y¥Û¶m,077
24.6801,121.2004,±öªá,C0D360,2017-02-20T03:00:00+08:00,523.0,-97.0,-97.0,-97.0,-0.97,-997.0,-99.0,0.0,-9.9,-99,-999,·s¦Ë¿¤,10,¦y¥Û¶m,077
24.6801,121.2004,±öªá,C0D360,2017-02-20T06:00:00+08:00,523.0,-97.0,-97.0,-97.0,-0.97,-997.0,-99.0,0.5,-9.9,-99,-999,·s¦Ë¿¤,10,¦y¥Û¶m,077
24.6801,121.2004,±öªá,C0D360,2017-02-20T07:00:00+08:00,523.0,-97.0,-97.0,-97.0,-0.97,-997.0,-99.0,0.5,-9.9,-99,-999,·s¦Ë¿¤,10,¦y¥Û¶m,077
24.6801,121.2004,±öªá,C0D360,2017-02-20T08:00:00+08:00,523.0,-97.0,-97.0,-97.0,-0.97,-997.0,-99.0,0.5,-9.9,-99,-999,·s¦Ë¿¤,10,¦y¥Û¶m,077
24.6801,121.2004,±öªá,C0D360,2017-02-20T10:00:00+08:00,523.0,73.0,1.0,24.3,0.50,954.6,-99.0,0.5,-9.9,-99,-999,·s¦Ë¿¤,10,¦y¥Û¶m,077
24.6801,121.2004,±öªá,C0D360,2017-02-20T11:00:00+08:00,523.0,356.0,1.3,25.5,0.49,954.5,-99.0,0.5,-9.9,-99,-999,·s¦Ë¿¤,10,¦y¥Û¶m,077
24.6801,121.2004,±öªá,C0D360,2017-02-20T12:00:00+08:00,523.0,330.0,1.4,25.4,0.52,954.3,-99.0,0.5,-9.9,-99,-999,·s¦Ë¿¤,10,¦y¥Û¶m,077
24.6801,121.2004,±öªá,C0D360,2017-02-20T13:00:00+08:00,523.0,352.0,0.9,22.7,0.61,954.4,-99.0,0.5,-9.9,-99,-999,·s¦Ë¿¤,10,¦y¥Û¶m,077
24.6801,121.2004,±öªá,C0D360,2017-02-20T14:00:00+08:00,523.0,360.0,0.9,20.6,0.73,954.1,-99.0,0.5,-9.9,-99,-999,·s¦Ë¿¤,10,¦y¥Û¶m,077
24.6801,121.2004,±öªá,C0D360,2017-02-20T15:00:00+08:00,523.0,84.0,0.8,19.9,0.75,954.2,-99.0,0.5,-9.9,-99,-999,·s¦Ë¿¤,10,¦y¥Û¶m,077
24.6801,121.2004,±öªá,C0D360,2017-02-20T16:00:00+08:00,523.0,43.0,0.6,19.1,0.80,954.4,-99.0,0.5,-9.9,-99,-999,·s¦Ë¿¤,10,¦y¥Û¶m,077
24.6801,121.2004,±öªá,C0D360,2017-02-20T17:00:00+08:00,523.0,0.0,0.0,18.9,0.82,954.8,-99.0,0.5,-9.9,-99,-999,·s¦Ë¿¤,10,¦y¥Û¶m,077
24.6801,121.2004,±öªá,C0D360,2017-02-20T18:00:00+08:00,523.0,0.0,0.0,18.7,0.83,955.4,-99.0,0.5,-9.9,-99,-999,·s¦Ë¿¤,10,¦y¥Û¶m,077
24.6801,121.2004,±öªá,C0D360,2017-02-20T19:00:00+08:00,523.0,0.0,0.2,18.4,0.86,956.3,-99.0,0.5,-9.9,-99,-999,·s¦Ë¿¤,10,¦y¥Û¶m,077
24.6801,121.2004,±öªá,C0D360,2017-02-20T20:00:00+08:00,523.0,165.0,0.3,18.3,0.90,956.9,-99.0,0.5,-9.9,-99,-999,·s¦Ë¿¤,10,¦y¥Û¶m,077
24.6801,121.2004,±öªá,C0D360,2017-02-20T21:00:00+08:00,523.0,0.0,0.0,18.2,0.92,957.4,-99.0,0.5,-9.9,-99,-999,·s¦Ë¿¤,10,¦y¥Û¶m,077
24.6801,121.2004,±öªá,C0D360,2017-02-20T22:00:00+08:00,523.0,320.0,1.1,18.4,0.88,957.4,-99.0,0.5,-9.9,-99,-999,·s¦Ë¿¤,10,¦y¥Û¶m,077
24.6801,121.2004,±öªá,C0D360,2017-02-20T23:00:00+08:00,523.0,355.0,0.5,17.3,0.89,957.4,-99.0,0.5,-9.9,-99,-999,·s¦Ë¿¤,10,¦y¥Û¶m,077
24.6801,121.2004,±öªá,C0D360,2017-02-21T00:00:00+08:00,523.0,296.0,0.3,16.0,0.94,957.5,-99.0,0.5,-9.9,-99,-999,·s¦Ë¿¤,10,¦y¥Û¶m,077
24.6801,121.2004,±öªá,C0D360,2017-02-21T01:00:00+08:00,523.0,0.0,0.0,15.4,0.96,957.5,-99.0,0.0,-9.9,-99,-999,·s¦Ë¿¤,10,¦y¥Û¶m,077
24.6801,121.2004,±öªá,C0D360,2017-02-21T02:00:00+08:00,523.0,0.0,0.0,15.5,0.96,957.4,-99.0,0.0,-9.9,-99,-999,·s¦Ë¿¤,10,¦y¥Û¶m,077
24.6801,121.2004,±öªá,C0D360,2017-02-21T03:00:00+08:00,523.0,0.0,0.0,15.4,0.95,957.3,-99.0,0.0,-9.9,-99,-999,·s¦Ë¿¤,10,¦y¥Û¶m,077
24.6801,121.2004,±öªá,C0D360,2017-02-21T04:00:00+08:00,523.0,0.0,0.0,14.5,0.97,957.3,-99.0,0.0,-9.9,-99,-999,·s¦Ë¿¤,10,¦y¥Û¶m,077
24.6801,121.2004,±öªá,C0D360,2017-02-21T05:00:00+08:00,523.0,0.0,0.2,14.2,0.97,957.6,-99.0,0.0,-9.9,-99,-999,·s¦Ë¿¤,10,¦y¥Û¶m,077
24.6801,121.2004,±öªá,C0D360,2017-02-21T06:00:00+08:00,523.0,251.0,0.4,14.0,0.97,957.8,-99.0,0.0,-9.9,-99,-999,·s¦Ë¿¤,10,¦y¥Û¶m,077
24.6801,121.2004,±öªá,C0D360,2017-02-21T07:00:00+08:00,523.0,266.0,0.3,15.2,0.88,958.4,-99.0,0.0,-9.9,-99,-999,·s¦Ë¿¤,10,¦y¥Û¶m,077
24.6801,121.2004,±öªá,C0D360,2017-02-21T08:00:00+08:00,523.0,57.0,0.5,16.0,0.88,958.9,-99.0,0.0,-9.9,-99,-999,·s¦Ë¿¤,10,¦y¥Û¶m,077
24.6801,121.2004,±öªá,C0D360,2017-02-21T09:00:00+08:00,523.0,80.0,0.6,20.5,0.72,958.7,-99.0,0.0,-9.9,-99,-999,·s¦Ë¿¤,10,¦y¥Û¶m,077
24.6801,121.2004,±öªá,C0D360,2017-02-21T10:00:00+08:00,523.0,62.0,1.2,23.9,0.56,958.2,-99.0,0.0,-9.9,-99,-999,·s¦Ë¿¤,10,¦y¥Û¶m,077
24.6801,121.2004,±öªá,C0D360,2017-02-21T11:00:00+08:00,523.0,73.0,1.3,23.9,0.57,957.8,-99.0,0.0,-9.9,-99,-999,·s¦Ë¿¤,10,¦y¥Û¶m,077
24.6801,121.2004,±öªá,C0D360,2017-02-21T12:00:00+08:00,523.0,72.0,1.8,24.8,0.56,957.5,-99.0,0.0,-9.9,-99,-999,·s¦Ë¿¤,10,¦y¥Û¶m,077
24.6801,121.2004,±öªá,C0D360,2017-02-21T13:00:00+08:00,523.0,68.0,1.5,25.8,0.54,956.4,-99.0,0.0,-9.9,-99,-999,·s¦Ë¿¤,10,¦y¥Û¶m,077
24.6801,121.2004,±öªá,C0D360,2017-02-21T14:00:00+08:00,523.0,357.0,1.2,26.5,0.52,955.7,-99.0,0.0,-9.9,-99,-999,·s¦Ë¿¤,10,¦y¥Û¶m,077
24.6801,121.2004,±öªá,C0D360,2017-02-21T15:00:00+08:00,523.0,29.0,1.0,25.4,0.57,955.0,-99.0,0.0,-9.9,-99,-999,·s¦Ë¿¤,10,¦y¥Û¶m,077
24.6801,121.2004,±öªá,C0D360,2017-02-21T16:00:00+08:00,523.0,43.0,0.7,23.9,0.63,955.1,-99.0,0.0,-9.9,-99,-999,·s¦Ë¿¤,10,¦y¥Û¶m,077
24.6801,121.2004,±öªá,C0D360,2017-02-21T17:00:00+08:00,523.0,0.0,0.0,21.9,0.69,955.4,-99.0,0.0,-9.9,-99,-999,·s¦Ë¿¤,10,¦y¥Û¶m,077
24.6801,121.2004,±öªá,C0D360,2017-02-21T18:00:00+08:00,523.0,0.0,0.0,20.3,0.78,955.6,-99.0,0.0,-9.9,-99,-999,·s¦Ë¿¤,10,¦y¥Û¶m,077
24.6801,121.2004,±öªá,C0D360,2017-02-21T19:00:00+08:00,523.0,244.0,0.3,19.5,0.83,955.9,-99.0,0.0,-9.9,-99,-999,·s¦Ë¿¤,10,¦y¥Û¶m,077
24.6801,121.2004,±öªá,C0D360,2017-02-21T20:00:00+08:00,523.0,0.0,0.0,19.3,0.83,956.2,-99.0,0.0,-9.9,-99,-999,·s¦Ë¿¤,10,¦y¥Û¶m,077
24.6801,121.2004,±öªá,C0D360,2017-02-21T21:00:00+08:00,523.0,0.0,0.0,19.2,0.83,956.7,-99.0,0.0,-9.9,-99,-999,·s¦Ë¿¤,10,¦y¥Û¶m,077
24.6801,121.2004,±öªá,C0D360,2017-02-21T22:00:00+08:00,523.0,0.0,0.0,18.1,0.89,956.7,-99.0,0.0,-9.9,-99,-999,·s¦Ë¿¤,10,¦y¥Û¶m,077
24.6801,121.2004,±öªá,C0D360,2017-02-21T23:00:00+08:00,523.0,0.0,0.0,17.6,0.91,956.4,-99.0,0.0,-9.9,-99,-999,·s¦Ë¿¤,10,¦y¥Û¶m,077
24.6801,121.2004,±öªá,C0D360,2017-02-22T00:00:00+08:00,523.0,0.0,0.0,16.8,0.93,956.2,-99.0,0.0,-9.9,-99,-999,·s¦Ë¿¤,10,¦y¥Û¶m,077
24.6801,121.2004,±öªá,C0D360,2017-02-22T01:00:00+08:00,523.0,0.0,0.0,16.5,0.93,955.9,-99.0,0.0,-9.9,-99,-999,·s¦Ë¿¤,10,¦y¥Û¶m,077
24.6801,121.2004,±öªá,C0D360,2017-02-22T02:00:00+08:00,523.0,0.0,0.0,16.6,0.92,955.7,-99.0,0.0,-9.9,-99,-999,·s¦Ë¿¤,10,¦y¥Û¶m,077
24.6801,121.2004,±öªá,C0D360,2017-02-22T03:00:00+08:00,523.0,0.0,0.0,16.1,0.97,955.2,-99.0,0.0,-9.9,-99,-999,·s¦Ë¿¤,10,¦y¥Û¶m,077
24.6801,121.2004,±öªá,C0D360,2017-02-22T04:00:00+08:00,523.0,0.0,0.0,15.7,0.97,955.5,-99.0,0.0,-9.9,-99,-999,·s¦Ë¿¤,10,¦y¥Û¶m,077
24.6801,121.2004,±öªá,C0D360,2017-02-22T05:00:00+08:00,523.0,0.0,0.0,15.8,0.98,955.9,-99.0,0.0,-9.9,-99,-999,·s¦Ë¿¤,10,¦y¥Û¶m,077
24.6801,121.2004,±öªá,C0D360,2017-02-22T06:00:00+08:00,523.0,38.0,0.7,15.1,0.99,957.1,-99.0,0.0,-9.9,-99,-999,·s¦Ë¿¤,10,¦y¥Û¶m,077
24.6801,121.2004,±öªá,C0D360,2017-02-22T07:00:00+08:00,523.0,0.0,0.2,14.9,0.99,957.9,-99.0,0.0,-9.9,-99,-999,·s¦Ë¿¤,10,¦y¥Û¶m,077
24.6801,121.2004,±öªá,C0D360,2017-02-22T08:00:00+08:00,523.0,118.0,0.3,15.9,0.99,957.6,-99.0,1.0,-9.9,-99,-999,·s¦Ë¿¤,10,¦y¥Û¶m,077
24.6801,121.2004,±öªá,C0D360,2017-02-22T09:00:00+08:00,523.0,99.0,0.3,18.3,0.94,955.8,-99.0,1.0,-9.9,-99,-999,·s¦Ë¿¤,10,¦y¥Û¶m,077
24.6801,121.2004,±öªá,C0D360,2017-02-22T10:00:00+08:00,523.0,71.0,0.6,20.7,0.85,955.2,-99.0,1.0,-9.9,-99,-999,·s¦Ë¿¤,10,¦y¥Û¶m,077
24.6801,121.2004,±öªá,C0D360,2017-02-22T11:00:00+08:00,523.0,58.0,0.6,21.5,0.84,955.0,-99.0,1.0,-9.9,-99,-999,·s¦Ë¿¤,10,¦y¥Û¶m,077
24.6801,121.2004,±öªá,C0D360,2017-02-22T12:00:00+08:00,523.0,341.0,1.3,19.1,0.91,956.4,-99.0,2.5,-9.9,-99,-999,·s¦Ë¿¤,10,¦y¥Û¶m,077
24.6801,121.2004,±öªá,C0D360,2017-02-22T13:00:00+08:00,523.0,71.0,0.3,18.6,0.97,954.9,-99.0,4.5,-9.9,-99,-999,·s¦Ë¿¤,10,¦y¥Û¶m,077
24.6801,121.2004,±öªá,C0D360,2017-02-22T14:00:00+08:00,523.0,344.0,0.7,18.0,0.96,954.6,-99.0,5.5,-9.9,-99,-999,·s¦Ë¿¤,10,¦y¥Û¶m,077
24.6801,121.2004,±öªá,C0D360,2017-02-22T15:00:00+08:00,523.0,0.0,0.2,16.8,0.98,955.8,-99.0,17.0,-9.9,-99,-999,·s¦Ë¿¤,10,¦y¥Û¶m,077
24.6801,121.2004,±öªá,C0D360,2017-02-22T16:00:00+08:00,523.0,221.0,0.3,17.1,0.99,953.3,-99.0,19.5,-9.9,-99,-999,·s¦Ë¿¤,10,¦y¥Û¶m,077
24.6801,121.2004,±öªá,C0D360,2017-02-22T17:00:00+08:00,523.0,277.0,0.5,17.2,0.99,953.5,-99.0,19.5,-9.9,-99,-999,·s¦Ë¿¤,10,¦y¥Û¶m,077
24.6801,121.2004,±öªá,C0D360,2017-02-22T18:00:00+08:00,523.0,259.0,0.4,17.2,0.98,953.6,-99.0,20.0,-9.9,-99,-999,·s¦Ë¿¤,10,¦y¥Û¶m,077
24.6801,121.2004,±öªá,C0D360,2017-02-22T19:00:00+08:00,523.0,262.0,0.6,16.7,0.99,954.3,-99.0,20.0,-9.9,-99,-999,·s¦Ë¿¤,10,¦y¥Û¶m,077
24.6801,121.2004,±öªá,C0D360,2017-02-22T20:00:00+08:00,523.0,0.0,0.0,16.7,0.99,954.6,-99.0,20.0,-9.9,-99,-999,·s¦Ë¿¤,10,¦y¥Û¶m,077
24.6801,121.2004,±öªá,C0D360,2017-02-22T21:00:00+08:00,523.0,250.0,0.3,16.8,0.99,955.4,-99.0,20.0,-9.9,-99,-999,·s¦Ë¿¤,10,¦y¥Û¶m,077
24.6801,121.2004,±öªá,C0D360,2017-02-22T22:00:00+08:00,523.0,252.0,0.6,17.1,0.99,955.6,-99.0,20.0,-9.9,-99,-999,·s¦Ë¿¤,10,¦y¥Û¶m,077
24.6801,121.2004,±öªá,C0D360,2017-02-22T23:00:00+08:00,523.0,0.0,0.0,17.7,0.99,955.7,-99.0,20.0,-9.9,-99,-999,·s¦Ë¿¤,10,¦y¥Û¶m,077
24.6801,121.2004,±öªá,C0D360,2017-02-23T00:00:00+08:00,523.0,0.0,0.2,18.0,0.99,955.9,-99.0,20.0,-9.9,-99,-999,·s¦Ë¿¤,10,¦y¥Û¶m,077
24.6801,121.2004,±öªá,C0D360,2017-02-23T01:00:00+08:00,523.0,0.0,0.0,17.7,0.99,955.6,-99.0,0.0,-9.9,-99,-999,·s¦Ë¿¤,10,¦y¥Û¶m,077
24.6801,121.2004,±öªá,C0D360,2017-02-23T02:00:00+08:00,523.0,99.0,0.3,17.5,0.99,955.2,-99.0,0.0,-9.9,-99,-999,·s¦Ë¿¤,10,¦y¥Û¶m,077
24.6801,121.2004,±öªá,C0D360,2017-02-23T03:00:00+08:00,523.0,150.0,0.3,16.8,0.99,955.0,-99.0,0.0,-9.9,-99,-999,·s¦Ë¿¤,10,¦y¥Û¶m,077
24.6801,121.2004,±öªá,C0D360,2017-02-23T04:00:00+08:00,523.0,236.0,0.4,17.0,0.99,954.8,-99.0,0.0,-9.9,-99,-999,·s¦Ë¿¤,10,¦y¥Û¶m,077
24.6801,121.2004,±öªá,C0D360,2017-02-23T05:00:00+08:00,523.0,0.0,0.0,17.0,0.99,955.0,-99.0,0.0,-9.9,-99,-999,·s¦Ë¿¤,10,¦y¥Û¶m,077
24.6801,121.2004,±öªá,C0D360,2017-02-23T06:00:00+08:00,523.0,26.0,0.6,16.3,0.99,955.7,-99.0,0.5,-9.9,-99,-999,·s¦Ë¿¤,10,¦y¥Û¶m,077
24.6801,121.2004,±öªá,C0D360,2017-02-23T07:00:00+08:00,523.0,39.0,0.3,15.8,0.99,956.0,-99.0,0.5,-9.9,-99,-999,·s¦Ë¿¤,10,¦y¥Û¶m,077
24.6801,121.2004,±öªá,C0D360,2017-02-23T08:00:00+08:00,523.0,53.0,0.8,15.7,0.99,956.5,-99.0,0.5,-9.9,-99,-999,·s¦Ë¿¤,10,¦y¥Û¶m,077
24.6801,121.2004,±öªá,C0D360,2017-02-23T10:00:00+08:00,523.0,86.0,0.5,16.6,0.99,956.3,-99.0,1.0,-9.9,-99,-999,·s¦Ë¿¤,10,¦y¥Û¶m,077
24.6801,121.2004,±öªá,C0D360,2017-02-23T11:00:00+08:00,523.0,63.0,1.4,16.3,0.98,956.2,-99.0,1.0,-9.9,-99,-999,·s¦Ë¿¤,10,¦y¥Û¶m,077
24.6801,121.2004,±öªá,C0D360,2017-02-23T12:00:00+08:00,523.0,58.0,0.8,14.9,0.99,956.1,-99.0,1.0,-9.9,-99,-999,·s¦Ë¿¤,10,¦y¥Û¶m,077
24.6801,121.2004,±öªá,C0D360,2017-02-23T13:00:00+08:00,523.0,79.0,0.9,14.5,0.99,955.5,-99.0,1.0,-9.9,-99,-999,·s¦Ë¿¤,10,¦y¥Û¶m,077
24.6801,121.2004,±öªá,C0D360,2017-02-23T14:00:00+08:00,523.0,312.0,0.8,13.9,0.98,955.8,-99.0,1.0,-9.9,-99,-999,·s¦Ë¿¤,10,¦y¥Û¶m,077
24.6801,121.2004,±öªá,C0D360,2017-02-23T15:00:00+08:00,523.0,38.0,0.3,13.3,0.98,956.3,-99.0,1.5,-9.9,-99,-999,·s¦Ë¿¤,10,¦y¥Û¶m,077
24.6801,121.2004,±öªá,C0D360,2017-02-23T16:00:00+08:00,523.0,12.0,0.6,12.5,0.97,956.3,-99.0,1.5,-9.9,-99,-999,·s¦Ë¿¤,10,¦y¥Û¶m,077
24.6801,121.2004,±öªá,C0D360,2017-02-23T17:00:00+08:00,523.0,303.0,0.6,11.4,0.97,956.8,-99.0,1.5,-9.9,-99,-999,·s¦Ë¿¤,10,¦y¥Û¶m,077
24.6801,121.2004,±öªá,C0D360,2017-02-23T18:00:00+08:00,523.0,340.0,0.6,10.5,0.97,958.0,-99.0,2.0,-9.9,-99,-999,·s¦Ë¿¤,10,¦y¥Û¶m,077
24.6801,121.2004,±öªá,C0D360,2017-02-23T19:00:00+08:00,523.0,309.0,0.6,10.0,0.97,958.7,-99.0,2.0,-9.9,-99,-999,·s¦Ë¿¤,10,¦y¥Û¶m,077
24.6801,121.2004,±öªá,C0D360,2017-02-23T20:00:00+08:00,523.0,329.0,0.4,9.7,0.98,959.3,-99.0,2.0,-9.9,-99,-999,·s¦Ë¿¤,10,¦y¥Û¶m,077
24.6801,121.2004,±öªá,C0D360,2017-02-23T21:00:00+08:00,523.0,303.0,0.6,9.5,0.98,959.4,-99.0,2.5,-9.9,-99,-999,·s¦Ë¿¤,10,¦y¥Û¶m,077
24.6801,121.2004,±öªá,C0D360,2017-02-23T22:00:00+08:00,523.0,0.0,0.2,9.5,0.98,959.3,-99.0,2.5,-9.9,-99,-999,·s¦Ë¿¤,10,¦y¥Û¶m,077
24.6801,121.2004,±öªá,C0D360,2017-02-23T23:00:00+08:00,523.0,49.0,0.5,9.4,0.98,959.5,-99.0,2.5,-9.9,-99,-999,·s¦Ë¿¤,10,¦y¥Û¶m,077
24.6801,121.2004,±öªá,C0D360,2017-02-24T00:00:00+08:00,523.0,60.0,0.4,9.2,0.99,959.2,-99.0,2.5,-9.9,-99,-999,·s¦Ë¿¤,10,¦y¥Û¶m,077
24.6801,121.2004,±öªá,C0D360,2017-02-24T01:00:00+08:00,523.0,80.0,0.3,9.3,0.99,959.1,-99.0,0.5,-9.9,-99,-999,·s¦Ë¿¤,10,¦y¥Û¶m,077
24.6801,121.2004,±öªá,C0D360,2017-02-24T02:00:00+08:00,523.0,0.0,0.0,9.4,0.99,959.6,-99.0,1.0,-9.9,-99,-999,·s¦Ë¿¤,10,¦y¥Û¶m,077
24.6801,121.2004,±öªá,C0D360,2017-02-24T03:00:00+08:00,523.0,140.0,0.4,9.5,0.99,959.0,-99.0,1.5,-9.9,-99,-999,·s¦Ë¿¤,10,¦y¥Û¶m,077
24.6801,121.2004,±öªá,C0D360,2017-02-24T04:00:00+08:00,523.0,40.0,0.6,9.6,0.99,958.4,-99.0,3.5,-9.9,-99,-999,·s¦Ë¿¤,10,¦y¥Û¶m,077
24.6801,121.2004,±öªá,C0D360,2017-02-24T05:00:00+08:00,523.0,87.0,0.3,9.8,0.99,957.9,-99.0,7.0,-9.9,-99,-999,·s¦Ë¿¤,10,¦y¥Û¶m,077
24.6801,121.2004,±öªá,C0D360,2017-02-24T06:00:00+08:00,523.0,0.0,0.2,9.9,0.99,958.2,-99.0,7.0,-9.9,-99,-999,·s¦Ë¿¤,10,¦y¥Û¶m,077
24.6801,121.2004,±öªá,C0D360,2017-02-24T07:00:00+08:00,523.0,40.0,0.4,9.9,0.99,958.9,-99.0,7.0,-9.9,-99,-999,·s¦Ë¿¤,10,¦y¥Û¶m,077
24.6801,121.2004,±öªá,C0D360,2017-02-24T08:00:00+08:00,523.0,355.0,0.4,10.2,0.99,960.3,-99.0,7.5,-9.9,-99,-999,·s¦Ë¿¤,10,¦y¥Û¶m,077
24.6801,121.2004,±öªá,C0D360,2017-02-24T09:00:00+08:00,523.0,355.0,0.4,10.7,0.99,960.5,-99.0,8.0,-9.9,-99,-999,·s¦Ë¿¤,10,¦y¥Û¶m,077
24.6801,121.2004,±öªá,C0D360,2017-02-24T10:00:00+08:00,523.0,41.0,0.8,10.7,0.99,960.7,-99.0,8.5,-9.9,-99,-999,·s¦Ë¿¤,10,¦y¥Û¶m,077
24.6801,121.2004,±öªá,C0D360,2017-02-24T11:00:00+08:00,523.0,280.0,0.7,10.7,0.98,961.0,-99.0,9.5,-9.9,-99,-999,·s¦Ë¿¤,10,¦y¥Û¶m,077
24.6801,121.2004,±öªá,C0D360,2017-02-24T12:00:00+08:00,523.0,57.0,0.9,11.1,0.99,960.4,-99.0,11.0,-9.9,-99,-999,·s¦Ë¿¤,10,¦y¥Û¶m,077
24.6801,121.2004,±öªá,C0D360,2017-02-24T13:00:00+08:00,523.0,326.0,1.4,10.2,0.97,960.3,-99.0,11.0,-9.9,-99,-999,·s¦Ë¿¤,10,¦y¥Û¶m,077
24.6801,121.2004,±öªá,C0D360,2017-02-24T14:00:00+08:00,523.0,0.0,0.0,9.3,0.99,959.7,-99.0,11.5,-9.9,-99,-999,·s¦Ë¿¤,10,¦y¥Û¶m,077
24.6801,121.2004,±öªá,C0D360,2017-02-24T15:00:00+08:00,523.0,331.0,0.7,9.4,0.98,960.3,-99.0,11.5,-9.9,-99,-999,·s¦Ë¿¤,10,¦y¥Û¶m,077
24.6801,121.2004,±öªá,C0D360,2017-02-24T16:00:00+08:00,523.0,334.0,0.7,8.8,0.98,960.2,-99.0,12.5,-9.9,-99,-999,·s¦Ë¿¤,10,¦y¥Û¶m,077
24.6801,121.2004,±öªá,C0D360,2017-02-24T17:00:00+08:00,523.0,300.0,0.8,8.6,0.98,960.9,-99.0,13.5,-9.9,-99,-999,·s¦Ë¿¤,10,¦y¥Û¶m,077
24.6801,121.2004,±öªá,C0D360,2017-02-24T18:00:00+08:00,523.0,227.0,0.4,9.4,0.99,959.0,-99.0,21.5,-9.9,-99,-999,·s¦Ë¿¤,10,¦y¥Û¶m,077
24.6801,121.2004,±öªá,C0D360,2017-02-24T19:00:00+08:00,523.0,93.0,0.7,9.1,0.99,960.5,-99.0,22.0,-9.9,-99,-999,·s¦Ë¿¤,10,¦y¥Û¶m,077
24.6801,121.2004,±öªá,C0D360,2017-02-24T20:00:00+08:00,523.0,0.0,0.0,9.2,0.99,959.9,-99.0,22.5,-9.9,-99,-999,·s¦Ë¿¤,10,¦y¥Û¶m,077
24.6801,121.2004,±öªá,C0D360,2017-02-24T21:00:00+08:00,523.0,0.0,0.0,9.2,0.99,960.3,-99.0,24.0,-9.9,-99,-999,·s¦Ë¿¤,10,¦y¥Û¶m,077
24.6801,121.2004,±öªá,C0D360,2017-02-24T22:00:00+08:00,523.0,0.0,0.0,9.5,0.99,960.5,-99.0,26.0,-9.9,-99,-999,·s¦Ë¿¤,10,¦y¥Û¶m,077
24.6801,121.2004,±öªá,C0D360,2017-02-24T23:00:00+08:00,523.0,0.0,0.0,9.6,0.99,960.9,-99.0,26.5,-9.9,-99,-999,·s¦Ë¿¤,10,¦y¥Û¶m,077
24.6801,121.2004,±öªá,C0D360,2017-02-25T00:00:00+08:00,523.0,0.0,0.0,9.6,0.99,960.0,-99.0,27.0,-9.9,-99,-999,·s¦Ë¿¤,10,¦y¥Û¶m,077
24.6801,121.2004,±öªá,C0D360,2017-02-25T01:00:00+08:00,523.0,0.0,0.0,9.7,0.99,959.6,-99.0,0.0,-9.9,-99,-999,·s¦Ë¿¤,10,¦y¥Û¶m,077
24.6801,121.2004,±öªá,C0D360,2017-02-25T02:00:00+08:00,523.0,0.0,0.0,9.8,0.99,959.2,-99.0,0.5,-9.9,-99,-999,·s¦Ë¿¤,10,¦y¥Û¶m,077
24.6801,121.2004,±öªá,C0D360,2017-02-25T03:00:00+08:00,523.0,58.0,0.4,10.0,0.99,957.8,-99.0,0.5,-9.9,-99,-999,·s¦Ë¿¤,10,¦y¥Û¶m,077
24.6801,121.2004,±öªá,C0D360,2017-02-25T04:00:00+08:00,523.0,64.0,0.3,9.9,0.99,958.4,-99.0,0.5,-9.9,-99,-999,·s¦Ë¿¤,10,¦y¥Û¶m,077
24.6801,121.2004,±öªá,C0D360,2017-02-25T05:00:00+08:00,523.0,0.0,0.0,10.1,0.99,959.1,-99.0,2.0,-9.9,-99,-999,·s¦Ë¿¤,10,¦y¥Û¶m,077
24.6801,121.2004,±öªá,C0D360,2017-02-25T06:00:00+08:00,523.0,0.0,0.2,10.2,0.99,958.0,-99.0,2.5,-9.9,-99,-999,·s¦Ë¿¤,10,¦y¥Û¶m,077
24.6801,121.2004,±öªá,C0D360,2017-02-25T07:00:00+08:00,523.0,12.0,0.4,10.4,0.99,958.6,-99.0,2.5,-9.9,-99,-999,·s¦Ë¿¤,10,¦y¥Û¶m,077
24.6801,121.2004,±öªá,C0D360,2017-02-25T08:00:00+08:00,523.0,63.0,0.4,10.8,0.99,959.4,-99.0,3.0,-9.9,-99,-999,·s¦Ë¿¤,10,¦y¥Û¶m,077
24.6801,121.2004,±öªá,C0D360,2017-02-25T10:00:00+08:00,523.0,98.0,0.4,11.2,0.99,959.1,-99.0,6.0,-9.9,-99,-999,·s¦Ë¿¤,10,¦y¥Û¶m,077
24.6801,121.2004,±öªá,C0D360,2017-02-25T11:00:00+08:00,523.0,49.0,0.6,11.6,0.99,958.8,-99.0,9.5,-9.9,-99,-999,·s¦Ë¿¤,10,¦y¥Û¶m,077
24.6801,121.2004,±öªá,C0D360,2017-02-25T12:00:00+08:00,523.0,110.0,0.4,11.5,0.99,958.3,-99.0,11.5,-9.9,-99,-999,·s¦Ë¿¤,10,¦y¥Û¶m,077
24.6801,121.2004,±öªá,C0D360,2017-02-25T13:00:00+08:00,523.0,86.0,0.3,12.0,0.99,957.6,-99.0,12.5,-9.9,-99,-999,·s¦Ë¿¤,10,¦y¥Û¶m,077
24.6801,121.2004,±öªá,C0D360,2017-02-25T14:00:00+08:00,523.0,351.0,0.7,12.1,0.99,955.7,-99.0,12.5,-9.9,-99,-999,·s¦Ë¿¤,10,¦y¥Û¶m,077
24.6801,121.2004,±öªá,C0D360,2017-02-25T15:00:00+08:00,523.0,323.0,0.4,11.2,0.98,956.1,-99.0,13.5,-9.9,-99,-999,·s¦Ë¿¤,10,¦y¥Û¶m,077
24.6801,121.2004,±öªá,C0D360,2017-02-25T16:00:00+08:00,523.0,0.0,0.0,11.2,0.99,956.0,-99.0,14.0,-9.9,-99,-999,·s¦Ë¿¤,10,¦y¥Û¶m,077
24.6801,121.2004,±öªá,C0D360,2017-02-25T17:00:00+08:00,523.0,0.0,0.0,10.9,0.99,957.1,-99.0,15.0,-9.9,-99,-999,·s¦Ë¿¤,10,¦y¥Û¶m,077
24.6801,121.2004,±öªá,C0D360,2017-02-25T18:00:00+08:00,523.0,61.0,0.6,10.7,0.99,956.8,-99.0,19.0,-9.9,-99,-999,·s¦Ë¿¤,10,¦y¥Û¶m,077
24.6801,121.2004,±öªá,C0D360,2017-02-25T19:00:00+08:00,523.0,0.0,0.0,10.9,0.99,956.9,-99.0,22.0,-9.9,-99,-999,·s¦Ë¿¤,10,¦y¥Û¶m,077
24.6801,121.2004,±öªá,C0D360,2017-02-25T20:00:00+08:00,523.0,293.0,0.7,10.8,0.99,956.3,-99.0,23.0,-9.9,-99,-999,·s¦Ë¿¤,10,¦y¥Û¶m,077
24.6801,121.2004,±öªá,C0D360,2017-02-25T21:00:00+08:00,523.0,247.0,0.9,11.1,0.98,957.2,-99.0,23.0,-9.9,-99,-999,·s¦Ë¿¤,10,¦y¥Û¶m,077
24.6801,121.2004,±öªá,C0D360,2017-02-25T22:00:00+08:00,523.0,324.0,0.3,11.1,0.99,957.9,-99.0,23.0,-9.9,-99,-999,·s¦Ë¿¤,10,¦y¥Û¶m,077
24.6801,121.2004,±öªá,C0D360,2017-02-25T23:00:00+08:00,523.0,347.0,0.4,11.0,0.99,957.8,-99.0,23.0,-9.9,-99,-999,·s¦Ë¿¤,10,¦y¥Û¶m,077
24.6801,121.2004,±öªá,C0D360,2017-02-26T00:00:00+08:00,523.0,0.0,0.0,11.1,0.99,957.8,-99.0,23.0,-9.9,-99,-999,·s¦Ë¿¤,10,¦y¥Û¶m,077
24.6801,121.2004,±öªá,C0D360,2017-02-26T01:00:00+08:00,523.0,0.0,0.0,11.2,0.99,957.2,-99.0,0.0,-9.9,-99,-999,·s¦Ë¿¤,10,¦y¥Û¶m,077
24.6801,121.2004,±öªá,C0D360,2017-02-26T02:00:00+08:00,523.0,0.0,0.2,11.2,0.99,957.4,-99.0,0.5,-9.9,-99,-999,·s¦Ë¿¤,10,¦y¥Û¶m,077
24.6801,121.2004,±öªá,C0D360,2017-02-26T03:00:00+08:00,523.0,0.0,0.0,11.1,0.99,956.6,-99.0,2.5,-9.9,-99,-999,·s¦Ë¿¤,10,¦y¥Û¶m,077
24.6801,121.2004,±öªá,C0D360,2017-02-26T04:00:00+08:00,523.0,0.0,0.2,11.1,0.99,957.3,-99.0,4.5,-9.9,-99,-999,·s¦Ë¿¤,10,¦y¥Û¶m,077
24.6801,121.2004,±öªá,C0D360,2017-02-26T05:00:00+08:00,523.0,270.0,0.3,11.0,0.99,958.4,-99.0,9.0,-9.9,-99,-999,·s¦Ë¿¤,10,¦y¥Û¶m,077
24.6801,121.2004,±öªá,C0D360,2017-02-26T06:00:00+08:00,523.0,4.0,0.7,10.4,0.99,958.7,-99.0,16.5,-9.9,-99,-999,·s¦Ë¿¤,10,¦y¥Û¶m,077
24.6801,121.2004,±öªá,C0D360,2017-02-26T07:00:00+08:00,523.0,2.0,1.3,9.5,0.99,959.3,-99.0,17.5,-9.9,-99,-999,·s¦Ë¿¤,10,¦y¥Û¶m,077
24.6801,121.2004,±öªá,C0D360,2017-02-26T08:00:00+08:00,523.0,0.0,0.0,9.2,0.99,960.7,-99.0,18.5,-9.9,-99,-999,·s¦Ë¿¤,10,¦y¥Û¶m,077
24.6801,121.2004,±öªá,C0D360,2017-02-26T10:00:00+08:00,523.0,18.0,0.3,9.5,0.98,961.5,-99.0,19.5,-9.9,-99,-999,·s¦Ë¿¤,10,¦y¥Û¶m,077
24.6801,121.2004,±öªá,C0D360,2017-02-26T11:00:00+08:00,523.0,0.0,0.0,9.7,0.98,961.0,-99.0,19.5,-9.9,-99,-999,·s¦Ë¿¤,10,¦y¥Û¶m,077
24.6801,121.2004,±öªá,C0D360,2017-02-26T12:00:00+08:00,523.0,349.0,0.8,9.7,0.97,960.2,-99.0,19.5,-9.9,-99,-999,·s¦Ë¿¤,10,¦y¥Û¶m,077
24.6801,121.2004,±öªá,C0D360,2017-02-26T13:00:00+08:00,523.0,328.0,0.3,9.7,0.98,960.0,-99.0,19.5,-9.9,-99,-999,·s¦Ë¿¤,10,¦y¥Û¶m,077
24.6801,121.2004,±öªá,C0D360,2017-02-26T14:00:00+08:00,523.0,25.0,0.3,9.7,0.97,959.3,-99.0,20.0,-9.9,-99,-999,·s¦Ë¿¤,10,¦y¥Û¶m,077
24.6801,121.2004,±öªá,C0D360,2017-02-26T15:00:00+08:00,523.0,0.0,0.2,10.0,0.97,958.6,-99.0,20.0,-9.9,-99,-999,·s¦Ë¿¤,10,¦y¥Û¶m,077
24.6801,121.2004,±öªá,C0D360,2017-02-26T16:00:00+08:00,523.0,0.0,0.0,10.2,0.97,958.3,-99.0,20.0,-9.9,-99,-999,·s¦Ë¿¤,10,¦y¥Û¶m,077
24.6801,121.2004,±öªá,C0D360,2017-02-26T17:00:00+08:00,523.0,0.0,0.2,10.0,0.97,959.0,-99.0,20.0,-9.9,-99,-999,·s¦Ë¿¤,10,¦y¥Û¶m,077
24.6801,121.2004,±öªá,C0D360,2017-02-26T18:00:00+08:00,523.0,0.0,0.2,9.6,0.96,959.5,-99.0,20.0,-9.9,-99,-999,·s¦Ë¿¤,10,¦y¥Û¶m,077
24.6801,121.2004,±öªá,C0D360,2017-02-26T19:00:00+08:00,523.0,0.0,0.0,9.6,0.97,960.0,-99.0,20.0,-9.9,-99,-999,·s¦Ë¿¤,10,¦y¥Û¶m,077
24.6801,121.2004,±öªá,C0D360,2017-02-26T20:00:00+08:00,523.0,0.0,0.2,9.6,0.98,960.6,-99.0,20.0,-9.9,-99,-999,·s¦Ë¿¤,10,¦y¥Û¶m,077
24.6801,121.2004,±öªá,C0D360,2017-02-26T21:00:00+08:00,523.0,0.0,0.0,9.5,0.98,960.7,-99.0,20.0,-9.9,-99,-999,·s¦Ë¿¤,10,¦y¥Û¶m,077
24.6801,121.2004,±öªá,C0D360,2017-02-26T22:00:00+08:00,523.0,213.0,0.3,9.6,0.98,960.5,-99.0,20.0,-9.9,-99,-999,·s¦Ë¿¤,10,¦y¥Û¶m,077
24.6801,121.2004,±öªá,C0D360,2017-02-26T23:00:00+08:00,523.0,3.0,0.3,9.5,0.99,959.9,-99.0,20.0,-9.9,-99,-999,·s¦Ë¿¤,10,¦y¥Û¶m,077
24.6801,121.2004,±öªá,C0D360,2017-02-27T00:00:00+08:00,523.0,37.0,0.3,9.0,0.99,959.2,-99.0,20.0,-9.9,-99,-999,·s¦Ë¿¤,10,¦y¥Û¶m,077
24.6801,121.2004,±öªá,C0D360,2017-02-27T01:00:00+08:00,523.0,214.0,0.6,9.1,0.99,958.7,-99.0,0.0,-9.9,-99,-999,·s¦Ë¿¤,10,¦y¥Û¶m,077
24.6801,121.2004,±öªá,C0D360,2017-02-27T02:00:00+08:00,523.0,0.0,0.0,9.3,0.99,958.5,-99.0,0.0,-9.9,-99,-999,·s¦Ë¿¤,10,¦y¥Û¶m,077
24.6801,121.2004,±öªá,C0D360,2017-02-27T03:00:00+08:00,523.0,0.0,0.0,9.5,0.99,958.4,-99.0,0.0,-9.9,-99,-999,·s¦Ë¿¤,10,¦y¥Û¶m,077
24.6801,121.2004,±öªá,C0D360,2017-02-27T04:00:00+08:00,523.0,0.0,0.0,9.8,0.99,958.2,-99.0,0.0,-9.9,-99,-999,·s¦Ë¿¤,10,¦y¥Û¶m,077
24.6801,121.2004,±öªá,C0D360,2017-02-27T05:00:00+08:00,523.0,0.0,0.0,9.9,0.99,958.9,-99.0,0.0,-9.9,-99,-999,·s¦Ë¿¤,10,¦y¥Û¶m,077
24.6801,121.2004,±öªá,C0D360,2017-02-27T06:00:00+08:00,523.0,0.0,0.0,10.1,0.99,959.3,-99.0,0.0,-9.9,-99,-999,·s¦Ë¿¤,10,¦y¥Û¶m,077
24.6801,121.2004,±öªá,C0D360,2017-02-27T07:00:00+08:00,523.0,0.0,0.0,10.2,0.99,959.5,-99.0,0.0,-9.9,-99,-999,·s¦Ë¿¤,10,¦y¥Û¶m,077
24.6801,121.2004,±öªá,C0D360,2017-02-27T08:00:00+08:00,523.0,179.0,0.3,10.6,0.98,960.1,-99.0,0.0,-9.9,-99,-999,·s¦Ë¿¤,10,¦y¥Û¶m,077
24.6801,121.2004,±öªá,C0D360,2017-02-27T10:00:00+08:00,523.0,0.0,0.2,11.3,0.91,960.6,-99.0,0.0,-9.9,-99,-999,·s¦Ë¿¤,10,¦y¥Û¶m,077
24.6801,121.2004,±öªá,C0D360,2017-02-27T11:00:00+08:00,523.0,50.0,0.8,12.1,0.87,960.9,-99.0,0.0,-9.9,-99,-999,·s¦Ë¿¤,10,¦y¥Û¶m,077
24.6801,121.2004,±öªá,C0D360,2017-02-27T12:00:00+08:00,523.0,0.0,0.0,12.7,0.81,960.2,-99.0,0.0,-9.9,-99,-999,·s¦Ë¿¤,10,¦y¥Û¶m,077
24.6801,121.2004,±öªá,C0D360,2017-02-27T13:00:00+08:00,523.0,61.0,0.4,13.0,0.83,959.3,-99.0,0.0,-9.9,-99,-999,·s¦Ë¿¤,10,¦y¥Û¶m,077
24.6801,121.2004,±öªá,C0D360,2017-02-27T14:00:00+08:00,523.0,46.0,0.6,12.7,0.83,959.2,-99.0,0.0,-9.9,-99,-999,·s¦Ë¿¤,10,¦y¥Û¶m,077
24.6801,121.2004,±öªá,C0D360,2017-02-27T15:00:00+08:00,523.0,33.0,0.4,12.4,0.85,959.5,-99.0,0.0,-9.9,-99,-999,·s¦Ë¿¤,10,¦y¥Û¶m,077
24.6801,121.2004,±öªá,C0D360,2017-02-27T16:00:00+08:00,523.0,0.0,0.0,12.0,0.87,959.5,-99.0,0.0,-9.9,-99,-999,·s¦Ë¿¤,10,¦y¥Û¶m,077
24.6801,121.2004,±öªá,C0D360,2017-02-27T17:00:00+08:00,523.0,0.0,0.0,11.7,0.90,959.9,-99.0,0.0,-9.9,-99,-999,·s¦Ë¿¤,10,¦y¥Û¶m,077
24.6801,121.2004,±öªá,C0D360,2017-02-27T18:00:00+08:00,523.0,63.0,0.3,11.1,0.92,960.1,-99.0,0.0,-9.9,-99,-999,·s¦Ë¿¤,10,¦y¥Û¶m,077
24.6801,121.2004,±öªá,C0D360,2017-02-27T19:00:00+08:00,523.0,0.0,0.0,10.9,0.95,959.6,-99.0,0.0,-9.9,-99,-999,·s¦Ë¿¤,10,¦y¥Û¶m,077
24.6801,121.2004,±öªá,C0D360,2017-02-27T20:00:00+08:00,523.0,0.0,0.0,10.9,0.96,959.8,-99.0,0.0,-9.9,-99,-999,·s¦Ë¿¤,10,¦y¥Û¶m,077
24.6801,121.2004,±öªá,C0D360,2017-02-27T21:00:00+08:00,523.0,254.0,0.4,11.7,0.92,959.8,-99.0,0.0,-9.9,-99,-999,·s¦Ë¿¤,10,¦y¥Û¶m,077
24.6801,121.2004,±öªá,C0D360,2017-02-27T22:00:00+08:00,523.0,259.0,0.4,12.0,0.90,960.1,-99.0,0.0,-9.9,-99,-999,·s¦Ë¿¤,10,¦y¥Û¶m,077
24.6801,121.2004,±öªá,C0D360,2017-02-27T23:00:00+08:00,523.0,251.0,0.4,11.6,0.89,959.5,-99.0,0.0,-9.9,-99,-999,·s¦Ë¿¤,10,¦y¥Û¶m,077
24.6801,121.2004,±öªá,C0D360,2017-02-28T00:00:00+08:00,523.0,269.0,0.3,11.5,0.91,959.7,-99.0,0.0,-9.9,-99,-999,·s¦Ë¿¤,10,¦y¥Û¶m,077
24.6801,121.2004,±öªá,C0D360,2017-02-28T01:00:00+08:00,523.0,253.0,0.7,11.0,0.91,958.4,-99.0,0.0,-9.9,-99,-999,·s¦Ë¿¤,10,¦y¥Û¶m,077
24.6801,121.2004,±öªá,C0D360,2017-02-28T02:00:00+08:00,523.0,254.0,0.5,11.7,0.89,959.1,-99.0,0.0,-9.9,-99,-999,·s¦Ë¿¤,10,¦y¥Û¶m,077
24.6801,121.2004,±öªá,C0D360,2017-02-28T03:00:00+08:00,523.0,316.0,0.7,12.0,0.92,959.1,-99.0,0.0,-9.9,-99,-999,·s¦Ë¿¤,10,¦y¥Û¶m,077
24.6801,121.2004,±öªá,C0D360,2017-02-28T04:00:00+08:00,523.0,266.0,0.5,11.6,0.95,958.9,-99.0,0.0,-9.9,-99,-999,·s¦Ë¿¤,10,¦y¥Û¶m,077
24.6801,121.2004,±öªá,C0D360,2017-02-28T05:00:00+08:00,523.0,0.0,0.0,11.6,0.96,959.0,-99.0,0.0,-9.9,-99,-999,·s¦Ë¿¤,10,¦y¥Û¶m,077
24.6801,121.2004,±öªá,C0D360,2017-02-28T06:00:00+08:00,523.0,0.0,0.0,11.7,0.97,959.3,-99.0,0.0,-9.9,-99,-999,·s¦Ë¿¤,10,¦y¥Û¶m,077
24.6801,121.2004,±öªá,C0D360,2017-02-28T07:00:00+08:00,523.0,0.0,0.0,12.1,0.97,959.9,-99.0,0.0,-9.9,-99,-999,·s¦Ë¿¤,10,¦y¥Û¶m,077
24.6801,121.2004,±öªá,C0D360,2017-02-28T08:00:00+08:00,523.0,71.0,0.6,11.8,0.97,960.1,-99.0,0.0,-9.9,-99,-999,·s¦Ë¿¤,10,¦y¥Û¶m,077
24.6801,121.2004,±öªá,C0D360,2017-02-28T09:00:00+08:00,523.0,84.0,0.9,14.5,0.83,960.3,-99.0,0.0,-9.9,-99,-999,·s¦Ë¿¤,10,¦y¥Û¶m,077
24.6801,121.2004,±öªá,C0D360,2017-02-28T10:00:00+08:00,523.0,66.0,1.1,17.1,0.74,959.4,-99.0,0.0,-9.9,-99,-999,·s¦Ë¿¤,10,¦y¥Û¶m,077
24.6801,121.2004,±öªá,C0D360,2017-02-28T11:00:00+08:00,523.0,54.0,1.3,14.9,0.84,959.4,-99.0,0.0,-9.9,-99,-999,·s¦Ë¿¤,10,¦y¥Û¶m,077
24.6801,121.2004,±öªá,C0D360,2017-02-28T12:00:00+08:00,523.0,44.0,1.3,14.3,0.86,959.0,-99.0,0.0,-9.9,-99,-999,·s¦Ë¿¤,10,¦y¥Û¶m,077
24.6801,121.2004,±öªá,C0D360,2017-02-28T13:00:00+08:00,523.0,71.0,1.3,12.7,0.94,958.5,-99.0,0.0,-9.9,-99,-999,·s¦Ë¿¤,10,¦y¥Û¶m,077
24.6801,121.2004,±öªá,C0D360,2017-02-28T14:00:00+08:00,523.0,67.0,0.8,12.2,0.96,957.7,-99.0,0.0,-9.9,-99,-999,·s¦Ë¿¤,10,¦y¥Û¶m,077
24.6801,121.2004,±öªá,C0D360,2017-02-28T15:00:00+08:00,523.0,78.0,0.3,12.6,0.94,956.7,-99.0,0.0,-9.9,-99,-999,·s¦Ë¿¤,10,¦y¥Û¶m,077
24.6801,121.2004,±öªá,C0D360,2017-02-28T16:00:00+08:00,523.0,57.0,0.5,13.4,0.92,956.2,-99.0,0.0,-9.9,-99,-999,·s¦Ë¿¤,10,¦y¥Û¶m,077
24.6801,121.2004,±öªá,C0D360,2017-02-28T17:00:00+08:00,523.0,74.0,0.6,13.3,0.91,956.0,-99.0,0.0,-9.9,-99,-999,·s¦Ë¿¤,10,¦y¥Û¶m,077
24.6801,121.2004,±öªá,C0D360,2017-02-28T18:00:00+08:00,523.0,87.0,0.3,12.2,0.96,956.4,-99.0,0.0,-9.9,-99,-999,·s¦Ë¿¤,10,¦y¥Û¶m,077
24.6801,121.2004,±öªá,C0D360,2017-02-28T19:00:00+08:00,523.0,0.0,0.0,12.1,0.97,956.9,-99.0,0.0,-9.9,-99,-999,·s¦Ë¿¤,10,¦y¥Û¶m,077
24.6801,121.2004,±öªá,C0D360,2017-02-28T20:00:00+08:00,523.0,0.0,0.0,11.8,0.98,957.1,-99.0,0.0,-9.9,-99,-999,·s¦Ë¿¤,10,¦y¥Û¶m,077
24.6801,121.2004,±öªá,C0D360,2017-02-28T21:00:00+08:00,523.0,0.0,0.0,11.8,0.99,957.1,-99.0,0.0,-9.9,-99,-999,·s¦Ë¿¤,10,¦y¥Û¶m,077
24.6801,121.2004,±öªá,C0D360,2017-02-28T22:00:00+08:00,523.0,0.0,0.0,11.6,0.99,957.1,-99.0,0.0,-9.9,-99,-999,·s¦Ë¿¤,10,¦y¥Û¶m,077
24.6801,121.2004,±öªá,C0D360,2017-02-28T23:00:00+08:00,523.0,0.0,0.0,11.6,0.99,957.4,-99.0,0.0,-9.9,-99,-999,·s¦Ë¿¤,10,¦y¥Û¶m,077
