24.7367,121.0168,寶山,C0D580,2017-02-01T07:00:00+08:00,120.0,29.0,0.4,16.7,0.83,1007.6,-99.0,0.0,-9.9,-99,-999,新竹縣,10,寶山鄉,076
24.7367,121.0168,寶山,C0D580,2017-02-01T05:00:00+08:00,120.0,0.0,0.0,16.4,0.85,1007.2,-99.0,0.0,-9.9,-99,-999,新竹縣,10,寶山鄉,076
24.7367,121.0168,寶山,C0D580,2017-02-01T02:00:00+08:00,120.0,0.0,0.0,15.1,0.88,1006.5,-99.0,0.0,-9.9,-99,-999,新竹縣,10,寶山鄉,076
24.7367,121.0168,寶山,C0D580,2017-02-01T11:00:00+08:00,120.0,102.0,0.4,18.4,0.75,1008.5,-99.0,0.0,-9.9,-99,-999,新竹縣,10,寶山鄉,076
24.7367,121.0168,寶山,C0D580,2017-02-02T10:00:00+08:00,120.0,108.0,0.7,17.4,0.65,1010.6,-99.0,0.0,-9.9,-99,-999,新竹縣,10,寶山鄉,076
24.7367,121.0168,寶山,C0D580,2017-02-02T09:00:00+08:00,120.0,112.0,0.7,15.3,0.75,1011.0,-99.0,0.0,-9.9,-99,-999,新竹縣,10,寶山鄉,076
24.7367,121.0168,寶山,C0D580,2017-02-02T08:00:00+08:00,120.0,136.0,0.4,14.4,0.79,1010.8,-99.0,0.0,-9.9,-99,-999,新竹縣,10,寶山鄉,076
24.7367,121.0168,寶山,C0D580,2017-02-02T11:00:00+08:00,120.0,117.0,0.8,18.6,0.63,1009.7,-99.0,0.0,-9.9,-99,-999,新竹縣,10,寶山鄉,076
24.7367,121.0168,寶山,C0D580,2017-02-02T14:00:00+08:00,120.0,92.0,0.9,17.7,0.62,1007.7,-99.0,0.0,-9.9,-99,-999,新竹縣,10,寶山鄉,076
24.7367,121.0168,寶山,C0D580,2017-02-02T15:00:00+08:00,120.0,142.0,0.9,17.4,0.65,1007.4,-99.0,0.0,-9.9,-99,-999,新竹縣,10,寶山鄉,076
24.7367,121.0168,寶山,C0D580,2017-02-02T16:00:00+08:00,120.0,93.0,0.6,16.8,0.66,1007.3,-99.0,0.0,-9.9,-99,-999,新竹縣,10,寶山鄉,076
24.7367,121.0168,寶山,C0D580,2017-02-02T17:00:00+08:00,120.0,91.0,0.8,15.6,0.70,1007.6,-99.0,0.0,-9.9,-99,-999,新竹縣,10,寶山鄉,076
24.7367,121.0168,寶山,C0D580,2017-02-02T18:00:00+08:00,120.0,69.0,0.7,14.7,0.73,1007.9,-99.0,0.0,-9.9,-99,-999,新竹縣,10,寶山鄉,076
24.7367,121.0168,寶山,C0D580,2017-02-02T19:00:00+08:00,120.0,91.0,0.5,14.3,0.75,1007.9,-99.0,0.0,-9.9,-99,-999,新竹縣,10,寶山鄉,076
24.7367,121.0168,寶山,C0D580,2017-02-02T20:00:00+08:00,120.0,63.0,0.4,14.2,0.76,1008.0,-99.0,0.0,-9.9,-99,-999,新竹縣,10,寶山鄉,076
24.7367,121.0168,寶山,C0D580,2017-02-02T21:00:00+08:00,120.0,0.0,0.0,13.8,0.77,1007.8,-99.0,0.0,-9.9,-99,-999,新竹縣,10,寶山鄉,076
24.7367,121.0168,寶山,C0D580,2017-02-02T22:00:00+08:00,120.0,0.0,0.0,13.1,0.80,1007.7,-99.0,0.0,-9.9,-99,-999,新竹縣,10,寶山鄉,076
24.7367,121.0168,寶山,C0D580,2017-02-02T23:00:00+08:00,120.0,0.0,0.0,12.3,0.85,1007.5,-99.0,0.0,-9.9,-99,-999,新竹縣,10,寶山鄉,076
24.7367,121.0168,寶山,C0D580,2017-02-03T00:00:00+08:00,120.0,0.0,0.0,10.9,0.91,1007.7,-99.0,0.0,-9.9,-99,-999,新竹縣,10,寶山鄉,076
24.7367,121.0168,寶山,C0D580,2017-02-03T01:00:00+08:00,120.0,0.0,0.0,11.3,0.92,1007.4,-99.0,0.0,-9.9,-99,-999,新竹縣,10,寶山鄉,076
24.7367,121.0168,寶山,C0D580,2017-02-03T02:00:00+08:00,120.0,0.0,0.0,11.6,0.92,1007.1,-99.0,0.0,-9.9,-99,-999,新竹縣,10,寶山鄉,076
24.7367,121.0168,寶山,C0D580,2017-02-03T03:00:00+08:00,120.0,0.0,0.0,11.0,0.94,1006.7,-99.0,0.0,-9.9,-99,-999,新竹縣,10,寶山鄉,076
24.7367,121.0168,寶山,C0D580,2017-02-03T04:00:00+08:00,120.0,0.0,0.0,11.4,0.93,1006.8,-99.0,0.0,-9.9,-99,-999,新竹縣,10,寶山鄉,076
24.7367,121.0168,寶山,C0D580,2017-02-03T05:00:00+08:00,120.0,0.0,0.0,11.9,0.92,1007.0,-99.0,0.0,-9.9,-99,-999,新竹縣,10,寶山鄉,076
24.7367,121.0168,寶山,C0D580,2017-02-03T06:00:00+08:00,120.0,0.0,0.0,12.3,0.92,1007.2,-99.0,0.0,-9.9,-99,-999,新竹縣,10,寶山鄉,076
24.7367,121.0168,寶山,C0D580,2017-02-03T07:00:00+08:00,120.0,0.0,0.0,12.8,0.91,1007.5,-99.0,0.0,-9.9,-99,-999,新竹縣,10,寶山鄉,076
24.7367,121.0168,寶山,C0D580,2017-02-03T08:00:00+08:00,120.0,0.0,0.0,13.9,0.90,1007.7,-99.0,0.0,-9.9,-99,-999,新竹縣,10,寶山鄉,076
24.7367,121.0168,寶山,C0D580,2017-02-03T10:00:00+08:00,120.0,116.0,0.3,18.7,0.71,1007.8,-99.0,0.0,-9.9,-99,-999,新竹縣,10,寶山鄉,076
24.7367,121.0168,寶山,C0D580,2017-02-03T11:00:00+08:00,120.0,0.0,0.0,20.8,0.65,1006.5,-99.0,0.0,-9.9,-99,-999,新竹縣,10,寶山鄉,076
24.7367,121.0168,寶山,C0D580,2017-02-03T12:00:00+08:00,120.0,325.0,0.3,22.2,0.57,1005.5,-99.0,0.0,-9.9,-99,-999,新竹縣,10,寶山鄉,076
24.7367,121.0168,寶山,C0D580,2017-02-03T13:00:00+08:00,120.0,274.0,0.6,20.6,0.70,1004.5,-99.0,0.0,-9.9,-99,-999,新竹縣,10,寶山鄉,076
24.7367,121.0168,寶山,C0D580,2017-02-03T14:00:00+08:00,120.0,0.0,0.0,21.4,0.66,1003.6,-99.0,0.0,-9.9,-99,-999,新竹縣,10,寶山鄉,076
24.7367,121.0168,寶山,C0D580,2017-02-03T15:00:00+08:00,120.0,278.0,0.3,22.6,0.64,1002.8,-99.0,0.0,-9.9,-99,-999,新竹縣,10,寶山鄉,076
24.7367,121.0168,寶山,C0D580,2017-02-03T16:00:00+08:00,120.0,277.0,0.3,20.7,0.70,1003.1,-99.0,0.0,-9.9,-99,-999,新竹縣,10,寶山鄉,076
24.7367,121.0168,寶山,C0D580,2017-02-03T17:00:00+08:00,120.0,285.0,0.4,19.5,0.77,1003.6,-99.0,0.0,-9.9,-99,-999,新竹縣,10,寶山鄉,076
24.7367,121.0168,寶山,C0D580,2017-02-03T18:00:00+08:00,120.0,0.0,0.0,18.4,0.83,1003.9,-99.0,0.0,-9.9,-99,-999,新竹縣,10,寶山鄉,076
24.7367,121.0168,寶山,C0D580,2017-02-03T19:00:00+08:00,120.0,0.0,0.0,17.5,0.88,1004.4,-99.0,0.0,-9.9,-99,-999,新竹縣,10,寶山鄉,076
24.7367,121.0168,寶山,C0D580,2017-02-03T20:00:00+08:00,120.0,0.0,0.0,16.8,0.90,1004.7,-99.0,0.0,-9.9,-99,-999,新竹縣,10,寶山鄉,076
24.7367,121.0168,寶山,C0D580,2017-02-03T21:00:00+08:00,120.0,0.0,0.0,16.3,0.92,1005.0,-99.0,0.0,-9.9,-99,-999,新竹縣,10,寶山鄉,076
24.7367,121.0168,寶山,C0D580,2017-02-03T22:00:00+08:00,120.0,0.0,0.0,16.0,0.94,1005.3,-99.0,0.0,-9.9,-99,-999,新竹縣,10,寶山鄉,076
24.7367,121.0168,寶山,C0D580,2017-02-03T23:00:00+08:00,120.0,0.0,0.0,15.9,0.94,1004.8,-99.0,0.0,-9.9,-99,-999,新竹縣,10,寶山鄉,076
24.7367,121.0168,寶山,C0D580,2017-02-04T00:00:00+08:00,120.0,0.0,0.0,16.0,0.93,1005.4,-99.0,0.0,-9.9,-99,-999,新竹縣,10,寶山鄉,076
24.7367,121.0168,寶山,C0D580,2017-02-04T01:00:00+08:00,120.0,0.0,0.0,15.4,0.94,1004.2,-99.0,0.0,-9.9,-99,-999,新竹縣,10,寶山鄉,076
24.7367,121.0168,寶山,C0D580,2017-02-04T02:00:00+08:00,120.0,0.0,0.0,15.1,0.95,1003.8,-99.0,0.0,-9.9,-99,-999,新竹縣,10,寶山鄉,076
24.7367,121.0168,寶山,C0D580,2017-02-04T03:00:00+08:00,120.0,0.0,0.0,14.6,0.96,1003.4,-99.0,0.0,-9.9,-99,-999,新竹縣,10,寶山鄉,076
24.7367,121.0168,寶山,C0D580,2017-02-04T04:00:00+08:00,120.0,0.0,0.0,14.8,0.96,1003.3,-99.0,0.0,-9.9,-99,-999,新竹縣,10,寶山鄉,076
24.7367,121.0168,寶山,C0D580,2017-02-04T05:00:00+08:00,120.0,0.0,0.0,15.2,0.96,1003.2,-99.0,0.0,-9.9,-99,-999,新竹縣,10,寶山鄉,076
24.7367,121.0168,寶山,C0D580,2017-02-04T06:00:00+08:00,120.0,0.0,0.0,14.7,0.95,1003.9,-99.0,0.0,-9.9,-99,-999,新竹縣,10,寶山鄉,076
24.7367,121.0168,寶山,C0D580,2017-02-04T07:00:00+08:00,120.0,0.0,0.0,14.3,0.96,1003.9,-99.0,0.0,-9.9,-99,-999,新竹縣,10,寶山鄉,076
24.7367,121.0168,寶山,C0D580,2017-02-04T08:00:00+08:00,120.0,0.0,0.0,15.0,0.96,1004.2,-99.0,0.0,-9.9,-99,-999,新竹縣,10,寶山鄉,076
24.7367,121.0168,寶山,C0D580,2017-02-04T10:00:00+08:00,120.0,0.0,0.0,17.9,0.86,1004.4,-99.0,0.0,-9.9,-99,-999,新竹縣,10,寶山鄉,076
24.7367,121.0168,寶山,C0D580,2017-02-04T11:00:00+08:00,120.0,291.0,0.4,18.3,0.82,1003.7,-99.0,0.0,-9.9,-99,-999,新竹縣,10,寶山鄉,076
24.7367,121.0168,寶山,C0D580,2017-02-04T12:00:00+08:00,120.0,287.0,0.4,19.1,0.79,1002.5,-99.0,0.0,-9.9,-99,-999,新竹縣,10,寶山鄉,076
24.7367,121.0168,寶山,C0D580,2017-02-04T13:00:00+08:00,120.0,0.0,0.0,20.6,0.72,1001.1,-99.0,0.0,-9.9,-99,-999,新竹縣,10,寶山鄉,076
24.7367,121.0168,寶山,C0D580,2017-02-04T14:00:00+08:00,120.0,280.0,0.4,20.7,0.74,1000.1,-99.0,0.0,-9.9,-99,-999,新竹縣,10,寶山鄉,076
24.7367,121.0168,寶山,C0D580,2017-02-04T15:00:00+08:00,120.0,280.0,0.5,19.3,0.76,999.9,-99.0,0.0,-9.9,-99,-999,新竹縣,10,寶山鄉,076
24.7367,121.0168,寶山,C0D580,2017-02-04T16:00:00+08:00,120.0,0.0,0.2,19.1,0.75,999.5,-99.0,0.0,-9.9,-99,-999,新竹縣,10,寶山鄉,076
24.7367,121.0168,寶山,C0D580,2017-02-04T17:00:00+08:00,120.0,0.0,0.0,18.4,0.79,999.7,-99.0,0.0,-9.9,-99,-999,新竹縣,10,寶山鄉,076
24.7367,121.0168,寶山,C0D580,2017-02-04T18:00:00+08:00,120.0,0.0,0.2,17.1,0.86,1000.5,-99.0,0.0,-9.9,-99,-999,新竹縣,10,寶山鄉,076
24.7367,121.0168,寶山,C0D580,2017-02-04T19:00:00+08:00,120.0,0.0,0.0,16.6,0.89,1001.4,-99.0,0.0,-9.9,-99,-999,新竹縣,10,寶山鄉,076
24.7367,121.0168,寶山,C0D580,2017-02-04T20:00:00+08:00,120.0,0.0,0.0,15.9,0.92,1001.3,-99.0,0.0,-9.9,-99,-999,新竹縣,10,寶山鄉,076
24.7367,121.0168,寶山,C0D580,2017-02-04T21:00:00+08:00,120.0,0.0,0.0,15.5,0.93,1001.5,-99.0,0.0,-9.9,-99,-999,新竹縣,10,寶山鄉,076
24.7367,121.0168,寶山,C0D580,2017-02-04T22:00:00+08:00,120.0,0.0,0.0,15.2,0.94,1001.1,-99.0,0.0,-9.9,-99,-999,新竹縣,10,寶山鄉,076
24.7367,121.0168,寶山,C0D580,2017-02-04T23:00:00+08:00,120.0,0.0,0.0,14.8,0.95,1001.2,-99.0,0.0,-9.9,-99,-999,新竹縣,10,寶山鄉,076
24.7367,121.0168,寶山,C0D580,2017-02-05T00:00:00+08:00,120.0,0.0,0.0,14.6,0.95,1001.0,-99.0,0.0,-9.9,-99,-999,新竹縣,10,寶山鄉,076
24.7367,121.0168,寶山,C0D580,2017-02-05T01:00:00+08:00,120.0,0.0,0.0,14.7,0.96,1001.1,-99.0,0.0,-9.9,-99,-999,新竹縣,10,寶山鄉,076
24.7367,121.0168,寶山,C0D580,2017-02-05T02:00:00+08:00,120.0,0.0,0.0,15.0,0.96,1000.9,-99.0,0.0,-9.9,-99,-999,新竹縣,10,寶山鄉,076
24.7367,121.0168,寶山,C0D580,2017-02-05T03:00:00+08:00,120.0,0.0,0.0,15.3,0.96,1000.2,-99.0,0.0,-9.9,-99,-999,新竹縣,10,寶山鄉,076
24.7367,121.0168,寶山,C0D580,2017-02-05T04:00:00+08:00,120.0,0.0,0.0,15.5,0.96,999.9,-99.0,0.0,-9.9,-99,-999,新竹縣,10,寶山鄉,076
24.7367,121.0168,寶山,C0D580,2017-02-05T05:00:00+08:00,120.0,0.0,0.0,15.5,0.96,1000.6,-99.0,0.0,-9.9,-99,-999,新竹縣,10,寶山鄉,076
24.7367,121.0168,寶山,C0D580,2017-02-05T06:00:00+08:00,120.0,0.0,0.0,15.6,0.96,1001.3,-99.0,0.0,-9.9,-99,-999,新竹縣,10,寶山鄉,076
24.7367,121.0168,寶山,C0D580,2017-02-05T07:00:00+08:00,120.0,0.0,0.0,15.7,0.96,1001.4,-99.0,0.0,-9.9,-99,-999,新竹縣,10,寶山鄉,076
24.7367,121.0168,寶山,C0D580,2017-02-05T08:00:00+08:00,120.0,0.0,0.0,16.3,0.94,1002.1,-99.0,0.0,-9.9,-99,-999,新竹縣,10,寶山鄉,076
24.7367,121.0168,寶山,C0D580,2017-02-05T10:00:00+08:00,120.0,0.0,0.0,17.2,0.85,1002.0,-99.0,0.0,-9.9,-99,-999,新竹縣,10,寶山鄉,076
24.7367,121.0168,寶山,C0D580,2017-02-05T11:00:00+08:00,120.0,0.0,0.2,20.4,0.74,1000.9,-99.0,0.0,-9.9,-99,-999,新竹縣,10,寶山鄉,076
24.7367,121.0168,寶山,C0D580,2017-02-05T12:00:00+08:00,120.0,0.0,0.0,22.2,0.68,1000.1,-99.0,0.0,-9.9,-99,-999,新竹縣,10,寶山鄉,076
24.7367,121.0168,寶山,C0D580,2017-02-05T13:00:00+08:00,120.0,159.0,0.6,24.1,0.54,999.4,-99.0,0.0,-9.9,-99,-999,新竹縣,10,寶山鄉,076
24.7367,121.0168,寶山,C0D580,2017-02-05T14:00:00+08:00,120.0,225.0,0.5,22.0,0.66,998.5,-99.0,0.0,-9.9,-99,-999,新竹縣,10,寶山鄉,076
24.7367,121.0168,寶山,C0D580,2017-02-05T15:00:00+08:00,120.0,234.0,0.5,20.6,0.72,999.0,-99.0,0.0,-9.9,-99,-999,新竹縣,10,寶山鄉,076
24.7367,121.0168,寶山,C0D580,2017-02-05T16:00:00+08:00,120.0,276.0,0.3,20.3,0.76,998.8,-99.0,0.0,-9.9,-99,-999,新竹縣,10,寶山鄉,076
24.7367,121.0168,寶山,C0D580,2017-02-05T17:00:00+08:00,120.0,245.0,0.4,18.7,0.83,998.9,-99.0,0.0,-9.9,-99,-999,新竹縣,10,寶山鄉,076
24.7367,121.0168,寶山,C0D580,2017-02-05T18:00:00+08:00,120.0,326.0,0.7,17.9,0.84,999.3,-99.0,0.0,-9.9,-99,-999,新竹縣,10,寶山鄉,076
24.7367,121.0168,寶山,C0D580,2017-02-05T19:00:00+08:00,120.0,320.0,0.8,17.4,0.85,1000.1,-99.0,0.0,-9.9,-99,-999,新竹縣,10,寶山鄉,076
24.7367,121.0168,寶山,C0D580,2017-02-05T20:00:00+08:00,120.0,93.0,1.1,17.4,0.81,1000.5,-99.0,0.0,-9.9,-99,-999,新竹縣,10,寶山鄉,076
24.7367,121.0168,寶山,C0D580,2017-02-05T21:00:00+08:00,120.0,97.0,0.9,17.2,0.79,1000.4,-99.0,0.0,-9.9,-99,-999,新竹縣,10,寶山鄉,076
24.7367,121.0168,寶山,C0D580,2017-02-05T22:00:00+08:00,120.0,169.0,0.9,17.1,0.79,1000.4,-99.0,0.0,-9.9,-99,-999,新竹縣,10,寶山鄉,076
24.7367,121.0168,寶山,C0D580,2017-02-05T23:00:00+08:00,120.0,142.0,0.8,16.7,0.81,1000.9,-99.0,0.0,-9.9,-99,-999,新竹縣,10,寶山鄉,076
24.7367,121.0168,寶山,C0D580,2017-02-06T00:00:00+08:00,120.0,114.0,0.8,16.4,0.80,1000.7,-99.0,0.0,-9.9,-99,-999,新竹縣,10,寶山鄉,076
24.7367,121.0168,寶山,C0D580,2017-02-06T01:00:00+08:00,120.0,135.0,0.6,16.1,0.80,1000.5,-99.0,0.0,-9.9,-99,-999,新竹縣,10,寶山鄉,076
24.7367,121.0168,寶山,C0D580,2017-02-06T02:00:00+08:00,120.0,92.0,0.4,15.9,0.81,999.9,-99.0,0.0,-9.9,-99,-999,新竹縣,10,寶山鄉,076
24.7367,121.0168,寶山,C0D580,2017-02-06T03:00:00+08:00,120.0,0.0,0.0,15.2,0.84,1000.2,-99.0,0.0,-9.9,-99,-999,新竹縣,10,寶山鄉,076
24.7367,121.0168,寶山,C0D580,2017-02-06T04:00:00+08:00,120.0,109.0,0.3,15.4,0.82,1000.0,-99.0,0.0,-9.9,-99,-999,新竹縣,10,寶山鄉,076
24.7367,121.0168,寶山,C0D580,2017-02-06T05:00:00+08:00,120.0,0.0,0.2,15.5,0.80,1000.7,-99.0,0.0,-9.9,-99,-999,新竹縣,10,寶山鄉,076
24.7367,121.0168,寶山,C0D580,2017-02-06T06:00:00+08:00,120.0,161.0,0.3,15.1,0.81,1001.3,-99.0,0.0,-9.9,-99,-999,新竹縣,10,寶山鄉,076
24.7367,121.0168,寶山,C0D580,2017-02-06T07:00:00+08:00,120.0,141.0,0.3,15.2,0.81,1002.2,-99.0,0.0,-9.9,-99,-999,新竹縣,10,寶山鄉,076
24.7367,121.0168,寶山,C0D580,2017-02-06T08:00:00+08:00,120.0,136.0,0.5,16.8,0.72,1003.2,-99.0,0.0,-9.9,-99,-999,新竹縣,10,寶山鄉,076
24.7367,121.0168,寶山,C0D580,2017-02-06T10:00:00+08:00,120.0,121.0,0.8,19.8,0.56,1003.7,-99.0,0.0,-9.9,-99,-999,新竹縣,10,寶山鄉,076
24.7367,121.0168,寶山,C0D580,2017-02-06T11:00:00+08:00,120.0,116.0,0.8,21.1,0.54,1003.5,-99.0,0.0,-9.9,-99,-999,新竹縣,10,寶山鄉,076
24.7367,121.0168,寶山,C0D580,2017-02-06T12:00:00+08:00,120.0,168.0,0.6,22.4,0.49,1002.8,-99.0,0.0,-9.9,-99,-999,新竹縣,10,寶山鄉,076
24.7367,121.0168,寶山,C0D580,2017-02-06T13:00:00+08:00,120.0,198.0,0.6,22.9,0.49,1002.2,-99.0,0.0,-9.9,-99,-999,新竹縣,10,寶山鄉,076
24.7367,121.0168,寶山,C0D580,2017-02-06T14:00:00+08:00,120.0,123.0,0.7,21.6,0.51,1001.7,-99.0,0.0,-9.9,-99,-999,新竹縣,10,寶山鄉,076
24.7367,121.0168,寶山,C0D580,2017-02-06T15:00:00+08:00,120.0,145.0,0.8,20.7,0.52,1001.5,-99.0,0.0,-9.9,-99,-999,新竹縣,10,寶山鄉,076
24.7367,121.0168,寶山,C0D580,2017-02-06T16:00:00+08:00,120.0,102.0,1.2,18.9,0.57,1001.8,-99.0,0.0,-9.9,-99,-999,新竹縣,10,寶山鄉,076
24.7367,121.0168,寶山,C0D580,2017-02-06T17:00:00+08:00,120.0,143.0,0.9,17.2,0.61,1002.1,-99.0,0.0,-9.9,-99,-999,新竹縣,10,寶山鄉,076
24.7367,121.0168,寶山,C0D580,2017-02-06T18:00:00+08:00,120.0,122.0,0.6,16.0,0.66,1002.5,-99.0,0.0,-9.9,-99,-999,新竹縣,10,寶山鄉,076
24.7367,121.0168,寶山,C0D580,2017-02-06T19:00:00+08:00,120.0,118.0,0.6,15.6,0.68,1002.8,-99.0,0.0,-9.9,-99,-999,新竹縣,10,寶山鄉,076
24.7367,121.0168,寶山,C0D580,2017-02-06T20:00:00+08:00,120.0,106.0,0.5,15.2,0.68,1002.9,-99.0,0.0,-9.9,-99,-999,新竹縣,10,寶山鄉,076
24.7367,121.0168,寶山,C0D580,2017-02-06T21:00:00+08:00,120.0,92.0,0.3,14.9,0.68,1002.7,-99.0,0.0,-9.9,-99,-999,新竹縣,10,寶山鄉,076
24.7367,121.0168,寶山,C0D580,2017-02-06T22:00:00+08:00,120.0,106.0,0.3,14.5,0.69,1002.5,-99.0,0.0,-9.9,-99,-999,新竹縣,10,寶山鄉,076
24.7367,121.0168,寶山,C0D580,2017-02-06T23:00:00+08:00,120.0,150.0,0.3,14.3,0.69,1003.0,-99.0,0.0,-9.9,-99,-999,新竹縣,10,寶山鄉,076
24.7367,121.0168,寶山,C0D580,2017-02-07T00:00:00+08:00,120.0,55.0,0.3,14.6,0.68,1003.4,-99.0,0.0,-9.9,-99,-999,新竹縣,10,寶山鄉,076
24.7367,121.0168,寶山,C0D580,2017-02-07T01:00:00+08:00,120.0,0.0,0.0,14.3,0.70,1003.6,-99.0,0.0,-9.9,-99,-999,新竹縣,10,寶山鄉,076
24.7367,121.0168,寶山,C0D580,2017-02-07T02:00:00+08:00,120.0,0.0,0.0,14.1,0.70,1003.7,-99.0,0.0,-9.9,-99,-999,新竹縣,10,寶山鄉,076
24.7367,121.0168,寶山,C0D580,2017-02-07T03:00:00+08:00,120.0,75.0,0.4,14.5,0.68,1003.2,-99.0,0.0,-9.9,-99,-999,新竹縣,10,寶山鄉,076
24.7367,121.0168,寶山,C0D580,2017-02-07T04:00:00+08:00,120.0,0.0,0.0,13.8,0.75,1003.4,-99.0,0.0,-9.9,-99,-999,新竹縣,10,寶山鄉,076
24.7367,121.0168,寶山,C0D580,2017-02-07T05:00:00+08:00,120.0,0.0,0.0,14.5,0.70,1003.5,-99.0,0.0,-9.9,-99,-999,新竹縣,10,寶山鄉,076
24.7367,121.0168,寶山,C0D580,2017-02-07T06:00:00+08:00,120.0,0.0,0.0,14.0,0.72,1003.9,-99.0,0.0,-9.9,-99,-999,新竹縣,10,寶山鄉,076
24.7367,121.0168,寶山,C0D580,2017-02-07T07:00:00+08:00,120.0,0.0,0.0,13.3,0.75,1003.9,-99.0,0.0,-9.9,-99,-999,新竹縣,10,寶山鄉,076
24.7367,121.0168,寶山,C0D580,2017-02-07T08:00:00+08:00,120.0,0.0,0.0,14.5,0.76,1004.5,-99.0,0.0,-9.9,-99,-999,新竹縣,10,寶山鄉,076
24.7367,121.0168,寶山,C0D580,2017-02-07T10:00:00+08:00,120.0,217.0,0.3,18.5,0.57,1005.0,-99.0,0.0,-9.9,-99,-999,新竹縣,10,寶山鄉,076
24.7367,121.0168,寶山,C0D580,2017-02-07T11:00:00+08:00,120.0,0.0,0.2,19.8,0.57,1004.5,-99.0,0.0,-9.9,-99,-999,新竹縣,10,寶山鄉,076
24.7367,121.0168,寶山,C0D580,2017-02-07T12:00:00+08:00,120.0,148.0,0.5,21.0,0.52,1003.6,-99.0,0.0,-9.9,-99,-999,新竹縣,10,寶山鄉,076
24.7367,121.0168,寶山,C0D580,2017-02-07T13:00:00+08:00,120.0,146.0,0.6,21.9,0.50,1002.5,-99.0,0.0,-9.9,-99,-999,新竹縣,10,寶山鄉,076
24.7367,121.0168,寶山,C0D580,2017-02-07T14:00:00+08:00,120.0,184.0,0.6,21.8,0.50,1002.0,-99.0,0.0,-9.9,-99,-999,新竹縣,10,寶山鄉,076
24.7367,121.0168,寶山,C0D580,2017-02-07T15:00:00+08:00,120.0,152.0,0.6,21.2,0.53,1001.7,-99.0,0.0,-9.9,-99,-999,新竹縣,10,寶山鄉,076
24.7367,121.0168,寶山,C0D580,2017-02-07T16:00:00+08:00,120.0,123.0,0.3,20.1,0.57,1001.8,-99.0,0.0,-9.9,-99,-999,新竹縣,10,寶山鄉,076
24.7367,121.0168,寶山,C0D580,2017-02-07T17:00:00+08:00,120.0,163.0,0.3,18.6,0.62,1001.9,-99.0,0.0,-9.9,-99,-999,新竹縣,10,寶山鄉,076
24.7367,121.0168,寶山,C0D580,2017-02-07T18:00:00+08:00,120.0,0.0,0.2,16.7,0.69,1001.9,-99.0,0.0,-9.9,-99,-999,新竹縣,10,寶山鄉,076
24.7367,121.0168,寶山,C0D580,2017-02-07T19:00:00+08:00,120.0,0.0,0.0,15.3,0.74,1002.3,-99.0,0.0,-9.9,-99,-999,新竹縣,10,寶山鄉,076
24.7367,121.0168,寶山,C0D580,2017-02-07T20:00:00+08:00,120.0,0.0,0.0,13.5,0.84,1002.3,-99.0,0.0,-9.9,-99,-999,新竹縣,10,寶山鄉,076
24.7367,121.0168,寶山,C0D580,2017-02-07T21:00:00+08:00,120.0,0.0,0.0,12.5,0.89,1002.1,-99.0,0.0,-9.9,-99,-999,新竹縣,10,寶山鄉,076
24.7367,121.0168,寶山,C0D580,2017-02-07T22:00:00+08:00,120.0,0.0,0.0,12.0,0.91,1002.7,-99.0,0.0,-9.9,-99,-999,新竹縣,10,寶山鄉,076
24.7367,121.0168,寶山,C0D580,2017-02-07T23:00:00+08:00,120.0,0.0,0.0,11.3,0.93,1002.4,-99.0,0.0,-9.9,-99,-999,新竹縣,10,寶山鄉,076
24.7367,121.0168,寶山,C0D580,2017-02-08T00:00:00+08:00,120.0,0.0,0.0,10.8,0.94,1002.6,-99.0,0.0,-9.9,-99,-999,新竹縣,10,寶山鄉,076
24.7367,121.0168,寶山,C0D580,2017-02-08T01:00:00+08:00,120.0,0.0,0.0,10.9,0.95,1001.8,-99.0,0.0,-9.9,-99,-999,新竹縣,10,寶山鄉,076
24.7367,121.0168,寶山,C0D580,2017-02-08T02:00:00+08:00,120.0,0.0,0.0,11.1,0.94,1001.7,-99.0,0.0,-9.9,-99,-999,新竹縣,10,寶山鄉,076
24.7367,121.0168,寶山,C0D580,2017-02-08T03:00:00+08:00,120.0,0.0,0.0,10.5,0.94,1001.8,-99.0,0.0,-9.9,-99,-999,新竹縣,10,寶山鄉,076
24.7367,121.0168,寶山,C0D580,2017-02-08T04:00:00+08:00,120.0,0.0,0.0,11.2,0.95,1001.9,-99.0,0.0,-9.9,-99,-999,新竹縣,10,寶山鄉,076
24.7367,121.0168,寶山,C0D580,2017-02-08T05:00:00+08:00,120.0,0.0,0.0,11.7,0.95,1002.0,-99.0,0.0,-9.9,-99,-999,新竹縣,10,寶山鄉,076
24.7367,121.0168,寶山,C0D580,2017-02-08T06:00:00+08:00,120.0,0.0,0.0,12.3,0.95,1002.5,-99.0,0.0,-9.9,-99,-999,新竹縣,10,寶山鄉,076
24.7367,121.0168,寶山,C0D580,2017-02-08T07:00:00+08:00,120.0,0.0,0.0,12.7,0.94,1003.0,-99.0,0.0,-9.9,-99,-999,新竹縣,10,寶山鄉,076
24.7367,121.0168,寶山,C0D580,2017-02-08T08:00:00+08:00,120.0,0.0,0.0,13.3,0.92,1003.5,-99.0,0.0,-9.9,-99,-999,新竹縣,10,寶山鄉,076
24.7367,121.0168,寶山,C0D580,2017-02-08T10:00:00+08:00,120.0,0.0,0.0,15.4,0.94,1003.6,-99.0,0.0,-9.9,-99,-999,新竹縣,10,寶山鄉,076
24.7367,121.0168,寶山,C0D580,2017-02-08T11:00:00+08:00,120.0,0.0,0.0,15.8,0.89,1003.4,-99.0,0.0,-9.9,-99,-999,新竹縣,10,寶山鄉,076
24.7367,121.0168,寶山,C0D580,2017-02-08T12:00:00+08:00,120.0,0.0,0.0,17.4,0.83,1002.9,-99.0,0.0,-9.9,-99,-999,新竹縣,10,寶山鄉,076
24.7367,121.0168,寶山,C0D580,2017-02-08T13:00:00+08:00,120.0,225.0,0.5,17.5,0.79,1002.3,-99.0,0.0,-9.9,-99,-999,新竹縣,10,寶山鄉,076
24.7367,121.0168,寶山,C0D580,2017-02-08T14:00:00+08:00,120.0,161.0,0.3,15.8,0.83,1002.4,-99.0,0.0,-9.9,-99,-999,新竹縣,10,寶山鄉,076
24.7367,121.0168,寶山,C0D580,2017-02-08T15:00:00+08:00,120.0,0.0,0.0,15.2,0.86,1002.3,-99.0,0.0,-9.9,-99,-999,新竹縣,10,寶山鄉,076
24.7367,121.0168,寶山,C0D580,2017-02-08T16:00:00+08:00,120.0,0.0,0.0,15.4,0.85,1002.2,-99.0,0.0,-9.9,-99,-999,新竹縣,10,寶山鄉,076
24.7367,121.0168,寶山,C0D580,2017-02-08T17:00:00+08:00,120.0,0.0,0.0,15.4,0.86,1002.2,-99.0,0.0,-9.9,-99,-999,新竹縣,10,寶山鄉,076
24.7367,121.0168,寶山,C0D580,2017-02-08T18:00:00+08:00,120.0,0.0,0.0,15.0,0.88,1002.3,-99.0,0.0,-9.9,-99,-999,新竹縣,10,寶山鄉,076
24.7367,121.0168,寶山,C0D580,2017-02-08T19:00:00+08:00,120.0,0.0,0.0,14.8,0.89,1002.9,-99.0,0.0,-9.9,-99,-999,新竹縣,10,寶山鄉,076
24.7367,121.0168,寶山,C0D580,2017-02-08T20:00:00+08:00,120.0,0.0,0.0,14.2,0.95,1003.4,-99.0,0.5,-9.9,-99,-999,新竹縣,10,寶山鄉,076
24.7367,121.0168,寶山,C0D580,2017-02-08T21:00:00+08:00,120.0,0.0,0.0,14.2,0.96,1003.9,-99.0,0.5,-9.9,-99,-999,新竹縣,10,寶山鄉,076
24.7367,121.0168,寶山,C0D580,2017-02-08T22:00:00+08:00,120.0,0.0,0.0,14.2,0.96,1004.8,-99.0,0.5,-9.9,-99,-999,新竹縣,10,寶山鄉,076
24.7367,121.0168,寶山,C0D580,2017-02-08T23:00:00+08:00,120.0,0.0,0.0,14.0,0.95,1005.1,-99.0,0.5,-9.9,-99,-999,新竹縣,10,寶山鄉,076
24.7367,121.0168,寶山,C0D580,2017-02-09T00:00:00+08:00,120.0,351.0,0.4,13.2,0.93,1005.8,-99.0,0.5,-9.9,-99,-999,新竹縣,10,寶山鄉,076
24.7367,121.0168,寶山,C0D580,2017-02-09T01:00:00+08:00,120.0,0.0,0.0,12.4,0.95,1006.1,-99.0,1.5,-9.9,-99,-999,新竹縣,10,寶山鄉,076
24.7367,121.0168,寶山,C0D580,2017-02-09T02:00:00+08:00,120.0,85.0,0.5,11.6,0.96,1005.6,-99.0,2.0,-9.9,-99,-999,新竹縣,10,寶山鄉,076
24.7367,121.0168,寶山,C0D580,2017-02-09T03:00:00+08:00,120.0,192.0,0.4,11.1,0.96,1005.2,-99.0,2.0,-9.9,-99,-999,新竹縣,10,寶山鄉,076
24.7367,121.0168,寶山,C0D580,2017-02-09T04:00:00+08:00,120.0,216.0,0.5,10.4,0.95,1006.3,-99.0,2.0,-9.9,-99,-999,新竹縣,10,寶山鄉,076
24.7367,121.0168,寶山,C0D580,2017-02-09T05:00:00+08:00,120.0,109.0,0.3,9.8,0.95,1006.4,-99.0,2.0,-9.9,-99,-999,新竹縣,10,寶山鄉,076
24.7367,121.0168,寶山,C0D580,2017-02-09T06:00:00+08:00,120.0,157.0,0.5,9.3,0.95,1006.8,-99.0,2.0,-9.9,-99,-999,新竹縣,10,寶山鄉,076
24.7367,121.0168,寶山,C0D580,2017-02-09T07:00:00+08:00,120.0,196.0,0.3,9.3,0.94,1007.0,-99.0,2.0,-9.9,-99,-999,新竹縣,10,寶山鄉,076
24.7367,121.0168,寶山,C0D580,2017-02-09T08:00:00+08:00,120.0,165.0,0.4,9.6,0.91,1007.3,-99.0,2.0,-9.9,-99,-999,新竹縣,10,寶山鄉,076
24.7367,121.0168,寶山,C0D580,2017-02-09T10:00:00+08:00,120.0,0.0,0.2,9.6,0.85,1008.9,-99.0,2.0,-9.9,-99,-999,新竹縣,10,寶山鄉,076
24.7367,121.0168,寶山,C0D580,2017-02-09T11:00:00+08:00,120.0,76.0,0.3,10.3,0.78,1008.4,-99.0,2.0,-9.9,-99,-999,新竹縣,10,寶山鄉,076
24.7367,121.0168,寶山,C0D580,2017-02-09T12:00:00+08:00,120.0,130.0,0.5,10.0,0.77,1007.5,-99.0,2.0,-9.9,-99,-999,新竹縣,10,寶山鄉,076
24.7367,121.0168,寶山,C0D580,2017-02-09T13:00:00+08:00,120.0,115.0,0.4,10.1,0.74,1006.3,-99.0,2.0,-9.9,-99,-999,新竹縣,10,寶山鄉,076
24.7367,121.0168,寶山,C0D580,2017-02-09T14:00:00+08:00,120.0,110.0,0.4,10.1,0.74,1005.8,-99.0,2.0,-9.9,-99,-999,新竹縣,10,寶山鄉,076
24.7367,121.0168,寶山,C0D580,2017-02-09T15:00:00+08:00,120.0,104.0,0.6,9.6,0.72,1006.4,-99.0,2.0,-9.9,-99,-999,新竹縣,10,寶山鄉,076
24.7367,121.0168,寶山,C0D580,2017-02-09T16:00:00+08:00,120.0,108.0,0.5,9.6,0.71,1006.3,-99.0,2.0,-9.9,-99,-999,新竹縣,10,寶山鄉,076
24.7367,121.0168,寶山,C0D580,2017-02-09T17:00:00+08:00,120.0,120.0,0.6,9.6,0.71,1006.6,-99.0,2.0,-9.9,-99,-999,新竹縣,10,寶山鄉,076
24.7367,121.0168,寶山,C0D580,2017-02-09T18:00:00+08:00,120.0,91.0,0.6,9.4,0.71,1006.7,-99.0,2.0,-9.9,-99,-999,新竹縣,10,寶山鄉,076
24.7367,121.0168,寶山,C0D580,2017-02-09T19:00:00+08:00,120.0,102.0,0.6,9.0,0.68,1007.3,-99.0,2.0,-9.9,-99,-999,新竹縣,10,寶山鄉,076
24.7367,121.0168,寶山,C0D580,2017-02-09T20:00:00+08:00,120.0,81.0,0.6,8.7,0.69,1007.6,-99.0,2.5,-9.9,-99,-999,新竹縣,10,寶山鄉,076
24.7367,121.0168,寶山,C0D580,2017-02-09T21:00:00+08:00,120.0,96.0,0.4,8.9,0.67,1008.2,-99.0,2.5,-9.9,-99,-999,新竹縣,10,寶山鄉,076
24.7367,121.0168,寶山,C0D580,2017-02-09T22:00:00+08:00,120.0,88.0,0.6,8.8,0.70,1008.5,-99.0,2.5,-9.9,-99,-999,新竹縣,10,寶山鄉,076
24.7367,121.0168,寶山,C0D580,2017-02-09T23:00:00+08:00,120.0,114.0,0.5,8.8,0.67,1008.7,-99.0,2.5,-9.9,-99,-999,新竹縣,10,寶山鄉,076
24.7367,121.0168,寶山,C0D580,2017-02-10T00:00:00+08:00,120.0,88.0,0.5,8.8,0.67,1008.4,-99.0,2.5,-9.9,-99,-999,新竹縣,10,寶山鄉,076
24.7367,121.0168,寶山,C0D580,2017-02-10T01:00:00+08:00,120.0,144.0,0.6,8.7,0.69,1008.5,-99.0,0.0,-9.9,-99,-999,新竹縣,10,寶山鄉,076
24.7367,121.0168,寶山,C0D580,2017-02-10T02:00:00+08:00,120.0,246.0,0.4,8.2,0.71,1008.2,-99.0,0.0,-9.9,-99,-999,新竹縣,10,寶山鄉,076
24.7367,121.0168,寶山,C0D580,2017-02-10T03:00:00+08:00,120.0,131.0,0.5,8.6,0.64,1007.8,-99.0,0.0,-9.9,-99,-999,新竹縣,10,寶山鄉,076
24.7367,121.0168,寶山,C0D580,2017-02-10T04:00:00+08:00,120.0,109.0,0.5,8.6,0.65,1006.4,-99.0,0.0,-9.9,-99,-999,新竹縣,10,寶山鄉,076
24.7367,121.0168,寶山,C0D580,2017-02-10T05:00:00+08:00,120.0,294.0,0.6,8.4,0.67,1007.3,-99.0,0.0,-9.9,-99,-999,新竹縣,10,寶山鄉,076
24.7367,121.0168,寶山,C0D580,2017-02-10T06:00:00+08:00,120.0,96.0,0.6,8.9,0.64,1008.9,-99.0,0.0,-9.9,-99,-999,新竹縣,10,寶山鄉,076
24.7367,121.0168,寶山,C0D580,2017-02-10T07:00:00+08:00,120.0,104.0,0.6,8.6,0.67,1009.5,-99.0,0.0,-9.9,-99,-999,新竹縣,10,寶山鄉,076
24.7367,121.0168,寶山,C0D580,2017-02-10T08:00:00+08:00,120.0,167.0,0.8,8.8,0.65,1009.6,-99.0,0.0,-9.9,-99,-999,新竹縣,10,寶山鄉,076
24.7367,121.0168,寶山,C0D580,2017-02-10T09:00:00+08:00,120.0,113.0,0.6,9.3,0.63,1009.9,-99.0,0.0,-9.9,-99,-999,新竹縣,10,寶山鄉,076
24.7367,121.0168,寶山,C0D580,2017-02-10T10:00:00+08:00,120.0,117.0,0.8,10.5,0.59,1010.3,-99.0,0.0,-9.9,-99,-999,新竹縣,10,寶山鄉,076
24.7367,121.0168,寶山,C0D580,2017-02-10T11:00:00+08:00,120.0,51.0,0.6,11.0,0.57,1010.2,-99.0,0.0,-9.9,-99,-999,新竹縣,10,寶山鄉,076
24.7367,121.0168,寶山,C0D580,2017-02-10T12:00:00+08:00,120.0,150.0,0.6,11.4,0.58,1009.9,-99.0,0.0,-9.9,-99,-999,新竹縣,10,寶山鄉,076
24.7367,121.0168,寶山,C0D580,2017-02-10T13:00:00+08:00,120.0,148.0,0.9,11.5,0.57,1008.6,-99.0,0.0,-9.9,-99,-999,新竹縣,10,寶山鄉,076
24.7367,121.0168,寶山,C0D580,2017-02-10T14:00:00+08:00,120.0,111.0,0.7,11.3,0.57,1008.0,-99.0,0.0,-9.9,-99,-999,新竹縣,10,寶山鄉,076
24.7367,121.0168,寶山,C0D580,2017-02-10T15:00:00+08:00,120.0,102.0,0.5,11.2,0.58,1008.2,-99.0,0.0,-9.9,-99,-999,新竹縣,10,寶山鄉,076
24.7367,121.0168,寶山,C0D580,2017-02-10T16:00:00+08:00,120.0,105.0,0.7,11.1,0.57,1008.4,-99.0,0.0,-9.9,-99,-999,新竹縣,10,寶山鄉,076
24.7367,121.0168,寶山,C0D580,2017-02-10T17:00:00+08:00,120.0,115.0,0.7,10.9,0.59,1008.9,-99.0,0.0,-9.9,-99,-999,新竹縣,10,寶山鄉,076
24.7367,121.0168,寶山,C0D580,2017-02-10T18:00:00+08:00,120.0,131.0,0.7,10.5,0.59,1009.2,-99.0,0.0,-9.9,-99,-999,新竹縣,10,寶山鄉,076
24.7367,121.0168,寶山,C0D580,2017-02-10T19:00:00+08:00,120.0,149.0,0.7,10.2,0.59,1009.7,-99.0,0.0,-9.9,-99,-999,新竹縣,10,寶山鄉,076
24.7367,121.0168,寶山,C0D580,2017-02-10T20:00:00+08:00,120.0,150.0,0.9,10.2,0.61,1009.9,-99.0,0.0,-9.9,-99,-999,新竹縣,10,寶山鄉,076
24.7367,121.0168,寶山,C0D580,2017-02-10T21:00:00+08:00,120.0,121.0,0.6,10.2,0.62,1010.4,-99.0,0.0,-9.9,-99,-999,新竹縣,10,寶山鄉,076
24.7367,121.0168,寶山,C0D580,2017-02-10T22:00:00+08:00,120.0,55.0,0.7,10.2,0.60,1010.5,-99.0,0.0,-9.9,-99,-999,新竹縣,10,寶山鄉,076
24.7367,121.0168,寶山,C0D580,2017-02-10T23:00:00+08:00,120.0,91.0,0.9,10.3,0.57,1010.8,-99.0,0.0,-9.9,-99,-999,新竹縣,10,寶山鄉,076
24.7367,121.0168,寶山,C0D580,2017-02-11T00:00:00+08:00,120.0,105.0,0.6,10.2,0.59,1010.7,-99.0,0.0,-9.9,-99,-999,新竹縣,10,寶山鄉,076
24.7367,121.0168,寶山,C0D580,2017-02-11T01:00:00+08:00,120.0,162.0,0.4,10.1,0.60,1010.9,-99.0,0.0,-9.9,-99,-999,新竹縣,10,寶山鄉,076
24.7367,121.0168,寶山,C0D580,2017-02-11T02:00:00+08:00,120.0,124.0,0.7,10.3,0.59,1010.5,-99.0,0.0,-9.9,-99,-999,新竹縣,10,寶山鄉,076
24.7367,121.0168,寶山,C0D580,2017-02-11T03:00:00+08:00,120.0,117.0,0.8,10.2,0.58,1010.5,-99.0,0.0,-9.9,-99,-999,新竹縣,10,寶山鄉,076
24.7367,121.0168,寶山,C0D580,2017-02-11T04:00:00+08:00,120.0,69.0,0.8,10.2,0.57,1010.4,-99.0,0.0,-9.9,-99,-999,新竹縣,10,寶山鄉,076
24.7367,121.0168,寶山,C0D580,2017-02-11T05:00:00+08:00,120.0,96.0,1.0,10.3,0.57,1010.6,-99.0,0.0,-9.9,-99,-999,新竹縣,10,寶山鄉,076
24.7367,121.0168,寶山,C0D580,2017-02-11T06:00:00+08:00,120.0,83.0,1.0,10.3,0.57,1011.2,-99.0,0.0,-9.9,-99,-999,新竹縣,10,寶山鄉,076
24.7367,121.0168,寶山,C0D580,2017-02-11T07:00:00+08:00,120.0,102.0,0.7,10.2,0.57,1011.7,-99.0,0.0,-9.9,-99,-999,新竹縣,10,寶山鄉,076
24.7367,121.0168,寶山,C0D580,2017-02-11T08:00:00+08:00,120.0,145.0,0.9,10.7,0.57,1012.4,-99.0,0.0,-9.9,-99,-999,新竹縣,10,寶山鄉,076
24.7367,121.0168,寶山,C0D580,2017-02-11T09:00:00+08:00,120.0,79.0,1.0,11.2,0.56,1012.8,-99.0,0.0,-9.9,-99,-999,新竹縣,10,寶山鄉,076
24.7367,121.0168,寶山,C0D580,2017-02-11T10:00:00+08:00,120.0,91.0,0.7,11.4,0.55,1013.6,-99.0,0.0,-9.9,-99,-999,新竹縣,10,寶山鄉,076
24.7367,121.0168,寶山,C0D580,2017-02-11T11:00:00+08:00,120.0,117.0,0.8,11.9,0.54,1013.3,-99.0,0.0,-9.9,-99,-999,新竹縣,10,寶山鄉,076
24.7367,121.0168,寶山,C0D580,2017-02-11T12:00:00+08:00,120.0,108.0,1.2,12.3,0.53,1012.6,-99.0,0.0,-9.9,-99,-999,新竹縣,10,寶山鄉,076
24.7367,121.0168,寶山,C0D580,2017-02-11T13:00:00+08:00,120.0,79.0,0.8,13.5,0.50,1011.4,-99.0,0.0,-9.9,-99,-999,新竹縣,10,寶山鄉,076
24.7367,121.0168,寶山,C0D580,2017-02-11T14:00:00+08:00,120.0,124.0,0.8,13.5,0.51,1011.0,-99.0,0.0,-9.9,-99,-999,新竹縣,10,寶山鄉,076
24.7367,121.0168,寶山,C0D580,2017-02-11T15:00:00+08:00,120.0,155.0,0.8,14.5,0.50,1011.1,-99.0,0.0,-9.9,-99,-999,新竹縣,10,寶山鄉,076
24.7367,121.0168,寶山,C0D580,2017-02-11T16:00:00+08:00,120.0,128.0,0.8,12.5,0.55,1011.2,-99.0,0.0,-9.9,-99,-999,新竹縣,10,寶山鄉,076
24.7367,121.0168,寶山,C0D580,2017-02-11T17:00:00+08:00,120.0,170.0,0.7,11.9,0.56,1011.8,-99.0,0.0,-9.9,-99,-999,新竹縣,10,寶山鄉,076
24.7367,121.0168,寶山,C0D580,2017-02-11T18:00:00+08:00,120.0,96.0,0.7,10.6,0.61,1011.9,-99.0,0.0,-9.9,-99,-999,新竹縣,10,寶山鄉,076
24.7367,121.0168,寶山,C0D580,2017-02-11T19:00:00+08:00,120.0,48.0,0.6,10.2,0.64,1012.3,-99.0,0.0,-9.9,-99,-999,新竹縣,10,寶山鄉,076
24.7367,121.0168,寶山,C0D580,2017-02-11T20:00:00+08:00,120.0,120.0,0.5,9.9,0.64,1012.5,-99.0,0.0,-9.9,-99,-999,新竹縣,10,寶山鄉,076
24.7367,121.0168,寶山,C0D580,2017-02-11T21:00:00+08:00,120.0,92.0,0.5,9.8,0.66,1012.5,-99.0,0.0,-9.9,-99,-999,新竹縣,10,寶山鄉,076
24.7367,121.0168,寶山,C0D580,2017-02-11T22:00:00+08:00,120.0,60.0,0.5,10.4,0.62,1012.6,-99.0,0.0,-9.9,-99,-999,新竹縣,10,寶山鄉,076
24.7367,121.0168,寶山,C0D580,2017-02-11T23:00:00+08:00,120.0,70.0,0.3,10.5,0.64,1012.4,-99.0,0.0,-9.9,-99,-999,新竹縣,10,寶山鄉,076
24.7367,121.0168,寶山,C0D580,2017-02-12T00:00:00+08:00,120.0,79.0,0.3,10.4,0.64,1012.2,-99.0,0.0,-9.9,-99,-999,新竹縣,10,寶山鄉,076
24.7367,121.0168,寶山,C0D580,2017-02-12T01:00:00+08:00,120.0,0.0,0.0,10.8,0.64,1012.1,-99.0,0.0,-9.9,-99,-999,新竹縣,10,寶山鄉,076
24.7367,121.0168,寶山,C0D580,2017-02-12T02:00:00+08:00,120.0,60.0,0.4,11.1,0.61,1011.6,-99.0,0.0,-9.9,-99,-999,新竹縣,10,寶山鄉,076
24.7367,121.0168,寶山,C0D580,2017-02-12T03:00:00+08:00,120.0,0.0,0.0,10.4,0.66,1011.4,-99.0,0.0,-9.9,-99,-999,新竹縣,10,寶山鄉,076
24.7367,121.0168,寶山,C0D580,2017-02-12T04:00:00+08:00,120.0,0.0,0.2,10.3,0.68,1011.5,-99.0,0.0,-9.9,-99,-999,新竹縣,10,寶山鄉,076
24.7367,121.0168,寶山,C0D580,2017-02-12T05:00:00+08:00,120.0,0.0,0.0,9.9,0.69,1011.8,-99.0,0.0,-9.9,-99,-999,新竹縣,10,寶山鄉,076
24.7367,121.0168,寶山,C0D580,2017-02-12T06:00:00+08:00,120.0,125.0,0.3,10.5,0.69,1012.0,-99.0,0.0,-9.9,-99,-999,新竹縣,10,寶山鄉,076
24.7367,121.0168,寶山,C0D580,2017-02-12T07:00:00+08:00,120.0,0.0,0.0,10.6,0.71,1012.6,-99.0,0.0,-9.9,-99,-999,新竹縣,10,寶山鄉,076
24.7367,121.0168,寶山,C0D580,2017-02-12T08:00:00+08:00,120.0,0.0,0.2,12.0,0.67,1012.7,-99.0,0.0,-9.9,-99,-999,新竹縣,10,寶山鄉,076
24.7367,121.0168,寶山,C0D580,2017-02-12T10:00:00+08:00,120.0,112.0,0.5,15.9,0.54,1013.0,-99.0,0.0,-9.9,-99,-999,新竹縣,10,寶山鄉,076
24.7367,121.0168,寶山,C0D580,2017-02-12T11:00:00+08:00,120.0,134.0,0.6,17.9,0.50,1012.5,-99.0,0.0,-9.9,-99,-999,新竹縣,10,寶山鄉,076
24.7367,121.0168,寶山,C0D580,2017-02-12T12:00:00+08:00,120.0,148.0,0.8,18.2,0.47,1012.0,-99.0,0.0,-9.9,-99,-999,新竹縣,10,寶山鄉,076
24.7367,121.0168,寶山,C0D580,2017-02-12T13:00:00+08:00,120.0,112.0,0.7,19.6,0.45,1011.1,-99.0,0.0,-9.9,-99,-999,新竹縣,10,寶山鄉,076
24.7367,121.0168,寶山,C0D580,2017-02-12T14:00:00+08:00,120.0,139.0,0.6,19.4,0.45,1010.2,-99.0,0.0,-9.9,-99,-999,新竹縣,10,寶山鄉,076
24.7367,121.0168,寶山,C0D580,2017-02-12T15:00:00+08:00,120.0,141.0,0.5,18.4,0.47,1009.9,-99.0,0.0,-9.9,-99,-999,新竹縣,10,寶山鄉,076
24.7367,121.0168,寶山,C0D580,2017-02-12T16:00:00+08:00,120.0,120.0,0.7,16.2,0.55,1010.4,-99.0,0.0,-9.9,-99,-999,新竹縣,10,寶山鄉,076
24.7367,121.0168,寶山,C0D580,2017-02-12T17:00:00+08:00,120.0,84.0,0.6,15.0,0.59,1010.9,-99.0,0.0,-9.9,-99,-999,新竹縣,10,寶山鄉,076
24.7367,121.0168,寶山,C0D580,2017-02-12T18:00:00+08:00,120.0,0.0,0.2,13.7,0.63,1011.0,-99.0,0.0,-9.9,-99,-999,新竹縣,10,寶山鄉,076
24.7367,121.0168,寶山,C0D580,2017-02-12T19:00:00+08:00,120.0,125.0,0.3,13.4,0.65,1011.2,-99.0,0.0,-9.9,-99,-999,新竹縣,10,寶山鄉,076
24.7367,121.0168,寶山,C0D580,2017-02-12T20:00:00+08:00,120.0,0.0,0.0,13.2,0.66,1011.6,-99.0,0.0,-9.9,-99,-999,新竹縣,10,寶山鄉,076
24.7367,121.0168,寶山,C0D580,2017-02-12T21:00:00+08:00,120.0,0.0,0.0,12.9,0.68,1011.8,-99.0,0.0,-9.9,-99,-999,新竹縣,10,寶山鄉,076
24.7367,121.0168,寶山,C0D580,2017-02-12T22:00:00+08:00,120.0,0.0,0.0,12.9,0.69,1012.0,-99.0,0.0,-9.9,-99,-999,新竹縣,10,寶山鄉,076
24.7367,121.0168,寶山,C0D580,2017-02-12T23:00:00+08:00,120.0,0.0,0.0,13.3,0.69,1012.0,-99.0,0.0,-9.9,-99,-999,新竹縣,10,寶山鄉,076
24.7367,121.0168,寶山,C0D580,2017-02-13T00:00:00+08:00,120.0,0.0,0.0,13.5,0.68,1012.0,-99.0,0.0,-9.9,-99,-999,新竹縣,10,寶山鄉,076
24.7367,121.0168,寶山,C0D580,2017-02-13T01:00:00+08:00,120.0,0.0,0.0,13.1,0.72,1011.8,-99.0,0.0,-9.9,-99,-999,新竹縣,10,寶山鄉,076
24.7367,121.0168,寶山,C0D580,2017-02-13T02:00:00+08:00,120.0,0.0,0.0,12.9,0.73,1011.7,-99.0,0.0,-9.9,-99,-999,新竹縣,10,寶山鄉,076
24.7367,121.0168,寶山,C0D580,2017-02-13T03:00:00+08:00,120.0,0.0,0.0,12.3,0.76,1011.6,-99.0,0.0,-9.9,-99,-999,新竹縣,10,寶山鄉,076
24.7367,121.0168,寶山,C0D580,2017-02-13T04:00:00+08:00,120.0,0.0,0.0,11.5,0.80,1011.6,-99.0,0.0,-9.9,-99,-999,新竹縣,10,寶山鄉,076
24.7367,121.0168,寶山,C0D580,2017-02-13T05:00:00+08:00,120.0,0.0,0.0,11.0,0.82,1011.9,-99.0,0.0,-9.9,-99,-999,新竹縣,10,寶山鄉,076
24.7367,121.0168,寶山,C0D580,2017-02-13T06:00:00+08:00,120.0,0.0,0.0,10.0,0.87,1012.3,-99.0,0.0,-9.9,-99,-999,新竹縣,10,寶山鄉,076
24.7367,121.0168,寶山,C0D580,2017-02-13T07:00:00+08:00,120.0,0.0,0.0,9.8,0.88,1012.9,-99.0,0.0,-9.9,-99,-999,新竹縣,10,寶山鄉,076
24.7367,121.0168,寶山,C0D580,2017-02-13T08:00:00+08:00,120.0,0.0,0.0,12.6,0.77,1013.5,-99.0,0.0,-9.9,-99,-999,新竹縣,10,寶山鄉,076
24.7367,121.0168,寶山,C0D580,2017-02-13T10:00:00+08:00,120.0,114.0,0.4,18.7,0.53,1013.5,-99.0,0.0,-9.9,-99,-999,新竹縣,10,寶山鄉,076
24.7367,121.0168,寶山,C0D580,2017-02-13T11:00:00+08:00,120.0,2.0,0.5,20.5,0.48,1013.1,-99.0,0.0,-9.9,-99,-999,新竹縣,10,寶山鄉,076
24.7367,121.0168,寶山,C0D580,2017-02-13T12:00:00+08:00,120.0,172.0,0.5,22.6,0.43,1012.5,-99.0,0.0,-9.9,-99,-999,新竹縣,10,寶山鄉,076
24.7367,121.0168,寶山,C0D580,2017-02-13T13:00:00+08:00,120.0,66.0,0.4,23.2,0.42,1011.7,-99.0,0.0,-9.9,-99,-999,新竹縣,10,寶山鄉,076
24.7367,121.0168,寶山,C0D580,2017-02-13T14:00:00+08:00,120.0,244.0,0.7,21.8,0.45,1011.4,-99.0,0.0,-9.9,-99,-999,新竹縣,10,寶山鄉,076
24.7367,121.0168,寶山,C0D580,2017-02-13T15:00:00+08:00,120.0,138.0,0.5,21.2,0.49,1011.5,-99.0,0.0,-9.9,-99,-999,新竹縣,10,寶山鄉,076
24.7367,121.0168,寶山,C0D580,2017-02-13T16:00:00+08:00,120.0,198.0,0.5,19.8,0.53,1011.6,-99.0,0.0,-9.9,-99,-999,新竹縣,10,寶山鄉,076
24.7367,121.0168,寶山,C0D580,2017-02-13T17:00:00+08:00,120.0,167.0,0.4,18.0,0.59,1011.9,-99.0,0.0,-9.9,-99,-999,新竹縣,10,寶山鄉,076
24.7367,121.0168,寶山,C0D580,2017-02-13T18:00:00+08:00,120.0,119.0,0.4,15.5,0.66,1012.4,-99.0,0.0,-9.9,-99,-999,新竹縣,10,寶山鄉,076
24.7367,121.0168,寶山,C0D580,2017-02-13T19:00:00+08:00,120.0,97.0,0.3,14.3,0.71,1012.9,-99.0,0.0,-9.9,-99,-999,新竹縣,10,寶山鄉,076
24.7367,121.0168,寶山,C0D580,2017-02-13T20:00:00+08:00,120.0,0.0,0.0,13.7,0.74,1013.6,-99.0,0.0,-9.9,-99,-999,新竹縣,10,寶山鄉,076
24.7367,121.0168,寶山,C0D580,2017-02-13T21:00:00+08:00,120.0,0.0,0.2,13.4,0.75,1014.0,-99.0,0.0,-9.9,-99,-999,新竹縣,10,寶山鄉,076
24.7367,121.0168,寶山,C0D580,2017-02-13T22:00:00+08:00,120.0,0.0,0.0,13.2,0.75,1014.0,-99.0,0.0,-9.9,-99,-999,新竹縣,10,寶山鄉,076
24.7367,121.0168,寶山,C0D580,2017-02-13T23:00:00+08:00,120.0,0.0,0.0,12.9,0.77,1014.2,-99.0,0.0,-9.9,-99,-999,新竹縣,10,寶山鄉,076
24.7367,121.0168,寶山,C0D580,2017-02-14T00:00:00+08:00,120.0,0.0,0.0,12.8,0.76,1014.2,-99.0,0.0,-9.9,-99,-999,新竹縣,10,寶山鄉,076
24.7367,121.0168,寶山,C0D580,2017-02-14T02:00:00+08:00,120.0,0.0,0.0,12.4,0.77,1013.7,-99.0,0.0,-9.9,-99,-999,新竹縣,10,寶山鄉,076
24.7367,121.0168,寶山,C0D580,2017-02-14T03:00:00+08:00,120.0,0.0,0.2,12.6,0.75,1013.4,-99.0,0.0,-9.9,-99,-999,新竹縣,10,寶山鄉,076
24.7367,121.0168,寶山,C0D580,2017-02-14T04:00:00+08:00,120.0,0.0,0.0,12.1,0.76,1013.4,-99.0,0.0,-9.9,-99,-999,新竹縣,10,寶山鄉,076
24.7367,121.0168,寶山,C0D580,2017-02-14T05:00:00+08:00,120.0,0.0,0.2,12.2,0.76,1013.7,-99.0,0.0,-9.9,-99,-999,新竹縣,10,寶山鄉,076
24.7367,121.0168,寶山,C0D580,2017-02-14T06:00:00+08:00,120.0,0.0,0.0,12.2,0.73,1014.4,-99.0,0.0,-9.9,-99,-999,新竹縣,10,寶山鄉,076
24.7367,121.0168,寶山,C0D580,2017-02-14T07:00:00+08:00,120.0,0.0,0.0,12.0,0.74,1015.0,-99.0,0.0,-9.9,-99,-999,新竹縣,10,寶山鄉,076
24.7367,121.0168,寶山,C0D580,2017-02-14T08:00:00+08:00,120.0,0.0,0.2,13.8,0.66,1015.6,-99.0,0.0,-9.9,-99,-999,新竹縣,10,寶山鄉,076
24.7367,121.0168,寶山,C0D580,2017-02-14T09:00:00+08:00,120.0,127.0,0.5,17.0,0.55,1015.8,-99.0,0.0,-9.9,-99,-999,新竹縣,10,寶山鄉,076
24.7367,121.0168,寶山,C0D580,2017-02-14T10:00:00+08:00,120.0,106.0,0.5,18.9,0.48,1015.8,-99.0,0.0,-9.9,-99,-999,新竹縣,10,寶山鄉,076
24.7367,121.0168,寶山,C0D580,2017-02-14T11:00:00+08:00,120.0,102.0,0.5,21.1,0.44,1015.3,-99.0,0.0,-9.9,-99,-999,新竹縣,10,寶山鄉,076
24.7367,121.0168,寶山,C0D580,2017-02-14T12:00:00+08:00,120.0,204.0,0.5,23.3,0.37,1014.3,-99.0,0.0,-9.9,-99,-999,新竹縣,10,寶山鄉,076
24.7367,121.0168,寶山,C0D580,2017-02-14T13:00:00+08:00,120.0,205.0,0.6,23.6,0.37,1013.7,-99.0,0.0,-9.9,-99,-999,新竹縣,10,寶山鄉,076
24.7367,121.0168,寶山,C0D580,2017-02-14T14:00:00+08:00,120.0,241.0,0.7,23.1,0.38,1012.9,-99.0,0.0,-9.9,-99,-999,新竹縣,10,寶山鄉,076
24.7367,121.0168,寶山,C0D580,2017-02-14T15:00:00+08:00,120.0,284.0,0.8,22.0,0.41,1012.8,-99.0,0.0,-9.9,-99,-999,新竹縣,10,寶山鄉,076
24.7367,121.0168,寶山,C0D580,2017-02-14T16:00:00+08:00,120.0,145.0,0.3,19.6,0.49,1012.8,-99.0,0.0,-9.9,-99,-999,新竹縣,10,寶山鄉,076
24.7367,121.0168,寶山,C0D580,2017-02-14T17:00:00+08:00,120.0,0.0,0.2,18.4,0.52,1013.1,-99.0,0.0,-9.9,-99,-999,新竹縣,10,寶山鄉,076
24.7367,121.0168,寶山,C0D580,2017-02-14T18:00:00+08:00,120.0,0.0,0.0,16.3,0.58,1013.3,-99.0,0.0,-9.9,-99,-999,新竹縣,10,寶山鄉,076
24.7367,121.0168,寶山,C0D580,2017-02-14T19:00:00+08:00,120.0,99.0,0.3,15.4,0.61,1013.5,-99.0,0.0,-9.9,-99,-999,新竹縣,10,寶山鄉,076
24.7367,121.0168,寶山,C0D580,2017-02-14T20:00:00+08:00,120.0,87.0,0.3,14.6,0.65,1013.9,-99.0,0.0,-9.9,-99,-999,新竹縣,10,寶山鄉,076
24.7367,121.0168,寶山,C0D580,2017-02-14T21:00:00+08:00,120.0,0.0,0.0,12.8,0.73,1014.0,-99.0,0.0,-9.9,-99,-999,新竹縣,10,寶山鄉,076
24.7367,121.0168,寶山,C0D580,2017-02-14T22:00:00+08:00,120.0,0.0,0.0,11.1,0.82,1014.2,-99.0,0.0,-9.9,-99,-999,新竹縣,10,寶山鄉,076
24.7367,121.0168,寶山,C0D580,2017-02-14T23:00:00+08:00,120.0,0.0,0.0,10.0,0.88,1014.1,-99.0,0.0,-9.9,-99,-999,新竹縣,10,寶山鄉,076
24.7367,121.0168,寶山,C0D580,2017-02-15T00:00:00+08:00,120.0,0.0,0.0,9.1,0.91,1013.7,-99.0,0.0,-9.9,-99,-999,新竹縣,10,寶山鄉,076
24.7367,121.0168,寶山,C0D580,2017-02-15T01:00:00+08:00,120.0,0.0,0.0,8.8,0.92,1013.5,-99.0,0.0,-9.9,-99,-999,新竹縣,10,寶山鄉,076
24.7367,121.0168,寶山,C0D580,2017-02-15T02:00:00+08:00,120.0,0.0,0.0,8.3,0.93,1013.1,-99.0,0.0,-9.9,-99,-999,新竹縣,10,寶山鄉,076
24.7367,121.0168,寶山,C0D580,2017-02-15T03:00:00+08:00,120.0,0.0,0.0,8.2,0.94,1012.6,-99.0,0.0,-9.9,-99,-999,新竹縣,10,寶山鄉,076
24.7367,121.0168,寶山,C0D580,2017-02-15T04:00:00+08:00,120.0,0.0,0.0,8.4,0.94,1012.2,-99.0,0.0,-9.9,-99,-999,新竹縣,10,寶山鄉,076
24.7367,121.0168,寶山,C0D580,2017-02-15T05:00:00+08:00,120.0,0.0,0.0,8.7,0.94,1012.4,-99.0,0.0,-9.9,-99,-999,新竹縣,10,寶山鄉,076
24.7367,121.0168,寶山,C0D580,2017-02-15T06:00:00+08:00,120.0,0.0,0.0,8.3,0.94,1013.0,-99.0,0.0,-9.9,-99,-999,新竹縣,10,寶山鄉,076
24.7367,121.0168,寶山,C0D580,2017-02-15T07:00:00+08:00,120.0,0.0,0.0,8.6,0.94,1013.6,-99.0,0.0,-9.9,-99,-999,新竹縣,10,寶山鄉,076
24.7367,121.0168,寶山,C0D580,2017-02-15T08:00:00+08:00,120.0,0.0,0.0,11.0,0.90,1013.7,-99.0,0.0,-9.9,-99,-999,新竹縣,10,寶山鄉,076
24.7367,121.0168,寶山,C0D580,2017-02-15T10:00:00+08:00,120.0,0.0,0.0,18.5,0.60,1013.7,-99.0,0.0,-9.9,-99,-999,新竹縣,10,寶山鄉,076
24.7367,121.0168,寶山,C0D580,2017-02-15T11:00:00+08:00,120.0,312.0,0.4,20.2,0.53,1013.2,-99.0,0.0,-9.9,-99,-999,新竹縣,10,寶山鄉,076
24.7367,121.0168,寶山,C0D580,2017-02-15T12:00:00+08:00,120.0,286.0,0.6,21.0,0.52,1012.3,-99.0,0.0,-9.9,-99,-999,新竹縣,10,寶山鄉,076
24.7367,121.0168,寶山,C0D580,2017-02-15T13:00:00+08:00,120.0,240.0,0.6,22.2,0.48,1011.2,-99.0,0.0,-9.9,-99,-999,新竹縣,10,寶山鄉,076
24.7367,121.0168,寶山,C0D580,2017-02-15T14:00:00+08:00,120.0,290.0,0.6,19.6,0.57,1010.7,-99.0,0.0,-9.9,-99,-999,新竹縣,10,寶山鄉,076
24.7367,121.0168,寶山,C0D580,2017-02-15T15:00:00+08:00,120.0,294.0,0.6,18.9,0.58,1010.2,-99.0,0.0,-9.9,-99,-999,新竹縣,10,寶山鄉,076
24.7367,121.0168,寶山,C0D580,2017-02-15T16:00:00+08:00,120.0,0.0,0.2,18.9,0.59,1010.2,-99.0,0.0,-9.9,-99,-999,新竹縣,10,寶山鄉,076
24.7367,121.0168,寶山,C0D580,2017-02-15T17:00:00+08:00,120.0,0.0,0.0,18.1,0.63,1010.2,-99.0,0.0,-9.9,-99,-999,新竹縣,10,寶山鄉,076
24.7367,121.0168,寶山,C0D580,2017-02-15T18:00:00+08:00,120.0,0.0,0.0,16.8,0.83,1010.5,-99.0,0.0,-9.9,-99,-999,新竹縣,10,寶山鄉,076
24.7367,121.0168,寶山,C0D580,2017-02-15T19:00:00+08:00,120.0,0.0,0.0,15.2,0.90,1010.7,-99.0,0.0,-9.9,-99,-999,新竹縣,10,寶山鄉,076
24.7367,121.0168,寶山,C0D580,2017-02-15T20:00:00+08:00,120.0,0.0,0.0,14.1,0.92,1010.8,-99.0,0.0,-9.9,-99,-999,新竹縣,10,寶山鄉,076
24.7367,121.0168,寶山,C0D580,2017-02-15T21:00:00+08:00,120.0,0.0,0.0,13.1,0.93,1010.5,-99.0,0.0,-9.9,-99,-999,新竹縣,10,寶山鄉,076
24.7367,121.0168,寶山,C0D580,2017-02-15T22:00:00+08:00,120.0,0.0,0.0,12.2,0.95,1010.6,-99.0,0.0,-9.9,-99,-999,新竹縣,10,寶山鄉,076
24.7367,121.0168,寶山,C0D580,2017-02-15T23:00:00+08:00,120.0,0.0,0.0,11.3,0.95,1010.1,-99.0,0.0,-9.9,-99,-999,新竹縣,10,寶山鄉,076
24.7367,121.0168,寶山,C0D580,2017-02-16T00:00:00+08:00,120.0,0.0,0.0,11.0,0.94,1009.6,-99.0,0.0,-9.9,-99,-999,新竹縣,10,寶山鄉,076
24.7367,121.0168,寶山,C0D580,2017-02-16T01:00:00+08:00,120.0,0.0,0.0,10.4,0.95,1009.5,-99.0,0.0,-9.9,-99,-999,新竹縣,10,寶山鄉,076
24.7367,121.0168,寶山,C0D580,2017-02-16T02:00:00+08:00,120.0,0.0,0.0,12.1,0.96,1009.4,-99.0,0.0,-9.9,-99,-999,新竹縣,10,寶山鄉,076
24.7367,121.0168,寶山,C0D580,2017-02-16T03:00:00+08:00,120.0,0.0,0.0,12.7,0.96,1009.3,-99.0,0.0,-9.9,-99,-999,新竹縣,10,寶山鄉,076
24.7367,121.0168,寶山,C0D580,2017-02-16T04:00:00+08:00,120.0,0.0,0.0,12.7,0.95,1008.7,-99.0,0.0,-9.9,-99,-999,新竹縣,10,寶山鄉,076
24.7367,121.0168,寶山,C0D580,2017-02-16T05:00:00+08:00,120.0,0.0,0.0,12.6,0.94,1008.8,-99.0,0.0,-9.9,-99,-999,新竹縣,10,寶山鄉,076
24.7367,121.0168,寶山,C0D580,2017-02-16T06:00:00+08:00,120.0,0.0,0.0,12.3,0.94,1008.8,-99.0,0.0,-9.9,-99,-999,新竹縣,10,寶山鄉,076
24.7367,121.0168,寶山,C0D580,2017-02-16T07:00:00+08:00,120.0,0.0,0.0,12.4,0.93,1009.3,-99.0,0.0,-9.9,-99,-999,新竹縣,10,寶山鄉,076
24.7367,121.0168,寶山,C0D580,2017-02-16T08:00:00+08:00,120.0,0.0,0.0,13.5,0.89,1009.4,-99.0,0.0,-9.9,-99,-999,新竹縣,10,寶山鄉,076
24.7367,121.0168,寶山,C0D580,2017-02-16T09:00:00+08:00,120.0,0.0,0.0,14.7,0.83,1009.7,-99.0,0.0,-9.9,-99,-999,新竹縣,10,寶山鄉,076
24.7367,121.0168,寶山,C0D580,2017-02-16T10:00:00+08:00,120.0,0.0,0.0,16.2,0.74,1009.6,-99.0,0.0,-9.9,-99,-999,新竹縣,10,寶山鄉,076
24.7367,121.0168,寶山,C0D580,2017-02-16T11:00:00+08:00,120.0,209.0,0.3,18.9,0.64,1008.9,-99.0,0.0,-9.9,-99,-999,新竹縣,10,寶山鄉,076
24.7367,121.0168,寶山,C0D580,2017-02-16T12:00:00+08:00,120.0,272.0,0.5,21.6,0.51,1007.9,-99.0,0.0,-9.9,-99,-999,新竹縣,10,寶山鄉,076
24.7367,121.0168,寶山,C0D580,2017-02-16T13:00:00+08:00,120.0,295.0,0.9,22.2,0.46,1006.9,-99.0,0.0,-9.9,-99,-999,新竹縣,10,寶山鄉,076
24.7367,121.0168,寶山,C0D580,2017-02-16T14:00:00+08:00,120.0,290.0,0.9,21.8,0.41,1006.4,-99.0,0.0,-9.9,-99,-999,新竹縣,10,寶山鄉,076
24.7367,121.0168,寶山,C0D580,2017-02-16T15:00:00+08:00,120.0,299.0,0.9,21.5,0.38,1006.2,-99.0,0.0,-9.9,-99,-999,新竹縣,10,寶山鄉,076
24.7367,121.0168,寶山,C0D580,2017-02-16T16:00:00+08:00,120.0,295.0,0.7,21.1,0.36,1006.1,-99.0,0.0,-9.9,-99,-999,新竹縣,10,寶山鄉,076
24.7367,121.0168,寶山,C0D580,2017-02-16T17:00:00+08:00,120.0,0.0,0.0,20.3,0.46,1006.4,-99.0,0.0,-9.9,-99,-999,新竹縣,10,寶山鄉,076
24.7367,121.0168,寶山,C0D580,2017-02-16T18:00:00+08:00,120.0,0.0,0.0,16.9,0.66,1006.7,-99.0,0.0,-9.9,-99,-999,新竹縣,10,寶山鄉,076
24.7367,121.0168,寶山,C0D580,2017-02-16T19:00:00+08:00,120.0,0.0,0.0,14.1,0.79,1006.9,-99.0,0.0,-9.9,-99,-999,新竹縣,10,寶山鄉,076
24.7367,121.0168,寶山,C0D580,2017-02-16T20:00:00+08:00,120.0,0.0,0.0,12.7,0.86,1007.6,-99.0,0.0,-9.9,-99,-999,新竹縣,10,寶山鄉,076
24.7367,121.0168,寶山,C0D580,2017-02-16T21:00:00+08:00,120.0,0.0,0.0,12.1,0.87,1007.8,-99.0,0.0,-9.9,-99,-999,新竹縣,10,寶山鄉,076
24.7367,121.0168,寶山,C0D580,2017-02-16T22:00:00+08:00,120.0,0.0,0.0,11.6,0.90,1008.1,-99.0,0.0,-9.9,-99,-999,新竹縣,10,寶山鄉,076
24.7367,121.0168,寶山,C0D580,2017-02-16T23:00:00+08:00,120.0,0.0,0.0,11.8,0.91,1007.7,-99.0,0.0,-9.9,-99,-999,新竹縣,10,寶山鄉,076
24.7367,121.0168,寶山,C0D580,2017-02-17T00:00:00+08:00,120.0,0.0,0.0,11.7,0.92,1007.6,-99.0,0.0,-9.9,-99,-999,新竹縣,10,寶山鄉,076
24.7367,121.0168,寶山,C0D580,2017-02-17T01:00:00+08:00,120.0,0.0,0.0,11.2,0.92,1007.3,-99.0,0.0,-9.9,-99,-999,新竹縣,10,寶山鄉,076
24.7367,121.0168,寶山,C0D580,2017-02-17T02:00:00+08:00,120.0,0.0,0.0,10.9,0.93,1007.0,-99.0,0.0,-9.9,-99,-999,新竹縣,10,寶山鄉,076
24.7367,121.0168,寶山,C0D580,2017-02-17T03:00:00+08:00,120.0,0.0,0.0,10.8,0.92,1007.2,-99.0,0.0,-9.9,-99,-999,新竹縣,10,寶山鄉,076
24.7367,121.0168,寶山,C0D580,2017-02-17T04:00:00+08:00,120.0,0.0,0.0,10.0,0.93,1007.2,-99.0,0.0,-9.9,-99,-999,新竹縣,10,寶山鄉,076
24.7367,121.0168,寶山,C0D580,2017-02-17T05:00:00+08:00,120.0,82.0,0.3,10.1,0.94,1007.3,-99.0,0.0,-9.9,-99,-999,新竹縣,10,寶山鄉,076
24.7367,121.0168,寶山,C0D580,2017-02-17T06:00:00+08:00,120.0,89.0,0.3,10.2,0.95,1007.8,-99.0,0.0,-9.9,-99,-999,新竹縣,10,寶山鄉,076
24.7367,121.0168,寶山,C0D580,2017-02-17T07:00:00+08:00,120.0,0.0,0.0,10.1,0.94,1008.5,-99.0,0.0,-9.9,-99,-999,新竹縣,10,寶山鄉,076
24.7367,121.0168,寶山,C0D580,2017-02-17T08:00:00+08:00,120.0,0.0,0.0,14.1,0.88,1008.9,-99.0,0.0,-9.9,-99,-999,新竹縣,10,寶山鄉,076
24.7367,121.0168,寶山,C0D580,2017-02-17T10:00:00+08:00,120.0,0.0,0.0,21.9,0.51,1009.1,-99.0,0.0,-9.9,-99,-999,新竹縣,10,寶山鄉,076
24.7367,121.0168,寶山,C0D580,2017-02-17T11:00:00+08:00,120.0,301.0,0.3,24.3,0.44,1008.3,-99.0,0.0,-9.9,-99,-999,新竹縣,10,寶山鄉,076
24.7367,121.0168,寶山,C0D580,2017-02-17T12:00:00+08:00,120.0,274.0,0.5,25.2,0.42,1007.3,-99.0,0.0,-9.9,-99,-999,新竹縣,10,寶山鄉,076
24.7367,121.0168,寶山,C0D580,2017-02-17T13:00:00+08:00,120.0,232.0,0.5,24.6,0.42,1006.8,-99.0,0.0,-9.9,-99,-999,新竹縣,10,寶山鄉,076
24.7367,121.0168,寶山,C0D580,2017-02-17T14:00:00+08:00,120.0,246.0,0.5,24.6,0.43,1006.3,-99.0,0.0,-9.9,-99,-999,新竹縣,10,寶山鄉,076
24.7367,121.0168,寶山,C0D580,2017-02-17T15:00:00+08:00,120.0,204.0,0.3,24.3,0.46,1006.3,-99.0,0.0,-9.9,-99,-999,新竹縣,10,寶山鄉,076
24.7367,121.0168,寶山,C0D580,2017-02-17T16:00:00+08:00,120.0,0.0,0.0,22.7,0.58,1006.2,-99.0,0.0,-9.9,-99,-999,新竹縣,10,寶山鄉,076
24.7367,121.0168,寶山,C0D580,2017-02-17T17:00:00+08:00,120.0,265.0,0.3,21.1,0.63,1006.5,-99.0,0.0,-9.9,-99,-999,新竹縣,10,寶山鄉,076
24.7367,121.0168,寶山,C0D580,2017-02-17T18:00:00+08:00,120.0,0.0,0.0,19.6,0.71,1006.7,-99.0,0.0,-9.9,-99,-999,新竹縣,10,寶山鄉,076
24.7367,121.0168,寶山,C0D580,2017-02-17T19:00:00+08:00,120.0,0.0,0.0,17.1,0.83,1007.4,-99.0,0.0,-9.9,-99,-999,新竹縣,10,寶山鄉,076
24.7367,121.0168,寶山,C0D580,2017-02-17T20:00:00+08:00,120.0,0.0,0.0,16.2,0.86,1008.0,-99.0,0.0,-9.9,-99,-999,新竹縣,10,寶山鄉,076
24.7367,121.0168,寶山,C0D580,2017-02-17T21:00:00+08:00,120.0,0.0,0.0,14.8,0.91,1008.0,-99.0,0.0,-9.9,-99,-999,新竹縣,10,寶山鄉,076
24.7367,121.0168,寶山,C0D580,2017-02-17T22:00:00+08:00,120.0,0.0,0.0,14.5,0.91,1008.5,-99.0,0.0,-9.9,-99,-999,新竹縣,10,寶山鄉,076
24.7367,121.0168,寶山,C0D580,2017-02-17T23:00:00+08:00,120.0,0.0,0.0,14.2,0.92,1008.7,-99.0,0.0,-9.9,-99,-999,新竹縣,10,寶山鄉,076
24.7367,121.0168,寶山,C0D580,2017-02-18T00:00:00+08:00,120.0,0.0,0.0,13.6,0.94,1008.9,-99.0,0.0,-9.9,-99,-999,新竹縣,10,寶山鄉,076
24.7367,121.0168,寶山,C0D580,2017-02-18T01:00:00+08:00,120.0,0.0,0.0,13.0,0.93,1008.6,-99.0,0.0,-9.9,-99,-999,新竹縣,10,寶山鄉,076
24.7367,121.0168,寶山,C0D580,2017-02-18T02:00:00+08:00,120.0,0.0,0.0,13.3,0.94,1008.7,-99.0,0.0,-9.9,-99,-999,新竹縣,10,寶山鄉,076
24.7367,121.0168,寶山,C0D580,2017-02-18T03:00:00+08:00,120.0,0.0,0.0,14.0,0.94,1008.7,-99.0,0.0,-9.9,-99,-999,新竹縣,10,寶山鄉,076
24.7367,121.0168,寶山,C0D580,2017-02-18T04:00:00+08:00,120.0,0.0,0.0,14.3,0.94,1008.7,-99.0,0.0,-9.9,-99,-999,新竹縣,10,寶山鄉,076
24.7367,121.0168,寶山,C0D580,2017-02-18T05:00:00+08:00,120.0,0.0,0.0,14.5,0.96,1008.9,-99.0,0.0,-9.9,-99,-999,新竹縣,10,寶山鄉,076
24.7367,121.0168,寶山,C0D580,2017-02-18T06:00:00+08:00,120.0,0.0,0.0,14.9,0.96,1009.8,-99.0,0.0,-9.9,-99,-999,新竹縣,10,寶山鄉,076
24.7367,121.0168,寶山,C0D580,2017-02-18T07:00:00+08:00,120.0,0.0,0.0,14.9,0.97,1010.2,-99.0,0.0,-9.9,-99,-999,新竹縣,10,寶山鄉,076
24.7367,121.0168,寶山,C0D580,2017-02-18T08:00:00+08:00,120.0,0.0,0.0,15.5,0.97,1010.3,-99.0,0.0,-9.9,-99,-999,新竹縣,10,寶山鄉,076
24.7367,121.0168,寶山,C0D580,2017-02-18T10:00:00+08:00,120.0,0.0,0.0,17.5,0.89,1010.2,-99.0,0.0,-9.9,-99,-999,新竹縣,10,寶山鄉,076
24.7367,121.0168,寶山,C0D580,2017-02-18T11:00:00+08:00,120.0,229.0,0.3,20.2,0.76,1009.4,-99.0,0.0,-9.9,-99,-999,新竹縣,10,寶山鄉,076
24.7367,121.0168,寶山,C0D580,2017-02-18T12:00:00+08:00,120.0,356.0,0.6,21.3,0.70,1008.5,-99.0,0.0,-9.9,-99,-999,新竹縣,10,寶山鄉,076
24.7367,121.0168,寶山,C0D580,2017-02-18T13:00:00+08:00,120.0,279.0,0.6,21.2,0.68,1007.5,-99.0,0.0,-9.9,-99,-999,新竹縣,10,寶山鄉,076
24.7367,121.0168,寶山,C0D580,2017-02-18T14:00:00+08:00,120.0,215.0,0.7,21.3,0.67,1007.0,-99.0,0.0,-9.9,-99,-999,新竹縣,10,寶山鄉,076
24.7367,121.0168,寶山,C0D580,2017-02-18T15:00:00+08:00,120.0,259.0,0.6,21.7,0.67,1006.4,-99.0,0.0,-9.9,-99,-999,新竹縣,10,寶山鄉,076
24.7367,121.0168,寶山,C0D580,2017-02-18T16:00:00+08:00,120.0,148.0,0.4,21.5,0.66,1006.8,-99.0,0.0,-9.9,-99,-999,新竹縣,10,寶山鄉,076
24.7367,121.0168,寶山,C0D580,2017-02-18T17:00:00+08:00,120.0,233.0,0.4,19.9,0.71,1007.8,-99.0,0.0,-9.9,-99,-999,新竹縣,10,寶山鄉,076
24.7367,121.0168,寶山,C0D580,2017-02-18T18:00:00+08:00,120.0,86.0,0.5,18.7,0.73,1008.3,-99.0,0.0,-9.9,-99,-999,新竹縣,10,寶山鄉,076
24.7367,121.0168,寶山,C0D580,2017-02-18T19:00:00+08:00,120.0,98.0,0.5,17.7,0.77,1008.3,-99.0,0.0,-9.9,-99,-999,新竹縣,10,寶山鄉,076
24.7367,121.0168,寶山,C0D580,2017-02-18T20:00:00+08:00,120.0,91.0,0.5,17.1,0.79,1008.0,-99.0,0.0,-9.9,-99,-999,新竹縣,10,寶山鄉,076
24.7367,121.0168,寶山,C0D580,2017-02-18T21:00:00+08:00,120.0,124.0,0.6,17.0,0.79,1007.3,-99.0,0.0,-9.9,-99,-999,新竹縣,10,寶山鄉,076
24.7367,121.0168,寶山,C0D580,2017-02-18T22:00:00+08:00,120.0,103.0,0.4,16.6,0.80,1007.4,-99.0,0.0,-9.9,-99,-999,新竹縣,10,寶山鄉,076
24.7367,121.0168,寶山,C0D580,2017-02-18T23:00:00+08:00,120.0,79.0,0.5,16.6,0.78,1007.0,-99.0,0.0,-9.9,-99,-999,新竹縣,10,寶山鄉,076
24.7367,121.0168,寶山,C0D580,2017-02-19T00:00:00+08:00,120.0,107.0,0.3,16.3,0.77,1007.1,-99.0,0.0,-9.9,-99,-999,新竹縣,10,寶山鄉,076
24.7367,121.0168,寶山,C0D580,2017-02-19T01:00:00+08:00,120.0,0.0,0.0,15.6,0.79,1006.9,-99.0,0.0,-9.9,-99,-999,新竹縣,10,寶山鄉,076
24.7367,121.0168,寶山,C0D580,2017-02-19T02:00:00+08:00,120.0,0.0,0.0,14.9,0.81,1006.8,-99.0,0.0,-9.9,-99,-999,新竹縣,10,寶山鄉,076
24.7367,121.0168,寶山,C0D580,2017-02-19T03:00:00+08:00,120.0,0.0,0.0,13.0,0.91,1006.1,-99.0,0.0,-9.9,-99,-999,新竹縣,10,寶山鄉,076
24.7367,121.0168,寶山,C0D580,2017-02-19T04:00:00+08:00,120.0,0.0,0.0,12.1,0.93,1005.2,-99.0,0.0,-9.9,-99,-999,新竹縣,10,寶山鄉,076
24.7367,121.0168,寶山,C0D580,2017-02-19T05:00:00+08:00,120.0,0.0,0.0,11.4,0.94,1005.1,-99.0,0.0,-9.9,-99,-999,新竹縣,10,寶山鄉,076
24.7367,121.0168,寶山,C0D580,2017-02-19T06:00:00+08:00,120.0,0.0,0.0,10.5,0.95,1005.4,-99.0,0.0,-9.9,-99,-999,新竹縣,10,寶山鄉,076
24.7367,121.0168,寶山,C0D580,2017-02-19T07:00:00+08:00,120.0,0.0,0.0,10.7,0.95,1005.8,-99.0,0.0,-9.9,-99,-999,新竹縣,10,寶山鄉,076
24.7367,121.0168,寶山,C0D580,2017-02-19T08:00:00+08:00,120.0,0.0,0.0,12.8,0.92,1006.3,-99.0,0.0,-9.9,-99,-999,新竹縣,10,寶山鄉,076
24.7367,121.0168,寶山,C0D580,2017-02-19T10:00:00+08:00,120.0,0.0,0.0,20.3,0.68,1005.8,-99.0,0.0,-9.9,-99,-999,新竹縣,10,寶山鄉,076
24.7367,121.0168,寶山,C0D580,2017-02-19T11:00:00+08:00,120.0,0.0,0.0,22.5,0.57,1004.8,-99.0,0.0,-9.9,-99,-999,新竹縣,10,寶山鄉,076
24.7367,121.0168,寶山,C0D580,2017-02-19T12:00:00+08:00,120.0,338.0,0.3,24.9,0.47,1003.5,-99.0,0.0,-9.9,-99,-999,新竹縣,10,寶山鄉,076
24.7367,121.0168,寶山,C0D580,2017-02-19T13:00:00+08:00,120.0,268.0,0.7,22.8,0.58,1002.4,-99.0,0.0,-9.9,-99,-999,新竹縣,10,寶山鄉,076
24.7367,121.0168,寶山,C0D580,2017-02-19T14:00:00+08:00,120.0,274.0,0.8,21.5,0.64,1001.9,-99.0,0.0,-9.9,-99,-999,新竹縣,10,寶山鄉,076
24.7367,121.0168,寶山,C0D580,2017-02-19T15:00:00+08:00,120.0,293.0,0.9,20.7,0.67,1001.4,-99.0,0.0,-9.9,-99,-999,新竹縣,10,寶山鄉,076
24.7367,121.0168,寶山,C0D580,2017-02-19T16:00:00+08:00,120.0,288.0,0.7,20.6,0.68,1001.1,-99.0,0.0,-9.9,-99,-999,新竹縣,10,寶山鄉,076
24.7367,121.0168,寶山,C0D580,2017-02-19T17:00:00+08:00,120.0,266.0,0.4,18.5,0.76,1001.6,-99.0,0.0,-9.9,-99,-999,新竹縣,10,寶山鄉,076
24.7367,121.0168,寶山,C0D580,2017-02-19T18:00:00+08:00,120.0,0.0,0.0,16.1,0.85,1001.9,-99.0,0.0,-9.9,-99,-999,新竹縣,10,寶山鄉,076
24.7367,121.0168,寶山,C0D580,2017-02-19T19:00:00+08:00,120.0,0.0,0.0,14.6,0.91,1002.1,-99.0,0.0,-9.9,-99,-999,新竹縣,10,寶山鄉,076
24.7367,121.0168,寶山,C0D580,2017-02-19T20:00:00+08:00,120.0,0.0,0.0,13.8,0.93,1002.5,-99.0,0.0,-9.9,-99,-999,新竹縣,10,寶山鄉,076
24.7367,121.0168,寶山,C0D580,2017-02-19T21:00:00+08:00,120.0,0.0,0.0,13.1,0.94,1002.2,-99.0,0.0,-9.9,-99,-999,新竹縣,10,寶山鄉,076
24.7367,121.0168,寶山,C0D580,2017-02-19T22:00:00+08:00,120.0,0.0,0.0,13.2,0.95,1001.8,-99.0,0.0,-9.9,-99,-999,新竹縣,10,寶山鄉,076
24.7367,121.0168,寶山,C0D580,2017-02-19T23:00:00+08:00,120.0,0.0,0.0,13.1,0.94,1001.1,-99.0,0.0,-9.9,-99,-999,新竹縣,10,寶山鄉,076
24.7367,121.0168,寶山,C0D580,2017-02-20T00:00:00+08:00,120.0,0.0,0.0,13.0,0.96,1001.1,-99.0,0.0,-9.9,-99,-999,新竹縣,10,寶山鄉,076
24.7367,121.0168,寶山,C0D580,2017-02-20T01:00:00+08:00,120.0,0.0,0.0,12.8,0.95,1001.0,-99.0,0.0,-9.9,-99,-999,新竹縣,10,寶山鄉,076
24.7367,121.0168,寶山,C0D580,2017-02-20T02:00:00+08:00,120.0,0.0,0.0,13.9,0.93,1000.8,-99.0,0.0,-9.9,-99,-999,新竹縣,10,寶山鄉,076
24.7367,121.0168,寶山,C0D580,2017-02-20T03:00:00+08:00,120.0,0.0,0.0,13.9,0.93,1000.5,-99.0,0.0,-9.9,-99,-999,新竹縣,10,寶山鄉,076
24.7367,121.0168,寶山,C0D580,2017-02-20T04:00:00+08:00,120.0,0.0,0.0,14.0,0.95,1001.2,-99.0,1.0,-9.9,-99,-999,新竹縣,10,寶山鄉,076
24.7367,121.0168,寶山,C0D580,2017-02-20T05:00:00+08:00,120.0,0.0,0.0,14.4,0.96,1001.6,-99.0,1.0,-9.9,-99,-999,新竹縣,10,寶山鄉,076
24.7367,121.0168,寶山,C0D580,2017-02-20T06:00:00+08:00,120.0,0.0,0.0,14.5,0.97,1001.8,-99.0,1.0,-9.9,-99,-999,新竹縣,10,寶山鄉,076
24.7367,121.0168,寶山,C0D580,2017-02-20T07:00:00+08:00,120.0,0.0,0.0,14.9,0.97,1002.0,-99.0,1.0,-9.9,-99,-999,新竹縣,10,寶山鄉,076
24.7367,121.0168,寶山,C0D580,2017-02-20T08:00:00+08:00,120.0,0.0,0.0,16.1,0.96,1002.0,-99.0,1.0,-9.9,-99,-999,新竹縣,10,寶山鄉,076
24.7367,121.0168,寶山,C0D580,2017-02-20T10:00:00+08:00,120.0,0.0,0.2,22.1,0.59,1001.4,-99.0,1.0,-9.9,-99,-999,新竹縣,10,寶山鄉,076
24.7367,121.0168,寶山,C0D580,2017-02-20T11:00:00+08:00,120.0,260.0,0.3,25.1,0.51,1001.3,-99.0,1.0,-9.9,-99,-999,新竹縣,10,寶山鄉,076
24.7367,121.0168,寶山,C0D580,2017-02-20T12:00:00+08:00,120.0,289.0,1.1,24.1,0.52,1001.1,-99.0,1.0,-9.9,-99,-999,新竹縣,10,寶山鄉,076
24.7367,121.0168,寶山,C0D580,2017-02-20T13:00:00+08:00,120.0,191.0,0.7,23.2,0.62,1001.5,-99.0,1.0,-9.9,-99,-999,新竹縣,10,寶山鄉,076
24.7367,121.0168,寶山,C0D580,2017-02-20T14:00:00+08:00,120.0,317.0,0.7,21.4,0.66,1001.1,-99.0,1.0,-9.9,-99,-999,新竹縣,10,寶山鄉,076
24.7367,121.0168,寶山,C0D580,2017-02-20T15:00:00+08:00,120.0,0.0,0.0,22.1,0.67,1001.0,-99.0,1.0,-9.9,-99,-999,新竹縣,10,寶山鄉,076
24.7367,121.0168,寶山,C0D580,2017-02-20T16:00:00+08:00,120.0,0.0,0.0,22.5,0.67,1000.9,-99.0,1.0,-9.9,-99,-999,新竹縣,10,寶山鄉,076
24.7367,121.0168,寶山,C0D580,2017-02-20T17:00:00+08:00,120.0,0.0,0.0,22.0,0.66,1001.3,-99.0,1.0,-9.9,-99,-999,新竹縣,10,寶山鄉,076
24.7367,121.0168,寶山,C0D580,2017-02-20T18:00:00+08:00,120.0,0.0,0.0,21.0,0.71,1001.7,-99.0,1.0,-9.9,-99,-999,新竹縣,10,寶山鄉,076
24.7367,121.0168,寶山,C0D580,2017-02-20T19:00:00+08:00,120.0,0.0,0.0,20.5,0.75,1002.5,-99.0,1.0,-9.9,-99,-999,新竹縣,10,寶山鄉,076
24.7367,121.0168,寶山,C0D580,2017-02-20T20:00:00+08:00,120.0,0.0,0.0,20.6,0.74,1003.2,-99.0,1.0,-9.9,-99,-999,新竹縣,10,寶山鄉,076
24.7367,121.0168,寶山,C0D580,2017-02-20T21:00:00+08:00,120.0,0.0,0.0,20.3,0.79,1003.7,-99.0,1.0,-9.9,-99,-999,新竹縣,10,寶山鄉,076
24.7367,121.0168,寶山,C0D580,2017-02-20T22:00:00+08:00,120.0,253.0,0.5,19.5,0.79,1004.6,-99.0,1.0,-9.9,-99,-999,新竹縣,10,寶山鄉,076
24.7367,121.0168,寶山,C0D580,2017-02-20T23:00:00+08:00,120.0,0.0,0.2,18.5,0.85,1004.8,-99.0,1.0,-9.9,-99,-999,新竹縣,10,寶山鄉,076
24.7367,121.0168,寶山,C0D580,2017-02-21T00:00:00+08:00,120.0,108.0,0.6,19.3,0.81,1004.7,-99.0,1.0,-9.9,-99,-999,新竹縣,10,寶山鄉,076
24.7367,121.0168,寶山,C0D580,2017-02-21T01:00:00+08:00,120.0,89.0,0.3,18.5,0.80,1004.9,-99.0,0.0,-9.9,-99,-999,新竹縣,10,寶山鄉,076
24.7367,121.0168,寶山,C0D580,2017-02-21T02:00:00+08:00,120.0,123.0,0.6,18.0,0.82,1004.9,-99.0,0.0,-9.9,-99,-999,新竹縣,10,寶山鄉,076
24.7367,121.0168,寶山,C0D580,2017-02-21T03:00:00+08:00,120.0,85.0,0.5,17.5,0.81,1004.9,-99.0,0.0,-9.9,-99,-999,新竹縣,10,寶山鄉,076
24.7367,121.0168,寶山,C0D580,2017-02-21T04:00:00+08:00,120.0,106.0,0.6,17.1,0.82,1005.2,-99.0,0.0,-9.9,-99,-999,新竹縣,10,寶山鄉,076
24.7367,121.0168,寶山,C0D580,2017-02-21T05:00:00+08:00,120.0,116.0,0.6,16.8,0.82,1005.5,-99.0,0.0,-9.9,-99,-999,新竹縣,10,寶山鄉,076
24.7367,121.0168,寶山,C0D580,2017-02-21T06:00:00+08:00,120.0,96.0,0.6,16.4,0.83,1005.6,-99.0,0.0,-9.9,-99,-999,新竹縣,10,寶山鄉,076
24.7367,121.0168,寶山,C0D580,2017-02-21T07:00:00+08:00,120.0,93.0,0.4,16.1,0.84,1006.3,-99.0,0.0,-9.9,-99,-999,新竹縣,10,寶山鄉,076
24.7367,121.0168,寶山,C0D580,2017-02-21T08:00:00+08:00,120.0,108.0,0.5,17.5,0.77,1006.7,-99.0,0.0,-9.9,-99,-999,新竹縣,10,寶山鄉,076
24.7367,121.0168,寶山,C0D580,2017-02-21T09:00:00+08:00,120.0,130.0,0.5,19.9,0.67,1006.4,-99.0,0.0,-9.9,-99,-999,新竹縣,10,寶山鄉,076
24.7367,121.0168,寶山,C0D580,2017-02-21T10:00:00+08:00,120.0,98.0,0.6,21.9,0.61,1006.0,-99.0,0.0,-9.9,-99,-999,新竹縣,10,寶山鄉,076
24.7367,121.0168,寶山,C0D580,2017-02-21T11:00:00+08:00,120.0,60.0,0.6,24.3,0.54,1005.3,-99.0,0.0,-9.9,-99,-999,新竹縣,10,寶山鄉,076
24.7367,121.0168,寶山,C0D580,2017-02-21T12:00:00+08:00,120.0,159.0,0.6,25.5,0.52,1004.7,-99.0,0.0,-9.9,-99,-999,新竹縣,10,寶山鄉,076
24.7367,121.0168,寶山,C0D580,2017-02-21T13:00:00+08:00,120.0,180.0,0.5,26.5,0.50,1003.6,-99.0,0.0,-9.9,-99,-999,新竹縣,10,寶山鄉,076
24.7367,121.0168,寶山,C0D580,2017-02-21T14:00:00+08:00,120.0,161.0,0.6,26.1,0.51,1002.7,-99.0,0.0,-9.9,-99,-999,新竹縣,10,寶山鄉,076
24.7367,121.0168,寶山,C0D580,2017-02-21T15:00:00+08:00,120.0,41.0,0.5,25.9,0.54,1001.9,-99.0,0.0,-9.9,-99,-999,新竹縣,10,寶山鄉,076
24.7367,121.0168,寶山,C0D580,2017-02-21T16:00:00+08:00,120.0,235.0,0.4,24.2,0.59,1001.8,-99.0,0.0,-9.9,-99,-999,新竹縣,10,寶山鄉,076
24.7367,121.0168,寶山,C0D580,2017-02-21T17:00:00+08:00,120.0,0.0,0.0,23.1,0.64,1002.0,-99.0,0.0,-9.9,-99,-999,新竹縣,10,寶山鄉,076
24.7367,121.0168,寶山,C0D580,2017-02-21T18:00:00+08:00,120.0,0.0,0.0,21.7,0.70,1002.1,-99.0,0.0,-9.9,-99,-999,新竹縣,10,寶山鄉,076
24.7367,121.0168,寶山,C0D580,2017-02-21T19:00:00+08:00,120.0,0.0,0.0,20.8,0.76,1002.4,-99.0,0.0,-9.9,-99,-999,新竹縣,10,寶山鄉,076
24.7367,121.0168,寶山,C0D580,2017-02-21T20:00:00+08:00,120.0,0.0,0.2,19.8,0.80,1003.0,-99.0,0.0,-9.9,-99,-999,新竹縣,10,寶山鄉,076
24.7367,121.0168,寶山,C0D580,2017-02-21T21:00:00+08:00,120.0,0.0,0.0,19.2,0.83,1003.9,-99.0,0.0,-9.9,-99,-999,新竹縣,10,寶山鄉,076
24.7367,121.0168,寶山,C0D580,2017-02-21T22:00:00+08:00,120.0,0.0,0.0,18.6,0.87,1003.7,-99.0,0.0,-9.9,-99,-999,新竹縣,10,寶山鄉,076
24.7367,121.0168,寶山,C0D580,2017-02-21T23:00:00+08:00,120.0,0.0,0.0,18.5,0.89,1003.7,-99.0,0.0,-9.9,-99,-999,新竹縣,10,寶山鄉,076
24.7367,121.0168,寶山,C0D580,2017-02-22T00:00:00+08:00,120.0,0.0,0.0,17.9,0.91,1003.2,-99.0,0.0,-9.9,-99,-999,新竹縣,10,寶山鄉,076
24.7367,121.0168,寶山,C0D580,2017-02-22T01:00:00+08:00,120.0,0.0,0.0,17.3,0.93,1003.1,-99.0,0.0,-9.9,-99,-999,新竹縣,10,寶山鄉,076
24.7367,121.0168,寶山,C0D580,2017-02-22T02:00:00+08:00,120.0,274.0,0.4,16.7,0.95,1003.1,-99.0,0.0,-9.9,-99,-999,新竹縣,10,寶山鄉,076
24.7367,121.0168,寶山,C0D580,2017-02-22T03:00:00+08:00,120.0,0.0,0.0,16.6,0.95,1002.3,-99.0,0.0,-9.9,-99,-999,新竹縣,10,寶山鄉,076
24.7367,121.0168,寶山,C0D580,2017-02-22T04:00:00+08:00,120.0,0.0,0.0,15.9,0.96,1002.8,-99.0,0.0,-9.9,-99,-999,新竹縣,10,寶山鄉,076
24.7367,121.0168,寶山,C0D580,2017-02-22T05:00:00+08:00,120.0,278.0,0.4,15.5,0.97,1004.0,-99.0,0.0,-9.9,-99,-999,新竹縣,10,寶山鄉,076
24.7367,121.0168,寶山,C0D580,2017-02-22T06:00:00+08:00,120.0,0.0,0.0,15.1,0.96,1004.8,-99.0,0.0,-9.9,-99,-999,新竹縣,10,寶山鄉,076
24.7367,121.0168,寶山,C0D580,2017-02-22T07:00:00+08:00,120.0,0.0,0.0,15.0,0.97,1004.6,-99.0,0.5,-9.9,-99,-999,新竹縣,10,寶山鄉,076
24.7367,121.0168,寶山,C0D580,2017-02-22T08:00:00+08:00,120.0,0.0,0.0,16.9,0.97,1004.0,-99.0,0.5,-9.9,-99,-999,新竹縣,10,寶山鄉,076
24.7367,121.0168,寶山,C0D580,2017-02-22T09:00:00+08:00,120.0,0.0,0.0,20.1,0.91,1002.2,-99.0,0.5,-9.9,-99,-999,新竹縣,10,寶山鄉,076
24.7367,121.0168,寶山,C0D580,2017-02-22T10:00:00+08:00,120.0,0.0,0.0,22.0,0.76,1001.8,-99.0,0.5,-9.9,-99,-999,新竹縣,10,寶山鄉,076
24.7367,121.0168,寶山,C0D580,2017-02-22T11:00:00+08:00,120.0,0.0,0.0,21.9,0.79,1001.7,-99.0,0.5,-9.9,-99,-999,新竹縣,10,寶山鄉,076
24.7367,121.0168,寶山,C0D580,2017-02-22T12:00:00+08:00,120.0,277.0,0.4,18.4,0.95,1003.2,-99.0,2.5,-9.9,-99,-999,新竹縣,10,寶山鄉,076
24.7367,121.0168,寶山,C0D580,2017-02-22T13:00:00+08:00,120.0,0.0,0.0,18.2,0.96,1001.8,-99.0,4.0,-9.9,-99,-999,新竹縣,10,寶山鄉,076
24.7367,121.0168,寶山,C0D580,2017-02-22T14:00:00+08:00,120.0,319.0,0.4,17.7,0.97,1002.2,-99.0,11.5,-9.9,-99,-999,新竹縣,10,寶山鄉,076
24.7367,121.0168,寶山,C0D580,2017-02-22T15:00:00+08:00,120.0,0.0,0.0,17.8,0.97,1002.0,-99.0,20.5,-9.9,-99,-999,新竹縣,10,寶山鄉,076
24.7367,121.0168,寶山,C0D580,2017-02-22T16:00:00+08:00,120.0,0.0,0.2,18.2,0.97,1000.1,-99.0,23.0,-9.9,-99,-999,新竹縣,10,寶山鄉,076
24.7367,121.0168,寶山,C0D580,2017-02-22T17:00:00+08:00,120.0,0.0,0.0,18.1,0.97,999.9,-99.0,23.5,-9.9,-99,-999,新竹縣,10,寶山鄉,076
24.7367,121.0168,寶山,C0D580,2017-02-22T18:00:00+08:00,120.0,0.0,0.0,18.0,0.97,999.8,-99.0,23.5,-9.9,-99,-999,新竹縣,10,寶山鄉,076
24.7367,121.0168,寶山,C0D580,2017-02-22T19:00:00+08:00,120.0,0.0,0.0,17.5,0.97,1000.5,-99.0,23.5,-9.9,-99,-999,新竹縣,10,寶山鄉,076
24.7367,121.0168,寶山,C0D580,2017-02-22T20:00:00+08:00,120.0,0.0,0.0,17.4,0.97,1000.9,-99.0,23.5,-9.9,-99,-999,新竹縣,10,寶山鄉,076
24.7367,121.0168,寶山,C0D580,2017-02-22T21:00:00+08:00,120.0,0.0,0.0,17.0,0.97,1001.6,-99.0,23.5,-9.9,-99,-999,新竹縣,10,寶山鄉,076
24.7367,121.0168,寶山,C0D580,2017-02-22T22:00:00+08:00,120.0,0.0,0.0,16.7,0.98,1001.7,-99.0,23.5,-9.9,-99,-999,新竹縣,10,寶山鄉,076
24.7367,121.0168,寶山,C0D580,2017-02-22T23:00:00+08:00,120.0,0.0,0.0,17.2,0.98,1002.7,-99.0,23.5,-9.9,-99,-999,新竹縣,10,寶山鄉,076
24.7367,121.0168,寶山,C0D580,2017-02-23T00:00:00+08:00,120.0,0.0,0.0,18.0,0.98,1002.9,-99.0,23.5,-9.9,-99,-999,新竹縣,10,寶山鄉,076
24.7367,121.0168,寶山,C0D580,2017-02-23T01:00:00+08:00,120.0,0.0,0.0,18.1,0.98,1002.5,-99.0,0.0,-9.9,-99,-999,新竹縣,10,寶山鄉,076
24.7367,121.0168,寶山,C0D580,2017-02-23T02:00:00+08:00,120.0,0.0,0.2,17.7,0.98,1002.6,-99.0,0.0,-9.9,-99,-999,新竹縣,10,寶山鄉,076
24.7367,121.0168,寶山,C0D580,2017-02-23T03:00:00+08:00,120.0,0.0,0.0,17.5,0.98,1002.0,-99.0,0.5,-9.9,-99,-999,新竹縣,10,寶山鄉,076
24.7367,121.0168,寶山,C0D580,2017-02-23T04:00:00+08:00,120.0,0.0,0.0,17.4,0.98,1001.9,-99.0,0.5,-9.9,-99,-999,新竹縣,10,寶山鄉,076
24.7367,121.0168,寶山,C0D580,2017-02-23T05:00:00+08:00,120.0,0.0,0.0,17.3,0.98,1002.4,-99.0,0.5,-9.9,-99,-999,新竹縣,10,寶山鄉,076
24.7367,121.0168,寶山,C0D580,2017-02-23T06:00:00+08:00,120.0,0.0,0.0,16.7,0.97,1003.1,-99.0,0.5,-9.9,-99,-999,新竹縣,10,寶山鄉,076
24.7367,121.0168,寶山,C0D580,2017-02-23T07:00:00+08:00,120.0,0.0,0.2,16.2,0.97,1003.6,-99.0,0.5,-9.9,-99,-999,新竹縣,10,寶山鄉,076
24.7367,121.0168,寶山,C0D580,2017-02-23T08:00:00+08:00,120.0,0.0,0.0,16.1,0.97,1004.1,-99.0,0.5,-9.9,-99,-999,新竹縣,10,寶山鄉,076
24.7367,121.0168,寶山,C0D580,2017-02-23T10:00:00+08:00,120.0,85.0,0.4,16.4,0.90,1004.0,-99.0,0.5,-9.9,-99,-999,新竹縣,10,寶山鄉,076
24.7367,121.0168,寶山,C0D580,2017-02-23T11:00:00+08:00,120.0,0.0,0.2,16.5,0.89,1004.5,-99.0,0.5,-9.9,-99,-999,新竹縣,10,寶山鄉,076
24.7367,121.0168,寶山,C0D580,2017-02-23T12:00:00+08:00,120.0,108.0,0.4,16.1,0.91,1004.1,-99.0,0.5,-9.9,-99,-999,新竹縣,10,寶山鄉,076
24.7367,121.0168,寶山,C0D580,2017-02-23T13:00:00+08:00,120.0,109.0,0.3,15.9,0.88,1003.7,-99.0,0.5,-9.9,-99,-999,新竹縣,10,寶山鄉,076
24.7367,121.0168,寶山,C0D580,2017-02-23T14:00:00+08:00,120.0,262.0,0.4,14.9,0.90,1004.1,-99.0,0.5,-9.9,-99,-999,新竹縣,10,寶山鄉,076
24.7367,121.0168,寶山,C0D580,2017-02-23T15:00:00+08:00,120.0,279.0,0.4,12.6,0.95,1004.7,-99.0,1.0,-9.9,-99,-999,新竹縣,10,寶山鄉,076
24.7367,121.0168,寶山,C0D580,2017-02-23T16:00:00+08:00,120.0,117.0,0.6,11.4,0.95,1005.0,-99.0,1.0,-9.9,-99,-999,新竹縣,10,寶山鄉,076
24.7367,121.0168,寶山,C0D580,2017-02-23T17:00:00+08:00,120.0,235.0,0.5,11.0,0.94,1005.8,-99.0,1.0,-9.9,-99,-999,新竹縣,10,寶山鄉,076
24.7367,121.0168,寶山,C0D580,2017-02-23T18:00:00+08:00,120.0,48.0,0.6,10.7,0.94,1006.9,-99.0,1.0,-9.9,-99,-999,新竹縣,10,寶山鄉,076
24.7367,121.0168,寶山,C0D580,2017-02-23T19:00:00+08:00,120.0,255.0,0.6,10.5,0.92,1007.8,-99.0,1.0,-9.9,-99,-999,新竹縣,10,寶山鄉,076
24.7367,121.0168,寶山,C0D580,2017-02-23T20:00:00+08:00,120.0,295.0,0.4,10.3,0.93,1008.4,-99.0,1.0,-9.9,-99,-999,新竹縣,10,寶山鄉,076
24.7367,121.0168,寶山,C0D580,2017-02-23T21:00:00+08:00,120.0,254.0,0.4,10.4,0.93,1008.6,-99.0,1.0,-9.9,-99,-999,新竹縣,10,寶山鄉,076
24.7367,121.0168,寶山,C0D580,2017-02-23T22:00:00+08:00,120.0,127.0,0.4,10.7,0.91,1008.3,-99.0,1.0,-9.9,-99,-999,新竹縣,10,寶山鄉,076
24.7367,121.0168,寶山,C0D580,2017-02-23T23:00:00+08:00,120.0,204.0,0.4,10.8,0.91,1008.5,-99.0,1.0,-9.9,-99,-999,新竹縣,10,寶山鄉,076
24.7367,121.0168,寶山,C0D580,2017-02-24T00:00:00+08:00,120.0,100.0,0.5,11.2,0.88,1008.0,-99.0,1.0,-9.9,-99,-999,新竹縣,10,寶山鄉,076
24.7367,121.0168,寶山,C0D580,2017-02-24T01:00:00+08:00,120.0,107.0,0.5,11.4,0.88,1008.1,-99.0,0.0,-9.9,-99,-999,新竹縣,10,寶山鄉,076
24.7367,121.0168,寶山,C0D580,2017-02-24T02:00:00+08:00,120.0,95.0,0.3,11.4,0.91,1008.1,-99.0,0.0,-9.9,-99,-999,新竹縣,10,寶山鄉,076
24.7367,121.0168,寶山,C0D580,2017-02-24T03:00:00+08:00,120.0,245.0,0.3,11.0,0.95,1007.6,-99.0,1.0,-9.9,-99,-999,新竹縣,10,寶山鄉,076
24.7367,121.0168,寶山,C0D580,2017-02-24T04:00:00+08:00,120.0,0.0,0.0,11.0,0.96,1007.2,-99.0,1.0,-9.9,-99,-999,新竹縣,10,寶山鄉,076
24.7367,121.0168,寶山,C0D580,2017-02-24T05:00:00+08:00,120.0,231.0,0.3,11.0,0.96,1006.7,-99.0,1.0,-9.9,-99,-999,新竹縣,10,寶山鄉,076
24.7367,121.0168,寶山,C0D580,2017-02-24T06:00:00+08:00,120.0,0.0,0.0,11.1,0.96,1006.4,-99.0,1.5,-9.9,-99,-999,新竹縣,10,寶山鄉,076
24.7367,121.0168,寶山,C0D580,2017-02-24T07:00:00+08:00,120.0,0.0,0.0,11.2,0.96,1007.1,-99.0,1.5,-9.9,-99,-999,新竹縣,10,寶山鄉,076
24.7367,121.0168,寶山,C0D580,2017-02-24T08:00:00+08:00,120.0,0.0,0.0,11.5,0.96,1009.1,-99.0,3.5,-9.9,-99,-999,新竹縣,10,寶山鄉,076
24.7367,121.0168,寶山,C0D580,2017-02-24T09:00:00+08:00,120.0,0.0,0.0,11.5,0.97,1009.2,-99.0,5.0,-9.9,-99,-999,新竹縣,10,寶山鄉,076
24.7367,121.0168,寶山,C0D580,2017-02-24T10:00:00+08:00,120.0,53.0,0.4,11.3,0.97,1009.0,-99.0,8.0,-9.9,-99,-999,新竹縣,10,寶山鄉,076
24.7367,121.0168,寶山,C0D580,2017-02-24T11:00:00+08:00,120.0,18.0,0.5,11.0,0.97,1010.5,-99.0,8.5,-9.9,-99,-999,新竹縣,10,寶山鄉,076
24.7367,121.0168,寶山,C0D580,2017-02-24T12:00:00+08:00,120.0,211.0,0.4,10.5,0.97,1009.4,-99.0,10.5,-9.9,-99,-999,新竹縣,10,寶山鄉,076
24.7367,121.0168,寶山,C0D580,2017-02-24T13:00:00+08:00,120.0,333.0,0.8,9.9,0.96,1008.7,-99.0,10.5,-9.9,-99,-999,新竹縣,10,寶山鄉,076
24.7367,121.0168,寶山,C0D580,2017-02-24T14:00:00+08:00,120.0,310.0,0.3,9.8,0.97,1008.8,-99.0,11.5,-9.9,-99,-999,新竹縣,10,寶山鄉,076
24.7367,121.0168,寶山,C0D580,2017-02-24T15:00:00+08:00,120.0,79.0,0.4,9.5,0.97,1008.8,-99.0,13.0,-9.9,-99,-999,新竹縣,10,寶山鄉,076
24.7367,121.0168,寶山,C0D580,2017-02-24T16:00:00+08:00,120.0,299.0,0.5,9.3,0.97,1009.0,-99.0,14.0,-9.9,-99,-999,新竹縣,10,寶山鄉,076
24.7367,121.0168,寶山,C0D580,2017-02-24T17:00:00+08:00,120.0,105.0,0.6,9.1,0.97,1008.0,-99.0,17.0,-9.9,-99,-999,新竹縣,10,寶山鄉,076
24.7367,121.0168,寶山,C0D580,2017-02-24T18:00:00+08:00,120.0,304.0,0.4,9.6,0.97,1007.6,-99.0,17.0,-9.9,-99,-999,新竹縣,10,寶山鄉,076
24.7367,121.0168,寶山,C0D580,2017-02-24T19:00:00+08:00,120.0,0.0,0.2,10.2,0.97,1009.0,-99.0,18.5,-9.9,-99,-999,新竹縣,10,寶山鄉,076
24.7367,121.0168,寶山,C0D580,2017-02-24T20:00:00+08:00,120.0,0.0,0.0,10.6,0.97,1008.3,-99.0,19.0,-9.9,-99,-999,新竹縣,10,寶山鄉,076
24.7367,121.0168,寶山,C0D580,2017-02-24T21:00:00+08:00,120.0,311.0,0.3,10.7,0.97,1009.1,-99.0,20.0,-9.9,-99,-999,新竹縣,10,寶山鄉,076
24.7367,121.0168,寶山,C0D580,2017-02-24T22:00:00+08:00,120.0,0.0,0.0,11.1,0.97,1009.6,-99.0,20.5,-9.9,-99,-999,新竹縣,10,寶山鄉,076
24.7367,121.0168,寶山,C0D580,2017-02-24T23:00:00+08:00,120.0,0.0,0.0,11.3,0.97,1009.4,-99.0,20.5,-9.9,-99,-999,新竹縣,10,寶山鄉,076
24.7367,121.0168,寶山,C0D580,2017-02-25T00:00:00+08:00,120.0,0.0,0.0,11.6,0.97,1008.4,-99.0,21.0,-9.9,-99,-999,新竹縣,10,寶山鄉,076
24.7367,121.0168,寶山,C0D580,2017-02-25T01:00:00+08:00,120.0,0.0,0.0,11.8,0.97,1008.0,-99.0,0.5,-9.9,-99,-999,新竹縣,10,寶山鄉,076
24.7367,121.0168,寶山,C0D580,2017-02-25T02:00:00+08:00,120.0,0.0,0.0,11.9,0.98,1007.3,-99.0,0.5,-9.9,-99,-999,新竹縣,10,寶山鄉,076
24.7367,121.0168,寶山,C0D580,2017-02-25T03:00:00+08:00,120.0,0.0,0.0,12.0,0.98,1006.4,-99.0,0.5,-9.9,-99,-999,新竹縣,10,寶山鄉,076
24.7367,121.0168,寶山,C0D580,2017-02-25T04:00:00+08:00,120.0,0.0,0.0,12.2,0.97,1006.9,-99.0,0.5,-9.9,-99,-999,新竹縣,10,寶山鄉,076
24.7367,121.0168,寶山,C0D580,2017-02-25T05:00:00+08:00,120.0,0.0,0.0,12.4,0.98,1006.5,-99.0,1.5,-9.9,-99,-999,新竹縣,10,寶山鄉,076
24.7367,121.0168,寶山,C0D580,2017-02-25T06:00:00+08:00,120.0,0.0,0.2,12.0,0.98,1006.0,-99.0,2.5,-9.9,-99,-999,新竹縣,10,寶山鄉,076
24.7367,121.0168,寶山,C0D580,2017-02-25T07:00:00+08:00,120.0,0.0,0.0,12.1,0.98,1007.1,-99.0,2.5,-9.9,-99,-999,新竹縣,10,寶山鄉,076
24.7367,121.0168,寶山,C0D580,2017-02-25T08:00:00+08:00,120.0,0.0,0.0,12.3,0.98,1007.1,-99.0,6.0,-9.9,-99,-999,新竹縣,10,寶山鄉,076
24.7367,121.0168,寶山,C0D580,2017-02-25T10:00:00+08:00,120.0,0.0,0.0,12.7,0.98,1007.5,-99.0,15.0,-9.9,-99,-999,新竹縣,10,寶山鄉,076
24.7367,121.0168,寶山,C0D580,2017-02-25T11:00:00+08:00,120.0,0.0,0.0,13.0,0.98,1007.3,-99.0,16.5,-9.9,-99,-999,新竹縣,10,寶山鄉,076
24.7367,121.0168,寶山,C0D580,2017-02-25T12:00:00+08:00,120.0,283.0,0.5,12.2,0.97,1006.7,-99.0,17.5,-9.9,-99,-999,新竹縣,10,寶山鄉,076
24.7367,121.0168,寶山,C0D580,2017-02-25T13:00:00+08:00,120.0,351.0,0.5,11.7,0.97,1006.0,-99.0,18.5,-9.9,-99,-999,新竹縣,10,寶山鄉,076
24.7367,121.0168,寶山,C0D580,2017-02-25T14:00:00+08:00,120.0,294.0,0.4,11.5,0.97,1004.7,-99.0,19.0,-9.9,-99,-999,新竹縣,10,寶山鄉,076
24.7367,121.0168,寶山,C0D580,2017-02-25T15:00:00+08:00,120.0,303.0,0.3,11.5,0.97,1004.9,-99.0,24.5,-9.9,-99,-999,新竹縣,10,寶山鄉,076
24.7367,121.0168,寶山,C0D580,2017-02-25T16:00:00+08:00,120.0,0.0,0.2,11.6,0.97,1004.9,-99.0,25.0,-9.9,-99,-999,新竹縣,10,寶山鄉,076
24.7367,121.0168,寶山,C0D580,2017-02-25T17:00:00+08:00,120.0,0.0,0.2,11.7,0.97,1005.0,-99.0,28.5,-9.9,-99,-999,新竹縣,10,寶山鄉,076
24.7367,121.0168,寶山,C0D580,2017-02-25T18:00:00+08:00,120.0,0.0,0.0,12.0,0.97,1004.8,-99.0,30.0,-9.9,-99,-999,新竹縣,10,寶山鄉,076
24.7367,121.0168,寶山,C0D580,2017-02-25T19:00:00+08:00,120.0,0.0,0.0,12.2,0.98,1005.6,-99.0,30.5,-9.9,-99,-999,新竹縣,10,寶山鄉,076
24.7367,121.0168,寶山,C0D580,2017-02-25T20:00:00+08:00,120.0,0.0,0.0,12.2,0.97,1004.5,-99.0,30.5,-9.9,-99,-999,新竹縣,10,寶山鄉,076
24.7367,121.0168,寶山,C0D580,2017-02-25T21:00:00+08:00,120.0,0.0,0.0,12.0,0.97,1005.4,-99.0,30.5,-9.9,-99,-999,新竹縣,10,寶山鄉,076
24.7367,121.0168,寶山,C0D580,2017-02-25T22:00:00+08:00,120.0,0.0,0.2,12.0,0.97,1006.2,-99.0,30.5,-9.9,-99,-999,新竹縣,10,寶山鄉,076
24.7367,121.0168,寶山,C0D580,2017-02-25T23:00:00+08:00,120.0,0.0,0.0,12.3,0.97,1006.2,-99.0,30.5,-9.9,-99,-999,新竹縣,10,寶山鄉,076
24.7367,121.0168,寶山,C0D580,2017-02-26T00:00:00+08:00,120.0,0.0,0.2,12.2,0.97,1006.0,-99.0,31.5,-9.9,-99,-999,新竹縣,10,寶山鄉,076
24.7367,121.0168,寶山,C0D580,2017-02-26T01:00:00+08:00,120.0,0.0,0.0,12.3,0.97,1005.6,-99.0,1.0,-9.9,-99,-999,新竹縣,10,寶山鄉,076
24.7367,121.0168,寶山,C0D580,2017-02-26T02:00:00+08:00,120.0,0.0,0.2,11.9,0.97,1005.4,-99.0,4.0,-9.9,-99,-999,新竹縣,10,寶山鄉,076
24.7367,121.0168,寶山,C0D580,2017-02-26T03:00:00+08:00,120.0,0.0,0.0,12.0,0.98,1005.6,-99.0,9.5,-9.9,-99,-999,新竹縣,10,寶山鄉,076
24.7367,121.0168,寶山,C0D580,2017-02-26T04:00:00+08:00,120.0,337.0,0.5,11.9,0.97,1005.8,-99.0,10.0,-9.9,-99,-999,新竹縣,10,寶山鄉,076
24.7367,121.0168,寶山,C0D580,2017-02-26T05:00:00+08:00,120.0,0.0,0.0,11.6,0.97,1006.5,-99.0,13.0,-9.9,-99,-999,新竹縣,10,寶山鄉,076
24.7367,121.0168,寶山,C0D580,2017-02-26T06:00:00+08:00,120.0,353.0,0.3,11.1,0.97,1007.0,-99.0,15.0,-9.9,-99,-999,新竹縣,10,寶山鄉,076
24.7367,121.0168,寶山,C0D580,2017-02-26T07:00:00+08:00,120.0,323.0,0.5,10.5,0.97,1008.7,-99.0,15.0,-9.9,-99,-999,新竹縣,10,寶山鄉,076
24.7367,121.0168,寶山,C0D580,2017-02-26T08:00:00+08:00,120.0,0.0,0.2,10.3,0.97,1009.7,-99.0,15.5,-9.9,-99,-999,新竹縣,10,寶山鄉,076
24.7367,121.0168,寶山,C0D580,2017-02-26T10:00:00+08:00,120.0,167.0,0.3,10.8,0.97,1010.4,-99.0,16.5,-9.9,-99,-999,新竹縣,10,寶山鄉,076
24.7367,121.0168,寶山,C0D580,2017-02-26T11:00:00+08:00,120.0,102.0,0.4,10.7,0.97,1009.7,-99.0,17.0,-9.9,-99,-999,新竹縣,10,寶山鄉,076
24.7367,121.0168,寶山,C0D580,2017-02-26T12:00:00+08:00,120.0,84.0,0.5,10.8,0.97,1009.1,-99.0,17.0,-9.9,-99,-999,新竹縣,10,寶山鄉,076
24.7367,121.0168,寶山,C0D580,2017-02-26T13:00:00+08:00,120.0,159.0,0.3,10.8,0.97,1008.7,-99.0,17.0,-9.9,-99,-999,新竹縣,10,寶山鄉,076
24.7367,121.0168,寶山,C0D580,2017-02-26T14:00:00+08:00,120.0,232.0,0.3,10.8,0.97,1008.0,-99.0,17.0,-9.9,-99,-999,新竹縣,10,寶山鄉,076
24.7367,121.0168,寶山,C0D580,2017-02-26T15:00:00+08:00,120.0,103.0,0.3,10.8,0.96,1007.3,-99.0,17.0,-9.9,-99,-999,新竹縣,10,寶山鄉,076
24.7367,121.0168,寶山,C0D580,2017-02-26T16:00:00+08:00,120.0,239.0,0.4,11.1,0.95,1007.0,-99.0,17.0,-9.9,-99,-999,新竹縣,10,寶山鄉,076
24.7367,121.0168,寶山,C0D580,2017-02-26T17:00:00+08:00,120.0,235.0,0.5,11.2,0.94,1007.7,-99.0,17.0,-9.9,-99,-999,新竹縣,10,寶山鄉,076
24.7367,121.0168,寶山,C0D580,2017-02-26T18:00:00+08:00,120.0,92.0,0.5,11.1,0.91,1008.2,-99.0,17.0,-9.9,-99,-999,新竹縣,10,寶山鄉,076
24.7367,121.0168,寶山,C0D580,2017-02-26T19:00:00+08:00,120.0,89.0,0.4,11.3,0.89,1008.6,-99.0,17.0,-9.9,-99,-999,新竹縣,10,寶山鄉,076
24.7367,121.0168,寶山,C0D580,2017-02-26T20:00:00+08:00,120.0,70.0,0.4,11.7,0.85,1009.0,-99.0,17.0,-9.9,-99,-999,新竹縣,10,寶山鄉,076
24.7367,121.0168,寶山,C0D580,2017-02-26T21:00:00+08:00,120.0,85.0,0.3,11.3,0.87,1009.1,-99.0,17.0,-9.9,-99,-999,新竹縣,10,寶山鄉,076
24.7367,121.0168,寶山,C0D580,2017-02-26T22:00:00+08:00,120.0,255.0,0.5,11.5,0.89,1009.1,-99.0,17.0,-9.9,-99,-999,新竹縣,10,寶山鄉,076
24.7367,121.0168,寶山,C0D580,2017-02-26T23:00:00+08:00,120.0,56.0,0.7,11.6,0.84,1008.3,-99.0,17.0,-9.9,-99,-999,新竹縣,10,寶山鄉,076
24.7367,121.0168,寶山,C0D580,2017-02-27T00:00:00+08:00,120.0,149.0,0.5,11.8,0.81,1007.5,-99.0,17.0,-9.9,-99,-999,新竹縣,10,寶山鄉,076
24.7367,121.0168,寶山,C0D580,2017-02-27T01:00:00+08:00,120.0,80.0,0.6,12.5,0.77,1007.4,-99.0,0.0,-9.9,-99,-999,新竹縣,10,寶山鄉,076
24.7367,121.0168,寶山,C0D580,2017-02-27T02:00:00+08:00,120.0,103.0,0.6,13.0,0.73,1006.7,-99.0,0.0,-9.9,-99,-999,新竹縣,10,寶山鄉,076
24.7367,121.0168,寶山,C0D580,2017-02-27T03:00:00+08:00,120.0,92.0,0.4,13.3,0.71,1006.5,-99.0,0.0,-9.9,-99,-999,新竹縣,10,寶山鄉,076
24.7367,121.0168,寶山,C0D580,2017-02-27T04:00:00+08:00,120.0,112.0,0.4,13.0,0.75,1006.6,-99.0,0.0,-9.9,-99,-999,新竹縣,10,寶山鄉,076
24.7367,121.0168,寶山,C0D580,2017-02-27T05:00:00+08:00,120.0,98.0,0.4,13.4,0.71,1007.0,-99.0,0.0,-9.9,-99,-999,新竹縣,10,寶山鄉,076
24.7367,121.0168,寶山,C0D580,2017-02-27T06:00:00+08:00,120.0,16.0,0.4,13.4,0.73,1007.6,-99.0,0.0,-9.9,-99,-999,新竹縣,10,寶山鄉,076
24.7367,121.0168,寶山,C0D580,2017-02-27T07:00:00+08:00,120.0,0.0,0.2,13.3,0.74,1007.8,-99.0,0.0,-9.9,-99,-999,新竹縣,10,寶山鄉,076
24.7367,121.0168,寶山,C0D580,2017-02-27T08:00:00+08:00,120.0,0.0,0.0,13.4,0.73,1008.6,-99.0,0.0,-9.9,-99,-999,新竹縣,10,寶山鄉,076
24.7367,121.0168,寶山,C0D580,2017-02-27T10:00:00+08:00,120.0,90.0,0.4,13.4,0.75,1009.1,-99.0,0.0,-9.9,-99,-999,新竹縣,10,寶山鄉,076
24.7367,121.0168,寶山,C0D580,2017-02-27T11:00:00+08:00,120.0,113.0,0.5,14.1,0.76,1009.2,-99.0,0.0,-9.9,-99,-999,新竹縣,10,寶山鄉,076
24.7367,121.0168,寶山,C0D580,2017-02-27T12:00:00+08:00,120.0,93.0,0.4,14.8,0.70,1008.3,-99.0,0.0,-9.9,-99,-999,新竹縣,10,寶山鄉,076
24.7367,121.0168,寶山,C0D580,2017-02-27T13:00:00+08:00,120.0,143.0,0.5,14.8,0.73,1007.8,-99.0,0.0,-9.9,-99,-999,新竹縣,10,寶山鄉,076
24.7367,121.0168,寶山,C0D580,2017-02-27T14:00:00+08:00,120.0,152.0,0.5,14.5,0.69,1007.6,-99.0,0.0,-9.9,-99,-999,新竹縣,10,寶山鄉,076
24.7367,121.0168,寶山,C0D580,2017-02-27T15:00:00+08:00,120.0,101.0,0.5,14.1,0.72,1007.8,-99.0,0.0,-9.9,-99,-999,新竹縣,10,寶山鄉,076
24.7367,121.0168,寶山,C0D580,2017-02-27T16:00:00+08:00,120.0,81.0,0.4,13.8,0.75,1008.0,-99.0,0.0,-9.9,-99,-999,新竹縣,10,寶山鄉,076
24.7367,121.0168,寶山,C0D580,2017-02-27T17:00:00+08:00,120.0,139.0,0.4,13.5,0.81,1008.5,-99.0,0.0,-9.9,-99,-999,新竹縣,10,寶山鄉,076
24.7367,121.0168,寶山,C0D580,2017-02-27T18:00:00+08:00,120.0,92.0,0.4,13.4,0.77,1008.4,-99.0,0.0,-9.9,-99,-999,新竹縣,10,寶山鄉,076
24.7367,121.0168,寶山,C0D580,2017-02-27T19:00:00+08:00,120.0,100.0,0.4,13.3,0.77,1007.9,-99.0,0.0,-9.9,-99,-999,新竹縣,10,寶山鄉,076
24.7367,121.0168,寶山,C0D580,2017-02-27T20:00:00+08:00,120.0,69.0,0.4,13.7,0.74,1008.0,-99.0,0.0,-9.9,-99,-999,新竹縣,10,寶山鄉,076
24.7367,121.0168,寶山,C0D580,2017-02-27T21:00:00+08:00,120.0,0.0,0.2,13.7,0.74,1008.0,-99.0,0.0,-9.9,-99,-999,新竹縣,10,寶山鄉,076
24.7367,121.0168,寶山,C0D580,2017-02-27T22:00:00+08:00,120.0,0.0,0.0,13.9,0.72,1008.2,-99.0,0.0,-9.9,-99,-999,新竹縣,10,寶山鄉,076
24.7367,121.0168,寶山,C0D580,2017-02-27T23:00:00+08:00,120.0,0.0,0.2,14.0,0.71,1007.5,-99.0,0.0,-9.9,-99,-999,新竹縣,10,寶山鄉,076
24.7367,121.0168,寶山,C0D580,2017-02-28T00:00:00+08:00,120.0,0.0,0.0,14.1,0.71,1007.5,-99.0,0.0,-9.9,-99,-999,新竹縣,10,寶山鄉,076
24.7367,121.0168,寶山,C0D580,2017-02-28T01:00:00+08:00,120.0,0.0,0.0,12.8,0.80,1006.4,-99.0,0.0,-9.9,-99,-999,新竹縣,10,寶山鄉,076
24.7367,121.0168,寶山,C0D580,2017-02-28T02:00:00+08:00,120.0,0.0,0.0,13.0,0.83,1007.2,-99.0,0.0,-9.9,-99,-999,新竹縣,10,寶山鄉,076
24.7367,121.0168,寶山,C0D580,2017-02-28T03:00:00+08:00,120.0,0.0,0.0,12.8,0.87,1007.1,-99.0,0.0,-9.9,-99,-999,新竹縣,10,寶山鄉,076
24.7367,121.0168,寶山,C0D580,2017-02-28T04:00:00+08:00,120.0,0.0,0.0,12.7,0.88,1006.9,-99.0,0.0,-9.9,-99,-999,新竹縣,10,寶山鄉,076
24.7367,121.0168,寶山,C0D580,2017-02-28T05:00:00+08:00,120.0,0.0,0.0,12.6,0.90,1007.1,-99.0,0.0,-9.9,-99,-999,新竹縣,10,寶山鄉,076
24.7367,121.0168,寶山,C0D580,2017-02-28T06:00:00+08:00,120.0,0.0,0.0,13.3,0.87,1007.4,-99.0,0.0,-9.9,-99,-999,新竹縣,10,寶山鄉,076
24.7367,121.0168,寶山,C0D580,2017-02-28T07:00:00+08:00,120.0,0.0,0.0,13.5,0.89,1008.3,-99.0,0.0,-9.9,-99,-999,新竹縣,10,寶山鄉,076
24.7367,121.0168,寶山,C0D580,2017-02-28T08:00:00+08:00,120.0,137.0,0.3,13.7,0.87,1008.2,-99.0,0.0,-9.9,-99,-999,新竹縣,10,寶山鄉,076
24.7367,121.0168,寶山,C0D580,2017-02-28T09:00:00+08:00,120.0,0.0,0.2,14.1,0.85,1008.4,-99.0,0.0,-9.9,-99,-999,新竹縣,10,寶山鄉,076
24.7367,121.0168,寶山,C0D580,2017-02-28T10:00:00+08:00,120.0,115.0,0.5,15.6,0.77,1007.9,-99.0,0.0,-9.9,-99,-999,新竹縣,10,寶山鄉,076
24.7367,121.0168,寶山,C0D580,2017-02-28T11:00:00+08:00,120.0,133.0,0.3,16.0,0.77,1007.9,-99.0,0.0,-9.9,-99,-999,新竹縣,10,寶山鄉,076
24.7367,121.0168,寶山,C0D580,2017-02-28T12:00:00+08:00,120.0,130.0,0.3,15.4,0.80,1007.3,-99.0,0.0,-9.9,-99,-999,新竹縣,10,寶山鄉,076
24.7367,121.0168,寶山,C0D580,2017-02-28T13:00:00+08:00,120.0,108.0,0.3,14.8,0.80,1006.8,-99.0,0.0,-9.9,-99,-999,新竹縣,10,寶山鄉,076
24.7367,121.0168,寶山,C0D580,2017-02-28T14:00:00+08:00,120.0,94.0,0.3,15.2,0.78,1005.7,-99.0,0.0,-9.9,-99,-999,新竹縣,10,寶山鄉,076
24.7367,121.0168,寶山,C0D580,2017-02-28T15:00:00+08:00,120.0,87.0,0.3,15.1,0.79,1004.6,-99.0,0.0,-9.9,-99,-999,新竹縣,10,寶山鄉,076
24.7367,121.0168,寶山,C0D580,2017-02-28T16:00:00+08:00,120.0,0.0,0.0,14.7,0.82,1004.1,-99.0,0.0,-9.9,-99,-999,新竹縣,10,寶山鄉,076
24.7367,121.0168,寶山,C0D580,2017-02-28T17:00:00+08:00,120.0,0.0,0.0,14.4,0.83,1004.2,-99.0,0.0,-9.9,-99,-999,新竹縣,10,寶山鄉,076
24.7367,121.0168,寶山,C0D580,2017-02-28T18:00:00+08:00,120.0,0.0,0.0,13.8,0.86,1004.6,-99.0,0.0,-9.9,-99,-999,新竹縣,10,寶山鄉,076
24.7367,121.0168,寶山,C0D580,2017-02-28T19:00:00+08:00,120.0,0.0,0.0,13.4,0.87,1005.1,-99.0,0.0,-9.9,-99,-999,新竹縣,10,寶山鄉,076
24.7367,121.0168,寶山,C0D580,2017-02-28T20:00:00+08:00,120.0,0.0,0.0,13.1,0.86,1005.1,-99.0,0.0,-9.9,-99,-999,新竹縣,10,寶山鄉,076
24.7367,121.0168,寶山,C0D580,2017-02-28T21:00:00+08:00,120.0,0.0,0.0,12.3,0.90,1005.2,-99.0,0.0,-9.9,-99,-999,新竹縣,10,寶山鄉,076
24.7367,121.0168,寶山,C0D580,2017-02-28T22:00:00+08:00,120.0,0.0,0.0,11.8,0.94,1005.2,-99.0,0.0,-9.9,-99,-999,新竹縣,10,寶山鄉,076
24.7367,121.0168,寶山,C0D580,2017-02-28T23:00:00+08:00,120.0,0.0,0.0,11.9,0.94,1005.5,-99.0,0.0,-9.9,-99,-999,新竹縣,10,寶山鄉,076
