24.4189,120.8664,j打,C0E520,2017-02-01T07:00:00+08:00,320.0,290.0,0.6,15.3,0.93,983.9,-99.0,0.0,-9.9,-99,-999,]呖,11,j打m,103
24.4189,120.8664,j打,C0E520,2017-02-01T05:00:00+08:00,320.0,275.0,1.0,14.7,0.95,983.5,-99.0,0.0,-9.9,-99,-999,]呖,11,j打m,103
24.4189,120.8664,j打,C0E520,2017-02-01T02:00:00+08:00,320.0,76.0,1.0,14.7,0.91,983.1,-99.0,0.0,-9.9,-99,-999,]呖,11,j打m,103
24.4189,120.8664,j打,C0E520,2017-02-01T11:00:00+08:00,320.0,38.0,1.5,18.6,0.79,984.5,-99.0,0.0,-9.9,-99,-999,]呖,11,j打m,103
24.4189,120.8664,j打,C0E520,2017-02-02T10:00:00+08:00,320.0,302.0,1.4,15.0,0.79,986.7,-99.0,0.0,-9.9,-99,-999,]呖,11,j打m,103
24.4189,120.8664,j打,C0E520,2017-02-02T09:00:00+08:00,320.0,130.0,0.8,14.2,0.82,986.9,-99.0,0.0,-9.9,-99,-999,]呖,11,j打m,103
24.4189,120.8664,j打,C0E520,2017-02-02T08:00:00+08:00,320.0,315.0,0.8,13.3,0.87,986.6,-99.0,0.0,-9.9,-99,-999,]呖,11,j打m,103
24.4189,120.8664,j打,C0E520,2017-02-02T14:00:00+08:00,320.0,41.0,2.0,19.4,0.63,983.3,-99.0,0.0,-9.9,-99,-999,]呖,11,j打m,103
24.4189,120.8664,j打,C0E520,2017-02-02T15:00:00+08:00,320.0,291.0,1.5,19.0,0.63,982.9,-99.0,0.0,-9.9,-99,-999,]呖,11,j打m,103
24.4189,120.8664,j打,C0E520,2017-02-02T19:00:00+08:00,320.0,119.0,0.6,13.1,0.86,984.4,-99.0,0.0,-9.9,-99,-999,]呖,11,j打m,103
24.4189,120.8664,j打,C0E520,2017-02-02T20:00:00+08:00,320.0,81.0,0.6,12.0,0.92,984.4,-99.0,0.0,-9.9,-99,-999,]呖,11,j打m,103
24.4189,120.8664,j打,C0E520,2017-02-02T21:00:00+08:00,320.0,81.0,0.5,11.4,0.95,984.4,-99.0,0.0,-9.9,-99,-999,]呖,11,j打m,103
24.4189,120.8664,j打,C0E520,2017-02-02T22:00:00+08:00,320.0,27.0,0.5,10.8,0.98,984.5,-99.0,0.0,-9.9,-99,-999,]呖,11,j打m,103
24.4189,120.8664,j打,C0E520,2017-02-02T23:00:00+08:00,320.0,82.0,0.4,10.4,0.99,984.4,-99.0,0.0,-9.9,-99,-999,]呖,11,j打m,103
24.4189,120.8664,j打,C0E520,2017-02-03T00:00:00+08:00,320.0,0.0,0.0,11.1,0.99,984.4,-99.0,0.0,-9.9,-99,-999,]呖,11,j打m,103
24.4189,120.8664,j打,C0E520,2017-02-03T01:00:00+08:00,320.0,0.0,0.0,11.6,0.98,984.2,-99.0,0.0,-9.9,-99,-999,]呖,11,j打m,103
24.4189,120.8664,j打,C0E520,2017-02-03T02:00:00+08:00,320.0,91.0,0.4,11.5,0.98,983.8,-99.0,0.0,-9.9,-99,-999,]呖,11,j打m,103
24.4189,120.8664,j打,C0E520,2017-02-03T03:00:00+08:00,320.0,0.0,0.2,11.9,0.98,983.8,-99.0,0.0,-9.9,-99,-999,]呖,11,j打m,103
24.4189,120.8664,j打,C0E520,2017-02-03T04:00:00+08:00,320.0,0.0,0.2,12.2,0.97,983.5,-99.0,0.0,-9.9,-99,-999,]呖,11,j打m,103
24.4189,120.8664,j打,C0E520,2017-02-03T05:00:00+08:00,320.0,0.0,0.2,12.7,0.97,983.8,-99.0,0.0,-9.9,-99,-999,]呖,11,j打m,103
24.4189,120.8664,j打,C0E520,2017-02-03T06:00:00+08:00,320.0,73.0,0.3,13.0,0.97,984.1,-99.0,0.0,-9.9,-99,-999,]呖,11,j打m,103
24.4189,120.8664,j打,C0E520,2017-02-03T07:00:00+08:00,320.0,0.0,0.1,12.7,0.98,984.3,-99.0,0.0,-9.9,-99,-999,]呖,11,j打m,103
24.4189,120.8664,j打,C0E520,2017-02-03T08:00:00+08:00,320.0,0.0,0.1,13.9,0.96,984.4,-99.0,0.0,-9.9,-99,-999,]呖,11,j打m,103
24.4189,120.8664,j打,C0E520,2017-02-03T11:00:00+08:00,320.0,12.0,1.8,19.8,0.66,983.8,-99.0,0.0,-9.9,-99,-999,]呖,11,j打m,103
24.4189,120.8664,j打,C0E520,2017-02-03T12:00:00+08:00,320.0,356.0,1.7,21.4,0.62,982.8,-99.0,0.0,-9.9,-99,-999,]呖,11,j打m,103
24.4189,120.8664,j打,C0E520,2017-02-03T13:00:00+08:00,320.0,330.0,1.0,22.1,0.64,981.9,-99.0,0.0,-9.9,-99,-999,]呖,11,j打m,103
24.4189,120.8664,j打,C0E520,2017-02-03T15:00:00+08:00,320.0,38.0,1.1,22.2,0.66,980.2,-99.0,-97.0,-9.9,-99,-999,]呖,11,j打m,103
24.4189,120.8664,j打,C0E520,2017-02-03T17:00:00+08:00,320.0,1.0,0.4,17.9,0.86,981.0,-99.0,0.0,-9.9,-99,-999,]呖,11,j打m,103
24.4189,120.8664,j打,C0E520,2017-02-03T18:00:00+08:00,320.0,347.0,0.5,16.8,0.92,981.6,-99.0,0.0,-9.9,-99,-999,]呖,11,j打m,103
24.4189,120.8664,j打,C0E520,2017-02-03T19:00:00+08:00,320.0,0.0,0.2,16.7,0.93,981.7,-99.0,0.0,-9.9,-99,-999,]呖,11,j打m,103
24.4189,120.8664,j打,C0E520,2017-02-03T20:00:00+08:00,320.0,0.0,0.0,16.7,0.94,981.8,-99.0,0.0,-9.9,-99,-999,]呖,11,j打m,103
24.4189,120.8664,j打,C0E520,2017-02-03T21:00:00+08:00,320.0,0.0,0.0,16.3,0.95,982.3,-99.0,0.0,-9.9,-99,-999,]呖,11,j打m,103
24.4189,120.8664,j打,C0E520,2017-02-03T22:00:00+08:00,320.0,196.0,0.8,16.4,0.94,982.6,-99.0,0.0,-9.9,-99,-999,]呖,11,j打m,103
24.4189,120.8664,j打,C0E520,2017-02-03T23:00:00+08:00,320.0,187.0,0.7,16.2,0.95,982.2,-99.0,0.0,-9.9,-99,-999,]呖,11,j打m,103
24.4189,120.8664,j打,C0E520,2017-02-04T00:00:00+08:00,320.0,0.0,0.0,16.2,0.96,982.6,-99.0,0.0,-9.9,-99,-999,]呖,11,j打m,103
24.4189,120.8664,j打,C0E520,2017-02-04T01:00:00+08:00,320.0,0.0,0.1,16.1,0.95,981.9,-99.0,0.0,-9.9,-99,-999,]呖,11,j打m,103
24.4189,120.8664,j打,C0E520,2017-02-04T02:00:00+08:00,320.0,0.0,0.2,16.1,0.95,981.2,-99.0,0.0,-9.9,-99,-999,]呖,11,j打m,103
24.4189,120.8664,j打,C0E520,2017-02-04T03:00:00+08:00,320.0,125.0,0.6,15.6,0.96,980.7,-99.0,0.0,-9.9,-99,-999,]呖,11,j打m,103
24.4189,120.8664,j打,C0E520,2017-02-04T04:00:00+08:00,320.0,0.0,0.1,15.4,0.97,980.4,-99.0,0.0,-9.9,-99,-999,]呖,11,j打m,103
24.4189,120.8664,j打,C0E520,2017-02-04T05:00:00+08:00,320.0,87.0,0.4,15.2,0.98,980.3,-99.0,0.0,-9.9,-99,-999,]呖,11,j打m,103
24.4189,120.8664,j打,C0E520,2017-02-04T06:00:00+08:00,320.0,283.0,0.4,14.6,0.99,981.0,-99.0,0.0,-9.9,-99,-999,]呖,11,j打m,103
24.4189,120.8664,j打,C0E520,2017-02-04T07:00:00+08:00,320.0,0.0,0.2,14.6,1.00,980.9,-99.0,0.0,-9.9,-99,-999,]呖,11,j打m,103
24.4189,120.8664,j打,C0E520,2017-02-04T08:00:00+08:00,320.0,0.0,0.0,15.1,0.99,981.4,-99.0,0.0,-9.9,-99,-999,]呖,11,j打m,103
24.4189,120.8664,j打,C0E520,2017-02-04T10:00:00+08:00,320.0,0.0,0.1,17.8,0.85,981.5,-99.0,0.0,-9.9,-99,-999,]呖,11,j打m,103
24.4189,120.8664,j打,C0E520,2017-02-04T11:00:00+08:00,320.0,222.0,1.0,19.8,0.73,980.8,-99.0,0.0,-9.9,-99,-999,]呖,11,j打m,103
24.4189,120.8664,j打,C0E520,2017-02-04T12:00:00+08:00,320.0,224.0,1.5,22.7,0.55,979.7,-99.0,0.0,-9.9,-99,-999,]呖,11,j打m,103
24.4189,120.8664,j打,C0E520,2017-02-04T13:00:00+08:00,320.0,213.0,1.4,24.2,0.48,978.4,-99.0,0.0,-9.9,-99,-999,]呖,11,j打m,103
24.4189,120.8664,j打,C0E520,2017-02-04T14:00:00+08:00,320.0,212.0,1.6,23.7,0.49,977.2,-99.0,0.0,-9.9,-99,-999,]呖,11,j打m,103
24.4189,120.8664,j打,C0E520,2017-02-04T15:00:00+08:00,320.0,333.0,0.8,21.5,0.71,977.0,-99.0,0.0,-9.9,-99,-999,]呖,11,j打m,103
24.4189,120.8664,j打,C0E520,2017-02-04T16:00:00+08:00,320.0,343.0,0.8,20.9,0.73,977.0,-99.0,0.0,-9.9,-99,-999,]呖,11,j打m,103
24.4189,120.8664,j打,C0E520,2017-02-04T17:00:00+08:00,320.0,78.0,0.6,20.2,0.77,976.9,-99.0,0.0,-9.9,-99,-999,]呖,11,j打m,103
24.4189,120.8664,j打,C0E520,2017-02-04T18:00:00+08:00,320.0,80.0,0.3,18.0,0.88,977.8,-99.0,0.0,-9.9,-99,-999,]呖,11,j打m,103
24.4189,120.8664,j打,C0E520,2017-02-04T19:00:00+08:00,320.0,0.0,0.2,17.5,0.91,978.2,-99.0,0.0,-9.9,-99,-999,]呖,11,j打m,103
24.4189,120.8664,j打,C0E520,2017-02-04T20:00:00+08:00,320.0,0.0,0.0,16.4,0.96,978.5,-99.0,0.0,-9.9,-99,-999,]呖,11,j打m,103
24.4189,120.8664,j打,C0E520,2017-02-04T22:00:00+08:00,320.0,82.0,0.7,15.6,0.99,978.5,-99.0,0.0,-9.9,-99,-999,]呖,11,j打m,103
24.4189,120.8664,j打,C0E520,2017-02-04T23:00:00+08:00,320.0,95.0,0.4,15.5,0.99,978.7,-99.0,0.0,-9.9,-99,-999,]呖,11,j打m,103
24.4189,120.8664,j打,C0E520,2017-02-05T00:00:00+08:00,320.0,0.0,0.0,15.1,0.99,978.8,-99.0,0.0,-9.9,-99,-999,]呖,11,j打m,103
24.4189,120.8664,j打,C0E520,2017-02-05T01:00:00+08:00,320.0,85.0,0.5,14.7,0.99,978.7,-99.0,0.0,-9.9,-99,-999,]呖,11,j打m,103
24.4189,120.8664,j打,C0E520,2017-02-05T02:00:00+08:00,320.0,91.0,0.7,14.8,0.99,978.2,-99.0,0.0,-9.9,-99,-999,]呖,11,j打m,103
24.4189,120.8664,j打,C0E520,2017-02-05T03:00:00+08:00,320.0,0.0,0.0,14.7,0.99,977.1,-99.0,0.0,-9.9,-99,-999,]呖,11,j打m,103
24.4189,120.8664,j打,C0E520,2017-02-05T04:00:00+08:00,320.0,0.0,0.2,14.7,0.99,977.1,-99.0,0.0,-9.9,-99,-999,]呖,11,j打m,103
24.4189,120.8664,j打,C0E520,2017-02-05T05:00:00+08:00,320.0,84.0,0.6,14.5,0.99,977.5,-99.0,0.0,-9.9,-99,-999,]呖,11,j打m,103
24.4189,120.8664,j打,C0E520,2017-02-05T06:00:00+08:00,320.0,0.0,0.0,14.1,1.00,978.2,-99.0,0.0,-9.9,-99,-999,]呖,11,j打m,103
24.4189,120.8664,j打,C0E520,2017-02-05T07:00:00+08:00,320.0,64.0,0.5,13.8,1.00,978.4,-99.0,0.0,-9.9,-99,-999,]呖,11,j打m,103
24.4189,120.8664,j打,C0E520,2017-02-05T08:00:00+08:00,320.0,323.0,1.0,15.0,0.98,978.7,-99.0,0.0,-9.9,-99,-999,]呖,11,j打m,103
24.4189,120.8664,j打,C0E520,2017-02-05T10:00:00+08:00,320.0,333.0,0.7,17.2,0.86,979.2,-99.0,0.0,-9.9,-99,-999,]呖,11,j打m,103
24.4189,120.8664,j打,C0E520,2017-02-05T11:00:00+08:00,320.0,72.0,0.8,18.9,0.79,978.2,-99.0,0.0,-9.9,-99,-999,]呖,11,j打m,103
24.4189,120.8664,j打,C0E520,2017-02-05T12:00:00+08:00,320.0,331.0,1.0,22.1,0.64,977.0,-99.0,0.0,-9.9,-99,-999,]呖,11,j打m,103
24.4189,120.8664,j打,C0E520,2017-02-05T13:00:00+08:00,320.0,318.0,1.6,21.8,0.65,976.1,-99.0,0.0,-9.9,-99,-999,]呖,11,j打m,103
24.4189,120.8664,j打,C0E520,2017-02-05T15:00:00+08:00,320.0,315.0,0.7,21.1,0.71,975.9,-99.0,0.0,-9.9,-99,-999,]呖,11,j打m,103
24.4189,120.8664,j打,C0E520,2017-02-05T16:00:00+08:00,320.0,327.0,0.9,20.6,0.73,975.5,-99.0,0.0,-9.9,-99,-999,]呖,11,j打m,103
24.4189,120.8664,j打,C0E520,2017-02-05T17:00:00+08:00,320.0,311.0,0.6,19.5,0.80,975.7,-99.0,0.0,-9.9,-99,-999,]呖,11,j打m,103
24.4189,120.8664,j打,C0E520,2017-02-05T18:00:00+08:00,320.0,22.0,1.3,18.3,0.85,975.6,-99.0,0.0,-9.9,-99,-999,]呖,11,j打m,103
24.4189,120.8664,j打,C0E520,2017-02-05T19:00:00+08:00,320.0,48.0,0.7,17.9,0.88,976.4,-99.0,0.0,-9.9,-99,-999,]呖,11,j打m,103
24.4189,120.8664,j打,C0E520,2017-02-05T20:00:00+08:00,320.0,128.0,1.3,17.5,0.88,976.7,-99.0,0.0,-9.9,-99,-999,]呖,11,j打m,103
24.4189,120.8664,j打,C0E520,2017-02-05T21:00:00+08:00,320.0,170.0,0.8,16.8,0.89,976.8,-99.0,0.0,-9.9,-99,-999,]呖,11,j打m,103
24.4189,120.8664,j打,C0E520,2017-02-05T22:00:00+08:00,320.0,203.0,0.5,16.2,0.90,977.0,-99.0,0.0,-9.9,-99,-999,]呖,11,j打m,103
24.4189,120.8664,j打,C0E520,2017-02-05T23:00:00+08:00,320.0,209.0,0.7,15.9,0.90,977.4,-99.0,0.0,-9.9,-99,-999,]呖,11,j打m,103
24.4189,120.8664,j打,C0E520,2017-02-06T00:00:00+08:00,320.0,234.0,0.7,15.8,0.89,976.8,-99.0,0.0,-9.9,-99,-999,]呖,11,j打m,103
24.4189,120.8664,j打,C0E520,2017-02-06T01:00:00+08:00,320.0,80.0,0.8,15.7,0.90,977.5,-99.0,0.0,-9.9,-99,-999,]呖,11,j打m,103
24.4189,120.8664,j打,C0E520,2017-02-06T02:00:00+08:00,320.0,0.0,0.2,15.4,0.92,977.3,-99.0,0.0,-9.9,-99,-999,]呖,11,j打m,103
24.4189,120.8664,j打,C0E520,2017-02-06T03:00:00+08:00,320.0,0.0,0.2,13.9,0.98,976.4,-99.0,0.0,-9.9,-99,-999,]呖,11,j打m,103
24.4189,120.8664,j打,C0E520,2017-02-06T04:00:00+08:00,320.0,19.0,0.8,14.9,0.95,976.7,-99.0,0.0,-9.9,-99,-999,]呖,11,j打m,103
24.4189,120.8664,j打,C0E520,2017-02-06T05:00:00+08:00,320.0,250.0,0.4,14.9,0.93,977.1,-99.0,0.0,-9.9,-99,-999,]呖,11,j打m,103
24.4189,120.8664,j打,C0E520,2017-02-06T06:00:00+08:00,320.0,74.0,0.9,14.7,0.93,977.8,-99.0,0.0,-9.9,-99,-999,]呖,11,j打m,103
24.4189,120.8664,j打,C0E520,2017-02-06T07:00:00+08:00,320.0,99.0,0.7,14.4,0.92,978.8,-99.0,0.0,-9.9,-99,-999,]呖,11,j打m,103
24.4189,120.8664,j打,C0E520,2017-02-06T08:00:00+08:00,320.0,304.0,0.9,14.9,0.89,979.4,-99.0,0.0,-9.9,-99,-999,]呖,11,j打m,103
24.4189,120.8664,j打,C0E520,2017-02-06T10:00:00+08:00,320.0,48.0,1.6,17.9,0.72,980.2,-99.0,0.0,-9.9,-99,-999,]呖,11,j打m,103
24.4189,120.8664,j打,C0E520,2017-02-06T11:00:00+08:00,320.0,332.0,1.2,20.4,0.63,980.2,-99.0,0.0,-9.9,-99,-999,]呖,11,j打m,103
24.4189,120.8664,j打,C0E520,2017-02-06T12:00:00+08:00,320.0,327.0,1.7,22.1,0.58,979.2,-99.0,0.0,-9.9,-99,-999,]呖,11,j打m,103
24.4189,120.8664,j打,C0E520,2017-02-06T13:00:00+08:00,320.0,318.0,1.5,23.4,0.54,978.6,-99.0,0.0,-9.9,-99,-999,]呖,11,j打m,103
24.4189,120.8664,j打,C0E520,2017-02-06T14:00:00+08:00,320.0,318.0,1.0,23.8,0.51,977.9,-99.0,0.0,-9.9,-99,-999,]呖,11,j打m,103
24.4189,120.8664,j打,C0E520,2017-02-06T15:00:00+08:00,320.0,5.0,1.8,23.2,0.52,977.4,-99.0,0.0,-9.9,-99,-999,]呖,11,j打m,103
24.4189,120.8664,j打,C0E520,2017-02-06T16:00:00+08:00,320.0,137.0,1.1,21.4,0.55,977.6,-99.0,0.0,-9.9,-99,-999,]呖,11,j打m,103
24.4189,120.8664,j打,C0E520,2017-02-06T17:00:00+08:00,320.0,356.0,1.4,18.7,0.62,977.8,-99.0,0.0,-9.9,-99,-999,]呖,11,j打m,103
24.4189,120.8664,j打,C0E520,2017-02-06T18:00:00+08:00,320.0,97.0,1.1,15.9,0.72,978.4,-99.0,0.0,-9.9,-99,-999,]呖,11,j打m,103
24.4189,120.8664,j打,C0E520,2017-02-06T19:00:00+08:00,320.0,174.0,1.2,14.4,0.77,978.9,-99.0,0.0,-9.9,-99,-999,]呖,11,j打m,103
24.4189,120.8664,j打,C0E520,2017-02-06T20:00:00+08:00,320.0,323.0,1.1,13.8,0.80,979.3,-99.0,0.0,-9.9,-99,-999,]呖,11,j打m,103
24.4189,120.8664,j打,C0E520,2017-02-06T21:00:00+08:00,320.0,74.0,0.9,13.1,0.83,979.5,-99.0,0.0,-9.9,-99,-999,]呖,11,j打m,103
24.4189,120.8664,j打,C0E520,2017-02-06T22:00:00+08:00,320.0,91.0,1.0,11.6,0.93,979.5,-99.0,0.0,-9.9,-99,-999,]呖,11,j打m,103
24.4189,120.8664,j打,C0E520,2017-02-06T23:00:00+08:00,320.0,0.0,0.0,11.1,0.96,979.7,-99.0,0.0,-9.9,-99,-999,]呖,11,j打m,103
24.4189,120.8664,j打,C0E520,2017-02-07T00:00:00+08:00,320.0,80.0,0.6,10.8,0.97,980.2,-99.0,0.0,-9.9,-99,-999,]呖,11,j打m,103
24.4189,120.8664,j打,C0E520,2017-02-07T01:00:00+08:00,320.0,65.0,0.8,10.6,0.98,980.4,-99.0,0.0,-9.9,-99,-999,]呖,11,j打m,103
24.4189,120.8664,j打,C0E520,2017-02-07T02:00:00+08:00,320.0,0.0,0.1,10.6,0.98,980.4,-99.0,0.0,-9.9,-99,-999,]呖,11,j打m,103
24.4189,120.8664,j打,C0E520,2017-02-07T03:00:00+08:00,320.0,0.0,0.1,11.3,0.96,980.1,-99.0,0.0,-9.9,-99,-999,]呖,11,j打m,103
24.4189,120.8664,j打,C0E520,2017-02-07T04:00:00+08:00,320.0,73.0,0.7,10.7,0.98,980.1,-99.0,0.0,-9.9,-99,-999,]呖,11,j打m,103
24.4189,120.8664,j打,C0E520,2017-02-07T05:00:00+08:00,320.0,11.0,0.5,11.5,0.95,980.1,-99.0,0.0,-9.9,-99,-999,]呖,11,j打m,103
24.4189,120.8664,j打,C0E520,2017-02-07T06:00:00+08:00,320.0,82.0,0.7,11.4,0.93,980.5,-99.0,0.0,-9.9,-99,-999,]呖,11,j打m,103
24.4189,120.8664,j打,C0E520,2017-02-07T07:00:00+08:00,320.0,88.0,0.4,11.3,0.96,980.7,-99.0,0.0,-9.9,-99,-999,]呖,11,j打m,103
24.4189,120.8664,j打,C0E520,2017-02-07T08:00:00+08:00,320.0,23.0,0.5,12.9,0.91,981.3,-99.0,0.0,-9.9,-99,-999,]呖,11,j打m,103
24.4189,120.8664,j打,C0E520,2017-02-07T10:00:00+08:00,320.0,337.0,0.9,16.3,0.75,981.8,-99.0,0.0,-9.9,-99,-999,]呖,11,j打m,103
24.4189,120.8664,j打,C0E520,2017-02-07T11:00:00+08:00,320.0,21.0,1.2,16.8,0.74,981.3,-99.0,0.0,-9.9,-99,-999,]呖,11,j打m,103
24.4189,120.8664,j打,C0E520,2017-02-07T12:00:00+08:00,320.0,14.0,1.5,17.8,0.70,980.6,-99.0,0.0,-9.9,-99,-999,]呖,11,j打m,103
24.4189,120.8664,j打,C0E520,2017-02-07T13:00:00+08:00,320.0,359.0,1.5,18.8,0.67,979.7,-99.0,0.0,-9.9,-99,-999,]呖,11,j打m,103
24.4189,120.8664,j打,C0E520,2017-02-07T14:00:00+08:00,320.0,313.0,0.9,19.8,0.63,979.1,-99.0,0.0,-9.9,-99,-999,]呖,11,j打m,103
24.4189,120.8664,j打,C0E520,2017-02-07T15:00:00+08:00,320.0,317.0,0.6,20.0,0.62,978.8,-99.0,0.0,-9.9,-99,-999,]呖,11,j打m,103
24.4189,120.8664,j打,C0E520,2017-02-07T16:00:00+08:00,320.0,27.0,1.1,20.8,0.58,978.6,-99.0,0.0,-9.9,-99,-999,]呖,11,j打m,103
24.4189,120.8664,j打,C0E520,2017-02-07T17:00:00+08:00,320.0,275.0,1.2,19.1,0.62,978.7,-99.0,0.0,-9.9,-99,-999,]呖,11,j打m,103
24.4189,120.8664,j打,C0E520,2017-02-07T18:00:00+08:00,320.0,87.0,0.6,15.9,0.78,978.9,-99.0,0.0,-9.9,-99,-999,]呖,11,j打m,103
24.4189,120.8664,j打,C0E520,2017-02-07T19:00:00+08:00,320.0,0.0,0.2,13.7,0.89,979.2,-99.0,0.0,-9.9,-99,-999,]呖,11,j打m,103
24.4189,120.8664,j打,C0E520,2017-02-07T20:00:00+08:00,320.0,112.0,0.3,12.8,0.96,979.6,-99.0,0.0,-9.9,-99,-999,]呖,11,j打m,103
24.4189,120.8664,j打,C0E520,2017-02-07T21:00:00+08:00,320.0,0.0,0.0,12.2,0.97,979.6,-99.0,0.0,-9.9,-99,-999,]呖,11,j打m,103
24.4189,120.8664,j打,C0E520,2017-02-07T22:00:00+08:00,320.0,0.0,0.1,11.7,0.99,979.7,-99.0,0.0,-9.9,-99,-999,]呖,11,j打m,103
24.4189,120.8664,j打,C0E520,2017-02-07T23:00:00+08:00,320.0,0.0,0.2,11.4,0.99,979.5,-99.0,0.0,-9.9,-99,-999,]呖,11,j打m,103
24.4189,120.8664,j打,C0E520,2017-02-08T00:00:00+08:00,320.0,106.0,0.3,10.9,0.99,979.5,-99.0,0.0,-9.9,-99,-999,]呖,11,j打m,103
24.4189,120.8664,j打,C0E520,2017-02-08T01:00:00+08:00,320.0,0.0,0.0,10.7,1.00,979.5,-99.0,0.0,-9.9,-99,-999,]呖,11,j打m,103
24.4189,120.8664,j打,C0E520,2017-02-08T02:00:00+08:00,320.0,0.0,0.0,10.4,1.00,979.2,-99.0,0.0,-9.9,-99,-999,]呖,11,j打m,103
24.4189,120.8664,j打,C0E520,2017-02-08T03:00:00+08:00,320.0,78.0,0.6,10.8,1.00,978.8,-99.0,0.0,-9.9,-99,-999,]呖,11,j打m,103
24.4189,120.8664,j打,C0E520,2017-02-08T04:00:00+08:00,320.0,0.0,0.1,11.4,1.00,978.8,-99.0,0.0,-9.9,-99,-999,]呖,11,j打m,103
24.4189,120.8664,j打,C0E520,2017-02-08T05:00:00+08:00,320.0,0.0,0.0,12.0,1.00,978.9,-99.0,0.0,-9.9,-99,-999,]呖,11,j打m,103
24.4189,120.8664,j打,C0E520,2017-02-08T06:00:00+08:00,320.0,0.0,0.2,12.1,1.00,979.4,-99.0,0.0,-9.9,-99,-999,]呖,11,j打m,103
24.4189,120.8664,j打,C0E520,2017-02-08T07:00:00+08:00,320.0,0.0,0.1,12.5,1.00,980.0,-99.0,0.0,-9.9,-99,-999,]呖,11,j打m,103
24.4189,120.8664,j打,C0E520,2017-02-08T08:00:00+08:00,320.0,12.0,1.1,13.2,0.98,980.5,-99.0,0.0,-9.9,-99,-999,]呖,11,j打m,103
24.4189,120.8664,j打,C0E520,2017-02-08T10:00:00+08:00,320.0,117.0,0.7,16.5,0.85,980.1,-99.0,0.0,-9.9,-99,-999,]呖,11,j打m,103
24.4189,120.8664,j打,C0E520,2017-02-08T11:00:00+08:00,320.0,324.0,0.7,17.6,0.80,980.3,-99.0,0.0,-9.9,-99,-999,]呖,11,j打m,103
24.4189,120.8664,j打,C0E520,2017-02-08T12:00:00+08:00,320.0,20.0,0.9,19.0,0.74,980.2,-99.0,0.0,-9.9,-99,-999,]呖,11,j打m,103
24.4189,120.8664,j打,C0E520,2017-02-08T13:00:00+08:00,320.0,273.0,1.1,19.8,0.74,979.6,-99.0,0.0,-9.9,-99,-999,]呖,11,j打m,103
24.4189,120.8664,j打,C0E520,2017-02-08T14:00:00+08:00,320.0,340.0,1.3,16.7,0.84,979.6,-99.0,0.0,-9.9,-99,-999,]呖,11,j打m,103
24.4189,120.8664,j打,C0E520,2017-02-08T15:00:00+08:00,320.0,347.0,1.3,18.3,0.76,979.0,-99.0,0.0,-9.9,-99,-999,]呖,11,j打m,103
24.4189,120.8664,j打,C0E520,2017-02-08T16:00:00+08:00,320.0,353.0,1.4,16.9,0.83,978.6,-99.0,0.0,-9.9,-99,-999,]呖,11,j打m,103
24.4189,120.8664,j打,C0E520,2017-02-08T17:00:00+08:00,320.0,43.0,1.5,15.3,0.90,978.9,-99.0,0.0,-9.9,-99,-999,]呖,11,j打m,103
24.4189,120.8664,j打,C0E520,2017-02-08T18:00:00+08:00,320.0,65.0,0.6,14.7,0.93,978.9,-99.0,0.0,-9.9,-99,-999,]呖,11,j打m,103
24.4189,120.8664,j打,C0E520,2017-02-08T19:00:00+08:00,320.0,100.0,0.5,14.4,0.94,979.4,-99.0,0.0,-9.9,-99,-999,]呖,11,j打m,103
24.4189,120.8664,j打,C0E520,2017-02-08T21:00:00+08:00,320.0,356.0,0.8,14.0,0.98,979.8,-99.0,0.0,-9.9,-99,-999,]呖,11,j打m,103
24.4189,120.8664,j打,C0E520,2017-02-08T22:00:00+08:00,320.0,114.0,1.1,14.0,0.97,981.1,-99.0,0.0,-9.9,-99,-999,]呖,11,j打m,103
24.4189,120.8664,j打,C0E520,2017-02-08T23:00:00+08:00,320.0,49.0,1.2,13.9,0.98,981.0,-99.0,0.0,-9.9,-99,-999,]呖,11,j打m,103
24.4189,120.8664,j打,C0E520,2017-02-09T00:00:00+08:00,320.0,86.0,1.3,13.7,0.96,981.5,-99.0,0.0,-9.9,-99,-999,]呖,11,j打m,103
24.4189,120.8664,j打,C0E520,2017-02-09T01:00:00+08:00,320.0,65.0,1.6,12.8,0.95,981.4,-99.0,0.0,-9.9,-99,-999,]呖,11,j打m,103
24.4189,120.8664,j打,C0E520,2017-02-09T02:00:00+08:00,320.0,182.0,0.9,12.3,0.93,980.6,-99.0,0.0,-9.9,-99,-999,]呖,11,j打m,103
24.4189,120.8664,j打,C0E520,2017-02-09T03:00:00+08:00,320.0,74.0,1.5,11.8,0.92,980.1,-99.0,0.0,-9.9,-99,-999,]呖,11,j打m,103
24.4189,120.8664,j打,C0E520,2017-02-09T04:00:00+08:00,320.0,121.0,2.1,10.9,0.94,980.6,-99.0,0.0,-9.9,-99,-999,]呖,11,j打m,103
24.4189,120.8664,j打,C0E520,2017-02-09T05:00:00+08:00,320.0,350.0,1.7,10.0,0.92,980.8,-99.0,0.0,-9.9,-99,-999,]呖,11,j打m,103
24.4189,120.8664,j打,C0E520,2017-02-09T06:00:00+08:00,320.0,41.0,1.5,9.7,0.90,981.3,-99.0,0.0,-9.9,-99,-999,]呖,11,j打m,103
24.4189,120.8664,j打,C0E520,2017-02-09T07:00:00+08:00,320.0,84.0,1.3,9.4,0.91,981.6,-99.0,0.0,-9.9,-99,-999,]呖,11,j打m,103
24.4189,120.8664,j打,C0E520,2017-02-09T08:00:00+08:00,320.0,138.0,1.5,9.2,0.90,982.2,-99.0,0.0,-9.9,-99,-999,]呖,11,j打m,103
24.4189,120.8664,j打,C0E520,2017-02-09T10:00:00+08:00,320.0,189.0,1.3,9.3,0.87,983.3,-99.0,0.0,-9.9,-99,-999,]呖,11,j打m,103
24.4189,120.8664,j打,C0E520,2017-02-09T11:00:00+08:00,320.0,128.0,1.3,9.5,0.84,983.0,-99.0,0.0,-9.9,-99,-999,]呖,11,j打m,103
24.4189,120.8664,j打,C0E520,2017-02-09T12:00:00+08:00,320.0,276.0,1.7,10.3,0.78,982.1,-99.0,0.0,-9.9,-99,-999,]呖,11,j打m,103
24.4189,120.8664,j打,C0E520,2017-02-09T13:00:00+08:00,320.0,243.0,1.8,9.9,0.80,980.8,-99.0,0.0,-9.9,-99,-999,]呖,11,j打m,103
24.4189,120.8664,j打,C0E520,2017-02-09T14:00:00+08:00,320.0,219.0,1.3,9.2,0.80,980.2,-99.0,0.0,-9.9,-99,-999,]呖,11,j打m,103
24.4189,120.8664,j打,C0E520,2017-02-09T15:00:00+08:00,320.0,259.0,1.7,9.1,0.78,980.8,-99.0,0.0,-9.9,-99,-999,]呖,11,j打m,103
24.4189,120.8664,j打,C0E520,2017-02-09T16:00:00+08:00,320.0,250.0,1.7,9.0,0.78,980.8,-99.0,0.0,-9.9,-99,-999,]呖,11,j打m,103
24.4189,120.8664,j打,C0E520,2017-02-09T17:00:00+08:00,320.0,290.0,1.1,8.7,0.80,981.0,-99.0,0.0,-9.9,-99,-999,]呖,11,j打m,103
24.4189,120.8664,j打,C0E520,2017-02-09T18:00:00+08:00,320.0,174.0,1.4,8.2,0.81,981.1,-99.0,0.0,-9.9,-99,-999,]呖,11,j打m,103
24.4189,120.8664,j打,C0E520,2017-02-09T19:00:00+08:00,320.0,43.0,1.7,8.2,0.78,981.6,-99.0,0.0,-9.9,-99,-999,]呖,11,j打m,103
24.4189,120.8664,j打,C0E520,2017-02-09T20:00:00+08:00,320.0,271.0,1.2,8.3,0.78,982.0,-99.0,0.0,-9.9,-99,-999,]呖,11,j打m,103
24.4189,120.8664,j打,C0E520,2017-02-09T21:00:00+08:00,320.0,222.0,1.5,8.8,0.69,982.2,-99.0,0.0,-9.9,-99,-999,]呖,11,j打m,103
24.4189,120.8664,j打,C0E520,2017-02-09T22:00:00+08:00,320.0,214.0,1.1,9.0,0.57,982.3,-99.0,0.0,-9.9,-99,-999,]呖,11,j打m,103
24.4189,120.8664,j打,C0E520,2017-02-09T23:00:00+08:00,320.0,268.0,1.6,8.9,0.51,982.2,-99.0,0.0,-9.9,-99,-999,]呖,11,j打m,103
24.4189,120.8664,j打,C0E520,2017-02-10T00:00:00+08:00,320.0,286.0,1.4,8.6,0.58,982.4,-99.0,0.0,-9.9,-99,-999,]呖,11,j打m,103
24.4189,120.8664,j打,C0E520,2017-02-10T01:00:00+08:00,320.0,250.0,1.0,8.5,0.66,982.8,-99.0,0.0,-9.9,-99,-999,]呖,11,j打m,103
24.4189,120.8664,j打,C0E520,2017-02-10T02:00:00+08:00,320.0,225.0,1.1,8.1,0.68,982.8,-99.0,0.0,-9.9,-99,-999,]呖,11,j打m,103
24.4189,120.8664,j打,C0E520,2017-02-10T03:00:00+08:00,320.0,290.0,1.5,7.5,0.72,982.4,-99.0,0.0,-9.9,-99,-999,]呖,11,j打m,103
24.4189,120.8664,j打,C0E520,2017-02-10T04:00:00+08:00,320.0,237.0,0.7,7.6,0.75,981.5,-99.0,0.0,-9.9,-99,-999,]呖,11,j打m,103
24.4189,120.8664,j打,C0E520,2017-02-10T05:00:00+08:00,320.0,56.0,0.8,7.7,0.74,982.3,-99.0,0.0,-9.9,-99,-999,]呖,11,j打m,103
24.4189,120.8664,j打,C0E520,2017-02-10T06:00:00+08:00,320.0,84.0,1.4,7.8,0.69,983.2,-99.0,0.0,-9.9,-99,-999,]呖,11,j打m,103
24.4189,120.8664,j打,C0E520,2017-02-10T07:00:00+08:00,320.0,224.0,1.0,7.6,0.72,983.8,-99.0,0.0,-9.9,-99,-999,]呖,11,j打m,103
24.4189,120.8664,j打,C0E520,2017-02-10T08:00:00+08:00,320.0,140.0,1.2,8.0,0.72,984.2,-99.0,0.0,-9.9,-99,-999,]呖,11,j打m,103
24.4189,120.8664,j打,C0E520,2017-02-10T09:00:00+08:00,320.0,225.0,1.3,9.5,0.66,984.7,-99.0,0.0,-9.9,-99,-999,]呖,11,j打m,103
24.4189,120.8664,j打,C0E520,2017-02-10T10:00:00+08:00,320.0,111.0,1.6,10.7,0.61,985.2,-99.0,0.0,-9.9,-99,-999,]呖,11,j打m,103
24.4189,120.8664,j打,C0E520,2017-02-10T11:00:00+08:00,320.0,69.0,1.3,11.3,0.58,985.3,-99.0,0.0,-9.9,-99,-999,]呖,11,j打m,103
24.4189,120.8664,j打,C0E520,2017-02-10T12:00:00+08:00,320.0,253.0,1.6,11.9,0.57,984.7,-99.0,0.0,-9.9,-99,-999,]呖,11,j打m,103
24.4189,120.8664,j打,C0E520,2017-02-10T13:00:00+08:00,320.0,290.0,2.0,12.7,0.54,983.3,-99.0,0.0,-9.9,-99,-999,]呖,11,j打m,103
24.4189,120.8664,j打,C0E520,2017-02-10T15:00:00+08:00,320.0,236.0,1.6,10.7,0.63,983.2,-99.0,0.0,-9.9,-99,-999,]呖,11,j打m,103
24.4189,120.8664,j打,C0E520,2017-02-10T16:00:00+08:00,320.0,210.0,1.3,9.8,0.67,983.7,-99.0,0.0,-9.9,-99,-999,]呖,11,j打m,103
24.4189,120.8664,j打,C0E520,2017-02-10T17:00:00+08:00,320.0,287.0,1.0,9.8,0.68,984.1,-99.0,0.0,-9.9,-99,-999,]呖,11,j打m,103
24.4189,120.8664,j打,C0E520,2017-02-10T18:00:00+08:00,320.0,267.0,1.5,9.6,0.70,984.4,-99.0,0.0,-9.9,-99,-999,]呖,11,j打m,103
24.4189,120.8664,j打,C0E520,2017-02-10T19:00:00+08:00,320.0,165.0,1.1,9.3,0.69,984.8,-99.0,0.0,-9.9,-99,-999,]呖,11,j打m,103
24.4189,120.8664,j打,C0E520,2017-02-10T20:00:00+08:00,320.0,147.0,1.2,9.1,0.69,985.0,-99.0,0.0,-9.9,-99,-999,]呖,11,j打m,103
24.4189,120.8664,j打,C0E520,2017-02-10T21:00:00+08:00,320.0,202.0,0.8,9.1,0.68,985.7,-99.0,0.0,-9.9,-99,-999,]呖,11,j打m,103
24.4189,120.8664,j打,C0E520,2017-02-10T22:00:00+08:00,320.0,280.0,0.9,9.1,0.67,985.9,-99.0,0.0,-9.9,-99,-999,]呖,11,j打m,103
24.4189,120.8664,j打,C0E520,2017-02-10T23:00:00+08:00,320.0,288.0,1.3,9.2,0.67,986.3,-99.0,0.0,-9.9,-99,-999,]呖,11,j打m,103
24.4189,120.8664,j打,C0E520,2017-02-11T00:00:00+08:00,320.0,50.0,0.8,8.9,0.68,986.2,-99.0,0.0,-9.9,-99,-999,]呖,11,j打m,103
24.4189,120.8664,j打,C0E520,2017-02-11T01:00:00+08:00,320.0,158.0,0.7,9.0,0.67,986.3,-99.0,0.0,-9.9,-99,-999,]呖,11,j打m,103
24.4189,120.8664,j打,C0E520,2017-02-11T02:00:00+08:00,320.0,87.0,1.0,9.0,0.64,986.0,-99.0,0.0,-9.9,-99,-999,]呖,11,j打m,103
24.4189,120.8664,j打,C0E520,2017-02-11T03:00:00+08:00,320.0,134.0,0.7,8.9,0.64,985.9,-99.0,0.0,-9.9,-99,-999,]呖,11,j打m,103
24.4189,120.8664,j打,C0E520,2017-02-11T04:00:00+08:00,320.0,167.0,0.9,8.9,0.64,985.7,-99.0,0.0,-9.9,-99,-999,]呖,11,j打m,103
24.4189,120.8664,j打,C0E520,2017-02-11T05:00:00+08:00,320.0,203.0,0.7,8.9,0.66,985.9,-99.0,0.0,-9.9,-99,-999,]呖,11,j打m,103
24.4189,120.8664,j打,C0E520,2017-02-11T06:00:00+08:00,320.0,262.0,0.9,8.9,0.65,986.5,-99.0,0.0,-9.9,-99,-999,]呖,11,j打m,103
24.4189,120.8664,j打,C0E520,2017-02-11T07:00:00+08:00,320.0,100.0,0.8,9.0,0.65,987.3,-99.0,0.0,-9.9,-99,-999,]呖,11,j打m,103
24.4189,120.8664,j打,C0E520,2017-02-11T08:00:00+08:00,320.0,71.0,0.8,9.5,0.63,987.9,-99.0,0.0,-9.9,-99,-999,]呖,11,j打m,103
24.4189,120.8664,j打,C0E520,2017-02-11T09:00:00+08:00,320.0,305.0,0.9,10.3,0.61,988.4,-99.0,0.0,-9.9,-99,-999,]呖,11,j打m,103
24.4189,120.8664,j打,C0E520,2017-02-11T10:00:00+08:00,320.0,297.0,1.5,12.0,0.56,988.9,-99.0,0.0,-9.9,-99,-999,]呖,11,j打m,103
24.4189,120.8664,j打,C0E520,2017-02-11T11:00:00+08:00,320.0,254.0,1.0,11.8,0.57,988.9,-99.0,0.0,-9.9,-99,-999,]呖,11,j打m,103
24.4189,120.8664,j打,C0E520,2017-02-11T12:00:00+08:00,320.0,262.0,1.6,11.9,0.57,988.3,-99.0,0.0,-9.9,-99,-999,]呖,11,j打m,103
24.4189,120.8664,j打,C0E520,2017-02-11T13:00:00+08:00,320.0,303.0,2.0,14.0,0.52,987.1,-99.0,0.0,-9.9,-99,-999,]呖,11,j打m,103
24.4189,120.8664,j打,C0E520,2017-02-11T14:00:00+08:00,320.0,31.0,2.0,14.6,0.52,986.5,-99.0,0.0,-9.9,-99,-999,]呖,11,j打m,103
24.4189,120.8664,j打,C0E520,2017-02-11T15:00:00+08:00,320.0,205.0,1.0,14.3,0.53,986.4,-99.0,0.0,-9.9,-99,-999,]呖,11,j打m,103
24.4189,120.8664,j打,C0E520,2017-02-11T16:00:00+08:00,320.0,319.0,1.2,14.1,0.53,986.4,-99.0,0.0,-9.9,-99,-999,]呖,11,j打m,103
24.4189,120.8664,j打,C0E520,2017-02-11T17:00:00+08:00,320.0,84.0,1.0,11.9,0.62,987.1,-99.0,0.0,-9.9,-99,-999,]呖,11,j打m,103
24.4189,120.8664,j打,C0E520,2017-02-11T18:00:00+08:00,320.0,136.0,1.0,10.3,0.68,987.5,-99.0,0.0,-9.9,-99,-999,]呖,11,j打m,103
24.4189,120.8664,j打,C0E520,2017-02-11T19:00:00+08:00,320.0,108.0,1.0,9.3,0.72,987.9,-99.0,0.0,-9.9,-99,-999,]呖,11,j打m,103
24.4189,120.8664,j打,C0E520,2017-02-11T20:00:00+08:00,320.0,339.0,0.6,9.0,0.75,988.3,-99.0,0.0,-9.9,-99,-999,]呖,11,j打m,103
24.4189,120.8664,j打,C0E520,2017-02-11T21:00:00+08:00,320.0,75.0,1.0,8.8,0.76,988.5,-99.0,0.0,-9.9,-99,-999,]呖,11,j打m,103
24.4189,120.8664,j打,C0E520,2017-02-11T22:00:00+08:00,320.0,155.0,0.9,8.7,0.77,988.6,-99.0,0.0,-9.9,-99,-999,]呖,11,j打m,103
24.4189,120.8664,j打,C0E520,2017-02-11T23:00:00+08:00,320.0,88.0,0.6,8.5,0.78,988.8,-99.0,0.0,-9.9,-99,-999,]呖,11,j打m,103
24.4189,120.8664,j打,C0E520,2017-02-12T00:00:00+08:00,320.0,86.0,0.8,8.2,0.82,988.7,-99.0,0.0,-9.9,-99,-999,]呖,11,j打m,103
24.4189,120.8664,j打,C0E520,2017-02-12T01:00:00+08:00,320.0,74.0,0.7,8.1,0.84,988.6,-99.0,0.0,-9.9,-99,-999,]呖,11,j打m,103
24.4189,120.8664,j打,C0E520,2017-02-12T02:00:00+08:00,320.0,0.0,0.2,8.1,0.85,988.2,-99.0,0.0,-9.9,-99,-999,]呖,11,j打m,103
24.4189,120.8664,j打,C0E520,2017-02-12T03:00:00+08:00,320.0,65.0,0.6,7.7,0.89,988.0,-99.0,0.0,-9.9,-99,-999,]呖,11,j打m,103
24.4189,120.8664,j打,C0E520,2017-02-12T04:00:00+08:00,320.0,64.0,0.4,7.1,0.92,988.1,-99.0,0.0,-9.9,-99,-999,]呖,11,j打m,103
24.4189,120.8664,j打,C0E520,2017-02-12T05:00:00+08:00,320.0,51.0,0.3,6.3,0.95,988.3,-99.0,0.0,-9.9,-99,-999,]呖,11,j打m,103
24.4189,120.8664,j打,C0E520,2017-02-12T06:00:00+08:00,320.0,0.0,0.0,5.9,0.97,988.7,-99.0,0.0,-9.9,-99,-999,]呖,11,j打m,103
24.4189,120.8664,j打,C0E520,2017-02-12T07:00:00+08:00,320.0,66.0,0.5,5.7,0.99,989.3,-99.0,0.0,-9.9,-99,-999,]呖,11,j打m,103
24.4189,120.8664,j打,C0E520,2017-02-12T08:00:00+08:00,320.0,356.0,0.4,6.9,0.98,989.5,-99.0,0.0,-9.9,-99,-999,]呖,11,j打m,103
24.4189,120.8664,j打,C0E520,2017-02-12T10:00:00+08:00,320.0,297.0,0.8,13.3,0.64,989.6,-99.0,0.0,-9.9,-99,-999,]呖,11,j打m,103
24.4189,120.8664,j打,C0E520,2017-02-12T11:00:00+08:00,320.0,37.0,1.2,16.4,0.55,989.3,-99.0,0.0,-9.9,-99,-999,]呖,11,j打m,103
24.4189,120.8664,j打,C0E520,2017-02-12T12:00:00+08:00,320.0,226.0,1.1,18.2,0.48,988.5,-99.0,0.0,-9.9,-99,-999,]呖,11,j打m,103
24.4189,120.8664,j打,C0E520,2017-02-12T13:00:00+08:00,320.0,324.0,1.0,18.1,0.49,987.6,-99.0,0.0,-9.9,-99,-999,]呖,11,j打m,103
24.4189,120.8664,j打,C0E520,2017-02-12T14:00:00+08:00,320.0,307.0,1.0,18.3,0.51,986.8,-99.0,0.0,-9.9,-99,-999,]呖,11,j打m,103
24.4189,120.8664,j打,C0E520,2017-02-12T15:00:00+08:00,320.0,333.0,1.2,18.3,0.52,986.4,-99.0,0.0,-9.9,-99,-999,]呖,11,j打m,103
24.4189,120.8664,j打,C0E520,2017-02-12T16:00:00+08:00,320.0,340.0,0.9,17.2,0.56,986.6,-99.0,0.0,-9.9,-99,-999,]呖,11,j打m,103
24.4189,120.8664,j打,C0E520,2017-02-12T17:00:00+08:00,320.0,261.0,1.1,16.2,0.58,987.0,-99.0,0.0,-9.9,-99,-999,]呖,11,j打m,103
24.4189,120.8664,j打,C0E520,2017-02-12T18:00:00+08:00,320.0,277.0,0.8,14.3,0.66,987.3,-99.0,0.0,-9.9,-99,-999,]呖,11,j打m,103
24.4189,120.8664,j打,C0E520,2017-02-12T19:00:00+08:00,320.0,84.0,1.2,13.4,0.71,987.6,-99.0,0.0,-9.9,-99,-999,]呖,11,j打m,103
24.4189,120.8664,j打,C0E520,2017-02-12T20:00:00+08:00,320.0,36.0,0.9,13.0,0.74,988.0,-99.0,0.0,-9.9,-99,-999,]呖,11,j打m,103
24.4189,120.8664,j打,C0E520,2017-02-12T21:00:00+08:00,320.0,9.0,0.9,12.4,0.77,988.5,-99.0,0.0,-9.9,-99,-999,]呖,11,j打m,103
24.4189,120.8664,j打,C0E520,2017-02-12T22:00:00+08:00,320.0,42.0,0.8,12.0,0.79,988.7,-99.0,0.0,-9.9,-99,-999,]呖,11,j打m,103
24.4189,120.8664,j打,C0E520,2017-02-12T23:00:00+08:00,320.0,66.0,0.6,11.4,0.84,988.8,-99.0,0.0,-9.9,-99,-999,]呖,11,j打m,103
24.4189,120.8664,j打,C0E520,2017-02-13T00:00:00+08:00,320.0,71.0,0.5,10.6,0.90,989.0,-99.0,0.0,-9.9,-99,-999,]呖,11,j打m,103
24.4189,120.8664,j打,C0E520,2017-02-13T01:00:00+08:00,320.0,89.0,0.5,10.2,0.92,988.8,-99.0,0.0,-9.9,-99,-999,]呖,11,j打m,103
24.4189,120.8664,j打,C0E520,2017-02-13T02:00:00+08:00,320.0,93.0,0.3,9.1,0.97,988.5,-99.0,0.0,-9.9,-99,-999,]呖,11,j打m,103
24.4189,120.8664,j打,C0E520,2017-02-13T03:00:00+08:00,320.0,91.0,0.6,8.8,0.99,988.5,-99.0,0.0,-9.9,-99,-999,]呖,11,j打m,103
24.4189,120.8664,j打,C0E520,2017-02-13T04:00:00+08:00,320.0,0.0,0.2,7.9,1.00,988.4,-99.0,0.0,-9.9,-99,-999,]呖,11,j打m,103
24.4189,120.8664,j打,C0E520,2017-02-13T05:00:00+08:00,320.0,84.0,0.3,7.5,1.00,988.6,-99.0,0.0,-9.9,-99,-999,]呖,11,j打m,103
24.4189,120.8664,j打,C0E520,2017-02-13T06:00:00+08:00,320.0,0.0,0.0,7.0,1.00,989.1,-99.0,0.0,-9.9,-99,-999,]呖,11,j打m,103
24.4189,120.8664,j打,C0E520,2017-02-13T07:00:00+08:00,320.0,0.0,0.0,6.6,1.00,989.8,-99.0,0.0,-9.9,-99,-999,]呖,11,j打m,103
24.4189,120.8664,j打,C0E520,2017-02-13T08:00:00+08:00,320.0,0.0,0.2,7.7,1.00,990.3,-99.0,0.0,-9.9,-99,-999,]呖,11,j打m,103
24.4189,120.8664,j打,C0E520,2017-02-13T10:00:00+08:00,320.0,330.0,1.4,18.1,0.58,990.2,-99.0,0.0,-9.9,-99,-999,]呖,11,j打m,103
24.4189,120.8664,j打,C0E520,2017-02-13T11:00:00+08:00,320.0,39.0,1.8,19.9,0.51,989.9,-99.0,0.0,-9.9,-99,-999,]呖,11,j打m,103
24.4189,120.8664,j打,C0E520,2017-02-13T12:00:00+08:00,320.0,335.0,1.0,21.4,0.46,989.5,-99.0,0.0,-9.9,-99,-999,]呖,11,j打m,103
24.4189,120.8664,j打,C0E520,2017-02-13T13:00:00+08:00,320.0,305.0,1.3,22.6,0.44,988.8,-99.0,0.0,-9.9,-99,-999,]呖,11,j打m,103
24.4189,120.8664,j打,C0E520,2017-02-13T14:00:00+08:00,320.0,318.0,1.6,22.8,0.44,988.2,-99.0,0.0,-9.9,-99,-999,]呖,11,j打m,103
24.4189,120.8664,j打,C0E520,2017-02-13T15:00:00+08:00,320.0,317.0,1.6,22.3,0.47,987.9,-99.0,0.0,-9.9,-99,-999,]呖,11,j打m,103
24.4189,120.8664,j打,C0E520,2017-02-13T16:00:00+08:00,320.0,360.0,1.8,21.0,0.49,987.8,-99.0,0.0,-9.9,-99,-999,]呖,11,j打m,103
24.4189,120.8664,j打,C0E520,2017-02-13T17:00:00+08:00,320.0,296.0,0.6,19.7,0.54,988.2,-99.0,0.0,-9.9,-99,-999,]呖,11,j打m,103
24.4189,120.8664,j打,C0E520,2017-02-13T18:00:00+08:00,320.0,306.0,0.8,16.8,0.64,988.8,-99.0,0.0,-9.9,-99,-999,]呖,11,j打m,103
24.4189,120.8664,j打,C0E520,2017-02-13T19:00:00+08:00,320.0,83.0,0.6,14.2,0.78,989.2,-99.0,0.0,-9.9,-99,-999,]呖,11,j打m,103
24.4189,120.8664,j打,C0E520,2017-02-13T20:00:00+08:00,320.0,32.0,0.3,12.7,0.86,990.1,-99.0,0.0,-9.9,-99,-999,]呖,11,j打m,103
24.4189,120.8664,j打,C0E520,2017-02-13T21:00:00+08:00,320.0,76.0,0.5,11.3,0.94,990.7,-99.0,0.0,-9.9,-99,-999,]呖,11,j打m,103
24.4189,120.8664,j打,C0E520,2017-02-13T22:00:00+08:00,320.0,88.0,0.4,10.6,0.97,990.7,-99.0,0.0,-9.9,-99,-999,]呖,11,j打m,103
24.4189,120.8664,j打,C0E520,2017-02-13T23:00:00+08:00,320.0,0.0,0.1,9.9,0.99,991.1,-99.0,0.0,-9.9,-99,-999,]呖,11,j打m,103
24.4189,120.8664,j打,C0E520,2017-02-14T00:00:00+08:00,320.0,0.0,0.0,9.1,0.99,990.8,-99.0,0.0,-9.9,-99,-999,]呖,11,j打m,103
24.4189,120.8664,j打,C0E520,2017-02-14T01:00:00+08:00,320.0,0.0,0.0,8.7,1.00,990.8,-99.0,0.0,-9.9,-99,-999,]呖,11,j打m,103
24.4189,120.8664,j打,C0E520,2017-02-14T02:00:00+08:00,320.0,91.0,0.6,8.2,1.00,990.6,-99.0,0.0,-9.9,-99,-999,]呖,11,j打m,103
24.4189,120.8664,j打,C0E520,2017-02-14T03:00:00+08:00,320.0,0.0,0.0,7.9,1.00,990.4,-99.0,0.0,-9.9,-99,-999,]呖,11,j打m,103
24.4189,120.8664,j打,C0E520,2017-02-14T04:00:00+08:00,320.0,0.0,0.0,7.3,1.00,990.4,-99.0,0.0,-9.9,-99,-999,]呖,11,j打m,103
24.4189,120.8664,j打,C0E520,2017-02-14T05:00:00+08:00,320.0,0.0,0.0,7.1,1.00,990.7,-99.0,0.0,-9.9,-99,-999,]呖,11,j打m,103
24.4189,120.8664,j打,C0E520,2017-02-14T06:00:00+08:00,320.0,0.0,0.0,6.9,1.00,991.2,-99.0,0.0,-9.9,-99,-999,]呖,11,j打m,103
24.4189,120.8664,j打,C0E520,2017-02-14T07:00:00+08:00,320.0,0.0,0.0,6.7,1.00,991.9,-99.0,0.0,-9.9,-99,-999,]呖,11,j打m,103
24.4189,120.8664,j打,C0E520,2017-02-14T08:00:00+08:00,320.0,0.0,0.0,7.9,1.00,992.6,-99.0,0.0,-9.9,-99,-999,]呖,11,j打m,103
24.4189,120.8664,j打,C0E520,2017-02-14T09:00:00+08:00,320.0,160.0,0.7,11.6,0.93,992.6,-99.0,0.0,-9.9,-99,-999,]呖,11,j打m,103
24.4189,120.8664,j打,C0E520,2017-02-14T10:00:00+08:00,320.0,341.0,1.0,18.5,0.60,992.4,-99.0,0.0,-9.9,-99,-999,]呖,11,j打m,103
24.4189,120.8664,j打,C0E520,2017-02-14T11:00:00+08:00,320.0,21.0,1.8,20.7,0.52,991.8,-99.0,0.0,-9.9,-99,-999,]呖,11,j打m,103
24.4189,120.8664,j打,C0E520,2017-02-14T12:00:00+08:00,320.0,347.0,1.7,21.9,0.48,991.3,-99.0,0.0,-9.9,-99,-999,]呖,11,j打m,103
24.4189,120.8664,j打,C0E520,2017-02-14T13:00:00+08:00,320.0,344.0,1.3,22.9,0.41,990.4,-99.0,0.0,-9.9,-99,-999,]呖,11,j打m,103
24.4189,120.8664,j打,C0E520,2017-02-14T14:00:00+08:00,320.0,336.0,1.2,21.6,0.47,989.8,-99.0,0.0,-9.9,-99,-999,]呖,11,j打m,103
24.4189,120.8664,j打,C0E520,2017-02-14T15:00:00+08:00,320.0,345.0,1.1,20.5,0.50,989.7,-99.0,0.0,-9.9,-99,-999,]呖,11,j打m,103
24.4189,120.8664,j打,C0E520,2017-02-14T16:00:00+08:00,320.0,336.0,0.8,20.1,0.52,989.6,-99.0,0.0,-9.9,-99,-999,]呖,11,j打m,103
24.4189,120.8664,j打,C0E520,2017-02-14T17:00:00+08:00,320.0,320.0,0.6,19.5,0.54,989.6,-99.0,0.0,-9.9,-99,-999,]呖,11,j打m,103
24.4189,120.8664,j打,C0E520,2017-02-14T18:00:00+08:00,320.0,0.0,0.1,16.7,0.64,989.8,-99.0,0.0,-9.9,-99,-999,]呖,11,j打m,103
24.4189,120.8664,j打,C0E520,2017-02-14T19:00:00+08:00,320.0,73.0,0.6,16.0,0.65,990.2,-99.0,0.0,-9.9,-99,-999,]呖,11,j打m,103
24.4189,120.8664,j打,C0E520,2017-02-14T20:00:00+08:00,320.0,44.0,0.3,15.0,0.71,990.7,-99.0,0.0,-9.9,-99,-999,]呖,11,j打m,103
24.4189,120.8664,j打,C0E520,2017-02-14T21:00:00+08:00,320.0,91.0,0.9,13.1,0.81,991.0,-99.0,0.0,-9.9,-99,-999,]呖,11,j打m,103
24.4189,120.8664,j打,C0E520,2017-02-14T22:00:00+08:00,320.0,0.0,0.0,11.6,0.91,991.2,-99.0,0.0,-9.9,-99,-999,]呖,11,j打m,103
24.4189,120.8664,j打,C0E520,2017-02-14T23:00:00+08:00,320.0,0.0,0.0,11.2,0.93,991.2,-99.0,0.0,-9.9,-99,-999,]呖,11,j打m,103
24.4189,120.8664,j打,C0E520,2017-02-15T00:00:00+08:00,320.0,0.0,0.1,11.0,0.94,991.1,-99.0,0.0,-9.9,-99,-999,]呖,11,j打m,103
24.4189,120.8664,j打,C0E520,2017-02-15T01:00:00+08:00,320.0,0.0,0.2,10.3,0.96,990.7,-99.0,0.0,-9.9,-99,-999,]呖,11,j打m,103
24.4189,120.8664,j打,C0E520,2017-02-15T03:00:00+08:00,320.0,0.0,0.0,9.0,0.99,989.7,-99.0,0.0,-9.9,-99,-999,]呖,11,j打m,103
24.4189,120.8664,j打,C0E520,2017-02-15T04:00:00+08:00,320.0,175.0,0.3,8.5,1.00,989.5,-99.0,0.0,-9.9,-99,-999,]呖,11,j打m,103
24.4189,120.8664,j打,C0E520,2017-02-15T05:00:00+08:00,320.0,0.0,0.0,8.1,1.00,989.7,-99.0,0.0,-9.9,-99,-999,]呖,11,j打m,103
24.4189,120.8664,j打,C0E520,2017-02-15T06:00:00+08:00,320.0,0.0,0.0,8.0,1.00,990.2,-99.0,0.0,-9.9,-99,-999,]呖,11,j打m,103
24.4189,120.8664,j打,C0E520,2017-02-15T07:00:00+08:00,320.0,0.0,0.0,7.8,1.00,991.0,-99.0,0.0,-9.9,-99,-999,]呖,11,j打m,103
24.4189,120.8664,j打,C0E520,2017-02-15T08:00:00+08:00,320.0,0.0,0.0,9.4,1.00,991.1,-99.0,0.0,-9.9,-99,-999,]呖,11,j打m,103
24.4189,120.8664,j打,C0E520,2017-02-15T10:00:00+08:00,320.0,187.0,1.0,20.5,0.51,990.7,-99.0,0.0,-9.9,-99,-999,]呖,11,j打m,103
24.4189,120.8664,j打,C0E520,2017-02-15T11:00:00+08:00,320.0,205.0,1.7,22.3,0.43,990.2,-99.0,0.0,-9.9,-99,-999,]呖,11,j打m,103
24.4189,120.8664,j打,C0E520,2017-02-15T12:00:00+08:00,320.0,198.0,1.2,22.7,0.42,989.4,-99.0,0.0,-9.9,-99,-999,]呖,11,j打m,103
24.4189,120.8664,j打,C0E520,2017-02-15T13:00:00+08:00,320.0,300.0,0.9,21.7,0.50,988.4,-99.0,0.0,-9.9,-99,-999,]呖,11,j打m,103
24.4189,120.8664,j打,C0E520,2017-02-15T14:00:00+08:00,320.0,351.0,0.9,20.3,0.54,987.9,-99.0,0.0,-9.9,-99,-999,]呖,11,j打m,103
24.4189,120.8664,j打,C0E520,2017-02-15T15:00:00+08:00,320.0,345.0,1.0,19.6,0.55,987.4,-99.0,0.0,-9.9,-99,-999,]呖,11,j打m,103
24.4189,120.8664,j打,C0E520,2017-02-15T16:00:00+08:00,320.0,317.0,0.8,19.8,0.63,987.2,-99.0,0.0,-9.9,-99,-999,]呖,11,j打m,103
24.4189,120.8664,j打,C0E520,2017-02-15T17:00:00+08:00,320.0,315.0,0.7,19.0,0.67,987.3,-99.0,0.0,-9.9,-99,-999,]呖,11,j打m,103
24.4189,120.8664,j打,C0E520,2017-02-15T18:00:00+08:00,320.0,55.0,0.5,17.0,0.80,987.6,-99.0,0.0,-9.9,-99,-999,]呖,11,j打m,103
24.4189,120.8664,j打,C0E520,2017-02-15T19:00:00+08:00,320.0,59.0,0.6,15.2,0.90,987.6,-99.0,0.0,-9.9,-99,-999,]呖,11,j打m,103
24.4189,120.8664,j打,C0E520,2017-02-15T20:00:00+08:00,320.0,55.0,0.5,13.7,0.97,987.9,-99.0,0.0,-9.9,-99,-999,]呖,11,j打m,103
24.4189,120.8664,j打,C0E520,2017-02-15T21:00:00+08:00,320.0,102.0,0.5,13.0,0.99,988.0,-99.0,0.0,-9.9,-99,-999,]呖,11,j打m,103
24.4189,120.8664,j打,C0E520,2017-02-15T22:00:00+08:00,320.0,0.0,0.0,12.2,0.99,988.0,-99.0,0.0,-9.9,-99,-999,]呖,11,j打m,103
24.4189,120.8664,j打,C0E520,2017-02-15T23:00:00+08:00,320.0,182.0,0.5,12.2,1.00,987.7,-99.0,0.0,-9.9,-99,-999,]呖,11,j打m,103
24.4189,120.8664,j打,C0E520,2017-02-16T00:00:00+08:00,320.0,108.0,0.4,11.4,1.00,987.4,-99.0,0.0,-9.9,-99,-999,]呖,11,j打m,103
24.4189,120.8664,j打,C0E520,2017-02-16T01:00:00+08:00,320.0,0.0,0.2,10.7,1.00,987.0,-99.0,0.0,-9.9,-99,-999,]呖,11,j打m,103
24.4189,120.8664,j打,C0E520,2017-02-16T02:00:00+08:00,320.0,0.0,0.1,9.8,1.00,986.9,-99.0,0.0,-9.9,-99,-999,]呖,11,j打m,103
24.4189,120.8664,j打,C0E520,2017-02-16T03:00:00+08:00,320.0,168.0,0.4,9.0,1.00,986.4,-99.0,0.0,-9.9,-99,-999,]呖,11,j打m,103
24.4189,120.8664,j打,C0E520,2017-02-16T04:00:00+08:00,320.0,87.0,0.6,9.3,1.00,986.0,-99.0,0.0,-9.9,-99,-999,]呖,11,j打m,103
24.4189,120.8664,j打,C0E520,2017-02-16T05:00:00+08:00,320.0,0.0,0.0,8.8,1.00,985.7,-99.0,0.0,-9.9,-99,-999,]呖,11,j打m,103
24.4189,120.8664,j打,C0E520,2017-02-16T06:00:00+08:00,320.0,189.0,0.5,7.9,1.00,985.8,-99.0,0.0,-9.9,-99,-999,]呖,11,j打m,103
24.4189,120.8664,j打,C0E520,2017-02-16T07:00:00+08:00,320.0,0.0,0.0,8.2,1.00,986.2,-99.0,0.0,-9.9,-99,-999,]呖,11,j打m,103
24.4189,120.8664,j打,C0E520,2017-02-16T08:00:00+08:00,320.0,89.0,0.5,9.0,1.00,986.3,-99.0,0.0,-9.9,-99,-999,]呖,11,j打m,103
24.4189,120.8664,j打,C0E520,2017-02-16T09:00:00+08:00,320.0,0.0,0.0,13.1,0.94,986.7,-99.0,0.0,-9.9,-99,-999,]呖,11,j打m,103
24.4189,120.8664,j打,C0E520,2017-02-16T10:00:00+08:00,320.0,46.0,0.5,19.4,0.57,986.4,-99.0,0.0,-9.9,-99,-999,]呖,11,j打m,103
24.4189,120.8664,j打,C0E520,2017-02-16T11:00:00+08:00,320.0,198.0,1.5,23.3,0.37,986.0,-99.0,0.0,-9.9,-99,-999,]呖,11,j打m,103
24.4189,120.8664,j打,C0E520,2017-02-16T12:00:00+08:00,320.0,219.0,2.4,23.9,0.37,985.3,-99.0,0.0,-9.9,-99,-999,]呖,11,j打m,103
24.4189,120.8664,j打,C0E520,2017-02-16T13:00:00+08:00,320.0,222.0,2.5,24.6,0.36,984.4,-99.0,0.0,-9.9,-99,-999,]呖,11,j打m,103
24.4189,120.8664,j打,C0E520,2017-02-16T14:00:00+08:00,320.0,224.0,1.2,24.7,0.37,983.5,-99.0,0.0,-9.9,-99,-999,]呖,11,j打m,103
24.4189,120.8664,j打,C0E520,2017-02-16T15:00:00+08:00,320.0,249.0,1.4,25.9,0.37,983.3,-99.0,0.0,-9.9,-99,-999,]呖,11,j打m,103
24.4189,120.8664,j打,C0E520,2017-02-16T16:00:00+08:00,320.0,293.0,0.8,22.9,0.42,983.5,-99.0,0.0,-9.9,-99,-999,]呖,11,j打m,103
24.4189,120.8664,j打,C0E520,2017-02-16T17:00:00+08:00,320.0,211.0,0.5,22.2,0.44,983.9,-99.0,0.0,-9.9,-99,-999,]呖,11,j打m,103
24.4189,120.8664,j打,C0E520,2017-02-16T18:00:00+08:00,320.0,73.0,0.8,18.3,0.59,984.2,-99.0,0.0,-9.9,-99,-999,]呖,11,j打m,103
24.4189,120.8664,j打,C0E520,2017-02-16T20:00:00+08:00,320.0,84.0,0.6,13.7,0.83,985.2,-99.0,0.0,-9.9,-99,-999,]呖,11,j打m,103
24.4189,120.8664,j打,C0E520,2017-02-16T21:00:00+08:00,320.0,0.0,0.0,12.7,0.88,985.3,-99.0,0.0,-9.9,-99,-999,]呖,11,j打m,103
24.4189,120.8664,j打,C0E520,2017-02-16T22:00:00+08:00,320.0,81.0,0.7,11.8,0.94,985.8,-99.0,0.0,-9.9,-99,-999,]呖,11,j打m,103
24.4189,120.8664,j打,C0E520,2017-02-16T23:00:00+08:00,320.0,0.0,0.0,10.8,0.97,985.5,-99.0,0.0,-9.9,-99,-999,]呖,11,j打m,103
24.4189,120.8664,j打,C0E520,2017-02-17T00:00:00+08:00,320.0,0.0,0.0,10.8,0.97,985.5,-99.0,0.0,-9.9,-99,-999,]呖,11,j打m,103
24.4189,120.8664,j打,C0E520,2017-02-17T01:00:00+08:00,320.0,0.0,0.1,10.3,0.99,985.1,-99.0,0.0,-9.9,-99,-999,]呖,11,j打m,103
24.4189,120.8664,j打,C0E520,2017-02-17T02:00:00+08:00,320.0,0.0,0.0,9.9,0.99,984.8,-99.0,0.0,-9.9,-99,-999,]呖,11,j打m,103
24.4189,120.8664,j打,C0E520,2017-02-17T03:00:00+08:00,320.0,0.0,0.0,9.9,1.00,984.7,-99.0,0.0,-9.9,-99,-999,]呖,11,j打m,103
24.4189,120.8664,j打,C0E520,2017-02-17T04:00:00+08:00,320.0,65.0,0.4,9.5,1.00,984.7,-99.0,0.0,-9.9,-99,-999,]呖,11,j打m,103
24.4189,120.8664,j打,C0E520,2017-02-17T06:00:00+08:00,320.0,0.0,0.0,8.5,1.00,985.4,-99.0,0.0,-9.9,-99,-999,]呖,11,j打m,103
24.4189,120.8664,j打,C0E520,2017-02-17T07:00:00+08:00,320.0,0.0,0.0,8.3,1.00,985.9,-99.0,0.0,-9.9,-99,-999,]呖,11,j打m,103
24.4189,120.8664,j打,C0E520,2017-02-17T08:00:00+08:00,320.0,0.0,0.0,10.3,1.00,986.3,-99.0,0.0,-9.9,-99,-999,]呖,11,j打m,103
24.4189,120.8664,j打,C0E520,2017-02-17T10:00:00+08:00,320.0,20.0,1.7,22.0,0.52,986.4,-99.0,0.0,-9.9,-99,-999,]呖,11,j打m,103
24.4189,120.8664,j打,C0E520,2017-02-17T11:00:00+08:00,320.0,354.0,1.5,24.4,0.43,985.9,-99.0,0.0,-9.9,-99,-999,]呖,11,j打m,103
24.4189,120.8664,j打,C0E520,2017-02-17T12:00:00+08:00,320.0,338.0,1.3,25.3,0.42,985.0,-99.0,0.0,-9.9,-99,-999,]呖,11,j打m,103
24.4189,120.8664,j打,C0E520,2017-02-17T13:00:00+08:00,320.0,328.0,0.9,25.9,0.40,984.4,-99.0,0.0,-9.9,-99,-999,]呖,11,j打m,103
24.4189,120.8664,j打,C0E520,2017-02-17T14:00:00+08:00,320.0,339.0,1.6,24.8,0.44,983.9,-99.0,0.0,-9.9,-99,-999,]呖,11,j打m,103
24.4189,120.8664,j打,C0E520,2017-02-17T15:00:00+08:00,320.0,336.0,1.5,24.6,0.44,983.6,-99.0,0.0,-9.9,-99,-999,]呖,11,j打m,103
24.4189,120.8664,j打,C0E520,2017-02-17T16:00:00+08:00,320.0,335.0,1.3,23.6,0.51,983.3,-99.0,0.0,-9.9,-99,-999,]呖,11,j打m,103
24.4189,120.8664,j打,C0E520,2017-02-17T17:00:00+08:00,320.0,316.0,1.5,21.5,0.63,983.8,-99.0,0.0,-9.9,-99,-999,]呖,11,j打m,103
24.4189,120.8664,j打,C0E520,2017-02-17T18:00:00+08:00,320.0,85.0,0.3,19.3,0.72,984.2,-99.0,0.0,-9.9,-99,-999,]呖,11,j打m,103
24.4189,120.8664,j打,C0E520,2017-02-17T19:00:00+08:00,320.0,64.0,0.7,16.8,0.85,984.8,-99.0,0.0,-9.9,-99,-999,]呖,11,j打m,103
24.4189,120.8664,j打,C0E520,2017-02-17T20:00:00+08:00,320.0,48.0,0.4,15.7,0.91,985.3,-99.0,0.0,-9.9,-99,-999,]呖,11,j打m,103
24.4189,120.8664,j打,C0E520,2017-02-17T21:00:00+08:00,320.0,72.0,0.7,14.8,0.94,985.7,-99.0,0.0,-9.9,-99,-999,]呖,11,j打m,103
24.4189,120.8664,j打,C0E520,2017-02-17T22:00:00+08:00,320.0,151.0,0.3,14.0,0.97,985.8,-99.0,0.0,-9.9,-99,-999,]呖,11,j打m,103
24.4189,120.8664,j打,C0E520,2017-02-17T23:00:00+08:00,320.0,165.0,0.4,13.2,0.98,986.2,-99.0,0.0,-9.9,-99,-999,]呖,11,j打m,103
24.4189,120.8664,j打,C0E520,2017-02-18T00:00:00+08:00,320.0,0.0,0.0,13.0,0.99,986.1,-99.0,0.0,-9.9,-99,-999,]呖,11,j打m,103
24.4189,120.8664,j打,C0E520,2017-02-18T01:00:00+08:00,320.0,93.0,0.8,12.4,1.00,986.0,-99.0,0.0,-9.9,-99,-999,]呖,11,j打m,103
24.4189,120.8664,j打,C0E520,2017-02-18T02:00:00+08:00,320.0,0.0,0.1,11.9,1.00,986.0,-99.0,0.0,-9.9,-99,-999,]呖,11,j打m,103
24.4189,120.8664,j打,C0E520,2017-02-18T03:00:00+08:00,320.0,32.0,0.4,11.4,1.00,985.8,-99.0,0.0,-9.9,-99,-999,]呖,11,j打m,103
24.4189,120.8664,j打,C0E520,2017-02-18T04:00:00+08:00,320.0,0.0,0.0,12.4,1.00,985.8,-99.0,0.0,-9.9,-99,-999,]呖,11,j打m,103
24.4189,120.8664,j打,C0E520,2017-02-18T05:00:00+08:00,320.0,20.0,0.6,12.7,1.00,985.8,-99.0,0.0,-9.9,-99,-999,]呖,11,j打m,103
24.4189,120.8664,j打,C0E520,2017-02-18T06:00:00+08:00,320.0,43.0,0.4,12.6,1.00,986.4,-99.0,0.0,-9.9,-99,-999,]呖,11,j打m,103
24.4189,120.8664,j打,C0E520,2017-02-18T07:00:00+08:00,320.0,43.0,0.4,12.3,0.99,986.9,-99.0,0.0,-9.9,-99,-999,]呖,11,j打m,103
24.4189,120.8664,j打,C0E520,2017-02-18T08:00:00+08:00,320.0,60.0,1.4,14.2,0.96,987.1,-99.0,0.0,-9.9,-99,-999,]呖,11,j打m,103
24.4189,120.8664,j打,C0E520,2017-02-18T10:00:00+08:00,320.0,44.0,1.0,19.8,0.75,986.6,-99.0,0.0,-9.9,-99,-999,]呖,11,j打m,103
24.4189,120.8664,j打,C0E520,2017-02-18T11:00:00+08:00,320.0,359.0,1.7,21.6,0.69,986.3,-99.0,0.0,-9.9,-99,-999,]呖,11,j打m,103
24.4189,120.8664,j打,C0E520,2017-02-18T12:00:00+08:00,320.0,330.0,1.4,22.1,0.69,985.4,-99.0,0.0,-9.9,-99,-999,]呖,11,j打m,103
24.4189,120.8664,j打,C0E520,2017-02-18T13:00:00+08:00,320.0,328.0,1.3,22.4,0.68,984.2,-99.0,0.0,-9.9,-99,-999,]呖,11,j打m,103
24.4189,120.8664,j打,C0E520,2017-02-18T14:00:00+08:00,320.0,342.0,1.9,21.4,0.70,983.7,-99.0,0.0,-9.9,-99,-999,]呖,11,j打m,103
24.4189,120.8664,j打,C0E520,2017-02-18T15:00:00+08:00,320.0,333.0,2.0,21.9,0.69,983.3,-99.0,0.0,-9.9,-99,-999,]呖,11,j打m,103
24.4189,120.8664,j打,C0E520,2017-02-18T16:00:00+08:00,320.0,329.0,1.6,21.7,0.69,983.5,-99.0,0.0,-9.9,-99,-999,]呖,11,j打m,103
24.4189,120.8664,j打,C0E520,2017-02-18T17:00:00+08:00,320.0,342.0,0.9,19.9,0.75,983.9,-99.0,0.0,-9.9,-99,-999,]呖,11,j打m,103
24.4189,120.8664,j打,C0E520,2017-02-18T18:00:00+08:00,320.0,244.0,0.6,17.3,0.87,984.4,-99.0,0.0,-9.9,-99,-999,]呖,11,j打m,103
24.4189,120.8664,j打,C0E520,2017-02-18T19:00:00+08:00,320.0,273.0,0.9,16.9,0.87,984.2,-99.0,0.0,-9.9,-99,-999,]呖,11,j打m,103
24.4189,120.8664,j打,C0E520,2017-02-18T20:00:00+08:00,320.0,82.0,0.5,15.5,0.93,984.4,-99.0,0.0,-9.9,-99,-999,]呖,11,j打m,103
24.4189,120.8664,j打,C0E520,2017-02-18T21:00:00+08:00,320.0,0.0,0.1,14.2,0.97,984.3,-99.0,0.0,-9.9,-99,-999,]呖,11,j打m,103
24.4189,120.8664,j打,C0E520,2017-02-18T22:00:00+08:00,320.0,0.0,0.0,13.3,0.99,984.3,-99.0,0.0,-9.9,-99,-999,]呖,11,j打m,103
24.4189,120.8664,j打,C0E520,2017-02-18T23:00:00+08:00,320.0,82.0,0.7,12.7,1.00,984.5,-99.0,0.0,-9.9,-99,-999,]呖,11,j打m,103
24.4189,120.8664,j打,C0E520,2017-02-19T00:00:00+08:00,320.0,0.0,0.0,12.3,1.00,984.4,-99.0,0.0,-9.9,-99,-999,]呖,11,j打m,103
24.4189,120.8664,j打,C0E520,2017-02-19T01:00:00+08:00,320.0,0.0,0.0,11.9,1.00,984.3,-99.0,0.0,-9.9,-99,-999,]呖,11,j打m,103
24.4189,120.8664,j打,C0E520,2017-02-19T02:00:00+08:00,320.0,0.0,0.1,11.4,1.00,984.1,-99.0,0.0,-9.9,-99,-999,]呖,11,j打m,103
24.4189,120.8664,j打,C0E520,2017-02-19T03:00:00+08:00,320.0,161.0,0.5,10.9,1.00,983.6,-99.0,0.0,-9.9,-99,-999,]呖,11,j打m,103
24.4189,120.8664,j打,C0E520,2017-02-19T04:00:00+08:00,320.0,0.0,0.0,10.8,1.00,982.9,-99.0,0.0,-9.9,-99,-999,]呖,11,j打m,103
24.4189,120.8664,j打,C0E520,2017-02-19T05:00:00+08:00,320.0,77.0,0.5,10.8,1.00,982.6,-99.0,0.0,-9.9,-99,-999,]呖,11,j打m,103
24.4189,120.8664,j打,C0E520,2017-02-19T06:00:00+08:00,320.0,0.0,0.2,10.6,1.00,982.9,-99.0,0.0,-9.9,-99,-999,]呖,11,j打m,103
24.4189,120.8664,j打,C0E520,2017-02-19T07:00:00+08:00,320.0,0.0,0.0,10.1,1.00,983.3,-99.0,0.0,-9.9,-99,-999,]呖,11,j打m,103
24.4189,120.8664,j打,C0E520,2017-02-19T08:00:00+08:00,320.0,0.0,0.0,11.0,1.00,983.8,-99.0,0.0,-9.9,-99,-999,]呖,11,j打m,103
24.4189,120.8664,j打,C0E520,2017-02-19T10:00:00+08:00,320.0,201.0,1.1,21.8,0.56,983.0,-99.0,0.0,-9.9,-99,-999,]呖,11,j打m,103
24.4189,120.8664,j打,C0E520,2017-02-19T11:00:00+08:00,320.0,207.0,1.5,24.9,0.44,982.4,-99.0,0.0,-9.9,-99,-999,]呖,11,j打m,103
24.4189,120.8664,j打,C0E520,2017-02-19T12:00:00+08:00,320.0,212.0,2.2,25.8,0.43,981.4,-99.0,0.0,-9.9,-99,-999,]呖,11,j打m,103
24.4189,120.8664,j打,C0E520,2017-02-19T13:00:00+08:00,320.0,213.0,2.3,26.9,0.40,979.9,-99.0,0.0,-9.9,-99,-999,]呖,11,j打m,103
24.4189,120.8664,j打,C0E520,2017-02-19T14:00:00+08:00,320.0,248.0,1.3,27.4,0.39,979.1,-99.0,0.0,-9.9,-99,-999,]呖,11,j打m,103
24.4189,120.8664,j打,C0E520,2017-02-19T15:00:00+08:00,320.0,264.0,1.6,27.1,0.45,978.4,-99.0,0.0,-9.9,-99,-999,]呖,11,j打m,103
24.4189,120.8664,j打,C0E520,2017-02-19T16:00:00+08:00,320.0,299.0,1.5,24.8,0.55,978.5,-99.0,0.0,-9.9,-99,-999,]呖,11,j打m,103
24.4189,120.8664,j打,C0E520,2017-02-19T17:00:00+08:00,320.0,322.0,0.9,22.7,0.62,978.9,-99.0,0.0,-9.9,-99,-999,]呖,11,j打m,103
24.4189,120.8664,j打,C0E520,2017-02-19T18:00:00+08:00,320.0,143.0,0.4,18.8,0.80,979.1,-99.0,0.0,-9.9,-99,-999,]呖,11,j打m,103
24.4189,120.8664,j打,C0E520,2017-02-19T19:00:00+08:00,320.0,0.0,0.0,16.3,0.91,979.5,-99.0,0.0,-9.9,-99,-999,]呖,11,j打m,103
24.4189,120.8664,j打,C0E520,2017-02-19T20:00:00+08:00,320.0,0.0,0.0,14.9,0.94,980.1,-99.0,0.0,-9.9,-99,-999,]呖,11,j打m,103
24.4189,120.8664,j打,C0E520,2017-02-19T21:00:00+08:00,320.0,0.0,0.0,14.3,0.95,980.0,-99.0,0.0,-9.9,-99,-999,]呖,11,j打m,103
24.4189,120.8664,j打,C0E520,2017-02-19T22:00:00+08:00,320.0,0.0,0.0,13.9,0.98,979.7,-99.0,0.0,-9.9,-99,-999,]呖,11,j打m,103
24.4189,120.8664,j打,C0E520,2017-02-19T23:00:00+08:00,320.0,143.0,0.5,13.9,0.96,979.4,-99.0,0.0,-9.9,-99,-999,]呖,11,j打m,103
24.4189,120.8664,j打,C0E520,2017-02-20T00:00:00+08:00,320.0,0.0,0.1,14.2,0.95,979.0,-99.0,0.0,-9.9,-99,-999,]呖,11,j打m,103
24.4189,120.8664,j打,C0E520,2017-02-20T01:00:00+08:00,320.0,0.0,0.1,13.8,0.95,978.8,-99.0,0.0,-9.9,-99,-999,]呖,11,j打m,103
24.4189,120.8664,j打,C0E520,2017-02-20T02:00:00+08:00,320.0,106.0,0.9,13.8,0.95,978.8,-99.0,0.0,-9.9,-99,-999,]呖,11,j打m,103
24.4189,120.8664,j打,C0E520,2017-02-20T03:00:00+08:00,320.0,158.0,0.6,13.8,0.97,978.6,-99.0,0.0,-9.9,-99,-999,]呖,11,j打m,103
24.4189,120.8664,j打,C0E520,2017-02-20T04:00:00+08:00,320.0,0.0,0.1,13.4,0.98,978.9,-99.0,0.0,-9.9,-99,-999,]呖,11,j打m,103
24.4189,120.8664,j打,C0E520,2017-02-20T05:00:00+08:00,320.0,101.0,0.4,13.7,0.99,978.8,-99.0,0.0,-9.9,-99,-999,]呖,11,j打m,103
24.4189,120.8664,j打,C0E520,2017-02-20T06:00:00+08:00,320.0,148.0,0.4,13.9,0.99,979.5,-99.0,0.0,-9.9,-99,-999,]呖,11,j打m,103
24.4189,120.8664,j打,C0E520,2017-02-20T07:00:00+08:00,320.0,0.0,0.0,13.6,1.00,979.2,-99.0,0.0,-9.9,-99,-999,]呖,11,j打m,103
24.4189,120.8664,j打,C0E520,2017-02-20T08:00:00+08:00,320.0,0.0,0.1,14.9,0.99,979.8,-99.0,0.0,-9.9,-99,-999,]呖,11,j打m,103
24.4189,120.8664,j打,C0E520,2017-02-20T10:00:00+08:00,320.0,219.0,1.1,20.8,0.73,979.2,-99.0,0.0,-9.9,-99,-999,]呖,11,j打m,103
24.4189,120.8664,j打,C0E520,2017-02-20T11:00:00+08:00,320.0,204.0,3.1,26.5,0.61,979.1,-99.0,0.0,-9.9,-99,-999,]呖,11,j打m,103
24.4189,120.8664,j打,C0E520,2017-02-20T12:00:00+08:00,320.0,209.0,2.5,28.1,0.56,978.9,-99.0,0.0,-9.9,-99,-999,]呖,11,j打m,103
24.4189,120.8664,j打,C0E520,2017-02-20T13:00:00+08:00,320.0,214.0,1.6,27.4,0.58,978.4,-99.0,0.0,-9.9,-99,-999,]呖,11,j打m,103
24.4189,120.8664,j打,C0E520,2017-02-20T14:00:00+08:00,320.0,334.0,1.8,24.8,0.62,978.3,-99.0,0.0,-9.9,-99,-999,]呖,11,j打m,103
24.4189,120.8664,j打,C0E520,2017-02-20T15:00:00+08:00,320.0,5.0,1.8,25.3,0.60,978.1,-99.0,0.0,-9.9,-99,-999,]呖,11,j打m,103
24.4189,120.8664,j打,C0E520,2017-02-20T16:00:00+08:00,320.0,25.0,1.2,24.0,0.65,978.1,-99.0,0.0,-9.9,-99,-999,]呖,11,j打m,103
24.4189,120.8664,j打,C0E520,2017-02-20T17:00:00+08:00,320.0,295.0,0.8,23.8,0.65,978.5,-99.0,0.0,-9.9,-99,-999,]呖,11,j打m,103
24.4189,120.8664,j打,C0E520,2017-02-20T18:00:00+08:00,320.0,75.0,0.7,20.7,0.78,979.1,-99.0,0.0,-9.9,-99,-999,]呖,11,j打m,103
24.4189,120.8664,j打,C0E520,2017-02-20T19:00:00+08:00,320.0,0.0,0.1,19.1,0.85,979.9,-99.0,0.0,-9.9,-99,-999,]呖,11,j打m,103
24.4189,120.8664,j打,C0E520,2017-02-20T20:00:00+08:00,320.0,0.0,0.2,18.9,0.88,980.6,-99.0,0.0,-9.9,-99,-999,]呖,11,j打m,103
24.4189,120.8664,j打,C0E520,2017-02-20T21:00:00+08:00,320.0,61.0,0.6,19.1,0.89,981.1,-99.0,0.0,-9.9,-99,-999,]呖,11,j打m,103
24.4189,120.8664,j打,C0E520,2017-02-20T22:00:00+08:00,320.0,105.0,0.4,18.3,0.94,981.2,-99.0,0.0,-9.9,-99,-999,]呖,11,j打m,103
24.4189,120.8664,j打,C0E520,2017-02-20T23:00:00+08:00,320.0,101.0,1.2,19.7,0.84,981.3,-99.0,0.0,-9.9,-99,-999,]呖,11,j打m,103
24.4189,120.8664,j打,C0E520,2017-02-21T00:00:00+08:00,320.0,180.0,0.9,18.2,0.88,981.4,-99.0,0.0,-9.9,-99,-999,]呖,11,j打m,103
24.4189,120.8664,j打,C0E520,2017-02-21T01:00:00+08:00,320.0,77.0,0.5,17.4,0.92,981.6,-99.0,0.0,-9.9,-99,-999,]呖,11,j打m,103
24.4189,120.8664,j打,C0E520,2017-02-21T02:00:00+08:00,320.0,156.0,0.4,17.2,0.95,981.4,-99.0,0.0,-9.9,-99,-999,]呖,11,j打m,103
24.4189,120.8664,j打,C0E520,2017-02-21T03:00:00+08:00,320.0,167.0,0.9,17.3,0.94,981.3,-99.0,0.0,-9.9,-99,-999,]呖,11,j打m,103
24.4189,120.8664,j打,C0E520,2017-02-21T04:00:00+08:00,320.0,284.0,0.8,17.3,0.92,981.6,-99.0,0.0,-9.9,-99,-999,]呖,11,j打m,103
24.4189,120.8664,j打,C0E520,2017-02-21T05:00:00+08:00,320.0,253.0,1.0,16.7,0.92,981.7,-99.0,0.0,-9.9,-99,-999,]呖,11,j打m,103
24.4189,120.8664,j打,C0E520,2017-02-21T06:00:00+08:00,320.0,142.0,0.6,16.3,0.93,982.3,-99.0,0.0,-9.9,-99,-999,]呖,11,j打m,103
24.4189,120.8664,j打,C0E520,2017-02-21T07:00:00+08:00,320.0,305.0,0.7,16.4,0.93,982.9,-99.0,0.0,-9.9,-99,-999,]呖,11,j打m,103
24.4189,120.8664,j打,C0E520,2017-02-21T08:00:00+08:00,320.0,6.0,1.3,16.9,0.90,983.4,-99.0,0.0,-9.9,-99,-999,]呖,11,j打m,103
24.4189,120.8664,j打,C0E520,2017-02-21T09:00:00+08:00,320.0,7.0,1.1,18.4,0.84,983.3,-99.0,0.0,-9.9,-99,-999,]呖,11,j打m,103
24.4189,120.8664,j打,C0E520,2017-02-21T10:00:00+08:00,320.0,7.0,1.3,20.6,0.75,983.0,-99.0,0.0,-9.9,-99,-999,]呖,11,j打m,103
24.4189,120.8664,j打,C0E520,2017-02-21T11:00:00+08:00,320.0,23.0,1.7,23.1,0.66,982.6,-99.0,0.0,-9.9,-99,-999,]呖,11,j打m,103
24.4189,120.8664,j打,C0E520,2017-02-21T12:00:00+08:00,320.0,34.0,1.6,25.0,0.59,981.9,-99.0,0.0,-9.9,-99,-999,]呖,11,j打m,103
24.4189,120.8664,j打,C0E520,2017-02-21T13:00:00+08:00,320.0,315.0,1.1,27.2,0.52,980.8,-99.0,0.0,-9.9,-99,-999,]呖,11,j打m,103
24.4189,120.8664,j打,C0E520,2017-02-21T14:00:00+08:00,320.0,331.0,1.2,26.9,0.55,979.9,-99.0,0.0,-9.9,-99,-999,]呖,11,j打m,103
24.4189,120.8664,j打,C0E520,2017-02-21T15:00:00+08:00,320.0,319.0,1.2,25.4,0.59,979.5,-99.0,0.0,-9.9,-99,-999,]呖,11,j打m,103
24.4189,120.8664,j打,C0E520,2017-02-21T16:00:00+08:00,320.0,335.0,1.5,24.9,0.62,979.5,-99.0,0.0,-9.9,-99,-999,]呖,11,j打m,103
24.4189,120.8664,j打,C0E520,2017-02-21T17:00:00+08:00,320.0,21.0,0.8,22.9,0.70,979.7,-99.0,0.0,-9.9,-99,-999,]呖,11,j打m,103
24.4189,120.8664,j打,C0E520,2017-02-21T18:00:00+08:00,320.0,7.0,0.6,21.3,0.77,980.3,-99.0,0.0,-9.9,-99,-999,]呖,11,j打m,103
24.4189,120.8664,j打,C0E520,2017-02-21T19:00:00+08:00,320.0,96.0,0.8,19.8,0.85,980.4,-99.0,0.0,-9.9,-99,-999,]呖,11,j打m,103
24.4189,120.8664,j打,C0E520,2017-02-21T20:00:00+08:00,320.0,85.0,0.7,19.4,0.89,980.5,-99.0,0.0,-9.9,-99,-999,]呖,11,j打m,103
24.4189,120.8664,j打,C0E520,2017-02-21T21:00:00+08:00,320.0,5.0,0.9,18.8,0.90,981.5,-99.0,0.0,-9.9,-99,-999,]呖,11,j打m,103
24.4189,120.8664,j打,C0E520,2017-02-21T22:00:00+08:00,320.0,64.0,0.9,17.9,0.96,981.4,-99.0,0.0,-9.9,-99,-999,]呖,11,j打m,103
24.4189,120.8664,j打,C0E520,2017-02-21T23:00:00+08:00,320.0,0.0,0.1,17.4,0.97,981.1,-99.0,0.0,-9.9,-99,-999,]呖,11,j打m,103
24.4189,120.8664,j打,C0E520,2017-02-22T00:00:00+08:00,320.0,7.0,1.1,17.5,0.98,980.6,-99.0,0.0,-9.9,-99,-999,]呖,11,j打m,103
24.4189,120.8664,j打,C0E520,2017-02-22T01:00:00+08:00,320.0,30.0,0.8,17.0,0.99,980.6,-99.0,0.0,-9.9,-99,-999,]呖,11,j打m,103
24.4189,120.8664,j打,C0E520,2017-02-22T02:00:00+08:00,320.0,337.0,0.3,16.9,0.99,980.5,-99.0,0.0,-9.9,-99,-999,]呖,11,j打m,103
24.4189,120.8664,j打,C0E520,2017-02-22T03:00:00+08:00,320.0,217.0,0.8,17.0,0.99,980.4,-99.0,0.0,-9.9,-99,-999,]呖,11,j打m,103
24.4189,120.8664,j打,C0E520,2017-02-22T04:00:00+08:00,320.0,222.0,0.7,17.2,0.98,980.5,-99.0,0.0,-9.9,-99,-999,]呖,11,j打m,103
24.4189,120.8664,j打,C0E520,2017-02-22T06:00:00+08:00,320.0,345.0,1.1,16.3,0.99,981.7,-99.0,0.0,-9.9,-99,-999,]呖,11,j打m,103
24.4189,120.8664,j打,C0E520,2017-02-22T07:00:00+08:00,320.0,291.0,0.4,16.0,1.00,981.9,-99.0,0.0,-9.9,-99,-999,]呖,11,j打m,103
24.4189,120.8664,j打,C0E520,2017-02-22T08:00:00+08:00,320.0,74.0,0.7,16.8,0.99,981.3,-99.0,0.5,-9.9,-99,-999,]呖,11,j打m,103
24.4189,120.8664,j打,C0E520,2017-02-22T09:00:00+08:00,320.0,87.0,0.4,18.8,0.94,979.8,-99.0,0.5,-9.9,-99,-999,]呖,11,j打m,103
24.4189,120.8664,j打,C0E520,2017-02-22T10:00:00+08:00,320.0,210.0,1.1,21.1,0.88,979.7,-99.0,0.5,-9.9,-99,-999,]呖,11,j打m,103
24.4189,120.8664,j打,C0E520,2017-02-22T11:00:00+08:00,320.0,283.0,0.3,22.8,0.80,979.5,-99.0,0.5,-9.9,-99,-999,]呖,11,j打m,103
24.4189,120.8664,j打,C0E520,2017-02-22T12:00:00+08:00,320.0,32.0,1.0,19.6,0.96,980.0,-99.0,3.0,-9.9,-99,-999,]呖,11,j打m,103
24.4189,120.8664,j打,C0E520,2017-02-22T13:00:00+08:00,320.0,322.0,1.1,20.4,0.94,978.6,-99.0,4.0,-9.9,-99,-999,]呖,11,j打m,103
24.4189,120.8664,j打,C0E520,2017-02-22T14:00:00+08:00,320.0,302.0,0.9,19.3,0.95,979.5,-99.0,7.0,-9.9,-99,-999,]呖,11,j打m,103
24.4189,120.8664,j打,C0E520,2017-02-22T15:00:00+08:00,320.0,252.0,0.7,18.3,0.99,979.6,-99.0,17.0,-9.9,-99,-999,]呖,11,j打m,103
24.4189,120.8664,j打,C0E520,2017-02-22T16:00:00+08:00,320.0,145.0,0.4,19.0,0.98,978.1,-99.0,18.0,-9.9,-99,-999,]呖,11,j打m,103
24.4189,120.8664,j打,C0E520,2017-02-22T17:00:00+08:00,320.0,40.0,0.5,19.3,0.96,977.7,-99.0,18.0,-9.9,-99,-999,]呖,11,j打m,103
24.4189,120.8664,j打,C0E520,2017-02-22T18:00:00+08:00,320.0,190.0,0.5,19.0,0.98,977.9,-99.0,18.0,-9.9,-99,-999,]呖,11,j打m,103
24.4189,120.8664,j打,C0E520,2017-02-22T19:00:00+08:00,320.0,206.0,0.3,18.3,1.00,978.7,-99.0,18.0,-9.9,-99,-999,]呖,11,j打m,103
24.4189,120.8664,j打,C0E520,2017-02-22T20:00:00+08:00,320.0,192.0,0.6,18.5,1.00,979.3,-99.0,18.0,-9.9,-99,-999,]呖,11,j打m,103
24.4189,120.8664,j打,C0E520,2017-02-22T21:00:00+08:00,320.0,82.0,0.8,18.7,1.00,979.9,-99.0,18.0,-9.9,-99,-999,]呖,11,j打m,103
24.4189,120.8664,j打,C0E520,2017-02-22T22:00:00+08:00,320.0,93.0,0.3,18.7,1.00,980.1,-99.0,18.0,-9.9,-99,-999,]呖,11,j打m,103
24.4189,120.8664,j打,C0E520,2017-02-22T23:00:00+08:00,320.0,70.0,0.3,19.2,1.00,979.9,-99.0,18.0,-9.9,-99,-999,]呖,11,j打m,103
24.4189,120.8664,j打,C0E520,2017-02-23T00:00:00+08:00,320.0,187.0,0.3,19.1,1.00,979.9,-99.0,18.0,-9.9,-99,-999,]呖,11,j打m,103
24.4189,120.8664,j打,C0E520,2017-02-23T01:00:00+08:00,320.0,66.0,1.2,19.5,1.00,980.1,-99.0,0.0,-9.9,-99,-999,]呖,11,j打m,103
24.4189,120.8664,j打,C0E520,2017-02-23T02:00:00+08:00,320.0,0.0,0.2,19.4,1.00,979.7,-99.0,1.0,-9.9,-99,-999,]呖,11,j打m,103
24.4189,120.8664,j打,C0E520,2017-02-23T03:00:00+08:00,320.0,4.0,0.6,19.1,1.00,979.3,-99.0,1.0,-9.9,-99,-999,]呖,11,j打m,103
24.4189,120.8664,j打,C0E520,2017-02-23T04:00:00+08:00,320.0,0.0,0.2,18.7,1.00,979.2,-99.0,1.0,-9.9,-99,-999,]呖,11,j打m,103
24.4189,120.8664,j打,C0E520,2017-02-23T05:00:00+08:00,320.0,40.0,0.9,18.4,1.00,979.4,-99.0,1.5,-9.9,-99,-999,]呖,11,j打m,103
24.4189,120.8664,j打,C0E520,2017-02-23T06:00:00+08:00,320.0,73.0,0.5,18.4,1.00,980.0,-99.0,1.5,-9.9,-99,-999,]呖,11,j打m,103
24.4189,120.8664,j打,C0E520,2017-02-23T07:00:00+08:00,320.0,346.0,0.5,17.9,1.00,980.6,-99.0,1.5,-9.9,-99,-999,]呖,11,j打m,103
24.4189,120.8664,j打,C0E520,2017-02-23T08:00:00+08:00,320.0,70.0,0.4,17.6,1.00,981.0,-99.0,1.5,-9.9,-99,-999,]呖,11,j打m,103
24.4189,120.8664,j打,C0E520,2017-02-23T10:00:00+08:00,320.0,346.0,1.2,18.6,0.97,980.9,-99.0,1.5,-9.9,-99,-999,]呖,11,j打m,103
24.4189,120.8664,j打,C0E520,2017-02-23T11:00:00+08:00,320.0,2.0,1.5,19.3,0.93,980.9,-99.0,1.5,-9.9,-99,-999,]呖,11,j打m,103
24.4189,120.8664,j打,C0E520,2017-02-23T12:00:00+08:00,320.0,41.0,1.0,17.3,0.97,980.6,-99.0,1.5,-9.9,-99,-999,]呖,11,j打m,103
24.4189,120.8664,j打,C0E520,2017-02-23T13:00:00+08:00,320.0,355.0,0.8,16.5,0.98,980.2,-99.0,1.5,-9.9,-99,-999,]呖,11,j打m,103
24.4189,120.8664,j打,C0E520,2017-02-23T14:00:00+08:00,320.0,93.0,0.9,16.1,0.97,980.0,-99.0,1.5,-9.9,-99,-999,]呖,11,j打m,103
24.4189,120.8664,j打,C0E520,2017-02-23T15:00:00+08:00,320.0,15.0,1.0,14.8,0.95,980.0,-99.0,1.5,-9.9,-99,-999,]呖,11,j打m,103
24.4189,120.8664,j打,C0E520,2017-02-23T16:00:00+08:00,320.0,261.0,1.4,13.7,0.95,980.2,-99.0,1.5,-9.9,-99,-999,]呖,11,j打m,103
24.4189,120.8664,j打,C0E520,2017-02-23T17:00:00+08:00,320.0,203.0,1.2,11.7,0.98,981.0,-99.0,1.5,-9.9,-99,-999,]呖,11,j打m,103
24.4189,120.8664,j打,C0E520,2017-02-23T18:00:00+08:00,320.0,228.0,1.3,11.4,0.97,981.8,-99.0,1.5,-9.9,-99,-999,]呖,11,j打m,103
24.4189,120.8664,j打,C0E520,2017-02-23T19:00:00+08:00,320.0,280.0,2.2,11.2,0.95,982.6,-99.0,1.5,-9.9,-99,-999,]呖,11,j打m,103
24.4189,120.8664,j打,C0E520,2017-02-23T20:00:00+08:00,320.0,298.0,1.4,10.8,0.95,983.4,-99.0,1.5,-9.9,-99,-999,]呖,11,j打m,103
24.4189,120.8664,j打,C0E520,2017-02-23T21:00:00+08:00,320.0,195.0,1.1,10.6,0.95,983.6,-99.0,1.5,-9.9,-99,-999,]呖,11,j打m,103
24.4189,120.8664,j打,C0E520,2017-02-23T22:00:00+08:00,320.0,143.0,1.3,10.5,0.94,983.6,-99.0,1.5,-9.9,-99,-999,]呖,11,j打m,103
24.4189,120.8664,j打,C0E520,2017-02-23T23:00:00+08:00,320.0,241.0,1.2,10.5,0.94,984.1,-99.0,1.5,-9.9,-99,-999,]呖,11,j打m,103
24.4189,120.8664,j打,C0E520,2017-02-24T00:00:00+08:00,320.0,78.0,1.2,10.5,0.93,983.7,-99.0,1.5,-9.9,-99,-999,]呖,11,j打m,103
24.4189,120.8664,j打,C0E520,2017-02-24T01:00:00+08:00,320.0,220.0,0.9,10.7,0.93,983.7,-99.0,0.0,-9.9,-99,-999,]呖,11,j打m,103
24.4189,120.8664,j打,C0E520,2017-02-24T02:00:00+08:00,320.0,277.0,1.2,10.9,0.93,983.9,-99.0,0.0,-9.9,-99,-999,]呖,11,j打m,103
24.4189,120.8664,j打,C0E520,2017-02-24T03:00:00+08:00,320.0,100.0,0.8,11.0,0.93,983.3,-99.0,0.0,-9.9,-99,-999,]呖,11,j打m,103
24.4189,120.8664,j打,C0E520,2017-02-24T04:00:00+08:00,320.0,97.0,0.8,11.2,0.93,983.0,-99.0,0.0,-9.9,-99,-999,]呖,11,j打m,103
24.4189,120.8664,j打,C0E520,2017-02-24T06:00:00+08:00,320.0,273.0,0.7,11.2,0.97,982.8,-99.0,0.0,-9.9,-99,-999,]呖,11,j打m,103
24.4189,120.8664,j打,C0E520,2017-02-24T07:00:00+08:00,320.0,63.0,0.7,11.1,0.98,983.6,-99.0,0.0,-9.9,-99,-999,]呖,11,j打m,103
24.4189,120.8664,j打,C0E520,2017-02-24T08:00:00+08:00,320.0,89.0,0.7,11.0,0.98,985.2,-99.0,0.0,-9.9,-99,-999,]呖,11,j打m,103
24.4189,120.8664,j打,C0E520,2017-02-24T09:00:00+08:00,320.0,222.0,1.0,11.2,0.98,985.4,-99.0,0.0,-9.9,-99,-999,]呖,11,j打m,103
24.4189,120.8664,j打,C0E520,2017-02-24T10:00:00+08:00,320.0,299.0,1.2,11.5,0.98,985.1,-99.0,0.0,-9.9,-99,-999,]呖,11,j打m,103
24.4189,120.8664,j打,C0E520,2017-02-24T11:00:00+08:00,320.0,324.0,1.2,11.4,0.98,986.2,-99.0,0.5,-9.9,-99,-999,]呖,11,j打m,103
24.4189,120.8664,j打,C0E520,2017-02-24T12:00:00+08:00,320.0,270.0,1.3,11.1,0.99,984.7,-99.0,1.0,-9.9,-99,-999,]呖,11,j打m,103
24.4189,120.8664,j打,C0E520,2017-02-24T13:00:00+08:00,320.0,283.0,0.8,11.0,0.97,985.1,-99.0,1.0,-9.9,-99,-999,]呖,11,j打m,103
24.4189,120.8664,j打,C0E520,2017-02-24T14:00:00+08:00,320.0,99.0,1.4,9.9,0.99,984.3,-99.0,1.0,-9.9,-99,-999,]呖,11,j打m,103
24.4189,120.8664,j打,C0E520,2017-02-24T15:00:00+08:00,320.0,270.0,0.8,10.0,0.98,984.1,-99.0,1.0,-9.9,-99,-999,]呖,11,j打m,103
24.4189,120.8664,j打,C0E520,2017-02-24T16:00:00+08:00,320.0,160.0,0.9,9.8,0.98,984.1,-99.0,1.5,-9.9,-99,-999,]呖,11,j打m,103
24.4189,120.8664,j打,C0E520,2017-02-24T17:00:00+08:00,320.0,139.0,1.3,9.3,0.99,984.5,-99.0,1.5,-9.9,-99,-999,]呖,11,j打m,103
24.4189,120.8664,j打,C0E520,2017-02-24T18:00:00+08:00,320.0,98.0,0.5,9.6,1.00,983.5,-99.0,4.0,-9.9,-99,-999,]呖,11,j打m,103
24.4189,120.8664,j打,C0E520,2017-02-24T19:00:00+08:00,320.0,274.0,0.8,9.7,1.00,985.1,-99.0,4.0,-9.9,-99,-999,]呖,11,j打m,103
24.4189,120.8664,j打,C0E520,2017-02-24T20:00:00+08:00,320.0,70.0,0.6,9.7,1.00,984.2,-99.0,4.0,-9.9,-99,-999,]呖,11,j打m,103
24.4189,120.8664,j打,C0E520,2017-02-24T21:00:00+08:00,320.0,94.0,0.7,10.2,1.00,985.2,-99.0,5.0,-9.9,-99,-999,]呖,11,j打m,103
24.4189,120.8664,j打,C0E520,2017-02-24T22:00:00+08:00,320.0,286.0,1.1,10.4,1.00,985.2,-99.0,6.0,-9.9,-99,-999,]呖,11,j打m,103
24.4189,120.8664,j打,C0E520,2017-02-24T23:00:00+08:00,320.0,60.0,1.2,10.6,0.99,985.5,-99.0,6.5,-9.9,-99,-999,]呖,11,j打m,103
24.4189,120.8664,j打,C0E520,2017-02-25T00:00:00+08:00,320.0,337.0,0.5,10.9,1.00,984.7,-99.0,6.5,-9.9,-99,-999,]呖,11,j打m,103
24.4189,120.8664,j打,C0E520,2017-02-25T02:00:00+08:00,320.0,321.0,1.0,11.1,1.00,983.7,-99.0,2.0,-9.9,-99,-999,]呖,11,j打m,103
24.4189,120.8664,j打,C0E520,2017-02-25T03:00:00+08:00,320.0,50.0,1.0,11.3,0.99,982.9,-99.0,2.0,-9.9,-99,-999,]呖,11,j打m,103
24.4189,120.8664,j打,C0E520,2017-02-25T04:00:00+08:00,320.0,101.0,0.5,11.6,1.00,983.6,-99.0,2.0,-9.9,-99,-999,]呖,11,j打m,103
24.4189,120.8664,j打,C0E520,2017-02-25T05:00:00+08:00,320.0,58.0,0.8,11.6,0.99,983.5,-99.0,4.0,-9.9,-99,-999,]呖,11,j打m,103
24.4189,120.8664,j打,C0E520,2017-02-25T06:00:00+08:00,320.0,36.0,0.4,11.8,0.99,982.4,-99.0,4.0,-9.9,-99,-999,]呖,11,j打m,103
24.4189,120.8664,j打,C0E520,2017-02-25T07:00:00+08:00,320.0,315.0,1.0,12.0,0.99,983.9,-99.0,4.0,-9.9,-99,-999,]呖,11,j打m,103
24.4189,120.8664,j打,C0E520,2017-02-25T08:00:00+08:00,320.0,294.0,1.0,11.8,1.00,983.9,-99.0,4.0,-9.9,-99,-999,]呖,11,j打m,103
24.4189,120.8664,j打,C0E520,2017-02-25T10:00:00+08:00,320.0,61.0,0.4,12.1,1.00,984.4,-99.0,5.5,-9.9,-99,-999,]呖,11,j打m,103
24.4189,120.8664,j打,C0E520,2017-02-25T11:00:00+08:00,320.0,257.0,0.4,12.5,1.00,983.6,-99.0,6.0,-9.9,-99,-999,]呖,11,j打m,103
24.4189,120.8664,j打,C0E520,2017-02-25T12:00:00+08:00,320.0,317.0,0.7,12.8,1.00,983.0,-99.0,7.5,-9.9,-99,-999,]呖,11,j打m,103
24.4189,120.8664,j打,C0E520,2017-02-25T13:00:00+08:00,320.0,60.0,1.2,12.8,0.99,981.9,-99.0,7.5,-9.9,-99,-999,]呖,11,j打m,103
24.4189,120.8664,j打,C0E520,2017-02-25T15:00:00+08:00,320.0,93.0,1.1,11.5,0.99,981.2,-99.0,8.0,-9.9,-99,-999,]呖,11,j打m,103
24.4189,120.8664,j打,C0E520,2017-02-25T16:00:00+08:00,320.0,80.0,0.9,11.4,0.99,981.3,-99.0,8.0,-9.9,-99,-999,]呖,11,j打m,103
24.4189,120.8664,j打,C0E520,2017-02-25T17:00:00+08:00,320.0,210.0,1.0,11.3,1.00,981.4,-99.0,8.5,-9.9,-99,-999,]呖,11,j打m,103
24.4189,120.8664,j打,C0E520,2017-02-25T18:00:00+08:00,320.0,0.0,0.2,11.4,1.00,981.2,-99.0,8.5,-9.9,-99,-999,]呖,11,j打m,103
24.4189,120.8664,j打,C0E520,2017-02-25T19:00:00+08:00,320.0,45.0,0.3,11.5,1.00,981.9,-99.0,9.5,-9.9,-99,-999,]呖,11,j打m,103
24.4189,120.8664,j打,C0E520,2017-02-25T20:00:00+08:00,320.0,245.0,0.4,11.7,1.00,980.8,-99.0,9.5,-9.9,-99,-999,]呖,11,j打m,103
24.4189,120.8664,j打,C0E520,2017-02-25T21:00:00+08:00,320.0,54.0,1.1,12.0,1.00,982.2,-99.0,9.5,-9.9,-99,-999,]呖,11,j打m,103
24.4189,120.8664,j打,C0E520,2017-02-25T22:00:00+08:00,320.0,335.0,0.8,11.9,1.00,982.4,-99.0,9.5,-9.9,-99,-999,]呖,11,j打m,103
24.4189,120.8664,j打,C0E520,2017-02-25T23:00:00+08:00,320.0,244.0,0.8,11.9,1.00,982.6,-99.0,9.5,-9.9,-99,-999,]呖,11,j打m,103
24.4189,120.8664,j打,C0E520,2017-02-26T00:00:00+08:00,320.0,265.0,1.0,11.8,1.00,982.5,-99.0,10.0,-9.9,-99,-999,]呖,11,j打m,103
24.4189,120.8664,j打,C0E520,2017-02-26T01:00:00+08:00,320.0,75.0,0.8,12.0,1.00,982.6,-99.0,0.0,-9.9,-99,-999,]呖,11,j打m,103
24.4189,120.8664,j打,C0E520,2017-02-26T02:00:00+08:00,320.0,0.0,0.2,11.8,1.00,982.0,-99.0,0.5,-9.9,-99,-999,]呖,11,j打m,103
24.4189,120.8664,j打,C0E520,2017-02-26T03:00:00+08:00,320.0,30.0,0.4,11.6,1.00,982.0,-99.0,3.5,-9.9,-99,-999,]呖,11,j打m,103
24.4189,120.8664,j打,C0E520,2017-02-26T04:00:00+08:00,320.0,307.0,0.4,11.6,1.00,982.0,-99.0,6.5,-9.9,-99,-999,]呖,11,j打m,103
24.4189,120.8664,j打,C0E520,2017-02-26T06:00:00+08:00,320.0,129.0,1.1,11.2,0.99,983.0,-99.0,22.5,-9.9,-99,-999,]呖,11,j打m,103
24.4189,120.8664,j打,C0E520,2017-02-26T07:00:00+08:00,320.0,275.0,0.9,11.1,0.99,984.1,-99.0,24.0,-9.9,-99,-999,]呖,11,j打m,103
24.4189,120.8664,j打,C0E520,2017-02-26T08:00:00+08:00,320.0,157.0,1.1,10.2,0.99,985.2,-99.0,24.0,-9.9,-99,-999,]呖,11,j打m,103
24.4189,120.8664,j打,C0E520,2017-02-26T10:00:00+08:00,320.0,1.0,1.1,10.6,0.97,985.7,-99.0,24.0,-9.9,-99,-999,]呖,11,j打m,103
24.4189,120.8664,j打,C0E520,2017-02-26T11:00:00+08:00,320.0,268.0,1.4,11.5,0.93,985.2,-99.0,24.0,-9.9,-99,-999,]呖,11,j打m,103
24.4189,120.8664,j打,C0E520,2017-02-26T12:00:00+08:00,320.0,307.0,1.1,11.6,0.92,984.6,-99.0,24.0,-9.9,-99,-999,]呖,11,j打m,103
24.4189,120.8664,j打,C0E520,2017-02-26T13:00:00+08:00,320.0,196.0,1.4,11.7,0.91,984.0,-99.0,24.0,-9.9,-99,-999,]呖,11,j打m,103
24.4189,120.8664,j打,C0E520,2017-02-26T14:00:00+08:00,320.0,271.0,1.0,11.3,0.93,983.3,-99.0,24.0,-9.9,-99,-999,]呖,11,j打m,103
24.4189,120.8664,j打,C0E520,2017-02-26T15:00:00+08:00,320.0,272.0,1.4,11.3,0.92,982.4,-99.0,24.0,-9.9,-99,-999,]呖,11,j打m,103
24.4189,120.8664,j打,C0E520,2017-02-26T17:00:00+08:00,320.0,295.0,1.5,11.1,0.94,983.1,-99.0,24.0,-9.9,-99,-999,]呖,11,j打m,103
24.4189,120.8664,j打,C0E520,2017-02-26T18:00:00+08:00,320.0,111.0,1.2,11.1,0.93,983.6,-99.0,24.0,-9.9,-99,-999,]呖,11,j打m,103
24.4189,120.8664,j打,C0E520,2017-02-26T19:00:00+08:00,320.0,165.0,1.3,11.0,0.93,984.0,-99.0,24.0,-9.9,-99,-999,]呖,11,j打m,103
24.4189,120.8664,j打,C0E520,2017-02-26T20:00:00+08:00,320.0,281.0,1.1,11.0,0.92,984.4,-99.0,24.0,-9.9,-99,-999,]呖,11,j打m,103
24.4189,120.8664,j打,C0E520,2017-02-26T21:00:00+08:00,320.0,298.0,1.4,11.0,0.91,984.4,-99.0,24.0,-9.9,-99,-999,]呖,11,j打m,103
24.4189,120.8664,j打,C0E520,2017-02-26T22:00:00+08:00,320.0,325.0,1.0,11.2,0.88,984.5,-99.0,24.0,-9.9,-99,-999,]呖,11,j打m,103
24.4189,120.8664,j打,C0E520,2017-02-26T23:00:00+08:00,320.0,171.0,1.1,11.1,0.90,984.2,-99.0,24.0,-9.9,-99,-999,]呖,11,j打m,103
24.4189,120.8664,j打,C0E520,2017-02-27T00:00:00+08:00,320.0,94.0,1.0,11.1,0.91,983.8,-99.0,24.0,-9.9,-99,-999,]呖,11,j打m,103
24.4189,120.8664,j打,C0E520,2017-02-27T01:00:00+08:00,320.0,108.0,0.5,11.1,0.92,983.8,-99.0,0.0,-9.9,-99,-999,]呖,11,j打m,103
24.4189,120.8664,j打,C0E520,2017-02-27T02:00:00+08:00,320.0,287.0,0.8,10.9,0.93,983.2,-99.0,0.0,-9.9,-99,-999,]呖,11,j打m,103
24.4189,120.8664,j打,C0E520,2017-02-27T03:00:00+08:00,320.0,63.0,0.4,11.1,0.92,983.3,-99.0,0.0,-9.9,-99,-999,]呖,11,j打m,103
24.4189,120.8664,j打,C0E520,2017-02-27T04:00:00+08:00,320.0,0.0,0.2,11.1,0.92,983.0,-99.0,0.0,-9.9,-99,-999,]呖,11,j打m,103
24.4189,120.8664,j打,C0E520,2017-02-27T05:00:00+08:00,320.0,99.0,0.5,11.6,0.89,983.7,-99.0,0.0,-9.9,-99,-999,]呖,11,j打m,103
24.4189,120.8664,j打,C0E520,2017-02-27T06:00:00+08:00,320.0,275.0,0.7,11.7,0.90,984.4,-99.0,0.0,-9.9,-99,-999,]呖,11,j打m,103
24.4189,120.8664,j打,C0E520,2017-02-27T07:00:00+08:00,320.0,123.0,0.6,11.9,0.87,984.5,-99.0,0.0,-9.9,-99,-999,]呖,11,j打m,103
24.4189,120.8664,j打,C0E520,2017-02-27T08:00:00+08:00,320.0,283.0,0.6,12.2,0.86,985.3,-99.0,0.0,-9.9,-99,-999,]呖,11,j打m,103
24.4189,120.8664,j打,C0E520,2017-02-27T10:00:00+08:00,320.0,315.0,0.7,13.2,0.79,985.8,-99.0,0.0,-9.9,-99,-999,]呖,11,j打m,103
24.4189,120.8664,j打,C0E520,2017-02-27T11:00:00+08:00,320.0,34.0,1.0,13.4,0.78,986.0,-99.0,0.0,-9.9,-99,-999,]呖,11,j打m,103
24.4189,120.8664,j打,C0E520,2017-02-27T12:00:00+08:00,320.0,280.0,0.9,13.9,0.78,985.2,-99.0,0.0,-9.9,-99,-999,]呖,11,j打m,103
24.4189,120.8664,j打,C0E520,2017-02-27T13:00:00+08:00,320.0,27.0,0.8,15.1,0.77,984.1,-99.0,0.0,-9.9,-99,-999,]呖,11,j打m,103
24.4189,120.8664,j打,C0E520,2017-02-27T14:00:00+08:00,320.0,274.0,0.8,14.4,0.78,984.1,-99.0,0.0,-9.9,-99,-999,]呖,11,j打m,103
24.4189,120.8664,j打,C0E520,2017-02-27T15:00:00+08:00,320.0,289.0,1.1,14.3,0.77,984.1,-99.0,0.0,-9.9,-99,-999,]呖,11,j打m,103
24.4189,120.8664,j打,C0E520,2017-02-27T16:00:00+08:00,320.0,296.0,0.6,14.2,0.80,984.1,-99.0,0.0,-9.9,-99,-999,]呖,11,j打m,103
24.4189,120.8664,j打,C0E520,2017-02-27T17:00:00+08:00,320.0,57.0,0.7,13.8,0.83,984.7,-99.0,0.0,-9.9,-99,-999,]呖,11,j打m,103
24.4189,120.8664,j打,C0E520,2017-02-27T18:00:00+08:00,320.0,165.0,0.7,12.6,0.88,984.7,-99.0,0.0,-9.9,-99,-999,]呖,11,j打m,103
24.4189,120.8664,j打,C0E520,2017-02-27T19:00:00+08:00,320.0,75.0,0.5,12.4,0.90,984.4,-99.0,0.0,-9.9,-99,-999,]呖,11,j打m,103
24.4189,120.8664,j打,C0E520,2017-02-27T20:00:00+08:00,320.0,223.0,0.3,12.4,0.90,984.7,-99.0,0.0,-9.9,-99,-999,]呖,11,j打m,103
24.4189,120.8664,j打,C0E520,2017-02-27T21:00:00+08:00,320.0,0.0,0.2,12.3,0.91,984.8,-99.0,0.0,-9.9,-99,-999,]呖,11,j打m,103
24.4189,120.8664,j打,C0E520,2017-02-27T22:00:00+08:00,320.0,0.0,0.1,12.3,0.92,985.0,-99.0,0.0,-9.9,-99,-999,]呖,11,j打m,103
24.4189,120.8664,j打,C0E520,2017-02-27T23:00:00+08:00,320.0,94.0,0.3,11.6,0.97,984.6,-99.0,0.0,-9.9,-99,-999,]呖,11,j打m,103
24.4189,120.8664,j打,C0E520,2017-02-28T00:00:00+08:00,320.0,133.0,0.4,11.0,0.99,984.7,-99.0,0.0,-9.9,-99,-999,]呖,11,j打m,103
24.4189,120.8664,j打,C0E520,2017-02-28T01:00:00+08:00,320.0,101.0,0.6,10.6,1.00,983.7,-99.0,0.0,-9.9,-99,-999,]呖,11,j打m,103
24.4189,120.8664,j打,C0E520,2017-02-28T02:00:00+08:00,320.0,355.0,0.6,11.1,1.00,984.4,-99.0,0.0,-9.9,-99,-999,]呖,11,j打m,103
24.4189,120.8664,j打,C0E520,2017-02-28T03:00:00+08:00,320.0,112.0,0.6,11.5,1.00,984.3,-99.0,0.0,-9.9,-99,-999,]呖,11,j打m,103
24.4189,120.8664,j打,C0E520,2017-02-28T04:00:00+08:00,320.0,0.0,0.0,11.8,1.00,984.1,-99.0,0.0,-9.9,-99,-999,]呖,11,j打m,103
24.4189,120.8664,j打,C0E520,2017-02-28T05:00:00+08:00,320.0,177.0,0.4,12.0,1.00,984.0,-99.0,0.0,-9.9,-99,-999,]呖,11,j打m,103
24.4189,120.8664,j打,C0E520,2017-02-28T06:00:00+08:00,320.0,0.0,0.1,11.8,1.00,984.2,-99.0,0.0,-9.9,-99,-999,]呖,11,j打m,103
24.4189,120.8664,j打,C0E520,2017-02-28T07:00:00+08:00,320.0,345.0,0.6,12.2,1.00,985.0,-99.0,0.0,-9.9,-99,-999,]呖,11,j打m,103
24.4189,120.8664,j打,C0E520,2017-02-28T08:00:00+08:00,320.0,307.0,0.7,13.3,0.94,984.8,-99.0,0.0,-9.9,-99,-999,]呖,11,j打m,103
24.4189,120.8664,j打,C0E520,2017-02-28T09:00:00+08:00,320.0,31.0,0.6,14.7,0.86,984.7,-99.0,0.0,-9.9,-99,-999,]呖,11,j打m,103
24.4189,120.8664,j打,C0E520,2017-02-28T10:00:00+08:00,320.0,31.0,1.1,17.1,0.76,984.5,-99.0,0.0,-9.9,-99,-999,]呖,11,j打m,103
24.4189,120.8664,j打,C0E520,2017-02-28T11:00:00+08:00,320.0,349.0,1.1,18.9,0.72,984.4,-99.0,0.0,-9.9,-99,-999,]呖,11,j打m,103
24.4189,120.8664,j打,C0E520,2017-02-28T12:00:00+08:00,320.0,347.0,1.3,18.8,0.72,983.8,-99.0,0.0,-9.9,-99,-999,]呖,11,j打m,103
24.4189,120.8664,j打,C0E520,2017-02-28T13:00:00+08:00,320.0,341.0,1.4,19.2,0.72,982.9,-99.0,0.0,-9.9,-99,-999,]呖,11,j打m,103
24.4189,120.8664,j打,C0E520,2017-02-28T14:00:00+08:00,320.0,322.0,1.4,17.1,0.79,982.3,-99.0,0.0,-9.9,-99,-999,]呖,11,j打m,103
24.4189,120.8664,j打,C0E520,2017-02-28T15:00:00+08:00,320.0,343.0,1.4,17.1,0.80,981.1,-99.0,0.0,-9.9,-99,-999,]呖,11,j打m,103
24.4189,120.8664,j打,C0E520,2017-02-28T16:00:00+08:00,320.0,352.0,1.1,16.7,0.81,980.7,-99.0,0.0,-9.9,-99,-999,]呖,11,j打m,103
24.4189,120.8664,j打,C0E520,2017-02-28T18:00:00+08:00,320.0,62.0,0.9,14.5,0.89,981.3,-99.0,0.0,-9.9,-99,-999,]呖,11,j打m,103
24.4189,120.8664,j打,C0E520,2017-02-28T19:00:00+08:00,320.0,35.0,0.7,13.9,0.92,981.8,-99.0,0.0,-9.9,-99,-999,]呖,11,j打m,103
24.4189,120.8664,j打,C0E520,2017-02-28T20:00:00+08:00,320.0,32.0,0.6,13.6,0.93,982.0,-99.0,0.0,-9.9,-99,-999,]呖,11,j打m,103
24.4189,120.8664,j打,C0E520,2017-02-28T21:00:00+08:00,320.0,0.0,0.0,13.4,0.96,981.9,-99.0,0.0,-9.9,-99,-999,]呖,11,j打m,103
24.4189,120.8664,j打,C0E520,2017-02-28T22:00:00+08:00,320.0,348.0,0.9,13.3,0.96,982.3,-99.0,0.0,-9.9,-99,-999,]呖,11,j打m,103
24.4189,120.8664,j打,C0E520,2017-02-28T23:00:00+08:00,320.0,38.0,0.5,13.1,0.97,982.3,-99.0,0.0,-9.9,-99,-999,]呖,11,j打m,103
