24.2450,121.2377,梨山,C0F860,2017-02-01T07:00:00+08:00,2215.0,0.0,0.1,7.5,0.97,784.8,-99.0,1.0,-9.9,-99,-999,臺中市,02,和平區,104
24.2450,121.2377,梨山,C0F860,2017-02-01T05:00:00+08:00,2215.0,0.0,0.0,7.6,0.94,784.2,-99.0,1.0,-9.9,-99,-999,臺中市,02,和平區,104
24.2450,121.2377,梨山,C0F860,2017-02-01T02:00:00+08:00,2215.0,0.0,0.1,7.8,0.96,784.1,-99.0,0.0,-9.9,-99,-999,臺中市,02,和平區,104
24.2450,121.2377,梨山,C0F860,2017-02-01T11:00:00+08:00,2215.0,249.0,0.3,9.9,0.93,785.2,-99.0,1.0,-9.9,-99,-999,臺中市,02,和平區,104
24.2450,121.2377,梨山,C0F860,2017-02-02T10:00:00+08:00,2215.0,222.0,0.4,11.3,0.59,785.3,-99.0,0.0,-9.9,-99,-999,臺中市,02,和平區,104
24.2450,121.2377,梨山,C0F860,2017-02-02T09:00:00+08:00,2215.0,0.0,0.2,8.9,0.81,785.3,-99.0,0.0,-9.9,-99,-999,臺中市,02,和平區,104
24.2450,121.2377,梨山,C0F860,2017-02-02T08:00:00+08:00,2215.0,0.0,0.2,6.4,0.99,784.9,-99.0,0.0,-9.9,-99,-999,臺中市,02,和平區,104
24.2450,121.2377,梨山,C0F860,2017-02-02T11:00:00+08:00,2215.0,213.0,0.8,12.7,0.54,784.9,-99.0,0.0,-9.9,-99,-999,臺中市,02,和平區,104
24.2450,121.2377,梨山,C0F860,2017-02-02T14:00:00+08:00,2215.0,217.0,1.6,13.4,0.50,783.0,-99.0,0.0,-9.9,-99,-999,臺中市,02,和平區,104
24.2450,121.2377,梨山,C0F860,2017-02-02T15:00:00+08:00,2215.0,221.0,1.2,12.9,0.51,782.7,-99.0,0.0,-9.9,-99,-999,臺中市,02,和平區,104
24.2450,121.2377,梨山,C0F860,2017-02-02T19:00:00+08:00,2215.0,186.0,0.3,8.0,0.77,783.7,-99.0,0.0,-9.9,-99,-999,臺中市,02,和平區,104
24.2450,121.2377,梨山,C0F860,2017-02-02T20:00:00+08:00,2215.0,210.0,0.3,7.4,0.73,783.8,-99.0,0.0,-9.9,-99,-999,臺中市,02,和平區,104
24.2450,121.2377,梨山,C0F860,2017-02-02T21:00:00+08:00,2215.0,0.0,0.2,7.0,0.77,784.0,-99.0,0.0,-9.9,-99,-999,臺中市,02,和平區,104
24.2450,121.2377,梨山,C0F860,2017-02-02T22:00:00+08:00,2215.0,0.0,0.1,6.4,0.85,783.9,-99.0,0.0,-9.9,-99,-999,臺中市,02,和平區,104
24.2450,121.2377,梨山,C0F860,2017-02-02T23:00:00+08:00,2215.0,0.0,0.0,6.0,0.81,783.7,-99.0,0.0,-9.9,-99,-999,臺中市,02,和平區,104
24.2450,121.2377,梨山,C0F860,2017-02-03T00:00:00+08:00,2215.0,0.0,0.0,6.3,0.77,783.7,-99.0,0.0,-9.9,-99,-999,臺中市,02,和平區,104
24.2450,121.2377,梨山,C0F860,2017-02-03T01:00:00+08:00,2215.0,0.0,0.0,6.1,0.71,783.5,-99.0,0.0,-9.9,-99,-999,臺中市,02,和平區,104
24.2450,121.2377,梨山,C0F860,2017-02-03T02:00:00+08:00,2215.0,0.0,0.0,6.5,0.65,783.2,-99.0,0.0,-9.9,-99,-999,臺中市,02,和平區,104
24.2450,121.2377,梨山,C0F860,2017-02-03T03:00:00+08:00,2215.0,0.0,0.0,6.8,0.63,783.1,-99.0,0.0,-9.9,-99,-999,臺中市,02,和平區,104
24.2450,121.2377,梨山,C0F860,2017-02-03T04:00:00+08:00,2215.0,0.0,0.0,6.6,0.65,782.6,-99.0,0.0,-9.9,-99,-999,臺中市,02,和平區,104
24.2450,121.2377,梨山,C0F860,2017-02-03T05:00:00+08:00,2215.0,0.0,0.2,6.2,0.68,782.9,-99.0,0.0,-9.9,-99,-999,臺中市,02,和平區,104
24.2450,121.2377,梨山,C0F860,2017-02-03T06:00:00+08:00,2215.0,0.0,0.0,7.0,0.66,783.2,-99.0,0.0,-9.9,-99,-999,臺中市,02,和平區,104
24.2450,121.2377,梨山,C0F860,2017-02-03T07:00:00+08:00,2215.0,0.0,0.0,7.3,0.65,783.2,-99.0,0.0,-9.9,-99,-999,臺中市,02,和平區,104
24.2450,121.2377,梨山,C0F860,2017-02-03T08:00:00+08:00,2215.0,0.0,0.2,8.2,0.64,783.6,-99.0,0.0,-9.9,-99,-999,臺中市,02,和平區,104
24.2450,121.2377,梨山,C0F860,2017-02-03T10:00:00+08:00,2215.0,210.0,0.8,10.5,0.58,783.9,-99.0,0.0,-9.9,-99,-999,臺中市,02,和平區,104
24.2450,121.2377,梨山,C0F860,2017-02-03T11:00:00+08:00,2215.0,210.0,0.9,11.3,0.56,783.5,-99.0,0.0,-9.9,-99,-999,臺中市,02,和平區,104
24.2450,121.2377,梨山,C0F860,2017-02-03T13:00:00+08:00,2215.0,213.0,1.5,13.0,0.52,781.8,-99.0,0.0,-9.9,-99,-999,臺中市,02,和平區,104
24.2450,121.2377,梨山,C0F860,2017-02-03T14:00:00+08:00,2215.0,216.0,1.8,12.3,0.56,781.3,-99.0,0.0,-9.9,-99,-999,臺中市,02,和平區,104
24.2450,121.2377,梨山,C0F860,2017-02-03T17:00:00+08:00,2215.0,215.0,0.7,8.8,0.78,781.6,-99.0,0.0,-9.9,-99,-999,臺中市,02,和平區,104
24.2450,121.2377,梨山,C0F860,2017-02-03T18:00:00+08:00,2215.0,177.0,0.5,7.7,0.84,781.9,-99.0,0.0,-9.9,-99,-999,臺中市,02,和平區,104
24.2450,121.2377,梨山,C0F860,2017-02-03T19:00:00+08:00,2215.0,0.0,0.0,6.5,0.91,782.1,-99.0,0.0,-9.9,-99,-999,臺中市,02,和平區,104
24.2450,121.2377,梨山,C0F860,2017-02-03T20:00:00+08:00,2215.0,0.0,0.2,6.8,0.90,782.7,-99.0,0.0,-9.9,-99,-999,臺中市,02,和平區,104
24.2450,121.2377,梨山,C0F860,2017-02-03T21:00:00+08:00,2215.0,186.0,0.3,6.5,0.88,782.5,-99.0,0.0,-9.9,-99,-999,臺中市,02,和平區,104
24.2450,121.2377,梨山,C0F860,2017-02-03T22:00:00+08:00,2215.0,159.0,0.3,7.1,0.82,782.5,-99.0,0.0,-9.9,-99,-999,臺中市,02,和平區,104
24.2450,121.2377,梨山,C0F860,2017-02-03T23:00:00+08:00,2215.0,0.0,0.1,6.9,0.83,782.6,-99.0,0.0,-9.9,-99,-999,臺中市,02,和平區,104
24.2450,121.2377,梨山,C0F860,2017-02-04T00:00:00+08:00,2215.0,179.0,0.3,6.6,0.92,782.4,-99.0,0.0,-9.9,-99,-999,臺中市,02,和平區,104
24.2450,121.2377,梨山,C0F860,2017-02-04T01:00:00+08:00,2215.0,0.0,0.2,6.1,0.91,781.9,-99.0,0.0,-9.9,-99,-999,臺中市,02,和平區,104
24.2450,121.2377,梨山,C0F860,2017-02-04T02:00:00+08:00,2215.0,0.0,0.1,5.8,0.94,781.6,-99.0,0.0,-9.9,-99,-999,臺中市,02,和平區,104
24.2450,121.2377,梨山,C0F860,2017-02-04T03:00:00+08:00,2215.0,0.0,0.0,5.3,0.93,781.3,-99.0,0.0,-9.9,-99,-999,臺中市,02,和平區,104
24.2450,121.2377,梨山,C0F860,2017-02-04T04:00:00+08:00,2215.0,0.0,0.1,5.3,0.95,780.9,-99.0,0.0,-9.9,-99,-999,臺中市,02,和平區,104
24.2450,121.2377,梨山,C0F860,2017-02-04T05:00:00+08:00,2215.0,0.0,0.0,5.0,0.93,780.8,-99.0,0.0,-9.9,-99,-999,臺中市,02,和平區,104
24.2450,121.2377,梨山,C0F860,2017-02-04T06:00:00+08:00,2215.0,0.0,0.2,5.3,0.90,781.2,-99.0,0.0,-9.9,-99,-999,臺中市,02,和平區,104
24.2450,121.2377,梨山,C0F860,2017-02-04T07:00:00+08:00,2215.0,0.0,0.1,5.5,0.86,781.3,-99.0,0.0,-9.9,-99,-999,臺中市,02,和平區,104
24.2450,121.2377,梨山,C0F860,2017-02-04T08:00:00+08:00,2215.0,0.0,0.1,6.7,0.82,781.7,-99.0,0.0,-9.9,-99,-999,臺中市,02,和平區,104
24.2450,121.2377,梨山,C0F860,2017-02-04T11:00:00+08:00,2215.0,284.0,0.3,11.1,0.69,781.1,-99.0,0.0,-9.9,-99,-999,臺中市,02,和平區,104
24.2450,121.2377,梨山,C0F860,2017-02-04T12:00:00+08:00,2215.0,239.0,0.3,12.1,0.65,780.4,-99.0,0.0,-9.9,-99,-999,臺中市,02,和平區,104
24.2450,121.2377,梨山,C0F860,2017-02-04T13:00:00+08:00,2215.0,218.0,0.3,11.6,0.67,779.6,-99.0,0.0,-9.9,-99,-999,臺中市,02,和平區,104
24.2450,121.2377,梨山,C0F860,2017-02-04T14:00:00+08:00,2215.0,0.0,0.1,10.9,0.70,778.8,-99.0,0.0,-9.9,-99,-999,臺中市,02,和平區,104
24.2450,121.2377,梨山,C0F860,2017-02-04T15:00:00+08:00,2215.0,215.0,0.4,9.6,0.78,778.6,-99.0,0.0,-9.9,-99,-999,臺中市,02,和平區,104
24.2450,121.2377,梨山,C0F860,2017-02-04T16:00:00+08:00,2215.0,221.0,0.3,9.3,0.79,778.4,-99.0,0.0,-9.9,-99,-999,臺中市,02,和平區,104
24.2450,121.2377,梨山,C0F860,2017-02-04T17:00:00+08:00,2215.0,0.0,0.1,9.0,0.82,778.7,-99.0,0.0,-9.9,-99,-999,臺中市,02,和平區,104
24.2450,121.2377,梨山,C0F860,2017-02-04T18:00:00+08:00,2215.0,0.0,0.1,7.7,0.90,778.7,-99.0,0.0,-9.9,-99,-999,臺中市,02,和平區,104
24.2450,121.2377,梨山,C0F860,2017-02-04T19:00:00+08:00,2215.0,0.0,0.1,7.4,0.93,779.6,-99.0,0.0,-9.9,-99,-999,臺中市,02,和平區,104
24.2450,121.2377,梨山,C0F860,2017-02-04T20:00:00+08:00,2215.0,0.0,0.1,7.1,0.99,779.7,-99.0,0.0,-9.9,-99,-999,臺中市,02,和平區,104
24.2450,121.2377,梨山,C0F860,2017-02-04T21:00:00+08:00,2215.0,0.0,0.1,7.0,0.96,780.1,-99.0,0.0,-9.9,-99,-999,臺中市,02,和平區,104
24.2450,121.2377,梨山,C0F860,2017-02-04T22:00:00+08:00,2215.0,0.0,0.0,6.9,0.90,779.7,-99.0,0.0,-9.9,-99,-999,臺中市,02,和平區,104
24.2450,121.2377,梨山,C0F860,2017-02-04T23:00:00+08:00,2215.0,0.0,0.0,6.7,0.94,779.8,-99.0,0.0,-9.9,-99,-999,臺中市,02,和平區,104
24.2450,121.2377,梨山,C0F860,2017-02-05T00:00:00+08:00,2215.0,0.0,0.1,6.3,0.92,779.7,-99.0,0.0,-9.9,-99,-999,臺中市,02,和平區,104
24.2450,121.2377,梨山,C0F860,2017-02-05T01:00:00+08:00,2215.0,0.0,0.1,6.6,0.88,779.5,-99.0,0.0,-9.9,-99,-999,臺中市,02,和平區,104
24.2450,121.2377,梨山,C0F860,2017-02-05T02:00:00+08:00,2215.0,0.0,0.2,6.9,0.86,779.0,-99.0,0.0,-9.9,-99,-999,臺中市,02,和平區,104
24.2450,121.2377,梨山,C0F860,2017-02-05T03:00:00+08:00,2215.0,0.0,0.0,5.5,0.90,778.3,-99.0,0.0,-9.9,-99,-999,臺中市,02,和平區,104
24.2450,121.2377,梨山,C0F860,2017-02-05T04:00:00+08:00,2215.0,0.0,0.1,4.6,0.96,777.9,-99.0,0.0,-9.9,-99,-999,臺中市,02,和平區,104
24.2450,121.2377,梨山,C0F860,2017-02-05T05:00:00+08:00,2215.0,0.0,0.1,4.1,0.95,778.2,-99.0,0.0,-9.9,-99,-999,臺中市,02,和平區,104
24.2450,121.2377,梨山,C0F860,2017-02-05T06:00:00+08:00,2215.0,0.0,0.1,4.9,0.91,779.0,-99.0,0.0,-9.9,-99,-999,臺中市,02,和平區,104
24.2450,121.2377,梨山,C0F860,2017-02-05T07:00:00+08:00,2215.0,0.0,0.0,5.7,0.89,779.4,-99.0,0.0,-9.9,-99,-999,臺中市,02,和平區,104
24.2450,121.2377,梨山,C0F860,2017-02-05T08:00:00+08:00,2215.0,0.0,0.2,7.4,0.81,779.7,-99.0,0.0,-9.9,-99,-999,臺中市,02,和平區,104
24.2450,121.2377,梨山,C0F860,2017-02-05T10:00:00+08:00,2215.0,0.0,0.1,10.3,0.69,779.9,-99.0,0.0,-9.9,-99,-999,臺中市,02,和平區,104
24.2450,121.2377,梨山,C0F860,2017-02-05T11:00:00+08:00,2215.0,0.0,0.2,10.9,0.66,780.0,-99.0,0.0,-9.9,-99,-999,臺中市,02,和平區,104
24.2450,121.2377,梨山,C0F860,2017-02-05T12:00:00+08:00,2215.0,318.0,0.3,11.5,0.67,779.4,-99.0,0.0,-9.9,-99,-999,臺中市,02,和平區,104
24.2450,121.2377,梨山,C0F860,2017-02-05T13:00:00+08:00,2215.0,275.0,0.3,12.1,0.63,778.6,-99.0,0.0,-9.9,-99,-999,臺中市,02,和平區,104
24.2450,121.2377,梨山,C0F860,2017-02-05T14:00:00+08:00,2215.0,262.0,0.3,13.2,0.57,778.2,-99.0,0.0,-9.9,-99,-999,臺中市,02,和平區,104
24.2450,121.2377,梨山,C0F860,2017-02-05T15:00:00+08:00,2215.0,0.0,0.1,12.0,0.57,778.4,-99.0,0.0,-9.9,-99,-999,臺中市,02,和平區,104
24.2450,121.2377,梨山,C0F860,2017-02-05T16:00:00+08:00,2215.0,0.0,0.2,10.9,0.67,778.8,-99.0,0.0,-9.9,-99,-999,臺中市,02,和平區,104
24.2450,121.2377,梨山,C0F860,2017-02-05T17:00:00+08:00,2215.0,0.0,0.2,9.8,0.74,778.8,-99.0,0.0,-9.9,-99,-999,臺中市,02,和平區,104
24.2450,121.2377,梨山,C0F860,2017-02-05T18:00:00+08:00,2215.0,0.0,0.2,8.2,0.80,778.4,-99.0,0.0,-9.9,-99,-999,臺中市,02,和平區,104
24.2450,121.2377,梨山,C0F860,2017-02-05T20:00:00+08:00,2215.0,0.0,0.1,6.7,0.93,779.4,-99.0,0.0,-9.9,-99,-999,臺中市,02,和平區,104
24.2450,121.2377,梨山,C0F860,2017-02-05T21:00:00+08:00,2215.0,66.0,0.3,6.1,0.98,779.9,-99.0,0.0,-9.9,-99,-999,臺中市,02,和平區,104
24.2450,121.2377,梨山,C0F860,2017-02-05T22:00:00+08:00,2215.0,0.0,0.0,6.2,0.95,779.9,-99.0,0.0,-9.9,-99,-999,臺中市,02,和平區,104
24.2450,121.2377,梨山,C0F860,2017-02-05T23:00:00+08:00,2215.0,0.0,0.0,6.3,0.93,780.1,-99.0,0.0,-9.9,-99,-999,臺中市,02,和平區,104
24.2450,121.2377,梨山,C0F860,2017-02-06T00:00:00+08:00,2215.0,0.0,0.0,6.9,0.87,779.5,-99.0,0.0,-9.9,-99,-999,臺中市,02,和平區,104
24.2450,121.2377,梨山,C0F860,2017-02-06T01:00:00+08:00,2215.0,0.0,0.1,6.3,0.90,779.5,-99.0,0.0,-9.9,-99,-999,臺中市,02,和平區,104
24.2450,121.2377,梨山,C0F860,2017-02-06T02:00:00+08:00,2215.0,0.0,0.0,5.9,0.92,779.1,-99.0,0.0,-9.9,-99,-999,臺中市,02,和平區,104
24.2450,121.2377,梨山,C0F860,2017-02-06T03:00:00+08:00,2215.0,0.0,0.0,5.4,0.89,778.8,-99.0,0.0,-9.9,-99,-999,臺中市,02,和平區,104
24.2450,121.2377,梨山,C0F860,2017-02-06T04:00:00+08:00,2215.0,0.0,0.0,5.0,0.84,778.7,-99.0,0.0,-9.9,-99,-999,臺中市,02,和平區,104
24.2450,121.2377,梨山,C0F860,2017-02-06T05:00:00+08:00,2215.0,0.0,0.0,5.5,0.78,779.1,-99.0,0.0,-9.9,-99,-999,臺中市,02,和平區,104
24.2450,121.2377,梨山,C0F860,2017-02-06T06:00:00+08:00,2215.0,0.0,0.0,4.8,0.79,779.7,-99.0,0.0,-9.9,-99,-999,臺中市,02,和平區,104
24.2450,121.2377,梨山,C0F860,2017-02-06T07:00:00+08:00,2215.0,0.0,0.0,6.0,0.71,780.1,-99.0,0.0,-9.9,-99,-999,臺中市,02,和平區,104
24.2450,121.2377,梨山,C0F860,2017-02-06T08:00:00+08:00,2215.0,0.0,0.0,7.9,0.65,780.6,-99.0,0.0,-9.9,-99,-999,臺中市,02,和平區,104
24.2450,121.2377,梨山,C0F860,2017-02-06T10:00:00+08:00,2215.0,222.0,0.4,13.4,0.50,781.5,-99.0,0.0,-9.9,-99,-999,臺中市,02,和平區,104
24.2450,121.2377,梨山,C0F860,2017-02-06T11:00:00+08:00,2215.0,230.0,0.6,15.0,0.48,781.2,-99.0,0.0,-9.9,-99,-999,臺中市,02,和平區,104
24.2450,121.2377,梨山,C0F860,2017-02-06T12:00:00+08:00,2215.0,222.0,0.6,15.5,0.47,780.8,-99.0,0.0,-9.9,-99,-999,臺中市,02,和平區,104
24.2450,121.2377,梨山,C0F860,2017-02-06T13:00:00+08:00,2215.0,216.0,1.0,15.2,0.47,780.3,-99.0,0.0,-9.9,-99,-999,臺中市,02,和平區,104
24.2450,121.2377,梨山,C0F860,2017-02-06T14:00:00+08:00,2215.0,219.0,1.2,15.1,0.53,780.0,-99.0,0.0,-9.9,-99,-999,臺中市,02,和平區,104
24.2450,121.2377,梨山,C0F860,2017-02-06T15:00:00+08:00,2215.0,224.0,0.8,14.9,0.54,779.7,-99.0,0.0,-9.9,-99,-999,臺中市,02,和平區,104
24.2450,121.2377,梨山,C0F860,2017-02-06T16:00:00+08:00,2215.0,235.0,0.4,14.6,0.56,780.0,-99.0,0.0,-9.9,-99,-999,臺中市,02,和平區,104
24.2450,121.2377,梨山,C0F860,2017-02-06T17:00:00+08:00,2215.0,224.0,0.4,12.2,0.66,780.1,-99.0,0.0,-9.9,-99,-999,臺中市,02,和平區,104
24.2450,121.2377,梨山,C0F860,2017-02-06T18:00:00+08:00,2215.0,0.0,0.1,10.2,0.76,780.5,-99.0,0.0,-9.9,-99,-999,臺中市,02,和平區,104
24.2450,121.2377,梨山,C0F860,2017-02-06T19:00:00+08:00,2215.0,0.0,0.2,8.5,0.85,780.9,-99.0,0.0,-9.9,-99,-999,臺中市,02,和平區,104
24.2450,121.2377,梨山,C0F860,2017-02-06T20:00:00+08:00,2215.0,89.0,0.3,7.7,0.91,780.9,-99.0,0.0,-9.9,-99,-999,臺中市,02,和平區,104
24.2450,121.2377,梨山,C0F860,2017-02-06T21:00:00+08:00,2215.0,0.0,0.1,6.9,0.87,781.3,-99.0,0.0,-9.9,-99,-999,臺中市,02,和平區,104
24.2450,121.2377,梨山,C0F860,2017-02-06T22:00:00+08:00,2215.0,103.0,0.3,6.5,0.77,781.5,-99.0,0.0,-9.9,-99,-999,臺中市,02,和平區,104
24.2450,121.2377,梨山,C0F860,2017-02-06T23:00:00+08:00,2215.0,0.0,0.2,6.3,0.76,781.5,-99.0,0.0,-9.9,-99,-999,臺中市,02,和平區,104
24.2450,121.2377,梨山,C0F860,2017-02-07T00:00:00+08:00,2215.0,0.0,0.2,5.8,0.56,781.2,-99.0,0.0,-9.9,-99,-999,臺中市,02,和平區,104
24.2450,121.2377,梨山,C0F860,2017-02-07T02:00:00+08:00,2215.0,0.0,0.1,6.2,0.41,780.6,-99.0,0.0,-9.9,-99,-999,臺中市,02,和平區,104
24.2450,121.2377,梨山,C0F860,2017-02-07T03:00:00+08:00,2215.0,0.0,0.1,5.3,0.41,780.4,-99.0,0.0,-9.9,-99,-999,臺中市,02,和平區,104
24.2450,121.2377,梨山,C0F860,2017-02-07T04:00:00+08:00,2215.0,0.0,0.0,5.4,0.45,780.5,-99.0,0.0,-9.9,-99,-999,臺中市,02,和平區,104
24.2450,121.2377,梨山,C0F860,2017-02-07T05:00:00+08:00,2215.0,0.0,0.1,5.2,0.43,780.6,-99.0,0.0,-9.9,-99,-999,臺中市,02,和平區,104
24.2450,121.2377,梨山,C0F860,2017-02-07T06:00:00+08:00,2215.0,0.0,0.1,5.3,0.42,781.0,-99.0,0.0,-9.9,-99,-999,臺中市,02,和平區,104
24.2450,121.2377,梨山,C0F860,2017-02-07T07:00:00+08:00,2215.0,0.0,0.1,5.1,0.39,781.5,-99.0,0.0,-9.9,-99,-999,臺中市,02,和平區,104
24.2450,121.2377,梨山,C0F860,2017-02-07T08:00:00+08:00,2215.0,0.0,0.1,7.5,0.39,781.6,-99.0,0.0,-9.9,-99,-999,臺中市,02,和平區,104
24.2450,121.2377,梨山,C0F860,2017-02-07T10:00:00+08:00,2215.0,268.0,0.4,13.7,0.29,782.2,-99.0,0.0,-9.9,-99,-999,臺中市,02,和平區,104
24.2450,121.2377,梨山,C0F860,2017-02-07T11:00:00+08:00,2215.0,261.0,0.4,14.7,0.27,781.6,-99.0,0.0,-9.9,-99,-999,臺中市,02,和平區,104
24.2450,121.2377,梨山,C0F860,2017-02-07T12:00:00+08:00,2215.0,223.0,0.5,16.5,0.30,780.9,-99.0,0.0,-9.9,-99,-999,臺中市,02,和平區,104
24.2450,121.2377,梨山,C0F860,2017-02-07T13:00:00+08:00,2215.0,212.0,1.1,15.7,0.37,780.1,-99.0,0.0,-9.9,-99,-999,臺中市,02,和平區,104
24.2450,121.2377,梨山,C0F860,2017-02-07T14:00:00+08:00,2215.0,218.0,1.2,15.1,0.46,779.6,-99.0,0.0,-9.9,-99,-999,臺中市,02,和平區,104
24.2450,121.2377,梨山,C0F860,2017-02-07T15:00:00+08:00,2215.0,220.0,0.5,14.9,0.45,779.4,-99.0,0.0,-9.9,-99,-999,臺中市,02,和平區,104
24.2450,121.2377,梨山,C0F860,2017-02-07T16:00:00+08:00,2215.0,214.0,1.0,13.2,0.49,779.5,-99.0,0.0,-9.9,-99,-999,臺中市,02,和平區,104
24.2450,121.2377,梨山,C0F860,2017-02-07T17:00:00+08:00,2215.0,214.0,0.7,11.4,0.52,780.1,-99.0,0.0,-9.9,-99,-999,臺中市,02,和平區,104
24.2450,121.2377,梨山,C0F860,2017-02-07T18:00:00+08:00,2215.0,204.0,0.6,10.4,0.46,780.4,-99.0,0.0,-9.9,-99,-999,臺中市,02,和平區,104
24.2450,121.2377,梨山,C0F860,2017-02-07T19:00:00+08:00,2215.0,188.0,0.3,9.0,0.46,780.6,-99.0,0.0,-9.9,-99,-999,臺中市,02,和平區,104
24.2450,121.2377,梨山,C0F860,2017-02-07T20:00:00+08:00,2215.0,193.0,0.3,7.5,0.53,780.9,-99.0,0.0,-9.9,-99,-999,臺中市,02,和平區,104
24.2450,121.2377,梨山,C0F860,2017-02-07T21:00:00+08:00,2215.0,0.0,0.0,6.6,0.52,780.9,-99.0,0.0,-9.9,-99,-999,臺中市,02,和平區,104
24.2450,121.2377,梨山,C0F860,2017-02-07T22:00:00+08:00,2215.0,0.0,0.0,6.0,0.55,780.8,-99.0,0.0,-9.9,-99,-999,臺中市,02,和平區,104
24.2450,121.2377,梨山,C0F860,2017-02-07T23:00:00+08:00,2215.0,0.0,0.1,6.1,0.53,780.5,-99.0,0.0,-9.9,-99,-999,臺中市,02,和平區,104
24.2450,121.2377,梨山,C0F860,2017-02-08T00:00:00+08:00,2215.0,113.0,0.3,5.7,0.56,780.1,-99.0,0.0,-9.9,-99,-999,臺中市,02,和平區,104
24.2450,121.2377,梨山,C0F860,2017-02-08T01:00:00+08:00,2215.0,111.0,0.3,5.7,0.57,780.0,-99.0,0.0,-9.9,-99,-999,臺中市,02,和平區,104
24.2450,121.2377,梨山,C0F860,2017-02-08T02:00:00+08:00,2215.0,0.0,0.1,6.0,0.62,779.9,-99.0,0.0,-9.9,-99,-999,臺中市,02,和平區,104
24.2450,121.2377,梨山,C0F860,2017-02-08T03:00:00+08:00,2215.0,0.0,0.0,5.4,0.63,779.5,-99.0,0.0,-9.9,-99,-999,臺中市,02,和平區,104
24.2450,121.2377,梨山,C0F860,2017-02-08T04:00:00+08:00,2215.0,0.0,0.2,5.0,0.63,779.0,-99.0,0.0,-9.9,-99,-999,臺中市,02,和平區,104
24.2450,121.2377,梨山,C0F860,2017-02-08T05:00:00+08:00,2215.0,173.0,0.3,6.1,0.59,779.2,-99.0,0.0,-9.9,-99,-999,臺中市,02,和平區,104
24.2450,121.2377,梨山,C0F860,2017-02-08T06:00:00+08:00,2215.0,196.0,0.3,6.8,0.59,779.6,-99.0,0.0,-9.9,-99,-999,臺中市,02,和平區,104
24.2450,121.2377,梨山,C0F860,2017-02-08T07:00:00+08:00,2215.0,206.0,0.3,7.8,0.60,779.9,-99.0,0.0,-9.9,-99,-999,臺中市,02,和平區,104
24.2450,121.2377,梨山,C0F860,2017-02-08T08:00:00+08:00,2215.0,206.0,0.4,8.9,0.54,779.9,-99.0,0.0,-9.9,-99,-999,臺中市,02,和平區,104
24.2450,121.2377,梨山,C0F860,2017-02-08T10:00:00+08:00,2215.0,216.0,0.7,12.3,0.46,780.4,-99.0,0.0,-9.9,-99,-999,臺中市,02,和平區,104
24.2450,121.2377,梨山,C0F860,2017-02-08T11:00:00+08:00,2215.0,211.0,1.1,13.0,0.44,780.0,-99.0,0.0,-9.9,-99,-999,臺中市,02,和平區,104
24.2450,121.2377,梨山,C0F860,2017-02-08T12:00:00+08:00,2215.0,212.0,1.5,13.9,0.43,779.3,-99.0,0.0,-9.9,-99,-999,臺中市,02,和平區,104
24.2450,121.2377,梨山,C0F860,2017-02-08T13:00:00+08:00,2215.0,214.0,1.2,10.5,0.73,778.9,-99.0,0.0,-9.9,-99,-999,臺中市,02,和平區,104
24.2450,121.2377,梨山,C0F860,2017-02-08T14:00:00+08:00,2215.0,215.0,1.0,7.0,0.97,778.7,-99.0,0.0,-9.9,-99,-999,臺中市,02,和平區,104
24.2450,121.2377,梨山,C0F860,2017-02-08T15:00:00+08:00,2215.0,237.0,0.4,7.9,0.89,778.5,-99.0,0.0,-9.9,-99,-999,臺中市,02,和平區,104
24.2450,121.2377,梨山,C0F860,2017-02-08T16:00:00+08:00,2215.0,225.0,0.4,7.4,0.87,778.4,-99.0,0.0,-9.9,-99,-999,臺中市,02,和平區,104
24.2450,121.2377,梨山,C0F860,2017-02-08T17:00:00+08:00,2215.0,211.0,0.3,6.1,0.96,778.6,-99.0,0.0,-9.9,-99,-999,臺中市,02,和平區,104
24.2450,121.2377,梨山,C0F860,2017-02-08T18:00:00+08:00,2215.0,218.0,0.3,6.2,0.88,778.6,-99.0,0.0,-9.9,-99,-999,臺中市,02,和平區,104
24.2450,121.2377,梨山,C0F860,2017-02-08T19:00:00+08:00,2215.0,190.0,0.3,5.4,0.97,778.8,-99.0,0.0,-9.9,-99,-999,臺中市,02,和平區,104
24.2450,121.2377,梨山,C0F860,2017-02-08T20:00:00+08:00,2215.0,0.0,0.2,6.2,0.86,779.1,-99.0,0.0,-9.9,-99,-999,臺中市,02,和平區,104
24.2450,121.2377,梨山,C0F860,2017-02-08T21:00:00+08:00,2215.0,0.0,0.1,5.1,0.95,779.5,-99.0,0.0,-9.9,-99,-999,臺中市,02,和平區,104
24.2450,121.2377,梨山,C0F860,2017-02-08T22:00:00+08:00,2215.0,0.0,0.2,4.7,0.96,779.4,-99.0,1.5,-9.9,-99,-999,臺中市,02,和平區,104
24.2450,121.2377,梨山,C0F860,2017-02-08T23:00:00+08:00,2215.0,0.0,0.0,5.6,0.95,779.5,-99.0,1.5,-9.9,-99,-999,臺中市,02,和平區,104
24.2450,121.2377,梨山,C0F860,2017-02-09T00:00:00+08:00,2215.0,0.0,0.2,6.4,0.85,779.1,-99.0,1.5,-9.9,-99,-999,臺中市,02,和平區,104
24.2450,121.2377,梨山,C0F860,2017-02-09T01:00:00+08:00,2215.0,0.0,0.0,5.5,0.94,779.0,-99.0,0.0,-9.9,-99,-999,臺中市,02,和平區,104
24.2450,121.2377,梨山,C0F860,2017-02-09T02:00:00+08:00,2215.0,213.0,0.3,6.6,0.85,778.6,-99.0,0.0,-9.9,-99,-999,臺中市,02,和平區,104
24.2450,121.2377,梨山,C0F860,2017-02-09T03:00:00+08:00,2215.0,0.0,0.1,6.6,0.83,778.1,-99.0,0.0,-9.9,-99,-999,臺中市,02,和平區,104
24.2450,121.2377,梨山,C0F860,2017-02-09T04:00:00+08:00,2215.0,0.0,0.1,6.2,0.79,777.6,-99.0,0.0,-9.9,-99,-999,臺中市,02,和平區,104
24.2450,121.2377,梨山,C0F860,2017-02-09T05:00:00+08:00,2215.0,0.0,0.0,5.2,0.86,777.6,-99.0,0.0,-9.9,-99,-999,臺中市,02,和平區,104
24.2450,121.2377,梨山,C0F860,2017-02-09T06:00:00+08:00,2215.0,0.0,0.0,5.3,0.87,778.2,-99.0,0.0,-9.9,-99,-999,臺中市,02,和平區,104
24.2450,121.2377,梨山,C0F860,2017-02-09T07:00:00+08:00,2215.0,0.0,0.1,4.5,0.92,778.7,-99.0,0.0,-9.9,-99,-999,臺中市,02,和平區,104
24.2450,121.2377,梨山,C0F860,2017-02-09T08:00:00+08:00,2215.0,0.0,0.1,5.5,0.82,778.8,-99.0,0.0,-9.9,-99,-999,臺中市,02,和平區,104
24.2450,121.2377,梨山,C0F860,2017-02-09T10:00:00+08:00,2215.0,213.0,0.5,8.0,0.75,779.1,-99.0,0.0,-9.9,-99,-999,臺中市,02,和平區,104
24.2450,121.2377,梨山,C0F860,2017-02-09T11:00:00+08:00,2215.0,214.0,1.1,8.9,0.73,778.8,-99.0,0.0,-9.9,-99,-999,臺中市,02,和平區,104
24.2450,121.2377,梨山,C0F860,2017-02-09T12:00:00+08:00,2215.0,218.0,0.9,10.4,0.63,778.4,-99.0,0.0,-9.9,-99,-999,臺中市,02,和平區,104
24.2450,121.2377,梨山,C0F860,2017-02-09T13:00:00+08:00,2215.0,220.0,0.8,10.9,0.55,777.6,-99.0,0.0,-9.9,-99,-999,臺中市,02,和平區,104
24.2450,121.2377,梨山,C0F860,2017-02-09T14:00:00+08:00,2215.0,217.0,1.8,10.4,0.60,776.5,-99.0,0.0,-9.9,-99,-999,臺中市,02,和平區,104
24.2450,121.2377,梨山,C0F860,2017-02-09T15:00:00+08:00,2215.0,218.0,0.7,10.5,0.66,776.5,-99.0,0.0,-9.9,-99,-999,臺中市,02,和平區,104
24.2450,121.2377,梨山,C0F860,2017-02-09T16:00:00+08:00,2215.0,228.0,0.5,7.6,0.78,777.0,-99.0,0.0,-9.9,-99,-999,臺中市,02,和平區,104
24.2450,121.2377,梨山,C0F860,2017-02-09T17:00:00+08:00,2215.0,231.0,0.4,6.0,0.89,777.4,-99.0,0.0,-9.9,-99,-999,臺中市,02,和平區,104
24.2450,121.2377,梨山,C0F860,2017-02-09T18:00:00+08:00,2215.0,209.0,0.4,5.4,0.91,777.6,-99.0,0.0,-9.9,-99,-999,臺中市,02,和平區,104
24.2450,121.2377,梨山,C0F860,2017-02-09T19:00:00+08:00,2215.0,219.0,0.3,4.9,0.93,777.8,-99.0,0.0,-9.9,-99,-999,臺中市,02,和平區,104
24.2450,121.2377,梨山,C0F860,2017-02-09T20:00:00+08:00,2215.0,0.0,0.1,4.7,0.91,778.3,-99.0,0.0,-9.9,-99,-999,臺中市,02,和平區,104
24.2450,121.2377,梨山,C0F860,2017-02-09T21:00:00+08:00,2215.0,254.0,0.3,4.4,0.94,778.3,-99.0,0.0,-9.9,-99,-999,臺中市,02,和平區,104
24.2450,121.2377,梨山,C0F860,2017-02-09T22:00:00+08:00,2215.0,223.0,0.3,4.3,0.96,778.3,-99.0,0.0,-9.9,-99,-999,臺中市,02,和平區,104
24.2450,121.2377,梨山,C0F860,2017-02-09T23:00:00+08:00,2215.0,226.0,0.5,4.1,0.97,778.3,-99.0,0.0,-9.9,-99,-999,臺中市,02,和平區,104
24.2450,121.2377,梨山,C0F860,2017-02-10T00:00:00+08:00,2215.0,223.0,0.4,4.2,0.95,778.2,-99.0,0.0,-9.9,-99,-999,臺中市,02,和平區,104
24.2450,121.2377,梨山,C0F860,2017-02-10T01:00:00+08:00,2215.0,285.0,0.4,3.9,0.97,778.0,-99.0,0.0,-9.9,-99,-999,臺中市,02,和平區,104
24.2450,121.2377,梨山,C0F860,2017-02-10T02:00:00+08:00,2215.0,219.0,0.4,3.5,0.99,777.8,-99.0,0.0,-9.9,-99,-999,臺中市,02,和平區,104
24.2450,121.2377,梨山,C0F860,2017-02-10T03:00:00+08:00,2215.0,232.0,0.4,2.9,0.99,777.7,-99.0,0.0,-9.9,-99,-999,臺中市,02,和平區,104
24.2450,121.2377,梨山,C0F860,2017-02-10T04:00:00+08:00,2215.0,212.0,1.1,2.7,0.92,777.8,-99.0,0.0,-9.9,-99,-999,臺中市,02,和平區,104
24.2450,121.2377,梨山,C0F860,2017-02-10T05:00:00+08:00,2215.0,211.0,1.2,2.5,0.94,777.5,-99.0,0.0,-9.9,-99,-999,臺中市,02,和平區,104
24.2450,121.2377,梨山,C0F860,2017-02-10T06:00:00+08:00,2215.0,221.0,0.4,2.4,0.93,778.1,-99.0,0.0,-9.9,-99,-999,臺中市,02,和平區,104
24.2450,121.2377,梨山,C0F860,2017-02-10T07:00:00+08:00,2215.0,223.0,0.3,2.5,0.92,778.4,-99.0,0.0,-9.9,-99,-999,臺中市,02,和平區,104
24.2450,121.2377,梨山,C0F860,2017-02-10T08:00:00+08:00,2215.0,210.0,0.3,2.4,0.94,778.9,-99.0,0.0,-9.9,-99,-999,臺中市,02,和平區,104
24.2450,121.2377,梨山,C0F860,2017-02-10T09:00:00+08:00,2215.0,214.0,1.2,3.7,0.83,779.2,-99.0,0.0,-9.9,-99,-999,臺中市,02,和平區,104
24.2450,121.2377,梨山,C0F860,2017-02-10T10:00:00+08:00,2215.0,214.0,1.2,4.7,0.74,779.6,-99.0,0.0,-9.9,-99,-999,臺中市,02,和平區,104
24.2450,121.2377,梨山,C0F860,2017-02-10T11:00:00+08:00,2215.0,211.0,1.2,6.0,0.70,779.4,-99.0,0.0,-9.9,-99,-999,臺中市,02,和平區,104
24.2450,121.2377,梨山,C0F860,2017-02-10T12:00:00+08:00,2215.0,218.0,1.3,6.9,0.69,778.9,-99.0,0.0,-9.9,-99,-999,臺中市,02,和平區,104
24.2450,121.2377,梨山,C0F860,2017-02-10T13:00:00+08:00,2215.0,211.0,2.0,5.6,0.74,778.4,-99.0,0.0,-9.9,-99,-999,臺中市,02,和平區,104
24.2450,121.2377,梨山,C0F860,2017-02-10T14:00:00+08:00,2215.0,212.0,1.4,4.6,0.79,778.1,-99.0,0.0,-9.9,-99,-999,臺中市,02,和平區,104
24.2450,121.2377,梨山,C0F860,2017-02-10T15:00:00+08:00,2215.0,213.0,0.8,3.8,0.77,778.1,-99.0,0.0,-9.9,-99,-999,臺中市,02,和平區,104
24.2450,121.2377,梨山,C0F860,2017-02-10T16:00:00+08:00,2215.0,222.0,0.6,3.1,0.88,778.6,-99.0,0.0,-9.9,-99,-999,臺中市,02,和平區,104
24.2450,121.2377,梨山,C0F860,2017-02-10T17:00:00+08:00,2215.0,210.0,0.8,2.9,0.87,778.9,-99.0,0.0,-9.9,-99,-999,臺中市,02,和平區,104
24.2450,121.2377,梨山,C0F860,2017-02-10T18:00:00+08:00,2215.0,224.0,0.4,2.4,0.93,779.3,-99.0,0.0,-9.9,-99,-999,臺中市,02,和平區,104
24.2450,121.2377,梨山,C0F860,2017-02-10T19:00:00+08:00,2215.0,227.0,0.4,2.3,0.94,779.7,-99.0,0.0,-9.9,-99,-999,臺中市,02,和平區,104
24.2450,121.2377,梨山,C0F860,2017-02-10T20:00:00+08:00,2215.0,215.0,1.1,2.3,0.90,779.9,-99.0,0.0,-9.9,-99,-999,臺中市,02,和平區,104
24.2450,121.2377,梨山,C0F860,2017-02-10T21:00:00+08:00,2215.0,226.0,0.5,2.2,0.89,780.3,-99.0,0.0,-9.9,-99,-999,臺中市,02,和平區,104
24.2450,121.2377,梨山,C0F860,2017-02-10T22:00:00+08:00,2215.0,221.0,0.4,2.2,0.90,780.4,-99.0,0.0,-9.9,-99,-999,臺中市,02,和平區,104
24.2450,121.2377,梨山,C0F860,2017-02-10T23:00:00+08:00,2215.0,203.0,0.4,2.1,0.92,780.7,-99.0,0.0,-9.9,-99,-999,臺中市,02,和平區,104
24.2450,121.2377,梨山,C0F860,2017-02-11T00:00:00+08:00,2215.0,216.0,0.3,2.0,0.91,780.6,-99.0,0.0,-9.9,-99,-999,臺中市,02,和平區,104
24.2450,121.2377,梨山,C0F860,2017-02-11T01:00:00+08:00,2215.0,228.0,0.4,2.0,0.94,780.5,-99.0,0.0,-9.9,-99,-999,臺中市,02,和平區,104
24.2450,121.2377,梨山,C0F860,2017-02-11T02:00:00+08:00,2215.0,222.0,0.4,1.8,0.94,780.2,-99.0,0.0,-9.9,-99,-999,臺中市,02,和平區,104
24.2450,121.2377,梨山,C0F860,2017-02-11T03:00:00+08:00,2215.0,252.0,0.3,1.5,0.98,780.1,-99.0,0.0,-9.9,-99,-999,臺中市,02,和平區,104
24.2450,121.2377,梨山,C0F860,2017-02-11T04:00:00+08:00,2215.0,212.0,0.4,1.0,0.93,779.9,-99.0,0.0,-9.9,-99,-999,臺中市,02,和平區,104
24.2450,121.2377,梨山,C0F860,2017-02-11T05:00:00+08:00,2215.0,219.0,0.3,1.5,0.99,780.0,-99.0,0.5,-9.9,-99,-999,臺中市,02,和平區,104
24.2450,121.2377,梨山,C0F860,2017-02-11T06:00:00+08:00,2215.0,254.0,0.5,0.6,0.94,780.5,-99.0,0.5,-9.9,-99,-999,臺中市,02,和平區,104
24.2450,121.2377,梨山,C0F860,2017-02-11T07:00:00+08:00,2215.0,232.0,0.4,1.1,0.99,781.2,-99.0,0.5,-9.9,-99,-999,臺中市,02,和平區,104
24.2450,121.2377,梨山,C0F860,2017-02-11T08:00:00+08:00,2215.0,207.0,1.2,0.9,0.95,781.8,-99.0,1.0,-9.9,-99,-999,臺中市,02,和平區,104
24.2450,121.2377,梨山,C0F860,2017-02-11T09:00:00+08:00,2215.0,212.0,0.9,1.2,0.83,782.5,-99.0,1.0,-9.9,-99,-999,臺中市,02,和平區,104
24.2450,121.2377,梨山,C0F860,2017-02-11T10:00:00+08:00,2215.0,222.0,0.7,1.7,0.80,782.6,-99.0,1.0,-9.9,-99,-999,臺中市,02,和平區,104
24.2450,121.2377,梨山,C0F860,2017-02-11T11:00:00+08:00,2215.0,207.0,1.0,1.6,0.85,782.5,-99.0,1.0,-9.9,-99,-999,臺中市,02,和平區,104
24.2450,121.2377,梨山,C0F860,2017-02-11T12:00:00+08:00,2215.0,209.0,1.2,1.1,0.93,782.2,-99.0,1.0,-9.9,-99,-999,臺中市,02,和平區,104
24.2450,121.2377,梨山,C0F860,2017-02-11T13:00:00+08:00,2215.0,214.0,1.2,1.1,0.84,781.6,-99.0,1.0,-9.9,-99,-999,臺中市,02,和平區,104
24.2450,121.2377,梨山,C0F860,2017-02-11T14:00:00+08:00,2215.0,212.0,1.5,1.7,0.83,780.9,-99.0,1.0,-9.9,-99,-999,臺中市,02,和平區,104
24.2450,121.2377,梨山,C0F860,2017-02-11T15:00:00+08:00,2215.0,217.0,1.3,1.9,0.76,780.9,-99.0,1.0,-9.9,-99,-999,臺中市,02,和平區,104
24.2450,121.2377,梨山,C0F860,2017-02-11T16:00:00+08:00,2215.0,209.0,1.3,1.7,0.77,781.1,-99.0,1.0,-9.9,-99,-999,臺中市,02,和平區,104
24.2450,121.2377,梨山,C0F860,2017-02-11T17:00:00+08:00,2215.0,202.0,1.4,1.2,0.87,781.5,-99.0,1.0,-9.9,-99,-999,臺中市,02,和平區,104
24.2450,121.2377,梨山,C0F860,2017-02-11T18:00:00+08:00,2215.0,203.0,0.8,1.4,0.77,781.8,-99.0,1.0,-9.9,-99,-999,臺中市,02,和平區,104
24.2450,121.2377,梨山,C0F860,2017-02-11T19:00:00+08:00,2215.0,213.0,0.7,2.3,0.75,782.0,-99.0,1.0,-9.9,-99,-999,臺中市,02,和平區,104
24.2450,121.2377,梨山,C0F860,2017-02-11T20:00:00+08:00,2215.0,208.0,0.6,2.4,0.66,782.5,-99.0,1.0,-9.9,-99,-999,臺中市,02,和平區,104
24.2450,121.2377,梨山,C0F860,2017-02-11T21:00:00+08:00,2215.0,208.0,0.6,2.1,0.65,782.8,-99.0,1.0,-9.9,-99,-999,臺中市,02,和平區,104
24.2450,121.2377,梨山,C0F860,2017-02-11T22:00:00+08:00,2215.0,207.0,0.5,1.8,0.64,782.9,-99.0,1.0,-9.9,-99,-999,臺中市,02,和平區,104
24.2450,121.2377,梨山,C0F860,2017-02-11T23:00:00+08:00,2215.0,201.0,0.9,0.9,0.52,783.0,-99.0,1.0,-9.9,-99,-999,臺中市,02,和平區,104
24.2450,121.2377,梨山,C0F860,2017-02-12T00:00:00+08:00,2215.0,206.0,1.2,0.5,0.67,783.0,-99.0,1.0,-9.9,-99,-999,臺中市,02,和平區,104
24.2450,121.2377,梨山,C0F860,2017-02-12T01:00:00+08:00,2215.0,210.0,1.0,0.5,0.70,782.9,-99.0,0.0,-9.9,-99,-999,臺中市,02,和平區,104
24.2450,121.2377,梨山,C0F860,2017-02-12T02:00:00+08:00,2215.0,208.0,0.7,0.5,0.73,782.6,-99.0,0.0,-9.9,-99,-999,臺中市,02,和平區,104
24.2450,121.2377,梨山,C0F860,2017-02-12T03:00:00+08:00,2215.0,220.0,0.4,0.4,0.86,782.5,-99.0,0.0,-9.9,-99,-999,臺中市,02,和平區,104
24.2450,121.2377,梨山,C0F860,2017-02-12T04:00:00+08:00,2215.0,228.0,0.4,0.5,0.80,782.5,-99.0,0.0,-9.9,-99,-999,臺中市,02,和平區,104
24.2450,121.2377,梨山,C0F860,2017-02-12T05:00:00+08:00,2215.0,212.0,0.3,1.0,0.71,782.6,-99.0,0.0,-9.9,-99,-999,臺中市,02,和平區,104
24.2450,121.2377,梨山,C0F860,2017-02-12T06:00:00+08:00,2215.0,239.0,0.3,0.9,0.71,783.2,-99.0,0.0,-9.9,-99,-999,臺中市,02,和平區,104
24.2450,121.2377,梨山,C0F860,2017-02-12T07:00:00+08:00,2215.0,241.0,0.3,1.0,0.72,783.6,-99.0,0.0,-9.9,-99,-999,臺中市,02,和平區,104
24.2450,121.2377,梨山,C0F860,2017-02-12T08:00:00+08:00,2215.0,254.0,0.3,1.1,0.71,784.2,-99.0,0.0,-9.9,-99,-999,臺中市,02,和平區,104
24.2450,121.2377,梨山,C0F860,2017-02-12T10:00:00+08:00,2215.0,224.0,0.3,1.7,0.73,784.7,-99.0,0.0,-9.9,-99,-999,臺中市,02,和平區,104
24.2450,121.2377,梨山,C0F860,2017-02-12T11:00:00+08:00,2215.0,238.0,0.3,1.9,0.76,784.4,-99.0,0.0,-9.9,-99,-999,臺中市,02,和平區,104
24.2450,121.2377,梨山,C0F860,2017-02-12T12:00:00+08:00,2215.0,0.0,0.2,1.8,0.79,784.2,-99.0,0.0,-9.9,-99,-999,臺中市,02,和平區,104
24.2450,121.2377,梨山,C0F860,2017-02-12T13:00:00+08:00,2215.0,217.0,0.7,1.6,0.85,783.6,-99.0,0.0,-9.9,-99,-999,臺中市,02,和平區,104
24.2450,121.2377,梨山,C0F860,2017-02-12T14:00:00+08:00,2215.0,213.0,1.0,3.0,0.83,782.8,-99.0,0.0,-9.9,-99,-999,臺中市,02,和平區,104
24.2450,121.2377,梨山,C0F860,2017-02-12T15:00:00+08:00,2215.0,226.0,0.4,3.3,0.84,782.5,-99.0,0.0,-9.9,-99,-999,臺中市,02,和平區,104
24.2450,121.2377,梨山,C0F860,2017-02-12T16:00:00+08:00,2215.0,247.0,0.4,3.0,0.84,782.6,-99.0,0.0,-9.9,-99,-999,臺中市,02,和平區,104
24.2450,121.2377,梨山,C0F860,2017-02-12T17:00:00+08:00,2215.0,243.0,0.4,2.8,0.84,783.0,-99.0,0.0,-9.9,-99,-999,臺中市,02,和平區,104
24.2450,121.2377,梨山,C0F860,2017-02-12T18:00:00+08:00,2215.0,226.0,0.3,2.4,0.90,783.3,-99.0,0.0,-9.9,-99,-999,臺中市,02,和平區,104
24.2450,121.2377,梨山,C0F860,2017-02-12T19:00:00+08:00,2215.0,318.0,0.4,2.1,0.94,783.6,-99.0,0.0,-9.9,-99,-999,臺中市,02,和平區,104
24.2450,121.2377,梨山,C0F860,2017-02-12T20:00:00+08:00,2215.0,227.0,0.4,2.5,0.93,784.0,-99.0,0.0,-9.9,-99,-999,臺中市,02,和平區,104
24.2450,121.2377,梨山,C0F860,2017-02-12T21:00:00+08:00,2215.0,209.0,0.4,2.6,0.94,784.3,-99.0,0.0,-9.9,-99,-999,臺中市,02,和平區,104
24.2450,121.2377,梨山,C0F860,2017-02-12T22:00:00+08:00,2215.0,230.0,0.3,2.7,0.93,784.4,-99.0,0.0,-9.9,-99,-999,臺中市,02,和平區,104
24.2450,121.2377,梨山,C0F860,2017-02-12T23:00:00+08:00,2215.0,209.0,0.4,2.9,0.91,784.4,-99.0,0.0,-9.9,-99,-999,臺中市,02,和平區,104
24.2450,121.2377,梨山,C0F860,2017-02-13T00:00:00+08:00,2215.0,212.0,0.3,2.8,0.92,784.4,-99.0,0.0,-9.9,-99,-999,臺中市,02,和平區,104
24.2450,121.2377,梨山,C0F860,2017-02-13T01:00:00+08:00,2215.0,250.0,0.3,2.5,0.97,784.5,-99.0,0.0,-9.9,-99,-999,臺中市,02,和平區,104
24.2450,121.2377,梨山,C0F860,2017-02-13T02:00:00+08:00,2215.0,0.0,0.2,2.2,0.97,784.3,-99.0,0.0,-9.9,-99,-999,臺中市,02,和平區,104
24.2450,121.2377,梨山,C0F860,2017-02-13T03:00:00+08:00,2215.0,0.0,0.1,2.0,0.98,784.2,-99.0,0.0,-9.9,-99,-999,臺中市,02,和平區,104
24.2450,121.2377,梨山,C0F860,2017-02-13T04:00:00+08:00,2215.0,0.0,0.2,2.1,0.97,784.2,-99.0,0.0,-9.9,-99,-999,臺中市,02,和平區,104
24.2450,121.2377,梨山,C0F860,2017-02-13T05:00:00+08:00,2215.0,17.0,0.3,2.2,0.94,784.6,-99.0,0.0,-9.9,-99,-999,臺中市,02,和平區,104
24.2450,121.2377,梨山,C0F860,2017-02-13T06:00:00+08:00,2215.0,0.0,0.1,2.0,0.95,785.1,-99.0,0.0,-9.9,-99,-999,臺中市,02,和平區,104
24.2450,121.2377,梨山,C0F860,2017-02-13T07:00:00+08:00,2215.0,208.0,0.4,1.9,0.91,785.7,-99.0,0.0,-9.9,-99,-999,臺中市,02,和平區,104
24.2450,121.2377,梨山,C0F860,2017-02-13T08:00:00+08:00,2215.0,0.0,0.2,2.4,0.89,786.2,-99.0,0.0,-9.9,-99,-999,臺中市,02,和平區,104
24.2450,121.2377,梨山,C0F860,2017-02-13T10:00:00+08:00,2215.0,210.0,0.7,7.0,0.62,786.6,-99.0,0.0,-9.9,-99,-999,臺中市,02,和平區,104
24.2450,121.2377,梨山,C0F860,2017-02-13T11:00:00+08:00,2215.0,257.0,0.6,9.3,0.54,786.5,-99.0,0.0,-9.9,-99,-999,臺中市,02,和平區,104
24.2450,121.2377,梨山,C0F860,2017-02-13T12:00:00+08:00,2215.0,222.0,0.5,9.9,0.54,785.9,-99.0,0.0,-9.9,-99,-999,臺中市,02,和平區,104
24.2450,121.2377,梨山,C0F860,2017-02-13T13:00:00+08:00,2215.0,214.0,1.2,9.5,0.57,785.2,-99.0,0.0,-9.9,-99,-999,臺中市,02,和平區,104
24.2450,121.2377,梨山,C0F860,2017-02-13T14:00:00+08:00,2215.0,215.0,1.4,9.1,0.61,785.0,-99.0,0.0,-9.9,-99,-999,臺中市,02,和平區,104
24.2450,121.2377,梨山,C0F860,2017-02-13T15:00:00+08:00,2215.0,215.0,1.2,8.6,0.66,785.1,-99.0,0.0,-9.9,-99,-999,臺中市,02,和平區,104
24.2450,121.2377,梨山,C0F860,2017-02-13T16:00:00+08:00,2215.0,218.0,0.8,7.8,0.69,785.4,-99.0,0.0,-9.9,-99,-999,臺中市,02,和平區,104
24.2450,121.2377,梨山,C0F860,2017-02-13T17:00:00+08:00,2215.0,208.0,0.9,6.4,0.74,785.9,-99.0,0.0,-9.9,-99,-999,臺中市,02,和平區,104
24.2450,121.2377,梨山,C0F860,2017-02-13T18:00:00+08:00,2215.0,261.0,0.3,4.2,0.83,786.4,-99.0,0.0,-9.9,-99,-999,臺中市,02,和平區,104
24.2450,121.2377,梨山,C0F860,2017-02-13T19:00:00+08:00,2215.0,200.0,0.3,3.3,0.89,786.6,-99.0,0.0,-9.9,-99,-999,臺中市,02,和平區,104
24.2450,121.2377,梨山,C0F860,2017-02-13T20:00:00+08:00,2215.0,0.0,0.0,2.3,0.92,787.0,-99.0,0.0,-9.9,-99,-999,臺中市,02,和平區,104
24.2450,121.2377,梨山,C0F860,2017-02-13T21:00:00+08:00,2215.0,73.0,0.3,1.4,0.88,787.5,-99.0,0.0,-9.9,-99,-999,臺中市,02,和平區,104
24.2450,121.2377,梨山,C0F860,2017-02-13T22:00:00+08:00,2215.0,102.0,0.4,1.6,0.80,787.5,-99.0,0.0,-9.9,-99,-999,臺中市,02,和平區,104
24.2450,121.2377,梨山,C0F860,2017-02-13T23:00:00+08:00,2215.0,95.0,0.6,0.9,0.77,787.9,-99.0,0.0,-9.9,-99,-999,臺中市,02,和平區,104
24.2450,121.2377,梨山,C0F860,2017-02-14T00:00:00+08:00,2215.0,100.0,0.4,0.0,0.74,787.9,-99.0,0.0,-9.9,-99,-999,臺中市,02,和平區,104
24.2450,121.2377,梨山,C0F860,2017-02-14T01:00:00+08:00,2215.0,0.0,0.2,-0.7,0.76,787.5,-99.0,0.0,-9.9,-99,-999,臺中市,02,和平區,104
24.2450,121.2377,梨山,C0F860,2017-02-14T02:00:00+08:00,2215.0,71.0,0.5,-0.9,0.66,787.2,-99.0,0.0,-9.9,-99,-999,臺中市,02,和平區,104
24.2450,121.2377,梨山,C0F860,2017-02-14T03:00:00+08:00,2215.0,78.0,0.4,-0.7,0.52,786.8,-99.0,0.0,-9.9,-99,-999,臺中市,02,和平區,104
24.2450,121.2377,梨山,C0F860,2017-02-14T04:00:00+08:00,2215.0,0.0,0.1,0.0,0.42,786.7,-99.0,0.0,-9.9,-99,-999,臺中市,02,和平區,104
24.2450,121.2377,梨山,C0F860,2017-02-14T05:00:00+08:00,2215.0,190.0,0.5,0.6,0.34,786.8,-99.0,0.0,-9.9,-99,-999,臺中市,02,和平區,104
24.2450,121.2377,梨山,C0F860,2017-02-14T06:00:00+08:00,2215.0,114.0,0.4,-0.3,0.37,787.2,-99.0,0.0,-9.9,-99,-999,臺中市,02,和平區,104
24.2450,121.2377,梨山,C0F860,2017-02-14T07:00:00+08:00,2215.0,75.0,0.5,-0.3,0.33,787.6,-99.0,0.0,-9.9,-99,-999,臺中市,02,和平區,104
24.2450,121.2377,梨山,C0F860,2017-02-14T08:00:00+08:00,2215.0,209.0,0.8,1.6,0.30,788.1,-99.0,0.0,-9.9,-99,-999,臺中市,02,和平區,104
24.2450,121.2377,梨山,C0F860,2017-02-14T09:00:00+08:00,2215.0,353.0,0.3,6.0,0.29,788.5,-99.0,0.0,-9.9,-99,-999,臺中市,02,和平區,104
24.2450,121.2377,梨山,C0F860,2017-02-14T10:00:00+08:00,2215.0,320.0,0.5,8.1,0.27,788.7,-99.0,0.0,-9.9,-99,-999,臺中市,02,和平區,104
24.2450,121.2377,梨山,C0F860,2017-02-14T11:00:00+08:00,2215.0,260.0,0.5,9.9,0.34,788.7,-99.0,0.0,-9.9,-99,-999,臺中市,02,和平區,104
24.2450,121.2377,梨山,C0F860,2017-02-14T12:00:00+08:00,2215.0,317.0,0.5,10.5,0.35,788.1,-99.0,0.0,-9.9,-99,-999,臺中市,02,和平區,104
24.2450,121.2377,梨山,C0F860,2017-02-14T13:00:00+08:00,2215.0,233.0,0.5,12.2,0.37,787.5,-99.0,0.0,-9.9,-99,-999,臺中市,02,和平區,104
24.2450,121.2377,梨山,C0F860,2017-02-14T14:00:00+08:00,2215.0,223.0,0.9,12.0,0.46,786.9,-99.0,0.0,-9.9,-99,-999,臺中市,02,和平區,104
24.2450,121.2377,梨山,C0F860,2017-02-14T15:00:00+08:00,2215.0,221.0,0.7,11.3,0.52,786.6,-99.0,0.0,-9.9,-99,-999,臺中市,02,和平區,104
24.2450,121.2377,梨山,C0F860,2017-02-14T16:00:00+08:00,2215.0,217.0,0.7,9.5,0.62,786.6,-99.0,0.0,-9.9,-99,-999,臺中市,02,和平區,104
24.2450,121.2377,梨山,C0F860,2017-02-14T17:00:00+08:00,2215.0,216.0,0.9,7.2,0.75,787.0,-99.0,0.0,-9.9,-99,-999,臺中市,02,和平區,104
24.2450,121.2377,梨山,C0F860,2017-02-14T18:00:00+08:00,2215.0,203.0,0.5,5.1,0.87,787.2,-99.0,0.0,-9.9,-99,-999,臺中市,02,和平區,104
24.2450,121.2377,梨山,C0F860,2017-02-14T19:00:00+08:00,2215.0,189.0,0.3,3.8,0.92,787.5,-99.0,0.0,-9.9,-99,-999,臺中市,02,和平區,104
24.2450,121.2377,梨山,C0F860,2017-02-14T20:00:00+08:00,2215.0,0.0,0.0,3.5,0.97,787.8,-99.0,0.0,-9.9,-99,-999,臺中市,02,和平區,104
24.2450,121.2377,梨山,C0F860,2017-02-14T21:00:00+08:00,2215.0,0.0,0.1,3.9,0.98,788.1,-99.0,0.0,-9.9,-99,-999,臺中市,02,和平區,104
24.2450,121.2377,梨山,C0F860,2017-02-14T22:00:00+08:00,2215.0,0.0,0.2,3.6,0.95,788.1,-99.0,0.0,-9.9,-99,-999,臺中市,02,和平區,104
24.2450,121.2377,梨山,C0F860,2017-02-14T23:00:00+08:00,2215.0,0.0,0.0,2.3,0.99,788.2,-99.0,0.0,-9.9,-99,-999,臺中市,02,和平區,104
24.2450,121.2377,梨山,C0F860,2017-02-15T00:00:00+08:00,2215.0,209.0,0.3,2.9,0.93,788.0,-99.0,0.0,-9.9,-99,-999,臺中市,02,和平區,104
24.2450,121.2377,梨山,C0F860,2017-02-15T01:00:00+08:00,2215.0,200.0,0.3,2.8,0.90,787.7,-99.0,0.0,-9.9,-99,-999,臺中市,02,和平區,104
24.2450,121.2377,梨山,C0F860,2017-02-15T02:00:00+08:00,2215.0,0.0,0.1,1.5,0.91,787.0,-99.0,0.0,-9.9,-99,-999,臺中市,02,和平區,104
24.2450,121.2377,梨山,C0F860,2017-02-15T03:00:00+08:00,2215.0,0.0,0.1,1.8,0.89,786.6,-99.0,0.0,-9.9,-99,-999,臺中市,02,和平區,104
24.2450,121.2377,梨山,C0F860,2017-02-15T04:00:00+08:00,2215.0,0.0,0.0,1.8,0.93,786.3,-99.0,0.0,-9.9,-99,-999,臺中市,02,和平區,104
24.2450,121.2377,梨山,C0F860,2017-02-15T05:00:00+08:00,2215.0,0.0,0.0,1.5,0.91,786.3,-99.0,0.0,-9.9,-99,-999,臺中市,02,和平區,104
24.2450,121.2377,梨山,C0F860,2017-02-15T06:00:00+08:00,2215.0,0.0,0.1,0.6,0.94,786.8,-99.0,0.0,-9.9,-99,-999,臺中市,02,和平區,104
24.2450,121.2377,梨山,C0F860,2017-02-15T07:00:00+08:00,2215.0,0.0,0.2,0.2,0.96,787.3,-99.0,0.0,-9.9,-99,-999,臺中市,02,和平區,104
24.2450,121.2377,梨山,C0F860,2017-02-15T08:00:00+08:00,2215.0,0.0,0.2,1.8,0.84,787.6,-99.0,0.0,-9.9,-99,-999,臺中市,02,和平區,104
24.2450,121.2377,梨山,C0F860,2017-02-15T10:00:00+08:00,2215.0,248.0,0.3,8.2,0.45,787.5,-99.0,0.0,-9.9,-99,-999,臺中市,02,和平區,104
24.2450,121.2377,梨山,C0F860,2017-02-15T11:00:00+08:00,2215.0,242.0,0.5,9.9,0.39,787.0,-99.0,0.0,-9.9,-99,-999,臺中市,02,和平區,104
24.2450,121.2377,梨山,C0F860,2017-02-15T12:00:00+08:00,2215.0,224.0,0.5,11.0,0.36,786.9,-99.0,0.0,-9.9,-99,-999,臺中市,02,和平區,104
24.2450,121.2377,梨山,C0F860,2017-02-15T13:00:00+08:00,2215.0,223.0,0.5,11.7,0.39,786.0,-99.0,0.0,-9.9,-99,-999,臺中市,02,和平區,104
24.2450,121.2377,梨山,C0F860,2017-02-15T14:00:00+08:00,2215.0,218.0,0.7,12.2,0.38,785.2,-99.0,0.0,-9.9,-99,-999,臺中市,02,和平區,104
24.2450,121.2377,梨山,C0F860,2017-02-15T15:00:00+08:00,2215.0,221.0,0.6,11.4,0.48,784.7,-99.0,0.0,-9.9,-99,-999,臺中市,02,和平區,104
24.2450,121.2377,梨山,C0F860,2017-02-15T16:00:00+08:00,2215.0,217.0,0.6,9.7,0.62,784.5,-99.0,0.0,-9.9,-99,-999,臺中市,02,和平區,104
24.2450,121.2377,梨山,C0F860,2017-02-15T17:00:00+08:00,2215.0,223.0,0.5,8.0,0.74,784.7,-99.0,0.0,-9.9,-99,-999,臺中市,02,和平區,104
24.2450,121.2377,梨山,C0F860,2017-02-15T18:00:00+08:00,2215.0,227.0,0.3,5.2,0.86,784.9,-99.0,0.0,-9.9,-99,-999,臺中市,02,和平區,104
24.2450,121.2377,梨山,C0F860,2017-02-15T19:00:00+08:00,2215.0,0.0,0.1,4.1,0.92,785.3,-99.0,0.0,-9.9,-99,-999,臺中市,02,和平區,104
24.2450,121.2377,梨山,C0F860,2017-02-15T20:00:00+08:00,2215.0,0.0,0.0,3.1,0.99,785.4,-99.0,0.0,-9.9,-99,-999,臺中市,02,和平區,104
24.2450,121.2377,梨山,C0F860,2017-02-15T21:00:00+08:00,2215.0,0.0,0.1,2.2,0.92,785.3,-99.0,0.0,-9.9,-99,-999,臺中市,02,和平區,104
24.2450,121.2377,梨山,C0F860,2017-02-15T22:00:00+08:00,2215.0,202.0,0.3,2.3,0.86,785.3,-99.0,0.0,-9.9,-99,-999,臺中市,02,和平區,104
24.2450,121.2377,梨山,C0F860,2017-02-15T23:00:00+08:00,2215.0,0.0,0.2,2.0,0.99,785.2,-99.0,0.0,-9.9,-99,-999,臺中市,02,和平區,104
24.2450,121.2377,梨山,C0F860,2017-02-16T00:00:00+08:00,2215.0,0.0,0.0,1.7,0.94,784.7,-99.0,0.0,-9.9,-99,-999,臺中市,02,和平區,104
24.2450,121.2377,梨山,C0F860,2017-02-16T01:00:00+08:00,2215.0,204.0,0.3,1.3,0.97,784.7,-99.0,0.0,-9.9,-99,-999,臺中市,02,和平區,104
24.2450,121.2377,梨山,C0F860,2017-02-16T02:00:00+08:00,2215.0,0.0,0.2,1.1,0.90,784.5,-99.0,0.0,-9.9,-99,-999,臺中市,02,和平區,104
24.2450,121.2377,梨山,C0F860,2017-02-16T03:00:00+08:00,2215.0,0.0,0.1,0.9,0.95,784.3,-99.0,0.0,-9.9,-99,-999,臺中市,02,和平區,104
24.2450,121.2377,梨山,C0F860,2017-02-16T04:00:00+08:00,2215.0,0.0,0.1,0.6,0.97,783.8,-99.0,0.0,-9.9,-99,-999,臺中市,02,和平區,104
24.2450,121.2377,梨山,C0F860,2017-02-16T05:00:00+08:00,2215.0,0.0,0.2,0.0,0.90,783.7,-99.0,0.0,-9.9,-99,-999,臺中市,02,和平區,104
24.2450,121.2377,梨山,C0F860,2017-02-16T06:00:00+08:00,2215.0,0.0,0.0,-0.3,0.86,783.6,-99.0,0.0,-9.9,-99,-999,臺中市,02,和平區,104
24.2450,121.2377,梨山,C0F860,2017-02-16T07:00:00+08:00,2215.0,211.0,0.5,2.0,0.66,784.3,-99.0,0.0,-9.9,-99,-999,臺中市,02,和平區,104
24.2450,121.2377,梨山,C0F860,2017-02-16T08:00:00+08:00,2215.0,204.0,0.3,3.8,0.50,784.3,-99.0,0.0,-9.9,-99,-999,臺中市,02,和平區,104
24.2450,121.2377,梨山,C0F860,2017-02-16T09:00:00+08:00,2215.0,222.0,0.4,6.8,0.42,784.4,-99.0,0.0,-9.9,-99,-999,臺中市,02,和平區,104
24.2450,121.2377,梨山,C0F860,2017-02-16T10:00:00+08:00,2215.0,270.0,0.3,9.9,0.37,784.6,-99.0,0.0,-9.9,-99,-999,臺中市,02,和平區,104
24.2450,121.2377,梨山,C0F860,2017-02-16T11:00:00+08:00,2215.0,220.0,0.6,11.0,0.35,784.3,-99.0,0.0,-9.9,-99,-999,臺中市,02,和平區,104
24.2450,121.2377,梨山,C0F860,2017-02-16T12:00:00+08:00,2215.0,218.0,0.8,12.1,0.36,783.9,-99.0,0.0,-9.9,-99,-999,臺中市,02,和平區,104
24.2450,121.2377,梨山,C0F860,2017-02-16T13:00:00+08:00,2215.0,220.0,0.9,12.6,0.41,783.5,-99.0,0.0,-9.9,-99,-999,臺中市,02,和平區,104
24.2450,121.2377,梨山,C0F860,2017-02-16T14:00:00+08:00,2215.0,216.0,1.8,11.9,0.50,783.0,-99.0,0.0,-9.9,-99,-999,臺中市,02,和平區,104
24.2450,121.2377,梨山,C0F860,2017-02-16T15:00:00+08:00,2215.0,215.0,2.1,11.5,0.54,782.8,-99.0,0.0,-9.9,-99,-999,臺中市,02,和平區,104
24.2450,121.2377,梨山,C0F860,2017-02-16T16:00:00+08:00,2215.0,216.0,2.0,9.8,0.62,782.7,-99.0,0.0,-9.9,-99,-999,臺中市,02,和平區,104
24.2450,121.2377,梨山,C0F860,2017-02-16T17:00:00+08:00,2215.0,222.0,1.0,8.6,0.73,783.2,-99.0,0.0,-9.9,-99,-999,臺中市,02,和平區,104
24.2450,121.2377,梨山,C0F860,2017-02-16T18:00:00+08:00,2215.0,209.0,0.6,6.4,0.84,783.6,-99.0,0.0,-9.9,-99,-999,臺中市,02,和平區,104
24.2450,121.2377,梨山,C0F860,2017-02-16T19:00:00+08:00,2215.0,182.0,0.3,4.9,0.89,784.0,-99.0,0.0,-9.9,-99,-999,臺中市,02,和平區,104
24.2450,121.2377,梨山,C0F860,2017-02-16T20:00:00+08:00,2215.0,0.0,0.0,4.4,0.92,784.5,-99.0,0.0,-9.9,-99,-999,臺中市,02,和平區,104
24.2450,121.2377,梨山,C0F860,2017-02-16T21:00:00+08:00,2215.0,85.0,0.3,3.6,0.96,784.7,-99.0,0.0,-9.9,-99,-999,臺中市,02,和平區,104
24.2450,121.2377,梨山,C0F860,2017-02-16T22:00:00+08:00,2215.0,169.0,0.3,3.7,0.87,784.7,-99.0,0.0,-9.9,-99,-999,臺中市,02,和平區,104
24.2450,121.2377,梨山,C0F860,2017-02-16T23:00:00+08:00,2215.0,0.0,0.2,5.3,0.65,784.7,-99.0,0.0,-9.9,-99,-999,臺中市,02,和平區,104
24.2450,121.2377,梨山,C0F860,2017-02-17T00:00:00+08:00,2215.0,0.0,0.1,4.6,0.66,784.7,-99.0,0.0,-9.9,-99,-999,臺中市,02,和平區,104
24.2450,121.2377,梨山,C0F860,2017-02-17T01:00:00+08:00,2215.0,151.0,0.3,5.2,0.52,784.4,-99.0,0.0,-9.9,-99,-999,臺中市,02,和平區,104
24.2450,121.2377,梨山,C0F860,2017-02-17T02:00:00+08:00,2215.0,0.0,0.2,4.8,0.46,784.2,-99.0,0.0,-9.9,-99,-999,臺中市,02,和平區,104
24.2450,121.2377,梨山,C0F860,2017-02-17T03:00:00+08:00,2215.0,0.0,0.1,5.5,0.41,784.1,-99.0,0.0,-9.9,-99,-999,臺中市,02,和平區,104
24.2450,121.2377,梨山,C0F860,2017-02-17T04:00:00+08:00,2215.0,0.0,0.0,6.1,0.37,784.0,-99.0,0.0,-9.9,-99,-999,臺中市,02,和平區,104
24.2450,121.2377,梨山,C0F860,2017-02-17T05:00:00+08:00,2215.0,0.0,0.1,5.9,0.38,784.0,-99.0,0.0,-9.9,-99,-999,臺中市,02,和平區,104
24.2450,121.2377,梨山,C0F860,2017-02-17T06:00:00+08:00,2215.0,0.0,0.2,5.6,0.39,784.3,-99.0,0.0,-9.9,-99,-999,臺中市,02,和平區,104
24.2450,121.2377,梨山,C0F860,2017-02-17T07:00:00+08:00,2215.0,0.0,0.2,5.6,0.42,784.7,-99.0,0.0,-9.9,-99,-999,臺中市,02,和平區,104
24.2450,121.2377,梨山,C0F860,2017-02-17T08:00:00+08:00,2215.0,0.0,0.1,7.3,0.43,785.3,-99.0,0.0,-9.9,-99,-999,臺中市,02,和平區,104
24.2450,121.2377,梨山,C0F860,2017-02-17T10:00:00+08:00,2215.0,291.0,0.4,12.4,0.32,785.7,-99.0,0.0,-9.9,-99,-999,臺中市,02,和平區,104
24.2450,121.2377,梨山,C0F860,2017-02-17T11:00:00+08:00,2215.0,249.0,0.5,14.1,0.32,785.2,-99.0,0.0,-9.9,-99,-999,臺中市,02,和平區,104
24.2450,121.2377,梨山,C0F860,2017-02-17T12:00:00+08:00,2215.0,228.0,1.0,15.8,0.32,784.6,-99.0,0.0,-9.9,-99,-999,臺中市,02,和平區,104
24.2450,121.2377,梨山,C0F860,2017-02-17T13:00:00+08:00,2215.0,209.0,1.3,14.1,0.46,784.1,-99.0,0.0,-9.9,-99,-999,臺中市,02,和平區,104
24.2450,121.2377,梨山,C0F860,2017-02-17T14:00:00+08:00,2215.0,217.0,1.3,13.4,0.58,783.7,-99.0,0.0,-9.9,-99,-999,臺中市,02,和平區,104
24.2450,121.2377,梨山,C0F860,2017-02-17T15:00:00+08:00,2215.0,219.0,1.3,13.2,0.61,783.7,-99.0,0.0,-9.9,-99,-999,臺中市,02,和平區,104
24.2450,121.2377,梨山,C0F860,2017-02-17T16:00:00+08:00,2215.0,215.0,1.7,11.6,0.69,783.5,-99.0,0.0,-9.9,-99,-999,臺中市,02,和平區,104
24.2450,121.2377,梨山,C0F860,2017-02-17T17:00:00+08:00,2215.0,209.0,0.8,10.2,0.76,783.8,-99.0,0.0,-9.9,-99,-999,臺中市,02,和平區,104
24.2450,121.2377,梨山,C0F860,2017-02-17T18:00:00+08:00,2215.0,200.0,0.4,8.1,0.84,784.1,-99.0,0.0,-9.9,-99,-999,臺中市,02,和平區,104
24.2450,121.2377,梨山,C0F860,2017-02-17T19:00:00+08:00,2215.0,0.0,0.2,6.7,0.93,784.7,-99.0,0.0,-9.9,-99,-999,臺中市,02,和平區,104
24.2450,121.2377,梨山,C0F860,2017-02-17T20:00:00+08:00,2215.0,0.0,0.1,6.0,0.97,785.1,-99.0,0.0,-9.9,-99,-999,臺中市,02,和平區,104
24.2450,121.2377,梨山,C0F860,2017-02-17T21:00:00+08:00,2215.0,0.0,0.1,5.4,0.90,785.4,-99.0,0.0,-9.9,-99,-999,臺中市,02,和平區,104
24.2450,121.2377,梨山,C0F860,2017-02-17T22:00:00+08:00,2215.0,0.0,0.2,5.7,0.86,785.5,-99.0,0.0,-9.9,-99,-999,臺中市,02,和平區,104
24.2450,121.2377,梨山,C0F860,2017-02-17T23:00:00+08:00,2215.0,102.0,0.3,5.1,0.97,785.8,-99.0,0.0,-9.9,-99,-999,臺中市,02,和平區,104
24.2450,121.2377,梨山,C0F860,2017-02-18T00:00:00+08:00,2215.0,274.0,0.3,4.9,0.99,785.4,-99.0,0.0,-9.9,-99,-999,臺中市,02,和平區,104
24.2450,121.2377,梨山,C0F860,2017-02-18T01:00:00+08:00,2215.0,0.0,0.2,4.5,0.99,785.3,-99.0,0.0,-9.9,-99,-999,臺中市,02,和平區,104
24.2450,121.2377,梨山,C0F860,2017-02-18T02:00:00+08:00,2215.0,0.0,0.1,4.1,0.99,785.2,-99.0,0.0,-9.9,-99,-999,臺中市,02,和平區,104
24.2450,121.2377,梨山,C0F860,2017-02-18T03:00:00+08:00,2215.0,0.0,0.2,3.0,0.96,784.8,-99.0,0.0,-9.9,-99,-999,臺中市,02,和平區,104
24.2450,121.2377,梨山,C0F860,2017-02-18T04:00:00+08:00,2215.0,0.0,0.0,3.5,0.98,784.7,-99.0,0.0,-9.9,-99,-999,臺中市,02,和平區,104
24.2450,121.2377,梨山,C0F860,2017-02-18T05:00:00+08:00,2215.0,0.0,0.2,2.6,0.88,784.7,-99.0,0.0,-9.9,-99,-999,臺中市,02,和平區,104
24.2450,121.2377,梨山,C0F860,2017-02-18T06:00:00+08:00,2215.0,0.0,0.2,2.8,0.72,785.3,-99.0,0.0,-9.9,-99,-999,臺中市,02,和平區,104
24.2450,121.2377,梨山,C0F860,2017-02-18T07:00:00+08:00,2215.0,0.0,0.2,2.7,0.71,785.7,-99.0,0.0,-9.9,-99,-999,臺中市,02,和平區,104
24.2450,121.2377,梨山,C0F860,2017-02-18T08:00:00+08:00,2215.0,0.0,0.1,4.7,0.64,785.9,-99.0,0.0,-9.9,-99,-999,臺中市,02,和平區,104
24.2450,121.2377,梨山,C0F860,2017-02-18T10:00:00+08:00,2215.0,252.0,0.4,11.1,0.49,786.3,-99.0,0.0,-9.9,-99,-999,臺中市,02,和平區,104
24.2450,121.2377,梨山,C0F860,2017-02-18T11:00:00+08:00,2215.0,218.0,0.7,13.0,0.31,785.9,-99.0,0.0,-9.9,-99,-999,臺中市,02,和平區,104
24.2450,121.2377,梨山,C0F860,2017-02-18T12:00:00+08:00,2215.0,211.0,1.1,13.7,0.25,785.4,-99.0,0.0,-9.9,-99,-999,臺中市,02,和平區,104
24.2450,121.2377,梨山,C0F860,2017-02-18T13:00:00+08:00,2215.0,218.0,0.8,15.7,0.31,784.5,-99.0,0.0,-9.9,-99,-999,臺中市,02,和平區,104
24.2450,121.2377,梨山,C0F860,2017-02-18T14:00:00+08:00,2215.0,215.0,1.6,14.8,0.34,783.8,-99.0,0.0,-9.9,-99,-999,臺中市,02,和平區,104
24.2450,121.2377,梨山,C0F860,2017-02-18T15:00:00+08:00,2215.0,213.0,2.4,14.2,0.32,783.5,-99.0,0.0,-9.9,-99,-999,臺中市,02,和平區,104
24.2450,121.2377,梨山,C0F860,2017-02-18T16:00:00+08:00,2215.0,216.0,1.2,13.9,0.35,783.8,-99.0,0.0,-9.9,-99,-999,臺中市,02,和平區,104
24.2450,121.2377,梨山,C0F860,2017-02-18T17:00:00+08:00,2215.0,224.0,0.6,12.1,0.45,784.4,-99.0,0.0,-9.9,-99,-999,臺中市,02,和平區,104
24.2450,121.2377,梨山,C0F860,2017-02-18T18:00:00+08:00,2215.0,340.0,0.4,8.6,0.78,784.8,-99.0,0.0,-9.9,-99,-999,臺中市,02,和平區,104
24.2450,121.2377,梨山,C0F860,2017-02-18T19:00:00+08:00,2215.0,85.0,0.3,6.6,0.91,785.4,-99.0,0.0,-9.9,-99,-999,臺中市,02,和平區,104
24.2450,121.2377,梨山,C0F860,2017-02-18T20:00:00+08:00,2215.0,74.0,0.3,5.6,0.98,785.4,-99.0,0.0,-9.9,-99,-999,臺中市,02,和平區,104
24.2450,121.2377,梨山,C0F860,2017-02-18T21:00:00+08:00,2215.0,94.0,0.3,5.5,0.97,785.5,-99.0,0.0,-9.9,-99,-999,臺中市,02,和平區,104
24.2450,121.2377,梨山,C0F860,2017-02-18T22:00:00+08:00,2215.0,87.0,0.3,4.3,0.96,785.3,-99.0,0.0,-9.9,-99,-999,臺中市,02,和平區,104
24.2450,121.2377,梨山,C0F860,2017-02-18T23:00:00+08:00,2215.0,91.0,0.3,4.2,0.97,785.1,-99.0,0.0,-9.9,-99,-999,臺中市,02,和平區,104
24.2450,121.2377,梨山,C0F860,2017-02-19T00:00:00+08:00,2215.0,0.0,0.2,2.9,0.90,784.7,-99.0,0.0,-9.9,-99,-999,臺中市,02,和平區,104
24.2450,121.2377,梨山,C0F860,2017-02-19T01:00:00+08:00,2215.0,83.0,0.3,2.9,0.84,784.5,-99.0,0.0,-9.9,-99,-999,臺中市,02,和平區,104
24.2450,121.2377,梨山,C0F860,2017-02-19T02:00:00+08:00,2215.0,85.0,0.3,2.6,0.83,784.2,-99.0,0.0,-9.9,-99,-999,臺中市,02,和平區,104
24.2450,121.2377,梨山,C0F860,2017-02-19T03:00:00+08:00,2215.0,101.0,0.3,3.1,0.87,784.0,-99.0,0.0,-9.9,-99,-999,臺中市,02,和平區,104
24.2450,121.2377,梨山,C0F860,2017-02-19T04:00:00+08:00,2215.0,0.0,0.1,2.0,0.80,783.6,-99.0,0.0,-9.9,-99,-999,臺中市,02,和平區,104
24.2450,121.2377,梨山,C0F860,2017-02-19T05:00:00+08:00,2215.0,0.0,0.1,2.4,0.78,783.2,-99.0,0.0,-9.9,-99,-999,臺中市,02,和平區,104
24.2450,121.2377,梨山,C0F860,2017-02-19T06:00:00+08:00,2215.0,0.0,0.1,2.7,0.78,783.3,-99.0,0.0,-9.9,-99,-999,臺中市,02,和平區,104
24.2450,121.2377,梨山,C0F860,2017-02-19T07:00:00+08:00,2215.0,0.0,0.2,3.0,0.70,783.5,-99.0,0.0,-9.9,-99,-999,臺中市,02,和平區,104
24.2450,121.2377,梨山,C0F860,2017-02-19T08:00:00+08:00,2215.0,185.0,0.3,6.5,0.45,783.6,-99.0,0.0,-9.9,-99,-999,臺中市,02,和平區,104
24.2450,121.2377,梨山,C0F860,2017-02-19T10:00:00+08:00,2215.0,223.0,0.5,11.5,0.39,783.7,-99.0,0.0,-9.9,-99,-999,臺中市,02,和平區,104
24.2450,121.2377,梨山,C0F860,2017-02-19T11:00:00+08:00,2215.0,222.0,0.6,13.9,0.26,783.5,-99.0,0.0,-9.9,-99,-999,臺中市,02,和平區,104
24.2450,121.2377,梨山,C0F860,2017-02-19T12:00:00+08:00,2215.0,217.0,0.8,14.2,0.27,782.8,-99.0,0.0,-9.9,-99,-999,臺中市,02,和平區,104
24.2450,121.2377,梨山,C0F860,2017-02-19T13:00:00+08:00,2215.0,232.0,0.8,15.3,0.25,781.9,-99.0,0.0,-9.9,-99,-999,臺中市,02,和平區,104
24.2450,121.2377,梨山,C0F860,2017-02-19T14:00:00+08:00,2215.0,227.0,0.9,15.2,0.24,781.0,-99.0,0.0,-9.9,-99,-999,臺中市,02,和平區,104
24.2450,121.2377,梨山,C0F860,2017-02-19T15:00:00+08:00,2215.0,252.0,0.6,14.9,0.34,780.8,-99.0,0.0,-9.9,-99,-999,臺中市,02,和平區,104
24.2450,121.2377,梨山,C0F860,2017-02-19T16:00:00+08:00,2215.0,267.0,0.4,13.9,0.43,780.5,-99.0,0.0,-9.9,-99,-999,臺中市,02,和平區,104
24.2450,121.2377,梨山,C0F860,2017-02-19T17:00:00+08:00,2215.0,232.0,0.5,12.3,0.54,780.7,-99.0,0.0,-9.9,-99,-999,臺中市,02,和平區,104
24.2450,121.2377,梨山,C0F860,2017-02-19T18:00:00+08:00,2215.0,218.0,0.4,9.2,0.77,780.8,-99.0,0.0,-9.9,-99,-999,臺中市,02,和平區,104
24.2450,121.2377,梨山,C0F860,2017-02-19T19:00:00+08:00,2215.0,175.0,0.3,8.0,0.78,781.1,-99.0,0.0,-9.9,-99,-999,臺中市,02,和平區,104
24.2450,121.2377,梨山,C0F860,2017-02-19T20:00:00+08:00,2215.0,200.0,0.4,9.1,0.55,781.5,-99.0,0.0,-9.9,-99,-999,臺中市,02,和平區,104
24.2450,121.2377,梨山,C0F860,2017-02-19T21:00:00+08:00,2215.0,208.0,0.4,8.9,0.54,781.5,-99.0,0.0,-9.9,-99,-999,臺中市,02,和平區,104
24.2450,121.2377,梨山,C0F860,2017-02-19T22:00:00+08:00,2215.0,208.0,0.3,9.0,0.57,781.6,-99.0,0.0,-9.9,-99,-999,臺中市,02,和平區,104
24.2450,121.2377,梨山,C0F860,2017-02-19T23:00:00+08:00,2215.0,203.0,0.3,9.6,0.58,781.5,-99.0,0.0,-9.9,-99,-999,臺中市,02,和平區,104
24.2450,121.2377,梨山,C0F860,2017-02-20T00:00:00+08:00,2215.0,263.0,0.3,8.3,0.84,781.5,-99.0,0.5,-9.9,-99,-999,臺中市,02,和平區,104
24.2450,121.2377,梨山,C0F860,2017-02-20T02:00:00+08:00,2215.0,204.0,0.3,9.7,0.91,780.9,-99.0,1.0,-9.9,-99,-999,臺中市,02,和平區,104
24.2450,121.2377,梨山,C0F860,2017-02-20T03:00:00+08:00,2215.0,201.0,0.3,10.3,0.86,780.5,-99.0,1.0,-9.9,-99,-999,臺中市,02,和平區,104
24.2450,121.2377,梨山,C0F860,2017-02-20T04:00:00+08:00,2215.0,212.0,0.3,9.9,0.94,780.4,-99.0,3.0,-9.9,-99,-999,臺中市,02,和平區,104
24.2450,121.2377,梨山,C0F860,2017-02-20T05:00:00+08:00,2215.0,240.0,0.5,9.8,0.96,780.6,-99.0,3.5,-9.9,-99,-999,臺中市,02,和平區,104
24.2450,121.2377,梨山,C0F860,2017-02-20T06:00:00+08:00,2215.0,211.0,0.9,9.8,0.99,780.9,-99.0,6.5,-9.9,-99,-999,臺中市,02,和平區,104
24.2450,121.2377,梨山,C0F860,2017-02-20T07:00:00+08:00,2215.0,219.0,0.8,9.9,0.99,781.5,-99.0,13.0,-9.9,-99,-999,臺中市,02,和平區,104
24.2450,121.2377,梨山,C0F860,2017-02-20T08:00:00+08:00,2215.0,213.0,1.2,10.2,0.98,782.1,-99.0,15.0,-9.9,-99,-999,臺中市,02,和平區,104
24.2450,121.2377,梨山,C0F860,2017-02-20T10:00:00+08:00,2215.0,213.0,2.0,10.7,0.99,782.8,-99.0,27.5,-9.9,-99,-999,臺中市,02,和平區,104
24.2450,121.2377,梨山,C0F860,2017-02-20T11:00:00+08:00,2215.0,213.0,1.4,11.0,0.99,782.8,-99.0,28.5,-9.9,-99,-999,臺中市,02,和平區,104
24.2450,121.2377,梨山,C0F860,2017-02-20T12:00:00+08:00,2215.0,226.0,1.2,11.7,0.98,782.5,-99.0,30.0,-9.9,-99,-999,臺中市,02,和平區,104
24.2450,121.2377,梨山,C0F860,2017-02-20T13:00:00+08:00,2215.0,218.0,1.5,11.7,0.97,782.0,-99.0,31.0,-9.9,-99,-999,臺中市,02,和平區,104
24.2450,121.2377,梨山,C0F860,2017-02-20T14:00:00+08:00,2215.0,225.0,0.9,13.4,0.89,781.5,-99.0,31.5,-9.9,-99,-999,臺中市,02,和平區,104
24.2450,121.2377,梨山,C0F860,2017-02-20T15:00:00+08:00,2215.0,228.0,0.9,12.2,0.90,781.5,-99.0,31.5,-9.9,-99,-999,臺中市,02,和平區,104
24.2450,121.2377,梨山,C0F860,2017-02-20T16:00:00+08:00,2215.0,215.0,1.4,12.7,0.87,781.6,-99.0,31.5,-9.9,-99,-999,臺中市,02,和平區,104
24.2450,121.2377,梨山,C0F860,2017-02-20T17:00:00+08:00,2215.0,219.0,1.2,11.9,0.90,782.1,-99.0,31.5,-9.9,-99,-999,臺中市,02,和平區,104
24.2450,121.2377,梨山,C0F860,2017-02-20T18:00:00+08:00,2215.0,226.0,0.6,11.2,0.97,782.6,-99.0,31.5,-9.9,-99,-999,臺中市,02,和平區,104
24.2450,121.2377,梨山,C0F860,2017-02-20T19:00:00+08:00,2215.0,213.0,0.4,10.8,0.98,783.1,-99.0,31.5,-9.9,-99,-999,臺中市,02,和平區,104
24.2450,121.2377,梨山,C0F860,2017-02-20T20:00:00+08:00,2215.0,213.0,0.5,10.6,0.88,783.7,-99.0,31.5,-9.9,-99,-999,臺中市,02,和平區,104
24.2450,121.2377,梨山,C0F860,2017-02-20T22:00:00+08:00,2215.0,213.0,0.5,10.3,0.94,784.4,-99.0,31.5,-9.9,-99,-999,臺中市,02,和平區,104
24.2450,121.2377,梨山,C0F860,2017-02-20T23:00:00+08:00,2215.0,216.0,0.4,10.2,0.95,784.1,-99.0,31.5,-9.9,-99,-999,臺中市,02,和平區,104
24.2450,121.2377,梨山,C0F860,2017-02-21T00:00:00+08:00,2215.0,192.0,0.3,10.1,0.93,784.1,-99.0,31.5,-9.9,-99,-999,臺中市,02,和平區,104
24.2450,121.2377,梨山,C0F860,2017-02-21T01:00:00+08:00,2215.0,201.0,0.3,9.5,0.97,784.2,-99.0,0.0,-9.9,-99,-999,臺中市,02,和平區,104
24.2450,121.2377,梨山,C0F860,2017-02-21T02:00:00+08:00,2215.0,0.0,0.1,9.0,0.99,784.2,-99.0,0.0,-9.9,-99,-999,臺中市,02,和平區,104
24.2450,121.2377,梨山,C0F860,2017-02-21T03:00:00+08:00,2215.0,180.0,0.3,8.8,0.99,784.0,-99.0,0.0,-9.9,-99,-999,臺中市,02,和平區,104
24.2450,121.2377,梨山,C0F860,2017-02-21T04:00:00+08:00,2215.0,203.0,0.3,8.5,0.99,783.8,-99.0,0.0,-9.9,-99,-999,臺中市,02,和平區,104
24.2450,121.2377,梨山,C0F860,2017-02-21T05:00:00+08:00,2215.0,192.0,0.3,8.4,0.96,784.1,-99.0,0.0,-9.9,-99,-999,臺中市,02,和平區,104
24.2450,121.2377,梨山,C0F860,2017-02-21T06:00:00+08:00,2215.0,164.0,0.3,8.2,0.91,784.5,-99.0,0.0,-9.9,-99,-999,臺中市,02,和平區,104
24.2450,121.2377,梨山,C0F860,2017-02-21T07:00:00+08:00,2215.0,187.0,0.3,8.4,0.89,785.2,-99.0,0.0,-9.9,-99,-999,臺中市,02,和平區,104
24.2450,121.2377,梨山,C0F860,2017-02-21T08:00:00+08:00,2215.0,207.0,0.3,10.4,0.76,785.7,-99.0,0.0,-9.9,-99,-999,臺中市,02,和平區,104
24.2450,121.2377,梨山,C0F860,2017-02-21T09:00:00+08:00,2215.0,216.0,0.6,12.9,0.68,785.8,-99.0,0.0,-9.9,-99,-999,臺中市,02,和平區,104
24.2450,121.2377,梨山,C0F860,2017-02-21T10:00:00+08:00,2215.0,212.0,1.0,14.1,0.66,785.9,-99.0,0.0,-9.9,-99,-999,臺中市,02,和平區,104
24.2450,121.2377,梨山,C0F860,2017-02-21T11:00:00+08:00,2215.0,215.0,1.0,15.8,0.60,785.6,-99.0,0.0,-9.9,-99,-999,臺中市,02,和平區,104
24.2450,121.2377,梨山,C0F860,2017-02-21T12:00:00+08:00,2215.0,219.0,1.3,16.6,0.55,785.1,-99.0,0.0,-9.9,-99,-999,臺中市,02,和平區,104
24.2450,121.2377,梨山,C0F860,2017-02-21T13:00:00+08:00,2215.0,216.0,1.2,17.6,0.47,784.2,-99.0,0.0,-9.9,-99,-999,臺中市,02,和平區,104
24.2450,121.2377,梨山,C0F860,2017-02-21T14:00:00+08:00,2215.0,206.0,1.9,17.1,0.50,783.6,-99.0,0.0,-9.9,-99,-999,臺中市,02,和平區,104
24.2450,121.2377,梨山,C0F860,2017-02-21T15:00:00+08:00,2215.0,220.0,1.1,17.3,0.50,783.2,-99.0,0.0,-9.9,-99,-999,臺中市,02,和平區,104
24.2450,121.2377,梨山,C0F860,2017-02-21T16:00:00+08:00,2215.0,228.0,1.1,16.5,0.58,783.2,-99.0,0.0,-9.9,-99,-999,臺中市,02,和平區,104
24.2450,121.2377,梨山,C0F860,2017-02-21T17:00:00+08:00,2215.0,214.0,1.5,13.5,0.81,783.4,-99.0,0.0,-9.9,-99,-999,臺中市,02,和平區,104
24.2450,121.2377,梨山,C0F860,2017-02-21T18:00:00+08:00,2215.0,215.0,0.7,12.4,0.87,783.7,-99.0,0.0,-9.9,-99,-999,臺中市,02,和平區,104
24.2450,121.2377,梨山,C0F860,2017-02-21T19:00:00+08:00,2215.0,216.0,0.6,12.0,0.91,784.0,-99.0,0.0,-9.9,-99,-999,臺中市,02,和平區,104
24.2450,121.2377,梨山,C0F860,2017-02-21T20:00:00+08:00,2215.0,227.0,0.5,11.5,0.81,784.3,-99.0,0.0,-9.9,-99,-999,臺中市,02,和平區,104
24.2450,121.2377,梨山,C0F860,2017-02-21T21:00:00+08:00,2215.0,202.0,0.4,11.8,0.79,784.8,-99.0,0.0,-9.9,-99,-999,臺中市,02,和平區,104
24.2450,121.2377,梨山,C0F860,2017-02-21T22:00:00+08:00,2215.0,195.0,0.4,11.8,0.77,784.6,-99.0,0.0,-9.9,-99,-999,臺中市,02,和平區,104
24.2450,121.2377,梨山,C0F860,2017-02-21T23:00:00+08:00,2215.0,189.0,0.4,11.8,0.79,784.3,-99.0,0.0,-9.9,-99,-999,臺中市,02,和平區,104
24.2450,121.2377,梨山,C0F860,2017-02-22T00:00:00+08:00,2215.0,211.0,0.4,11.5,0.82,784.3,-99.0,0.0,-9.9,-99,-999,臺中市,02,和平區,104
24.2450,121.2377,梨山,C0F860,2017-02-22T01:00:00+08:00,2215.0,208.0,0.5,11.9,0.82,783.8,-99.0,0.0,-9.9,-99,-999,臺中市,02,和平區,104
24.2450,121.2377,梨山,C0F860,2017-02-22T02:00:00+08:00,2215.0,206.0,0.3,11.9,0.82,783.5,-99.0,0.0,-9.9,-99,-999,臺中市,02,和平區,104
24.2450,121.2377,梨山,C0F860,2017-02-22T03:00:00+08:00,2215.0,0.0,0.2,11.9,0.84,783.1,-99.0,0.0,-9.9,-99,-999,臺中市,02,和平區,104
24.2450,121.2377,梨山,C0F860,2017-02-22T04:00:00+08:00,2215.0,206.0,0.4,11.3,0.85,782.8,-99.0,0.0,-9.9,-99,-999,臺中市,02,和平區,104
24.2450,121.2377,梨山,C0F860,2017-02-22T05:00:00+08:00,2215.0,207.0,0.3,11.7,0.85,782.9,-99.0,0.0,-9.9,-99,-999,臺中市,02,和平區,104
24.2450,121.2377,梨山,C0F860,2017-02-22T06:00:00+08:00,2215.0,210.0,0.4,11.7,0.88,783.2,-99.0,0.0,-9.9,-99,-999,臺中市,02,和平區,104
24.2450,121.2377,梨山,C0F860,2017-02-22T07:00:00+08:00,2215.0,219.0,0.5,12.1,0.84,783.6,-99.0,0.0,-9.9,-99,-999,臺中市,02,和平區,104
24.2450,121.2377,梨山,C0F860,2017-02-22T08:00:00+08:00,2215.0,219.0,0.3,12.4,0.85,783.9,-99.0,0.0,-9.9,-99,-999,臺中市,02,和平區,104
24.2450,121.2377,梨山,C0F860,2017-02-22T09:00:00+08:00,2215.0,211.0,0.5,12.8,0.83,784.2,-99.0,0.0,-9.9,-99,-999,臺中市,02,和平區,104
24.2450,121.2377,梨山,C0F860,2017-02-22T10:00:00+08:00,2215.0,215.0,0.7,14.8,0.75,783.8,-99.0,0.0,-9.9,-99,-999,臺中市,02,和平區,104
24.2450,121.2377,梨山,C0F860,2017-02-22T11:00:00+08:00,2215.0,215.0,0.6,14.1,0.83,783.4,-99.0,0.0,-9.9,-99,-999,臺中市,02,和平區,104
24.2450,121.2377,梨山,C0F860,2017-02-22T12:00:00+08:00,2215.0,211.0,0.6,11.9,0.99,783.1,-99.0,3.5,-9.9,-99,-999,臺中市,02,和平區,104
24.2450,121.2377,梨山,C0F860,2017-02-22T13:00:00+08:00,2215.0,239.0,0.5,11.4,0.99,782.2,-99.0,7.0,-9.9,-99,-999,臺中市,02,和平區,104
24.2450,121.2377,梨山,C0F860,2017-02-22T14:00:00+08:00,2215.0,214.0,1.1,11.7,0.97,781.3,-99.0,10.0,-9.9,-99,-999,臺中市,02,和平區,104
24.2450,121.2377,梨山,C0F860,2017-02-22T15:00:00+08:00,2215.0,213.0,1.7,11.9,0.99,781.0,-99.0,16.5,-9.9,-99,-999,臺中市,02,和平區,104
24.2450,121.2377,梨山,C0F860,2017-02-22T16:00:00+08:00,2215.0,229.0,0.5,11.6,0.99,781.3,-99.0,19.0,-9.9,-99,-999,臺中市,02,和平區,104
24.2450,121.2377,梨山,C0F860,2017-02-22T17:00:00+08:00,2215.0,221.0,1.3,11.5,0.99,781.7,-99.0,27.5,-9.9,-99,-999,臺中市,02,和平區,104
24.2450,121.2377,梨山,C0F860,2017-02-22T18:00:00+08:00,2215.0,218.0,0.8,11.6,0.99,782.3,-99.0,28.5,-9.9,-99,-999,臺中市,02,和平區,104
24.2450,121.2377,梨山,C0F860,2017-02-22T19:00:00+08:00,2215.0,223.0,0.8,11.7,0.99,782.4,-99.0,30.0,-9.9,-99,-999,臺中市,02,和平區,104
24.2450,121.2377,梨山,C0F860,2017-02-22T20:00:00+08:00,2215.0,215.0,1.2,11.6,0.99,783.0,-99.0,32.0,-9.9,-99,-999,臺中市,02,和平區,104
24.2450,121.2377,梨山,C0F860,2017-02-22T21:00:00+08:00,2215.0,211.0,1.3,11.8,0.99,783.3,-99.0,32.0,-9.9,-99,-999,臺中市,02,和平區,104
24.2450,121.2377,梨山,C0F860,2017-02-22T22:00:00+08:00,2215.0,211.0,1.1,11.7,0.98,783.5,-99.0,32.0,-9.9,-99,-999,臺中市,02,和平區,104
24.2450,121.2377,梨山,C0F860,2017-02-22T23:00:00+08:00,2215.0,209.0,0.6,11.2,0.99,783.7,-99.0,32.0,-9.9,-99,-999,臺中市,02,和平區,104
24.2450,121.2377,梨山,C0F860,2017-02-23T00:00:00+08:00,2215.0,182.0,0.4,11.3,0.94,783.4,-99.0,32.0,-9.9,-99,-999,臺中市,02,和平區,104
24.2450,121.2377,梨山,C0F860,2017-02-23T01:00:00+08:00,2215.0,210.0,0.4,11.1,0.98,783.1,-99.0,0.0,-9.9,-99,-999,臺中市,02,和平區,104
24.2450,121.2377,梨山,C0F860,2017-02-23T02:00:00+08:00,2215.0,210.0,0.3,10.9,0.98,782.8,-99.0,0.0,-9.9,-99,-999,臺中市,02,和平區,104
24.2450,121.2377,梨山,C0F860,2017-02-23T03:00:00+08:00,2215.0,204.0,0.7,10.6,0.96,782.5,-99.0,0.0,-9.9,-99,-999,臺中市,02,和平區,104
24.2450,121.2377,梨山,C0F860,2017-02-23T04:00:00+08:00,2215.0,218.0,0.5,10.2,0.98,782.2,-99.0,0.0,-9.9,-99,-999,臺中市,02,和平區,104
24.2450,121.2377,梨山,C0F860,2017-02-23T05:00:00+08:00,2215.0,216.0,0.4,9.4,0.97,782.3,-99.0,0.0,-9.9,-99,-999,臺中市,02,和平區,104
24.2450,121.2377,梨山,C0F860,2017-02-23T06:00:00+08:00,2215.0,221.0,0.3,9.3,0.97,782.8,-99.0,0.0,-9.9,-99,-999,臺中市,02,和平區,104
24.2450,121.2377,梨山,C0F860,2017-02-23T07:00:00+08:00,2215.0,219.0,0.5,10.0,0.89,783.0,-99.0,0.0,-9.9,-99,-999,臺中市,02,和平區,104
24.2450,121.2377,梨山,C0F860,2017-02-23T08:00:00+08:00,2215.0,212.0,0.5,10.4,0.88,783.2,-99.0,0.0,-9.9,-99,-999,臺中市,02,和平區,104
24.2450,121.2377,梨山,C0F860,2017-02-23T10:00:00+08:00,2215.0,221.0,1.3,13.7,0.73,783.5,-99.0,0.0,-9.9,-99,-999,臺中市,02,和平區,104
24.2450,121.2377,梨山,C0F860,2017-02-23T11:00:00+08:00,2215.0,226.0,1.0,14.6,0.71,783.4,-99.0,0.0,-9.9,-99,-999,臺中市,02,和平區,104
24.2450,121.2377,梨山,C0F860,2017-02-23T12:00:00+08:00,2215.0,271.0,0.7,13.8,0.65,783.1,-99.0,0.0,-9.9,-99,-999,臺中市,02,和平區,104
24.2450,121.2377,梨山,C0F860,2017-02-23T13:00:00+08:00,2215.0,327.0,0.6,14.1,0.59,782.3,-99.0,0.0,-9.9,-99,-999,臺中市,02,和平區,104
24.2450,121.2377,梨山,C0F860,2017-02-23T14:00:00+08:00,2215.0,215.0,1.9,13.4,0.61,781.6,-99.0,0.0,-9.9,-99,-999,臺中市,02,和平區,104
24.2450,121.2377,梨山,C0F860,2017-02-23T15:00:00+08:00,2215.0,208.0,3.1,13.2,0.62,781.3,-99.0,0.0,-9.9,-99,-999,臺中市,02,和平區,104
24.2450,121.2377,梨山,C0F860,2017-02-23T16:00:00+08:00,2215.0,211.0,2.1,12.1,0.67,781.4,-99.0,0.0,-9.9,-99,-999,臺中市,02,和平區,104
24.2450,121.2377,梨山,C0F860,2017-02-23T17:00:00+08:00,2215.0,211.0,2.0,11.6,0.70,781.6,-99.0,0.0,-9.9,-99,-999,臺中市,02,和平區,104
24.2450,121.2377,梨山,C0F860,2017-02-23T18:00:00+08:00,2215.0,212.0,1.5,11.0,0.83,781.8,-99.0,0.0,-9.9,-99,-999,臺中市,02,和平區,104
24.2450,121.2377,梨山,C0F860,2017-02-23T19:00:00+08:00,2215.0,214.0,2.0,10.7,0.84,782.0,-99.0,0.0,-9.9,-99,-999,臺中市,02,和平區,104
24.2450,121.2377,梨山,C0F860,2017-02-23T20:00:00+08:00,2215.0,217.0,1.5,10.4,0.91,782.4,-99.0,0.0,-9.9,-99,-999,臺中市,02,和平區,104
24.2450,121.2377,梨山,C0F860,2017-02-23T21:00:00+08:00,2215.0,211.0,4.1,9.9,0.99,782.5,-99.0,0.0,-9.9,-99,-999,臺中市,02,和平區,104
24.2450,121.2377,梨山,C0F860,2017-02-23T22:00:00+08:00,2215.0,213.0,3.1,10.1,0.98,782.6,-99.0,0.0,-9.9,-99,-999,臺中市,02,和平區,104
24.2450,121.2377,梨山,C0F860,2017-02-23T23:00:00+08:00,2215.0,216.0,2.1,10.0,0.99,782.6,-99.0,0.0,-9.9,-99,-999,臺中市,02,和平區,104
24.2450,121.2377,梨山,C0F860,2017-02-24T00:00:00+08:00,2215.0,218.0,1.3,10.0,0.99,782.5,-99.0,0.0,-9.9,-99,-999,臺中市,02,和平區,104
24.2450,121.2377,梨山,C0F860,2017-02-24T01:00:00+08:00,2215.0,213.0,1.3,9.9,0.98,782.5,-99.0,0.5,-9.9,-99,-999,臺中市,02,和平區,104
24.2450,121.2377,梨山,C0F860,2017-02-24T02:00:00+08:00,2215.0,215.0,1.8,9.8,0.98,782.1,-99.0,0.5,-9.9,-99,-999,臺中市,02,和平區,104
24.2450,121.2377,梨山,C0F860,2017-02-24T03:00:00+08:00,2215.0,211.0,2.6,9.4,0.99,781.9,-99.0,0.5,-9.9,-99,-999,臺中市,02,和平區,104
24.2450,121.2377,梨山,C0F860,2017-02-24T04:00:00+08:00,2215.0,212.0,2.7,9.3,0.99,781.8,-99.0,0.5,-9.9,-99,-999,臺中市,02,和平區,104
24.2450,121.2377,梨山,C0F860,2017-02-24T05:00:00+08:00,2215.0,214.0,2.4,9.0,0.99,781.5,-99.0,1.0,-9.9,-99,-999,臺中市,02,和平區,104
24.2450,121.2377,梨山,C0F860,2017-02-24T06:00:00+08:00,2215.0,213.0,2.7,8.9,0.99,781.9,-99.0,1.0,-9.9,-99,-999,臺中市,02,和平區,104
24.2450,121.2377,梨山,C0F860,2017-02-24T07:00:00+08:00,2215.0,218.0,3.8,8.8,0.99,782.2,-99.0,1.0,-9.9,-99,-999,臺中市,02,和平區,104
24.2450,121.2377,梨山,C0F860,2017-02-24T08:00:00+08:00,2215.0,216.0,2.6,8.8,0.99,782.6,-99.0,1.0,-9.9,-99,-999,臺中市,02,和平區,104
24.2450,121.2377,梨山,C0F860,2017-02-24T09:00:00+08:00,2215.0,214.0,3.3,8.7,0.99,783.1,-99.0,1.0,-9.9,-99,-999,臺中市,02,和平區,104
24.2450,121.2377,梨山,C0F860,2017-02-24T10:00:00+08:00,2215.0,214.0,5.4,8.5,0.99,783.3,-99.0,1.5,-9.9,-99,-999,臺中市,02,和平區,104
24.2450,121.2377,梨山,C0F860,2017-02-24T11:00:00+08:00,2215.0,214.0,4.0,8.8,0.99,782.8,-99.0,2.5,-9.9,-99,-999,臺中市,02,和平區,104
24.2450,121.2377,梨山,C0F860,2017-02-24T12:00:00+08:00,2215.0,218.0,2.4,8.6,0.99,782.7,-99.0,3.0,-9.9,-99,-999,臺中市,02,和平區,104
24.2450,121.2377,梨山,C0F860,2017-02-24T13:00:00+08:00,2215.0,213.0,3.3,8.9,0.99,781.8,-99.0,3.5,-9.9,-99,-999,臺中市,02,和平區,104
24.2450,121.2377,梨山,C0F860,2017-02-24T14:00:00+08:00,2215.0,213.0,4.8,9.0,0.99,781.3,-99.0,3.5,-9.9,-99,-999,臺中市,02,和平區,104
24.2450,121.2377,梨山,C0F860,2017-02-24T15:00:00+08:00,2215.0,213.0,4.3,8.9,0.99,781.1,-99.0,3.5,-9.9,-99,-999,臺中市,02,和平區,104
24.2450,121.2377,梨山,C0F860,2017-02-24T16:00:00+08:00,2215.0,212.0,4.2,8.9,0.99,781.1,-99.0,3.5,-9.9,-99,-999,臺中市,02,和平區,104
24.2450,121.2377,梨山,C0F860,2017-02-24T17:00:00+08:00,2215.0,213.0,3.0,9.0,0.99,781.5,-99.0,3.5,-9.9,-99,-999,臺中市,02,和平區,104
24.2450,121.2377,梨山,C0F860,2017-02-24T18:00:00+08:00,2215.0,213.0,3.7,8.8,0.99,781.5,-99.0,4.0,-9.9,-99,-999,臺中市,02,和平區,104
24.2450,121.2377,梨山,C0F860,2017-02-24T19:00:00+08:00,2215.0,216.0,5.1,8.9,0.99,781.7,-99.0,5.0,-9.9,-99,-999,臺中市,02,和平區,104
24.2450,121.2377,梨山,C0F860,2017-02-24T20:00:00+08:00,2215.0,212.0,3.1,8.6,0.99,782.1,-99.0,5.0,-9.9,-99,-999,臺中市,02,和平區,104
24.2450,121.2377,梨山,C0F860,2017-02-24T21:00:00+08:00,2215.0,212.0,3.4,8.6,0.99,782.6,-99.0,5.5,-9.9,-99,-999,臺中市,02,和平區,104
24.2450,121.2377,梨山,C0F860,2017-02-24T22:00:00+08:00,2215.0,212.0,3.1,8.5,0.99,782.6,-99.0,6.5,-9.9,-99,-999,臺中市,02,和平區,104
24.2450,121.2377,梨山,C0F860,2017-02-24T23:00:00+08:00,2215.0,215.0,3.1,8.5,0.99,782.1,-99.0,7.0,-9.9,-99,-999,臺中市,02,和平區,104
24.2450,121.2377,梨山,C0F860,2017-02-25T00:00:00+08:00,2215.0,216.0,2.0,8.3,0.99,782.0,-99.0,8.5,-9.9,-99,-999,臺中市,02,和平區,104
24.2450,121.2377,梨山,C0F860,2017-02-25T01:00:00+08:00,2215.0,212.0,2.4,8.2,0.99,781.9,-99.0,2.5,-9.9,-99,-999,臺中市,02,和平區,104
24.2450,121.2377,梨山,C0F860,2017-02-25T02:00:00+08:00,2215.0,214.0,2.0,8.2,0.99,781.5,-99.0,3.0,-9.9,-99,-999,臺中市,02,和平區,104
24.2450,121.2377,梨山,C0F860,2017-02-25T03:00:00+08:00,2215.0,210.0,2.2,7.8,0.99,781.2,-99.0,3.0,-9.9,-99,-999,臺中市,02,和平區,104
24.2450,121.2377,梨山,C0F860,2017-02-25T04:00:00+08:00,2215.0,220.0,2.5,7.9,0.99,780.9,-99.0,3.5,-9.9,-99,-999,臺中市,02,和平區,104
24.2450,121.2377,梨山,C0F860,2017-02-25T05:00:00+08:00,2215.0,213.0,2.4,7.9,0.99,780.9,-99.0,4.0,-9.9,-99,-999,臺中市,02,和平區,104
24.2450,121.2377,梨山,C0F860,2017-02-25T06:00:00+08:00,2215.0,212.0,4.0,7.9,0.99,781.3,-99.0,4.0,-9.9,-99,-999,臺中市,02,和平區,104
24.2450,121.2377,梨山,C0F860,2017-02-25T07:00:00+08:00,2215.0,214.0,2.8,7.8,0.99,781.4,-99.0,4.0,-9.9,-99,-999,臺中市,02,和平區,104
24.2450,121.2377,梨山,C0F860,2017-02-25T08:00:00+08:00,2215.0,208.0,2.2,7.8,0.99,781.9,-99.0,4.0,-9.9,-99,-999,臺中市,02,和平區,104
24.2450,121.2377,梨山,C0F860,2017-02-25T10:00:00+08:00,2215.0,210.0,3.3,8.1,0.99,781.9,-99.0,4.0,-9.9,-99,-999,臺中市,02,和平區,104
24.2450,121.2377,梨山,C0F860,2017-02-25T11:00:00+08:00,2215.0,212.0,2.7,8.1,0.99,781.6,-99.0,5.0,-9.9,-99,-999,臺中市,02,和平區,104
24.2450,121.2377,梨山,C0F860,2017-02-25T12:00:00+08:00,2215.0,214.0,3.2,8.3,0.99,781.0,-99.0,5.5,-9.9,-99,-999,臺中市,02,和平區,104
24.2450,121.2377,梨山,C0F860,2017-02-25T13:00:00+08:00,2215.0,209.0,3.0,8.4,0.99,780.4,-99.0,5.5,-9.9,-99,-999,臺中市,02,和平區,104
24.2450,121.2377,梨山,C0F860,2017-02-25T14:00:00+08:00,2215.0,214.0,2.3,8.3,0.99,779.8,-99.0,6.5,-9.9,-99,-999,臺中市,02,和平區,104
24.2450,121.2377,梨山,C0F860,2017-02-25T15:00:00+08:00,2215.0,215.0,3.1,8.6,0.99,779.3,-99.0,6.5,-9.9,-99,-999,臺中市,02,和平區,104
24.2450,121.2377,梨山,C0F860,2017-02-25T16:00:00+08:00,2215.0,215.0,3.6,8.6,0.99,779.3,-99.0,6.5,-9.9,-99,-999,臺中市,02,和平區,104
24.2450,121.2377,梨山,C0F860,2017-02-25T17:00:00+08:00,2215.0,213.0,3.3,8.5,0.99,779.3,-99.0,6.5,-9.9,-99,-999,臺中市,02,和平區,104
24.2450,121.2377,梨山,C0F860,2017-02-25T18:00:00+08:00,2215.0,217.0,3.1,8.4,0.99,779.5,-99.0,6.5,-9.9,-99,-999,臺中市,02,和平區,104
24.2450,121.2377,梨山,C0F860,2017-02-25T19:00:00+08:00,2215.0,217.0,2.6,8.2,0.99,779.7,-99.0,7.5,-9.9,-99,-999,臺中市,02,和平區,104
24.2450,121.2377,梨山,C0F860,2017-02-25T20:00:00+08:00,2215.0,221.0,1.9,8.0,0.99,780.8,-99.0,10.0,-9.9,-99,-999,臺中市,02,和平區,104
24.2450,121.2377,梨山,C0F860,2017-02-25T21:00:00+08:00,2215.0,213.0,3.0,8.0,0.99,780.6,-99.0,10.0,-9.9,-99,-999,臺中市,02,和平區,104
24.2450,121.2377,梨山,C0F860,2017-02-25T22:00:00+08:00,2215.0,214.0,1.7,7.9,0.99,780.9,-99.0,10.0,-9.9,-99,-999,臺中市,02,和平區,104
24.2450,121.2377,梨山,C0F860,2017-02-25T23:00:00+08:00,2215.0,216.0,1.7,7.9,0.99,780.9,-99.0,10.0,-9.9,-99,-999,臺中市,02,和平區,104
24.2450,121.2377,梨山,C0F860,2017-02-26T00:00:00+08:00,2215.0,214.0,1.0,7.8,0.99,780.9,-99.0,10.0,-9.9,-99,-999,臺中市,02,和平區,104
24.2450,121.2377,梨山,C0F860,2017-02-26T01:00:00+08:00,2215.0,219.0,2.4,7.8,0.99,780.5,-99.0,1.0,-9.9,-99,-999,臺中市,02,和平區,104
24.2450,121.2377,梨山,C0F860,2017-02-26T02:00:00+08:00,2215.0,215.0,3.5,7.5,0.99,779.9,-99.0,1.0,-9.9,-99,-999,臺中市,02,和平區,104
24.2450,121.2377,梨山,C0F860,2017-02-26T03:00:00+08:00,2215.0,210.0,3.4,7.3,0.99,779.6,-99.0,1.5,-9.9,-99,-999,臺中市,02,和平區,104
24.2450,121.2377,梨山,C0F860,2017-02-26T04:00:00+08:00,2215.0,218.0,2.9,7.3,0.99,779.5,-99.0,1.5,-9.9,-99,-999,臺中市,02,和平區,104
24.2450,121.2377,梨山,C0F860,2017-02-26T05:00:00+08:00,2215.0,217.0,2.4,7.3,0.99,779.6,-99.0,4.0,-9.9,-99,-999,臺中市,02,和平區,104
24.2450,121.2377,梨山,C0F860,2017-02-26T06:00:00+08:00,2215.0,212.0,4.2,7.1,0.99,779.7,-99.0,6.0,-9.9,-99,-999,臺中市,02,和平區,104
24.2450,121.2377,梨山,C0F860,2017-02-26T07:00:00+08:00,2215.0,217.0,2.4,7.2,0.99,780.9,-99.0,9.0,-9.9,-99,-999,臺中市,02,和平區,104
24.2450,121.2377,梨山,C0F860,2017-02-26T08:00:00+08:00,2215.0,213.0,2.7,7.2,0.99,781.5,-99.0,10.5,-9.9,-99,-999,臺中市,02,和平區,104
24.2450,121.2377,梨山,C0F860,2017-02-26T10:00:00+08:00,2215.0,215.0,2.7,7.4,0.99,782.2,-99.0,10.5,-9.9,-99,-999,臺中市,02,和平區,104
24.2450,121.2377,梨山,C0F860,2017-02-26T11:00:00+08:00,2215.0,223.0,1.3,7.3,0.99,782.0,-99.0,10.5,-9.9,-99,-999,臺中市,02,和平區,104
24.2450,121.2377,梨山,C0F860,2017-02-26T12:00:00+08:00,2215.0,215.0,0.8,7.6,0.99,781.8,-99.0,10.5,-9.9,-99,-999,臺中市,02,和平區,104
24.2450,121.2377,梨山,C0F860,2017-02-26T13:00:00+08:00,2215.0,230.0,1.1,7.2,0.99,781.4,-99.0,10.5,-9.9,-99,-999,臺中市,02,和平區,104
24.2450,121.2377,梨山,C0F860,2017-02-26T14:00:00+08:00,2215.0,208.0,0.9,7.4,0.99,780.8,-99.0,10.5,-9.9,-99,-999,臺中市,02,和平區,104
24.2450,121.2377,梨山,C0F860,2017-02-26T15:00:00+08:00,2215.0,217.0,0.9,7.5,0.99,780.4,-99.0,10.5,-9.9,-99,-999,臺中市,02,和平區,104
24.2450,121.2377,梨山,C0F860,2017-02-26T16:00:00+08:00,2215.0,214.0,1.2,8.1,0.99,780.4,-99.0,10.5,-9.9,-99,-999,臺中市,02,和平區,104
24.2450,121.2377,梨山,C0F860,2017-02-26T17:00:00+08:00,2215.0,211.0,1.9,8.1,0.99,780.8,-99.0,10.5,-9.9,-99,-999,臺中市,02,和平區,104
24.2450,121.2377,梨山,C0F860,2017-02-26T18:00:00+08:00,2215.0,214.0,1.0,7.6,0.99,781.1,-99.0,10.5,-9.9,-99,-999,臺中市,02,和平區,104
24.2450,121.2377,梨山,C0F860,2017-02-26T19:00:00+08:00,2215.0,217.0,1.0,7.1,0.99,781.5,-99.0,10.5,-9.9,-99,-999,臺中市,02,和平區,104
24.2450,121.2377,梨山,C0F860,2017-02-26T20:00:00+08:00,2215.0,217.0,0.7,6.8,0.99,782.1,-99.0,10.5,-9.9,-99,-999,臺中市,02,和平區,104
24.2450,121.2377,梨山,C0F860,2017-02-26T21:00:00+08:00,2215.0,224.0,0.3,6.4,0.99,782.5,-99.0,10.5,-9.9,-99,-999,臺中市,02,和平區,104
24.2450,121.2377,梨山,C0F860,2017-02-26T22:00:00+08:00,2215.0,212.0,0.8,6.5,0.99,782.6,-99.0,10.5,-9.9,-99,-999,臺中市,02,和平區,104
24.2450,121.2377,梨山,C0F860,2017-02-26T23:00:00+08:00,2215.0,222.0,0.4,6.6,0.99,782.6,-99.0,10.5,-9.9,-99,-999,臺中市,02,和平區,104
24.2450,121.2377,梨山,C0F860,2017-02-27T00:00:00+08:00,2215.0,217.0,0.4,6.5,0.99,782.3,-99.0,10.5,-9.9,-99,-999,臺中市,02,和平區,104
24.2450,121.2377,梨山,C0F860,2017-02-27T01:00:00+08:00,2215.0,211.0,0.4,6.2,0.99,781.9,-99.0,0.0,-9.9,-99,-999,臺中市,02,和平區,104
24.2450,121.2377,梨山,C0F860,2017-02-27T02:00:00+08:00,2215.0,209.0,1.0,6.2,0.99,781.6,-99.0,0.0,-9.9,-99,-999,臺中市,02,和平區,104
24.2450,121.2377,梨山,C0F860,2017-02-27T03:00:00+08:00,2215.0,208.0,1.1,5.8,0.99,781.5,-99.0,0.0,-9.9,-99,-999,臺中市,02,和平區,104
24.2450,121.2377,梨山,C0F860,2017-02-27T04:00:00+08:00,2215.0,212.0,0.7,5.7,0.99,781.5,-99.0,0.0,-9.9,-99,-999,臺中市,02,和平區,104
24.2450,121.2377,梨山,C0F860,2017-02-27T05:00:00+08:00,2215.0,210.0,0.6,5.9,0.99,781.6,-99.0,0.0,-9.9,-99,-999,臺中市,02,和平區,104
24.2450,121.2377,梨山,C0F860,2017-02-27T06:00:00+08:00,2215.0,214.0,0.9,6.0,0.99,782.0,-99.0,0.0,-9.9,-99,-999,臺中市,02,和平區,104
24.2450,121.2377,梨山,C0F860,2017-02-27T07:00:00+08:00,2215.0,212.0,1.8,6.3,0.99,782.4,-99.0,0.0,-9.9,-99,-999,臺中市,02,和平區,104
24.2450,121.2377,梨山,C0F860,2017-02-27T08:00:00+08:00,2215.0,208.0,1.8,6.0,0.99,782.8,-99.0,0.0,-9.9,-99,-999,臺中市,02,和平區,104
24.2450,121.2377,梨山,C0F860,2017-02-27T10:00:00+08:00,2215.0,220.0,1.5,6.4,0.99,783.2,-99.0,0.0,-9.9,-99,-999,臺中市,02,和平區,104
24.2450,121.2377,梨山,C0F860,2017-02-27T11:00:00+08:00,2215.0,216.0,1.7,8.1,0.99,783.1,-99.0,0.0,-9.9,-99,-999,臺中市,02,和平區,104
24.2450,121.2377,梨山,C0F860,2017-02-27T12:00:00+08:00,2215.0,211.0,2.0,7.6,0.99,782.5,-99.0,0.0,-9.9,-99,-999,臺中市,02,和平區,104
24.2450,121.2377,梨山,C0F860,2017-02-27T13:00:00+08:00,2215.0,214.0,2.1,7.3,0.99,781.9,-99.0,0.0,-9.9,-99,-999,臺中市,02,和平區,104
24.2450,121.2377,梨山,C0F860,2017-02-27T14:00:00+08:00,2215.0,213.0,2.6,7.1,0.99,781.6,-99.0,0.0,-9.9,-99,-999,臺中市,02,和平區,104
24.2450,121.2377,梨山,C0F860,2017-02-27T15:00:00+08:00,2215.0,211.0,2.1,7.3,0.99,781.5,-99.0,0.0,-9.9,-99,-999,臺中市,02,和平區,104
24.2450,121.2377,梨山,C0F860,2017-02-27T16:00:00+08:00,2215.0,216.0,1.6,6.8,0.99,781.8,-99.0,0.0,-9.9,-99,-999,臺中市,02,和平區,104
24.2450,121.2377,梨山,C0F860,2017-02-27T17:00:00+08:00,2215.0,208.0,1.8,6.4,0.99,782.1,-99.0,0.0,-9.9,-99,-999,臺中市,02,和平區,104
24.2450,121.2377,梨山,C0F860,2017-02-27T18:00:00+08:00,2215.0,218.0,1.1,6.5,0.99,782.5,-99.0,0.0,-9.9,-99,-999,臺中市,02,和平區,104
24.2450,121.2377,梨山,C0F860,2017-02-27T19:00:00+08:00,2215.0,209.0,1.3,6.3,0.99,782.4,-99.0,0.0,-9.9,-99,-999,臺中市,02,和平區,104
24.2450,121.2377,梨山,C0F860,2017-02-27T20:00:00+08:00,2215.0,220.0,0.7,6.4,0.99,782.7,-99.0,0.0,-9.9,-99,-999,臺中市,02,和平區,104
24.2450,121.2377,梨山,C0F860,2017-02-27T21:00:00+08:00,2215.0,213.0,1.1,6.2,0.99,783.0,-99.0,0.0,-9.9,-99,-999,臺中市,02,和平區,104
24.2450,121.2377,梨山,C0F860,2017-02-27T22:00:00+08:00,2215.0,214.0,1.0,6.1,0.99,783.2,-99.0,0.0,-9.9,-99,-999,臺中市,02,和平區,104
24.2450,121.2377,梨山,C0F860,2017-02-27T23:00:00+08:00,2215.0,214.0,0.8,6.0,0.99,783.1,-99.0,0.0,-9.9,-99,-999,臺中市,02,和平區,104
24.2450,121.2377,梨山,C0F860,2017-02-28T00:00:00+08:00,2215.0,219.0,0.5,5.7,0.99,783.1,-99.0,0.0,-9.9,-99,-999,臺中市,02,和平區,104
24.2450,121.2377,梨山,C0F860,2017-02-28T01:00:00+08:00,2215.0,206.0,1.1,5.6,0.99,783.1,-99.0,0.0,-9.9,-99,-999,臺中市,02,和平區,104
24.2450,121.2377,梨山,C0F860,2017-02-28T02:00:00+08:00,2215.0,213.0,1.1,6.1,0.99,782.2,-99.0,0.0,-9.9,-99,-999,臺中市,02,和平區,104
24.2450,121.2377,梨山,C0F860,2017-02-28T03:00:00+08:00,2215.0,216.0,0.7,6.0,0.99,782.3,-99.0,0.0,-9.9,-99,-999,臺中市,02,和平區,104
24.2450,121.2377,梨山,C0F860,2017-02-28T04:00:00+08:00,2215.0,214.0,0.8,5.6,0.99,782.0,-99.0,0.0,-9.9,-99,-999,臺中市,02,和平區,104
24.2450,121.2377,梨山,C0F860,2017-02-28T05:00:00+08:00,2215.0,212.0,0.7,5.2,0.99,782.3,-99.0,0.0,-9.9,-99,-999,臺中市,02,和平區,104
24.2450,121.2377,梨山,C0F860,2017-02-28T06:00:00+08:00,2215.0,211.0,1.7,5.1,0.99,782.7,-99.0,0.0,-9.9,-99,-999,臺中市,02,和平區,104
24.2450,121.2377,梨山,C0F860,2017-02-28T07:00:00+08:00,2215.0,207.0,1.4,5.6,0.99,782.7,-99.0,0.0,-9.9,-99,-999,臺中市,02,和平區,104
24.2450,121.2377,梨山,C0F860,2017-02-28T08:00:00+08:00,2215.0,211.0,1.1,6.2,0.99,783.3,-99.0,0.0,-9.9,-99,-999,臺中市,02,和平區,104
24.2450,121.2377,梨山,C0F860,2017-02-28T09:00:00+08:00,2215.0,212.0,1.2,7.1,0.97,783.5,-99.0,0.0,-9.9,-99,-999,臺中市,02,和平區,104
24.2450,121.2377,梨山,C0F860,2017-02-28T10:00:00+08:00,2215.0,214.0,1.9,8.1,0.87,783.4,-99.0,0.0,-9.9,-99,-999,臺中市,02,和平區,104
24.2450,121.2377,梨山,C0F860,2017-02-28T11:00:00+08:00,2215.0,214.0,1.3,7.3,0.96,783.1,-99.0,0.0,-9.9,-99,-999,臺中市,02,和平區,104
24.2450,121.2377,梨山,C0F860,2017-02-28T12:00:00+08:00,2215.0,214.0,0.7,7.0,0.99,782.6,-99.0,0.0,-9.9,-99,-999,臺中市,02,和平區,104
24.2450,121.2377,梨山,C0F860,2017-02-28T13:00:00+08:00,2215.0,223.0,1.1,7.0,0.99,781.7,-99.0,0.0,-9.9,-99,-999,臺中市,02,和平區,104
24.2450,121.2377,梨山,C0F860,2017-02-28T14:00:00+08:00,2215.0,212.0,1.3,7.1,0.99,781.0,-99.0,0.0,-9.9,-99,-999,臺中市,02,和平區,104
24.2450,121.2377,梨山,C0F860,2017-02-28T15:00:00+08:00,2215.0,210.0,3.5,6.9,0.99,780.4,-99.0,0.0,-9.9,-99,-999,臺中市,02,和平區,104
24.2450,121.2377,梨山,C0F860,2017-02-28T16:00:00+08:00,2215.0,216.0,1.3,7.7,0.97,780.2,-99.0,0.0,-9.9,-99,-999,臺中市,02,和平區,104
24.2450,121.2377,梨山,C0F860,2017-02-28T17:00:00+08:00,2215.0,215.0,0.9,7.8,0.97,780.2,-99.0,0.0,-9.9,-99,-999,臺中市,02,和平區,104
24.2450,121.2377,梨山,C0F860,2017-02-28T18:00:00+08:00,2215.0,212.0,1.0,6.8,0.99,780.6,-99.0,0.0,-9.9,-99,-999,臺中市,02,和平區,104
24.2450,121.2377,梨山,C0F860,2017-02-28T19:00:00+08:00,2215.0,215.0,1.1,6.5,0.99,780.8,-99.0,0.0,-9.9,-99,-999,臺中市,02,和平區,104
24.2450,121.2377,梨山,C0F860,2017-02-28T20:00:00+08:00,2215.0,211.0,0.7,6.5,0.99,780.9,-99.0,0.0,-9.9,-99,-999,臺中市,02,和平區,104
24.2450,121.2377,梨山,C0F860,2017-02-28T21:00:00+08:00,2215.0,216.0,1.3,6.2,0.99,781.3,-99.0,0.0,-9.9,-99,-999,臺中市,02,和平區,104
24.2450,121.2377,梨山,C0F860,2017-02-28T22:00:00+08:00,2215.0,208.0,1.9,5.9,0.99,781.4,-99.0,0.5,-9.9,-99,-999,臺中市,02,和平區,104
