24.0239,121.1241,仁愛,C0I390,2017-02-01T07:00:00+08:00,1184.0,98.0,0.6,13.3,0.93,891.6,-99.0,0.0,-9.9,-99,-999,南投縣,13,仁愛鄉,122
24.0239,121.1241,仁愛,C0I390,2017-02-01T05:00:00+08:00,1184.0,105.0,1.0,13.3,0.94,891.0,-99.0,0.0,-9.9,-99,-999,南投縣,13,仁愛鄉,122
24.0239,121.1241,仁愛,C0I390,2017-02-01T02:00:00+08:00,1184.0,105.0,0.9,14.5,0.80,890.6,-99.0,0.0,-9.9,-99,-999,南投縣,13,仁愛鄉,122
24.0239,121.1241,仁愛,C0I390,2017-02-01T11:00:00+08:00,1184.0,104.0,0.9,17.4,0.68,891.8,-99.0,0.0,-9.9,-99,-999,南投縣,13,仁愛鄉,122
24.0239,121.1241,仁愛,C0I390,2017-02-02T10:00:00+08:00,1184.0,109.0,0.5,18.0,0.59,892.2,-99.0,0.0,-9.9,-99,-999,南投縣,13,仁愛鄉,122
24.0239,121.1241,仁愛,C0I390,2017-02-02T09:00:00+08:00,1184.0,92.0,0.9,15.3,0.74,892.4,-99.0,0.0,-9.9,-99,-999,南投縣,13,仁愛鄉,122
24.0239,121.1241,仁愛,C0I390,2017-02-02T08:00:00+08:00,1184.0,99.0,1.4,13.0,0.83,892.0,-99.0,0.0,-9.9,-99,-999,南投縣,13,仁愛鄉,122
24.0239,121.1241,仁愛,C0I390,2017-02-02T11:00:00+08:00,1184.0,248.0,1.6,18.5,0.56,891.5,-99.0,0.0,-9.9,-99,-999,南投縣,13,仁愛鄉,122
24.0239,121.1241,仁愛,C0I390,2017-02-02T14:00:00+08:00,1184.0,259.0,2.8,20.4,0.55,888.9,-99.0,0.0,-9.9,-99,-999,南投縣,13,仁愛鄉,122
24.0239,121.1241,仁愛,C0I390,2017-02-02T15:00:00+08:00,1184.0,268.0,3.1,18.4,0.66,888.7,-99.0,0.0,-9.9,-99,-999,南投縣,13,仁愛鄉,122
24.0239,121.1241,仁愛,C0I390,2017-02-02T16:00:00+08:00,1184.0,272.0,3.7,17.3,0.71,889.1,-99.0,0.0,-9.9,-99,-999,南投縣,13,仁愛鄉,122
24.0239,121.1241,仁愛,C0I390,2017-02-02T17:00:00+08:00,1184.0,269.0,3.5,15.6,0.79,889.6,-99.0,0.0,-9.9,-99,-999,南投縣,13,仁愛鄉,122
24.0239,121.1241,仁愛,C0I390,2017-02-02T18:00:00+08:00,1184.0,269.0,3.1,13.7,0.89,890.3,-99.0,0.0,-9.9,-99,-999,南投縣,13,仁愛鄉,122
24.0239,121.1241,仁愛,C0I390,2017-02-02T19:00:00+08:00,1184.0,269.0,0.8,13.3,0.91,890.6,-99.0,0.0,-9.9,-99,-999,南投縣,13,仁愛鄉,122
24.0239,121.1241,仁愛,C0I390,2017-02-02T20:00:00+08:00,1184.0,95.0,1.0,13.2,0.88,890.7,-99.0,0.0,-9.9,-99,-999,南投縣,13,仁愛鄉,122
24.0239,121.1241,仁愛,C0I390,2017-02-02T21:00:00+08:00,1184.0,94.0,0.8,12.4,0.90,890.9,-99.0,0.0,-9.9,-99,-999,南投縣,13,仁愛鄉,122
24.0239,121.1241,仁愛,C0I390,2017-02-02T22:00:00+08:00,1184.0,101.0,1.8,11.6,0.91,890.9,-99.0,0.0,-9.9,-99,-999,南投縣,13,仁愛鄉,122
24.0239,121.1241,仁愛,C0I390,2017-02-02T23:00:00+08:00,1184.0,99.0,1.9,11.1,0.87,890.6,-99.0,0.0,-9.9,-99,-999,南投縣,13,仁愛鄉,122
24.0239,121.1241,仁愛,C0I390,2017-02-03T00:00:00+08:00,1184.0,103.0,1.5,10.7,0.84,890.7,-99.0,0.0,-9.9,-99,-999,南投縣,13,仁愛鄉,122
24.0239,121.1241,仁愛,C0I390,2017-02-03T01:00:00+08:00,1184.0,93.0,1.0,10.2,0.82,890.4,-99.0,0.0,-9.9,-99,-999,南投縣,13,仁愛鄉,122
24.0239,121.1241,仁愛,C0I390,2017-02-03T02:00:00+08:00,1184.0,292.0,0.9,9.5,0.98,890.5,-99.0,0.0,-9.9,-99,-999,南投縣,13,仁愛鄉,122
24.0239,121.1241,仁愛,C0I390,2017-02-03T03:00:00+08:00,1184.0,103.0,0.9,9.5,0.90,890.3,-99.0,0.0,-9.9,-99,-999,南投縣,13,仁愛鄉,122
24.0239,121.1241,仁愛,C0I390,2017-02-03T04:00:00+08:00,1184.0,102.0,2.2,8.9,0.91,889.8,-99.0,0.0,-9.9,-99,-999,南投縣,13,仁愛鄉,122
24.0239,121.1241,仁愛,C0I390,2017-02-03T05:00:00+08:00,1184.0,101.0,1.9,9.2,0.86,889.8,-99.0,0.0,-9.9,-99,-999,南投縣,13,仁愛鄉,122
24.0239,121.1241,仁愛,C0I390,2017-02-03T06:00:00+08:00,1184.0,103.0,0.8,9.7,0.88,890.2,-99.0,0.0,-9.9,-99,-999,南投縣,13,仁愛鄉,122
24.0239,121.1241,仁愛,C0I390,2017-02-03T07:00:00+08:00,1184.0,103.0,0.9,9.6,0.83,890.4,-99.0,0.0,-9.9,-99,-999,南投縣,13,仁愛鄉,122
24.0239,121.1241,仁愛,C0I390,2017-02-03T08:00:00+08:00,1184.0,96.0,1.6,9.9,0.81,890.6,-99.0,0.0,-9.9,-99,-999,南投縣,13,仁愛鄉,122
24.0239,121.1241,仁愛,C0I390,2017-02-03T10:00:00+08:00,1184.0,108.0,0.9,14.9,0.63,891.0,-99.0,0.0,-9.9,-99,-999,南投縣,13,仁愛鄉,122
24.0239,121.1241,仁愛,C0I390,2017-02-03T11:00:00+08:00,1184.0,251.0,1.2,16.0,0.59,890.2,-99.0,0.0,-9.9,-99,-999,南投縣,13,仁愛鄉,122
24.0239,121.1241,仁愛,C0I390,2017-02-03T12:00:00+08:00,1184.0,263.0,1.5,17.5,0.55,889.2,-99.0,0.0,-9.9,-99,-999,南投縣,13,仁愛鄉,122
24.0239,121.1241,仁愛,C0I390,2017-02-03T13:00:00+08:00,1184.0,252.0,2.3,19.3,0.51,888.2,-99.0,0.0,-9.9,-99,-999,南投縣,13,仁愛鄉,122
24.0239,121.1241,仁愛,C0I390,2017-02-03T14:00:00+08:00,1184.0,257.0,2.2,19.7,0.56,887.4,-99.0,0.0,-9.9,-99,-999,南投縣,13,仁愛鄉,122
24.0239,121.1241,仁愛,C0I390,2017-02-03T15:00:00+08:00,1184.0,260.0,3.5,17.9,0.65,887.1,-99.0,0.0,-9.9,-99,-999,南投縣,13,仁愛鄉,122
24.0239,121.1241,仁愛,C0I390,2017-02-03T16:00:00+08:00,1184.0,261.0,2.9,16.7,0.67,887.6,-99.0,0.0,-9.9,-99,-999,南投縣,13,仁愛鄉,122
24.0239,121.1241,仁愛,C0I390,2017-02-03T17:00:00+08:00,1184.0,270.0,3.6,15.1,0.70,888.3,-99.0,0.0,-9.9,-99,-999,南投縣,13,仁愛鄉,122
24.0239,121.1241,仁愛,C0I390,2017-02-03T18:00:00+08:00,1184.0,270.0,2.0,14.3,0.70,888.6,-99.0,0.0,-9.9,-99,-999,南投縣,13,仁愛鄉,122
24.0239,121.1241,仁愛,C0I390,2017-02-03T19:00:00+08:00,1184.0,260.0,0.6,13.2,0.78,889.1,-99.0,0.0,-9.9,-99,-999,南投縣,13,仁愛鄉,122
24.0239,121.1241,仁愛,C0I390,2017-02-03T20:00:00+08:00,1184.0,90.0,0.7,13.1,0.80,889.6,-99.0,0.0,-9.9,-99,-999,南投縣,13,仁愛鄉,122
24.0239,121.1241,仁愛,C0I390,2017-02-03T21:00:00+08:00,1184.0,0.0,0.0,13.0,0.81,889.4,-99.0,0.0,-9.9,-99,-999,南投縣,13,仁愛鄉,122
24.0239,121.1241,仁愛,C0I390,2017-02-03T22:00:00+08:00,1184.0,115.0,0.5,12.6,0.85,889.6,-99.0,0.0,-9.9,-99,-999,南投縣,13,仁愛鄉,122
24.0239,121.1241,仁愛,C0I390,2017-02-03T23:00:00+08:00,1184.0,60.0,0.4,12.9,0.84,889.9,-99.0,0.0,-9.9,-99,-999,南投縣,13,仁愛鄉,122
24.0239,121.1241,仁愛,C0I390,2017-02-04T00:00:00+08:00,1184.0,104.0,0.9,12.3,0.86,889.6,-99.0,0.0,-9.9,-99,-999,南投縣,13,仁愛鄉,122
24.0239,121.1241,仁愛,C0I390,2017-02-04T01:00:00+08:00,1184.0,101.0,1.4,12.3,0.85,889.1,-99.0,0.0,-9.9,-99,-999,南投縣,13,仁愛鄉,122
24.0239,121.1241,仁愛,C0I390,2017-02-04T02:00:00+08:00,1184.0,104.0,0.7,12.5,0.86,888.7,-99.0,0.0,-9.9,-99,-999,南投縣,13,仁愛鄉,122
24.0239,121.1241,仁愛,C0I390,2017-02-04T03:00:00+08:00,1184.0,73.0,0.8,12.4,0.86,888.4,-99.0,0.0,-9.9,-99,-999,南投縣,13,仁愛鄉,122
24.0239,121.1241,仁愛,C0I390,2017-02-04T04:00:00+08:00,1184.0,76.0,0.7,12.4,0.85,887.9,-99.0,0.0,-9.9,-99,-999,南投縣,13,仁愛鄉,122
24.0239,121.1241,仁愛,C0I390,2017-02-04T05:00:00+08:00,1184.0,105.0,1.2,11.9,0.88,887.9,-99.0,0.0,-9.9,-99,-999,南投縣,13,仁愛鄉,122
24.0239,121.1241,仁愛,C0I390,2017-02-04T06:00:00+08:00,1184.0,113.0,0.4,11.8,0.89,888.4,-99.0,0.0,-9.9,-99,-999,南投縣,13,仁愛鄉,122
24.0239,121.1241,仁愛,C0I390,2017-02-04T07:00:00+08:00,1184.0,110.0,1.2,11.6,0.90,888.2,-99.0,0.0,-9.9,-99,-999,南投縣,13,仁愛鄉,122
24.0239,121.1241,仁愛,C0I390,2017-02-04T08:00:00+08:00,1184.0,103.0,1.4,12.1,0.86,888.6,-99.0,0.0,-9.9,-99,-999,南投縣,13,仁愛鄉,122
24.0239,121.1241,仁愛,C0I390,2017-02-04T10:00:00+08:00,1184.0,91.0,0.4,15.0,0.74,888.6,-99.0,0.0,-9.9,-99,-999,南投縣,13,仁愛鄉,122
24.0239,121.1241,仁愛,C0I390,2017-02-04T11:00:00+08:00,1184.0,237.0,0.7,16.1,0.65,888.1,-99.0,0.0,-9.9,-99,-999,南投縣,13,仁愛鄉,122
24.0239,121.1241,仁愛,C0I390,2017-02-04T12:00:00+08:00,1184.0,276.0,1.3,17.0,0.59,887.0,-99.0,0.0,-9.9,-99,-999,南投縣,13,仁愛鄉,122
24.0239,121.1241,仁愛,C0I390,2017-02-04T13:00:00+08:00,1184.0,240.0,0.8,18.0,0.59,886.0,-99.0,0.0,-9.9,-99,-999,南投縣,13,仁愛鄉,122
24.0239,121.1241,仁愛,C0I390,2017-02-04T14:00:00+08:00,1184.0,270.0,2.1,17.3,0.59,885.1,-99.0,0.0,-9.9,-99,-999,南投縣,13,仁愛鄉,122
24.0239,121.1241,仁愛,C0I390,2017-02-04T15:00:00+08:00,1184.0,251.0,1.3,17.0,0.59,884.4,-99.0,0.0,-9.9,-99,-999,南投縣,13,仁愛鄉,122
24.0239,121.1241,仁愛,C0I390,2017-02-04T16:00:00+08:00,1184.0,259.0,2.4,15.9,0.66,884.5,-99.0,0.0,-9.9,-99,-999,南投縣,13,仁愛鄉,122
24.0239,121.1241,仁愛,C0I390,2017-02-04T17:00:00+08:00,1184.0,253.0,1.7,15.4,0.73,885.0,-99.0,0.0,-9.9,-99,-999,南投縣,13,仁愛鄉,122
24.0239,121.1241,仁愛,C0I390,2017-02-04T18:00:00+08:00,1184.0,249.0,2.1,14.2,0.82,885.7,-99.0,0.0,-9.9,-99,-999,南投縣,13,仁愛鄉,122
24.0239,121.1241,仁愛,C0I390,2017-02-04T19:00:00+08:00,1184.0,252.0,0.6,14.0,0.83,886.2,-99.0,0.0,-9.9,-99,-999,南投縣,13,仁愛鄉,122
24.0239,121.1241,仁愛,C0I390,2017-02-04T20:00:00+08:00,1184.0,55.0,0.7,14.3,0.82,886.5,-99.0,0.0,-9.9,-99,-999,南投縣,13,仁愛鄉,122
24.0239,121.1241,仁愛,C0I390,2017-02-04T21:00:00+08:00,1184.0,85.0,0.8,14.1,0.82,886.5,-99.0,0.0,-9.9,-99,-999,南投縣,13,仁愛鄉,122
24.0239,121.1241,仁愛,C0I390,2017-02-04T22:00:00+08:00,1184.0,106.0,0.7,13.6,0.85,886.3,-99.0,0.0,-9.9,-99,-999,南投縣,13,仁愛鄉,122
24.0239,121.1241,仁愛,C0I390,2017-02-04T23:00:00+08:00,1184.0,0.0,0.0,13.5,0.86,886.3,-99.0,0.0,-9.9,-99,-999,南投縣,13,仁愛鄉,122
24.0239,121.1241,仁愛,C0I390,2017-02-05T00:00:00+08:00,1184.0,106.0,1.4,12.7,0.88,886.4,-99.0,0.0,-9.9,-99,-999,南投縣,13,仁愛鄉,122
24.0239,121.1241,仁愛,C0I390,2017-02-05T01:00:00+08:00,1184.0,90.0,0.6,12.5,0.88,886.2,-99.0,0.0,-9.9,-99,-999,南投縣,13,仁愛鄉,122
24.0239,121.1241,仁愛,C0I390,2017-02-05T02:00:00+08:00,1184.0,97.0,0.9,12.4,0.87,885.7,-99.0,0.0,-9.9,-99,-999,南投縣,13,仁愛鄉,122
24.0239,121.1241,仁愛,C0I390,2017-02-05T03:00:00+08:00,1184.0,104.0,1.8,11.3,0.92,884.6,-99.0,0.0,-9.9,-99,-999,南投縣,13,仁愛鄉,122
24.0239,121.1241,仁愛,C0I390,2017-02-05T04:00:00+08:00,1184.0,92.0,1.8,10.7,0.92,883.9,-99.0,0.0,-9.9,-99,-999,南投縣,13,仁愛鄉,122
24.0239,121.1241,仁愛,C0I390,2017-02-05T05:00:00+08:00,1184.0,108.0,0.8,10.5,0.94,885.1,-99.0,0.0,-9.9,-99,-999,南投縣,13,仁愛鄉,122
24.0239,121.1241,仁愛,C0I390,2017-02-05T06:00:00+08:00,1184.0,100.0,2.1,9.8,0.93,886.0,-99.0,0.0,-9.9,-99,-999,南投縣,13,仁愛鄉,122
24.0239,121.1241,仁愛,C0I390,2017-02-05T07:00:00+08:00,1184.0,97.0,2.1,10.5,0.87,886.1,-99.0,0.0,-9.9,-99,-999,南投縣,13,仁愛鄉,122
24.0239,121.1241,仁愛,C0I390,2017-02-05T08:00:00+08:00,1184.0,102.0,1.9,12.3,0.79,886.2,-99.0,0.0,-9.9,-99,-999,南投縣,13,仁愛鄉,122
24.0239,121.1241,仁愛,C0I390,2017-02-05T10:00:00+08:00,1184.0,110.0,1.1,15.0,0.69,886.0,-99.0,0.0,-9.9,-99,-999,南投縣,13,仁愛鄉,122
24.0239,121.1241,仁愛,C0I390,2017-02-05T11:00:00+08:00,1184.0,255.0,1.0,16.1,0.64,885.9,-99.0,0.0,-9.9,-99,-999,南投縣,13,仁愛鄉,122
24.0239,121.1241,仁愛,C0I390,2017-02-05T12:00:00+08:00,1184.0,272.0,2.0,16.2,0.65,885.1,-99.0,0.0,-9.9,-99,-999,南投縣,13,仁愛鄉,122
24.0239,121.1241,仁愛,C0I390,2017-02-05T13:00:00+08:00,1184.0,255.0,1.2,16.4,0.66,884.4,-99.0,0.0,-9.9,-99,-999,南投縣,13,仁愛鄉,122
24.0239,121.1241,仁愛,C0I390,2017-02-05T14:00:00+08:00,1184.0,190.0,0.6,18.2,0.61,883.7,-99.0,0.0,-9.9,-99,-999,南投縣,13,仁愛鄉,122
24.0239,121.1241,仁愛,C0I390,2017-02-05T15:00:00+08:00,1184.0,249.0,0.8,18.4,0.58,884.0,-99.0,0.0,-9.9,-99,-999,南投縣,13,仁愛鄉,122
24.0239,121.1241,仁愛,C0I390,2017-02-05T16:00:00+08:00,1184.0,262.0,2.0,16.6,0.62,884.0,-99.0,0.0,-9.9,-99,-999,南投縣,13,仁愛鄉,122
24.0239,121.1241,仁愛,C0I390,2017-02-05T17:00:00+08:00,1184.0,111.0,0.4,16.7,0.63,883.8,-99.0,0.0,-9.9,-99,-999,南投縣,13,仁愛鄉,122
24.0239,121.1241,仁愛,C0I390,2017-02-05T18:00:00+08:00,1184.0,252.0,1.3,15.7,0.69,883.3,-99.0,0.0,-9.9,-99,-999,南投縣,13,仁愛鄉,122
24.0239,121.1241,仁愛,C0I390,2017-02-05T19:00:00+08:00,1184.0,357.0,0.8,15.8,0.69,884.0,-99.0,0.0,-9.9,-99,-999,南投縣,13,仁愛鄉,122
24.0239,121.1241,仁愛,C0I390,2017-02-05T20:00:00+08:00,1184.0,54.0,0.6,15.3,0.72,884.6,-99.0,0.0,-9.9,-99,-999,南投縣,13,仁愛鄉,122
24.0239,121.1241,仁愛,C0I390,2017-02-05T21:00:00+08:00,1184.0,97.0,1.3,14.0,0.78,884.6,-99.0,0.0,-9.9,-99,-999,南投縣,13,仁愛鄉,122
24.0239,121.1241,仁愛,C0I390,2017-02-05T22:00:00+08:00,1184.0,103.0,1.9,13.9,0.78,884.7,-99.0,0.0,-9.9,-99,-999,南投縣,13,仁愛鄉,122
24.0239,121.1241,仁愛,C0I390,2017-02-05T23:00:00+08:00,1184.0,102.0,2.8,13.6,0.78,885.2,-99.0,0.0,-9.9,-99,-999,南投縣,13,仁愛鄉,122
24.0239,121.1241,仁愛,C0I390,2017-02-06T00:00:00+08:00,1184.0,104.0,2.8,13.5,0.77,885.1,-99.0,0.0,-9.9,-99,-999,南投縣,13,仁愛鄉,122
24.0239,121.1241,仁愛,C0I390,2017-02-06T01:00:00+08:00,1184.0,89.0,1.7,14.5,0.65,884.7,-99.0,0.0,-9.9,-99,-999,南投縣,13,仁愛鄉,122
24.0239,121.1241,仁愛,C0I390,2017-02-06T02:00:00+08:00,1184.0,95.0,0.9,13.4,0.73,884.6,-99.0,0.0,-9.9,-99,-999,南投縣,13,仁愛鄉,122
24.0239,121.1241,仁愛,C0I390,2017-02-06T03:00:00+08:00,1184.0,87.0,0.9,12.7,0.78,884.3,-99.0,0.0,-9.9,-99,-999,南投縣,13,仁愛鄉,122
24.0239,121.1241,仁愛,C0I390,2017-02-06T04:00:00+08:00,1184.0,100.0,1.8,12.1,0.80,884.2,-99.0,0.0,-9.9,-99,-999,南投縣,13,仁愛鄉,122
24.0239,121.1241,仁愛,C0I390,2017-02-06T05:00:00+08:00,1184.0,94.0,1.8,11.1,0.86,884.6,-99.0,0.0,-9.9,-99,-999,南投縣,13,仁愛鄉,122
24.0239,121.1241,仁愛,C0I390,2017-02-06T06:00:00+08:00,1184.0,95.0,1.9,10.9,0.83,885.2,-99.0,0.0,-9.9,-99,-999,南投縣,13,仁愛鄉,122
24.0239,121.1241,仁愛,C0I390,2017-02-06T07:00:00+08:00,1184.0,93.0,1.9,10.4,0.84,886.0,-99.0,0.0,-9.9,-99,-999,南投縣,13,仁愛鄉,122
24.0239,121.1241,仁愛,C0I390,2017-02-06T08:00:00+08:00,1184.0,89.0,1.7,12.5,0.74,886.4,-99.0,0.0,-9.9,-99,-999,南投縣,13,仁愛鄉,122
24.0239,121.1241,仁愛,C0I390,2017-02-06T10:00:00+08:00,1184.0,248.0,1.1,17.7,0.53,887.0,-99.0,0.0,-9.9,-99,-999,南投縣,13,仁愛鄉,122
24.0239,121.1241,仁愛,C0I390,2017-02-06T11:00:00+08:00,1184.0,255.0,1.6,19.1,0.53,886.7,-99.0,0.0,-9.9,-99,-999,南投縣,13,仁愛鄉,122
24.0239,121.1241,仁愛,C0I390,2017-02-06T12:00:00+08:00,1184.0,245.0,2.0,20.0,0.50,886.1,-99.0,0.0,-9.9,-99,-999,南投縣,13,仁愛鄉,122
24.0239,121.1241,仁愛,C0I390,2017-02-06T13:00:00+08:00,1184.0,259.0,2.1,20.7,0.52,885.6,-99.0,0.0,-9.9,-99,-999,南投縣,13,仁愛鄉,122
24.0239,121.1241,仁愛,C0I390,2017-02-06T14:00:00+08:00,1184.0,261.0,2.1,21.4,0.51,885.2,-99.0,0.0,-9.9,-99,-999,南投縣,13,仁愛鄉,122
24.0239,121.1241,仁愛,C0I390,2017-02-06T15:00:00+08:00,1184.0,262.0,2.7,21.0,0.51,884.9,-99.0,0.0,-9.9,-99,-999,南投縣,13,仁愛鄉,122
24.0239,121.1241,仁愛,C0I390,2017-02-06T16:00:00+08:00,1184.0,267.0,2.6,20.7,0.52,885.1,-99.0,0.0,-9.9,-99,-999,南投縣,13,仁愛鄉,122
24.0239,121.1241,仁愛,C0I390,2017-02-06T17:00:00+08:00,1184.0,263.0,2.2,19.2,0.60,885.2,-99.0,0.0,-9.9,-99,-999,南投縣,13,仁愛鄉,122
24.0239,121.1241,仁愛,C0I390,2017-02-06T18:00:00+08:00,1184.0,271.0,2.2,17.0,0.71,885.6,-99.0,0.0,-9.9,-99,-999,南投縣,13,仁愛鄉,122
24.0239,121.1241,仁愛,C0I390,2017-02-06T19:00:00+08:00,1184.0,274.0,0.6,15.8,0.77,886.1,-99.0,0.0,-9.9,-99,-999,南投縣,13,仁愛鄉,122
24.0239,121.1241,仁愛,C0I390,2017-02-06T20:00:00+08:00,1184.0,98.0,0.7,15.0,0.78,886.5,-99.0,0.0,-9.9,-99,-999,南投縣,13,仁愛鄉,122
24.0239,121.1241,仁愛,C0I390,2017-02-06T21:00:00+08:00,1184.0,97.0,1.4,13.9,0.82,886.8,-99.0,0.0,-9.9,-99,-999,南投縣,13,仁愛鄉,122
24.0239,121.1241,仁愛,C0I390,2017-02-06T22:00:00+08:00,1184.0,107.0,1.6,13.2,0.84,887.0,-99.0,0.0,-9.9,-99,-999,南投縣,13,仁愛鄉,122
24.0239,121.1241,仁愛,C0I390,2017-02-06T23:00:00+08:00,1184.0,93.0,1.4,13.3,0.80,887.2,-99.0,0.0,-9.9,-99,-999,南投縣,13,仁愛鄉,122
24.0239,121.1241,仁愛,C0I390,2017-02-07T00:00:00+08:00,1184.0,93.0,1.7,12.0,0.85,887.0,-99.0,0.0,-9.9,-99,-999,南投縣,13,仁愛鄉,122
24.0239,121.1241,仁愛,C0I390,2017-02-07T01:00:00+08:00,1184.0,97.0,1.4,11.5,0.86,887.1,-99.0,0.0,-9.9,-99,-999,南投縣,13,仁愛鄉,122
24.0239,121.1241,仁愛,C0I390,2017-02-07T02:00:00+08:00,1184.0,98.0,1.6,10.9,0.86,886.9,-99.0,0.0,-9.9,-99,-999,南投縣,13,仁愛鄉,122
24.0239,121.1241,仁愛,C0I390,2017-02-07T03:00:00+08:00,1184.0,100.0,1.6,10.7,0.83,886.8,-99.0,0.0,-9.9,-99,-999,南投縣,13,仁愛鄉,122
24.0239,121.1241,仁愛,C0I390,2017-02-07T04:00:00+08:00,1184.0,91.0,1.1,10.6,0.80,887.0,-99.0,0.0,-9.9,-99,-999,南投縣,13,仁愛鄉,122
24.0239,121.1241,仁愛,C0I390,2017-02-07T05:00:00+08:00,1184.0,99.0,1.7,9.3,0.86,887.0,-99.0,0.0,-9.9,-99,-999,南投縣,13,仁愛鄉,122
24.0239,121.1241,仁愛,C0I390,2017-02-07T06:00:00+08:00,1184.0,98.0,1.7,8.8,0.87,887.4,-99.0,0.0,-9.9,-99,-999,南投縣,13,仁愛鄉,122
24.0239,121.1241,仁愛,C0I390,2017-02-07T07:00:00+08:00,1184.0,94.0,1.6,9.0,0.83,887.9,-99.0,0.0,-9.9,-99,-999,南投縣,13,仁愛鄉,122
24.0239,121.1241,仁愛,C0I390,2017-02-07T08:00:00+08:00,1184.0,94.0,2.1,10.7,0.75,888.0,-99.0,0.0,-9.9,-99,-999,南投縣,13,仁愛鄉,122
24.0239,121.1241,仁愛,C0I390,2017-02-07T10:00:00+08:00,1184.0,245.0,1.3,15.4,0.59,888.2,-99.0,0.0,-9.9,-99,-999,南投縣,13,仁愛鄉,122
24.0239,121.1241,仁愛,C0I390,2017-02-07T11:00:00+08:00,1184.0,248.0,1.9,17.7,0.51,887.1,-99.0,0.0,-9.9,-99,-999,南投縣,13,仁愛鄉,122
24.0239,121.1241,仁愛,C0I390,2017-02-07T12:00:00+08:00,1184.0,264.0,2.1,18.0,0.65,886.4,-99.0,0.0,-9.9,-99,-999,南投縣,13,仁愛鄉,122
24.0239,121.1241,仁愛,C0I390,2017-02-07T13:00:00+08:00,1184.0,254.0,1.8,18.6,0.65,885.8,-99.0,0.0,-9.9,-99,-999,南投縣,13,仁愛鄉,122
24.0239,121.1241,仁愛,C0I390,2017-02-07T14:00:00+08:00,1184.0,242.0,1.8,19.2,0.63,885.5,-99.0,0.0,-9.9,-99,-999,南投縣,13,仁愛鄉,122
24.0239,121.1241,仁愛,C0I390,2017-02-07T15:00:00+08:00,1184.0,259.0,2.0,18.3,0.66,885.1,-99.0,0.0,-9.9,-99,-999,南投縣,13,仁愛鄉,122
24.0239,121.1241,仁愛,C0I390,2017-02-07T16:00:00+08:00,1184.0,268.0,3.6,16.2,0.76,885.7,-99.0,0.0,-9.9,-99,-999,南投縣,13,仁愛鄉,122
24.0239,121.1241,仁愛,C0I390,2017-02-07T17:00:00+08:00,1184.0,262.0,1.7,15.4,0.79,886.1,-99.0,0.0,-9.9,-99,-999,南投縣,13,仁愛鄉,122
24.0239,121.1241,仁愛,C0I390,2017-02-07T18:00:00+08:00,1184.0,266.0,1.5,13.9,0.86,886.4,-99.0,0.0,-9.9,-99,-999,南投縣,13,仁愛鄉,122
24.0239,121.1241,仁愛,C0I390,2017-02-07T19:00:00+08:00,1184.0,0.0,0.0,14.4,0.84,886.8,-99.0,0.0,-9.9,-99,-999,南投縣,13,仁愛鄉,122
24.0239,121.1241,仁愛,C0I390,2017-02-07T20:00:00+08:00,1184.0,92.0,0.8,13.3,0.86,887.1,-99.0,0.0,-9.9,-99,-999,南投縣,13,仁愛鄉,122
24.0239,121.1241,仁愛,C0I390,2017-02-07T21:00:00+08:00,1184.0,96.0,1.5,12.6,0.87,887.1,-99.0,0.0,-9.9,-99,-999,南投縣,13,仁愛鄉,122
24.0239,121.1241,仁愛,C0I390,2017-02-07T22:00:00+08:00,1184.0,99.0,1.6,11.7,0.85,886.9,-99.0,0.0,-9.9,-99,-999,南投縣,13,仁愛鄉,122
24.0239,121.1241,仁愛,C0I390,2017-02-07T23:00:00+08:00,1184.0,94.0,1.8,11.2,0.79,886.6,-99.0,0.0,-9.9,-99,-999,南投縣,13,仁愛鄉,122
24.0239,121.1241,仁愛,C0I390,2017-02-08T00:00:00+08:00,1184.0,86.0,0.5,11.3,0.70,886.4,-99.0,0.0,-9.9,-99,-999,南投縣,13,仁愛鄉,122
24.0239,121.1241,仁愛,C0I390,2017-02-08T01:00:00+08:00,1184.0,108.0,0.7,10.2,0.77,886.4,-99.0,0.0,-9.9,-99,-999,南投縣,13,仁愛鄉,122
24.0239,121.1241,仁愛,C0I390,2017-02-08T02:00:00+08:00,1184.0,5.0,0.4,10.8,0.76,886.6,-99.0,0.0,-9.9,-99,-999,南投縣,13,仁愛鄉,122
24.0239,121.1241,仁愛,C0I390,2017-02-08T03:00:00+08:00,1184.0,101.0,1.6,8.8,0.82,886.1,-99.0,0.0,-9.9,-99,-999,南投縣,13,仁愛鄉,122
24.0239,121.1241,仁愛,C0I390,2017-02-08T04:00:00+08:00,1184.0,99.0,2.2,8.4,0.81,885.3,-99.0,0.0,-9.9,-99,-999,南投縣,13,仁愛鄉,122
24.0239,121.1241,仁愛,C0I390,2017-02-08T05:00:00+08:00,1184.0,105.0,0.6,8.7,0.79,885.7,-99.0,0.0,-9.9,-99,-999,南投縣,13,仁愛鄉,122
24.0239,121.1241,仁愛,C0I390,2017-02-08T06:00:00+08:00,1184.0,101.0,0.8,8.9,0.79,886.6,-99.0,0.0,-9.9,-99,-999,南投縣,13,仁愛鄉,122
24.0239,121.1241,仁愛,C0I390,2017-02-08T07:00:00+08:00,1184.0,91.0,1.8,8.5,0.81,886.8,-99.0,0.0,-9.9,-99,-999,南投縣,13,仁愛鄉,122
24.0239,121.1241,仁愛,C0I390,2017-02-08T08:00:00+08:00,1184.0,101.0,1.7,10.2,0.75,886.6,-99.0,0.0,-9.9,-99,-999,南投縣,13,仁愛鄉,122
24.0239,121.1241,仁愛,C0I390,2017-02-08T10:00:00+08:00,1184.0,260.0,2.0,13.6,0.75,887.0,-99.0,0.0,-9.9,-99,-999,南投縣,13,仁愛鄉,122
24.0239,121.1241,仁愛,C0I390,2017-02-08T11:00:00+08:00,1184.0,265.0,1.4,15.8,0.64,886.1,-99.0,0.0,-9.9,-99,-999,南投縣,13,仁愛鄉,122
24.0239,121.1241,仁愛,C0I390,2017-02-08T12:00:00+08:00,1184.0,249.0,3.1,13.3,0.84,886.9,-99.0,0.0,-9.9,-99,-999,南投縣,13,仁愛鄉,122
24.0239,121.1241,仁愛,C0I390,2017-02-08T13:00:00+08:00,1184.0,252.0,2.0,13.7,0.76,886.7,-99.0,0.0,-9.9,-99,-999,南投縣,13,仁愛鄉,122
24.0239,121.1241,仁愛,C0I390,2017-02-08T14:00:00+08:00,1184.0,247.0,1.1,13.7,0.78,886.4,-99.0,0.0,-9.9,-99,-999,南投縣,13,仁愛鄉,122
24.0239,121.1241,仁愛,C0I390,2017-02-08T15:00:00+08:00,1184.0,268.0,1.1,13.6,0.80,886.1,-99.0,0.0,-9.9,-99,-999,南投縣,13,仁愛鄉,122
24.0239,121.1241,仁愛,C0I390,2017-02-08T16:00:00+08:00,1184.0,270.0,1.1,13.0,0.76,886.0,-99.0,0.0,-9.9,-99,-999,南投縣,13,仁愛鄉,122
24.0239,121.1241,仁愛,C0I390,2017-02-08T17:00:00+08:00,1184.0,263.0,1.0,13.1,0.74,886.1,-99.0,0.0,-9.9,-99,-999,南投縣,13,仁愛鄉,122
24.0239,121.1241,仁愛,C0I390,2017-02-08T18:00:00+08:00,1184.0,294.0,0.5,12.6,0.81,886.0,-99.0,0.0,-9.9,-99,-999,南投縣,13,仁愛鄉,122
24.0239,121.1241,仁愛,C0I390,2017-02-08T19:00:00+08:00,1184.0,343.0,0.4,12.6,0.84,886.4,-99.0,0.0,-9.9,-99,-999,南投縣,13,仁愛鄉,122
24.0239,121.1241,仁愛,C0I390,2017-02-08T20:00:00+08:00,1184.0,0.0,0.0,13.0,0.79,886.5,-99.0,0.0,-9.9,-99,-999,南投縣,13,仁愛鄉,122
24.0239,121.1241,仁愛,C0I390,2017-02-08T21:00:00+08:00,1184.0,0.0,0.0,12.7,0.84,886.9,-99.0,0.0,-9.9,-99,-999,南投縣,13,仁愛鄉,122
24.0239,121.1241,仁愛,C0I390,2017-02-08T22:00:00+08:00,1184.0,68.0,0.6,12.0,0.90,886.9,-99.0,0.0,-9.9,-99,-999,南投縣,13,仁愛鄉,122
24.0239,121.1241,仁愛,C0I390,2017-02-08T23:00:00+08:00,1184.0,98.0,1.0,11.8,0.93,887.1,-99.0,0.0,-9.9,-99,-999,南投縣,13,仁愛鄉,122
24.0239,121.1241,仁愛,C0I390,2017-02-09T00:00:00+08:00,1184.0,68.0,0.7,12.1,0.87,886.5,-99.0,0.0,-9.9,-99,-999,南投縣,13,仁愛鄉,122
24.0239,121.1241,仁愛,C0I390,2017-02-09T01:00:00+08:00,1184.0,238.0,0.3,11.4,0.93,886.7,-99.0,0.0,-9.9,-99,-999,南投縣,13,仁愛鄉,122
24.0239,121.1241,仁愛,C0I390,2017-02-09T02:00:00+08:00,1184.0,6.0,0.5,11.2,0.93,886.0,-99.0,0.0,-9.9,-99,-999,南投縣,13,仁愛鄉,122
24.0239,121.1241,仁愛,C0I390,2017-02-09T03:00:00+08:00,1184.0,109.0,0.9,11.3,0.91,885.4,-99.0,0.0,-9.9,-99,-999,南投縣,13,仁愛鄉,122
24.0239,121.1241,仁愛,C0I390,2017-02-09T04:00:00+08:00,1184.0,93.0,0.4,11.0,0.93,884.8,-99.0,0.0,-9.9,-99,-999,南投縣,13,仁愛鄉,122
24.0239,121.1241,仁愛,C0I390,2017-02-09T05:00:00+08:00,1184.0,257.0,1.7,9.5,0.97,885.2,-99.0,0.0,-9.9,-99,-999,南投縣,13,仁愛鄉,122
24.0239,121.1241,仁愛,C0I390,2017-02-09T06:00:00+08:00,1184.0,326.0,0.5,10.2,0.99,886.0,-99.0,0.0,-9.9,-99,-999,南投縣,13,仁愛鄉,122
24.0239,121.1241,仁愛,C0I390,2017-02-09T07:00:00+08:00,1184.0,0.0,0.0,10.0,0.95,886.6,-99.0,0.0,-9.9,-99,-999,南投縣,13,仁愛鄉,122
24.0239,121.1241,仁愛,C0I390,2017-02-09T08:00:00+08:00,1184.0,0.0,0.0,10.8,0.91,886.7,-99.0,0.0,-9.9,-99,-999,南投縣,13,仁愛鄉,122
24.0239,121.1241,仁愛,C0I390,2017-02-09T10:00:00+08:00,1184.0,247.0,1.4,13.1,0.78,886.5,-99.0,0.0,-9.9,-99,-999,南投縣,13,仁愛鄉,122
24.0239,121.1241,仁愛,C0I390,2017-02-09T11:00:00+08:00,1184.0,269.0,1.5,14.7,0.70,886.2,-99.0,0.0,-9.9,-99,-999,南投縣,13,仁愛鄉,122
24.0239,121.1241,仁愛,C0I390,2017-02-09T12:00:00+08:00,1184.0,258.0,2.2,13.8,0.76,885.4,-99.0,0.0,-9.9,-99,-999,南投縣,13,仁愛鄉,122
24.0239,121.1241,仁愛,C0I390,2017-02-09T13:00:00+08:00,1184.0,255.0,1.8,14.3,0.74,884.4,-99.0,0.0,-9.9,-99,-999,南投縣,13,仁愛鄉,122
24.0239,121.1241,仁愛,C0I390,2017-02-09T14:00:00+08:00,1184.0,253.0,1.3,16.8,0.60,883.2,-99.0,0.0,-9.9,-99,-999,南投縣,13,仁愛鄉,122
24.0239,121.1241,仁愛,C0I390,2017-02-09T15:00:00+08:00,1184.0,263.0,1.0,16.2,0.66,883.6,-99.0,0.0,-9.9,-99,-999,南投縣,13,仁愛鄉,122
24.0239,121.1241,仁愛,C0I390,2017-02-09T16:00:00+08:00,1184.0,256.0,1.6,11.7,0.83,884.6,-99.0,0.0,-9.9,-99,-999,南投縣,13,仁愛鄉,122
24.0239,121.1241,仁愛,C0I390,2017-02-09T17:00:00+08:00,1184.0,265.0,1.9,9.2,0.94,885.1,-99.0,0.0,-9.9,-99,-999,南投縣,13,仁愛鄉,122
24.0239,121.1241,仁愛,C0I390,2017-02-09T18:00:00+08:00,1184.0,279.0,2.0,8.9,0.95,885.3,-99.0,0.0,-9.9,-99,-999,南投縣,13,仁愛鄉,122
24.0239,121.1241,仁愛,C0I390,2017-02-09T19:00:00+08:00,1184.0,253.0,1.9,8.7,0.97,885.7,-99.0,0.0,-9.9,-99,-999,南投縣,13,仁愛鄉,122
24.0239,121.1241,仁愛,C0I390,2017-02-09T20:00:00+08:00,1184.0,304.0,0.7,9.0,0.96,886.2,-99.0,0.0,-9.9,-99,-999,南投縣,13,仁愛鄉,122
24.0239,121.1241,仁愛,C0I390,2017-02-09T21:00:00+08:00,1184.0,106.0,0.3,11.5,0.83,886.3,-99.0,0.0,-9.9,-99,-999,南投縣,13,仁愛鄉,122
24.0239,121.1241,仁愛,C0I390,2017-02-09T22:00:00+08:00,1184.0,257.0,1.6,8.9,0.96,886.3,-99.0,0.0,-9.9,-99,-999,南投縣,13,仁愛鄉,122
24.0239,121.1241,仁愛,C0I390,2017-02-09T23:00:00+08:00,1184.0,266.0,2.5,7.8,0.99,886.5,-99.0,0.0,-9.9,-99,-999,南投縣,13,仁愛鄉,122
24.0239,121.1241,仁愛,C0I390,2017-02-10T00:00:00+08:00,1184.0,289.0,0.7,8.4,0.97,886.3,-99.0,0.0,-9.9,-99,-999,南投縣,13,仁愛鄉,122
24.0239,121.1241,仁愛,C0I390,2017-02-10T01:00:00+08:00,1184.0,270.0,1.2,8.1,0.98,886.3,-99.0,0.0,-9.9,-99,-999,南投縣,13,仁愛鄉,122
24.0239,121.1241,仁愛,C0I390,2017-02-10T02:00:00+08:00,1184.0,269.0,1.2,7.9,0.99,886.5,-99.0,0.0,-9.9,-99,-999,南投縣,13,仁愛鄉,122
24.0239,121.1241,仁愛,C0I390,2017-02-10T03:00:00+08:00,1184.0,350.0,0.4,8.7,0.99,886.3,-99.0,0.0,-9.9,-99,-999,南投縣,13,仁愛鄉,122
24.0239,121.1241,仁愛,C0I390,2017-02-10T04:00:00+08:00,1184.0,247.0,0.3,8.5,0.99,886.3,-99.0,1.0,-9.9,-99,-999,南投縣,13,仁愛鄉,122
24.0239,121.1241,仁愛,C0I390,2017-02-10T05:00:00+08:00,1184.0,52.0,0.3,9.2,0.99,886.2,-99.0,1.0,-9.9,-99,-999,南投縣,13,仁愛鄉,122
24.0239,121.1241,仁愛,C0I390,2017-02-10T06:00:00+08:00,1184.0,301.0,0.5,9.2,0.96,886.7,-99.0,1.5,-9.9,-99,-999,南投縣,13,仁愛鄉,122
24.0239,121.1241,仁愛,C0I390,2017-02-10T07:00:00+08:00,1184.0,264.0,0.6,8.8,0.98,887.1,-99.0,1.5,-9.9,-99,-999,南投縣,13,仁愛鄉,122
24.0239,121.1241,仁愛,C0I390,2017-02-10T08:00:00+08:00,1184.0,246.0,0.5,8.8,0.99,887.7,-99.0,1.5,-9.9,-99,-999,南投縣,13,仁愛鄉,122
24.0239,121.1241,仁愛,C0I390,2017-02-10T09:00:00+08:00,1184.0,266.0,1.5,10.0,0.95,888.2,-99.0,1.5,-9.9,-99,-999,南投縣,13,仁愛鄉,122
24.0239,121.1241,仁愛,C0I390,2017-02-10T10:00:00+08:00,1184.0,258.0,1.7,10.0,0.94,888.5,-99.0,1.5,-9.9,-99,-999,南投縣,13,仁愛鄉,122
24.0239,121.1241,仁愛,C0I390,2017-02-10T11:00:00+08:00,1184.0,255.0,2.0,11.2,0.85,888.4,-99.0,1.5,-9.9,-99,-999,南投縣,13,仁愛鄉,122
24.0239,121.1241,仁愛,C0I390,2017-02-10T12:00:00+08:00,1184.0,251.0,2.2,11.0,0.81,888.0,-99.0,1.5,-9.9,-99,-999,南投縣,13,仁愛鄉,122
24.0239,121.1241,仁愛,C0I390,2017-02-10T13:00:00+08:00,1184.0,253.0,1.4,11.7,0.77,887.2,-99.0,1.5,-9.9,-99,-999,南投縣,13,仁愛鄉,122
24.0239,121.1241,仁愛,C0I390,2017-02-10T14:00:00+08:00,1184.0,261.0,2.2,11.0,0.80,886.5,-99.0,1.5,-9.9,-99,-999,南投縣,13,仁愛鄉,122
24.0239,121.1241,仁愛,C0I390,2017-02-10T15:00:00+08:00,1184.0,271.0,1.4,10.4,0.85,886.6,-99.0,1.5,-9.9,-99,-999,南投縣,13,仁愛鄉,122
24.0239,121.1241,仁愛,C0I390,2017-02-10T16:00:00+08:00,1184.0,267.0,1.3,9.3,0.88,887.2,-99.0,1.5,-9.9,-99,-999,南投縣,13,仁愛鄉,122
24.0239,121.1241,仁愛,C0I390,2017-02-10T17:00:00+08:00,1184.0,269.0,2.4,8.2,0.92,887.9,-99.0,1.5,-9.9,-99,-999,南投縣,13,仁愛鄉,122
24.0239,121.1241,仁愛,C0I390,2017-02-10T18:00:00+08:00,1184.0,263.0,2.2,7.9,0.91,888.3,-99.0,1.5,-9.9,-99,-999,南投縣,13,仁愛鄉,122
24.0239,121.1241,仁愛,C0I390,2017-02-10T19:00:00+08:00,1184.0,263.0,0.8,7.9,0.91,888.7,-99.0,1.5,-9.9,-99,-999,南投縣,13,仁愛鄉,122
24.0239,121.1241,仁愛,C0I390,2017-02-10T20:00:00+08:00,1184.0,270.0,0.5,8.2,0.91,888.9,-99.0,1.5,-9.9,-99,-999,南投縣,13,仁愛鄉,122
24.0239,121.1241,仁愛,C0I390,2017-02-10T21:00:00+08:00,1184.0,264.0,1.7,7.4,0.94,889.3,-99.0,1.5,-9.9,-99,-999,南投縣,13,仁愛鄉,122
24.0239,121.1241,仁愛,C0I390,2017-02-10T22:00:00+08:00,1184.0,268.0,1.6,7.4,0.94,889.7,-99.0,1.5,-9.9,-99,-999,南投縣,13,仁愛鄉,122
24.0239,121.1241,仁愛,C0I390,2017-02-10T23:00:00+08:00,1184.0,278.0,1.0,7.4,0.94,890.0,-99.0,1.5,-9.9,-99,-999,南投縣,13,仁愛鄉,122
24.0239,121.1241,仁愛,C0I390,2017-02-11T00:00:00+08:00,1184.0,261.0,1.6,7.3,0.94,889.9,-99.0,1.5,-9.9,-99,-999,南投縣,13,仁愛鄉,122
24.0239,121.1241,仁愛,C0I390,2017-02-11T01:00:00+08:00,1184.0,256.0,0.9,7.5,0.93,889.7,-99.0,0.0,-9.9,-99,-999,南投縣,13,仁愛鄉,122
24.0239,121.1241,仁愛,C0I390,2017-02-11T02:00:00+08:00,1184.0,227.0,0.8,7.5,0.93,889.4,-99.0,0.0,-9.9,-99,-999,南投縣,13,仁愛鄉,122
24.0239,121.1241,仁愛,C0I390,2017-02-11T03:00:00+08:00,1184.0,0.0,0.0,7.5,0.96,889.5,-99.0,0.0,-9.9,-99,-999,南投縣,13,仁愛鄉,122
24.0239,121.1241,仁愛,C0I390,2017-02-11T04:00:00+08:00,1184.0,0.0,0.0,7.4,0.97,889.3,-99.0,0.5,-9.9,-99,-999,南投縣,13,仁愛鄉,122
24.0239,121.1241,仁愛,C0I390,2017-02-11T05:00:00+08:00,1184.0,0.0,0.0,7.8,0.97,889.4,-99.0,1.0,-9.9,-99,-999,南投縣,13,仁愛鄉,122
24.0239,121.1241,仁愛,C0I390,2017-02-11T06:00:00+08:00,1184.0,259.0,0.8,7.4,0.99,890.0,-99.0,2.5,-9.9,-99,-999,南投縣,13,仁愛鄉,122
24.0239,121.1241,仁愛,C0I390,2017-02-11T07:00:00+08:00,1184.0,24.0,0.6,7.7,0.99,890.8,-99.0,4.5,-9.9,-99,-999,南投縣,13,仁愛鄉,122
24.0239,121.1241,仁愛,C0I390,2017-02-11T08:00:00+08:00,1184.0,91.0,0.7,8.0,0.97,891.8,-99.0,4.5,-9.9,-99,-999,南投縣,13,仁愛鄉,122
24.0239,121.1241,仁愛,C0I390,2017-02-11T09:00:00+08:00,1184.0,94.0,1.2,7.8,0.93,892.7,-99.0,5.0,-9.9,-99,-999,南投縣,13,仁愛鄉,122
24.0239,121.1241,仁愛,C0I390,2017-02-11T10:00:00+08:00,1184.0,0.0,0.2,8.1,0.94,893.0,-99.0,5.0,-9.9,-99,-999,南投縣,13,仁愛鄉,122
24.0239,121.1241,仁愛,C0I390,2017-02-11T11:00:00+08:00,1184.0,211.0,0.6,7.6,0.85,892.8,-99.0,5.0,-9.9,-99,-999,南投縣,13,仁愛鄉,122
24.0239,121.1241,仁愛,C0I390,2017-02-11T12:00:00+08:00,1184.0,59.0,0.7,8.2,0.84,892.3,-99.0,5.0,-9.9,-99,-999,南投縣,13,仁愛鄉,122
24.0239,121.1241,仁愛,C0I390,2017-02-11T13:00:00+08:00,1184.0,0.0,0.0,8.4,0.83,891.7,-99.0,5.0,-9.9,-99,-999,南投縣,13,仁愛鄉,122
24.0239,121.1241,仁愛,C0I390,2017-02-11T14:00:00+08:00,1184.0,122.0,0.6,7.7,0.84,891.1,-99.0,5.0,-9.9,-99,-999,南投縣,13,仁愛鄉,122
24.0239,121.1241,仁愛,C0I390,2017-02-11T15:00:00+08:00,1184.0,89.0,0.6,7.9,0.93,890.9,-99.0,5.0,-9.9,-99,-999,南投縣,13,仁愛鄉,122
24.0239,121.1241,仁愛,C0I390,2017-02-11T16:00:00+08:00,1184.0,0.0,0.2,8.4,0.86,891.1,-99.0,5.0,-9.9,-99,-999,南投縣,13,仁愛鄉,122
24.0239,121.1241,仁愛,C0I390,2017-02-11T17:00:00+08:00,1184.0,0.0,0.0,8.1,0.92,891.4,-99.0,5.0,-9.9,-99,-999,南投縣,13,仁愛鄉,122
24.0239,121.1241,仁愛,C0I390,2017-02-11T18:00:00+08:00,1184.0,0.0,0.2,7.9,0.94,891.7,-99.0,5.0,-9.9,-99,-999,南投縣,13,仁愛鄉,122
24.0239,121.1241,仁愛,C0I390,2017-02-11T19:00:00+08:00,1184.0,106.0,1.3,7.5,0.95,891.9,-99.0,5.0,-9.9,-99,-999,南投縣,13,仁愛鄉,122
24.0239,121.1241,仁愛,C0I390,2017-02-11T20:00:00+08:00,1184.0,114.0,1.1,7.6,0.86,892.4,-99.0,5.0,-9.9,-99,-999,南投縣,13,仁愛鄉,122
24.0239,121.1241,仁愛,C0I390,2017-02-11T21:00:00+08:00,1184.0,103.0,1.2,7.1,0.81,892.5,-99.0,5.0,-9.9,-99,-999,南投縣,13,仁愛鄉,122
24.0239,121.1241,仁愛,C0I390,2017-02-11T22:00:00+08:00,1184.0,106.0,1.6,7.0,0.80,892.7,-99.0,5.0,-9.9,-99,-999,南投縣,13,仁愛鄉,122
24.0239,121.1241,仁愛,C0I390,2017-02-11T23:00:00+08:00,1184.0,100.0,1.2,6.8,0.81,893.0,-99.0,5.0,-9.9,-99,-999,南投縣,13,仁愛鄉,122
24.0239,121.1241,仁愛,C0I390,2017-02-12T00:00:00+08:00,1184.0,95.0,0.8,6.5,0.81,892.9,-99.0,5.0,-9.9,-99,-999,南投縣,13,仁愛鄉,122
24.0239,121.1241,仁愛,C0I390,2017-02-12T01:00:00+08:00,1184.0,99.0,1.7,6.7,0.76,892.7,-99.0,0.0,-9.9,-99,-999,南投縣,13,仁愛鄉,122
24.0239,121.1241,仁愛,C0I390,2017-02-12T02:00:00+08:00,1184.0,96.0,1.7,6.5,0.81,892.4,-99.0,0.0,-9.9,-99,-999,南投縣,13,仁愛鄉,122
24.0239,121.1241,仁愛,C0I390,2017-02-12T03:00:00+08:00,1184.0,85.0,0.8,6.7,0.78,892.2,-99.0,0.0,-9.9,-99,-999,南投縣,13,仁愛鄉,122
24.0239,121.1241,仁愛,C0I390,2017-02-12T04:00:00+08:00,1184.0,100.0,1.1,6.8,0.80,892.1,-99.0,0.0,-9.9,-99,-999,南投縣,13,仁愛鄉,122
24.0239,121.1241,仁愛,C0I390,2017-02-12T05:00:00+08:00,1184.0,92.0,1.0,6.7,0.83,892.3,-99.0,0.0,-9.9,-99,-999,南投縣,13,仁愛鄉,122
24.0239,121.1241,仁愛,C0I390,2017-02-12T06:00:00+08:00,1184.0,96.0,1.5,6.8,0.85,892.8,-99.0,0.0,-9.9,-99,-999,南投縣,13,仁愛鄉,122
24.0239,121.1241,仁愛,C0I390,2017-02-12T07:00:00+08:00,1184.0,98.0,1.1,7.0,0.85,893.1,-99.0,0.0,-9.9,-99,-999,南投縣,13,仁愛鄉,122
24.0239,121.1241,仁愛,C0I390,2017-02-12T08:00:00+08:00,1184.0,96.0,1.0,7.4,0.85,893.6,-99.0,0.0,-9.9,-99,-999,南投縣,13,仁愛鄉,122
24.0239,121.1241,仁愛,C0I390,2017-02-12T10:00:00+08:00,1184.0,85.0,1.3,8.4,0.82,894.2,-99.0,0.0,-9.9,-99,-999,南投縣,13,仁愛鄉,122
24.0239,121.1241,仁愛,C0I390,2017-02-12T11:00:00+08:00,1184.0,90.0,0.7,9.2,0.77,894.0,-99.0,0.0,-9.9,-99,-999,南投縣,13,仁愛鄉,122
24.0239,121.1241,仁愛,C0I390,2017-02-12T12:00:00+08:00,1184.0,94.0,1.3,9.7,0.76,893.5,-99.0,0.0,-9.9,-99,-999,南投縣,13,仁愛鄉,122
24.0239,121.1241,仁愛,C0I390,2017-02-12T13:00:00+08:00,1184.0,105.0,0.7,9.9,0.75,892.9,-99.0,0.0,-9.9,-99,-999,南投縣,13,仁愛鄉,122
24.0239,121.1241,仁愛,C0I390,2017-02-12T14:00:00+08:00,1184.0,73.0,0.3,9.8,0.76,892.3,-99.0,0.0,-9.9,-99,-999,南投縣,13,仁愛鄉,122
24.0239,121.1241,仁愛,C0I390,2017-02-12T15:00:00+08:00,1184.0,0.0,0.0,10.4,0.74,892.0,-99.0,0.0,-9.9,-99,-999,南投縣,13,仁愛鄉,122
24.0239,121.1241,仁愛,C0I390,2017-02-12T16:00:00+08:00,1184.0,0.0,0.0,10.0,0.75,892.1,-99.0,0.0,-9.9,-99,-999,南投縣,13,仁愛鄉,122
24.0239,121.1241,仁愛,C0I390,2017-02-12T17:00:00+08:00,1184.0,100.0,0.6,9.6,0.80,892.4,-99.0,0.0,-9.9,-99,-999,南投縣,13,仁愛鄉,122
24.0239,121.1241,仁愛,C0I390,2017-02-12T18:00:00+08:00,1184.0,102.0,1.3,9.3,0.81,892.5,-99.0,0.0,-9.9,-99,-999,南投縣,13,仁愛鄉,122
24.0239,121.1241,仁愛,C0I390,2017-02-12T19:00:00+08:00,1184.0,42.0,0.4,9.2,0.79,892.9,-99.0,0.0,-9.9,-99,-999,南投縣,13,仁愛鄉,122
24.0239,121.1241,仁愛,C0I390,2017-02-12T20:00:00+08:00,1184.0,96.0,0.9,8.7,0.83,893.3,-99.0,0.0,-9.9,-99,-999,南投縣,13,仁愛鄉,122
24.0239,121.1241,仁愛,C0I390,2017-02-12T21:00:00+08:00,1184.0,90.0,0.6,8.7,0.84,893.7,-99.0,0.0,-9.9,-99,-999,南投縣,13,仁愛鄉,122
24.0239,121.1241,仁愛,C0I390,2017-02-12T22:00:00+08:00,1184.0,87.0,1.1,8.6,0.87,893.8,-99.0,0.0,-9.9,-99,-999,南投縣,13,仁愛鄉,122
24.0239,121.1241,仁愛,C0I390,2017-02-12T23:00:00+08:00,1184.0,98.0,1.2,8.5,0.89,893.8,-99.0,0.0,-9.9,-99,-999,南投縣,13,仁愛鄉,122
24.0239,121.1241,仁愛,C0I390,2017-02-13T00:00:00+08:00,1184.0,90.0,1.1,8.5,0.89,893.7,-99.0,0.0,-9.9,-99,-999,南投縣,13,仁愛鄉,122
24.0239,121.1241,仁愛,C0I390,2017-02-13T01:00:00+08:00,1184.0,103.0,1.0,8.7,0.92,893.8,-99.0,0.0,-9.9,-99,-999,南投縣,13,仁愛鄉,122
24.0239,121.1241,仁愛,C0I390,2017-02-13T02:00:00+08:00,1184.0,107.0,0.6,8.7,0.90,893.6,-99.0,0.0,-9.9,-99,-999,南投縣,13,仁愛鄉,122
24.0239,121.1241,仁愛,C0I390,2017-02-13T03:00:00+08:00,1184.0,99.0,1.3,8.4,0.93,893.3,-99.0,0.0,-9.9,-99,-999,南投縣,13,仁愛鄉,122
24.0239,121.1241,仁愛,C0I390,2017-02-13T04:00:00+08:00,1184.0,100.0,1.3,8.5,0.93,893.3,-99.0,0.0,-9.9,-99,-999,南投縣,13,仁愛鄉,122
24.0239,121.1241,仁愛,C0I390,2017-02-13T05:00:00+08:00,1184.0,100.0,0.8,8.5,0.93,893.7,-99.0,0.0,-9.9,-99,-999,南投縣,13,仁愛鄉,122
24.0239,121.1241,仁愛,C0I390,2017-02-13T06:00:00+08:00,1184.0,92.0,0.9,8.2,0.93,894.2,-99.0,0.0,-9.9,-99,-999,南投縣,13,仁愛鄉,122
24.0239,121.1241,仁愛,C0I390,2017-02-13T07:00:00+08:00,1184.0,105.0,1.8,8.0,0.95,894.7,-99.0,0.0,-9.9,-99,-999,南投縣,13,仁愛鄉,122
24.0239,121.1241,仁愛,C0I390,2017-02-13T08:00:00+08:00,1184.0,100.0,1.5,9.0,0.93,895.2,-99.0,0.0,-9.9,-99,-999,南投縣,13,仁愛鄉,122
24.0239,121.1241,仁愛,C0I390,2017-02-13T10:00:00+08:00,1184.0,116.0,0.8,15.0,0.60,895.2,-99.0,0.0,-9.9,-99,-999,南投縣,13,仁愛鄉,122
24.0239,121.1241,仁愛,C0I390,2017-02-13T11:00:00+08:00,1184.0,263.0,2.3,15.1,0.52,894.8,-99.0,0.0,-9.9,-99,-999,南投縣,13,仁愛鄉,122
24.0239,121.1241,仁愛,C0I390,2017-02-13T12:00:00+08:00,1184.0,264.0,1.7,16.4,0.49,894.4,-99.0,0.0,-9.9,-99,-999,南投縣,13,仁愛鄉,122
24.0239,121.1241,仁愛,C0I390,2017-02-13T13:00:00+08:00,1184.0,244.0,1.5,15.0,0.55,893.9,-99.0,0.0,-9.9,-99,-999,南投縣,13,仁愛鄉,122
24.0239,121.1241,仁愛,C0I390,2017-02-13T14:00:00+08:00,1184.0,250.0,1.8,15.1,0.56,893.6,-99.0,0.0,-9.9,-99,-999,南投縣,13,仁愛鄉,122
24.0239,121.1241,仁愛,C0I390,2017-02-13T15:00:00+08:00,1184.0,264.0,2.5,14.7,0.58,893.5,-99.0,0.0,-9.9,-99,-999,南投縣,13,仁愛鄉,122
24.0239,121.1241,仁愛,C0I390,2017-02-13T16:00:00+08:00,1184.0,265.0,1.8,14.8,0.56,893.6,-99.0,0.0,-9.9,-99,-999,南投縣,13,仁愛鄉,122
24.0239,121.1241,仁愛,C0I390,2017-02-13T17:00:00+08:00,1184.0,272.0,2.8,14.4,0.58,894.0,-99.0,0.0,-9.9,-99,-999,南投縣,13,仁愛鄉,122
24.0239,121.1241,仁愛,C0I390,2017-02-13T18:00:00+08:00,1184.0,266.0,1.6,12.7,0.67,894.6,-99.0,0.0,-9.9,-99,-999,南投縣,13,仁愛鄉,122
24.0239,121.1241,仁愛,C0I390,2017-02-13T19:00:00+08:00,1184.0,244.0,0.5,11.9,0.73,895.0,-99.0,0.0,-9.9,-99,-999,南投縣,13,仁愛鄉,122
24.0239,121.1241,仁愛,C0I390,2017-02-13T20:00:00+08:00,1184.0,0.0,0.0,11.9,0.75,895.6,-99.0,0.0,-9.9,-99,-999,南投縣,13,仁愛鄉,122
24.0239,121.1241,仁愛,C0I390,2017-02-13T21:00:00+08:00,1184.0,99.0,1.1,11.0,0.79,896.2,-99.0,0.0,-9.9,-99,-999,南投縣,13,仁愛鄉,122
24.0239,121.1241,仁愛,C0I390,2017-02-13T22:00:00+08:00,1184.0,118.0,1.2,10.6,0.75,896.2,-99.0,0.0,-9.9,-99,-999,南投縣,13,仁愛鄉,122
24.0239,121.1241,仁愛,C0I390,2017-02-13T23:00:00+08:00,1184.0,108.0,1.8,10.3,0.70,896.7,-99.0,0.0,-9.9,-99,-999,南投縣,13,仁愛鄉,122
24.0239,121.1241,仁愛,C0I390,2017-02-14T00:00:00+08:00,1184.0,85.0,1.6,9.8,0.64,896.5,-99.0,0.0,-9.9,-99,-999,南投縣,13,仁愛鄉,122
24.0239,121.1241,仁愛,C0I390,2017-02-14T01:00:00+08:00,1184.0,97.0,1.2,9.1,0.64,896.1,-99.0,0.0,-9.9,-99,-999,南投縣,13,仁愛鄉,122
24.0239,121.1241,仁愛,C0I390,2017-02-14T02:00:00+08:00,1184.0,103.0,2.0,8.2,0.71,896.0,-99.0,0.0,-9.9,-99,-999,南投縣,13,仁愛鄉,122
24.0239,121.1241,仁愛,C0I390,2017-02-14T03:00:00+08:00,1184.0,96.0,1.8,7.2,0.75,895.9,-99.0,0.0,-9.9,-99,-999,南投縣,13,仁愛鄉,122
24.0239,121.1241,仁愛,C0I390,2017-02-14T04:00:00+08:00,1184.0,100.0,1.7,6.7,0.70,896.1,-99.0,0.0,-9.9,-99,-999,南投縣,13,仁愛鄉,122
24.0239,121.1241,仁愛,C0I390,2017-02-14T05:00:00+08:00,1184.0,105.0,2.5,5.9,0.73,896.1,-99.0,0.0,-9.9,-99,-999,南投縣,13,仁愛鄉,122
24.0239,121.1241,仁愛,C0I390,2017-02-14T06:00:00+08:00,1184.0,105.0,2.5,5.4,0.77,896.5,-99.0,0.0,-9.9,-99,-999,南投縣,13,仁愛鄉,122
24.0239,121.1241,仁愛,C0I390,2017-02-14T07:00:00+08:00,1184.0,101.0,2.2,5.4,0.73,897.2,-99.0,0.0,-9.9,-99,-999,南投縣,13,仁愛鄉,122
24.0239,121.1241,仁愛,C0I390,2017-02-14T08:00:00+08:00,1184.0,101.0,3.0,7.6,0.65,897.7,-99.0,0.0,-9.9,-99,-999,南投縣,13,仁愛鄉,122
24.0239,121.1241,仁愛,C0I390,2017-02-14T09:00:00+08:00,1184.0,102.0,1.3,10.9,0.56,897.9,-99.0,0.0,-9.9,-99,-999,南投縣,13,仁愛鄉,122
24.0239,121.1241,仁愛,C0I390,2017-02-14T10:00:00+08:00,1184.0,117.0,1.0,13.9,0.50,897.6,-99.0,0.0,-9.9,-99,-999,南投縣,13,仁愛鄉,122
24.0239,121.1241,仁愛,C0I390,2017-02-14T11:00:00+08:00,1184.0,237.0,1.3,15.1,0.43,897.3,-99.0,0.0,-9.9,-99,-999,南投縣,13,仁愛鄉,122
24.0239,121.1241,仁愛,C0I390,2017-02-14T12:00:00+08:00,1184.0,263.0,1.6,16.7,0.39,896.5,-99.0,0.0,-9.9,-99,-999,南投縣,13,仁愛鄉,122
24.0239,121.1241,仁愛,C0I390,2017-02-14T13:00:00+08:00,1184.0,264.0,2.7,16.8,0.40,895.6,-99.0,0.0,-9.9,-99,-999,南投縣,13,仁愛鄉,122
24.0239,121.1241,仁愛,C0I390,2017-02-14T14:00:00+08:00,1184.0,265.0,2.4,17.9,0.39,894.9,-99.0,0.0,-9.9,-99,-999,南投縣,13,仁愛鄉,122
24.0239,121.1241,仁愛,C0I390,2017-02-14T15:00:00+08:00,1184.0,255.0,2.2,17.1,0.45,894.8,-99.0,0.0,-9.9,-99,-999,南投縣,13,仁愛鄉,122
24.0239,121.1241,仁愛,C0I390,2017-02-14T16:00:00+08:00,1184.0,254.0,1.7,16.5,0.50,895.0,-99.0,0.0,-9.9,-99,-999,南投縣,13,仁愛鄉,122
24.0239,121.1241,仁愛,C0I390,2017-02-14T17:00:00+08:00,1184.0,251.0,1.7,14.8,0.59,895.4,-99.0,0.0,-9.9,-99,-999,南投縣,13,仁愛鄉,122
24.0239,121.1241,仁愛,C0I390,2017-02-14T18:00:00+08:00,1184.0,253.0,1.2,13.0,0.64,895.7,-99.0,0.0,-9.9,-99,-999,南投縣,13,仁愛鄉,122
24.0239,121.1241,仁愛,C0I390,2017-02-14T19:00:00+08:00,1184.0,290.0,0.8,12.2,0.68,896.2,-99.0,0.0,-9.9,-99,-999,南投縣,13,仁愛鄉,122
24.0239,121.1241,仁愛,C0I390,2017-02-14T20:00:00+08:00,1184.0,94.0,1.3,11.0,0.75,896.6,-99.0,0.0,-9.9,-99,-999,南投縣,13,仁愛鄉,122
24.0239,121.1241,仁愛,C0I390,2017-02-14T21:00:00+08:00,1184.0,102.0,1.2,10.4,0.80,897.1,-99.0,0.0,-9.9,-99,-999,南投縣,13,仁愛鄉,122
24.0239,121.1241,仁愛,C0I390,2017-02-14T22:00:00+08:00,1184.0,99.0,1.3,9.8,0.81,897.1,-99.0,0.0,-9.9,-99,-999,南投縣,13,仁愛鄉,122
24.0239,121.1241,仁愛,C0I390,2017-02-14T23:00:00+08:00,1184.0,96.0,1.7,9.6,0.80,897.2,-99.0,0.0,-9.9,-99,-999,南投縣,13,仁愛鄉,122
24.0239,121.1241,仁愛,C0I390,2017-02-15T00:00:00+08:00,1184.0,109.0,2.2,9.5,0.77,897.0,-99.0,0.0,-9.9,-99,-999,南投縣,13,仁愛鄉,122
24.0239,121.1241,仁愛,C0I390,2017-02-15T01:00:00+08:00,1184.0,98.0,1.8,8.4,0.82,896.5,-99.0,0.0,-9.9,-99,-999,南投縣,13,仁愛鄉,122
24.0239,121.1241,仁愛,C0I390,2017-02-15T02:00:00+08:00,1184.0,105.0,1.9,8.1,0.83,896.1,-99.0,0.0,-9.9,-99,-999,南投縣,13,仁愛鄉,122
24.0239,121.1241,仁愛,C0I390,2017-02-15T03:00:00+08:00,1184.0,90.0,1.0,8.1,0.79,895.8,-99.0,0.0,-9.9,-99,-999,南投縣,13,仁愛鄉,122
24.0239,121.1241,仁愛,C0I390,2017-02-15T04:00:00+08:00,1184.0,95.0,1.8,7.4,0.84,895.5,-99.0,0.0,-9.9,-99,-999,南投縣,13,仁愛鄉,122
24.0239,121.1241,仁愛,C0I390,2017-02-15T05:00:00+08:00,1184.0,99.0,2.4,7.0,0.88,895.5,-99.0,0.0,-9.9,-99,-999,南投縣,13,仁愛鄉,122
24.0239,121.1241,仁愛,C0I390,2017-02-15T06:00:00+08:00,1184.0,105.0,1.9,6.8,0.88,896.0,-99.0,0.0,-9.9,-99,-999,南投縣,13,仁愛鄉,122
24.0239,121.1241,仁愛,C0I390,2017-02-15T07:00:00+08:00,1184.0,92.0,1.4,7.0,0.78,896.5,-99.0,0.0,-9.9,-99,-999,南投縣,13,仁愛鄉,122
24.0239,121.1241,仁愛,C0I390,2017-02-15T08:00:00+08:00,1184.0,102.0,2.5,9.0,0.71,896.7,-99.0,0.0,-9.9,-99,-999,南投縣,13,仁愛鄉,122
24.0239,121.1241,仁愛,C0I390,2017-02-15T10:00:00+08:00,1184.0,114.0,1.0,14.6,0.51,896.0,-99.0,0.0,-9.9,-99,-999,南投縣,13,仁愛鄉,122
24.0239,121.1241,仁愛,C0I390,2017-02-15T11:00:00+08:00,1184.0,222.0,0.8,16.4,0.35,895.5,-99.0,0.0,-9.9,-99,-999,南投縣,13,仁愛鄉,122
24.0239,121.1241,仁愛,C0I390,2017-02-15T12:00:00+08:00,1184.0,261.0,2.3,17.8,0.33,895.0,-99.0,0.0,-9.9,-99,-999,南投縣,13,仁愛鄉,122
24.0239,121.1241,仁愛,C0I390,2017-02-15T13:00:00+08:00,1184.0,264.0,2.5,17.6,0.38,893.8,-99.0,0.0,-9.9,-99,-999,南投縣,13,仁愛鄉,122
24.0239,121.1241,仁愛,C0I390,2017-02-15T14:00:00+08:00,1184.0,259.0,2.5,17.9,0.42,893.0,-99.0,0.0,-9.9,-99,-999,南投縣,13,仁愛鄉,122
24.0239,121.1241,仁愛,C0I390,2017-02-15T15:00:00+08:00,1184.0,260.0,2.5,16.9,0.51,892.5,-99.0,0.0,-9.9,-99,-999,南投縣,13,仁愛鄉,122
24.0239,121.1241,仁愛,C0I390,2017-02-15T16:00:00+08:00,1184.0,265.0,3.1,15.3,0.61,892.6,-99.0,0.0,-9.9,-99,-999,南投縣,13,仁愛鄉,122
24.0239,121.1241,仁愛,C0I390,2017-02-15T17:00:00+08:00,1184.0,267.0,3.3,13.5,0.65,892.9,-99.0,0.0,-9.9,-99,-999,南投縣,13,仁愛鄉,122
24.0239,121.1241,仁愛,C0I390,2017-02-15T18:00:00+08:00,1184.0,258.0,2.6,12.0,0.71,893.3,-99.0,0.0,-9.9,-99,-999,南投縣,13,仁愛鄉,122
24.0239,121.1241,仁愛,C0I390,2017-02-15T19:00:00+08:00,1184.0,268.0,1.6,11.1,0.75,893.5,-99.0,0.0,-9.9,-99,-999,南投縣,13,仁愛鄉,122
24.0239,121.1241,仁愛,C0I390,2017-02-15T20:00:00+08:00,1184.0,283.0,0.4,10.5,0.79,893.7,-99.0,0.0,-9.9,-99,-999,南投縣,13,仁愛鄉,122
24.0239,121.1241,仁愛,C0I390,2017-02-15T21:00:00+08:00,1184.0,0.0,0.0,10.9,0.77,893.8,-99.0,0.0,-9.9,-99,-999,南投縣,13,仁愛鄉,122
24.0239,121.1241,仁愛,C0I390,2017-02-15T22:00:00+08:00,1184.0,87.0,0.7,10.5,0.80,894.1,-99.0,0.0,-9.9,-99,-999,南投縣,13,仁愛鄉,122
24.0239,121.1241,仁愛,C0I390,2017-02-15T23:00:00+08:00,1184.0,106.0,1.1,10.5,0.79,893.8,-99.0,0.0,-9.9,-99,-999,南投縣,13,仁愛鄉,122
24.0239,121.1241,仁愛,C0I390,2017-02-16T00:00:00+08:00,1184.0,105.0,1.3,10.4,0.75,893.3,-99.0,0.0,-9.9,-99,-999,南投縣,13,仁愛鄉,122
24.0239,121.1241,仁愛,C0I390,2017-02-16T01:00:00+08:00,1184.0,111.0,1.4,10.3,0.72,893.3,-99.0,0.0,-9.9,-99,-999,南投縣,13,仁愛鄉,122
24.0239,121.1241,仁愛,C0I390,2017-02-16T02:00:00+08:00,1184.0,109.0,1.0,10.3,0.69,892.9,-99.0,0.0,-9.9,-99,-999,南投縣,13,仁愛鄉,122
24.0239,121.1241,仁愛,C0I390,2017-02-16T03:00:00+08:00,1184.0,111.0,0.9,10.0,0.74,893.0,-99.0,0.0,-9.9,-99,-999,南投縣,13,仁愛鄉,122
24.0239,121.1241,仁愛,C0I390,2017-02-16T04:00:00+08:00,1184.0,64.0,0.6,9.7,0.68,892.3,-99.0,0.0,-9.9,-99,-999,南投縣,13,仁愛鄉,122
24.0239,121.1241,仁愛,C0I390,2017-02-16T05:00:00+08:00,1184.0,103.0,1.7,8.1,0.80,892.2,-99.0,0.0,-9.9,-99,-999,南投縣,13,仁愛鄉,122
24.0239,121.1241,仁愛,C0I390,2017-02-16T06:00:00+08:00,1184.0,87.0,1.3,7.8,0.74,892.4,-99.0,0.0,-9.9,-99,-999,南投縣,13,仁愛鄉,122
24.0239,121.1241,仁愛,C0I390,2017-02-16T07:00:00+08:00,1184.0,110.0,1.7,7.3,0.76,892.5,-99.0,0.0,-9.9,-99,-999,南投縣,13,仁愛鄉,122
24.0239,121.1241,仁愛,C0I390,2017-02-16T08:00:00+08:00,1184.0,107.0,2.5,9.2,0.68,892.5,-99.0,0.0,-9.9,-99,-999,南投縣,13,仁愛鄉,122
24.0239,121.1241,仁愛,C0I390,2017-02-16T09:00:00+08:00,1184.0,114.0,1.5,11.8,0.61,892.7,-99.0,0.0,-9.9,-99,-999,南投縣,13,仁愛鄉,122
24.0239,121.1241,仁愛,C0I390,2017-02-16T10:00:00+08:00,1184.0,103.0,0.9,15.6,0.43,892.6,-99.0,0.0,-9.9,-99,-999,南投縣,13,仁愛鄉,122
24.0239,121.1241,仁愛,C0I390,2017-02-16T11:00:00+08:00,1184.0,246.0,1.6,16.7,0.40,892.1,-99.0,0.0,-9.9,-99,-999,南投縣,13,仁愛鄉,122
24.0239,121.1241,仁愛,C0I390,2017-02-16T12:00:00+08:00,1184.0,258.0,2.0,17.1,0.40,891.6,-99.0,0.0,-9.9,-99,-999,南投縣,13,仁愛鄉,122
24.0239,121.1241,仁愛,C0I390,2017-02-16T13:00:00+08:00,1184.0,252.0,2.2,17.9,0.39,890.8,-99.0,0.0,-9.9,-99,-999,南投縣,13,仁愛鄉,122
24.0239,121.1241,仁愛,C0I390,2017-02-16T14:00:00+08:00,1184.0,265.0,2.6,18.3,0.41,890.1,-99.0,0.0,-9.9,-99,-999,南投縣,13,仁愛鄉,122
24.0239,121.1241,仁愛,C0I390,2017-02-16T15:00:00+08:00,1184.0,264.0,2.8,18.4,0.45,889.6,-99.0,0.0,-9.9,-99,-999,南投縣,13,仁愛鄉,122
24.0239,121.1241,仁愛,C0I390,2017-02-16T16:00:00+08:00,1184.0,251.0,1.6,18.0,0.47,890.1,-99.0,0.0,-9.9,-99,-999,南投縣,13,仁愛鄉,122
24.0239,121.1241,仁愛,C0I390,2017-02-16T17:00:00+08:00,1184.0,251.0,1.3,16.4,0.56,890.7,-99.0,0.0,-9.9,-99,-999,南投縣,13,仁愛鄉,122
24.0239,121.1241,仁愛,C0I390,2017-02-16T18:00:00+08:00,1184.0,250.0,1.3,14.0,0.66,891.1,-99.0,0.0,-9.9,-99,-999,南投縣,13,仁愛鄉,122
24.0239,121.1241,仁愛,C0I390,2017-02-16T19:00:00+08:00,1184.0,0.0,0.0,13.8,0.67,891.8,-99.0,0.0,-9.9,-99,-999,南投縣,13,仁愛鄉,122
24.0239,121.1241,仁愛,C0I390,2017-02-16T20:00:00+08:00,1184.0,89.0,1.0,12.2,0.75,892.0,-99.0,0.0,-9.9,-99,-999,南投縣,13,仁愛鄉,122
24.0239,121.1241,仁愛,C0I390,2017-02-16T21:00:00+08:00,1184.0,99.0,1.3,11.2,0.80,892.2,-99.0,0.0,-9.9,-99,-999,南投縣,13,仁愛鄉,122
24.0239,121.1241,仁愛,C0I390,2017-02-16T22:00:00+08:00,1184.0,99.0,2.0,10.8,0.78,892.7,-99.0,0.0,-9.9,-99,-999,南投縣,13,仁愛鄉,122
24.0239,121.1241,仁愛,C0I390,2017-02-16T23:00:00+08:00,1184.0,100.0,2.0,10.3,0.77,892.4,-99.0,0.0,-9.9,-99,-999,南投縣,13,仁愛鄉,122
24.0239,121.1241,仁愛,C0I390,2017-02-17T00:00:00+08:00,1184.0,103.0,2.0,9.3,0.80,892.4,-99.0,0.0,-9.9,-99,-999,南投縣,13,仁愛鄉,122
24.0239,121.1241,仁愛,C0I390,2017-02-17T01:00:00+08:00,1184.0,100.0,2.5,9.0,0.76,892.1,-99.0,0.0,-9.9,-99,-999,南投縣,13,仁愛鄉,122
24.0239,121.1241,仁愛,C0I390,2017-02-17T02:00:00+08:00,1184.0,102.0,2.5,8.4,0.78,891.9,-99.0,0.0,-9.9,-99,-999,南投縣,13,仁愛鄉,122
24.0239,121.1241,仁愛,C0I390,2017-02-17T03:00:00+08:00,1184.0,102.0,2.3,8.1,0.78,891.7,-99.0,0.0,-9.9,-99,-999,南投縣,13,仁愛鄉,122
24.0239,121.1241,仁愛,C0I390,2017-02-17T04:00:00+08:00,1184.0,102.0,2.5,7.6,0.81,891.5,-99.0,0.0,-9.9,-99,-999,南投縣,13,仁愛鄉,122
24.0239,121.1241,仁愛,C0I390,2017-02-17T05:00:00+08:00,1184.0,103.0,2.5,7.3,0.81,891.6,-99.0,0.0,-9.9,-99,-999,南投縣,13,仁愛鄉,122
24.0239,121.1241,仁愛,C0I390,2017-02-17T06:00:00+08:00,1184.0,95.0,2.0,6.8,0.84,892.0,-99.0,0.0,-9.9,-99,-999,南投縣,13,仁愛鄉,122
24.0239,121.1241,仁愛,C0I390,2017-02-17T07:00:00+08:00,1184.0,103.0,2.9,6.7,0.84,892.5,-99.0,0.0,-9.9,-99,-999,南投縣,13,仁愛鄉,122
24.0239,121.1241,仁愛,C0I390,2017-02-17T08:00:00+08:00,1184.0,95.0,2.6,9.0,0.71,893.0,-99.0,0.0,-9.9,-99,-999,南投縣,13,仁愛鄉,122
24.0239,121.1241,仁愛,C0I390,2017-02-17T10:00:00+08:00,1184.0,113.0,1.0,16.4,0.53,892.9,-99.0,0.0,-9.9,-99,-999,南投縣,13,仁愛鄉,122
24.0239,121.1241,仁愛,C0I390,2017-02-17T11:00:00+08:00,1184.0,256.0,1.5,17.0,0.51,892.2,-99.0,0.0,-9.9,-99,-999,南投縣,13,仁愛鄉,122
24.0239,121.1241,仁愛,C0I390,2017-02-17T12:00:00+08:00,1184.0,258.0,2.1,18.2,0.47,891.6,-99.0,0.0,-9.9,-99,-999,南投縣,13,仁愛鄉,122
24.0239,121.1241,仁愛,C0I390,2017-02-17T13:00:00+08:00,1184.0,259.0,2.4,19.2,0.45,891.0,-99.0,0.0,-9.9,-99,-999,南投縣,13,仁愛鄉,122
24.0239,121.1241,仁愛,C0I390,2017-02-17T14:00:00+08:00,1184.0,270.0,2.4,19.9,0.44,890.5,-99.0,0.0,-9.9,-99,-999,南投縣,13,仁愛鄉,122
24.0239,121.1241,仁愛,C0I390,2017-02-17T15:00:00+08:00,1184.0,264.0,2.7,19.1,0.48,890.3,-99.0,0.0,-9.9,-99,-999,南投縣,13,仁愛鄉,122
24.0239,121.1241,仁愛,C0I390,2017-02-17T16:00:00+08:00,1184.0,264.0,2.4,19.0,0.51,890.2,-99.0,0.0,-9.9,-99,-999,南投縣,13,仁愛鄉,122
24.0239,121.1241,仁愛,C0I390,2017-02-17T17:00:00+08:00,1184.0,254.0,1.8,17.2,0.58,890.6,-99.0,0.0,-9.9,-99,-999,南投縣,13,仁愛鄉,122
24.0239,121.1241,仁愛,C0I390,2017-02-17T18:00:00+08:00,1184.0,257.0,2.7,15.2,0.66,890.9,-99.0,0.0,-9.9,-99,-999,南投縣,13,仁愛鄉,122
24.0239,121.1241,仁愛,C0I390,2017-02-17T19:00:00+08:00,1184.0,278.0,0.7,14.1,0.72,891.7,-99.0,0.0,-9.9,-99,-999,南投縣,13,仁愛鄉,122
24.0239,121.1241,仁愛,C0I390,2017-02-17T20:00:00+08:00,1184.0,68.0,0.3,13.6,0.75,892.1,-99.0,0.0,-9.9,-99,-999,南投縣,13,仁愛鄉,122
24.0239,121.1241,仁愛,C0I390,2017-02-17T21:00:00+08:00,1184.0,96.0,1.0,12.1,0.82,892.5,-99.0,0.0,-9.9,-99,-999,南投縣,13,仁愛鄉,122
24.0239,121.1241,仁愛,C0I390,2017-02-17T22:00:00+08:00,1184.0,100.0,1.9,11.3,0.86,893.1,-99.0,0.0,-9.9,-99,-999,南投縣,13,仁愛鄉,122
24.0239,121.1241,仁愛,C0I390,2017-02-17T23:00:00+08:00,1184.0,101.0,1.4,11.0,0.85,893.4,-99.0,0.0,-9.9,-99,-999,南投縣,13,仁愛鄉,122
24.0239,121.1241,仁愛,C0I390,2017-02-18T00:00:00+08:00,1184.0,93.0,1.9,10.5,0.83,893.2,-99.0,0.0,-9.9,-99,-999,南投縣,13,仁愛鄉,122
24.0239,121.1241,仁愛,C0I390,2017-02-18T01:00:00+08:00,1184.0,82.0,1.3,10.7,0.81,892.9,-99.0,0.0,-9.9,-99,-999,南投縣,13,仁愛鄉,122
24.0239,121.1241,仁愛,C0I390,2017-02-18T02:00:00+08:00,1184.0,104.0,2.4,10.9,0.77,892.7,-99.0,0.0,-9.9,-99,-999,南投縣,13,仁愛鄉,122
24.0239,121.1241,仁愛,C0I390,2017-02-18T03:00:00+08:00,1184.0,88.0,1.7,10.3,0.79,892.4,-99.0,0.0,-9.9,-99,-999,南投縣,13,仁愛鄉,122
24.0239,121.1241,仁愛,C0I390,2017-02-18T04:00:00+08:00,1184.0,100.0,2.4,9.5,0.85,892.1,-99.0,0.0,-9.9,-99,-999,南投縣,13,仁愛鄉,122
24.0239,121.1241,仁愛,C0I390,2017-02-18T05:00:00+08:00,1184.0,99.0,2.0,9.1,0.84,892.2,-99.0,0.0,-9.9,-99,-999,南投縣,13,仁愛鄉,122
24.0239,121.1241,仁愛,C0I390,2017-02-18T06:00:00+08:00,1184.0,98.0,2.0,8.8,0.85,892.7,-99.0,0.0,-9.9,-99,-999,南投縣,13,仁愛鄉,122
24.0239,121.1241,仁愛,C0I390,2017-02-18T07:00:00+08:00,1184.0,99.0,2.6,8.6,0.84,893.2,-99.0,0.0,-9.9,-99,-999,南投縣,13,仁愛鄉,122
24.0239,121.1241,仁愛,C0I390,2017-02-18T08:00:00+08:00,1184.0,96.0,1.9,11.1,0.73,893.5,-99.0,0.0,-9.9,-99,-999,南投縣,13,仁愛鄉,122
24.0239,121.1241,仁愛,C0I390,2017-02-18T10:00:00+08:00,1184.0,105.0,1.3,16.9,0.53,893.3,-99.0,0.0,-9.9,-99,-999,南投縣,13,仁愛鄉,122
24.0239,121.1241,仁愛,C0I390,2017-02-18T11:00:00+08:00,1184.0,225.0,1.3,18.9,0.43,892.6,-99.0,0.0,-9.9,-99,-999,南投縣,13,仁愛鄉,122
24.0239,121.1241,仁愛,C0I390,2017-02-18T12:00:00+08:00,1184.0,254.0,1.4,20.5,0.39,891.6,-99.0,0.0,-9.9,-99,-999,南投縣,13,仁愛鄉,122
24.0239,121.1241,仁愛,C0I390,2017-02-18T13:00:00+08:00,1184.0,271.0,3.1,20.6,0.38,890.7,-99.0,0.0,-9.9,-99,-999,南投縣,13,仁愛鄉,122
24.0239,121.1241,仁愛,C0I390,2017-02-18T14:00:00+08:00,1184.0,258.0,1.9,22.1,0.30,889.8,-99.0,0.0,-9.9,-99,-999,南投縣,13,仁愛鄉,122
24.0239,121.1241,仁愛,C0I390,2017-02-18T15:00:00+08:00,1184.0,263.0,2.7,21.3,0.40,889.6,-99.0,0.0,-9.9,-99,-999,南投縣,13,仁愛鄉,122
24.0239,121.1241,仁愛,C0I390,2017-02-18T16:00:00+08:00,1184.0,272.0,2.1,20.7,0.47,890.0,-99.0,0.0,-9.9,-99,-999,南投縣,13,仁愛鄉,122
24.0239,121.1241,仁愛,C0I390,2017-02-18T17:00:00+08:00,1184.0,265.0,2.7,18.7,0.59,890.5,-99.0,0.0,-9.9,-99,-999,南投縣,13,仁愛鄉,122
24.0239,121.1241,仁愛,C0I390,2017-02-18T18:00:00+08:00,1184.0,268.0,2.4,16.4,0.71,891.2,-99.0,0.0,-9.9,-99,-999,南投縣,13,仁愛鄉,122
24.0239,121.1241,仁愛,C0I390,2017-02-18T19:00:00+08:00,1184.0,0.0,0.0,15.5,0.74,891.6,-99.0,0.0,-9.9,-99,-999,南投縣,13,仁愛鄉,122
24.0239,121.1241,仁愛,C0I390,2017-02-18T20:00:00+08:00,1184.0,83.0,0.8,14.4,0.78,891.6,-99.0,0.0,-9.9,-99,-999,南投縣,13,仁愛鄉,122
24.0239,121.1241,仁愛,C0I390,2017-02-18T21:00:00+08:00,1184.0,93.0,1.7,13.4,0.80,891.6,-99.0,0.0,-9.9,-99,-999,南投縣,13,仁愛鄉,122
24.0239,121.1241,仁愛,C0I390,2017-02-18T22:00:00+08:00,1184.0,101.0,1.8,13.3,0.71,891.7,-99.0,0.0,-9.9,-99,-999,南投縣,13,仁愛鄉,122
24.0239,121.1241,仁愛,C0I390,2017-02-18T23:00:00+08:00,1184.0,103.0,1.0,12.2,0.71,891.6,-99.0,0.0,-9.9,-99,-999,南投縣,13,仁愛鄉,122
24.0239,121.1241,仁愛,C0I390,2017-02-19T00:00:00+08:00,1184.0,100.0,2.6,11.0,0.74,891.5,-99.0,0.0,-9.9,-99,-999,南投縣,13,仁愛鄉,122
24.0239,121.1241,仁愛,C0I390,2017-02-19T01:00:00+08:00,1184.0,92.0,1.3,11.9,0.58,891.2,-99.0,0.0,-9.9,-99,-999,南投縣,13,仁愛鄉,122
24.0239,121.1241,仁愛,C0I390,2017-02-19T02:00:00+08:00,1184.0,99.0,2.2,10.4,0.68,891.0,-99.0,0.0,-9.9,-99,-999,南投縣,13,仁愛鄉,122
24.0239,121.1241,仁愛,C0I390,2017-02-19T03:00:00+08:00,1184.0,96.0,2.4,10.2,0.67,890.8,-99.0,0.0,-9.9,-99,-999,南投縣,13,仁愛鄉,122
24.0239,121.1241,仁愛,C0I390,2017-02-19T04:00:00+08:00,1184.0,102.0,2.1,9.9,0.65,890.5,-99.0,0.0,-9.9,-99,-999,南投縣,13,仁愛鄉,122
24.0239,121.1241,仁愛,C0I390,2017-02-19T05:00:00+08:00,1184.0,101.0,2.6,9.5,0.71,890.2,-99.0,0.0,-9.9,-99,-999,南投縣,13,仁愛鄉,122
24.0239,121.1241,仁愛,C0I390,2017-02-19T06:00:00+08:00,1184.0,98.0,2.2,9.0,0.74,890.6,-99.0,0.0,-9.9,-99,-999,南投縣,13,仁愛鄉,122
24.0239,121.1241,仁愛,C0I390,2017-02-19T07:00:00+08:00,1184.0,88.0,1.7,9.6,0.66,890.8,-99.0,0.0,-9.9,-99,-999,南投縣,13,仁愛鄉,122
24.0239,121.1241,仁愛,C0I390,2017-02-19T08:00:00+08:00,1184.0,96.0,2.2,11.0,0.66,891.2,-99.0,0.0,-9.9,-99,-999,南投縣,13,仁愛鄉,122
24.0239,121.1241,仁愛,C0I390,2017-02-19T10:00:00+08:00,1184.0,106.0,0.9,17.5,0.48,890.6,-99.0,0.0,-9.9,-99,-999,南投縣,13,仁愛鄉,122
24.0239,121.1241,仁愛,C0I390,2017-02-19T11:00:00+08:00,1184.0,243.0,1.3,19.1,0.41,889.8,-99.0,0.0,-9.9,-99,-999,南投縣,13,仁愛鄉,122
24.0239,121.1241,仁愛,C0I390,2017-02-19T12:00:00+08:00,1184.0,259.0,1.6,20.7,0.35,888.9,-99.0,0.0,-9.9,-99,-999,南投縣,13,仁愛鄉,122
24.0239,121.1241,仁愛,C0I390,2017-02-19T13:00:00+08:00,1184.0,257.0,2.6,20.7,0.40,887.7,-99.0,0.0,-9.9,-99,-999,南投縣,13,仁愛鄉,122
24.0239,121.1241,仁愛,C0I390,2017-02-19T14:00:00+08:00,1184.0,257.0,2.5,21.2,0.38,886.5,-99.0,0.0,-9.9,-99,-999,南投縣,13,仁愛鄉,122
24.0239,121.1241,仁愛,C0I390,2017-02-19T15:00:00+08:00,1184.0,266.0,1.9,21.4,0.42,886.2,-99.0,0.0,-9.9,-99,-999,南投縣,13,仁愛鄉,122
24.0239,121.1241,仁愛,C0I390,2017-02-19T16:00:00+08:00,1184.0,272.0,3.9,19.4,0.54,885.9,-99.0,0.0,-9.9,-99,-999,南投縣,13,仁愛鄉,122
24.0239,121.1241,仁愛,C0I390,2017-02-19T17:00:00+08:00,1184.0,265.0,4.3,17.1,0.71,886.4,-99.0,0.0,-9.9,-99,-999,南投縣,13,仁愛鄉,122
24.0239,121.1241,仁愛,C0I390,2017-02-19T18:00:00+08:00,1184.0,264.0,3.7,15.2,0.76,887.2,-99.0,0.0,-9.9,-99,-999,南投縣,13,仁愛鄉,122
24.0239,121.1241,仁愛,C0I390,2017-02-19T19:00:00+08:00,1184.0,248.0,1.0,14.7,0.77,887.4,-99.0,0.0,-9.9,-99,-999,南投縣,13,仁愛鄉,122
24.0239,121.1241,仁愛,C0I390,2017-02-19T20:00:00+08:00,1184.0,95.0,1.0,14.1,0.81,887.8,-99.0,0.0,-9.9,-99,-999,南投縣,13,仁愛鄉,122
24.0239,121.1241,仁愛,C0I390,2017-02-19T21:00:00+08:00,1184.0,115.0,1.4,13.2,0.86,887.5,-99.0,0.0,-9.9,-99,-999,南投縣,13,仁愛鄉,122
24.0239,121.1241,仁愛,C0I390,2017-02-19T22:00:00+08:00,1184.0,106.0,2.1,13.5,0.74,887.1,-99.0,0.0,-9.9,-99,-999,南投縣,13,仁愛鄉,122
24.0239,121.1241,仁愛,C0I390,2017-02-19T23:00:00+08:00,1184.0,339.0,0.4,13.9,0.76,887.5,-99.0,0.0,-9.9,-99,-999,南投縣,13,仁愛鄉,122
24.0239,121.1241,仁愛,C0I390,2017-02-20T00:00:00+08:00,1184.0,106.0,1.8,13.1,0.78,887.4,-99.0,0.0,-9.9,-99,-999,南投縣,13,仁愛鄉,122
24.0239,121.1241,仁愛,C0I390,2017-02-20T01:00:00+08:00,1184.0,85.0,2.4,13.6,0.61,886.6,-99.0,0.0,-9.9,-99,-999,南投縣,13,仁愛鄉,122
24.0239,121.1241,仁愛,C0I390,2017-02-20T02:00:00+08:00,1184.0,96.0,2.0,12.7,0.72,885.6,-99.0,0.0,-9.9,-99,-999,南投縣,13,仁愛鄉,122
24.0239,121.1241,仁愛,C0I390,2017-02-20T03:00:00+08:00,1184.0,255.0,0.5,13.0,0.77,886.2,-99.0,0.0,-9.9,-99,-999,南投縣,13,仁愛鄉,122
24.0239,121.1241,仁愛,C0I390,2017-02-20T04:00:00+08:00,1184.0,67.0,0.7,13.0,0.77,886.3,-99.0,0.0,-9.9,-99,-999,南投縣,13,仁愛鄉,122
24.0239,121.1241,仁愛,C0I390,2017-02-20T05:00:00+08:00,1184.0,104.0,1.4,12.7,0.79,886.6,-99.0,0.0,-9.9,-99,-999,南投縣,13,仁愛鄉,122
24.0239,121.1241,仁愛,C0I390,2017-02-20T06:00:00+08:00,1184.0,90.0,1.5,12.9,0.78,887.1,-99.0,0.0,-9.9,-99,-999,南投縣,13,仁愛鄉,122
24.0239,121.1241,仁愛,C0I390,2017-02-20T07:00:00+08:00,1184.0,93.0,1.7,13.3,0.76,887.8,-99.0,0.0,-9.9,-99,-999,南投縣,13,仁愛鄉,122
24.0239,121.1241,仁愛,C0I390,2017-02-20T08:00:00+08:00,1184.0,82.0,1.5,14.2,0.76,888.2,-99.0,0.0,-9.9,-99,-999,南投縣,13,仁愛鄉,122
24.0239,121.1241,仁愛,C0I390,2017-02-20T10:00:00+08:00,1184.0,80.0,0.9,18.9,0.64,888.3,-99.0,0.0,-9.9,-99,-999,南投縣,13,仁愛鄉,122
24.0239,121.1241,仁愛,C0I390,2017-02-20T11:00:00+08:00,1184.0,221.0,0.9,21.4,0.60,888.2,-99.0,0.0,-9.9,-99,-999,南投縣,13,仁愛鄉,122
24.0239,121.1241,仁愛,C0I390,2017-02-20T12:00:00+08:00,1184.0,267.0,1.8,21.2,0.64,887.6,-99.0,0.0,-9.9,-99,-999,南投縣,13,仁愛鄉,122
24.0239,121.1241,仁愛,C0I390,2017-02-20T13:00:00+08:00,1184.0,235.0,1.6,22.4,0.61,887.1,-99.0,0.0,-9.9,-99,-999,南投縣,13,仁愛鄉,122
24.0239,121.1241,仁愛,C0I390,2017-02-20T14:00:00+08:00,1184.0,262.0,1.9,22.3,0.60,886.5,-99.0,0.0,-9.9,-99,-999,南投縣,13,仁愛鄉,122
24.0239,121.1241,仁愛,C0I390,2017-02-20T15:00:00+08:00,1184.0,237.0,1.5,21.6,0.64,886.4,-99.0,0.0,-9.9,-99,-999,南投縣,13,仁愛鄉,122
24.0239,121.1241,仁愛,C0I390,2017-02-20T16:00:00+08:00,1184.0,256.0,1.8,21.8,0.66,886.7,-99.0,0.0,-9.9,-99,-999,南投縣,13,仁愛鄉,122
24.0239,121.1241,仁愛,C0I390,2017-02-20T17:00:00+08:00,1184.0,267.0,2.0,20.7,0.73,887.1,-99.0,0.0,-9.9,-99,-999,南投縣,13,仁愛鄉,122
24.0239,121.1241,仁愛,C0I390,2017-02-20T18:00:00+08:00,1184.0,259.0,0.9,19.2,0.82,887.8,-99.0,0.0,-9.9,-99,-999,南投縣,13,仁愛鄉,122
24.0239,121.1241,仁愛,C0I390,2017-02-20T19:00:00+08:00,1184.0,268.0,1.4,18.1,0.88,888.3,-99.0,0.0,-9.9,-99,-999,南投縣,13,仁愛鄉,122
24.0239,121.1241,仁愛,C0I390,2017-02-20T20:00:00+08:00,1184.0,0.0,0.0,18.0,0.88,889.0,-99.0,0.0,-9.9,-99,-999,南投縣,13,仁愛鄉,122
24.0239,121.1241,仁愛,C0I390,2017-02-20T21:00:00+08:00,1184.0,21.0,0.5,18.4,0.79,889.4,-99.0,0.0,-9.9,-99,-999,南投縣,13,仁愛鄉,122
24.0239,121.1241,仁愛,C0I390,2017-02-20T22:00:00+08:00,1184.0,91.0,0.9,17.5,0.85,889.8,-99.0,0.0,-9.9,-99,-999,南投縣,13,仁愛鄉,122
24.0239,121.1241,仁愛,C0I390,2017-02-20T23:00:00+08:00,1184.0,83.0,1.3,16.5,0.87,889.6,-99.0,0.0,-9.9,-99,-999,南投縣,13,仁愛鄉,122
24.0239,121.1241,仁愛,C0I390,2017-02-21T00:00:00+08:00,1184.0,98.0,2.1,15.8,0.87,889.5,-99.0,0.0,-9.9,-99,-999,南投縣,13,仁愛鄉,122
24.0239,121.1241,仁愛,C0I390,2017-02-21T01:00:00+08:00,1184.0,107.0,1.7,15.4,0.86,889.6,-99.0,0.0,-9.9,-99,-999,南投縣,13,仁愛鄉,122
24.0239,121.1241,仁愛,C0I390,2017-02-21T02:00:00+08:00,1184.0,99.0,1.7,15.1,0.86,889.5,-99.0,0.0,-9.9,-99,-999,南投縣,13,仁愛鄉,122
24.0239,121.1241,仁愛,C0I390,2017-02-21T03:00:00+08:00,1184.0,99.0,2.2,15.1,0.78,889.3,-99.0,0.0,-9.9,-99,-999,南投縣,13,仁愛鄉,122
24.0239,121.1241,仁愛,C0I390,2017-02-21T04:00:00+08:00,1184.0,105.0,2.2,14.9,0.82,889.2,-99.0,0.0,-9.9,-99,-999,南投縣,13,仁愛鄉,122
24.0239,121.1241,仁愛,C0I390,2017-02-21T05:00:00+08:00,1184.0,100.0,2.3,14.3,0.83,889.4,-99.0,0.0,-9.9,-99,-999,南投縣,13,仁愛鄉,122
24.0239,121.1241,仁愛,C0I390,2017-02-21T06:00:00+08:00,1184.0,102.0,1.9,14.5,0.86,890.0,-99.0,0.0,-9.9,-99,-999,南投縣,13,仁愛鄉,122
24.0239,121.1241,仁愛,C0I390,2017-02-21T07:00:00+08:00,1184.0,88.0,1.5,14.8,0.78,890.6,-99.0,0.0,-9.9,-99,-999,南投縣,13,仁愛鄉,122
24.0239,121.1241,仁愛,C0I390,2017-02-21T08:00:00+08:00,1184.0,107.0,2.1,16.6,0.76,891.0,-99.0,0.0,-9.9,-99,-999,南投縣,13,仁愛鄉,122
24.0239,121.1241,仁愛,C0I390,2017-02-21T09:00:00+08:00,1184.0,121.0,0.9,19.1,0.60,891.1,-99.0,0.0,-9.9,-99,-999,南投縣,13,仁愛鄉,122
24.0239,121.1241,仁愛,C0I390,2017-02-21T10:00:00+08:00,1184.0,110.0,1.7,21.7,0.52,891.0,-99.0,0.0,-9.9,-99,-999,南投縣,13,仁愛鄉,122
24.0239,121.1241,仁愛,C0I390,2017-02-21T11:00:00+08:00,1184.0,229.0,1.5,24.6,0.36,890.4,-99.0,0.0,-9.9,-99,-999,南投縣,13,仁愛鄉,122
24.0239,121.1241,仁愛,C0I390,2017-02-21T12:00:00+08:00,1184.0,251.0,1.6,24.8,0.36,889.4,-99.0,0.0,-9.9,-99,-999,南投縣,13,仁愛鄉,122
24.0239,121.1241,仁愛,C0I390,2017-02-21T13:00:00+08:00,1184.0,266.0,1.9,25.6,0.38,888.5,-99.0,0.0,-9.9,-99,-999,南投縣,13,仁愛鄉,122
24.0239,121.1241,仁愛,C0I390,2017-02-21T14:00:00+08:00,1184.0,264.0,2.2,25.2,0.42,887.9,-99.0,0.0,-9.9,-99,-999,南投縣,13,仁愛鄉,122
24.0239,121.1241,仁愛,C0I390,2017-02-21T15:00:00+08:00,1184.0,264.0,4.1,23.0,0.53,887.4,-99.0,0.0,-9.9,-99,-999,南投縣,13,仁愛鄉,122
24.0239,121.1241,仁愛,C0I390,2017-02-21T16:00:00+08:00,1184.0,259.0,3.0,21.6,0.61,887.6,-99.0,0.0,-9.9,-99,-999,南投縣,13,仁愛鄉,122
24.0239,121.1241,仁愛,C0I390,2017-02-21T17:00:00+08:00,1184.0,270.0,3.5,20.0,0.70,888.3,-99.0,0.0,-9.9,-99,-999,南投縣,13,仁愛鄉,122
24.0239,121.1241,仁愛,C0I390,2017-02-21T18:00:00+08:00,1184.0,268.0,1.7,19.0,0.74,888.8,-99.0,0.0,-9.9,-99,-999,南投縣,13,仁愛鄉,122
24.0239,121.1241,仁愛,C0I390,2017-02-21T19:00:00+08:00,1184.0,278.0,2.0,18.3,0.77,889.4,-99.0,0.0,-9.9,-99,-999,南投縣,13,仁愛鄉,122
24.0239,121.1241,仁愛,C0I390,2017-02-21T20:00:00+08:00,1184.0,351.0,0.4,18.2,0.78,889.3,-99.0,0.0,-9.9,-99,-999,南投縣,13,仁愛鄉,122
24.0239,121.1241,仁愛,C0I390,2017-02-21T21:00:00+08:00,1184.0,100.0,1.1,17.3,0.83,889.7,-99.0,0.0,-9.9,-99,-999,南投縣,13,仁愛鄉,122
24.0239,121.1241,仁愛,C0I390,2017-02-21T22:00:00+08:00,1184.0,26.0,0.4,17.3,0.82,889.6,-99.0,0.0,-9.9,-99,-999,南投縣,13,仁愛鄉,122
24.0239,121.1241,仁愛,C0I390,2017-02-21T23:00:00+08:00,1184.0,97.0,1.2,16.1,0.86,889.5,-99.0,0.0,-9.9,-99,-999,南投縣,13,仁愛鄉,122
24.0239,121.1241,仁愛,C0I390,2017-02-22T00:00:00+08:00,1184.0,93.0,2.1,16.1,0.81,889.0,-99.0,0.0,-9.9,-99,-999,南投縣,13,仁愛鄉,122
24.0239,121.1241,仁愛,C0I390,2017-02-22T01:00:00+08:00,1184.0,95.0,2.3,15.0,0.84,888.4,-99.0,0.0,-9.9,-99,-999,南投縣,13,仁愛鄉,122
24.0239,121.1241,仁愛,C0I390,2017-02-22T02:00:00+08:00,1184.0,90.0,1.7,14.7,0.84,888.0,-99.0,0.0,-9.9,-99,-999,南投縣,13,仁愛鄉,122
24.0239,121.1241,仁愛,C0I390,2017-02-22T03:00:00+08:00,1184.0,232.0,1.4,14.6,0.85,887.9,-99.0,0.0,-9.9,-99,-999,南投縣,13,仁愛鄉,122
24.0239,121.1241,仁愛,C0I390,2017-02-22T04:00:00+08:00,1184.0,136.0,0.3,14.7,0.91,888.0,-99.0,0.0,-9.9,-99,-999,南投縣,13,仁愛鄉,122
24.0239,121.1241,仁愛,C0I390,2017-02-22T05:00:00+08:00,1184.0,97.0,1.3,14.0,0.92,888.1,-99.0,0.0,-9.9,-99,-999,南投縣,13,仁愛鄉,122
24.0239,121.1241,仁愛,C0I390,2017-02-22T06:00:00+08:00,1184.0,96.0,0.9,13.9,0.88,888.7,-99.0,0.0,-9.9,-99,-999,南投縣,13,仁愛鄉,122
24.0239,121.1241,仁愛,C0I390,2017-02-22T07:00:00+08:00,1184.0,0.0,0.0,14.4,0.88,889.1,-99.0,0.0,-9.9,-99,-999,南投縣,13,仁愛鄉,122
24.0239,121.1241,仁愛,C0I390,2017-02-22T08:00:00+08:00,1184.0,96.0,2.1,14.8,0.85,888.9,-99.0,0.0,-9.9,-99,-999,南投縣,13,仁愛鄉,122
24.0239,121.1241,仁愛,C0I390,2017-02-22T09:00:00+08:00,1184.0,84.0,1.5,17.2,0.76,888.4,-99.0,0.0,-9.9,-99,-999,南投縣,13,仁愛鄉,122
24.0239,121.1241,仁愛,C0I390,2017-02-22T10:00:00+08:00,1184.0,100.0,2.0,18.6,0.71,887.9,-99.0,0.0,-9.9,-99,-999,南投縣,13,仁愛鄉,122
24.0239,121.1241,仁愛,C0I390,2017-02-22T11:00:00+08:00,1184.0,261.0,3.3,17.2,0.83,888.7,-99.0,0.0,-9.9,-99,-999,南投縣,13,仁愛鄉,122
24.0239,121.1241,仁愛,C0I390,2017-02-22T12:00:00+08:00,1184.0,0.0,0.0,17.3,0.92,888.1,-99.0,2.5,-9.9,-99,-999,南投縣,13,仁愛鄉,122
24.0239,121.1241,仁愛,C0I390,2017-02-22T13:00:00+08:00,1184.0,310.0,1.7,18.1,0.96,886.9,-99.0,3.0,-9.9,-99,-999,南投縣,13,仁愛鄉,122
24.0239,121.1241,仁愛,C0I390,2017-02-22T14:00:00+08:00,1184.0,207.0,0.8,17.7,0.93,886.9,-99.0,3.0,-9.9,-99,-999,南投縣,13,仁愛鄉,122
24.0239,121.1241,仁愛,C0I390,2017-02-22T15:00:00+08:00,1184.0,260.0,2.3,16.0,0.97,886.9,-99.0,4.0,-9.9,-99,-999,南投縣,13,仁愛鄉,122
24.0239,121.1241,仁愛,C0I390,2017-02-22T16:00:00+08:00,1184.0,257.0,0.8,16.0,0.97,887.3,-99.0,4.0,-9.9,-99,-999,南投縣,13,仁愛鄉,122
24.0239,121.1241,仁愛,C0I390,2017-02-22T17:00:00+08:00,1184.0,81.0,1.1,16.8,0.94,887.2,-99.0,4.0,-9.9,-99,-999,南投縣,13,仁愛鄉,122
24.0239,121.1241,仁愛,C0I390,2017-02-22T18:00:00+08:00,1184.0,90.0,0.9,16.6,0.96,887.7,-99.0,4.0,-9.9,-99,-999,南投縣,13,仁愛鄉,122
24.0239,121.1241,仁愛,C0I390,2017-02-22T19:00:00+08:00,1184.0,79.0,1.1,16.6,0.96,887.7,-99.0,4.0,-9.9,-99,-999,南投縣,13,仁愛鄉,122
24.0239,121.1241,仁愛,C0I390,2017-02-22T20:00:00+08:00,1184.0,91.0,1.5,16.5,0.97,888.4,-99.0,4.0,-9.9,-99,-999,南投縣,13,仁愛鄉,122
24.0239,121.1241,仁愛,C0I390,2017-02-22T21:00:00+08:00,1184.0,104.0,0.9,16.6,0.97,888.6,-99.0,4.0,-9.9,-99,-999,南投縣,13,仁愛鄉,122
24.0239,121.1241,仁愛,C0I390,2017-02-22T22:00:00+08:00,1184.0,97.0,1.2,16.5,0.98,888.8,-99.0,4.0,-9.9,-99,-999,南投縣,13,仁愛鄉,122
24.0239,121.1241,仁愛,C0I390,2017-02-22T23:00:00+08:00,1184.0,230.0,0.5,16.6,0.98,888.9,-99.0,5.5,-9.9,-99,-999,南投縣,13,仁愛鄉,122
24.0239,121.1241,仁愛,C0I390,2017-02-23T00:00:00+08:00,1184.0,337.0,0.5,16.9,0.97,888.8,-99.0,6.0,-9.9,-99,-999,南投縣,13,仁愛鄉,122
24.0239,121.1241,仁愛,C0I390,2017-02-23T01:00:00+08:00,1184.0,168.0,0.4,17.0,0.97,888.6,-99.0,0.0,-9.9,-99,-999,南投縣,13,仁愛鄉,122
24.0239,121.1241,仁愛,C0I390,2017-02-23T02:00:00+08:00,1184.0,0.0,0.0,16.8,0.98,888.2,-99.0,0.0,-9.9,-99,-999,南投縣,13,仁愛鄉,122
24.0239,121.1241,仁愛,C0I390,2017-02-23T03:00:00+08:00,1184.0,49.0,0.6,16.8,0.97,887.9,-99.0,0.0,-9.9,-99,-999,南投縣,13,仁愛鄉,122
24.0239,121.1241,仁愛,C0I390,2017-02-23T04:00:00+08:00,1184.0,79.0,0.3,16.4,0.98,887.6,-99.0,0.0,-9.9,-99,-999,南投縣,13,仁愛鄉,122
24.0239,121.1241,仁愛,C0I390,2017-02-23T05:00:00+08:00,1184.0,100.0,0.3,15.8,0.96,887.8,-99.0,0.0,-9.9,-99,-999,南投縣,13,仁愛鄉,122
24.0239,121.1241,仁愛,C0I390,2017-02-23T06:00:00+08:00,1184.0,105.0,1.6,14.7,0.95,888.5,-99.0,0.0,-9.9,-99,-999,南投縣,13,仁愛鄉,122
24.0239,121.1241,仁愛,C0I390,2017-02-23T07:00:00+08:00,1184.0,96.0,1.6,14.1,0.96,888.7,-99.0,0.0,-9.9,-99,-999,南投縣,13,仁愛鄉,122
24.0239,121.1241,仁愛,C0I390,2017-02-23T08:00:00+08:00,1184.0,107.0,2.2,15.9,0.86,888.8,-99.0,0.0,-9.9,-99,-999,南投縣,13,仁愛鄉,122
24.0239,121.1241,仁愛,C0I390,2017-02-23T10:00:00+08:00,1184.0,107.0,1.1,21.1,0.65,888.9,-99.0,0.0,-9.9,-99,-999,南投縣,13,仁愛鄉,122
24.0239,121.1241,仁愛,C0I390,2017-02-23T11:00:00+08:00,1184.0,261.0,2.0,21.8,0.55,888.6,-99.0,0.0,-9.9,-99,-999,南投縣,13,仁愛鄉,122
24.0239,121.1241,仁愛,C0I390,2017-02-23T12:00:00+08:00,1184.0,248.0,2.2,23.0,0.48,888.0,-99.0,0.0,-9.9,-99,-999,南投縣,13,仁愛鄉,122
24.0239,121.1241,仁愛,C0I390,2017-02-23T13:00:00+08:00,1184.0,236.0,1.5,23.7,0.47,887.2,-99.0,0.0,-9.9,-99,-999,南投縣,13,仁愛鄉,122
24.0239,121.1241,仁愛,C0I390,2017-02-23T14:00:00+08:00,1184.0,242.0,2.3,23.8,0.48,886.5,-99.0,0.0,-9.9,-99,-999,南投縣,13,仁愛鄉,122
24.0239,121.1241,仁愛,C0I390,2017-02-23T15:00:00+08:00,1184.0,253.0,2.3,23.5,0.49,886.3,-99.0,0.0,-9.9,-99,-999,南投縣,13,仁愛鄉,122
24.0239,121.1241,仁愛,C0I390,2017-02-23T16:00:00+08:00,1184.0,259.0,2.2,21.8,0.54,886.4,-99.0,0.0,-9.9,-99,-999,南投縣,13,仁愛鄉,122
24.0239,121.1241,仁愛,C0I390,2017-02-23T17:00:00+08:00,1184.0,264.0,0.6,21.2,0.70,886.8,-99.0,0.0,-9.9,-99,-999,南投縣,13,仁愛鄉,122
24.0239,121.1241,仁愛,C0I390,2017-02-23T18:00:00+08:00,1184.0,263.0,2.1,17.6,0.91,887.3,-99.0,0.0,-9.9,-99,-999,南投縣,13,仁愛鄉,122
24.0239,121.1241,仁愛,C0I390,2017-02-23T19:00:00+08:00,1184.0,264.0,1.2,17.0,0.93,888.0,-99.0,0.0,-9.9,-99,-999,南投縣,13,仁愛鄉,122
24.0239,121.1241,仁愛,C0I390,2017-02-23T20:00:00+08:00,1184.0,265.0,0.9,16.6,0.92,888.7,-99.0,0.0,-9.9,-99,-999,南投縣,13,仁愛鄉,122
24.0239,121.1241,仁愛,C0I390,2017-02-23T21:00:00+08:00,1184.0,266.0,1.5,16.1,0.95,889.1,-99.0,0.0,-9.9,-99,-999,南投縣,13,仁愛鄉,122
24.0239,121.1241,仁愛,C0I390,2017-02-23T22:00:00+08:00,1184.0,283.0,0.4,16.3,0.94,889.1,-99.0,0.0,-9.9,-99,-999,南投縣,13,仁愛鄉,122
24.0239,121.1241,仁愛,C0I390,2017-02-23T23:00:00+08:00,1184.0,267.0,1.2,16.3,0.93,889.0,-99.0,0.0,-9.9,-99,-999,南投縣,13,仁愛鄉,122
24.0239,121.1241,仁愛,C0I390,2017-02-24T00:00:00+08:00,1184.0,225.0,0.6,16.0,0.96,888.8,-99.0,0.0,-9.9,-99,-999,南投縣,13,仁愛鄉,122
24.0239,121.1241,仁愛,C0I390,2017-02-24T01:00:00+08:00,1184.0,251.0,2.2,15.3,0.99,889.0,-99.0,1.5,-9.9,-99,-999,南投縣,13,仁愛鄉,122
24.0239,121.1241,仁愛,C0I390,2017-02-24T02:00:00+08:00,1184.0,235.0,0.7,14.9,0.99,889.0,-99.0,2.0,-9.9,-99,-999,南投縣,13,仁愛鄉,122
24.0239,121.1241,仁愛,C0I390,2017-02-24T03:00:00+08:00,1184.0,239.0,1.0,14.7,0.99,888.9,-99.0,3.0,-9.9,-99,-999,南投縣,13,仁愛鄉,122
24.0239,121.1241,仁愛,C0I390,2017-02-24T04:00:00+08:00,1184.0,240.0,0.7,14.5,0.98,888.6,-99.0,3.5,-9.9,-99,-999,南投縣,13,仁愛鄉,122
24.0239,121.1241,仁愛,C0I390,2017-02-24T05:00:00+08:00,1184.0,272.0,1.2,14.3,0.99,888.6,-99.0,5.0,-9.9,-99,-999,南投縣,13,仁愛鄉,122
24.0239,121.1241,仁愛,C0I390,2017-02-24T06:00:00+08:00,1184.0,243.0,1.1,14.5,0.98,889.2,-99.0,5.0,-9.9,-99,-999,南投縣,13,仁愛鄉,122
24.0239,121.1241,仁愛,C0I390,2017-02-24T07:00:00+08:00,1184.0,259.0,0.7,14.6,0.97,889.5,-99.0,5.0,-9.9,-99,-999,南投縣,13,仁愛鄉,122
24.0239,121.1241,仁愛,C0I390,2017-02-24T08:00:00+08:00,1184.0,257.0,1.9,14.9,0.94,890.0,-99.0,5.0,-9.9,-99,-999,南投縣,13,仁愛鄉,122
24.0239,121.1241,仁愛,C0I390,2017-02-24T09:00:00+08:00,1184.0,261.0,1.8,14.8,0.95,890.5,-99.0,5.0,-9.9,-99,-999,南投縣,13,仁愛鄉,122
24.0239,121.1241,仁愛,C0I390,2017-02-24T10:00:00+08:00,1184.0,249.0,1.2,14.9,0.94,890.7,-99.0,5.0,-9.9,-99,-999,南投縣,13,仁愛鄉,122
24.0239,121.1241,仁愛,C0I390,2017-02-24T11:00:00+08:00,1184.0,260.0,1.0,15.3,0.90,890.2,-99.0,5.0,-9.9,-99,-999,南投縣,13,仁愛鄉,122
24.0239,121.1241,仁愛,C0I390,2017-02-24T12:00:00+08:00,1184.0,246.0,1.4,14.2,0.98,889.8,-99.0,5.0,-9.9,-99,-999,南投縣,13,仁愛鄉,122
24.0239,121.1241,仁愛,C0I390,2017-02-24T13:00:00+08:00,1184.0,213.0,0.4,14.1,0.99,889.0,-99.0,5.0,-9.9,-99,-999,南投縣,13,仁愛鄉,122
24.0239,121.1241,仁愛,C0I390,2017-02-24T14:00:00+08:00,1184.0,273.0,1.9,13.1,0.99,888.7,-99.0,5.0,-9.9,-99,-999,南投縣,13,仁愛鄉,122
24.0239,121.1241,仁愛,C0I390,2017-02-24T15:00:00+08:00,1184.0,249.0,0.8,12.9,0.99,888.4,-99.0,5.0,-9.9,-99,-999,南投縣,13,仁愛鄉,122
24.0239,121.1241,仁愛,C0I390,2017-02-24T16:00:00+08:00,1184.0,277.0,1.3,12.9,0.99,888.5,-99.0,5.0,-9.9,-99,-999,南投縣,13,仁愛鄉,122
24.0239,121.1241,仁愛,C0I390,2017-02-24T17:00:00+08:00,1184.0,279.0,1.6,12.9,0.99,888.9,-99.0,5.0,-9.9,-99,-999,南投縣,13,仁愛鄉,122
24.0239,121.1241,仁愛,C0I390,2017-02-24T18:00:00+08:00,1184.0,299.0,0.4,12.8,0.99,888.9,-99.0,5.0,-9.9,-99,-999,南投縣,13,仁愛鄉,122
24.0239,121.1241,仁愛,C0I390,2017-02-24T19:00:00+08:00,1184.0,272.0,1.0,12.8,0.99,889.4,-99.0,5.0,-9.9,-99,-999,南投縣,13,仁愛鄉,122
24.0239,121.1241,仁愛,C0I390,2017-02-24T20:00:00+08:00,1184.0,248.0,0.9,12.9,0.99,890.0,-99.0,6.0,-9.9,-99,-999,南投縣,13,仁愛鄉,122
24.0239,121.1241,仁愛,C0I390,2017-02-24T21:00:00+08:00,1184.0,255.0,0.9,12.9,0.99,890.3,-99.0,6.5,-9.9,-99,-999,南投縣,13,仁愛鄉,122
24.0239,121.1241,仁愛,C0I390,2017-02-24T22:00:00+08:00,1184.0,281.0,1.1,12.8,0.99,890.3,-99.0,6.5,-9.9,-99,-999,南投縣,13,仁愛鄉,122
24.0239,121.1241,仁愛,C0I390,2017-02-24T23:00:00+08:00,1184.0,278.0,1.4,12.7,0.99,890.0,-99.0,7.0,-9.9,-99,-999,南投縣,13,仁愛鄉,122
24.0239,121.1241,仁愛,C0I390,2017-02-25T00:00:00+08:00,1184.0,269.0,0.9,12.7,0.99,889.7,-99.0,7.5,-9.9,-99,-999,南投縣,13,仁愛鄉,122
24.0239,121.1241,仁愛,C0I390,2017-02-25T01:00:00+08:00,1184.0,206.0,0.4,12.8,0.99,889.4,-99.0,0.5,-9.9,-99,-999,南投縣,13,仁愛鄉,122
24.0239,121.1241,仁愛,C0I390,2017-02-25T02:00:00+08:00,1184.0,267.0,1.1,12.8,0.99,889.1,-99.0,0.5,-9.9,-99,-999,南投縣,13,仁愛鄉,122
24.0239,121.1241,仁愛,C0I390,2017-02-25T03:00:00+08:00,1184.0,284.0,0.6,12.7,0.99,888.6,-99.0,0.5,-9.9,-99,-999,南投縣,13,仁愛鄉,122
24.0239,121.1241,仁愛,C0I390,2017-02-25T04:00:00+08:00,1184.0,272.0,1.0,12.8,0.99,888.3,-99.0,0.5,-9.9,-99,-999,南投縣,13,仁愛鄉,122
24.0239,121.1241,仁愛,C0I390,2017-02-25T05:00:00+08:00,1184.0,257.0,1.3,12.9,0.99,888.6,-99.0,0.5,-9.9,-99,-999,南投縣,13,仁愛鄉,122
24.0239,121.1241,仁愛,C0I390,2017-02-25T06:00:00+08:00,1184.0,276.0,1.3,12.7,0.99,888.9,-99.0,1.0,-9.9,-99,-999,南投縣,13,仁愛鄉,122
24.0239,121.1241,仁愛,C0I390,2017-02-25T07:00:00+08:00,1184.0,357.0,0.4,13.2,0.99,888.8,-99.0,1.0,-9.9,-99,-999,南投縣,13,仁愛鄉,122
24.0239,121.1241,仁愛,C0I390,2017-02-25T08:00:00+08:00,1184.0,101.0,0.3,13.3,0.99,889.4,-99.0,1.0,-9.9,-99,-999,南投縣,13,仁愛鄉,122
24.0239,121.1241,仁愛,C0I390,2017-02-25T10:00:00+08:00,1184.0,0.0,0.0,14.4,0.99,889.1,-99.0,1.0,-9.9,-99,-999,南投縣,13,仁愛鄉,122
24.0239,121.1241,仁愛,C0I390,2017-02-25T11:00:00+08:00,1184.0,282.0,1.5,13.5,0.99,889.1,-99.0,1.0,-9.9,-99,-999,南投縣,13,仁愛鄉,122
24.0239,121.1241,仁愛,C0I390,2017-02-25T12:00:00+08:00,1184.0,278.0,1.7,13.7,0.99,888.4,-99.0,1.0,-9.9,-99,-999,南投縣,13,仁愛鄉,122
24.0239,121.1241,仁愛,C0I390,2017-02-25T13:00:00+08:00,1184.0,214.0,0.8,16.1,0.83,887.3,-99.0,1.0,-9.9,-99,-999,南投縣,13,仁愛鄉,122
24.0239,121.1241,仁愛,C0I390,2017-02-25T14:00:00+08:00,1184.0,263.0,1.1,14.7,0.94,886.5,-99.0,1.0,-9.9,-99,-999,南投縣,13,仁愛鄉,122
24.0239,121.1241,仁愛,C0I390,2017-02-25T15:00:00+08:00,1184.0,262.0,1.6,14.3,0.98,886.2,-99.0,1.0,-9.9,-99,-999,南投縣,13,仁愛鄉,122
24.0239,121.1241,仁愛,C0I390,2017-02-25T16:00:00+08:00,1184.0,259.0,2.0,13.8,0.99,886.1,-99.0,1.0,-9.9,-99,-999,南投縣,13,仁愛鄉,122
24.0239,121.1241,仁愛,C0I390,2017-02-25T17:00:00+08:00,1184.0,264.0,2.5,13.1,0.99,886.3,-99.0,1.0,-9.9,-99,-999,南投縣,13,仁愛鄉,122
24.0239,121.1241,仁愛,C0I390,2017-02-25T18:00:00+08:00,1184.0,241.0,0.5,13.1,0.99,886.8,-99.0,1.0,-9.9,-99,-999,南投縣,13,仁愛鄉,122
24.0239,121.1241,仁愛,C0I390,2017-02-25T19:00:00+08:00,1184.0,272.0,1.2,12.8,0.99,887.1,-99.0,1.0,-9.9,-99,-999,南投縣,13,仁愛鄉,122
24.0239,121.1241,仁愛,C0I390,2017-02-25T20:00:00+08:00,1184.0,268.0,0.9,12.5,0.99,888.1,-99.0,5.0,-9.9,-99,-999,南投縣,13,仁愛鄉,122
24.0239,121.1241,仁愛,C0I390,2017-02-25T21:00:00+08:00,1184.0,58.0,1.1,12.9,0.99,887.9,-99.0,5.5,-9.9,-99,-999,南投縣,13,仁愛鄉,122
24.0239,121.1241,仁愛,C0I390,2017-02-25T22:00:00+08:00,1184.0,0.0,0.0,13.3,0.99,887.9,-99.0,5.5,-9.9,-99,-999,南投縣,13,仁愛鄉,122
24.0239,121.1241,仁愛,C0I390,2017-02-25T23:00:00+08:00,1184.0,103.0,0.5,13.3,0.99,887.7,-99.0,5.5,-9.9,-99,-999,南投縣,13,仁愛鄉,122
24.0239,121.1241,仁愛,C0I390,2017-02-26T00:00:00+08:00,1184.0,271.0,2.0,12.5,0.99,887.8,-99.0,5.5,-9.9,-99,-999,南投縣,13,仁愛鄉,122
24.0239,121.1241,仁愛,C0I390,2017-02-26T01:00:00+08:00,1184.0,241.0,0.8,12.5,0.99,888.0,-99.0,0.0,-9.9,-99,-999,南投縣,13,仁愛鄉,122
24.0239,121.1241,仁愛,C0I390,2017-02-26T02:00:00+08:00,1184.0,277.0,1.4,12.4,0.99,887.7,-99.0,0.0,-9.9,-99,-999,南投縣,13,仁愛鄉,122
24.0239,121.1241,仁愛,C0I390,2017-02-26T03:00:00+08:00,1184.0,0.0,0.0,12.7,0.99,887.3,-99.0,0.0,-9.9,-99,-999,南投縣,13,仁愛鄉,122
24.0239,121.1241,仁愛,C0I390,2017-02-26T04:00:00+08:00,1184.0,64.0,1.3,12.6,0.99,887.0,-99.0,0.0,-9.9,-99,-999,南投縣,13,仁愛鄉,122
24.0239,121.1241,仁愛,C0I390,2017-02-26T05:00:00+08:00,1184.0,266.0,1.7,12.2,0.99,887.4,-99.0,0.0,-9.9,-99,-999,南投縣,13,仁愛鄉,122
24.0239,121.1241,仁愛,C0I390,2017-02-26T06:00:00+08:00,1184.0,258.0,0.7,11.9,0.99,887.7,-99.0,1.0,-9.9,-99,-999,南投縣,13,仁愛鄉,122
24.0239,121.1241,仁愛,C0I390,2017-02-26T07:00:00+08:00,1184.0,250.0,1.9,11.6,0.99,888.8,-99.0,2.5,-9.9,-99,-999,南投縣,13,仁愛鄉,122
24.0239,121.1241,仁愛,C0I390,2017-02-26T08:00:00+08:00,1184.0,274.0,0.4,11.5,0.99,889.4,-99.0,3.5,-9.9,-99,-999,南投縣,13,仁愛鄉,122
24.0239,121.1241,仁愛,C0I390,2017-02-26T10:00:00+08:00,1184.0,288.0,0.5,11.9,0.99,889.9,-99.0,3.5,-9.9,-99,-999,南投縣,13,仁愛鄉,122
24.0239,121.1241,仁愛,C0I390,2017-02-26T11:00:00+08:00,1184.0,72.0,0.3,12.8,0.99,889.6,-99.0,3.5,-9.9,-99,-999,南投縣,13,仁愛鄉,122
24.0239,121.1241,仁愛,C0I390,2017-02-26T12:00:00+08:00,1184.0,270.0,0.9,13.2,0.98,889.0,-99.0,3.5,-9.9,-99,-999,南投縣,13,仁愛鄉,122
24.0239,121.1241,仁愛,C0I390,2017-02-26T13:00:00+08:00,1184.0,244.0,1.0,14.0,0.95,888.3,-99.0,3.5,-9.9,-99,-999,南投縣,13,仁愛鄉,122
24.0239,121.1241,仁愛,C0I390,2017-02-26T14:00:00+08:00,1184.0,250.0,1.0,13.4,0.97,887.8,-99.0,3.5,-9.9,-99,-999,南投縣,13,仁愛鄉,122
24.0239,121.1241,仁愛,C0I390,2017-02-26T15:00:00+08:00,1184.0,274.0,0.8,13.1,0.99,887.5,-99.0,3.5,-9.9,-99,-999,南投縣,13,仁愛鄉,122
24.0239,121.1241,仁愛,C0I390,2017-02-26T16:00:00+08:00,1184.0,259.0,0.5,13.8,0.93,887.4,-99.0,3.5,-9.9,-99,-999,南投縣,13,仁愛鄉,122
24.0239,121.1241,仁愛,C0I390,2017-02-26T17:00:00+08:00,1184.0,224.0,0.6,13.7,0.95,888.1,-99.0,3.5,-9.9,-99,-999,南投縣,13,仁愛鄉,122
24.0239,121.1241,仁愛,C0I390,2017-02-26T18:00:00+08:00,1184.0,250.0,0.9,13.1,0.98,888.2,-99.0,3.5,-9.9,-99,-999,南投縣,13,仁愛鄉,122
24.0239,121.1241,仁愛,C0I390,2017-02-26T19:00:00+08:00,1184.0,266.0,1.4,12.9,0.99,888.7,-99.0,3.5,-9.9,-99,-999,南投縣,13,仁愛鄉,122
24.0239,121.1241,仁愛,C0I390,2017-02-26T20:00:00+08:00,1184.0,267.0,0.3,13.1,0.99,889.2,-99.0,3.5,-9.9,-99,-999,南投縣,13,仁愛鄉,122
24.0239,121.1241,仁愛,C0I390,2017-02-26T21:00:00+08:00,1184.0,288.0,0.7,12.7,0.99,889.3,-99.0,3.5,-9.9,-99,-999,南投縣,13,仁愛鄉,122
24.0239,121.1241,仁愛,C0I390,2017-02-26T22:00:00+08:00,1184.0,0.0,0.0,13.0,0.99,889.5,-99.0,3.5,-9.9,-99,-999,南投縣,13,仁愛鄉,122
24.0239,121.1241,仁愛,C0I390,2017-02-26T23:00:00+08:00,1184.0,284.0,0.3,12.5,0.99,889.7,-99.0,3.5,-9.9,-99,-999,南投縣,13,仁愛鄉,122
24.0239,121.1241,仁愛,C0I390,2017-02-27T00:00:00+08:00,1184.0,94.0,0.7,12.6,0.99,889.2,-99.0,3.5,-9.9,-99,-999,南投縣,13,仁愛鄉,122
24.0239,121.1241,仁愛,C0I390,2017-02-27T01:00:00+08:00,1184.0,0.0,0.0,12.3,0.97,889.1,-99.0,0.0,-9.9,-99,-999,南投縣,13,仁愛鄉,122
24.0239,121.1241,仁愛,C0I390,2017-02-27T02:00:00+08:00,1184.0,66.0,0.3,12.3,0.98,888.9,-99.0,0.0,-9.9,-99,-999,南投縣,13,仁愛鄉,122
24.0239,121.1241,仁愛,C0I390,2017-02-27T03:00:00+08:00,1184.0,35.0,0.7,11.9,0.97,889.0,-99.0,0.0,-9.9,-99,-999,南投縣,13,仁愛鄉,122
24.0239,121.1241,仁愛,C0I390,2017-02-27T04:00:00+08:00,1184.0,86.0,0.9,11.8,0.95,888.8,-99.0,0.0,-9.9,-99,-999,南投縣,13,仁愛鄉,122
24.0239,121.1241,仁愛,C0I390,2017-02-27T05:00:00+08:00,1184.0,0.0,0.0,11.8,0.94,889.1,-99.0,0.0,-9.9,-99,-999,南投縣,13,仁愛鄉,122
24.0239,121.1241,仁愛,C0I390,2017-02-27T06:00:00+08:00,1184.0,273.0,0.7,11.6,0.97,889.9,-99.0,0.0,-9.9,-99,-999,南投縣,13,仁愛鄉,122
24.0239,121.1241,仁愛,C0I390,2017-02-27T07:00:00+08:00,1184.0,82.0,0.7,11.8,0.98,890.1,-99.0,0.0,-9.9,-99,-999,南投縣,13,仁愛鄉,122
24.0239,121.1241,仁愛,C0I390,2017-02-27T08:00:00+08:00,1184.0,97.0,0.7,12.6,0.93,890.5,-99.0,0.0,-9.9,-99,-999,南投縣,13,仁愛鄉,122
24.0239,121.1241,仁愛,C0I390,2017-02-27T10:00:00+08:00,1184.0,249.0,1.2,14.7,0.85,890.6,-99.0,0.0,-9.9,-99,-999,南投縣,13,仁愛鄉,122
24.0239,121.1241,仁愛,C0I390,2017-02-27T11:00:00+08:00,1184.0,256.0,1.2,15.1,0.81,890.5,-99.0,0.0,-9.9,-99,-999,南投縣,13,仁愛鄉,122
24.0239,121.1241,仁愛,C0I390,2017-02-27T12:00:00+08:00,1184.0,266.0,3.7,13.7,0.89,889.8,-99.0,0.0,-9.9,-99,-999,南投縣,13,仁愛鄉,122
24.0239,121.1241,仁愛,C0I390,2017-02-27T13:00:00+08:00,1184.0,267.0,3.4,13.4,0.89,889.4,-99.0,0.0,-9.9,-99,-999,南投縣,13,仁愛鄉,122
24.0239,121.1241,仁愛,C0I390,2017-02-27T14:00:00+08:00,1184.0,269.0,3.7,12.8,0.92,889.2,-99.0,0.0,-9.9,-99,-999,南投縣,13,仁愛鄉,122
24.0239,121.1241,仁愛,C0I390,2017-02-27T15:00:00+08:00,1184.0,266.0,1.6,12.9,0.92,889.3,-99.0,0.0,-9.9,-99,-999,南投縣,13,仁愛鄉,122
24.0239,121.1241,仁愛,C0I390,2017-02-27T16:00:00+08:00,1184.0,270.0,1.6,12.6,0.94,889.7,-99.0,0.0,-9.9,-99,-999,南投縣,13,仁愛鄉,122
24.0239,121.1241,仁愛,C0I390,2017-02-27T17:00:00+08:00,1184.0,262.0,1.7,12.4,0.95,889.8,-99.0,0.0,-9.9,-99,-999,南投縣,13,仁愛鄉,122
24.0239,121.1241,仁愛,C0I390,2017-02-27T18:00:00+08:00,1184.0,259.0,1.3,11.5,0.99,889.9,-99.0,0.0,-9.9,-99,-999,南投縣,13,仁愛鄉,122
24.0239,121.1241,仁愛,C0I390,2017-02-27T19:00:00+08:00,1184.0,264.0,0.9,11.4,0.99,889.9,-99.0,0.0,-9.9,-99,-999,南投縣,13,仁愛鄉,122
24.0239,121.1241,仁愛,C0I390,2017-02-27T20:00:00+08:00,1184.0,272.0,1.3,11.3,0.99,890.5,-99.0,0.0,-9.9,-99,-999,南投縣,13,仁愛鄉,122
24.0239,121.1241,仁愛,C0I390,2017-02-27T21:00:00+08:00,1184.0,264.0,0.8,11.3,0.99,890.7,-99.0,0.0,-9.9,-99,-999,南投縣,13,仁愛鄉,122
24.0239,121.1241,仁愛,C0I390,2017-02-27T22:00:00+08:00,1184.0,0.0,0.0,11.8,0.99,890.9,-99.0,0.0,-9.9,-99,-999,南投縣,13,仁愛鄉,122
24.0239,121.1241,仁愛,C0I390,2017-02-27T23:00:00+08:00,1184.0,92.0,0.4,11.8,0.98,890.7,-99.0,0.0,-9.9,-99,-999,南投縣,13,仁愛鄉,122
24.0239,121.1241,仁愛,C0I390,2017-02-28T00:00:00+08:00,1184.0,71.0,0.5,11.8,0.98,890.8,-99.0,0.0,-9.9,-99,-999,南投縣,13,仁愛鄉,122
24.0239,121.1241,仁愛,C0I390,2017-02-28T01:00:00+08:00,1184.0,0.0,0.0,11.7,0.97,890.5,-99.0,0.0,-9.9,-99,-999,南投縣,13,仁愛鄉,122
24.0239,121.1241,仁愛,C0I390,2017-02-28T02:00:00+08:00,1184.0,94.0,0.4,11.1,0.98,889.8,-99.0,0.0,-9.9,-99,-999,南投縣,13,仁愛鄉,122
24.0239,121.1241,仁愛,C0I390,2017-02-28T03:00:00+08:00,1184.0,0.0,0.0,11.3,0.97,890.1,-99.0,0.0,-9.9,-99,-999,南投縣,13,仁愛鄉,122
24.0239,121.1241,仁愛,C0I390,2017-02-28T04:00:00+08:00,1184.0,360.0,1.0,11.3,0.94,890.1,-99.0,0.0,-9.9,-99,-999,南投縣,13,仁愛鄉,122
24.0239,121.1241,仁愛,C0I390,2017-02-28T05:00:00+08:00,1184.0,62.0,0.4,11.5,0.96,890.3,-99.0,0.0,-9.9,-99,-999,南投縣,13,仁愛鄉,122
24.0239,121.1241,仁愛,C0I390,2017-02-28T06:00:00+08:00,1184.0,74.0,0.7,11.1,0.97,890.6,-99.0,0.0,-9.9,-99,-999,南投縣,13,仁愛鄉,122
24.0239,121.1241,仁愛,C0I390,2017-02-28T07:00:00+08:00,1184.0,93.0,0.9,11.2,0.96,890.7,-99.0,0.0,-9.9,-99,-999,南投縣,13,仁愛鄉,122
24.0239,121.1241,仁愛,C0I390,2017-02-28T08:00:00+08:00,1184.0,91.0,0.7,11.8,0.96,891.0,-99.0,0.0,-9.9,-99,-999,南投縣,13,仁愛鄉,122
24.0239,121.1241,仁愛,C0I390,2017-02-28T09:00:00+08:00,1184.0,120.0,0.7,14.0,0.82,891.2,-99.0,0.0,-9.9,-99,-999,南投縣,13,仁愛鄉,122
24.0239,121.1241,仁愛,C0I390,2017-02-28T10:00:00+08:00,1184.0,267.0,0.7,15.7,0.72,890.7,-99.0,0.0,-9.9,-99,-999,南投縣,13,仁愛鄉,122
24.0239,121.1241,仁愛,C0I390,2017-02-28T11:00:00+08:00,1184.0,230.0,1.3,17.4,0.66,890.1,-99.0,0.0,-9.9,-99,-999,南投縣,13,仁愛鄉,122
24.0239,121.1241,仁愛,C0I390,2017-02-28T12:00:00+08:00,1184.0,270.0,4.0,14.7,0.78,889.6,-99.0,0.0,-9.9,-99,-999,南投縣,13,仁愛鄉,122
24.0239,121.1241,仁愛,C0I390,2017-02-28T13:00:00+08:00,1184.0,272.0,3.3,15.5,0.72,888.8,-99.0,0.0,-9.9,-99,-999,南投縣,13,仁愛鄉,122
24.0239,121.1241,仁愛,C0I390,2017-02-28T14:00:00+08:00,1184.0,250.0,1.5,15.5,0.75,888.1,-99.0,0.0,-9.9,-99,-999,南投縣,13,仁愛鄉,122
24.0239,121.1241,仁愛,C0I390,2017-02-28T15:00:00+08:00,1184.0,266.0,2.2,15.0,0.79,887.6,-99.0,0.0,-9.9,-99,-999,南投縣,13,仁愛鄉,122
24.0239,121.1241,仁愛,C0I390,2017-02-28T16:00:00+08:00,1184.0,266.0,2.3,14.3,0.82,887.3,-99.0,0.0,-9.9,-99,-999,南投縣,13,仁愛鄉,122
24.0239,121.1241,仁愛,C0I390,2017-02-28T17:00:00+08:00,1184.0,266.0,1.9,13.5,0.89,887.4,-99.0,0.0,-9.9,-99,-999,南投縣,13,仁愛鄉,122
24.0239,121.1241,仁愛,C0I390,2017-02-28T18:00:00+08:00,1184.0,266.0,1.1,13.1,0.93,887.7,-99.0,0.0,-9.9,-99,-999,南投縣,13,仁愛鄉,122
24.0239,121.1241,仁愛,C0I390,2017-02-28T19:00:00+08:00,1184.0,269.0,1.9,12.8,0.95,888.0,-99.0,0.0,-9.9,-99,-999,南投縣,13,仁愛鄉,122
24.0239,121.1241,仁愛,C0I390,2017-02-28T20:00:00+08:00,1184.0,259.0,1.8,12.7,0.95,888.3,-99.0,0.0,-9.9,-99,-999,南投縣,13,仁愛鄉,122
24.0239,121.1241,仁愛,C0I390,2017-02-28T21:00:00+08:00,1184.0,184.0,0.3,12.7,0.95,888.9,-99.0,0.0,-9.9,-99,-999,南投縣,13,仁愛鄉,122
24.0239,121.1241,仁愛,C0I390,2017-02-28T22:00:00+08:00,1184.0,250.0,0.3,12.5,0.96,889.0,-99.0,0.0,-9.9,-99,-999,南投縣,13,仁愛鄉,122
24.0239,121.1241,仁愛,C0I390,2017-02-28T23:00:00+08:00,1184.0,0.0,0.0,13.0,0.89,888.9,-99.0,0.0,-9.9,-99,-999,南投縣,13,仁愛鄉,122
