23.9300,121.0833,萬大林道,C0I490,2017-02-01T07:00:00+08:00,1601.0,254.0,1.0,11.3,0.79,846.7,-99.0,0.0,-9.9,-99,-999,南投縣,13,仁愛鄉,178
23.9300,121.0833,萬大林道,C0I490,2017-02-01T05:00:00+08:00,1601.0,127.0,0.3,12.7,0.68,846.2,-99.0,0.0,-9.9,-99,-999,南投縣,13,仁愛鄉,178
23.9300,121.0833,萬大林道,C0I490,2017-02-01T02:00:00+08:00,1601.0,13.0,1.5,11.4,0.81,845.9,-99.0,0.0,-9.9,-99,-999,南投縣,13,仁愛鄉,178
23.9300,121.0833,萬大林道,C0I490,2017-02-01T11:00:00+08:00,1601.0,232.0,2.0,14.0,0.76,847.3,-99.0,0.0,-9.9,-99,-999,南投縣,13,仁愛鄉,178
23.9300,121.0833,萬大林道,C0I490,2017-02-02T10:00:00+08:00,1601.0,244.0,1.6,14.8,0.62,847.5,-99.0,0.0,-9.9,-99,-999,南投縣,13,仁愛鄉,178
23.9300,121.0833,萬大林道,C0I490,2017-02-02T09:00:00+08:00,1601.0,213.0,0.6,13.9,0.71,847.5,-99.0,0.0,-9.9,-99,-999,南投縣,13,仁愛鄉,178
23.9300,121.0833,萬大林道,C0I490,2017-02-02T08:00:00+08:00,1601.0,204.0,2.1,11.6,0.82,847.1,-99.0,0.0,-9.9,-99,-999,南投縣,13,仁愛鄉,178
23.9300,121.0833,萬大林道,C0I490,2017-02-02T11:00:00+08:00,1601.0,255.0,1.5,17.3,0.46,847.1,-99.0,0.0,-9.9,-99,-999,南投縣,13,仁愛鄉,178
23.9300,121.0833,萬大林道,C0I490,2017-02-02T14:00:00+08:00,1601.0,249.0,4.1,17.9,0.65,844.8,-99.0,0.0,-9.9,-99,-999,南投縣,13,仁愛鄉,178
23.9300,121.0833,萬大林道,C0I490,2017-02-02T15:00:00+08:00,1601.0,236.0,4.8,16.3,0.72,844.5,-99.0,0.0,-9.9,-99,-999,南投縣,13,仁愛鄉,178
23.9300,121.0833,萬大林道,C0I490,2017-02-02T16:00:00+08:00,1601.0,236.0,3.7,13.3,0.84,844.6,-99.0,0.0,-9.9,-99,-999,南投縣,13,仁愛鄉,178
23.9300,121.0833,萬大林道,C0I490,2017-02-02T17:00:00+08:00,1601.0,217.0,1.8,13.5,0.87,845.0,-99.0,0.0,-9.9,-99,-999,南投縣,13,仁愛鄉,178
23.9300,121.0833,萬大林道,C0I490,2017-02-02T18:00:00+08:00,1601.0,193.0,1.4,12.2,0.73,845.5,-99.0,0.0,-9.9,-99,-999,南投縣,13,仁愛鄉,178
23.9300,121.0833,萬大林道,C0I490,2017-02-02T19:00:00+08:00,1601.0,82.0,1.0,11.0,0.90,845.7,-99.0,0.0,-9.9,-99,-999,南投縣,13,仁愛鄉,178
23.9300,121.0833,萬大林道,C0I490,2017-02-02T20:00:00+08:00,1601.0,77.0,2.1,10.4,0.80,845.9,-99.0,0.0,-9.9,-99,-999,南投縣,13,仁愛鄉,178
23.9300,121.0833,萬大林道,C0I490,2017-02-02T21:00:00+08:00,1601.0,144.0,0.5,11.3,0.80,846.0,-99.0,0.0,-9.9,-99,-999,南投縣,13,仁愛鄉,178
23.9300,121.0833,萬大林道,C0I490,2017-02-02T22:00:00+08:00,1601.0,179.0,1.2,11.5,0.80,845.9,-99.0,0.0,-9.9,-99,-999,南投縣,13,仁愛鄉,178
23.9300,121.0833,萬大林道,C0I490,2017-02-02T23:00:00+08:00,1601.0,26.0,1.3,10.7,0.73,845.7,-99.0,0.0,-9.9,-99,-999,南投縣,13,仁愛鄉,178
23.9300,121.0833,萬大林道,C0I490,2017-02-03T00:00:00+08:00,1601.0,199.0,0.9,10.8,0.82,845.6,-99.0,0.0,-9.9,-99,-999,南投縣,13,仁愛鄉,178
23.9300,121.0833,萬大林道,C0I490,2017-02-03T01:00:00+08:00,1601.0,94.0,1.3,10.4,0.78,845.3,-99.0,0.0,-9.9,-99,-999,南投縣,13,仁愛鄉,178
23.9300,121.0833,萬大林道,C0I490,2017-02-03T02:00:00+08:00,1601.0,201.0,1.0,9.8,0.78,845.2,-99.0,0.0,-9.9,-99,-999,南投縣,13,仁愛鄉,178
23.9300,121.0833,萬大林道,C0I490,2017-02-03T03:00:00+08:00,1601.0,76.0,1.4,9.1,0.71,844.9,-99.0,0.0,-9.9,-99,-999,南投縣,13,仁愛鄉,178
23.9300,121.0833,萬大林道,C0I490,2017-02-03T04:00:00+08:00,1601.0,107.0,1.6,10.7,0.68,844.6,-99.0,0.0,-9.9,-99,-999,南投縣,13,仁愛鄉,178
23.9300,121.0833,萬大林道,C0I490,2017-02-03T05:00:00+08:00,1601.0,174.0,0.8,11.2,0.60,844.7,-99.0,0.0,-9.9,-99,-999,南投縣,13,仁愛鄉,178
23.9300,121.0833,萬大林道,C0I490,2017-02-03T06:00:00+08:00,1601.0,270.0,0.6,11.5,0.60,845.0,-99.0,0.0,-9.9,-99,-999,南投縣,13,仁愛鄉,178
23.9300,121.0833,萬大林道,C0I490,2017-02-03T07:00:00+08:00,1601.0,26.0,0.8,11.1,0.59,845.2,-99.0,0.0,-9.9,-99,-999,南投縣,13,仁愛鄉,178
23.9300,121.0833,萬大林道,C0I490,2017-02-03T08:00:00+08:00,1601.0,305.0,0.3,12.0,0.60,845.6,-99.0,0.0,-9.9,-99,-999,南投縣,13,仁愛鄉,178
23.9300,121.0833,萬大林道,C0I490,2017-02-03T10:00:00+08:00,1601.0,349.0,0.4,15.5,0.56,846.1,-99.0,0.0,-9.9,-99,-999,南投縣,13,仁愛鄉,178
23.9300,121.0833,萬大林道,C0I490,2017-02-03T11:00:00+08:00,1601.0,243.0,1.8,13.5,0.65,845.6,-99.0,0.0,-9.9,-99,-999,南投縣,13,仁愛鄉,178
23.9300,121.0833,萬大林道,C0I490,2017-02-03T12:00:00+08:00,1601.0,253.0,2.2,15.3,0.63,844.7,-99.0,0.0,-9.9,-99,-999,南投縣,13,仁愛鄉,178
23.9300,121.0833,萬大林道,C0I490,2017-02-03T13:00:00+08:00,1601.0,241.0,3.7,16.8,0.58,843.9,-99.0,0.0,-9.9,-99,-999,南投縣,13,仁愛鄉,178
23.9300,121.0833,萬大林道,C0I490,2017-02-03T14:00:00+08:00,1601.0,237.0,4.9,14.8,0.71,843.3,-99.0,0.0,-9.9,-99,-999,南投縣,13,仁愛鄉,178
23.9300,121.0833,萬大林道,C0I490,2017-02-03T15:00:00+08:00,1601.0,245.0,3.8,15.0,0.78,843.0,-99.0,0.0,-9.9,-99,-999,南投縣,13,仁愛鄉,178
23.9300,121.0833,萬大林道,C0I490,2017-02-03T16:00:00+08:00,1601.0,232.0,3.6,12.2,0.88,843.2,-99.0,0.0,-9.9,-99,-999,南投縣,13,仁愛鄉,178
23.9300,121.0833,萬大林道,C0I490,2017-02-03T17:00:00+08:00,1601.0,225.0,3.1,11.3,0.88,843.6,-99.0,0.0,-9.9,-99,-999,南投縣,13,仁愛鄉,178
23.9300,121.0833,萬大林道,C0I490,2017-02-03T18:00:00+08:00,1601.0,154.0,0.7,10.5,0.90,843.8,-99.0,0.0,-9.9,-99,-999,南投縣,13,仁愛鄉,178
23.9300,121.0833,萬大林道,C0I490,2017-02-03T19:00:00+08:00,1601.0,193.0,1.5,10.0,0.91,844.2,-99.0,0.0,-9.9,-99,-999,南投縣,13,仁愛鄉,178
23.9300,121.0833,萬大林道,C0I490,2017-02-03T20:00:00+08:00,1601.0,93.0,1.7,9.6,0.93,844.7,-99.0,0.0,-9.9,-99,-999,南投縣,13,仁愛鄉,178
23.9300,121.0833,萬大林道,C0I490,2017-02-03T21:00:00+08:00,1601.0,161.0,1.6,10.4,0.88,844.5,-99.0,0.0,-9.9,-99,-999,南投縣,13,仁愛鄉,178
23.9300,121.0833,萬大林道,C0I490,2017-02-03T22:00:00+08:00,1601.0,240.0,2.2,10.3,0.90,844.7,-99.0,0.0,-9.9,-99,-999,南投縣,13,仁愛鄉,178
23.9300,121.0833,萬大林道,C0I490,2017-02-03T23:00:00+08:00,1601.0,199.0,1.7,10.1,0.93,844.7,-99.0,0.0,-9.9,-99,-999,南投縣,13,仁愛鄉,178
23.9300,121.0833,萬大林道,C0I490,2017-02-04T00:00:00+08:00,1601.0,197.0,1.8,9.8,0.94,844.6,-99.0,0.0,-9.9,-99,-999,南投縣,13,仁愛鄉,178
23.9300,121.0833,萬大林道,C0I490,2017-02-04T01:00:00+08:00,1601.0,46.0,0.6,10.0,0.88,844.1,-99.0,0.0,-9.9,-99,-999,南投縣,13,仁愛鄉,178
23.9300,121.0833,萬大林道,C0I490,2017-02-04T02:00:00+08:00,1601.0,286.0,1.6,9.8,0.88,843.9,-99.0,0.0,-9.9,-99,-999,南投縣,13,仁愛鄉,178
23.9300,121.0833,萬大林道,C0I490,2017-02-04T03:00:00+08:00,1601.0,13.0,1.0,9.2,0.90,843.4,-99.0,0.0,-9.9,-99,-999,南投縣,13,仁愛鄉,178
23.9300,121.0833,萬大林道,C0I490,2017-02-04T04:00:00+08:00,1601.0,89.0,0.8,9.4,0.88,843.0,-99.0,0.0,-9.9,-99,-999,南投縣,13,仁愛鄉,178
23.9300,121.0833,萬大林道,C0I490,2017-02-04T05:00:00+08:00,1601.0,187.0,1.1,9.6,0.83,843.0,-99.0,0.0,-9.9,-99,-999,南投縣,13,仁愛鄉,178
23.9300,121.0833,萬大林道,C0I490,2017-02-04T06:00:00+08:00,1601.0,223.0,1.0,9.6,0.86,843.4,-99.0,0.0,-9.9,-99,-999,南投縣,13,仁愛鄉,178
23.9300,121.0833,萬大林道,C0I490,2017-02-04T07:00:00+08:00,1601.0,75.0,2.4,8.9,0.91,843.3,-99.0,0.0,-9.9,-99,-999,南投縣,13,仁愛鄉,178
23.9300,121.0833,萬大林道,C0I490,2017-02-04T08:00:00+08:00,1601.0,206.0,0.7,10.2,0.75,843.6,-99.0,0.0,-9.9,-99,-999,南投縣,13,仁愛鄉,178
23.9300,121.0833,萬大林道,C0I490,2017-02-04T10:00:00+08:00,1601.0,36.0,0.6,12.0,0.74,843.8,-99.0,0.0,-9.9,-99,-999,南投縣,13,仁愛鄉,178
23.9300,121.0833,萬大林道,C0I490,2017-02-04T11:00:00+08:00,1601.0,269.0,1.2,12.0,0.75,843.6,-99.0,0.0,-9.9,-99,-999,南投縣,13,仁愛鄉,178
23.9300,121.0833,萬大林道,C0I490,2017-02-04T12:00:00+08:00,1601.0,327.0,1.8,13.9,0.71,842.5,-99.0,0.0,-9.9,-99,-999,南投縣,13,仁愛鄉,178
23.9300,121.0833,萬大林道,C0I490,2017-02-04T13:00:00+08:00,1601.0,252.0,2.7,13.5,0.74,841.6,-99.0,0.0,-9.9,-99,-999,南投縣,13,仁愛鄉,178
23.9300,121.0833,萬大林道,C0I490,2017-02-04T14:00:00+08:00,1601.0,238.0,2.5,14.5,0.69,840.7,-99.0,0.0,-9.9,-99,-999,南投縣,13,仁愛鄉,178
23.9300,121.0833,萬大林道,C0I490,2017-02-04T15:00:00+08:00,1601.0,226.0,2.2,13.0,0.71,840.2,-99.0,0.0,-9.9,-99,-999,南投縣,13,仁愛鄉,178
23.9300,121.0833,萬大林道,C0I490,2017-02-04T16:00:00+08:00,1601.0,213.0,2.6,12.0,0.80,840.3,-99.0,0.0,-9.9,-99,-999,南投縣,13,仁愛鄉,178
23.9300,121.0833,萬大林道,C0I490,2017-02-04T17:00:00+08:00,1601.0,220.0,2.2,11.2,0.89,840.5,-99.0,0.0,-9.9,-99,-999,南投縣,13,仁愛鄉,178
23.9300,121.0833,萬大林道,C0I490,2017-02-04T18:00:00+08:00,1601.0,213.0,3.1,10.3,0.95,841.2,-99.0,0.0,-9.9,-99,-999,南投縣,13,仁愛鄉,178
23.9300,121.0833,萬大林道,C0I490,2017-02-04T19:00:00+08:00,1601.0,61.0,1.8,10.5,0.93,841.5,-99.0,0.0,-9.9,-99,-999,南投縣,13,仁愛鄉,178
23.9300,121.0833,萬大林道,C0I490,2017-02-04T20:00:00+08:00,1601.0,114.0,1.3,10.6,0.91,841.8,-99.0,0.0,-9.9,-99,-999,南投縣,13,仁愛鄉,178
23.9300,121.0833,萬大林道,C0I490,2017-02-04T21:00:00+08:00,1601.0,74.0,1.6,10.9,0.86,841.7,-99.0,0.0,-9.9,-99,-999,南投縣,13,仁愛鄉,178
23.9300,121.0833,萬大林道,C0I490,2017-02-04T22:00:00+08:00,1601.0,130.0,0.9,11.6,0.75,841.7,-99.0,0.0,-9.9,-99,-999,南投縣,13,仁愛鄉,178
23.9300,121.0833,萬大林道,C0I490,2017-02-04T23:00:00+08:00,1601.0,267.0,0.4,11.2,0.77,841.6,-99.0,0.0,-9.9,-99,-999,南投縣,13,仁愛鄉,178
23.9300,121.0833,萬大林道,C0I490,2017-02-05T00:00:00+08:00,1601.0,180.0,1.5,11.2,0.77,841.7,-99.0,0.0,-9.9,-99,-999,南投縣,13,仁愛鄉,178
23.9300,121.0833,萬大林道,C0I490,2017-02-05T01:00:00+08:00,1601.0,160.0,1.5,11.0,0.78,841.5,-99.0,0.0,-9.9,-99,-999,南投縣,13,仁愛鄉,178
23.9300,121.0833,萬大林道,C0I490,2017-02-05T02:00:00+08:00,1601.0,252.0,0.3,10.4,0.79,840.9,-99.0,0.0,-9.9,-99,-999,南投縣,13,仁愛鄉,178
23.9300,121.0833,萬大林道,C0I490,2017-02-05T03:00:00+08:00,1601.0,84.0,1.6,10.1,0.75,839.8,-99.0,0.0,-9.9,-99,-999,南投縣,13,仁愛鄉,178
23.9300,121.0833,萬大林道,C0I490,2017-02-05T04:00:00+08:00,1601.0,159.0,2.5,10.3,0.76,839.3,-99.0,0.0,-9.9,-99,-999,南投縣,13,仁愛鄉,178
23.9300,121.0833,萬大林道,C0I490,2017-02-05T05:00:00+08:00,1601.0,220.0,2.7,9.0,0.95,840.2,-99.0,0.0,-9.9,-99,-999,南投縣,13,仁愛鄉,178
23.9300,121.0833,萬大林道,C0I490,2017-02-05T06:00:00+08:00,1601.0,160.0,0.6,9.2,0.91,841.0,-99.0,0.0,-9.9,-99,-999,南投縣,13,仁愛鄉,178
23.9300,121.0833,萬大林道,C0I490,2017-02-05T07:00:00+08:00,1601.0,81.0,2.3,9.4,0.79,841.2,-99.0,0.0,-9.9,-99,-999,南投縣,13,仁愛鄉,178
23.9300,121.0833,萬大林道,C0I490,2017-02-05T08:00:00+08:00,1601.0,145.0,1.1,10.8,0.79,841.5,-99.0,0.0,-9.9,-99,-999,南投縣,13,仁愛鄉,178
23.9300,121.0833,萬大林道,C0I490,2017-02-05T10:00:00+08:00,1601.0,249.0,2.6,12.5,0.68,841.5,-99.0,0.0,-9.9,-99,-999,南投縣,13,仁愛鄉,178
23.9300,121.0833,萬大林道,C0I490,2017-02-05T11:00:00+08:00,1601.0,209.0,2.5,13.0,0.70,841.3,-99.0,0.0,-9.9,-99,-999,南投縣,13,仁愛鄉,178
23.9300,121.0833,萬大林道,C0I490,2017-02-05T12:00:00+08:00,1601.0,243.0,1.5,13.2,0.75,840.7,-99.0,0.0,-9.9,-99,-999,南投縣,13,仁愛鄉,178
23.9300,121.0833,萬大林道,C0I490,2017-02-05T13:00:00+08:00,1601.0,215.0,2.7,12.8,0.72,840.0,-99.0,0.0,-9.9,-99,-999,南投縣,13,仁愛鄉,178
23.9300,121.0833,萬大林道,C0I490,2017-02-05T14:00:00+08:00,1601.0,192.0,2.3,13.8,0.68,839.6,-99.0,0.0,-9.9,-99,-999,南投縣,13,仁愛鄉,178
23.9300,121.0833,萬大林道,C0I490,2017-02-05T15:00:00+08:00,1601.0,244.0,2.6,13.9,0.65,839.8,-99.0,0.0,-9.9,-99,-999,南投縣,13,仁愛鄉,178
23.9300,121.0833,萬大林道,C0I490,2017-02-05T16:00:00+08:00,1601.0,128.0,1.1,13.2,0.73,839.7,-99.0,0.0,-9.9,-99,-999,南投縣,13,仁愛鄉,178
23.9300,121.0833,萬大林道,C0I490,2017-02-05T17:00:00+08:00,1601.0,82.0,2.9,12.8,0.71,839.6,-99.0,0.0,-9.9,-99,-999,南投縣,13,仁愛鄉,178
23.9300,121.0833,萬大林道,C0I490,2017-02-05T18:00:00+08:00,1601.0,221.0,3.9,11.9,0.79,839.4,-99.0,0.0,-9.9,-99,-999,南投縣,13,仁愛鄉,178
23.9300,121.0833,萬大林道,C0I490,2017-02-05T19:00:00+08:00,1601.0,93.0,2.1,13.0,0.68,839.6,-99.0,0.0,-9.9,-99,-999,南投縣,13,仁愛鄉,178
23.9300,121.0833,萬大林道,C0I490,2017-02-05T20:00:00+08:00,1601.0,75.0,1.4,13.7,0.63,840.4,-99.0,0.0,-9.9,-99,-999,南投縣,13,仁愛鄉,178
23.9300,121.0833,萬大林道,C0I490,2017-02-05T21:00:00+08:00,1601.0,116.0,0.6,13.2,0.63,840.5,-99.0,0.0,-9.9,-99,-999,南投縣,13,仁愛鄉,178
23.9300,121.0833,萬大林道,C0I490,2017-02-05T22:00:00+08:00,1601.0,52.0,1.6,13.2,0.60,840.2,-99.0,0.0,-9.9,-99,-999,南投縣,13,仁愛鄉,178
23.9300,121.0833,萬大林道,C0I490,2017-02-05T23:00:00+08:00,1601.0,44.0,0.8,13.1,0.62,840.8,-99.0,0.0,-9.9,-99,-999,南投縣,13,仁愛鄉,178
23.9300,121.0833,萬大林道,C0I490,2017-02-06T00:00:00+08:00,1601.0,193.0,2.0,13.3,0.65,840.9,-99.0,0.0,-9.9,-99,-999,南投縣,13,仁愛鄉,178
23.9300,121.0833,萬大林道,C0I490,2017-02-06T01:00:00+08:00,1601.0,118.0,1.4,13.6,0.62,840.4,-99.0,0.0,-9.9,-99,-999,南投縣,13,仁愛鄉,178
23.9300,121.0833,萬大林道,C0I490,2017-02-06T02:00:00+08:00,1601.0,190.0,2.6,12.3,0.70,840.2,-99.0,0.0,-9.9,-99,-999,南投縣,13,仁愛鄉,178
23.9300,121.0833,萬大林道,C0I490,2017-02-06T03:00:00+08:00,1601.0,85.0,0.8,12.9,0.65,840.0,-99.0,0.0,-9.9,-99,-999,南投縣,13,仁愛鄉,178
23.9300,121.0833,萬大林道,C0I490,2017-02-06T04:00:00+08:00,1601.0,83.0,2.5,11.6,0.67,839.8,-99.0,0.0,-9.9,-99,-999,南投縣,13,仁愛鄉,178
23.9300,121.0833,萬大林道,C0I490,2017-02-06T05:00:00+08:00,1601.0,80.0,2.1,12.1,0.67,840.1,-99.0,0.0,-9.9,-99,-999,南投縣,13,仁愛鄉,178
23.9300,121.0833,萬大林道,C0I490,2017-02-06T06:00:00+08:00,1601.0,222.0,1.3,12.5,0.67,840.8,-99.0,0.0,-9.9,-99,-999,南投縣,13,仁愛鄉,178
23.9300,121.0833,萬大林道,C0I490,2017-02-06T07:00:00+08:00,1601.0,176.0,0.9,13.3,0.59,841.4,-99.0,0.0,-9.9,-99,-999,南投縣,13,仁愛鄉,178
23.9300,121.0833,萬大林道,C0I490,2017-02-06T08:00:00+08:00,1601.0,74.0,0.5,15.5,0.54,841.9,-99.0,0.0,-9.9,-99,-999,南投縣,13,仁愛鄉,178
23.9300,121.0833,萬大林道,C0I490,2017-02-06T10:00:00+08:00,1601.0,232.0,2.3,15.5,0.57,842.7,-99.0,0.0,-9.9,-99,-999,南投縣,13,仁愛鄉,178
23.9300,121.0833,萬大林道,C0I490,2017-02-06T11:00:00+08:00,1601.0,235.0,3.2,16.3,0.61,842.5,-99.0,0.0,-9.9,-99,-999,南投縣,13,仁愛鄉,178
23.9300,121.0833,萬大林道,C0I490,2017-02-06T12:00:00+08:00,1601.0,241.0,4.1,16.9,0.61,842.1,-99.0,0.0,-9.9,-99,-999,南投縣,13,仁愛鄉,178
23.9300,121.0833,萬大林道,C0I490,2017-02-06T13:00:00+08:00,1601.0,231.0,3.6,18.7,0.60,841.8,-99.0,0.0,-9.9,-99,-999,南投縣,13,仁愛鄉,178
23.9300,121.0833,萬大林道,C0I490,2017-02-06T14:00:00+08:00,1601.0,249.0,4.2,18.3,0.61,841.4,-99.0,0.0,-9.9,-99,-999,南投縣,13,仁愛鄉,178
23.9300,121.0833,萬大林道,C0I490,2017-02-06T15:00:00+08:00,1601.0,253.0,4.2,18.7,0.61,841.1,-99.0,0.0,-9.9,-99,-999,南投縣,13,仁愛鄉,178
23.9300,121.0833,萬大林道,C0I490,2017-02-06T16:00:00+08:00,1601.0,235.0,3.7,17.3,0.70,841.2,-99.0,0.0,-9.9,-99,-999,南投縣,13,仁愛鄉,178
23.9300,121.0833,萬大林道,C0I490,2017-02-06T17:00:00+08:00,1601.0,232.0,2.6,15.4,0.75,841.3,-99.0,0.0,-9.9,-99,-999,南投縣,13,仁愛鄉,178
23.9300,121.0833,萬大林道,C0I490,2017-02-06T18:00:00+08:00,1601.0,74.0,2.3,13.9,0.79,841.4,-99.0,0.0,-9.9,-99,-999,南投縣,13,仁愛鄉,178
23.9300,121.0833,萬大林道,C0I490,2017-02-06T19:00:00+08:00,1601.0,80.0,2.9,13.0,0.79,841.8,-99.0,0.0,-9.9,-99,-999,南投縣,13,仁愛鄉,178
23.9300,121.0833,萬大林道,C0I490,2017-02-06T20:00:00+08:00,1601.0,197.0,0.7,13.3,0.80,842.2,-99.0,0.0,-9.9,-99,-999,南投縣,13,仁愛鄉,178
23.9300,121.0833,萬大林道,C0I490,2017-02-06T21:00:00+08:00,1601.0,208.0,1.0,13.3,0.81,842.4,-99.0,0.0,-9.9,-99,-999,南投縣,13,仁愛鄉,178
23.9300,121.0833,萬大林道,C0I490,2017-02-06T22:00:00+08:00,1601.0,186.0,0.8,13.2,0.81,842.6,-99.0,0.0,-9.9,-99,-999,南投縣,13,仁愛鄉,178
23.9300,121.0833,萬大林道,C0I490,2017-02-06T23:00:00+08:00,1601.0,197.0,1.4,12.7,0.85,842.7,-99.0,0.0,-9.9,-99,-999,南投縣,13,仁愛鄉,178
23.9300,121.0833,萬大林道,C0I490,2017-02-07T00:00:00+08:00,1601.0,109.0,0.4,11.9,0.87,842.5,-99.0,0.0,-9.9,-99,-999,南投縣,13,仁愛鄉,178
23.9300,121.0833,萬大林道,C0I490,2017-02-07T01:00:00+08:00,1601.0,258.0,1.2,11.4,0.84,842.5,-99.0,0.0,-9.9,-99,-999,南投縣,13,仁愛鄉,178
23.9300,121.0833,萬大林道,C0I490,2017-02-07T02:00:00+08:00,1601.0,51.0,0.9,10.7,0.70,842.1,-99.0,0.0,-9.9,-99,-999,南投縣,13,仁愛鄉,178
23.9300,121.0833,萬大林道,C0I490,2017-02-07T03:00:00+08:00,1601.0,64.0,1.3,10.5,0.69,842.0,-99.0,0.0,-9.9,-99,-999,南投縣,13,仁愛鄉,178
23.9300,121.0833,萬大林道,C0I490,2017-02-07T04:00:00+08:00,1601.0,94.0,2.0,10.0,0.69,842.1,-99.0,0.0,-9.9,-99,-999,南投縣,13,仁愛鄉,178
23.9300,121.0833,萬大林道,C0I490,2017-02-07T05:00:00+08:00,1601.0,132.0,0.5,11.3,0.63,842.1,-99.0,0.0,-9.9,-99,-999,南投縣,13,仁愛鄉,178
23.9300,121.0833,萬大林道,C0I490,2017-02-07T06:00:00+08:00,1601.0,75.0,0.7,11.3,0.61,842.4,-99.0,0.0,-9.9,-99,-999,南投縣,13,仁愛鄉,178
23.9300,121.0833,萬大林道,C0I490,2017-02-07T07:00:00+08:00,1601.0,199.0,0.8,12.0,0.57,842.9,-99.0,0.0,-9.9,-99,-999,南投縣,13,仁愛鄉,178
23.9300,121.0833,萬大林道,C0I490,2017-02-07T08:00:00+08:00,1601.0,139.0,0.8,13.5,0.54,843.3,-99.0,0.0,-9.9,-99,-999,南投縣,13,仁愛鄉,178
23.9300,121.0833,萬大林道,C0I490,2017-02-07T10:00:00+08:00,1601.0,282.0,0.8,16.7,0.41,843.6,-99.0,0.0,-9.9,-99,-999,南投縣,13,仁愛鄉,178
23.9300,121.0833,萬大林道,C0I490,2017-02-07T11:00:00+08:00,1601.0,261.0,1.4,16.9,0.45,842.9,-99.0,0.0,-9.9,-99,-999,南投縣,13,仁愛鄉,178
23.9300,121.0833,萬大林道,C0I490,2017-02-07T12:00:00+08:00,1601.0,235.0,4.2,15.0,0.71,842.2,-99.0,0.0,-9.9,-99,-999,南投縣,13,仁愛鄉,178
23.9300,121.0833,萬大林道,C0I490,2017-02-07T13:00:00+08:00,1601.0,230.0,3.9,15.8,0.70,841.6,-99.0,0.0,-9.9,-99,-999,南投縣,13,仁愛鄉,178
23.9300,121.0833,萬大林道,C0I490,2017-02-07T14:00:00+08:00,1601.0,231.0,3.4,15.9,0.73,841.2,-99.0,0.0,-9.9,-99,-999,南投縣,13,仁愛鄉,178
23.9300,121.0833,萬大林道,C0I490,2017-02-07T15:00:00+08:00,1601.0,225.0,3.3,14.6,0.79,841.0,-99.0,0.0,-9.9,-99,-999,南投縣,13,仁愛鄉,178
23.9300,121.0833,萬大林道,C0I490,2017-02-07T16:00:00+08:00,1601.0,223.0,3.9,13.5,0.83,841.3,-99.0,0.0,-9.9,-99,-999,南投縣,13,仁愛鄉,178
23.9300,121.0833,萬大林道,C0I490,2017-02-07T17:00:00+08:00,1601.0,52.0,0.6,13.5,0.81,841.7,-99.0,0.0,-9.9,-99,-999,南投縣,13,仁愛鄉,178
23.9300,121.0833,萬大林道,C0I490,2017-02-07T18:00:00+08:00,1601.0,47.0,0.9,11.7,0.90,841.8,-99.0,0.0,-9.9,-99,-999,南投縣,13,仁愛鄉,178
23.9300,121.0833,萬大林道,C0I490,2017-02-07T19:00:00+08:00,1601.0,139.0,0.3,12.3,0.80,842.2,-99.0,0.0,-9.9,-99,-999,南投縣,13,仁愛鄉,178
23.9300,121.0833,萬大林道,C0I490,2017-02-07T20:00:00+08:00,1601.0,164.0,1.3,13.1,0.68,842.5,-99.0,0.0,-9.9,-99,-999,南投縣,13,仁愛鄉,178
23.9300,121.0833,萬大林道,C0I490,2017-02-07T21:00:00+08:00,1601.0,174.0,1.4,13.1,0.50,842.4,-99.0,0.0,-9.9,-99,-999,南投縣,13,仁愛鄉,178
23.9300,121.0833,萬大林道,C0I490,2017-02-07T22:00:00+08:00,1601.0,75.0,0.7,12.6,0.46,842.3,-99.0,0.0,-9.9,-99,-999,南投縣,13,仁愛鄉,178
23.9300,121.0833,萬大林道,C0I490,2017-02-07T23:00:00+08:00,1601.0,243.0,1.2,12.6,0.57,842.0,-99.0,0.0,-9.9,-99,-999,南投縣,13,仁愛鄉,178
23.9300,121.0833,萬大林道,C0I490,2017-02-08T00:00:00+08:00,1601.0,248.0,0.9,11.5,0.67,841.7,-99.0,0.0,-9.9,-99,-999,南投縣,13,仁愛鄉,178
23.9300,121.0833,萬大林道,C0I490,2017-02-08T01:00:00+08:00,1601.0,145.0,0.3,10.7,0.65,841.6,-99.0,0.0,-9.9,-99,-999,南投縣,13,仁愛鄉,178
23.9300,121.0833,萬大林道,C0I490,2017-02-08T02:00:00+08:00,1601.0,252.0,0.4,9.7,0.80,841.6,-99.0,0.0,-9.9,-99,-999,南投縣,13,仁愛鄉,178
23.9300,121.0833,萬大林道,C0I490,2017-02-08T03:00:00+08:00,1601.0,72.0,1.8,9.1,0.62,841.0,-99.0,0.0,-9.9,-99,-999,南投縣,13,仁愛鄉,178
23.9300,121.0833,萬大林道,C0I490,2017-02-08T04:00:00+08:00,1601.0,193.0,2.2,10.6,0.59,840.4,-99.0,0.0,-9.9,-99,-999,南投縣,13,仁愛鄉,178
23.9300,121.0833,萬大林道,C0I490,2017-02-08T05:00:00+08:00,1601.0,293.0,0.9,9.6,0.66,840.7,-99.0,0.0,-9.9,-99,-999,南投縣,13,仁愛鄉,178
23.9300,121.0833,萬大林道,C0I490,2017-02-08T06:00:00+08:00,1601.0,0.0,0.2,8.0,0.86,841.3,-99.0,0.0,-9.9,-99,-999,南投縣,13,仁愛鄉,178
23.9300,121.0833,萬大林道,C0I490,2017-02-08T07:00:00+08:00,1601.0,80.0,2.7,8.7,0.68,841.7,-99.0,0.0,-9.9,-99,-999,南投縣,13,仁愛鄉,178
23.9300,121.0833,萬大林道,C0I490,2017-02-08T08:00:00+08:00,1601.0,169.0,1.3,12.2,0.49,841.6,-99.0,0.0,-9.9,-99,-999,南投縣,13,仁愛鄉,178
23.9300,121.0833,萬大林道,C0I490,2017-02-08T10:00:00+08:00,1601.0,68.0,0.6,14.2,0.59,842.2,-99.0,0.0,-9.9,-99,-999,南投縣,13,仁愛鄉,178
23.9300,121.0833,萬大林道,C0I490,2017-02-08T11:00:00+08:00,1601.0,194.0,1.2,15.9,0.63,841.6,-99.0,0.0,-9.9,-99,-999,南投縣,13,仁愛鄉,178
23.9300,121.0833,萬大林道,C0I490,2017-02-08T12:00:00+08:00,1601.0,232.0,6.9,9.2,0.99,841.9,-99.0,0.0,-9.9,-99,-999,南投縣,13,仁愛鄉,178
23.9300,121.0833,萬大林道,C0I490,2017-02-08T13:00:00+08:00,1601.0,250.0,2.7,9.0,0.99,841.8,-99.0,0.0,-9.9,-99,-999,南投縣,13,仁愛鄉,178
23.9300,121.0833,萬大林道,C0I490,2017-02-08T14:00:00+08:00,1601.0,199.0,2.0,8.8,0.99,841.5,-99.0,0.0,-9.9,-99,-999,南投縣,13,仁愛鄉,178
23.9300,121.0833,萬大林道,C0I490,2017-02-08T15:00:00+08:00,1601.0,256.0,1.1,9.2,0.99,841.2,-99.0,0.0,-9.9,-99,-999,南投縣,13,仁愛鄉,178
23.9300,121.0833,萬大林道,C0I490,2017-02-08T16:00:00+08:00,1601.0,189.0,2.1,8.4,0.99,841.1,-99.0,0.0,-9.9,-99,-999,南投縣,13,仁愛鄉,178
23.9300,121.0833,萬大林道,C0I490,2017-02-08T17:00:00+08:00,1601.0,221.0,2.3,8.5,0.88,841.2,-99.0,0.0,-9.9,-99,-999,南投縣,13,仁愛鄉,178
23.9300,121.0833,萬大林道,C0I490,2017-02-08T18:00:00+08:00,1601.0,241.0,1.0,8.7,0.86,841.1,-99.0,0.0,-9.9,-99,-999,南投縣,13,仁愛鄉,178
23.9300,121.0833,萬大林道,C0I490,2017-02-08T19:00:00+08:00,1601.0,167.0,1.6,8.7,0.84,841.4,-99.0,0.0,-9.9,-99,-999,南投縣,13,仁愛鄉,178
23.9300,121.0833,萬大林道,C0I490,2017-02-08T20:00:00+08:00,1601.0,64.0,0.5,9.4,0.73,841.6,-99.0,0.0,-9.9,-99,-999,南投縣,13,仁愛鄉,178
23.9300,121.0833,萬大林道,C0I490,2017-02-08T21:00:00+08:00,1601.0,53.0,1.0,9.2,0.80,841.8,-99.0,0.0,-9.9,-99,-999,南投縣,13,仁愛鄉,178
23.9300,121.0833,萬大林道,C0I490,2017-02-08T22:00:00+08:00,1601.0,72.0,2.8,8.7,0.84,841.9,-99.0,0.0,-9.9,-99,-999,南投縣,13,仁愛鄉,178
23.9300,121.0833,萬大林道,C0I490,2017-02-08T23:00:00+08:00,1601.0,120.0,0.3,9.8,0.75,842.1,-99.0,0.0,-9.9,-99,-999,南投縣,13,仁愛鄉,178
23.9300,121.0833,萬大林道,C0I490,2017-02-09T00:00:00+08:00,1601.0,73.0,1.8,9.6,0.75,841.6,-99.0,0.0,-9.9,-99,-999,南投縣,13,仁愛鄉,178
23.9300,121.0833,萬大林道,C0I490,2017-02-09T01:00:00+08:00,1601.0,198.0,3.7,8.1,0.94,841.6,-99.0,0.0,-9.9,-99,-999,南投縣,13,仁愛鄉,178
23.9300,121.0833,萬大林道,C0I490,2017-02-09T02:00:00+08:00,1601.0,68.0,2.5,8.4,0.88,841.0,-99.0,0.0,-9.9,-99,-999,南投縣,13,仁愛鄉,178
23.9300,121.0833,萬大林道,C0I490,2017-02-09T03:00:00+08:00,1601.0,82.0,2.1,9.6,0.77,840.5,-99.0,0.0,-9.9,-99,-999,南投縣,13,仁愛鄉,178
23.9300,121.0833,萬大林道,C0I490,2017-02-09T04:00:00+08:00,1601.0,45.0,0.8,9.5,0.77,839.9,-99.0,0.0,-9.9,-99,-999,南投縣,13,仁愛鄉,178
23.9300,121.0833,萬大林道,C0I490,2017-02-09T05:00:00+08:00,1601.0,223.0,2.0,8.3,0.88,840.1,-99.0,0.0,-9.9,-99,-999,南投縣,13,仁愛鄉,178
23.9300,121.0833,萬大林道,C0I490,2017-02-09T06:00:00+08:00,1601.0,171.0,0.8,7.2,0.99,840.8,-99.0,0.0,-9.9,-99,-999,南投縣,13,仁愛鄉,178
23.9300,121.0833,萬大林道,C0I490,2017-02-09T07:00:00+08:00,1601.0,261.0,0.8,7.3,0.99,841.3,-99.0,0.0,-9.9,-99,-999,南投縣,13,仁愛鄉,178
23.9300,121.0833,萬大林道,C0I490,2017-02-09T08:00:00+08:00,1601.0,51.0,1.1,7.6,0.99,841.5,-99.0,0.0,-9.9,-99,-999,南投縣,13,仁愛鄉,178
23.9300,121.0833,萬大林道,C0I490,2017-02-09T10:00:00+08:00,1601.0,234.0,2.0,10.7,0.81,841.6,-99.0,0.0,-9.9,-99,-999,南投縣,13,仁愛鄉,178
23.9300,121.0833,萬大林道,C0I490,2017-02-09T11:00:00+08:00,1601.0,263.0,3.0,11.4,0.81,841.4,-99.0,0.0,-9.9,-99,-999,南投縣,13,仁愛鄉,178
23.9300,121.0833,萬大林道,C0I490,2017-02-09T12:00:00+08:00,1601.0,324.0,1.4,12.6,0.78,840.7,-99.0,0.0,-9.9,-99,-999,南投縣,13,仁愛鄉,178
23.9300,121.0833,萬大林道,C0I490,2017-02-09T13:00:00+08:00,1601.0,290.0,1.6,15.9,0.65,839.7,-99.0,0.0,-9.9,-99,-999,南投縣,13,仁愛鄉,178
23.9300,121.0833,萬大林道,C0I490,2017-02-09T14:00:00+08:00,1601.0,278.0,2.6,15.7,0.64,838.5,-99.0,0.0,-9.9,-99,-999,南投縣,13,仁愛鄉,178
23.9300,121.0833,萬大林道,C0I490,2017-02-09T15:00:00+08:00,1601.0,222.0,4.7,9.6,0.87,838.8,-99.0,0.0,-9.9,-99,-999,南投縣,13,仁愛鄉,178
23.9300,121.0833,萬大林道,C0I490,2017-02-09T16:00:00+08:00,1601.0,217.0,2.5,8.5,0.93,839.5,-99.0,0.0,-9.9,-99,-999,南投縣,13,仁愛鄉,178
23.9300,121.0833,萬大林道,C0I490,2017-02-09T17:00:00+08:00,1601.0,295.0,0.5,9.0,0.87,839.9,-99.0,0.0,-9.9,-99,-999,南投縣,13,仁愛鄉,178
23.9300,121.0833,萬大林道,C0I490,2017-02-09T18:00:00+08:00,1601.0,263.0,1.1,8.6,0.91,840.2,-99.0,0.0,-9.9,-99,-999,南投縣,13,仁愛鄉,178
23.9300,121.0833,萬大林道,C0I490,2017-02-09T19:00:00+08:00,1601.0,278.0,2.3,8.1,0.95,840.6,-99.0,0.0,-9.9,-99,-999,南投縣,13,仁愛鄉,178
23.9300,121.0833,萬大林道,C0I490,2017-02-09T20:00:00+08:00,1601.0,4.0,1.0,7.8,0.98,840.9,-99.0,0.0,-9.9,-99,-999,南投縣,13,仁愛鄉,178
23.9300,121.0833,萬大林道,C0I490,2017-02-09T21:00:00+08:00,1601.0,285.0,0.8,7.8,0.99,841.1,-99.0,0.0,-9.9,-99,-999,南投縣,13,仁愛鄉,178
23.9300,121.0833,萬大林道,C0I490,2017-02-09T22:00:00+08:00,1601.0,273.0,1.7,7.9,0.99,841.1,-99.0,0.0,-9.9,-99,-999,南投縣,13,仁愛鄉,178
23.9300,121.0833,萬大林道,C0I490,2017-02-09T23:00:00+08:00,1601.0,233.0,1.9,7.2,0.99,841.1,-99.0,0.0,-9.9,-99,-999,南投縣,13,仁愛鄉,178
23.9300,121.0833,萬大林道,C0I490,2017-02-10T00:00:00+08:00,1601.0,0.0,0.2,7.5,0.99,841.0,-99.0,0.0,-9.9,-99,-999,南投縣,13,仁愛鄉,178
23.9300,121.0833,萬大林道,C0I490,2017-02-10T01:00:00+08:00,1601.0,246.0,1.9,7.1,0.99,840.9,-99.0,0.0,-9.9,-99,-999,南投縣,13,仁愛鄉,178
23.9300,121.0833,萬大林道,C0I490,2017-02-10T02:00:00+08:00,1601.0,243.0,3.4,7.0,0.99,841.0,-99.0,0.0,-9.9,-99,-999,南投縣,13,仁愛鄉,178
23.9300,121.0833,萬大林道,C0I490,2017-02-10T03:00:00+08:00,1601.0,243.0,2.9,6.7,0.99,840.8,-99.0,0.0,-9.9,-99,-999,南投縣,13,仁愛鄉,178
23.9300,121.0833,萬大林道,C0I490,2017-02-10T04:00:00+08:00,1601.0,238.0,2.7,6.5,0.99,840.8,-99.0,0.0,-9.9,-99,-999,南投縣,13,仁愛鄉,178
23.9300,121.0833,萬大林道,C0I490,2017-02-10T05:00:00+08:00,1601.0,264.0,1.0,6.5,0.99,840.7,-99.0,0.0,-9.9,-99,-999,南投縣,13,仁愛鄉,178
23.9300,121.0833,萬大林道,C0I490,2017-02-10T06:00:00+08:00,1601.0,65.0,0.8,6.2,0.99,841.2,-99.0,0.0,-9.9,-99,-999,南投縣,13,仁愛鄉,178
23.9300,121.0833,萬大林道,C0I490,2017-02-10T07:00:00+08:00,1601.0,240.0,0.6,5.8,0.99,841.6,-99.0,0.0,-9.9,-99,-999,南投縣,13,仁愛鄉,178
23.9300,121.0833,萬大林道,C0I490,2017-02-10T08:00:00+08:00,1601.0,59.0,0.9,6.5,0.99,842.2,-99.0,0.0,-9.9,-99,-999,南投縣,13,仁愛鄉,178
23.9300,121.0833,萬大林道,C0I490,2017-02-10T09:00:00+08:00,1601.0,234.0,1.4,6.9,0.99,842.7,-99.0,0.0,-9.9,-99,-999,南投縣,13,仁愛鄉,178
23.9300,121.0833,萬大林道,C0I490,2017-02-10T10:00:00+08:00,1601.0,235.0,1.2,6.8,0.99,843.0,-99.0,0.0,-9.9,-99,-999,南投縣,13,仁愛鄉,178
23.9300,121.0833,萬大林道,C0I490,2017-02-10T11:00:00+08:00,1601.0,295.0,1.7,7.0,0.99,843.0,-99.0,0.0,-9.9,-99,-999,南投縣,13,仁愛鄉,178
23.9300,121.0833,萬大林道,C0I490,2017-02-10T12:00:00+08:00,1601.0,238.0,1.9,7.4,0.95,842.7,-99.0,0.0,-9.9,-99,-999,南投縣,13,仁愛鄉,178
23.9300,121.0833,萬大林道,C0I490,2017-02-10T13:00:00+08:00,1601.0,227.0,1.6,7.1,0.96,841.9,-99.0,0.0,-9.9,-99,-999,南投縣,13,仁愛鄉,178
23.9300,121.0833,萬大林道,C0I490,2017-02-10T14:00:00+08:00,1601.0,311.0,0.9,8.1,0.90,841.3,-99.0,0.0,-9.9,-99,-999,南投縣,13,仁愛鄉,178
23.9300,121.0833,萬大林道,C0I490,2017-02-10T15:00:00+08:00,1601.0,252.0,2.1,6.9,0.97,841.2,-99.0,0.0,-9.9,-99,-999,南投縣,13,仁愛鄉,178
23.9300,121.0833,萬大林道,C0I490,2017-02-10T16:00:00+08:00,1601.0,252.0,2.6,6.5,0.99,841.7,-99.0,0.0,-9.9,-99,-999,南投縣,13,仁愛鄉,178
23.9300,121.0833,萬大林道,C0I490,2017-02-10T17:00:00+08:00,1601.0,211.0,1.4,5.7,0.99,842.3,-99.0,0.0,-9.9,-99,-999,南投縣,13,仁愛鄉,178
23.9300,121.0833,萬大林道,C0I490,2017-02-10T18:00:00+08:00,1601.0,248.0,1.3,5.8,0.99,842.5,-99.0,0.0,-9.9,-99,-999,南投縣,13,仁愛鄉,178
23.9300,121.0833,萬大林道,C0I490,2017-02-10T19:00:00+08:00,1601.0,30.0,0.8,5.6,0.99,842.9,-99.0,0.0,-9.9,-99,-999,南投縣,13,仁愛鄉,178
23.9300,121.0833,萬大林道,C0I490,2017-02-10T20:00:00+08:00,1601.0,46.0,1.1,5.5,0.99,843.3,-99.0,0.0,-9.9,-99,-999,南投縣,13,仁愛鄉,178
23.9300,121.0833,萬大林道,C0I490,2017-02-10T21:00:00+08:00,1601.0,297.0,1.1,5.8,0.98,843.6,-99.0,0.0,-9.9,-99,-999,南投縣,13,仁愛鄉,178
23.9300,121.0833,萬大林道,C0I490,2017-02-10T22:00:00+08:00,1601.0,229.0,2.1,5.4,0.98,843.9,-99.0,0.0,-9.9,-99,-999,南投縣,13,仁愛鄉,178
23.9300,121.0833,萬大林道,C0I490,2017-02-10T23:00:00+08:00,1601.0,200.0,2.8,5.2,0.99,844.0,-99.0,0.0,-9.9,-99,-999,南投縣,13,仁愛鄉,178
23.9300,121.0833,萬大林道,C0I490,2017-02-11T00:00:00+08:00,1601.0,225.0,1.5,5.1,0.99,844.0,-99.0,0.0,-9.9,-99,-999,南投縣,13,仁愛鄉,178
23.9300,121.0833,萬大林道,C0I490,2017-02-11T01:00:00+08:00,1601.0,248.0,2.2,5.1,0.99,843.9,-99.0,0.0,-9.9,-99,-999,南投縣,13,仁愛鄉,178
23.9300,121.0833,萬大林道,C0I490,2017-02-11T02:00:00+08:00,1601.0,221.0,2.4,5.2,0.99,843.6,-99.0,0.0,-9.9,-99,-999,南投縣,13,仁愛鄉,178
23.9300,121.0833,萬大林道,C0I490,2017-02-11T03:00:00+08:00,1601.0,233.0,2.3,5.1,0.99,843.5,-99.0,0.5,-9.9,-99,-999,南投縣,13,仁愛鄉,178
23.9300,121.0833,萬大林道,C0I490,2017-02-11T04:00:00+08:00,1601.0,229.0,2.2,5.2,0.99,843.5,-99.0,1.0,-9.9,-99,-999,南投縣,13,仁愛鄉,178
23.9300,121.0833,萬大林道,C0I490,2017-02-11T05:00:00+08:00,1601.0,262.0,3.9,5.1,0.99,843.6,-99.0,1.5,-9.9,-99,-999,南投縣,13,仁愛鄉,178
23.9300,121.0833,萬大林道,C0I490,2017-02-11T06:00:00+08:00,1601.0,248.0,2.9,5.1,0.99,844.2,-99.0,1.5,-9.9,-99,-999,南投縣,13,仁愛鄉,178
23.9300,121.0833,萬大林道,C0I490,2017-02-11T07:00:00+08:00,1601.0,251.0,2.7,5.2,0.99,844.8,-99.0,2.0,-9.9,-99,-999,南投縣,13,仁愛鄉,178
23.9300,121.0833,萬大林道,C0I490,2017-02-11T08:00:00+08:00,1601.0,263.0,5.3,4.3,0.99,845.6,-99.0,3.5,-9.9,-99,-999,南投縣,13,仁愛鄉,178
23.9300,121.0833,萬大林道,C0I490,2017-02-11T09:00:00+08:00,1601.0,155.0,3.1,3.9,0.98,846.6,-99.0,4.0,-9.9,-99,-999,南投縣,13,仁愛鄉,178
23.9300,121.0833,萬大林道,C0I490,2017-02-11T10:00:00+08:00,1601.0,160.0,2.9,3.7,0.88,846.8,-99.0,4.0,-9.9,-99,-999,南投縣,13,仁愛鄉,178
23.9300,121.0833,萬大林道,C0I490,2017-02-11T11:00:00+08:00,1601.0,132.0,3.4,3.7,0.89,846.5,-99.0,4.0,-9.9,-99,-999,南投縣,13,仁愛鄉,178
23.9300,121.0833,萬大林道,C0I490,2017-02-11T12:00:00+08:00,1601.0,162.0,1.8,4.3,0.94,846.1,-99.0,4.0,-9.9,-99,-999,南投縣,13,仁愛鄉,178
23.9300,121.0833,萬大林道,C0I490,2017-02-11T13:00:00+08:00,1601.0,182.0,2.5,3.8,0.95,845.5,-99.0,4.5,-9.9,-99,-999,南投縣,13,仁愛鄉,178
23.9300,121.0833,萬大林道,C0I490,2017-02-11T14:00:00+08:00,1601.0,163.0,2.2,4.1,0.98,844.9,-99.0,4.5,-9.9,-99,-999,南投縣,13,仁愛鄉,178
23.9300,121.0833,萬大林道,C0I490,2017-02-11T15:00:00+08:00,1601.0,220.0,1.4,4.8,0.88,844.8,-99.0,5.0,-9.9,-99,-999,南投縣,13,仁愛鄉,178
23.9300,121.0833,萬大林道,C0I490,2017-02-11T16:00:00+08:00,1601.0,164.0,1.5,4.6,0.97,845.1,-99.0,5.0,-9.9,-99,-999,南投縣,13,仁愛鄉,178
23.9300,121.0833,萬大林道,C0I490,2017-02-11T17:00:00+08:00,1601.0,47.0,1.4,4.3,0.95,845.4,-99.0,5.0,-9.9,-99,-999,南投縣,13,仁愛鄉,178
23.9300,121.0833,萬大林道,C0I490,2017-02-11T18:00:00+08:00,1601.0,81.0,1.6,3.9,0.92,845.6,-99.0,5.0,-9.9,-99,-999,南投縣,13,仁愛鄉,178
23.9300,121.0833,萬大林道,C0I490,2017-02-11T19:00:00+08:00,1601.0,39.0,0.7,4.4,0.89,845.9,-99.0,5.0,-9.9,-99,-999,南投縣,13,仁愛鄉,178
23.9300,121.0833,萬大林道,C0I490,2017-02-11T20:00:00+08:00,1601.0,71.0,1.9,4.5,0.75,846.3,-99.0,5.0,-9.9,-99,-999,南投縣,13,仁愛鄉,178
23.9300,121.0833,萬大林道,C0I490,2017-02-11T21:00:00+08:00,1601.0,70.0,2.2,5.2,0.63,846.5,-99.0,5.0,-9.9,-99,-999,南投縣,13,仁愛鄉,178
23.9300,121.0833,萬大林道,C0I490,2017-02-11T22:00:00+08:00,1601.0,15.0,1.2,5.6,0.54,846.7,-99.0,5.0,-9.9,-99,-999,南投縣,13,仁愛鄉,178
23.9300,121.0833,萬大林道,C0I490,2017-02-11T23:00:00+08:00,1601.0,72.0,0.9,5.5,0.51,847.0,-99.0,5.0,-9.9,-99,-999,南投縣,13,仁愛鄉,178
23.9300,121.0833,萬大林道,C0I490,2017-02-12T00:00:00+08:00,1601.0,76.0,0.9,5.4,0.55,846.9,-99.0,5.0,-9.9,-99,-999,南投縣,13,仁愛鄉,178
23.9300,121.0833,萬大林道,C0I490,2017-02-12T01:00:00+08:00,1601.0,66.0,1.6,4.8,0.69,846.6,-99.0,0.0,-9.9,-99,-999,南投縣,13,仁愛鄉,178
23.9300,121.0833,萬大林道,C0I490,2017-02-12T02:00:00+08:00,1601.0,102.0,1.1,5.1,0.66,846.4,-99.0,0.0,-9.9,-99,-999,南投縣,13,仁愛鄉,178
23.9300,121.0833,萬大林道,C0I490,2017-02-12T03:00:00+08:00,1601.0,83.0,2.3,5.1,0.79,846.2,-99.0,0.0,-9.9,-99,-999,南投縣,13,仁愛鄉,178
23.9300,121.0833,萬大林道,C0I490,2017-02-12T04:00:00+08:00,1601.0,16.0,1.3,5.6,0.73,846.1,-99.0,0.0,-9.9,-99,-999,南投縣,13,仁愛鄉,178
23.9300,121.0833,萬大林道,C0I490,2017-02-12T05:00:00+08:00,1601.0,30.0,0.6,5.6,0.67,846.3,-99.0,0.0,-9.9,-99,-999,南投縣,13,仁愛鄉,178
23.9300,121.0833,萬大林道,C0I490,2017-02-12T06:00:00+08:00,1601.0,35.0,1.1,5.6,0.70,846.9,-99.0,0.0,-9.9,-99,-999,南投縣,13,仁愛鄉,178
23.9300,121.0833,萬大林道,C0I490,2017-02-12T07:00:00+08:00,1601.0,320.0,0.3,5.9,0.70,847.2,-99.0,0.0,-9.9,-99,-999,南投縣,13,仁愛鄉,178
23.9300,121.0833,萬大林道,C0I490,2017-02-12T08:00:00+08:00,1601.0,229.0,1.4,6.5,0.64,847.6,-99.0,0.0,-9.9,-99,-999,南投縣,13,仁愛鄉,178
23.9300,121.0833,萬大林道,C0I490,2017-02-12T10:00:00+08:00,1601.0,321.0,0.6,6.5,0.68,848.3,-99.0,0.0,-9.9,-99,-999,南投縣,13,仁愛鄉,178
23.9300,121.0833,萬大林道,C0I490,2017-02-12T11:00:00+08:00,1601.0,294.0,0.9,7.3,0.68,848.1,-99.0,0.0,-9.9,-99,-999,南投縣,13,仁愛鄉,178
23.9300,121.0833,萬大林道,C0I490,2017-02-12T12:00:00+08:00,1601.0,224.0,2.3,6.7,0.69,847.7,-99.0,0.0,-9.9,-99,-999,南投縣,13,仁愛鄉,178
23.9300,121.0833,萬大林道,C0I490,2017-02-12T13:00:00+08:00,1601.0,212.0,1.5,6.6,0.78,847.1,-99.0,0.0,-9.9,-99,-999,南投縣,13,仁愛鄉,178
23.9300,121.0833,萬大林道,C0I490,2017-02-12T14:00:00+08:00,1601.0,47.0,0.5,6.8,0.72,846.5,-99.0,0.0,-9.9,-99,-999,南投縣,13,仁愛鄉,178
23.9300,121.0833,萬大林道,C0I490,2017-02-12T15:00:00+08:00,1601.0,75.0,1.4,6.1,0.74,846.3,-99.0,0.0,-9.9,-99,-999,南投縣,13,仁愛鄉,178
23.9300,121.0833,萬大林道,C0I490,2017-02-12T16:00:00+08:00,1601.0,81.0,1.4,5.8,0.81,846.3,-99.0,0.0,-9.9,-99,-999,南投縣,13,仁愛鄉,178
23.9300,121.0833,萬大林道,C0I490,2017-02-12T17:00:00+08:00,1601.0,77.0,2.5,5.9,0.81,846.5,-99.0,0.0,-9.9,-99,-999,南投縣,13,仁愛鄉,178
23.9300,121.0833,萬大林道,C0I490,2017-02-12T18:00:00+08:00,1601.0,77.0,2.3,6.1,0.82,846.8,-99.0,0.0,-9.9,-99,-999,南投縣,13,仁愛鄉,178
23.9300,121.0833,萬大林道,C0I490,2017-02-12T19:00:00+08:00,1601.0,70.0,1.6,6.4,0.79,847.1,-99.0,0.0,-9.9,-99,-999,南投縣,13,仁愛鄉,178
23.9300,121.0833,萬大林道,C0I490,2017-02-12T20:00:00+08:00,1601.0,106.0,0.3,6.6,0.80,847.5,-99.0,0.0,-9.9,-99,-999,南投縣,13,仁愛鄉,178
23.9300,121.0833,萬大林道,C0I490,2017-02-12T21:00:00+08:00,1601.0,56.0,0.3,6.9,0.77,847.9,-99.0,0.0,-9.9,-99,-999,南投縣,13,仁愛鄉,178
23.9300,121.0833,萬大林道,C0I490,2017-02-12T22:00:00+08:00,1601.0,249.0,0.9,7.1,0.78,848.1,-99.0,0.0,-9.9,-99,-999,南投縣,13,仁愛鄉,178
23.9300,121.0833,萬大林道,C0I490,2017-02-12T23:00:00+08:00,1601.0,89.0,0.9,6.8,0.80,848.0,-99.0,0.0,-9.9,-99,-999,南投縣,13,仁愛鄉,178
23.9300,121.0833,萬大林道,C0I490,2017-02-13T00:00:00+08:00,1601.0,17.0,0.6,6.9,0.80,848.0,-99.0,0.0,-9.9,-99,-999,南投縣,13,仁愛鄉,178
23.9300,121.0833,萬大林道,C0I490,2017-02-13T01:00:00+08:00,1601.0,0.0,0.0,6.8,0.81,848.0,-99.0,0.0,-9.9,-99,-999,南投縣,13,仁愛鄉,178
23.9300,121.0833,萬大林道,C0I490,2017-02-13T02:00:00+08:00,1601.0,0.0,0.0,6.9,0.82,847.8,-99.0,0.0,-9.9,-99,-999,南投縣,13,仁愛鄉,178
23.9300,121.0833,萬大林道,C0I490,2017-02-13T03:00:00+08:00,1601.0,76.0,2.0,6.4,0.85,847.5,-99.0,0.0,-9.9,-99,-999,南投縣,13,仁愛鄉,178
23.9300,121.0833,萬大林道,C0I490,2017-02-13T04:00:00+08:00,1601.0,72.0,1.1,6.5,0.84,847.5,-99.0,0.0,-9.9,-99,-999,南投縣,13,仁愛鄉,178
23.9300,121.0833,萬大林道,C0I490,2017-02-13T05:00:00+08:00,1601.0,74.0,1.3,6.6,0.84,847.9,-99.0,0.0,-9.9,-99,-999,南投縣,13,仁愛鄉,178
23.9300,121.0833,萬大林道,C0I490,2017-02-13T06:00:00+08:00,1601.0,81.0,2.1,6.2,0.87,848.5,-99.0,0.0,-9.9,-99,-999,南投縣,13,仁愛鄉,178
23.9300,121.0833,萬大林道,C0I490,2017-02-13T07:00:00+08:00,1601.0,81.0,2.4,5.9,0.90,848.9,-99.0,0.0,-9.9,-99,-999,南投縣,13,仁愛鄉,178
23.9300,121.0833,萬大林道,C0I490,2017-02-13T08:00:00+08:00,1601.0,75.0,1.4,8.2,0.75,849.4,-99.0,0.0,-9.9,-99,-999,南投縣,13,仁愛鄉,178
23.9300,121.0833,萬大林道,C0I490,2017-02-13T10:00:00+08:00,1601.0,357.0,1.1,12.8,0.62,849.8,-99.0,0.0,-9.9,-99,-999,南投縣,13,仁愛鄉,178
23.9300,121.0833,萬大林道,C0I490,2017-02-13T11:00:00+08:00,1601.0,229.0,2.9,11.5,0.68,849.6,-99.0,0.0,-9.9,-99,-999,南投縣,13,仁愛鄉,178
23.9300,121.0833,萬大林道,C0I490,2017-02-13T12:00:00+08:00,1601.0,240.0,3.4,11.8,0.68,849.3,-99.0,0.0,-9.9,-99,-999,南投縣,13,仁愛鄉,178
23.9300,121.0833,萬大林道,C0I490,2017-02-13T13:00:00+08:00,1601.0,245.0,4.1,10.6,0.74,848.7,-99.0,0.0,-9.9,-99,-999,南投縣,13,仁愛鄉,178
23.9300,121.0833,萬大林道,C0I490,2017-02-13T14:00:00+08:00,1601.0,249.0,4.3,11.2,0.75,848.5,-99.0,0.0,-9.9,-99,-999,南投縣,13,仁愛鄉,178
23.9300,121.0833,萬大林道,C0I490,2017-02-13T15:00:00+08:00,1601.0,245.0,4.3,11.5,0.71,848.4,-99.0,0.0,-9.9,-99,-999,南投縣,13,仁愛鄉,178
23.9300,121.0833,萬大林道,C0I490,2017-02-13T16:00:00+08:00,1601.0,250.0,3.2,11.0,0.74,848.5,-99.0,0.0,-9.9,-99,-999,南投縣,13,仁愛鄉,178
23.9300,121.0833,萬大林道,C0I490,2017-02-13T17:00:00+08:00,1601.0,254.0,2.5,10.4,0.76,848.9,-99.0,0.0,-9.9,-99,-999,南投縣,13,仁愛鄉,178
23.9300,121.0833,萬大林道,C0I490,2017-02-13T18:00:00+08:00,1601.0,200.0,2.9,8.5,0.85,849.2,-99.0,0.0,-9.9,-99,-999,南投縣,13,仁愛鄉,178
23.9300,121.0833,萬大林道,C0I490,2017-02-13T19:00:00+08:00,1601.0,221.0,1.8,8.1,0.86,849.5,-99.0,0.0,-9.9,-99,-999,南投縣,13,仁愛鄉,178
23.9300,121.0833,萬大林道,C0I490,2017-02-13T20:00:00+08:00,1601.0,73.0,2.1,7.6,0.84,850.0,-99.0,0.0,-9.9,-99,-999,南投縣,13,仁愛鄉,178
23.9300,121.0833,萬大林道,C0I490,2017-02-13T21:00:00+08:00,1601.0,87.0,2.0,7.6,0.80,850.5,-99.0,0.0,-9.9,-99,-999,南投縣,13,仁愛鄉,178
23.9300,121.0833,萬大林道,C0I490,2017-02-13T22:00:00+08:00,1601.0,83.0,1.5,8.0,0.74,850.5,-99.0,0.0,-9.9,-99,-999,南投縣,13,仁愛鄉,178
23.9300,121.0833,萬大林道,C0I490,2017-02-13T23:00:00+08:00,1601.0,193.0,0.7,8.1,0.84,851.0,-99.0,0.0,-9.9,-99,-999,南投縣,13,仁愛鄉,178
23.9300,121.0833,萬大林道,C0I490,2017-02-14T00:00:00+08:00,1601.0,0.0,0.0,7.9,0.77,850.8,-99.0,0.0,-9.9,-99,-999,南投縣,13,仁愛鄉,178
23.9300,121.0833,萬大林道,C0I490,2017-02-14T01:00:00+08:00,1601.0,1.0,0.8,6.9,0.80,850.4,-99.0,0.0,-9.9,-99,-999,南投縣,13,仁愛鄉,178
23.9300,121.0833,萬大林道,C0I490,2017-02-14T02:00:00+08:00,1601.0,211.0,2.0,6.6,0.84,850.2,-99.0,0.0,-9.9,-99,-999,南投縣,13,仁愛鄉,178
23.9300,121.0833,萬大林道,C0I490,2017-02-14T03:00:00+08:00,1601.0,200.0,1.2,7.2,0.76,850.0,-99.0,0.0,-9.9,-99,-999,南投縣,13,仁愛鄉,178
23.9300,121.0833,萬大林道,C0I490,2017-02-14T04:00:00+08:00,1601.0,129.0,0.4,6.6,0.74,850.1,-99.0,0.0,-9.9,-99,-999,南投縣,13,仁愛鄉,178
23.9300,121.0833,萬大林道,C0I490,2017-02-14T05:00:00+08:00,1601.0,103.0,0.6,6.8,0.70,850.1,-99.0,0.0,-9.9,-99,-999,南投縣,13,仁愛鄉,178
23.9300,121.0833,萬大林道,C0I490,2017-02-14T06:00:00+08:00,1601.0,79.0,1.9,6.3,0.67,850.4,-99.0,0.0,-9.9,-99,-999,南投縣,13,仁愛鄉,178
23.9300,121.0833,萬大林道,C0I490,2017-02-14T07:00:00+08:00,1601.0,74.0,0.9,6.7,0.68,851.1,-99.0,0.0,-9.9,-99,-999,南投縣,13,仁愛鄉,178
23.9300,121.0833,萬大林道,C0I490,2017-02-14T08:00:00+08:00,1601.0,72.0,1.1,8.3,0.66,851.7,-99.0,0.0,-9.9,-99,-999,南投縣,13,仁愛鄉,178
23.9300,121.0833,萬大林道,C0I490,2017-02-14T09:00:00+08:00,1601.0,187.0,0.6,9.4,0.66,852.0,-99.0,0.0,-9.9,-99,-999,南投縣,13,仁愛鄉,178
23.9300,121.0833,萬大林道,C0I490,2017-02-14T10:00:00+08:00,1601.0,299.0,0.6,10.3,0.67,852.0,-99.0,0.0,-9.9,-99,-999,南投縣,13,仁愛鄉,178
23.9300,121.0833,萬大林道,C0I490,2017-02-14T11:00:00+08:00,1601.0,231.0,2.1,11.2,0.59,851.9,-99.0,0.5,-9.9,-99,-999,南投縣,13,仁愛鄉,178
23.9300,121.0833,萬大林道,C0I490,2017-02-14T12:00:00+08:00,1601.0,258.0,3.8,12.5,0.57,851.3,-99.0,0.5,-9.9,-99,-999,南投縣,13,仁愛鄉,178
23.9300,121.0833,萬大林道,C0I490,2017-02-14T13:00:00+08:00,1601.0,257.0,3.6,13.9,0.53,850.5,-99.0,0.5,-9.9,-99,-999,南投縣,13,仁愛鄉,178
23.9300,121.0833,萬大林道,C0I490,2017-02-14T14:00:00+08:00,1601.0,256.0,4.6,13.2,0.55,850.0,-99.0,0.5,-9.9,-99,-999,南投縣,13,仁愛鄉,178
23.9300,121.0833,萬大林道,C0I490,2017-02-14T15:00:00+08:00,1601.0,233.0,4.2,11.4,0.67,849.8,-99.0,0.5,-9.9,-99,-999,南投縣,13,仁愛鄉,178
23.9300,121.0833,萬大林道,C0I490,2017-02-14T16:00:00+08:00,1601.0,236.0,4.5,10.3,0.72,849.9,-99.0,0.5,-9.9,-99,-999,南投縣,13,仁愛鄉,178
23.9300,121.0833,萬大林道,C0I490,2017-02-14T17:00:00+08:00,1601.0,237.0,2.9,9.6,0.78,850.2,-99.0,0.5,-9.9,-99,-999,南投縣,13,仁愛鄉,178
23.9300,121.0833,萬大林道,C0I490,2017-02-14T18:00:00+08:00,1601.0,214.0,2.5,8.9,0.82,850.3,-99.0,0.5,-9.9,-99,-999,南投縣,13,仁愛鄉,178
23.9300,121.0833,萬大林道,C0I490,2017-02-14T19:00:00+08:00,1601.0,188.0,1.1,8.3,0.86,850.6,-99.0,0.5,-9.9,-99,-999,南投縣,13,仁愛鄉,178
23.9300,121.0833,萬大林道,C0I490,2017-02-14T20:00:00+08:00,1601.0,167.0,0.9,8.4,0.85,851.0,-99.0,0.5,-9.9,-99,-999,南投縣,13,仁愛鄉,178
23.9300,121.0833,萬大林道,C0I490,2017-02-14T21:00:00+08:00,1601.0,72.0,1.2,8.0,0.86,851.3,-99.0,0.5,-9.9,-99,-999,南投縣,13,仁愛鄉,178
23.9300,121.0833,萬大林道,C0I490,2017-02-14T22:00:00+08:00,1601.0,78.0,1.0,8.1,0.84,851.4,-99.0,0.5,-9.9,-99,-999,南投縣,13,仁愛鄉,178
23.9300,121.0833,萬大林道,C0I490,2017-02-14T23:00:00+08:00,1601.0,82.0,1.4,7.8,0.82,851.5,-99.0,0.5,-9.9,-99,-999,南投縣,13,仁愛鄉,178
23.9300,121.0833,萬大林道,C0I490,2017-02-15T00:00:00+08:00,1601.0,172.0,0.4,8.1,0.82,851.3,-99.0,0.5,-9.9,-99,-999,南投縣,13,仁愛鄉,178
23.9300,121.0833,萬大林道,C0I490,2017-02-15T01:00:00+08:00,1601.0,195.0,1.2,7.5,0.85,850.8,-99.0,0.0,-9.9,-99,-999,南投縣,13,仁愛鄉,178
23.9300,121.0833,萬大林道,C0I490,2017-02-15T02:00:00+08:00,1601.0,214.0,1.8,6.9,0.85,850.3,-99.0,0.0,-9.9,-99,-999,南投縣,13,仁愛鄉,178
23.9300,121.0833,萬大林道,C0I490,2017-02-15T03:00:00+08:00,1601.0,234.0,1.2,7.0,0.84,849.9,-99.0,0.0,-9.9,-99,-999,南投縣,13,仁愛鄉,178
23.9300,121.0833,萬大林道,C0I490,2017-02-15T04:00:00+08:00,1601.0,81.0,2.5,6.2,0.82,849.5,-99.0,0.0,-9.9,-99,-999,南投縣,13,仁愛鄉,178
23.9300,121.0833,萬大林道,C0I490,2017-02-15T05:00:00+08:00,1601.0,184.0,0.8,6.7,0.82,849.6,-99.0,0.0,-9.9,-99,-999,南投縣,13,仁愛鄉,178
23.9300,121.0833,萬大林道,C0I490,2017-02-15T06:00:00+08:00,1601.0,102.0,1.7,6.5,0.81,850.1,-99.0,0.0,-9.9,-99,-999,南投縣,13,仁愛鄉,178
23.9300,121.0833,萬大林道,C0I490,2017-02-15T07:00:00+08:00,1601.0,78.0,3.2,6.6,0.71,850.4,-99.0,0.0,-9.9,-99,-999,南投縣,13,仁愛鄉,178
23.9300,121.0833,萬大林道,C0I490,2017-02-15T08:00:00+08:00,1601.0,210.0,0.3,8.7,0.63,850.8,-99.0,0.0,-9.9,-99,-999,南投縣,13,仁愛鄉,178
23.9300,121.0833,萬大林道,C0I490,2017-02-15T10:00:00+08:00,1601.0,266.0,1.2,12.1,0.55,850.7,-99.0,0.0,-9.9,-99,-999,南投縣,13,仁愛鄉,178
23.9300,121.0833,萬大林道,C0I490,2017-02-15T11:00:00+08:00,1601.0,241.0,3.6,12.7,0.51,850.3,-99.0,0.0,-9.9,-99,-999,南投縣,13,仁愛鄉,178
23.9300,121.0833,萬大林道,C0I490,2017-02-15T12:00:00+08:00,1601.0,252.0,4.2,13.9,0.51,849.9,-99.0,0.0,-9.9,-99,-999,南投縣,13,仁愛鄉,178
23.9300,121.0833,萬大林道,C0I490,2017-02-15T13:00:00+08:00,1601.0,247.0,3.6,12.6,0.70,848.9,-99.0,0.0,-9.9,-99,-999,南投縣,13,仁愛鄉,178
23.9300,121.0833,萬大林道,C0I490,2017-02-15T14:00:00+08:00,1601.0,263.0,4.3,12.6,0.68,848.2,-99.0,0.0,-9.9,-99,-999,南投縣,13,仁愛鄉,178
23.9300,121.0833,萬大林道,C0I490,2017-02-15T15:00:00+08:00,1601.0,248.0,4.7,11.5,0.75,847.7,-99.0,0.0,-9.9,-99,-999,南投縣,13,仁愛鄉,178
23.9300,121.0833,萬大林道,C0I490,2017-02-15T16:00:00+08:00,1601.0,240.0,3.7,10.1,0.82,847.6,-99.0,0.0,-9.9,-99,-999,南投縣,13,仁愛鄉,178
23.9300,121.0833,萬大林道,C0I490,2017-02-15T17:00:00+08:00,1601.0,228.0,2.5,9.1,0.87,847.7,-99.0,0.0,-9.9,-99,-999,南投縣,13,仁愛鄉,178
23.9300,121.0833,萬大林道,C0I490,2017-02-15T18:00:00+08:00,1601.0,199.0,2.7,8.2,0.89,847.9,-99.0,0.0,-9.9,-99,-999,南投縣,13,仁愛鄉,178
23.9300,121.0833,萬大林道,C0I490,2017-02-15T19:00:00+08:00,1601.0,160.0,0.6,7.7,0.92,848.0,-99.0,0.0,-9.9,-99,-999,南投縣,13,仁愛鄉,178
23.9300,121.0833,萬大林道,C0I490,2017-02-15T20:00:00+08:00,1601.0,82.0,1.3,7.6,0.93,848.1,-99.0,0.0,-9.9,-99,-999,南投縣,13,仁愛鄉,178
23.9300,121.0833,萬大林道,C0I490,2017-02-15T21:00:00+08:00,1601.0,163.0,1.1,7.4,0.93,848.2,-99.0,0.0,-9.9,-99,-999,南投縣,13,仁愛鄉,178
23.9300,121.0833,萬大林道,C0I490,2017-02-15T22:00:00+08:00,1601.0,95.0,1.5,7.2,0.93,848.4,-99.0,0.0,-9.9,-99,-999,南投縣,13,仁愛鄉,178
23.9300,121.0833,萬大林道,C0I490,2017-02-15T23:00:00+08:00,1601.0,75.0,1.5,7.6,0.83,848.2,-99.0,0.0,-9.9,-99,-999,南投縣,13,仁愛鄉,178
23.9300,121.0833,萬大林道,C0I490,2017-02-16T00:00:00+08:00,1601.0,186.0,0.7,8.1,0.87,847.8,-99.0,0.0,-9.9,-99,-999,南投縣,13,仁愛鄉,178
23.9300,121.0833,萬大林道,C0I490,2017-02-16T01:00:00+08:00,1601.0,235.0,1.2,8.0,0.88,847.8,-99.0,0.0,-9.9,-99,-999,南投縣,13,仁愛鄉,178
23.9300,121.0833,萬大林道,C0I490,2017-02-16T02:00:00+08:00,1601.0,92.0,0.5,7.6,0.88,847.4,-99.0,0.0,-9.9,-99,-999,南投縣,13,仁愛鄉,178
23.9300,121.0833,萬大林道,C0I490,2017-02-16T03:00:00+08:00,1601.0,270.0,0.9,7.2,0.83,847.4,-99.0,0.0,-9.9,-99,-999,南投縣,13,仁愛鄉,178
23.9300,121.0833,萬大林道,C0I490,2017-02-16T04:00:00+08:00,1601.0,75.0,1.7,6.6,0.82,846.7,-99.0,0.0,-9.9,-99,-999,南投縣,13,仁愛鄉,178
23.9300,121.0833,萬大林道,C0I490,2017-02-16T05:00:00+08:00,1601.0,133.0,0.3,6.5,0.84,846.5,-99.0,0.0,-9.9,-99,-999,南投縣,13,仁愛鄉,178
23.9300,121.0833,萬大林道,C0I490,2017-02-16T06:00:00+08:00,1601.0,82.0,2.3,6.6,0.78,846.6,-99.0,0.0,-9.9,-99,-999,南投縣,13,仁愛鄉,178
23.9300,121.0833,萬大林道,C0I490,2017-02-16T07:00:00+08:00,1601.0,84.0,2.9,6.4,0.74,846.7,-99.0,0.0,-9.9,-99,-999,南投縣,13,仁愛鄉,178
23.9300,121.0833,萬大林道,C0I490,2017-02-16T08:00:00+08:00,1601.0,68.0,1.6,10.5,0.46,847.0,-99.0,0.0,-9.9,-99,-999,南投縣,13,仁愛鄉,178
23.9300,121.0833,萬大林道,C0I490,2017-02-16T09:00:00+08:00,1601.0,360.0,1.3,13.5,0.44,847.3,-99.0,0.0,-9.9,-99,-999,南投縣,13,仁愛鄉,178
23.9300,121.0833,萬大林道,C0I490,2017-02-16T10:00:00+08:00,1601.0,235.0,2.6,12.2,0.57,847.5,-99.0,0.0,-9.9,-99,-999,南投縣,13,仁愛鄉,178
23.9300,121.0833,萬大林道,C0I490,2017-02-16T11:00:00+08:00,1601.0,250.0,3.8,12.7,0.54,847.2,-99.0,0.0,-9.9,-99,-999,南投縣,13,仁愛鄉,178
23.9300,121.0833,萬大林道,C0I490,2017-02-16T12:00:00+08:00,1601.0,249.0,3.5,14.1,0.55,846.8,-99.0,0.0,-9.9,-99,-999,南投縣,13,仁愛鄉,178
23.9300,121.0833,萬大林道,C0I490,2017-02-16T13:00:00+08:00,1601.0,264.0,4.4,15.4,0.57,846.2,-99.0,0.0,-9.9,-99,-999,南投縣,13,仁愛鄉,178
23.9300,121.0833,萬大林道,C0I490,2017-02-16T14:00:00+08:00,1601.0,264.0,4.9,15.4,0.56,845.5,-99.0,0.0,-9.9,-99,-999,南投縣,13,仁愛鄉,178
23.9300,121.0833,萬大林道,C0I490,2017-02-16T15:00:00+08:00,1601.0,252.0,4.4,15.6,0.57,845.1,-99.0,0.0,-9.9,-99,-999,南投縣,13,仁愛鄉,178
23.9300,121.0833,萬大林道,C0I490,2017-02-16T16:00:00+08:00,1601.0,256.0,5.2,13.6,0.64,845.4,-99.0,0.0,-9.9,-99,-999,南投縣,13,仁愛鄉,178
23.9300,121.0833,萬大林道,C0I490,2017-02-16T17:00:00+08:00,1601.0,240.0,3.7,11.2,0.76,845.9,-99.0,0.0,-9.9,-99,-999,南投縣,13,仁愛鄉,178
23.9300,121.0833,萬大林道,C0I490,2017-02-16T18:00:00+08:00,1601.0,206.0,3.0,9.6,0.83,846.1,-99.0,0.0,-9.9,-99,-999,南投縣,13,仁愛鄉,178
23.9300,121.0833,萬大林道,C0I490,2017-02-16T19:00:00+08:00,1601.0,134.0,1.2,9.5,0.82,846.6,-99.0,0.0,-9.9,-99,-999,南投縣,13,仁愛鄉,178
23.9300,121.0833,萬大林道,C0I490,2017-02-16T20:00:00+08:00,1601.0,71.0,2.6,8.8,0.84,846.8,-99.0,0.0,-9.9,-99,-999,南投縣,13,仁愛鄉,178
23.9300,121.0833,萬大林道,C0I490,2017-02-16T21:00:00+08:00,1601.0,191.0,1.8,9.4,0.83,847.1,-99.0,0.0,-9.9,-99,-999,南投縣,13,仁愛鄉,178
23.9300,121.0833,萬大林道,C0I490,2017-02-16T22:00:00+08:00,1601.0,193.0,2.1,9.3,0.83,847.3,-99.0,0.0,-9.9,-99,-999,南投縣,13,仁愛鄉,178
23.9300,121.0833,萬大林道,C0I490,2017-02-16T23:00:00+08:00,1601.0,68.0,0.9,9.3,0.73,847.2,-99.0,0.0,-9.9,-99,-999,南投縣,13,仁愛鄉,178
23.9300,121.0833,萬大林道,C0I490,2017-02-17T00:00:00+08:00,1601.0,201.0,1.0,9.2,0.82,847.0,-99.0,0.0,-9.9,-99,-999,南投縣,13,仁愛鄉,178
23.9300,121.0833,萬大林道,C0I490,2017-02-17T01:00:00+08:00,1601.0,181.0,0.5,9.2,0.83,846.7,-99.0,0.0,-9.9,-99,-999,南投縣,13,仁愛鄉,178
23.9300,121.0833,萬大林道,C0I490,2017-02-17T02:00:00+08:00,1601.0,130.0,0.9,9.2,0.83,846.5,-99.0,0.0,-9.9,-99,-999,南投縣,13,仁愛鄉,178
23.9300,121.0833,萬大林道,C0I490,2017-02-17T03:00:00+08:00,1601.0,82.0,0.5,9.0,0.78,846.3,-99.0,0.0,-9.9,-99,-999,南投縣,13,仁愛鄉,178
23.9300,121.0833,萬大林道,C0I490,2017-02-17T04:00:00+08:00,1601.0,63.0,0.8,8.9,0.79,846.2,-99.0,0.0,-9.9,-99,-999,南投縣,13,仁愛鄉,178
23.9300,121.0833,萬大林道,C0I490,2017-02-17T05:00:00+08:00,1601.0,188.0,0.6,9.1,0.81,846.2,-99.0,0.0,-9.9,-99,-999,南投縣,13,仁愛鄉,178
23.9300,121.0833,萬大林道,C0I490,2017-02-17T06:00:00+08:00,1601.0,212.0,0.5,9.3,0.78,846.5,-99.0,0.0,-9.9,-99,-999,南投縣,13,仁愛鄉,178
23.9300,121.0833,萬大林道,C0I490,2017-02-17T07:00:00+08:00,1601.0,231.0,0.5,9.3,0.77,847.1,-99.0,0.0,-9.9,-99,-999,南投縣,13,仁愛鄉,178
23.9300,121.0833,萬大林道,C0I490,2017-02-17T08:00:00+08:00,1601.0,248.0,0.7,10.6,0.69,847.7,-99.0,0.0,-9.9,-99,-999,南投縣,13,仁愛鄉,178
23.9300,121.0833,萬大林道,C0I490,2017-02-17T10:00:00+08:00,1601.0,244.0,2.1,12.4,0.66,848.0,-99.0,0.0,-9.9,-99,-999,南投縣,13,仁愛鄉,178
23.9300,121.0833,萬大林道,C0I490,2017-02-17T11:00:00+08:00,1601.0,237.0,3.7,13.7,0.67,847.5,-99.0,0.0,-9.9,-99,-999,南投縣,13,仁愛鄉,178
23.9300,121.0833,萬大林道,C0I490,2017-02-17T12:00:00+08:00,1601.0,240.0,4.0,14.6,0.59,847.0,-99.0,0.0,-9.9,-99,-999,南投縣,13,仁愛鄉,178
23.9300,121.0833,萬大林道,C0I490,2017-02-17T13:00:00+08:00,1601.0,240.0,4.4,15.5,0.58,846.6,-99.0,0.0,-9.9,-99,-999,南投縣,13,仁愛鄉,178
23.9300,121.0833,萬大林道,C0I490,2017-02-17T14:00:00+08:00,1601.0,258.0,4.9,17.0,0.56,846.0,-99.0,0.0,-9.9,-99,-999,南投縣,13,仁愛鄉,178
23.9300,121.0833,萬大林道,C0I490,2017-02-17T15:00:00+08:00,1601.0,258.0,4.1,16.3,0.60,846.0,-99.0,0.0,-9.9,-99,-999,南投縣,13,仁愛鄉,178
23.9300,121.0833,萬大林道,C0I490,2017-02-17T16:00:00+08:00,1601.0,250.0,3.6,15.7,0.61,845.7,-99.0,0.0,-9.9,-99,-999,南投縣,13,仁愛鄉,178
23.9300,121.0833,萬大林道,C0I490,2017-02-17T17:00:00+08:00,1601.0,234.0,2.8,13.5,0.69,846.0,-99.0,0.0,-9.9,-99,-999,南投縣,13,仁愛鄉,178
23.9300,121.0833,萬大林道,C0I490,2017-02-17T18:00:00+08:00,1601.0,199.0,2.9,10.9,0.82,846.2,-99.0,0.0,-9.9,-99,-999,南投縣,13,仁愛鄉,178
23.9300,121.0833,萬大林道,C0I490,2017-02-17T19:00:00+08:00,1601.0,184.0,0.7,10.7,0.82,846.7,-99.0,0.0,-9.9,-99,-999,南投縣,13,仁愛鄉,178
23.9300,121.0833,萬大林道,C0I490,2017-02-17T20:00:00+08:00,1601.0,94.0,1.9,9.9,0.87,847.0,-99.0,0.0,-9.9,-99,-999,南投縣,13,仁愛鄉,178
23.9300,121.0833,萬大林道,C0I490,2017-02-17T21:00:00+08:00,1601.0,192.0,1.5,9.9,0.87,847.4,-99.0,0.0,-9.9,-99,-999,南投縣,13,仁愛鄉,178
23.9300,121.0833,萬大林道,C0I490,2017-02-17T22:00:00+08:00,1601.0,327.0,0.5,9.5,0.91,847.8,-99.0,0.0,-9.9,-99,-999,南投縣,13,仁愛鄉,178
23.9300,121.0833,萬大林道,C0I490,2017-02-17T23:00:00+08:00,1601.0,263.0,1.5,9.6,0.90,848.0,-99.0,0.0,-9.9,-99,-999,南投縣,13,仁愛鄉,178
23.9300,121.0833,萬大林道,C0I490,2017-02-18T00:00:00+08:00,1601.0,86.0,1.3,9.4,0.89,847.9,-99.0,0.0,-9.9,-99,-999,南投縣,13,仁愛鄉,178
23.9300,121.0833,萬大林道,C0I490,2017-02-18T01:00:00+08:00,1601.0,92.0,2.2,9.8,0.88,847.6,-99.0,0.0,-9.9,-99,-999,南投縣,13,仁愛鄉,178
23.9300,121.0833,萬大林道,C0I490,2017-02-18T02:00:00+08:00,1601.0,90.0,1.4,10.2,0.79,847.5,-99.0,0.0,-9.9,-99,-999,南投縣,13,仁愛鄉,178
23.9300,121.0833,萬大林道,C0I490,2017-02-18T03:00:00+08:00,1601.0,116.0,0.9,10.6,0.80,847.2,-99.0,0.0,-9.9,-99,-999,南投縣,13,仁愛鄉,178
23.9300,121.0833,萬大林道,C0I490,2017-02-18T04:00:00+08:00,1601.0,70.0,1.0,10.2,0.75,846.9,-99.0,0.0,-9.9,-99,-999,南投縣,13,仁愛鄉,178
23.9300,121.0833,萬大林道,C0I490,2017-02-18T05:00:00+08:00,1601.0,152.0,0.8,10.4,0.77,847.0,-99.0,0.0,-9.9,-99,-999,南投縣,13,仁愛鄉,178
23.9300,121.0833,萬大林道,C0I490,2017-02-18T06:00:00+08:00,1601.0,183.0,0.4,10.4,0.79,847.5,-99.0,0.0,-9.9,-99,-999,南投縣,13,仁愛鄉,178
23.9300,121.0833,萬大林道,C0I490,2017-02-18T07:00:00+08:00,1601.0,0.0,0.0,10.3,0.79,847.9,-99.0,0.0,-9.9,-99,-999,南投縣,13,仁愛鄉,178
23.9300,121.0833,萬大林道,C0I490,2017-02-18T08:00:00+08:00,1601.0,0.0,0.2,13.3,0.57,848.3,-99.0,0.0,-9.9,-99,-999,南投縣,13,仁愛鄉,178
23.9300,121.0833,萬大林道,C0I490,2017-02-18T10:00:00+08:00,1601.0,231.0,2.0,14.5,0.56,848.5,-99.0,0.0,-9.9,-99,-999,南投縣,13,仁愛鄉,178
23.9300,121.0833,萬大林道,C0I490,2017-02-18T11:00:00+08:00,1601.0,253.0,3.0,15.6,0.52,848.0,-99.0,0.0,-9.9,-99,-999,南投縣,13,仁愛鄉,178
23.9300,121.0833,萬大林道,C0I490,2017-02-18T12:00:00+08:00,1601.0,256.0,4.1,17.4,0.50,847.3,-99.0,0.0,-9.9,-99,-999,南投縣,13,仁愛鄉,178
23.9300,121.0833,萬大林道,C0I490,2017-02-18T13:00:00+08:00,1601.0,251.0,4.4,18.0,0.43,846.4,-99.0,0.0,-9.9,-99,-999,南投縣,13,仁愛鄉,178
23.9300,121.0833,萬大林道,C0I490,2017-02-18T14:00:00+08:00,1601.0,261.0,4.3,18.3,0.43,845.7,-99.0,0.0,-9.9,-99,-999,南投縣,13,仁愛鄉,178
23.9300,121.0833,萬大林道,C0I490,2017-02-18T15:00:00+08:00,1601.0,256.0,4.4,18.5,0.53,845.5,-99.0,0.0,-9.9,-99,-999,南投縣,13,仁愛鄉,178
23.9300,121.0833,萬大林道,C0I490,2017-02-18T16:00:00+08:00,1601.0,246.0,4.3,17.4,0.63,845.8,-99.0,0.0,-9.9,-99,-999,南投縣,13,仁愛鄉,178
23.9300,121.0833,萬大林道,C0I490,2017-02-18T17:00:00+08:00,1601.0,244.0,4.1,14.9,0.72,846.2,-99.0,0.0,-9.9,-99,-999,南投縣,13,仁愛鄉,178
23.9300,121.0833,萬大林道,C0I490,2017-02-18T18:00:00+08:00,1601.0,191.0,3.0,12.2,0.84,846.6,-99.0,0.0,-9.9,-99,-999,南投縣,13,仁愛鄉,178
23.9300,121.0833,萬大林道,C0I490,2017-02-18T19:00:00+08:00,1601.0,81.0,1.7,11.2,0.86,846.8,-99.0,0.0,-9.9,-99,-999,南投縣,13,仁愛鄉,178
23.9300,121.0833,萬大林道,C0I490,2017-02-18T20:00:00+08:00,1601.0,57.0,1.1,11.5,0.85,846.9,-99.0,0.0,-9.9,-99,-999,南投縣,13,仁愛鄉,178
23.9300,121.0833,萬大林道,C0I490,2017-02-18T21:00:00+08:00,1601.0,88.0,1.0,11.8,0.76,846.9,-99.0,0.0,-9.9,-99,-999,南投縣,13,仁愛鄉,178
23.9300,121.0833,萬大林道,C0I490,2017-02-18T22:00:00+08:00,1601.0,150.0,1.0,12.0,0.81,846.9,-99.0,0.0,-9.9,-99,-999,南投縣,13,仁愛鄉,178
23.9300,121.0833,萬大林道,C0I490,2017-02-18T23:00:00+08:00,1601.0,304.0,0.5,12.2,0.79,846.7,-99.0,0.0,-9.9,-99,-999,南投縣,13,仁愛鄉,178
23.9300,121.0833,萬大林道,C0I490,2017-02-19T00:00:00+08:00,1601.0,44.0,1.1,11.3,0.73,846.7,-99.0,0.0,-9.9,-99,-999,南投縣,13,仁愛鄉,178
23.9300,121.0833,萬大林道,C0I490,2017-02-19T01:00:00+08:00,1601.0,89.0,0.8,11.6,0.72,846.2,-99.0,0.0,-9.9,-99,-999,南投縣,13,仁愛鄉,178
23.9300,121.0833,萬大林道,C0I490,2017-02-19T02:00:00+08:00,1601.0,78.0,1.5,11.1,0.72,846.0,-99.0,0.0,-9.9,-99,-999,南投縣,13,仁愛鄉,178
23.9300,121.0833,萬大林道,C0I490,2017-02-19T03:00:00+08:00,1601.0,0.0,0.0,11.3,0.74,845.9,-99.0,0.0,-9.9,-99,-999,南投縣,13,仁愛鄉,178
23.9300,121.0833,萬大林道,C0I490,2017-02-19T04:00:00+08:00,1601.0,83.0,2.1,10.2,0.76,845.5,-99.0,0.0,-9.9,-99,-999,南投縣,13,仁愛鄉,178
23.9300,121.0833,萬大林道,C0I490,2017-02-19T05:00:00+08:00,1601.0,77.0,1.2,10.3,0.71,845.2,-99.0,0.0,-9.9,-99,-999,南投縣,13,仁愛鄉,178
23.9300,121.0833,萬大林道,C0I490,2017-02-19T06:00:00+08:00,1601.0,165.0,0.8,10.6,0.76,845.6,-99.0,0.0,-9.9,-99,-999,南投縣,13,仁愛鄉,178
23.9300,121.0833,萬大林道,C0I490,2017-02-19T07:00:00+08:00,1601.0,67.0,0.7,10.1,0.71,845.6,-99.0,0.0,-9.9,-99,-999,南投縣,13,仁愛鄉,178
23.9300,121.0833,萬大林道,C0I490,2017-02-19T08:00:00+08:00,1601.0,178.0,0.7,11.6,0.67,846.1,-99.0,0.0,-9.9,-99,-999,南投縣,13,仁愛鄉,178
23.9300,121.0833,萬大林道,C0I490,2017-02-19T10:00:00+08:00,1601.0,357.0,0.9,14.6,0.57,845.8,-99.0,0.0,-9.9,-99,-999,南投縣,13,仁愛鄉,178
23.9300,121.0833,萬大林道,C0I490,2017-02-19T11:00:00+08:00,1601.0,303.0,1.1,17.1,0.45,845.5,-99.0,0.0,-9.9,-99,-999,南投縣,13,仁愛鄉,178
23.9300,121.0833,萬大林道,C0I490,2017-02-19T12:00:00+08:00,1601.0,247.0,3.8,16.4,0.50,844.7,-99.0,0.0,-9.9,-99,-999,南投縣,13,仁愛鄉,178
23.9300,121.0833,萬大林道,C0I490,2017-02-19T13:00:00+08:00,1601.0,247.0,2.9,16.8,0.67,843.6,-99.0,0.0,-9.9,-99,-999,南投縣,13,仁愛鄉,178
23.9300,121.0833,萬大林道,C0I490,2017-02-19T14:00:00+08:00,1601.0,258.0,4.5,16.7,0.59,842.6,-99.0,0.0,-9.9,-99,-999,南投縣,13,仁愛鄉,178
23.9300,121.0833,萬大林道,C0I490,2017-02-19T15:00:00+08:00,1601.0,264.0,4.5,16.6,0.61,842.3,-99.0,0.0,-9.9,-99,-999,南投縣,13,仁愛鄉,178
23.9300,121.0833,萬大林道,C0I490,2017-02-19T16:00:00+08:00,1601.0,249.0,3.2,16.5,0.67,841.9,-99.0,0.0,-9.9,-99,-999,南投縣,13,仁愛鄉,178
23.9300,121.0833,萬大林道,C0I490,2017-02-19T17:00:00+08:00,1601.0,232.0,3.4,13.6,0.84,842.3,-99.0,0.0,-9.9,-99,-999,南投縣,13,仁愛鄉,178
23.9300,121.0833,萬大林道,C0I490,2017-02-19T18:00:00+08:00,1601.0,223.0,2.7,11.7,0.95,842.5,-99.0,0.0,-9.9,-99,-999,南投縣,13,仁愛鄉,178
23.9300,121.0833,萬大林道,C0I490,2017-02-19T19:00:00+08:00,1601.0,65.0,0.9,11.1,0.96,842.8,-99.0,0.0,-9.9,-99,-999,南投縣,13,仁愛鄉,178
23.9300,121.0833,萬大林道,C0I490,2017-02-19T20:00:00+08:00,1601.0,111.0,2.0,11.1,0.92,843.1,-99.0,0.0,-9.9,-99,-999,南投縣,13,仁愛鄉,178
23.9300,121.0833,萬大林道,C0I490,2017-02-19T21:00:00+08:00,1601.0,68.0,1.9,11.7,0.73,842.8,-99.0,0.0,-9.9,-99,-999,南投縣,13,仁愛鄉,178
23.9300,121.0833,萬大林道,C0I490,2017-02-19T22:00:00+08:00,1601.0,153.0,1.7,12.3,0.77,842.7,-99.0,0.0,-9.9,-99,-999,南投縣,13,仁愛鄉,178
23.9300,121.0833,萬大林道,C0I490,2017-02-19T23:00:00+08:00,1601.0,240.0,1.8,11.7,0.84,842.8,-99.0,0.0,-9.9,-99,-999,南投縣,13,仁愛鄉,178
23.9300,121.0833,萬大林道,C0I490,2017-02-20T00:00:00+08:00,1601.0,79.0,3.4,11.8,0.76,842.8,-99.0,0.0,-9.9,-99,-999,南投縣,13,仁愛鄉,178
23.9300,121.0833,萬大林道,C0I490,2017-02-20T01:00:00+08:00,1601.0,89.0,2.1,12.1,0.63,842.2,-99.0,0.0,-9.9,-99,-999,南投縣,13,仁愛鄉,178
23.9300,121.0833,萬大林道,C0I490,2017-02-20T02:00:00+08:00,1601.0,121.0,1.3,13.9,0.53,841.5,-99.0,0.0,-9.9,-99,-999,南投縣,13,仁愛鄉,178
23.9300,121.0833,萬大林道,C0I490,2017-02-20T03:00:00+08:00,1601.0,190.0,2.8,13.6,0.60,841.5,-99.0,0.0,-9.9,-99,-999,南投縣,13,仁愛鄉,178
23.9300,121.0833,萬大林道,C0I490,2017-02-20T04:00:00+08:00,1601.0,77.0,1.1,12.3,0.67,841.7,-99.0,0.0,-9.9,-99,-999,南投縣,13,仁愛鄉,178
23.9300,121.0833,萬大林道,C0I490,2017-02-20T05:00:00+08:00,1601.0,74.0,2.5,12.5,0.64,841.9,-99.0,0.0,-9.9,-99,-999,南投縣,13,仁愛鄉,178
23.9300,121.0833,萬大林道,C0I490,2017-02-20T06:00:00+08:00,1601.0,68.0,2.4,13.1,0.63,842.6,-99.0,0.0,-9.9,-99,-999,南投縣,13,仁愛鄉,178
23.9300,121.0833,萬大林道,C0I490,2017-02-20T07:00:00+08:00,1601.0,75.0,2.3,14.0,0.65,843.3,-99.0,0.0,-9.9,-99,-999,南投縣,13,仁愛鄉,178
23.9300,121.0833,萬大林道,C0I490,2017-02-20T08:00:00+08:00,1601.0,83.0,1.6,14.3,0.69,843.9,-99.0,0.0,-9.9,-99,-999,南投縣,13,仁愛鄉,178
23.9300,121.0833,萬大林道,C0I490,2017-02-20T10:00:00+08:00,1601.0,331.0,1.0,17.3,0.70,844.2,-99.0,0.0,-9.9,-99,-999,南投縣,13,仁愛鄉,178
23.9300,121.0833,萬大林道,C0I490,2017-02-20T11:00:00+08:00,1601.0,262.0,3.5,17.4,0.72,844.3,-99.0,0.0,-9.9,-99,-999,南投縣,13,仁愛鄉,178
23.9300,121.0833,萬大林道,C0I490,2017-02-20T12:00:00+08:00,1601.0,249.0,5.0,16.3,0.80,843.7,-99.0,0.0,-9.9,-99,-999,南投縣,13,仁愛鄉,178
23.9300,121.0833,萬大林道,C0I490,2017-02-20T13:00:00+08:00,1601.0,252.0,5.6,17.3,0.78,843.2,-99.0,0.0,-9.9,-99,-999,南投縣,13,仁愛鄉,178
23.9300,121.0833,萬大林道,C0I490,2017-02-20T14:00:00+08:00,1601.0,263.0,2.7,17.0,0.82,842.8,-99.0,0.0,-9.9,-99,-999,南投縣,13,仁愛鄉,178
23.9300,121.0833,萬大林道,C0I490,2017-02-20T15:00:00+08:00,1601.0,258.0,3.9,15.7,0.94,842.7,-99.0,0.0,-9.9,-99,-999,南投縣,13,仁愛鄉,178
23.9300,121.0833,萬大林道,C0I490,2017-02-20T16:00:00+08:00,1601.0,253.0,2.4,16.2,0.92,843.0,-99.0,0.0,-9.9,-99,-999,南投縣,13,仁愛鄉,178
23.9300,121.0833,萬大林道,C0I490,2017-02-20T17:00:00+08:00,1601.0,257.0,2.4,16.0,0.89,843.3,-99.0,0.0,-9.9,-99,-999,南投縣,13,仁愛鄉,178
23.9300,121.0833,萬大林道,C0I490,2017-02-20T18:00:00+08:00,1601.0,213.0,1.5,15.2,0.97,843.8,-99.0,0.0,-9.9,-99,-999,南投縣,13,仁愛鄉,178
23.9300,121.0833,萬大林道,C0I490,2017-02-20T19:00:00+08:00,1601.0,236.0,2.6,15.4,0.89,844.3,-99.0,0.0,-9.9,-99,-999,南投縣,13,仁愛鄉,178
23.9300,121.0833,萬大林道,C0I490,2017-02-20T20:00:00+08:00,1601.0,230.0,1.9,15.4,0.85,844.9,-99.0,0.0,-9.9,-99,-999,南投縣,13,仁愛鄉,178
23.9300,121.0833,萬大林道,C0I490,2017-02-20T21:00:00+08:00,1601.0,273.0,1.9,15.3,0.86,845.3,-99.0,0.0,-9.9,-99,-999,南投縣,13,仁愛鄉,178
23.9300,121.0833,萬大林道,C0I490,2017-02-20T22:00:00+08:00,1601.0,205.0,1.1,15.2,0.86,845.7,-99.0,0.0,-9.9,-99,-999,南投縣,13,仁愛鄉,178
23.9300,121.0833,萬大林道,C0I490,2017-02-20T23:00:00+08:00,1601.0,80.0,0.9,14.6,0.88,845.4,-99.0,0.0,-9.9,-99,-999,南投縣,13,仁愛鄉,178
23.9300,121.0833,萬大林道,C0I490,2017-02-21T00:00:00+08:00,1601.0,0.0,0.0,14.0,0.92,845.3,-99.0,0.0,-9.9,-99,-999,南投縣,13,仁愛鄉,178
23.9300,121.0833,萬大林道,C0I490,2017-02-21T01:00:00+08:00,1601.0,74.0,2.1,14.4,0.87,845.3,-99.0,0.0,-9.9,-99,-999,南投縣,13,仁愛鄉,178
23.9300,121.0833,萬大林道,C0I490,2017-02-21T02:00:00+08:00,1601.0,73.0,1.4,14.7,0.82,845.3,-99.0,0.0,-9.9,-99,-999,南投縣,13,仁愛鄉,178
23.9300,121.0833,萬大林道,C0I490,2017-02-21T03:00:00+08:00,1601.0,76.0,1.7,14.8,0.77,845.0,-99.0,0.0,-9.9,-99,-999,南投縣,13,仁愛鄉,178
23.9300,121.0833,萬大林道,C0I490,2017-02-21T04:00:00+08:00,1601.0,80.0,1.0,14.4,0.76,844.9,-99.0,0.0,-9.9,-99,-999,南投縣,13,仁愛鄉,178
23.9300,121.0833,萬大林道,C0I490,2017-02-21T05:00:00+08:00,1601.0,95.0,2.0,14.3,0.72,845.1,-99.0,0.0,-9.9,-99,-999,南投縣,13,仁愛鄉,178
23.9300,121.0833,萬大林道,C0I490,2017-02-21T06:00:00+08:00,1601.0,85.0,1.8,14.7,0.67,845.7,-99.0,0.0,-9.9,-99,-999,南投縣,13,仁愛鄉,178
23.9300,121.0833,萬大林道,C0I490,2017-02-21T07:00:00+08:00,1601.0,119.0,1.0,14.4,0.69,846.4,-99.0,0.0,-9.9,-99,-999,南投縣,13,仁愛鄉,178
23.9300,121.0833,萬大林道,C0I490,2017-02-21T08:00:00+08:00,1601.0,109.0,0.5,17.9,0.58,846.8,-99.0,0.0,-9.9,-99,-999,南投縣,13,仁愛鄉,178
23.9300,121.0833,萬大林道,C0I490,2017-02-21T09:00:00+08:00,1601.0,108.0,0.5,18.9,0.54,847.1,-99.0,0.0,-9.9,-99,-999,南投縣,13,仁愛鄉,178
23.9300,121.0833,萬大林道,C0I490,2017-02-21T10:00:00+08:00,1601.0,20.0,0.5,21.5,0.45,847.1,-99.0,0.0,-9.9,-99,-999,南投縣,13,仁愛鄉,178
23.9300,121.0833,萬大林道,C0I490,2017-02-21T11:00:00+08:00,1601.0,276.0,2.1,21.5,0.47,846.8,-99.0,0.0,-9.9,-99,-999,南投縣,13,仁愛鄉,178
23.9300,121.0833,萬大林道,C0I490,2017-02-21T12:00:00+08:00,1601.0,260.0,4.2,22.7,0.47,845.9,-99.0,0.0,-9.9,-99,-999,南投縣,13,仁愛鄉,178
23.9300,121.0833,萬大林道,C0I490,2017-02-21T13:00:00+08:00,1601.0,262.0,4.3,21.6,0.53,845.0,-99.0,0.0,-9.9,-99,-999,南投縣,13,仁愛鄉,178
23.9300,121.0833,萬大林道,C0I490,2017-02-21T14:00:00+08:00,1601.0,258.0,3.5,21.3,0.60,844.4,-99.0,0.0,-9.9,-99,-999,南投縣,13,仁愛鄉,178
23.9300,121.0833,萬大林道,C0I490,2017-02-21T15:00:00+08:00,1601.0,231.0,4.1,20.3,0.63,844.1,-99.0,0.0,-9.9,-99,-999,南投縣,13,仁愛鄉,178
23.9300,121.0833,萬大林道,C0I490,2017-02-21T16:00:00+08:00,1601.0,230.0,3.7,18.0,0.76,844.1,-99.0,0.0,-9.9,-99,-999,南投縣,13,仁愛鄉,178
23.9300,121.0833,萬大林道,C0I490,2017-02-21T17:00:00+08:00,1601.0,231.0,3.0,16.1,0.85,844.5,-99.0,0.0,-9.9,-99,-999,南投縣,13,仁愛鄉,178
23.9300,121.0833,萬大林道,C0I490,2017-02-21T18:00:00+08:00,1601.0,72.0,2.2,15.8,0.86,844.7,-99.0,0.0,-9.9,-99,-999,南投縣,13,仁愛鄉,178
23.9300,121.0833,萬大林道,C0I490,2017-02-21T19:00:00+08:00,1601.0,62.0,1.2,15.2,0.88,845.2,-99.0,0.0,-9.9,-99,-999,南投縣,13,仁愛鄉,178
23.9300,121.0833,萬大林道,C0I490,2017-02-21T20:00:00+08:00,1601.0,104.0,1.4,14.2,0.94,845.3,-99.0,0.0,-9.9,-99,-999,南投縣,13,仁愛鄉,178
23.9300,121.0833,萬大林道,C0I490,2017-02-21T21:00:00+08:00,1601.0,78.0,1.8,15.0,0.86,845.6,-99.0,0.0,-9.9,-99,-999,南投縣,13,仁愛鄉,178
23.9300,121.0833,萬大林道,C0I490,2017-02-21T22:00:00+08:00,1601.0,172.0,1.6,14.7,0.89,845.5,-99.0,0.0,-9.9,-99,-999,南投縣,13,仁愛鄉,178
23.9300,121.0833,萬大林道,C0I490,2017-02-21T23:00:00+08:00,1601.0,70.0,2.5,14.7,0.78,845.3,-99.0,0.0,-9.9,-99,-999,南投縣,13,仁愛鄉,178
23.9300,121.0833,萬大林道,C0I490,2017-02-22T00:00:00+08:00,1601.0,84.0,2.6,15.4,0.72,844.9,-99.0,0.0,-9.9,-99,-999,南投縣,13,仁愛鄉,178
23.9300,121.0833,萬大林道,C0I490,2017-02-22T01:00:00+08:00,1601.0,66.0,0.9,16.5,0.67,844.4,-99.0,0.0,-9.9,-99,-999,南投縣,13,仁愛鄉,178
23.9300,121.0833,萬大林道,C0I490,2017-02-22T02:00:00+08:00,1601.0,72.0,1.6,16.6,0.65,844.0,-99.0,0.0,-9.9,-99,-999,南投縣,13,仁愛鄉,178
23.9300,121.0833,萬大林道,C0I490,2017-02-22T03:00:00+08:00,1601.0,211.0,0.8,15.7,0.71,843.7,-99.0,0.0,-9.9,-99,-999,南投縣,13,仁愛鄉,178
23.9300,121.0833,萬大林道,C0I490,2017-02-22T04:00:00+08:00,1601.0,90.0,2.4,14.3,0.76,843.7,-99.0,0.0,-9.9,-99,-999,南投縣,13,仁愛鄉,178
23.9300,121.0833,萬大林道,C0I490,2017-02-22T05:00:00+08:00,1601.0,148.0,0.8,15.7,0.70,843.9,-99.0,0.0,-9.9,-99,-999,南投縣,13,仁愛鄉,178
23.9300,121.0833,萬大林道,C0I490,2017-02-22T06:00:00+08:00,1601.0,318.0,1.2,15.2,0.72,844.3,-99.0,0.0,-9.9,-99,-999,南投縣,13,仁愛鄉,178
23.9300,121.0833,萬大林道,C0I490,2017-02-22T07:00:00+08:00,1601.0,131.0,2.7,14.9,0.75,844.6,-99.0,0.0,-9.9,-99,-999,南投縣,13,仁愛鄉,178
23.9300,121.0833,萬大林道,C0I490,2017-02-22T08:00:00+08:00,1601.0,84.0,2.9,15.4,0.76,844.7,-99.0,0.0,-9.9,-99,-999,南投縣,13,仁愛鄉,178
23.9300,121.0833,萬大林道,C0I490,2017-02-22T09:00:00+08:00,1601.0,78.0,2.1,18.6,0.66,844.4,-99.0,0.0,-9.9,-99,-999,南投縣,13,仁愛鄉,178
23.9300,121.0833,萬大林道,C0I490,2017-02-22T10:00:00+08:00,1601.0,55.0,0.8,19.9,0.61,844.3,-99.0,0.0,-9.9,-99,-999,南投縣,13,仁愛鄉,178
23.9300,121.0833,萬大林道,C0I490,2017-02-22T11:00:00+08:00,1601.0,193.0,4.1,13.9,0.91,845.0,-99.0,0.5,-9.9,-99,-999,南投縣,13,仁愛鄉,178
23.9300,121.0833,萬大林道,C0I490,2017-02-22T12:00:00+08:00,1601.0,74.0,1.6,15.2,0.95,844.0,-99.0,2.0,-9.9,-99,-999,南投縣,13,仁愛鄉,178
23.9300,121.0833,萬大林道,C0I490,2017-02-22T13:00:00+08:00,1601.0,43.0,0.7,15.8,0.94,843.1,-99.0,2.0,-9.9,-99,-999,南投縣,13,仁愛鄉,178
23.9300,121.0833,萬大林道,C0I490,2017-02-22T14:00:00+08:00,1601.0,56.0,1.5,16.0,0.95,842.8,-99.0,2.0,-9.9,-99,-999,南投縣,13,仁愛鄉,178
23.9300,121.0833,萬大林道,C0I490,2017-02-22T15:00:00+08:00,1601.0,250.0,5.0,14.4,0.99,842.5,-99.0,3.0,-9.9,-99,-999,南投縣,13,仁愛鄉,178
23.9300,121.0833,萬大林道,C0I490,2017-02-22T16:00:00+08:00,1601.0,269.0,2.6,14.3,0.99,842.8,-99.0,3.0,-9.9,-99,-999,南投縣,13,仁愛鄉,178
23.9300,121.0833,萬大林道,C0I490,2017-02-22T17:00:00+08:00,1601.0,126.0,1.3,14.4,0.99,843.0,-99.0,3.0,-9.9,-99,-999,南投縣,13,仁愛鄉,178
23.9300,121.0833,萬大林道,C0I490,2017-02-22T18:00:00+08:00,1601.0,255.0,3.5,15.5,0.92,843.7,-99.0,3.0,-9.9,-99,-999,南投縣,13,仁愛鄉,178
23.9300,121.0833,萬大林道,C0I490,2017-02-22T19:00:00+08:00,1601.0,267.0,1.6,15.4,0.92,843.7,-99.0,3.0,-9.9,-99,-999,南投縣,13,仁愛鄉,178
23.9300,121.0833,萬大林道,C0I490,2017-02-22T20:00:00+08:00,1601.0,240.0,2.9,15.6,0.91,844.4,-99.0,3.0,-9.9,-99,-999,南投縣,13,仁愛鄉,178
23.9300,121.0833,萬大林道,C0I490,2017-02-22T21:00:00+08:00,1601.0,246.0,2.8,15.4,0.92,844.6,-99.0,3.0,-9.9,-99,-999,南投縣,13,仁愛鄉,178
23.9300,121.0833,萬大林道,C0I490,2017-02-22T22:00:00+08:00,1601.0,275.0,2.6,15.0,0.98,844.7,-99.0,3.0,-9.9,-99,-999,南投縣,13,仁愛鄉,178
23.9300,121.0833,萬大林道,C0I490,2017-02-22T23:00:00+08:00,1601.0,229.0,4.0,14.8,0.99,844.7,-99.0,3.0,-9.9,-99,-999,南投縣,13,仁愛鄉,178
23.9300,121.0833,萬大林道,C0I490,2017-02-23T00:00:00+08:00,1601.0,245.0,3.7,14.8,0.99,844.6,-99.0,3.0,-9.9,-99,-999,南投縣,13,仁愛鄉,178
23.9300,121.0833,萬大林道,C0I490,2017-02-23T01:00:00+08:00,1601.0,245.0,4.4,14.8,0.99,844.4,-99.0,0.0,-9.9,-99,-999,南投縣,13,仁愛鄉,178
23.9300,121.0833,萬大林道,C0I490,2017-02-23T02:00:00+08:00,1601.0,235.0,2.7,14.7,0.99,844.1,-99.0,0.0,-9.9,-99,-999,南投縣,13,仁愛鄉,178
23.9300,121.0833,萬大林道,C0I490,2017-02-23T03:00:00+08:00,1601.0,253.0,2.2,14.3,0.99,843.8,-99.0,0.0,-9.9,-99,-999,南投縣,13,仁愛鄉,178
23.9300,121.0833,萬大林道,C0I490,2017-02-23T04:00:00+08:00,1601.0,299.0,0.5,13.7,0.99,843.5,-99.0,0.0,-9.9,-99,-999,南投縣,13,仁愛鄉,178
23.9300,121.0833,萬大林道,C0I490,2017-02-23T05:00:00+08:00,1601.0,23.0,0.7,13.6,0.99,843.6,-99.0,0.0,-9.9,-99,-999,南投縣,13,仁愛鄉,178
23.9300,121.0833,萬大林道,C0I490,2017-02-23T06:00:00+08:00,1601.0,312.0,0.4,13.7,0.99,844.2,-99.0,0.0,-9.9,-99,-999,南投縣,13,仁愛鄉,178
23.9300,121.0833,萬大林道,C0I490,2017-02-23T07:00:00+08:00,1601.0,61.0,1.2,13.5,0.99,844.4,-99.0,0.5,-9.9,-99,-999,南投縣,13,仁愛鄉,178
23.9300,121.0833,萬大林道,C0I490,2017-02-23T08:00:00+08:00,1601.0,61.0,1.1,13.8,0.98,844.5,-99.0,0.5,-9.9,-99,-999,南投縣,13,仁愛鄉,178
23.9300,121.0833,萬大林道,C0I490,2017-02-23T10:00:00+08:00,1601.0,0.0,0.0,16.3,0.83,845.0,-99.0,0.5,-9.9,-99,-999,南投縣,13,仁愛鄉,178
23.9300,121.0833,萬大林道,C0I490,2017-02-23T11:00:00+08:00,1601.0,230.0,4.9,17.8,0.70,844.7,-99.0,0.5,-9.9,-99,-999,南投縣,13,仁愛鄉,178
23.9300,121.0833,萬大林道,C0I490,2017-02-23T12:00:00+08:00,1601.0,258.0,5.8,19.0,0.66,844.2,-99.0,0.5,-9.9,-99,-999,南投縣,13,仁愛鄉,178
23.9300,121.0833,萬大林道,C0I490,2017-02-23T13:00:00+08:00,1601.0,240.0,5.3,20.6,0.57,843.4,-99.0,0.5,-9.9,-99,-999,南投縣,13,仁愛鄉,178
23.9300,121.0833,萬大林道,C0I490,2017-02-23T14:00:00+08:00,1601.0,263.0,6.6,20.8,0.58,842.7,-99.0,0.5,-9.9,-99,-999,南投縣,13,仁愛鄉,178
23.9300,121.0833,萬大林道,C0I490,2017-02-23T15:00:00+08:00,1601.0,258.0,6.7,19.6,0.65,842.5,-99.0,0.5,-9.9,-99,-999,南投縣,13,仁愛鄉,178
23.9300,121.0833,萬大林道,C0I490,2017-02-23T16:00:00+08:00,1601.0,254.0,5.6,19.2,0.69,842.7,-99.0,0.5,-9.9,-99,-999,南投縣,13,仁愛鄉,178
23.9300,121.0833,萬大林道,C0I490,2017-02-23T17:00:00+08:00,1601.0,246.0,4.1,16.6,0.86,842.8,-99.0,0.5,-9.9,-99,-999,南投縣,13,仁愛鄉,178
23.9300,121.0833,萬大林道,C0I490,2017-02-23T18:00:00+08:00,1601.0,245.0,3.4,15.5,0.85,843.2,-99.0,0.5,-9.9,-99,-999,南投縣,13,仁愛鄉,178
23.9300,121.0833,萬大林道,C0I490,2017-02-23T19:00:00+08:00,1601.0,228.0,3.8,13.7,0.99,843.7,-99.0,0.5,-9.9,-99,-999,南投縣,13,仁愛鄉,178
23.9300,121.0833,萬大林道,C0I490,2017-02-23T20:00:00+08:00,1601.0,232.0,3.2,13.3,0.99,844.3,-99.0,0.5,-9.9,-99,-999,南投縣,13,仁愛鄉,178
23.9300,121.0833,萬大林道,C0I490,2017-02-23T21:00:00+08:00,1601.0,232.0,3.7,13.4,0.98,844.6,-99.0,0.5,-9.9,-99,-999,南投縣,13,仁愛鄉,178
23.9300,121.0833,萬大林道,C0I490,2017-02-23T22:00:00+08:00,1601.0,205.0,2.9,13.3,0.99,844.7,-99.0,0.5,-9.9,-99,-999,南投縣,13,仁愛鄉,178
23.9300,121.0833,萬大林道,C0I490,2017-02-23T23:00:00+08:00,1601.0,217.0,2.2,13.2,0.99,844.6,-99.0,0.5,-9.9,-99,-999,南投縣,13,仁愛鄉,178
23.9300,121.0833,萬大林道,C0I490,2017-02-24T00:00:00+08:00,1601.0,225.0,4.0,13.3,0.99,844.4,-99.0,0.5,-9.9,-99,-999,南投縣,13,仁愛鄉,178
23.9300,121.0833,萬大林道,C0I490,2017-02-24T01:00:00+08:00,1601.0,224.0,5.6,13.0,0.99,844.3,-99.0,0.0,-9.9,-99,-999,南投縣,13,仁愛鄉,178
23.9300,121.0833,萬大林道,C0I490,2017-02-24T02:00:00+08:00,1601.0,254.0,6.6,12.9,0.99,844.2,-99.0,2.5,-9.9,-99,-999,南投縣,13,仁愛鄉,178
23.9300,121.0833,萬大林道,C0I490,2017-02-24T03:00:00+08:00,1601.0,232.0,6.2,12.5,0.99,844.2,-99.0,3.0,-9.9,-99,-999,南投縣,13,仁愛鄉,178
23.9300,121.0833,萬大林道,C0I490,2017-02-24T04:00:00+08:00,1601.0,245.0,4.8,12.4,0.99,843.9,-99.0,3.0,-9.9,-99,-999,南投縣,13,仁愛鄉,178
23.9300,121.0833,萬大林道,C0I490,2017-02-24T05:00:00+08:00,1601.0,246.0,4.6,12.3,0.99,843.8,-99.0,3.5,-9.9,-99,-999,南投縣,13,仁愛鄉,178
23.9300,121.0833,萬大林道,C0I490,2017-02-24T06:00:00+08:00,1601.0,239.0,4.2,12.3,0.99,844.5,-99.0,3.5,-9.9,-99,-999,南投縣,13,仁愛鄉,178
23.9300,121.0833,萬大林道,C0I490,2017-02-24T07:00:00+08:00,1601.0,243.0,4.1,12.3,0.99,844.7,-99.0,3.5,-9.9,-99,-999,南投縣,13,仁愛鄉,178
23.9300,121.0833,萬大林道,C0I490,2017-02-24T08:00:00+08:00,1601.0,254.0,7.0,12.1,0.99,845.1,-99.0,3.5,-9.9,-99,-999,南投縣,13,仁愛鄉,178
23.9300,121.0833,萬大林道,C0I490,2017-02-24T09:00:00+08:00,1601.0,221.0,6.8,11.8,0.99,845.4,-99.0,3.5,-9.9,-99,-999,南投縣,13,仁愛鄉,178
23.9300,121.0833,萬大林道,C0I490,2017-02-24T10:00:00+08:00,1601.0,226.0,7.8,11.7,0.99,845.6,-99.0,3.5,-9.9,-99,-999,南投縣,13,仁愛鄉,178
23.9300,121.0833,萬大林道,C0I490,2017-02-24T11:00:00+08:00,1601.0,244.0,4.4,12.0,0.99,845.3,-99.0,3.5,-9.9,-99,-999,南投縣,13,仁愛鄉,178
23.9300,121.0833,萬大林道,C0I490,2017-02-24T12:00:00+08:00,1601.0,265.0,4.4,12.3,0.99,845.0,-99.0,3.5,-9.9,-99,-999,南投縣,13,仁愛鄉,178
23.9300,121.0833,萬大林道,C0I490,2017-02-24T13:00:00+08:00,1601.0,224.0,2.4,12.7,0.99,844.1,-99.0,3.5,-9.9,-99,-999,南投縣,13,仁愛鄉,178
23.9300,121.0833,萬大林道,C0I490,2017-02-24T14:00:00+08:00,1601.0,238.0,3.7,12.7,0.99,843.9,-99.0,3.5,-9.9,-99,-999,南投縣,13,仁愛鄉,178
23.9300,121.0833,萬大林道,C0I490,2017-02-24T15:00:00+08:00,1601.0,235.0,3.6,12.5,0.99,843.7,-99.0,3.5,-9.9,-99,-999,南投縣,13,仁愛鄉,178
23.9300,121.0833,萬大林道,C0I490,2017-02-24T16:00:00+08:00,1601.0,231.0,2.5,12.3,0.99,843.7,-99.0,3.5,-9.9,-99,-999,南投縣,13,仁愛鄉,178
23.9300,121.0833,萬大林道,C0I490,2017-02-24T17:00:00+08:00,1601.0,228.0,4.0,11.9,0.99,844.0,-99.0,3.5,-9.9,-99,-999,南投縣,13,仁愛鄉,178
23.9300,121.0833,萬大林道,C0I490,2017-02-24T18:00:00+08:00,1601.0,234.0,3.6,11.7,0.99,844.1,-99.0,3.5,-9.9,-99,-999,南投縣,13,仁愛鄉,178
23.9300,121.0833,萬大林道,C0I490,2017-02-24T19:00:00+08:00,1601.0,247.0,5.8,11.4,0.99,844.4,-99.0,3.5,-9.9,-99,-999,南投縣,13,仁愛鄉,178
23.9300,121.0833,萬大林道,C0I490,2017-02-24T20:00:00+08:00,1601.0,238.0,5.0,10.9,0.99,845.1,-99.0,4.0,-9.9,-99,-999,南投縣,13,仁愛鄉,178
23.9300,121.0833,萬大林道,C0I490,2017-02-24T21:00:00+08:00,1601.0,229.0,4.3,10.8,0.99,845.2,-99.0,4.0,-9.9,-99,-999,南投縣,13,仁愛鄉,178
23.9300,121.0833,萬大林道,C0I490,2017-02-24T22:00:00+08:00,1601.0,220.0,7.4,11.4,0.99,845.0,-99.0,4.0,-9.9,-99,-999,南投縣,13,仁愛鄉,178
23.9300,121.0833,萬大林道,C0I490,2017-02-24T23:00:00+08:00,1601.0,236.0,4.6,10.8,0.99,844.9,-99.0,4.0,-9.9,-99,-999,南投縣,13,仁愛鄉,178
23.9300,121.0833,萬大林道,C0I490,2017-02-25T00:00:00+08:00,1601.0,230.0,5.3,10.8,0.99,844.7,-99.0,4.5,-9.9,-99,-999,南投縣,13,仁愛鄉,178
23.9300,121.0833,萬大林道,C0I490,2017-02-25T01:00:00+08:00,1601.0,223.0,4.6,10.9,0.99,844.4,-99.0,0.0,-9.9,-99,-999,南投縣,13,仁愛鄉,178
23.9300,121.0833,萬大林道,C0I490,2017-02-25T02:00:00+08:00,1601.0,234.0,4.4,10.9,0.99,843.9,-99.0,0.0,-9.9,-99,-999,南投縣,13,仁愛鄉,178
23.9300,121.0833,萬大林道,C0I490,2017-02-25T03:00:00+08:00,1601.0,227.0,4.6,11.2,0.99,843.6,-99.0,0.0,-9.9,-99,-999,南投縣,13,仁愛鄉,178
23.9300,121.0833,萬大林道,C0I490,2017-02-25T04:00:00+08:00,1601.0,235.0,5.2,11.1,0.99,843.4,-99.0,0.0,-9.9,-99,-999,南投縣,13,仁愛鄉,178
23.9300,121.0833,萬大林道,C0I490,2017-02-25T05:00:00+08:00,1601.0,228.0,5.3,11.1,0.99,843.5,-99.0,0.0,-9.9,-99,-999,南投縣,13,仁愛鄉,178
23.9300,121.0833,萬大林道,C0I490,2017-02-25T06:00:00+08:00,1601.0,248.0,4.4,11.0,0.99,843.8,-99.0,0.0,-9.9,-99,-999,南投縣,13,仁愛鄉,178
23.9300,121.0833,萬大林道,C0I490,2017-02-25T07:00:00+08:00,1601.0,195.0,1.8,11.0,0.99,843.9,-99.0,0.0,-9.9,-99,-999,南投縣,13,仁愛鄉,178
23.9300,121.0833,萬大林道,C0I490,2017-02-25T08:00:00+08:00,1601.0,254.0,3.8,11.1,0.99,844.6,-99.0,0.0,-9.9,-99,-999,南投縣,13,仁愛鄉,178
23.9300,121.0833,萬大林道,C0I490,2017-02-25T10:00:00+08:00,1601.0,256.0,1.0,12.1,0.99,844.5,-99.0,0.0,-9.9,-99,-999,南投縣,13,仁愛鄉,178
23.9300,121.0833,萬大林道,C0I490,2017-02-25T11:00:00+08:00,1601.0,260.0,3.6,12.1,0.99,844.1,-99.0,0.0,-9.9,-99,-999,南投縣,13,仁愛鄉,178
23.9300,121.0833,萬大林道,C0I490,2017-02-25T12:00:00+08:00,1601.0,236.0,3.2,11.8,0.99,843.5,-99.0,0.0,-9.9,-99,-999,南投縣,13,仁愛鄉,178
23.9300,121.0833,萬大林道,C0I490,2017-02-25T13:00:00+08:00,1601.0,201.0,1.1,13.1,0.99,842.7,-99.0,0.0,-9.9,-99,-999,南投縣,13,仁愛鄉,178
23.9300,121.0833,萬大林道,C0I490,2017-02-25T14:00:00+08:00,1601.0,265.0,1.1,12.9,0.99,842.0,-99.0,0.0,-9.9,-99,-999,南投縣,13,仁愛鄉,178
23.9300,121.0833,萬大林道,C0I490,2017-02-25T15:00:00+08:00,1601.0,266.0,1.7,13.6,0.99,841.7,-99.0,0.0,-9.9,-99,-999,南投縣,13,仁愛鄉,178
23.9300,121.0833,萬大林道,C0I490,2017-02-25T16:00:00+08:00,1601.0,241.0,2.4,12.9,0.98,841.7,-99.0,0.0,-9.9,-99,-999,南投縣,13,仁愛鄉,178
23.9300,121.0833,萬大林道,C0I490,2017-02-25T17:00:00+08:00,1601.0,230.0,2.9,12.0,0.98,841.7,-99.0,0.0,-9.9,-99,-999,南投縣,13,仁愛鄉,178
23.9300,121.0833,萬大林道,C0I490,2017-02-25T18:00:00+08:00,1601.0,254.0,3.0,11.5,0.99,842.1,-99.0,0.0,-9.9,-99,-999,南投縣,13,仁愛鄉,178
23.9300,121.0833,萬大林道,C0I490,2017-02-25T19:00:00+08:00,1601.0,243.0,4.8,11.0,0.99,842.3,-99.0,0.5,-9.9,-99,-999,南投縣,13,仁愛鄉,178
23.9300,121.0833,萬大林道,C0I490,2017-02-25T20:00:00+08:00,1601.0,223.0,5.1,11.0,0.99,843.1,-99.0,0.5,-9.9,-99,-999,南投縣,13,仁愛鄉,178
23.9300,121.0833,萬大林道,C0I490,2017-02-25T21:00:00+08:00,1601.0,78.0,2.0,10.9,0.99,843.2,-99.0,0.5,-9.9,-99,-999,南投縣,13,仁愛鄉,178
23.9300,121.0833,萬大林道,C0I490,2017-02-25T22:00:00+08:00,1601.0,318.0,1.3,11.1,0.99,843.4,-99.0,0.5,-9.9,-99,-999,南投縣,13,仁愛鄉,178
23.9300,121.0833,萬大林道,C0I490,2017-02-25T23:00:00+08:00,1601.0,251.0,1.6,11.2,0.99,843.0,-99.0,0.5,-9.9,-99,-999,南投縣,13,仁愛鄉,178
23.9300,121.0833,萬大林道,C0I490,2017-02-26T00:00:00+08:00,1601.0,259.0,3.2,11.1,0.99,843.0,-99.0,0.5,-9.9,-99,-999,南投縣,13,仁愛鄉,178
23.9300,121.0833,萬大林道,C0I490,2017-02-26T01:00:00+08:00,1601.0,230.0,5.1,10.5,0.99,843.1,-99.0,0.5,-9.9,-99,-999,南投縣,13,仁愛鄉,178
23.9300,121.0833,萬大林道,C0I490,2017-02-26T02:00:00+08:00,1601.0,265.0,3.4,10.4,0.99,842.9,-99.0,0.5,-9.9,-99,-999,南投縣,13,仁愛鄉,178
23.9300,121.0833,萬大林道,C0I490,2017-02-26T03:00:00+08:00,1601.0,203.0,1.9,10.4,0.99,842.4,-99.0,0.5,-9.9,-99,-999,南投縣,13,仁愛鄉,178
23.9300,121.0833,萬大林道,C0I490,2017-02-26T04:00:00+08:00,1601.0,256.0,1.0,10.4,0.99,842.3,-99.0,0.5,-9.9,-99,-999,南投縣,13,仁愛鄉,178
23.9300,121.0833,萬大林道,C0I490,2017-02-26T05:00:00+08:00,1601.0,259.0,3.6,10.4,0.99,842.5,-99.0,0.5,-9.9,-99,-999,南投縣,13,仁愛鄉,178
23.9300,121.0833,萬大林道,C0I490,2017-02-26T06:00:00+08:00,1601.0,252.0,4.4,9.9,0.99,842.6,-99.0,0.5,-9.9,-99,-999,南投縣,13,仁愛鄉,178
23.9300,121.0833,萬大林道,C0I490,2017-02-26T07:00:00+08:00,1601.0,243.0,6.8,9.4,0.99,843.5,-99.0,2.0,-9.9,-99,-999,南投縣,13,仁愛鄉,178
23.9300,121.0833,萬大林道,C0I490,2017-02-26T08:00:00+08:00,1601.0,238.0,3.2,9.4,0.99,844.1,-99.0,2.5,-9.9,-99,-999,南投縣,13,仁愛鄉,178
23.9300,121.0833,萬大林道,C0I490,2017-02-26T10:00:00+08:00,1601.0,224.0,5.7,10.8,0.99,844.7,-99.0,2.5,-9.9,-99,-999,南投縣,13,仁愛鄉,178
23.9300,121.0833,萬大林道,C0I490,2017-02-26T11:00:00+08:00,1601.0,236.0,5.2,10.7,0.99,844.4,-99.0,2.5,-9.9,-99,-999,南投縣,13,仁愛鄉,178
23.9300,121.0833,萬大林道,C0I490,2017-02-26T12:00:00+08:00,1601.0,245.0,3.8,11.0,0.99,844.1,-99.0,2.5,-9.9,-99,-999,南投縣,13,仁愛鄉,178
23.9300,121.0833,萬大林道,C0I490,2017-02-26T13:00:00+08:00,1601.0,239.0,3.9,10.7,0.99,843.5,-99.0,2.5,-9.9,-99,-999,南投縣,13,仁愛鄉,178
23.9300,121.0833,萬大林道,C0I490,2017-02-26T14:00:00+08:00,1601.0,239.0,2.7,10.5,0.99,843.0,-99.0,2.5,-9.9,-99,-999,南投縣,13,仁愛鄉,178
23.9300,121.0833,萬大林道,C0I490,2017-02-26T15:00:00+08:00,1601.0,223.0,3.1,10.3,0.99,842.6,-99.0,2.5,-9.9,-99,-999,南投縣,13,仁愛鄉,178
23.9300,121.0833,萬大林道,C0I490,2017-02-26T16:00:00+08:00,1601.0,309.0,1.2,10.7,0.99,842.6,-99.0,2.5,-9.9,-99,-999,南投縣,13,仁愛鄉,178
23.9300,121.0833,萬大林道,C0I490,2017-02-26T17:00:00+08:00,1601.0,222.0,2.3,10.7,0.99,843.3,-99.0,2.5,-9.9,-99,-999,南投縣,13,仁愛鄉,178
23.9300,121.0833,萬大林道,C0I490,2017-02-26T18:00:00+08:00,1601.0,241.0,1.4,10.3,0.99,843.5,-99.0,2.5,-9.9,-99,-999,南投縣,13,仁愛鄉,178
23.9300,121.0833,萬大林道,C0I490,2017-02-26T19:00:00+08:00,1601.0,216.0,3.0,10.2,0.99,843.9,-99.0,2.5,-9.9,-99,-999,南投縣,13,仁愛鄉,178
23.9300,121.0833,萬大林道,C0I490,2017-02-26T20:00:00+08:00,1601.0,196.0,1.0,9.9,0.99,844.3,-99.0,2.5,-9.9,-99,-999,南投縣,13,仁愛鄉,178
23.9300,121.0833,萬大林道,C0I490,2017-02-26T21:00:00+08:00,1601.0,76.0,1.9,10.2,0.99,844.5,-99.0,2.5,-9.9,-99,-999,南投縣,13,仁愛鄉,178
23.9300,121.0833,萬大林道,C0I490,2017-02-26T22:00:00+08:00,1601.0,85.0,1.0,9.5,0.99,844.6,-99.0,2.5,-9.9,-99,-999,南投縣,13,仁愛鄉,178
23.9300,121.0833,萬大林道,C0I490,2017-02-26T23:00:00+08:00,1601.0,170.0,1.1,9.8,0.99,844.8,-99.0,2.5,-9.9,-99,-999,南投縣,13,仁愛鄉,178
23.9300,121.0833,萬大林道,C0I490,2017-02-27T00:00:00+08:00,1601.0,58.0,1.3,9.2,0.99,844.3,-99.0,2.5,-9.9,-99,-999,南投縣,13,仁愛鄉,178
23.9300,121.0833,萬大林道,C0I490,2017-02-27T01:00:00+08:00,1601.0,303.0,0.6,9.6,0.99,844.2,-99.0,0.0,-9.9,-99,-999,南投縣,13,仁愛鄉,178
23.9300,121.0833,萬大林道,C0I490,2017-02-27T02:00:00+08:00,1601.0,350.0,0.6,9.4,0.99,843.9,-99.0,0.0,-9.9,-99,-999,南投縣,13,仁愛鄉,178
23.9300,121.0833,萬大林道,C0I490,2017-02-27T03:00:00+08:00,1601.0,190.0,0.9,9.4,0.99,844.1,-99.0,0.0,-9.9,-99,-999,南投縣,13,仁愛鄉,178
23.9300,121.0833,萬大林道,C0I490,2017-02-27T04:00:00+08:00,1601.0,340.0,0.4,9.5,0.99,843.8,-99.0,0.0,-9.9,-99,-999,南投縣,13,仁愛鄉,178
23.9300,121.0833,萬大林道,C0I490,2017-02-27T05:00:00+08:00,1601.0,359.0,1.2,9.2,0.99,844.1,-99.0,0.0,-9.9,-99,-999,南投縣,13,仁愛鄉,178
23.9300,121.0833,萬大林道,C0I490,2017-02-27T06:00:00+08:00,1601.0,238.0,1.5,9.4,0.99,844.8,-99.0,0.0,-9.9,-99,-999,南投縣,13,仁愛鄉,178
23.9300,121.0833,萬大林道,C0I490,2017-02-27T07:00:00+08:00,1601.0,259.0,0.9,9.4,0.99,844.9,-99.0,0.0,-9.9,-99,-999,南投縣,13,仁愛鄉,178
23.9300,121.0833,萬大林道,C0I490,2017-02-27T08:00:00+08:00,1601.0,76.0,1.7,9.6,0.99,845.4,-99.0,0.0,-9.9,-99,-999,南投縣,13,仁愛鄉,178
23.9300,121.0833,萬大林道,C0I490,2017-02-27T10:00:00+08:00,1601.0,287.0,1.0,10.7,0.99,845.8,-99.0,0.0,-9.9,-99,-999,南投縣,13,仁愛鄉,178
23.9300,121.0833,萬大林道,C0I490,2017-02-27T11:00:00+08:00,1601.0,265.0,2.9,11.3,0.99,845.5,-99.0,0.0,-9.9,-99,-999,南投縣,13,仁愛鄉,178
23.9300,121.0833,萬大林道,C0I490,2017-02-27T12:00:00+08:00,1601.0,263.0,4.0,10.5,0.99,844.9,-99.0,0.0,-9.9,-99,-999,南投縣,13,仁愛鄉,178
23.9300,121.0833,萬大林道,C0I490,2017-02-27T13:00:00+08:00,1601.0,260.0,3.0,10.0,0.99,844.6,-99.0,0.0,-9.9,-99,-999,南投縣,13,仁愛鄉,178
23.9300,121.0833,萬大林道,C0I490,2017-02-27T14:00:00+08:00,1601.0,262.0,3.8,9.8,0.99,844.3,-99.0,0.0,-9.9,-99,-999,南投縣,13,仁愛鄉,178
23.9300,121.0833,萬大林道,C0I490,2017-02-27T15:00:00+08:00,1601.0,252.0,2.3,10.2,0.99,844.3,-99.0,0.0,-9.9,-99,-999,南投縣,13,仁愛鄉,178
23.9300,121.0833,萬大林道,C0I490,2017-02-27T16:00:00+08:00,1601.0,35.0,1.0,10.2,0.99,844.6,-99.0,0.0,-9.9,-99,-999,南投縣,13,仁愛鄉,178
23.9300,121.0833,萬大林道,C0I490,2017-02-27T17:00:00+08:00,1601.0,48.0,0.9,9.9,0.99,844.8,-99.0,0.0,-9.9,-99,-999,南投縣,13,仁愛鄉,178
23.9300,121.0833,萬大林道,C0I490,2017-02-27T18:00:00+08:00,1601.0,71.0,0.9,9.8,0.99,844.8,-99.0,0.0,-9.9,-99,-999,南投縣,13,仁愛鄉,178
23.9300,121.0833,萬大林道,C0I490,2017-02-27T19:00:00+08:00,1601.0,0.0,0.2,9.4,0.99,844.8,-99.0,0.0,-9.9,-99,-999,南投縣,13,仁愛鄉,178
23.9300,121.0833,萬大林道,C0I490,2017-02-27T20:00:00+08:00,1601.0,180.0,1.1,9.2,0.99,845.4,-99.0,0.0,-9.9,-99,-999,南投縣,13,仁愛鄉,178
23.9300,121.0833,萬大林道,C0I490,2017-02-27T21:00:00+08:00,1601.0,76.0,0.9,9.1,0.99,845.5,-99.0,0.0,-9.9,-99,-999,南投縣,13,仁愛鄉,178
23.9300,121.0833,萬大林道,C0I490,2017-02-27T22:00:00+08:00,1601.0,222.0,0.7,9.2,0.99,845.8,-99.0,0.0,-9.9,-99,-999,南投縣,13,仁愛鄉,178
23.9300,121.0833,萬大林道,C0I490,2017-02-27T23:00:00+08:00,1601.0,2.0,0.5,9.0,0.99,845.6,-99.0,0.0,-9.9,-99,-999,南投縣,13,仁愛鄉,178
23.9300,121.0833,萬大林道,C0I490,2017-02-28T00:00:00+08:00,1601.0,67.0,1.4,8.9,0.99,845.6,-99.0,0.0,-9.9,-99,-999,南投縣,13,仁愛鄉,178
23.9300,121.0833,萬大林道,C0I490,2017-02-28T01:00:00+08:00,1601.0,45.0,0.9,8.7,0.98,845.3,-99.0,0.0,-9.9,-99,-999,南投縣,13,仁愛鄉,178
23.9300,121.0833,萬大林道,C0I490,2017-02-28T02:00:00+08:00,1601.0,87.0,1.6,8.8,0.95,844.6,-99.0,0.0,-9.9,-99,-999,南投縣,13,仁愛鄉,178
23.9300,121.0833,萬大林道,C0I490,2017-02-28T03:00:00+08:00,1601.0,225.0,1.3,8.1,0.99,845.0,-99.0,0.0,-9.9,-99,-999,南投縣,13,仁愛鄉,178
23.9300,121.0833,萬大林道,C0I490,2017-02-28T04:00:00+08:00,1601.0,240.0,1.3,8.6,0.99,844.9,-99.0,0.0,-9.9,-99,-999,南投縣,13,仁愛鄉,178
23.9300,121.0833,萬大林道,C0I490,2017-02-28T05:00:00+08:00,1601.0,70.0,1.4,8.7,0.99,845.0,-99.0,0.0,-9.9,-99,-999,南投縣,13,仁愛鄉,178
23.9300,121.0833,萬大林道,C0I490,2017-02-28T06:00:00+08:00,1601.0,75.0,3.1,8.5,0.99,845.2,-99.0,0.0,-9.9,-99,-999,南投縣,13,仁愛鄉,178
23.9300,121.0833,萬大林道,C0I490,2017-02-28T07:00:00+08:00,1601.0,71.0,2.6,8.3,0.99,845.4,-99.0,0.0,-9.9,-99,-999,南投縣,13,仁愛鄉,178
23.9300,121.0833,萬大林道,C0I490,2017-02-28T08:00:00+08:00,1601.0,169.0,2.0,8.8,0.99,845.8,-99.0,0.0,-9.9,-99,-999,南投縣,13,仁愛鄉,178
23.9300,121.0833,萬大林道,C0I490,2017-02-28T09:00:00+08:00,1601.0,237.0,0.6,10.7,0.89,846.0,-99.0,0.0,-9.9,-99,-999,南投縣,13,仁愛鄉,178
23.9300,121.0833,萬大林道,C0I490,2017-02-28T10:00:00+08:00,1601.0,13.0,0.4,13.2,0.80,845.9,-99.0,0.0,-9.9,-99,-999,南投縣,13,仁愛鄉,178
23.9300,121.0833,萬大林道,C0I490,2017-02-28T11:00:00+08:00,1601.0,214.0,1.5,11.8,0.84,845.6,-99.0,0.0,-9.9,-99,-999,南投縣,13,仁愛鄉,178
23.9300,121.0833,萬大林道,C0I490,2017-02-28T12:00:00+08:00,1601.0,237.0,3.4,11.1,0.91,844.9,-99.0,0.0,-9.9,-99,-999,南投縣,13,仁愛鄉,178
23.9300,121.0833,萬大林道,C0I490,2017-02-28T13:00:00+08:00,1601.0,267.0,3.0,12.8,0.85,844.1,-99.0,0.0,-9.9,-99,-999,南投縣,13,仁愛鄉,178
23.9300,121.0833,萬大林道,C0I490,2017-02-28T14:00:00+08:00,1601.0,237.0,2.6,11.0,0.95,843.4,-99.0,0.0,-9.9,-99,-999,南投縣,13,仁愛鄉,178
23.9300,121.0833,萬大林道,C0I490,2017-02-28T15:00:00+08:00,1601.0,249.0,2.7,11.2,0.97,842.9,-99.0,0.0,-9.9,-99,-999,南投縣,13,仁愛鄉,178
23.9300,121.0833,萬大林道,C0I490,2017-02-28T16:00:00+08:00,1601.0,240.0,1.8,10.5,0.99,842.6,-99.0,0.0,-9.9,-99,-999,南投縣,13,仁愛鄉,178
23.9300,121.0833,萬大林道,C0I490,2017-02-28T17:00:00+08:00,1601.0,228.0,1.3,10.2,0.99,842.7,-99.0,0.0,-9.9,-99,-999,南投縣,13,仁愛鄉,178
23.9300,121.0833,萬大林道,C0I490,2017-02-28T18:00:00+08:00,1601.0,0.0,0.0,10.5,0.99,842.9,-99.0,0.0,-9.9,-99,-999,南投縣,13,仁愛鄉,178
23.9300,121.0833,萬大林道,C0I490,2017-02-28T19:00:00+08:00,1601.0,244.0,2.9,10.1,0.99,843.1,-99.0,0.0,-9.9,-99,-999,南投縣,13,仁愛鄉,178
23.9300,121.0833,萬大林道,C0I490,2017-02-28T20:00:00+08:00,1601.0,242.0,3.3,9.6,0.99,843.4,-99.0,0.0,-9.9,-99,-999,南投縣,13,仁愛鄉,178
23.9300,121.0833,萬大林道,C0I490,2017-02-28T21:00:00+08:00,1601.0,238.0,3.3,9.6,0.99,843.9,-99.0,0.0,-9.9,-99,-999,南投縣,13,仁愛鄉,178
23.9300,121.0833,萬大林道,C0I490,2017-02-28T22:00:00+08:00,1601.0,228.0,2.9,9.2,0.99,843.9,-99.0,0.0,-9.9,-99,-999,南投縣,13,仁愛鄉,178
23.9300,121.0833,萬大林道,C0I490,2017-02-28T23:00:00+08:00,1601.0,236.0,2.7,9.0,0.99,843.8,-99.0,0.0,-9.9,-99,-999,南投縣,13,仁愛鄉,178
