23.0816,120.4869,北寮,C0O830,2017-02-01T07:00:00+08:00,127.0,273.0,0.6,16.2,0.95,1004.8,-99.0,0.0,-9.9,-99,-999,臺南市,04,南化區,244
23.0816,120.4869,北寮,C0O830,2017-02-01T05:00:00+08:00,127.0,293.0,0.9,16.3,0.93,1003.5,-99.0,0.0,-9.9,-99,-999,臺南市,04,南化區,244
23.0816,120.4869,北寮,C0O830,2017-02-01T02:00:00+08:00,127.0,289.0,0.6,16.7,0.91,1004.1,-99.0,0.0,-9.9,-99,-999,臺南市,04,南化區,244
23.0816,120.4869,北寮,C0O830,2017-02-01T11:00:00+08:00,127.0,298.0,1.4,21.0,0.77,1005.1,-99.0,0.0,-9.9,-99,-999,臺南市,04,南化區,244
23.0816,120.4869,北寮,C0O830,2017-02-02T10:00:00+08:00,127.0,280.0,1.1,17.6,0.81,1007.4,-99.0,0.0,-9.9,-99,-999,臺南市,04,南化區,244
23.0816,120.4869,北寮,C0O830,2017-02-02T09:00:00+08:00,127.0,307.0,1.0,16.7,0.84,1007.3,-99.0,0.0,-9.9,-99,-999,臺南市,04,南化區,244
23.0816,120.4869,北寮,C0O830,2017-02-02T08:00:00+08:00,127.0,308.0,1.1,15.6,0.90,1006.8,-99.0,0.0,-9.9,-99,-999,臺南市,04,南化區,244
23.0816,120.4869,北寮,C0O830,2017-02-02T11:00:00+08:00,127.0,243.0,0.3,18.0,0.77,1006.6,-99.0,0.0,-9.9,-99,-999,臺南市,04,南化區,244
23.0816,120.4869,北寮,C0O830,2017-02-02T14:00:00+08:00,127.0,203.0,0.7,21.1,0.68,1004.1,-99.0,0.0,-9.9,-99,-999,臺南市,04,南化區,244
23.0816,120.4869,北寮,C0O830,2017-02-02T15:00:00+08:00,127.0,258.0,0.8,22.1,0.65,1003.6,-99.0,0.0,-9.9,-99,-999,臺南市,04,南化區,244
23.0816,120.4869,北寮,C0O830,2017-02-02T16:00:00+08:00,127.0,297.0,1.7,21.5,0.66,1003.7,-99.0,0.0,-9.9,-99,-999,臺南市,04,南化區,244
23.0816,120.4869,北寮,C0O830,2017-02-02T17:00:00+08:00,127.0,293.0,1.8,20.9,0.68,1004.1,-99.0,0.0,-9.9,-99,-999,臺南市,04,南化區,244
23.0816,120.4869,北寮,C0O830,2017-02-02T18:00:00+08:00,127.0,288.0,1.1,18.8,0.76,1004.5,-99.0,0.0,-9.9,-99,-999,臺南市,04,南化區,244
23.0816,120.4869,北寮,C0O830,2017-02-02T19:00:00+08:00,127.0,230.0,0.9,17.5,0.78,1005.1,-99.0,0.0,-9.9,-99,-999,臺南市,04,南化區,244
23.0816,120.4869,北寮,C0O830,2017-02-02T20:00:00+08:00,127.0,0.0,0.1,16.9,0.80,1005.5,-99.0,0.0,-9.9,-99,-999,臺南市,04,南化區,244
23.0816,120.4869,北寮,C0O830,2017-02-02T21:00:00+08:00,127.0,146.0,0.4,16.8,0.82,1005.6,-99.0,0.0,-9.9,-99,-999,臺南市,04,南化區,244
23.0816,120.4869,北寮,C0O830,2017-02-02T22:00:00+08:00,127.0,0.0,0.2,16.1,0.86,1005.9,-99.0,0.0,-9.9,-99,-999,臺南市,04,南化區,244
23.0816,120.4869,北寮,C0O830,2017-02-02T23:00:00+08:00,127.0,243.0,0.9,16.2,0.86,1005.8,-99.0,0.0,-9.9,-99,-999,臺南市,04,南化區,244
23.0816,120.4869,北寮,C0O830,2017-02-03T00:00:00+08:00,127.0,187.0,0.6,15.8,0.87,1005.9,-99.0,0.0,-9.9,-99,-999,臺南市,04,南化區,244
23.0816,120.4869,北寮,C0O830,2017-02-03T01:00:00+08:00,127.0,306.0,0.6,15.5,0.89,1005.6,-99.0,0.0,-9.9,-99,-999,臺南市,04,南化區,244
23.0816,120.4869,北寮,C0O830,2017-02-03T02:00:00+08:00,127.0,0.0,0.0,15.4,0.91,1005.2,-99.0,0.0,-9.9,-99,-999,臺南市,04,南化區,244
23.0816,120.4869,北寮,C0O830,2017-02-03T03:00:00+08:00,127.0,0.0,0.1,15.4,0.91,1004.8,-99.0,0.0,-9.9,-99,-999,臺南市,04,南化區,244
23.0816,120.4869,北寮,C0O830,2017-02-03T04:00:00+08:00,127.0,179.0,0.5,15.4,0.92,1004.3,-99.0,0.0,-9.9,-99,-999,臺南市,04,南化區,244
23.0816,120.4869,北寮,C0O830,2017-02-03T05:00:00+08:00,127.0,0.0,0.2,15.0,0.95,1004.8,-99.0,0.0,-9.9,-99,-999,臺南市,04,南化區,244
23.0816,120.4869,北寮,C0O830,2017-02-03T06:00:00+08:00,127.0,0.0,0.0,14.7,0.97,1005.1,-99.0,0.0,-9.9,-99,-999,臺南市,04,南化區,244
23.0816,120.4869,北寮,C0O830,2017-02-03T07:00:00+08:00,127.0,117.0,0.3,14.6,0.97,1005.3,-99.0,0.0,-9.9,-99,-999,臺南市,04,南化區,244
23.0816,120.4869,北寮,C0O830,2017-02-03T08:00:00+08:00,127.0,292.0,0.6,15.4,0.97,1005.7,-99.0,0.0,-9.9,-99,-999,臺南市,04,南化區,244
23.0816,120.4869,北寮,C0O830,2017-02-03T10:00:00+08:00,127.0,300.0,1.2,20.8,0.68,1005.7,-99.0,0.0,-9.9,-99,-999,臺南市,04,南化區,244
23.0816,120.4869,北寮,C0O830,2017-02-03T11:00:00+08:00,127.0,308.0,1.2,21.8,0.63,1005.0,-99.0,0.0,-9.9,-99,-999,臺南市,04,南化區,244
23.0816,120.4869,北寮,C0O830,2017-02-03T12:00:00+08:00,127.0,291.0,1.3,22.6,0.60,1003.7,-99.0,0.0,-9.9,-99,-999,臺南市,04,南化區,244
23.0816,120.4869,北寮,C0O830,2017-02-03T13:00:00+08:00,127.0,271.0,1.5,24.0,0.54,1002.4,-99.0,0.0,-9.9,-99,-999,臺南市,04,南化區,244
23.0816,120.4869,北寮,C0O830,2017-02-03T14:00:00+08:00,127.0,290.0,1.9,24.3,0.55,1001.4,-99.0,0.0,-9.9,-99,-999,臺南市,04,南化區,244
23.0816,120.4869,北寮,C0O830,2017-02-03T15:00:00+08:00,127.0,286.0,2.3,24.1,0.55,1001.0,-99.0,0.0,-9.9,-99,-999,臺南市,04,南化區,244
23.0816,120.4869,北寮,C0O830,2017-02-03T16:00:00+08:00,127.0,281.0,2.7,23.2,0.64,1001.0,-99.0,0.0,-9.9,-99,-999,臺南市,04,南化區,244
23.0816,120.4869,北寮,C0O830,2017-02-03T17:00:00+08:00,127.0,298.0,2.7,21.5,0.69,1001.7,-99.0,0.0,-9.9,-99,-999,臺南市,04,南化區,244
23.0816,120.4869,北寮,C0O830,2017-02-03T18:00:00+08:00,127.0,299.0,2.0,19.5,0.77,1002.4,-99.0,0.0,-9.9,-99,-999,臺南市,04,南化區,244
23.0816,120.4869,北寮,C0O830,2017-02-03T19:00:00+08:00,127.0,265.0,0.8,18.3,0.84,1003.1,-99.0,0.0,-9.9,-99,-999,臺南市,04,南化區,244
23.0816,120.4869,北寮,C0O830,2017-02-03T20:00:00+08:00,127.0,197.0,0.7,17.2,0.88,1003.5,-99.0,0.0,-9.9,-99,-999,臺南市,04,南化區,244
23.0816,120.4869,北寮,C0O830,2017-02-03T21:00:00+08:00,127.0,173.0,0.5,16.6,0.93,1003.8,-99.0,0.0,-9.9,-99,-999,臺南市,04,南化區,244
23.0816,120.4869,北寮,C0O830,2017-02-03T22:00:00+08:00,127.0,200.0,0.3,16.3,0.94,1003.9,-99.0,0.0,-9.9,-99,-999,臺南市,04,南化區,244
23.0816,120.4869,北寮,C0O830,2017-02-03T23:00:00+08:00,127.0,260.0,0.4,15.9,0.97,1003.7,-99.0,0.0,-9.9,-99,-999,臺南市,04,南化區,244
23.0816,120.4869,北寮,C0O830,2017-02-04T00:00:00+08:00,127.0,0.0,0.1,15.8,0.98,1003.5,-99.0,0.0,-9.9,-99,-999,臺南市,04,南化區,244
23.0816,120.4869,北寮,C0O830,2017-02-04T01:00:00+08:00,127.0,268.0,0.4,15.6,0.99,1003.1,-99.0,0.0,-9.9,-99,-999,臺南市,04,南化區,244
23.0816,120.4869,北寮,C0O830,2017-02-04T02:00:00+08:00,127.0,178.0,0.9,15.6,1.00,1003.0,-99.0,0.0,-9.9,-99,-999,臺南市,04,南化區,244
23.0816,120.4869,北寮,C0O830,2017-02-04T03:00:00+08:00,127.0,118.0,0.5,15.7,1.00,1002.0,-99.0,0.0,-9.9,-99,-999,臺南市,04,南化區,244
23.0816,120.4869,北寮,C0O830,2017-02-04T04:00:00+08:00,127.0,110.0,0.5,15.5,1.00,1001.5,-99.0,0.0,-9.9,-99,-999,臺南市,04,南化區,244
23.0816,120.4869,北寮,C0O830,2017-02-04T05:00:00+08:00,127.0,0.0,0.1,15.4,1.00,1001.6,-99.0,0.0,-9.9,-99,-999,臺南市,04,南化區,244
23.0816,120.4869,北寮,C0O830,2017-02-04T06:00:00+08:00,127.0,0.0,0.2,15.5,1.00,1002.0,-99.0,0.0,-9.9,-99,-999,臺南市,04,南化區,244
23.0816,120.4869,北寮,C0O830,2017-02-04T07:00:00+08:00,127.0,308.0,2.7,15.3,1.00,1002.3,-99.0,0.0,-9.9,-99,-999,臺南市,04,南化區,244
23.0816,120.4869,北寮,C0O830,2017-02-04T08:00:00+08:00,127.0,252.0,0.4,15.6,1.00,1002.6,-99.0,0.0,-9.9,-99,-999,臺南市,04,南化區,244
23.0816,120.4869,北寮,C0O830,2017-02-04T10:00:00+08:00,127.0,257.0,0.5,17.7,0.91,1003.0,-99.0,0.0,-9.9,-99,-999,臺南市,04,南化區,244
23.0816,120.4869,北寮,C0O830,2017-02-04T11:00:00+08:00,127.0,223.0,0.6,18.6,0.87,1002.3,-99.0,0.0,-9.9,-99,-999,臺南市,04,南化區,244
23.0816,120.4869,北寮,C0O830,2017-02-04T12:00:00+08:00,127.0,188.0,0.9,20.4,0.78,1001.2,-99.0,0.0,-9.9,-99,-999,臺南市,04,南化區,244
23.0816,120.4869,北寮,C0O830,2017-02-04T13:00:00+08:00,127.0,346.0,0.6,21.2,0.74,999.7,-99.0,0.0,-9.9,-99,-999,臺南市,04,南化區,244
23.0816,120.4869,北寮,C0O830,2017-02-04T14:00:00+08:00,127.0,302.0,1.0,23.0,0.63,998.4,-99.0,0.0,-9.9,-99,-999,臺南市,04,南化區,244
23.0816,120.4869,北寮,C0O830,2017-02-04T15:00:00+08:00,127.0,315.0,1.4,22.1,0.64,997.7,-99.0,0.0,-9.9,-99,-999,臺南市,04,南化區,244
23.0816,120.4869,北寮,C0O830,2017-02-04T16:00:00+08:00,127.0,290.0,2.5,21.3,0.74,998.0,-99.0,0.0,-9.9,-99,-999,臺南市,04,南化區,244
23.0816,120.4869,北寮,C0O830,2017-02-04T17:00:00+08:00,127.0,267.0,1.2,20.5,0.78,997.9,-99.0,0.0,-9.9,-99,-999,臺南市,04,南化區,244
23.0816,120.4869,北寮,C0O830,2017-02-04T18:00:00+08:00,127.0,95.0,0.6,20.0,0.80,998.1,-99.0,0.0,-9.9,-99,-999,臺南市,04,南化區,244
23.0816,120.4869,北寮,C0O830,2017-02-04T19:00:00+08:00,127.0,302.0,0.4,19.3,0.84,998.6,-99.0,0.0,-9.9,-99,-999,臺南市,04,南化區,244
23.0816,120.4869,北寮,C0O830,2017-02-04T20:00:00+08:00,127.0,236.0,0.6,18.5,0.90,999.4,-99.0,0.0,-9.9,-99,-999,臺南市,04,南化區,244
23.0816,120.4869,北寮,C0O830,2017-02-04T21:00:00+08:00,127.0,104.0,0.8,18.0,0.94,999.3,-99.0,0.0,-9.9,-99,-999,臺南市,04,南化區,244
23.0816,120.4869,北寮,C0O830,2017-02-04T22:00:00+08:00,127.0,269.0,0.5,17.7,0.96,999.5,-99.0,0.0,-9.9,-99,-999,臺南市,04,南化區,244
23.0816,120.4869,北寮,C0O830,2017-02-04T23:00:00+08:00,127.0,125.0,0.4,17.2,0.99,999.5,-99.0,0.0,-9.9,-99,-999,臺南市,04,南化區,244
23.0816,120.4869,北寮,C0O830,2017-02-05T00:00:00+08:00,127.0,38.0,0.6,17.5,0.98,999.6,-99.0,0.0,-9.9,-99,-999,臺南市,04,南化區,244
23.0816,120.4869,北寮,C0O830,2017-02-05T01:00:00+08:00,127.0,0.0,0.1,17.0,0.99,998.9,-99.0,0.0,-9.9,-99,-999,臺南市,04,南化區,244
23.0816,120.4869,北寮,C0O830,2017-02-05T02:00:00+08:00,127.0,112.0,1.2,16.6,0.98,998.0,-99.0,0.0,-9.9,-99,-999,臺南市,04,南化區,244
23.0816,120.4869,北寮,C0O830,2017-02-05T03:00:00+08:00,127.0,116.0,0.8,15.9,0.99,997.1,-99.0,0.0,-9.9,-99,-999,臺南市,04,南化區,244
23.0816,120.4869,北寮,C0O830,2017-02-05T04:00:00+08:00,127.0,270.0,0.6,15.7,1.00,997.3,-99.0,0.0,-9.9,-99,-999,臺南市,04,南化區,244
23.0816,120.4869,北寮,C0O830,2017-02-05T05:00:00+08:00,127.0,326.0,1.0,14.4,1.00,997.5,-99.0,0.0,-9.9,-99,-999,臺南市,04,南化區,244
23.0816,120.4869,北寮,C0O830,2017-02-05T06:00:00+08:00,127.0,121.0,0.4,14.5,1.00,998.3,-99.0,0.0,-9.9,-99,-999,臺南市,04,南化區,244
23.0816,120.4869,北寮,C0O830,2017-02-05T07:00:00+08:00,127.0,227.0,0.4,15.0,1.00,998.3,-99.0,0.0,-9.9,-99,-999,臺南市,04,南化區,244
23.0816,120.4869,北寮,C0O830,2017-02-05T08:00:00+08:00,127.0,315.0,0.7,16.0,1.00,999.0,-99.0,0.0,-9.9,-99,-999,臺南市,04,南化區,244
23.0816,120.4869,北寮,C0O830,2017-02-05T10:00:00+08:00,127.0,231.0,0.7,21.2,0.71,999.4,-99.0,0.0,-9.9,-99,-999,臺南市,04,南化區,244
23.0816,120.4869,北寮,C0O830,2017-02-05T11:00:00+08:00,127.0,312.0,1.0,23.0,0.63,998.8,-99.0,0.0,-9.9,-99,-999,臺南市,04,南化區,244
23.0816,120.4869,北寮,C0O830,2017-02-05T12:00:00+08:00,127.0,293.0,1.5,22.2,0.66,998.1,-99.0,0.0,-9.9,-99,-999,臺南市,04,南化區,244
23.0816,120.4869,北寮,C0O830,2017-02-05T13:00:00+08:00,127.0,148.0,1.0,23.8,0.62,997.1,-99.0,0.0,-9.9,-99,-999,臺南市,04,南化區,244
23.0816,120.4869,北寮,C0O830,2017-02-05T14:00:00+08:00,127.0,282.0,1.7,24.3,0.60,996.0,-99.0,0.0,-9.9,-99,-999,臺南市,04,南化區,244
23.0816,120.4869,北寮,C0O830,2017-02-05T15:00:00+08:00,127.0,312.0,1.4,23.0,0.66,995.9,-99.0,0.0,-9.9,-99,-999,臺南市,04,南化區,244
23.0816,120.4869,北寮,C0O830,2017-02-05T16:00:00+08:00,127.0,317.0,1.8,22.9,0.67,995.3,-99.0,0.0,-9.9,-99,-999,臺南市,04,南化區,244
23.0816,120.4869,北寮,C0O830,2017-02-05T17:00:00+08:00,127.0,299.0,1.3,20.9,0.79,995.8,-99.0,0.0,-9.9,-99,-999,臺南市,04,南化區,244
23.0816,120.4869,北寮,C0O830,2017-02-05T18:00:00+08:00,127.0,142.0,1.2,19.4,0.85,995.8,-99.0,0.0,-9.9,-99,-999,臺南市,04,南化區,244
23.0816,120.4869,北寮,C0O830,2017-02-05T19:00:00+08:00,127.0,336.0,0.8,18.8,0.90,996.3,-99.0,0.0,-9.9,-99,-999,臺南市,04,南化區,244
23.0816,120.4869,北寮,C0O830,2017-02-05T20:00:00+08:00,127.0,73.0,0.5,18.1,0.93,997.0,-99.0,0.0,-9.9,-99,-999,臺南市,04,南化區,244
23.0816,120.4869,北寮,C0O830,2017-02-05T21:00:00+08:00,127.0,227.0,0.9,17.8,0.94,997.7,-99.0,0.0,-9.9,-99,-999,臺南市,04,南化區,244
23.0816,120.4869,北寮,C0O830,2017-02-05T22:00:00+08:00,127.0,132.0,1.0,17.5,0.97,998.0,-99.0,0.0,-9.9,-99,-999,臺南市,04,南化區,244
23.0816,120.4869,北寮,C0O830,2017-02-05T23:00:00+08:00,127.0,295.0,0.6,17.2,0.97,997.8,-99.0,0.0,-9.9,-99,-999,臺南市,04,南化區,244
23.0816,120.4869,北寮,C0O830,2017-02-06T00:00:00+08:00,127.0,0.0,0.0,17.1,0.99,997.8,-99.0,0.0,-9.9,-99,-999,臺南市,04,南化區,244
23.0816,120.4869,北寮,C0O830,2017-02-06T01:00:00+08:00,127.0,0.0,0.1,16.9,0.99,997.9,-99.0,0.0,-9.9,-99,-999,臺南市,04,南化區,244
23.0816,120.4869,北寮,C0O830,2017-02-06T02:00:00+08:00,127.0,263.0,0.5,16.7,1.00,997.4,-99.0,0.0,-9.9,-99,-999,臺南市,04,南化區,244
23.0816,120.4869,北寮,C0O830,2017-02-06T03:00:00+08:00,127.0,310.0,1.5,16.4,1.00,996.9,-99.0,0.0,-9.9,-99,-999,臺南市,04,南化區,244
23.0816,120.4869,北寮,C0O830,2017-02-06T04:00:00+08:00,127.0,0.0,0.2,15.9,1.00,997.0,-99.0,0.0,-9.9,-99,-999,臺南市,04,南化區,244
23.0816,120.4869,北寮,C0O830,2017-02-06T05:00:00+08:00,127.0,127.0,0.4,15.4,1.00,997.2,-99.0,0.0,-9.9,-99,-999,臺南市,04,南化區,244
23.0816,120.4869,北寮,C0O830,2017-02-06T06:00:00+08:00,127.0,273.0,0.6,15.2,1.00,998.3,-99.0,0.0,-9.9,-99,-999,臺南市,04,南化區,244
23.0816,120.4869,北寮,C0O830,2017-02-06T07:00:00+08:00,127.0,0.0,0.0,15.6,1.00,999.3,-99.0,0.0,-9.9,-99,-999,臺南市,04,南化區,244
23.0816,120.4869,北寮,C0O830,2017-02-06T08:00:00+08:00,127.0,0.0,0.2,16.0,1.00,1000.0,-99.0,0.0,-9.9,-99,-999,臺南市,04,南化區,244
23.0816,120.4869,北寮,C0O830,2017-02-06T10:00:00+08:00,127.0,296.0,0.8,16.7,1.00,1001.6,-99.0,0.0,-9.9,-99,-999,臺南市,04,南化區,244
23.0816,120.4869,北寮,C0O830,2017-02-06T11:00:00+08:00,127.0,255.0,0.7,19.5,0.89,1001.1,-99.0,0.0,-9.9,-99,-999,臺南市,04,南化區,244
23.0816,120.4869,北寮,C0O830,2017-02-06T12:00:00+08:00,127.0,303.0,0.9,23.1,0.70,999.8,-99.0,0.0,-9.9,-99,-999,臺南市,04,南化區,244
23.0816,120.4869,北寮,C0O830,2017-02-06T13:00:00+08:00,127.0,339.0,1.2,24.4,0.64,998.6,-99.0,0.0,-9.9,-99,-999,臺南市,04,南化區,244
23.0816,120.4869,北寮,C0O830,2017-02-06T14:00:00+08:00,127.0,284.0,1.3,26.1,0.58,998.0,-99.0,0.0,-9.9,-99,-999,臺南市,04,南化區,244
23.0816,120.4869,北寮,C0O830,2017-02-06T15:00:00+08:00,127.0,296.0,2.1,26.0,0.56,997.5,-99.0,0.0,-9.9,-99,-999,臺南市,04,南化區,244
23.0816,120.4869,北寮,C0O830,2017-02-06T16:00:00+08:00,127.0,285.0,2.3,25.6,0.57,997.6,-99.0,0.0,-9.9,-99,-999,臺南市,04,南化區,244
23.0816,120.4869,北寮,C0O830,2017-02-06T17:00:00+08:00,127.0,298.0,2.5,22.9,0.63,997.8,-99.0,0.0,-9.9,-99,-999,臺南市,04,南化區,244
23.0816,120.4869,北寮,C0O830,2017-02-06T18:00:00+08:00,127.0,274.0,1.3,20.1,0.71,998.5,-99.0,0.0,-9.9,-99,-999,臺南市,04,南化區,244
23.0816,120.4869,北寮,C0O830,2017-02-06T19:00:00+08:00,127.0,275.0,1.3,18.4,0.78,999.2,-99.0,0.0,-9.9,-99,-999,臺南市,04,南化區,244
23.0816,120.4869,北寮,C0O830,2017-02-06T20:00:00+08:00,127.0,251.0,0.6,17.3,0.83,999.9,-99.0,0.0,-9.9,-99,-999,臺南市,04,南化區,244
23.0816,120.4869,北寮,C0O830,2017-02-06T21:00:00+08:00,127.0,160.0,0.5,16.5,0.87,1000.3,-99.0,0.0,-9.9,-99,-999,臺南市,04,南化區,244
23.0816,120.4869,北寮,C0O830,2017-02-06T22:00:00+08:00,127.0,183.0,0.9,16.2,0.87,1000.6,-99.0,0.0,-9.9,-99,-999,臺南市,04,南化區,244
23.0816,120.4869,北寮,C0O830,2017-02-06T23:00:00+08:00,127.0,306.0,0.9,16.5,0.86,1000.8,-99.0,0.0,-9.9,-99,-999,臺南市,04,南化區,244
23.0816,120.4869,北寮,C0O830,2017-02-07T00:00:00+08:00,127.0,0.0,0.0,16.7,0.86,1000.9,-99.0,0.0,-9.9,-99,-999,臺南市,04,南化區,244
23.0816,120.4869,北寮,C0O830,2017-02-07T01:00:00+08:00,127.0,273.0,0.3,16.6,0.88,1001.2,-99.0,0.0,-9.9,-99,-999,臺南市,04,南化區,244
23.0816,120.4869,北寮,C0O830,2017-02-07T02:00:00+08:00,127.0,274.0,0.7,16.3,0.90,1001.1,-99.0,0.0,-9.9,-99,-999,臺南市,04,南化區,244
23.0816,120.4869,北寮,C0O830,2017-02-07T03:00:00+08:00,127.0,275.0,0.6,16.1,0.90,1000.8,-99.0,0.0,-9.9,-99,-999,臺南市,04,南化區,244
23.0816,120.4869,北寮,C0O830,2017-02-07T04:00:00+08:00,127.0,188.0,0.4,16.0,0.91,1000.9,-99.0,0.0,-9.9,-99,-999,臺南市,04,南化區,244
23.0816,120.4869,北寮,C0O830,2017-02-07T05:00:00+08:00,127.0,0.0,0.0,16.1,0.92,1001.0,-99.0,0.0,-9.9,-99,-999,臺南市,04,南化區,244
23.0816,120.4869,北寮,C0O830,2017-02-07T06:00:00+08:00,127.0,298.0,1.1,15.3,0.95,1001.5,-99.0,0.0,-9.9,-99,-999,臺南市,04,南化區,244
23.0816,120.4869,北寮,C0O830,2017-02-07T07:00:00+08:00,127.0,0.0,0.2,14.8,0.99,1001.8,-99.0,0.0,-9.9,-99,-999,臺南市,04,南化區,244
23.0816,120.4869,北寮,C0O830,2017-02-07T08:00:00+08:00,127.0,306.0,0.5,16.1,0.93,1002.3,-99.0,0.0,-9.9,-99,-999,臺南市,04,南化區,244
23.0816,120.4869,北寮,C0O830,2017-02-07T10:00:00+08:00,127.0,248.0,0.8,21.6,0.65,1002.5,-99.0,0.0,-9.9,-99,-999,臺南市,04,南化區,244
23.0816,120.4869,北寮,C0O830,2017-02-07T11:00:00+08:00,127.0,276.0,1.5,23.2,0.58,1001.8,-99.0,0.0,-9.9,-99,-999,臺南市,04,南化區,244
23.0816,120.4869,北寮,C0O830,2017-02-07T12:00:00+08:00,127.0,260.0,1.4,21.6,0.64,1001.4,-99.0,0.0,-9.9,-99,-999,臺南市,04,南化區,244
23.0816,120.4869,北寮,C0O830,2017-02-07T13:00:00+08:00,127.0,344.0,1.4,21.7,0.63,1000.3,-99.0,0.0,-9.9,-99,-999,臺南市,04,南化區,244
23.0816,120.4869,北寮,C0O830,2017-02-07T14:00:00+08:00,127.0,321.0,1.2,22.3,0.61,999.7,-99.0,0.0,-9.9,-99,-999,臺南市,04,南化區,244
23.0816,120.4869,北寮,C0O830,2017-02-07T15:00:00+08:00,127.0,222.0,0.8,22.8,0.59,999.3,-99.0,0.0,-9.9,-99,-999,臺南市,04,南化區,244
23.0816,120.4869,北寮,C0O830,2017-02-07T16:00:00+08:00,127.0,278.0,1.0,22.5,0.61,999.3,-99.0,0.0,-9.9,-99,-999,臺南市,04,南化區,244
23.0816,120.4869,北寮,C0O830,2017-02-07T17:00:00+08:00,127.0,300.0,0.9,22.1,0.63,999.4,-99.0,0.0,-9.9,-99,-999,臺南市,04,南化區,244
23.0816,120.4869,北寮,C0O830,2017-02-07T18:00:00+08:00,127.0,299.0,1.7,19.7,0.72,999.7,-99.0,0.0,-9.9,-99,-999,臺南市,04,南化區,244
23.0816,120.4869,北寮,C0O830,2017-02-07T19:00:00+08:00,127.0,204.0,0.6,18.0,0.81,1000.2,-99.0,0.0,-9.9,-99,-999,臺南市,04,南化區,244
23.0816,120.4869,北寮,C0O830,2017-02-07T20:00:00+08:00,127.0,122.0,0.9,16.6,0.90,1000.7,-99.0,0.0,-9.9,-99,-999,臺南市,04,南化區,244
23.0816,120.4869,北寮,C0O830,2017-02-07T21:00:00+08:00,127.0,208.0,0.3,16.8,0.88,1000.8,-99.0,0.0,-9.9,-99,-999,臺南市,04,南化區,244
23.0816,120.4869,北寮,C0O830,2017-02-07T23:00:00+08:00,127.0,197.0,0.6,16.0,0.94,1001.0,-99.0,0.0,-9.9,-99,-999,臺南市,04,南化區,244
23.0816,120.4869,北寮,C0O830,2017-02-08T00:00:00+08:00,127.0,234.0,0.5,15.8,0.94,1000.7,-99.0,0.0,-9.9,-99,-999,臺南市,04,南化區,244
23.0816,120.4869,北寮,C0O830,2017-02-08T01:00:00+08:00,127.0,283.0,0.5,15.9,0.94,1001.0,-99.0,0.0,-9.9,-99,-999,臺南市,04,南化區,244
23.0816,120.4869,北寮,C0O830,2017-02-08T02:00:00+08:00,127.0,0.0,0.1,15.6,0.96,1001.1,-99.0,0.0,-9.9,-99,-999,臺南市,04,南化區,244
23.0816,120.4869,北寮,C0O830,2017-02-08T03:00:00+08:00,127.0,229.0,0.3,15.4,0.98,1000.5,-99.0,0.0,-9.9,-99,-999,臺南市,04,南化區,244
23.0816,120.4869,北寮,C0O830,2017-02-08T04:00:00+08:00,127.0,0.0,0.0,15.0,0.99,999.5,-99.0,0.0,-9.9,-99,-999,臺南市,04,南化區,244
23.0816,120.4869,北寮,C0O830,2017-02-08T05:00:00+08:00,127.0,330.0,0.5,15.3,1.00,1000.4,-99.0,0.0,-9.9,-99,-999,臺南市,04,南化區,244
23.0816,120.4869,北寮,C0O830,2017-02-08T06:00:00+08:00,127.0,301.0,1.2,15.6,0.99,1000.8,-99.0,0.0,-9.9,-99,-999,臺南市,04,南化區,244
23.0816,120.4869,北寮,C0O830,2017-02-08T08:00:00+08:00,127.0,120.0,0.7,16.3,0.93,1001.3,-99.0,0.0,-9.9,-99,-999,臺南市,04,南化區,244
23.0816,120.4869,北寮,C0O830,2017-02-08T10:00:00+08:00,127.0,298.0,0.6,21.0,0.67,1001.8,-99.0,0.0,-9.9,-99,-999,臺南市,04,南化區,244
23.0816,120.4869,北寮,C0O830,2017-02-08T11:00:00+08:00,127.0,48.0,0.8,22.4,0.61,1000.5,-99.0,0.0,-9.9,-99,-999,臺南市,04,南化區,244
23.0816,120.4869,北寮,C0O830,2017-02-08T12:00:00+08:00,127.0,294.0,2.7,23.1,0.57,1000.6,-99.0,0.0,-9.9,-99,-999,臺南市,04,南化區,244
23.0816,120.4869,北寮,C0O830,2017-02-08T13:00:00+08:00,127.0,285.0,3.0,24.5,0.52,999.8,-99.0,0.0,-9.9,-99,-999,臺南市,04,南化區,244
23.0816,120.4869,北寮,C0O830,2017-02-08T14:00:00+08:00,127.0,333.0,3.0,23.3,0.54,999.2,-99.0,0.0,-9.9,-99,-999,臺南市,04,南化區,244
23.0816,120.4869,北寮,C0O830,2017-02-08T15:00:00+08:00,127.0,338.0,2.6,23.0,0.58,998.7,-99.0,0.0,-9.9,-99,-999,臺南市,04,南化區,244
23.0816,120.4869,北寮,C0O830,2017-02-08T16:00:00+08:00,127.0,342.0,4.6,22.2,0.59,998.5,-99.0,0.0,-9.9,-99,-999,臺南市,04,南化區,244
23.0816,120.4869,北寮,C0O830,2017-02-08T17:00:00+08:00,127.0,322.0,1.8,21.8,0.61,998.4,-99.0,0.0,-9.9,-99,-999,臺南市,04,南化區,244
23.0816,120.4869,北寮,C0O830,2017-02-08T18:00:00+08:00,127.0,330.0,2.0,20.1,0.67,998.7,-99.0,0.0,-9.9,-99,-999,臺南市,04,南化區,244
23.0816,120.4869,北寮,C0O830,2017-02-08T19:00:00+08:00,127.0,345.0,1.8,19.2,0.71,999.0,-99.0,0.0,-9.9,-99,-999,臺南市,04,南化區,244
23.0816,120.4869,北寮,C0O830,2017-02-08T20:00:00+08:00,127.0,43.0,0.5,18.0,0.78,999.4,-99.0,0.0,-9.9,-99,-999,臺南市,04,南化區,244
23.0816,120.4869,北寮,C0O830,2017-02-08T21:00:00+08:00,127.0,199.0,0.4,16.9,0.86,999.6,-99.0,0.0,-9.9,-99,-999,臺南市,04,南化區,244
23.0816,120.4869,北寮,C0O830,2017-02-08T22:00:00+08:00,127.0,0.0,0.1,15.7,0.92,1000.1,-99.0,0.0,-9.9,-99,-999,臺南市,04,南化區,244
23.0816,120.4869,北寮,C0O830,2017-02-08T23:00:00+08:00,127.0,111.0,0.9,14.8,0.96,1000.5,-99.0,0.0,-9.9,-99,-999,臺南市,04,南化區,244
23.0816,120.4869,北寮,C0O830,2017-02-09T00:00:00+08:00,127.0,138.0,0.6,14.9,0.98,1000.8,-99.0,0.0,-9.9,-99,-999,臺南市,04,南化區,244
23.0816,120.4869,北寮,C0O830,2017-02-09T01:00:00+08:00,127.0,264.0,1.2,14.9,0.98,1000.7,-99.0,0.0,-9.9,-99,-999,臺南市,04,南化區,244
23.0816,120.4869,北寮,C0O830,2017-02-09T02:00:00+08:00,127.0,184.0,0.8,15.0,0.96,1000.1,-99.0,0.0,-9.9,-99,-999,臺南市,04,南化區,244
23.0816,120.4869,北寮,C0O830,2017-02-09T03:00:00+08:00,127.0,292.0,0.7,14.9,0.97,999.7,-99.0,0.0,-9.9,-99,-999,臺南市,04,南化區,244
23.0816,120.4869,北寮,C0O830,2017-02-09T04:00:00+08:00,127.0,344.0,0.6,15.0,0.93,999.6,-99.0,0.0,-9.9,-99,-999,臺南市,04,南化區,244
23.0816,120.4869,北寮,C0O830,2017-02-09T05:00:00+08:00,127.0,304.0,1.5,14.3,0.91,1000.2,-99.0,0.0,-9.9,-99,-999,臺南市,04,南化區,244
23.0816,120.4869,北寮,C0O830,2017-02-09T06:00:00+08:00,127.0,355.0,1.3,14.0,0.89,1001.3,-99.0,0.0,-9.9,-99,-999,臺南市,04,南化區,244
23.0816,120.4869,北寮,C0O830,2017-02-09T07:00:00+08:00,127.0,286.0,0.9,14.0,0.89,1001.8,-99.0,0.0,-9.9,-99,-999,臺南市,04,南化區,244
23.0816,120.4869,北寮,C0O830,2017-02-09T08:00:00+08:00,127.0,291.0,1.2,14.2,0.86,1002.3,-99.0,0.0,-9.9,-99,-999,臺南市,04,南化區,244
23.0816,120.4869,北寮,C0O830,2017-02-09T10:00:00+08:00,127.0,295.0,2.7,14.4,0.76,1003.1,-99.0,0.0,-9.9,-99,-999,臺南市,04,南化區,244
23.0816,120.4869,北寮,C0O830,2017-02-09T11:00:00+08:00,127.0,289.0,1.9,15.6,0.71,1002.7,-99.0,0.0,-9.9,-99,-999,臺南市,04,南化區,244
23.0816,120.4869,北寮,C0O830,2017-02-09T12:00:00+08:00,127.0,284.0,2.4,16.8,0.67,1001.6,-99.0,0.0,-9.9,-99,-999,臺南市,04,南化區,244
23.0816,120.4869,北寮,C0O830,2017-02-09T13:00:00+08:00,127.0,283.0,1.6,17.7,0.63,1000.3,-99.0,0.0,-9.9,-99,-999,臺南市,04,南化區,244
23.0816,120.4869,北寮,C0O830,2017-02-09T14:00:00+08:00,127.0,317.0,2.3,18.6,0.59,999.0,-99.0,0.0,-9.9,-99,-999,臺南市,04,南化區,244
23.0816,120.4869,北寮,C0O830,2017-02-09T15:00:00+08:00,127.0,302.0,3.6,18.5,0.59,999.4,-99.0,0.0,-9.9,-99,-999,臺南市,04,南化區,244
23.0816,120.4869,北寮,C0O830,2017-02-09T16:00:00+08:00,127.0,344.0,2.7,16.2,0.65,1000.4,-99.0,0.0,-9.9,-99,-999,臺南市,04,南化區,244
23.0816,120.4869,北寮,C0O830,2017-02-09T17:00:00+08:00,127.0,283.0,1.8,15.0,0.64,1000.7,-99.0,0.0,-9.9,-99,-999,臺南市,04,南化區,244
23.0816,120.4869,北寮,C0O830,2017-02-09T18:00:00+08:00,127.0,299.0,1.6,13.6,0.67,1001.0,-99.0,0.0,-9.9,-99,-999,臺南市,04,南化區,244
23.0816,120.4869,北寮,C0O830,2017-02-09T19:00:00+08:00,127.0,294.0,1.7,12.7,0.69,1001.7,-99.0,0.0,-9.9,-99,-999,臺南市,04,南化區,244
23.0816,120.4869,北寮,C0O830,2017-02-09T20:00:00+08:00,127.0,306.0,1.3,12.4,0.70,1002.5,-99.0,0.0,-9.9,-99,-999,臺南市,04,南化區,244
23.0816,120.4869,北寮,C0O830,2017-02-09T21:00:00+08:00,127.0,301.0,1.0,12.1,0.72,1002.8,-99.0,0.0,-9.9,-99,-999,臺南市,04,南化區,244
23.0816,120.4869,北寮,C0O830,2017-02-09T22:00:00+08:00,127.0,299.0,1.4,11.6,0.73,1003.1,-99.0,0.0,-9.9,-99,-999,臺南市,04,南化區,244
23.0816,120.4869,北寮,C0O830,2017-02-09T23:00:00+08:00,127.0,293.0,1.2,11.5,0.73,1003.4,-99.0,0.0,-9.9,-99,-999,臺南市,04,南化區,244
23.0816,120.4869,北寮,C0O830,2017-02-10T00:00:00+08:00,127.0,282.0,0.8,11.2,0.74,1003.5,-99.0,0.0,-9.9,-99,-999,臺南市,04,南化區,244
23.0816,120.4869,北寮,C0O830,2017-02-10T01:00:00+08:00,127.0,296.0,1.2,11.1,0.74,1003.6,-99.0,0.0,-9.9,-99,-999,臺南市,04,南化區,244
23.0816,120.4869,北寮,C0O830,2017-02-10T02:00:00+08:00,127.0,0.0,0.0,11.1,0.74,1003.2,-99.0,0.0,-9.9,-99,-999,臺南市,04,南化區,244
23.0816,120.4869,北寮,C0O830,2017-02-10T03:00:00+08:00,127.0,287.0,1.0,11.0,0.74,1003.0,-99.0,0.0,-9.9,-99,-999,臺南市,04,南化區,244
23.0816,120.4869,北寮,C0O830,2017-02-10T04:00:00+08:00,127.0,0.0,0.2,11.1,0.73,1003.1,-99.0,0.0,-9.9,-99,-999,臺南市,04,南化區,244
23.0816,120.4869,北寮,C0O830,2017-02-10T05:00:00+08:00,127.0,296.0,1.2,11.1,0.73,1003.0,-99.0,0.0,-9.9,-99,-999,臺南市,04,南化區,244
23.0816,120.4869,北寮,C0O830,2017-02-10T06:00:00+08:00,127.0,301.0,0.7,10.8,0.74,1003.5,-99.0,0.0,-9.9,-99,-999,臺南市,04,南化區,244
23.0816,120.4869,北寮,C0O830,2017-02-10T07:00:00+08:00,127.0,279.0,0.7,10.3,0.66,1004.5,-99.0,0.0,-9.9,-99,-999,臺南市,04,南化區,244
23.0816,120.4869,北寮,C0O830,2017-02-10T08:00:00+08:00,127.0,229.0,0.9,10.8,0.67,1005.1,-99.0,0.0,-9.9,-99,-999,臺南市,04,南化區,244
23.0816,120.4869,北寮,C0O830,2017-02-10T09:00:00+08:00,127.0,159.0,0.7,12.6,0.61,1005.7,-99.0,0.0,-9.9,-99,-999,臺南市,04,南化區,244
23.0816,120.4869,北寮,C0O830,2017-02-10T10:00:00+08:00,127.0,269.0,0.8,14.9,0.57,1005.7,-99.0,0.0,-9.9,-99,-999,臺南市,04,南化區,244
23.0816,120.4869,北寮,C0O830,2017-02-10T12:00:00+08:00,127.0,261.0,0.9,17.2,0.54,1005.1,-99.0,0.0,-9.9,-99,-999,臺南市,04,南化區,244
23.0816,120.4869,北寮,C0O830,2017-02-10T13:00:00+08:00,127.0,281.0,1.3,17.3,0.54,1003.9,-99.0,0.0,-9.9,-99,-999,臺南市,04,南化區,244
23.0816,120.4869,北寮,C0O830,2017-02-10T14:00:00+08:00,127.0,257.0,1.0,17.6,0.54,1003.2,-99.0,0.0,-9.9,-99,-999,臺南市,04,南化區,244
23.0816,120.4869,北寮,C0O830,2017-02-10T15:00:00+08:00,127.0,303.0,1.0,17.0,0.56,1003.1,-99.0,0.0,-9.9,-99,-999,臺南市,04,南化區,244
23.0816,120.4869,北寮,C0O830,2017-02-10T16:00:00+08:00,127.0,279.0,0.9,16.3,0.60,1003.5,-99.0,0.0,-9.9,-99,-999,臺南市,04,南化區,244
23.0816,120.4869,北寮,C0O830,2017-02-10T17:00:00+08:00,127.0,288.0,1.1,15.4,0.60,1004.1,-99.0,0.0,-9.9,-99,-999,臺南市,04,南化區,244
23.0816,120.4869,北寮,C0O830,2017-02-10T18:00:00+08:00,127.0,261.0,0.8,14.3,0.61,1004.5,-99.0,0.0,-9.9,-99,-999,臺南市,04,南化區,244
23.0816,120.4869,北寮,C0O830,2017-02-10T19:00:00+08:00,127.0,248.0,0.4,13.9,0.65,1005.1,-99.0,0.0,-9.9,-99,-999,臺南市,04,南化區,244
23.0816,120.4869,北寮,C0O830,2017-02-10T20:00:00+08:00,127.0,274.0,0.4,13.3,0.68,1005.7,-99.0,0.0,-9.9,-99,-999,臺南市,04,南化區,244
23.0816,120.4869,北寮,C0O830,2017-02-10T21:00:00+08:00,127.0,258.0,0.6,12.9,0.75,1006.3,-99.0,0.0,-9.9,-99,-999,臺南市,04,南化區,244
23.0816,120.4869,北寮,C0O830,2017-02-10T22:00:00+08:00,127.0,0.0,0.0,12.8,0.75,1006.7,-99.0,0.0,-9.9,-99,-999,臺南市,04,南化區,244
23.0816,120.4869,北寮,C0O830,2017-02-10T23:00:00+08:00,127.0,301.0,0.7,12.6,0.72,1006.8,-99.0,0.0,-9.9,-99,-999,臺南市,04,南化區,244
23.0816,120.4869,北寮,C0O830,2017-02-11T00:00:00+08:00,127.0,253.0,0.4,12.7,0.75,1006.5,-99.0,0.0,-9.9,-99,-999,臺南市,04,南化區,244
23.0816,120.4869,北寮,C0O830,2017-02-11T01:00:00+08:00,127.0,295.0,0.7,12.3,0.75,1006.4,-99.0,0.0,-9.9,-99,-999,臺南市,04,南化區,244
23.0816,120.4869,北寮,C0O830,2017-02-11T02:00:00+08:00,127.0,295.0,0.8,11.4,0.74,1006.5,-99.0,0.0,-9.9,-99,-999,臺南市,04,南化區,244
23.0816,120.4869,北寮,C0O830,2017-02-11T03:00:00+08:00,127.0,302.0,1.3,10.9,0.81,1006.6,-99.0,0.0,-9.9,-99,-999,臺南市,04,南化區,244
23.0816,120.4869,北寮,C0O830,2017-02-11T04:00:00+08:00,127.0,319.0,0.9,9.9,0.97,1006.6,-99.0,0.0,-9.9,-99,-999,臺南市,04,南化區,244
23.0816,120.4869,北寮,C0O830,2017-02-11T05:00:00+08:00,127.0,291.0,0.7,9.8,1.00,1006.8,-99.0,0.0,-9.9,-99,-999,臺南市,04,南化區,244
23.0816,120.4869,北寮,C0O830,2017-02-11T06:00:00+08:00,127.0,303.0,0.5,9.8,1.00,1007.7,-99.0,0.0,-9.9,-99,-999,臺南市,04,南化區,244
23.0816,120.4869,北寮,C0O830,2017-02-11T07:00:00+08:00,127.0,277.0,0.3,10.3,1.00,1008.1,-99.0,0.0,-9.9,-99,-999,臺南市,04,南化區,244
23.0816,120.4869,北寮,C0O830,2017-02-11T08:00:00+08:00,127.0,0.0,0.1,10.1,1.00,1008.6,-99.0,0.0,-9.9,-99,-999,臺南市,04,南化區,244
23.0816,120.4869,北寮,C0O830,2017-02-11T09:00:00+08:00,127.0,283.0,0.8,10.5,1.00,1009.3,-99.0,0.0,-9.9,-99,-999,臺南市,04,南化區,244
23.0816,120.4869,北寮,C0O830,2017-02-11T10:00:00+08:00,127.0,319.0,0.8,10.9,1.00,1009.9,-99.0,0.0,-9.9,-99,-999,臺南市,04,南化區,244
23.0816,120.4869,北寮,C0O830,2017-02-11T11:00:00+08:00,127.0,271.0,0.3,11.4,1.00,1009.7,-99.0,0.0,-9.9,-99,-999,臺南市,04,南化區,244
23.0816,120.4869,北寮,C0O830,2017-02-11T12:00:00+08:00,127.0,304.0,0.7,11.7,0.99,1009.2,-99.0,0.0,-9.9,-99,-999,臺南市,04,南化區,244
23.0816,120.4869,北寮,C0O830,2017-02-11T13:00:00+08:00,127.0,297.0,0.3,12.5,0.97,1008.3,-99.0,0.0,-9.9,-99,-999,臺南市,04,南化區,244
23.0816,120.4869,北寮,C0O830,2017-02-11T14:00:00+08:00,127.0,116.0,0.7,13.1,0.96,1007.5,-99.0,0.0,-9.9,-99,-999,臺南市,04,南化區,244
23.0816,120.4869,北寮,C0O830,2017-02-11T15:00:00+08:00,127.0,306.0,1.8,12.1,1.00,1007.6,-99.0,0.0,-9.9,-99,-999,臺南市,04,南化區,244
23.0816,120.4869,北寮,C0O830,2017-02-11T16:00:00+08:00,127.0,305.0,0.8,11.4,1.00,1008.0,-99.0,0.0,-9.9,-99,-999,臺南市,04,南化區,244
23.0816,120.4869,北寮,C0O830,2017-02-11T17:00:00+08:00,127.0,122.0,0.7,11.7,1.00,1008.4,-99.0,0.0,-9.9,-99,-999,臺南市,04,南化區,244
23.0816,120.4869,北寮,C0O830,2017-02-11T18:00:00+08:00,127.0,353.0,0.9,11.9,1.00,1008.5,-99.0,0.0,-9.9,-99,-999,臺南市,04,南化區,244
23.0816,120.4869,北寮,C0O830,2017-02-11T19:00:00+08:00,127.0,290.0,1.1,11.4,1.00,1008.8,-99.0,0.0,-9.9,-99,-999,臺南市,04,南化區,244
23.0816,120.4869,北寮,C0O830,2017-02-11T20:00:00+08:00,127.0,0.0,0.0,11.7,1.00,1009.4,-99.0,0.0,-9.9,-99,-999,臺南市,04,南化區,244
23.0816,120.4869,北寮,C0O830,2017-02-11T21:00:00+08:00,127.0,283.0,0.7,11.8,1.00,1009.7,-99.0,0.0,-9.9,-99,-999,臺南市,04,南化區,244
23.0816,120.4869,北寮,C0O830,2017-02-11T22:00:00+08:00,127.0,58.0,0.3,11.8,1.00,1009.9,-99.0,0.0,-9.9,-99,-999,臺南市,04,南化區,244
23.0816,120.4869,北寮,C0O830,2017-02-11T23:00:00+08:00,127.0,0.0,0.0,12.0,1.00,1010.1,-99.0,0.0,-9.9,-99,-999,臺南市,04,南化區,244
23.0816,120.4869,北寮,C0O830,2017-02-12T00:00:00+08:00,127.0,107.0,0.8,12.3,1.00,1010.1,-99.0,0.0,-9.9,-99,-999,臺南市,04,南化區,244
23.0816,120.4869,北寮,C0O830,2017-02-12T01:00:00+08:00,127.0,328.0,0.3,12.1,1.00,1009.8,-99.0,0.5,-9.9,-99,-999,臺南市,04,南化區,244
23.0816,120.4869,北寮,C0O830,2017-02-12T02:00:00+08:00,127.0,294.0,0.7,11.4,1.00,1009.5,-99.0,0.5,-9.9,-99,-999,臺南市,04,南化區,244
23.0816,120.4869,北寮,C0O830,2017-02-12T03:00:00+08:00,127.0,245.0,0.6,11.6,1.00,1009.2,-99.0,0.5,-9.9,-99,-999,臺南市,04,南化區,244
23.0816,120.4869,北寮,C0O830,2017-02-12T04:00:00+08:00,127.0,125.0,0.4,11.7,1.00,1009.0,-99.0,0.5,-9.9,-99,-999,臺南市,04,南化區,244
23.0816,120.4869,北寮,C0O830,2017-02-12T05:00:00+08:00,127.0,292.0,0.9,11.8,1.00,1009.2,-99.0,0.5,-9.9,-99,-999,臺南市,04,南化區,244
23.0816,120.4869,北寮,C0O830,2017-02-12T06:00:00+08:00,127.0,298.0,0.8,11.8,1.00,1009.3,-99.0,0.5,-9.9,-99,-999,臺南市,04,南化區,244
23.0816,120.4869,北寮,C0O830,2017-02-12T07:00:00+08:00,127.0,253.0,0.4,11.4,1.00,1010.0,-99.0,0.5,-9.9,-99,-999,臺南市,04,南化區,244
23.0816,120.4869,北寮,C0O830,2017-02-12T08:00:00+08:00,127.0,109.0,0.6,12.3,1.00,1010.5,-99.0,0.5,-9.9,-99,-999,臺南市,04,南化區,244
23.0816,120.4869,北寮,C0O830,2017-02-12T10:00:00+08:00,127.0,286.0,1.0,14.9,0.95,1011.0,-99.0,0.5,-9.9,-99,-999,臺南市,04,南化區,244
23.0816,120.4869,北寮,C0O830,2017-02-12T11:00:00+08:00,127.0,225.0,1.2,18.1,0.72,1010.5,-99.0,0.5,-9.9,-99,-999,臺南市,04,南化區,244
23.0816,120.4869,北寮,C0O830,2017-02-12T12:00:00+08:00,127.0,294.0,0.5,18.9,0.63,1009.8,-99.0,0.5,-9.9,-99,-999,臺南市,04,南化區,244
23.0816,120.4869,北寮,C0O830,2017-02-12T13:00:00+08:00,127.0,295.0,1.6,19.6,0.60,1008.7,-99.0,0.5,-9.9,-99,-999,臺南市,04,南化區,244
23.0816,120.4869,北寮,C0O830,2017-02-12T14:00:00+08:00,127.0,285.0,2.0,18.6,0.59,1008.0,-99.0,0.5,-9.9,-99,-999,臺南市,04,南化區,244
23.0816,120.4869,北寮,C0O830,2017-02-12T15:00:00+08:00,127.0,290.0,1.7,19.0,0.57,1007.5,-99.0,0.5,-9.9,-99,-999,臺南市,04,南化區,244
23.0816,120.4869,北寮,C0O830,2017-02-12T16:00:00+08:00,127.0,276.0,1.1,18.7,0.56,1007.5,-99.0,0.5,-9.9,-99,-999,臺南市,04,南化區,244
23.0816,120.4869,北寮,C0O830,2017-02-12T17:00:00+08:00,127.0,282.0,1.2,17.7,0.59,1007.8,-99.0,0.5,-9.9,-99,-999,臺南市,04,南化區,244
23.0816,120.4869,北寮,C0O830,2017-02-12T18:00:00+08:00,127.0,291.0,1.6,16.7,0.69,1008.2,-99.0,0.5,-9.9,-99,-999,臺南市,04,南化區,244
23.0816,120.4869,北寮,C0O830,2017-02-12T19:00:00+08:00,127.0,267.0,0.5,15.7,0.76,1008.7,-99.0,0.5,-9.9,-99,-999,臺南市,04,南化區,244
23.0816,120.4869,北寮,C0O830,2017-02-12T20:00:00+08:00,127.0,294.0,0.8,15.0,0.79,1009.1,-99.0,0.5,-9.9,-99,-999,臺南市,04,南化區,244
23.0816,120.4869,北寮,C0O830,2017-02-12T21:00:00+08:00,127.0,0.0,0.0,14.5,0.88,1009.7,-99.0,0.5,-9.9,-99,-999,臺南市,04,南化區,244
23.0816,120.4869,北寮,C0O830,2017-02-12T22:00:00+08:00,127.0,143.0,0.5,14.3,0.91,1010.1,-99.0,0.5,-9.9,-99,-999,臺南市,04,南化區,244
23.0816,120.4869,北寮,C0O830,2017-02-12T23:00:00+08:00,127.0,134.0,0.3,14.0,0.93,1010.2,-99.0,0.5,-9.9,-99,-999,臺南市,04,南化區,244
23.0816,120.4869,北寮,C0O830,2017-02-13T00:00:00+08:00,127.0,0.0,0.2,13.7,0.95,1009.9,-99.0,0.5,-9.9,-99,-999,臺南市,04,南化區,244
23.0816,120.4869,北寮,C0O830,2017-02-13T01:00:00+08:00,127.0,306.0,0.7,13.1,0.93,1009.9,-99.0,0.0,-9.9,-99,-999,臺南市,04,南化區,244
23.0816,120.4869,北寮,C0O830,2017-02-13T02:00:00+08:00,127.0,119.0,0.7,12.1,1.00,1009.6,-99.0,0.0,-9.9,-99,-999,臺南市,04,南化區,244
23.0816,120.4869,北寮,C0O830,2017-02-13T03:00:00+08:00,127.0,0.0,0.0,11.5,1.00,1009.2,-99.0,0.0,-9.9,-99,-999,臺南市,04,南化區,244
23.0816,120.4869,北寮,C0O830,2017-02-13T04:00:00+08:00,127.0,72.0,0.7,11.9,1.00,1009.1,-99.0,0.0,-9.9,-99,-999,臺南市,04,南化區,244
23.0816,120.4869,北寮,C0O830,2017-02-13T05:00:00+08:00,127.0,70.0,0.7,11.4,0.99,1009.5,-99.0,0.0,-9.9,-99,-999,臺南市,04,南化區,244
23.0816,120.4869,北寮,C0O830,2017-02-13T06:00:00+08:00,127.0,114.0,0.6,10.5,1.00,1010.2,-99.0,0.0,-9.9,-99,-999,臺南市,04,南化區,244
23.0816,120.4869,北寮,C0O830,2017-02-13T07:00:00+08:00,127.0,0.0,0.0,11.3,1.00,1010.7,-99.0,0.0,-9.9,-99,-999,臺南市,04,南化區,244
23.0816,120.4869,北寮,C0O830,2017-02-13T08:00:00+08:00,127.0,0.0,0.0,13.9,0.98,1011.2,-99.0,0.0,-9.9,-99,-999,臺南市,04,南化區,244
23.0816,120.4869,北寮,C0O830,2017-02-13T10:00:00+08:00,127.0,262.0,1.0,19.5,0.64,1011.5,-99.0,0.0,-9.9,-99,-999,臺南市,04,南化區,244
23.0816,120.4869,北寮,C0O830,2017-02-13T11:00:00+08:00,127.0,317.0,1.6,21.3,0.54,1011.0,-99.0,0.0,-9.9,-99,-999,臺南市,04,南化區,244
23.0816,120.4869,北寮,C0O830,2017-02-13T12:00:00+08:00,127.0,307.0,2.0,22.3,0.49,1010.4,-99.0,0.0,-9.9,-99,-999,臺南市,04,南化區,244
23.0816,120.4869,北寮,C0O830,2017-02-13T13:00:00+08:00,127.0,295.0,2.4,23.1,0.44,1009.5,-99.0,0.0,-9.9,-99,-999,臺南市,04,南化區,244
23.0816,120.4869,北寮,C0O830,2017-02-13T14:00:00+08:00,127.0,305.0,2.2,23.5,0.43,1008.7,-99.0,0.0,-9.9,-99,-999,臺南市,04,南化區,244
23.0816,120.4869,北寮,C0O830,2017-02-13T15:00:00+08:00,127.0,308.0,2.6,23.4,0.41,1008.2,-99.0,0.0,-9.9,-99,-999,臺南市,04,南化區,244
23.0816,120.4869,北寮,C0O830,2017-02-13T16:00:00+08:00,127.0,291.0,2.4,23.0,0.46,1008.3,-99.0,0.0,-9.9,-99,-999,臺南市,04,南化區,244
23.0816,120.4869,北寮,C0O830,2017-02-13T17:00:00+08:00,127.0,288.0,2.2,21.3,0.54,1009.0,-99.0,0.0,-9.9,-99,-999,臺南市,04,南化區,244
23.0816,120.4869,北寮,C0O830,2017-02-13T18:00:00+08:00,127.0,292.0,1.4,18.7,0.65,1009.8,-99.0,0.0,-9.9,-99,-999,臺南市,04,南化區,244
23.0816,120.4869,北寮,C0O830,2017-02-13T19:00:00+08:00,127.0,213.0,0.7,17.4,0.70,1010.2,-99.0,0.0,-9.9,-99,-999,臺南市,04,南化區,244
23.0816,120.4869,北寮,C0O830,2017-02-13T20:00:00+08:00,127.0,0.0,0.0,16.3,0.77,1011.0,-99.0,0.0,-9.9,-99,-999,臺南市,04,南化區,244
23.0816,120.4869,北寮,C0O830,2017-02-13T21:00:00+08:00,127.0,121.0,0.9,14.5,0.91,1011.6,-99.0,0.0,-9.9,-99,-999,臺南市,04,南化區,244
23.0816,120.4869,北寮,C0O830,2017-02-13T22:00:00+08:00,127.0,0.0,0.0,14.1,0.93,1011.9,-99.0,0.0,-9.9,-99,-999,臺南市,04,南化區,244
23.0816,120.4869,北寮,C0O830,2017-02-13T23:00:00+08:00,127.0,0.0,0.2,13.9,0.94,1011.8,-99.0,0.0,-9.9,-99,-999,臺南市,04,南化區,244
23.0816,120.4869,北寮,C0O830,2017-02-14T00:00:00+08:00,127.0,0.0,0.0,13.8,0.91,1011.7,-99.0,0.0,-9.9,-99,-999,臺南市,04,南化區,244
23.0816,120.4869,北寮,C0O830,2017-02-14T01:00:00+08:00,127.0,0.0,0.1,12.9,0.96,1012.0,-99.0,0.0,-9.9,-99,-999,臺南市,04,南化區,244
23.0816,120.4869,北寮,C0O830,2017-02-14T02:00:00+08:00,127.0,114.0,0.9,13.2,0.96,1011.7,-99.0,0.0,-9.9,-99,-999,臺南市,04,南化區,244
23.0816,120.4869,北寮,C0O830,2017-02-14T03:00:00+08:00,127.0,122.0,0.7,13.2,0.94,1011.5,-99.0,0.0,-9.9,-99,-999,臺南市,04,南化區,244
23.0816,120.4869,北寮,C0O830,2017-02-14T04:00:00+08:00,127.0,85.0,0.5,13.1,0.96,1011.4,-99.0,0.0,-9.9,-99,-999,臺南市,04,南化區,244
23.0816,120.4869,北寮,C0O830,2017-02-14T05:00:00+08:00,127.0,110.0,1.8,13.7,0.89,1011.5,-99.0,0.0,-9.9,-99,-999,臺南市,04,南化區,244
23.0816,120.4869,北寮,C0O830,2017-02-14T07:00:00+08:00,127.0,117.0,0.5,12.4,0.97,1012.7,-99.0,0.0,-9.9,-99,-999,臺南市,04,南化區,244
23.0816,120.4869,北寮,C0O830,2017-02-14T08:00:00+08:00,127.0,221.0,0.6,15.5,0.82,1013.3,-99.0,0.0,-9.9,-99,-999,臺南市,04,南化區,244
23.0816,120.4869,北寮,C0O830,2017-02-14T09:00:00+08:00,127.0,0.0,0.2,18.9,0.68,1013.5,-99.0,0.0,-9.9,-99,-999,臺南市,04,南化區,244
23.0816,120.4869,北寮,C0O830,2017-02-14T10:00:00+08:00,127.0,283.0,1.0,21.5,0.55,1013.2,-99.0,0.0,-9.9,-99,-999,臺南市,04,南化區,244
23.0816,120.4869,北寮,C0O830,2017-02-14T11:00:00+08:00,127.0,294.0,1.4,23.1,0.42,1012.7,-99.0,0.0,-9.9,-99,-999,臺南市,04,南化區,244
23.0816,120.4869,北寮,C0O830,2017-02-14T12:00:00+08:00,127.0,286.0,1.6,24.3,0.39,1012.0,-99.0,0.0,-9.9,-99,-999,臺南市,04,南化區,244
23.0816,120.4869,北寮,C0O830,2017-02-14T13:00:00+08:00,127.0,304.0,2.4,25.0,0.36,1010.8,-99.0,0.0,-9.9,-99,-999,臺南市,04,南化區,244
23.0816,120.4869,北寮,C0O830,2017-02-14T14:00:00+08:00,127.0,294.0,3.2,24.8,0.36,1010.0,-99.0,0.0,-9.9,-99,-999,臺南市,04,南化區,244
23.0816,120.4869,北寮,C0O830,2017-02-14T16:00:00+08:00,127.0,300.0,2.5,21.8,0.51,1010.1,-99.0,0.0,-9.9,-99,-999,臺南市,04,南化區,244
23.0816,120.4869,北寮,C0O830,2017-02-14T17:00:00+08:00,127.0,296.0,1.1,20.9,0.54,1010.3,-99.0,0.0,-9.9,-99,-999,臺南市,04,南化區,244
23.0816,120.4869,北寮,C0O830,2017-02-14T18:00:00+08:00,127.0,290.0,1.2,19.2,0.60,1010.9,-99.0,0.0,-9.9,-99,-999,臺南市,04,南化區,244
23.0816,120.4869,北寮,C0O830,2017-02-14T19:00:00+08:00,127.0,238.0,0.7,18.1,0.67,1011.6,-99.0,0.0,-9.9,-99,-999,臺南市,04,南化區,244
23.0816,120.4869,北寮,C0O830,2017-02-14T20:00:00+08:00,127.0,236.0,0.4,16.8,0.75,1012.1,-99.0,0.0,-9.9,-99,-999,臺南市,04,南化區,244
23.0816,120.4869,北寮,C0O830,2017-02-14T21:00:00+08:00,127.0,206.0,0.7,15.5,0.81,1012.5,-99.0,0.0,-9.9,-99,-999,臺南市,04,南化區,244
23.0816,120.4869,北寮,C0O830,2017-02-14T22:00:00+08:00,127.0,206.0,0.4,14.4,0.88,1012.8,-99.0,0.0,-9.9,-99,-999,臺南市,04,南化區,244
23.0816,120.4869,北寮,C0O830,2017-02-14T23:00:00+08:00,127.0,0.0,0.0,13.7,0.90,1013.1,-99.0,0.0,-9.9,-99,-999,臺南市,04,南化區,244
23.0816,120.4869,北寮,C0O830,2017-02-15T00:00:00+08:00,127.0,118.0,1.0,12.9,0.96,1012.8,-99.0,0.0,-9.9,-99,-999,臺南市,04,南化區,244
23.0816,120.4869,北寮,C0O830,2017-02-15T01:00:00+08:00,127.0,116.0,0.3,12.8,0.98,1012.3,-99.0,0.0,-9.9,-99,-999,臺南市,04,南化區,244
23.0816,120.4869,北寮,C0O830,2017-02-15T02:00:00+08:00,127.0,0.0,0.1,12.4,0.97,1011.7,-99.0,0.0,-9.9,-99,-999,臺南市,04,南化區,244
23.0816,120.4869,北寮,C0O830,2017-02-15T03:00:00+08:00,127.0,0.0,0.1,11.8,0.99,1011.2,-99.0,0.0,-9.9,-99,-999,臺南市,04,南化區,244
23.0816,120.4869,北寮,C0O830,2017-02-15T04:00:00+08:00,127.0,0.0,0.1,11.8,1.00,1011.0,-99.0,0.0,-9.9,-99,-999,臺南市,04,南化區,244
23.0816,120.4869,北寮,C0O830,2017-02-15T05:00:00+08:00,127.0,44.0,0.5,12.0,1.00,1011.0,-99.0,0.0,-9.9,-99,-999,臺南市,04,南化區,244
23.0816,120.4869,北寮,C0O830,2017-02-15T06:00:00+08:00,127.0,336.0,1.0,11.1,1.00,1011.7,-99.0,0.0,-9.9,-99,-999,臺南市,04,南化區,244
23.0816,120.4869,北寮,C0O830,2017-02-15T07:00:00+08:00,127.0,108.0,0.8,11.3,1.00,1012.3,-99.0,0.0,-9.9,-99,-999,臺南市,04,南化區,244
23.0816,120.4869,北寮,C0O830,2017-02-15T08:00:00+08:00,127.0,0.0,0.0,14.2,0.92,1012.5,-99.0,0.0,-9.9,-99,-999,臺南市,04,南化區,244
23.0816,120.4869,北寮,C0O830,2017-02-15T10:00:00+08:00,127.0,265.0,1.0,20.9,0.56,1012.0,-99.0,0.0,-9.9,-99,-999,臺南市,04,南化區,244
23.0816,120.4869,北寮,C0O830,2017-02-15T11:00:00+08:00,127.0,299.0,2.4,22.1,0.51,1011.4,-99.0,0.0,-9.9,-99,-999,臺南市,04,南化區,244
23.0816,120.4869,北寮,C0O830,2017-02-15T12:00:00+08:00,127.0,285.0,1.9,23.1,0.50,1010.6,-99.0,0.0,-9.9,-99,-999,臺南市,04,南化區,244
23.0816,120.4869,北寮,C0O830,2017-02-15T13:00:00+08:00,127.0,293.0,2.1,23.9,0.44,1009.4,-99.0,0.0,-9.9,-99,-999,臺南市,04,南化區,244
23.0816,120.4869,北寮,C0O830,2017-02-15T14:00:00+08:00,127.0,290.0,2.6,23.7,0.46,1008.4,-99.0,0.0,-9.9,-99,-999,臺南市,04,南化區,244
23.0816,120.4869,北寮,C0O830,2017-02-15T15:00:00+08:00,127.0,297.0,2.7,23.3,0.49,1007.8,-99.0,0.0,-9.9,-99,-999,臺南市,04,南化區,244
23.0816,120.4869,北寮,C0O830,2017-02-15T16:00:00+08:00,127.0,298.0,2.6,22.4,0.51,1007.6,-99.0,0.0,-9.9,-99,-999,臺南市,04,南化區,244
23.0816,120.4869,北寮,C0O830,2017-02-15T17:00:00+08:00,127.0,298.0,2.7,21.3,0.55,1007.8,-99.0,0.0,-9.9,-99,-999,臺南市,04,南化區,244
23.0816,120.4869,北寮,C0O830,2017-02-15T18:00:00+08:00,127.0,339.0,2.1,19.6,0.60,1008.2,-99.0,0.0,-9.9,-99,-999,臺南市,04,南化區,244
23.0816,120.4869,北寮,C0O830,2017-02-15T19:00:00+08:00,127.0,0.0,0.0,18.2,0.63,1008.4,-99.0,0.0,-9.9,-99,-999,臺南市,04,南化區,244
23.0816,120.4869,北寮,C0O830,2017-02-15T20:00:00+08:00,127.0,251.0,0.9,17.3,0.67,1009.0,-99.0,0.0,-9.9,-99,-999,臺南市,04,南化區,244
23.0816,120.4869,北寮,C0O830,2017-02-15T21:00:00+08:00,127.0,195.0,0.3,16.4,0.76,1009.3,-99.0,0.0,-9.9,-99,-999,臺南市,04,南化區,244
23.0816,120.4869,北寮,C0O830,2017-02-15T22:00:00+08:00,127.0,0.0,0.0,15.6,0.81,1009.4,-99.0,0.0,-9.9,-99,-999,臺南市,04,南化區,244
23.0816,120.4869,北寮,C0O830,2017-02-15T23:00:00+08:00,127.0,0.0,0.0,14.7,0.88,1009.0,-99.0,0.0,-9.9,-99,-999,臺南市,04,南化區,244
23.0816,120.4869,北寮,C0O830,2017-02-16T00:00:00+08:00,127.0,138.0,1.0,13.2,0.96,1008.7,-99.0,0.0,-9.9,-99,-999,臺南市,04,南化區,244
23.0816,120.4869,北寮,C0O830,2017-02-16T01:00:00+08:00,127.0,332.0,0.7,12.8,0.98,1008.5,-99.0,0.0,-9.9,-99,-999,臺南市,04,南化區,244
23.0816,120.4869,北寮,C0O830,2017-02-16T02:00:00+08:00,127.0,79.0,0.5,12.2,0.98,1008.0,-99.0,0.0,-9.9,-99,-999,臺南市,04,南化區,244
23.0816,120.4869,北寮,C0O830,2017-02-16T03:00:00+08:00,127.0,68.0,0.4,11.8,0.97,1007.5,-99.0,0.0,-9.9,-99,-999,臺南市,04,南化區,244
23.0816,120.4869,北寮,C0O830,2017-02-16T04:00:00+08:00,127.0,84.0,0.6,12.6,0.95,1006.8,-99.0,0.0,-9.9,-99,-999,臺南市,04,南化區,244
23.0816,120.4869,北寮,C0O830,2017-02-16T05:00:00+08:00,127.0,353.0,0.5,12.9,0.88,1006.5,-99.0,0.0,-9.9,-99,-999,臺南市,04,南化區,244
23.0816,120.4869,北寮,C0O830,2017-02-16T06:00:00+08:00,127.0,108.0,0.6,11.5,0.92,1006.5,-99.0,0.0,-9.9,-99,-999,臺南市,04,南化區,244
23.0816,120.4869,北寮,C0O830,2017-02-16T07:00:00+08:00,127.0,0.0,0.0,10.4,0.99,1007.1,-99.0,0.0,-9.9,-99,-999,臺南市,04,南化區,244
23.0816,120.4869,北寮,C0O830,2017-02-16T08:00:00+08:00,127.0,214.0,0.9,12.7,0.90,1007.4,-99.0,0.0,-9.9,-99,-999,臺南市,04,南化區,244
23.0816,120.4869,北寮,C0O830,2017-02-16T10:00:00+08:00,127.0,266.0,0.9,20.0,0.57,1007.5,-99.0,0.0,-9.9,-99,-999,臺南市,04,南化區,244
23.0816,120.4869,北寮,C0O830,2017-02-16T11:00:00+08:00,127.0,300.0,2.1,22.7,0.41,1007.0,-99.0,0.0,-9.9,-99,-999,臺南市,04,南化區,244
23.0816,120.4869,北寮,C0O830,2017-02-16T12:00:00+08:00,127.0,288.0,2.1,23.9,0.39,1006.2,-99.0,0.0,-9.9,-99,-999,臺南市,04,南化區,244
23.0816,120.4869,北寮,C0O830,2017-02-16T13:00:00+08:00,127.0,299.0,2.7,24.8,0.38,1005.3,-99.0,0.0,-9.9,-99,-999,臺南市,04,南化區,244
23.0816,120.4869,北寮,C0O830,2017-02-16T14:00:00+08:00,127.0,278.0,1.6,25.9,0.36,1004.2,-99.0,0.0,-9.9,-99,-999,臺南市,04,南化區,244
23.0816,120.4869,北寮,C0O830,2017-02-16T15:00:00+08:00,127.0,279.0,1.8,26.2,0.35,1003.7,-99.0,0.0,-9.9,-99,-999,臺南市,04,南化區,244
23.0816,120.4869,北寮,C0O830,2017-02-16T16:00:00+08:00,127.0,285.0,1.8,25.5,0.37,1003.8,-99.0,0.0,-9.9,-99,-999,臺南市,04,南化區,244
23.0816,120.4869,北寮,C0O830,2017-02-16T17:00:00+08:00,127.0,286.0,2.7,23.5,0.47,1004.1,-99.0,0.0,-9.9,-99,-999,臺南市,04,南化區,244
23.0816,120.4869,北寮,C0O830,2017-02-16T18:00:00+08:00,127.0,295.0,1.3,20.4,0.51,1004.7,-99.0,0.0,-9.9,-99,-999,臺南市,04,南化區,244
23.0816,120.4869,北寮,C0O830,2017-02-16T19:00:00+08:00,127.0,0.0,0.1,18.8,0.59,1005.4,-99.0,0.0,-9.9,-99,-999,臺南市,04,南化區,244
23.0816,120.4869,北寮,C0O830,2017-02-16T20:00:00+08:00,127.0,0.0,0.0,17.4,0.66,1006.0,-99.0,0.0,-9.9,-99,-999,臺南市,04,南化區,244
23.0816,120.4869,北寮,C0O830,2017-02-16T21:00:00+08:00,127.0,122.0,0.8,15.3,0.78,1006.6,-99.0,0.0,-9.9,-99,-999,臺南市,04,南化區,244
23.0816,120.4869,北寮,C0O830,2017-02-16T23:00:00+08:00,127.0,0.0,0.2,14.8,0.84,1006.3,-99.0,0.0,-9.9,-99,-999,臺南市,04,南化區,244
23.0816,120.4869,北寮,C0O830,2017-02-17T00:00:00+08:00,127.0,119.0,1.3,15.2,0.83,1006.0,-99.0,0.0,-9.9,-99,-999,臺南市,04,南化區,244
23.0816,120.4869,北寮,C0O830,2017-02-17T01:00:00+08:00,127.0,122.0,0.7,15.1,0.83,1005.5,-99.0,0.0,-9.9,-99,-999,臺南市,04,南化區,244
23.0816,120.4869,北寮,C0O830,2017-02-17T02:00:00+08:00,127.0,119.0,1.0,15.4,0.79,1005.4,-99.0,0.0,-9.9,-99,-999,臺南市,04,南化區,244
23.0816,120.4869,北寮,C0O830,2017-02-17T03:00:00+08:00,127.0,115.0,1.3,14.9,0.83,1004.9,-99.0,0.0,-9.9,-99,-999,臺南市,04,南化區,244
23.0816,120.4869,北寮,C0O830,2017-02-17T04:00:00+08:00,127.0,111.0,1.6,14.9,0.82,1005.0,-99.0,0.0,-9.9,-99,-999,臺南市,04,南化區,244
23.0816,120.4869,北寮,C0O830,2017-02-17T05:00:00+08:00,127.0,126.0,1.0,14.9,0.80,1005.2,-99.0,0.0,-9.9,-99,-999,臺南市,04,南化區,244
23.0816,120.4869,北寮,C0O830,2017-02-17T06:00:00+08:00,127.0,125.0,1.1,14.3,0.82,1005.7,-99.0,0.0,-9.9,-99,-999,臺南市,04,南化區,244
23.0816,120.4869,北寮,C0O830,2017-02-17T07:00:00+08:00,127.0,123.0,0.5,15.0,0.78,1006.4,-99.0,0.0,-9.9,-99,-999,臺南市,04,南化區,244
23.0816,120.4869,北寮,C0O830,2017-02-17T08:00:00+08:00,127.0,124.0,0.5,17.5,0.68,1007.0,-99.0,0.0,-9.9,-99,-999,臺南市,04,南化區,244
23.0816,120.4869,北寮,C0O830,2017-02-17T10:00:00+08:00,127.0,283.0,1.3,23.8,0.48,1007.3,-99.0,0.0,-9.9,-99,-999,臺南市,04,南化區,244
23.0816,120.4869,北寮,C0O830,2017-02-17T11:00:00+08:00,127.0,294.0,1.9,24.9,0.44,1006.6,-99.0,0.0,-9.9,-99,-999,臺南市,04,南化區,244
23.0816,120.4869,北寮,C0O830,2017-02-17T12:00:00+08:00,127.0,290.0,2.6,26.1,0.41,1005.6,-99.0,0.0,-9.9,-99,-999,臺南市,04,南化區,244
23.0816,120.4869,北寮,C0O830,2017-02-17T13:00:00+08:00,127.0,279.0,2.5,26.7,0.35,1004.6,-99.0,0.0,-9.9,-99,-999,臺南市,04,南化區,244
23.0816,120.4869,北寮,C0O830,2017-02-17T14:00:00+08:00,127.0,292.0,2.5,27.0,0.34,1003.7,-99.0,0.0,-9.9,-99,-999,臺南市,04,南化區,244
23.0816,120.4869,北寮,C0O830,2017-02-17T15:00:00+08:00,127.0,300.0,2.2,26.7,0.37,1003.4,-99.0,0.0,-9.9,-99,-999,臺南市,04,南化區,244
23.0816,120.4869,北寮,C0O830,2017-02-17T16:00:00+08:00,127.0,312.0,2.0,25.8,0.38,1003.4,-99.0,0.0,-9.9,-99,-999,臺南市,04,南化區,244
23.0816,120.4869,北寮,C0O830,2017-02-17T17:00:00+08:00,127.0,299.0,2.4,24.0,0.51,1003.6,-99.0,0.0,-9.9,-99,-999,臺南市,04,南化區,244
23.0816,120.4869,北寮,C0O830,2017-02-17T18:00:00+08:00,127.0,298.0,1.4,22.4,0.59,1004.0,-99.0,0.0,-9.9,-99,-999,臺南市,04,南化區,244
23.0816,120.4869,北寮,C0O830,2017-02-17T19:00:00+08:00,127.0,202.0,1.1,20.6,0.67,1004.7,-99.0,0.0,-9.9,-99,-999,臺南市,04,南化區,244
23.0816,120.4869,北寮,C0O830,2017-02-17T20:00:00+08:00,127.0,134.0,0.5,19.4,0.73,1005.5,-99.0,0.0,-9.9,-99,-999,臺南市,04,南化區,244
23.0816,120.4869,北寮,C0O830,2017-02-17T21:00:00+08:00,127.0,107.0,1.0,18.1,0.80,1006.3,-99.0,0.0,-9.9,-99,-999,臺南市,04,南化區,244
23.0816,120.4869,北寮,C0O830,2017-02-17T22:00:00+08:00,127.0,121.0,0.9,17.5,0.81,1006.5,-99.0,0.0,-9.9,-99,-999,臺南市,04,南化區,244
23.0816,120.4869,北寮,C0O830,2017-02-17T23:00:00+08:00,127.0,126.0,0.7,17.1,0.83,1006.5,-99.0,0.0,-9.9,-99,-999,臺南市,04,南化區,244
23.0816,120.4869,北寮,C0O830,2017-02-18T00:00:00+08:00,127.0,113.0,0.7,17.4,0.80,1006.5,-99.0,0.0,-9.9,-99,-999,臺南市,04,南化區,244
23.0816,120.4869,北寮,C0O830,2017-02-18T01:00:00+08:00,127.0,121.0,1.4,16.4,0.85,1006.1,-99.0,0.0,-9.9,-99,-999,臺南市,04,南化區,244
23.0816,120.4869,北寮,C0O830,2017-02-18T02:00:00+08:00,127.0,114.0,1.6,15.8,0.87,1005.9,-99.0,0.0,-9.9,-99,-999,臺南市,04,南化區,244
23.0816,120.4869,北寮,C0O830,2017-02-18T03:00:00+08:00,127.0,0.0,0.2,15.6,0.89,1005.7,-99.0,0.0,-9.9,-99,-999,臺南市,04,南化區,244
23.0816,120.4869,北寮,C0O830,2017-02-18T04:00:00+08:00,127.0,90.0,0.7,15.5,0.88,1005.2,-99.0,0.0,-9.9,-99,-999,臺南市,04,南化區,244
23.0816,120.4869,北寮,C0O830,2017-02-18T05:00:00+08:00,127.0,349.0,0.9,15.6,0.86,1005.5,-99.0,0.0,-9.9,-99,-999,臺南市,04,南化區,244
23.0816,120.4869,北寮,C0O830,2017-02-18T06:00:00+08:00,127.0,135.0,0.3,13.8,0.95,1006.2,-99.0,0.0,-9.9,-99,-999,臺南市,04,南化區,244
23.0816,120.4869,北寮,C0O830,2017-02-18T07:00:00+08:00,127.0,117.0,0.3,13.7,0.98,1006.8,-99.0,0.0,-9.9,-99,-999,臺南市,04,南化區,244
23.0816,120.4869,北寮,C0O830,2017-02-18T08:00:00+08:00,127.0,302.0,0.7,15.7,0.91,1007.2,-99.0,0.0,-9.9,-99,-999,臺南市,04,南化區,244
23.0816,120.4869,北寮,C0O830,2017-02-18T10:00:00+08:00,127.0,289.0,1.2,21.6,0.63,1007.2,-99.0,0.0,-9.9,-99,-999,臺南市,04,南化區,244
23.0816,120.4869,北寮,C0O830,2017-02-18T11:00:00+08:00,127.0,297.0,1.3,24.5,0.53,1006.4,-99.0,0.0,-9.9,-99,-999,臺南市,04,南化區,244
23.0816,120.4869,北寮,C0O830,2017-02-18T12:00:00+08:00,127.0,310.0,1.5,25.7,0.48,1005.3,-99.0,0.0,-9.9,-99,-999,臺南市,04,南化區,244
23.0816,120.4869,北寮,C0O830,2017-02-18T13:00:00+08:00,127.0,301.0,2.1,26.2,0.50,1004.2,-99.0,0.0,-9.9,-99,-999,臺南市,04,南化區,244
23.0816,120.4869,北寮,C0O830,2017-02-18T14:00:00+08:00,127.0,306.0,2.3,26.8,0.45,1003.2,-99.0,0.0,-9.9,-99,-999,臺南市,04,南化區,244
23.0816,120.4869,北寮,C0O830,2017-02-18T15:00:00+08:00,127.0,302.0,2.1,27.2,0.45,1002.6,-99.0,0.0,-9.9,-99,-999,臺南市,04,南化區,244
23.0816,120.4869,北寮,C0O830,2017-02-18T16:00:00+08:00,127.0,292.0,2.7,24.9,0.60,1002.9,-99.0,0.0,-9.9,-99,-999,臺南市,04,南化區,244
23.0816,120.4869,北寮,C0O830,2017-02-18T17:00:00+08:00,127.0,277.0,1.8,22.8,0.68,1003.7,-99.0,0.0,-9.9,-99,-999,臺南市,04,南化區,244
23.0816,120.4869,北寮,C0O830,2017-02-18T18:00:00+08:00,127.0,284.0,1.1,20.6,0.75,1004.3,-99.0,0.0,-9.9,-99,-999,臺南市,04,南化區,244
23.0816,120.4869,北寮,C0O830,2017-02-18T19:00:00+08:00,127.0,290.0,0.3,19.4,0.81,1004.8,-99.0,0.0,-9.9,-99,-999,臺南市,04,南化區,244
23.0816,120.4869,北寮,C0O830,2017-02-18T20:00:00+08:00,127.0,189.0,0.7,19.2,0.83,1005.3,-99.0,0.0,-9.9,-99,-999,臺南市,04,南化區,244
23.0816,120.4869,北寮,C0O830,2017-02-18T21:00:00+08:00,127.0,0.0,0.1,18.3,0.88,1005.3,-99.0,0.0,-9.9,-99,-999,臺南市,04,南化區,244
23.0816,120.4869,北寮,C0O830,2017-02-18T22:00:00+08:00,127.0,300.0,1.0,17.4,0.92,1005.5,-99.0,0.0,-9.9,-99,-999,臺南市,04,南化區,244
23.0816,120.4869,北寮,C0O830,2017-02-18T23:00:00+08:00,127.0,301.0,1.2,16.3,0.98,1005.1,-99.0,0.0,-9.9,-99,-999,臺南市,04,南化區,244
23.0816,120.4869,北寮,C0O830,2017-02-19T00:00:00+08:00,127.0,204.0,0.6,15.8,1.00,1005.4,-99.0,0.0,-9.9,-99,-999,臺南市,04,南化區,244
23.0816,120.4869,北寮,C0O830,2017-02-19T01:00:00+08:00,127.0,283.0,0.8,15.0,1.00,1005.2,-99.0,0.0,-9.9,-99,-999,臺南市,04,南化區,244
23.0816,120.4869,北寮,C0O830,2017-02-19T02:00:00+08:00,127.0,0.0,0.2,15.2,1.00,1004.9,-99.0,0.0,-9.9,-99,-999,臺南市,04,南化區,244
23.0816,120.4869,北寮,C0O830,2017-02-19T04:00:00+08:00,127.0,8.0,0.9,15.0,1.00,1004.3,-99.0,0.0,-9.9,-99,-999,臺南市,04,南化區,244
23.0816,120.4869,北寮,C0O830,2017-02-19T05:00:00+08:00,127.0,0.0,0.2,14.9,1.00,1004.2,-99.0,0.0,-9.9,-99,-999,臺南市,04,南化區,244
23.0816,120.4869,北寮,C0O830,2017-02-19T06:00:00+08:00,127.0,340.0,0.9,14.7,1.00,1004.2,-99.0,0.0,-9.9,-99,-999,臺南市,04,南化區,244
23.0816,120.4869,北寮,C0O830,2017-02-19T07:00:00+08:00,127.0,357.0,0.7,14.1,1.00,1004.5,-99.0,0.0,-9.9,-99,-999,臺南市,04,南化區,244
23.0816,120.4869,北寮,C0O830,2017-02-19T08:00:00+08:00,127.0,295.0,1.0,15.1,1.00,1005.1,-99.0,0.0,-9.9,-99,-999,臺南市,04,南化區,244
23.0816,120.4869,北寮,C0O830,2017-02-19T10:00:00+08:00,127.0,309.0,1.5,17.0,1.00,1004.7,-99.0,0.0,-9.9,-99,-999,臺南市,04,南化區,244
23.0816,120.4869,北寮,C0O830,2017-02-19T11:00:00+08:00,127.0,279.0,0.5,21.2,0.76,1004.0,-99.0,0.0,-9.9,-99,-999,臺南市,04,南化區,244
23.0816,120.4869,北寮,C0O830,2017-02-19T12:00:00+08:00,127.0,297.0,1.5,24.8,0.60,1002.8,-99.0,0.0,-9.9,-99,-999,臺南市,04,南化區,244
23.0816,120.4869,北寮,C0O830,2017-02-19T14:00:00+08:00,127.0,318.0,2.1,26.3,0.48,999.9,-99.0,0.0,-9.9,-99,-999,臺南市,04,南化區,244
23.0816,120.4869,北寮,C0O830,2017-02-19T15:00:00+08:00,127.0,310.0,2.9,25.8,0.50,999.3,-99.0,0.0,-9.9,-99,-999,臺南市,04,南化區,244
23.0816,120.4869,北寮,C0O830,2017-02-19T16:00:00+08:00,127.0,303.0,2.4,24.3,0.60,999.2,-99.0,0.0,-9.9,-99,-999,臺南市,04,南化區,244
23.0816,120.4869,北寮,C0O830,2017-02-19T17:00:00+08:00,127.0,299.0,2.4,22.6,0.67,999.4,-99.0,0.0,-9.9,-99,-999,臺南市,04,南化區,244
23.0816,120.4869,北寮,C0O830,2017-02-19T18:00:00+08:00,127.0,296.0,1.0,21.0,0.74,999.3,-99.0,0.0,-9.9,-99,-999,臺南市,04,南化區,244
23.0816,120.4869,北寮,C0O830,2017-02-19T19:00:00+08:00,127.0,237.0,0.7,20.5,0.76,999.9,-99.0,0.0,-9.9,-99,-999,臺南市,04,南化區,244
23.0816,120.4869,北寮,C0O830,2017-02-19T20:00:00+08:00,127.0,329.0,0.6,19.9,0.81,1000.2,-99.0,0.0,-9.9,-99,-999,臺南市,04,南化區,244
23.0816,120.4869,北寮,C0O830,2017-02-19T21:00:00+08:00,127.0,200.0,0.7,19.7,0.83,1000.2,-99.0,0.0,-9.9,-99,-999,臺南市,04,南化區,244
23.0816,120.4869,北寮,C0O830,2017-02-19T22:00:00+08:00,127.0,295.0,0.7,19.1,0.86,1000.3,-99.0,0.0,-9.9,-99,-999,臺南市,04,南化區,244
23.0816,120.4869,北寮,C0O830,2017-02-19T23:00:00+08:00,127.0,207.0,0.3,18.6,0.89,1000.3,-99.0,0.0,-9.9,-99,-999,臺南市,04,南化區,244
23.0816,120.4869,北寮,C0O830,2017-02-20T00:00:00+08:00,127.0,118.0,0.4,18.3,0.92,1000.1,-99.0,0.0,-9.9,-99,-999,臺南市,04,南化區,244
23.0816,120.4869,北寮,C0O830,2017-02-20T01:00:00+08:00,127.0,128.0,0.9,18.2,0.96,999.5,-99.0,0.0,-9.9,-99,-999,臺南市,04,南化區,244
23.0816,120.4869,北寮,C0O830,2017-02-20T04:00:00+08:00,127.0,18.0,0.5,18.2,0.95,998.5,-99.0,0.0,-9.9,-99,-999,臺南市,04,南化區,244
23.0816,120.4869,北寮,C0O830,2017-02-20T05:00:00+08:00,127.0,108.0,0.8,18.6,0.93,998.7,-99.0,0.0,-9.9,-99,-999,臺南市,04,南化區,244
23.0816,120.4869,北寮,C0O830,2017-02-20T06:00:00+08:00,127.0,249.0,0.4,19.0,0.89,999.0,-99.0,0.0,-9.9,-99,-999,臺南市,04,南化區,244
23.0816,120.4869,北寮,C0O830,2017-02-20T07:00:00+08:00,127.0,137.0,0.9,18.7,0.93,999.7,-99.0,0.0,-9.9,-99,-999,臺南市,04,南化區,244
23.0816,120.4869,北寮,C0O830,2017-02-20T08:00:00+08:00,127.0,309.0,0.4,20.8,0.88,1000.2,-99.0,0.0,-9.9,-99,-999,臺南市,04,南化區,244
23.0816,120.4869,北寮,C0O830,2017-02-20T10:00:00+08:00,127.0,133.0,1.3,25.6,0.68,1000.4,-99.0,0.0,-9.9,-99,-999,臺南市,04,南化區,244
23.0816,120.4869,北寮,C0O830,2017-02-20T11:00:00+08:00,127.0,163.0,1.8,27.2,0.62,1000.2,-99.0,0.0,-9.9,-99,-999,臺南市,04,南化區,244
23.0816,120.4869,北寮,C0O830,2017-02-20T12:00:00+08:00,127.0,170.0,1.4,28.2,0.58,999.4,-99.0,0.0,-9.9,-99,-999,臺南市,04,南化區,244
23.0816,120.4869,北寮,C0O830,2017-02-20T13:00:00+08:00,127.0,179.0,1.2,30.1,0.53,998.3,-99.0,0.0,-9.9,-99,-999,臺南市,04,南化區,244
23.0816,120.4869,北寮,C0O830,2017-02-20T14:00:00+08:00,127.0,190.0,1.6,31.1,0.51,997.4,-99.0,0.0,-9.9,-99,-999,臺南市,04,南化區,244
23.0816,120.4869,北寮,C0O830,2017-02-20T15:00:00+08:00,127.0,196.0,1.5,30.5,0.54,997.2,-99.0,0.0,-9.9,-99,-999,臺南市,04,南化區,244
23.0816,120.4869,北寮,C0O830,2017-02-20T16:00:00+08:00,127.0,257.0,1.1,30.1,0.57,997.2,-99.0,0.0,-9.9,-99,-999,臺南市,04,南化區,244
23.0816,120.4869,北寮,C0O830,2017-02-20T17:00:00+08:00,127.0,283.0,2.5,27.5,0.67,997.9,-99.0,0.0,-9.9,-99,-999,臺南市,04,南化區,244
23.0816,120.4869,北寮,C0O830,2017-02-20T18:00:00+08:00,127.0,331.0,1.7,25.1,0.80,998.8,-99.0,0.0,-9.9,-99,-999,臺南市,04,南化區,244
23.0816,120.4869,北寮,C0O830,2017-02-20T19:00:00+08:00,127.0,297.0,1.2,23.9,0.85,999.4,-99.0,0.0,-9.9,-99,-999,臺南市,04,南化區,244
23.0816,120.4869,北寮,C0O830,2017-02-20T20:00:00+08:00,127.0,274.0,1.1,23.1,0.89,1000.0,-99.0,0.0,-9.9,-99,-999,臺南市,04,南化區,244
23.0816,120.4869,北寮,C0O830,2017-02-20T21:00:00+08:00,127.0,110.0,0.8,21.8,0.95,1000.7,-99.0,0.0,-9.9,-99,-999,臺南市,04,南化區,244
23.0816,120.4869,北寮,C0O830,2017-02-20T22:00:00+08:00,127.0,115.0,1.0,21.1,0.98,1001.1,-99.0,0.0,-9.9,-99,-999,臺南市,04,南化區,244
23.0816,120.4869,北寮,C0O830,2017-02-20T23:00:00+08:00,127.0,118.0,1.0,20.3,1.00,1001.2,-99.0,0.0,-9.9,-99,-999,臺南市,04,南化區,244
23.0816,120.4869,北寮,C0O830,2017-02-21T00:00:00+08:00,127.0,124.0,1.1,20.4,1.00,1001.5,-99.0,0.0,-9.9,-99,-999,臺南市,04,南化區,244
23.0816,120.4869,北寮,C0O830,2017-02-21T01:00:00+08:00,127.0,111.0,0.5,20.4,1.00,1001.1,-99.0,0.0,-9.9,-99,-999,臺南市,04,南化區,244
23.0816,120.4869,北寮,C0O830,2017-02-21T02:00:00+08:00,127.0,123.0,0.4,20.0,1.00,1001.3,-99.0,0.0,-9.9,-99,-999,臺南市,04,南化區,244
23.0816,120.4869,北寮,C0O830,2017-02-21T03:00:00+08:00,127.0,108.0,1.6,19.8,1.00,1000.9,-99.0,0.0,-9.9,-99,-999,臺南市,04,南化區,244
23.0816,120.4869,北寮,C0O830,2017-02-21T04:00:00+08:00,127.0,269.0,0.7,20.0,1.00,1000.9,-99.0,0.0,-9.9,-99,-999,臺南市,04,南化區,244
23.0816,120.4869,北寮,C0O830,2017-02-21T05:00:00+08:00,127.0,160.0,0.4,19.7,1.00,1001.4,-99.0,0.0,-9.9,-99,-999,臺南市,04,南化區,244
23.0816,120.4869,北寮,C0O830,2017-02-21T06:00:00+08:00,127.0,346.0,1.1,19.0,1.00,1002.0,-99.0,0.0,-9.9,-99,-999,臺南市,04,南化區,244
23.0816,120.4869,北寮,C0O830,2017-02-21T07:00:00+08:00,127.0,0.0,0.1,18.5,1.00,1002.5,-99.0,0.0,-9.9,-99,-999,臺南市,04,南化區,244
23.0816,120.4869,北寮,C0O830,2017-02-21T08:00:00+08:00,127.0,299.0,1.6,19.3,0.99,1003.0,-99.0,0.0,-9.9,-99,-999,臺南市,04,南化區,244
23.0816,120.4869,北寮,C0O830,2017-02-21T09:00:00+08:00,127.0,274.0,0.9,22.5,0.83,1003.3,-99.0,0.0,-9.9,-99,-999,臺南市,04,南化區,244
23.0816,120.4869,北寮,C0O830,2017-02-21T10:00:00+08:00,127.0,247.0,1.1,24.6,0.72,1003.3,-99.0,0.0,-9.9,-99,-999,臺南市,04,南化區,244
23.0816,120.4869,北寮,C0O830,2017-02-21T11:00:00+08:00,127.0,311.0,1.4,26.7,0.65,1003.0,-99.0,0.0,-9.9,-99,-999,臺南市,04,南化區,244
23.0816,120.4869,北寮,C0O830,2017-02-21T12:00:00+08:00,127.0,278.0,1.8,27.7,0.61,1001.8,-99.0,0.0,-9.9,-99,-999,臺南市,04,南化區,244
23.0816,120.4869,北寮,C0O830,2017-02-21T14:00:00+08:00,127.0,284.0,2.7,26.7,0.62,1000.3,-99.0,0.0,-9.9,-99,-999,臺南市,04,南化區,244
23.0816,120.4869,北寮,C0O830,2017-02-21T15:00:00+08:00,127.0,315.0,1.5,27.1,0.60,1000.1,-99.0,0.0,-9.9,-99,-999,臺南市,04,南化區,244
23.0816,120.4869,北寮,C0O830,2017-02-21T16:00:00+08:00,127.0,285.0,1.3,26.4,0.63,999.9,-99.0,0.0,-9.9,-99,-999,臺南市,04,南化區,244
23.0816,120.4869,北寮,C0O830,2017-02-21T17:00:00+08:00,127.0,294.0,1.7,24.7,0.68,1000.3,-99.0,0.0,-9.9,-99,-999,臺南市,04,南化區,244
23.0816,120.4869,北寮,C0O830,2017-02-21T18:00:00+08:00,127.0,295.0,2.3,22.5,0.77,1001.1,-99.0,0.0,-9.9,-99,-999,臺南市,04,南化區,244
23.0816,120.4869,北寮,C0O830,2017-02-21T19:00:00+08:00,127.0,174.0,0.7,21.6,0.81,1001.2,-99.0,0.0,-9.9,-99,-999,臺南市,04,南化區,244
23.0816,120.4869,北寮,C0O830,2017-02-21T20:00:00+08:00,127.0,295.0,1.4,21.1,0.84,1001.7,-99.0,0.0,-9.9,-99,-999,臺南市,04,南化區,244
23.0816,120.4869,北寮,C0O830,2017-02-21T21:00:00+08:00,127.0,296.0,1.2,20.5,0.88,1001.8,-99.0,0.0,-9.9,-99,-999,臺南市,04,南化區,244
23.0816,120.4869,北寮,C0O830,2017-02-21T22:00:00+08:00,127.0,246.0,0.9,19.8,0.91,1001.8,-99.0,0.0,-9.9,-99,-999,臺南市,04,南化區,244
23.0816,120.4869,北寮,C0O830,2017-02-21T23:00:00+08:00,127.0,0.0,0.2,19.1,0.94,1001.7,-99.0,0.0,-9.9,-99,-999,臺南市,04,南化區,244
23.0816,120.4869,北寮,C0O830,2017-02-22T00:00:00+08:00,127.0,234.0,0.8,19.2,0.95,1001.7,-99.0,0.0,-9.9,-99,-999,臺南市,04,南化區,244
23.0816,120.4869,北寮,C0O830,2017-02-22T01:00:00+08:00,127.0,0.0,0.1,18.8,0.96,1001.7,-99.0,0.0,-9.9,-99,-999,臺南市,04,南化區,244
23.0816,120.4869,北寮,C0O830,2017-02-22T02:00:00+08:00,127.0,323.0,1.1,18.7,0.98,1001.3,-99.0,0.0,-9.9,-99,-999,臺南市,04,南化區,244
23.0816,120.4869,北寮,C0O830,2017-02-22T03:00:00+08:00,127.0,335.0,0.9,18.4,1.00,1001.0,-99.0,0.0,-9.9,-99,-999,臺南市,04,南化區,244
23.0816,120.4869,北寮,C0O830,2017-02-22T04:00:00+08:00,127.0,301.0,1.1,18.1,1.00,1000.7,-99.0,0.0,-9.9,-99,-999,臺南市,04,南化區,244
23.0816,120.4869,北寮,C0O830,2017-02-22T05:00:00+08:00,127.0,339.0,1.0,17.9,1.00,1000.9,-99.0,0.0,-9.9,-99,-999,臺南市,04,南化區,244
23.0816,120.4869,北寮,C0O830,2017-02-22T06:00:00+08:00,127.0,303.0,0.8,17.9,1.00,1001.2,-99.0,0.0,-9.9,-99,-999,臺南市,04,南化區,244
23.0816,120.4869,北寮,C0O830,2017-02-22T07:00:00+08:00,127.0,341.0,0.3,18.2,1.00,1001.3,-99.0,0.0,-9.9,-99,-999,臺南市,04,南化區,244
23.0816,120.4869,北寮,C0O830,2017-02-22T08:00:00+08:00,127.0,306.0,0.8,19.3,0.97,1001.2,-99.0,0.0,-9.9,-99,-999,臺南市,04,南化區,244
23.0816,120.4869,北寮,C0O830,2017-02-22T09:00:00+08:00,127.0,214.0,0.7,20.6,0.98,1001.0,-99.0,0.5,-9.9,-99,-999,臺南市,04,南化區,244
23.0816,120.4869,北寮,C0O830,2017-02-22T10:00:00+08:00,127.0,267.0,0.9,23.8,0.81,1000.8,-99.0,0.5,-9.9,-99,-999,臺南市,04,南化區,244
23.0816,120.4869,北寮,C0O830,2017-02-22T11:00:00+08:00,127.0,263.0,1.0,26.5,0.67,1000.0,-99.0,0.5,-9.9,-99,-999,臺南市,04,南化區,244
23.0816,120.4869,北寮,C0O830,2017-02-22T12:00:00+08:00,127.0,255.0,0.9,26.8,0.66,999.6,-99.0,0.5,-9.9,-99,-999,臺南市,04,南化區,244
23.0816,120.4869,北寮,C0O830,2017-02-22T13:00:00+08:00,127.0,252.0,1.3,27.1,0.66,999.3,-99.0,0.5,-9.9,-99,-999,臺南市,04,南化區,244
23.0816,120.4869,北寮,C0O830,2017-02-22T14:00:00+08:00,127.0,306.0,2.2,24.8,0.74,999.3,-99.0,0.5,-9.9,-99,-999,臺南市,04,南化區,244
23.0816,120.4869,北寮,C0O830,2017-02-22T15:00:00+08:00,127.0,324.0,0.9,24.8,0.75,998.8,-99.0,0.5,-9.9,-99,-999,臺南市,04,南化區,244
23.0816,120.4869,北寮,C0O830,2017-02-22T16:00:00+08:00,127.0,125.0,0.6,26.8,0.67,998.0,-99.0,0.5,-9.9,-99,-999,臺南市,04,南化區,244
23.0816,120.4869,北寮,C0O830,2017-02-22T17:00:00+08:00,127.0,163.0,1.4,27.2,0.65,998.1,-99.0,0.5,-9.9,-99,-999,臺南市,04,南化區,244
23.0816,120.4869,北寮,C0O830,2017-02-22T18:00:00+08:00,127.0,220.0,0.9,25.3,0.73,998.9,-99.0,0.5,-9.9,-99,-999,臺南市,04,南化區,244
23.0816,120.4869,北寮,C0O830,2017-02-22T19:00:00+08:00,127.0,69.0,1.3,24.4,0.78,998.4,-99.0,0.5,-9.9,-99,-999,臺南市,04,南化區,244
23.0816,120.4869,北寮,C0O830,2017-02-22T20:00:00+08:00,127.0,322.0,0.8,24.0,0.81,999.7,-99.0,0.5,-9.9,-99,-999,臺南市,04,南化區,244
23.0816,120.4869,北寮,C0O830,2017-02-22T21:00:00+08:00,127.0,208.0,0.5,23.2,0.86,1000.0,-99.0,0.5,-9.9,-99,-999,臺南市,04,南化區,244
23.0816,120.4869,北寮,C0O830,2017-02-22T22:00:00+08:00,127.0,120.0,1.2,22.5,0.91,1000.4,-99.0,0.5,-9.9,-99,-999,臺南市,04,南化區,244
23.0816,120.4869,北寮,C0O830,2017-02-22T23:00:00+08:00,127.0,115.0,0.6,22.2,0.93,1000.5,-99.0,0.5,-9.9,-99,-999,臺南市,04,南化區,244
23.0816,120.4869,北寮,C0O830,2017-02-23T00:00:00+08:00,127.0,106.0,0.9,21.9,0.95,1000.3,-99.0,0.5,-9.9,-99,-999,臺南市,04,南化區,244
23.0816,120.4869,北寮,C0O830,2017-02-23T01:00:00+08:00,127.0,117.0,0.4,21.2,0.97,1000.0,-99.0,0.0,-9.9,-99,-999,臺南市,04,南化區,244
23.0816,120.4869,北寮,C0O830,2017-02-23T02:00:00+08:00,127.0,0.0,0.2,21.5,0.96,999.8,-99.0,0.0,-9.9,-99,-999,臺南市,04,南化區,244
23.0816,120.4869,北寮,C0O830,2017-02-23T03:00:00+08:00,127.0,99.0,0.5,21.4,0.98,999.6,-99.0,0.0,-9.9,-99,-999,臺南市,04,南化區,244
23.0816,120.4869,北寮,C0O830,2017-02-23T04:00:00+08:00,127.0,119.0,0.5,21.3,0.99,999.2,-99.0,0.0,-9.9,-99,-999,臺南市,04,南化區,244
23.0816,120.4869,北寮,C0O830,2017-02-23T05:00:00+08:00,127.0,0.0,0.2,21.3,0.97,999.3,-99.0,0.0,-9.9,-99,-999,臺南市,04,南化區,244
23.0816,120.4869,北寮,C0O830,2017-02-23T06:00:00+08:00,127.0,114.0,1.2,20.5,0.99,1000.0,-99.0,0.0,-9.9,-99,-999,臺南市,04,南化區,244
23.0816,120.4869,北寮,C0O830,2017-02-23T07:00:00+08:00,127.0,86.0,0.6,20.8,1.00,1000.3,-99.0,0.0,-9.9,-99,-999,臺南市,04,南化區,244
23.0816,120.4869,北寮,C0O830,2017-02-23T08:00:00+08:00,127.0,189.0,0.5,23.2,0.90,1000.5,-99.0,0.0,-9.9,-99,-999,臺南市,04,南化區,244
23.0816,120.4869,北寮,C0O830,2017-02-23T10:00:00+08:00,127.0,287.0,0.9,26.9,0.71,1000.7,-99.0,0.0,-9.9,-99,-999,臺南市,04,南化區,244
23.0816,120.4869,北寮,C0O830,2017-02-23T11:00:00+08:00,127.0,287.0,1.5,26.5,0.71,1000.7,-99.0,0.0,-9.9,-99,-999,臺南市,04,南化區,244
23.0816,120.4869,北寮,C0O830,2017-02-23T12:00:00+08:00,127.0,282.0,1.7,28.0,0.65,1000.1,-99.0,0.0,-9.9,-99,-999,臺南市,04,南化區,244
23.0816,120.4869,北寮,C0O830,2017-02-23T13:00:00+08:00,127.0,323.0,1.3,28.6,0.62,998.7,-99.0,0.0,-9.9,-99,-999,臺南市,04,南化區,244
23.0816,120.4869,北寮,C0O830,2017-02-23T14:00:00+08:00,127.0,301.0,2.8,29.4,0.60,997.9,-99.0,0.0,-9.9,-99,-999,臺南市,04,南化區,244
23.0816,120.4869,北寮,C0O830,2017-02-23T15:00:00+08:00,127.0,300.0,4.0,27.5,0.66,997.9,-99.0,0.0,-9.9,-99,-999,臺南市,04,南化區,244
23.0816,120.4869,北寮,C0O830,2017-02-23T16:00:00+08:00,127.0,301.0,3.9,24.2,0.73,998.5,-99.0,0.0,-9.9,-99,-999,臺南市,04,南化區,244
23.0816,120.4869,北寮,C0O830,2017-02-23T17:00:00+08:00,127.0,312.0,1.7,23.0,0.74,999.0,-99.0,0.0,-9.9,-99,-999,臺南市,04,南化區,244
23.0816,120.4869,北寮,C0O830,2017-02-23T18:00:00+08:00,127.0,291.0,2.1,20.5,0.81,1000.0,-99.0,0.0,-9.9,-99,-999,臺南市,04,南化區,244
23.0816,120.4869,北寮,C0O830,2017-02-23T19:00:00+08:00,127.0,285.0,1.4,18.2,0.85,1001.2,-99.0,0.0,-9.9,-99,-999,臺南市,04,南化區,244
23.0816,120.4869,北寮,C0O830,2017-02-23T20:00:00+08:00,127.0,289.0,1.9,17.1,0.85,1002.0,-99.0,0.0,-9.9,-99,-999,臺南市,04,南化區,244
23.0816,120.4869,北寮,C0O830,2017-02-23T21:00:00+08:00,127.0,283.0,1.4,16.2,0.84,1002.7,-99.0,0.0,-9.9,-99,-999,臺南市,04,南化區,244
23.0816,120.4869,北寮,C0O830,2017-02-23T22:00:00+08:00,127.0,294.0,0.8,15.6,0.84,1003.2,-99.0,0.0,-9.9,-99,-999,臺南市,04,南化區,244
23.0816,120.4869,北寮,C0O830,2017-02-23T23:00:00+08:00,127.0,300.0,1.4,14.9,0.85,1003.6,-99.0,0.0,-9.9,-99,-999,臺南市,04,南化區,244
23.0816,120.4869,北寮,C0O830,2017-02-24T00:00:00+08:00,127.0,305.0,0.9,14.9,0.85,1003.8,-99.0,0.0,-9.9,-99,-999,臺南市,04,南化區,244
23.0816,120.4869,北寮,C0O830,2017-02-24T01:00:00+08:00,127.0,9.0,0.3,14.7,0.87,1003.9,-99.0,0.0,-9.9,-99,-999,臺南市,04,南化區,244
23.0816,120.4869,北寮,C0O830,2017-02-24T02:00:00+08:00,127.0,324.0,1.2,15.0,0.86,1003.6,-99.0,0.0,-9.9,-99,-999,臺南市,04,南化區,244
23.0816,120.4869,北寮,C0O830,2017-02-24T03:00:00+08:00,127.0,310.0,1.6,14.4,0.87,1003.7,-99.0,0.0,-9.9,-99,-999,臺南市,04,南化區,244
23.0816,120.4869,北寮,C0O830,2017-02-24T04:00:00+08:00,127.0,310.0,0.8,13.8,0.90,1002.8,-99.0,0.0,-9.9,-99,-999,臺南市,04,南化區,244
23.0816,120.4869,北寮,C0O830,2017-02-24T05:00:00+08:00,127.0,0.0,0.2,13.6,0.92,1002.9,-99.0,0.0,-9.9,-99,-999,臺南市,04,南化區,244
23.0816,120.4869,北寮,C0O830,2017-02-24T06:00:00+08:00,127.0,315.0,1.4,13.6,0.93,1003.5,-99.0,0.0,-9.9,-99,-999,臺南市,04,南化區,244
23.0816,120.4869,北寮,C0O830,2017-02-24T07:00:00+08:00,127.0,286.0,0.7,14.1,0.92,1004.5,-99.0,0.0,-9.9,-99,-999,臺南市,04,南化區,244
23.0816,120.4869,北寮,C0O830,2017-02-24T08:00:00+08:00,127.0,99.0,0.6,15.1,0.88,1005.1,-99.0,0.0,-9.9,-99,-999,臺南市,04,南化區,244
23.0816,120.4869,北寮,C0O830,2017-02-24T09:00:00+08:00,127.0,321.0,0.6,16.2,0.84,1005.5,-99.0,0.0,-9.9,-99,-999,臺南市,04,南化區,244
23.0816,120.4869,北寮,C0O830,2017-02-24T10:00:00+08:00,127.0,313.0,1.2,17.0,0.81,1005.7,-99.0,0.0,-9.9,-99,-999,臺南市,04,南化區,244
23.0816,120.4869,北寮,C0O830,2017-02-24T11:00:00+08:00,127.0,126.0,0.4,18.1,0.78,1005.2,-99.0,0.0,-9.9,-99,-999,臺南市,04,南化區,244
23.0816,120.4869,北寮,C0O830,2017-02-24T12:00:00+08:00,127.0,332.0,0.8,18.0,0.79,1004.9,-99.0,0.0,-9.9,-99,-999,臺南市,04,南化區,244
23.0816,120.4869,北寮,C0O830,2017-02-24T13:00:00+08:00,127.0,303.0,1.6,18.7,0.77,1004.0,-99.0,0.0,-9.9,-99,-999,臺南市,04,南化區,244
23.0816,120.4869,北寮,C0O830,2017-02-24T14:00:00+08:00,127.0,268.0,1.3,19.1,0.72,1003.4,-99.0,0.0,-9.9,-99,-999,臺南市,04,南化區,244
23.0816,120.4869,北寮,C0O830,2017-02-24T15:00:00+08:00,127.0,328.0,1.2,19.6,0.72,1002.8,-99.0,0.0,-9.9,-99,-999,臺南市,04,南化區,244
23.0816,120.4869,北寮,C0O830,2017-02-24T16:00:00+08:00,127.0,290.0,1.3,17.7,0.77,1003.0,-99.0,0.0,-9.9,-99,-999,臺南市,04,南化區,244
23.0816,120.4869,北寮,C0O830,2017-02-24T17:00:00+08:00,127.0,284.0,1.1,17.7,0.78,1003.0,-99.0,0.0,-9.9,-99,-999,臺南市,04,南化區,244
23.0816,120.4869,北寮,C0O830,2017-02-24T18:00:00+08:00,127.0,279.0,1.3,15.4,0.85,1003.5,-99.0,0.0,-9.9,-99,-999,臺南市,04,南化區,244
23.0816,120.4869,北寮,C0O830,2017-02-24T19:00:00+08:00,127.0,293.0,1.9,15.1,0.88,1004.2,-99.0,0.0,-9.9,-99,-999,臺南市,04,南化區,244
23.0816,120.4869,北寮,C0O830,2017-02-24T20:00:00+08:00,127.0,0.0,0.2,14.4,0.87,1005.0,-99.0,0.0,-9.9,-99,-999,臺南市,04,南化區,244
23.0816,120.4869,北寮,C0O830,2017-02-24T21:00:00+08:00,127.0,44.0,0.6,15.4,0.86,1004.7,-99.0,0.0,-9.9,-99,-999,臺南市,04,南化區,244
23.0816,120.4869,北寮,C0O830,2017-02-24T22:00:00+08:00,127.0,300.0,0.7,14.6,0.88,1005.5,-99.0,0.0,-9.9,-99,-999,臺南市,04,南化區,244
23.0816,120.4869,北寮,C0O830,2017-02-24T23:00:00+08:00,127.0,302.0,1.5,14.2,0.89,1005.1,-99.0,0.0,-9.9,-99,-999,臺南市,04,南化區,244
23.0816,120.4869,北寮,C0O830,2017-02-25T00:00:00+08:00,127.0,267.0,0.9,13.6,0.88,1005.1,-99.0,0.0,-9.9,-99,-999,臺南市,04,南化區,244
23.0816,120.4869,北寮,C0O830,2017-02-25T01:00:00+08:00,127.0,223.0,0.5,13.8,0.88,1004.8,-99.0,0.0,-9.9,-99,-999,臺南市,04,南化區,244
23.0816,120.4869,北寮,C0O830,2017-02-25T02:00:00+08:00,127.0,1.0,0.8,14.1,0.89,1004.1,-99.0,0.0,-9.9,-99,-999,臺南市,04,南化區,244
23.0816,120.4869,北寮,C0O830,2017-02-25T04:00:00+08:00,127.0,309.0,1.6,13.8,0.91,1003.5,-99.0,0.0,-9.9,-99,-999,臺南市,04,南化區,244
23.0816,120.4869,北寮,C0O830,2017-02-25T05:00:00+08:00,127.0,315.0,0.5,13.7,0.93,1003.5,-99.0,0.0,-9.9,-99,-999,臺南市,04,南化區,244
23.0816,120.4869,北寮,C0O830,2017-02-25T06:00:00+08:00,127.0,230.0,0.9,13.4,0.95,1003.2,-99.0,0.0,-9.9,-99,-999,臺南市,04,南化區,244
23.0816,120.4869,北寮,C0O830,2017-02-25T07:00:00+08:00,127.0,291.0,0.6,13.7,0.95,1003.8,-99.0,0.0,-9.9,-99,-999,臺南市,04,南化區,244
23.0816,120.4869,北寮,C0O830,2017-02-25T08:00:00+08:00,127.0,308.0,1.5,14.3,0.92,1004.6,-99.0,0.0,-9.9,-99,-999,臺南市,04,南化區,244
23.0816,120.4869,北寮,C0O830,2017-02-25T10:00:00+08:00,127.0,127.0,0.8,18.1,0.76,1004.2,-99.0,0.0,-9.9,-99,-999,臺南市,04,南化區,244
23.0816,120.4869,北寮,C0O830,2017-02-25T11:00:00+08:00,127.0,299.0,1.5,21.7,0.67,1003.5,-99.0,0.0,-9.9,-99,-999,臺南市,04,南化區,244
23.0816,120.4869,北寮,C0O830,2017-02-25T12:00:00+08:00,127.0,278.0,1.5,22.4,0.66,1002.2,-99.0,0.0,-9.9,-99,-999,臺南市,04,南化區,244
23.0816,120.4869,北寮,C0O830,2017-02-25T13:00:00+08:00,127.0,293.0,2.3,21.6,0.66,1001.6,-99.0,0.0,-9.9,-99,-999,臺南市,04,南化區,244
23.0816,120.4869,北寮,C0O830,2017-02-25T14:00:00+08:00,127.0,280.0,1.6,24.0,0.58,1000.1,-99.0,0.0,-9.9,-99,-999,臺南市,04,南化區,244
23.0816,120.4869,北寮,C0O830,2017-02-25T15:00:00+08:00,127.0,292.0,2.4,23.5,0.60,999.8,-99.0,0.0,-9.9,-99,-999,臺南市,04,南化區,244
23.0816,120.4869,北寮,C0O830,2017-02-25T16:00:00+08:00,127.0,292.0,2.3,21.2,0.66,999.9,-99.0,0.0,-9.9,-99,-999,臺南市,04,南化區,244
23.0816,120.4869,北寮,C0O830,2017-02-25T17:00:00+08:00,127.0,299.0,2.5,19.3,0.73,1000.0,-99.0,0.0,-9.9,-99,-999,臺南市,04,南化區,244
23.0816,120.4869,北寮,C0O830,2017-02-25T18:00:00+08:00,127.0,277.0,1.4,17.8,0.79,1000.8,-99.0,0.0,-9.9,-99,-999,臺南市,04,南化區,244
23.0816,120.4869,北寮,C0O830,2017-02-25T19:00:00+08:00,127.0,286.0,1.2,16.7,0.83,1001.5,-99.0,0.0,-9.9,-99,-999,臺南市,04,南化區,244
23.0816,120.4869,北寮,C0O830,2017-02-25T20:00:00+08:00,127.0,0.0,0.0,16.6,0.83,1001.7,-99.0,0.0,-9.9,-99,-999,臺南市,04,南化區,244
23.0816,120.4869,北寮,C0O830,2017-02-25T21:00:00+08:00,127.0,306.0,1.4,16.3,0.85,1002.2,-99.0,0.0,-9.9,-99,-999,臺南市,04,南化區,244
23.0816,120.4869,北寮,C0O830,2017-02-25T22:00:00+08:00,127.0,0.0,0.0,16.3,0.86,1002.0,-99.0,0.0,-9.9,-99,-999,臺南市,04,南化區,244
23.0816,120.4869,北寮,C0O830,2017-02-25T23:00:00+08:00,127.0,295.0,1.4,15.6,0.89,1002.4,-99.0,0.0,-9.9,-99,-999,臺南市,04,南化區,244
23.0816,120.4869,北寮,C0O830,2017-02-26T00:00:00+08:00,127.0,305.0,1.4,15.0,0.89,1003.0,-99.0,0.0,-9.9,-99,-999,臺南市,04,南化區,244
23.0816,120.4869,北寮,C0O830,2017-02-26T01:00:00+08:00,127.0,274.0,0.6,14.8,0.90,1003.3,-99.0,0.0,-9.9,-99,-999,臺南市,04,南化區,244
23.0816,120.4869,北寮,C0O830,2017-02-26T02:00:00+08:00,127.0,114.0,0.8,15.7,0.89,1001.8,-99.0,0.0,-9.9,-99,-999,臺南市,04,南化區,244
23.0816,120.4869,北寮,C0O830,2017-02-26T03:00:00+08:00,127.0,125.0,0.4,15.7,0.90,1001.6,-99.0,0.0,-9.9,-99,-999,臺南市,04,南化區,244
23.0816,120.4869,北寮,C0O830,2017-02-26T04:00:00+08:00,127.0,305.0,2.0,15.3,0.91,1002.0,-99.0,0.0,-9.9,-99,-999,臺南市,04,南化區,244
23.0816,120.4869,北寮,C0O830,2017-02-26T05:00:00+08:00,127.0,196.0,1.0,14.1,0.94,1002.9,-99.0,0.0,-9.9,-99,-999,臺南市,04,南化區,244
23.0816,120.4869,北寮,C0O830,2017-02-26T06:00:00+08:00,127.0,108.0,1.6,15.3,0.91,1002.7,-99.0,0.0,-9.9,-99,-999,臺南市,04,南化區,244
23.0816,120.4869,北寮,C0O830,2017-02-26T07:00:00+08:00,127.0,298.0,1.1,14.8,0.94,1003.5,-99.0,0.0,-9.9,-99,-999,臺南市,04,南化區,244
23.0816,120.4869,北寮,C0O830,2017-02-26T08:00:00+08:00,127.0,281.0,1.2,14.9,0.92,1004.6,-99.0,0.0,-9.9,-99,-999,臺南市,04,南化區,244
23.0816,120.4869,北寮,C0O830,2017-02-26T10:00:00+08:00,127.0,283.0,1.3,18.3,0.77,1004.8,-99.0,0.0,-9.9,-99,-999,臺南市,04,南化區,244
23.0816,120.4869,北寮,C0O830,2017-02-26T11:00:00+08:00,127.0,280.0,1.7,20.6,0.67,1004.1,-99.0,0.0,-9.9,-99,-999,臺南市,04,南化區,244
23.0816,120.4869,北寮,C0O830,2017-02-26T12:00:00+08:00,127.0,294.0,2.2,21.7,0.63,1003.2,-99.0,0.0,-9.9,-99,-999,臺南市,04,南化區,244
23.0816,120.4869,北寮,C0O830,2017-02-26T13:00:00+08:00,127.0,283.0,3.0,22.5,0.59,1002.1,-99.0,0.0,-9.9,-99,-999,臺南市,04,南化區,244
23.0816,120.4869,北寮,C0O830,2017-02-26T14:00:00+08:00,127.0,290.0,2.3,22.7,0.57,1001.3,-99.0,0.0,-9.9,-99,-999,臺南市,04,南化區,244
23.0816,120.4869,北寮,C0O830,2017-02-26T15:00:00+08:00,127.0,301.0,1.6,23.5,0.56,1000.5,-99.0,0.0,-9.9,-99,-999,臺南市,04,南化區,244
23.0816,120.4869,北寮,C0O830,2017-02-26T16:00:00+08:00,127.0,288.0,2.6,21.9,0.59,1000.9,-99.0,0.0,-9.9,-99,-999,臺南市,04,南化區,244
23.0816,120.4869,北寮,C0O830,2017-02-26T17:00:00+08:00,127.0,294.0,2.4,19.2,0.66,1001.8,-99.0,0.0,-9.9,-99,-999,臺南市,04,南化區,244
23.0816,120.4869,北寮,C0O830,2017-02-26T18:00:00+08:00,127.0,287.0,1.4,16.2,0.77,1002.8,-99.0,0.0,-9.9,-99,-999,臺南市,04,南化區,244
23.0816,120.4869,北寮,C0O830,2017-02-26T19:00:00+08:00,127.0,293.0,0.9,14.9,0.82,1003.3,-99.0,0.0,-9.9,-99,-999,臺南市,04,南化區,244
23.0816,120.4869,北寮,C0O830,2017-02-26T20:00:00+08:00,127.0,297.0,0.9,14.4,0.83,1004.0,-99.0,0.0,-9.9,-99,-999,臺南市,04,南化區,244
23.0816,120.4869,北寮,C0O830,2017-02-26T21:00:00+08:00,127.0,276.0,1.0,13.6,0.86,1004.7,-99.0,0.0,-9.9,-99,-999,臺南市,04,南化區,244
23.0816,120.4869,北寮,C0O830,2017-02-26T22:00:00+08:00,127.0,298.0,0.6,13.4,0.87,1004.8,-99.0,0.0,-9.9,-99,-999,臺南市,04,南化區,244
23.0816,120.4869,北寮,C0O830,2017-02-26T23:00:00+08:00,127.0,278.0,0.9,13.1,0.89,1005.0,-99.0,0.0,-9.9,-99,-999,臺南市,04,南化區,244
23.0816,120.4869,北寮,C0O830,2017-02-27T00:00:00+08:00,127.0,202.0,0.7,13.4,0.87,1004.6,-99.0,0.0,-9.9,-99,-999,臺南市,04,南化區,244
23.0816,120.4869,北寮,C0O830,2017-02-27T01:00:00+08:00,127.0,283.0,0.3,13.4,0.88,1004.1,-99.0,0.0,-9.9,-99,-999,臺南市,04,南化區,244
23.0816,120.4869,北寮,C0O830,2017-02-27T02:00:00+08:00,127.0,281.0,0.3,12.9,0.91,1004.2,-99.0,0.0,-9.9,-99,-999,臺南市,04,南化區,244
23.0816,120.4869,北寮,C0O830,2017-02-27T03:00:00+08:00,127.0,113.0,0.3,12.7,0.94,1003.9,-99.0,0.0,-9.9,-99,-999,臺南市,04,南化區,244
23.0816,120.4869,北寮,C0O830,2017-02-27T05:00:00+08:00,127.0,0.0,0.0,13.6,0.91,1004.6,-99.0,0.0,-9.9,-99,-999,臺南市,04,南化區,244
23.0816,120.4869,北寮,C0O830,2017-02-27T06:00:00+08:00,127.0,0.0,0.0,14.0,0.90,1005.0,-99.0,0.0,-9.9,-99,-999,臺南市,04,南化區,244
23.0816,120.4869,北寮,C0O830,2017-02-27T07:00:00+08:00,127.0,329.0,0.7,14.0,0.89,1005.4,-99.0,0.0,-9.9,-99,-999,臺南市,04,南化區,244
23.0816,120.4869,北寮,C0O830,2017-02-27T08:00:00+08:00,127.0,123.0,0.3,16.0,0.82,1005.5,-99.0,0.0,-9.9,-99,-999,臺南市,04,南化區,244
23.0816,120.4869,北寮,C0O830,2017-02-27T10:00:00+08:00,127.0,285.0,1.9,21.7,0.62,1006.0,-99.0,0.0,-9.9,-99,-999,臺南市,04,南化區,244
23.0816,120.4869,北寮,C0O830,2017-02-27T11:00:00+08:00,127.0,298.0,1.8,21.3,0.62,1005.7,-99.0,0.0,-9.9,-99,-999,臺南市,04,南化區,244
23.0816,120.4869,北寮,C0O830,2017-02-27T12:00:00+08:00,127.0,254.0,1.5,22.4,0.58,1005.3,-99.0,0.0,-9.9,-99,-999,臺南市,04,南化區,244
23.0816,120.4869,北寮,C0O830,2017-02-27T13:00:00+08:00,127.0,256.0,1.5,23.0,0.56,1004.4,-99.0,0.0,-9.9,-99,-999,臺南市,04,南化區,244
23.0816,120.4869,北寮,C0O830,2017-02-27T14:00:00+08:00,127.0,340.0,1.4,22.5,0.57,1003.7,-99.0,0.0,-9.9,-99,-999,臺南市,04,南化區,244
23.0816,120.4869,北寮,C0O830,2017-02-27T15:00:00+08:00,127.0,320.0,1.9,22.6,0.56,1003.5,-99.0,0.0,-9.9,-99,-999,臺南市,04,南化區,244
23.0816,120.4869,北寮,C0O830,2017-02-27T16:00:00+08:00,127.0,319.0,1.4,22.3,0.58,1003.6,-99.0,0.0,-9.9,-99,-999,臺南市,04,南化區,244
23.0816,120.4869,北寮,C0O830,2017-02-27T17:00:00+08:00,127.0,308.0,2.4,20.8,0.62,1004.0,-99.0,0.0,-9.9,-99,-999,臺南市,04,南化區,244
23.0816,120.4869,北寮,C0O830,2017-02-27T18:00:00+08:00,127.0,302.0,2.1,19.0,0.67,1004.4,-99.0,0.0,-9.9,-99,-999,臺南市,04,南化區,244
23.0816,120.4869,北寮,C0O830,2017-02-27T19:00:00+08:00,127.0,297.0,1.1,17.3,0.73,1004.7,-99.0,0.0,-9.9,-99,-999,臺南市,04,南化區,244
23.0816,120.4869,北寮,C0O830,2017-02-27T20:00:00+08:00,127.0,261.0,1.0,16.4,0.77,1005.1,-99.0,0.0,-9.9,-99,-999,臺南市,04,南化區,244
23.0816,120.4869,北寮,C0O830,2017-02-27T21:00:00+08:00,127.0,235.0,0.4,15.5,0.80,1005.6,-99.0,0.0,-9.9,-99,-999,臺南市,04,南化區,244
23.0816,120.4869,北寮,C0O830,2017-02-27T22:00:00+08:00,127.0,128.0,0.7,14.7,0.89,1005.6,-99.0,0.0,-9.9,-99,-999,臺南市,04,南化區,244
23.0816,120.4869,北寮,C0O830,2017-02-28T00:00:00+08:00,127.0,294.0,0.7,14.2,0.89,1005.7,-99.0,0.0,-9.9,-99,-999,臺南市,04,南化區,244
23.0816,120.4869,北寮,C0O830,2017-02-28T01:00:00+08:00,127.0,0.0,0.0,14.0,0.95,1005.2,-99.0,0.0,-9.9,-99,-999,臺南市,04,南化區,244
23.0816,120.4869,北寮,C0O830,2017-02-28T02:00:00+08:00,127.0,209.0,0.4,13.8,0.94,1005.1,-99.0,0.0,-9.9,-99,-999,臺南市,04,南化區,244
23.0816,120.4869,北寮,C0O830,2017-02-28T03:00:00+08:00,127.0,273.0,0.7,13.0,0.98,1005.2,-99.0,0.0,-9.9,-99,-999,臺南市,04,南化區,244
23.0816,120.4869,北寮,C0O830,2017-02-28T04:00:00+08:00,127.0,113.0,0.5,13.4,0.96,1005.6,-99.0,0.0,-9.9,-99,-999,臺南市,04,南化區,244
23.0816,120.4869,北寮,C0O830,2017-02-28T05:00:00+08:00,127.0,114.0,1.1,14.6,0.91,1004.7,-99.0,0.0,-9.9,-99,-999,臺南市,04,南化區,244
23.0816,120.4869,北寮,C0O830,2017-02-28T06:00:00+08:00,127.0,297.0,1.2,13.8,0.94,1005.3,-99.0,0.0,-9.9,-99,-999,臺南市,04,南化區,244
23.0816,120.4869,北寮,C0O830,2017-02-28T07:00:00+08:00,127.0,310.0,1.1,14.0,0.95,1005.8,-99.0,0.0,-9.9,-99,-999,臺南市,04,南化區,244
23.0816,120.4869,北寮,C0O830,2017-02-28T08:00:00+08:00,127.0,0.0,0.2,16.8,0.83,1005.7,-99.0,0.0,-9.9,-99,-999,臺南市,04,南化區,244
23.0816,120.4869,北寮,C0O830,2017-02-28T09:00:00+08:00,127.0,285.0,1.1,19.0,0.71,1005.7,-99.0,0.0,-9.9,-99,-999,臺南市,04,南化區,244
23.0816,120.4869,北寮,C0O830,2017-02-28T10:00:00+08:00,127.0,243.0,1.0,22.7,0.59,1005.2,-99.0,0.0,-9.9,-99,-999,臺南市,04,南化區,244
23.0816,120.4869,北寮,C0O830,2017-02-28T11:00:00+08:00,127.0,279.0,1.4,24.8,0.53,1004.6,-99.0,0.0,-9.9,-99,-999,臺南市,04,南化區,244
23.0816,120.4869,北寮,C0O830,2017-02-28T12:00:00+08:00,127.0,299.0,3.0,23.8,0.54,1003.8,-99.0,0.0,-9.9,-99,-999,臺南市,04,南化區,244
23.0816,120.4869,北寮,C0O830,2017-02-28T13:00:00+08:00,127.0,296.0,2.2,23.9,0.53,1002.9,-99.0,0.0,-9.9,-99,-999,臺南市,04,南化區,244
23.0816,120.4869,北寮,C0O830,2017-02-28T14:00:00+08:00,127.0,290.0,2.0,24.3,0.51,1001.8,-99.0,0.0,-9.9,-99,-999,臺南市,04,南化區,244
23.0816,120.4869,北寮,C0O830,2017-02-28T15:00:00+08:00,127.0,293.0,2.1,24.8,0.49,1000.9,-99.0,0.0,-9.9,-99,-999,臺南市,04,南化區,244
23.0816,120.4869,北寮,C0O830,2017-02-28T16:00:00+08:00,127.0,296.0,3.0,23.0,0.57,1000.6,-99.0,0.0,-9.9,-99,-999,臺南市,04,南化區,244
23.0816,120.4869,北寮,C0O830,2017-02-28T17:00:00+08:00,127.0,298.0,2.0,22.5,0.60,1000.8,-99.0,0.0,-9.9,-99,-999,臺南市,04,南化區,244
23.0816,120.4869,北寮,C0O830,2017-02-28T18:00:00+08:00,127.0,295.0,1.4,21.1,0.66,1001.3,-99.0,0.0,-9.9,-99,-999,臺南市,04,南化區,244
23.0816,120.4869,北寮,C0O830,2017-02-28T19:00:00+08:00,127.0,296.0,2.0,20.3,0.69,1001.7,-99.0,0.0,-9.9,-99,-999,臺南市,04,南化區,244
23.0816,120.4869,北寮,C0O830,2017-02-28T20:00:00+08:00,127.0,306.0,1.9,18.1,0.78,1002.4,-99.0,0.0,-9.9,-99,-999,臺南市,04,南化區,244
23.0816,120.4869,北寮,C0O830,2017-02-28T21:00:00+08:00,127.0,288.0,1.0,17.7,0.81,1002.8,-99.0,0.0,-9.9,-99,-999,臺南市,04,南化區,244
23.0816,120.4869,北寮,C0O830,2017-02-28T22:00:00+08:00,127.0,0.0,0.0,17.1,0.84,1003.2,-99.0,0.0,-9.9,-99,-999,臺南市,04,南化區,244
23.0816,120.4869,北寮,C0O830,2017-02-28T23:00:00+08:00,127.0,0.0,0.1,15.8,0.90,1002.8,-99.0,0.0,-9.9,-99,-999,臺南市,04,南化區,244
