22.0779,120.8288,Âb·},C0R280,2017-02-01T07:00:00+08:00,242.0,58.0,2.0,17.4,-0.99,991.3,-99.0,1.0,-9.9,-99,-999,«ÌªF¿¤,20,º¡¦{¶m,348
22.0779,120.8288,Âb·},C0R280,2017-02-01T02:00:00+08:00,242.0,60.0,2.1,17.4,-0.99,990.5,-99.0,0.0,-9.9,-99,-999,«ÌªF¿¤,20,º¡¦{¶m,348
22.0779,120.8288,Âb·},C0R280,2017-02-01T11:00:00+08:00,242.0,60.0,2.7,19.3,-0.99,991.8,-99.0,2.5,-9.9,-99,-999,«ÌªF¿¤,20,º¡¦{¶m,348
22.0779,120.8288,Âb·},C0R280,2017-02-02T09:00:00+08:00,242.0,56.0,3.9,17.7,-0.99,994.2,-99.0,0.5,-9.9,-99,-999,«ÌªF¿¤,20,º¡¦{¶m,348
22.0779,120.8288,Âb·},C0R280,2017-02-02T08:00:00+08:00,242.0,57.0,3.9,17.0,-0.99,993.6,-99.0,0.5,-9.9,-99,-999,«ÌªF¿¤,20,º¡¦{¶m,348
22.0779,120.8288,Âb·},C0R280,2017-02-02T14:00:00+08:00,242.0,-98.0,-98.0,19.0,-0.99,991.2,-99.0,0.5,-9.9,-99,-999,«ÌªF¿¤,20,º¡¦{¶m,348
22.0779,120.8288,Âb·},C0R280,2017-02-02T15:00:00+08:00,242.0,-98.0,-98.0,18.5,-0.99,991.1,-99.0,0.5,-9.9,-99,-999,«ÌªF¿¤,20,º¡¦{¶m,348
22.0779,120.8288,Âb·},C0R280,2017-02-02T17:00:00+08:00,242.0,-98.0,-98.0,17.1,-0.99,992.1,-99.0,0.5,-9.9,-99,-999,«ÌªF¿¤,20,º¡¦{¶m,348
22.0779,120.8288,Âb·},C0R280,2017-02-02T18:00:00+08:00,242.0,-98.0,-98.0,16.6,-0.99,992.5,-99.0,1.0,-9.9,-99,-999,«ÌªF¿¤,20,º¡¦{¶m,348
22.0779,120.8288,Âb·},C0R280,2017-02-02T19:00:00+08:00,242.0,-98.0,-98.0,16.8,-0.99,992.5,-99.0,1.0,-9.9,-99,-999,«ÌªF¿¤,20,º¡¦{¶m,348
22.0779,120.8288,Âb·},C0R280,2017-02-02T20:00:00+08:00,242.0,-98.0,-98.0,17.2,-0.99,992.9,-99.0,1.0,-9.9,-99,-999,«ÌªF¿¤,20,º¡¦{¶m,348
22.0779,120.8288,Âb·},C0R280,2017-02-02T21:00:00+08:00,242.0,-98.0,-98.0,17.3,-0.99,993.3,-99.0,1.0,-9.9,-99,-999,«ÌªF¿¤,20,º¡¦{¶m,348
22.0779,120.8288,Âb·},C0R280,2017-02-02T22:00:00+08:00,242.0,-98.0,-98.0,16.9,-0.99,993.3,-99.0,1.0,-9.9,-99,-999,«ÌªF¿¤,20,º¡¦{¶m,348
22.0779,120.8288,Âb·},C0R280,2017-02-02T23:00:00+08:00,242.0,-98.0,-98.0,16.9,-0.99,992.5,-99.0,1.0,-9.9,-99,-999,«ÌªF¿¤,20,º¡¦{¶m,348
22.0779,120.8288,Âb·},C0R280,2017-02-03T00:00:00+08:00,242.0,-98.0,-98.0,17.0,-0.99,992.6,-99.0,1.0,-9.9,-99,-999,«ÌªF¿¤,20,º¡¦{¶m,348
22.0779,120.8288,Âb·},C0R280,2017-02-03T01:00:00+08:00,242.0,-98.0,-98.0,17.0,-0.99,992.0,-99.0,0.0,-9.9,-99,-999,«ÌªF¿¤,20,º¡¦{¶m,348
22.0779,120.8288,Âb·},C0R280,2017-02-03T02:00:00+08:00,242.0,-98.0,-98.0,16.9,-0.99,991.7,-99.0,0.0,-9.9,-99,-999,«ÌªF¿¤,20,º¡¦{¶m,348
22.0779,120.8288,Âb·},C0R280,2017-02-03T03:00:00+08:00,242.0,-98.0,-98.0,17.2,-0.99,991.4,-99.0,0.0,-9.9,-99,-999,«ÌªF¿¤,20,º¡¦{¶m,348
22.0779,120.8288,Âb·},C0R280,2017-02-03T04:00:00+08:00,242.0,-98.0,-98.0,17.6,-0.99,991.1,-99.0,0.0,-9.9,-99,-999,«ÌªF¿¤,20,º¡¦{¶m,348
22.0779,120.8288,Âb·},C0R280,2017-02-03T05:00:00+08:00,242.0,-98.0,-98.0,17.5,-0.99,991.1,-99.0,0.0,-9.9,-99,-999,«ÌªF¿¤,20,º¡¦{¶m,348
22.0779,120.8288,Âb·},C0R280,2017-02-03T06:00:00+08:00,242.0,-98.0,-98.0,17.3,-0.99,991.6,-99.0,0.0,-9.9,-99,-999,«ÌªF¿¤,20,º¡¦{¶m,348
22.0779,120.8288,Âb·},C0R280,2017-02-03T07:00:00+08:00,242.0,-98.0,-98.0,17.1,-0.99,991.8,-99.0,0.0,-9.9,-99,-999,«ÌªF¿¤,20,º¡¦{¶m,348
22.0779,120.8288,Âb·},C0R280,2017-02-03T10:00:00+08:00,242.0,-98.0,-98.0,20.0,-0.99,992.6,-99.0,0.0,-9.9,-99,-999,«ÌªF¿¤,20,º¡¦{¶m,348
22.0779,120.8288,Âb·},C0R280,2017-02-03T11:00:00+08:00,242.0,-97.0,-97.0,20.8,-0.99,991.7,-99.0,0.0,-9.9,-99,-999,«ÌªF¿¤,20,º¡¦{¶m,348
22.0779,120.8288,Âb·},C0R280,2017-02-03T12:00:00+08:00,242.0,-97.0,-97.0,21.3,-0.99,990.6,-99.0,0.0,-9.9,-99,-999,«ÌªF¿¤,20,º¡¦{¶m,348
22.0779,120.8288,Âb·},C0R280,2017-02-03T13:00:00+08:00,242.0,-97.0,-97.0,21.5,-0.99,989.4,-99.0,0.0,-9.9,-99,-999,«ÌªF¿¤,20,º¡¦{¶m,348
22.0779,120.8288,Âb·},C0R280,2017-02-03T14:00:00+08:00,242.0,-97.0,-97.0,21.6,-0.99,988.7,-99.0,0.0,-9.9,-99,-999,«ÌªF¿¤,20,º¡¦{¶m,348
22.0779,120.8288,Âb·},C0R280,2017-02-03T16:00:00+08:00,242.0,61.0,2.7,20.3,-0.99,988.7,-99.0,0.0,-9.9,-99,-999,«ÌªF¿¤,20,º¡¦{¶m,348
22.0779,120.8288,Âb·},C0R280,2017-02-03T17:00:00+08:00,242.0,62.0,2.5,20.1,-0.99,989.2,-99.0,0.0,-9.9,-99,-999,«ÌªF¿¤,20,º¡¦{¶m,348
22.0779,120.8288,Âb·},C0R280,2017-02-03T18:00:00+08:00,242.0,61.0,2.1,19.5,-0.99,989.8,-99.0,0.0,-9.9,-99,-999,«ÌªF¿¤,20,º¡¦{¶m,348
22.0779,120.8288,Âb·},C0R280,2017-02-03T20:00:00+08:00,242.0,59.0,2.3,19.5,-0.99,990.8,-99.0,0.0,-9.9,-99,-999,«ÌªF¿¤,20,º¡¦{¶m,348
22.0779,120.8288,Âb·},C0R280,2017-02-03T21:00:00+08:00,242.0,53.0,2.0,19.5,-0.99,990.9,-99.0,0.0,-9.9,-99,-999,«ÌªF¿¤,20,º¡¦{¶m,348
22.0779,120.8288,Âb·},C0R280,2017-02-03T22:00:00+08:00,242.0,58.0,2.2,19.2,-0.99,990.8,-99.0,0.0,-9.9,-99,-999,«ÌªF¿¤,20,º¡¦{¶m,348
22.0779,120.8288,Âb·},C0R280,2017-02-04T00:00:00+08:00,242.0,58.0,2.1,19.0,-0.99,989.9,-99.0,0.0,-9.9,-99,-999,«ÌªF¿¤,20,º¡¦{¶m,348
22.0779,120.8288,Âb·},C0R280,2017-02-04T01:00:00+08:00,242.0,73.0,1.7,18.1,-0.99,989.7,-99.0,0.0,-9.9,-99,-999,«ÌªF¿¤,20,º¡¦{¶m,348
22.0779,120.8288,Âb·},C0R280,2017-02-04T02:00:00+08:00,242.0,59.0,1.7,16.6,-0.99,989.1,-99.0,0.5,-9.9,-99,-999,«ÌªF¿¤,20,º¡¦{¶m,348
22.0779,120.8288,Âb·},C0R280,2017-02-04T03:00:00+08:00,242.0,59.0,1.6,16.8,-0.99,988.5,-99.0,0.5,-9.9,-99,-999,«ÌªF¿¤,20,º¡¦{¶m,348
22.0779,120.8288,Âb·},C0R280,2017-02-04T04:00:00+08:00,242.0,61.0,1.7,17.0,-0.99,988.0,-99.0,0.5,-9.9,-99,-999,«ÌªF¿¤,20,º¡¦{¶m,348
22.0779,120.8288,Âb·},C0R280,2017-02-04T06:00:00+08:00,242.0,64.0,0.3,16.4,-0.99,988.8,-99.0,1.0,-9.9,-99,-999,«ÌªF¿¤,20,º¡¦{¶m,348
22.0779,120.8288,Âb·},C0R280,2017-02-04T07:00:00+08:00,242.0,62.0,1.1,16.7,-0.99,988.8,-99.0,1.0,-9.9,-99,-999,«ÌªF¿¤,20,º¡¦{¶m,348
22.0779,120.8288,Âb·},C0R280,2017-02-04T08:00:00+08:00,242.0,61.0,1.6,17.6,-0.99,989.2,-99.0,1.5,-9.9,-99,-999,«ÌªF¿¤,20,º¡¦{¶m,348
22.0779,120.8288,Âb·},C0R280,2017-02-04T10:00:00+08:00,242.0,57.0,1.0,18.3,-0.99,989.6,-99.0,2.0,-9.9,-99,-999,«ÌªF¿¤,20,º¡¦{¶m,348
22.0779,120.8288,Âb·},C0R280,2017-02-04T11:00:00+08:00,242.0,59.0,0.9,20.3,-0.99,988.9,-99.0,2.0,-9.9,-99,-999,«ÌªF¿¤,20,º¡¦{¶m,348
22.0779,120.8288,Âb·},C0R280,2017-02-04T12:00:00+08:00,242.0,65.0,1.3,20.8,-0.99,987.5,-99.0,2.0,-9.9,-99,-999,«ÌªF¿¤,20,º¡¦{¶m,348
22.0779,120.8288,Âb·},C0R280,2017-02-04T13:00:00+08:00,242.0,56.0,1.1,20.8,-0.99,986.1,-99.0,2.0,-9.9,-99,-999,«ÌªF¿¤,20,º¡¦{¶m,348
22.0779,120.8288,Âb·},C0R280,2017-02-04T14:00:00+08:00,242.0,61.0,1.7,20.8,-0.99,984.9,-99.0,2.0,-9.9,-99,-999,«ÌªF¿¤,20,º¡¦{¶m,348
22.0779,120.8288,Âb·},C0R280,2017-02-04T15:00:00+08:00,242.0,61.0,2.1,20.5,-0.99,984.7,-99.0,2.0,-9.9,-99,-999,«ÌªF¿¤,20,º¡¦{¶m,348
22.0779,120.8288,Âb·},C0R280,2017-02-04T17:00:00+08:00,242.0,62.0,1.7,19.3,-0.99,985.4,-99.0,2.0,-9.9,-99,-999,«ÌªF¿¤,20,º¡¦{¶m,348
22.0779,120.8288,Âb·},C0R280,2017-02-04T18:00:00+08:00,242.0,61.0,1.8,18.7,-0.99,985.4,-99.0,2.0,-9.9,-99,-999,«ÌªF¿¤,20,º¡¦{¶m,348
22.0779,120.8288,Âb·},C0R280,2017-02-04T19:00:00+08:00,242.0,59.0,1.3,18.6,-0.99,985.7,-99.0,2.0,-9.9,-99,-999,«ÌªF¿¤,20,º¡¦{¶m,348
22.0779,120.8288,Âb·},C0R280,2017-02-04T20:00:00+08:00,242.0,56.0,1.4,18.7,-0.99,986.4,-99.0,2.0,-9.9,-99,-999,«ÌªF¿¤,20,º¡¦{¶m,348
22.0779,120.8288,Âb·},C0R280,2017-02-04T21:00:00+08:00,242.0,53.0,1.1,18.9,-0.99,986.2,-99.0,2.0,-9.9,-99,-999,«ÌªF¿¤,20,º¡¦{¶m,348
22.0779,120.8288,Âb·},C0R280,2017-02-04T23:00:00+08:00,242.0,62.0,0.9,18.5,-0.99,986.2,-99.0,2.0,-9.9,-99,-999,«ÌªF¿¤,20,º¡¦{¶m,348
22.0779,120.8288,Âb·},C0R280,2017-02-05T00:00:00+08:00,242.0,58.0,1.1,18.4,-0.99,985.7,-99.0,2.5,-9.9,-99,-999,«ÌªF¿¤,20,º¡¦{¶m,348
22.0779,120.8288,Âb·},C0R280,2017-02-05T01:00:00+08:00,242.0,60.0,0.7,18.2,-0.99,985.5,-99.0,0.0,-9.9,-99,-999,«ÌªF¿¤,20,º¡¦{¶m,348
22.0779,120.8288,Âb·},C0R280,2017-02-05T02:00:00+08:00,242.0,75.0,0.6,17.8,-0.99,984.7,-99.0,0.0,-9.9,-99,-999,«ÌªF¿¤,20,º¡¦{¶m,348
22.0779,120.8288,Âb·},C0R280,2017-02-05T03:00:00+08:00,242.0,73.0,1.0,17.8,-0.99,983.9,-99.0,0.0,-9.9,-99,-999,«ÌªF¿¤,20,º¡¦{¶m,348
22.0779,120.8288,Âb·},C0R280,2017-02-05T04:00:00+08:00,242.0,71.0,0.9,17.8,-0.99,983.8,-99.0,0.0,-9.9,-99,-999,«ÌªF¿¤,20,º¡¦{¶m,348
22.0779,120.8288,Âb·},C0R280,2017-02-05T05:00:00+08:00,242.0,60.0,1.1,18.1,-0.99,983.7,-99.0,0.5,-9.9,-99,-999,«ÌªF¿¤,20,º¡¦{¶m,348
22.0779,120.8288,Âb·},C0R280,2017-02-05T07:00:00+08:00,242.0,74.0,0.6,17.8,-0.99,984.8,-99.0,0.5,-9.9,-99,-999,«ÌªF¿¤,20,º¡¦{¶m,348
22.0779,120.8288,Âb·},C0R280,2017-02-05T08:00:00+08:00,242.0,58.0,0.7,19.3,-0.99,985.4,-99.0,0.5,-9.9,-99,-999,«ÌªF¿¤,20,º¡¦{¶m,348
22.0779,120.8288,Âb·},C0R280,2017-02-05T10:00:00+08:00,242.0,64.0,1.5,21.6,-0.99,985.9,-99.0,0.5,-9.9,-99,-999,«ÌªF¿¤,20,º¡¦{¶m,348
22.0779,120.8288,Âb·},C0R280,2017-02-05T11:00:00+08:00,242.0,57.0,1.4,23.8,-0.99,985.6,-99.0,0.5,-9.9,-99,-999,«ÌªF¿¤,20,º¡¦{¶m,348
22.0779,120.8288,Âb·},C0R280,2017-02-05T12:00:00+08:00,242.0,64.0,1.8,22.5,-0.99,985.0,-99.0,0.5,-9.9,-99,-999,«ÌªF¿¤,20,º¡¦{¶m,348
22.0779,120.8288,Âb·},C0R280,2017-02-05T13:00:00+08:00,242.0,62.0,1.6,22.5,-0.99,983.9,-99.0,0.5,-9.9,-99,-999,«ÌªF¿¤,20,º¡¦{¶m,348
22.0779,120.8288,Âb·},C0R280,2017-02-05T14:00:00+08:00,242.0,64.0,1.0,21.5,-0.99,983.5,-99.0,0.5,-9.9,-99,-999,«ÌªF¿¤,20,º¡¦{¶m,348
22.0779,120.8288,Âb·},C0R280,2017-02-05T15:00:00+08:00,242.0,58.0,2.1,20.8,-0.99,983.0,-99.0,0.5,-9.9,-99,-999,«ÌªF¿¤,20,º¡¦{¶m,348
22.0779,120.8288,Âb·},C0R280,2017-02-05T16:00:00+08:00,242.0,58.0,2.6,20.7,-0.99,982.5,-99.0,0.5,-9.9,-99,-999,«ÌªF¿¤,20,º¡¦{¶m,348
22.0779,120.8288,Âb·},C0R280,2017-02-05T17:00:00+08:00,242.0,60.0,2.9,20.4,-0.99,982.9,-99.0,0.5,-9.9,-99,-999,«ÌªF¿¤,20,º¡¦{¶m,348
22.0779,120.8288,Âb·},C0R280,2017-02-05T18:00:00+08:00,242.0,58.0,2.3,20.3,-0.99,983.8,-99.0,0.5,-9.9,-99,-999,«ÌªF¿¤,20,º¡¦{¶m,348
22.0779,120.8288,Âb·},C0R280,2017-02-05T19:00:00+08:00,242.0,58.0,3.2,20.4,-0.99,983.8,-99.0,0.5,-9.9,-99,-999,«ÌªF¿¤,20,º¡¦{¶m,348
22.0779,120.8288,Âb·},C0R280,2017-02-05T20:00:00+08:00,242.0,60.0,4.2,20.4,-0.99,984.3,-99.0,0.5,-9.9,-99,-999,«ÌªF¿¤,20,º¡¦{¶m,348
22.0779,120.8288,Âb·},C0R280,2017-02-05T22:00:00+08:00,242.0,62.0,4.8,20.4,-0.99,984.6,-99.0,0.5,-9.9,-99,-999,«ÌªF¿¤,20,º¡¦{¶m,348
22.0779,120.8288,Âb·},C0R280,2017-02-05T23:00:00+08:00,242.0,59.0,4.4,19.8,-0.99,984.5,-99.0,0.5,-9.9,-99,-999,«ÌªF¿¤,20,º¡¦{¶m,348
22.0779,120.8288,Âb·},C0R280,2017-02-06T00:00:00+08:00,242.0,59.0,4.7,19.9,-0.99,984.5,-99.0,0.5,-9.9,-99,-999,«ÌªF¿¤,20,º¡¦{¶m,348
22.0779,120.8288,Âb·},C0R280,2017-02-06T03:00:00+08:00,242.0,58.0,3.1,18.7,-0.99,983.9,-99.0,0.0,-9.9,-99,-999,«ÌªF¿¤,20,º¡¦{¶m,348
22.0779,120.8288,Âb·},C0R280,2017-02-06T04:00:00+08:00,242.0,58.0,4.7,18.9,-0.99,983.7,-99.0,0.0,-9.9,-99,-999,«ÌªF¿¤,20,º¡¦{¶m,348
22.0779,120.8288,Âb·},C0R280,2017-02-06T05:00:00+08:00,242.0,61.0,4.4,19.1,-0.99,984.2,-99.0,0.0,-9.9,-99,-999,«ÌªF¿¤,20,º¡¦{¶m,348
22.0779,120.8288,Âb·},C0R280,2017-02-06T06:00:00+08:00,242.0,58.0,4.3,19.0,-0.99,984.8,-99.0,0.0,-9.9,-99,-999,«ÌªF¿¤,20,º¡¦{¶m,348
22.0779,120.8288,Âb·},C0R280,2017-02-06T07:00:00+08:00,242.0,59.0,4.4,19.1,-0.99,985.9,-99.0,0.0,-9.9,-99,-999,«ÌªF¿¤,20,º¡¦{¶m,348
22.0779,120.8288,Âb·},C0R280,2017-02-06T10:00:00+08:00,242.0,59.0,4.2,20.3,-0.99,987.7,-99.0,0.0,-9.9,-99,-999,«ÌªF¿¤,20,º¡¦{¶m,348
22.0779,120.8288,Âb·},C0R280,2017-02-06T11:00:00+08:00,242.0,62.0,5.0,19.9,-0.99,987.6,-99.0,0.0,-9.9,-99,-999,«ÌªF¿¤,20,º¡¦{¶m,348
22.0779,120.8288,Âb·},C0R280,2017-02-06T12:00:00+08:00,242.0,60.0,4.8,19.8,-0.99,987.1,-99.0,0.0,-9.9,-99,-999,«ÌªF¿¤,20,º¡¦{¶m,348
22.0779,120.8288,Âb·},C0R280,2017-02-06T13:00:00+08:00,242.0,61.0,4.6,20.4,-0.99,986.2,-99.0,0.0,-9.9,-99,-999,«ÌªF¿¤,20,º¡¦{¶m,348
22.0779,120.8288,Âb·},C0R280,2017-02-06T14:00:00+08:00,242.0,64.0,4.0,20.4,-0.99,985.7,-99.0,0.0,-9.9,-99,-999,«ÌªF¿¤,20,º¡¦{¶m,348
22.0779,120.8288,Âb·},C0R280,2017-02-06T16:00:00+08:00,242.0,58.0,4.5,19.1,-0.99,986.0,-99.0,0.0,-9.9,-99,-999,«ÌªF¿¤,20,º¡¦{¶m,348
22.0779,120.8288,Âb·},C0R280,2017-02-06T17:00:00+08:00,242.0,56.0,4.3,18.7,-0.99,986.5,-99.0,0.0,-9.9,-99,-999,«ÌªF¿¤,20,º¡¦{¶m,348
22.0779,120.8288,Âb·},C0R280,2017-02-06T18:00:00+08:00,242.0,61.0,4.9,18.5,-0.99,987.0,-99.0,0.0,-9.9,-99,-999,«ÌªF¿¤,20,º¡¦{¶m,348
22.0779,120.8288,Âb·},C0R280,2017-02-06T19:00:00+08:00,242.0,58.0,3.9,18.3,-0.99,987.6,-99.0,0.0,-9.9,-99,-999,«ÌªF¿¤,20,º¡¦{¶m,348
22.0779,120.8288,Âb·},C0R280,2017-02-06T22:00:00+08:00,242.0,64.0,5.2,18.0,-0.99,988.3,-99.0,0.0,-9.9,-99,-999,«ÌªF¿¤,20,º¡¦{¶m,348
22.0779,120.8288,Âb·},C0R280,2017-02-07T01:00:00+08:00,242.0,57.0,4.8,17.7,-0.99,988.1,-99.0,0.0,-9.9,-99,-999,«ÌªF¿¤,20,º¡¦{¶m,348
22.0779,120.8288,Âb·},C0R280,2017-02-07T02:00:00+08:00,242.0,59.0,4.1,17.6,-0.99,987.9,-99.0,0.0,-9.9,-99,-999,«ÌªF¿¤,20,º¡¦{¶m,348
22.0779,120.8288,Âb·},C0R280,2017-02-07T03:00:00+08:00,242.0,62.0,3.9,17.4,-0.99,987.6,-99.0,0.0,-9.9,-99,-999,«ÌªF¿¤,20,º¡¦{¶m,348
22.0779,120.8288,Âb·},C0R280,2017-02-07T04:00:00+08:00,242.0,57.0,3.7,17.4,-0.99,987.6,-99.0,0.0,-9.9,-99,-999,«ÌªF¿¤,20,º¡¦{¶m,348
22.0779,120.8288,Âb·},C0R280,2017-02-07T05:00:00+08:00,242.0,58.0,4.1,17.4,-0.99,987.8,-99.0,0.0,-9.9,-99,-999,«ÌªF¿¤,20,º¡¦{¶m,348
22.0779,120.8288,Âb·},C0R280,2017-02-07T06:00:00+08:00,242.0,60.0,4.3,17.5,-0.99,988.5,-99.0,0.0,-9.9,-99,-999,«ÌªF¿¤,20,º¡¦{¶m,348
22.0779,120.8288,Âb·},C0R280,2017-02-07T07:00:00+08:00,242.0,60.0,3.8,17.5,-0.99,989.2,-99.0,0.0,-9.9,-99,-999,«ÌªF¿¤,20,º¡¦{¶m,348
22.0779,120.8288,Âb·},C0R280,2017-02-07T08:00:00+08:00,242.0,62.0,4.1,17.5,-0.99,989.5,-99.0,0.0,-9.9,-99,-999,«ÌªF¿¤,20,º¡¦{¶m,348
22.0779,120.8288,Âb·},C0R280,2017-02-07T10:00:00+08:00,242.0,56.0,4.2,19.5,-0.99,989.2,-99.0,0.0,-9.9,-99,-999,«ÌªF¿¤,20,º¡¦{¶m,348
22.0779,120.8288,Âb·},C0R280,2017-02-07T11:00:00+08:00,242.0,60.0,3.9,20.3,-0.99,989.1,-99.0,0.0,-9.9,-99,-999,«ÌªF¿¤,20,º¡¦{¶m,348
22.0779,120.8288,Âb·},C0R280,2017-02-07T13:00:00+08:00,242.0,59.0,3.5,20.9,-0.99,987.4,-99.0,0.0,-9.9,-99,-999,«ÌªF¿¤,20,º¡¦{¶m,348
22.0779,120.8288,Âb·},C0R280,2017-02-07T14:00:00+08:00,242.0,60.0,2.8,21.1,-0.99,987.0,-99.0,0.0,-9.9,-99,-999,«ÌªF¿¤,20,º¡¦{¶m,348
22.0779,120.8288,Âb·},C0R280,2017-02-07T15:00:00+08:00,242.0,56.0,3.0,20.1,-0.99,986.9,-99.0,0.0,-9.9,-99,-999,«ÌªF¿¤,20,º¡¦{¶m,348
22.0779,120.8288,Âb·},C0R280,2017-02-07T16:00:00+08:00,242.0,59.0,2.9,19.5,-0.99,986.7,-99.0,0.0,-9.9,-99,-999,«ÌªF¿¤,20,º¡¦{¶m,348
22.0779,120.8288,Âb·},C0R280,2017-02-07T17:00:00+08:00,242.0,53.0,3.0,18.8,-0.99,986.8,-99.0,0.0,-9.9,-99,-999,«ÌªF¿¤,20,º¡¦{¶m,348
22.0779,120.8288,Âb·},C0R280,2017-02-07T18:00:00+08:00,242.0,60.0,3.3,18.6,-0.99,987.2,-99.0,0.0,-9.9,-99,-999,«ÌªF¿¤,20,º¡¦{¶m,348
22.0779,120.8288,Âb·},C0R280,2017-02-07T19:00:00+08:00,242.0,58.0,2.9,18.4,-0.99,987.5,-99.0,0.0,-9.9,-99,-999,«ÌªF¿¤,20,º¡¦{¶m,348
22.0779,120.8288,Âb·},C0R280,2017-02-07T20:00:00+08:00,242.0,58.0,3.3,18.3,-0.99,987.9,-99.0,0.0,-9.9,-99,-999,«ÌªF¿¤,20,º¡¦{¶m,348
22.0779,120.8288,Âb·},C0R280,2017-02-07T21:00:00+08:00,242.0,56.0,3.5,18.4,-0.99,988.1,-99.0,0.0,-9.9,-99,-999,«ÌªF¿¤,20,º¡¦{¶m,348
22.0779,120.8288,Âb·},C0R280,2017-02-07T22:00:00+08:00,242.0,61.0,2.8,18.1,-0.99,988.2,-99.0,0.0,-9.9,-99,-999,«ÌªF¿¤,20,º¡¦{¶m,348
22.0779,120.8288,Âb·},C0R280,2017-02-07T23:00:00+08:00,242.0,58.0,2.3,17.7,-0.99,987.8,-99.0,0.0,-9.9,-99,-999,«ÌªF¿¤,20,º¡¦{¶m,348
22.0779,120.8288,Âb·},C0R280,2017-02-08T00:00:00+08:00,242.0,57.0,2.6,17.9,-0.99,987.8,-99.0,0.0,-9.9,-99,-999,«ÌªF¿¤,20,º¡¦{¶m,348
22.0779,120.8288,Âb·},C0R280,2017-02-08T02:00:00+08:00,242.0,60.0,1.5,17.1,-0.99,987.2,-99.0,0.0,-9.9,-99,-999,«ÌªF¿¤,20,º¡¦{¶m,348
22.0779,120.8288,Âb·},C0R280,2017-02-08T07:00:00+08:00,242.0,65.0,0.4,14.9,-0.99,987.3,-99.0,0.0,-9.9,-99,-999,«ÌªF¿¤,20,º¡¦{¶m,348
22.0779,120.8288,Âb·},C0R280,2017-02-08T08:00:00+08:00,242.0,63.0,0.6,16.4,-0.99,987.8,-99.0,0.0,-9.9,-99,-999,«ÌªF¿¤,20,º¡¦{¶m,348
22.0779,120.8288,Âb·},C0R280,2017-02-08T10:00:00+08:00,242.0,56.0,1.6,22.0,-0.99,988.1,-99.0,0.0,-9.9,-99,-999,«ÌªF¿¤,20,º¡¦{¶m,348
22.0779,120.8288,Âb·},C0R280,2017-02-08T11:00:00+08:00,242.0,57.0,1.6,23.1,-0.99,987.5,-99.0,0.0,-9.9,-99,-999,«ÌªF¿¤,20,º¡¦{¶m,348
22.0779,120.8288,Âb·},C0R280,2017-02-08T12:00:00+08:00,242.0,54.0,0.9,23.7,-0.99,987.0,-99.0,0.0,-9.9,-99,-999,«ÌªF¿¤,20,º¡¦{¶m,348
22.0779,120.8288,Âb·},C0R280,2017-02-08T13:00:00+08:00,242.0,44.0,0.5,22.4,-0.99,986.3,-99.0,0.0,-9.9,-99,-999,«ÌªF¿¤,20,º¡¦{¶m,348
22.0779,120.8288,Âb·},C0R280,2017-02-08T14:00:00+08:00,242.0,0.0,0.2,23.2,-0.99,985.3,-99.0,0.0,-9.9,-99,-999,«ÌªF¿¤,20,º¡¦{¶m,348
22.0779,120.8288,Âb·},C0R280,2017-02-08T16:00:00+08:00,242.0,0.0,0.1,20.6,-0.99,984.9,-99.0,0.0,-9.9,-99,-999,«ÌªF¿¤,20,º¡¦{¶m,348
22.0779,120.8288,Âb·},C0R280,2017-02-08T18:00:00+08:00,242.0,0.0,0.2,17.8,-0.99,985.0,-99.0,0.0,-9.9,-99,-999,«ÌªF¿¤,20,º¡¦{¶m,348
22.0779,120.8288,Âb·},C0R280,2017-02-08T19:00:00+08:00,242.0,0.0,0.2,17.1,-0.99,985.6,-99.0,0.0,-9.9,-99,-999,«ÌªF¿¤,20,º¡¦{¶m,348
22.0779,120.8288,Âb·},C0R280,2017-02-08T20:00:00+08:00,242.0,69.0,0.7,17.2,-0.99,986.0,-99.0,0.0,-9.9,-99,-999,«ÌªF¿¤,20,º¡¦{¶m,348
22.0779,120.8288,Âb·},C0R280,2017-02-08T21:00:00+08:00,242.0,88.0,0.9,16.7,-0.99,986.6,-99.0,0.0,-9.9,-99,-999,«ÌªF¿¤,20,º¡¦{¶m,348
22.0779,120.8288,Âb·},C0R280,2017-02-08T22:00:00+08:00,242.0,0.0,0.0,16.6,-0.99,986.8,-99.0,0.0,-9.9,-99,-999,«ÌªF¿¤,20,º¡¦{¶m,348
22.0779,120.8288,Âb·},C0R280,2017-02-08T23:00:00+08:00,242.0,90.0,0.5,16.7,-0.99,986.7,-99.0,0.0,-9.9,-99,-999,«ÌªF¿¤,20,º¡¦{¶m,348
22.0779,120.8288,Âb·},C0R280,2017-02-09T00:00:00+08:00,242.0,0.0,0.1,16.4,-0.99,986.8,-99.0,0.0,-9.9,-99,-999,«ÌªF¿¤,20,º¡¦{¶m,348
22.0779,120.8288,Âb·},C0R280,2017-02-09T03:00:00+08:00,242.0,86.0,0.7,15.3,-0.99,985.9,-99.0,0.0,-9.9,-99,-999,«ÌªF¿¤,20,º¡¦{¶m,348
22.0779,120.8288,Âb·},C0R280,2017-02-09T04:00:00+08:00,242.0,75.0,0.6,16.6,-0.99,985.9,-99.0,0.0,-9.9,-99,-999,«ÌªF¿¤,20,º¡¦{¶m,348
22.0779,120.8288,Âb·},C0R280,2017-02-09T05:00:00+08:00,242.0,0.0,0.1,16.6,-0.99,986.1,-99.0,0.0,-9.9,-99,-999,«ÌªF¿¤,20,º¡¦{¶m,348
22.0779,120.8288,Âb·},C0R280,2017-02-09T06:00:00+08:00,242.0,69.0,0.9,16.3,-0.99,986.9,-99.0,0.0,-9.9,-99,-999,«ÌªF¿¤,20,º¡¦{¶m,348
22.0779,120.8288,Âb·},C0R280,2017-02-09T07:00:00+08:00,242.0,63.0,2.0,17.4,-0.99,987.6,-99.0,0.0,-9.9,-99,-999,«ÌªF¿¤,20,º¡¦{¶m,348
22.0779,120.8288,Âb·},C0R280,2017-02-09T08:00:00+08:00,242.0,64.0,3.0,16.7,-0.99,988.0,-99.0,0.5,-9.9,-99,-999,«ÌªF¿¤,20,º¡¦{¶m,348
22.0779,120.8288,Âb·},C0R280,2017-02-09T10:00:00+08:00,242.0,55.0,2.5,15.9,-0.99,989.2,-99.0,2.0,-9.9,-99,-999,«ÌªF¿¤,20,º¡¦{¶m,348
22.0779,120.8288,Âb·},C0R280,2017-02-09T11:00:00+08:00,242.0,58.0,2.5,16.7,-0.99,988.6,-99.0,2.0,-9.9,-99,-999,«ÌªF¿¤,20,º¡¦{¶m,348
22.0779,120.8288,Âb·},C0R280,2017-02-09T12:00:00+08:00,242.0,56.0,1.9,16.5,-0.99,988.0,-99.0,2.0,-9.9,-99,-999,«ÌªF¿¤,20,º¡¦{¶m,348
22.0779,120.8288,Âb·},C0R280,2017-02-09T13:00:00+08:00,242.0,59.0,2.3,15.9,-0.99,987.1,-99.0,2.0,-9.9,-99,-999,«ÌªF¿¤,20,º¡¦{¶m,348
22.0779,120.8288,Âb·},C0R280,2017-02-09T15:00:00+08:00,242.0,55.0,1.7,14.9,-0.99,986.2,-99.0,3.0,-9.9,-99,-999,«ÌªF¿¤,20,º¡¦{¶m,348
22.0779,120.8288,Âb·},C0R280,2017-02-09T16:00:00+08:00,242.0,61.0,2.7,14.5,-0.99,986.6,-99.0,4.0,-9.9,-99,-999,«ÌªF¿¤,20,º¡¦{¶m,348
22.0779,120.8288,Âb·},C0R280,2017-02-09T17:00:00+08:00,242.0,58.0,1.9,14.4,-0.99,987.5,-99.0,4.0,-9.9,-99,-999,«ÌªF¿¤,20,º¡¦{¶m,348
22.0779,120.8288,Âb·},C0R280,2017-02-09T18:00:00+08:00,242.0,59.0,2.3,14.4,-0.99,987.7,-99.0,5.0,-9.9,-99,-999,«ÌªF¿¤,20,º¡¦{¶m,348
22.0779,120.8288,Âb·},C0R280,2017-02-09T19:00:00+08:00,242.0,61.0,3.5,14.1,-0.99,988.0,-99.0,6.0,-9.9,-99,-999,«ÌªF¿¤,20,º¡¦{¶m,348
22.0779,120.8288,Âb·},C0R280,2017-02-09T20:00:00+08:00,242.0,58.0,2.8,14.0,-0.99,988.3,-99.0,6.5,-9.9,-99,-999,«ÌªF¿¤,20,º¡¦{¶m,348
22.0779,120.8288,Âb·},C0R280,2017-02-09T21:00:00+08:00,242.0,62.0,3.6,13.7,-0.99,989.1,-99.0,7.0,-9.9,-99,-999,«ÌªF¿¤,20,º¡¦{¶m,348
22.0779,120.8288,Âb·},C0R280,2017-02-09T22:00:00+08:00,242.0,60.0,3.4,13.5,-0.99,989.4,-99.0,7.0,-9.9,-99,-999,«ÌªF¿¤,20,º¡¦{¶m,348
22.0779,120.8288,Âb·},C0R280,2017-02-09T23:00:00+08:00,242.0,59.0,3.1,13.3,-0.99,989.7,-99.0,7.0,-9.9,-99,-999,«ÌªF¿¤,20,º¡¦{¶m,348
22.0779,120.8288,Âb·},C0R280,2017-02-10T00:00:00+08:00,242.0,63.0,3.0,13.1,-0.99,989.6,-99.0,7.5,-9.9,-99,-999,«ÌªF¿¤,20,º¡¦{¶m,348
22.0779,120.8288,Âb·},C0R280,2017-02-10T01:00:00+08:00,242.0,60.0,3.6,13.2,-0.99,989.5,-99.0,0.0,-9.9,-99,-999,«ÌªF¿¤,20,º¡¦{¶m,348
22.0779,120.8288,Âb·},C0R280,2017-02-10T02:00:00+08:00,242.0,60.0,3.2,13.2,-0.99,989.4,-99.0,0.0,-9.9,-99,-999,«ÌªF¿¤,20,º¡¦{¶m,348
22.0779,120.8288,Âb·},C0R280,2017-02-10T04:00:00+08:00,242.0,57.0,2.9,13.3,-0.99,989.6,-99.0,0.0,-9.9,-99,-999,«ÌªF¿¤,20,º¡¦{¶m,348
22.0779,120.8288,Âb·},C0R280,2017-02-10T06:00:00+08:00,242.0,60.0,3.5,13.3,-0.99,990.2,-99.0,0.0,-9.9,-99,-999,«ÌªF¿¤,20,º¡¦{¶m,348
22.0779,120.8288,Âb·},C0R280,2017-02-10T08:00:00+08:00,242.0,61.0,3.9,13.6,-0.99,991.3,-99.0,0.0,-9.9,-99,-999,«ÌªF¿¤,20,º¡¦{¶m,348
22.0779,120.8288,Âb·},C0R280,2017-02-10T13:00:00+08:00,242.0,60.0,3.0,14.3,-0.99,990.9,-99.0,0.0,-9.9,-99,-999,«ÌªF¿¤,20,º¡¦{¶m,348
22.0779,120.8288,Âb·},C0R280,2017-02-10T14:00:00+08:00,242.0,61.0,3.2,14.7,-0.99,990.1,-99.0,0.0,-9.9,-99,-999,«ÌªF¿¤,20,º¡¦{¶m,348
22.0779,120.8288,Âb·},C0R280,2017-02-10T16:00:00+08:00,242.0,60.0,2.8,14.0,-0.99,990.3,-99.0,0.0,-9.9,-99,-999,«ÌªF¿¤,20,º¡¦{¶m,348
22.0779,120.8288,Âb·},C0R280,2017-02-10T18:00:00+08:00,242.0,56.0,3.3,13.6,-0.99,991.3,-99.0,0.0,-9.9,-99,-999,«ÌªF¿¤,20,º¡¦{¶m,348
22.0779,120.8288,Âb·},C0R280,2017-02-10T19:00:00+08:00,242.0,62.0,3.3,13.7,-0.99,992.0,-99.0,0.0,-9.9,-99,-999,«ÌªF¿¤,20,º¡¦{¶m,348
22.0779,120.8288,Âb·},C0R280,2017-02-10T20:00:00+08:00,242.0,60.0,3.8,13.5,-0.99,992.3,-99.0,0.0,-9.9,-99,-999,«ÌªF¿¤,20,º¡¦{¶m,348
22.0779,120.8288,Âb·},C0R280,2017-02-10T21:00:00+08:00,242.0,57.0,3.7,13.6,-0.99,993.2,-99.0,0.0,-9.9,-99,-999,«ÌªF¿¤,20,º¡¦{¶m,348
22.0779,120.8288,Âb·},C0R280,2017-02-10T22:00:00+08:00,242.0,64.0,3.5,12.6,-0.99,993.3,-99.0,0.0,-9.9,-99,-999,«ÌªF¿¤,20,º¡¦{¶m,348
22.0779,120.8288,Âb·},C0R280,2017-02-10T23:00:00+08:00,242.0,61.0,4.2,12.9,-0.99,993.3,-99.0,0.0,-9.9,-99,-999,«ÌªF¿¤,20,º¡¦{¶m,348
22.0779,120.8288,Âb·},C0R280,2017-02-11T00:00:00+08:00,242.0,61.0,3.7,12.9,-0.99,993.0,-99.0,0.0,-9.9,-99,-999,«ÌªF¿¤,20,º¡¦{¶m,348
22.0779,120.8288,Âb·},C0R280,2017-02-11T01:00:00+08:00,242.0,62.0,4.1,13.1,-0.99,993.3,-99.0,0.0,-9.9,-99,-999,«ÌªF¿¤,20,º¡¦{¶m,348
22.0779,120.8288,Âb·},C0R280,2017-02-11T03:00:00+08:00,242.0,61.0,4.7,13.2,-0.99,992.8,-99.0,0.0,-9.9,-99,-999,«ÌªF¿¤,20,º¡¦{¶m,348
22.0779,120.8288,Âb·},C0R280,2017-02-11T05:00:00+08:00,242.0,59.0,3.9,12.7,-0.99,993.2,-99.0,0.0,-9.9,-99,-999,«ÌªF¿¤,20,º¡¦{¶m,348
22.0779,120.8288,Âb·},C0R280,2017-02-11T06:00:00+08:00,242.0,57.0,4.4,12.7,-0.99,994.1,-99.0,0.0,-9.9,-99,-999,«ÌªF¿¤,20,º¡¦{¶m,348
22.0779,120.8288,Âb·},C0R280,2017-02-11T07:00:00+08:00,242.0,61.0,4.2,12.7,-0.99,994.8,-99.0,0.0,-9.9,-99,-999,«ÌªF¿¤,20,º¡¦{¶m,348
22.0779,120.8288,Âb·},C0R280,2017-02-11T09:00:00+08:00,242.0,62.0,3.4,13.0,-0.99,996.3,-99.0,0.0,-9.9,-99,-999,«ÌªF¿¤,20,º¡¦{¶m,348
22.0779,120.8288,Âb·},C0R280,2017-02-11T10:00:00+08:00,242.0,65.0,4.4,13.8,-0.99,996.2,-99.0,0.0,-9.9,-99,-999,«ÌªF¿¤,20,º¡¦{¶m,348
22.0779,120.8288,Âb·},C0R280,2017-02-11T11:00:00+08:00,242.0,64.0,4.2,13.9,-0.99,995.8,-99.0,0.0,-9.9,-99,-999,«ÌªF¿¤,20,º¡¦{¶m,348
22.0779,120.8288,Âb·},C0R280,2017-02-11T16:00:00+08:00,242.0,57.0,4.0,13.1,-0.99,994.2,-99.0,0.0,-9.9,-99,-999,«ÌªF¿¤,20,º¡¦{¶m,348
22.0779,120.8288,Âb·},C0R280,2017-02-11T17:00:00+08:00,242.0,61.0,3.3,12.6,-0.99,994.9,-99.0,0.0,-9.9,-99,-999,«ÌªF¿¤,20,º¡¦{¶m,348
22.0779,120.8288,Âb·},C0R280,2017-02-11T20:00:00+08:00,242.0,62.0,3.3,12.9,-0.99,996.0,-99.0,0.0,-9.9,-99,-999,«ÌªF¿¤,20,º¡¦{¶m,348
22.0779,120.8288,Âb·},C0R280,2017-02-11T21:00:00+08:00,242.0,61.0,4.0,12.8,-0.99,996.5,-99.0,0.0,-9.9,-99,-999,«ÌªF¿¤,20,º¡¦{¶m,348
22.0779,120.8288,Âb·},C0R280,2017-02-11T22:00:00+08:00,242.0,63.0,4.2,12.2,-0.99,996.8,-99.0,0.0,-9.9,-99,-999,«ÌªF¿¤,20,º¡¦{¶m,348
22.0779,120.8288,Âb·},C0R280,2017-02-11T23:00:00+08:00,242.0,61.0,4.3,13.0,-0.99,996.8,-99.0,0.0,-9.9,-99,-999,«ÌªF¿¤,20,º¡¦{¶m,348
22.0779,120.8288,Âb·},C0R280,2017-02-12T00:00:00+08:00,242.0,61.0,4.0,13.1,-0.99,996.6,-99.0,0.0,-9.9,-99,-999,«ÌªF¿¤,20,º¡¦{¶m,348
22.0779,120.8288,Âb·},C0R280,2017-02-12T01:00:00+08:00,242.0,59.0,3.7,12.9,-0.99,996.3,-99.0,0.0,-9.9,-99,-999,«ÌªF¿¤,20,º¡¦{¶m,348
22.0779,120.8288,Âb·},C0R280,2017-02-12T02:00:00+08:00,242.0,58.0,3.1,12.8,-0.99,995.9,-99.0,0.0,-9.9,-99,-999,«ÌªF¿¤,20,º¡¦{¶m,348
22.0779,120.8288,Âb·},C0R280,2017-02-12T03:00:00+08:00,242.0,59.0,4.2,13.4,-0.99,995.4,-99.0,0.0,-9.9,-99,-999,«ÌªF¿¤,20,º¡¦{¶m,348
22.0779,120.8288,Âb·},C0R280,2017-02-12T04:00:00+08:00,242.0,61.0,3.9,13.5,-0.99,995.3,-99.0,0.0,-9.9,-99,-999,«ÌªF¿¤,20,º¡¦{¶m,348
22.0779,120.8288,Âb·},C0R280,2017-02-12T05:00:00+08:00,242.0,59.0,2.9,13.2,-0.99,995.5,-99.0,0.0,-9.9,-99,-999,«ÌªF¿¤,20,º¡¦{¶m,348
22.0779,120.8288,Âb·},C0R280,2017-02-12T06:00:00+08:00,242.0,61.0,3.4,13.7,-0.99,996.2,-99.0,0.0,-9.9,-99,-999,«ÌªF¿¤,20,º¡¦{¶m,348
22.0779,120.8288,Âb·},C0R280,2017-02-12T07:00:00+08:00,242.0,60.0,3.5,14.0,-0.99,996.7,-99.0,0.0,-9.9,-99,-999,«ÌªF¿¤,20,º¡¦{¶m,348
22.0779,120.8288,Âb·},C0R280,2017-02-12T08:00:00+08:00,242.0,62.0,2.9,14.6,-0.99,997.1,-99.0,0.0,-9.9,-99,-999,«ÌªF¿¤,20,º¡¦{¶m,348
22.0779,120.8288,Âb·},C0R280,2017-02-12T10:00:00+08:00,242.0,63.0,3.5,15.3,-0.99,997.5,-99.0,0.0,-9.9,-99,-999,«ÌªF¿¤,20,º¡¦{¶m,348
22.0779,120.8288,Âb·},C0R280,2017-02-12T11:00:00+08:00,242.0,60.0,2.8,15.9,-0.99,997.2,-99.0,0.0,-9.9,-99,-999,«ÌªF¿¤,20,º¡¦{¶m,348
22.0779,120.8288,Âb·},C0R280,2017-02-12T12:00:00+08:00,242.0,57.0,2.4,16.5,-0.99,996.7,-99.0,0.0,-9.9,-99,-999,«ÌªF¿¤,20,º¡¦{¶m,348
22.0779,120.8288,Âb·},C0R280,2017-02-12T15:00:00+08:00,242.0,65.0,2.8,17.0,-0.99,994.6,-99.0,0.0,-9.9,-99,-999,«ÌªF¿¤,20,º¡¦{¶m,348
22.0779,120.8288,Âb·},C0R280,2017-02-12T16:00:00+08:00,242.0,62.0,2.7,15.9,-0.99,994.8,-99.0,0.0,-9.9,-99,-999,«ÌªF¿¤,20,º¡¦{¶m,348
22.0779,120.8288,Âb·},C0R280,2017-02-12T18:00:00+08:00,242.0,56.0,2.7,15.0,-0.99,995.6,-99.0,0.0,-9.9,-99,-999,«ÌªF¿¤,20,º¡¦{¶m,348
22.0779,120.8288,Âb·},C0R280,2017-02-12T21:00:00+08:00,242.0,60.0,2.8,15.0,-0.99,996.7,-99.0,0.0,-9.9,-99,-999,«ÌªF¿¤,20,º¡¦{¶m,348
22.0779,120.8288,Âb·},C0R280,2017-02-12T22:00:00+08:00,242.0,61.0,3.0,15.0,-0.99,996.8,-99.0,0.0,-9.9,-99,-999,«ÌªF¿¤,20,º¡¦{¶m,348
22.0779,120.8288,Âb·},C0R280,2017-02-12T23:00:00+08:00,242.0,56.0,2.7,14.8,-0.99,996.8,-99.0,0.0,-9.9,-99,-999,«ÌªF¿¤,20,º¡¦{¶m,348
22.0779,120.8288,Âb·},C0R280,2017-02-13T00:00:00+08:00,242.0,60.0,2.4,14.8,-0.99,996.6,-99.0,0.0,-9.9,-99,-999,«ÌªF¿¤,20,º¡¦{¶m,348
22.0779,120.8288,Âb·},C0R280,2017-02-13T01:00:00+08:00,242.0,58.0,3.0,15.4,-0.99,996.5,-99.0,0.0,-9.9,-99,-999,«ÌªF¿¤,20,º¡¦{¶m,348
22.0779,120.8288,Âb·},C0R280,2017-02-13T02:00:00+08:00,242.0,60.0,2.5,15.4,-0.99,995.9,-99.0,0.0,-9.9,-99,-999,«ÌªF¿¤,20,º¡¦{¶m,348
22.0779,120.8288,Âb·},C0R280,2017-02-13T03:00:00+08:00,242.0,60.0,2.5,15.1,-0.99,995.9,-99.0,0.0,-9.9,-99,-999,«ÌªF¿¤,20,º¡¦{¶m,348
22.0779,120.8288,Âb·},C0R280,2017-02-13T04:00:00+08:00,242.0,53.0,2.5,15.2,-0.99,995.8,-99.0,0.0,-9.9,-99,-999,«ÌªF¿¤,20,º¡¦{¶m,348
22.0779,120.8288,Âb·},C0R280,2017-02-13T05:00:00+08:00,242.0,62.0,2.7,15.4,-0.99,996.1,-99.0,0.0,-9.9,-99,-999,«ÌªF¿¤,20,º¡¦{¶m,348
22.0779,120.8288,Âb·},C0R280,2017-02-13T06:00:00+08:00,242.0,56.0,2.9,15.8,-0.99,996.9,-99.0,0.0,-9.9,-99,-999,«ÌªF¿¤,20,º¡¦{¶m,348
22.0779,120.8288,Âb·},C0R280,2017-02-13T07:00:00+08:00,242.0,60.0,3.0,15.4,-0.99,997.6,-99.0,0.0,-9.9,-99,-999,«ÌªF¿¤,20,º¡¦{¶m,348
22.0779,120.8288,Âb·},C0R280,2017-02-13T08:00:00+08:00,242.0,63.0,3.5,15.7,-0.99,997.8,-99.0,0.0,-9.9,-99,-999,«ÌªF¿¤,20,º¡¦{¶m,348
22.0779,120.8288,Âb·},C0R280,2017-02-13T10:00:00+08:00,242.0,60.0,2.8,16.8,-0.99,998.4,-99.0,0.0,-9.9,-99,-999,«ÌªF¿¤,20,º¡¦{¶m,348
22.0779,120.8288,Âb·},C0R280,2017-02-13T11:00:00+08:00,242.0,58.0,2.9,17.2,-0.99,998.1,-99.0,0.0,-9.9,-99,-999,«ÌªF¿¤,20,º¡¦{¶m,348
22.0779,120.8288,Âb·},C0R280,2017-02-13T12:00:00+08:00,242.0,56.0,3.2,16.2,-0.99,997.6,-99.0,0.0,-9.9,-99,-999,«ÌªF¿¤,20,º¡¦{¶m,348
22.0779,120.8288,Âb·},C0R280,2017-02-13T13:00:00+08:00,242.0,62.0,3.8,19.0,-0.99,996.7,-99.0,0.0,-9.9,-99,-999,«ÌªF¿¤,20,º¡¦{¶m,348
22.0779,120.8288,Âb·},C0R280,2017-02-13T14:00:00+08:00,242.0,58.0,3.6,19.1,-0.99,996.4,-99.0,0.0,-9.9,-99,-999,«ÌªF¿¤,20,º¡¦{¶m,348
22.0779,120.8288,Âb·},C0R280,2017-02-13T16:00:00+08:00,242.0,60.0,3.0,18.4,-0.99,996.4,-99.0,0.0,-9.9,-99,-999,«ÌªF¿¤,20,º¡¦{¶m,348
22.0779,120.8288,Âb·},C0R280,2017-02-13T17:00:00+08:00,242.0,63.0,3.0,17.7,-0.99,996.9,-99.0,0.0,-9.9,-99,-999,«ÌªF¿¤,20,º¡¦{¶m,348
22.0779,120.8288,Âb·},C0R280,2017-02-13T19:00:00+08:00,242.0,63.0,3.0,16.0,-0.99,997.8,-99.0,0.0,-9.9,-99,-999,«ÌªF¿¤,20,º¡¦{¶m,348
22.0779,120.8288,Âb·},C0R280,2017-02-13T20:00:00+08:00,242.0,60.0,2.8,16.3,-0.99,998.3,-99.0,0.0,-9.9,-99,-999,«ÌªF¿¤,20,º¡¦{¶m,348
22.0779,120.8288,Âb·},C0R280,2017-02-13T21:00:00+08:00,242.0,59.0,3.3,15.9,-0.99,998.5,-99.0,0.0,-9.9,-99,-999,«ÌªF¿¤,20,º¡¦{¶m,348
22.0779,120.8288,Âb·},C0R280,2017-02-13T22:00:00+08:00,242.0,58.0,2.9,14.9,-0.99,999.1,-99.0,0.5,-9.9,-99,-999,«ÌªF¿¤,20,º¡¦{¶m,348
22.0779,120.8288,Âb·},C0R280,2017-02-13T23:00:00+08:00,242.0,58.0,3.1,15.8,-0.99,999.0,-99.0,0.5,-9.9,-99,-999,«ÌªF¿¤,20,º¡¦{¶m,348
22.0779,120.8288,Âb·},C0R280,2017-02-14T00:00:00+08:00,242.0,59.0,2.5,16.5,-0.99,999.3,-99.0,0.5,-9.9,-99,-999,«ÌªF¿¤,20,º¡¦{¶m,348
22.0779,120.8288,Âb·},C0R280,2017-02-14T02:00:00+08:00,242.0,62.0,1.9,14.8,-0.99,999.0,-99.0,3.0,-9.9,-99,-999,«ÌªF¿¤,20,º¡¦{¶m,348
22.0779,120.8288,Âb·},C0R280,2017-02-14T03:00:00+08:00,242.0,63.0,1.9,14.5,-0.99,998.7,-99.0,4.0,-9.9,-99,-999,«ÌªF¿¤,20,º¡¦{¶m,348
22.0779,120.8288,Âb·},C0R280,2017-02-14T04:00:00+08:00,242.0,56.0,1.9,14.5,-0.99,998.4,-99.0,4.0,-9.9,-99,-999,«ÌªF¿¤,20,º¡¦{¶m,348
22.0779,120.8288,Âb·},C0R280,2017-02-14T05:00:00+08:00,242.0,50.0,1.4,14.5,-0.99,998.6,-99.0,5.0,-9.9,-99,-999,«ÌªF¿¤,20,º¡¦{¶m,348
22.0779,120.8288,Âb·},C0R280,2017-02-14T06:00:00+08:00,242.0,63.0,2.0,14.5,-0.99,999.2,-99.0,7.5,-9.9,-99,-999,«ÌªF¿¤,20,º¡¦{¶m,348
22.0779,120.8288,Âb·},C0R280,2017-02-14T07:00:00+08:00,242.0,64.0,2.2,14.3,-0.99,999.7,-99.0,8.5,-9.9,-99,-999,«ÌªF¿¤,20,º¡¦{¶m,348
22.0779,120.8288,Âb·},C0R280,2017-02-14T08:00:00+08:00,242.0,54.0,1.6,14.6,-0.99,1000.1,-99.0,9.0,-9.9,-99,-999,«ÌªF¿¤,20,º¡¦{¶m,348
22.0779,120.8288,Âb·},C0R280,2017-02-14T09:00:00+08:00,242.0,62.0,2.4,14.9,-0.99,1000.7,-99.0,9.0,-9.9,-99,-999,«ÌªF¿¤,20,º¡¦{¶m,348
22.0779,120.8288,Âb·},C0R280,2017-02-14T10:00:00+08:00,242.0,63.0,2.9,15.7,-0.99,1000.6,-99.0,9.5,-9.9,-99,-999,«ÌªF¿¤,20,º¡¦{¶m,348
22.0779,120.8288,Âb·},C0R280,2017-02-14T11:00:00+08:00,242.0,54.0,2.3,16.3,-0.99,1000.2,-99.0,9.5,-9.9,-99,-999,«ÌªF¿¤,20,º¡¦{¶m,348
22.0779,120.8288,Âb·},C0R280,2017-02-14T12:00:00+08:00,242.0,63.0,3.5,17.6,-0.99,999.8,-99.0,9.5,-9.9,-99,-999,«ÌªF¿¤,20,º¡¦{¶m,348
22.0779,120.8288,Âb·},C0R280,2017-02-14T13:00:00+08:00,242.0,62.0,3.1,17.1,-0.99,999.0,-99.0,9.5,-9.9,-99,-999,«ÌªF¿¤,20,º¡¦{¶m,348
22.0779,120.8288,Âb·},C0R280,2017-02-14T14:00:00+08:00,242.0,57.0,3.0,17.1,-0.99,998.4,-99.0,9.5,-9.9,-99,-999,«ÌªF¿¤,20,º¡¦{¶m,348
22.0779,120.8288,Âb·},C0R280,2017-02-14T15:00:00+08:00,242.0,56.0,2.3,17.1,-0.99,998.5,-99.0,9.5,-9.9,-99,-999,«ÌªF¿¤,20,º¡¦{¶m,348
22.0779,120.8288,Âb·},C0R280,2017-02-14T16:00:00+08:00,242.0,58.0,2.0,16.9,-0.99,998.5,-99.0,9.5,-9.9,-99,-999,«ÌªF¿¤,20,º¡¦{¶m,348
22.0779,120.8288,Âb·},C0R280,2017-02-14T17:00:00+08:00,242.0,51.0,2.0,16.9,-0.99,998.9,-99.0,9.5,-9.9,-99,-999,«ÌªF¿¤,20,º¡¦{¶m,348
22.0779,120.8288,Âb·},C0R280,2017-02-14T20:00:00+08:00,242.0,61.0,2.7,17.1,-0.99,999.8,-99.0,9.5,-9.9,-99,-999,«ÌªF¿¤,20,º¡¦{¶m,348
22.0779,120.8288,Âb·},C0R280,2017-02-14T22:00:00+08:00,242.0,55.0,2.7,17.0,-0.99,1000.0,-99.0,9.5,-9.9,-99,-999,«ÌªF¿¤,20,º¡¦{¶m,348
22.0779,120.8288,Âb·},C0R280,2017-02-15T00:00:00+08:00,242.0,56.0,1.9,16.5,-0.99,1000.1,-99.0,9.5,-9.9,-99,-999,«ÌªF¿¤,20,º¡¦{¶m,348
22.0779,120.8288,Âb·},C0R280,2017-02-15T01:00:00+08:00,242.0,56.0,1.8,16.0,-0.99,999.8,-99.0,0.0,-9.9,-99,-999,«ÌªF¿¤,20,º¡¦{¶m,348
22.0779,120.8288,Âb·},C0R280,2017-02-15T02:00:00+08:00,242.0,56.0,1.3,15.2,-0.99,998.9,-99.0,0.0,-9.9,-99,-999,«ÌªF¿¤,20,º¡¦{¶m,348
22.0779,120.8288,Âb·},C0R280,2017-02-15T03:00:00+08:00,242.0,62.0,2.1,15.1,-0.99,998.2,-99.0,0.0,-9.9,-99,-999,«ÌªF¿¤,20,º¡¦{¶m,348
22.0779,120.8288,Âb·},C0R280,2017-02-15T07:00:00+08:00,242.0,61.0,2.0,15.0,-0.99,998.8,-99.0,0.0,-9.9,-99,-999,«ÌªF¿¤,20,º¡¦{¶m,348
22.0779,120.8288,Âb·},C0R280,2017-02-15T08:00:00+08:00,242.0,58.0,2.0,16.2,-0.99,998.9,-99.0,0.0,-9.9,-99,-999,«ÌªF¿¤,20,º¡¦{¶m,348
22.0779,120.8288,Âb·},C0R280,2017-02-15T11:00:00+08:00,242.0,54.0,1.8,21.7,-0.99,998.5,-99.0,0.0,-9.9,-99,-999,«ÌªF¿¤,20,º¡¦{¶m,348
22.0779,120.8288,Âb·},C0R280,2017-02-15T12:00:00+08:00,242.0,52.0,2.0,21.2,-0.99,997.8,-99.0,0.0,-9.9,-99,-999,«ÌªF¿¤,20,º¡¦{¶m,348
22.0779,120.8288,Âb·},C0R280,2017-02-15T15:00:00+08:00,242.0,56.0,1.8,21.0,-0.99,995.2,-99.0,0.0,-9.9,-99,-999,«ÌªF¿¤,20,º¡¦{¶m,348
22.0779,120.8288,Âb·},C0R280,2017-02-15T16:00:00+08:00,242.0,60.0,1.9,19.9,-0.99,994.9,-99.0,0.0,-9.9,-99,-999,«ÌªF¿¤,20,º¡¦{¶m,348
22.0779,120.8288,Âb·},C0R280,2017-02-15T18:00:00+08:00,242.0,61.0,1.4,18.4,-0.99,995.3,-99.0,0.0,-9.9,-99,-999,«ÌªF¿¤,20,º¡¦{¶m,348
22.0779,120.8288,Âb·},C0R280,2017-02-15T20:00:00+08:00,242.0,57.0,1.4,18.2,-0.99,995.9,-99.0,0.0,-9.9,-99,-999,«ÌªF¿¤,20,º¡¦{¶m,348
22.0779,120.8288,Âb·},C0R280,2017-02-15T21:00:00+08:00,242.0,53.0,1.4,17.6,-0.99,996.4,-99.0,0.0,-9.9,-99,-999,«ÌªF¿¤,20,º¡¦{¶m,348
22.0779,120.8288,Âb·},C0R280,2017-02-16T01:00:00+08:00,242.0,70.0,0.9,15.5,-0.99,995.2,-99.0,3.0,-9.9,-99,-999,«ÌªF¿¤,20,º¡¦{¶m,348
22.0779,120.8288,Âb·},C0R280,2017-02-16T02:00:00+08:00,242.0,72.0,1.0,15.2,-0.99,994.5,-99.0,3.5,-9.9,-99,-999,«ÌªF¿¤,20,º¡¦{¶m,348
22.0779,120.8288,Âb·},C0R280,2017-02-16T03:00:00+08:00,242.0,65.0,0.9,15.1,-0.99,993.7,-99.0,4.0,-9.9,-99,-999,«ÌªF¿¤,20,º¡¦{¶m,348
22.0779,120.8288,Âb·},C0R280,2017-02-16T04:00:00+08:00,242.0,78.0,0.4,14.6,-0.99,993.1,-99.0,4.0,-9.9,-99,-999,«ÌªF¿¤,20,º¡¦{¶m,348
22.0779,120.8288,Âb·},C0R280,2017-02-16T06:00:00+08:00,242.0,66.0,0.7,15.3,-0.99,993.4,-99.0,4.0,-9.9,-99,-999,«ÌªF¿¤,20,º¡¦{¶m,348
22.0779,120.8288,Âb·},C0R280,2017-02-16T08:00:00+08:00,242.0,69.0,1.1,15.6,-0.99,993.8,-99.0,4.0,-9.9,-99,-999,«ÌªF¿¤,20,º¡¦{¶m,348
22.0779,120.8288,Âb·},C0R280,2017-02-16T10:00:00+08:00,242.0,63.0,0.9,16.7,-0.99,994.5,-99.0,4.0,-9.9,-99,-999,«ÌªF¿¤,20,º¡¦{¶m,348
22.0779,120.8288,Âb·},C0R280,2017-02-16T11:00:00+08:00,242.0,70.0,1.1,16.7,-0.99,994.2,-99.0,4.5,-9.9,-99,-999,«ÌªF¿¤,20,º¡¦{¶m,348
22.0779,120.8288,Âb·},C0R280,2017-02-16T12:00:00+08:00,242.0,69.0,1.1,17.1,-0.99,993.7,-99.0,5.0,-9.9,-99,-999,«ÌªF¿¤,20,º¡¦{¶m,348
22.0779,120.8288,Âb·},C0R280,2017-02-16T13:00:00+08:00,242.0,41.0,0.4,18.7,-0.99,992.7,-99.0,5.0,-9.9,-99,-999,«ÌªF¿¤,20,º¡¦{¶m,348
22.0779,120.8288,Âb·},C0R280,2017-02-16T14:00:00+08:00,242.0,62.0,1.1,19.4,-0.99,992.0,-99.0,5.0,-9.9,-99,-999,«ÌªF¿¤,20,º¡¦{¶m,348
22.0779,120.8288,Âb·},C0R280,2017-02-16T15:00:00+08:00,242.0,58.0,1.0,19.9,-0.99,991.6,-99.0,5.0,-9.9,-99,-999,«ÌªF¿¤,20,º¡¦{¶m,348
22.0779,120.8288,Âb·},C0R280,2017-02-16T16:00:00+08:00,242.0,63.0,0.9,20.2,-0.99,991.4,-99.0,5.0,-9.9,-99,-999,«ÌªF¿¤,20,º¡¦{¶m,348
22.0779,120.8288,Âb·},C0R280,2017-02-16T17:00:00+08:00,242.0,61.0,0.8,18.8,-0.99,991.8,-99.0,5.0,-9.9,-99,-999,«ÌªF¿¤,20,º¡¦{¶m,348
22.0779,120.8288,Âb·},C0R280,2017-02-16T18:00:00+08:00,242.0,71.0,0.9,17.3,-0.99,992.3,-99.0,5.0,-9.9,-99,-999,«ÌªF¿¤,20,º¡¦{¶m,348
22.0779,120.8288,Âb·},C0R280,2017-02-16T19:00:00+08:00,242.0,72.0,0.9,16.6,-0.99,992.8,-99.0,5.0,-9.9,-99,-999,«ÌªF¿¤,20,º¡¦{¶m,348
22.0779,120.8288,Âb·},C0R280,2017-02-16T20:00:00+08:00,242.0,72.0,0.9,16.6,-0.99,993.4,-99.0,5.0,-9.9,-99,-999,«ÌªF¿¤,20,º¡¦{¶m,348
22.0779,120.8288,Âb·},C0R280,2017-02-16T22:00:00+08:00,242.0,63.0,1.3,17.3,-0.99,993.8,-99.0,5.0,-9.9,-99,-999,«ÌªF¿¤,20,º¡¦{¶m,348
22.0779,120.8288,Âb·},C0R280,2017-02-16T23:00:00+08:00,242.0,69.0,1.0,17.6,-0.99,993.6,-99.0,5.0,-9.9,-99,-999,«ÌªF¿¤,20,º¡¦{¶m,348
22.0779,120.8288,Âb·},C0R280,2017-02-17T00:00:00+08:00,242.0,68.0,0.8,17.6,-0.99,993.0,-99.0,5.0,-9.9,-99,-999,«ÌªF¿¤,20,º¡¦{¶m,348
22.0779,120.8288,Âb·},C0R280,2017-02-17T01:00:00+08:00,242.0,67.0,0.7,17.4,-0.99,992.4,-99.0,0.0,-9.9,-99,-999,«ÌªF¿¤,20,º¡¦{¶m,348
22.0779,120.8288,Âb·},C0R280,2017-02-17T02:00:00+08:00,242.0,69.0,0.8,17.2,-0.99,992.1,-99.0,0.0,-9.9,-99,-999,«ÌªF¿¤,20,º¡¦{¶m,348
22.0779,120.8288,Âb·},C0R280,2017-02-17T03:00:00+08:00,242.0,64.0,0.7,17.3,-0.99,991.6,-99.0,0.0,-9.9,-99,-999,«ÌªF¿¤,20,º¡¦{¶m,348
22.0779,120.8288,Âb·},C0R280,2017-02-17T05:00:00+08:00,242.0,66.0,0.9,17.3,-0.99,991.6,-99.0,0.5,-9.9,-99,-999,«ÌªF¿¤,20,º¡¦{¶m,348
22.0779,120.8288,Âb·},C0R280,2017-02-17T07:00:00+08:00,242.0,69.0,0.9,17.7,-0.99,993.1,-99.0,0.5,-9.9,-99,-999,«ÌªF¿¤,20,º¡¦{¶m,348
22.0779,120.8288,Âb·},C0R280,2017-02-17T08:00:00+08:00,242.0,58.0,0.8,18.6,-0.99,993.8,-99.0,0.5,-9.9,-99,-999,«ÌªF¿¤,20,º¡¦{¶m,348
22.0779,120.8288,Âb·},C0R280,2017-02-17T10:00:00+08:00,242.0,61.0,1.3,20.1,-0.99,994.3,-99.0,0.5,-9.9,-99,-999,«ÌªF¿¤,20,º¡¦{¶m,348
22.0779,120.8288,Âb·},C0R280,2017-02-17T11:00:00+08:00,242.0,54.0,1.4,21.6,-0.99,993.5,-99.0,0.5,-9.9,-99,-999,«ÌªF¿¤,20,º¡¦{¶m,348
22.0779,120.8288,Âb·},C0R280,2017-02-17T12:00:00+08:00,242.0,61.0,1.3,22.3,-0.99,992.7,-99.0,0.5,-9.9,-99,-999,«ÌªF¿¤,20,º¡¦{¶m,348
22.0779,120.8288,Âb·},C0R280,2017-02-17T14:00:00+08:00,242.0,57.0,0.6,23.3,-0.99,991.2,-99.0,0.5,-9.9,-99,-999,«ÌªF¿¤,20,º¡¦{¶m,348
22.0779,120.8288,Âb·},C0R280,2017-02-17T15:00:00+08:00,242.0,62.0,0.8,22.9,-0.99,991.0,-99.0,0.5,-9.9,-99,-999,«ÌªF¿¤,20,º¡¦{¶m,348
22.0779,120.8288,Âb·},C0R280,2017-02-17T16:00:00+08:00,242.0,58.0,1.1,21.7,-0.99,991.3,-99.0,0.5,-9.9,-99,-999,«ÌªF¿¤,20,º¡¦{¶m,348
22.0779,120.8288,Âb·},C0R280,2017-02-17T17:00:00+08:00,242.0,65.0,1.1,20.3,-0.99,991.6,-99.0,0.5,-9.9,-99,-999,«ÌªF¿¤,20,º¡¦{¶m,348
22.0779,120.8288,Âb·},C0R280,2017-02-17T18:00:00+08:00,242.0,61.0,1.3,19.2,-0.99,991.8,-99.0,0.5,-9.9,-99,-999,«ÌªF¿¤,20,º¡¦{¶m,348
22.0779,120.8288,Âb·},C0R280,2017-02-17T19:00:00+08:00,242.0,63.0,0.9,18.5,-0.99,992.3,-99.0,0.5,-9.9,-99,-999,«ÌªF¿¤,20,º¡¦{¶m,348
22.0779,120.8288,Âb·},C0R280,2017-02-17T23:00:00+08:00,242.0,57.0,1.7,18.8,-0.99,993.6,-99.0,0.5,-9.9,-99,-999,«ÌªF¿¤,20,º¡¦{¶m,348
22.0779,120.8288,Âb·},C0R280,2017-02-18T00:00:00+08:00,242.0,58.0,1.6,18.6,-0.99,993.3,-99.0,0.5,-9.9,-99,-999,«ÌªF¿¤,20,º¡¦{¶m,348
22.0779,120.8288,Âb·},C0R280,2017-02-18T01:00:00+08:00,242.0,58.0,1.9,18.9,-0.99,992.7,-99.0,0.0,-9.9,-99,-999,«ÌªF¿¤,20,º¡¦{¶m,348
22.0779,120.8288,Âb·},C0R280,2017-02-18T02:00:00+08:00,242.0,58.0,1.8,18.5,-0.99,992.3,-99.0,0.0,-9.9,-99,-999,«ÌªF¿¤,20,º¡¦{¶m,348
22.0779,120.8288,Âb·},C0R280,2017-02-18T03:00:00+08:00,242.0,59.0,2.1,18.3,-0.99,991.9,-99.0,0.0,-9.9,-99,-999,«ÌªF¿¤,20,º¡¦{¶m,348
22.0779,120.8288,Âb·},C0R280,2017-02-18T05:00:00+08:00,242.0,62.0,1.0,17.6,-0.99,992.1,-99.0,0.0,-9.9,-99,-999,«ÌªF¿¤,20,º¡¦{¶m,348
22.0779,120.8288,Âb·},C0R280,2017-02-18T06:00:00+08:00,242.0,60.0,1.3,17.7,-0.99,992.5,-99.0,0.0,-9.9,-99,-999,«ÌªF¿¤,20,º¡¦{¶m,348
22.0779,120.8288,Âb·},C0R280,2017-02-18T07:00:00+08:00,242.0,61.0,1.8,18.4,-0.99,993.2,-99.0,0.0,-9.9,-99,-999,«ÌªF¿¤,20,º¡¦{¶m,348
22.0779,120.8288,Âb·},C0R280,2017-02-18T08:00:00+08:00,242.0,58.0,1.3,19.7,-0.99,993.6,-99.0,0.0,-9.9,-99,-999,«ÌªF¿¤,20,º¡¦{¶m,348
22.0779,120.8288,Âb·},C0R280,2017-02-18T10:00:00+08:00,242.0,62.0,2.0,23.0,-0.99,993.9,-99.0,0.0,-9.9,-99,-999,«ÌªF¿¤,20,º¡¦{¶m,348
22.0779,120.8288,Âb·},C0R280,2017-02-18T12:00:00+08:00,242.0,58.0,2.5,23.9,-0.99,992.7,-99.0,0.0,-9.9,-99,-999,«ÌªF¿¤,20,º¡¦{¶m,348
22.0779,120.8288,Âb·},C0R280,2017-02-18T13:00:00+08:00,242.0,63.0,2.2,23.9,-0.99,992.1,-99.0,0.0,-9.9,-99,-999,«ÌªF¿¤,20,º¡¦{¶m,348
22.0779,120.8288,Âb·},C0R280,2017-02-18T14:00:00+08:00,242.0,64.0,2.2,22.9,-0.99,991.2,-99.0,0.0,-9.9,-99,-999,«ÌªF¿¤,20,º¡¦{¶m,348
22.0779,120.8288,Âb·},C0R280,2017-02-18T15:00:00+08:00,242.0,62.0,2.9,22.3,-0.99,990.7,-99.0,0.0,-9.9,-99,-999,«ÌªF¿¤,20,º¡¦{¶m,348
22.0779,120.8288,Âb·},C0R280,2017-02-18T17:00:00+08:00,242.0,58.0,2.6,20.9,-0.99,991.3,-99.0,0.0,-9.9,-99,-999,«ÌªF¿¤,20,º¡¦{¶m,348
22.0779,120.8288,Âb·},C0R280,2017-02-18T18:00:00+08:00,242.0,61.0,3.4,20.6,-0.99,991.9,-99.0,0.0,-9.9,-99,-999,«ÌªF¿¤,20,º¡¦{¶m,348
22.0779,120.8288,Âb·},C0R280,2017-02-18T21:00:00+08:00,242.0,61.0,3.1,20.5,-0.99,993.2,-99.0,0.0,-9.9,-99,-999,«ÌªF¿¤,20,º¡¦{¶m,348
22.0779,120.8288,Âb·},C0R280,2017-02-18T22:00:00+08:00,242.0,59.0,3.4,19.1,-0.99,993.2,-99.0,0.0,-9.9,-99,-999,«ÌªF¿¤,20,º¡¦{¶m,348
22.0779,120.8288,Âb·},C0R280,2017-02-18T23:00:00+08:00,242.0,52.0,3.3,18.7,-0.99,993.0,-99.0,0.5,-9.9,-99,-999,«ÌªF¿¤,20,º¡¦{¶m,348
22.0779,120.8288,Âb·},C0R280,2017-02-19T00:00:00+08:00,242.0,57.0,2.8,18.9,-0.99,992.7,-99.0,0.5,-9.9,-99,-999,«ÌªF¿¤,20,º¡¦{¶m,348
22.0779,120.8288,Âb·},C0R280,2017-02-19T04:00:00+08:00,242.0,58.0,2.0,17.7,-0.99,991.8,-99.0,0.5,-9.9,-99,-999,«ÌªF¿¤,20,º¡¦{¶m,348
22.0779,120.8288,Âb·},C0R280,2017-02-19T05:00:00+08:00,242.0,58.0,2.7,17.9,-0.99,991.4,-99.0,0.5,-9.9,-99,-999,«ÌªF¿¤,20,º¡¦{¶m,348
22.0779,120.8288,Âb·},C0R280,2017-02-19T07:00:00+08:00,242.0,61.0,2.8,18.4,-0.99,992.0,-99.0,1.0,-9.9,-99,-999,«ÌªF¿¤,20,º¡¦{¶m,348
22.0779,120.8288,Âb·},C0R280,2017-02-19T08:00:00+08:00,242.0,58.0,2.8,18.7,-0.99,992.3,-99.0,1.0,-9.9,-99,-999,«ÌªF¿¤,20,º¡¦{¶m,348
22.0779,120.8288,Âb·},C0R280,2017-02-19T10:00:00+08:00,242.0,62.0,3.2,20.2,-0.99,991.9,-99.0,1.0,-9.9,-99,-999,«ÌªF¿¤,20,º¡¦{¶m,348
22.0779,120.8288,Âb·},C0R280,2017-02-19T11:00:00+08:00,242.0,62.0,3.1,21.5,-0.99,991.2,-99.0,1.0,-9.9,-99,-999,«ÌªF¿¤,20,º¡¦{¶m,348
22.0779,120.8288,Âb·},C0R280,2017-02-19T13:00:00+08:00,242.0,59.0,2.5,22.7,-0.99,989.3,-99.0,1.0,-9.9,-99,-999,«ÌªF¿¤,20,º¡¦{¶m,348
22.0779,120.8288,Âb·},C0R280,2017-02-19T14:00:00+08:00,242.0,52.0,2.6,22.2,-0.99,988.3,-99.0,1.0,-9.9,-99,-999,«ÌªF¿¤,20,º¡¦{¶m,348
22.0779,120.8288,Âb·},C0R280,2017-02-19T16:00:00+08:00,242.0,59.0,1.7,19.1,-0.99,987.9,-99.0,1.0,-9.9,-99,-999,«ÌªF¿¤,20,º¡¦{¶m,348
22.0779,120.8288,Âb·},C0R280,2017-02-19T17:00:00+08:00,242.0,58.0,1.9,19.4,-0.99,987.7,-99.0,1.0,-9.9,-99,-999,«ÌªF¿¤,20,º¡¦{¶m,348
22.0779,120.8288,Âb·},C0R280,2017-02-19T20:00:00+08:00,242.0,53.0,1.8,18.8,-0.99,988.2,-99.0,2.0,-9.9,-99,-999,«ÌªF¿¤,20,º¡¦{¶m,348
22.0779,120.8288,Âb·},C0R280,2017-02-19T21:00:00+08:00,242.0,57.0,1.8,18.4,-0.99,988.4,-99.0,2.0,-9.9,-99,-999,«ÌªF¿¤,20,º¡¦{¶m,348
22.0779,120.8288,Âb·},C0R280,2017-02-19T22:00:00+08:00,242.0,53.0,1.0,18.1,-0.99,988.2,-99.0,2.0,-9.9,-99,-999,«ÌªF¿¤,20,º¡¦{¶m,348
22.0779,120.8288,Âb·},C0R280,2017-02-19T23:00:00+08:00,242.0,60.0,1.1,18.2,-0.99,988.2,-99.0,2.0,-9.9,-99,-999,«ÌªF¿¤,20,º¡¦{¶m,348
22.0779,120.8288,Âb·},C0R280,2017-02-20T00:00:00+08:00,242.0,58.0,0.8,18.5,-0.99,987.6,-99.0,2.0,-9.9,-99,-999,«ÌªF¿¤,20,º¡¦{¶m,348
22.0779,120.8288,Âb·},C0R280,2017-02-20T01:00:00+08:00,242.0,62.0,1.0,18.8,-0.99,987.3,-99.0,0.0,-9.9,-99,-999,«ÌªF¿¤,20,º¡¦{¶m,348
22.0779,120.8288,Âb·},C0R280,2017-02-20T02:00:00+08:00,242.0,71.0,1.1,19.0,-0.99,986.8,-99.0,0.5,-9.9,-99,-999,«ÌªF¿¤,20,º¡¦{¶m,348
22.0779,120.8288,Âb·},C0R280,2017-02-20T03:00:00+08:00,242.0,75.0,1.4,18.6,-0.99,986.7,-99.0,1.0,-9.9,-99,-999,«ÌªF¿¤,20,º¡¦{¶m,348
22.0779,120.8288,Âb·},C0R280,2017-02-20T04:00:00+08:00,242.0,68.0,1.4,18.7,-0.99,986.2,-99.0,1.5,-9.9,-99,-999,«ÌªF¿¤,20,º¡¦{¶m,348
22.0779,120.8288,Âb·},C0R280,2017-02-20T05:00:00+08:00,242.0,56.0,0.9,18.6,-0.99,986.4,-99.0,1.5,-9.9,-99,-999,«ÌªF¿¤,20,º¡¦{¶m,348
22.0779,120.8288,Âb·},C0R280,2017-02-20T06:00:00+08:00,242.0,69.0,0.3,18.5,-0.99,987.0,-99.0,1.5,-9.9,-99,-999,«ÌªF¿¤,20,º¡¦{¶m,348
22.0779,120.8288,Âb·},C0R280,2017-02-20T07:00:00+08:00,242.0,65.0,0.8,18.6,-0.99,987.4,-99.0,1.5,-9.9,-99,-999,«ÌªF¿¤,20,º¡¦{¶m,348
22.0779,120.8288,Âb·},C0R280,2017-02-20T08:00:00+08:00,242.0,57.0,0.7,19.2,-0.99,987.9,-99.0,1.5,-9.9,-99,-999,«ÌªF¿¤,20,º¡¦{¶m,348
22.0779,120.8288,Âb·},C0R280,2017-02-20T10:00:00+08:00,242.0,0.0,0.1,22.0,-0.99,987.9,-99.0,2.0,-9.9,-99,-999,«ÌªF¿¤,20,º¡¦{¶m,348
22.0779,120.8288,Âb·},C0R280,2017-02-20T11:00:00+08:00,242.0,274.0,0.3,23.4,-0.99,987.6,-99.0,2.0,-9.9,-99,-999,«ÌªF¿¤,20,º¡¦{¶m,348
22.0779,120.8288,Âb·},C0R280,2017-02-20T12:00:00+08:00,242.0,226.0,0.3,23.9,-0.99,986.8,-99.0,2.0,-9.9,-99,-999,«ÌªF¿¤,20,º¡¦{¶m,348
22.0779,120.8288,Âb·},C0R280,2017-02-20T13:00:00+08:00,242.0,220.0,0.7,25.5,-0.99,985.6,-99.0,2.0,-9.9,-99,-999,«ÌªF¿¤,20,º¡¦{¶m,348
22.0779,120.8288,Âb·},C0R280,2017-02-20T14:00:00+08:00,242.0,243.0,0.4,24.6,-0.99,985.0,-99.0,2.0,-9.9,-99,-999,«ÌªF¿¤,20,º¡¦{¶m,348
22.0779,120.8288,Âb·},C0R280,2017-02-20T15:00:00+08:00,242.0,233.0,0.3,24.5,-0.99,984.8,-99.0,2.0,-9.9,-99,-999,«ÌªF¿¤,20,º¡¦{¶m,348
22.0779,120.8288,Âb·},C0R280,2017-02-20T17:00:00+08:00,242.0,248.0,0.9,23.3,-0.99,985.4,-99.0,2.0,-9.9,-99,-999,«ÌªF¿¤,20,º¡¦{¶m,348
22.0779,120.8288,Âb·},C0R280,2017-02-20T19:00:00+08:00,242.0,0.0,0.2,21.9,-0.99,986.4,-99.0,2.0,-9.9,-99,-999,«ÌªF¿¤,20,º¡¦{¶m,348
22.0779,120.8288,Âb·},C0R280,2017-02-20T21:00:00+08:00,242.0,76.0,1.2,21.5,-0.99,988.2,-99.0,2.0,-9.9,-99,-999,«ÌªF¿¤,20,º¡¦{¶m,348
22.0779,120.8288,Âb·},C0R280,2017-02-20T22:00:00+08:00,242.0,61.0,1.1,21.4,-0.99,989.2,-99.0,2.0,-9.9,-99,-999,«ÌªF¿¤,20,º¡¦{¶m,348
22.0779,120.8288,Âb·},C0R280,2017-02-20T23:00:00+08:00,242.0,60.0,1.5,21.4,-0.99,989.5,-99.0,2.0,-9.9,-99,-999,«ÌªF¿¤,20,º¡¦{¶m,348
22.0779,120.8288,Âb·},C0R280,2017-02-21T00:00:00+08:00,242.0,57.0,2.5,20.9,-0.99,989.3,-99.0,2.0,-9.9,-99,-999,«ÌªF¿¤,20,º¡¦{¶m,348
22.0779,120.8288,Âb·},C0R280,2017-02-21T01:00:00+08:00,242.0,63.0,2.9,21.0,-0.99,989.1,-99.0,0.0,-9.9,-99,-999,«ÌªF¿¤,20,º¡¦{¶m,348
22.0779,120.8288,Âb·},C0R280,2017-02-21T05:00:00+08:00,242.0,59.0,3.3,20.7,-0.99,988.9,-99.0,0.0,-9.9,-99,-999,«ÌªF¿¤,20,º¡¦{¶m,348
22.0779,120.8288,Âb·},C0R280,2017-02-21T06:00:00+08:00,242.0,61.0,5.5,20.9,-0.99,989.1,-99.0,0.0,-9.9,-99,-999,«ÌªF¿¤,20,º¡¦{¶m,348
22.0779,120.8288,Âb·},C0R280,2017-02-21T09:00:00+08:00,242.0,62.0,6.4,20.9,-0.99,991.1,-99.0,0.0,-9.9,-99,-999,«ÌªF¿¤,20,º¡¦{¶m,348
22.0779,120.8288,Âb·},C0R280,2017-02-21T10:00:00+08:00,242.0,58.0,6.0,21.0,-0.99,991.4,-99.0,0.0,-9.9,-99,-999,«ÌªF¿¤,20,º¡¦{¶m,348
22.0779,120.8288,Âb·},C0R280,2017-02-21T12:00:00+08:00,242.0,59.0,4.6,21.0,-0.99,990.8,-99.0,0.0,-9.9,-99,-999,«ÌªF¿¤,20,º¡¦{¶m,348
22.0779,120.8288,Âb·},C0R280,2017-02-21T13:00:00+08:00,242.0,56.0,5.0,21.4,-0.99,989.0,-99.0,0.0,-9.9,-99,-999,«ÌªF¿¤,20,º¡¦{¶m,348
22.0779,120.8288,Âb·},C0R280,2017-02-21T15:00:00+08:00,242.0,57.0,4.0,21.7,-0.99,989.0,-99.0,0.0,-9.9,-99,-999,«ÌªF¿¤,20,º¡¦{¶m,348
22.0779,120.8288,Âb·},C0R280,2017-02-21T16:00:00+08:00,242.0,60.0,3.8,21.1,-0.99,988.9,-99.0,0.0,-9.9,-99,-999,«ÌªF¿¤,20,º¡¦{¶m,348
22.0779,120.8288,Âb·},C0R280,2017-02-21T18:00:00+08:00,242.0,54.0,3.6,20.8,-0.99,989.3,-99.0,0.0,-9.9,-99,-999,«ÌªF¿¤,20,º¡¦{¶m,348
22.0779,120.8288,Âb·},C0R280,2017-02-21T19:00:00+08:00,242.0,63.0,3.5,20.5,-0.99,989.8,-99.0,0.0,-9.9,-99,-999,«ÌªF¿¤,20,º¡¦{¶m,348
22.0779,120.8288,Âb·},C0R280,2017-02-21T20:00:00+08:00,242.0,63.0,3.8,20.7,-0.99,990.1,-99.0,0.0,-9.9,-99,-999,«ÌªF¿¤,20,º¡¦{¶m,348
22.0779,120.8288,Âb·},C0R280,2017-02-21T22:00:00+08:00,242.0,58.0,3.5,20.1,-0.99,989.7,-99.0,0.0,-9.9,-99,-999,«ÌªF¿¤,20,º¡¦{¶m,348
22.0779,120.8288,Âb·},C0R280,2017-02-22T00:00:00+08:00,242.0,59.0,3.0,20.4,-0.99,989.3,-99.0,0.5,-9.9,-99,-999,«ÌªF¿¤,20,º¡¦{¶m,348
22.0779,120.8288,Âb·},C0R280,2017-02-22T03:00:00+08:00,242.0,59.0,2.2,20.2,-0.99,988.1,-99.0,2.0,-9.9,-99,-999,«ÌªF¿¤,20,º¡¦{¶m,348
22.0779,120.8288,Âb·},C0R280,2017-02-22T06:00:00+08:00,242.0,66.0,1.4,19.8,-0.99,988.3,-99.0,7.0,-9.9,-99,-999,«ÌªF¿¤,20,º¡¦{¶m,348
22.0779,120.8288,Âb·},C0R280,2017-02-22T08:00:00+08:00,242.0,64.0,2.0,20.0,-0.99,989.0,-99.0,8.0,-9.9,-99,-999,«ÌªF¿¤,20,º¡¦{¶m,348
22.0779,120.8288,Âb·},C0R280,2017-02-22T09:00:00+08:00,242.0,61.0,1.3,20.4,-0.99,989.2,-99.0,8.0,-9.9,-99,-999,«ÌªF¿¤,20,º¡¦{¶m,348
22.0779,120.8288,Âb·},C0R280,2017-02-22T10:00:00+08:00,242.0,69.0,1.6,21.1,-0.99,989.3,-99.0,8.0,-9.9,-99,-999,«ÌªF¿¤,20,º¡¦{¶m,348
22.0779,120.8288,Âb·},C0R280,2017-02-22T11:00:00+08:00,242.0,64.0,1.6,21.9,-0.99,988.6,-99.0,8.0,-9.9,-99,-999,«ÌªF¿¤,20,º¡¦{¶m,348
22.0779,120.8288,Âb·},C0R280,2017-02-22T12:00:00+08:00,242.0,56.0,1.1,23.5,-0.99,987.6,-99.0,8.0,-9.9,-99,-999,«ÌªF¿¤,20,º¡¦{¶m,348
22.0779,120.8288,Âb·},C0R280,2017-02-22T15:00:00+08:00,242.0,0.0,0.1,23.9,-0.99,985.7,-99.0,8.0,-9.9,-99,-999,«ÌªF¿¤,20,º¡¦{¶m,348
22.0779,120.8288,Âb·},C0R280,2017-02-22T17:00:00+08:00,242.0,0.0,0.0,23.7,-0.99,986.0,-99.0,8.0,-9.9,-99,-999,«ÌªF¿¤,20,º¡¦{¶m,348
22.0779,120.8288,Âb·},C0R280,2017-02-22T18:00:00+08:00,242.0,0.0,0.2,22.5,-0.99,986.2,-99.0,8.0,-9.9,-99,-999,«ÌªF¿¤,20,º¡¦{¶m,348
22.0779,120.8288,Âb·},C0R280,2017-02-22T19:00:00+08:00,242.0,0.0,0.1,22.0,-0.99,986.8,-99.0,8.0,-9.9,-99,-999,«ÌªF¿¤,20,º¡¦{¶m,348
22.0779,120.8288,Âb·},C0R280,2017-02-22T20:00:00+08:00,242.0,0.0,0.1,22.0,-0.99,987.2,-99.0,8.0,-9.9,-99,-999,«ÌªF¿¤,20,º¡¦{¶m,348
22.0779,120.8288,Âb·},C0R280,2017-02-22T21:00:00+08:00,242.0,0.0,0.0,21.5,-0.99,987.6,-99.0,8.0,-9.9,-99,-999,«ÌªF¿¤,20,º¡¦{¶m,348
22.0779,120.8288,Âb·},C0R280,2017-02-22T22:00:00+08:00,242.0,0.0,0.1,21.7,-0.99,987.5,-99.0,8.0,-9.9,-99,-999,«ÌªF¿¤,20,º¡¦{¶m,348
22.0779,120.8288,Âb·},C0R280,2017-02-23T00:00:00+08:00,242.0,0.0,0.2,21.9,-0.99,987.3,-99.0,8.0,-9.9,-99,-999,«ÌªF¿¤,20,º¡¦{¶m,348
22.0779,120.8288,Âb·},C0R280,2017-02-23T02:00:00+08:00,242.0,0.0,0.0,21.9,-0.99,986.4,-99.0,0.0,-9.9,-99,-999,«ÌªF¿¤,20,º¡¦{¶m,348
22.0779,120.8288,Âb·},C0R280,2017-02-23T03:00:00+08:00,242.0,0.0,0.0,21.8,-0.99,986.1,-99.0,0.0,-9.9,-99,-999,«ÌªF¿¤,20,º¡¦{¶m,348
22.0779,120.8288,Âb·},C0R280,2017-02-23T04:00:00+08:00,242.0,0.0,0.1,22.2,-0.99,985.8,-99.0,0.0,-9.9,-99,-999,«ÌªF¿¤,20,º¡¦{¶m,348
22.0779,120.8288,Âb·},C0R280,2017-02-23T05:00:00+08:00,242.0,0.0,0.1,22.1,-0.99,986.0,-99.0,0.0,-9.9,-99,-999,«ÌªF¿¤,20,º¡¦{¶m,348
22.0779,120.8288,Âb·},C0R280,2017-02-23T06:00:00+08:00,242.0,237.0,0.3,22.2,-0.99,986.5,-99.0,0.0,-9.9,-99,-999,«ÌªF¿¤,20,º¡¦{¶m,348
22.0779,120.8288,Âb·},C0R280,2017-02-23T08:00:00+08:00,242.0,0.0,0.0,23.0,-0.99,987.8,-99.0,0.0,-9.9,-99,-999,«ÌªF¿¤,20,º¡¦{¶m,348
22.0779,120.8288,Âb·},C0R280,2017-02-23T10:00:00+08:00,242.0,60.0,1.9,21.9,-0.99,988.8,-99.0,0.0,-9.9,-99,-999,«ÌªF¿¤,20,º¡¦{¶m,348
22.0779,120.8288,Âb·},C0R280,2017-02-23T11:00:00+08:00,242.0,55.0,1.6,21.3,-0.99,988.7,-99.0,0.0,-9.9,-99,-999,«ÌªF¿¤,20,º¡¦{¶m,348
22.0779,120.8288,Âb·},C0R280,2017-02-23T12:00:00+08:00,242.0,59.0,2.1,21.4,-0.99,988.0,-99.0,0.0,-9.9,-99,-999,«ÌªF¿¤,20,º¡¦{¶m,348
22.0779,120.8288,Âb·},C0R280,2017-02-23T13:00:00+08:00,242.0,58.0,1.1,21.2,-0.99,987.5,-99.0,0.0,-9.9,-99,-999,«ÌªF¿¤,20,º¡¦{¶m,348
22.0779,120.8288,Âb·},C0R280,2017-02-23T14:00:00+08:00,242.0,57.0,1.6,21.0,-0.99,987.0,-99.0,0.0,-9.9,-99,-999,«ÌªF¿¤,20,º¡¦{¶m,348
22.0779,120.8288,Âb·},C0R280,2017-02-23T15:00:00+08:00,242.0,61.0,2.4,20.5,-0.99,986.6,-99.0,0.0,-9.9,-99,-999,«ÌªF¿¤,20,º¡¦{¶m,348
22.0779,120.8288,Âb·},C0R280,2017-02-23T19:00:00+08:00,242.0,62.0,4.1,18.4,-0.99,989.0,-99.0,1.5,-9.9,-99,-999,«ÌªF¿¤,20,º¡¦{¶m,348
22.0779,120.8288,Âb·},C0R280,2017-02-23T21:00:00+08:00,242.0,61.0,3.2,17.6,-0.99,990.7,-99.0,2.5,-9.9,-99,-999,«ÌªF¿¤,20,º¡¦{¶m,348
22.0779,120.8288,Âb·},C0R280,2017-02-23T23:00:00+08:00,242.0,59.0,3.7,16.8,-0.99,991.4,-99.0,5.5,-9.9,-99,-999,«ÌªF¿¤,20,º¡¦{¶m,348
22.0779,120.8288,Âb·},C0R280,2017-02-24T01:00:00+08:00,242.0,58.0,3.3,16.2,-0.99,991.5,-99.0,1.0,-9.9,-99,-999,«ÌªF¿¤,20,º¡¦{¶m,348
22.0779,120.8288,Âb·},C0R280,2017-02-24T02:00:00+08:00,242.0,58.0,3.0,15.8,-0.99,991.4,-99.0,1.5,-9.9,-99,-999,«ÌªF¿¤,20,º¡¦{¶m,348
22.0779,120.8288,Âb·},C0R280,2017-02-24T04:00:00+08:00,242.0,63.0,3.0,16.0,-0.99,990.6,-99.0,1.5,-9.9,-99,-999,«ÌªF¿¤,20,º¡¦{¶m,348
22.0779,120.8288,Âb·},C0R280,2017-02-24T05:00:00+08:00,242.0,59.0,3.3,16.3,-0.99,990.6,-99.0,1.5,-9.9,-99,-999,«ÌªF¿¤,20,º¡¦{¶m,348
22.0779,120.8288,Âb·},C0R280,2017-02-24T06:00:00+08:00,242.0,61.0,2.9,16.3,-0.99,991.2,-99.0,1.5,-9.9,-99,-999,«ÌªF¿¤,20,º¡¦{¶m,348
22.0779,120.8288,Âb·},C0R280,2017-02-24T07:00:00+08:00,242.0,61.0,3.2,16.6,-0.99,991.8,-99.0,1.5,-9.9,-99,-999,«ÌªF¿¤,20,º¡¦{¶m,348
22.0779,120.8288,Âb·},C0R280,2017-02-24T08:00:00+08:00,242.0,60.0,2.3,17.1,-0.99,992.2,-99.0,1.5,-9.9,-99,-999,«ÌªF¿¤,20,º¡¦{¶m,348
22.0779,120.8288,Âb·},C0R280,2017-02-24T09:00:00+08:00,242.0,58.0,2.6,17.9,-0.99,992.3,-99.0,1.5,-9.9,-99,-999,«ÌªF¿¤,20,º¡¦{¶m,348
22.0779,120.8288,Âb·},C0R280,2017-02-24T11:00:00+08:00,242.0,58.0,2.8,20.8,-0.99,991.6,-99.0,1.5,-9.9,-99,-999,«ÌªF¿¤,20,º¡¦{¶m,348
22.0779,120.8288,Âb·},C0R280,2017-02-24T12:00:00+08:00,242.0,64.0,2.2,21.1,-0.99,991.4,-99.0,1.5,-9.9,-99,-999,«ÌªF¿¤,20,º¡¦{¶m,348
22.0779,120.8288,Âb·},C0R280,2017-02-24T14:00:00+08:00,242.0,67.0,1.5,19.2,-0.99,990.0,-99.0,1.5,-9.9,-99,-999,«ÌªF¿¤,20,º¡¦{¶m,348
22.0779,120.8288,Âb·},C0R280,2017-02-24T15:00:00+08:00,242.0,53.0,1.4,18.6,-0.99,990.0,-99.0,1.5,-9.9,-99,-999,«ÌªF¿¤,20,º¡¦{¶m,348
22.0779,120.8288,Âb·},C0R280,2017-02-24T16:00:00+08:00,242.0,59.0,1.6,17.9,-0.99,990.3,-99.0,1.5,-9.9,-99,-999,«ÌªF¿¤,20,º¡¦{¶m,348
22.0779,120.8288,Âb·},C0R280,2017-02-24T17:00:00+08:00,242.0,65.0,1.9,17.4,-0.99,990.5,-99.0,1.5,-9.9,-99,-999,«ÌªF¿¤,20,º¡¦{¶m,348
22.0779,120.8288,Âb·},C0R280,2017-02-24T18:00:00+08:00,242.0,66.0,2.3,17.0,-0.99,991.0,-99.0,1.5,-9.9,-99,-999,«ÌªF¿¤,20,º¡¦{¶m,348
22.0779,120.8288,Âb·},C0R280,2017-02-24T20:00:00+08:00,242.0,60.0,2.8,17.0,-0.99,992.1,-99.0,1.5,-9.9,-99,-999,«ÌªF¿¤,20,º¡¦{¶m,348
22.0779,120.8288,Âb·},C0R280,2017-02-24T21:00:00+08:00,242.0,58.0,2.9,16.9,-0.99,992.6,-99.0,1.5,-9.9,-99,-999,«ÌªF¿¤,20,º¡¦{¶m,348
22.0779,120.8288,Âb·},C0R280,2017-02-24T23:00:00+08:00,242.0,59.0,2.9,17.2,-0.99,992.0,-99.0,1.5,-9.9,-99,-999,«ÌªF¿¤,20,º¡¦{¶m,348
22.0779,120.8288,Âb·},C0R280,2017-02-25T01:00:00+08:00,242.0,61.0,2.3,17.3,-0.99,991.5,-99.0,0.0,-9.9,-99,-999,«ÌªF¿¤,20,º¡¦{¶m,348
22.0779,120.8288,Âb·},C0R280,2017-02-25T04:00:00+08:00,242.0,57.0,2.0,16.9,-0.99,990.1,-99.0,0.0,-9.9,-99,-999,«ÌªF¿¤,20,º¡¦{¶m,348
22.0779,120.8288,Âb·},C0R280,2017-02-25T05:00:00+08:00,242.0,62.0,1.8,17.2,-0.99,990.1,-99.0,0.0,-9.9,-99,-999,«ÌªF¿¤,20,º¡¦{¶m,348
22.0779,120.8288,Âb·},C0R280,2017-02-25T06:00:00+08:00,242.0,54.0,1.7,17.2,-0.99,990.6,-99.0,0.0,-9.9,-99,-999,«ÌªF¿¤,20,º¡¦{¶m,348
22.0779,120.8288,Âb·},C0R280,2017-02-25T07:00:00+08:00,242.0,60.0,1.9,17.3,-0.99,990.8,-99.0,0.0,-9.9,-99,-999,«ÌªF¿¤,20,º¡¦{¶m,348
22.0779,120.8288,Âb·},C0R280,2017-02-25T08:00:00+08:00,242.0,54.0,1.5,17.9,-0.99,991.6,-99.0,0.0,-9.9,-99,-999,«ÌªF¿¤,20,º¡¦{¶m,348
22.0779,120.8288,Âb·},C0R280,2017-02-25T10:00:00+08:00,242.0,58.0,2.3,20.7,-0.99,991.0,-99.0,0.0,-9.9,-99,-999,«ÌªF¿¤,20,º¡¦{¶m,348
22.0779,120.8288,Âb·},C0R280,2017-02-25T11:00:00+08:00,242.0,56.0,1.9,21.5,-0.99,990.4,-99.0,0.0,-9.9,-99,-999,«ÌªF¿¤,20,º¡¦{¶m,348
22.0779,120.8288,Âb·},C0R280,2017-02-25T13:00:00+08:00,242.0,55.0,1.4,22.6,-0.99,988.2,-99.0,0.0,-9.9,-99,-999,«ÌªF¿¤,20,º¡¦{¶m,348
22.0779,120.8288,Âb·},C0R280,2017-02-25T14:00:00+08:00,242.0,57.0,2.2,22.0,-0.99,987.4,-99.0,0.0,-9.9,-99,-999,«ÌªF¿¤,20,º¡¦{¶m,348
22.0779,120.8288,Âb·},C0R280,2017-02-25T15:00:00+08:00,242.0,63.0,2.2,19.9,-0.99,987.0,-99.0,0.0,-9.9,-99,-999,«ÌªF¿¤,20,º¡¦{¶m,348
22.0779,120.8288,Âb·},C0R280,2017-02-25T16:00:00+08:00,242.0,62.0,1.4,19.5,-0.99,987.4,-99.0,0.0,-9.9,-99,-999,«ÌªF¿¤,20,º¡¦{¶m,348
22.0779,120.8288,Âb·},C0R280,2017-02-25T17:00:00+08:00,242.0,61.0,1.3,19.1,-0.99,987.7,-99.0,0.0,-9.9,-99,-999,«ÌªF¿¤,20,º¡¦{¶m,348
22.0779,120.8288,Âb·},C0R280,2017-02-25T18:00:00+08:00,242.0,55.0,1.1,18.6,-0.99,988.0,-99.0,0.0,-9.9,-99,-999,«ÌªF¿¤,20,º¡¦{¶m,348
22.0779,120.8288,Âb·},C0R280,2017-02-25T20:00:00+08:00,242.0,67.0,1.4,18.0,-0.99,989.2,-99.0,0.5,-9.9,-99,-999,«ÌªF¿¤,20,º¡¦{¶m,348
22.0779,120.8288,Âb·},C0R280,2017-02-25T21:00:00+08:00,242.0,64.0,1.9,17.8,-0.99,989.2,-99.0,0.5,-9.9,-99,-999,«ÌªF¿¤,20,º¡¦{¶m,348
22.0779,120.8288,Âb·},C0R280,2017-02-25T22:00:00+08:00,242.0,62.0,1.6,17.8,-0.99,989.6,-99.0,0.5,-9.9,-99,-999,«ÌªF¿¤,20,º¡¦{¶m,348
22.0779,120.8288,Âb·},C0R280,2017-02-25T23:00:00+08:00,242.0,60.0,1.6,17.7,-0.99,989.5,-99.0,0.5,-9.9,-99,-999,«ÌªF¿¤,20,º¡¦{¶m,348
22.0779,120.8288,Âb·},C0R280,2017-02-26T00:00:00+08:00,242.0,62.0,2.3,17.8,-0.99,988.9,-99.0,0.5,-9.9,-99,-999,«ÌªF¿¤,20,º¡¦{¶m,348
22.0779,120.8288,Âb·},C0R280,2017-02-26T01:00:00+08:00,242.0,62.0,1.4,17.7,-0.99,989.3,-99.0,0.0,-9.9,-99,-999,«ÌªF¿¤,20,º¡¦{¶m,348
22.0779,120.8288,Âb·},C0R280,2017-02-26T02:00:00+08:00,242.0,61.0,1.1,17.4,-0.99,989.0,-99.0,0.0,-9.9,-99,-999,«ÌªF¿¤,20,º¡¦{¶m,348
22.0779,120.8288,Âb·},C0R280,2017-02-26T03:00:00+08:00,242.0,66.0,1.5,17.4,-0.99,988.8,-99.0,0.0,-9.9,-99,-999,«ÌªF¿¤,20,º¡¦{¶m,348
22.0779,120.8288,Âb·},C0R280,2017-02-26T06:00:00+08:00,242.0,71.0,1.1,16.5,-0.99,988.8,-99.0,0.0,-9.9,-99,-999,«ÌªF¿¤,20,º¡¦{¶m,348
22.0779,120.8288,Âb·},C0R280,2017-02-26T07:00:00+08:00,242.0,76.0,0.4,16.8,-0.99,989.7,-99.0,0.0,-9.9,-99,-999,«ÌªF¿¤,20,º¡¦{¶m,348
22.0779,120.8288,Âb·},C0R280,2017-02-26T08:00:00+08:00,242.0,65.0,0.5,18.5,-0.99,990.1,-99.0,0.0,-9.9,-99,-999,«ÌªF¿¤,20,º¡¦{¶m,348
22.0779,120.8288,Âb·},C0R280,2017-02-26T10:00:00+08:00,242.0,63.0,1.4,20.5,-0.99,990.6,-99.0,0.0,-9.9,-99,-999,«ÌªF¿¤,20,º¡¦{¶m,348
22.0779,120.8288,Âb·},C0R280,2017-02-26T14:00:00+08:00,242.0,63.0,2.0,18.8,-0.99,988.5,-99.0,0.0,-9.9,-99,-999,«ÌªF¿¤,20,º¡¦{¶m,348
22.0779,120.8288,Âb·},C0R280,2017-02-26T15:00:00+08:00,242.0,63.0,2.0,18.1,-0.99,988.5,-99.0,0.0,-9.9,-99,-999,«ÌªF¿¤,20,º¡¦{¶m,348
22.0779,120.8288,Âb·},C0R280,2017-02-26T16:00:00+08:00,242.0,59.0,2.1,17.4,-0.99,989.0,-99.0,0.5,-9.9,-99,-999,«ÌªF¿¤,20,º¡¦{¶m,348
22.0779,120.8288,Âb·},C0R280,2017-02-26T17:00:00+08:00,242.0,59.0,3.2,16.6,-0.99,989.5,-99.0,2.5,-9.9,-99,-999,«ÌªF¿¤,20,º¡¦{¶m,348
22.0779,120.8288,Âb·},C0R280,2017-02-26T20:00:00+08:00,242.0,58.0,3.0,16.1,-0.99,991.2,-99.0,4.5,-9.9,-99,-999,«ÌªF¿¤,20,º¡¦{¶m,348
22.0779,120.8288,Âb·},C0R280,2017-02-26T21:00:00+08:00,242.0,59.0,3.2,16.0,-0.99,992.2,-99.0,4.5,-9.9,-99,-999,«ÌªF¿¤,20,º¡¦{¶m,348
22.0779,120.8288,Âb·},C0R280,2017-02-26T22:00:00+08:00,242.0,61.0,3.6,15.4,-0.99,992.2,-99.0,5.0,-9.9,-99,-999,«ÌªF¿¤,20,º¡¦{¶m,348
22.0779,120.8288,Âb·},C0R280,2017-02-26T23:00:00+08:00,242.0,64.0,4.1,15.3,-0.99,992.2,-99.0,5.5,-9.9,-99,-999,«ÌªF¿¤,20,º¡¦{¶m,348
22.0779,120.8288,Âb·},C0R280,2017-02-27T00:00:00+08:00,242.0,58.0,3.3,15.5,-0.99,992.1,-99.0,5.5,-9.9,-99,-999,«ÌªF¿¤,20,º¡¦{¶m,348
22.0779,120.8288,Âb·},C0R280,2017-02-27T01:00:00+08:00,242.0,60.0,3.4,15.7,-0.99,991.8,-99.0,0.0,-9.9,-99,-999,«ÌªF¿¤,20,º¡¦{¶m,348
22.0779,120.8288,Âb·},C0R280,2017-02-27T02:00:00+08:00,242.0,59.0,3.2,16.1,-0.99,991.5,-99.0,0.0,-9.9,-99,-999,«ÌªF¿¤,20,º¡¦{¶m,348
22.0779,120.8288,Âb·},C0R280,2017-02-27T03:00:00+08:00,242.0,59.0,2.6,16.4,-0.99,991.0,-99.0,0.0,-9.9,-99,-999,«ÌªF¿¤,20,º¡¦{¶m,348
22.0779,120.8288,Âb·},C0R280,2017-02-27T06:00:00+08:00,242.0,62.0,3.8,16.4,-0.99,991.9,-99.0,0.0,-9.9,-99,-999,«ÌªF¿¤,20,º¡¦{¶m,348
22.0779,120.8288,Âb·},C0R280,2017-02-27T10:00:00+08:00,242.0,58.0,3.5,18.4,-0.99,993.4,-99.0,0.0,-9.9,-99,-999,«ÌªF¿¤,20,º¡¦{¶m,348
22.0779,120.8288,Âb·},C0R280,2017-02-27T11:00:00+08:00,242.0,57.0,2.9,19.6,-0.99,993.0,-99.0,0.0,-9.9,-99,-999,«ÌªF¿¤,20,º¡¦{¶m,348
22.0779,120.8288,Âb·},C0R280,2017-02-27T12:00:00+08:00,242.0,58.0,2.9,19.9,-0.99,992.5,-99.0,0.0,-9.9,-99,-999,«ÌªF¿¤,20,º¡¦{¶m,348
22.0779,120.8288,Âb·},C0R280,2017-02-27T14:00:00+08:00,242.0,59.0,2.8,20.3,-0.99,991.0,-99.0,0.0,-9.9,-99,-999,«ÌªF¿¤,20,º¡¦{¶m,348
22.0779,120.8288,Âb·},C0R280,2017-02-27T15:00:00+08:00,242.0,63.0,3.0,19.8,-0.99,991.2,-99.0,0.0,-9.9,-99,-999,«ÌªF¿¤,20,º¡¦{¶m,348
22.0779,120.8288,Âb·},C0R280,2017-02-27T17:00:00+08:00,242.0,64.0,3.0,18.2,-0.99,991.7,-99.0,0.0,-9.9,-99,-999,«ÌªF¿¤,20,º¡¦{¶m,348
22.0779,120.8288,Âb·},C0R280,2017-02-27T18:00:00+08:00,242.0,61.0,2.8,17.4,-0.99,992.1,-99.0,0.0,-9.9,-99,-999,«ÌªF¿¤,20,º¡¦{¶m,348
22.0779,120.8288,Âb·},C0R280,2017-02-27T19:00:00+08:00,242.0,63.0,3.1,17.2,-0.99,992.5,-99.0,0.0,-9.9,-99,-999,«ÌªF¿¤,20,º¡¦{¶m,348
22.0779,120.8288,Âb·},C0R280,2017-02-27T20:00:00+08:00,242.0,61.0,2.3,17.0,-0.99,992.9,-99.0,0.0,-9.9,-99,-999,«ÌªF¿¤,20,º¡¦{¶m,348
22.0779,120.8288,Âb·},C0R280,2017-02-27T22:00:00+08:00,242.0,61.0,3.6,17.1,-0.99,993.0,-99.0,0.0,-9.9,-99,-999,«ÌªF¿¤,20,º¡¦{¶m,348
22.0779,120.8288,Âb·},C0R280,2017-02-28T02:00:00+08:00,242.0,59.0,3.0,16.7,-0.99,992.1,-99.0,0.0,-9.9,-99,-999,«ÌªF¿¤,20,º¡¦{¶m,348
22.0779,120.8288,Âb·},C0R280,2017-02-28T03:00:00+08:00,242.0,62.0,2.3,16.6,-0.99,991.7,-99.0,0.0,-9.9,-99,-999,«ÌªF¿¤,20,º¡¦{¶m,348
22.0779,120.8288,Âb·},C0R280,2017-02-28T04:00:00+08:00,242.0,64.0,2.0,16.3,-0.99,991.4,-99.0,0.0,-9.9,-99,-999,«ÌªF¿¤,20,º¡¦{¶m,348
22.0779,120.8288,Âb·},C0R280,2017-02-28T06:00:00+08:00,242.0,64.0,1.8,16.0,-0.99,992.2,-99.0,0.0,-9.9,-99,-999,«ÌªF¿¤,20,º¡¦{¶m,348
22.0779,120.8288,Âb·},C0R280,2017-02-28T08:00:00+08:00,242.0,62.0,2.2,17.6,-0.99,992.7,-99.0,0.0,-9.9,-99,-999,«ÌªF¿¤,20,º¡¦{¶m,348
22.0779,120.8288,Âb·},C0R280,2017-02-28T10:00:00+08:00,242.0,58.0,2.0,21.7,-0.99,992.3,-99.0,0.0,-9.9,-99,-999,«ÌªF¿¤,20,º¡¦{¶m,348
22.0779,120.8288,Âb·},C0R280,2017-02-28T11:00:00+08:00,242.0,62.0,2.6,22.3,-0.99,991.8,-99.0,0.0,-9.9,-99,-999,«ÌªF¿¤,20,º¡¦{¶m,348
22.0779,120.8288,Âb·},C0R280,2017-02-28T12:00:00+08:00,242.0,61.0,2.8,22.2,-0.99,990.8,-99.0,0.0,-9.9,-99,-999,«ÌªF¿¤,20,º¡¦{¶m,348
22.0779,120.8288,Âb·},C0R280,2017-02-28T13:00:00+08:00,242.0,59.0,1.8,22.9,-0.99,990.1,-99.0,0.0,-9.9,-99,-999,«ÌªF¿¤,20,º¡¦{¶m,348
22.0779,120.8288,Âb·},C0R280,2017-02-28T15:00:00+08:00,242.0,59.0,1.9,21.6,-0.99,988.4,-99.0,0.0,-9.9,-99,-999,«ÌªF¿¤,20,º¡¦{¶m,348
22.0779,120.8288,Âb·},C0R280,2017-02-28T17:00:00+08:00,242.0,63.0,1.4,20.2,-0.99,988.5,-99.0,0.0,-9.9,-99,-999,«ÌªF¿¤,20,º¡¦{¶m,348
22.0779,120.8288,Âb·},C0R280,2017-02-28T18:00:00+08:00,242.0,64.0,1.5,19.5,-0.99,988.6,-99.0,0.0,-9.9,-99,-999,«ÌªF¿¤,20,º¡¦{¶m,348
22.0779,120.8288,Âb·},C0R280,2017-02-28T19:00:00+08:00,242.0,65.0,1.3,18.5,-0.99,989.0,-99.0,0.0,-9.9,-99,-999,«ÌªF¿¤,20,º¡¦{¶m,348
22.0779,120.8288,Âb·},C0R280,2017-02-28T21:00:00+08:00,242.0,63.0,1.3,17.8,-0.99,989.5,-99.0,0.0,-9.9,-99,-999,«ÌªF¿¤,20,º¡¦{¶m,348
22.0779,120.8288,Âb·},C0R280,2017-02-28T22:00:00+08:00,242.0,62.0,1.1,17.6,-0.99,989.6,-99.0,0.0,-9.9,-99,-999,«ÌªF¿¤,20,º¡¦{¶m,348
22.0779,120.8288,Âb·},C0R280,2017-02-28T23:00:00+08:00,242.0,68.0,1.5,17.5,-0.99,989.5,-99.0,0.0,-9.9,-99,-999,«ÌªF¿¤,20,º¡¦{¶m,348
