22.3722,120.6203,春日,C0R260,2017-02-01T07:00:00+08:00,76.0,0.0,0.0,19.1,0.95,1010.2,-99.0,0.0,-9.9,-99,-999,屏東縣,20,春日鄉,343
22.3722,120.6203,春日,C0R260,2017-02-01T05:00:00+08:00,76.0,115.0,1.3,19.8,0.86,1009.1,-99.0,0.0,-9.9,-99,-999,屏東縣,20,春日鄉,343
22.3722,120.6203,春日,C0R260,2017-02-01T02:00:00+08:00,76.0,59.0,0.3,19.2,0.93,1009.4,-99.0,0.0,-9.9,-99,-999,屏東縣,20,春日鄉,343
22.3722,120.6203,春日,C0R260,2017-02-01T11:00:00+08:00,76.0,320.0,2.0,21.9,0.83,1010.7,-99.0,0.0,-9.9,-99,-999,屏東縣,20,春日鄉,343
22.3722,120.6203,春日,C0R260,2017-02-02T10:00:00+08:00,76.0,211.0,0.6,22.3,0.70,1013.2,-99.0,0.0,-9.9,-99,-999,屏東縣,20,春日鄉,343
22.3722,120.6203,春日,C0R260,2017-02-02T09:00:00+08:00,76.0,278.0,0.7,20.6,0.79,1013.2,-99.0,0.0,-9.9,-99,-999,屏東縣,20,春日鄉,343
22.3722,120.6203,春日,C0R260,2017-02-02T08:00:00+08:00,76.0,296.0,0.4,17.7,0.91,1012.7,-99.0,0.0,-9.9,-99,-999,屏東縣,20,春日鄉,343
22.3722,120.6203,春日,C0R260,2017-02-02T11:00:00+08:00,76.0,240.0,0.9,23.5,0.64,1012.6,-99.0,0.0,-9.9,-99,-999,屏東縣,20,春日鄉,343
22.3722,120.6203,春日,C0R260,2017-02-02T14:00:00+08:00,76.0,258.0,1.4,22.3,0.70,1010.2,-99.0,0.0,-9.9,-99,-999,屏東縣,20,春日鄉,343
22.3722,120.6203,春日,C0R260,2017-02-02T15:00:00+08:00,76.0,213.0,0.7,23.3,0.66,1009.7,-99.0,0.0,-9.9,-99,-999,屏東縣,20,春日鄉,343
22.3722,120.6203,春日,C0R260,2017-02-02T16:00:00+08:00,76.0,247.0,0.9,22.7,0.68,1010.1,-99.0,0.0,-9.9,-99,-999,屏東縣,20,春日鄉,343
22.3722,120.6203,春日,C0R260,2017-02-02T17:00:00+08:00,76.0,212.0,0.4,21.3,0.74,1010.6,-99.0,0.0,-9.9,-99,-999,屏東縣,20,春日鄉,343
22.3722,120.6203,春日,C0R260,2017-02-02T18:00:00+08:00,76.0,107.0,0.6,19.3,0.81,1010.6,-99.0,0.0,-9.9,-99,-999,屏東縣,20,春日鄉,343
22.3722,120.6203,春日,C0R260,2017-02-02T19:00:00+08:00,76.0,133.0,0.9,19.5,0.78,1010.9,-99.0,0.0,-9.9,-99,-999,屏東縣,20,春日鄉,343
22.3722,120.6203,春日,C0R260,2017-02-02T20:00:00+08:00,76.0,81.0,1.3,17.8,0.89,1011.3,-99.0,0.0,-9.9,-99,-999,屏東縣,20,春日鄉,343
22.3722,120.6203,春日,C0R260,2017-02-02T21:00:00+08:00,76.0,141.0,1.6,18.6,0.85,1011.8,-99.0,0.0,-9.9,-99,-999,屏東縣,20,春日鄉,343
22.3722,120.6203,春日,C0R260,2017-02-02T22:00:00+08:00,76.0,126.0,0.9,17.6,0.90,1011.8,-99.0,0.0,-9.9,-99,-999,屏東縣,20,春日鄉,343
22.3722,120.6203,春日,C0R260,2017-02-02T23:00:00+08:00,76.0,299.0,0.9,16.7,0.91,1011.5,-99.0,0.0,-9.9,-99,-999,屏東縣,20,春日鄉,343
22.3722,120.6203,春日,C0R260,2017-02-03T00:00:00+08:00,76.0,46.0,1.1,16.7,0.88,1011.4,-99.0,0.0,-9.9,-99,-999,屏東縣,20,春日鄉,343
22.3722,120.6203,春日,C0R260,2017-02-03T01:00:00+08:00,76.0,44.0,0.6,17.3,0.83,1011.2,-99.0,0.0,-9.9,-99,-999,屏東縣,20,春日鄉,343
22.3722,120.6203,春日,C0R260,2017-02-03T02:00:00+08:00,76.0,36.0,2.1,17.3,0.83,1010.9,-99.0,0.0,-9.9,-99,-999,屏東縣,20,春日鄉,343
22.3722,120.6203,春日,C0R260,2017-02-03T04:00:00+08:00,76.0,60.0,1.0,17.5,0.81,1010.3,-99.0,0.0,-9.9,-99,-999,屏東縣,20,春日鄉,343
22.3722,120.6203,春日,C0R260,2017-02-03T05:00:00+08:00,76.0,0.0,0.0,15.8,0.91,1010.3,-99.0,0.0,-9.9,-99,-999,屏東縣,20,春日鄉,343
22.3722,120.6203,春日,C0R260,2017-02-03T06:00:00+08:00,76.0,213.0,0.5,15.4,0.94,1010.7,-99.0,0.0,-9.9,-99,-999,屏東縣,20,春日鄉,343
22.3722,120.6203,春日,C0R260,2017-02-03T07:00:00+08:00,76.0,117.0,0.5,15.7,0.94,1011.3,-99.0,0.0,-9.9,-99,-999,屏東縣,20,春日鄉,343
22.3722,120.6203,春日,C0R260,2017-02-03T08:00:00+08:00,76.0,15.0,0.3,18.7,0.82,1011.6,-99.0,0.0,-9.9,-99,-999,屏東縣,20,春日鄉,343
22.3722,120.6203,春日,C0R260,2017-02-03T10:00:00+08:00,76.0,308.0,1.4,22.5,0.62,1011.6,-99.0,0.0,-9.9,-99,-999,屏東縣,20,春日鄉,343
22.3722,120.6203,春日,C0R260,2017-02-03T11:00:00+08:00,76.0,275.0,1.3,24.2,0.55,1010.8,-99.0,0.0,-9.9,-99,-999,屏東縣,20,春日鄉,343
22.3722,120.6203,春日,C0R260,2017-02-03T12:00:00+08:00,76.0,265.0,1.6,25.4,0.54,1009.5,-99.0,0.0,-9.9,-99,-999,屏東縣,20,春日鄉,343
22.3722,120.6203,春日,C0R260,2017-02-03T13:00:00+08:00,76.0,240.0,1.3,26.5,0.52,1008.3,-99.0,0.0,-9.9,-99,-999,屏東縣,20,春日鄉,343
22.3722,120.6203,春日,C0R260,2017-02-03T14:00:00+08:00,76.0,275.0,1.5,24.8,0.57,1007.6,-99.0,0.0,-9.9,-99,-999,屏東縣,20,春日鄉,343
22.3722,120.6203,春日,C0R260,2017-02-03T15:00:00+08:00,76.0,256.0,1.3,24.4,0.59,1007.2,-99.0,0.0,-9.9,-99,-999,屏東縣,20,春日鄉,343
22.3722,120.6203,春日,C0R260,2017-02-03T16:00:00+08:00,76.0,293.0,1.0,23.7,0.62,1007.5,-99.0,0.0,-9.9,-99,-999,屏東縣,20,春日鄉,343
22.3722,120.6203,春日,C0R260,2017-02-03T17:00:00+08:00,76.0,262.0,0.7,22.6,0.68,1008.0,-99.0,0.0,-9.9,-99,-999,屏東縣,20,春日鄉,343
22.3722,120.6203,春日,C0R260,2017-02-03T18:00:00+08:00,76.0,0.0,0.0,20.4,0.77,1008.5,-99.0,0.0,-9.9,-99,-999,屏東縣,20,春日鄉,343
22.3722,120.6203,春日,C0R260,2017-02-03T19:00:00+08:00,76.0,0.0,0.1,18.9,0.85,1009.0,-99.0,0.0,-9.9,-99,-999,屏東縣,20,春日鄉,343
22.3722,120.6203,春日,C0R260,2017-02-03T20:00:00+08:00,76.0,0.0,0.2,18.3,0.89,1009.5,-99.0,0.0,-9.9,-99,-999,屏東縣,20,春日鄉,343
22.3722,120.6203,春日,C0R260,2017-02-03T21:00:00+08:00,76.0,146.0,0.9,18.1,0.90,1009.8,-99.0,0.0,-9.9,-99,-999,屏東縣,20,春日鄉,343
22.3722,120.6203,春日,C0R260,2017-02-03T22:00:00+08:00,76.0,0.0,0.0,17.9,0.91,1009.7,-99.0,0.0,-9.9,-99,-999,屏東縣,20,春日鄉,343
22.3722,120.6203,春日,C0R260,2017-02-03T23:00:00+08:00,76.0,124.0,0.4,17.8,0.93,1009.4,-99.0,0.0,-9.9,-99,-999,屏東縣,20,春日鄉,343
22.3722,120.6203,春日,C0R260,2017-02-04T00:00:00+08:00,76.0,0.0,0.2,18.0,0.90,1009.0,-99.0,0.0,-9.9,-99,-999,屏東縣,20,春日鄉,343
22.3722,120.6203,春日,C0R260,2017-02-04T01:00:00+08:00,76.0,124.0,0.6,19.2,0.83,1009.0,-99.0,0.0,-9.9,-99,-999,屏東縣,20,春日鄉,343
22.3722,120.6203,春日,C0R260,2017-02-04T02:00:00+08:00,76.0,0.0,0.0,18.3,0.90,1008.4,-99.0,0.0,-9.9,-99,-999,屏東縣,20,春日鄉,343
22.3722,120.6203,春日,C0R260,2017-02-04T03:00:00+08:00,76.0,0.0,0.0,17.9,0.92,1007.9,-99.0,0.0,-9.9,-99,-999,屏東縣,20,春日鄉,343
22.3722,120.6203,春日,C0R260,2017-02-04T04:00:00+08:00,76.0,0.0,0.0,17.4,0.94,1007.0,-99.0,0.0,-9.9,-99,-999,屏東縣,20,春日鄉,343
22.3722,120.6203,春日,C0R260,2017-02-04T05:00:00+08:00,76.0,0.0,0.0,17.2,0.94,1007.0,-99.0,0.0,-9.9,-99,-999,屏東縣,20,春日鄉,343
22.3722,120.6203,春日,C0R260,2017-02-04T06:00:00+08:00,76.0,0.0,0.0,17.2,0.94,1007.8,-99.0,0.0,-9.9,-99,-999,屏東縣,20,春日鄉,343
22.3722,120.6203,春日,C0R260,2017-02-04T07:00:00+08:00,76.0,0.0,0.2,17.7,0.91,1008.0,-99.0,0.0,-9.9,-99,-999,屏東縣,20,春日鄉,343
22.3722,120.6203,春日,C0R260,2017-02-04T08:00:00+08:00,76.0,0.0,0.2,18.9,0.90,1008.0,-99.0,0.0,-9.9,-99,-999,屏東縣,20,春日鄉,343
22.3722,120.6203,春日,C0R260,2017-02-04T10:00:00+08:00,76.0,0.0,0.0,20.9,0.79,1008.9,-99.0,0.0,-9.9,-99,-999,屏東縣,20,春日鄉,343
22.3722,120.6203,春日,C0R260,2017-02-04T11:00:00+08:00,76.0,193.0,0.5,22.1,0.70,1008.2,-99.0,0.0,-9.9,-99,-999,屏東縣,20,春日鄉,343
22.3722,120.6203,春日,C0R260,2017-02-04T12:00:00+08:00,76.0,285.0,1.2,24.1,0.59,1006.7,-99.0,0.0,-9.9,-99,-999,屏東縣,20,春日鄉,343
22.3722,120.6203,春日,C0R260,2017-02-04T13:00:00+08:00,76.0,231.0,0.9,24.6,0.57,1005.4,-99.0,0.0,-9.9,-99,-999,屏東縣,20,春日鄉,343
22.3722,120.6203,春日,C0R260,2017-02-04T14:00:00+08:00,76.0,283.0,0.7,24.2,0.58,1004.3,-99.0,0.0,-9.9,-99,-999,屏東縣,20,春日鄉,343
22.3722,120.6203,春日,C0R260,2017-02-04T15:00:00+08:00,76.0,334.0,1.2,24.0,0.59,1003.4,-99.0,0.0,-9.9,-99,-999,屏東縣,20,春日鄉,343
22.3722,120.6203,春日,C0R260,2017-02-04T16:00:00+08:00,76.0,236.0,0.7,23.5,0.63,1003.6,-99.0,0.0,-9.9,-99,-999,屏東縣,20,春日鄉,343
22.3722,120.6203,春日,C0R260,2017-02-04T17:00:00+08:00,76.0,118.0,1.3,22.1,0.66,1003.8,-99.0,0.0,-9.9,-99,-999,屏東縣,20,春日鄉,343
22.3722,120.6203,春日,C0R260,2017-02-04T18:00:00+08:00,76.0,79.0,0.9,20.4,0.77,1003.7,-99.0,0.0,-9.9,-99,-999,屏東縣,20,春日鄉,343
22.3722,120.6203,春日,C0R260,2017-02-04T19:00:00+08:00,76.0,72.0,0.8,20.6,0.72,1004.6,-99.0,0.0,-9.9,-99,-999,屏東縣,20,春日鄉,343
22.3722,120.6203,春日,C0R260,2017-02-04T20:00:00+08:00,76.0,81.0,1.0,20.6,0.75,1005.1,-99.0,0.0,-9.9,-99,-999,屏東縣,20,春日鄉,343
22.3722,120.6203,春日,C0R260,2017-02-04T21:00:00+08:00,76.0,76.0,0.9,19.7,0.81,1004.8,-99.0,0.0,-9.9,-99,-999,屏東縣,20,春日鄉,343
22.3722,120.6203,春日,C0R260,2017-02-04T22:00:00+08:00,76.0,64.0,0.9,19.7,0.81,1005.6,-99.0,0.0,-9.9,-99,-999,屏東縣,20,春日鄉,343
22.3722,120.6203,春日,C0R260,2017-02-04T23:00:00+08:00,76.0,87.0,1.1,19.7,0.78,1005.2,-99.0,0.0,-9.9,-99,-999,屏東縣,20,春日鄉,343
22.3722,120.6203,春日,C0R260,2017-02-05T00:00:00+08:00,76.0,93.0,0.7,19.6,0.78,1004.9,-99.0,0.0,-9.9,-99,-999,屏東縣,20,春日鄉,343
22.3722,120.6203,春日,C0R260,2017-02-05T01:00:00+08:00,76.0,118.0,0.3,19.1,0.81,1004.7,-99.0,0.0,-9.9,-99,-999,屏東縣,20,春日鄉,343
22.3722,120.6203,春日,C0R260,2017-02-05T03:00:00+08:00,76.0,89.0,0.9,19.1,0.80,1002.9,-99.0,0.0,-9.9,-99,-999,屏東縣,20,春日鄉,343
22.3722,120.6203,春日,C0R260,2017-02-05T04:00:00+08:00,76.0,49.0,0.9,19.1,0.79,1002.2,-99.0,0.0,-9.9,-99,-999,屏東縣,20,春日鄉,343
22.3722,120.6203,春日,C0R260,2017-02-05T05:00:00+08:00,76.0,72.0,0.6,19.2,0.80,1002.6,-99.0,0.0,-9.9,-99,-999,屏東縣,20,春日鄉,343
22.3722,120.6203,春日,C0R260,2017-02-05T06:00:00+08:00,76.0,190.0,0.6,18.8,0.84,1003.8,-99.0,0.0,-9.9,-99,-999,屏東縣,20,春日鄉,343
22.3722,120.6203,春日,C0R260,2017-02-05T07:00:00+08:00,76.0,0.0,0.0,19.1,0.81,1004.1,-99.0,0.0,-9.9,-99,-999,屏東縣,20,春日鄉,343
22.3722,120.6203,春日,C0R260,2017-02-05T08:00:00+08:00,76.0,213.0,0.3,21.1,0.76,1004.3,-99.0,0.0,-9.9,-99,-999,屏東縣,20,春日鄉,343
22.3722,120.6203,春日,C0R260,2017-02-05T10:00:00+08:00,76.0,292.0,1.0,24.7,0.60,1004.8,-99.0,0.0,-9.9,-99,-999,屏東縣,20,春日鄉,343
22.3722,120.6203,春日,C0R260,2017-02-05T11:00:00+08:00,76.0,264.0,1.1,26.0,0.50,1004.5,-99.0,0.0,-9.9,-99,-999,屏東縣,20,春日鄉,343
22.3722,120.6203,春日,C0R260,2017-02-05T12:00:00+08:00,76.0,256.0,0.9,25.3,0.49,1004.1,-99.0,0.0,-9.9,-99,-999,屏東縣,20,春日鄉,343
22.3722,120.6203,春日,C0R260,2017-02-05T13:00:00+08:00,76.0,247.0,1.3,25.6,0.50,1003.1,-99.0,0.0,-9.9,-99,-999,屏東縣,20,春日鄉,343
22.3722,120.6203,春日,C0R260,2017-02-05T14:00:00+08:00,76.0,223.0,0.8,25.4,0.52,1001.7,-99.0,0.0,-9.9,-99,-999,屏東縣,20,春日鄉,343
22.3722,120.6203,春日,C0R260,2017-02-05T15:00:00+08:00,76.0,0.0,0.2,24.5,0.55,1001.6,-99.0,0.0,-9.9,-99,-999,屏東縣,20,春日鄉,343
22.3722,120.6203,春日,C0R260,2017-02-05T16:00:00+08:00,76.0,205.0,0.7,24.7,0.53,1001.0,-99.0,0.0,-9.9,-99,-999,屏東縣,20,春日鄉,343
22.3722,120.6203,春日,C0R260,2017-02-05T17:00:00+08:00,76.0,74.0,0.4,22.7,0.65,1001.5,-99.0,0.0,-9.9,-99,-999,屏東縣,20,春日鄉,343
22.3722,120.6203,春日,C0R260,2017-02-05T18:00:00+08:00,76.0,95.0,1.1,21.2,0.71,1002.5,-99.0,0.0,-9.9,-99,-999,屏東縣,20,春日鄉,343
22.3722,120.6203,春日,C0R260,2017-02-05T19:00:00+08:00,76.0,85.0,0.7,20.9,0.75,1002.3,-99.0,0.0,-9.9,-99,-999,屏東縣,20,春日鄉,343
22.3722,120.6203,春日,C0R260,2017-02-05T20:00:00+08:00,76.0,115.0,1.3,20.6,0.84,1002.9,-99.0,0.0,-9.9,-99,-999,屏東縣,20,春日鄉,343
22.3722,120.6203,春日,C0R260,2017-02-05T21:00:00+08:00,76.0,102.0,1.0,20.1,0.91,1003.1,-99.0,0.0,-9.9,-99,-999,屏東縣,20,春日鄉,343
22.3722,120.6203,春日,C0R260,2017-02-05T22:00:00+08:00,76.0,73.0,1.0,20.3,0.91,1003.3,-99.0,0.0,-9.9,-99,-999,屏東縣,20,春日鄉,343
22.3722,120.6203,春日,C0R260,2017-02-06T00:00:00+08:00,76.0,23.0,2.3,19.8,0.87,1003.5,-99.0,0.5,-9.9,-99,-999,屏東縣,20,春日鄉,343
22.3722,120.6203,春日,C0R260,2017-02-06T01:00:00+08:00,76.0,89.0,1.1,19.0,0.93,1003.5,-99.0,0.0,-9.9,-99,-999,屏東縣,20,春日鄉,343
22.3722,120.6203,春日,C0R260,2017-02-06T02:00:00+08:00,76.0,58.0,0.9,19.0,0.93,1003.6,-99.0,0.0,-9.9,-99,-999,屏東縣,20,春日鄉,343
22.3722,120.6203,春日,C0R260,2017-02-06T03:00:00+08:00,76.0,0.0,0.0,18.9,0.95,1002.9,-99.0,0.0,-9.9,-99,-999,屏東縣,20,春日鄉,343
22.3722,120.6203,春日,C0R260,2017-02-06T04:00:00+08:00,76.0,62.0,1.0,18.6,0.95,1002.9,-99.0,0.0,-9.9,-99,-999,屏東縣,20,春日鄉,343
22.3722,120.6203,春日,C0R260,2017-02-06T05:00:00+08:00,76.0,0.0,0.2,18.5,0.95,1003.3,-99.0,0.0,-9.9,-99,-999,屏東縣,20,春日鄉,343
22.3722,120.6203,春日,C0R260,2017-02-06T06:00:00+08:00,76.0,74.0,0.3,18.3,0.94,1004.1,-99.0,0.0,-9.9,-99,-999,屏東縣,20,春日鄉,343
22.3722,120.6203,春日,C0R260,2017-02-06T07:00:00+08:00,76.0,68.0,1.1,18.0,0.94,1004.9,-99.0,0.0,-9.9,-99,-999,屏東縣,20,春日鄉,343
22.3722,120.6203,春日,C0R260,2017-02-06T08:00:00+08:00,76.0,105.0,0.7,19.7,0.89,1005.9,-99.0,0.0,-9.9,-99,-999,屏東縣,20,春日鄉,343
22.3722,120.6203,春日,C0R260,2017-02-06T10:00:00+08:00,76.0,312.0,1.3,22.4,0.79,1006.8,-99.0,0.0,-9.9,-99,-999,屏東縣,20,春日鄉,343
22.3722,120.6203,春日,C0R260,2017-02-06T11:00:00+08:00,76.0,247.0,0.7,23.5,0.73,1006.5,-99.0,0.0,-9.9,-99,-999,屏東縣,20,春日鄉,343
22.3722,120.6203,春日,C0R260,2017-02-06T12:00:00+08:00,76.0,251.0,1.4,24.6,0.67,1005.9,-99.0,0.0,-9.9,-99,-999,屏東縣,20,春日鄉,343
22.3722,120.6203,春日,C0R260,2017-02-06T13:00:00+08:00,76.0,268.0,1.4,24.5,0.65,1004.9,-99.0,0.0,-9.9,-99,-999,屏東縣,20,春日鄉,343
22.3722,120.6203,春日,C0R260,2017-02-06T14:00:00+08:00,76.0,263.0,1.3,26.7,0.58,1004.3,-99.0,0.0,-9.9,-99,-999,屏東縣,20,春日鄉,343
22.3722,120.6203,春日,C0R260,2017-02-06T15:00:00+08:00,76.0,244.0,1.3,25.2,0.63,1004.1,-99.0,0.0,-9.9,-99,-999,屏東縣,20,春日鄉,343
22.3722,120.6203,春日,C0R260,2017-02-06T16:00:00+08:00,76.0,205.0,1.2,24.0,0.67,1004.2,-99.0,0.0,-9.9,-99,-999,屏東縣,20,春日鄉,343
22.3722,120.6203,春日,C0R260,2017-02-06T17:00:00+08:00,76.0,245.0,0.6,22.3,0.75,1004.7,-99.0,0.0,-9.9,-99,-999,屏東縣,20,春日鄉,343
22.3722,120.6203,春日,C0R260,2017-02-06T18:00:00+08:00,76.0,118.0,0.3,21.3,0.76,1004.9,-99.0,0.0,-9.9,-99,-999,屏東縣,20,春日鄉,343
22.3722,120.6203,春日,C0R260,2017-02-06T19:00:00+08:00,76.0,58.0,2.1,21.3,0.56,1005.2,-99.0,0.0,-9.9,-99,-999,屏東縣,20,春日鄉,343
22.3722,120.6203,春日,C0R260,2017-02-06T20:00:00+08:00,76.0,176.0,1.1,20.9,0.71,1005.9,-99.0,0.0,-9.9,-99,-999,屏東縣,20,春日鄉,343
22.3722,120.6203,春日,C0R260,2017-02-06T21:00:00+08:00,76.0,87.0,2.9,20.3,0.66,1006.4,-99.0,0.0,-9.9,-99,-999,屏東縣,20,春日鄉,343
22.3722,120.6203,春日,C0R260,2017-02-06T22:00:00+08:00,76.0,151.0,2.4,21.2,0.56,1006.3,-99.0,0.0,-9.9,-99,-999,屏東縣,20,春日鄉,343
22.3722,120.6203,春日,C0R260,2017-02-06T23:00:00+08:00,76.0,73.0,1.4,18.5,0.77,1006.5,-99.0,0.0,-9.9,-99,-999,屏東縣,20,春日鄉,343
22.3722,120.6203,春日,C0R260,2017-02-07T01:00:00+08:00,76.0,0.0,0.1,17.6,0.85,1007.2,-99.0,0.0,-9.9,-99,-999,屏東縣,20,春日鄉,343
22.3722,120.6203,春日,C0R260,2017-02-07T02:00:00+08:00,76.0,75.0,2.3,19.2,0.57,1006.9,-99.0,0.0,-9.9,-99,-999,屏東縣,20,春日鄉,343
22.3722,120.6203,春日,C0R260,2017-02-07T03:00:00+08:00,76.0,76.0,0.8,17.9,0.68,1006.7,-99.0,0.0,-9.9,-99,-999,屏東縣,20,春日鄉,343
22.3722,120.6203,春日,C0R260,2017-02-07T04:00:00+08:00,76.0,103.0,2.1,19.5,0.55,1006.8,-99.0,0.0,-9.9,-99,-999,屏東縣,20,春日鄉,343
22.3722,120.6203,春日,C0R260,2017-02-07T05:00:00+08:00,76.0,64.0,2.6,19.3,0.56,1007.2,-99.0,0.0,-9.9,-99,-999,屏東縣,20,春日鄉,343
22.3722,120.6203,春日,C0R260,2017-02-07T06:00:00+08:00,76.0,104.0,1.5,19.3,0.53,1007.5,-99.0,0.0,-9.9,-99,-999,屏東縣,20,春日鄉,343
22.3722,120.6203,春日,C0R260,2017-02-07T07:00:00+08:00,76.0,75.0,2.7,19.6,0.50,1007.9,-99.0,0.0,-9.9,-99,-999,屏東縣,20,春日鄉,343
22.3722,120.6203,春日,C0R260,2017-02-07T08:00:00+08:00,76.0,59.0,3.4,20.9,0.43,1007.8,-99.0,0.0,-9.9,-99,-999,屏東縣,20,春日鄉,343
22.3722,120.6203,春日,C0R260,2017-02-07T10:00:00+08:00,76.0,215.0,1.1,25.6,0.43,1008.1,-99.0,0.0,-9.9,-99,-999,屏東縣,20,春日鄉,343
22.3722,120.6203,春日,C0R260,2017-02-07T11:00:00+08:00,76.0,260.0,1.4,25.6,0.43,1007.7,-99.0,0.0,-9.9,-99,-999,屏東縣,20,春日鄉,343
22.3722,120.6203,春日,C0R260,2017-02-07T12:00:00+08:00,76.0,271.0,1.7,24.2,0.59,1007.0,-99.0,0.0,-9.9,-99,-999,屏東縣,20,春日鄉,343
22.3722,120.6203,春日,C0R260,2017-02-07T13:00:00+08:00,76.0,272.0,1.0,22.7,0.64,1006.5,-99.0,0.0,-9.9,-99,-999,屏東縣,20,春日鄉,343
22.3722,120.6203,春日,C0R260,2017-02-07T14:00:00+08:00,76.0,254.0,1.6,23.5,0.63,1005.8,-99.0,0.0,-9.9,-99,-999,屏東縣,20,春日鄉,343
22.3722,120.6203,春日,C0R260,2017-02-07T15:00:00+08:00,76.0,281.0,0.8,22.8,0.64,1005.7,-99.0,0.0,-9.9,-99,-999,屏東縣,20,春日鄉,343
22.3722,120.6203,春日,C0R260,2017-02-07T16:00:00+08:00,76.0,259.0,0.7,22.1,0.68,1005.6,-99.0,0.0,-9.9,-99,-999,屏東縣,20,春日鄉,343
22.3722,120.6203,春日,C0R260,2017-02-07T17:00:00+08:00,76.0,0.0,0.0,21.2,0.71,1005.8,-99.0,0.0,-9.9,-99,-999,屏東縣,20,春日鄉,343
22.3722,120.6203,春日,C0R260,2017-02-07T18:00:00+08:00,76.0,0.0,0.0,18.7,0.84,1006.0,-99.0,0.0,-9.9,-99,-999,屏東縣,20,春日鄉,343
22.3722,120.6203,春日,C0R260,2017-02-07T19:00:00+08:00,76.0,0.0,0.1,17.8,0.87,1006.4,-99.0,0.0,-9.9,-99,-999,屏東縣,20,春日鄉,343
22.3722,120.6203,春日,C0R260,2017-02-07T20:00:00+08:00,76.0,0.0,0.2,17.1,0.87,1006.7,-99.0,0.0,-9.9,-99,-999,屏東縣,20,春日鄉,343
22.3722,120.6203,春日,C0R260,2017-02-07T21:00:00+08:00,76.0,95.0,1.8,18.1,0.79,1007.0,-99.0,0.0,-9.9,-99,-999,屏東縣,20,春日鄉,343
22.3722,120.6203,春日,C0R260,2017-02-07T22:00:00+08:00,76.0,117.0,1.5,18.3,0.75,1007.0,-99.0,0.0,-9.9,-99,-999,屏東縣,20,春日鄉,343
22.3722,120.6203,春日,C0R260,2017-02-07T23:00:00+08:00,76.0,108.0,1.2,16.7,0.82,1006.7,-99.0,0.0,-9.9,-99,-999,屏東縣,20,春日鄉,343
22.3722,120.6203,春日,C0R260,2017-02-08T00:00:00+08:00,76.0,91.0,1.4,16.8,0.83,1006.8,-99.0,0.0,-9.9,-99,-999,屏東縣,20,春日鄉,343
22.3722,120.6203,春日,C0R260,2017-02-08T01:00:00+08:00,76.0,90.0,1.2,16.7,0.86,1006.7,-99.0,0.0,-9.9,-99,-999,屏東縣,20,春日鄉,343
22.3722,120.6203,春日,C0R260,2017-02-08T02:00:00+08:00,76.0,134.0,0.8,16.6,0.82,1006.4,-99.0,0.0,-9.9,-99,-999,屏東縣,20,春日鄉,343
22.3722,120.6203,春日,C0R260,2017-02-08T03:00:00+08:00,76.0,21.0,2.2,17.8,0.79,1006.2,-99.0,0.0,-9.9,-99,-999,屏東縣,20,春日鄉,343
22.3722,120.6203,春日,C0R260,2017-02-08T04:00:00+08:00,76.0,40.0,1.2,15.8,0.89,1005.5,-99.0,0.0,-9.9,-99,-999,屏東縣,20,春日鄉,343
22.3722,120.6203,春日,C0R260,2017-02-08T05:00:00+08:00,76.0,106.0,0.7,15.4,0.83,1005.3,-99.0,0.0,-9.9,-99,-999,屏東縣,20,春日鄉,343
22.3722,120.6203,春日,C0R260,2017-02-08T06:00:00+08:00,76.0,51.0,1.1,14.9,0.90,1006.7,-99.0,0.0,-9.9,-99,-999,屏東縣,20,春日鄉,343
22.3722,120.6203,春日,C0R260,2017-02-08T07:00:00+08:00,76.0,0.0,0.0,15.2,0.89,1006.9,-99.0,0.0,-9.9,-99,-999,屏東縣,20,春日鄉,343
22.3722,120.6203,春日,C0R260,2017-02-08T08:00:00+08:00,76.0,141.0,0.5,17.3,0.81,1007.3,-99.0,0.0,-9.9,-99,-999,屏東縣,20,春日鄉,343
22.3722,120.6203,春日,C0R260,2017-02-08T10:00:00+08:00,76.0,360.0,1.7,23.1,0.61,1007.5,-99.0,0.0,-9.9,-99,-999,屏東縣,20,春日鄉,343
22.3722,120.6203,春日,C0R260,2017-02-08T11:00:00+08:00,76.0,309.0,2.1,24.4,0.54,1006.8,-99.0,0.0,-9.9,-99,-999,屏東縣,20,春日鄉,343
22.3722,120.6203,春日,C0R260,2017-02-08T12:00:00+08:00,76.0,303.0,2.1,25.7,0.49,1005.5,-99.0,0.0,-9.9,-99,-999,屏東縣,20,春日鄉,343
22.3722,120.6203,春日,C0R260,2017-02-08T13:00:00+08:00,76.0,260.0,2.1,27.8,0.48,1005.2,-99.0,0.0,-9.9,-99,-999,屏東縣,20,春日鄉,343
22.3722,120.6203,春日,C0R260,2017-02-08T14:00:00+08:00,76.0,319.0,2.7,27.8,0.42,1004.1,-99.0,0.0,-9.9,-99,-999,屏東縣,20,春日鄉,343
22.3722,120.6203,春日,C0R260,2017-02-08T15:00:00+08:00,76.0,351.0,3.3,26.2,0.45,1003.4,-99.0,0.0,-9.9,-99,-999,屏東縣,20,春日鄉,343
22.3722,120.6203,春日,C0R260,2017-02-08T16:00:00+08:00,76.0,335.0,3.9,24.9,0.48,1003.3,-99.0,0.0,-9.9,-99,-999,屏東縣,20,春日鄉,343
22.3722,120.6203,春日,C0R260,2017-02-08T17:00:00+08:00,76.0,348.0,3.1,23.4,0.55,1003.5,-99.0,0.0,-9.9,-99,-999,屏東縣,20,春日鄉,343
22.3722,120.6203,春日,C0R260,2017-02-08T18:00:00+08:00,76.0,9.0,2.5,21.9,0.59,1003.7,-99.0,0.0,-9.9,-99,-999,屏東縣,20,春日鄉,343
22.3722,120.6203,春日,C0R260,2017-02-08T19:00:00+08:00,76.0,11.0,3.2,21.0,0.64,1004.4,-99.0,0.0,-9.9,-99,-999,屏東縣,20,春日鄉,343
22.3722,120.6203,春日,C0R260,2017-02-08T20:00:00+08:00,76.0,11.0,2.8,20.2,0.68,1004.8,-99.0,0.0,-9.9,-99,-999,屏東縣,20,春日鄉,343
22.3722,120.6203,春日,C0R260,2017-02-08T21:00:00+08:00,76.0,141.0,0.3,18.0,0.79,1005.2,-99.0,0.0,-9.9,-99,-999,屏東縣,20,春日鄉,343
22.3722,120.6203,春日,C0R260,2017-02-08T22:00:00+08:00,76.0,0.0,0.0,17.2,0.83,1005.5,-99.0,0.0,-9.9,-99,-999,屏東縣,20,春日鄉,343
22.3722,120.6203,春日,C0R260,2017-02-08T23:00:00+08:00,76.0,63.0,0.8,16.7,0.86,1006.1,-99.0,0.0,-9.9,-99,-999,屏東縣,20,春日鄉,343
22.3722,120.6203,春日,C0R260,2017-02-09T00:00:00+08:00,76.0,0.0,0.1,16.9,0.83,1006.0,-99.0,0.0,-9.9,-99,-999,屏東縣,20,春日鄉,343
22.3722,120.6203,春日,C0R260,2017-02-09T01:00:00+08:00,76.0,12.0,2.8,17.6,0.78,1006.0,-99.0,0.0,-9.9,-99,-999,屏東縣,20,春日鄉,343
22.3722,120.6203,春日,C0R260,2017-02-09T02:00:00+08:00,76.0,3.0,3.5,16.5,0.85,1005.6,-99.0,0.0,-9.9,-99,-999,屏東縣,20,春日鄉,343
22.3722,120.6203,春日,C0R260,2017-02-09T03:00:00+08:00,76.0,0.0,0.0,15.9,0.88,1005.3,-99.0,0.0,-9.9,-99,-999,屏東縣,20,春日鄉,343
22.3722,120.6203,春日,C0R260,2017-02-09T04:00:00+08:00,76.0,179.0,0.3,15.7,0.90,1005.0,-99.0,0.0,-9.9,-99,-999,屏東縣,20,春日鄉,343
22.3722,120.6203,春日,C0R260,2017-02-09T05:00:00+08:00,76.0,10.0,0.3,15.7,0.89,1005.5,-99.0,0.0,-9.9,-99,-999,屏東縣,20,春日鄉,343
22.3722,120.6203,春日,C0R260,2017-02-09T06:00:00+08:00,76.0,359.0,2.5,15.5,0.89,1006.7,-99.0,0.0,-9.9,-99,-999,屏東縣,20,春日鄉,343
22.3722,120.6203,春日,C0R260,2017-02-09T07:00:00+08:00,76.0,350.0,2.6,15.2,0.90,1007.2,-99.0,0.0,-9.9,-99,-999,屏東縣,20,春日鄉,343
22.3722,120.6203,春日,C0R260,2017-02-09T08:00:00+08:00,76.0,5.0,2.4,15.6,0.88,1007.7,-99.0,0.0,-9.9,-99,-999,屏東縣,20,春日鄉,343
22.3722,120.6203,春日,C0R260,2017-02-09T10:00:00+08:00,76.0,326.0,2.2,20.1,0.67,1008.3,-99.0,0.0,-9.9,-99,-999,屏東縣,20,春日鄉,343
22.3722,120.6203,春日,C0R260,2017-02-09T12:00:00+08:00,76.0,277.0,1.5,22.7,0.57,1006.9,-99.0,0.0,-9.9,-99,-999,屏東縣,20,春日鄉,343
22.3722,120.6203,春日,C0R260,2017-02-09T13:00:00+08:00,76.0,233.0,0.8,22.0,0.57,1006.1,-99.0,0.0,-9.9,-99,-999,屏東縣,20,春日鄉,343
22.3722,120.6203,春日,C0R260,2017-02-09T14:00:00+08:00,76.0,233.0,0.9,21.3,0.61,1005.0,-99.0,0.0,-9.9,-99,-999,屏東縣,20,春日鄉,343
22.3722,120.6203,春日,C0R260,2017-02-09T15:00:00+08:00,76.0,248.0,1.0,20.7,0.63,1005.0,-99.0,0.0,-9.9,-99,-999,屏東縣,20,春日鄉,343
22.3722,120.6203,春日,C0R260,2017-02-09T16:00:00+08:00,76.0,303.0,0.6,18.9,0.67,1005.7,-99.0,0.0,-9.9,-99,-999,屏東縣,20,春日鄉,343
22.3722,120.6203,春日,C0R260,2017-02-09T17:00:00+08:00,76.0,358.0,2.6,18.0,0.61,1006.4,-99.0,0.0,-9.9,-99,-999,屏東縣,20,春日鄉,343
22.3722,120.6203,春日,C0R260,2017-02-09T18:00:00+08:00,76.0,348.0,1.2,17.3,0.63,1006.4,-99.0,0.0,-9.9,-99,-999,屏東縣,20,春日鄉,343
22.3722,120.6203,春日,C0R260,2017-02-09T19:00:00+08:00,76.0,353.0,2.2,16.0,0.64,1007.2,-99.0,0.0,-9.9,-99,-999,屏東縣,20,春日鄉,343
22.3722,120.6203,春日,C0R260,2017-02-09T20:00:00+08:00,76.0,278.0,0.9,15.6,0.67,1008.0,-99.0,0.0,-9.9,-99,-999,屏東縣,20,春日鄉,343
22.3722,120.6203,春日,C0R260,2017-02-09T21:00:00+08:00,76.0,302.0,1.3,14.9,0.66,1008.2,-99.0,0.0,-9.9,-99,-999,屏東縣,20,春日鄉,343
22.3722,120.6203,春日,C0R260,2017-02-09T22:00:00+08:00,76.0,321.0,1.3,14.6,0.67,1008.8,-99.0,0.0,-9.9,-99,-999,屏東縣,20,春日鄉,343
22.3722,120.6203,春日,C0R260,2017-02-09T23:00:00+08:00,76.0,288.0,0.9,14.1,0.69,1009.0,-99.0,0.0,-9.9,-99,-999,屏東縣,20,春日鄉,343
22.3722,120.6203,春日,C0R260,2017-02-10T00:00:00+08:00,76.0,313.0,1.3,13.6,0.71,1009.2,-99.0,0.0,-9.9,-99,-999,屏東縣,20,春日鄉,343
22.3722,120.6203,春日,C0R260,2017-02-10T01:00:00+08:00,76.0,0.0,0.0,12.6,0.77,1009.2,-99.0,0.0,-9.9,-99,-999,屏東縣,20,春日鄉,343
22.3722,120.6203,春日,C0R260,2017-02-10T02:00:00+08:00,76.0,0.0,0.0,11.7,0.84,1009.0,-99.0,0.0,-9.9,-99,-999,屏東縣,20,春日鄉,343
22.3722,120.6203,春日,C0R260,2017-02-10T03:00:00+08:00,76.0,0.0,0.0,11.8,0.83,1009.0,-99.0,0.0,-9.9,-99,-999,屏東縣,20,春日鄉,343
22.3722,120.6203,春日,C0R260,2017-02-10T04:00:00+08:00,76.0,0.0,0.0,11.7,0.87,1009.1,-99.0,0.0,-9.9,-99,-999,屏東縣,20,春日鄉,343
22.3722,120.6203,春日,C0R260,2017-02-10T05:00:00+08:00,76.0,0.0,0.0,11.2,0.89,1009.1,-99.0,0.0,-9.9,-99,-999,屏東縣,20,春日鄉,343
22.3722,120.6203,春日,C0R260,2017-02-10T06:00:00+08:00,76.0,0.0,0.2,10.9,0.92,1009.6,-99.0,0.0,-9.9,-99,-999,屏東縣,20,春日鄉,343
22.3722,120.6203,春日,C0R260,2017-02-10T07:00:00+08:00,76.0,0.0,0.1,12.5,0.87,1010.2,-99.0,0.0,-9.9,-99,-999,屏東縣,20,春日鄉,343
22.3722,120.6203,春日,C0R260,2017-02-10T08:00:00+08:00,76.0,331.0,0.3,14.6,0.75,1010.9,-99.0,0.0,-9.9,-99,-999,屏東縣,20,春日鄉,343
22.3722,120.6203,春日,C0R260,2017-02-10T09:00:00+08:00,76.0,297.0,0.9,16.4,0.62,1011.7,-99.0,0.0,-9.9,-99,-999,屏東縣,20,春日鄉,343
22.3722,120.6203,春日,C0R260,2017-02-10T10:00:00+08:00,76.0,285.0,1.2,18.0,0.57,1012.0,-99.0,0.0,-9.9,-99,-999,屏東縣,20,春日鄉,343
22.3722,120.6203,春日,C0R260,2017-02-10T12:00:00+08:00,76.0,262.0,0.9,17.9,0.56,1011.1,-99.0,0.0,-9.9,-99,-999,屏東縣,20,春日鄉,343
22.3722,120.6203,春日,C0R260,2017-02-10T13:00:00+08:00,76.0,41.0,0.9,17.9,0.58,1010.4,-99.0,0.0,-9.9,-99,-999,屏東縣,20,春日鄉,343
22.3722,120.6203,春日,C0R260,2017-02-10T14:00:00+08:00,76.0,261.0,1.2,18.2,0.61,1009.3,-99.0,0.0,-9.9,-99,-999,屏東縣,20,春日鄉,343
22.3722,120.6203,春日,C0R260,2017-02-10T15:00:00+08:00,76.0,296.0,1.0,17.3,0.66,1009.3,-99.0,0.0,-9.9,-99,-999,屏東縣,20,春日鄉,343
22.3722,120.6203,春日,C0R260,2017-02-10T16:00:00+08:00,76.0,299.0,0.8,16.9,0.67,1009.5,-99.0,0.0,-9.9,-99,-999,屏東縣,20,春日鄉,343
22.3722,120.6203,春日,C0R260,2017-02-10T17:00:00+08:00,76.0,353.0,0.4,16.6,0.68,1010.3,-99.0,0.0,-9.9,-99,-999,屏東縣,20,春日鄉,343
22.3722,120.6203,春日,C0R260,2017-02-10T18:00:00+08:00,76.0,34.0,1.3,16.2,0.70,1010.7,-99.0,0.0,-9.9,-99,-999,屏東縣,20,春日鄉,343
22.3722,120.6203,春日,C0R260,2017-02-10T19:00:00+08:00,76.0,76.0,0.7,15.7,0.75,1011.2,-99.0,0.0,-9.9,-99,-999,屏東縣,20,春日鄉,343
22.3722,120.6203,春日,C0R260,2017-02-10T20:00:00+08:00,76.0,0.0,0.0,15.4,0.76,1011.2,-99.0,0.0,-9.9,-99,-999,屏東縣,20,春日鄉,343
22.3722,120.6203,春日,C0R260,2017-02-10T21:00:00+08:00,76.0,81.0,1.1,15.7,0.72,1012.2,-99.0,0.0,-9.9,-99,-999,屏東縣,20,春日鄉,343
22.3722,120.6203,春日,C0R260,2017-02-10T22:00:00+08:00,76.0,69.0,0.9,14.4,0.87,1012.3,-99.0,0.0,-9.9,-99,-999,屏東縣,20,春日鄉,343
22.3722,120.6203,春日,C0R260,2017-02-10T23:00:00+08:00,76.0,111.0,0.6,14.9,0.84,1012.6,-99.0,0.0,-9.9,-99,-999,屏東縣,20,春日鄉,343
22.3722,120.6203,春日,C0R260,2017-02-11T00:00:00+08:00,76.0,0.0,0.0,14.8,0.82,1012.0,-99.0,0.0,-9.9,-99,-999,屏東縣,20,春日鄉,343
22.3722,120.6203,春日,C0R260,2017-02-11T01:00:00+08:00,76.0,105.0,0.7,14.8,0.83,1012.3,-99.0,0.0,-9.9,-99,-999,屏東縣,20,春日鄉,343
22.3722,120.6203,春日,C0R260,2017-02-11T02:00:00+08:00,76.0,0.0,0.0,14.7,0.84,1011.9,-99.0,0.0,-9.9,-99,-999,屏東縣,20,春日鄉,343
22.3722,120.6203,春日,C0R260,2017-02-11T03:00:00+08:00,76.0,315.0,0.4,14.5,0.84,1012.2,-99.0,0.0,-9.9,-99,-999,屏東縣,20,春日鄉,343
22.3722,120.6203,春日,C0R260,2017-02-11T04:00:00+08:00,76.0,64.0,0.5,14.7,0.80,1012.0,-99.0,0.0,-9.9,-99,-999,屏東縣,20,春日鄉,343
22.3722,120.6203,春日,C0R260,2017-02-11T05:00:00+08:00,76.0,0.0,0.0,14.3,0.82,1012.3,-99.0,0.0,-9.9,-99,-999,屏東縣,20,春日鄉,343
22.3722,120.6203,春日,C0R260,2017-02-11T06:00:00+08:00,76.0,177.0,0.5,14.2,0.84,1013.2,-99.0,0.0,-9.9,-99,-999,屏東縣,20,春日鄉,343
22.3722,120.6203,春日,C0R260,2017-02-11T08:00:00+08:00,76.0,0.0,0.0,14.7,0.84,1014.5,-99.0,0.0,-9.9,-99,-999,屏東縣,20,春日鄉,343
22.3722,120.6203,春日,C0R260,2017-02-11T09:00:00+08:00,76.0,0.0,0.0,16.2,0.72,1015.0,-99.0,0.0,-9.9,-99,-999,屏東縣,20,春日鄉,343
22.3722,120.6203,春日,C0R260,2017-02-11T10:00:00+08:00,76.0,225.0,0.5,18.2,0.63,1015.1,-99.0,0.0,-9.9,-99,-999,屏東縣,20,春日鄉,343
22.3722,120.6203,春日,C0R260,2017-02-11T11:00:00+08:00,76.0,275.0,1.1,17.9,0.65,1014.9,-99.0,0.0,-9.9,-99,-999,屏東縣,20,春日鄉,343
22.3722,120.6203,春日,C0R260,2017-02-11T12:00:00+08:00,76.0,345.0,1.0,17.8,0.67,1014.7,-99.0,0.0,-9.9,-99,-999,屏東縣,20,春日鄉,343
22.3722,120.6203,春日,C0R260,2017-02-11T13:00:00+08:00,76.0,340.0,1.6,16.8,0.71,1013.7,-99.0,0.0,-9.9,-99,-999,屏東縣,20,春日鄉,343
22.3722,120.6203,春日,C0R260,2017-02-11T14:00:00+08:00,76.0,41.0,1.1,17.0,0.62,1013.2,-99.0,0.0,-9.9,-99,-999,屏東縣,20,春日鄉,343
22.3722,120.6203,春日,C0R260,2017-02-11T15:00:00+08:00,76.0,0.0,0.2,17.1,0.66,1012.9,-99.0,0.0,-9.9,-99,-999,屏東縣,20,春日鄉,343
22.3722,120.6203,春日,C0R260,2017-02-11T16:00:00+08:00,76.0,0.0,0.0,16.7,0.69,1013.3,-99.0,0.0,-9.9,-99,-999,屏東縣,20,春日鄉,343
22.3722,120.6203,春日,C0R260,2017-02-11T17:00:00+08:00,76.0,0.0,0.0,15.8,0.78,1013.9,-99.0,0.0,-9.9,-99,-999,屏東縣,20,春日鄉,343
22.3722,120.6203,春日,C0R260,2017-02-11T18:00:00+08:00,76.0,340.0,1.4,15.6,0.79,1014.4,-99.0,0.0,-9.9,-99,-999,屏東縣,20,春日鄉,343
22.3722,120.6203,春日,C0R260,2017-02-11T19:00:00+08:00,76.0,0.0,0.2,15.1,0.83,1014.4,-99.0,0.0,-9.9,-99,-999,屏東縣,20,春日鄉,343
22.3722,120.6203,春日,C0R260,2017-02-11T20:00:00+08:00,76.0,0.0,0.1,14.9,0.84,1014.8,-99.0,0.0,-9.9,-99,-999,屏東縣,20,春日鄉,343
22.3722,120.6203,春日,C0R260,2017-02-11T21:00:00+08:00,76.0,322.0,0.6,14.7,0.85,1015.4,-99.0,0.0,-9.9,-99,-999,屏東縣,20,春日鄉,343
22.3722,120.6203,春日,C0R260,2017-02-11T22:00:00+08:00,76.0,0.0,0.0,14.4,0.91,1015.7,-99.0,0.0,-9.9,-99,-999,屏東縣,20,春日鄉,343
22.3722,120.6203,春日,C0R260,2017-02-11T23:00:00+08:00,76.0,0.0,0.0,14.3,0.90,1015.7,-99.0,0.0,-9.9,-99,-999,屏東縣,20,春日鄉,343
22.3722,120.6203,春日,C0R260,2017-02-12T00:00:00+08:00,76.0,0.0,0.0,14.4,0.90,1015.9,-99.0,0.0,-9.9,-99,-999,屏東縣,20,春日鄉,343
22.3722,120.6203,春日,C0R260,2017-02-12T01:00:00+08:00,76.0,296.0,1.1,14.6,0.86,1015.6,-99.0,0.0,-9.9,-99,-999,屏東縣,20,春日鄉,343
22.3722,120.6203,春日,C0R260,2017-02-12T02:00:00+08:00,76.0,9.0,0.9,14.2,0.91,1015.2,-99.0,0.0,-9.9,-99,-999,屏東縣,20,春日鄉,343
22.3722,120.6203,春日,C0R260,2017-02-12T03:00:00+08:00,76.0,27.0,1.5,13.9,0.92,1014.9,-99.0,0.0,-9.9,-99,-999,屏東縣,20,春日鄉,343
22.3722,120.6203,春日,C0R260,2017-02-12T04:00:00+08:00,76.0,211.0,0.6,14.2,0.87,1014.7,-99.0,0.0,-9.9,-99,-999,屏東縣,20,春日鄉,343
22.3722,120.6203,春日,C0R260,2017-02-12T05:00:00+08:00,76.0,0.0,0.2,13.4,0.90,1014.9,-99.0,0.0,-9.9,-99,-999,屏東縣,20,春日鄉,343
22.3722,120.6203,春日,C0R260,2017-02-12T06:00:00+08:00,76.0,0.0,0.2,12.6,0.92,1015.5,-99.0,0.0,-9.9,-99,-999,屏東縣,20,春日鄉,343
22.3722,120.6203,春日,C0R260,2017-02-12T07:00:00+08:00,76.0,118.0,0.5,13.0,0.90,1015.9,-99.0,0.0,-9.9,-99,-999,屏東縣,20,春日鄉,343
22.3722,120.6203,春日,C0R260,2017-02-12T08:00:00+08:00,76.0,0.0,0.0,15.8,0.80,1016.4,-99.0,0.0,-9.9,-99,-999,屏東縣,20,春日鄉,343
22.3722,120.6203,春日,C0R260,2017-02-12T10:00:00+08:00,76.0,353.0,0.6,18.8,0.61,1016.7,-99.0,0.0,-9.9,-99,-999,屏東縣,20,春日鄉,343
22.3722,120.6203,春日,C0R260,2017-02-12T11:00:00+08:00,76.0,311.0,1.2,20.4,0.55,1016.3,-99.0,0.0,-9.9,-99,-999,屏東縣,20,春日鄉,343
22.3722,120.6203,春日,C0R260,2017-02-12T12:00:00+08:00,76.0,287.0,1.4,21.8,0.53,1015.8,-99.0,0.0,-9.9,-99,-999,屏東縣,20,春日鄉,343
22.3722,120.6203,春日,C0R260,2017-02-12T13:00:00+08:00,76.0,308.0,1.7,22.6,0.50,1014.6,-99.0,0.0,-9.9,-99,-999,屏東縣,20,春日鄉,343
22.3722,120.6203,春日,C0R260,2017-02-12T14:00:00+08:00,76.0,269.0,1.0,21.6,0.52,1013.9,-99.0,0.0,-9.9,-99,-999,屏東縣,20,春日鄉,343
22.3722,120.6203,春日,C0R260,2017-02-12T15:00:00+08:00,76.0,221.0,0.9,20.5,0.59,1013.5,-99.0,0.0,-9.9,-99,-999,屏東縣,20,春日鄉,343
22.3722,120.6203,春日,C0R260,2017-02-12T16:00:00+08:00,76.0,245.0,0.8,20.8,0.58,1013.6,-99.0,0.0,-9.9,-99,-999,屏東縣,20,春日鄉,343
22.3722,120.6203,春日,C0R260,2017-02-12T17:00:00+08:00,76.0,1.0,0.7,19.1,0.65,1013.7,-99.0,0.0,-9.9,-99,-999,屏東縣,20,春日鄉,343
22.3722,120.6203,春日,C0R260,2017-02-12T18:00:00+08:00,76.0,60.0,0.4,18.2,0.72,1014.2,-99.0,0.0,-9.9,-99,-999,屏東縣,20,春日鄉,343
22.3722,120.6203,春日,C0R260,2017-02-12T19:00:00+08:00,76.0,64.0,0.9,17.6,0.73,1014.7,-99.0,0.0,-9.9,-99,-999,屏東縣,20,春日鄉,343
22.3722,120.6203,春日,C0R260,2017-02-12T20:00:00+08:00,76.0,0.0,0.0,16.9,0.67,1015.2,-99.0,0.0,-9.9,-99,-999,屏東縣,20,春日鄉,343
22.3722,120.6203,春日,C0R260,2017-02-12T21:00:00+08:00,76.0,79.0,0.9,15.6,0.76,1015.4,-99.0,0.0,-9.9,-99,-999,屏東縣,20,春日鄉,343
22.3722,120.6203,春日,C0R260,2017-02-12T22:00:00+08:00,76.0,0.0,0.2,15.3,0.80,1015.8,-99.0,0.0,-9.9,-99,-999,屏東縣,20,春日鄉,343
22.3722,120.6203,春日,C0R260,2017-02-12T23:00:00+08:00,76.0,129.0,0.4,16.1,0.71,1015.7,-99.0,0.0,-9.9,-99,-999,屏東縣,20,春日鄉,343
22.3722,120.6203,春日,C0R260,2017-02-13T00:00:00+08:00,76.0,96.0,0.4,15.2,0.76,1015.5,-99.0,0.0,-9.9,-99,-999,屏東縣,20,春日鄉,343
22.3722,120.6203,春日,C0R260,2017-02-13T01:00:00+08:00,76.0,86.0,1.0,14.5,0.77,1015.6,-99.0,0.0,-9.9,-99,-999,屏東縣,20,春日鄉,343
22.3722,120.6203,春日,C0R260,2017-02-13T02:00:00+08:00,76.0,0.0,0.0,14.5,0.79,1015.2,-99.0,0.0,-9.9,-99,-999,屏東縣,20,春日鄉,343
22.3722,120.6203,春日,C0R260,2017-02-13T03:00:00+08:00,76.0,77.0,0.3,14.7,0.77,1014.9,-99.0,0.0,-9.9,-99,-999,屏東縣,20,春日鄉,343
22.3722,120.6203,春日,C0R260,2017-02-13T04:00:00+08:00,76.0,80.0,1.0,14.6,0.77,1015.1,-99.0,0.0,-9.9,-99,-999,屏東縣,20,春日鄉,343
22.3722,120.6203,春日,C0R260,2017-02-13T05:00:00+08:00,76.0,95.0,0.9,14.1,0.80,1015.2,-99.0,0.0,-9.9,-99,-999,屏東縣,20,春日鄉,343
22.3722,120.6203,春日,C0R260,2017-02-13T06:00:00+08:00,76.0,90.0,0.4,14.0,0.80,1016.0,-99.0,0.0,-9.9,-99,-999,屏東縣,20,春日鄉,343
22.3722,120.6203,春日,C0R260,2017-02-13T07:00:00+08:00,76.0,74.0,0.7,14.6,0.78,1016.7,-99.0,0.0,-9.9,-99,-999,屏東縣,20,春日鄉,343
22.3722,120.6203,春日,C0R260,2017-02-13T08:00:00+08:00,76.0,0.0,0.2,15.3,0.79,1017.0,-99.0,0.0,-9.9,-99,-999,屏東縣,20,春日鄉,343
22.3722,120.6203,春日,C0R260,2017-02-13T10:00:00+08:00,76.0,4.0,0.9,21.1,0.50,1017.5,-99.0,0.0,-9.9,-99,-999,屏東縣,20,春日鄉,343
22.3722,120.6203,春日,C0R260,2017-02-13T11:00:00+08:00,76.0,261.0,1.0,23.6,0.44,1017.0,-99.0,0.0,-9.9,-99,-999,屏東縣,20,春日鄉,343
22.3722,120.6203,春日,C0R260,2017-02-13T12:00:00+08:00,76.0,225.0,1.1,24.8,0.42,1016.5,-99.0,0.0,-9.9,-99,-999,屏東縣,20,春日鄉,343
22.3722,120.6203,春日,C0R260,2017-02-13T13:00:00+08:00,76.0,246.0,1.0,25.2,0.42,1015.6,-99.0,0.0,-9.9,-99,-999,屏東縣,20,春日鄉,343
22.3722,120.6203,春日,C0R260,2017-02-13T14:00:00+08:00,76.0,261.0,1.9,25.4,0.48,1015.1,-99.0,0.0,-9.9,-99,-999,屏東縣,20,春日鄉,343
22.3722,120.6203,春日,C0R260,2017-02-13T15:00:00+08:00,76.0,248.0,0.7,24.4,0.50,1014.9,-99.0,0.0,-9.9,-99,-999,屏東縣,20,春日鄉,343
22.3722,120.6203,春日,C0R260,2017-02-13T17:00:00+08:00,76.0,254.0,0.4,21.1,0.62,1015.8,-99.0,0.0,-9.9,-99,-999,屏東縣,20,春日鄉,343
22.3722,120.6203,春日,C0R260,2017-02-13T18:00:00+08:00,76.0,13.0,1.6,19.6,0.63,1016.3,-99.0,0.0,-9.9,-99,-999,屏東縣,20,春日鄉,343
22.3722,120.6203,春日,C0R260,2017-02-13T19:00:00+08:00,76.0,84.0,1.3,19.2,0.55,1016.3,-99.0,0.0,-9.9,-99,-999,屏東縣,20,春日鄉,343
22.3722,120.6203,春日,C0R260,2017-02-13T20:00:00+08:00,76.0,113.0,1.3,19.3,0.56,1017.1,-99.0,0.0,-9.9,-99,-999,屏東縣,20,春日鄉,343
22.3722,120.6203,春日,C0R260,2017-02-13T21:00:00+08:00,76.0,72.0,1.1,18.7,0.59,1017.4,-99.0,0.0,-9.9,-99,-999,屏東縣,20,春日鄉,343
22.3722,120.6203,春日,C0R260,2017-02-13T22:00:00+08:00,76.0,111.0,1.6,18.7,0.61,1017.8,-99.0,0.0,-9.9,-99,-999,屏東縣,20,春日鄉,343
22.3722,120.6203,春日,C0R260,2017-02-13T23:00:00+08:00,76.0,145.0,1.2,18.3,0.60,1017.6,-99.0,0.0,-9.9,-99,-999,屏東縣,20,春日鄉,343
22.3722,120.6203,春日,C0R260,2017-02-14T00:00:00+08:00,76.0,178.0,1.6,19.5,0.51,1017.5,-99.0,0.0,-9.9,-99,-999,屏東縣,20,春日鄉,343
22.3722,120.6203,春日,C0R260,2017-02-14T01:00:00+08:00,76.0,102.0,0.6,16.4,0.65,1017.7,-99.0,0.0,-9.9,-99,-999,屏東縣,20,春日鄉,343
22.3722,120.6203,春日,C0R260,2017-02-14T02:00:00+08:00,76.0,70.0,1.0,16.1,0.72,1017.5,-99.0,0.0,-9.9,-99,-999,屏東縣,20,春日鄉,343
22.3722,120.6203,春日,C0R260,2017-02-14T03:00:00+08:00,76.0,76.0,0.7,16.5,0.70,1017.4,-99.0,0.0,-9.9,-99,-999,屏東縣,20,春日鄉,343
22.3722,120.6203,春日,C0R260,2017-02-14T04:00:00+08:00,76.0,44.0,1.2,17.0,0.63,1017.1,-99.0,0.0,-9.9,-99,-999,屏東縣,20,春日鄉,343
22.3722,120.6203,春日,C0R260,2017-02-14T05:00:00+08:00,76.0,0.0,0.2,16.7,0.59,1017.3,-99.0,0.0,-9.9,-99,-999,屏東縣,20,春日鄉,343
22.3722,120.6203,春日,C0R260,2017-02-14T06:00:00+08:00,76.0,105.0,0.8,15.7,0.65,1017.8,-99.0,0.0,-9.9,-99,-999,屏東縣,20,春日鄉,343
22.3722,120.6203,春日,C0R260,2017-02-14T07:00:00+08:00,76.0,115.0,0.7,15.5,0.65,1018.4,-99.0,0.0,-9.9,-99,-999,屏東縣,20,春日鄉,343
22.3722,120.6203,春日,C0R260,2017-02-14T08:00:00+08:00,76.0,136.0,0.5,18.0,0.58,1018.8,-99.0,0.0,-9.9,-99,-999,屏東縣,20,春日鄉,343
22.3722,120.6203,春日,C0R260,2017-02-14T09:00:00+08:00,76.0,355.0,1.9,22.4,0.41,1019.1,-99.0,0.0,-9.9,-99,-999,屏東縣,20,春日鄉,343
22.3722,120.6203,春日,C0R260,2017-02-14T10:00:00+08:00,76.0,311.0,1.2,24.1,0.41,1019.1,-99.0,0.0,-9.9,-99,-999,屏東縣,20,春日鄉,343
22.3722,120.6203,春日,C0R260,2017-02-14T11:00:00+08:00,76.0,288.0,1.2,25.2,0.43,1018.7,-99.0,0.0,-9.9,-99,-999,屏東縣,20,春日鄉,343
22.3722,120.6203,春日,C0R260,2017-02-14T12:00:00+08:00,76.0,244.0,1.3,26.6,0.43,1018.4,-99.0,0.0,-9.9,-99,-999,屏東縣,20,春日鄉,343
22.3722,120.6203,春日,C0R260,2017-02-14T13:00:00+08:00,76.0,258.0,1.8,26.7,0.39,1017.4,-99.0,0.0,-9.9,-99,-999,屏東縣,20,春日鄉,343
22.3722,120.6203,春日,C0R260,2017-02-14T14:00:00+08:00,76.0,235.0,1.5,24.6,0.50,1016.9,-99.0,0.0,-9.9,-99,-999,屏東縣,20,春日鄉,343
22.3722,120.6203,春日,C0R260,2017-02-14T15:00:00+08:00,76.0,258.0,1.6,24.0,0.51,1016.9,-99.0,0.0,-9.9,-99,-999,屏東縣,20,春日鄉,343
22.3722,120.6203,春日,C0R260,2017-02-14T16:00:00+08:00,76.0,251.0,0.5,22.3,0.57,1016.9,-99.0,0.0,-9.9,-99,-999,屏東縣,20,春日鄉,343
22.3722,120.6203,春日,C0R260,2017-02-14T17:00:00+08:00,76.0,290.0,0.4,21.2,0.61,1017.3,-99.0,0.0,-9.9,-99,-999,屏東縣,20,春日鄉,343
22.3722,120.6203,春日,C0R260,2017-02-14T18:00:00+08:00,76.0,115.0,0.7,20.1,0.53,1017.6,-99.0,0.0,-9.9,-99,-999,屏東縣,20,春日鄉,343
22.3722,120.6203,春日,C0R260,2017-02-14T19:00:00+08:00,76.0,51.0,1.3,18.4,0.59,1017.9,-99.0,0.0,-9.9,-99,-999,屏東縣,20,春日鄉,343
22.3722,120.6203,春日,C0R260,2017-02-14T20:00:00+08:00,76.0,200.0,1.6,18.8,0.54,1018.2,-99.0,0.0,-9.9,-99,-999,屏東縣,20,春日鄉,343
22.3722,120.6203,春日,C0R260,2017-02-14T21:00:00+08:00,76.0,44.0,3.8,19.9,0.47,1018.4,-99.0,0.0,-9.9,-99,-999,屏東縣,20,春日鄉,343
22.3722,120.6203,春日,C0R260,2017-02-14T22:00:00+08:00,76.0,42.0,3.3,19.9,0.44,1018.5,-99.0,0.0,-9.9,-99,-999,屏東縣,20,春日鄉,343
22.3722,120.6203,春日,C0R260,2017-02-14T23:00:00+08:00,76.0,46.0,3.0,20.3,0.40,1018.6,-99.0,0.0,-9.9,-99,-999,屏東縣,20,春日鄉,343
22.3722,120.6203,春日,C0R260,2017-02-15T00:00:00+08:00,76.0,20.0,2.6,19.8,0.40,1018.5,-99.0,0.0,-9.9,-99,-999,屏東縣,20,春日鄉,343
22.3722,120.6203,春日,C0R260,2017-02-15T01:00:00+08:00,76.0,28.0,2.5,19.2,0.42,1018.3,-99.0,0.0,-9.9,-99,-999,屏東縣,20,春日鄉,343
22.3722,120.6203,春日,C0R260,2017-02-15T02:00:00+08:00,76.0,44.0,2.1,18.9,0.44,1017.6,-99.0,0.0,-9.9,-99,-999,屏東縣,20,春日鄉,343
22.3722,120.6203,春日,C0R260,2017-02-15T03:00:00+08:00,76.0,66.0,2.1,18.8,0.44,1017.0,-99.0,0.0,-9.9,-99,-999,屏東縣,20,春日鄉,343
22.3722,120.6203,春日,C0R260,2017-02-15T04:00:00+08:00,76.0,72.0,2.2,18.6,0.41,1016.8,-99.0,0.0,-9.9,-99,-999,屏東縣,20,春日鄉,343
22.3722,120.6203,春日,C0R260,2017-02-15T05:00:00+08:00,76.0,92.0,1.3,17.9,0.41,1016.7,-99.0,0.0,-9.9,-99,-999,屏東縣,20,春日鄉,343
22.3722,120.6203,春日,C0R260,2017-02-15T06:00:00+08:00,76.0,90.0,1.2,17.5,0.42,1017.1,-99.0,0.0,-9.9,-99,-999,屏東縣,20,春日鄉,343
22.3722,120.6203,春日,C0R260,2017-02-15T07:00:00+08:00,76.0,65.0,0.7,15.2,0.54,1017.9,-99.0,0.0,-9.9,-99,-999,屏東縣,20,春日鄉,343
22.3722,120.6203,春日,C0R260,2017-02-15T08:00:00+08:00,76.0,106.0,0.8,17.2,0.54,1018.2,-99.0,0.0,-9.9,-99,-999,屏東縣,20,春日鄉,343
22.3722,120.6203,春日,C0R260,2017-02-15T11:00:00+08:00,76.0,249.0,1.2,26.0,0.39,1017.2,-99.0,0.0,-9.9,-99,-999,屏東縣,20,春日鄉,343
22.3722,120.6203,春日,C0R260,2017-02-15T12:00:00+08:00,76.0,254.0,1.0,26.7,0.35,1016.4,-99.0,0.0,-9.9,-99,-999,屏東縣,20,春日鄉,343
22.3722,120.6203,春日,C0R260,2017-02-15T13:00:00+08:00,76.0,279.0,1.8,25.5,0.41,1015.6,-99.0,0.0,-9.9,-99,-999,屏東縣,20,春日鄉,343
22.3722,120.6203,春日,C0R260,2017-02-15T15:00:00+08:00,76.0,280.0,1.4,22.7,0.54,1014.0,-99.0,0.0,-9.9,-99,-999,屏東縣,20,春日鄉,343
22.3722,120.6203,春日,C0R260,2017-02-15T16:00:00+08:00,76.0,272.0,0.8,23.3,0.55,1013.8,-99.0,0.0,-9.9,-99,-999,屏東縣,20,春日鄉,343
22.3722,120.6203,春日,C0R260,2017-02-15T17:00:00+08:00,76.0,279.0,0.5,21.1,0.63,1014.2,-99.0,0.0,-9.9,-99,-999,屏東縣,20,春日鄉,343
22.3722,120.6203,春日,C0R260,2017-02-15T18:00:00+08:00,76.0,0.0,0.1,19.9,0.69,1014.4,-99.0,0.0,-9.9,-99,-999,屏東縣,20,春日鄉,343
22.3722,120.6203,春日,C0R260,2017-02-15T19:00:00+08:00,76.0,0.0,0.0,19.2,0.73,1014.6,-99.0,0.0,-9.9,-99,-999,屏東縣,20,春日鄉,343
22.3722,120.6203,春日,C0R260,2017-02-15T20:00:00+08:00,76.0,134.0,0.7,19.2,0.70,1015.0,-99.0,0.0,-9.9,-99,-999,屏東縣,20,春日鄉,343
22.3722,120.6203,春日,C0R260,2017-02-15T21:00:00+08:00,76.0,48.0,0.9,18.0,0.77,1015.5,-99.0,0.0,-9.9,-99,-999,屏東縣,20,春日鄉,343
22.3722,120.6203,春日,C0R260,2017-02-15T22:00:00+08:00,76.0,36.0,1.6,17.3,0.78,1015.1,-99.0,0.0,-9.9,-99,-999,屏東縣,20,春日鄉,343
22.3722,120.6203,春日,C0R260,2017-02-15T23:00:00+08:00,76.0,150.0,0.5,16.8,0.74,1014.7,-99.0,0.0,-9.9,-99,-999,屏東縣,20,春日鄉,343
22.3722,120.6203,春日,C0R260,2017-02-16T00:00:00+08:00,76.0,0.0,0.1,16.4,0.73,1014.2,-99.0,0.0,-9.9,-99,-999,屏東縣,20,春日鄉,343
22.3722,120.6203,春日,C0R260,2017-02-16T01:00:00+08:00,76.0,79.0,0.3,16.7,0.69,1014.0,-99.0,0.0,-9.9,-99,-999,屏東縣,20,春日鄉,343
22.3722,120.6203,春日,C0R260,2017-02-16T02:00:00+08:00,76.0,13.0,2.1,17.9,0.57,1013.3,-99.0,0.0,-9.9,-99,-999,屏東縣,20,春日鄉,343
22.3722,120.6203,春日,C0R260,2017-02-16T03:00:00+08:00,76.0,104.0,0.4,16.4,0.62,1013.0,-99.0,0.0,-9.9,-99,-999,屏東縣,20,春日鄉,343
22.3722,120.6203,春日,C0R260,2017-02-16T04:00:00+08:00,76.0,98.0,0.4,15.8,0.59,1012.5,-99.0,0.0,-9.9,-99,-999,屏東縣,20,春日鄉,343
22.3722,120.6203,春日,C0R260,2017-02-16T05:00:00+08:00,76.0,73.0,0.9,15.6,0.60,1012.3,-99.0,0.0,-9.9,-99,-999,屏東縣,20,春日鄉,343
22.3722,120.6203,春日,C0R260,2017-02-16T06:00:00+08:00,76.0,0.0,0.0,16.0,0.57,1012.6,-99.0,0.0,-9.9,-99,-999,屏東縣,20,春日鄉,343
22.3722,120.6203,春日,C0R260,2017-02-16T07:00:00+08:00,76.0,58.0,0.8,15.7,0.65,1012.9,-99.0,0.0,-9.9,-99,-999,屏東縣,20,春日鄉,343
22.3722,120.6203,春日,C0R260,2017-02-16T08:00:00+08:00,76.0,89.0,0.4,18.5,0.60,1013.2,-99.0,0.0,-9.9,-99,-999,屏東縣,20,春日鄉,343
22.3722,120.6203,春日,C0R260,2017-02-16T09:00:00+08:00,76.0,105.0,0.5,23.2,0.44,1013.2,-99.0,0.0,-9.9,-99,-999,屏東縣,20,春日鄉,343
22.3722,120.6203,春日,C0R260,2017-02-16T10:00:00+08:00,76.0,3.0,1.4,24.4,0.35,1013.3,-99.0,0.0,-9.9,-99,-999,屏東縣,20,春日鄉,343
22.3722,120.6203,春日,C0R260,2017-02-16T11:00:00+08:00,76.0,257.0,1.5,27.0,0.32,1012.6,-99.0,0.0,-9.9,-99,-999,屏東縣,20,春日鄉,343
22.3722,120.6203,春日,C0R260,2017-02-16T12:00:00+08:00,76.0,239.0,1.1,28.3,0.32,1012.2,-99.0,0.0,-9.9,-99,-999,屏東縣,20,春日鄉,343
22.3722,120.6203,春日,C0R260,2017-02-16T13:00:00+08:00,76.0,239.0,1.3,28.2,0.33,1011.3,-99.0,0.0,-9.9,-99,-999,屏東縣,20,春日鄉,343
22.3722,120.6203,春日,C0R260,2017-02-16T14:00:00+08:00,76.0,251.0,1.6,27.8,0.41,1010.5,-99.0,0.0,-9.9,-99,-999,屏東縣,20,春日鄉,343
22.3722,120.6203,春日,C0R260,2017-02-16T15:00:00+08:00,76.0,259.0,1.6,27.0,0.45,1010.1,-99.0,0.0,-9.9,-99,-999,屏東縣,20,春日鄉,343
22.3722,120.6203,春日,C0R260,2017-02-16T16:00:00+08:00,76.0,286.0,1.8,26.0,0.51,1009.6,-99.0,0.0,-9.9,-99,-999,屏東縣,20,春日鄉,343
22.3722,120.6203,春日,C0R260,2017-02-16T17:00:00+08:00,76.0,308.0,1.5,24.1,0.56,1010.0,-99.0,0.0,-9.9,-99,-999,屏東縣,20,春日鄉,343
22.3722,120.6203,春日,C0R260,2017-02-16T18:00:00+08:00,76.0,9.0,2.0,22.0,0.64,1010.5,-99.0,0.0,-9.9,-99,-999,屏東縣,20,春日鄉,343
22.3722,120.6203,春日,C0R260,2017-02-16T19:00:00+08:00,76.0,109.0,1.0,20.6,0.63,1011.2,-99.0,0.0,-9.9,-99,-999,屏東縣,20,春日鄉,343
22.3722,120.6203,春日,C0R260,2017-02-16T20:00:00+08:00,76.0,75.0,2.1,21.0,0.57,1011.7,-99.0,0.0,-9.9,-99,-999,屏東縣,20,春日鄉,343
22.3722,120.6203,春日,C0R260,2017-02-16T21:00:00+08:00,76.0,86.0,0.8,19.6,0.62,1012.3,-99.0,0.0,-9.9,-99,-999,屏東縣,20,春日鄉,343
22.3722,120.6203,春日,C0R260,2017-02-16T22:00:00+08:00,76.0,0.0,0.0,18.9,0.66,1012.3,-99.0,0.0,-9.9,-99,-999,屏東縣,20,春日鄉,343
22.3722,120.6203,春日,C0R260,2017-02-16T23:00:00+08:00,76.0,65.0,0.6,18.2,0.70,1011.9,-99.0,0.0,-9.9,-99,-999,屏東縣,20,春日鄉,343
22.3722,120.6203,春日,C0R260,2017-02-17T00:00:00+08:00,76.0,0.0,0.1,18.2,0.69,1011.4,-99.0,0.0,-9.9,-99,-999,屏東縣,20,春日鄉,343
22.3722,120.6203,春日,C0R260,2017-02-17T01:00:00+08:00,76.0,65.0,1.1,17.9,0.71,1011.0,-99.0,0.0,-9.9,-99,-999,屏東縣,20,春日鄉,343
22.3722,120.6203,春日,C0R260,2017-02-17T02:00:00+08:00,76.0,0.0,0.1,18.9,0.66,1010.8,-99.0,0.0,-9.9,-99,-999,屏東縣,20,春日鄉,343
22.3722,120.6203,春日,C0R260,2017-02-17T03:00:00+08:00,76.0,83.0,0.5,17.3,0.74,1010.6,-99.0,0.0,-9.9,-99,-999,屏東縣,20,春日鄉,343
22.3722,120.6203,春日,C0R260,2017-02-17T04:00:00+08:00,76.0,99.0,0.6,17.1,0.75,1010.6,-99.0,0.0,-9.9,-99,-999,屏東縣,20,春日鄉,343
22.3722,120.6203,春日,C0R260,2017-02-17T05:00:00+08:00,76.0,80.0,0.9,16.8,0.77,1010.9,-99.0,0.0,-9.9,-99,-999,屏東縣,20,春日鄉,343
22.3722,120.6203,春日,C0R260,2017-02-17T06:00:00+08:00,76.0,97.0,0.7,17.0,0.73,1011.5,-99.0,0.0,-9.9,-99,-999,屏東縣,20,春日鄉,343
22.3722,120.6203,春日,C0R260,2017-02-17T07:00:00+08:00,76.0,100.0,1.0,17.6,0.73,1012.2,-99.0,0.0,-9.9,-99,-999,屏東縣,20,春日鄉,343
22.3722,120.6203,春日,C0R260,2017-02-17T08:00:00+08:00,76.0,0.0,0.2,20.5,0.67,1012.9,-99.0,0.0,-9.9,-99,-999,屏東縣,20,春日鄉,343
22.3722,120.6203,春日,C0R260,2017-02-17T10:00:00+08:00,76.0,266.0,1.1,26.3,0.41,1013.2,-99.0,0.0,-9.9,-99,-999,屏東縣,20,春日鄉,343
22.3722,120.6203,春日,C0R260,2017-02-17T11:00:00+08:00,76.0,254.0,1.5,28.0,0.38,1012.4,-99.0,0.0,-9.9,-99,-999,屏東縣,20,春日鄉,343
22.3722,120.6203,春日,C0R260,2017-02-17T12:00:00+08:00,76.0,239.0,1.2,28.5,0.36,1011.6,-99.0,0.0,-9.9,-99,-999,屏東縣,20,春日鄉,343
22.3722,120.6203,春日,C0R260,2017-02-17T13:00:00+08:00,76.0,256.0,1.1,29.1,0.35,1010.7,-99.0,0.0,-9.9,-99,-999,屏東縣,20,春日鄉,343
22.3722,120.6203,春日,C0R260,2017-02-17T14:00:00+08:00,76.0,242.0,1.0,28.1,0.42,1010.2,-99.0,0.0,-9.9,-99,-999,屏東縣,20,春日鄉,343
22.3722,120.6203,春日,C0R260,2017-02-17T16:00:00+08:00,76.0,257.0,1.4,26.8,0.49,1009.9,-99.0,0.0,-9.9,-99,-999,屏東縣,20,春日鄉,343
22.3722,120.6203,春日,C0R260,2017-02-17T17:00:00+08:00,76.0,306.0,0.7,23.7,0.55,1010.0,-99.0,0.0,-9.9,-99,-999,屏東縣,20,春日鄉,343
22.3722,120.6203,春日,C0R260,2017-02-17T18:00:00+08:00,76.0,83.0,0.7,21.6,0.64,1010.4,-99.0,0.0,-9.9,-99,-999,屏東縣,20,春日鄉,343
22.3722,120.6203,春日,C0R260,2017-02-17T19:00:00+08:00,76.0,83.0,0.9,19.8,0.72,1010.9,-99.0,0.0,-9.9,-99,-999,屏東縣,20,春日鄉,343
22.3722,120.6203,春日,C0R260,2017-02-17T20:00:00+08:00,76.0,83.0,1.0,19.3,0.75,1011.7,-99.0,0.0,-9.9,-99,-999,屏東縣,20,春日鄉,343
22.3722,120.6203,春日,C0R260,2017-02-17T21:00:00+08:00,76.0,83.0,1.1,19.0,0.77,1012.1,-99.0,0.0,-9.9,-99,-999,屏東縣,20,春日鄉,343
22.3722,120.6203,春日,C0R260,2017-02-17T22:00:00+08:00,76.0,88.0,0.9,19.2,0.76,1012.3,-99.0,0.0,-9.9,-99,-999,屏東縣,20,春日鄉,343
22.3722,120.6203,春日,C0R260,2017-02-17T23:00:00+08:00,76.0,89.0,0.7,19.2,0.76,1012.3,-99.0,0.0,-9.9,-99,-999,屏東縣,20,春日鄉,343
22.3722,120.6203,春日,C0R260,2017-02-18T00:00:00+08:00,76.0,0.0,0.2,19.5,0.71,1011.9,-99.0,0.0,-9.9,-99,-999,屏東縣,20,春日鄉,343
22.3722,120.6203,春日,C0R260,2017-02-18T01:00:00+08:00,76.0,0.0,0.0,18.6,0.76,1011.6,-99.0,0.0,-9.9,-99,-999,屏東縣,20,春日鄉,343
22.3722,120.6203,春日,C0R260,2017-02-18T02:00:00+08:00,76.0,61.0,1.2,18.2,0.80,1011.4,-99.0,0.0,-9.9,-99,-999,屏東縣,20,春日鄉,343
22.3722,120.6203,春日,C0R260,2017-02-18T03:00:00+08:00,76.0,89.0,0.8,18.4,0.76,1011.2,-99.0,0.0,-9.9,-99,-999,屏東縣,20,春日鄉,343
22.3722,120.6203,春日,C0R260,2017-02-18T04:00:00+08:00,76.0,111.0,0.8,18.3,0.72,1010.7,-99.0,0.0,-9.9,-99,-999,屏東縣,20,春日鄉,343
22.3722,120.6203,春日,C0R260,2017-02-18T05:00:00+08:00,76.0,111.0,0.4,18.3,0.75,1011.1,-99.0,0.0,-9.9,-99,-999,屏東縣,20,春日鄉,343
22.3722,120.6203,春日,C0R260,2017-02-18T06:00:00+08:00,76.0,103.0,1.2,17.6,0.77,1011.5,-99.0,0.0,-9.9,-99,-999,屏東縣,20,春日鄉,343
22.3722,120.6203,春日,C0R260,2017-02-18T07:00:00+08:00,76.0,0.0,0.0,17.7,0.74,1012.2,-99.0,0.0,-9.9,-99,-999,屏東縣,20,春日鄉,343
22.3722,120.6203,春日,C0R260,2017-02-18T08:00:00+08:00,76.0,0.0,0.0,19.0,0.73,1012.7,-99.0,0.0,-9.9,-99,-999,屏東縣,20,春日鄉,343
22.3722,120.6203,春日,C0R260,2017-02-18T10:00:00+08:00,76.0,301.0,1.1,25.0,0.52,1013.1,-99.0,0.0,-9.9,-99,-999,屏東縣,20,春日鄉,343
22.3722,120.6203,春日,C0R260,2017-02-18T11:00:00+08:00,76.0,275.0,1.2,27.2,0.44,1012.4,-99.0,0.0,-9.9,-99,-999,屏東縣,20,春日鄉,343
22.3722,120.6203,春日,C0R260,2017-02-18T12:00:00+08:00,76.0,272.0,1.6,27.4,0.45,1011.6,-99.0,0.0,-9.9,-99,-999,屏東縣,20,春日鄉,343
22.3722,120.6203,春日,C0R260,2017-02-18T13:00:00+08:00,76.0,257.0,1.3,28.4,0.46,1010.7,-99.0,0.0,-9.9,-99,-999,屏東縣,20,春日鄉,343
22.3722,120.6203,春日,C0R260,2017-02-18T14:00:00+08:00,76.0,265.0,1.5,28.7,0.48,1009.6,-99.0,0.0,-9.9,-99,-999,屏東縣,20,春日鄉,343
22.3722,120.6203,春日,C0R260,2017-02-18T15:00:00+08:00,76.0,249.0,1.1,27.8,0.53,1009.2,-99.0,0.0,-9.9,-99,-999,屏東縣,20,春日鄉,343
22.3722,120.6203,春日,C0R260,2017-02-18T16:00:00+08:00,76.0,257.0,1.2,26.7,0.57,1009.3,-99.0,0.0,-9.9,-99,-999,屏東縣,20,春日鄉,343
22.3722,120.6203,春日,C0R260,2017-02-18T17:00:00+08:00,76.0,259.0,0.6,23.6,0.67,1009.8,-99.0,0.0,-9.9,-99,-999,屏東縣,20,春日鄉,343
22.3722,120.6203,春日,C0R260,2017-02-18T18:00:00+08:00,76.0,145.0,0.5,21.4,0.78,1010.2,-99.0,0.0,-9.9,-99,-999,屏東縣,20,春日鄉,343
22.3722,120.6203,春日,C0R260,2017-02-18T19:00:00+08:00,76.0,85.0,1.2,20.0,0.84,1010.6,-99.0,0.0,-9.9,-99,-999,屏東縣,20,春日鄉,343
22.3722,120.6203,春日,C0R260,2017-02-18T20:00:00+08:00,76.0,74.0,0.7,20.2,0.83,1011.2,-99.0,0.0,-9.9,-99,-999,屏東縣,20,春日鄉,343
22.3722,120.6203,春日,C0R260,2017-02-18T21:00:00+08:00,76.0,81.0,1.2,19.8,0.84,1011.3,-99.0,0.0,-9.9,-99,-999,屏東縣,20,春日鄉,343
22.3722,120.6203,春日,C0R260,2017-02-18T22:00:00+08:00,76.0,94.0,0.7,19.3,0.88,1011.3,-99.0,0.0,-9.9,-99,-999,屏東縣,20,春日鄉,343
22.3722,120.6203,春日,C0R260,2017-02-18T23:00:00+08:00,76.0,71.0,1.3,19.5,0.87,1011.2,-99.0,0.0,-9.9,-99,-999,屏東縣,20,春日鄉,343
22.3722,120.6203,春日,C0R260,2017-02-19T01:00:00+08:00,76.0,37.0,1.1,18.9,0.87,1010.8,-99.0,0.0,-9.9,-99,-999,屏東縣,20,春日鄉,343
22.3722,120.6203,春日,C0R260,2017-02-19T02:00:00+08:00,76.0,352.0,1.6,19.6,0.82,1010.7,-99.0,0.0,-9.9,-99,-999,屏東縣,20,春日鄉,343
22.3722,120.6203,春日,C0R260,2017-02-19T03:00:00+08:00,76.0,120.0,0.9,18.4,0.89,1010.6,-99.0,0.0,-9.9,-99,-999,屏東縣,20,春日鄉,343
22.3722,120.6203,春日,C0R260,2017-02-19T04:00:00+08:00,76.0,54.0,0.6,17.1,0.93,1010.4,-99.0,0.0,-9.9,-99,-999,屏東縣,20,春日鄉,343
22.3722,120.6203,春日,C0R260,2017-02-19T05:00:00+08:00,76.0,144.0,0.4,16.9,0.93,1010.0,-99.0,0.0,-9.9,-99,-999,屏東縣,20,春日鄉,343
22.3722,120.6203,春日,C0R260,2017-02-19T06:00:00+08:00,76.0,119.0,0.7,16.4,0.94,1010.2,-99.0,0.0,-9.9,-99,-999,屏東縣,20,春日鄉,343
22.3722,120.6203,春日,C0R260,2017-02-19T07:00:00+08:00,76.0,67.0,0.4,16.4,0.94,1010.6,-99.0,0.0,-9.9,-99,-999,屏東縣,20,春日鄉,343
22.3722,120.6203,春日,C0R260,2017-02-19T08:00:00+08:00,76.0,0.0,0.0,18.8,0.87,1010.8,-99.0,0.0,-9.9,-99,-999,屏東縣,20,春日鄉,343
22.3722,120.6203,春日,C0R260,2017-02-19T10:00:00+08:00,76.0,292.0,1.4,23.8,0.63,1010.5,-99.0,0.0,-9.9,-99,-999,屏東縣,20,春日鄉,343
22.3722,120.6203,春日,C0R260,2017-02-19T11:00:00+08:00,76.0,263.0,1.8,26.1,0.56,1009.7,-99.0,0.0,-9.9,-99,-999,屏東縣,20,春日鄉,343
22.3722,120.6203,春日,C0R260,2017-02-19T12:00:00+08:00,76.0,239.0,1.3,26.3,0.59,1009.0,-99.0,0.0,-9.9,-99,-999,屏東縣,20,春日鄉,343
22.3722,120.6203,春日,C0R260,2017-02-19T13:00:00+08:00,76.0,272.0,1.6,25.9,0.60,1007.8,-99.0,0.0,-9.9,-99,-999,屏東縣,20,春日鄉,343
22.3722,120.6203,春日,C0R260,2017-02-19T14:00:00+08:00,76.0,256.0,1.3,26.8,0.56,1006.3,-99.0,0.0,-9.9,-99,-999,屏東縣,20,春日鄉,343
22.3722,120.6203,春日,C0R260,2017-02-19T15:00:00+08:00,76.0,264.0,1.6,26.6,0.57,1005.7,-99.0,0.0,-9.9,-99,-999,屏東縣,20,春日鄉,343
22.3722,120.6203,春日,C0R260,2017-02-19T16:00:00+08:00,76.0,296.0,0.7,23.8,0.67,1005.4,-99.0,0.0,-9.9,-99,-999,屏東縣,20,春日鄉,343
22.3722,120.6203,春日,C0R260,2017-02-19T17:00:00+08:00,76.0,279.0,0.7,23.5,0.69,1005.1,-99.0,0.0,-9.9,-99,-999,屏東縣,20,春日鄉,343
22.3722,120.6203,春日,C0R260,2017-02-19T18:00:00+08:00,76.0,338.0,1.4,22.1,0.75,1005.4,-99.0,0.0,-9.9,-99,-999,屏東縣,20,春日鄉,343
22.3722,120.6203,春日,C0R260,2017-02-19T19:00:00+08:00,76.0,0.0,0.0,21.8,0.77,1005.4,-99.0,0.0,-9.9,-99,-999,屏東縣,20,春日鄉,343
22.3722,120.6203,春日,C0R260,2017-02-19T20:00:00+08:00,76.0,28.0,1.2,21.6,0.79,1005.8,-99.0,0.0,-9.9,-99,-999,屏東縣,20,春日鄉,343
22.3722,120.6203,春日,C0R260,2017-02-19T21:00:00+08:00,76.0,9.0,1.2,21.8,0.76,1006.4,-99.0,0.0,-9.9,-99,-999,屏東縣,20,春日鄉,343
22.3722,120.6203,春日,C0R260,2017-02-19T22:00:00+08:00,76.0,134.0,0.3,21.1,0.79,1006.0,-99.0,0.0,-9.9,-99,-999,屏東縣,20,春日鄉,343
22.3722,120.6203,春日,C0R260,2017-02-19T23:00:00+08:00,76.0,90.0,1.0,20.9,0.80,1005.9,-99.0,0.0,-9.9,-99,-999,屏東縣,20,春日鄉,343
22.3722,120.6203,春日,C0R260,2017-02-20T00:00:00+08:00,76.0,273.0,0.5,21.1,0.79,1005.5,-99.0,0.0,-9.9,-99,-999,屏東縣,20,春日鄉,343
22.3722,120.6203,春日,C0R260,2017-02-20T01:00:00+08:00,76.0,0.0,0.2,20.7,0.81,1005.3,-99.0,0.0,-9.9,-99,-999,屏東縣,20,春日鄉,343
22.3722,120.6203,春日,C0R260,2017-02-20T02:00:00+08:00,76.0,0.0,0.0,21.1,0.78,1004.8,-99.0,0.0,-9.9,-99,-999,屏東縣,20,春日鄉,343
22.3722,120.6203,春日,C0R260,2017-02-20T03:00:00+08:00,76.0,46.0,0.7,21.0,0.77,1004.3,-99.0,0.0,-9.9,-99,-999,屏東縣,20,春日鄉,343
22.3722,120.6203,春日,C0R260,2017-02-20T04:00:00+08:00,76.0,346.0,0.6,21.3,0.76,1003.9,-99.0,0.0,-9.9,-99,-999,屏東縣,20,春日鄉,343
22.3722,120.6203,春日,C0R260,2017-02-20T05:00:00+08:00,76.0,78.0,0.5,21.1,0.81,1004.2,-99.0,0.0,-9.9,-99,-999,屏東縣,20,春日鄉,343
22.3722,120.6203,春日,C0R260,2017-02-20T06:00:00+08:00,76.0,98.0,0.8,21.5,0.80,1004.9,-99.0,0.0,-9.9,-99,-999,屏東縣,20,春日鄉,343
22.3722,120.6203,春日,C0R260,2017-02-20T07:00:00+08:00,76.0,110.0,0.8,22.1,0.78,1005.5,-99.0,0.0,-9.9,-99,-999,屏東縣,20,春日鄉,343
22.3722,120.6203,春日,C0R260,2017-02-20T08:00:00+08:00,76.0,79.0,1.4,23.0,0.84,1006.0,-99.0,0.0,-9.9,-99,-999,屏東縣,20,春日鄉,343
22.3722,120.6203,春日,C0R260,2017-02-20T10:00:00+08:00,76.0,213.0,0.9,27.8,0.63,1006.2,-99.0,0.0,-9.9,-99,-999,屏東縣,20,春日鄉,343
22.3722,120.6203,春日,C0R260,2017-02-20T11:00:00+08:00,76.0,203.0,2.1,27.7,0.65,1006.2,-99.0,0.0,-9.9,-99,-999,屏東縣,20,春日鄉,343
22.3722,120.6203,春日,C0R260,2017-02-20T12:00:00+08:00,76.0,207.0,1.8,28.3,0.65,1005.4,-99.0,0.0,-9.9,-99,-999,屏東縣,20,春日鄉,343
22.3722,120.6203,春日,C0R260,2017-02-20T13:00:00+08:00,76.0,191.0,2.3,29.5,0.61,1004.6,-99.0,0.0,-9.9,-99,-999,屏東縣,20,春日鄉,343
22.3722,120.6203,春日,C0R260,2017-02-20T14:00:00+08:00,76.0,195.0,2.5,27.7,0.67,1004.0,-99.0,0.0,-9.9,-99,-999,屏東縣,20,春日鄉,343
22.3722,120.6203,春日,C0R260,2017-02-20T15:00:00+08:00,76.0,216.0,1.4,28.6,0.67,1003.7,-99.0,0.0,-9.9,-99,-999,屏東縣,20,春日鄉,343
22.3722,120.6203,春日,C0R260,2017-02-20T16:00:00+08:00,76.0,201.0,1.5,27.4,0.73,1003.7,-99.0,0.0,-9.9,-99,-999,屏東縣,20,春日鄉,343
22.3722,120.6203,春日,C0R260,2017-02-20T17:00:00+08:00,76.0,209.0,1.7,26.4,0.79,1004.1,-99.0,0.0,-9.9,-99,-999,屏東縣,20,春日鄉,343
22.3722,120.6203,春日,C0R260,2017-02-20T18:00:00+08:00,76.0,193.0,1.0,25.0,0.85,1004.7,-99.0,0.0,-9.9,-99,-999,屏東縣,20,春日鄉,343
22.3722,120.6203,春日,C0R260,2017-02-20T19:00:00+08:00,76.0,0.0,0.0,24.5,0.85,1005.2,-99.0,0.0,-9.9,-99,-999,屏東縣,20,春日鄉,343
22.3722,120.6203,春日,C0R260,2017-02-20T20:00:00+08:00,76.0,0.0,0.0,23.9,0.88,1005.7,-99.0,0.0,-9.9,-99,-999,屏東縣,20,春日鄉,343
22.3722,120.6203,春日,C0R260,2017-02-20T21:00:00+08:00,76.0,43.0,1.2,22.7,0.92,1006.2,-99.0,0.0,-9.9,-99,-999,屏東縣,20,春日鄉,343
22.3722,120.6203,春日,C0R260,2017-02-20T22:00:00+08:00,76.0,94.0,0.5,22.9,0.92,1007.2,-99.0,0.0,-9.9,-99,-999,屏東縣,20,春日鄉,343
22.3722,120.6203,春日,C0R260,2017-02-20T23:00:00+08:00,76.0,126.0,0.3,24.1,0.87,1007.7,-99.0,0.0,-9.9,-99,-999,屏東縣,20,春日鄉,343
22.3722,120.6203,春日,C0R260,2017-02-21T00:00:00+08:00,76.0,59.0,0.5,22.5,0.91,1007.5,-99.0,0.0,-9.9,-99,-999,屏東縣,20,春日鄉,343
22.3722,120.6203,春日,C0R260,2017-02-21T01:00:00+08:00,76.0,69.0,1.1,22.2,0.89,1007.0,-99.0,0.0,-9.9,-99,-999,屏東縣,20,春日鄉,343
22.3722,120.6203,春日,C0R260,2017-02-21T02:00:00+08:00,76.0,177.0,0.3,22.6,0.89,1007.0,-99.0,0.0,-9.9,-99,-999,屏東縣,20,春日鄉,343
22.3722,120.6203,春日,C0R260,2017-02-21T03:00:00+08:00,76.0,53.0,1.1,22.3,0.92,1006.6,-99.0,0.0,-9.9,-99,-999,屏東縣,20,春日鄉,343
22.3722,120.6203,春日,C0R260,2017-02-21T04:00:00+08:00,76.0,30.0,2.2,22.8,0.90,1006.7,-99.0,0.0,-9.9,-99,-999,屏東縣,20,春日鄉,343
22.3722,120.6203,春日,C0R260,2017-02-21T05:00:00+08:00,76.0,62.0,0.8,22.4,0.89,1006.8,-99.0,0.0,-9.9,-99,-999,屏東縣,20,春日鄉,343
22.3722,120.6203,春日,C0R260,2017-02-21T06:00:00+08:00,76.0,171.0,0.7,22.0,0.86,1007.2,-99.0,0.0,-9.9,-99,-999,屏東縣,20,春日鄉,343
22.3722,120.6203,春日,C0R260,2017-02-21T07:00:00+08:00,76.0,0.0,0.0,22.0,0.94,1008.0,-99.0,0.0,-9.9,-99,-999,屏東縣,20,春日鄉,343
22.3722,120.6203,春日,C0R260,2017-02-21T08:00:00+08:00,76.0,226.0,0.5,25.3,0.79,1008.8,-99.0,0.0,-9.9,-99,-999,屏東縣,20,春日鄉,343
22.3722,120.6203,春日,C0R260,2017-02-21T09:00:00+08:00,76.0,301.0,1.2,26.7,0.73,1008.6,-99.0,0.0,-9.9,-99,-999,屏東縣,20,春日鄉,343
22.3722,120.6203,春日,C0R260,2017-02-21T10:00:00+08:00,76.0,269.0,1.3,26.5,0.77,1009.0,-99.0,0.0,-9.9,-99,-999,屏東縣,20,春日鄉,343
22.3722,120.6203,春日,C0R260,2017-02-21T11:00:00+08:00,76.0,219.0,1.0,28.5,0.68,1008.5,-99.0,0.0,-9.9,-99,-999,屏東縣,20,春日鄉,343
22.3722,120.6203,春日,C0R260,2017-02-21T12:00:00+08:00,76.0,235.0,0.7,26.4,0.75,1008.6,-99.0,0.0,-9.9,-99,-999,屏東縣,20,春日鄉,343
22.3722,120.6203,春日,C0R260,2017-02-21T13:00:00+08:00,76.0,225.0,1.0,26.9,0.73,1007.0,-99.0,0.0,-9.9,-99,-999,屏東縣,20,春日鄉,343
22.3722,120.6203,春日,C0R260,2017-02-21T14:00:00+08:00,76.0,278.0,1.1,25.7,0.75,1006.6,-99.0,0.0,-9.9,-99,-999,屏東縣,20,春日鄉,343
22.3722,120.6203,春日,C0R260,2017-02-21T15:00:00+08:00,76.0,292.0,0.8,24.1,0.78,1007.1,-99.0,0.0,-9.9,-99,-999,屏東縣,20,春日鄉,343
22.3722,120.6203,春日,C0R260,2017-02-21T16:00:00+08:00,76.0,258.0,0.7,24.6,0.76,1006.6,-99.0,0.0,-9.9,-99,-999,屏東縣,20,春日鄉,343
22.3722,120.6203,春日,C0R260,2017-02-21T17:00:00+08:00,76.0,273.0,0.8,24.0,0.78,1007.1,-99.0,0.0,-9.9,-99,-999,屏東縣,20,春日鄉,343
22.3722,120.6203,春日,C0R260,2017-02-21T18:00:00+08:00,76.0,308.0,0.6,22.9,0.83,1007.3,-99.0,0.0,-9.9,-99,-999,屏東縣,20,春日鄉,343
22.3722,120.6203,春日,C0R260,2017-02-21T19:00:00+08:00,76.0,66.0,0.3,22.5,0.85,1007.9,-99.0,0.0,-9.9,-99,-999,屏東縣,20,春日鄉,343
22.3722,120.6203,春日,C0R260,2017-02-21T20:00:00+08:00,76.0,88.0,0.7,21.8,0.89,1007.4,-99.0,0.0,-9.9,-99,-999,屏東縣,20,春日鄉,343
22.3722,120.6203,春日,C0R260,2017-02-21T22:00:00+08:00,76.0,15.0,3.3,21.8,0.88,1007.1,-99.0,0.0,-9.9,-99,-999,屏東縣,20,春日鄉,343
22.3722,120.6203,春日,C0R260,2017-02-21T23:00:00+08:00,76.0,339.0,1.6,21.7,0.87,1008.0,-99.0,0.0,-9.9,-99,-999,屏東縣,20,春日鄉,343
22.3722,120.6203,春日,C0R260,2017-02-22T00:00:00+08:00,76.0,0.0,0.2,21.2,0.89,1007.8,-99.0,0.0,-9.9,-99,-999,屏東縣,20,春日鄉,343
22.3722,120.6203,春日,C0R260,2017-02-22T01:00:00+08:00,76.0,138.0,0.4,20.5,0.90,1007.5,-99.0,0.0,-9.9,-99,-999,屏東縣,20,春日鄉,343
22.3722,120.6203,春日,C0R260,2017-02-22T02:00:00+08:00,76.0,11.0,0.7,20.3,0.90,1007.1,-99.0,0.0,-9.9,-99,-999,屏東縣,20,春日鄉,343
22.3722,120.6203,春日,C0R260,2017-02-22T03:00:00+08:00,76.0,0.0,0.0,19.9,0.92,1006.5,-99.0,0.0,-9.9,-99,-999,屏東縣,20,春日鄉,343
22.3722,120.6203,春日,C0R260,2017-02-22T04:00:00+08:00,76.0,105.0,0.4,19.8,0.93,1006.1,-99.0,0.0,-9.9,-99,-999,屏東縣,20,春日鄉,343
22.3722,120.6203,春日,C0R260,2017-02-22T05:00:00+08:00,76.0,351.0,0.9,19.6,0.93,1006.4,-99.0,0.0,-9.9,-99,-999,屏東縣,20,春日鄉,343
22.3722,120.6203,春日,C0R260,2017-02-22T06:00:00+08:00,76.0,0.0,0.1,19.7,0.93,1006.8,-99.0,0.0,-9.9,-99,-999,屏東縣,20,春日鄉,343
22.3722,120.6203,春日,C0R260,2017-02-22T07:00:00+08:00,76.0,114.0,0.3,20.1,0.93,1006.9,-99.0,0.0,-9.9,-99,-999,屏東縣,20,春日鄉,343
22.3722,120.6203,春日,C0R260,2017-02-22T08:00:00+08:00,76.0,0.0,0.0,22.2,0.85,1007.0,-99.0,0.0,-9.9,-99,-999,屏東縣,20,春日鄉,343
22.3722,120.6203,春日,C0R260,2017-02-22T09:00:00+08:00,76.0,13.0,0.3,26.5,0.64,1006.8,-99.0,0.0,-9.9,-99,-999,屏東縣,20,春日鄉,343
22.3722,120.6203,春日,C0R260,2017-02-22T10:00:00+08:00,76.0,325.0,1.0,28.2,0.60,1006.8,-99.0,0.0,-9.9,-99,-999,屏東縣,20,春日鄉,343
22.3722,120.6203,春日,C0R260,2017-02-22T11:00:00+08:00,76.0,176.0,2.7,31.2,0.46,1005.6,-99.0,0.0,-9.9,-99,-999,屏東縣,20,春日鄉,343
22.3722,120.6203,春日,C0R260,2017-02-22T12:00:00+08:00,76.0,180.0,2.8,32.6,0.43,1004.8,-99.0,0.0,-9.9,-99,-999,屏東縣,20,春日鄉,343
22.3722,120.6203,春日,C0R260,2017-02-22T13:00:00+08:00,76.0,171.0,2.6,30.8,0.47,1004.1,-99.0,0.0,-9.9,-99,-999,屏東縣,20,春日鄉,343
22.3722,120.6203,春日,C0R260,2017-02-22T14:00:00+08:00,76.0,200.0,2.2,31.7,0.46,1003.7,-99.0,0.0,-9.9,-99,-999,屏東縣,20,春日鄉,343
22.3722,120.6203,春日,C0R260,2017-02-22T15:00:00+08:00,76.0,207.0,2.9,30.9,0.50,1003.6,-99.0,0.0,-9.9,-99,-999,屏東縣,20,春日鄉,343
22.3722,120.6203,春日,C0R260,2017-02-22T16:00:00+08:00,76.0,200.0,2.4,28.9,0.60,1003.7,-99.0,0.0,-9.9,-99,-999,屏東縣,20,春日鄉,343
22.3722,120.6203,春日,C0R260,2017-02-22T17:00:00+08:00,76.0,203.0,1.6,26.8,0.70,1004.2,-99.0,0.0,-9.9,-99,-999,屏東縣,20,春日鄉,343
22.3722,120.6203,春日,C0R260,2017-02-22T18:00:00+08:00,76.0,177.0,1.3,25.9,0.74,1004.5,-99.0,0.0,-9.9,-99,-999,屏東縣,20,春日鄉,343
22.3722,120.6203,春日,C0R260,2017-02-22T19:00:00+08:00,76.0,158.0,1.7,25.3,0.79,1005.1,-99.0,0.0,-9.9,-99,-999,屏東縣,20,春日鄉,343
22.3722,120.6203,春日,C0R260,2017-02-22T20:00:00+08:00,76.0,150.0,0.7,24.9,0.78,1005.8,-99.0,0.0,-9.9,-99,-999,屏東縣,20,春日鄉,343
22.3722,120.6203,春日,C0R260,2017-02-22T21:00:00+08:00,76.0,129.0,0.6,24.2,0.78,1006.0,-99.0,0.0,-9.9,-99,-999,屏東縣,20,春日鄉,343
22.3722,120.6203,春日,C0R260,2017-02-22T22:00:00+08:00,76.0,97.0,0.8,23.0,0.81,1006.1,-99.0,0.0,-9.9,-99,-999,屏東縣,20,春日鄉,343
22.3722,120.6203,春日,C0R260,2017-02-22T23:00:00+08:00,76.0,0.0,0.2,23.8,0.78,1006.4,-99.0,0.0,-9.9,-99,-999,屏東縣,20,春日鄉,343
22.3722,120.6203,春日,C0R260,2017-02-23T00:00:00+08:00,76.0,0.0,0.0,23.6,0.81,1006.1,-99.0,0.0,-9.9,-99,-999,屏東縣,20,春日鄉,343
22.3722,120.6203,春日,C0R260,2017-02-23T01:00:00+08:00,76.0,100.0,0.8,23.7,0.85,1005.7,-99.0,0.0,-9.9,-99,-999,屏東縣,20,春日鄉,343
22.3722,120.6203,春日,C0R260,2017-02-23T02:00:00+08:00,76.0,0.0,0.0,23.9,0.86,1005.4,-99.0,0.0,-9.9,-99,-999,屏東縣,20,春日鄉,343
22.3722,120.6203,春日,C0R260,2017-02-23T03:00:00+08:00,76.0,71.0,1.1,23.8,0.88,1005.1,-99.0,0.0,-9.9,-99,-999,屏東縣,20,春日鄉,343
22.3722,120.6203,春日,C0R260,2017-02-23T04:00:00+08:00,76.0,0.0,0.2,24.0,0.87,1004.8,-99.0,0.0,-9.9,-99,-999,屏東縣,20,春日鄉,343
22.3722,120.6203,春日,C0R260,2017-02-23T05:00:00+08:00,76.0,34.0,1.6,23.7,0.87,1004.9,-99.0,0.0,-9.9,-99,-999,屏東縣,20,春日鄉,343
22.3722,120.6203,春日,C0R260,2017-02-23T06:00:00+08:00,76.0,34.0,1.8,23.5,0.85,1005.5,-99.0,0.0,-9.9,-99,-999,屏東縣,20,春日鄉,343
22.3722,120.6203,春日,C0R260,2017-02-23T07:00:00+08:00,76.0,22.0,2.1,24.3,0.81,1005.9,-99.0,0.0,-9.9,-99,-999,屏東縣,20,春日鄉,343
22.3722,120.6203,春日,C0R260,2017-02-23T08:00:00+08:00,76.0,20.0,1.8,25.4,0.76,1006.3,-99.0,0.0,-9.9,-99,-999,屏東縣,20,春日鄉,343
22.3722,120.6203,春日,C0R260,2017-02-23T10:00:00+08:00,76.0,239.0,0.9,28.2,0.65,1006.8,-99.0,0.0,-9.9,-99,-999,屏東縣,20,春日鄉,343
22.3722,120.6203,春日,C0R260,2017-02-23T11:00:00+08:00,76.0,233.0,0.9,31.9,0.55,1006.7,-99.0,0.0,-9.9,-99,-999,屏東縣,20,春日鄉,343
22.3722,120.6203,春日,C0R260,2017-02-23T12:00:00+08:00,76.0,215.0,1.5,31.0,0.57,1006.0,-99.0,0.0,-9.9,-99,-999,屏東縣,20,春日鄉,343
22.3722,120.6203,春日,C0R260,2017-02-23T13:00:00+08:00,76.0,235.0,1.3,31.9,0.52,1005.3,-99.0,0.0,-9.9,-99,-999,屏東縣,20,春日鄉,343
22.3722,120.6203,春日,C0R260,2017-02-23T15:00:00+08:00,76.0,257.0,1.8,31.3,0.51,1003.7,-99.0,0.0,-9.9,-99,-999,屏東縣,20,春日鄉,343
22.3722,120.6203,春日,C0R260,2017-02-23T16:00:00+08:00,76.0,265.0,1.6,28.9,0.57,1004.0,-99.0,0.0,-9.9,-99,-999,屏東縣,20,春日鄉,343
22.3722,120.6203,春日,C0R260,2017-02-23T17:00:00+08:00,76.0,319.0,2.0,25.4,0.77,1005.2,-99.0,0.0,-9.9,-99,-999,屏東縣,20,春日鄉,343
22.3722,120.6203,春日,C0R260,2017-02-23T18:00:00+08:00,76.0,355.0,1.1,24.1,0.81,1006.0,-99.0,0.0,-9.9,-99,-999,屏東縣,20,春日鄉,343
22.3722,120.6203,春日,C0R260,2017-02-23T19:00:00+08:00,76.0,310.0,1.3,24.0,0.80,1006.7,-99.0,0.0,-9.9,-99,-999,屏東縣,20,春日鄉,343
22.3722,120.6203,春日,C0R260,2017-02-23T20:00:00+08:00,76.0,268.0,0.3,23.5,0.81,1007.4,-99.0,0.0,-9.9,-99,-999,屏東縣,20,春日鄉,343
22.3722,120.6203,春日,C0R260,2017-02-23T21:00:00+08:00,76.0,0.0,0.0,21.4,0.85,1008.2,-99.0,0.0,-9.9,-99,-999,屏東縣,20,春日鄉,343
22.3722,120.6203,春日,C0R260,2017-02-23T22:00:00+08:00,76.0,270.0,0.8,20.4,0.87,1008.8,-99.0,0.0,-9.9,-99,-999,屏東縣,20,春日鄉,343
22.3722,120.6203,春日,C0R260,2017-02-23T23:00:00+08:00,76.0,0.0,0.0,19.5,0.84,1009.3,-99.0,0.0,-9.9,-99,-999,屏東縣,20,春日鄉,343
22.3722,120.6203,春日,C0R260,2017-02-24T00:00:00+08:00,76.0,0.0,0.0,18.5,0.85,1009.6,-99.0,0.0,-9.9,-99,-999,屏東縣,20,春日鄉,343
22.3722,120.6203,春日,C0R260,2017-02-24T01:00:00+08:00,76.0,0.0,0.0,19.0,0.86,1009.8,-99.0,0.0,-9.9,-99,-999,屏東縣,20,春日鄉,343
22.3722,120.6203,春日,C0R260,2017-02-24T02:00:00+08:00,76.0,0.0,0.0,18.8,0.85,1009.6,-99.0,0.0,-9.9,-99,-999,屏東縣,20,春日鄉,343
22.3722,120.6203,春日,C0R260,2017-02-24T03:00:00+08:00,76.0,0.0,0.0,19.3,0.86,1009.2,-99.0,0.0,-9.9,-99,-999,屏東縣,20,春日鄉,343
22.3722,120.6203,春日,C0R260,2017-02-24T04:00:00+08:00,76.0,93.0,1.3,18.6,0.88,1008.7,-99.0,0.0,-9.9,-99,-999,屏東縣,20,春日鄉,343
22.3722,120.6203,春日,C0R260,2017-02-24T05:00:00+08:00,76.0,0.0,0.2,18.0,0.88,1008.8,-99.0,0.0,-9.9,-99,-999,屏東縣,20,春日鄉,343
22.3722,120.6203,春日,C0R260,2017-02-24T06:00:00+08:00,76.0,106.0,0.5,18.1,0.89,1009.1,-99.0,0.0,-9.9,-99,-999,屏東縣,20,春日鄉,343
22.3722,120.6203,春日,C0R260,2017-02-24T07:00:00+08:00,76.0,0.0,0.0,18.1,0.91,1010.0,-99.0,0.0,-9.9,-99,-999,屏東縣,20,春日鄉,343
22.3722,120.6203,春日,C0R260,2017-02-24T08:00:00+08:00,76.0,56.0,0.3,19.7,0.84,1010.8,-99.0,0.0,-9.9,-99,-999,屏東縣,20,春日鄉,343
22.3722,120.6203,春日,C0R260,2017-02-24T09:00:00+08:00,76.0,300.0,0.6,21.4,0.77,1011.2,-99.0,0.0,-9.9,-99,-999,屏東縣,20,春日鄉,343
22.3722,120.6203,春日,C0R260,2017-02-24T10:00:00+08:00,76.0,0.0,0.1,24.4,0.65,1010.8,-99.0,0.0,-9.9,-99,-999,屏東縣,20,春日鄉,343
22.3722,120.6203,春日,C0R260,2017-02-24T11:00:00+08:00,76.0,273.0,1.6,23.2,0.69,1010.9,-99.0,0.0,-9.9,-99,-999,屏東縣,20,春日鄉,343
22.3722,120.6203,春日,C0R260,2017-02-24T12:00:00+08:00,76.0,287.0,1.3,22.9,0.71,1010.1,-99.0,0.0,-9.9,-99,-999,屏東縣,20,春日鄉,343
22.3722,120.6203,春日,C0R260,2017-02-24T13:00:00+08:00,76.0,266.0,1.1,22.7,0.73,1009.6,-99.0,0.0,-9.9,-99,-999,屏東縣,20,春日鄉,343
22.3722,120.6203,春日,C0R260,2017-02-24T14:00:00+08:00,76.0,194.0,1.2,23.1,0.70,1008.7,-99.0,0.0,-9.9,-99,-999,屏東縣,20,春日鄉,343
22.3722,120.6203,春日,C0R260,2017-02-24T15:00:00+08:00,76.0,193.0,0.5,22.4,0.72,1008.5,-99.0,0.0,-9.9,-99,-999,屏東縣,20,春日鄉,343
22.3722,120.6203,春日,C0R260,2017-02-24T16:00:00+08:00,76.0,38.0,0.7,22.6,0.70,1008.5,-99.0,0.0,-9.9,-99,-999,屏東縣,20,春日鄉,343
22.3722,120.6203,春日,C0R260,2017-02-24T17:00:00+08:00,76.0,267.0,0.3,22.6,0.70,1008.6,-99.0,0.0,-9.9,-99,-999,屏東縣,20,春日鄉,343
22.3722,120.6203,春日,C0R260,2017-02-24T18:00:00+08:00,76.0,91.0,0.5,20.9,0.80,1008.8,-99.0,0.0,-9.9,-99,-999,屏東縣,20,春日鄉,343
22.3722,120.6203,春日,C0R260,2017-02-24T19:00:00+08:00,76.0,90.0,0.8,20.4,0.81,1009.5,-99.0,0.0,-9.9,-99,-999,屏東縣,20,春日鄉,343
22.3722,120.6203,春日,C0R260,2017-02-24T20:00:00+08:00,76.0,90.0,1.0,21.0,0.77,1010.0,-99.0,0.0,-9.9,-99,-999,屏東縣,20,春日鄉,343
22.3722,120.6203,春日,C0R260,2017-02-24T21:00:00+08:00,76.0,319.0,0.7,19.9,0.77,1010.6,-99.0,0.0,-9.9,-99,-999,屏東縣,20,春日鄉,343
22.3722,120.6203,春日,C0R260,2017-02-24T22:00:00+08:00,76.0,0.0,0.0,19.2,0.76,1010.5,-99.0,0.0,-9.9,-99,-999,屏東縣,20,春日鄉,343
22.3722,120.6203,春日,C0R260,2017-02-24T23:00:00+08:00,76.0,0.0,0.1,18.9,0.79,1010.4,-99.0,0.0,-9.9,-99,-999,屏東縣,20,春日鄉,343
22.3722,120.6203,春日,C0R260,2017-02-25T00:00:00+08:00,76.0,201.0,0.5,19.1,0.79,1010.5,-99.0,0.0,-9.9,-99,-999,屏東縣,20,春日鄉,343
22.3722,120.6203,春日,C0R260,2017-02-25T01:00:00+08:00,76.0,0.0,0.0,18.5,0.79,1010.3,-99.0,0.0,-9.9,-99,-999,屏東縣,20,春日鄉,343
22.3722,120.6203,春日,C0R260,2017-02-25T02:00:00+08:00,76.0,0.0,0.0,18.2,0.81,1009.7,-99.0,0.0,-9.9,-99,-999,屏東縣,20,春日鄉,343
22.3722,120.6203,春日,C0R260,2017-02-25T03:00:00+08:00,76.0,115.0,0.7,16.9,0.87,1008.9,-99.0,0.0,-9.9,-99,-999,屏東縣,20,春日鄉,343
22.3722,120.6203,春日,C0R260,2017-02-25T04:00:00+08:00,76.0,0.0,0.0,16.0,0.90,1009.0,-99.0,0.0,-9.9,-99,-999,屏東縣,20,春日鄉,343
22.3722,120.6203,春日,C0R260,2017-02-25T05:00:00+08:00,76.0,0.0,0.0,16.9,0.90,1009.2,-99.0,0.0,-9.9,-99,-999,屏東縣,20,春日鄉,343
22.3722,120.6203,春日,C0R260,2017-02-25T06:00:00+08:00,76.0,0.0,0.2,17.7,0.88,1009.3,-99.0,0.0,-9.9,-99,-999,屏東縣,20,春日鄉,343
22.3722,120.6203,春日,C0R260,2017-02-25T07:00:00+08:00,76.0,0.0,0.0,18.3,0.87,1009.5,-99.0,0.0,-9.9,-99,-999,屏東縣,20,春日鄉,343
22.3722,120.6203,春日,C0R260,2017-02-25T08:00:00+08:00,76.0,0.0,0.0,19.7,0.81,1010.3,-99.0,0.0,-9.9,-99,-999,屏東縣,20,春日鄉,343
22.3722,120.6203,春日,C0R260,2017-02-25T10:00:00+08:00,76.0,281.0,1.1,22.7,0.66,1010.0,-99.0,0.0,-9.9,-99,-999,屏東縣,20,春日鄉,343
22.3722,120.6203,春日,C0R260,2017-02-25T11:00:00+08:00,76.0,294.0,1.3,24.6,0.60,1009.2,-99.0,0.0,-9.9,-99,-999,屏東縣,20,春日鄉,343
22.3722,120.6203,春日,C0R260,2017-02-25T12:00:00+08:00,76.0,250.0,1.2,27.7,0.52,1007.7,-99.0,0.0,-9.9,-99,-999,屏東縣,20,春日鄉,343
22.3722,120.6203,春日,C0R260,2017-02-25T13:00:00+08:00,76.0,251.0,1.5,27.1,0.53,1006.7,-99.0,0.0,-9.9,-99,-999,屏東縣,20,春日鄉,343
22.3722,120.6203,春日,C0R260,2017-02-25T14:00:00+08:00,76.0,299.0,1.3,24.9,0.60,1006.1,-99.0,0.0,-9.9,-99,-999,屏東縣,20,春日鄉,343
22.3722,120.6203,春日,C0R260,2017-02-25T15:00:00+08:00,76.0,234.0,0.8,23.8,0.66,1005.8,-99.0,0.0,-9.9,-99,-999,屏東縣,20,春日鄉,343
22.3722,120.6203,春日,C0R260,2017-02-25T16:00:00+08:00,76.0,257.0,0.9,22.6,0.71,1006.0,-99.0,0.0,-9.9,-99,-999,屏東縣,20,春日鄉,343
22.3722,120.6203,春日,C0R260,2017-02-25T17:00:00+08:00,76.0,212.0,0.6,22.2,0.73,1006.2,-99.0,0.0,-9.9,-99,-999,屏東縣,20,春日鄉,343
22.3722,120.6203,春日,C0R260,2017-02-25T18:00:00+08:00,76.0,152.0,1.0,21.8,0.74,1006.6,-99.0,0.0,-9.9,-99,-999,屏東縣,20,春日鄉,343
22.3722,120.6203,春日,C0R260,2017-02-25T19:00:00+08:00,76.0,122.0,0.3,21.2,0.77,1006.9,-99.0,0.0,-9.9,-99,-999,屏東縣,20,春日鄉,343
22.3722,120.6203,春日,C0R260,2017-02-25T20:00:00+08:00,76.0,96.0,1.4,20.9,0.74,1007.2,-99.0,0.0,-9.9,-99,-999,屏東縣,20,春日鄉,343
22.3722,120.6203,春日,C0R260,2017-02-25T21:00:00+08:00,76.0,88.0,1.3,20.4,0.76,1007.6,-99.0,0.0,-9.9,-99,-999,屏東縣,20,春日鄉,343
22.3722,120.6203,春日,C0R260,2017-02-25T22:00:00+08:00,76.0,0.0,0.0,19.3,0.82,1008.2,-99.0,0.0,-9.9,-99,-999,屏東縣,20,春日鄉,343
22.3722,120.6203,春日,C0R260,2017-02-25T23:00:00+08:00,76.0,0.0,0.0,18.7,0.87,1007.8,-99.0,0.0,-9.9,-99,-999,屏東縣,20,春日鄉,343
22.3722,120.6203,春日,C0R260,2017-02-26T00:00:00+08:00,76.0,44.0,1.4,18.8,0.86,1008.2,-99.0,0.0,-9.9,-99,-999,屏東縣,20,春日鄉,343
22.3722,120.6203,春日,C0R260,2017-02-26T01:00:00+08:00,76.0,34.0,1.7,20.3,0.77,1008.3,-99.0,0.0,-9.9,-99,-999,屏東縣,20,春日鄉,343
22.3722,120.6203,春日,C0R260,2017-02-26T02:00:00+08:00,76.0,310.0,1.3,19.1,0.80,1008.1,-99.0,0.0,-9.9,-99,-999,屏東縣,20,春日鄉,343
22.3722,120.6203,春日,C0R260,2017-02-26T03:00:00+08:00,76.0,0.0,0.0,17.9,0.85,1007.6,-99.0,0.0,-9.9,-99,-999,屏東縣,20,春日鄉,343
22.3722,120.6203,春日,C0R260,2017-02-26T04:00:00+08:00,76.0,0.0,0.1,18.8,0.86,1007.2,-99.0,0.0,-9.9,-99,-999,屏東縣,20,春日鄉,343
22.3722,120.6203,春日,C0R260,2017-02-26T05:00:00+08:00,76.0,0.0,0.0,18.3,0.88,1007.5,-99.0,0.0,-9.9,-99,-999,屏東縣,20,春日鄉,343
22.3722,120.6203,春日,C0R260,2017-02-26T06:00:00+08:00,76.0,352.0,3.9,17.9,0.85,1008.4,-99.0,0.0,-9.9,-99,-999,屏東縣,20,春日鄉,343
22.3722,120.6203,春日,C0R260,2017-02-26T07:00:00+08:00,76.0,0.0,0.0,17.9,0.84,1008.7,-99.0,0.0,-9.9,-99,-999,屏東縣,20,春日鄉,343
22.3722,120.6203,春日,C0R260,2017-02-26T08:00:00+08:00,76.0,265.0,0.6,19.2,0.80,1009.2,-99.0,0.0,-9.9,-99,-999,屏東縣,20,春日鄉,343
22.3722,120.6203,春日,C0R260,2017-02-26T10:00:00+08:00,76.0,304.0,2.4,23.6,0.63,1009.6,-99.0,0.0,-9.9,-99,-999,屏東縣,20,春日鄉,343
22.3722,120.6203,春日,C0R260,2017-02-26T11:00:00+08:00,76.0,279.0,1.4,26.2,0.55,1009.2,-99.0,0.0,-9.9,-99,-999,屏東縣,20,春日鄉,343
22.3722,120.6203,春日,C0R260,2017-02-26T12:00:00+08:00,76.0,267.0,1.8,27.9,0.51,1008.5,-99.0,0.0,-9.9,-99,-999,屏東縣,20,春日鄉,343
22.3722,120.6203,春日,C0R260,2017-02-26T13:00:00+08:00,76.0,243.0,1.7,28.8,0.49,1007.4,-99.0,0.0,-9.9,-99,-999,屏東縣,20,春日鄉,343
22.3722,120.6203,春日,C0R260,2017-02-26T14:00:00+08:00,76.0,257.0,1.8,26.8,0.53,1006.9,-99.0,0.0,-9.9,-99,-999,屏東縣,20,春日鄉,343
22.3722,120.6203,春日,C0R260,2017-02-26T15:00:00+08:00,76.0,209.0,1.5,24.8,0.59,1006.6,-99.0,0.0,-9.9,-99,-999,屏東縣,20,春日鄉,343
22.3722,120.6203,春日,C0R260,2017-02-26T16:00:00+08:00,76.0,223.0,1.1,23.8,0.65,1007.0,-99.0,0.0,-9.9,-99,-999,屏東縣,20,春日鄉,343
22.3722,120.6203,春日,C0R260,2017-02-26T17:00:00+08:00,76.0,281.0,1.3,22.7,0.67,1007.5,-99.0,0.0,-9.9,-99,-999,屏東縣,20,春日鄉,343
22.3722,120.6203,春日,C0R260,2017-02-26T18:00:00+08:00,76.0,245.0,0.6,21.9,0.70,1008.0,-99.0,0.0,-9.9,-99,-999,屏東縣,20,春日鄉,343
22.3722,120.6203,春日,C0R260,2017-02-26T19:00:00+08:00,76.0,356.0,1.1,20.7,0.63,1008.9,-99.0,0.0,-9.9,-99,-999,屏東縣,20,春日鄉,343
22.3722,120.6203,春日,C0R260,2017-02-26T20:00:00+08:00,76.0,263.0,0.5,20.3,0.65,1009.5,-99.0,0.0,-9.9,-99,-999,屏東縣,20,春日鄉,343
22.3722,120.6203,春日,C0R260,2017-02-26T21:00:00+08:00,76.0,275.0,0.9,18.8,0.68,1010.4,-99.0,0.0,-9.9,-99,-999,屏東縣,20,春日鄉,343
22.3722,120.6203,春日,C0R260,2017-02-26T22:00:00+08:00,76.0,0.0,0.0,17.2,0.75,1010.7,-99.0,0.0,-9.9,-99,-999,屏東縣,20,春日鄉,343
22.3722,120.6203,春日,C0R260,2017-02-26T23:00:00+08:00,76.0,273.0,0.3,16.8,0.77,1010.6,-99.0,0.0,-9.9,-99,-999,屏東縣,20,春日鄉,343
22.3722,120.6203,春日,C0R260,2017-02-27T00:00:00+08:00,76.0,0.0,0.2,16.6,0.78,1010.6,-99.0,0.0,-9.9,-99,-999,屏東縣,20,春日鄉,343
22.3722,120.6203,春日,C0R260,2017-02-27T01:00:00+08:00,76.0,0.0,0.0,16.1,0.84,1010.0,-99.0,0.0,-9.9,-99,-999,屏東縣,20,春日鄉,343
22.3722,120.6203,春日,C0R260,2017-02-27T02:00:00+08:00,76.0,0.0,0.0,15.5,0.86,1009.8,-99.0,0.0,-9.9,-99,-999,屏東縣,20,春日鄉,343
22.3722,120.6203,春日,C0R260,2017-02-27T03:00:00+08:00,76.0,81.0,0.7,16.0,0.86,1010.0,-99.0,0.0,-9.9,-99,-999,屏東縣,20,春日鄉,343
22.3722,120.6203,春日,C0R260,2017-02-27T04:00:00+08:00,76.0,81.0,0.6,17.0,0.85,1010.1,-99.0,0.0,-9.9,-99,-999,屏東縣,20,春日鄉,343
22.3722,120.6203,春日,C0R260,2017-02-27T05:00:00+08:00,76.0,0.0,0.2,16.3,0.87,1010.2,-99.0,0.0,-9.9,-99,-999,屏東縣,20,春日鄉,343
22.3722,120.6203,春日,C0R260,2017-02-27T06:00:00+08:00,76.0,50.0,1.3,18.0,0.79,1010.9,-99.0,0.0,-9.9,-99,-999,屏東縣,20,春日鄉,343
22.3722,120.6203,春日,C0R260,2017-02-27T08:00:00+08:00,76.0,308.0,0.8,19.9,0.73,1011.8,-99.0,0.0,-9.9,-99,-999,屏東縣,20,春日鄉,343
22.3722,120.6203,春日,C0R260,2017-02-27T10:00:00+08:00,76.0,272.0,1.6,24.1,0.56,1011.7,-99.0,0.0,-9.9,-99,-999,屏東縣,20,春日鄉,343
22.3722,120.6203,春日,C0R260,2017-02-27T11:00:00+08:00,76.0,300.0,2.0,22.4,0.63,1011.9,-99.0,0.0,-9.9,-99,-999,屏東縣,20,春日鄉,343
22.3722,120.6203,春日,C0R260,2017-02-27T12:00:00+08:00,76.0,299.0,1.7,23.1,0.62,1011.5,-99.0,0.0,-9.9,-99,-999,屏東縣,20,春日鄉,343
22.3722,120.6203,春日,C0R260,2017-02-27T13:00:00+08:00,76.0,287.0,1.7,23.7,0.61,1010.6,-99.0,0.0,-9.9,-99,-999,屏東縣,20,春日鄉,343
22.3722,120.6203,春日,C0R260,2017-02-27T14:00:00+08:00,76.0,270.0,1.5,23.9,0.62,1010.0,-99.0,0.0,-9.9,-99,-999,屏東縣,20,春日鄉,343
22.3722,120.6203,春日,C0R260,2017-02-27T15:00:00+08:00,76.0,267.0,1.2,22.4,0.68,1009.9,-99.0,0.0,-9.9,-99,-999,屏東縣,20,春日鄉,343
22.3722,120.6203,春日,C0R260,2017-02-27T16:00:00+08:00,76.0,302.0,1.1,22.0,0.69,1009.9,-99.0,0.0,-9.9,-99,-999,屏東縣,20,春日鄉,343
22.3722,120.6203,春日,C0R260,2017-02-27T17:00:00+08:00,76.0,285.0,1.0,22.4,0.66,1010.2,-99.0,0.0,-9.9,-99,-999,屏東縣,20,春日鄉,343
22.3722,120.6203,春日,C0R260,2017-02-27T18:00:00+08:00,76.0,0.0,0.1,21.2,0.72,1010.6,-99.0,0.0,-9.9,-99,-999,屏東縣,20,春日鄉,343
22.3722,120.6203,春日,C0R260,2017-02-27T19:00:00+08:00,76.0,66.0,1.5,20.5,0.75,1010.7,-99.0,0.0,-9.9,-99,-999,屏東縣,20,春日鄉,343
22.3722,120.6203,春日,C0R260,2017-02-27T20:00:00+08:00,76.0,84.0,2.2,18.8,0.73,1011.1,-99.0,0.0,-9.9,-99,-999,屏東縣,20,春日鄉,343
22.3722,120.6203,春日,C0R260,2017-02-27T21:00:00+08:00,76.0,57.0,1.5,20.1,0.62,1011.2,-99.0,0.0,-9.9,-99,-999,屏東縣,20,春日鄉,343
22.3722,120.6203,春日,C0R260,2017-02-27T22:00:00+08:00,76.0,136.0,1.4,19.7,0.65,1011.4,-99.0,0.0,-9.9,-99,-999,屏東縣,20,春日鄉,343
22.3722,120.6203,春日,C0R260,2017-02-27T23:00:00+08:00,76.0,315.0,0.8,18.2,0.75,1011.5,-99.0,0.0,-9.9,-99,-999,屏東縣,20,春日鄉,343
22.3722,120.6203,春日,C0R260,2017-02-28T00:00:00+08:00,76.0,0.0,0.0,16.3,0.84,1011.6,-99.0,0.0,-9.9,-99,-999,屏東縣,20,春日鄉,343
22.3722,120.6203,春日,C0R260,2017-02-28T01:00:00+08:00,76.0,96.0,1.0,16.1,0.85,1011.4,-99.0,0.0,-9.9,-99,-999,屏東縣,20,春日鄉,343
22.3722,120.6203,春日,C0R260,2017-02-28T02:00:00+08:00,76.0,0.0,0.0,16.7,0.81,1011.0,-99.0,0.0,-9.9,-99,-999,屏東縣,20,春日鄉,343
22.3722,120.6203,春日,C0R260,2017-02-28T03:00:00+08:00,76.0,44.0,0.4,15.7,0.87,1010.8,-99.0,0.0,-9.9,-99,-999,屏東縣,20,春日鄉,343
22.3722,120.6203,春日,C0R260,2017-02-28T04:00:00+08:00,76.0,0.0,0.0,15.4,0.88,1010.7,-99.0,0.0,-9.9,-99,-999,屏東縣,20,春日鄉,343
22.3722,120.6203,春日,C0R260,2017-02-28T05:00:00+08:00,76.0,230.0,0.6,15.3,0.91,1011.1,-99.0,0.0,-9.9,-99,-999,屏東縣,20,春日鄉,343
22.3722,120.6203,春日,C0R260,2017-02-28T07:00:00+08:00,76.0,0.0,0.0,17.0,0.83,1011.7,-99.0,0.0,-9.9,-99,-999,屏東縣,20,春日鄉,343
22.3722,120.6203,春日,C0R260,2017-02-28T09:00:00+08:00,76.0,339.0,0.4,21.7,0.67,1011.5,-99.0,0.0,-9.9,-99,-999,屏東縣,20,春日鄉,343
22.3722,120.6203,春日,C0R260,2017-02-28T10:00:00+08:00,76.0,186.0,0.8,23.8,0.55,1011.4,-99.0,0.0,-9.9,-99,-999,屏東縣,20,春日鄉,343
22.3722,120.6203,春日,C0R260,2017-02-28T11:00:00+08:00,76.0,264.0,1.6,26.2,0.50,1010.6,-99.0,0.0,-9.9,-99,-999,屏東縣,20,春日鄉,343
22.3722,120.6203,春日,C0R260,2017-02-28T12:00:00+08:00,76.0,268.0,1.4,26.3,0.50,1009.6,-99.0,0.0,-9.9,-99,-999,屏東縣,20,春日鄉,343
22.3722,120.6203,春日,C0R260,2017-02-28T13:00:00+08:00,76.0,261.0,2.0,26.3,0.50,1008.9,-99.0,0.0,-9.9,-99,-999,屏東縣,20,春日鄉,343
22.3722,120.6203,春日,C0R260,2017-02-28T14:00:00+08:00,76.0,251.0,1.2,26.5,0.50,1008.0,-99.0,0.0,-9.9,-99,-999,屏東縣,20,春日鄉,343
22.3722,120.6203,春日,C0R260,2017-02-28T15:00:00+08:00,76.0,251.0,1.3,26.2,0.50,1007.1,-99.0,0.0,-9.9,-99,-999,屏東縣,20,春日鄉,343
22.3722,120.6203,春日,C0R260,2017-02-28T16:00:00+08:00,76.0,238.0,1.1,25.6,0.53,1006.9,-99.0,0.0,-9.9,-99,-999,屏東縣,20,春日鄉,343
22.3722,120.6203,春日,C0R260,2017-02-28T17:00:00+08:00,76.0,249.0,0.8,23.3,0.62,1007.2,-99.0,0.0,-9.9,-99,-999,屏東縣,20,春日鄉,343
22.3722,120.6203,春日,C0R260,2017-02-28T18:00:00+08:00,76.0,0.0,0.0,21.6,0.69,1007.4,-99.0,0.0,-9.9,-99,-999,屏東縣,20,春日鄉,343
22.3722,120.6203,春日,C0R260,2017-02-28T19:00:00+08:00,76.0,0.0,0.0,20.6,0.75,1007.8,-99.0,0.0,-9.9,-99,-999,屏東縣,20,春日鄉,343
22.3722,120.6203,春日,C0R260,2017-02-28T20:00:00+08:00,76.0,154.0,0.5,20.2,0.78,1008.1,-99.0,0.0,-9.9,-99,-999,屏東縣,20,春日鄉,343
22.3722,120.6203,春日,C0R260,2017-02-28T21:00:00+08:00,76.0,135.0,0.7,20.6,0.76,1008.3,-99.0,0.0,-9.9,-99,-999,屏東縣,20,春日鄉,343
22.3722,120.6203,春日,C0R260,2017-02-28T22:00:00+08:00,76.0,2.0,3.0,20.5,0.69,1008.7,-99.0,0.0,-9.9,-99,-999,屏東縣,20,春日鄉,343
22.3722,120.6203,春日,C0R260,2017-02-28T23:00:00+08:00,76.0,0.0,0.0,18.8,0.76,1008.4,-99.0,0.0,-9.9,-99,-999,屏東縣,20,春日鄉,343
