22.1696,120.8325,¨d¤¦¦À¤s,C0R420,2017-02-01T07:00:00+08:00,504.0,-97.0,-97.0,-97.0,-0.99,-997.0,-99.0,0.5,-9.9,-99,-999,«ÌªF¿¤,20,¨d¤¦¶m,347
22.1696,120.8325,¨d¤¦¦À¤s,C0R420,2017-02-01T05:00:00+08:00,504.0,-97.0,-97.0,-97.0,-0.99,-997.0,-99.0,0.5,-9.9,-99,-999,«ÌªF¿¤,20,¨d¤¦¶m,347
22.1696,120.8325,¨d¤¦¦À¤s,C0R420,2017-02-01T02:00:00+08:00,504.0,-97.0,-97.0,-97.0,-0.99,-997.0,-99.0,0.0,-9.9,-99,-999,«ÌªF¿¤,20,¨d¤¦¶m,347
22.1696,120.8325,¨d¤¦¦À¤s,C0R420,2017-02-01T11:00:00+08:00,504.0,-97.0,-97.0,-97.0,-0.99,-997.0,-99.0,1.0,-9.9,-99,-999,«ÌªF¿¤,20,¨d¤¦¶m,347
22.1696,120.8325,¨d¤¦¦À¤s,C0R420,2017-02-02T10:00:00+08:00,504.0,-97.0,-97.0,-97.0,-0.99,-997.0,-99.0,1.0,-9.9,-99,-999,«ÌªF¿¤,20,¨d¤¦¶m,347
22.1696,120.8325,¨d¤¦¦À¤s,C0R420,2017-02-02T09:00:00+08:00,504.0,-97.0,-97.0,-97.0,-0.99,-997.0,-99.0,1.0,-9.9,-99,-999,«ÌªF¿¤,20,¨d¤¦¶m,347
22.1696,120.8325,¨d¤¦¦À¤s,C0R420,2017-02-02T14:00:00+08:00,504.0,-97.0,-97.0,-97.0,-0.99,-997.0,-99.0,1.0,-9.9,-99,-999,«ÌªF¿¤,20,¨d¤¦¶m,347
22.1696,120.8325,¨d¤¦¦À¤s,C0R420,2017-02-02T15:00:00+08:00,504.0,-97.0,-97.0,-97.0,-0.99,-997.0,-99.0,1.0,-9.9,-99,-999,«ÌªF¿¤,20,¨d¤¦¶m,347
22.1696,120.8325,¨d¤¦¦À¤s,C0R420,2017-02-02T17:00:00+08:00,504.0,92.0,3.4,15.0,-0.99,959.1,-99.0,1.0,-9.9,-99,-999,«ÌªF¿¤,20,¨d¤¦¶m,347
22.1696,120.8325,¨d¤¦¦À¤s,C0R420,2017-02-02T18:00:00+08:00,504.0,92.0,3.5,14.7,-0.99,959.3,-99.0,1.0,-9.9,-99,-999,«ÌªF¿¤,20,¨d¤¦¶m,347
22.1696,120.8325,¨d¤¦¦À¤s,C0R420,2017-02-02T19:00:00+08:00,504.0,91.0,4.4,14.5,-0.99,959.4,-99.0,1.0,-9.9,-99,-999,«ÌªF¿¤,20,¨d¤¦¶m,347
22.1696,120.8325,¨d¤¦¦À¤s,C0R420,2017-02-02T20:00:00+08:00,504.0,90.0,4.1,14.0,-0.99,959.7,-99.0,1.0,-9.9,-99,-999,«ÌªF¿¤,20,¨d¤¦¶m,347
22.1696,120.8325,¨d¤¦¦À¤s,C0R420,2017-02-02T21:00:00+08:00,504.0,88.0,3.8,14.1,-0.99,960.1,-99.0,1.0,-9.9,-99,-999,«ÌªF¿¤,20,¨d¤¦¶m,347
22.1696,120.8325,¨d¤¦¦À¤s,C0R420,2017-02-02T22:00:00+08:00,504.0,99.0,4.2,13.8,-0.99,960.1,-99.0,1.0,-9.9,-99,-999,«ÌªF¿¤,20,¨d¤¦¶m,347
22.1696,120.8325,¨d¤¦¦À¤s,C0R420,2017-02-02T23:00:00+08:00,504.0,103.0,4.6,13.8,-0.99,959.5,-99.0,1.0,-9.9,-99,-999,«ÌªF¿¤,20,¨d¤¦¶m,347
22.1696,120.8325,¨d¤¦¦À¤s,C0R420,2017-02-03T00:00:00+08:00,504.0,95.0,3.7,13.8,-0.99,959.2,-99.0,1.0,-9.9,-99,-999,«ÌªF¿¤,20,¨d¤¦¶m,347
22.1696,120.8325,¨d¤¦¦À¤s,C0R420,2017-02-03T02:00:00+08:00,504.0,100.0,3.3,14.2,-0.99,958.4,-99.0,0.0,-9.9,-99,-999,«ÌªF¿¤,20,¨d¤¦¶m,347
22.1696,120.8325,¨d¤¦¦À¤s,C0R420,2017-02-03T03:00:00+08:00,504.0,92.0,3.1,14.7,-0.99,958.0,-99.0,0.0,-9.9,-99,-999,«ÌªF¿¤,20,¨d¤¦¶m,347
22.1696,120.8325,¨d¤¦¦À¤s,C0R420,2017-02-03T04:00:00+08:00,504.0,93.0,3.1,14.7,-0.99,958.0,-99.0,0.0,-9.9,-99,-999,«ÌªF¿¤,20,¨d¤¦¶m,347
22.1696,120.8325,¨d¤¦¦À¤s,C0R420,2017-02-03T05:00:00+08:00,504.0,84.0,2.9,14.4,-0.99,957.9,-99.0,0.0,-9.9,-99,-999,«ÌªF¿¤,20,¨d¤¦¶m,347
22.1696,120.8325,¨d¤¦¦À¤s,C0R420,2017-02-03T06:00:00+08:00,504.0,87.0,3.1,14.5,-0.99,958.1,-99.0,0.0,-9.9,-99,-999,«ÌªF¿¤,20,¨d¤¦¶m,347
22.1696,120.8325,¨d¤¦¦À¤s,C0R420,2017-02-03T07:00:00+08:00,504.0,97.0,3.2,14.1,-0.99,958.5,-99.0,0.0,-9.9,-99,-999,«ÌªF¿¤,20,¨d¤¦¶m,347
22.1696,120.8325,¨d¤¦¦À¤s,C0R420,2017-02-03T10:00:00+08:00,504.0,100.0,3.0,16.0,-0.99,959.3,-99.0,0.0,-9.9,-99,-999,«ÌªF¿¤,20,¨d¤¦¶m,347
22.1696,120.8325,¨d¤¦¦À¤s,C0R420,2017-02-03T11:00:00+08:00,504.0,103.0,3.3,17.5,-0.99,958.7,-99.0,0.0,-9.9,-99,-999,«ÌªF¿¤,20,¨d¤¦¶m,347
22.1696,120.8325,¨d¤¦¦À¤s,C0R420,2017-02-03T13:00:00+08:00,504.0,108.0,2.9,18.4,-0.99,956.5,-99.0,0.0,-9.9,-99,-999,«ÌªF¿¤,20,¨d¤¦¶m,347
22.1696,120.8325,¨d¤¦¦À¤s,C0R420,2017-02-03T15:00:00+08:00,504.0,100.0,2.5,17.6,-0.99,955.4,-99.0,0.0,-9.9,-99,-999,«ÌªF¿¤,20,¨d¤¦¶m,347
22.1696,120.8325,¨d¤¦¦À¤s,C0R420,2017-02-03T16:00:00+08:00,504.0,87.0,1.6,17.3,-0.99,955.8,-99.0,0.0,-9.9,-99,-999,«ÌªF¿¤,20,¨d¤¦¶m,347
22.1696,120.8325,¨d¤¦¦À¤s,C0R420,2017-02-03T17:00:00+08:00,504.0,83.0,2.0,16.9,-0.99,956.2,-99.0,0.0,-9.9,-99,-999,«ÌªF¿¤,20,¨d¤¦¶m,347
22.1696,120.8325,¨d¤¦¦À¤s,C0R420,2017-02-03T18:00:00+08:00,504.0,88.0,2.5,16.7,-0.99,956.8,-99.0,0.0,-9.9,-99,-999,«ÌªF¿¤,20,¨d¤¦¶m,347
22.1696,120.8325,¨d¤¦¦À¤s,C0R420,2017-02-03T19:00:00+08:00,504.0,91.0,3.0,16.5,-0.99,956.9,-99.0,0.0,-9.9,-99,-999,«ÌªF¿¤,20,¨d¤¦¶m,347
22.1696,120.8325,¨d¤¦¦À¤s,C0R420,2017-02-03T20:00:00+08:00,504.0,92.0,2.5,16.5,-0.99,957.7,-99.0,0.0,-9.9,-99,-999,«ÌªF¿¤,20,¨d¤¦¶m,347
22.1696,120.8325,¨d¤¦¦À¤s,C0R420,2017-02-03T21:00:00+08:00,504.0,103.0,2.9,16.1,-0.99,957.7,-99.0,0.0,-9.9,-99,-999,«ÌªF¿¤,20,¨d¤¦¶m,347
22.1696,120.8325,¨d¤¦¦À¤s,C0R420,2017-02-03T23:00:00+08:00,504.0,99.0,2.4,15.6,-0.99,957.1,-99.0,0.0,-9.9,-99,-999,«ÌªF¿¤,20,¨d¤¦¶m,347
22.1696,120.8325,¨d¤¦¦À¤s,C0R420,2017-02-04T01:00:00+08:00,504.0,101.0,2.5,15.1,-0.99,956.4,-99.0,0.0,-9.9,-99,-999,«ÌªF¿¤,20,¨d¤¦¶m,347
22.1696,120.8325,¨d¤¦¦À¤s,C0R420,2017-02-04T02:00:00+08:00,504.0,85.0,3.2,14.2,-0.99,955.7,-99.0,0.5,-9.9,-99,-999,«ÌªF¿¤,20,¨d¤¦¶m,347
22.1696,120.8325,¨d¤¦¦À¤s,C0R420,2017-02-04T03:00:00+08:00,504.0,91.0,3.1,14.3,-0.99,955.2,-99.0,0.5,-9.9,-99,-999,«ÌªF¿¤,20,¨d¤¦¶m,347
22.1696,120.8325,¨d¤¦¦À¤s,C0R420,2017-02-04T04:00:00+08:00,504.0,101.0,2.7,14.3,-0.99,954.6,-99.0,0.5,-9.9,-99,-999,«ÌªF¿¤,20,¨d¤¦¶m,347
22.1696,120.8325,¨d¤¦¦À¤s,C0R420,2017-02-04T06:00:00+08:00,504.0,85.0,2.7,14.8,-0.99,955.2,-99.0,0.5,-9.9,-99,-999,«ÌªF¿¤,20,¨d¤¦¶m,347
22.1696,120.8325,¨d¤¦¦À¤s,C0R420,2017-02-04T08:00:00+08:00,504.0,93.0,2.0,15.4,-0.99,955.9,-99.0,0.5,-9.9,-99,-999,«ÌªF¿¤,20,¨d¤¦¶m,347
22.1696,120.8325,¨d¤¦¦À¤s,C0R420,2017-02-04T10:00:00+08:00,504.0,99.0,1.0,15.8,-0.99,956.4,-99.0,1.5,-9.9,-99,-999,«ÌªF¿¤,20,¨d¤¦¶m,347
22.1696,120.8325,¨d¤¦¦À¤s,C0R420,2017-02-04T11:00:00+08:00,504.0,96.0,1.3,17.0,-0.99,955.8,-99.0,1.5,-9.9,-99,-999,«ÌªF¿¤,20,¨d¤¦¶m,347
22.1696,120.8325,¨d¤¦¦À¤s,C0R420,2017-02-04T13:00:00+08:00,504.0,112.0,2.0,17.7,-0.99,953.3,-99.0,1.5,-9.9,-99,-999,«ÌªF¿¤,20,¨d¤¦¶m,347
22.1696,120.8325,¨d¤¦¦À¤s,C0R420,2017-02-04T14:00:00+08:00,504.0,104.0,1.3,18.4,-0.99,952.2,-99.0,1.5,-9.9,-99,-999,«ÌªF¿¤,20,¨d¤¦¶m,347
22.1696,120.8325,¨d¤¦¦À¤s,C0R420,2017-02-04T15:00:00+08:00,504.0,115.0,1.9,17.6,-0.99,951.9,-99.0,1.5,-9.9,-99,-999,«ÌªF¿¤,20,¨d¤¦¶m,347
22.1696,120.8325,¨d¤¦¦À¤s,C0R420,2017-02-04T16:00:00+08:00,504.0,98.0,2.2,17.0,-0.99,952.0,-99.0,1.5,-9.9,-99,-999,«ÌªF¿¤,20,¨d¤¦¶m,347
22.1696,120.8325,¨d¤¦¦À¤s,C0R420,2017-02-04T17:00:00+08:00,504.0,102.0,2.7,16.4,-0.99,952.3,-99.0,1.5,-9.9,-99,-999,«ÌªF¿¤,20,¨d¤¦¶m,347
22.1696,120.8325,¨d¤¦¦À¤s,C0R420,2017-02-04T18:00:00+08:00,504.0,97.0,2.4,15.9,-0.99,952.3,-99.0,1.5,-9.9,-99,-999,«ÌªF¿¤,20,¨d¤¦¶m,347
22.1696,120.8325,¨d¤¦¦À¤s,C0R420,2017-02-04T19:00:00+08:00,504.0,102.0,2.3,16.1,-0.99,952.7,-99.0,1.5,-9.9,-99,-999,«ÌªF¿¤,20,¨d¤¦¶m,347
22.1696,120.8325,¨d¤¦¦À¤s,C0R420,2017-02-04T20:00:00+08:00,504.0,94.0,1.9,16.4,-0.99,953.2,-99.0,1.5,-9.9,-99,-999,«ÌªF¿¤,20,¨d¤¦¶m,347
22.1696,120.8325,¨d¤¦¦À¤s,C0R420,2017-02-04T21:00:00+08:00,504.0,99.0,2.1,16.5,-0.99,953.1,-99.0,1.5,-9.9,-99,-999,«ÌªF¿¤,20,¨d¤¦¶m,347
22.1696,120.8325,¨d¤¦¦À¤s,C0R420,2017-02-04T23:00:00+08:00,504.0,102.0,2.2,16.2,-0.99,953.1,-99.0,1.5,-9.9,-99,-999,«ÌªF¿¤,20,¨d¤¦¶m,347
22.1696,120.8325,¨d¤¦¦À¤s,C0R420,2017-02-05T00:00:00+08:00,504.0,107.0,1.9,16.2,-0.99,952.8,-99.0,1.5,-9.9,-99,-999,«ÌªF¿¤,20,¨d¤¦¶m,347
22.1696,120.8325,¨d¤¦¦À¤s,C0R420,2017-02-05T01:00:00+08:00,504.0,107.0,1.9,16.3,-0.99,952.5,-99.0,0.0,-9.9,-99,-999,«ÌªF¿¤,20,¨d¤¦¶m,347
22.1696,120.8325,¨d¤¦¦À¤s,C0R420,2017-02-05T02:00:00+08:00,504.0,90.0,1.3,16.3,-0.99,951.7,-99.0,0.0,-9.9,-99,-999,«ÌªF¿¤,20,¨d¤¦¶m,347
22.1696,120.8325,¨d¤¦¦À¤s,C0R420,2017-02-05T03:00:00+08:00,504.0,115.0,2.2,16.4,-0.99,951.0,-99.0,0.0,-9.9,-99,-999,«ÌªF¿¤,20,¨d¤¦¶m,347
22.1696,120.8325,¨d¤¦¦À¤s,C0R420,2017-02-05T04:00:00+08:00,504.0,110.0,1.8,16.2,-0.99,950.8,-99.0,0.0,-9.9,-99,-999,«ÌªF¿¤,20,¨d¤¦¶m,347
22.1696,120.8325,¨d¤¦¦À¤s,C0R420,2017-02-05T05:00:00+08:00,504.0,104.0,2.3,16.2,-0.99,950.8,-99.0,0.0,-9.9,-99,-999,«ÌªF¿¤,20,¨d¤¦¶m,347
22.1696,120.8325,¨d¤¦¦À¤s,C0R420,2017-02-05T06:00:00+08:00,504.0,84.0,1.0,16.3,-0.99,951.5,-99.0,0.0,-9.9,-99,-999,«ÌªF¿¤,20,¨d¤¦¶m,347
22.1696,120.8325,¨d¤¦¦À¤s,C0R420,2017-02-05T07:00:00+08:00,504.0,73.0,1.1,16.7,-0.99,951.7,-99.0,0.0,-9.9,-99,-999,«ÌªF¿¤,20,¨d¤¦¶m,347
22.1696,120.8325,¨d¤¦¦À¤s,C0R420,2017-02-05T10:00:00+08:00,504.0,113.0,2.2,20.6,-0.99,953.1,-99.0,0.0,-9.9,-99,-999,«ÌªF¿¤,20,¨d¤¦¶m,347
22.1696,120.8325,¨d¤¦¦À¤s,C0R420,2017-02-05T11:00:00+08:00,504.0,86.0,1.4,20.7,-0.99,952.7,-99.0,0.0,-9.9,-99,-999,«ÌªF¿¤,20,¨d¤¦¶m,347
22.1696,120.8325,¨d¤¦¦À¤s,C0R420,2017-02-05T12:00:00+08:00,504.0,111.0,1.8,19.8,-0.99,952.3,-99.0,0.0,-9.9,-99,-999,«ÌªF¿¤,20,¨d¤¦¶m,347
22.1696,120.8325,¨d¤¦¦À¤s,C0R420,2017-02-05T13:00:00+08:00,504.0,97.0,1.8,20.0,-0.99,951.3,-99.0,0.0,-9.9,-99,-999,«ÌªF¿¤,20,¨d¤¦¶m,347
22.1696,120.8325,¨d¤¦¦À¤s,C0R420,2017-02-05T14:00:00+08:00,504.0,110.0,2.5,18.3,-0.99,950.5,-99.0,0.0,-9.9,-99,-999,«ÌªF¿¤,20,¨d¤¦¶m,347
22.1696,120.8325,¨d¤¦¦À¤s,C0R420,2017-02-05T15:00:00+08:00,504.0,93.0,2.4,18.0,-0.99,950.2,-99.0,0.0,-9.9,-99,-999,«ÌªF¿¤,20,¨d¤¦¶m,347
22.1696,120.8325,¨d¤¦¦À¤s,C0R420,2017-02-05T16:00:00+08:00,504.0,95.0,2.8,17.3,-0.99,950.2,-99.0,0.5,-9.9,-99,-999,«ÌªF¿¤,20,¨d¤¦¶m,347
22.1696,120.8325,¨d¤¦¦À¤s,C0R420,2017-02-05T17:00:00+08:00,504.0,100.0,3.6,17.4,-0.99,950.0,-99.0,0.5,-9.9,-99,-999,«ÌªF¿¤,20,¨d¤¦¶m,347
22.1696,120.8325,¨d¤¦¦À¤s,C0R420,2017-02-05T18:00:00+08:00,504.0,91.0,2.6,17.2,-0.99,951.3,-99.0,0.5,-9.9,-99,-999,«ÌªF¿¤,20,¨d¤¦¶m,347
22.1696,120.8325,¨d¤¦¦À¤s,C0R420,2017-02-05T20:00:00+08:00,504.0,93.0,3.9,17.6,-0.99,951.8,-99.0,0.5,-9.9,-99,-999,«ÌªF¿¤,20,¨d¤¦¶m,347
22.1696,120.8325,¨d¤¦¦À¤s,C0R420,2017-02-05T21:00:00+08:00,504.0,93.0,3.9,17.4,-0.99,952.5,-99.0,0.5,-9.9,-99,-999,«ÌªF¿¤,20,¨d¤¦¶m,347
22.1696,120.8325,¨d¤¦¦À¤s,C0R420,2017-02-05T22:00:00+08:00,504.0,91.0,3.9,17.1,-0.99,952.2,-99.0,0.5,-9.9,-99,-999,«ÌªF¿¤,20,¨d¤¦¶m,347
22.1696,120.8325,¨d¤¦¦À¤s,C0R420,2017-02-05T23:00:00+08:00,504.0,90.0,3.9,16.8,-0.99,952.3,-99.0,0.5,-9.9,-99,-999,«ÌªF¿¤,20,¨d¤¦¶m,347
22.1696,120.8325,¨d¤¦¦À¤s,C0R420,2017-02-06T00:00:00+08:00,504.0,101.0,4.6,16.6,-0.99,952.2,-99.0,0.5,-9.9,-99,-999,«ÌªF¿¤,20,¨d¤¦¶m,347
22.1696,120.8325,¨d¤¦¦À¤s,C0R420,2017-02-06T01:00:00+08:00,504.0,100.0,3.9,16.4,-0.99,951.9,-99.0,0.5,-9.9,-99,-999,«ÌªF¿¤,20,¨d¤¦¶m,347
22.1696,120.8325,¨d¤¦¦À¤s,C0R420,2017-02-06T03:00:00+08:00,504.0,102.0,4.5,15.7,-0.99,951.0,-99.0,0.5,-9.9,-99,-999,«ÌªF¿¤,20,¨d¤¦¶m,347
22.1696,120.8325,¨d¤¦¦À¤s,C0R420,2017-02-06T04:00:00+08:00,504.0,101.0,4.9,15.6,-0.99,950.9,-99.0,0.5,-9.9,-99,-999,«ÌªF¿¤,20,¨d¤¦¶m,347
22.1696,120.8325,¨d¤¦¦À¤s,C0R420,2017-02-06T05:00:00+08:00,504.0,86.0,4.1,15.7,-0.99,951.7,-99.0,0.5,-9.9,-99,-999,«ÌªF¿¤,20,¨d¤¦¶m,347
22.1696,120.8325,¨d¤¦¦À¤s,C0R420,2017-02-06T06:00:00+08:00,504.0,86.0,4.0,16.0,-0.99,952.2,-99.0,0.5,-9.9,-99,-999,«ÌªF¿¤,20,¨d¤¦¶m,347
22.1696,120.8325,¨d¤¦¦À¤s,C0R420,2017-02-06T08:00:00+08:00,504.0,100.0,5.2,16.0,-0.99,953.9,-99.0,0.5,-9.9,-99,-999,«ÌªF¿¤,20,¨d¤¦¶m,347
22.1696,120.8325,¨d¤¦¦À¤s,C0R420,2017-02-06T10:00:00+08:00,504.0,103.0,4.3,16.6,-0.99,955.2,-99.0,0.5,-9.9,-99,-999,«ÌªF¿¤,20,¨d¤¦¶m,347
22.1696,120.8325,¨d¤¦¦À¤s,C0R420,2017-02-06T12:00:00+08:00,504.0,96.0,4.1,17.0,-0.99,954.5,-99.0,0.5,-9.9,-99,-999,«ÌªF¿¤,20,¨d¤¦¶m,347
22.1696,120.8325,¨d¤¦¦À¤s,C0R420,2017-02-06T14:00:00+08:00,504.0,95.0,3.9,16.9,-0.99,953.0,-99.0,0.5,-9.9,-99,-999,«ÌªF¿¤,20,¨d¤¦¶m,347
22.1696,120.8325,¨d¤¦¦À¤s,C0R420,2017-02-06T15:00:00+08:00,504.0,101.0,4.4,16.4,-0.99,953.0,-99.0,0.5,-9.9,-99,-999,«ÌªF¿¤,20,¨d¤¦¶m,347
22.1696,120.8325,¨d¤¦¦À¤s,C0R420,2017-02-06T17:00:00+08:00,504.0,91.0,3.8,15.7,-0.99,953.8,-99.0,0.5,-9.9,-99,-999,«ÌªF¿¤,20,¨d¤¦¶m,347
22.1696,120.8325,¨d¤¦¦À¤s,C0R420,2017-02-06T18:00:00+08:00,504.0,88.0,4.7,15.3,-0.99,954.2,-99.0,0.5,-9.9,-99,-999,«ÌªF¿¤,20,¨d¤¦¶m,347
22.1696,120.8325,¨d¤¦¦À¤s,C0R420,2017-02-06T19:00:00+08:00,504.0,100.0,5.3,15.0,-0.99,954.5,-99.0,0.5,-9.9,-99,-999,«ÌªF¿¤,20,¨d¤¦¶m,347
22.1696,120.8325,¨d¤¦¦À¤s,C0R420,2017-02-06T20:00:00+08:00,504.0,87.0,4.4,14.9,-0.99,955.0,-99.0,0.5,-9.9,-99,-999,«ÌªF¿¤,20,¨d¤¦¶m,347
22.1696,120.8325,¨d¤¦¦À¤s,C0R420,2017-02-06T21:00:00+08:00,504.0,88.0,5.0,14.8,-0.99,955.3,-99.0,0.5,-9.9,-99,-999,«ÌªF¿¤,20,¨d¤¦¶m,347
22.1696,120.8325,¨d¤¦¦À¤s,C0R420,2017-02-06T22:00:00+08:00,504.0,90.0,4.8,14.7,-0.99,955.5,-99.0,0.5,-9.9,-99,-999,«ÌªF¿¤,20,¨d¤¦¶m,347
22.1696,120.8325,¨d¤¦¦À¤s,C0R420,2017-02-07T00:00:00+08:00,504.0,91.0,4.7,14.6,-0.99,955.1,-99.0,0.5,-9.9,-99,-999,«ÌªF¿¤,20,¨d¤¦¶m,347
22.1696,120.8325,¨d¤¦¦À¤s,C0R420,2017-02-07T01:00:00+08:00,504.0,82.0,3.7,14.6,-0.99,955.2,-99.0,0.0,-9.9,-99,-999,«ÌªF¿¤,20,¨d¤¦¶m,347
22.1696,120.8325,¨d¤¦¦À¤s,C0R420,2017-02-07T03:00:00+08:00,504.0,87.0,4.0,14.4,-0.99,954.5,-99.0,0.0,-9.9,-99,-999,«ÌªF¿¤,20,¨d¤¦¶m,347
22.1696,120.8325,¨d¤¦¦À¤s,C0R420,2017-02-07T04:00:00+08:00,504.0,91.0,3.8,14.4,-0.99,954.6,-99.0,0.0,-9.9,-99,-999,«ÌªF¿¤,20,¨d¤¦¶m,347
22.1696,120.8325,¨d¤¦¦À¤s,C0R420,2017-02-07T05:00:00+08:00,504.0,98.0,5.0,14.5,-0.99,954.8,-99.0,0.0,-9.9,-99,-999,«ÌªF¿¤,20,¨d¤¦¶m,347
22.1696,120.8325,¨d¤¦¦À¤s,C0R420,2017-02-07T07:00:00+08:00,504.0,83.0,4.1,14.4,-0.99,956.0,-99.0,0.0,-9.9,-99,-999,«ÌªF¿¤,20,¨d¤¦¶m,347
22.1696,120.8325,¨d¤¦¦À¤s,C0R420,2017-02-07T08:00:00+08:00,504.0,87.0,4.4,14.6,-0.99,956.4,-99.0,0.0,-9.9,-99,-999,«ÌªF¿¤,20,¨d¤¦¶m,347
22.1696,120.8325,¨d¤¦¦À¤s,C0R420,2017-02-07T10:00:00+08:00,504.0,99.0,4.3,16.1,-0.99,956.5,-99.0,0.0,-9.9,-99,-999,«ÌªF¿¤,20,¨d¤¦¶m,347
22.1696,120.8325,¨d¤¦¦À¤s,C0R420,2017-02-07T11:00:00+08:00,504.0,104.0,4.1,17.4,-0.99,956.0,-99.0,0.0,-9.9,-99,-999,«ÌªF¿¤,20,¨d¤¦¶m,347
22.1696,120.8325,¨d¤¦¦À¤s,C0R420,2017-02-07T12:00:00+08:00,504.0,107.0,4.4,17.7,-0.99,955.0,-99.0,0.0,-9.9,-99,-999,«ÌªF¿¤,20,¨d¤¦¶m,347
22.1696,120.8325,¨d¤¦¦À¤s,C0R420,2017-02-07T13:00:00+08:00,504.0,107.0,3.5,17.8,-0.99,954.4,-99.0,0.0,-9.9,-99,-999,«ÌªF¿¤,20,¨d¤¦¶m,347
22.1696,120.8325,¨d¤¦¦À¤s,C0R420,2017-02-07T15:00:00+08:00,504.0,87.0,2.3,17.0,-0.99,953.8,-99.0,0.0,-9.9,-99,-999,«ÌªF¿¤,20,¨d¤¦¶m,347
22.1696,120.8325,¨d¤¦¦À¤s,C0R420,2017-02-07T16:00:00+08:00,504.0,89.0,2.8,16.5,-0.99,953.9,-99.0,0.0,-9.9,-99,-999,«ÌªF¿¤,20,¨d¤¦¶m,347
22.1696,120.8325,¨d¤¦¦À¤s,C0R420,2017-02-07T17:00:00+08:00,504.0,94.0,3.1,16.0,-0.99,953.8,-99.0,0.0,-9.9,-99,-999,«ÌªF¿¤,20,¨d¤¦¶m,347
22.1696,120.8325,¨d¤¦¦À¤s,C0R420,2017-02-07T18:00:00+08:00,504.0,95.0,3.4,15.7,-0.99,954.1,-99.0,0.0,-9.9,-99,-999,«ÌªF¿¤,20,¨d¤¦¶m,347
22.1696,120.8325,¨d¤¦¦À¤s,C0R420,2017-02-07T19:00:00+08:00,504.0,90.0,3.8,15.7,-0.99,954.5,-99.0,0.0,-9.9,-99,-999,«ÌªF¿¤,20,¨d¤¦¶m,347
22.1696,120.8325,¨d¤¦¦À¤s,C0R420,2017-02-07T20:00:00+08:00,504.0,86.0,3.2,15.7,-0.99,954.7,-99.0,0.0,-9.9,-99,-999,«ÌªF¿¤,20,¨d¤¦¶m,347
22.1696,120.8325,¨d¤¦¦À¤s,C0R420,2017-02-07T21:00:00+08:00,504.0,94.0,3.2,15.3,-0.99,954.9,-99.0,0.0,-9.9,-99,-999,«ÌªF¿¤,20,¨d¤¦¶m,347
22.1696,120.8325,¨d¤¦¦À¤s,C0R420,2017-02-08T01:00:00+08:00,504.0,99.0,3.3,14.7,-0.99,954.1,-99.0,0.0,-9.9,-99,-999,«ÌªF¿¤,20,¨d¤¦¶m,347
22.1696,120.8325,¨d¤¦¦À¤s,C0R420,2017-02-08T02:00:00+08:00,504.0,100.0,2.7,14.5,-0.99,953.9,-99.0,0.0,-9.9,-99,-999,«ÌªF¿¤,20,¨d¤¦¶m,347
22.1696,120.8325,¨d¤¦¦À¤s,C0R420,2017-02-08T04:00:00+08:00,504.0,102.0,2.3,14.4,-0.99,953.1,-99.0,0.0,-9.9,-99,-999,«ÌªF¿¤,20,¨d¤¦¶m,347
22.1696,120.8325,¨d¤¦¦À¤s,C0R420,2017-02-08T07:00:00+08:00,504.0,96.0,1.6,14.7,-0.99,953.9,-99.0,0.0,-9.9,-99,-999,«ÌªF¿¤,20,¨d¤¦¶m,347
22.1696,120.8325,¨d¤¦¦À¤s,C0R420,2017-02-08T10:00:00+08:00,504.0,113.0,1.8,19.0,-0.99,954.8,-99.0,0.0,-9.9,-99,-999,«ÌªF¿¤,20,¨d¤¦¶m,347
22.1696,120.8325,¨d¤¦¦À¤s,C0R420,2017-02-08T11:00:00+08:00,504.0,126.0,2.3,19.9,-0.99,954.4,-99.0,0.0,-9.9,-99,-999,«ÌªF¿¤,20,¨d¤¦¶m,347
22.1696,120.8325,¨d¤¦¦À¤s,C0R420,2017-02-08T12:00:00+08:00,504.0,117.0,2.1,20.4,-0.99,953.8,-99.0,0.0,-9.9,-99,-999,«ÌªF¿¤,20,¨d¤¦¶m,347
22.1696,120.8325,¨d¤¦¦À¤s,C0R420,2017-02-08T14:00:00+08:00,504.0,114.0,0.4,19.3,-0.99,952.3,-99.0,0.0,-9.9,-99,-999,«ÌªF¿¤,20,¨d¤¦¶m,347
22.1696,120.8325,¨d¤¦¦À¤s,C0R420,2017-02-08T15:00:00+08:00,504.0,182.0,0.3,19.0,-0.99,951.7,-99.0,0.0,-9.9,-99,-999,«ÌªF¿¤,20,¨d¤¦¶m,347
22.1696,120.8325,¨d¤¦¦À¤s,C0R420,2017-02-08T16:00:00+08:00,504.0,162.0,1.2,17.8,-0.99,951.7,-99.0,0.0,-9.9,-99,-999,«ÌªF¿¤,20,¨d¤¦¶m,347
22.1696,120.8325,¨d¤¦¦À¤s,C0R420,2017-02-08T17:00:00+08:00,504.0,155.0,1.1,17.1,-0.99,951.6,-99.0,0.0,-9.9,-99,-999,«ÌªF¿¤,20,¨d¤¦¶m,347
22.1696,120.8325,¨d¤¦¦À¤s,C0R420,2017-02-08T18:00:00+08:00,504.0,118.0,1.8,16.4,-0.99,952.0,-99.0,0.0,-9.9,-99,-999,«ÌªF¿¤,20,¨d¤¦¶m,347
22.1696,120.8325,¨d¤¦¦À¤s,C0R420,2017-02-08T19:00:00+08:00,504.0,82.0,1.1,16.1,-0.99,952.5,-99.0,0.0,-9.9,-99,-999,«ÌªF¿¤,20,¨d¤¦¶m,347
22.1696,120.8325,¨d¤¦¦À¤s,C0R420,2017-02-08T21:00:00+08:00,504.0,72.0,1.4,15.6,-0.99,953.2,-99.0,0.0,-9.9,-99,-999,«ÌªF¿¤,20,¨d¤¦¶m,347
22.1696,120.8325,¨d¤¦¦À¤s,C0R420,2017-02-08T22:00:00+08:00,504.0,96.0,1.6,15.7,-0.99,953.5,-99.0,0.0,-9.9,-99,-999,«ÌªF¿¤,20,¨d¤¦¶m,347
22.1696,120.8325,¨d¤¦¦À¤s,C0R420,2017-02-09T02:00:00+08:00,504.0,55.0,1.3,15.2,-0.99,952.8,-99.0,0.0,-9.9,-99,-999,«ÌªF¿¤,20,¨d¤¦¶m,347
22.1696,120.8325,¨d¤¦¦À¤s,C0R420,2017-02-09T03:00:00+08:00,504.0,77.0,1.8,15.4,-0.99,952.6,-99.0,0.0,-9.9,-99,-999,«ÌªF¿¤,20,¨d¤¦¶m,347
22.1696,120.8325,¨d¤¦¦À¤s,C0R420,2017-02-09T04:00:00+08:00,504.0,98.0,1.8,15.6,-0.99,952.5,-99.0,0.0,-9.9,-99,-999,«ÌªF¿¤,20,¨d¤¦¶m,347
22.1696,120.8325,¨d¤¦¦À¤s,C0R420,2017-02-09T06:00:00+08:00,504.0,97.0,2.0,15.5,-0.99,953.5,-99.0,0.0,-9.9,-99,-999,«ÌªF¿¤,20,¨d¤¦¶m,347
22.1696,120.8325,¨d¤¦¦À¤s,C0R420,2017-02-09T07:00:00+08:00,504.0,99.0,3.4,15.1,-0.99,954.0,-99.0,1.0,-9.9,-99,-999,«ÌªF¿¤,20,¨d¤¦¶m,347
22.1696,120.8325,¨d¤¦¦À¤s,C0R420,2017-02-09T08:00:00+08:00,504.0,101.0,3.1,14.6,-0.99,954.6,-99.0,2.0,-9.9,-99,-999,«ÌªF¿¤,20,¨d¤¦¶m,347
22.1696,120.8325,¨d¤¦¦À¤s,C0R420,2017-02-09T10:00:00+08:00,504.0,101.0,4.1,13.6,-0.99,955.4,-99.0,3.5,-9.9,-99,-999,«ÌªF¿¤,20,¨d¤¦¶m,347
22.1696,120.8325,¨d¤¦¦À¤s,C0R420,2017-02-09T11:00:00+08:00,504.0,102.0,2.9,13.6,-0.99,955.3,-99.0,4.0,-9.9,-99,-999,«ÌªF¿¤,20,¨d¤¦¶m,347
22.1696,120.8325,¨d¤¦¦À¤s,C0R420,2017-02-09T13:00:00+08:00,504.0,101.0,3.0,13.3,-0.99,953.6,-99.0,4.5,-9.9,-99,-999,«ÌªF¿¤,20,¨d¤¦¶m,347
22.1696,120.8325,¨d¤¦¦À¤s,C0R420,2017-02-09T14:00:00+08:00,504.0,94.0,2.6,12.8,-0.99,953.0,-99.0,4.5,-9.9,-99,-999,«ÌªF¿¤,20,¨d¤¦¶m,347
22.1696,120.8325,¨d¤¦¦À¤s,C0R420,2017-02-09T15:00:00+08:00,504.0,94.0,2.8,12.4,-0.99,952.5,-99.0,5.0,-9.9,-99,-999,«ÌªF¿¤,20,¨d¤¦¶m,347
22.1696,120.8325,¨d¤¦¦À¤s,C0R420,2017-02-09T16:00:00+08:00,504.0,98.0,3.5,12.4,-0.99,953.0,-99.0,5.5,-9.9,-99,-999,«ÌªF¿¤,20,¨d¤¦¶m,347
22.1696,120.8325,¨d¤¦¦À¤s,C0R420,2017-02-09T19:00:00+08:00,504.0,103.0,3.5,11.9,-0.99,954.4,-99.0,6.5,-9.9,-99,-999,«ÌªF¿¤,20,¨d¤¦¶m,347
22.1696,120.8325,¨d¤¦¦À¤s,C0R420,2017-02-09T20:00:00+08:00,504.0,99.0,4.2,11.5,-0.99,954.9,-99.0,7.0,-9.9,-99,-999,«ÌªF¿¤,20,¨d¤¦¶m,347
22.1696,120.8325,¨d¤¦¦À¤s,C0R420,2017-02-09T21:00:00+08:00,504.0,103.0,3.8,11.2,-0.99,955.4,-99.0,7.5,-9.9,-99,-999,«ÌªF¿¤,20,¨d¤¦¶m,347
22.1696,120.8325,¨d¤¦¦À¤s,C0R420,2017-02-09T23:00:00+08:00,504.0,97.0,3.7,10.9,-0.99,956.0,-99.0,7.5,-9.9,-99,-999,«ÌªF¿¤,20,¨d¤¦¶m,347
22.1696,120.8325,¨d¤¦¦À¤s,C0R420,2017-02-10T00:00:00+08:00,504.0,96.0,3.9,10.5,-0.99,955.9,-99.0,8.0,-9.9,-99,-999,«ÌªF¿¤,20,¨d¤¦¶m,347
22.1696,120.8325,¨d¤¦¦À¤s,C0R420,2017-02-10T01:00:00+08:00,504.0,88.0,3.5,10.3,-0.99,955.7,-99.0,0.0,-9.9,-99,-999,«ÌªF¿¤,20,¨d¤¦¶m,347
22.1696,120.8325,¨d¤¦¦À¤s,C0R420,2017-02-10T02:00:00+08:00,504.0,105.0,3.7,10.0,-0.99,955.8,-99.0,0.0,-9.9,-99,-999,«ÌªF¿¤,20,¨d¤¦¶m,347
22.1696,120.8325,¨d¤¦¦À¤s,C0R420,2017-02-10T03:00:00+08:00,504.0,96.0,4.0,10.0,-0.99,955.6,-99.0,0.0,-9.9,-99,-999,«ÌªF¿¤,20,¨d¤¦¶m,347
22.1696,120.8325,¨d¤¦¦À¤s,C0R420,2017-02-10T06:00:00+08:00,504.0,100.0,4.1,10.2,-0.99,956.4,-99.0,0.0,-9.9,-99,-999,«ÌªF¿¤,20,¨d¤¦¶m,347
22.1696,120.8325,¨d¤¦¦À¤s,C0R420,2017-02-10T08:00:00+08:00,504.0,102.0,3.8,10.5,-0.99,957.7,-99.0,0.0,-9.9,-99,-999,«ÌªF¿¤,20,¨d¤¦¶m,347
22.1696,120.8325,¨d¤¦¦À¤s,C0R420,2017-02-10T13:00:00+08:00,504.0,103.0,4.0,11.0,-0.99,956.9,-99.0,0.0,-9.9,-99,-999,«ÌªF¿¤,20,¨d¤¦¶m,347
22.1696,120.8325,¨d¤¦¦À¤s,C0R420,2017-02-10T14:00:00+08:00,504.0,97.0,4.0,11.1,-0.99,956.2,-99.0,0.0,-9.9,-99,-999,«ÌªF¿¤,20,¨d¤¦¶m,347
22.1696,120.8325,¨d¤¦¦À¤s,C0R420,2017-02-10T15:00:00+08:00,504.0,97.0,3.4,10.9,-0.99,956.0,-99.0,0.0,-9.9,-99,-999,«ÌªF¿¤,20,¨d¤¦¶m,347
22.1696,120.8325,¨d¤¦¦À¤s,C0R420,2017-02-10T17:00:00+08:00,504.0,101.0,4.5,10.7,-0.99,957.2,-99.0,0.0,-9.9,-99,-999,«ÌªF¿¤,20,¨d¤¦¶m,347
22.1696,120.8325,¨d¤¦¦À¤s,C0R420,2017-02-10T18:00:00+08:00,504.0,101.0,4.6,10.5,-0.99,957.6,-99.0,0.0,-9.9,-99,-999,«ÌªF¿¤,20,¨d¤¦¶m,347
22.1696,120.8325,¨d¤¦¦À¤s,C0R420,2017-02-10T19:00:00+08:00,504.0,96.0,4.4,10.7,-0.99,958.3,-99.0,0.0,-9.9,-99,-999,«ÌªF¿¤,20,¨d¤¦¶m,347
22.1696,120.8325,¨d¤¦¦À¤s,C0R420,2017-02-10T21:00:00+08:00,504.0,93.0,3.9,10.4,-0.99,959.3,-99.0,0.0,-9.9,-99,-999,«ÌªF¿¤,20,¨d¤¦¶m,347
22.1696,120.8325,¨d¤¦¦À¤s,C0R420,2017-02-10T22:00:00+08:00,504.0,90.0,4.0,9.4,-0.99,959.5,-99.0,0.5,-9.9,-99,-999,«ÌªF¿¤,20,¨d¤¦¶m,347
22.1696,120.8325,¨d¤¦¦À¤s,C0R420,2017-02-11T00:00:00+08:00,504.0,102.0,4.3,9.4,-0.99,959.3,-99.0,1.0,-9.9,-99,-999,«ÌªF¿¤,20,¨d¤¦¶m,347
22.1696,120.8325,¨d¤¦¦À¤s,C0R420,2017-02-11T01:00:00+08:00,504.0,97.0,4.3,9.6,-0.99,959.6,-99.0,0.0,-9.9,-99,-999,«ÌªF¿¤,20,¨d¤¦¶m,347
22.1696,120.8325,¨d¤¦¦À¤s,C0R420,2017-02-11T02:00:00+08:00,504.0,94.0,4.2,9.7,-0.99,959.1,-99.0,0.0,-9.9,-99,-999,«ÌªF¿¤,20,¨d¤¦¶m,347
22.1696,120.8325,¨d¤¦¦À¤s,C0R420,2017-02-11T05:00:00+08:00,504.0,103.0,4.6,9.4,-0.99,959.5,-99.0,0.0,-9.9,-99,-999,«ÌªF¿¤,20,¨d¤¦¶m,347
22.1696,120.8325,¨d¤¦¦À¤s,C0R420,2017-02-11T06:00:00+08:00,504.0,93.0,4.6,9.6,-0.99,960.3,-99.0,0.0,-9.9,-99,-999,«ÌªF¿¤,20,¨d¤¦¶m,347
22.1696,120.8325,¨d¤¦¦À¤s,C0R420,2017-02-11T07:00:00+08:00,504.0,100.0,5.2,9.5,-0.99,960.7,-99.0,0.0,-9.9,-99,-999,«ÌªF¿¤,20,¨d¤¦¶m,347
22.1696,120.8325,¨d¤¦¦À¤s,C0R420,2017-02-11T09:00:00+08:00,504.0,102.0,4.9,9.8,-0.99,962.3,-99.0,0.0,-9.9,-99,-999,«ÌªF¿¤,20,¨d¤¦¶m,347
22.1696,120.8325,¨d¤¦¦À¤s,C0R420,2017-02-11T11:00:00+08:00,504.0,101.0,4.2,10.1,-0.99,961.9,-99.0,0.0,-9.9,-99,-999,«ÌªF¿¤,20,¨d¤¦¶m,347
22.1696,120.8325,¨d¤¦¦À¤s,C0R420,2017-02-11T12:00:00+08:00,504.0,100.0,4.3,10.1,-0.99,961.6,-99.0,0.0,-9.9,-99,-999,«ÌªF¿¤,20,¨d¤¦¶m,347
22.1696,120.8325,¨d¤¦¦À¤s,C0R420,2017-02-11T13:00:00+08:00,504.0,103.0,4.1,10.2,-0.99,960.9,-99.0,0.0,-9.9,-99,-999,«ÌªF¿¤,20,¨d¤¦¶m,347
22.1696,120.8325,¨d¤¦¦À¤s,C0R420,2017-02-11T15:00:00+08:00,504.0,91.0,3.3,9.7,-0.99,960.1,-99.0,0.0,-9.9,-99,-999,«ÌªF¿¤,20,¨d¤¦¶m,347
22.1696,120.8325,¨d¤¦¦À¤s,C0R420,2017-02-11T16:00:00+08:00,504.0,100.0,3.7,9.5,-0.99,960.2,-99.0,0.0,-9.9,-99,-999,«ÌªF¿¤,20,¨d¤¦¶m,347
22.1696,120.8325,¨d¤¦¦À¤s,C0R420,2017-02-11T17:00:00+08:00,504.0,101.0,3.9,9.2,-0.99,960.9,-99.0,0.0,-9.9,-99,-999,«ÌªF¿¤,20,¨d¤¦¶m,347
22.1696,120.8325,¨d¤¦¦À¤s,C0R420,2017-02-11T19:00:00+08:00,504.0,101.0,3.9,9.1,-0.99,961.6,-99.0,0.5,-9.9,-99,-999,«ÌªF¿¤,20,¨d¤¦¶m,347
22.1696,120.8325,¨d¤¦¦À¤s,C0R420,2017-02-11T22:00:00+08:00,504.0,99.0,4.0,9.1,-0.99,962.8,-99.0,1.0,-9.9,-99,-999,«ÌªF¿¤,20,¨d¤¦¶m,347
22.1696,120.8325,¨d¤¦¦À¤s,C0R420,2017-02-11T23:00:00+08:00,504.0,104.0,4.3,9.0,-0.99,962.8,-99.0,1.5,-9.9,-99,-999,«ÌªF¿¤,20,¨d¤¦¶m,347
22.1696,120.8325,¨d¤¦¦À¤s,C0R420,2017-02-12T00:00:00+08:00,504.0,93.0,4.1,9.6,-0.99,962.8,-99.0,1.5,-9.9,-99,-999,«ÌªF¿¤,20,¨d¤¦¶m,347
22.1696,120.8325,¨d¤¦¦À¤s,C0R420,2017-02-12T01:00:00+08:00,504.0,101.0,4.4,9.3,-0.99,962.4,-99.0,0.0,-9.9,-99,-999,«ÌªF¿¤,20,¨d¤¦¶m,347
22.1696,120.8325,¨d¤¦¦À¤s,C0R420,2017-02-12T03:00:00+08:00,504.0,94.0,3.2,9.9,-0.99,961.5,-99.0,0.0,-9.9,-99,-999,«ÌªF¿¤,20,¨d¤¦¶m,347
22.1696,120.8325,¨d¤¦¦À¤s,C0R420,2017-02-12T04:00:00+08:00,504.0,91.0,3.3,10.3,-0.99,961.3,-99.0,0.0,-9.9,-99,-999,«ÌªF¿¤,20,¨d¤¦¶m,347
22.1696,120.8325,¨d¤¦¦À¤s,C0R420,2017-02-12T05:00:00+08:00,504.0,98.0,3.7,10.2,-0.99,961.5,-99.0,0.0,-9.9,-99,-999,«ÌªF¿¤,20,¨d¤¦¶m,347
22.1696,120.8325,¨d¤¦¦À¤s,C0R420,2017-02-12T06:00:00+08:00,504.0,92.0,2.9,10.5,-0.99,962.1,-99.0,0.0,-9.9,-99,-999,«ÌªF¿¤,20,¨d¤¦¶m,347
22.1696,120.8325,¨d¤¦¦À¤s,C0R420,2017-02-12T07:00:00+08:00,504.0,93.0,2.8,10.8,-0.99,962.7,-99.0,0.0,-9.9,-99,-999,«ÌªF¿¤,20,¨d¤¦¶m,347
22.1696,120.8325,¨d¤¦¦À¤s,C0R420,2017-02-12T10:00:00+08:00,504.0,90.0,2.5,11.6,-0.99,963.8,-99.0,0.0,-9.9,-99,-999,«ÌªF¿¤,20,¨d¤¦¶m,347
22.1696,120.8325,¨d¤¦¦À¤s,C0R420,2017-02-12T11:00:00+08:00,504.0,100.0,3.1,12.1,-0.99,963.2,-99.0,0.0,-9.9,-99,-999,«ÌªF¿¤,20,¨d¤¦¶m,347
22.1696,120.8325,¨d¤¦¦À¤s,C0R420,2017-02-12T12:00:00+08:00,504.0,103.0,4.0,12.3,-0.99,962.8,-99.0,0.0,-9.9,-99,-999,«ÌªF¿¤,20,¨d¤¦¶m,347
22.1696,120.8325,¨d¤¦¦À¤s,C0R420,2017-02-12T13:00:00+08:00,504.0,101.0,3.5,12.8,-0.99,961.9,-99.0,0.0,-9.9,-99,-999,«ÌªF¿¤,20,¨d¤¦¶m,347
22.1696,120.8325,¨d¤¦¦À¤s,C0R420,2017-02-12T14:00:00+08:00,504.0,107.0,3.4,14.0,-0.99,961.2,-99.0,0.0,-9.9,-99,-999,«ÌªF¿¤,20,¨d¤¦¶m,347
22.1696,120.8325,¨d¤¦¦À¤s,C0R420,2017-02-12T15:00:00+08:00,504.0,104.0,3.5,13.1,-0.99,960.8,-99.0,0.0,-9.9,-99,-999,«ÌªF¿¤,20,¨d¤¦¶m,347
22.1696,120.8325,¨d¤¦¦À¤s,C0R420,2017-02-12T16:00:00+08:00,504.0,102.0,3.4,12.9,-0.99,960.9,-99.0,0.0,-9.9,-99,-999,«ÌªF¿¤,20,¨d¤¦¶m,347
22.1696,120.8325,¨d¤¦¦À¤s,C0R420,2017-02-12T17:00:00+08:00,504.0,90.0,2.9,12.1,-0.99,961.2,-99.0,0.0,-9.9,-99,-999,«ÌªF¿¤,20,¨d¤¦¶m,347
22.1696,120.8325,¨d¤¦¦À¤s,C0R420,2017-02-12T18:00:00+08:00,504.0,103.0,3.7,11.8,-0.99,961.5,-99.0,0.0,-9.9,-99,-999,«ÌªF¿¤,20,¨d¤¦¶m,347
22.1696,120.8325,¨d¤¦¦À¤s,C0R420,2017-02-12T20:00:00+08:00,504.0,99.0,4.0,11.7,-0.99,962.6,-99.0,0.0,-9.9,-99,-999,«ÌªF¿¤,20,¨d¤¦¶m,347
22.1696,120.8325,¨d¤¦¦À¤s,C0R420,2017-02-12T21:00:00+08:00,504.0,98.0,3.7,11.7,-0.99,962.9,-99.0,0.0,-9.9,-99,-999,«ÌªF¿¤,20,¨d¤¦¶m,347
22.1696,120.8325,¨d¤¦¦À¤s,C0R420,2017-02-12T22:00:00+08:00,504.0,103.0,4.4,11.8,-0.99,962.8,-99.0,0.0,-9.9,-99,-999,«ÌªF¿¤,20,¨d¤¦¶m,347
22.1696,120.8325,¨d¤¦¦À¤s,C0R420,2017-02-13T00:00:00+08:00,504.0,104.0,3.7,11.6,-0.99,962.5,-99.0,0.0,-9.9,-99,-999,«ÌªF¿¤,20,¨d¤¦¶m,347
22.1696,120.8325,¨d¤¦¦À¤s,C0R420,2017-02-13T01:00:00+08:00,504.0,92.0,3.0,12.1,-0.99,962.7,-99.0,0.0,-9.9,-99,-999,«ÌªF¿¤,20,¨d¤¦¶m,347
22.1696,120.8325,¨d¤¦¦À¤s,C0R420,2017-02-13T02:00:00+08:00,504.0,104.0,3.9,12.0,-0.99,962.1,-99.0,0.0,-9.9,-99,-999,«ÌªF¿¤,20,¨d¤¦¶m,347
22.1696,120.8325,¨d¤¦¦À¤s,C0R420,2017-02-13T03:00:00+08:00,504.0,99.0,3.5,11.9,-0.99,961.9,-99.0,0.0,-9.9,-99,-999,«ÌªF¿¤,20,¨d¤¦¶m,347
22.1696,120.8325,¨d¤¦¦À¤s,C0R420,2017-02-13T04:00:00+08:00,504.0,104.0,3.8,11.9,-0.99,961.9,-99.0,0.0,-9.9,-99,-999,«ÌªF¿¤,20,¨d¤¦¶m,347
22.1696,120.8325,¨d¤¦¦À¤s,C0R420,2017-02-13T05:00:00+08:00,504.0,104.0,4.1,12.1,-0.99,962.4,-99.0,0.0,-9.9,-99,-999,«ÌªF¿¤,20,¨d¤¦¶m,347
22.1696,120.8325,¨d¤¦¦À¤s,C0R420,2017-02-13T06:00:00+08:00,504.0,101.0,4.0,12.2,-0.99,963.0,-99.0,0.0,-9.9,-99,-999,«ÌªF¿¤,20,¨d¤¦¶m,347
22.1696,120.8325,¨d¤¦¦À¤s,C0R420,2017-02-13T07:00:00+08:00,504.0,102.0,4.1,12.4,-0.99,963.8,-99.0,0.0,-9.9,-99,-999,«ÌªF¿¤,20,¨d¤¦¶m,347
22.1696,120.8325,¨d¤¦¦À¤s,C0R420,2017-02-13T08:00:00+08:00,504.0,103.0,3.7,12.7,-0.99,964.1,-99.0,0.0,-9.9,-99,-999,«ÌªF¿¤,20,¨d¤¦¶m,347
22.1696,120.8325,¨d¤¦¦À¤s,C0R420,2017-02-13T10:00:00+08:00,504.0,104.0,3.7,13.9,-0.99,964.6,-99.0,0.0,-9.9,-99,-999,«ÌªF¿¤,20,¨d¤¦¶m,347
22.1696,120.8325,¨d¤¦¦À¤s,C0R420,2017-02-13T11:00:00+08:00,504.0,105.0,3.6,14.6,-0.99,964.3,-99.0,0.0,-9.9,-99,-999,«ÌªF¿¤,20,¨d¤¦¶m,347
22.1696,120.8325,¨d¤¦¦À¤s,C0R420,2017-02-13T12:00:00+08:00,504.0,103.0,3.8,15.1,-0.99,963.7,-99.0,0.0,-9.9,-99,-999,«ÌªF¿¤,20,¨d¤¦¶m,347
22.1696,120.8325,¨d¤¦¦À¤s,C0R420,2017-02-13T13:00:00+08:00,504.0,103.0,3.1,15.6,-0.99,963.2,-99.0,0.0,-9.9,-99,-999,«ÌªF¿¤,20,¨d¤¦¶m,347
22.1696,120.8325,¨d¤¦¦À¤s,C0R420,2017-02-13T14:00:00+08:00,504.0,104.0,2.7,15.5,-0.99,962.7,-99.0,0.0,-9.9,-99,-999,«ÌªF¿¤,20,¨d¤¦¶m,347
22.1696,120.8325,¨d¤¦¦À¤s,C0R420,2017-02-13T17:00:00+08:00,504.0,84.0,3.0,13.7,-0.99,963.3,-99.0,0.0,-9.9,-99,-999,«ÌªF¿¤,20,¨d¤¦¶m,347
22.1696,120.8325,¨d¤¦¦À¤s,C0R420,2017-02-13T18:00:00+08:00,504.0,94.0,3.6,13.0,-0.99,963.9,-99.0,1.0,-9.9,-99,-999,«ÌªF¿¤,20,¨d¤¦¶m,347
22.1696,120.8325,¨d¤¦¦À¤s,C0R420,2017-02-13T19:00:00+08:00,504.0,102.0,3.3,12.3,-0.99,964.0,-99.0,2.0,-9.9,-99,-999,«ÌªF¿¤,20,¨d¤¦¶m,347
22.1696,120.8325,¨d¤¦¦À¤s,C0R420,2017-02-13T21:00:00+08:00,504.0,98.0,3.9,12.4,-0.99,965.2,-99.0,2.0,-9.9,-99,-999,«ÌªF¿¤,20,¨d¤¦¶m,347
22.1696,120.8325,¨d¤¦¦À¤s,C0R420,2017-02-13T22:00:00+08:00,504.0,98.0,4.0,12.8,-0.99,965.5,-99.0,2.0,-9.9,-99,-999,«ÌªF¿¤,20,¨d¤¦¶m,347
22.1696,120.8325,¨d¤¦¦À¤s,C0R420,2017-02-13T23:00:00+08:00,504.0,99.0,4.2,12.8,-0.99,965.4,-99.0,2.0,-9.9,-99,-999,«ÌªF¿¤,20,¨d¤¦¶m,347
22.1696,120.8325,¨d¤¦¦À¤s,C0R420,2017-02-14T00:00:00+08:00,504.0,103.0,3.7,13.5,-0.99,965.4,-99.0,2.0,-9.9,-99,-999,«ÌªF¿¤,20,¨d¤¦¶m,347
22.1696,120.8325,¨d¤¦¦À¤s,C0R420,2017-02-14T01:00:00+08:00,504.0,96.0,2.6,13.0,-0.99,965.2,-99.0,0.0,-9.9,-99,-999,«ÌªF¿¤,20,¨d¤¦¶m,347
22.1696,120.8325,¨d¤¦¦À¤s,C0R420,2017-02-14T02:00:00+08:00,504.0,99.0,3.6,12.9,-0.99,964.8,-99.0,0.5,-9.9,-99,-999,«ÌªF¿¤,20,¨d¤¦¶m,347
22.1696,120.8325,¨d¤¦¦À¤s,C0R420,2017-02-14T03:00:00+08:00,504.0,100.0,3.4,12.6,-0.99,964.6,-99.0,1.0,-9.9,-99,-999,«ÌªF¿¤,20,¨d¤¦¶m,347
22.1696,120.8325,¨d¤¦¦À¤s,C0R420,2017-02-14T04:00:00+08:00,504.0,100.0,3.6,12.4,-0.99,964.5,-99.0,1.0,-9.9,-99,-999,«ÌªF¿¤,20,¨d¤¦¶m,347
22.1696,120.8325,¨d¤¦¦À¤s,C0R420,2017-02-14T05:00:00+08:00,504.0,98.0,3.2,12.3,-0.99,964.6,-99.0,1.0,-9.9,-99,-999,«ÌªF¿¤,20,¨d¤¦¶m,347
22.1696,120.8325,¨d¤¦¦À¤s,C0R420,2017-02-14T06:00:00+08:00,504.0,98.0,3.8,12.2,-0.99,965.1,-99.0,1.5,-9.9,-99,-999,«ÌªF¿¤,20,¨d¤¦¶m,347
22.1696,120.8325,¨d¤¦¦À¤s,C0R420,2017-02-14T07:00:00+08:00,504.0,98.0,3.2,12.3,-0.99,965.6,-99.0,3.0,-9.9,-99,-999,«ÌªF¿¤,20,¨d¤¦¶m,347
22.1696,120.8325,¨d¤¦¦À¤s,C0R420,2017-02-14T08:00:00+08:00,504.0,101.0,3.5,12.3,-0.99,965.9,-99.0,3.0,-9.9,-99,-999,«ÌªF¿¤,20,¨d¤¦¶m,347
22.1696,120.8325,¨d¤¦¦À¤s,C0R420,2017-02-14T09:00:00+08:00,504.0,100.0,3.7,13.1,-0.99,966.5,-99.0,3.0,-9.9,-99,-999,«ÌªF¿¤,20,¨d¤¦¶m,347
22.1696,120.8325,¨d¤¦¦À¤s,C0R420,2017-02-14T10:00:00+08:00,504.0,104.0,4.2,13.3,-0.99,966.6,-99.0,3.0,-9.9,-99,-999,«ÌªF¿¤,20,¨d¤¦¶m,347
22.1696,120.8325,¨d¤¦¦À¤s,C0R420,2017-02-14T11:00:00+08:00,504.0,100.0,3.9,13.0,-0.99,966.4,-99.0,3.5,-9.9,-99,-999,«ÌªF¿¤,20,¨d¤¦¶m,347
22.1696,120.8325,¨d¤¦¦À¤s,C0R420,2017-02-14T12:00:00+08:00,504.0,98.0,4.0,13.4,-0.99,966.0,-99.0,4.0,-9.9,-99,-999,«ÌªF¿¤,20,¨d¤¦¶m,347
22.1696,120.8325,¨d¤¦¦À¤s,C0R420,2017-02-14T14:00:00+08:00,504.0,107.0,3.7,14.8,-0.99,964.6,-99.0,4.0,-9.9,-99,-999,«ÌªF¿¤,20,¨d¤¦¶m,347
22.1696,120.8325,¨d¤¦¦À¤s,C0R420,2017-02-14T15:00:00+08:00,504.0,86.0,1.7,14.3,-0.99,964.6,-99.0,4.0,-9.9,-99,-999,«ÌªF¿¤,20,¨d¤¦¶m,347
22.1696,120.8325,¨d¤¦¦À¤s,C0R420,2017-02-14T16:00:00+08:00,504.0,91.0,2.8,14.3,-0.99,964.6,-99.0,4.0,-9.9,-99,-999,«ÌªF¿¤,20,¨d¤¦¶m,347
22.1696,120.8325,¨d¤¦¦À¤s,C0R420,2017-02-14T17:00:00+08:00,504.0,92.0,2.1,14.3,-0.99,964.8,-99.0,4.0,-9.9,-99,-999,«ÌªF¿¤,20,¨d¤¦¶m,347
22.1696,120.8325,¨d¤¦¦À¤s,C0R420,2017-02-14T20:00:00+08:00,504.0,91.0,2.9,14.3,-0.99,965.7,-99.0,4.0,-9.9,-99,-999,«ÌªF¿¤,20,¨d¤¦¶m,347
22.1696,120.8325,¨d¤¦¦À¤s,C0R420,2017-02-14T21:00:00+08:00,504.0,80.0,2.4,14.3,-0.99,966.1,-99.0,4.0,-9.9,-99,-999,«ÌªF¿¤,20,¨d¤¦¶m,347
22.1696,120.8325,¨d¤¦¦À¤s,C0R420,2017-02-14T22:00:00+08:00,504.0,102.0,3.5,13.8,-0.99,966.1,-99.0,4.0,-9.9,-99,-999,«ÌªF¿¤,20,¨d¤¦¶m,347
22.1696,120.8325,¨d¤¦¦À¤s,C0R420,2017-02-14T23:00:00+08:00,504.0,94.0,3.5,13.8,-0.99,966.2,-99.0,4.0,-9.9,-99,-999,«ÌªF¿¤,20,¨d¤¦¶m,347
22.1696,120.8325,¨d¤¦¦À¤s,C0R420,2017-02-15T00:00:00+08:00,504.0,102.0,3.4,13.7,-0.99,966.1,-99.0,4.0,-9.9,-99,-999,«ÌªF¿¤,20,¨d¤¦¶m,347
22.1696,120.8325,¨d¤¦¦À¤s,C0R420,2017-02-15T01:00:00+08:00,504.0,95.0,3.6,13.5,-0.99,965.7,-99.0,0.0,-9.9,-99,-999,«ÌªF¿¤,20,¨d¤¦¶m,347
22.1696,120.8325,¨d¤¦¦À¤s,C0R420,2017-02-15T02:00:00+08:00,504.0,52.0,3.6,12.6,-0.99,964.8,-99.0,0.0,-9.9,-99,-999,«ÌªF¿¤,20,¨d¤¦¶m,347
22.1696,120.8325,¨d¤¦¦À¤s,C0R420,2017-02-15T03:00:00+08:00,504.0,98.0,3.4,12.7,-0.99,964.4,-99.0,0.0,-9.9,-99,-999,«ÌªF¿¤,20,¨d¤¦¶m,347
22.1696,120.8325,¨d¤¦¦À¤s,C0R420,2017-02-15T04:00:00+08:00,504.0,100.0,3.2,12.6,-0.99,964.1,-99.0,0.0,-9.9,-99,-999,«ÌªF¿¤,20,¨d¤¦¶m,347
22.1696,120.8325,¨d¤¦¦À¤s,C0R420,2017-02-15T05:00:00+08:00,504.0,100.0,3.4,12.7,-0.99,964.1,-99.0,0.0,-9.9,-99,-999,«ÌªF¿¤,20,¨d¤¦¶m,347
22.1696,120.8325,¨d¤¦¦À¤s,C0R420,2017-02-15T06:00:00+08:00,504.0,100.0,2.8,12.8,-0.99,964.5,-99.0,0.0,-9.9,-99,-999,«ÌªF¿¤,20,¨d¤¦¶m,347
22.1696,120.8325,¨d¤¦¦À¤s,C0R420,2017-02-15T07:00:00+08:00,504.0,98.0,2.9,13.2,-0.99,964.8,-99.0,0.0,-9.9,-99,-999,«ÌªF¿¤,20,¨d¤¦¶m,347
22.1696,120.8325,¨d¤¦¦À¤s,C0R420,2017-02-15T11:00:00+08:00,504.0,116.0,2.4,18.1,-0.99,964.8,-99.0,0.0,-9.9,-99,-999,«ÌªF¿¤,20,¨d¤¦¶m,347
22.1696,120.8325,¨d¤¦¦À¤s,C0R420,2017-02-15T12:00:00+08:00,504.0,97.0,2.5,18.2,-0.99,964.3,-99.0,0.0,-9.9,-99,-999,«ÌªF¿¤,20,¨d¤¦¶m,347
22.1696,120.8325,¨d¤¦¦À¤s,C0R420,2017-02-15T13:00:00+08:00,504.0,107.0,1.9,18.0,-0.99,963.3,-99.0,0.0,-9.9,-99,-999,«ÌªF¿¤,20,¨d¤¦¶m,347
22.1696,120.8325,¨d¤¦¦À¤s,C0R420,2017-02-15T14:00:00+08:00,504.0,99.0,2.0,17.5,-0.99,962.4,-99.0,0.0,-9.9,-99,-999,«ÌªF¿¤,20,¨d¤¦¶m,347
22.1696,120.8325,¨d¤¦¦À¤s,C0R420,2017-02-15T18:00:00+08:00,504.0,94.0,2.5,15.4,-0.99,961.8,-99.0,0.0,-9.9,-99,-999,«ÌªF¿¤,20,¨d¤¦¶m,347
22.1696,120.8325,¨d¤¦¦À¤s,C0R420,2017-02-15T19:00:00+08:00,504.0,82.0,1.4,14.1,-0.99,962.2,-99.0,1.0,-9.9,-99,-999,«ÌªF¿¤,20,¨d¤¦¶m,347
22.1696,120.8325,¨d¤¦¦À¤s,C0R420,2017-02-15T20:00:00+08:00,504.0,96.0,2.0,13.9,-0.99,962.5,-99.0,1.0,-9.9,-99,-999,«ÌªF¿¤,20,¨d¤¦¶m,347
22.1696,120.8325,¨d¤¦¦À¤s,C0R420,2017-02-15T21:00:00+08:00,504.0,92.0,2.1,13.8,-0.99,962.6,-99.0,1.0,-9.9,-99,-999,«ÌªF¿¤,20,¨d¤¦¶m,347
22.1696,120.8325,¨d¤¦¦À¤s,C0R420,2017-02-15T22:00:00+08:00,504.0,96.0,3.2,13.9,-0.99,962.4,-99.0,1.5,-9.9,-99,-999,«ÌªF¿¤,20,¨d¤¦¶m,347
22.1696,120.8325,¨d¤¦¦À¤s,C0R420,2017-02-16T00:00:00+08:00,504.0,99.0,2.7,14.3,-0.99,961.6,-99.0,1.5,-9.9,-99,-999,«ÌªF¿¤,20,¨d¤¦¶m,347
22.1696,120.8325,¨d¤¦¦À¤s,C0R420,2017-02-16T02:00:00+08:00,504.0,95.0,2.2,14.1,-0.99,960.5,-99.0,0.5,-9.9,-99,-999,«ÌªF¿¤,20,¨d¤¦¶m,347
22.1696,120.8325,¨d¤¦¦À¤s,C0R420,2017-02-16T04:00:00+08:00,504.0,100.0,2.5,14.3,-0.99,959.5,-99.0,0.5,-9.9,-99,-999,«ÌªF¿¤,20,¨d¤¦¶m,347
22.1696,120.8325,¨d¤¦¦À¤s,C0R420,2017-02-16T05:00:00+08:00,504.0,99.0,1.6,14.0,-0.99,959.4,-99.0,0.5,-9.9,-99,-999,«ÌªF¿¤,20,¨d¤¦¶m,347
22.1696,120.8325,¨d¤¦¦À¤s,C0R420,2017-02-16T06:00:00+08:00,504.0,106.0,2.3,14.5,-0.99,959.7,-99.0,0.5,-9.9,-99,-999,«ÌªF¿¤,20,¨d¤¦¶m,347
22.1696,120.8325,¨d¤¦¦À¤s,C0R420,2017-02-16T07:00:00+08:00,504.0,98.0,1.3,14.6,-0.99,959.9,-99.0,0.5,-9.9,-99,-999,«ÌªF¿¤,20,¨d¤¦¶m,347
22.1696,120.8325,¨d¤¦¦À¤s,C0R420,2017-02-16T08:00:00+08:00,504.0,105.0,1.5,15.2,-0.99,960.2,-99.0,0.5,-9.9,-99,-999,«ÌªF¿¤,20,¨d¤¦¶m,347
22.1696,120.8325,¨d¤¦¦À¤s,C0R420,2017-02-16T09:00:00+08:00,504.0,110.0,2.0,15.3,-0.99,960.4,-99.0,0.5,-9.9,-99,-999,«ÌªF¿¤,20,¨d¤¦¶m,347
22.1696,120.8325,¨d¤¦¦À¤s,C0R420,2017-02-16T12:00:00+08:00,504.0,82.0,1.0,16.8,-0.99,960.1,-99.0,0.5,-9.9,-99,-999,«ÌªF¿¤,20,¨d¤¦¶m,347
22.1696,120.8325,¨d¤¦¦À¤s,C0R420,2017-02-16T13:00:00+08:00,504.0,81.0,1.0,17.4,-0.99,959.4,-99.0,0.5,-9.9,-99,-999,«ÌªF¿¤,20,¨d¤¦¶m,347
22.1696,120.8325,¨d¤¦¦À¤s,C0R420,2017-02-16T14:00:00+08:00,504.0,100.0,1.3,18.7,-0.99,958.6,-99.0,0.5,-9.9,-99,-999,«ÌªF¿¤,20,¨d¤¦¶m,347
22.1696,120.8325,¨d¤¦¦À¤s,C0R420,2017-02-16T15:00:00+08:00,504.0,104.0,1.1,18.0,-0.99,958.4,-99.0,0.5,-9.9,-99,-999,«ÌªF¿¤,20,¨d¤¦¶m,347
22.1696,120.8325,¨d¤¦¦À¤s,C0R420,2017-02-16T16:00:00+08:00,504.0,106.0,1.3,18.0,-0.99,958.1,-99.0,0.5,-9.9,-99,-999,«ÌªF¿¤,20,¨d¤¦¶m,347
22.1696,120.8325,¨d¤¦¦À¤s,C0R420,2017-02-16T17:00:00+08:00,504.0,104.0,0.9,16.8,-0.99,958.4,-99.0,0.5,-9.9,-99,-999,«ÌªF¿¤,20,¨d¤¦¶m,347
22.1696,120.8325,¨d¤¦¦À¤s,C0R420,2017-02-16T18:00:00+08:00,504.0,107.0,2.2,15.8,-0.99,958.9,-99.0,0.5,-9.9,-99,-999,«ÌªF¿¤,20,¨d¤¦¶m,347
22.1696,120.8325,¨d¤¦¦À¤s,C0R420,2017-02-16T20:00:00+08:00,504.0,104.0,2.2,15.6,-0.99,959.9,-99.0,0.5,-9.9,-99,-999,«ÌªF¿¤,20,¨d¤¦¶m,347
22.1696,120.8325,¨d¤¦¦À¤s,C0R420,2017-02-16T21:00:00+08:00,504.0,103.0,1.8,15.5,-0.99,960.2,-99.0,0.5,-9.9,-99,-999,«ÌªF¿¤,20,¨d¤¦¶m,347
22.1696,120.8325,¨d¤¦¦À¤s,C0R420,2017-02-16T22:00:00+08:00,504.0,103.0,1.6,16.1,-0.99,960.3,-99.0,0.5,-9.9,-99,-999,«ÌªF¿¤,20,¨d¤¦¶m,347
22.1696,120.8325,¨d¤¦¦À¤s,C0R420,2017-02-16T23:00:00+08:00,504.0,98.0,2.0,16.3,-0.99,960.0,-99.0,0.5,-9.9,-99,-999,«ÌªF¿¤,20,¨d¤¦¶m,347
22.1696,120.8325,¨d¤¦¦À¤s,C0R420,2017-02-17T00:00:00+08:00,504.0,104.0,1.7,16.0,-0.99,959.5,-99.0,0.5,-9.9,-99,-999,«ÌªF¿¤,20,¨d¤¦¶m,347
22.1696,120.8325,¨d¤¦¦À¤s,C0R420,2017-02-17T01:00:00+08:00,504.0,98.0,1.9,16.3,-0.99,958.9,-99.0,0.0,-9.9,-99,-999,«ÌªF¿¤,20,¨d¤¦¶m,347
22.1696,120.8325,¨d¤¦¦À¤s,C0R420,2017-02-17T02:00:00+08:00,504.0,105.0,1.9,16.0,-0.99,958.6,-99.0,0.0,-9.9,-99,-999,«ÌªF¿¤,20,¨d¤¦¶m,347
22.1696,120.8325,¨d¤¦¦À¤s,C0R420,2017-02-17T03:00:00+08:00,504.0,104.0,1.8,15.7,-0.99,958.2,-99.0,0.0,-9.9,-99,-999,«ÌªF¿¤,20,¨d¤¦¶m,347
22.1696,120.8325,¨d¤¦¦À¤s,C0R420,2017-02-17T04:00:00+08:00,504.0,114.0,2.5,15.9,-0.99,958.1,-99.0,0.0,-9.9,-99,-999,«ÌªF¿¤,20,¨d¤¦¶m,347
22.1696,120.8325,¨d¤¦¦À¤s,C0R420,2017-02-17T05:00:00+08:00,504.0,107.0,2.1,16.4,-0.99,958.2,-99.0,0.0,-9.9,-99,-999,«ÌªF¿¤,20,¨d¤¦¶m,347
22.1696,120.8325,¨d¤¦¦À¤s,C0R420,2017-02-17T06:00:00+08:00,504.0,109.0,1.9,16.6,-0.99,959.0,-99.0,0.0,-9.9,-99,-999,«ÌªF¿¤,20,¨d¤¦¶m,347
22.1696,120.8325,¨d¤¦¦À¤s,C0R420,2017-02-17T07:00:00+08:00,504.0,98.0,1.6,16.5,-0.99,959.8,-99.0,0.0,-9.9,-99,-999,«ÌªF¿¤,20,¨d¤¦¶m,347
22.1696,120.8325,¨d¤¦¦À¤s,C0R420,2017-02-17T08:00:00+08:00,504.0,106.0,1.8,16.6,-0.99,960.3,-99.0,0.0,-9.9,-99,-999,«ÌªF¿¤,20,¨d¤¦¶m,347
22.1696,120.8325,¨d¤¦¦À¤s,C0R420,2017-02-17T10:00:00+08:00,504.0,90.0,1.2,18.4,-0.99,960.9,-99.0,0.0,-9.9,-99,-999,«ÌªF¿¤,20,¨d¤¦¶m,347
22.1696,120.8325,¨d¤¦¦À¤s,C0R420,2017-02-17T11:00:00+08:00,504.0,109.0,1.7,20.2,-0.99,960.3,-99.0,0.0,-9.9,-99,-999,«ÌªF¿¤,20,¨d¤¦¶m,347
22.1696,120.8325,¨d¤¦¦À¤s,C0R420,2017-02-17T12:00:00+08:00,504.0,106.0,1.5,20.8,-0.99,959.6,-99.0,0.0,-9.9,-99,-999,«ÌªF¿¤,20,¨d¤¦¶m,347
22.1696,120.8325,¨d¤¦¦À¤s,C0R420,2017-02-17T13:00:00+08:00,504.0,115.0,2.0,21.3,-0.99,958.8,-99.0,0.0,-9.9,-99,-999,«ÌªF¿¤,20,¨d¤¦¶m,347
22.1696,120.8325,¨d¤¦¦À¤s,C0R420,2017-02-17T14:00:00+08:00,504.0,111.0,1.8,20.1,-0.99,958.3,-99.0,0.0,-9.9,-99,-999,«ÌªF¿¤,20,¨d¤¦¶m,347
22.1696,120.8325,¨d¤¦¦À¤s,C0R420,2017-02-17T15:00:00+08:00,504.0,118.0,1.9,19.6,-0.99,958.1,-99.0,0.0,-9.9,-99,-999,«ÌªF¿¤,20,¨d¤¦¶m,347
22.1696,120.8325,¨d¤¦¦À¤s,C0R420,2017-02-17T16:00:00+08:00,504.0,103.0,1.2,18.9,-0.99,958.1,-99.0,0.0,-9.9,-99,-999,«ÌªF¿¤,20,¨d¤¦¶m,347
22.1696,120.8325,¨d¤¦¦À¤s,C0R420,2017-02-17T17:00:00+08:00,504.0,98.0,0.9,17.9,-0.99,958.4,-99.0,0.0,-9.9,-99,-999,«ÌªF¿¤,20,¨d¤¦¶m,347
22.1696,120.8325,¨d¤¦¦À¤s,C0R420,2017-02-17T18:00:00+08:00,504.0,101.0,1.6,16.8,-0.99,958.6,-99.0,0.0,-9.9,-99,-999,«ÌªF¿¤,20,¨d¤¦¶m,347
22.1696,120.8325,¨d¤¦¦À¤s,C0R420,2017-02-17T19:00:00+08:00,504.0,91.0,1.5,16.6,-0.99,959.1,-99.0,0.0,-9.9,-99,-999,«ÌªF¿¤,20,¨d¤¦¶m,347
22.1696,120.8325,¨d¤¦¦À¤s,C0R420,2017-02-17T21:00:00+08:00,504.0,90.0,2.0,16.5,-0.99,960.1,-99.0,0.0,-9.9,-99,-999,«ÌªF¿¤,20,¨d¤¦¶m,347
22.1696,120.8325,¨d¤¦¦À¤s,C0R420,2017-02-18T00:00:00+08:00,504.0,95.0,2.4,16.4,-0.99,960.0,-99.0,0.0,-9.9,-99,-999,«ÌªF¿¤,20,¨d¤¦¶m,347
22.1696,120.8325,¨d¤¦¦À¤s,C0R420,2017-02-18T01:00:00+08:00,504.0,89.0,1.8,16.4,-0.99,959.5,-99.0,0.0,-9.9,-99,-999,«ÌªF¿¤,20,¨d¤¦¶m,347
22.1696,120.8325,¨d¤¦¦À¤s,C0R420,2017-02-18T02:00:00+08:00,504.0,90.0,2.6,16.3,-0.99,959.1,-99.0,0.0,-9.9,-99,-999,«ÌªF¿¤,20,¨d¤¦¶m,347
22.1696,120.8325,¨d¤¦¦À¤s,C0R420,2017-02-18T05:00:00+08:00,504.0,103.0,2.4,16.0,-0.99,958.6,-99.0,0.5,-9.9,-99,-999,«ÌªF¿¤,20,¨d¤¦¶m,347
22.1696,120.8325,¨d¤¦¦À¤s,C0R420,2017-02-18T06:00:00+08:00,504.0,94.0,2.0,16.2,-0.99,959.3,-99.0,0.5,-9.9,-99,-999,«ÌªF¿¤,20,¨d¤¦¶m,347
22.1696,120.8325,¨d¤¦¦À¤s,C0R420,2017-02-18T07:00:00+08:00,504.0,98.0,2.3,16.3,-0.99,959.9,-99.0,0.5,-9.9,-99,-999,«ÌªF¿¤,20,¨d¤¦¶m,347
22.1696,120.8325,¨d¤¦¦À¤s,C0R420,2017-02-18T10:00:00+08:00,504.0,105.0,2.6,18.5,-0.99,960.8,-99.0,0.5,-9.9,-99,-999,«ÌªF¿¤,20,¨d¤¦¶m,347
22.1696,120.8325,¨d¤¦¦À¤s,C0R420,2017-02-18T11:00:00+08:00,504.0,107.0,2.8,20.0,-0.99,960.4,-99.0,0.5,-9.9,-99,-999,«ÌªF¿¤,20,¨d¤¦¶m,347
22.1696,120.8325,¨d¤¦¦À¤s,C0R420,2017-02-18T12:00:00+08:00,504.0,108.0,2.2,20.7,-0.99,959.7,-99.0,0.5,-9.9,-99,-999,«ÌªF¿¤,20,¨d¤¦¶m,347
22.1696,120.8325,¨d¤¦¦À¤s,C0R420,2017-02-18T13:00:00+08:00,504.0,94.0,1.8,19.5,-0.99,958.9,-99.0,0.5,-9.9,-99,-999,«ÌªF¿¤,20,¨d¤¦¶m,347
22.1696,120.8325,¨d¤¦¦À¤s,C0R420,2017-02-18T14:00:00+08:00,504.0,91.0,1.6,19.2,-0.99,958.2,-99.0,0.5,-9.9,-99,-999,«ÌªF¿¤,20,¨d¤¦¶m,347
22.1696,120.8325,¨d¤¦¦À¤s,C0R420,2017-02-18T15:00:00+08:00,504.0,93.0,2.0,19.8,-0.99,957.9,-99.0,0.5,-9.9,-99,-999,«ÌªF¿¤,20,¨d¤¦¶m,347
22.1696,120.8325,¨d¤¦¦À¤s,C0R420,2017-02-18T16:00:00+08:00,504.0,92.0,2.5,18.4,-0.99,957.9,-99.0,0.5,-9.9,-99,-999,«ÌªF¿¤,20,¨d¤¦¶m,347
22.1696,120.8325,¨d¤¦¦À¤s,C0R420,2017-02-18T18:00:00+08:00,504.0,88.0,1.9,17.9,-0.99,959.0,-99.0,0.5,-9.9,-99,-999,«ÌªF¿¤,20,¨d¤¦¶m,347
22.1696,120.8325,¨d¤¦¦À¤s,C0R420,2017-02-18T19:00:00+08:00,504.0,90.0,2.9,17.8,-0.99,959.2,-99.0,0.5,-9.9,-99,-999,«ÌªF¿¤,20,¨d¤¦¶m,347
22.1696,120.8325,¨d¤¦¦À¤s,C0R420,2017-02-18T21:00:00+08:00,504.0,93.0,2.6,17.6,-0.99,960.0,-99.0,0.5,-9.9,-99,-999,«ÌªF¿¤,20,¨d¤¦¶m,347
22.1696,120.8325,¨d¤¦¦À¤s,C0R420,2017-02-18T22:00:00+08:00,504.0,93.0,4.1,17.0,-0.99,960.0,-99.0,0.5,-9.9,-99,-999,«ÌªF¿¤,20,¨d¤¦¶m,347
22.1696,120.8325,¨d¤¦¦À¤s,C0R420,2017-02-18T23:00:00+08:00,504.0,91.0,3.3,16.6,-0.99,959.7,-99.0,1.0,-9.9,-99,-999,«ÌªF¿¤,20,¨d¤¦¶m,347
22.1696,120.8325,¨d¤¦¦À¤s,C0R420,2017-02-19T02:00:00+08:00,504.0,100.0,3.9,15.7,-0.99,958.7,-99.0,2.0,-9.9,-99,-999,«ÌªF¿¤,20,¨d¤¦¶m,347
22.1696,120.8325,¨d¤¦¦À¤s,C0R420,2017-02-19T03:00:00+08:00,504.0,95.0,3.0,15.4,-0.99,958.7,-99.0,2.0,-9.9,-99,-999,«ÌªF¿¤,20,¨d¤¦¶m,347
22.1696,120.8325,¨d¤¦¦À¤s,C0R420,2017-02-19T04:00:00+08:00,504.0,99.0,3.4,15.4,-0.99,958.2,-99.0,2.5,-9.9,-99,-999,«ÌªF¿¤,20,¨d¤¦¶m,347
22.1696,120.8325,¨d¤¦¦À¤s,C0R420,2017-02-19T05:00:00+08:00,504.0,99.0,3.5,15.4,-0.99,958.1,-99.0,3.0,-9.9,-99,-999,«ÌªF¿¤,20,¨d¤¦¶m,347
22.1696,120.8325,¨d¤¦¦À¤s,C0R420,2017-02-19T07:00:00+08:00,504.0,100.0,4.4,15.2,-0.99,958.4,-99.0,3.5,-9.9,-99,-999,«ÌªF¿¤,20,¨d¤¦¶m,347
22.1696,120.8325,¨d¤¦¦À¤s,C0R420,2017-02-19T08:00:00+08:00,504.0,90.0,3.1,15.2,-0.99,958.9,-99.0,4.0,-9.9,-99,-999,«ÌªF¿¤,20,¨d¤¦¶m,347
22.1696,120.8325,¨d¤¦¦À¤s,C0R420,2017-02-19T10:00:00+08:00,504.0,100.0,3.2,17.5,-0.99,958.9,-99.0,4.0,-9.9,-99,-999,«ÌªF¿¤,20,¨d¤¦¶m,347
22.1696,120.8325,¨d¤¦¦À¤s,C0R420,2017-02-19T11:00:00+08:00,504.0,99.0,4.2,18.3,-0.99,958.3,-99.0,4.0,-9.9,-99,-999,«ÌªF¿¤,20,¨d¤¦¶m,347
22.1696,120.8325,¨d¤¦¦À¤s,C0R420,2017-02-19T12:00:00+08:00,504.0,102.0,3.0,19.0,-0.99,957.5,-99.0,4.0,-9.9,-99,-999,«ÌªF¿¤,20,¨d¤¦¶m,347
22.1696,120.8325,¨d¤¦¦À¤s,C0R420,2017-02-19T13:00:00+08:00,504.0,93.0,3.5,18.8,-0.99,956.3,-99.0,4.0,-9.9,-99,-999,«ÌªF¿¤,20,¨d¤¦¶m,347
22.1696,120.8325,¨d¤¦¦À¤s,C0R420,2017-02-19T14:00:00+08:00,504.0,84.0,2.3,18.6,-0.99,955.3,-99.0,4.0,-9.9,-99,-999,«ÌªF¿¤,20,¨d¤¦¶m,347
22.1696,120.8325,¨d¤¦¦À¤s,C0R420,2017-02-19T15:00:00+08:00,504.0,97.0,2.4,18.0,-0.99,954.8,-99.0,4.0,-9.9,-99,-999,«ÌªF¿¤,20,¨d¤¦¶m,347
22.1696,120.8325,¨d¤¦¦À¤s,C0R420,2017-02-19T16:00:00+08:00,504.0,99.0,1.9,17.4,-0.99,954.7,-99.0,4.0,-9.9,-99,-999,«ÌªF¿¤,20,¨d¤¦¶m,347
22.1696,120.8325,¨d¤¦¦À¤s,C0R420,2017-02-19T17:00:00+08:00,504.0,99.0,2.4,17.3,-0.99,954.4,-99.0,4.0,-9.9,-99,-999,«ÌªF¿¤,20,¨d¤¦¶m,347
22.1696,120.8325,¨d¤¦¦À¤s,C0R420,2017-02-19T21:00:00+08:00,504.0,112.0,2.6,16.3,-0.99,955.2,-99.0,5.5,-9.9,-99,-999,«ÌªF¿¤,20,¨d¤¦¶m,347
22.1696,120.8325,¨d¤¦¦À¤s,C0R420,2017-02-19T22:00:00+08:00,504.0,124.0,3.0,16.4,-0.99,954.9,-99.0,5.5,-9.9,-99,-999,«ÌªF¿¤,20,¨d¤¦¶m,347
22.1696,120.8325,¨d¤¦¦À¤s,C0R420,2017-02-19T23:00:00+08:00,504.0,117.0,3.0,16.4,-0.99,954.8,-99.0,6.0,-9.9,-99,-999,«ÌªF¿¤,20,¨d¤¦¶m,347
22.1696,120.8325,¨d¤¦¦À¤s,C0R420,2017-02-20T00:00:00+08:00,504.0,118.0,3.0,16.7,-0.99,954.7,-99.0,6.0,-9.9,-99,-999,«ÌªF¿¤,20,¨d¤¦¶m,347
22.1696,120.8325,¨d¤¦¦À¤s,C0R420,2017-02-20T02:00:00+08:00,504.0,127.0,2.6,17.0,-0.99,953.6,-99.0,0.0,-9.9,-99,-999,«ÌªF¿¤,20,¨d¤¦¶m,347
22.1696,120.8325,¨d¤¦¦À¤s,C0R420,2017-02-20T03:00:00+08:00,504.0,108.0,1.3,17.0,-0.99,953.5,-99.0,1.0,-9.9,-99,-999,«ÌªF¿¤,20,¨d¤¦¶m,347
22.1696,120.8325,¨d¤¦¦À¤s,C0R420,2017-02-20T04:00:00+08:00,504.0,123.0,2.0,16.6,-0.99,953.1,-99.0,2.0,-9.9,-99,-999,«ÌªF¿¤,20,¨d¤¦¶m,347
22.1696,120.8325,¨d¤¦¦À¤s,C0R420,2017-02-20T05:00:00+08:00,504.0,120.0,3.0,16.6,-0.99,953.1,-99.0,3.0,-9.9,-99,-999,«ÌªF¿¤,20,¨d¤¦¶m,347
22.1696,120.8325,¨d¤¦¦À¤s,C0R420,2017-02-20T06:00:00+08:00,504.0,134.0,1.7,16.8,-0.99,953.9,-99.0,3.0,-9.9,-99,-999,«ÌªF¿¤,20,¨d¤¦¶m,347
22.1696,120.8325,¨d¤¦¦À¤s,C0R420,2017-02-20T07:00:00+08:00,504.0,124.0,1.9,17.0,-0.99,954.2,-99.0,3.0,-9.9,-99,-999,«ÌªF¿¤,20,¨d¤¦¶m,347
22.1696,120.8325,¨d¤¦¦À¤s,C0R420,2017-02-20T08:00:00+08:00,504.0,0.0,0.2,18.0,-0.99,954.9,-99.0,3.0,-9.9,-99,-999,«ÌªF¿¤,20,¨d¤¦¶m,347
22.1696,120.8325,¨d¤¦¦À¤s,C0R420,2017-02-20T10:00:00+08:00,504.0,286.0,0.7,20.4,-0.99,955.0,-99.0,3.0,-9.9,-99,-999,«ÌªF¿¤,20,¨d¤¦¶m,347
22.1696,120.8325,¨d¤¦¦À¤s,C0R420,2017-02-20T11:00:00+08:00,504.0,255.0,0.9,21.1,-0.99,954.8,-99.0,3.0,-9.9,-99,-999,«ÌªF¿¤,20,¨d¤¦¶m,347
22.1696,120.8325,¨d¤¦¦À¤s,C0R420,2017-02-20T12:00:00+08:00,504.0,275.0,1.1,21.7,-0.99,954.0,-99.0,3.0,-9.9,-99,-999,«ÌªF¿¤,20,¨d¤¦¶m,347
22.1696,120.8325,¨d¤¦¦À¤s,C0R420,2017-02-20T13:00:00+08:00,504.0,259.0,1.4,21.6,-0.99,952.9,-99.0,3.5,-9.9,-99,-999,«ÌªF¿¤,20,¨d¤¦¶m,347
22.1696,120.8325,¨d¤¦¦À¤s,C0R420,2017-02-20T14:00:00+08:00,504.0,294.0,0.9,22.4,-0.99,952.1,-99.0,3.5,-9.9,-99,-999,«ÌªF¿¤,20,¨d¤¦¶m,347
22.1696,120.8325,¨d¤¦¦À¤s,C0R420,2017-02-20T15:00:00+08:00,504.0,294.0,1.6,22.7,-0.99,951.8,-99.0,3.5,-9.9,-99,-999,«ÌªF¿¤,20,¨d¤¦¶m,347
22.1696,120.8325,¨d¤¦¦À¤s,C0R420,2017-02-20T16:00:00+08:00,504.0,291.0,1.8,21.1,-0.99,952.1,-99.0,3.5,-9.9,-99,-999,«ÌªF¿¤,20,¨d¤¦¶m,347
22.1696,120.8325,¨d¤¦¦À¤s,C0R420,2017-02-20T21:00:00+08:00,504.0,103.0,2.6,19.7,-0.99,955.1,-99.0,3.5,-9.9,-99,-999,«ÌªF¿¤,20,¨d¤¦¶m,347
22.1696,120.8325,¨d¤¦¦À¤s,C0R420,2017-02-20T22:00:00+08:00,504.0,102.0,1.9,19.5,-0.99,956.1,-99.0,3.5,-9.9,-99,-999,«ÌªF¿¤,20,¨d¤¦¶m,347
22.1696,120.8325,¨d¤¦¦À¤s,C0R420,2017-02-20T23:00:00+08:00,504.0,86.0,2.8,19.3,-0.99,956.5,-99.0,3.5,-9.9,-99,-999,«ÌªF¿¤,20,¨d¤¦¶m,347
22.1696,120.8325,¨d¤¦¦À¤s,C0R420,2017-02-21T00:00:00+08:00,504.0,102.0,3.5,18.6,-0.99,956.4,-99.0,3.5,-9.9,-99,-999,«ÌªF¿¤,20,¨d¤¦¶m,347
22.1696,120.8325,¨d¤¦¦À¤s,C0R420,2017-02-21T01:00:00+08:00,504.0,97.0,2.9,18.3,-0.99,956.2,-99.0,0.0,-9.9,-99,-999,«ÌªF¿¤,20,¨d¤¦¶m,347
22.1696,120.8325,¨d¤¦¦À¤s,C0R420,2017-02-21T03:00:00+08:00,504.0,103.0,3.3,17.7,-0.99,956.0,-99.0,0.5,-9.9,-99,-999,«ÌªF¿¤,20,¨d¤¦¶m,347
22.1696,120.8325,¨d¤¦¦À¤s,C0R420,2017-02-21T04:00:00+08:00,504.0,93.0,3.1,18.1,-0.99,955.9,-99.0,0.5,-9.9,-99,-999,«ÌªF¿¤,20,¨d¤¦¶m,347
22.1696,120.8325,¨d¤¦¦À¤s,C0R420,2017-02-21T05:00:00+08:00,504.0,90.0,3.9,17.7,-0.99,956.2,-99.0,0.5,-9.9,-99,-999,«ÌªF¿¤,20,¨d¤¦¶m,347
22.1696,120.8325,¨d¤¦¦À¤s,C0R420,2017-02-21T06:00:00+08:00,504.0,92.0,4.6,17.9,-0.99,956.7,-99.0,0.5,-9.9,-99,-999,«ÌªF¿¤,20,¨d¤¦¶m,347
22.1696,120.8325,¨d¤¦¦À¤s,C0R420,2017-02-21T07:00:00+08:00,504.0,96.0,4.8,17.9,-0.99,957.7,-99.0,0.5,-9.9,-99,-999,«ÌªF¿¤,20,¨d¤¦¶m,347
22.1696,120.8325,¨d¤¦¦À¤s,C0R420,2017-02-21T10:00:00+08:00,504.0,97.0,5.2,17.7,-0.99,959.0,-99.0,0.5,-9.9,-99,-999,«ÌªF¿¤,20,¨d¤¦¶m,347
22.1696,120.8325,¨d¤¦¦À¤s,C0R420,2017-02-21T12:00:00+08:00,504.0,92.0,4.1,17.9,-0.99,958.3,-99.0,0.5,-9.9,-99,-999,«ÌªF¿¤,20,¨d¤¦¶m,347
22.1696,120.8325,¨d¤¦¦À¤s,C0R420,2017-02-21T14:00:00+08:00,504.0,91.0,4.0,18.1,-0.99,956.3,-99.0,0.5,-9.9,-99,-999,«ÌªF¿¤,20,¨d¤¦¶m,347
22.1696,120.8325,¨d¤¦¦À¤s,C0R420,2017-02-21T15:00:00+08:00,504.0,92.0,3.5,18.4,-0.99,956.3,-99.0,0.5,-9.9,-99,-999,«ÌªF¿¤,20,¨d¤¦¶m,347
22.1696,120.8325,¨d¤¦¦À¤s,C0R420,2017-02-21T16:00:00+08:00,504.0,96.0,3.3,18.1,-0.99,956.0,-99.0,0.5,-9.9,-99,-999,«ÌªF¿¤,20,¨d¤¦¶m,347
22.1696,120.8325,¨d¤¦¦À¤s,C0R420,2017-02-21T17:00:00+08:00,504.0,97.0,3.5,17.8,-0.99,956.5,-99.0,0.5,-9.9,-99,-999,«ÌªF¿¤,20,¨d¤¦¶m,347
22.1696,120.8325,¨d¤¦¦À¤s,C0R420,2017-02-21T18:00:00+08:00,504.0,90.0,3.5,17.8,-0.99,956.7,-99.0,0.5,-9.9,-99,-999,«ÌªF¿¤,20,¨d¤¦¶m,347
22.1696,120.8325,¨d¤¦¦À¤s,C0R420,2017-02-21T19:00:00+08:00,504.0,87.0,3.0,17.1,-0.99,957.2,-99.0,0.5,-9.9,-99,-999,«ÌªF¿¤,20,¨d¤¦¶m,347
22.1696,120.8325,¨d¤¦¦À¤s,C0R420,2017-02-21T20:00:00+08:00,504.0,99.0,2.9,18.0,-0.99,957.3,-99.0,0.5,-9.9,-99,-999,«ÌªF¿¤,20,¨d¤¦¶m,347
22.1696,120.8325,¨d¤¦¦À¤s,C0R420,2017-02-21T21:00:00+08:00,504.0,94.0,2.9,17.9,-0.99,957.5,-99.0,0.5,-9.9,-99,-999,«ÌªF¿¤,20,¨d¤¦¶m,347
22.1696,120.8325,¨d¤¦¦À¤s,C0R420,2017-02-21T22:00:00+08:00,504.0,98.0,2.9,17.8,-0.99,957.2,-99.0,0.5,-9.9,-99,-999,«ÌªF¿¤,20,¨d¤¦¶m,347
22.1696,120.8325,¨d¤¦¦À¤s,C0R420,2017-02-21T23:00:00+08:00,504.0,89.0,2.8,17.6,-0.99,956.8,-99.0,0.5,-9.9,-99,-999,«ÌªF¿¤,20,¨d¤¦¶m,347
22.1696,120.8325,¨d¤¦¦À¤s,C0R420,2017-02-22T01:00:00+08:00,504.0,96.0,3.0,17.8,-0.99,956.1,-99.0,0.0,-9.9,-99,-999,«ÌªF¿¤,20,¨d¤¦¶m,347
22.1696,120.8325,¨d¤¦¦À¤s,C0R420,2017-02-22T03:00:00+08:00,504.0,87.0,2.5,18.1,-0.99,955.0,-99.0,0.5,-9.9,-99,-999,«ÌªF¿¤,20,¨d¤¦¶m,347
22.1696,120.8325,¨d¤¦¦À¤s,C0R420,2017-02-22T05:00:00+08:00,504.0,71.0,1.4,18.2,-0.99,954.9,-99.0,3.0,-9.9,-99,-999,«ÌªF¿¤,20,¨d¤¦¶m,347
22.1696,120.8325,¨d¤¦¦À¤s,C0R420,2017-02-22T06:00:00+08:00,504.0,92.0,2.3,18.2,-0.99,955.3,-99.0,3.0,-9.9,-99,-999,«ÌªF¿¤,20,¨d¤¦¶m,347
22.1696,120.8325,¨d¤¦¦À¤s,C0R420,2017-02-22T07:00:00+08:00,504.0,100.0,2.4,18.1,-0.99,955.7,-99.0,4.5,-9.9,-99,-999,«ÌªF¿¤,20,¨d¤¦¶m,347
22.1696,120.8325,¨d¤¦¦À¤s,C0R420,2017-02-22T08:00:00+08:00,504.0,145.0,2.3,18.2,-0.99,956.2,-99.0,4.5,-9.9,-99,-999,«ÌªF¿¤,20,¨d¤¦¶m,347
22.1696,120.8325,¨d¤¦¦À¤s,C0R420,2017-02-22T09:00:00+08:00,504.0,107.0,1.9,18.4,-0.99,956.1,-99.0,4.5,-9.9,-99,-999,«ÌªF¿¤,20,¨d¤¦¶m,347
22.1696,120.8325,¨d¤¦¦À¤s,C0R420,2017-02-22T10:00:00+08:00,504.0,104.0,1.6,19.6,-0.99,956.1,-99.0,4.5,-9.9,-99,-999,«ÌªF¿¤,20,¨d¤¦¶m,347
22.1696,120.8325,¨d¤¦¦À¤s,C0R420,2017-02-22T11:00:00+08:00,504.0,121.0,0.7,19.8,-0.99,955.9,-99.0,4.5,-9.9,-99,-999,«ÌªF¿¤,20,¨d¤¦¶m,347
22.1696,120.8325,¨d¤¦¦À¤s,C0R420,2017-02-22T12:00:00+08:00,504.0,123.0,1.8,20.3,-0.99,955.0,-99.0,4.5,-9.9,-99,-999,«ÌªF¿¤,20,¨d¤¦¶m,347
22.1696,120.8325,¨d¤¦¦À¤s,C0R420,2017-02-22T14:00:00+08:00,504.0,123.0,0.3,21.2,-0.99,953.5,-99.0,4.5,-9.9,-99,-999,«ÌªF¿¤,20,¨d¤¦¶m,347
22.1696,120.8325,¨d¤¦¦À¤s,C0R420,2017-02-22T19:00:00+08:00,504.0,249.0,0.7,19.9,-0.99,953.9,-99.0,4.5,-9.9,-99,-999,«ÌªF¿¤,20,¨d¤¦¶m,347
22.1696,120.8325,¨d¤¦¦À¤s,C0R420,2017-02-22T20:00:00+08:00,504.0,263.0,1.1,19.9,-0.99,954.4,-99.0,4.5,-9.9,-99,-999,«ÌªF¿¤,20,¨d¤¦¶m,347
22.1696,120.8325,¨d¤¦¦À¤s,C0R420,2017-02-22T22:00:00+08:00,504.0,282.0,1.8,19.7,-0.99,954.6,-99.0,4.5,-9.9,-99,-999,«ÌªF¿¤,20,¨d¤¦¶m,347
22.1696,120.8325,¨d¤¦¦À¤s,C0R420,2017-02-22T23:00:00+08:00,504.0,274.0,2.0,20.0,-0.99,954.6,-99.0,4.5,-9.9,-99,-999,«ÌªF¿¤,20,¨d¤¦¶m,347
22.1696,120.8325,¨d¤¦¦À¤s,C0R420,2017-02-23T00:00:00+08:00,504.0,289.0,0.9,19.7,-0.99,954.4,-99.0,4.5,-9.9,-99,-999,«ÌªF¿¤,20,¨d¤¦¶m,347
22.1696,120.8325,¨d¤¦¦À¤s,C0R420,2017-02-23T02:00:00+08:00,504.0,278.0,2.5,19.8,-0.99,953.4,-99.0,0.0,-9.9,-99,-999,«ÌªF¿¤,20,¨d¤¦¶m,347
22.1696,120.8325,¨d¤¦¦À¤s,C0R420,2017-02-23T04:00:00+08:00,504.0,294.0,1.1,20.1,-0.99,952.7,-99.0,0.0,-9.9,-99,-999,«ÌªF¿¤,20,¨d¤¦¶m,347
22.1696,120.8325,¨d¤¦¦À¤s,C0R420,2017-02-23T05:00:00+08:00,504.0,304.0,1.5,20.1,-0.99,952.8,-99.0,0.0,-9.9,-99,-999,«ÌªF¿¤,20,¨d¤¦¶m,347
22.1696,120.8325,¨d¤¦¦À¤s,C0R420,2017-02-23T06:00:00+08:00,504.0,312.0,1.5,19.7,-0.99,953.0,-99.0,0.0,-9.9,-99,-999,«ÌªF¿¤,20,¨d¤¦¶m,347
22.1696,120.8325,¨d¤¦¦À¤s,C0R420,2017-02-23T07:00:00+08:00,504.0,319.0,2.1,19.6,-0.99,953.9,-99.0,0.0,-9.9,-99,-999,«ÌªF¿¤,20,¨d¤¦¶m,347
22.1696,120.8325,¨d¤¦¦À¤s,C0R420,2017-02-23T08:00:00+08:00,504.0,76.0,2.5,19.7,-0.99,954.9,-99.0,0.0,-9.9,-99,-999,«ÌªF¿¤,20,¨d¤¦¶m,347
22.1696,120.8325,¨d¤¦¦À¤s,C0R420,2017-02-23T10:00:00+08:00,504.0,96.0,2.7,19.2,-0.99,955.9,-99.0,1.0,-9.9,-99,-999,«ÌªF¿¤,20,¨d¤¦¶m,347
22.1696,120.8325,¨d¤¦¦À¤s,C0R420,2017-02-23T12:00:00+08:00,504.0,97.0,3.2,18.7,-0.99,955.1,-99.0,1.5,-9.9,-99,-999,«ÌªF¿¤,20,¨d¤¦¶m,347
22.1696,120.8325,¨d¤¦¦À¤s,C0R420,2017-02-23T13:00:00+08:00,504.0,96.0,2.8,18.5,-0.99,954.5,-99.0,1.5,-9.9,-99,-999,«ÌªF¿¤,20,¨d¤¦¶m,347
22.1696,120.8325,¨d¤¦¦À¤s,C0R420,2017-02-23T14:00:00+08:00,504.0,105.0,2.7,18.0,-0.99,954.0,-99.0,1.5,-9.9,-99,-999,«ÌªF¿¤,20,¨d¤¦¶m,347
22.1696,120.8325,¨d¤¦¦À¤s,C0R420,2017-02-23T16:00:00+08:00,504.0,101.0,3.0,17.6,-0.99,954.2,-99.0,1.5,-9.9,-99,-999,«ÌªF¿¤,20,¨d¤¦¶m,347
22.1696,120.8325,¨d¤¦¦À¤s,C0R420,2017-02-23T17:00:00+08:00,504.0,99.0,4.3,17.4,-0.99,954.8,-99.0,2.5,-9.9,-99,-999,«ÌªF¿¤,20,¨d¤¦¶m,347
22.1696,120.8325,¨d¤¦¦À¤s,C0R420,2017-02-23T18:00:00+08:00,504.0,100.0,4.5,16.7,-0.99,955.4,-99.0,4.0,-9.9,-99,-999,«ÌªF¿¤,20,¨d¤¦¶m,347
22.1696,120.8325,¨d¤¦¦À¤s,C0R420,2017-02-23T20:00:00+08:00,504.0,99.0,4.0,15.9,-0.99,956.8,-99.0,5.5,-9.9,-99,-999,«ÌªF¿¤,20,¨d¤¦¶m,347
22.1696,120.8325,¨d¤¦¦À¤s,C0R420,2017-02-23T21:00:00+08:00,504.0,97.0,3.8,15.6,-0.99,957.5,-99.0,6.0,-9.9,-99,-999,«ÌªF¿¤,20,¨d¤¦¶m,347
22.1696,120.8325,¨d¤¦¦À¤s,C0R420,2017-02-23T22:00:00+08:00,504.0,101.0,3.5,15.0,-0.99,957.9,-99.0,6.5,-9.9,-99,-999,«ÌªF¿¤,20,¨d¤¦¶m,347
22.1696,120.8325,¨d¤¦¦À¤s,C0R420,2017-02-23T23:00:00+08:00,504.0,98.0,3.5,14.6,-0.99,958.0,-99.0,7.5,-9.9,-99,-999,«ÌªF¿¤,20,¨d¤¦¶m,347
22.1696,120.8325,¨d¤¦¦À¤s,C0R420,2017-02-24T00:00:00+08:00,504.0,102.0,4.1,14.2,-0.99,957.9,-99.0,9.5,-9.9,-99,-999,«ÌªF¿¤,20,¨d¤¦¶m,347
22.1696,120.8325,¨d¤¦¦À¤s,C0R420,2017-02-24T02:00:00+08:00,504.0,101.0,3.7,13.6,-0.99,957.8,-99.0,1.5,-9.9,-99,-999,«ÌªF¿¤,20,¨d¤¦¶m,347
22.1696,120.8325,¨d¤¦¦À¤s,C0R420,2017-02-24T03:00:00+08:00,504.0,96.0,2.8,13.5,-0.99,957.5,-99.0,1.5,-9.9,-99,-999,«ÌªF¿¤,20,¨d¤¦¶m,347
22.1696,120.8325,¨d¤¦¦À¤s,C0R420,2017-02-24T04:00:00+08:00,504.0,93.0,3.0,13.5,-0.99,957.2,-99.0,1.5,-9.9,-99,-999,«ÌªF¿¤,20,¨d¤¦¶m,347
22.1696,120.8325,¨d¤¦¦À¤s,C0R420,2017-02-24T05:00:00+08:00,504.0,94.0,2.8,13.4,-0.99,957.3,-99.0,1.5,-9.9,-99,-999,«ÌªF¿¤,20,¨d¤¦¶m,347
22.1696,120.8325,¨d¤¦¦À¤s,C0R420,2017-02-24T06:00:00+08:00,504.0,89.0,3.1,13.4,-0.99,957.8,-99.0,1.5,-9.9,-99,-999,«ÌªF¿¤,20,¨d¤¦¶m,347
22.1696,120.8325,¨d¤¦¦À¤s,C0R420,2017-02-24T07:00:00+08:00,504.0,86.0,2.3,13.6,-0.99,958.3,-99.0,1.5,-9.9,-99,-999,«ÌªF¿¤,20,¨d¤¦¶m,347
22.1696,120.8325,¨d¤¦¦À¤s,C0R420,2017-02-24T08:00:00+08:00,504.0,98.0,2.8,13.7,-0.99,958.7,-99.0,1.5,-9.9,-99,-999,«ÌªF¿¤,20,¨d¤¦¶m,347
22.1696,120.8325,¨d¤¦¦À¤s,C0R420,2017-02-24T09:00:00+08:00,504.0,103.0,2.8,14.6,-0.99,959.0,-99.0,1.5,-9.9,-99,-999,«ÌªF¿¤,20,¨d¤¦¶m,347
22.1696,120.8325,¨d¤¦¦À¤s,C0R420,2017-02-24T12:00:00+08:00,504.0,87.0,1.8,16.7,-0.99,958.0,-99.0,1.5,-9.9,-99,-999,«ÌªF¿¤,20,¨d¤¦¶m,347
22.1696,120.8325,¨d¤¦¦À¤s,C0R420,2017-02-24T14:00:00+08:00,504.0,102.0,1.6,15.8,-0.99,956.8,-99.0,1.5,-9.9,-99,-999,«ÌªF¿¤,20,¨d¤¦¶m,347
22.1696,120.8325,¨d¤¦¦À¤s,C0R420,2017-02-24T15:00:00+08:00,504.0,95.0,1.8,15.4,-0.99,956.6,-99.0,1.5,-9.9,-99,-999,«ÌªF¿¤,20,¨d¤¦¶m,347
22.1696,120.8325,¨d¤¦¦À¤s,C0R420,2017-02-24T16:00:00+08:00,504.0,96.0,2.0,15.3,-0.99,956.8,-99.0,1.5,-9.9,-99,-999,«ÌªF¿¤,20,¨d¤¦¶m,347
22.1696,120.8325,¨d¤¦¦À¤s,C0R420,2017-02-24T17:00:00+08:00,504.0,101.0,3.0,15.0,-0.99,957.3,-99.0,2.0,-9.9,-99,-999,«ÌªF¿¤,20,¨d¤¦¶m,347
22.1696,120.8325,¨d¤¦¦À¤s,C0R420,2017-02-24T18:00:00+08:00,504.0,99.0,3.2,14.7,-0.99,957.5,-99.0,2.0,-9.9,-99,-999,«ÌªF¿¤,20,¨d¤¦¶m,347
22.1696,120.8325,¨d¤¦¦À¤s,C0R420,2017-02-24T19:00:00+08:00,504.0,103.0,3.2,14.5,-0.99,958.0,-99.0,2.0,-9.9,-99,-999,«ÌªF¿¤,20,¨d¤¦¶m,347
22.1696,120.8325,¨d¤¦¦À¤s,C0R420,2017-02-24T20:00:00+08:00,504.0,97.0,3.2,14.2,-0.99,958.6,-99.0,2.0,-9.9,-99,-999,«ÌªF¿¤,20,¨d¤¦¶m,347
22.1696,120.8325,¨d¤¦¦À¤s,C0R420,2017-02-24T21:00:00+08:00,504.0,104.0,4.1,14.1,-0.99,959.0,-99.0,2.0,-9.9,-99,-999,«ÌªF¿¤,20,¨d¤¦¶m,347
22.1696,120.8325,¨d¤¦¦À¤s,C0R420,2017-02-24T22:00:00+08:00,504.0,91.0,3.0,13.7,-0.99,959.0,-99.0,2.5,-9.9,-99,-999,«ÌªF¿¤,20,¨d¤¦¶m,347
22.1696,120.8325,¨d¤¦¦À¤s,C0R420,2017-02-24T23:00:00+08:00,504.0,102.0,3.5,13.7,-0.99,958.6,-99.0,2.5,-9.9,-99,-999,«ÌªF¿¤,20,¨d¤¦¶m,347
22.1696,120.8325,¨d¤¦¦À¤s,C0R420,2017-02-25T01:00:00+08:00,504.0,97.0,2.8,13.9,-0.99,958.1,-99.0,0.0,-9.9,-99,-999,«ÌªF¿¤,20,¨d¤¦¶m,347
22.1696,120.8325,¨d¤¦¦À¤s,C0R420,2017-02-25T02:00:00+08:00,504.0,96.0,3.1,13.8,-0.99,957.5,-99.0,0.0,-9.9,-99,-999,«ÌªF¿¤,20,¨d¤¦¶m,347
22.1696,120.8325,¨d¤¦¦À¤s,C0R420,2017-02-25T03:00:00+08:00,504.0,93.0,2.7,13.9,-0.99,956.8,-99.0,0.0,-9.9,-99,-999,«ÌªF¿¤,20,¨d¤¦¶m,347
22.1696,120.8325,¨d¤¦¦À¤s,C0R420,2017-02-25T04:00:00+08:00,504.0,97.0,2.6,14.0,-0.99,956.7,-99.0,0.0,-9.9,-99,-999,«ÌªF¿¤,20,¨d¤¦¶m,347
22.1696,120.8325,¨d¤¦¦À¤s,C0R420,2017-02-25T05:00:00+08:00,504.0,104.0,3.2,14.2,-0.99,956.5,-99.0,0.0,-9.9,-99,-999,«ÌªF¿¤,20,¨d¤¦¶m,347
22.1696,120.8325,¨d¤¦¦À¤s,C0R420,2017-02-25T07:00:00+08:00,504.0,100.0,3.1,14.3,-0.99,957.3,-99.0,0.0,-9.9,-99,-999,«ÌªF¿¤,20,¨d¤¦¶m,347
22.1696,120.8325,¨d¤¦¦À¤s,C0R420,2017-02-25T10:00:00+08:00,504.0,91.0,1.3,16.5,-0.99,957.8,-99.0,0.0,-9.9,-99,-999,«ÌªF¿¤,20,¨d¤¦¶m,347
22.1696,120.8325,¨d¤¦¦À¤s,C0R420,2017-02-25T11:00:00+08:00,504.0,97.0,2.1,17.8,-0.99,956.8,-99.0,0.0,-9.9,-99,-999,«ÌªF¿¤,20,¨d¤¦¶m,347
22.1696,120.8325,¨d¤¦¦À¤s,C0R420,2017-02-25T12:00:00+08:00,504.0,118.0,2.2,19.9,-0.99,955.9,-99.0,0.0,-9.9,-99,-999,«ÌªF¿¤,20,¨d¤¦¶m,347
22.1696,120.8325,¨d¤¦¦À¤s,C0R420,2017-02-25T13:00:00+08:00,504.0,105.0,1.8,18.9,-0.99,955.1,-99.0,0.0,-9.9,-99,-999,«ÌªF¿¤,20,¨d¤¦¶m,347
22.1696,120.8325,¨d¤¦¦À¤s,C0R420,2017-02-25T14:00:00+08:00,504.0,99.0,1.9,18.5,-0.99,954.5,-99.0,0.0,-9.9,-99,-999,«ÌªF¿¤,20,¨d¤¦¶m,347
22.1696,120.8325,¨d¤¦¦À¤s,C0R420,2017-02-25T15:00:00+08:00,504.0,106.0,1.9,17.1,-0.99,953.8,-99.0,0.0,-9.9,-99,-999,«ÌªF¿¤,20,¨d¤¦¶m,347
22.1696,120.8325,¨d¤¦¦À¤s,C0R420,2017-02-25T18:00:00+08:00,504.0,103.0,1.5,16.0,-0.99,954.8,-99.0,0.0,-9.9,-99,-999,«ÌªF¿¤,20,¨d¤¦¶m,347
22.1696,120.8325,¨d¤¦¦À¤s,C0R420,2017-02-25T19:00:00+08:00,504.0,100.0,2.4,16.0,-0.99,955.1,-99.0,0.0,-9.9,-99,-999,«ÌªF¿¤,20,¨d¤¦¶m,347
22.1696,120.8325,¨d¤¦¦À¤s,C0R420,2017-02-25T20:00:00+08:00,504.0,95.0,1.8,16.0,-0.99,955.8,-99.0,0.0,-9.9,-99,-999,«ÌªF¿¤,20,¨d¤¦¶m,347
22.1696,120.8325,¨d¤¦¦À¤s,C0R420,2017-02-25T23:00:00+08:00,504.0,108.0,2.5,15.3,-0.99,956.1,-99.0,0.0,-9.9,-99,-999,«ÌªF¿¤,20,¨d¤¦¶m,347
22.1696,120.8325,¨d¤¦¦À¤s,C0R420,2017-02-26T01:00:00+08:00,504.0,93.0,2.6,15.2,-0.99,955.8,-99.0,0.0,-9.9,-99,-999,«ÌªF¿¤,20,¨d¤¦¶m,347
22.1696,120.8325,¨d¤¦¦À¤s,C0R420,2017-02-26T03:00:00+08:00,504.0,102.0,2.0,15.1,-0.99,955.4,-99.0,0.0,-9.9,-99,-999,«ÌªF¿¤,20,¨d¤¦¶m,347
22.1696,120.8325,¨d¤¦¦À¤s,C0R420,2017-02-26T05:00:00+08:00,504.0,102.0,2.3,14.7,-0.99,955.0,-99.0,0.0,-9.9,-99,-999,«ÌªF¿¤,20,¨d¤¦¶m,347
22.1696,120.8325,¨d¤¦¦À¤s,C0R420,2017-02-26T06:00:00+08:00,504.0,90.0,2.1,14.6,-0.99,955.1,-99.0,0.0,-9.9,-99,-999,«ÌªF¿¤,20,¨d¤¦¶m,347
22.1696,120.8325,¨d¤¦¦À¤s,C0R420,2017-02-26T07:00:00+08:00,504.0,109.0,1.6,15.2,-0.99,956.2,-99.0,0.0,-9.9,-99,-999,«ÌªF¿¤,20,¨d¤¦¶m,347
22.1696,120.8325,¨d¤¦¦À¤s,C0R420,2017-02-26T08:00:00+08:00,504.0,99.0,0.9,16.5,-0.99,956.7,-99.0,0.0,-9.9,-99,-999,«ÌªF¿¤,20,¨d¤¦¶m,347
22.1696,120.8325,¨d¤¦¦À¤s,C0R420,2017-02-26T11:00:00+08:00,504.0,105.0,2.1,17.4,-0.99,957.3,-99.0,0.0,-9.9,-99,-999,«ÌªF¿¤,20,¨d¤¦¶m,347
22.1696,120.8325,¨d¤¦¦À¤s,C0R420,2017-02-26T13:00:00+08:00,504.0,101.0,2.0,16.4,-0.99,956.0,-99.0,0.0,-9.9,-99,-999,«ÌªF¿¤,20,¨d¤¦¶m,347
22.1696,120.8325,¨d¤¦¦À¤s,C0R420,2017-02-26T14:00:00+08:00,504.0,103.0,3.0,15.8,-0.99,955.1,-99.0,0.0,-9.9,-99,-999,«ÌªF¿¤,20,¨d¤¦¶m,347
22.1696,120.8325,¨d¤¦¦À¤s,C0R420,2017-02-26T15:00:00+08:00,504.0,102.0,2.8,15.5,-0.99,955.1,-99.0,0.5,-9.9,-99,-999,«ÌªF¿¤,20,¨d¤¦¶m,347
22.1696,120.8325,¨d¤¦¦À¤s,C0R420,2017-02-26T16:00:00+08:00,504.0,95.0,2.7,15.3,-0.99,955.5,-99.0,2.0,-9.9,-99,-999,«ÌªF¿¤,20,¨d¤¦¶m,347
22.1696,120.8325,¨d¤¦¦À¤s,C0R420,2017-02-26T17:00:00+08:00,504.0,99.0,3.2,14.7,-0.99,956.2,-99.0,3.5,-9.9,-99,-999,«ÌªF¿¤,20,¨d¤¦¶m,347
22.1696,120.8325,¨d¤¦¦À¤s,C0R420,2017-02-26T18:00:00+08:00,504.0,98.0,3.2,14.3,-0.99,956.6,-99.0,4.5,-9.9,-99,-999,«ÌªF¿¤,20,¨d¤¦¶m,347
22.1696,120.8325,¨d¤¦¦À¤s,C0R420,2017-02-26T20:00:00+08:00,504.0,100.0,3.8,13.9,-0.99,957.9,-99.0,6.5,-9.9,-99,-999,«ÌªF¿¤,20,¨d¤¦¶m,347
22.1696,120.8325,¨d¤¦¦À¤s,C0R420,2017-02-26T21:00:00+08:00,504.0,100.0,3.7,13.7,-0.99,958.7,-99.0,7.0,-9.9,-99,-999,«ÌªF¿¤,20,¨d¤¦¶m,347
22.1696,120.8325,¨d¤¦¦À¤s,C0R420,2017-02-26T22:00:00+08:00,504.0,99.0,3.8,13.2,-0.99,958.8,-99.0,8.0,-9.9,-99,-999,«ÌªF¿¤,20,¨d¤¦¶m,347
22.1696,120.8325,¨d¤¦¦À¤s,C0R420,2017-02-26T23:00:00+08:00,504.0,102.0,4.0,12.8,-0.99,958.8,-99.0,8.0,-9.9,-99,-999,«ÌªF¿¤,20,¨d¤¦¶m,347
22.1696,120.8325,¨d¤¦¦À¤s,C0R420,2017-02-27T00:00:00+08:00,504.0,104.0,4.7,12.6,-0.99,958.6,-99.0,8.5,-9.9,-99,-999,«ÌªF¿¤,20,¨d¤¦¶m,347
22.1696,120.8325,¨d¤¦¦À¤s,C0R420,2017-02-27T02:00:00+08:00,504.0,91.0,3.4,12.7,-0.99,958.0,-99.0,0.0,-9.9,-99,-999,«ÌªF¿¤,20,¨d¤¦¶m,347
22.1696,120.8325,¨d¤¦¦À¤s,C0R420,2017-02-27T03:00:00+08:00,504.0,99.0,3.9,13.0,-0.99,957.6,-99.0,0.0,-9.9,-99,-999,«ÌªF¿¤,20,¨d¤¦¶m,347
22.1696,120.8325,¨d¤¦¦À¤s,C0R420,2017-02-27T06:00:00+08:00,504.0,100.0,3.4,13.3,-0.99,958.3,-99.0,0.0,-9.9,-99,-999,«ÌªF¿¤,20,¨d¤¦¶m,347
22.1696,120.8325,¨d¤¦¦À¤s,C0R420,2017-02-27T07:00:00+08:00,504.0,99.0,3.3,13.5,-0.99,958.9,-99.0,0.0,-9.9,-99,-999,«ÌªF¿¤,20,¨d¤¦¶m,347
22.1696,120.8325,¨d¤¦¦À¤s,C0R420,2017-02-27T08:00:00+08:00,504.0,100.0,3.7,14.0,-0.99,959.5,-99.0,0.0,-9.9,-99,-999,«ÌªF¿¤,20,¨d¤¦¶m,347
22.1696,120.8325,¨d¤¦¦À¤s,C0R420,2017-02-27T10:00:00+08:00,504.0,96.0,3.0,15.1,-0.99,960.0,-99.0,0.0,-9.9,-99,-999,«ÌªF¿¤,20,¨d¤¦¶m,347
22.1696,120.8325,¨d¤¦¦À¤s,C0R420,2017-02-27T11:00:00+08:00,504.0,100.0,3.5,15.2,-0.99,959.7,-99.0,0.0,-9.9,-99,-999,«ÌªF¿¤,20,¨d¤¦¶m,347
22.1696,120.8325,¨d¤¦¦À¤s,C0R420,2017-02-27T12:00:00+08:00,504.0,100.0,3.5,16.6,-0.99,959.1,-99.0,0.0,-9.9,-99,-999,«ÌªF¿¤,20,¨d¤¦¶m,347
22.1696,120.8325,¨d¤¦¦À¤s,C0R420,2017-02-27T13:00:00+08:00,504.0,98.0,3.5,16.4,-0.99,958.3,-99.0,0.0,-9.9,-99,-999,«ÌªF¿¤,20,¨d¤¦¶m,347
22.1696,120.8325,¨d¤¦¦À¤s,C0R420,2017-02-27T14:00:00+08:00,504.0,105.0,2.8,15.7,-0.99,957.9,-99.0,0.0,-9.9,-99,-999,«ÌªF¿¤,20,¨d¤¦¶m,347
22.1696,120.8325,¨d¤¦¦À¤s,C0R420,2017-02-27T15:00:00+08:00,504.0,100.0,3.0,16.4,-0.99,957.7,-99.0,0.0,-9.9,-99,-999,«ÌªF¿¤,20,¨d¤¦¶m,347
22.1696,120.8325,¨d¤¦¦À¤s,C0R420,2017-02-27T17:00:00+08:00,504.0,94.0,2.8,14.8,-0.99,958.5,-99.0,0.0,-9.9,-99,-999,«ÌªF¿¤,20,¨d¤¦¶m,347
22.1696,120.8325,¨d¤¦¦À¤s,C0R420,2017-02-27T18:00:00+08:00,504.0,101.0,3.7,14.2,-0.99,958.7,-99.0,0.0,-9.9,-99,-999,«ÌªF¿¤,20,¨d¤¦¶m,347
22.1696,120.8325,¨d¤¦¦À¤s,C0R420,2017-02-27T19:00:00+08:00,504.0,99.0,3.5,13.9,-0.99,959.1,-99.0,0.0,-9.9,-99,-999,«ÌªF¿¤,20,¨d¤¦¶m,347
22.1696,120.8325,¨d¤¦¦À¤s,C0R420,2017-02-27T20:00:00+08:00,504.0,103.0,3.2,13.8,-0.99,959.5,-99.0,0.0,-9.9,-99,-999,«ÌªF¿¤,20,¨d¤¦¶m,347
22.1696,120.8325,¨d¤¦¦À¤s,C0R420,2017-02-27T21:00:00+08:00,504.0,104.0,3.3,13.9,-0.99,959.6,-99.0,0.0,-9.9,-99,-999,«ÌªF¿¤,20,¨d¤¦¶m,347
22.1696,120.8325,¨d¤¦¦À¤s,C0R420,2017-02-27T22:00:00+08:00,504.0,94.0,3.1,14.0,-0.99,959.8,-99.0,0.0,-9.9,-99,-999,«ÌªF¿¤,20,¨d¤¦¶m,347
22.1696,120.8325,¨d¤¦¦À¤s,C0R420,2017-02-28T02:00:00+08:00,504.0,96.0,2.7,13.5,-0.99,958.5,-99.0,0.0,-9.9,-99,-999,«ÌªF¿¤,20,¨d¤¦¶m,347
22.1696,120.8325,¨d¤¦¦À¤s,C0R420,2017-02-28T03:00:00+08:00,504.0,97.0,2.9,13.3,-0.99,958.0,-99.0,0.0,-9.9,-99,-999,«ÌªF¿¤,20,¨d¤¦¶m,347
22.1696,120.8325,¨d¤¦¦À¤s,C0R420,2017-02-28T04:00:00+08:00,504.0,101.0,3.3,13.3,-0.99,957.7,-99.0,0.0,-9.9,-99,-999,«ÌªF¿¤,20,¨d¤¦¶m,347
22.1696,120.8325,¨d¤¦¦À¤s,C0R420,2017-02-28T05:00:00+08:00,504.0,100.0,3.1,13.5,-0.99,958.0,-99.0,0.0,-9.9,-99,-999,«ÌªF¿¤,20,¨d¤¦¶m,347
22.1696,120.8325,¨d¤¦¦À¤s,C0R420,2017-02-28T07:00:00+08:00,504.0,104.0,2.7,13.8,-0.99,958.9,-99.0,0.0,-9.9,-99,-999,«ÌªF¿¤,20,¨d¤¦¶m,347
22.1696,120.8325,¨d¤¦¦À¤s,C0R420,2017-02-28T09:00:00+08:00,504.0,112.0,3.2,16.5,-0.99,959.2,-99.0,0.0,-9.9,-99,-999,«ÌªF¿¤,20,¨d¤¦¶m,347
22.1696,120.8325,¨d¤¦¦À¤s,C0R420,2017-02-28T10:00:00+08:00,504.0,108.0,2.4,17.8,-0.99,959.1,-99.0,0.0,-9.9,-99,-999,«ÌªF¿¤,20,¨d¤¦¶m,347
22.1696,120.8325,¨d¤¦¦À¤s,C0R420,2017-02-28T11:00:00+08:00,504.0,109.0,2.4,19.2,-0.99,958.4,-99.0,0.0,-9.9,-99,-999,«ÌªF¿¤,20,¨d¤¦¶m,347
22.1696,120.8325,¨d¤¦¦À¤s,C0R420,2017-02-28T12:00:00+08:00,504.0,109.0,1.8,19.6,-0.99,957.5,-99.0,0.0,-9.9,-99,-999,«ÌªF¿¤,20,¨d¤¦¶m,347
22.1696,120.8325,¨d¤¦¦À¤s,C0R420,2017-02-28T13:00:00+08:00,504.0,107.0,2.0,19.3,-0.99,956.8,-99.0,0.0,-9.9,-99,-999,«ÌªF¿¤,20,¨d¤¦¶m,347
22.1696,120.8325,¨d¤¦¦À¤s,C0R420,2017-02-28T15:00:00+08:00,504.0,99.0,1.3,18.5,-0.99,955.2,-99.0,0.0,-9.9,-99,-999,«ÌªF¿¤,20,¨d¤¦¶m,347
22.1696,120.8325,¨d¤¦¦À¤s,C0R420,2017-02-28T16:00:00+08:00,504.0,81.0,1.0,18.3,-0.99,955.1,-99.0,0.0,-9.9,-99,-999,«ÌªF¿¤,20,¨d¤¦¶m,347
22.1696,120.8325,¨d¤¦¦À¤s,C0R420,2017-02-28T17:00:00+08:00,504.0,100.0,1.6,17.0,-0.99,955.4,-99.0,0.0,-9.9,-99,-999,«ÌªF¿¤,20,¨d¤¦¶m,347
22.1696,120.8325,¨d¤¦¦À¤s,C0R420,2017-02-28T18:00:00+08:00,504.0,103.0,1.7,16.2,-0.99,955.4,-99.0,0.0,-9.9,-99,-999,«ÌªF¿¤,20,¨d¤¦¶m,347
22.1696,120.8325,¨d¤¦¦À¤s,C0R420,2017-02-28T19:00:00+08:00,504.0,99.0,1.9,16.0,-0.99,955.6,-99.0,0.0,-9.9,-99,-999,«ÌªF¿¤,20,¨d¤¦¶m,347
22.1696,120.8325,¨d¤¦¦À¤s,C0R420,2017-02-28T21:00:00+08:00,504.0,92.0,2.4,15.7,-0.99,956.0,-99.0,0.0,-9.9,-99,-999,«ÌªF¿¤,20,¨d¤¦¶m,347
22.1696,120.8325,¨d¤¦¦À¤s,C0R420,2017-02-28T22:00:00+08:00,504.0,77.0,2.5,15.4,-0.99,956.1,-99.0,0.5,-9.9,-99,-999,«ÌªF¿¤,20,¨d¤¦¶m,347
22.1696,120.8325,¨d¤¦¦À¤s,C0R420,2017-02-28T23:00:00+08:00,504.0,95.0,1.8,15.2,-0.99,956.1,-99.0,0.5,-9.9,-99,-999,«ÌªF¿¤,20,¨d¤¦¶m,347
