22.5900,120.6569,ÂÂ®õªZ,C0R600,2017-02-01T07:00:00+08:00,766.0,276.0,1.9,16.7,0.94,932.5,-99.0,0.0,-9.9,-99,-999,«ÌªF¿¤,20,®õªZ¶m,318
22.5900,120.6569,ÂÂ®õªZ,C0R600,2017-02-01T05:00:00+08:00,766.0,203.0,0.6,18.4,0.78,931.7,-99.0,0.0,-9.9,-99,-999,«ÌªF¿¤,20,®õªZ¶m,318
22.5900,120.6569,ÂÂ®õªZ,C0R600,2017-02-01T02:00:00+08:00,766.0,292.0,0.5,17.0,0.95,932.0,-99.0,0.0,-9.9,-99,-999,«ÌªF¿¤,20,®õªZ¶m,318
22.5900,120.6569,ÂÂ®õªZ,C0R600,2017-02-01T11:00:00+08:00,766.0,97.0,1.8,17.0,1.00,933.2,-99.0,0.0,-9.9,-99,-999,«ÌªF¿¤,20,®õªZ¶m,318
22.5900,120.6569,ÂÂ®õªZ,C0R600,2017-02-02T10:00:00+08:00,766.0,265.0,1.1,15.4,1.00,935.0,-99.0,0.5,-9.9,-99,-999,«ÌªF¿¤,20,®õªZ¶m,318
22.5900,120.6569,ÂÂ®õªZ,C0R600,2017-02-02T09:00:00+08:00,766.0,229.0,1.3,14.7,1.00,934.9,-99.0,0.5,-9.9,-99,-999,«ÌªF¿¤,20,®õªZ¶m,318
22.5900,120.6569,ÂÂ®õªZ,C0R600,2017-02-02T08:00:00+08:00,766.0,270.0,0.6,15.1,1.00,934.2,-99.0,0.5,-9.9,-99,-999,«ÌªF¿¤,20,®õªZ¶m,318
22.5900,120.6569,ÂÂ®õªZ,C0R600,2017-02-02T11:00:00+08:00,766.0,247.0,1.7,15.4,1.00,934.4,-99.0,0.5,-9.9,-99,-999,«ÌªF¿¤,20,®õªZ¶m,318
22.5900,120.6569,ÂÂ®õªZ,C0R600,2017-02-02T14:00:00+08:00,766.0,269.0,1.8,15.6,1.00,932.4,-99.0,0.5,-9.9,-99,-999,«ÌªF¿¤,20,®õªZ¶m,318
22.5900,120.6569,ÂÂ®õªZ,C0R600,2017-02-02T15:00:00+08:00,766.0,288.0,0.7,15.2,1.00,932.1,-99.0,0.5,-9.9,-99,-999,«ÌªF¿¤,20,®õªZ¶m,318
22.5900,120.6569,ÂÂ®õªZ,C0R600,2017-02-02T16:00:00+08:00,766.0,284.0,1.5,15.4,1.00,932.4,-99.0,0.5,-9.9,-99,-999,«ÌªF¿¤,20,®õªZ¶m,318
22.5900,120.6569,ÂÂ®õªZ,C0R600,2017-02-02T17:00:00+08:00,766.0,287.0,1.6,14.7,1.00,932.8,-99.0,0.5,-9.9,-99,-999,«ÌªF¿¤,20,®õªZ¶m,318
22.5900,120.6569,ÂÂ®õªZ,C0R600,2017-02-02T18:00:00+08:00,766.0,294.0,1.2,14.5,1.00,932.9,-99.0,0.5,-9.9,-99,-999,«ÌªF¿¤,20,®õªZ¶m,318
22.5900,120.6569,ÂÂ®õªZ,C0R600,2017-02-02T19:00:00+08:00,766.0,0.0,0.0,14.5,1.00,933.1,-99.0,0.5,-9.9,-99,-999,«ÌªF¿¤,20,®õªZ¶m,318
22.5900,120.6569,ÂÂ®õªZ,C0R600,2017-02-02T20:00:00+08:00,766.0,245.0,1.1,14.4,1.00,933.4,-99.0,0.5,-9.9,-99,-999,«ÌªF¿¤,20,®õªZ¶m,318
22.5900,120.6569,ÂÂ®õªZ,C0R600,2017-02-02T21:00:00+08:00,766.0,226.0,0.8,14.2,1.00,933.6,-99.0,0.5,-9.9,-99,-999,«ÌªF¿¤,20,®õªZ¶m,318
22.5900,120.6569,ÂÂ®õªZ,C0R600,2017-02-02T22:00:00+08:00,766.0,265.0,0.8,14.0,1.00,933.7,-99.0,0.5,-9.9,-99,-999,«ÌªF¿¤,20,®õªZ¶m,318
22.5900,120.6569,ÂÂ®õªZ,C0R600,2017-02-02T23:00:00+08:00,766.0,298.0,0.7,13.7,1.00,933.4,-99.0,0.5,-9.9,-99,-999,«ÌªF¿¤,20,®õªZ¶m,318
22.5900,120.6569,ÂÂ®õªZ,C0R600,2017-02-03T00:00:00+08:00,766.0,285.0,0.7,13.8,1.00,933.2,-99.0,0.5,-9.9,-99,-999,«ÌªF¿¤,20,®õªZ¶m,318
22.5900,120.6569,ÂÂ®õªZ,C0R600,2017-02-03T01:00:00+08:00,766.0,290.0,0.4,13.4,1.00,933.0,-99.0,0.0,-9.9,-99,-999,«ÌªF¿¤,20,®õªZ¶m,318
22.5900,120.6569,ÂÂ®õªZ,C0R600,2017-02-03T02:00:00+08:00,766.0,7.0,1.1,13.1,1.00,932.7,-99.0,0.0,-9.9,-99,-999,«ÌªF¿¤,20,®õªZ¶m,318
22.5900,120.6569,ÂÂ®õªZ,C0R600,2017-02-03T03:00:00+08:00,766.0,0.0,0.2,13.2,1.00,932.4,-99.0,0.0,-9.9,-99,-999,«ÌªF¿¤,20,®õªZ¶m,318
22.5900,120.6569,ÂÂ®õªZ,C0R600,2017-02-03T04:00:00+08:00,766.0,131.0,0.3,13.4,1.00,932.1,-99.0,0.0,-9.9,-99,-999,«ÌªF¿¤,20,®õªZ¶m,318
22.5900,120.6569,ÂÂ®õªZ,C0R600,2017-02-03T05:00:00+08:00,766.0,0.0,0.1,13.2,1.00,932.0,-99.0,0.0,-9.9,-99,-999,«ÌªF¿¤,20,®õªZ¶m,318
22.5900,120.6569,ÂÂ®õªZ,C0R600,2017-02-03T07:00:00+08:00,766.0,0.0,0.2,13.4,1.00,932.8,-99.0,0.0,-9.9,-99,-999,«ÌªF¿¤,20,®õªZ¶m,318
22.5900,120.6569,ÂÂ®õªZ,C0R600,2017-02-03T10:00:00+08:00,766.0,228.0,1.2,15.9,0.99,933.4,-99.0,0.0,-9.9,-99,-999,«ÌªF¿¤,20,®õªZ¶m,318
22.5900,120.6569,ÂÂ®õªZ,C0R600,2017-02-03T11:00:00+08:00,766.0,249.0,2.8,16.9,1.00,932.9,-99.0,0.0,-9.9,-99,-999,«ÌªF¿¤,20,®õªZ¶m,318
22.5900,120.6569,ÂÂ®õªZ,C0R600,2017-02-03T12:00:00+08:00,766.0,254.0,2.2,17.3,0.96,932.0,-99.0,0.0,-9.9,-99,-999,«ÌªF¿¤,20,®õªZ¶m,318
22.5900,120.6569,ÂÂ®õªZ,C0R600,2017-02-03T13:00:00+08:00,766.0,261.0,2.9,19.0,0.85,930.9,-99.0,0.0,-9.9,-99,-999,«ÌªF¿¤,20,®õªZ¶m,318
22.5900,120.6569,ÂÂ®õªZ,C0R600,2017-02-03T14:00:00+08:00,766.0,255.0,2.5,19.8,0.79,930.2,-99.0,0.0,-9.9,-99,-999,«ÌªF¿¤,20,®õªZ¶m,318
22.5900,120.6569,ÂÂ®õªZ,C0R600,2017-02-03T15:00:00+08:00,766.0,277.0,1.6,18.9,0.82,929.9,-99.0,0.0,-9.9,-99,-999,«ÌªF¿¤,20,®õªZ¶m,318
22.5900,120.6569,ÂÂ®õªZ,C0R600,2017-02-03T16:00:00+08:00,766.0,259.0,1.8,17.2,0.97,930.2,-99.0,0.0,-9.9,-99,-999,«ÌªF¿¤,20,®õªZ¶m,318
22.5900,120.6569,ÂÂ®õªZ,C0R600,2017-02-03T17:00:00+08:00,766.0,264.0,1.4,16.7,0.99,930.7,-99.0,0.0,-9.9,-99,-999,«ÌªF¿¤,20,®õªZ¶m,318
22.5900,120.6569,ÂÂ®õªZ,C0R600,2017-02-03T18:00:00+08:00,766.0,302.0,0.9,16.4,0.99,931.0,-99.0,0.0,-9.9,-99,-999,«ÌªF¿¤,20,®õªZ¶m,318
22.5900,120.6569,ÂÂ®õªZ,C0R600,2017-02-03T19:00:00+08:00,766.0,275.0,0.5,15.8,1.00,931.5,-99.0,0.0,-9.9,-99,-999,«ÌªF¿¤,20,®õªZ¶m,318
22.5900,120.6569,ÂÂ®õªZ,C0R600,2017-02-03T20:00:00+08:00,766.0,294.0,0.7,15.4,1.00,932.0,-99.0,0.0,-9.9,-99,-999,«ÌªF¿¤,20,®õªZ¶m,318
22.5900,120.6569,ÂÂ®õªZ,C0R600,2017-02-03T21:00:00+08:00,766.0,265.0,1.0,15.0,1.00,932.1,-99.0,0.0,-9.9,-99,-999,«ÌªF¿¤,20,®õªZ¶m,318
22.5900,120.6569,ÂÂ®õªZ,C0R600,2017-02-03T22:00:00+08:00,766.0,27.0,0.3,14.9,1.00,932.0,-99.0,0.0,-9.9,-99,-999,«ÌªF¿¤,20,®õªZ¶m,318
22.5900,120.6569,ÂÂ®õªZ,C0R600,2017-02-03T23:00:00+08:00,766.0,72.0,0.9,14.6,1.00,931.6,-99.0,0.0,-9.9,-99,-999,«ÌªF¿¤,20,®õªZ¶m,318
22.5900,120.6569,ÂÂ®õªZ,C0R600,2017-02-04T01:00:00+08:00,766.0,0.0,0.1,14.5,1.00,931.0,-99.0,0.0,-9.9,-99,-999,«ÌªF¿¤,20,®õªZ¶m,318
22.5900,120.6569,ÂÂ®õªZ,C0R600,2017-02-04T02:00:00+08:00,766.0,67.0,0.4,14.6,1.00,930.7,-99.0,0.0,-9.9,-99,-999,«ÌªF¿¤,20,®õªZ¶m,318
22.5900,120.6569,ÂÂ®õªZ,C0R600,2017-02-04T03:00:00+08:00,766.0,0.0,0.2,14.8,1.00,930.2,-99.0,0.0,-9.9,-99,-999,«ÌªF¿¤,20,®õªZ¶m,318
22.5900,120.6569,ÂÂ®õªZ,C0R600,2017-02-04T04:00:00+08:00,766.0,79.0,1.3,14.8,1.00,929.5,-99.0,0.0,-9.9,-99,-999,«ÌªF¿¤,20,®õªZ¶m,318
22.5900,120.6569,ÂÂ®õªZ,C0R600,2017-02-04T05:00:00+08:00,766.0,49.0,0.9,15.4,1.00,929.3,-99.0,0.0,-9.9,-99,-999,«ÌªF¿¤,20,®õªZ¶m,318
22.5900,120.6569,ÂÂ®õªZ,C0R600,2017-02-04T06:00:00+08:00,766.0,0.0,0.0,15.0,1.00,930.0,-99.0,0.0,-9.9,-99,-999,«ÌªF¿¤,20,®õªZ¶m,318
22.5900,120.6569,ÂÂ®õªZ,C0R600,2017-02-04T07:00:00+08:00,766.0,81.0,1.4,14.7,1.00,930.4,-99.0,0.0,-9.9,-99,-999,«ÌªF¿¤,20,®õªZ¶m,318
22.5900,120.6569,ÂÂ®õªZ,C0R600,2017-02-04T08:00:00+08:00,766.0,299.0,1.5,16.1,0.93,930.4,-99.0,0.0,-9.9,-99,-999,«ÌªF¿¤,20,®õªZ¶m,318
22.5900,120.6569,ÂÂ®õªZ,C0R600,2017-02-04T10:00:00+08:00,766.0,109.0,1.2,15.9,1.00,931.2,-99.0,0.0,-9.9,-99,-999,«ÌªF¿¤,20,®õªZ¶m,318
22.5900,120.6569,ÂÂ®õªZ,C0R600,2017-02-04T11:00:00+08:00,766.0,254.0,2.0,16.8,0.98,930.6,-99.0,0.0,-9.9,-99,-999,«ÌªF¿¤,20,®õªZ¶m,318
22.5900,120.6569,ÂÂ®õªZ,C0R600,2017-02-04T12:00:00+08:00,766.0,245.0,2.3,16.7,0.99,929.3,-99.0,0.0,-9.9,-99,-999,«ÌªF¿¤,20,®õªZ¶m,318
22.5900,120.6569,ÂÂ®õªZ,C0R600,2017-02-04T13:00:00+08:00,766.0,250.0,0.9,16.5,1.00,928.3,-99.0,0.0,-9.9,-99,-999,«ÌªF¿¤,20,®õªZ¶m,318
22.5900,120.6569,ÂÂ®õªZ,C0R600,2017-02-04T14:00:00+08:00,766.0,239.0,2.0,18.0,0.96,927.2,-99.0,0.0,-9.9,-99,-999,«ÌªF¿¤,20,®õªZ¶m,318
22.5900,120.6569,ÂÂ®õªZ,C0R600,2017-02-04T15:00:00+08:00,766.0,159.0,1.1,18.6,0.92,926.6,-99.0,0.0,-9.9,-99,-999,«ÌªF¿¤,20,®õªZ¶m,318
22.5900,120.6569,ÂÂ®õªZ,C0R600,2017-02-04T16:00:00+08:00,766.0,270.0,2.1,17.2,1.00,926.8,-99.0,0.0,-9.9,-99,-999,«ÌªF¿¤,20,®õªZ¶m,318
22.5900,120.6569,ÂÂ®õªZ,C0R600,2017-02-04T17:00:00+08:00,766.0,93.0,1.5,16.8,1.00,926.8,-99.0,0.0,-9.9,-99,-999,«ÌªF¿¤,20,®õªZ¶m,318
22.5900,120.6569,ÂÂ®õªZ,C0R600,2017-02-04T18:00:00+08:00,766.0,327.0,0.7,16.6,1.00,926.9,-99.0,0.0,-9.9,-99,-999,«ÌªF¿¤,20,®õªZ¶m,318
22.5900,120.6569,ÂÂ®õªZ,C0R600,2017-02-04T19:00:00+08:00,766.0,25.0,0.9,16.2,1.00,927.9,-99.0,0.0,-9.9,-99,-999,«ÌªF¿¤,20,®õªZ¶m,318
22.5900,120.6569,ÂÂ®õªZ,C0R600,2017-02-04T20:00:00+08:00,766.0,56.0,1.8,15.7,1.00,928.1,-99.0,0.0,-9.9,-99,-999,«ÌªF¿¤,20,®õªZ¶m,318
22.5900,120.6569,ÂÂ®õªZ,C0R600,2017-02-04T21:00:00+08:00,766.0,351.0,0.6,17.5,0.85,927.8,-99.0,0.0,-9.9,-99,-999,«ÌªF¿¤,20,®õªZ¶m,318
22.5900,120.6569,ÂÂ®õªZ,C0R600,2017-02-04T22:00:00+08:00,766.0,69.0,1.5,15.7,1.00,928.5,-99.0,0.0,-9.9,-99,-999,«ÌªF¿¤,20,®õªZ¶m,318
22.5900,120.6569,ÂÂ®õªZ,C0R600,2017-02-04T23:00:00+08:00,766.0,0.0,0.1,17.1,0.83,928.2,-99.0,0.0,-9.9,-99,-999,«ÌªF¿¤,20,®õªZ¶m,318
22.5900,120.6569,ÂÂ®õªZ,C0R600,2017-02-05T00:00:00+08:00,766.0,17.0,1.1,16.9,0.84,928.0,-99.0,0.0,-9.9,-99,-999,«ÌªF¿¤,20,®õªZ¶m,318
22.5900,120.6569,ÂÂ®õªZ,C0R600,2017-02-05T01:00:00+08:00,766.0,97.0,0.9,16.2,0.96,927.7,-99.0,0.0,-9.9,-99,-999,«ÌªF¿¤,20,®õªZ¶m,318
22.5900,120.6569,ÂÂ®õªZ,C0R600,2017-02-05T02:00:00+08:00,766.0,118.0,0.7,16.4,0.92,927.0,-99.0,0.0,-9.9,-99,-999,«ÌªF¿¤,20,®õªZ¶m,318
22.5900,120.6569,ÂÂ®õªZ,C0R600,2017-02-05T03:00:00+08:00,766.0,53.0,1.1,16.7,0.82,926.0,-99.0,0.0,-9.9,-99,-999,«ÌªF¿¤,20,®õªZ¶m,318
22.5900,120.6569,ÂÂ®õªZ,C0R600,2017-02-05T04:00:00+08:00,766.0,0.0,0.2,16.6,0.82,925.7,-99.0,0.0,-9.9,-99,-999,«ÌªF¿¤,20,®õªZ¶m,318
22.5900,120.6569,ÂÂ®õªZ,C0R600,2017-02-05T05:00:00+08:00,766.0,311.0,0.6,16.7,0.81,925.9,-99.0,0.0,-9.9,-99,-999,«ÌªF¿¤,20,®õªZ¶m,318
22.5900,120.6569,ÂÂ®õªZ,C0R600,2017-02-05T06:00:00+08:00,766.0,89.0,1.0,16.1,0.86,926.8,-99.0,0.0,-9.9,-99,-999,«ÌªF¿¤,20,®õªZ¶m,318
22.5900,120.6569,ÂÂ®õªZ,C0R600,2017-02-05T07:00:00+08:00,766.0,64.0,0.9,16.3,0.85,927.1,-99.0,0.0,-9.9,-99,-999,«ÌªF¿¤,20,®õªZ¶m,318
22.5900,120.6569,ÂÂ®õªZ,C0R600,2017-02-05T08:00:00+08:00,766.0,116.0,0.4,18.0,0.75,927.5,-99.0,0.0,-9.9,-99,-999,«ÌªF¿¤,20,®õªZ¶m,318
22.5900,120.6569,ÂÂ®õªZ,C0R600,2017-02-05T10:00:00+08:00,766.0,171.0,1.3,20.2,0.67,927.9,-99.0,0.0,-9.9,-99,-999,«ÌªF¿¤,20,®õªZ¶m,318
22.5900,120.6569,ÂÂ®õªZ,C0R600,2017-02-05T11:00:00+08:00,766.0,269.0,2.7,19.5,0.78,927.7,-99.0,0.0,-9.9,-99,-999,«ÌªF¿¤,20,®õªZ¶m,318
22.5900,120.6569,ÂÂ®õªZ,C0R600,2017-02-05T12:00:00+08:00,766.0,252.0,1.9,18.9,0.78,927.4,-99.0,0.0,-9.9,-99,-999,«ÌªF¿¤,20,®õªZ¶m,318
22.5900,120.6569,ÂÂ®õªZ,C0R600,2017-02-05T13:00:00+08:00,766.0,244.0,0.9,18.7,0.84,926.6,-99.0,0.0,-9.9,-99,-999,«ÌªF¿¤,20,®õªZ¶m,318
22.5900,120.6569,ÂÂ®õªZ,C0R600,2017-02-05T14:00:00+08:00,766.0,245.0,1.9,19.1,0.84,925.4,-99.0,0.0,-9.9,-99,-999,«ÌªF¿¤,20,®õªZ¶m,318
22.5900,120.6569,ÂÂ®õªZ,C0R600,2017-02-05T15:00:00+08:00,766.0,115.0,1.0,19.1,0.83,925.2,-99.0,0.0,-9.9,-99,-999,«ÌªF¿¤,20,®õªZ¶m,318
22.5900,120.6569,ÂÂ®õªZ,C0R600,2017-02-05T16:00:00+08:00,766.0,241.0,0.8,19.3,0.83,924.6,-99.0,0.0,-9.9,-99,-999,«ÌªF¿¤,20,®õªZ¶m,318
22.5900,120.6569,ÂÂ®õªZ,C0R600,2017-02-05T17:00:00+08:00,766.0,1.0,1.4,18.4,0.88,925.2,-99.0,0.0,-9.9,-99,-999,«ÌªF¿¤,20,®õªZ¶m,318
22.5900,120.6569,ÂÂ®õªZ,C0R600,2017-02-05T18:00:00+08:00,766.0,248.0,1.2,17.6,0.92,925.9,-99.0,0.0,-9.9,-99,-999,«ÌªF¿¤,20,®õªZ¶m,318
22.5900,120.6569,ÂÂ®õªZ,C0R600,2017-02-05T19:00:00+08:00,766.0,0.0,0.2,17.6,0.94,926.0,-99.0,0.0,-9.9,-99,-999,«ÌªF¿¤,20,®õªZ¶m,318
22.5900,120.6569,ÂÂ®õªZ,C0R600,2017-02-05T20:00:00+08:00,766.0,201.0,0.9,17.9,0.91,926.2,-99.0,0.0,-9.9,-99,-999,«ÌªF¿¤,20,®õªZ¶m,318
22.5900,120.6569,ÂÂ®õªZ,C0R600,2017-02-05T21:00:00+08:00,766.0,337.0,1.0,17.3,0.95,926.6,-99.0,0.0,-9.9,-99,-999,«ÌªF¿¤,20,®õªZ¶m,318
22.5900,120.6569,ÂÂ®õªZ,C0R600,2017-02-05T22:00:00+08:00,766.0,109.0,0.7,16.5,1.00,927.0,-99.0,0.0,-9.9,-99,-999,«ÌªF¿¤,20,®õªZ¶m,318
22.5900,120.6569,ÂÂ®õªZ,C0R600,2017-02-05T23:00:00+08:00,766.0,0.0,0.1,16.4,1.00,926.8,-99.0,0.0,-9.9,-99,-999,«ÌªF¿¤,20,®õªZ¶m,318
22.5900,120.6569,ÂÂ®õªZ,C0R600,2017-02-06T00:00:00+08:00,766.0,100.0,1.0,16.0,1.00,926.5,-99.0,0.0,-9.9,-99,-999,«ÌªF¿¤,20,®õªZ¶m,318
22.5900,120.6569,ÂÂ®õªZ,C0R600,2017-02-06T01:00:00+08:00,766.0,107.0,0.8,16.0,1.00,926.6,-99.0,0.0,-9.9,-99,-999,«ÌªF¿¤,20,®õªZ¶m,318
22.5900,120.6569,ÂÂ®õªZ,C0R600,2017-02-06T02:00:00+08:00,766.0,115.0,0.4,15.8,1.00,926.4,-99.0,0.0,-9.9,-99,-999,«ÌªF¿¤,20,®õªZ¶m,318
22.5900,120.6569,ÂÂ®õªZ,C0R600,2017-02-06T03:00:00+08:00,766.0,360.0,0.7,15.7,1.00,925.8,-99.0,0.0,-9.9,-99,-999,«ÌªF¿¤,20,®õªZ¶m,318
22.5900,120.6569,ÂÂ®õªZ,C0R600,2017-02-06T04:00:00+08:00,766.0,2.0,1.0,15.6,1.00,925.8,-99.0,0.0,-9.9,-99,-999,«ÌªF¿¤,20,®õªZ¶m,318
22.5900,120.6569,ÂÂ®õªZ,C0R600,2017-02-06T05:00:00+08:00,766.0,9.0,1.8,15.7,1.00,926.3,-99.0,0.0,-9.9,-99,-999,«ÌªF¿¤,20,®õªZ¶m,318
22.5900,120.6569,ÂÂ®õªZ,C0R600,2017-02-06T06:00:00+08:00,766.0,53.0,1.5,15.3,1.00,926.7,-99.0,0.0,-9.9,-99,-999,«ÌªF¿¤,20,®õªZ¶m,318
22.5900,120.6569,ÂÂ®õªZ,C0R600,2017-02-06T07:00:00+08:00,766.0,0.0,0.2,16.0,1.00,927.8,-99.0,0.0,-9.9,-99,-999,«ÌªF¿¤,20,®õªZ¶m,318
22.5900,120.6569,ÂÂ®õªZ,C0R600,2017-02-06T10:00:00+08:00,766.0,171.0,1.2,17.0,1.00,929.5,-99.0,0.0,-9.9,-99,-999,«ÌªF¿¤,20,®õªZ¶m,318
22.5900,120.6569,ÂÂ®õªZ,C0R600,2017-02-06T11:00:00+08:00,766.0,237.0,2.4,17.6,1.00,929.1,-99.0,0.0,-9.9,-99,-999,«ÌªF¿¤,20,®õªZ¶m,318
22.5900,120.6569,ÂÂ®õªZ,C0R600,2017-02-06T12:00:00+08:00,766.0,259.0,1.5,18.3,1.00,928.7,-99.0,0.0,-9.9,-99,-999,«ÌªF¿¤,20,®õªZ¶m,318
22.5900,120.6569,ÂÂ®õªZ,C0R600,2017-02-06T13:00:00+08:00,766.0,248.0,1.8,18.8,1.00,928.0,-99.0,0.0,-9.9,-99,-999,«ÌªF¿¤,20,®õªZ¶m,318
22.5900,120.6569,ÂÂ®õªZ,C0R600,2017-02-06T14:00:00+08:00,766.0,267.0,2.4,18.7,1.00,927.5,-99.0,0.0,-9.9,-99,-999,«ÌªF¿¤,20,®õªZ¶m,318
22.5900,120.6569,ÂÂ®õªZ,C0R600,2017-02-06T15:00:00+08:00,766.0,268.0,1.5,18.1,1.00,927.2,-99.0,0.0,-9.9,-99,-999,«ÌªF¿¤,20,®õªZ¶m,318
22.5900,120.6569,ÂÂ®õªZ,C0R600,2017-02-06T16:00:00+08:00,766.0,282.0,1.8,17.0,1.00,927.3,-99.0,0.0,-9.9,-99,-999,«ÌªF¿¤,20,®õªZ¶m,318
22.5900,120.6569,ÂÂ®õªZ,C0R600,2017-02-06T17:00:00+08:00,766.0,286.0,1.7,16.3,1.00,927.7,-99.0,0.0,-9.9,-99,-999,«ÌªF¿¤,20,®õªZ¶m,318
22.5900,120.6569,ÂÂ®õªZ,C0R600,2017-02-06T18:00:00+08:00,766.0,278.0,1.1,15.9,1.00,928.0,-99.0,0.0,-9.9,-99,-999,«ÌªF¿¤,20,®õªZ¶m,318
22.5900,120.6569,ÂÂ®õªZ,C0R600,2017-02-06T19:00:00+08:00,766.0,274.0,1.3,15.7,1.00,928.3,-99.0,0.0,-9.9,-99,-999,«ÌªF¿¤,20,®õªZ¶m,318
22.5900,120.6569,ÂÂ®õªZ,C0R600,2017-02-06T20:00:00+08:00,766.0,273.0,1.6,15.4,1.00,928.6,-99.0,0.0,-9.9,-99,-999,«ÌªF¿¤,20,®õªZ¶m,318
22.5900,120.6569,ÂÂ®õªZ,C0R600,2017-02-06T21:00:00+08:00,766.0,290.0,1.2,15.1,1.00,929.0,-99.0,0.0,-9.9,-99,-999,«ÌªF¿¤,20,®õªZ¶m,318
22.5900,120.6569,ÂÂ®õªZ,C0R600,2017-02-06T22:00:00+08:00,766.0,0.0,0.0,15.4,1.00,929.0,-99.0,0.0,-9.9,-99,-999,«ÌªF¿¤,20,®õªZ¶m,318
22.5900,120.6569,ÂÂ®õªZ,C0R600,2017-02-06T23:00:00+08:00,766.0,108.0,0.6,15.3,1.00,929.1,-99.0,0.0,-9.9,-99,-999,«ÌªF¿¤,20,®õªZ¶m,318
22.5900,120.6569,ÂÂ®õªZ,C0R600,2017-02-07T00:00:00+08:00,766.0,101.0,1.4,15.0,1.00,929.2,-99.0,0.0,-9.9,-99,-999,«ÌªF¿¤,20,®õªZ¶m,318
22.5900,120.6569,ÂÂ®õªZ,C0R600,2017-02-07T01:00:00+08:00,766.0,0.0,0.0,14.8,1.00,929.5,-99.0,0.0,-9.9,-99,-999,«ÌªF¿¤,20,®õªZ¶m,318
22.5900,120.6569,ÂÂ®õªZ,C0R600,2017-02-07T02:00:00+08:00,766.0,70.0,0.4,14.6,1.00,929.3,-99.0,0.0,-9.9,-99,-999,«ÌªF¿¤,20,®õªZ¶m,318
22.5900,120.6569,ÂÂ®õªZ,C0R600,2017-02-07T03:00:00+08:00,766.0,48.0,0.3,14.3,1.00,929.0,-99.0,0.0,-9.9,-99,-999,«ÌªF¿¤,20,®õªZ¶m,318
22.5900,120.6569,ÂÂ®õªZ,C0R600,2017-02-07T04:00:00+08:00,766.0,0.0,0.1,14.4,1.00,929.1,-99.0,0.0,-9.9,-99,-999,«ÌªF¿¤,20,®õªZ¶m,318
22.5900,120.6569,ÂÂ®õªZ,C0R600,2017-02-07T05:00:00+08:00,766.0,101.0,0.9,14.4,1.00,929.4,-99.0,0.0,-9.9,-99,-999,«ÌªF¿¤,20,®õªZ¶m,318
22.5900,120.6569,ÂÂ®õªZ,C0R600,2017-02-07T07:00:00+08:00,766.0,53.0,0.7,14.6,1.00,929.9,-99.0,0.0,-9.9,-99,-999,«ÌªF¿¤,20,®õªZ¶m,318
22.5900,120.6569,ÂÂ®õªZ,C0R600,2017-02-07T08:00:00+08:00,766.0,168.0,0.6,16.7,1.00,930.1,-99.0,0.0,-9.9,-99,-999,«ÌªF¿¤,20,®õªZ¶m,318
22.5900,120.6569,ÂÂ®õªZ,C0R600,2017-02-07T10:00:00+08:00,766.0,274.0,1.2,16.6,1.00,930.5,-99.0,0.0,-9.9,-99,-999,«ÌªF¿¤,20,®õªZ¶m,318
22.5900,120.6569,ÂÂ®õªZ,C0R600,2017-02-07T11:00:00+08:00,766.0,239.0,2.1,17.3,1.00,930.2,-99.0,0.0,-9.9,-99,-999,«ÌªF¿¤,20,®õªZ¶m,318
22.5900,120.6569,ÂÂ®õªZ,C0R600,2017-02-07T13:00:00+08:00,766.0,262.0,2.6,17.8,0.90,929.0,-99.0,0.0,-9.9,-99,-999,«ÌªF¿¤,20,®õªZ¶m,318
22.5900,120.6569,ÂÂ®õªZ,C0R600,2017-02-07T14:00:00+08:00,766.0,256.0,2.4,16.4,1.00,928.4,-99.0,0.0,-9.9,-99,-999,«ÌªF¿¤,20,®õªZ¶m,318
22.5900,120.6569,ÂÂ®õªZ,C0R600,2017-02-07T15:00:00+08:00,766.0,281.0,1.5,15.7,1.00,928.4,-99.0,0.0,-9.9,-99,-999,«ÌªF¿¤,20,®õªZ¶m,318
22.5900,120.6569,ÂÂ®õªZ,C0R600,2017-02-07T16:00:00+08:00,766.0,268.0,1.5,15.5,1.00,928.2,-99.0,0.0,-9.9,-99,-999,«ÌªF¿¤,20,®õªZ¶m,318
22.5900,120.6569,ÂÂ®õªZ,C0R600,2017-02-07T17:00:00+08:00,766.0,256.0,1.4,15.3,1.00,928.4,-99.0,0.0,-9.9,-99,-999,«ÌªF¿¤,20,®õªZ¶m,318
22.5900,120.6569,ÂÂ®õªZ,C0R600,2017-02-07T18:00:00+08:00,766.0,279.0,1.2,14.9,1.00,928.6,-99.0,0.0,-9.9,-99,-999,«ÌªF¿¤,20,®õªZ¶m,318
22.5900,120.6569,ÂÂ®õªZ,C0R600,2017-02-07T19:00:00+08:00,766.0,280.0,1.1,14.6,1.00,928.9,-99.0,0.0,-9.9,-99,-999,«ÌªF¿¤,20,®õªZ¶m,318
22.5900,120.6569,ÂÂ®õªZ,C0R600,2017-02-07T20:00:00+08:00,766.0,0.0,0.0,14.7,1.00,929.2,-99.0,0.0,-9.9,-99,-999,«ÌªF¿¤,20,®õªZ¶m,318
22.5900,120.6569,ÂÂ®õªZ,C0R600,2017-02-07T21:00:00+08:00,766.0,285.0,0.6,14.5,1.00,929.5,-99.0,0.0,-9.9,-99,-999,«ÌªF¿¤,20,®õªZ¶m,318
22.5900,120.6569,ÂÂ®õªZ,C0R600,2017-02-07T22:00:00+08:00,766.0,259.0,0.7,14.3,1.00,929.4,-99.0,0.0,-9.9,-99,-999,«ÌªF¿¤,20,®õªZ¶m,318
22.5900,120.6569,ÂÂ®õªZ,C0R600,2017-02-08T00:00:00+08:00,766.0,296.0,0.5,14.2,1.00,929.2,-99.0,0.0,-9.9,-99,-999,«ÌªF¿¤,20,®õªZ¶m,318
22.5900,120.6569,ÂÂ®õªZ,C0R600,2017-02-08T01:00:00+08:00,766.0,333.0,0.5,14.4,0.96,929.1,-99.0,0.0,-9.9,-99,-999,«ÌªF¿¤,20,®õªZ¶m,318
22.5900,120.6569,ÂÂ®õªZ,C0R600,2017-02-08T02:00:00+08:00,766.0,51.0,0.9,14.2,1.00,928.6,-99.0,0.0,-9.9,-99,-999,«ÌªF¿¤,20,®õªZ¶m,318
22.5900,120.6569,ÂÂ®õªZ,C0R600,2017-02-08T03:00:00+08:00,766.0,61.0,0.8,13.8,1.00,928.6,-99.0,0.0,-9.9,-99,-999,«ÌªF¿¤,20,®õªZ¶m,318
22.5900,120.6569,ÂÂ®õªZ,C0R600,2017-02-08T05:00:00+08:00,766.0,326.0,0.4,15.2,0.90,927.7,-99.0,0.0,-9.9,-99,-999,«ÌªF¿¤,20,®õªZ¶m,318
22.5900,120.6569,ÂÂ®õªZ,C0R600,2017-02-08T06:00:00+08:00,766.0,78.0,1.1,14.0,0.98,928.5,-99.0,0.0,-9.9,-99,-999,«ÌªF¿¤,20,®õªZ¶m,318
22.5900,120.6569,ÂÂ®õªZ,C0R600,2017-02-08T07:00:00+08:00,766.0,57.0,1.3,13.6,0.99,928.9,-99.0,0.0,-9.9,-99,-999,«ÌªF¿¤,20,®õªZ¶m,318
22.5900,120.6569,ÂÂ®õªZ,C0R600,2017-02-08T08:00:00+08:00,766.0,159.0,0.7,15.6,0.87,929.2,-99.0,0.0,-9.9,-99,-999,«ÌªF¿¤,20,®õªZ¶m,318
22.5900,120.6569,ÂÂ®õªZ,C0R600,2017-02-08T10:00:00+08:00,766.0,235.0,1.6,16.8,0.84,929.7,-99.0,0.0,-9.9,-99,-999,«ÌªF¿¤,20,®õªZ¶m,318
22.5900,120.6569,ÂÂ®õªZ,C0R600,2017-02-08T11:00:00+08:00,766.0,231.0,2.2,17.4,0.83,929.4,-99.0,0.0,-9.9,-99,-999,«ÌªF¿¤,20,®õªZ¶m,318
22.5900,120.6569,ÂÂ®õªZ,C0R600,2017-02-08T12:00:00+08:00,766.0,242.0,2.4,18.2,0.82,928.4,-99.0,0.0,-9.9,-99,-999,«ÌªF¿¤,20,®õªZ¶m,318
22.5900,120.6569,ÂÂ®õªZ,C0R600,2017-02-08T13:00:00+08:00,766.0,251.0,1.1,18.9,0.79,928.3,-99.0,0.0,-9.9,-99,-999,«ÌªF¿¤,20,®õªZ¶m,318
22.5900,120.6569,ÂÂ®õªZ,C0R600,2017-02-08T14:00:00+08:00,766.0,238.0,1.5,19.9,0.70,927.6,-99.0,0.0,-9.9,-99,-999,«ÌªF¿¤,20,®õªZ¶m,318
22.5900,120.6569,ÂÂ®õªZ,C0R600,2017-02-08T15:00:00+08:00,766.0,268.0,1.6,19.5,0.71,926.9,-99.0,0.0,-9.9,-99,-999,«ÌªF¿¤,20,®õªZ¶m,318
22.5900,120.6569,ÂÂ®õªZ,C0R600,2017-02-08T16:00:00+08:00,766.0,270.0,1.6,18.2,0.80,926.8,-99.0,0.0,-9.9,-99,-999,«ÌªF¿¤,20,®õªZ¶m,318
22.5900,120.6569,ÂÂ®õªZ,C0R600,2017-02-08T17:00:00+08:00,766.0,314.0,1.0,18.3,0.79,926.9,-99.0,0.0,-9.9,-99,-999,«ÌªF¿¤,20,®õªZ¶m,318
22.5900,120.6569,ÂÂ®õªZ,C0R600,2017-02-08T18:00:00+08:00,766.0,359.0,2.0,16.8,0.89,927.2,-99.0,0.0,-9.9,-99,-999,«ÌªF¿¤,20,®õªZ¶m,318
22.5900,120.6569,ÂÂ®õªZ,C0R600,2017-02-08T19:00:00+08:00,766.0,297.0,1.8,16.3,0.85,927.4,-99.0,0.0,-9.9,-99,-999,«ÌªF¿¤,20,®õªZ¶m,318
22.5900,120.6569,ÂÂ®õªZ,C0R600,2017-02-08T20:00:00+08:00,766.0,155.0,0.8,16.5,0.79,927.8,-99.0,0.0,-9.9,-99,-999,«ÌªF¿¤,20,®õªZ¶m,318
22.5900,120.6569,ÂÂ®õªZ,C0R600,2017-02-08T21:00:00+08:00,766.0,350.0,1.1,17.6,0.61,928.0,-99.0,0.0,-9.9,-99,-999,«ÌªF¿¤,20,®õªZ¶m,318
22.5900,120.6569,ÂÂ®õªZ,C0R600,2017-02-08T22:00:00+08:00,766.0,149.0,0.8,16.4,0.74,928.2,-99.0,0.0,-9.9,-99,-999,«ÌªF¿¤,20,®õªZ¶m,318
22.5900,120.6569,ÂÂ®õªZ,C0R600,2017-02-08T23:00:00+08:00,766.0,7.0,2.1,16.4,0.71,928.6,-99.0,0.0,-9.9,-99,-999,«ÌªF¿¤,20,®õªZ¶m,318
22.5900,120.6569,ÂÂ®õªZ,C0R600,2017-02-09T00:00:00+08:00,766.0,31.0,1.1,16.0,0.74,928.4,-99.0,0.0,-9.9,-99,-999,«ÌªF¿¤,20,®õªZ¶m,318
22.5900,120.6569,ÂÂ®õªZ,C0R600,2017-02-09T01:00:00+08:00,766.0,14.0,2.1,15.5,0.74,928.4,-99.0,0.0,-9.9,-99,-999,«ÌªF¿¤,20,®õªZ¶m,318
22.5900,120.6569,ÂÂ®õªZ,C0R600,2017-02-09T02:00:00+08:00,766.0,28.0,0.8,15.3,0.74,927.6,-99.0,0.0,-9.9,-99,-999,«ÌªF¿¤,20,®õªZ¶m,318
22.5900,120.6569,ÂÂ®õªZ,C0R600,2017-02-09T03:00:00+08:00,766.0,46.0,0.7,15.2,0.75,927.4,-99.0,0.0,-9.9,-99,-999,«ÌªF¿¤,20,®õªZ¶m,318
22.5900,120.6569,ÂÂ®õªZ,C0R600,2017-02-09T04:00:00+08:00,766.0,339.0,0.7,15.1,0.74,927.1,-99.0,0.0,-9.9,-99,-999,«ÌªF¿¤,20,®õªZ¶m,318
22.5900,120.6569,ÂÂ®õªZ,C0R600,2017-02-09T05:00:00+08:00,766.0,24.0,0.3,14.9,0.76,927.5,-99.0,0.0,-9.9,-99,-999,«ÌªF¿¤,20,®õªZ¶m,318
22.5900,120.6569,ÂÂ®õªZ,C0R600,2017-02-09T06:00:00+08:00,766.0,81.0,0.7,13.9,0.83,928.2,-99.0,0.0,-9.9,-99,-999,«ÌªF¿¤,20,®õªZ¶m,318
22.5900,120.6569,ÂÂ®õªZ,C0R600,2017-02-09T07:00:00+08:00,766.0,280.0,0.5,14.5,0.80,928.6,-99.0,0.0,-9.9,-99,-999,«ÌªF¿¤,20,®õªZ¶m,318
22.5900,120.6569,ÂÂ®õªZ,C0R600,2017-02-09T08:00:00+08:00,766.0,0.0,0.1,15.2,0.85,929.3,-99.0,0.0,-9.9,-99,-999,«ÌªF¿¤,20,®õªZ¶m,318
22.5900,120.6569,ÂÂ®õªZ,C0R600,2017-02-09T10:00:00+08:00,766.0,233.0,0.6,17.2,0.82,930.0,-99.0,0.0,-9.9,-99,-999,«ÌªF¿¤,20,®õªZ¶m,318
22.5900,120.6569,ÂÂ®õªZ,C0R600,2017-02-09T11:00:00+08:00,766.0,247.0,2.5,15.1,0.96,929.4,-99.0,0.0,-9.9,-99,-999,«ÌªF¿¤,20,®õªZ¶m,318
22.5900,120.6569,ÂÂ®õªZ,C0R600,2017-02-09T12:00:00+08:00,766.0,249.0,2.0,14.7,0.99,928.8,-99.0,0.0,-9.9,-99,-999,«ÌªF¿¤,20,®õªZ¶m,318
22.5900,120.6569,ÂÂ®õªZ,C0R600,2017-02-09T13:00:00+08:00,766.0,277.0,2.3,14.8,0.96,927.9,-99.0,0.0,-9.9,-99,-999,«ÌªF¿¤,20,®õªZ¶m,318
22.5900,120.6569,ÂÂ®õªZ,C0R600,2017-02-09T14:00:00+08:00,766.0,248.0,1.6,14.6,0.95,926.9,-99.0,0.0,-9.9,-99,-999,«ÌªF¿¤,20,®õªZ¶m,318
22.5900,120.6569,ÂÂ®õªZ,C0R600,2017-02-09T15:00:00+08:00,766.0,265.0,2.2,14.0,0.97,927.1,-99.0,0.0,-9.9,-99,-999,«ÌªF¿¤,20,®õªZ¶m,318
22.5900,120.6569,ÂÂ®õªZ,C0R600,2017-02-09T16:00:00+08:00,766.0,282.0,2.0,13.4,0.99,927.7,-99.0,0.0,-9.9,-99,-999,«ÌªF¿¤,20,®õªZ¶m,318
22.5900,120.6569,ÂÂ®õªZ,C0R600,2017-02-09T17:00:00+08:00,766.0,206.0,1.1,12.9,0.97,927.9,-99.0,0.0,-9.9,-99,-999,«ÌªF¿¤,20,®õªZ¶m,318
22.5900,120.6569,ÂÂ®õªZ,C0R600,2017-02-09T18:00:00+08:00,766.0,259.0,0.9,11.3,1.00,927.9,-99.0,0.0,-9.9,-99,-999,«ÌªF¿¤,20,®õªZ¶m,318
22.5900,120.6569,ÂÂ®õªZ,C0R600,2017-02-09T19:00:00+08:00,766.0,0.0,0.0,11.3,1.00,928.3,-99.0,0.0,-9.9,-99,-999,«ÌªF¿¤,20,®õªZ¶m,318
22.5900,120.6569,ÂÂ®õªZ,C0R600,2017-02-09T20:00:00+08:00,766.0,89.0,0.8,11.3,1.00,929.1,-99.0,0.0,-9.9,-99,-999,«ÌªF¿¤,20,®õªZ¶m,318
22.5900,120.6569,ÂÂ®õªZ,C0R600,2017-02-09T21:00:00+08:00,766.0,313.0,0.9,11.9,1.00,929.2,-99.0,0.0,-9.9,-99,-999,«ÌªF¿¤,20,®õªZ¶m,318
22.5900,120.6569,ÂÂ®õªZ,C0R600,2017-02-09T22:00:00+08:00,766.0,291.0,0.6,11.8,1.00,929.6,-99.0,0.0,-9.9,-99,-999,«ÌªF¿¤,20,®õªZ¶m,318
22.5900,120.6569,ÂÂ®õªZ,C0R600,2017-02-09T23:00:00+08:00,766.0,282.0,1.1,11.7,1.00,929.9,-99.0,0.0,-9.9,-99,-999,«ÌªF¿¤,20,®õªZ¶m,318
22.5900,120.6569,ÂÂ®õªZ,C0R600,2017-02-10T00:00:00+08:00,766.0,262.0,0.7,11.2,1.00,930.1,-99.0,0.0,-9.9,-99,-999,«ÌªF¿¤,20,®õªZ¶m,318
22.5900,120.6569,ÂÂ®õªZ,C0R600,2017-02-10T01:00:00+08:00,766.0,0.0,0.1,11.4,1.00,930.0,-99.0,0.0,-9.9,-99,-999,«ÌªF¿¤,20,®õªZ¶m,318
22.5900,120.6569,ÂÂ®õªZ,C0R600,2017-02-10T02:00:00+08:00,766.0,280.0,0.9,11.0,1.00,929.5,-99.0,0.0,-9.9,-99,-999,«ÌªF¿¤,20,®õªZ¶m,318
22.5900,120.6569,ÂÂ®õªZ,C0R600,2017-02-10T03:00:00+08:00,766.0,273.0,1.1,9.9,1.00,929.5,-99.0,0.0,-9.9,-99,-999,«ÌªF¿¤,20,®õªZ¶m,318
22.5900,120.6569,ÂÂ®õªZ,C0R600,2017-02-10T04:00:00+08:00,766.0,276.0,0.9,9.7,1.00,929.5,-99.0,0.0,-9.9,-99,-999,«ÌªF¿¤,20,®õªZ¶m,318
22.5900,120.6569,ÂÂ®õªZ,C0R600,2017-02-10T05:00:00+08:00,766.0,73.0,0.9,9.9,1.00,929.4,-99.0,0.0,-9.9,-99,-999,«ÌªF¿¤,20,®õªZ¶m,318
22.5900,120.6569,ÂÂ®õªZ,C0R600,2017-02-10T06:00:00+08:00,766.0,104.0,0.8,10.2,1.00,930.0,-99.0,0.0,-9.9,-99,-999,«ÌªF¿¤,20,®õªZ¶m,318
22.5900,120.6569,ÂÂ®õªZ,C0R600,2017-02-10T07:00:00+08:00,766.0,22.0,0.5,10.7,1.00,930.8,-99.0,0.0,-9.9,-99,-999,«ÌªF¿¤,20,®õªZ¶m,318
22.5900,120.6569,ÂÂ®õªZ,C0R600,2017-02-10T08:00:00+08:00,766.0,188.0,0.8,10.9,1.00,931.2,-99.0,0.0,-9.9,-99,-999,«ÌªF¿¤,20,®õªZ¶m,318
22.5900,120.6569,ÂÂ®õªZ,C0R600,2017-02-10T09:00:00+08:00,766.0,140.0,0.5,11.1,1.00,931.9,-99.0,0.0,-9.9,-99,-999,«ÌªF¿¤,20,®õªZ¶m,318
22.5900,120.6569,ÂÂ®õªZ,C0R600,2017-02-10T10:00:00+08:00,766.0,231.0,0.8,11.4,0.99,932.3,-99.0,0.0,-9.9,-99,-999,«ÌªF¿¤,20,®õªZ¶m,318
22.5900,120.6569,ÂÂ®õªZ,C0R600,2017-02-10T11:00:00+08:00,766.0,259.0,2.3,11.4,0.96,932.1,-99.0,0.0,-9.9,-99,-999,«ÌªF¿¤,20,®õªZ¶m,318
22.5900,120.6569,ÂÂ®õªZ,C0R600,2017-02-10T12:00:00+08:00,766.0,241.0,1.9,11.2,0.95,931.6,-99.0,0.0,-9.9,-99,-999,«ÌªF¿¤,20,®õªZ¶m,318
22.5900,120.6569,ÂÂ®õªZ,C0R600,2017-02-10T13:00:00+08:00,766.0,171.0,1.0,11.2,0.93,931.0,-99.0,0.0,-9.9,-99,-999,«ÌªF¿¤,20,®õªZ¶m,318
22.5900,120.6569,ÂÂ®õªZ,C0R600,2017-02-10T14:00:00+08:00,766.0,264.0,2.1,11.4,0.94,930.2,-99.0,0.0,-9.9,-99,-999,«ÌªF¿¤,20,®õªZ¶m,318
22.5900,120.6569,ÂÂ®õªZ,C0R600,2017-02-10T15:00:00+08:00,766.0,253.0,1.1,11.0,0.94,930.3,-99.0,0.0,-9.9,-99,-999,«ÌªF¿¤,20,®õªZ¶m,318
22.5900,120.6569,ÂÂ®õªZ,C0R600,2017-02-10T16:00:00+08:00,766.0,265.0,1.2,10.9,0.97,930.4,-99.0,0.0,-9.9,-99,-999,«ÌªF¿¤,20,®õªZ¶m,318
22.5900,120.6569,ÂÂ®õªZ,C0R600,2017-02-10T17:00:00+08:00,766.0,281.0,1.7,10.5,1.00,931.2,-99.0,0.0,-9.9,-99,-999,«ÌªF¿¤,20,®õªZ¶m,318
22.5900,120.6569,ÂÂ®õªZ,C0R600,2017-02-10T18:00:00+08:00,766.0,243.0,0.3,10.7,1.00,931.4,-99.0,0.0,-9.9,-99,-999,«ÌªF¿¤,20,®õªZ¶m,318
22.5900,120.6569,ÂÂ®õªZ,C0R600,2017-02-10T19:00:00+08:00,766.0,288.0,1.0,10.3,1.00,932.0,-99.0,0.0,-9.9,-99,-999,«ÌªF¿¤,20,®õªZ¶m,318
22.5900,120.6569,ÂÂ®õªZ,C0R600,2017-02-10T22:00:00+08:00,766.0,339.0,0.4,10.6,1.00,933.1,-99.0,0.0,-9.9,-99,-999,«ÌªF¿¤,20,®õªZ¶m,318
22.5900,120.6569,ÂÂ®õªZ,C0R600,2017-02-10T23:00:00+08:00,766.0,85.0,0.5,10.8,0.96,933.3,-99.0,0.0,-9.9,-99,-999,«ÌªF¿¤,20,®õªZ¶m,318
22.5900,120.6569,ÂÂ®õªZ,C0R600,2017-02-11T00:00:00+08:00,766.0,291.0,0.9,10.7,1.00,932.8,-99.0,0.0,-9.9,-99,-999,«ÌªF¿¤,20,®õªZ¶m,318
22.5900,120.6569,ÂÂ®õªZ,C0R600,2017-02-11T01:00:00+08:00,766.0,126.0,0.5,10.6,1.00,932.8,-99.0,0.0,-9.9,-99,-999,«ÌªF¿¤,20,®õªZ¶m,318
22.5900,120.6569,ÂÂ®õªZ,C0R600,2017-02-11T02:00:00+08:00,766.0,274.0,1.1,10.3,1.00,932.4,-99.0,0.0,-9.9,-99,-999,«ÌªF¿¤,20,®õªZ¶m,318
22.5900,120.6569,ÂÂ®õªZ,C0R600,2017-02-11T03:00:00+08:00,766.0,95.0,0.4,10.4,0.99,932.8,-99.0,0.0,-9.9,-99,-999,«ÌªF¿¤,20,®õªZ¶m,318
22.5900,120.6569,ÂÂ®õªZ,C0R600,2017-02-11T04:00:00+08:00,766.0,124.0,0.7,10.6,0.97,932.7,-99.0,0.0,-9.9,-99,-999,«ÌªF¿¤,20,®õªZ¶m,318
22.5900,120.6569,ÂÂ®õªZ,C0R600,2017-02-11T05:00:00+08:00,766.0,73.0,0.4,10.5,0.99,933.0,-99.0,0.0,-9.9,-99,-999,«ÌªF¿¤,20,®õªZ¶m,318
22.5900,120.6569,ÂÂ®õªZ,C0R600,2017-02-11T06:00:00+08:00,766.0,77.0,0.7,10.4,0.99,933.6,-99.0,0.0,-9.9,-99,-999,«ÌªF¿¤,20,®õªZ¶m,318
22.5900,120.6569,ÂÂ®õªZ,C0R600,2017-02-11T07:00:00+08:00,766.0,115.0,0.4,10.5,0.98,934.2,-99.0,0.0,-9.9,-99,-999,«ÌªF¿¤,20,®õªZ¶m,318
22.5900,120.6569,ÂÂ®õªZ,C0R600,2017-02-11T08:00:00+08:00,766.0,94.0,0.9,10.4,1.00,934.9,-99.0,0.0,-9.9,-99,-999,«ÌªF¿¤,20,®õªZ¶m,318
22.5900,120.6569,ÂÂ®õªZ,C0R600,2017-02-11T09:00:00+08:00,766.0,129.0,0.7,10.8,0.98,935.4,-99.0,0.0,-9.9,-99,-999,«ÌªF¿¤,20,®õªZ¶m,318
22.5900,120.6569,ÂÂ®õªZ,C0R600,2017-02-11T11:00:00+08:00,766.0,138.0,0.6,11.5,0.98,935.4,-99.0,0.0,-9.9,-99,-999,«ÌªF¿¤,20,®õªZ¶m,318
22.5900,120.6569,ÂÂ®õªZ,C0R600,2017-02-11T12:00:00+08:00,766.0,137.0,0.9,11.5,0.99,935.1,-99.0,0.0,-9.9,-99,-999,«ÌªF¿¤,20,®õªZ¶m,318
22.5900,120.6569,ÂÂ®õªZ,C0R600,2017-02-11T13:00:00+08:00,766.0,113.0,1.3,11.1,1.00,934.4,-99.0,0.0,-9.9,-99,-999,«ÌªF¿¤,20,®õªZ¶m,318
22.5900,120.6569,ÂÂ®õªZ,C0R600,2017-02-11T14:00:00+08:00,766.0,185.0,1.0,11.3,1.00,933.9,-99.0,0.0,-9.9,-99,-999,«ÌªF¿¤,20,®õªZ¶m,318
22.5900,120.6569,ÂÂ®õªZ,C0R600,2017-02-11T15:00:00+08:00,766.0,256.0,0.6,10.8,1.00,933.5,-99.0,0.0,-9.9,-99,-999,«ÌªF¿¤,20,®õªZ¶m,318
22.5900,120.6569,ÂÂ®õªZ,C0R600,2017-02-11T16:00:00+08:00,766.0,286.0,0.3,10.6,1.00,933.9,-99.0,0.0,-9.9,-99,-999,«ÌªF¿¤,20,®õªZ¶m,318
22.5900,120.6569,ÂÂ®õªZ,C0R600,2017-02-11T17:00:00+08:00,766.0,310.0,0.4,10.4,1.00,934.5,-99.0,0.5,-9.9,-99,-999,«ÌªF¿¤,20,®õªZ¶m,318
22.5900,120.6569,ÂÂ®õªZ,C0R600,2017-02-11T18:00:00+08:00,766.0,0.0,0.1,10.3,1.00,934.9,-99.0,0.5,-9.9,-99,-999,«ÌªF¿¤,20,®õªZ¶m,318
22.5900,120.6569,ÂÂ®õªZ,C0R600,2017-02-11T19:00:00+08:00,766.0,43.0,1.1,10.4,1.00,935.1,-99.0,0.5,-9.9,-99,-999,«ÌªF¿¤,20,®õªZ¶m,318
22.5900,120.6569,ÂÂ®õªZ,C0R600,2017-02-11T20:00:00+08:00,766.0,269.0,0.9,11.2,1.00,935.5,-99.0,0.5,-9.9,-99,-999,«ÌªF¿¤,20,®õªZ¶m,318
22.5900,120.6569,ÂÂ®õªZ,C0R600,2017-02-11T21:00:00+08:00,766.0,0.0,0.1,11.0,1.00,935.9,-99.0,0.5,-9.9,-99,-999,«ÌªF¿¤,20,®õªZ¶m,318
22.5900,120.6569,ÂÂ®õªZ,C0R600,2017-02-11T22:00:00+08:00,766.0,59.0,1.0,10.4,1.00,936.1,-99.0,0.5,-9.9,-99,-999,«ÌªF¿¤,20,®õªZ¶m,318
22.5900,120.6569,ÂÂ®õªZ,C0R600,2017-02-11T23:00:00+08:00,766.0,0.0,0.1,10.7,1.00,936.1,-99.0,0.5,-9.9,-99,-999,«ÌªF¿¤,20,®õªZ¶m,318
22.5900,120.6569,ÂÂ®õªZ,C0R600,2017-02-12T00:00:00+08:00,766.0,0.0,0.1,10.7,1.00,936.1,-99.0,0.5,-9.9,-99,-999,«ÌªF¿¤,20,®õªZ¶m,318
22.5900,120.6569,ÂÂ®õªZ,C0R600,2017-02-12T01:00:00+08:00,766.0,72.0,0.9,10.3,1.00,936.0,-99.0,0.0,-9.9,-99,-999,«ÌªF¿¤,20,®õªZ¶m,318
22.5900,120.6569,ÂÂ®õªZ,C0R600,2017-02-12T02:00:00+08:00,766.0,282.0,0.4,10.2,1.00,935.5,-99.0,0.0,-9.9,-99,-999,«ÌªF¿¤,20,®õªZ¶m,318
22.5900,120.6569,ÂÂ®õªZ,C0R600,2017-02-12T03:00:00+08:00,766.0,280.0,1.0,10.3,1.00,935.4,-99.0,0.0,-9.9,-99,-999,«ÌªF¿¤,20,®õªZ¶m,318
22.5900,120.6569,ÂÂ®õªZ,C0R600,2017-02-12T04:00:00+08:00,766.0,334.0,0.6,10.0,1.00,935.1,-99.0,0.0,-9.9,-99,-999,«ÌªF¿¤,20,®õªZ¶m,318
22.5900,120.6569,ÂÂ®õªZ,C0R600,2017-02-12T05:00:00+08:00,766.0,68.0,0.6,10.0,1.00,935.2,-99.0,0.5,-9.9,-99,-999,«ÌªF¿¤,20,®õªZ¶m,318
22.5900,120.6569,ÂÂ®õªZ,C0R600,2017-02-12T06:00:00+08:00,766.0,78.0,1.1,10.0,1.00,935.8,-99.0,0.5,-9.9,-99,-999,«ÌªF¿¤,20,®õªZ¶m,318
22.5900,120.6569,ÂÂ®õªZ,C0R600,2017-02-12T07:00:00+08:00,766.0,279.0,1.2,10.3,1.00,936.1,-99.0,0.5,-9.9,-99,-999,«ÌªF¿¤,20,®õªZ¶m,318
22.5900,120.6569,ÂÂ®õªZ,C0R600,2017-02-12T08:00:00+08:00,766.0,0.0,0.2,11.1,1.00,936.7,-99.0,0.5,-9.9,-99,-999,«ÌªF¿¤,20,®õªZ¶m,318
22.5900,120.6569,ÂÂ®õªZ,C0R600,2017-02-12T10:00:00+08:00,766.0,249.0,1.0,12.4,1.00,937.1,-99.0,0.5,-9.9,-99,-999,«ÌªF¿¤,20,®õªZ¶m,318
22.5900,120.6569,ÂÂ®õªZ,C0R600,2017-02-12T11:00:00+08:00,766.0,204.0,0.6,13.3,0.97,937.2,-99.0,0.5,-9.9,-99,-999,«ÌªF¿¤,20,®õªZ¶m,318
22.5900,120.6569,ÂÂ®õªZ,C0R600,2017-02-12T12:00:00+08:00,766.0,239.0,1.6,13.4,0.96,936.6,-99.0,0.5,-9.9,-99,-999,«ÌªF¿¤,20,®õªZ¶m,318
22.5900,120.6569,ÂÂ®õªZ,C0R600,2017-02-12T13:00:00+08:00,766.0,263.0,1.5,14.1,0.93,935.8,-99.0,0.5,-9.9,-99,-999,«ÌªF¿¤,20,®õªZ¶m,318
22.5900,120.6569,ÂÂ®õªZ,C0R600,2017-02-12T14:00:00+08:00,766.0,282.0,1.9,14.5,0.92,935.0,-99.0,0.5,-9.9,-99,-999,«ÌªF¿¤,20,®õªZ¶m,318
22.5900,120.6569,ÂÂ®õªZ,C0R600,2017-02-12T15:00:00+08:00,766.0,263.0,1.5,13.8,0.96,934.7,-99.0,0.5,-9.9,-99,-999,«ÌªF¿¤,20,®õªZ¶m,318
22.5900,120.6569,ÂÂ®õªZ,C0R600,2017-02-12T16:00:00+08:00,766.0,276.0,1.1,12.7,1.00,935.0,-99.0,0.5,-9.9,-99,-999,«ÌªF¿¤,20,®õªZ¶m,318
22.5900,120.6569,ÂÂ®õªZ,C0R600,2017-02-12T17:00:00+08:00,766.0,60.0,0.9,12.7,1.00,935.0,-99.0,0.5,-9.9,-99,-999,«ÌªF¿¤,20,®õªZ¶m,318
22.5900,120.6569,ÂÂ®õªZ,C0R600,2017-02-12T18:00:00+08:00,766.0,17.0,0.3,12.7,1.00,935.4,-99.0,0.5,-9.9,-99,-999,«ÌªF¿¤,20,®õªZ¶m,318
22.5900,120.6569,ÂÂ®õªZ,C0R600,2017-02-12T19:00:00+08:00,766.0,279.0,0.9,12.2,1.00,935.7,-99.0,0.5,-9.9,-99,-999,«ÌªF¿¤,20,®õªZ¶m,318
22.5900,120.6569,ÂÂ®õªZ,C0R600,2017-02-12T20:00:00+08:00,766.0,280.0,0.3,12.1,1.00,936.2,-99.0,0.5,-9.9,-99,-999,«ÌªF¿¤,20,®õªZ¶m,318
22.5900,120.6569,ÂÂ®õªZ,C0R600,2017-02-12T21:00:00+08:00,766.0,274.0,0.7,12.0,1.00,936.4,-99.0,0.5,-9.9,-99,-999,«ÌªF¿¤,20,®õªZ¶m,318
22.5900,120.6569,ÂÂ®õªZ,C0R600,2017-02-12T23:00:00+08:00,766.0,8.0,1.9,13.0,0.98,936.7,-99.0,0.5,-9.9,-99,-999,«ÌªF¿¤,20,®õªZ¶m,318
22.5900,120.6569,ÂÂ®õªZ,C0R600,2017-02-13T00:00:00+08:00,766.0,74.0,0.5,12.2,1.00,936.6,-99.0,0.5,-9.9,-99,-999,«ÌªF¿¤,20,®õªZ¶m,318
22.5900,120.6569,ÂÂ®õªZ,C0R600,2017-02-13T01:00:00+08:00,766.0,0.0,0.0,12.6,1.00,936.5,-99.0,0.0,-9.9,-99,-999,«ÌªF¿¤,20,®õªZ¶m,318
22.5900,120.6569,ÂÂ®õªZ,C0R600,2017-02-13T02:00:00+08:00,766.0,0.0,0.1,12.3,1.00,936.2,-99.0,0.0,-9.9,-99,-999,«ÌªF¿¤,20,®õªZ¶m,318
22.5900,120.6569,ÂÂ®õªZ,C0R600,2017-02-13T03:00:00+08:00,766.0,30.0,0.7,12.3,1.00,936.0,-99.0,0.0,-9.9,-99,-999,«ÌªF¿¤,20,®õªZ¶m,318
22.5900,120.6569,ÂÂ®õªZ,C0R600,2017-02-13T04:00:00+08:00,766.0,0.0,0.2,12.9,0.91,936.0,-99.0,0.0,-9.9,-99,-999,«ÌªF¿¤,20,®õªZ¶m,318
22.5900,120.6569,ÂÂ®õªZ,C0R600,2017-02-13T05:00:00+08:00,766.0,293.0,1.0,12.9,0.87,936.3,-99.0,0.0,-9.9,-99,-999,«ÌªF¿¤,20,®õªZ¶m,318
22.5900,120.6569,ÂÂ®õªZ,C0R600,2017-02-13T06:00:00+08:00,766.0,6.0,0.4,12.7,0.89,936.9,-99.0,0.0,-9.9,-99,-999,«ÌªF¿¤,20,®õªZ¶m,318
22.5900,120.6569,ÂÂ®õªZ,C0R600,2017-02-13T07:00:00+08:00,766.0,0.0,0.0,13.1,0.79,937.5,-99.0,0.0,-9.9,-99,-999,«ÌªF¿¤,20,®õªZ¶m,318
22.5900,120.6569,ÂÂ®õªZ,C0R600,2017-02-13T08:00:00+08:00,766.0,0.0,0.0,14.0,0.78,937.9,-99.0,0.0,-9.9,-99,-999,«ÌªF¿¤,20,®õªZ¶m,318
22.5900,120.6569,ÂÂ®õªZ,C0R600,2017-02-13T10:00:00+08:00,766.0,246.0,1.1,15.0,0.79,938.5,-99.0,0.0,-9.9,-99,-999,«ÌªF¿¤,20,®õªZ¶m,318
22.5900,120.6569,ÂÂ®õªZ,C0R600,2017-02-13T11:00:00+08:00,766.0,239.0,2.2,15.3,0.76,938.2,-99.0,0.0,-9.9,-99,-999,«ÌªF¿¤,20,®õªZ¶m,318
22.5900,120.6569,ÂÂ®õªZ,C0R600,2017-02-13T12:00:00+08:00,766.0,252.0,2.4,16.9,0.70,937.7,-99.0,0.0,-9.9,-99,-999,«ÌªF¿¤,20,®õªZ¶m,318
22.5900,120.6569,ÂÂ®õªZ,C0R600,2017-02-13T13:00:00+08:00,766.0,244.0,2.9,17.2,0.67,937.1,-99.0,0.0,-9.9,-99,-999,«ÌªF¿¤,20,®õªZ¶m,318
22.5900,120.6569,ÂÂ®õªZ,C0R600,2017-02-13T14:00:00+08:00,766.0,249.0,2.6,17.7,0.67,936.6,-99.0,0.0,-9.9,-99,-999,«ÌªF¿¤,20,®õªZ¶m,318
22.5900,120.6569,ÂÂ®õªZ,C0R600,2017-02-13T15:00:00+08:00,766.0,246.0,2.9,16.9,0.80,936.4,-99.0,0.0,-9.9,-99,-999,«ÌªF¿¤,20,®õªZ¶m,318
22.5900,120.6569,ÂÂ®õªZ,C0R600,2017-02-13T16:00:00+08:00,766.0,266.0,3.3,16.0,0.88,936.6,-99.0,0.0,-9.9,-99,-999,«ÌªF¿¤,20,®õªZ¶m,318
22.5900,120.6569,ÂÂ®õªZ,C0R600,2017-02-13T17:00:00+08:00,766.0,282.0,2.1,14.8,0.95,937.2,-99.0,0.0,-9.9,-99,-999,«ÌªF¿¤,20,®õªZ¶m,318
22.5900,120.6569,ÂÂ®õªZ,C0R600,2017-02-13T18:00:00+08:00,766.0,269.0,0.7,14.3,0.99,937.8,-99.0,0.0,-9.9,-99,-999,«ÌªF¿¤,20,®õªZ¶m,318
22.5900,120.6569,ÂÂ®õªZ,C0R600,2017-02-13T19:00:00+08:00,766.0,43.0,1.4,13.9,0.99,937.9,-99.0,0.0,-9.9,-99,-999,«ÌªF¿¤,20,®õªZ¶m,318
22.5900,120.6569,ÂÂ®õªZ,C0R600,2017-02-13T20:00:00+08:00,766.0,62.0,0.3,13.8,1.00,938.6,-99.0,0.0,-9.9,-99,-999,«ÌªF¿¤,20,®õªZ¶m,318
22.5900,120.6569,ÂÂ®õªZ,C0R600,2017-02-13T21:00:00+08:00,766.0,226.0,0.7,13.7,1.00,938.9,-99.0,0.0,-9.9,-99,-999,«ÌªF¿¤,20,®õªZ¶m,318
22.5900,120.6569,ÂÂ®õªZ,C0R600,2017-02-13T22:00:00+08:00,766.0,71.0,1.3,13.8,0.97,939.2,-99.0,0.0,-9.9,-99,-999,«ÌªF¿¤,20,®õªZ¶m,318
22.5900,120.6569,ÂÂ®õªZ,C0R600,2017-02-13T23:00:00+08:00,766.0,249.0,0.4,14.1,0.91,938.9,-99.0,0.0,-9.9,-99,-999,«ÌªF¿¤,20,®õªZ¶m,318
22.5900,120.6569,ÂÂ®õªZ,C0R600,2017-02-14T00:00:00+08:00,766.0,38.0,0.9,13.9,0.90,938.9,-99.0,0.0,-9.9,-99,-999,«ÌªF¿¤,20,®õªZ¶m,318
22.5900,120.6569,ÂÂ®õªZ,C0R600,2017-02-14T01:00:00+08:00,766.0,112.0,0.6,13.6,0.96,939.1,-99.0,0.0,-9.9,-99,-999,«ÌªF¿¤,20,®õªZ¶m,318
22.5900,120.6569,ÂÂ®õªZ,C0R600,2017-02-14T02:00:00+08:00,766.0,264.0,0.3,13.3,0.97,938.9,-99.0,0.0,-9.9,-99,-999,«ÌªF¿¤,20,®õªZ¶m,318
22.5900,120.6569,ÂÂ®õªZ,C0R600,2017-02-14T03:00:00+08:00,766.0,10.0,1.3,13.4,0.93,938.6,-99.0,0.0,-9.9,-99,-999,«ÌªF¿¤,20,®õªZ¶m,318
22.5900,120.6569,ÂÂ®õªZ,C0R600,2017-02-14T04:00:00+08:00,766.0,360.0,1.7,13.3,0.96,938.3,-99.0,0.0,-9.9,-99,-999,«ÌªF¿¤,20,®õªZ¶m,318
22.5900,120.6569,ÂÂ®õªZ,C0R600,2017-02-14T05:00:00+08:00,766.0,3.0,1.6,13.2,0.94,938.4,-99.0,0.0,-9.9,-99,-999,«ÌªF¿¤,20,®õªZ¶m,318
22.5900,120.6569,ÂÂ®õªZ,C0R600,2017-02-14T06:00:00+08:00,766.0,0.0,0.1,13.0,0.95,938.9,-99.0,0.0,-9.9,-99,-999,«ÌªF¿¤,20,®õªZ¶m,318
22.5900,120.6569,ÂÂ®õªZ,C0R600,2017-02-14T07:00:00+08:00,766.0,11.0,0.7,13.2,0.92,939.5,-99.0,0.0,-9.9,-99,-999,«ÌªF¿¤,20,®õªZ¶m,318
22.5900,120.6569,ÂÂ®õªZ,C0R600,2017-02-14T08:00:00+08:00,766.0,245.0,0.8,14.0,0.87,939.9,-99.0,0.0,-9.9,-99,-999,«ÌªF¿¤,20,®õªZ¶m,318
22.5900,120.6569,ÂÂ®õªZ,C0R600,2017-02-14T09:00:00+08:00,766.0,244.0,0.8,14.5,0.85,940.3,-99.0,0.0,-9.9,-99,-999,«ÌªF¿¤,20,®õªZ¶m,318
22.5900,120.6569,ÂÂ®õªZ,C0R600,2017-02-14T10:00:00+08:00,766.0,209.0,0.8,16.0,0.79,940.4,-99.0,0.0,-9.9,-99,-999,«ÌªF¿¤,20,®õªZ¶m,318
22.5900,120.6569,ÂÂ®õªZ,C0R600,2017-02-14T11:00:00+08:00,766.0,253.0,2.0,17.2,0.73,940.1,-99.0,0.0,-9.9,-99,-999,«ÌªF¿¤,20,®õªZ¶m,318
22.5900,120.6569,ÂÂ®õªZ,C0R600,2017-02-14T12:00:00+08:00,766.0,250.0,2.5,18.1,0.64,939.7,-99.0,0.0,-9.9,-99,-999,«ÌªF¿¤,20,®õªZ¶m,318
22.5900,120.6569,ÂÂ®õªZ,C0R600,2017-02-14T13:00:00+08:00,766.0,278.0,2.6,18.0,0.61,938.9,-99.0,0.0,-9.9,-99,-999,«ÌªF¿¤,20,®õªZ¶m,318
22.5900,120.6569,ÂÂ®õªZ,C0R600,2017-02-14T14:00:00+08:00,766.0,216.0,1.8,16.9,0.77,938.5,-99.0,0.0,-9.9,-99,-999,«ÌªF¿¤,20,®õªZ¶m,318
22.5900,120.6569,ÂÂ®õªZ,C0R600,2017-02-14T17:00:00+08:00,766.0,278.0,1.6,14.6,0.97,938.8,-99.0,0.0,-9.9,-99,-999,«ÌªF¿¤,20,®õªZ¶m,318
22.5900,120.6569,ÂÂ®õªZ,C0R600,2017-02-14T19:00:00+08:00,766.0,303.0,1.0,14.1,1.00,939.4,-99.0,0.0,-9.9,-99,-999,«ÌªF¿¤,20,®õªZ¶m,318
22.5900,120.6569,ÂÂ®õªZ,C0R600,2017-02-14T20:00:00+08:00,766.0,24.0,1.7,14.5,0.94,939.7,-99.0,0.0,-9.9,-99,-999,«ÌªF¿¤,20,®õªZ¶m,318
22.5900,120.6569,ÂÂ®õªZ,C0R600,2017-02-14T21:00:00+08:00,766.0,8.0,1.1,14.5,0.88,939.9,-99.0,0.0,-9.9,-99,-999,«ÌªF¿¤,20,®õªZ¶m,318
22.5900,120.6569,ÂÂ®õªZ,C0R600,2017-02-14T22:00:00+08:00,766.0,89.0,0.8,14.0,0.93,940.1,-99.0,0.0,-9.9,-99,-999,«ÌªF¿¤,20,®õªZ¶m,318
22.5900,120.6569,ÂÂ®õªZ,C0R600,2017-02-14T23:00:00+08:00,766.0,255.0,0.9,13.9,0.92,940.1,-99.0,0.0,-9.9,-99,-999,«ÌªF¿¤,20,®õªZ¶m,318
22.5900,120.6569,ÂÂ®õªZ,C0R600,2017-02-15T00:00:00+08:00,766.0,43.0,0.6,13.4,0.95,940.0,-99.0,0.0,-9.9,-99,-999,«ÌªF¿¤,20,®õªZ¶m,318
22.5900,120.6569,ÂÂ®õªZ,C0R600,2017-02-15T02:00:00+08:00,766.0,84.0,1.7,13.7,0.88,938.8,-99.0,0.0,-9.9,-99,-999,«ÌªF¿¤,20,®õªZ¶m,318
22.5900,120.6569,ÂÂ®õªZ,C0R600,2017-02-15T03:00:00+08:00,766.0,80.0,0.9,13.9,0.84,938.2,-99.0,0.0,-9.9,-99,-999,«ÌªF¿¤,20,®õªZ¶m,318
22.5900,120.6569,ÂÂ®õªZ,C0R600,2017-02-15T04:00:00+08:00,766.0,297.0,1.1,13.3,0.85,938.0,-99.0,0.0,-9.9,-99,-999,«ÌªF¿¤,20,®õªZ¶m,318
22.5900,120.6569,ÂÂ®õªZ,C0R600,2017-02-15T05:00:00+08:00,766.0,296.0,1.4,13.2,0.88,938.1,-99.0,0.0,-9.9,-99,-999,«ÌªF¿¤,20,®õªZ¶m,318
22.5900,120.6569,ÂÂ®õªZ,C0R600,2017-02-15T06:00:00+08:00,766.0,0.0,0.0,13.4,0.81,938.4,-99.0,0.0,-9.9,-99,-999,«ÌªF¿¤,20,®õªZ¶m,318
22.5900,120.6569,ÂÂ®õªZ,C0R600,2017-02-15T07:00:00+08:00,766.0,279.0,0.5,13.3,0.80,939.1,-99.0,0.0,-9.9,-99,-999,«ÌªF¿¤,20,®õªZ¶m,318
22.5900,120.6569,ÂÂ®õªZ,C0R600,2017-02-15T08:00:00+08:00,766.0,106.0,0.7,14.3,0.75,939.3,-99.0,0.0,-9.9,-99,-999,«ÌªF¿¤,20,®õªZ¶m,318
22.5900,120.6569,ÂÂ®õªZ,C0R600,2017-02-15T10:00:00+08:00,766.0,235.0,1.3,16.2,0.62,939.2,-99.0,0.0,-9.9,-99,-999,«ÌªF¿¤,20,®õªZ¶m,318
22.5900,120.6569,ÂÂ®õªZ,C0R600,2017-02-15T11:00:00+08:00,766.0,232.0,2.5,17.0,0.66,938.8,-99.0,0.0,-9.9,-99,-999,«ÌªF¿¤,20,®õªZ¶m,318
22.5900,120.6569,ÂÂ®õªZ,C0R600,2017-02-15T12:00:00+08:00,766.0,251.0,4.3,18.4,0.56,938.0,-99.0,0.0,-9.9,-99,-999,«ÌªF¿¤,20,®õªZ¶m,318
22.5900,120.6569,ÂÂ®õªZ,C0R600,2017-02-15T13:00:00+08:00,766.0,275.0,3.0,18.9,0.51,937.2,-99.0,0.0,-9.9,-99,-999,«ÌªF¿¤,20,®õªZ¶m,318
22.5900,120.6569,ÂÂ®õªZ,C0R600,2017-02-15T14:00:00+08:00,766.0,275.0,2.8,18.0,0.61,936.3,-99.0,0.0,-9.9,-99,-999,«ÌªF¿¤,20,®õªZ¶m,318
22.5900,120.6569,ÂÂ®õªZ,C0R600,2017-02-15T15:00:00+08:00,766.0,284.0,1.9,16.8,0.74,936.0,-99.0,0.0,-9.9,-99,-999,«ÌªF¿¤,20,®õªZ¶m,318
22.5900,120.6569,ÂÂ®õªZ,C0R600,2017-02-15T16:00:00+08:00,766.0,271.0,2.8,16.2,0.80,935.8,-99.0,0.0,-9.9,-99,-999,«ÌªF¿¤,20,®õªZ¶m,318
22.5900,120.6569,ÂÂ®õªZ,C0R600,2017-02-15T17:00:00+08:00,766.0,277.0,1.8,15.5,0.87,936.1,-99.0,0.0,-9.9,-99,-999,«ÌªF¿¤,20,®õªZ¶m,318
22.5900,120.6569,ÂÂ®õªZ,C0R600,2017-02-15T20:00:00+08:00,766.0,308.0,1.2,14.2,0.91,936.9,-99.0,0.0,-9.9,-99,-999,«ÌªF¿¤,20,®õªZ¶m,318
22.5900,120.6569,ÂÂ®õªZ,C0R600,2017-02-15T21:00:00+08:00,766.0,12.0,0.3,14.3,0.85,937.0,-99.0,0.0,-9.9,-99,-999,«ÌªF¿¤,20,®õªZ¶m,318
22.5900,120.6569,ÂÂ®õªZ,C0R600,2017-02-15T22:00:00+08:00,766.0,43.0,1.1,14.0,0.89,936.8,-99.0,0.0,-9.9,-99,-999,«ÌªF¿¤,20,®õªZ¶m,318
22.5900,120.6569,ÂÂ®õªZ,C0R600,2017-02-15T23:00:00+08:00,766.0,7.0,1.2,14.1,0.80,936.4,-99.0,0.0,-9.9,-99,-999,«ÌªF¿¤,20,®õªZ¶m,318
22.5900,120.6569,ÂÂ®õªZ,C0R600,2017-02-16T00:00:00+08:00,766.0,23.0,1.7,14.0,0.78,936.1,-99.0,0.0,-9.9,-99,-999,«ÌªF¿¤,20,®õªZ¶m,318
22.5900,120.6569,ÂÂ®õªZ,C0R600,2017-02-16T01:00:00+08:00,766.0,17.0,2.1,14.1,0.66,935.9,-99.0,0.0,-9.9,-99,-999,«ÌªF¿¤,20,®õªZ¶m,318
22.5900,120.6569,ÂÂ®õªZ,C0R600,2017-02-16T02:00:00+08:00,766.0,19.0,2.8,14.1,0.61,935.2,-99.0,0.0,-9.9,-99,-999,«ÌªF¿¤,20,®õªZ¶m,318
22.5900,120.6569,ÂÂ®õªZ,C0R600,2017-02-16T03:00:00+08:00,766.0,357.0,2.1,14.2,0.56,934.6,-99.0,0.0,-9.9,-99,-999,«ÌªF¿¤,20,®õªZ¶m,318
22.5900,120.6569,ÂÂ®õªZ,C0R600,2017-02-16T04:00:00+08:00,766.0,32.0,1.2,13.8,0.63,934.2,-99.0,0.0,-9.9,-99,-999,«ÌªF¿¤,20,®õªZ¶m,318
22.5900,120.6569,ÂÂ®õªZ,C0R600,2017-02-16T05:00:00+08:00,766.0,0.0,0.0,13.7,0.63,933.9,-99.0,0.0,-9.9,-99,-999,«ÌªF¿¤,20,®õªZ¶m,318
22.5900,120.6569,ÂÂ®õªZ,C0R600,2017-02-16T06:00:00+08:00,766.0,137.0,0.3,13.7,0.63,934.1,-99.0,0.0,-9.9,-99,-999,«ÌªF¿¤,20,®õªZ¶m,318
22.5900,120.6569,ÂÂ®õªZ,C0R600,2017-02-16T07:00:00+08:00,766.0,263.0,0.5,13.9,0.61,934.5,-99.0,0.0,-9.9,-99,-999,«ÌªF¿¤,20,®õªZ¶m,318
22.5900,120.6569,ÂÂ®õªZ,C0R600,2017-02-16T08:00:00+08:00,766.0,275.0,0.8,15.2,0.59,934.7,-99.0,0.0,-9.9,-99,-999,«ÌªF¿¤,20,®õªZ¶m,318
22.5900,120.6569,ÂÂ®õªZ,C0R600,2017-02-16T09:00:00+08:00,766.0,203.0,0.7,16.8,0.55,934.9,-99.0,0.0,-9.9,-99,-999,«ÌªF¿¤,20,®õªZ¶m,318
22.5900,120.6569,ÂÂ®õªZ,C0R600,2017-02-16T10:00:00+08:00,766.0,166.0,1.6,17.8,0.54,935.3,-99.0,0.0,-9.9,-99,-999,«ÌªF¿¤,20,®õªZ¶m,318
22.5900,120.6569,ÂÂ®õªZ,C0R600,2017-02-16T11:00:00+08:00,766.0,226.0,2.0,18.2,0.53,934.9,-99.0,0.0,-9.9,-99,-999,«ÌªF¿¤,20,®õªZ¶m,318
22.5900,120.6569,ÂÂ®õªZ,C0R600,2017-02-16T12:00:00+08:00,766.0,260.0,3.1,18.8,0.51,934.4,-99.0,0.0,-9.9,-99,-999,«ÌªF¿¤,20,®õªZ¶m,318
22.5900,120.6569,ÂÂ®õªZ,C0R600,2017-02-16T13:00:00+08:00,766.0,276.0,2.7,19.5,0.49,933.8,-99.0,0.0,-9.9,-99,-999,«ÌªF¿¤,20,®õªZ¶m,318
22.5900,120.6569,ÂÂ®õªZ,C0R600,2017-02-16T14:00:00+08:00,766.0,246.0,3.0,19.3,0.49,933.2,-99.0,0.0,-9.9,-99,-999,«ÌªF¿¤,20,®õªZ¶m,318
22.5900,120.6569,ÂÂ®õªZ,C0R600,2017-02-16T15:00:00+08:00,766.0,279.0,2.9,20.0,0.54,932.7,-99.0,0.0,-9.9,-99,-999,«ÌªF¿¤,20,®õªZ¶m,318
22.5900,120.6569,ÂÂ®õªZ,C0R600,2017-02-16T16:00:00+08:00,766.0,283.0,2.2,18.9,0.67,932.7,-99.0,0.0,-9.9,-99,-999,«ÌªF¿¤,20,®õªZ¶m,318
22.5900,120.6569,ÂÂ®õªZ,C0R600,2017-02-16T17:00:00+08:00,766.0,275.0,2.4,18.1,0.71,933.0,-99.0,0.0,-9.9,-99,-999,«ÌªF¿¤,20,®õªZ¶m,318
22.5900,120.6569,ÂÂ®õªZ,C0R600,2017-02-16T18:00:00+08:00,766.0,304.0,1.2,16.6,0.80,933.4,-99.0,0.0,-9.9,-99,-999,«ÌªF¿¤,20,®õªZ¶m,318
22.5900,120.6569,ÂÂ®õªZ,C0R600,2017-02-16T19:00:00+08:00,766.0,354.0,1.3,16.1,0.85,933.9,-99.0,0.0,-9.9,-99,-999,«ÌªF¿¤,20,®õªZ¶m,318
22.5900,120.6569,ÂÂ®õªZ,C0R600,2017-02-16T20:00:00+08:00,766.0,221.0,1.0,16.2,0.84,934.4,-99.0,0.0,-9.9,-99,-999,«ÌªF¿¤,20,®õªZ¶m,318
22.5900,120.6569,ÂÂ®õªZ,C0R600,2017-02-16T21:00:00+08:00,766.0,158.0,0.6,16.0,0.87,934.9,-99.0,0.0,-9.9,-99,-999,«ÌªF¿¤,20,®õªZ¶m,318
22.5900,120.6569,ÂÂ®õªZ,C0R600,2017-02-16T22:00:00+08:00,766.0,38.0,1.0,15.8,0.87,934.7,-99.0,0.0,-9.9,-99,-999,«ÌªF¿¤,20,®õªZ¶m,318
22.5900,120.6569,ÂÂ®õªZ,C0R600,2017-02-16T23:00:00+08:00,766.0,2.0,0.4,15.8,0.84,934.3,-99.0,0.0,-9.9,-99,-999,«ÌªF¿¤,20,®õªZ¶m,318
22.5900,120.6569,ÂÂ®õªZ,C0R600,2017-02-17T01:00:00+08:00,766.0,332.0,0.9,16.4,0.70,933.5,-99.0,0.0,-9.9,-99,-999,«ÌªF¿¤,20,®õªZ¶m,318
22.5900,120.6569,ÂÂ®õªZ,C0R600,2017-02-17T02:00:00+08:00,766.0,55.0,1.2,15.4,0.79,933.2,-99.0,0.0,-9.9,-99,-999,«ÌªF¿¤,20,®õªZ¶m,318
22.5900,120.6569,ÂÂ®õªZ,C0R600,2017-02-17T03:00:00+08:00,766.0,358.0,1.8,16.0,0.67,932.9,-99.0,0.0,-9.9,-99,-999,«ÌªF¿¤,20,®õªZ¶m,318
22.5900,120.6569,ÂÂ®õªZ,C0R600,2017-02-17T04:00:00+08:00,766.0,75.0,1.0,15.5,0.73,933.1,-99.0,0.0,-9.9,-99,-999,«ÌªF¿¤,20,®õªZ¶m,318
22.5900,120.6569,ÂÂ®õªZ,C0R600,2017-02-17T05:00:00+08:00,766.0,21.0,1.1,15.8,0.66,933.2,-99.0,0.0,-9.9,-99,-999,«ÌªF¿¤,20,®õªZ¶m,318
22.5900,120.6569,ÂÂ®õªZ,C0R600,2017-02-17T06:00:00+08:00,766.0,75.0,1.6,15.9,0.61,933.7,-99.0,0.0,-9.9,-99,-999,«ÌªF¿¤,20,®õªZ¶m,318
22.5900,120.6569,ÂÂ®õªZ,C0R600,2017-02-17T07:00:00+08:00,766.0,56.0,0.6,16.9,0.59,934.4,-99.0,0.0,-9.9,-99,-999,«ÌªF¿¤,20,®õªZ¶m,318
22.5900,120.6569,ÂÂ®õªZ,C0R600,2017-02-17T08:00:00+08:00,766.0,259.0,1.1,16.6,0.59,935.0,-99.0,0.0,-9.9,-99,-999,«ÌªF¿¤,20,®õªZ¶m,318
22.5900,120.6569,ÂÂ®õªZ,C0R600,2017-02-17T10:00:00+08:00,766.0,208.0,1.3,18.9,0.60,935.5,-99.0,0.0,-9.9,-99,-999,«ÌªF¿¤,20,®õªZ¶m,318
22.5900,120.6569,ÂÂ®õªZ,C0R600,2017-02-17T11:00:00+08:00,766.0,261.0,3.2,19.5,0.59,934.8,-99.0,0.0,-9.9,-99,-999,«ÌªF¿¤,20,®õªZ¶m,318
22.5900,120.6569,ÂÂ®õªZ,C0R600,2017-02-17T12:00:00+08:00,766.0,252.0,3.9,20.0,0.51,934.2,-99.0,0.0,-9.9,-99,-999,«ÌªF¿¤,20,®õªZ¶m,318
22.5900,120.6569,ÂÂ®õªZ,C0R600,2017-02-17T14:00:00+08:00,766.0,249.0,2.5,20.5,0.52,933.0,-99.0,-97.0,-9.9,-99,-999,«ÌªF¿¤,20,®õªZ¶m,318
22.5900,120.6569,ÂÂ®õªZ,C0R600,2017-02-17T15:00:00+08:00,766.0,251.0,2.7,19.0,0.69,933.0,-99.0,0.0,-9.9,-99,-999,«ÌªF¿¤,20,®õªZ¶m,318
22.5900,120.6569,ÂÂ®õªZ,C0R600,2017-02-17T16:00:00+08:00,766.0,256.0,1.5,18.4,0.73,933.0,-99.0,0.0,-9.9,-99,-999,«ÌªF¿¤,20,®õªZ¶m,318
22.5900,120.6569,ÂÂ®õªZ,C0R600,2017-02-17T17:00:00+08:00,766.0,269.0,0.9,18.3,0.75,933.0,-99.0,0.0,-9.9,-99,-999,«ÌªF¿¤,20,®õªZ¶m,318
22.5900,120.6569,ÂÂ®õªZ,C0R600,2017-02-17T18:00:00+08:00,766.0,268.0,1.2,17.6,0.79,933.3,-99.0,0.0,-9.9,-99,-999,«ÌªF¿¤,20,®õªZ¶m,318
22.5900,120.6569,ÂÂ®õªZ,C0R600,2017-02-17T19:00:00+08:00,766.0,206.0,0.3,18.1,0.75,933.8,-99.0,0.0,-9.9,-99,-999,«ÌªF¿¤,20,®õªZ¶m,318
22.5900,120.6569,ÂÂ®õªZ,C0R600,2017-02-17T20:00:00+08:00,766.0,0.0,0.1,17.8,0.77,934.5,-99.0,0.0,-9.9,-99,-999,«ÌªF¿¤,20,®õªZ¶m,318
22.5900,120.6569,ÂÂ®õªZ,C0R600,2017-02-17T21:00:00+08:00,766.0,287.0,0.6,17.5,0.79,934.9,-99.0,0.0,-9.9,-99,-999,«ÌªF¿¤,20,®õªZ¶m,318
22.5900,120.6569,ÂÂ®õªZ,C0R600,2017-02-17T22:00:00+08:00,766.0,0.0,0.0,17.4,0.77,935.0,-99.0,0.0,-9.9,-99,-999,«ÌªF¿¤,20,®õªZ¶m,318
22.5900,120.6569,ÂÂ®õªZ,C0R600,2017-02-17T23:00:00+08:00,766.0,33.0,0.4,17.2,0.78,935.0,-99.0,0.0,-9.9,-99,-999,«ÌªF¿¤,20,®õªZ¶m,318
22.5900,120.6569,ÂÂ®õªZ,C0R600,2017-02-18T00:00:00+08:00,766.0,78.0,1.2,17.2,0.77,934.6,-99.0,0.0,-9.9,-99,-999,«ÌªF¿¤,20,®õªZ¶m,318
22.5900,120.6569,ÂÂ®õªZ,C0R600,2017-02-18T01:00:00+08:00,766.0,259.0,0.4,17.5,0.70,934.3,-99.0,0.0,-9.9,-99,-999,«ÌªF¿¤,20,®õªZ¶m,318
22.5900,120.6569,ÂÂ®õªZ,C0R600,2017-02-18T02:00:00+08:00,766.0,34.0,0.6,17.3,0.72,934.1,-99.0,0.0,-9.9,-99,-999,«ÌªF¿¤,20,®õªZ¶m,318
22.5900,120.6569,ÂÂ®õªZ,C0R600,2017-02-18T03:00:00+08:00,766.0,66.0,0.7,17.1,0.72,933.8,-99.0,0.0,-9.9,-99,-999,«ÌªF¿¤,20,®õªZ¶m,318
22.5900,120.6569,ÂÂ®õªZ,C0R600,2017-02-18T04:00:00+08:00,766.0,4.0,1.4,17.4,0.69,933.3,-99.0,0.0,-9.9,-99,-999,«ÌªF¿¤,20,®õªZ¶m,318
22.5900,120.6569,ÂÂ®õªZ,C0R600,2017-02-18T05:00:00+08:00,766.0,60.0,1.0,16.6,0.72,933.4,-99.0,0.0,-9.9,-99,-999,«ÌªF¿¤,20,®õªZ¶m,318
22.5900,120.6569,ÂÂ®õªZ,C0R600,2017-02-18T06:00:00+08:00,766.0,0.0,0.2,17.1,0.68,934.0,-99.0,0.0,-9.9,-99,-999,«ÌªF¿¤,20,®õªZ¶m,318
22.5900,120.6569,ÂÂ®õªZ,C0R600,2017-02-18T07:00:00+08:00,766.0,0.0,0.1,17.4,0.67,934.4,-99.0,0.0,-9.9,-99,-999,«ÌªF¿¤,20,®õªZ¶m,318
22.5900,120.6569,ÂÂ®õªZ,C0R600,2017-02-18T08:00:00+08:00,766.0,140.0,0.7,19.7,0.59,934.8,-99.0,0.0,-9.9,-99,-999,«ÌªF¿¤,20,®õªZ¶m,318
22.5900,120.6569,ÂÂ®õªZ,C0R600,2017-02-18T10:00:00+08:00,766.0,225.0,1.4,19.3,0.62,935.5,-99.0,0.0,-9.9,-99,-999,«ÌªF¿¤,20,®õªZ¶m,318
22.5900,120.6569,ÂÂ®õªZ,C0R600,2017-02-18T11:00:00+08:00,766.0,234.0,3.5,19.1,0.67,935.0,-99.0,0.0,-9.9,-99,-999,«ÌªF¿¤,20,®õªZ¶m,318
22.5900,120.6569,ÂÂ®õªZ,C0R600,2017-02-18T12:00:00+08:00,766.0,247.0,3.9,20.0,0.65,934.4,-99.0,0.0,-9.9,-99,-999,«ÌªF¿¤,20,®õªZ¶m,318
22.5900,120.6569,ÂÂ®õªZ,C0R600,2017-02-18T13:00:00+08:00,766.0,250.0,3.5,20.9,0.61,933.6,-99.0,0.0,-9.9,-99,-999,«ÌªF¿¤,20,®õªZ¶m,318
22.5900,120.6569,ÂÂ®õªZ,C0R600,2017-02-18T16:00:00+08:00,766.0,264.0,2.9,20.3,0.68,932.4,-99.0,0.0,-9.9,-99,-999,«ÌªF¿¤,20,®õªZ¶m,318
22.5900,120.6569,ÂÂ®õªZ,C0R600,2017-02-18T17:00:00+08:00,766.0,284.0,2.2,19.2,0.77,932.9,-99.0,0.0,-9.9,-99,-999,«ÌªF¿¤,20,®õªZ¶m,318
22.5900,120.6569,ÂÂ®õªZ,C0R600,2017-02-18T18:00:00+08:00,766.0,10.0,0.4,18.2,0.86,933.2,-99.0,0.0,-9.9,-99,-999,«ÌªF¿¤,20,®õªZ¶m,318
22.5900,120.6569,ÂÂ®õªZ,C0R600,2017-02-18T19:00:00+08:00,766.0,9.0,2.4,18.0,0.84,933.7,-99.0,0.0,-9.9,-99,-999,«ÌªF¿¤,20,®õªZ¶m,318
22.5900,120.6569,ÂÂ®õªZ,C0R600,2017-02-18T20:00:00+08:00,766.0,133.0,0.5,17.6,0.88,934.1,-99.0,0.0,-9.9,-99,-999,«ÌªF¿¤,20,®õªZ¶m,318
22.5900,120.6569,ÂÂ®õªZ,C0R600,2017-02-18T21:00:00+08:00,766.0,89.0,1.6,17.1,0.92,934.1,-99.0,0.0,-9.9,-99,-999,«ÌªF¿¤,20,®õªZ¶m,318
22.5900,120.6569,ÂÂ®õªZ,C0R600,2017-02-18T22:00:00+08:00,766.0,284.0,0.9,17.9,0.80,934.0,-99.0,0.0,-9.9,-99,-999,«ÌªF¿¤,20,®õªZ¶m,318
22.5900,120.6569,ÂÂ®õªZ,C0R600,2017-02-18T23:00:00+08:00,766.0,207.0,0.4,17.3,0.86,933.8,-99.0,0.0,-9.9,-99,-999,«ÌªF¿¤,20,®õªZ¶m,318
22.5900,120.6569,ÂÂ®õªZ,C0R600,2017-02-19T00:00:00+08:00,766.0,358.0,1.0,17.0,0.88,933.6,-99.0,0.0,-9.9,-99,-999,«ÌªF¿¤,20,®õªZ¶m,318
22.5900,120.6569,ÂÂ®õªZ,C0R600,2017-02-19T01:00:00+08:00,766.0,31.0,2.0,16.4,0.94,933.5,-99.0,0.0,-9.9,-99,-999,«ÌªF¿¤,20,®õªZ¶m,318
22.5900,120.6569,ÂÂ®õªZ,C0R600,2017-02-19T02:00:00+08:00,766.0,76.0,0.9,15.8,1.00,933.2,-99.0,0.0,-9.9,-99,-999,«ÌªF¿¤,20,®õªZ¶m,318
22.5900,120.6569,ÂÂ®õªZ,C0R600,2017-02-19T03:00:00+08:00,766.0,29.0,0.5,15.6,1.00,933.0,-99.0,0.0,-9.9,-99,-999,«ÌªF¿¤,20,®õªZ¶m,318
22.5900,120.6569,ÂÂ®õªZ,C0R600,2017-02-19T04:00:00+08:00,766.0,0.0,0.2,15.3,1.00,932.6,-99.0,0.0,-9.9,-99,-999,«ÌªF¿¤,20,®õªZ¶m,318
22.5900,120.6569,ÂÂ®õªZ,C0R600,2017-02-19T05:00:00+08:00,766.0,75.0,1.5,14.9,1.00,932.2,-99.0,0.0,-9.9,-99,-999,«ÌªF¿¤,20,®õªZ¶m,318
22.5900,120.6569,ÂÂ®õªZ,C0R600,2017-02-19T06:00:00+08:00,766.0,297.0,1.4,15.0,1.00,932.3,-99.0,0.0,-9.9,-99,-999,«ÌªF¿¤,20,®õªZ¶m,318
22.5900,120.6569,ÂÂ®õªZ,C0R600,2017-02-19T07:00:00+08:00,766.0,52.0,1.2,15.0,1.00,932.7,-99.0,0.0,-9.9,-99,-999,«ÌªF¿¤,20,®õªZ¶m,318
22.5900,120.6569,ÂÂ®õªZ,C0R600,2017-02-19T08:00:00+08:00,766.0,241.0,0.9,16.7,0.89,932.9,-99.0,0.0,-9.9,-99,-999,«ÌªF¿¤,20,®õªZ¶m,318
22.5900,120.6569,ÂÂ®õªZ,C0R600,2017-02-19T10:00:00+08:00,766.0,165.0,1.8,19.6,0.78,932.7,-99.0,0.0,-9.9,-99,-999,«ÌªF¿¤,20,®õªZ¶m,318
22.5900,120.6569,ÂÂ®õªZ,C0R600,2017-02-19T11:00:00+08:00,766.0,232.0,3.5,19.1,0.85,932.2,-99.0,0.0,-9.9,-99,-999,«ÌªF¿¤,20,®õªZ¶m,318
22.5900,120.6569,ÂÂ®õªZ,C0R600,2017-02-19T12:00:00+08:00,766.0,257.0,3.3,19.9,0.80,931.4,-99.0,0.0,-9.9,-99,-999,«ÌªF¿¤,20,®õªZ¶m,318
22.5900,120.6569,ÂÂ®õªZ,C0R600,2017-02-19T13:00:00+08:00,766.0,262.0,3.6,19.8,0.82,930.5,-99.0,0.0,-9.9,-99,-999,«ÌªF¿¤,20,®õªZ¶m,318
22.5900,120.6569,ÂÂ®õªZ,C0R600,2017-02-19T14:00:00+08:00,766.0,266.0,3.5,19.1,0.90,929.5,-99.0,0.0,-9.9,-99,-999,«ÌªF¿¤,20,®õªZ¶m,318
22.5900,120.6569,ÂÂ®õªZ,C0R600,2017-02-19T15:00:00+08:00,766.0,263.0,2.4,20.7,0.81,928.8,-99.0,0.0,-9.9,-99,-999,«ÌªF¿¤,20,®õªZ¶m,318
22.5900,120.6569,ÂÂ®õªZ,C0R600,2017-02-19T16:00:00+08:00,766.0,273.0,1.8,18.1,0.96,928.8,-99.0,0.0,-9.9,-99,-999,«ÌªF¿¤,20,®õªZ¶m,318
22.5900,120.6569,ÂÂ®õªZ,C0R600,2017-02-19T17:00:00+08:00,766.0,52.0,1.4,18.7,0.93,928.5,-99.0,0.0,-9.9,-99,-999,«ÌªF¿¤,20,®õªZ¶m,318
22.5900,120.6569,ÂÂ®õªZ,C0R600,2017-02-19T18:00:00+08:00,766.0,288.0,0.4,17.1,1.00,928.8,-99.0,0.0,-9.9,-99,-999,«ÌªF¿¤,20,®õªZ¶m,318
22.5900,120.6569,ÂÂ®õªZ,C0R600,2017-02-19T19:00:00+08:00,766.0,0.0,0.0,17.1,1.00,928.8,-99.0,0.0,-9.9,-99,-999,«ÌªF¿¤,20,®õªZ¶m,318
22.5900,120.6569,ÂÂ®õªZ,C0R600,2017-02-19T20:00:00+08:00,766.0,279.0,0.6,16.8,1.00,929.2,-99.0,0.0,-9.9,-99,-999,«ÌªF¿¤,20,®õªZ¶m,318
22.5900,120.6569,ÂÂ®õªZ,C0R600,2017-02-19T21:00:00+08:00,766.0,105.0,1.5,16.4,1.00,929.5,-99.0,0.0,-9.9,-99,-999,«ÌªF¿¤,20,®õªZ¶m,318
22.5900,120.6569,ÂÂ®õªZ,C0R600,2017-02-19T22:00:00+08:00,766.0,306.0,0.7,16.2,1.00,928.8,-99.0,0.0,-9.9,-99,-999,«ÌªF¿¤,20,®õªZ¶m,318
22.5900,120.6569,ÂÂ®õªZ,C0R600,2017-02-19T23:00:00+08:00,766.0,344.0,0.4,17.1,1.00,929.0,-99.0,0.0,-9.9,-99,-999,«ÌªF¿¤,20,®õªZ¶m,318
22.5900,120.6569,ÂÂ®õªZ,C0R600,2017-02-20T00:00:00+08:00,766.0,44.0,1.3,16.8,1.00,928.9,-99.0,0.0,-9.9,-99,-999,«ÌªF¿¤,20,®õªZ¶m,318
22.5900,120.6569,ÂÂ®õªZ,C0R600,2017-02-20T01:00:00+08:00,766.0,94.0,0.8,16.9,1.00,928.5,-99.0,0.0,-9.9,-99,-999,«ÌªF¿¤,20,®õªZ¶m,318
22.5900,120.6569,ÂÂ®õªZ,C0R600,2017-02-20T02:00:00+08:00,766.0,82.0,1.2,16.9,1.00,928.0,-99.0,0.0,-9.9,-99,-999,«ÌªF¿¤,20,®õªZ¶m,318
22.5900,120.6569,ÂÂ®õªZ,C0R600,2017-02-20T03:00:00+08:00,766.0,110.0,1.8,19.8,0.85,927.6,-99.0,0.0,-9.9,-99,-999,«ÌªF¿¤,20,®õªZ¶m,318
22.5900,120.6569,ÂÂ®õªZ,C0R600,2017-02-20T04:00:00+08:00,766.0,214.0,0.9,20.0,0.84,927.8,-99.0,0.0,-9.9,-99,-999,«ÌªF¿¤,20,®õªZ¶m,318
22.5900,120.6569,ÂÂ®õªZ,C0R600,2017-02-20T05:00:00+08:00,766.0,150.0,1.6,21.1,0.87,928.0,-99.0,0.0,-9.9,-99,-999,«ÌªF¿¤,20,®õªZ¶m,318
22.5900,120.6569,ÂÂ®õªZ,C0R600,2017-02-20T06:00:00+08:00,766.0,143.0,1.1,20.8,0.90,928.6,-99.0,0.0,-9.9,-99,-999,«ÌªF¿¤,20,®õªZ¶m,318
22.5900,120.6569,ÂÂ®õªZ,C0R600,2017-02-20T07:00:00+08:00,766.0,280.0,1.9,19.1,1.00,929.2,-99.0,0.0,-9.9,-99,-999,«ÌªF¿¤,20,®õªZ¶m,318
22.5900,120.6569,ÂÂ®õªZ,C0R600,2017-02-20T08:00:00+08:00,766.0,277.0,1.6,20.0,0.97,929.9,-99.0,0.0,-9.9,-99,-999,«ÌªF¿¤,20,®õªZ¶m,318
22.5900,120.6569,ÂÂ®õªZ,C0R600,2017-02-20T10:00:00+08:00,766.0,225.0,1.1,21.2,0.92,930.4,-99.0,0.0,-9.9,-99,-999,«ÌªF¿¤,20,®õªZ¶m,318
22.5900,120.6569,ÂÂ®õªZ,C0R600,2017-02-20T11:00:00+08:00,766.0,249.0,1.5,20.9,0.98,930.4,-99.0,0.0,-9.9,-99,-999,«ÌªF¿¤,20,®õªZ¶m,318
22.5900,120.6569,ÂÂ®õªZ,C0R600,2017-02-20T13:00:00+08:00,766.0,249.0,1.8,20.4,1.00,928.9,-99.0,0.0,-9.9,-99,-999,«ÌªF¿¤,20,®õªZ¶m,318
22.5900,120.6569,ÂÂ®õªZ,C0R600,2017-02-20T14:00:00+08:00,766.0,251.0,2.9,20.9,1.00,928.2,-99.0,0.0,-9.9,-99,-999,«ÌªF¿¤,20,®õªZ¶m,318
22.5900,120.6569,ÂÂ®õªZ,C0R600,2017-02-20T15:00:00+08:00,766.0,293.0,2.9,21.6,1.00,928.0,-99.0,0.0,-9.9,-99,-999,«ÌªF¿¤,20,®õªZ¶m,318
22.5900,120.6569,ÂÂ®õªZ,C0R600,2017-02-20T16:00:00+08:00,766.0,275.0,3.4,21.9,1.00,928.0,-99.0,0.0,-9.9,-99,-999,«ÌªF¿¤,20,®õªZ¶m,318
22.5900,120.6569,ÂÂ®õªZ,C0R600,2017-02-20T17:00:00+08:00,766.0,298.0,1.6,21.6,1.00,928.3,-99.0,0.0,-9.9,-99,-999,«ÌªF¿¤,20,®õªZ¶m,318
22.5900,120.6569,ÂÂ®õªZ,C0R600,2017-02-20T18:00:00+08:00,766.0,313.0,1.2,20.1,1.00,928.9,-99.0,0.0,-9.9,-99,-999,«ÌªF¿¤,20,®õªZ¶m,318
22.5900,120.6569,ÂÂ®õªZ,C0R600,2017-02-20T19:00:00+08:00,766.0,225.0,1.1,19.9,1.00,929.3,-99.0,0.0,-9.9,-99,-999,«ÌªF¿¤,20,®õªZ¶m,318
22.5900,120.6569,ÂÂ®õªZ,C0R600,2017-02-20T20:00:00+08:00,766.0,306.0,0.3,19.5,1.00,929.9,-99.0,0.0,-9.9,-99,-999,«ÌªF¿¤,20,®õªZ¶m,318
22.5900,120.6569,ÂÂ®õªZ,C0R600,2017-02-20T21:00:00+08:00,766.0,69.0,0.6,19.6,1.00,930.4,-99.0,0.0,-9.9,-99,-999,«ÌªF¿¤,20,®õªZ¶m,318
22.5900,120.6569,ÂÂ®õªZ,C0R600,2017-02-20T22:00:00+08:00,766.0,54.0,0.5,19.3,1.00,930.8,-99.0,0.0,-9.9,-99,-999,«ÌªF¿¤,20,®õªZ¶m,318
22.5900,120.6569,ÂÂ®õªZ,C0R600,2017-02-20T23:00:00+08:00,766.0,318.0,0.3,19.5,1.00,931.4,-99.0,0.0,-9.9,-99,-999,«ÌªF¿¤,20,®õªZ¶m,318
22.5900,120.6569,ÂÂ®õªZ,C0R600,2017-02-21T00:00:00+08:00,766.0,75.0,1.3,19.1,1.00,931.5,-99.0,0.0,-9.9,-99,-999,«ÌªF¿¤,20,®õªZ¶m,318
22.5900,120.6569,ÂÂ®õªZ,C0R600,2017-02-21T01:00:00+08:00,766.0,280.0,1.2,20.4,1.00,931.0,-99.0,0.0,-9.9,-99,-999,«ÌªF¿¤,20,®õªZ¶m,318
22.5900,120.6569,ÂÂ®õªZ,C0R600,2017-02-21T02:00:00+08:00,766.0,65.0,1.7,20.1,1.00,930.7,-99.0,0.0,-9.9,-99,-999,«ÌªF¿¤,20,®õªZ¶m,318
22.5900,120.6569,ÂÂ®õªZ,C0R600,2017-02-21T03:00:00+08:00,766.0,309.0,0.4,19.2,1.00,930.7,-99.0,0.0,-9.9,-99,-999,«ÌªF¿¤,20,®õªZ¶m,318
22.5900,120.6569,ÂÂ®õªZ,C0R600,2017-02-21T04:00:00+08:00,766.0,329.0,2.2,19.2,1.00,930.4,-99.0,0.0,-9.9,-99,-999,«ÌªF¿¤,20,®õªZ¶m,318
22.5900,120.6569,ÂÂ®õªZ,C0R600,2017-02-21T05:00:00+08:00,766.0,61.0,1.7,19.1,1.00,930.6,-99.0,0.0,-9.9,-99,-999,«ÌªF¿¤,20,®õªZ¶m,318
22.5900,120.6569,ÂÂ®õªZ,C0R600,2017-02-21T06:00:00+08:00,766.0,83.0,1.6,20.2,0.98,931.0,-99.0,0.0,-9.9,-99,-999,«ÌªF¿¤,20,®õªZ¶m,318
22.5900,120.6569,ÂÂ®õªZ,C0R600,2017-02-21T07:00:00+08:00,766.0,357.0,1.1,19.0,1.00,931.6,-99.0,0.0,-9.9,-99,-999,«ÌªF¿¤,20,®õªZ¶m,318
22.5900,120.6569,ÂÂ®õªZ,C0R600,2017-02-21T08:00:00+08:00,766.0,88.0,1.6,20.5,1.00,932.3,-99.0,0.0,-9.9,-99,-999,«ÌªF¿¤,20,®õªZ¶m,318
22.5900,120.6569,ÂÂ®õªZ,C0R600,2017-02-21T10:00:00+08:00,766.0,211.0,0.9,21.7,1.00,932.5,-99.0,0.0,-9.9,-99,-999,«ÌªF¿¤,20,®õªZ¶m,318
22.5900,120.6569,ÂÂ®õªZ,C0R600,2017-02-21T12:00:00+08:00,766.0,245.0,1.0,20.7,1.00,932.1,-99.0,-97.0,-9.9,-99,-999,«ÌªF¿¤,20,®õªZ¶m,318
22.5900,120.6569,ÂÂ®õªZ,C0R600,2017-02-21T13:00:00+08:00,766.0,247.0,3.8,23.4,0.95,930.1,-99.0,0.0,-9.9,-99,-999,«ÌªF¿¤,20,®õªZ¶m,318
22.5900,120.6569,ÂÂ®õªZ,C0R600,2017-02-21T14:00:00+08:00,766.0,280.0,3.3,20.9,1.00,930.4,-99.0,0.0,-9.9,-99,-999,«ÌªF¿¤,20,®õªZ¶m,318
22.5900,120.6569,ÂÂ®õªZ,C0R600,2017-02-21T15:00:00+08:00,766.0,284.0,1.9,19.9,1.00,930.3,-99.0,0.0,-9.9,-99,-999,«ÌªF¿¤,20,®õªZ¶m,318
22.5900,120.6569,ÂÂ®õªZ,C0R600,2017-02-21T16:00:00+08:00,766.0,288.0,1.9,18.8,1.00,930.3,-99.0,0.0,-9.9,-99,-999,«ÌªF¿¤,20,®õªZ¶m,318
22.5900,120.6569,ÂÂ®õªZ,C0R600,2017-02-21T17:00:00+08:00,766.0,282.0,2.1,18.5,1.00,930.3,-99.0,0.0,-9.9,-99,-999,«ÌªF¿¤,20,®õªZ¶m,318
22.5900,120.6569,ÂÂ®õªZ,C0R600,2017-02-21T18:00:00+08:00,766.0,299.0,1.9,18.3,1.00,930.8,-99.0,0.0,-9.9,-99,-999,«ÌªF¿¤,20,®õªZ¶m,318
22.5900,120.6569,ÂÂ®õªZ,C0R600,2017-02-21T19:00:00+08:00,766.0,273.0,1.6,18.1,1.00,931.2,-99.0,0.0,-9.9,-99,-999,«ÌªF¿¤,20,®õªZ¶m,318
22.5900,120.6569,ÂÂ®õªZ,C0R600,2017-02-21T20:00:00+08:00,766.0,51.0,2.0,18.0,1.00,930.4,-99.0,0.0,-9.9,-99,-999,«ÌªF¿¤,20,®õªZ¶m,318
22.5900,120.6569,ÂÂ®õªZ,C0R600,2017-02-21T21:00:00+08:00,766.0,24.0,1.7,17.6,1.00,930.1,-99.0,0.0,-9.9,-99,-999,«ÌªF¿¤,20,®õªZ¶m,318
22.5900,120.6569,ÂÂ®õªZ,C0R600,2017-02-21T22:00:00+08:00,766.0,46.0,2.4,18.0,1.00,930.5,-99.0,0.0,-9.9,-99,-999,«ÌªF¿¤,20,®õªZ¶m,318
22.5900,120.6569,ÂÂ®õªZ,C0R600,2017-02-21T23:00:00+08:00,766.0,9.0,2.0,17.4,1.00,931.1,-99.0,0.0,-9.9,-99,-999,«ÌªF¿¤,20,®õªZ¶m,318
22.5900,120.6569,ÂÂ®õªZ,C0R600,2017-02-22T00:00:00+08:00,766.0,297.0,0.4,17.4,1.00,930.8,-99.0,0.0,-9.9,-99,-999,«ÌªF¿¤,20,®õªZ¶m,318
22.5900,120.6569,ÂÂ®õªZ,C0R600,2017-02-22T01:00:00+08:00,766.0,287.0,0.7,17.2,1.00,930.6,-99.0,0.0,-9.9,-99,-999,«ÌªF¿¤,20,®õªZ¶m,318
22.5900,120.6569,ÂÂ®õªZ,C0R600,2017-02-22T02:00:00+08:00,766.0,250.0,0.8,17.1,1.00,930.1,-99.0,0.0,-9.9,-99,-999,«ÌªF¿¤,20,®õªZ¶m,318
22.5900,120.6569,ÂÂ®õªZ,C0R600,2017-02-22T03:00:00+08:00,766.0,242.0,0.6,17.1,1.00,929.5,-99.0,0.0,-9.9,-99,-999,«ÌªF¿¤,20,®õªZ¶m,318
22.5900,120.6569,ÂÂ®õªZ,C0R600,2017-02-22T04:00:00+08:00,766.0,232.0,0.4,16.9,1.00,929.1,-99.0,0.0,-9.9,-99,-999,«ÌªF¿¤,20,®õªZ¶m,318
22.5900,120.6569,ÂÂ®õªZ,C0R600,2017-02-22T05:00:00+08:00,766.0,119.0,0.4,17.0,1.00,929.3,-99.0,0.0,-9.9,-99,-999,«ÌªF¿¤,20,®õªZ¶m,318
22.5900,120.6569,ÂÂ®õªZ,C0R600,2017-02-22T06:00:00+08:00,766.0,0.0,0.1,16.9,1.00,929.8,-99.0,0.0,-9.9,-99,-999,«ÌªF¿¤,20,®õªZ¶m,318
22.5900,120.6569,ÂÂ®õªZ,C0R600,2017-02-22T07:00:00+08:00,766.0,356.0,0.4,16.7,1.00,930.0,-99.0,0.0,-9.9,-99,-999,«ÌªF¿¤,20,®õªZ¶m,318
22.5900,120.6569,ÂÂ®õªZ,C0R600,2017-02-22T08:00:00+08:00,766.0,351.0,0.8,17.7,1.00,929.9,-99.0,0.0,-9.9,-99,-999,«ÌªF¿¤,20,®õªZ¶m,318
22.5900,120.6569,ÂÂ®õªZ,C0R600,2017-02-22T09:00:00+08:00,766.0,266.0,1.6,19.8,1.00,930.3,-99.0,0.0,-9.9,-99,-999,«ÌªF¿¤,20,®õªZ¶m,318
22.5900,120.6569,ÂÂ®õªZ,C0R600,2017-02-22T10:00:00+08:00,766.0,216.0,1.9,22.1,1.00,930.3,-99.0,0.0,-9.9,-99,-999,«ÌªF¿¤,20,®õªZ¶m,318
22.5900,120.6569,ÂÂ®õªZ,C0R600,2017-02-22T11:00:00+08:00,766.0,244.0,2.2,22.6,1.00,929.9,-99.0,0.0,-9.9,-99,-999,«ÌªF¿¤,20,®õªZ¶m,318
22.5900,120.6569,ÂÂ®õªZ,C0R600,2017-02-22T12:00:00+08:00,766.0,261.0,2.8,23.4,0.99,929.6,-99.0,0.0,-9.9,-99,-999,«ÌªF¿¤,20,®õªZ¶m,318
22.5900,120.6569,ÂÂ®õªZ,C0R600,2017-02-22T13:00:00+08:00,766.0,261.0,1.9,23.9,0.92,929.0,-99.0,0.0,-9.9,-99,-999,«ÌªF¿¤,20,®õªZ¶m,318
22.5900,120.6569,ÂÂ®õªZ,C0R600,2017-02-22T14:00:00+08:00,766.0,352.0,2.6,22.0,1.00,928.8,-99.0,0.0,-9.9,-99,-999,«ÌªF¿¤,20,®õªZ¶m,318
22.5900,120.6569,ÂÂ®õªZ,C0R600,2017-02-22T15:00:00+08:00,766.0,358.0,3.6,20.6,1.00,928.6,-99.0,0.0,-9.9,-99,-999,«ÌªF¿¤,20,®õªZ¶m,318
22.5900,120.6569,ÂÂ®õªZ,C0R600,2017-02-22T16:00:00+08:00,766.0,88.0,1.0,21.0,1.00,928.4,-99.0,0.0,-9.9,-99,-999,«ÌªF¿¤,20,®õªZ¶m,318
22.5900,120.6569,ÂÂ®õªZ,C0R600,2017-02-22T18:00:00+08:00,766.0,58.0,0.8,20.2,1.00,928.8,-99.0,0.0,-9.9,-99,-999,«ÌªF¿¤,20,®õªZ¶m,318
22.5900,120.6569,ÂÂ®õªZ,C0R600,2017-02-22T19:00:00+08:00,766.0,316.0,0.4,20.0,1.00,929.4,-99.0,0.0,-9.9,-99,-999,«ÌªF¿¤,20,®õªZ¶m,318
22.5900,120.6569,ÂÂ®õªZ,C0R600,2017-02-22T20:00:00+08:00,766.0,314.0,0.7,20.2,1.00,929.9,-99.0,0.0,-9.9,-99,-999,«ÌªF¿¤,20,®õªZ¶m,318
22.5900,120.6569,ÂÂ®õªZ,C0R600,2017-02-22T21:00:00+08:00,766.0,0.0,0.0,19.6,1.00,930.0,-99.0,0.0,-9.9,-99,-999,«ÌªF¿¤,20,®õªZ¶m,318
22.5900,120.6569,ÂÂ®õªZ,C0R600,2017-02-22T22:00:00+08:00,766.0,296.0,1.2,19.9,1.00,930.2,-99.0,0.0,-9.9,-99,-999,«ÌªF¿¤,20,®õªZ¶m,318
22.5900,120.6569,ÂÂ®õªZ,C0R600,2017-02-22T23:00:00+08:00,766.0,340.0,0.4,19.8,1.00,930.4,-99.0,0.0,-9.9,-99,-999,«ÌªF¿¤,20,®õªZ¶m,318
22.5900,120.6569,ÂÂ®õªZ,C0R600,2017-02-23T00:00:00+08:00,766.0,287.0,0.7,19.7,1.00,930.2,-99.0,0.0,-9.9,-99,-999,«ÌªF¿¤,20,®õªZ¶m,318
22.5900,120.6569,ÂÂ®õªZ,C0R600,2017-02-23T01:00:00+08:00,766.0,283.0,1.1,19.5,1.00,929.9,-99.0,0.0,-9.9,-99,-999,«ÌªF¿¤,20,®õªZ¶m,318
22.5900,120.6569,ÂÂ®õªZ,C0R600,2017-02-23T02:00:00+08:00,766.0,113.0,0.4,19.4,1.00,929.5,-99.0,0.0,-9.9,-99,-999,«ÌªF¿¤,20,®õªZ¶m,318
22.5900,120.6569,ÂÂ®õªZ,C0R600,2017-02-23T03:00:00+08:00,766.0,8.0,1.3,19.5,1.00,929.2,-99.0,0.0,-9.9,-99,-999,«ÌªF¿¤,20,®õªZ¶m,318
22.5900,120.6569,ÂÂ®õªZ,C0R600,2017-02-23T04:00:00+08:00,766.0,322.0,0.7,19.3,1.00,928.9,-99.0,0.0,-9.9,-99,-999,«ÌªF¿¤,20,®õªZ¶m,318
22.5900,120.6569,ÂÂ®õªZ,C0R600,2017-02-23T06:00:00+08:00,766.0,118.0,1.5,19.3,1.00,929.6,-99.0,0.0,-9.9,-99,-999,«ÌªF¿¤,20,®õªZ¶m,318
22.5900,120.6569,ÂÂ®õªZ,C0R600,2017-02-23T07:00:00+08:00,766.0,67.0,1.2,19.2,1.00,929.7,-99.0,0.0,-9.9,-99,-999,«ÌªF¿¤,20,®õªZ¶m,318
22.5900,120.6569,ÂÂ®õªZ,C0R600,2017-02-23T10:00:00+08:00,766.0,258.0,2.7,20.8,1.00,930.8,-99.0,0.0,-9.9,-99,-999,«ÌªF¿¤,20,®õªZ¶m,318
22.5900,120.6569,ÂÂ®õªZ,C0R600,2017-02-23T11:00:00+08:00,766.0,246.0,2.3,21.9,1.00,930.7,-99.0,0.0,-9.9,-99,-999,«ÌªF¿¤,20,®õªZ¶m,318
22.5900,120.6569,ÂÂ®õªZ,C0R600,2017-02-23T12:00:00+08:00,766.0,262.0,2.7,22.9,1.00,930.2,-99.0,0.0,-9.9,-99,-999,«ÌªF¿¤,20,®õªZ¶m,318
22.5900,120.6569,ÂÂ®õªZ,C0R600,2017-02-23T13:00:00+08:00,766.0,273.0,3.2,22.5,1.00,929.4,-99.0,0.0,-9.9,-99,-999,«ÌªF¿¤,20,®õªZ¶m,318
22.5900,120.6569,ÂÂ®õªZ,C0R600,2017-02-23T14:00:00+08:00,766.0,258.0,3.5,22.3,1.00,928.5,-99.0,0.0,-9.9,-99,-999,«ÌªF¿¤,20,®õªZ¶m,318
22.5900,120.6569,ÂÂ®õªZ,C0R600,2017-02-23T15:00:00+08:00,766.0,285.0,2.7,22.5,1.00,928.2,-99.0,0.0,-9.9,-99,-999,«ÌªF¿¤,20,®õªZ¶m,318
22.5900,120.6569,ÂÂ®õªZ,C0R600,2017-02-23T16:00:00+08:00,766.0,280.0,3.3,20.8,1.00,928.5,-99.0,0.0,-9.9,-99,-999,«ÌªF¿¤,20,®õªZ¶m,318
22.5900,120.6569,ÂÂ®õªZ,C0R600,2017-02-23T17:00:00+08:00,766.0,279.0,1.4,19.7,1.00,929.1,-99.0,0.0,-9.9,-99,-999,«ÌªF¿¤,20,®õªZ¶m,318
22.5900,120.6569,ÂÂ®õªZ,C0R600,2017-02-23T18:00:00+08:00,766.0,270.0,2.0,19.4,1.00,929.6,-99.0,0.0,-9.9,-99,-999,«ÌªF¿¤,20,®õªZ¶m,318
22.5900,120.6569,ÂÂ®õªZ,C0R600,2017-02-23T19:00:00+08:00,766.0,262.0,1.3,18.9,1.00,930.3,-99.0,0.5,-9.9,-99,-999,«ÌªF¿¤,20,®õªZ¶m,318
22.5900,120.6569,ÂÂ®õªZ,C0R600,2017-02-23T20:00:00+08:00,766.0,286.0,1.8,18.1,1.00,930.7,-99.0,1.0,-9.9,-99,-999,«ÌªF¿¤,20,®õªZ¶m,318
22.5900,120.6569,ÂÂ®õªZ,C0R600,2017-02-23T21:00:00+08:00,766.0,282.0,1.4,17.4,1.00,931.2,-99.0,1.0,-9.9,-99,-999,«ÌªF¿¤,20,®õªZ¶m,318
22.5900,120.6569,ÂÂ®õªZ,C0R600,2017-02-23T22:00:00+08:00,766.0,154.0,0.8,17.4,1.00,931.4,-99.0,1.0,-9.9,-99,-999,«ÌªF¿¤,20,®õªZ¶m,318
22.5900,120.6569,ÂÂ®õªZ,C0R600,2017-02-23T23:00:00+08:00,766.0,286.0,2.2,15.8,1.00,931.7,-99.0,1.0,-9.9,-99,-999,«ÌªF¿¤,20,®õªZ¶m,318
22.5900,120.6569,ÂÂ®õªZ,C0R600,2017-02-24T00:00:00+08:00,766.0,310.0,1.5,15.1,1.00,931.6,-99.0,1.0,-9.9,-99,-999,«ÌªF¿¤,20,®õªZ¶m,318
22.5900,120.6569,ÂÂ®õªZ,C0R600,2017-02-24T01:00:00+08:00,766.0,282.0,1.1,15.4,1.00,932.0,-99.0,0.0,-9.9,-99,-999,«ÌªF¿¤,20,®õªZ¶m,318
22.5900,120.6569,ÂÂ®õªZ,C0R600,2017-02-24T02:00:00+08:00,766.0,58.0,1.1,15.5,1.00,931.9,-99.0,0.0,-9.9,-99,-999,«ÌªF¿¤,20,®õªZ¶m,318
22.5900,120.6569,ÂÂ®õªZ,C0R600,2017-02-24T03:00:00+08:00,766.0,0.0,0.2,16.2,1.00,931.6,-99.0,0.0,-9.9,-99,-999,«ÌªF¿¤,20,®õªZ¶m,318
22.5900,120.6569,ÂÂ®õªZ,C0R600,2017-02-24T04:00:00+08:00,766.0,69.0,1.3,15.8,1.00,931.1,-99.0,0.0,-9.9,-99,-999,«ÌªF¿¤,20,®õªZ¶m,318
22.5900,120.6569,ÂÂ®õªZ,C0R600,2017-02-24T05:00:00+08:00,766.0,160.0,0.9,16.0,1.00,931.0,-99.0,0.0,-9.9,-99,-999,«ÌªF¿¤,20,®õªZ¶m,318
22.5900,120.6569,ÂÂ®õªZ,C0R600,2017-02-24T06:00:00+08:00,766.0,283.0,1.4,15.8,1.00,931.5,-99.0,0.0,-9.9,-99,-999,«ÌªF¿¤,20,®õªZ¶m,318
22.5900,120.6569,ÂÂ®õªZ,C0R600,2017-02-24T07:00:00+08:00,766.0,71.0,1.7,15.4,1.00,932.0,-99.0,0.0,-9.9,-99,-999,«ÌªF¿¤,20,®õªZ¶m,318
22.5900,120.6569,ÂÂ®õªZ,C0R600,2017-02-24T08:00:00+08:00,766.0,84.0,1.4,15.3,1.00,932.8,-99.0,0.0,-9.9,-99,-999,«ÌªF¿¤,20,®õªZ¶m,318
22.5900,120.6569,ÂÂ®õªZ,C0R600,2017-02-24T09:00:00+08:00,766.0,248.0,1.1,15.8,1.00,933.3,-99.0,0.0,-9.9,-99,-999,«ÌªF¿¤,20,®õªZ¶m,318
22.5900,120.6569,ÂÂ®õªZ,C0R600,2017-02-24T10:00:00+08:00,766.0,247.0,0.5,16.2,1.00,933.2,-99.0,0.0,-9.9,-99,-999,«ÌªF¿¤,20,®õªZ¶m,318
22.5900,120.6569,ÂÂ®õªZ,C0R600,2017-02-24T11:00:00+08:00,766.0,38.0,1.6,16.0,1.00,933.2,-99.0,0.0,-9.9,-99,-999,«ÌªF¿¤,20,®õªZ¶m,318
22.5900,120.6569,ÂÂ®õªZ,C0R600,2017-02-24T12:00:00+08:00,766.0,113.0,0.5,16.0,1.00,932.5,-99.0,0.0,-9.9,-99,-999,«ÌªF¿¤,20,®õªZ¶m,318
22.5900,120.6569,ÂÂ®õªZ,C0R600,2017-02-24T13:00:00+08:00,766.0,68.0,1.1,15.8,1.00,932.0,-99.0,0.0,-9.9,-99,-999,«ÌªF¿¤,20,®õªZ¶m,318
22.5900,120.6569,ÂÂ®õªZ,C0R600,2017-02-24T14:00:00+08:00,766.0,196.0,1.1,16.5,1.00,931.3,-99.0,0.0,-9.9,-99,-999,«ÌªF¿¤,20,®õªZ¶m,318
22.5900,120.6569,ÂÂ®õªZ,C0R600,2017-02-24T15:00:00+08:00,766.0,229.0,1.5,16.5,1.00,931.1,-99.0,0.0,-9.9,-99,-999,«ÌªF¿¤,20,®õªZ¶m,318
22.5900,120.6569,ÂÂ®õªZ,C0R600,2017-02-24T16:00:00+08:00,766.0,275.0,1.4,16.7,1.00,931.2,-99.0,0.0,-9.9,-99,-999,«ÌªF¿¤,20,®õªZ¶m,318
22.5900,120.6569,ÂÂ®õªZ,C0R600,2017-02-24T17:00:00+08:00,766.0,105.0,1.3,16.7,1.00,931.3,-99.0,0.0,-9.9,-99,-999,«ÌªF¿¤,20,®õªZ¶m,318
22.5900,120.6569,ÂÂ®õªZ,C0R600,2017-02-24T18:00:00+08:00,766.0,317.0,0.8,16.6,1.00,931.5,-99.0,0.0,-9.9,-99,-999,«ÌªF¿¤,20,®õªZ¶m,318
22.5900,120.6569,ÂÂ®õªZ,C0R600,2017-02-24T19:00:00+08:00,766.0,299.0,2.1,16.0,1.00,932.1,-99.0,0.0,-9.9,-99,-999,«ÌªF¿¤,20,®õªZ¶m,318
22.5900,120.6569,ÂÂ®õªZ,C0R600,2017-02-24T20:00:00+08:00,766.0,97.0,1.6,15.9,1.00,932.4,-99.0,0.0,-9.9,-99,-999,«ÌªF¿¤,20,®õªZ¶m,318
22.5900,120.6569,ÂÂ®õªZ,C0R600,2017-02-24T21:00:00+08:00,766.0,98.0,0.8,15.8,1.00,932.9,-99.0,0.0,-9.9,-99,-999,«ÌªF¿¤,20,®õªZ¶m,318
22.5900,120.6569,ÂÂ®õªZ,C0R600,2017-02-24T22:00:00+08:00,766.0,279.0,1.3,15.7,1.00,932.8,-99.0,0.0,-9.9,-99,-999,«ÌªF¿¤,20,®õªZ¶m,318
22.5900,120.6569,ÂÂ®õªZ,C0R600,2017-02-24T23:00:00+08:00,766.0,81.0,0.5,15.3,1.00,932.6,-99.0,0.0,-9.9,-99,-999,«ÌªF¿¤,20,®õªZ¶m,318
22.5900,120.6569,ÂÂ®õªZ,C0R600,2017-02-25T00:00:00+08:00,766.0,88.0,1.0,14.8,1.00,932.5,-99.0,0.0,-9.9,-99,-999,«ÌªF¿¤,20,®õªZ¶m,318
22.5900,120.6569,ÂÂ®õªZ,C0R600,2017-02-25T01:00:00+08:00,766.0,265.0,1.1,14.6,1.00,932.3,-99.0,0.0,-9.9,-99,-999,«ÌªF¿¤,20,®õªZ¶m,318
22.5900,120.6569,ÂÂ®õªZ,C0R600,2017-02-25T02:00:00+08:00,766.0,61.0,2.0,14.8,1.00,931.7,-99.0,0.0,-9.9,-99,-999,«ÌªF¿¤,20,®õªZ¶m,318
22.5900,120.6569,ÂÂ®õªZ,C0R600,2017-02-25T03:00:00+08:00,766.0,308.0,1.7,14.8,1.00,931.0,-99.0,0.0,-9.9,-99,-999,«ÌªF¿¤,20,®õªZ¶m,318
22.5900,120.6569,ÂÂ®õªZ,C0R600,2017-02-25T04:00:00+08:00,766.0,78.0,1.6,14.6,1.00,930.9,-99.0,0.0,-9.9,-99,-999,«ÌªF¿¤,20,®õªZ¶m,318
22.5900,120.6569,ÂÂ®õªZ,C0R600,2017-02-25T05:00:00+08:00,766.0,289.0,1.7,14.5,1.00,931.1,-99.0,0.0,-9.9,-99,-999,«ÌªF¿¤,20,®õªZ¶m,318
22.5900,120.6569,ÂÂ®õªZ,C0R600,2017-02-25T07:00:00+08:00,766.0,287.0,2.3,14.4,1.00,931.6,-99.0,0.0,-9.9,-99,-999,«ÌªF¿¤,20,®õªZ¶m,318
22.5900,120.6569,ÂÂ®õªZ,C0R600,2017-02-25T08:00:00+08:00,766.0,0.0,0.1,14.2,1.00,932.2,-99.0,0.0,-9.9,-99,-999,«ÌªF¿¤,20,®õªZ¶m,318
22.5900,120.6569,ÂÂ®õªZ,C0R600,2017-02-25T10:00:00+08:00,766.0,221.0,0.7,15.6,1.00,932.1,-99.0,0.0,-9.9,-99,-999,«ÌªF¿¤,20,®õªZ¶m,318
22.5900,120.6569,ÂÂ®õªZ,C0R600,2017-02-25T11:00:00+08:00,766.0,90.0,1.5,16.3,1.00,931.7,-99.0,0.0,-9.9,-99,-999,«ÌªF¿¤,20,®õªZ¶m,318
22.5900,120.6569,ÂÂ®õªZ,C0R600,2017-02-25T12:00:00+08:00,766.0,132.0,1.3,18.6,1.00,930.6,-99.0,0.0,-9.9,-99,-999,«ÌªF¿¤,20,®õªZ¶m,318
22.5900,120.6569,ÂÂ®õªZ,C0R600,2017-02-25T13:00:00+08:00,766.0,282.0,2.0,18.5,1.00,929.7,-99.0,0.0,-9.9,-99,-999,«ÌªF¿¤,20,®õªZ¶m,318
22.5900,120.6569,ÂÂ®õªZ,C0R600,2017-02-25T14:00:00+08:00,766.0,244.0,1.9,18.2,1.00,929.0,-99.0,0.0,-9.9,-99,-999,«ÌªF¿¤,20,®õªZ¶m,318
22.5900,120.6569,ÂÂ®õªZ,C0R600,2017-02-25T15:00:00+08:00,766.0,274.0,2.2,17.9,1.00,928.7,-99.0,0.0,-9.9,-99,-999,«ÌªF¿¤,20,®õªZ¶m,318
22.5900,120.6569,ÂÂ®õªZ,C0R600,2017-02-25T16:00:00+08:00,766.0,287.0,1.6,16.7,1.00,928.9,-99.0,0.0,-9.9,-99,-999,«ÌªF¿¤,20,®õªZ¶m,318
22.5900,120.6569,ÂÂ®õªZ,C0R600,2017-02-25T17:00:00+08:00,766.0,267.0,1.4,16.5,1.00,929.0,-99.0,0.0,-9.9,-99,-999,«ÌªF¿¤,20,®õªZ¶m,318
22.5900,120.6569,ÂÂ®õªZ,C0R600,2017-02-25T20:00:00+08:00,766.0,187.0,0.8,15.9,1.00,930.1,-99.0,0.0,-9.9,-99,-999,«ÌªF¿¤,20,®õªZ¶m,318
22.5900,120.6569,ÂÂ®õªZ,C0R600,2017-02-25T21:00:00+08:00,766.0,277.0,1.4,15.8,1.00,930.3,-99.0,0.0,-9.9,-99,-999,«ÌªF¿¤,20,®õªZ¶m,318
22.5900,120.6569,ÂÂ®õªZ,C0R600,2017-02-25T22:00:00+08:00,766.0,232.0,0.8,15.5,1.00,930.8,-99.0,0.0,-9.9,-99,-999,«ÌªF¿¤,20,®õªZ¶m,318
22.5900,120.6569,ÂÂ®õªZ,C0R600,2017-02-25T23:00:00+08:00,766.0,322.0,0.9,15.2,1.00,930.3,-99.0,0.0,-9.9,-99,-999,«ÌªF¿¤,20,®õªZ¶m,318
22.5900,120.6569,ÂÂ®õªZ,C0R600,2017-02-26T00:00:00+08:00,766.0,282.0,1.7,15.5,1.00,930.8,-99.0,0.0,-9.9,-99,-999,«ÌªF¿¤,20,®õªZ¶m,318
22.5900,120.6569,ÂÂ®õªZ,C0R600,2017-02-26T01:00:00+08:00,766.0,281.0,0.9,15.1,1.00,930.7,-99.0,0.0,-9.9,-99,-999,«ÌªF¿¤,20,®õªZ¶m,318
22.5900,120.6569,ÂÂ®õªZ,C0R600,2017-02-26T02:00:00+08:00,766.0,0.0,0.0,15.2,1.00,930.6,-99.0,0.0,-9.9,-99,-999,«ÌªF¿¤,20,®õªZ¶m,318
22.5900,120.6569,ÂÂ®õªZ,C0R600,2017-02-26T03:00:00+08:00,766.0,258.0,0.9,15.2,1.00,930.0,-99.0,0.0,-9.9,-99,-999,«ÌªF¿¤,20,®õªZ¶m,318
22.5900,120.6569,ÂÂ®õªZ,C0R600,2017-02-26T04:00:00+08:00,766.0,0.0,0.1,15.9,1.00,930.1,-99.0,0.0,-9.9,-99,-999,«ÌªF¿¤,20,®õªZ¶m,318
22.5900,120.6569,ÂÂ®õªZ,C0R600,2017-02-26T05:00:00+08:00,766.0,301.0,0.5,16.8,1.00,930.1,-99.0,0.0,-9.9,-99,-999,«ÌªF¿¤,20,®õªZ¶m,318
22.5900,120.6569,ÂÂ®õªZ,C0R600,2017-02-26T06:00:00+08:00,766.0,48.0,1.0,16.1,1.00,930.6,-99.0,0.0,-9.9,-99,-999,«ÌªF¿¤,20,®õªZ¶m,318
22.5900,120.6569,ÂÂ®õªZ,C0R600,2017-02-26T08:00:00+08:00,766.0,58.0,1.1,15.8,1.00,931.6,-99.0,0.0,-9.9,-99,-999,«ÌªF¿¤,20,®õªZ¶m,318
22.5900,120.6569,ÂÂ®õªZ,C0R600,2017-02-26T10:00:00+08:00,766.0,208.0,1.5,19.0,1.00,932.1,-99.0,0.0,-9.9,-99,-999,«ÌªF¿¤,20,®õªZ¶m,318
22.5900,120.6569,ÂÂ®õªZ,C0R600,2017-02-26T11:00:00+08:00,766.0,235.0,1.0,18.9,1.00,931.9,-99.0,0.0,-9.9,-99,-999,«ÌªF¿¤,20,®õªZ¶m,318
22.5900,120.6569,ÂÂ®õªZ,C0R600,2017-02-26T12:00:00+08:00,766.0,275.0,1.7,19.8,0.99,931.4,-99.0,0.0,-9.9,-99,-999,«ÌªF¿¤,20,®õªZ¶m,318
22.5900,120.6569,ÂÂ®õªZ,C0R600,2017-02-26T13:00:00+08:00,766.0,245.0,2.8,20.7,0.93,930.3,-99.0,0.0,-9.9,-99,-999,«ÌªF¿¤,20,®õªZ¶m,318
22.5900,120.6569,ÂÂ®õªZ,C0R600,2017-02-26T14:00:00+08:00,766.0,285.0,2.7,20.7,0.91,929.7,-99.0,0.0,-9.9,-99,-999,«ÌªF¿¤,20,®õªZ¶m,318
22.5900,120.6569,ÂÂ®õªZ,C0R600,2017-02-26T15:00:00+08:00,766.0,258.0,3.3,19.5,0.91,929.4,-99.0,0.0,-9.9,-99,-999,«ÌªF¿¤,20,®õªZ¶m,318
22.5900,120.6569,ÂÂ®õªZ,C0R600,2017-02-26T16:00:00+08:00,766.0,245.0,2.5,18.2,0.94,929.7,-99.0,0.0,-9.9,-99,-999,«ÌªF¿¤,20,®õªZ¶m,318
22.5900,120.6569,ÂÂ®õªZ,C0R600,2017-02-26T17:00:00+08:00,766.0,271.0,1.9,17.4,1.00,930.4,-99.0,0.0,-9.9,-99,-999,«ÌªF¿¤,20,®õªZ¶m,318
22.5900,120.6569,ÂÂ®õªZ,C0R600,2017-02-26T18:00:00+08:00,766.0,255.0,2.6,16.0,1.00,930.7,-99.0,0.0,-9.9,-99,-999,«ÌªF¿¤,20,®õªZ¶m,318
22.5900,120.6569,ÂÂ®õªZ,C0R600,2017-02-26T20:00:00+08:00,766.0,258.0,0.7,16.0,1.00,931.5,-99.0,0.0,-9.9,-99,-999,«ÌªF¿¤,20,®õªZ¶m,318
22.5900,120.6569,ÂÂ®õªZ,C0R600,2017-02-26T21:00:00+08:00,766.0,294.0,0.9,15.3,1.00,932.2,-99.0,0.0,-9.9,-99,-999,«ÌªF¿¤,20,®õªZ¶m,318
22.5900,120.6569,ÂÂ®õªZ,C0R600,2017-02-26T22:00:00+08:00,766.0,311.0,1.2,14.3,1.00,932.3,-99.0,0.0,-9.9,-99,-999,«ÌªF¿¤,20,®õªZ¶m,318
22.5900,120.6569,ÂÂ®õªZ,C0R600,2017-02-26T23:00:00+08:00,766.0,66.0,1.2,14.8,1.00,932.1,-99.0,0.0,-9.9,-99,-999,«ÌªF¿¤,20,®õªZ¶m,318
22.5900,120.6569,ÂÂ®õªZ,C0R600,2017-02-27T00:00:00+08:00,766.0,288.0,1.2,14.6,1.00,932.1,-99.0,0.0,-9.9,-99,-999,«ÌªF¿¤,20,®õªZ¶m,318
22.5900,120.6569,ÂÂ®õªZ,C0R600,2017-02-27T01:00:00+08:00,766.0,45.0,0.8,15.1,1.00,931.6,-99.0,0.0,-9.9,-99,-999,«ÌªF¿¤,20,®õªZ¶m,318
22.5900,120.6569,ÂÂ®õªZ,C0R600,2017-02-27T02:00:00+08:00,766.0,92.0,0.5,13.6,1.00,931.3,-99.0,0.0,-9.9,-99,-999,«ÌªF¿¤,20,®õªZ¶m,318
22.5900,120.6569,ÂÂ®õªZ,C0R600,2017-02-27T03:00:00+08:00,766.0,294.0,1.2,12.7,1.00,931.4,-99.0,0.0,-9.9,-99,-999,«ÌªF¿¤,20,®õªZ¶m,318
22.5900,120.6569,ÂÂ®õªZ,C0R600,2017-02-27T04:00:00+08:00,766.0,88.0,0.7,12.6,1.00,931.4,-99.0,0.0,-9.9,-99,-999,«ÌªF¿¤,20,®õªZ¶m,318
22.5900,120.6569,ÂÂ®õªZ,C0R600,2017-02-27T05:00:00+08:00,766.0,72.0,0.9,12.9,1.00,931.9,-99.0,0.0,-9.9,-99,-999,«ÌªF¿¤,20,®õªZ¶m,318
22.5900,120.6569,ÂÂ®õªZ,C0R600,2017-02-27T06:00:00+08:00,766.0,80.0,0.8,12.8,1.00,932.4,-99.0,0.0,-9.9,-99,-999,«ÌªF¿¤,20,®õªZ¶m,318
22.5900,120.6569,ÂÂ®õªZ,C0R600,2017-02-27T07:00:00+08:00,766.0,0.0,0.0,13.0,1.00,933.0,-99.0,0.0,-9.9,-99,-999,«ÌªF¿¤,20,®õªZ¶m,318
22.5900,120.6569,ÂÂ®õªZ,C0R600,2017-02-27T08:00:00+08:00,766.0,249.0,0.7,13.6,1.00,933.4,-99.0,0.0,-9.9,-99,-999,«ÌªF¿¤,20,®õªZ¶m,318
22.5900,120.6569,ÂÂ®õªZ,C0R600,2017-02-27T10:00:00+08:00,766.0,247.0,2.5,16.6,1.00,933.7,-99.0,0.0,-9.9,-99,-999,«ÌªF¿¤,20,®õªZ¶m,318
22.5900,120.6569,ÂÂ®õªZ,C0R600,2017-02-27T11:00:00+08:00,766.0,268.0,2.8,16.3,1.00,933.9,-99.0,0.0,-9.9,-99,-999,«ÌªF¿¤,20,®õªZ¶m,318
22.5900,120.6569,ÂÂ®õªZ,C0R600,2017-02-27T12:00:00+08:00,766.0,280.0,2.2,16.3,1.00,933.4,-99.0,0.0,-9.9,-99,-999,«ÌªF¿¤,20,®õªZ¶m,318
22.5900,120.6569,ÂÂ®õªZ,C0R600,2017-02-27T13:00:00+08:00,766.0,273.0,2.3,15.7,1.00,932.6,-99.0,0.0,-9.9,-99,-999,«ÌªF¿¤,20,®õªZ¶m,318
22.5900,120.6569,ÂÂ®õªZ,C0R600,2017-02-27T14:00:00+08:00,766.0,238.0,1.6,16.0,1.00,932.2,-99.0,0.0,-9.9,-99,-999,«ÌªF¿¤,20,®õªZ¶m,318
22.5900,120.6569,ÂÂ®õªZ,C0R600,2017-02-27T15:00:00+08:00,766.0,0.0,0.2,16.3,1.00,932.2,-99.0,0.0,-9.9,-99,-999,«ÌªF¿¤,20,®õªZ¶m,318
22.5900,120.6569,ÂÂ®õªZ,C0R600,2017-02-27T16:00:00+08:00,766.0,255.0,1.3,16.1,1.00,932.3,-99.0,0.0,-9.9,-99,-999,«ÌªF¿¤,20,®õªZ¶m,318
22.5900,120.6569,ÂÂ®õªZ,C0R600,2017-02-27T17:00:00+08:00,766.0,276.0,1.7,15.7,1.00,932.6,-99.0,0.0,-9.9,-99,-999,«ÌªF¿¤,20,®õªZ¶m,318
22.5900,120.6569,ÂÂ®õªZ,C0R600,2017-02-27T18:00:00+08:00,766.0,278.0,1.3,15.1,1.00,932.7,-99.0,0.0,-9.9,-99,-999,«ÌªF¿¤,20,®õªZ¶m,318
22.5900,120.6569,ÂÂ®õªZ,C0R600,2017-02-27T19:00:00+08:00,766.0,287.0,2.0,14.8,1.00,932.8,-99.0,0.0,-9.9,-99,-999,«ÌªF¿¤,20,®õªZ¶m,318
22.5900,120.6569,ÂÂ®õªZ,C0R600,2017-02-27T20:00:00+08:00,766.0,276.0,1.8,14.5,1.00,933.3,-99.0,0.0,-9.9,-99,-999,«ÌªF¿¤,20,®õªZ¶m,318
22.5900,120.6569,ÂÂ®õªZ,C0R600,2017-02-27T21:00:00+08:00,766.0,24.0,1.0,14.4,1.00,933.4,-99.0,0.0,-9.9,-99,-999,«ÌªF¿¤,20,®õªZ¶m,318
22.5900,120.6569,ÂÂ®õªZ,C0R600,2017-02-27T22:00:00+08:00,766.0,299.0,1.6,14.6,1.00,933.4,-99.0,0.0,-9.9,-99,-999,«ÌªF¿¤,20,®õªZ¶m,318
22.5900,120.6569,ÂÂ®õªZ,C0R600,2017-02-27T23:00:00+08:00,766.0,56.0,0.9,14.4,1.00,933.4,-99.0,0.0,-9.9,-99,-999,«ÌªF¿¤,20,®õªZ¶m,318
22.5900,120.6569,ÂÂ®õªZ,C0R600,2017-02-28T00:00:00+08:00,766.0,0.0,0.2,14.2,1.00,933.4,-99.0,0.0,-9.9,-99,-999,«ÌªF¿¤,20,®õªZ¶m,318
22.5900,120.6569,ÂÂ®õªZ,C0R600,2017-02-28T01:00:00+08:00,766.0,0.0,0.0,14.0,1.00,933.1,-99.0,0.0,-9.9,-99,-999,«ÌªF¿¤,20,®õªZ¶m,318
22.5900,120.6569,ÂÂ®õªZ,C0R600,2017-02-28T02:00:00+08:00,766.0,50.0,1.0,13.6,1.00,932.7,-99.0,0.0,-9.9,-99,-999,«ÌªF¿¤,20,®õªZ¶m,318
22.5900,120.6569,ÂÂ®õªZ,C0R600,2017-02-28T03:00:00+08:00,766.0,271.0,1.0,13.6,1.00,932.6,-99.0,0.0,-9.9,-99,-999,«ÌªF¿¤,20,®õªZ¶m,318
22.5900,120.6569,ÂÂ®õªZ,C0R600,2017-02-28T04:00:00+08:00,766.0,331.0,0.8,13.8,1.00,932.6,-99.0,0.0,-9.9,-99,-999,«ÌªF¿¤,20,®õªZ¶m,318
22.5900,120.6569,ÂÂ®õªZ,C0R600,2017-02-28T05:00:00+08:00,766.0,54.0,0.3,13.9,1.00,932.7,-99.0,0.0,-9.9,-99,-999,«ÌªF¿¤,20,®õªZ¶m,318
22.5900,120.6569,ÂÂ®õªZ,C0R600,2017-02-28T06:00:00+08:00,766.0,0.0,0.0,13.7,1.00,933.0,-99.0,0.0,-9.9,-99,-999,«ÌªF¿¤,20,®õªZ¶m,318
22.5900,120.6569,ÂÂ®õªZ,C0R600,2017-02-28T07:00:00+08:00,766.0,70.0,2.1,14.0,1.00,933.4,-99.0,0.0,-9.9,-99,-999,«ÌªF¿¤,20,®õªZ¶m,318
22.5900,120.6569,ÂÂ®õªZ,C0R600,2017-02-28T08:00:00+08:00,766.0,89.0,0.4,16.4,0.92,933.4,-99.0,0.0,-9.9,-99,-999,«ÌªF¿¤,20,®õªZ¶m,318
22.5900,120.6569,ÂÂ®õªZ,C0R600,2017-02-28T09:00:00+08:00,766.0,120.0,1.3,18.3,0.79,933.5,-99.0,0.0,-9.9,-99,-999,«ÌªF¿¤,20,®õªZ¶m,318
22.5900,120.6569,ÂÂ®õªZ,C0R600,2017-02-28T10:00:00+08:00,766.0,248.0,2.4,17.7,0.89,933.4,-99.0,0.0,-9.9,-99,-999,«ÌªF¿¤,20,®õªZ¶m,318
22.5900,120.6569,ÂÂ®õªZ,C0R600,2017-02-28T11:00:00+08:00,766.0,232.0,3.1,18.4,0.84,932.9,-99.0,0.0,-9.9,-99,-999,«ÌªF¿¤,20,®õªZ¶m,318
22.5900,120.6569,ÂÂ®õªZ,C0R600,2017-02-28T12:00:00+08:00,766.0,277.0,3.0,19.4,0.79,932.1,-99.0,0.0,-9.9,-99,-999,«ÌªF¿¤,20,®õªZ¶m,318
22.5900,120.6569,ÂÂ®õªZ,C0R600,2017-02-28T13:00:00+08:00,766.0,265.0,3.4,19.3,0.77,931.3,-99.0,0.0,-9.9,-99,-999,«ÌªF¿¤,20,®õªZ¶m,318
22.5900,120.6569,ÂÂ®õªZ,C0R600,2017-02-28T14:00:00+08:00,766.0,270.0,3.0,18.0,0.88,930.7,-99.0,0.0,-9.9,-99,-999,«ÌªF¿¤,20,®õªZ¶m,318
22.5900,120.6569,ÂÂ®õªZ,C0R600,2017-02-28T15:00:00+08:00,766.0,247.0,2.1,18.4,0.84,929.9,-99.0,0.0,-9.9,-99,-999,«ÌªF¿¤,20,®õªZ¶m,318
22.5900,120.6569,ÂÂ®õªZ,C0R600,2017-02-28T16:00:00+08:00,766.0,283.0,1.5,18.2,0.85,929.7,-99.0,0.0,-9.9,-99,-999,«ÌªF¿¤,20,®õªZ¶m,318
22.5900,120.6569,ÂÂ®õªZ,C0R600,2017-02-28T18:00:00+08:00,766.0,267.0,1.4,16.3,1.00,930.2,-99.0,0.0,-9.9,-99,-999,«ÌªF¿¤,20,®õªZ¶m,318
22.5900,120.6569,ÂÂ®õªZ,C0R600,2017-02-28T19:00:00+08:00,766.0,253.0,0.4,16.1,1.00,930.5,-99.0,0.0,-9.9,-99,-999,«ÌªF¿¤,20,®õªZ¶m,318
22.5900,120.6569,ÂÂ®õªZ,C0R600,2017-02-28T20:00:00+08:00,766.0,281.0,1.9,15.6,1.00,930.7,-99.0,0.0,-9.9,-99,-999,«ÌªF¿¤,20,®õªZ¶m,318
22.5900,120.6569,ÂÂ®õªZ,C0R600,2017-02-28T21:00:00+08:00,766.0,283.0,0.7,15.4,1.00,931.0,-99.0,0.0,-9.9,-99,-999,«ÌªF¿¤,20,®õªZ¶m,318
22.5900,120.6569,ÂÂ®õªZ,C0R600,2017-02-28T22:00:00+08:00,766.0,67.0,0.8,15.2,1.00,931.2,-99.0,0.0,-9.9,-99,-999,«ÌªF¿¤,20,®õªZ¶m,318
22.5900,120.6569,ÂÂ®õªZ,C0R600,2017-02-28T23:00:00+08:00,766.0,0.0,0.1,15.4,1.00,930.9,-99.0,0.0,-9.9,-99,-999,«ÌªF¿¤,20,®õªZ¶m,318
