22.9186,121.1147,³À³¥,C0S710,2017-02-01T07:00:00+08:00,313.0,18.0,2.0,16.0,-0.99,977.3,-99.0,0.0,-9.9,-99,-999,»OªF¿¤,22,³À³¥¶m,274
22.9186,121.1147,³À³¥,C0S710,2017-02-01T05:00:00+08:00,313.0,359.0,2.9,15.4,-0.99,976.5,-99.0,0.0,-9.9,-99,-999,»OªF¿¤,22,³À³¥¶m,274
22.9186,121.1147,³À³¥,C0S710,2017-02-01T02:00:00+08:00,313.0,4.0,2.6,15.8,-0.99,976.7,-99.0,0.0,-9.9,-99,-999,»OªF¿¤,22,³À³¥¶m,274
22.9186,121.1147,³À³¥,C0S710,2017-02-01T11:00:00+08:00,313.0,21.0,2.5,18.5,-0.99,977.9,-99.0,0.0,-9.9,-99,-999,»OªF¿¤,22,³À³¥¶m,274
22.9186,121.1147,³À³¥,C0S710,2017-02-02T10:00:00+08:00,313.0,11.0,3.7,16.4,-0.99,980.6,-99.0,0.0,-9.9,-99,-999,»OªF¿¤,22,³À³¥¶m,274
22.9186,121.1147,³À³¥,C0S710,2017-02-02T09:00:00+08:00,313.0,3.0,4.0,16.2,-0.99,980.9,-99.0,0.0,-9.9,-99,-999,»OªF¿¤,22,³À³¥¶m,274
22.9186,121.1147,³À³¥,C0S710,2017-02-02T08:00:00+08:00,313.0,15.0,3.8,15.6,-0.99,980.3,-99.0,0.0,-9.9,-99,-999,»OªF¿¤,22,³À³¥¶m,274
22.9186,121.1147,³À³¥,C0S710,2017-02-02T11:00:00+08:00,313.0,9.0,3.5,17.8,-0.99,979.7,-99.0,0.0,-9.9,-99,-999,»OªF¿¤,22,³À³¥¶m,274
22.9186,121.1147,³À³¥,C0S710,2017-02-02T14:00:00+08:00,313.0,17.0,3.1,18.8,-0.99,977.3,-99.0,0.0,-9.9,-99,-999,»OªF¿¤,22,³À³¥¶m,274
22.9186,121.1147,³À³¥,C0S710,2017-02-02T15:00:00+08:00,313.0,17.0,3.7,17.4,-0.99,977.2,-99.0,0.0,-9.9,-99,-999,»OªF¿¤,22,³À³¥¶m,274
22.9186,121.1147,³À³¥,C0S710,2017-02-02T16:00:00+08:00,313.0,13.0,4.4,16.7,-0.99,977.7,-99.0,0.0,-9.9,-99,-999,»OªF¿¤,22,³À³¥¶m,274
22.9186,121.1147,³À³¥,C0S710,2017-02-02T17:00:00+08:00,313.0,15.0,3.5,15.9,-0.99,978.3,-99.0,0.0,-9.9,-99,-999,»OªF¿¤,22,³À³¥¶m,274
22.9186,121.1147,³À³¥,C0S710,2017-02-02T18:00:00+08:00,313.0,11.0,4.0,15.1,-0.99,978.9,-99.0,0.0,-9.9,-99,-999,»OªF¿¤,22,³À³¥¶m,274
22.9186,121.1147,³À³¥,C0S710,2017-02-02T19:00:00+08:00,313.0,10.0,3.2,14.7,-0.99,979.3,-99.0,0.0,-9.9,-99,-999,»OªF¿¤,22,³À³¥¶m,274
22.9186,121.1147,³À³¥,C0S710,2017-02-02T20:00:00+08:00,313.0,13.0,3.3,14.6,-0.99,979.8,-99.0,0.0,-9.9,-99,-999,»OªF¿¤,22,³À³¥¶m,274
22.9186,121.1147,³À³¥,C0S710,2017-02-02T21:00:00+08:00,313.0,17.0,2.4,14.4,-0.99,979.9,-99.0,0.0,-9.9,-99,-999,»OªF¿¤,22,³À³¥¶m,274
22.9186,121.1147,³À³¥,C0S710,2017-02-02T22:00:00+08:00,313.0,2.0,3.4,14.2,-0.99,980.1,-99.0,0.0,-9.9,-99,-999,»OªF¿¤,22,³À³¥¶m,274
22.9186,121.1147,³À³¥,C0S710,2017-02-02T23:00:00+08:00,313.0,5.0,3.8,14.2,-0.99,979.9,-99.0,0.0,-9.9,-99,-999,»OªF¿¤,22,³À³¥¶m,274
22.9186,121.1147,³À³¥,C0S710,2017-02-03T00:00:00+08:00,313.0,2.0,3.6,14.0,-0.99,979.4,-99.0,0.0,-9.9,-99,-999,»OªF¿¤,22,³À³¥¶m,274
22.9186,121.1147,³À³¥,C0S710,2017-02-03T01:00:00+08:00,313.0,2.0,2.8,13.7,-0.99,978.9,-99.0,0.0,-9.9,-99,-999,»OªF¿¤,22,³À³¥¶m,274
22.9186,121.1147,³À³¥,C0S710,2017-02-03T02:00:00+08:00,313.0,359.0,2.3,13.3,-0.99,978.3,-99.0,0.0,-9.9,-99,-999,»OªF¿¤,22,³À³¥¶m,274
22.9186,121.1147,³À³¥,C0S710,2017-02-03T03:00:00+08:00,313.0,12.0,1.6,13.5,-0.99,977.8,-99.0,0.0,-9.9,-99,-999,»OªF¿¤,22,³À³¥¶m,274
22.9186,121.1147,³À³¥,C0S710,2017-02-03T04:00:00+08:00,313.0,3.0,3.1,13.6,-0.99,977.4,-99.0,0.0,-9.9,-99,-999,»OªF¿¤,22,³À³¥¶m,274
22.9186,121.1147,³À³¥,C0S710,2017-02-03T05:00:00+08:00,313.0,358.0,2.5,14.0,-0.99,977.5,-99.0,0.0,-9.9,-99,-999,»OªF¿¤,22,³À³¥¶m,274
22.9186,121.1147,³À³¥,C0S710,2017-02-03T06:00:00+08:00,313.0,5.0,1.9,13.6,-0.99,977.6,-99.0,0.0,-9.9,-99,-999,»OªF¿¤,22,³À³¥¶m,274
22.9186,121.1147,³À³¥,C0S710,2017-02-03T07:00:00+08:00,313.0,353.0,2.1,13.4,-0.99,977.9,-99.0,0.0,-9.9,-99,-999,»OªF¿¤,22,³À³¥¶m,274
22.9186,121.1147,³À³¥,C0S710,2017-02-03T08:00:00+08:00,313.0,351.0,1.1,14.8,-0.99,978.4,-99.0,0.0,-9.9,-99,-999,»OªF¿¤,22,³À³¥¶m,274
22.9186,121.1147,³À³¥,C0S710,2017-02-03T10:00:00+08:00,313.0,34.0,1.7,17.5,-0.99,978.6,-99.0,0.0,-9.9,-99,-999,»OªF¿¤,22,³À³¥¶m,274
22.9186,121.1147,³À³¥,C0S710,2017-02-03T11:00:00+08:00,313.0,14.0,2.5,18.8,-0.99,977.7,-99.0,0.0,-9.9,-99,-999,»OªF¿¤,22,³À³¥¶m,274
22.9186,121.1147,³À³¥,C0S710,2017-02-03T12:00:00+08:00,313.0,31.0,2.0,19.5,-0.99,976.6,-99.0,0.0,-9.9,-99,-999,»OªF¿¤,22,³À³¥¶m,274
22.9186,121.1147,³À³¥,C0S710,2017-02-03T13:00:00+08:00,313.0,12.0,1.6,20.3,-0.99,975.3,-99.0,0.0,-9.9,-99,-999,»OªF¿¤,22,³À³¥¶m,274
22.9186,121.1147,³À³¥,C0S710,2017-02-03T14:00:00+08:00,313.0,33.0,1.1,21.0,-0.99,974.3,-99.0,0.0,-9.9,-99,-999,»OªF¿¤,22,³À³¥¶m,274
22.9186,121.1147,³À³¥,C0S710,2017-02-03T15:00:00+08:00,313.0,352.0,0.8,21.2,-0.99,974.1,-99.0,0.0,-9.9,-99,-999,»OªF¿¤,22,³À³¥¶m,274
22.9186,121.1147,³À³¥,C0S710,2017-02-03T16:00:00+08:00,313.0,0.0,0.0,20.4,-0.99,974.4,-99.0,0.0,-9.9,-99,-999,»OªF¿¤,22,³À³¥¶m,274
22.9186,121.1147,³À³¥,C0S710,2017-02-03T17:00:00+08:00,313.0,0.0,0.1,19.4,-0.99,975.1,-99.0,0.0,-9.9,-99,-999,»OªF¿¤,22,³À³¥¶m,274
22.9186,121.1147,³À³¥,C0S710,2017-02-03T18:00:00+08:00,313.0,21.0,0.3,18.5,-0.99,975.5,-99.0,0.0,-9.9,-99,-999,»OªF¿¤,22,³À³¥¶m,274
22.9186,121.1147,³À³¥,C0S710,2017-02-03T19:00:00+08:00,313.0,345.0,1.2,18.3,-0.99,976.0,-99.0,0.0,-9.9,-99,-999,»OªF¿¤,22,³À³¥¶m,274
22.9186,121.1147,³À³¥,C0S710,2017-02-03T20:00:00+08:00,313.0,2.0,2.2,18.1,-0.99,976.6,-99.0,0.0,-9.9,-99,-999,»OªF¿¤,22,³À³¥¶m,274
22.9186,121.1147,³À³¥,C0S710,2017-02-03T21:00:00+08:00,313.0,15.0,1.2,17.6,-0.99,976.7,-99.0,0.0,-9.9,-99,-999,»OªF¿¤,22,³À³¥¶m,274
22.9186,121.1147,³À³¥,C0S710,2017-02-03T22:00:00+08:00,313.0,351.0,1.5,17.4,-0.99,976.6,-99.0,0.0,-9.9,-99,-999,»OªF¿¤,22,³À³¥¶m,274
22.9186,121.1147,³À³¥,C0S710,2017-02-03T23:00:00+08:00,313.0,1.0,1.3,16.8,-0.99,976.2,-99.0,0.0,-9.9,-99,-999,»OªF¿¤,22,³À³¥¶m,274
22.9186,121.1147,³À³¥,C0S710,2017-02-04T00:00:00+08:00,313.0,346.0,1.1,17.0,-0.99,975.6,-99.0,0.0,-9.9,-99,-999,»OªF¿¤,22,³À³¥¶m,274
22.9186,121.1147,³À³¥,C0S710,2017-02-04T01:00:00+08:00,313.0,351.0,0.9,16.7,-0.99,975.4,-99.0,0.0,-9.9,-99,-999,»OªF¿¤,22,³À³¥¶m,274
22.9186,121.1147,³À³¥,C0S710,2017-02-04T02:00:00+08:00,313.0,18.0,0.3,16.1,-0.99,974.9,-99.0,0.0,-9.9,-99,-999,»OªF¿¤,22,³À³¥¶m,274
22.9186,121.1147,³À³¥,C0S710,2017-02-04T03:00:00+08:00,313.0,52.0,0.6,16.4,-0.99,974.4,-99.0,0.0,-9.9,-99,-999,»OªF¿¤,22,³À³¥¶m,274
22.9186,121.1147,³À³¥,C0S710,2017-02-04T04:00:00+08:00,313.0,340.0,0.9,16.1,-0.99,973.6,-99.0,0.0,-9.9,-99,-999,»OªF¿¤,22,³À³¥¶m,274
22.9186,121.1147,³À³¥,C0S710,2017-02-04T05:00:00+08:00,313.0,12.0,0.7,15.5,-0.99,973.5,-99.0,0.0,-9.9,-99,-999,»OªF¿¤,22,³À³¥¶m,274
22.9186,121.1147,³À³¥,C0S710,2017-02-04T06:00:00+08:00,313.0,352.0,1.5,15.9,-0.99,973.9,-99.0,0.0,-9.9,-99,-999,»OªF¿¤,22,³À³¥¶m,274
22.9186,121.1147,³À³¥,C0S710,2017-02-04T07:00:00+08:00,313.0,0.0,0.2,16.7,-0.99,974.4,-99.0,0.0,-9.9,-99,-999,»OªF¿¤,22,³À³¥¶m,274
22.9186,121.1147,³À³¥,C0S710,2017-02-04T08:00:00+08:00,313.0,347.0,0.5,16.1,-0.99,974.6,-99.0,0.0,-9.9,-99,-999,»OªF¿¤,22,³À³¥¶m,274
22.9186,121.1147,³À³¥,C0S710,2017-02-04T10:00:00+08:00,313.0,0.0,0.0,16.6,-0.99,975.4,-99.0,0.0,-9.9,-99,-999,»OªF¿¤,22,³À³¥¶m,274
22.9186,121.1147,³À³¥,C0S710,2017-02-04T11:00:00+08:00,313.0,249.0,0.4,16.4,-0.99,974.8,-99.0,0.0,-9.9,-99,-999,»OªF¿¤,22,³À³¥¶m,274
22.9186,121.1147,³À³¥,C0S710,2017-02-04T12:00:00+08:00,313.0,232.0,0.3,16.8,-0.99,974.0,-99.0,0.5,-9.9,-99,-999,»OªF¿¤,22,³À³¥¶m,274
22.9186,121.1147,³À³¥,C0S710,2017-02-04T13:00:00+08:00,313.0,316.0,0.3,18.1,-0.99,972.2,-99.0,0.5,-9.9,-99,-999,»OªF¿¤,22,³À³¥¶m,274
22.9186,121.1147,³À³¥,C0S710,2017-02-04T14:00:00+08:00,313.0,2.0,1.5,17.7,-0.99,971.1,-99.0,0.5,-9.9,-99,-999,»OªF¿¤,22,³À³¥¶m,274
22.9186,121.1147,³À³¥,C0S710,2017-02-04T15:00:00+08:00,313.0,74.0,0.3,19.8,-0.99,970.7,-99.0,0.5,-9.9,-99,-999,»OªF¿¤,22,³À³¥¶m,274
22.9186,121.1147,³À³¥,C0S710,2017-02-04T16:00:00+08:00,313.0,0.0,0.1,19.0,-0.99,970.9,-99.0,0.5,-9.9,-99,-999,»OªF¿¤,22,³À³¥¶m,274
22.9186,121.1147,³À³¥,C0S710,2017-02-04T17:00:00+08:00,313.0,232.0,1.0,17.9,-0.99,971.2,-99.0,0.5,-9.9,-99,-999,»OªF¿¤,22,³À³¥¶m,274
22.9186,121.1147,³À³¥,C0S710,2017-02-04T18:00:00+08:00,313.0,218.0,0.7,17.3,-0.99,971.3,-99.0,0.5,-9.9,-99,-999,»OªF¿¤,22,³À³¥¶m,274
22.9186,121.1147,³À³¥,C0S710,2017-02-04T19:00:00+08:00,313.0,268.0,0.9,17.0,-0.99,971.8,-99.0,0.5,-9.9,-99,-999,»OªF¿¤,22,³À³¥¶m,274
22.9186,121.1147,³À³¥,C0S710,2017-02-04T20:00:00+08:00,313.0,340.0,0.4,16.6,-0.99,972.3,-99.0,0.5,-9.9,-99,-999,»OªF¿¤,22,³À³¥¶m,274
22.9186,121.1147,³À³¥,C0S710,2017-02-04T21:00:00+08:00,313.0,353.0,0.7,16.4,-0.99,972.0,-99.0,1.0,-9.9,-99,-999,»OªF¿¤,22,³À³¥¶m,274
22.9186,121.1147,³À³¥,C0S710,2017-02-04T22:00:00+08:00,313.0,335.0,2.2,16.2,-0.99,971.8,-99.0,1.0,-9.9,-99,-999,»OªF¿¤,22,³À³¥¶m,274
22.9186,121.1147,³À³¥,C0S710,2017-02-04T23:00:00+08:00,313.0,50.0,0.9,16.8,-0.99,971.5,-99.0,1.0,-9.9,-99,-999,»OªF¿¤,22,³À³¥¶m,274
22.9186,121.1147,³À³¥,C0S710,2017-02-05T00:00:00+08:00,313.0,341.0,0.4,16.5,-0.99,971.5,-99.0,1.0,-9.9,-99,-999,»OªF¿¤,22,³À³¥¶m,274
22.9186,121.1147,³À³¥,C0S710,2017-02-05T01:00:00+08:00,313.0,0.0,0.0,16.5,-0.99,971.2,-99.0,0.0,-9.9,-99,-999,»OªF¿¤,22,³À³¥¶m,274
22.9186,121.1147,³À³¥,C0S710,2017-02-05T02:00:00+08:00,313.0,358.0,0.9,16.3,-0.99,970.6,-99.0,0.0,-9.9,-99,-999,»OªF¿¤,22,³À³¥¶m,274
22.9186,121.1147,³À³¥,C0S710,2017-02-05T03:00:00+08:00,313.0,326.0,0.8,16.2,-0.99,970.1,-99.0,0.0,-9.9,-99,-999,»OªF¿¤,22,³À³¥¶m,274
22.9186,121.1147,³À³¥,C0S710,2017-02-05T04:00:00+08:00,313.0,0.0,0.2,16.2,-0.99,969.5,-99.0,0.0,-9.9,-99,-999,»OªF¿¤,22,³À³¥¶m,274
22.9186,121.1147,³À³¥,C0S710,2017-02-05T05:00:00+08:00,313.0,357.0,0.9,16.2,-0.99,969.4,-99.0,0.0,-9.9,-99,-999,»OªF¿¤,22,³À³¥¶m,274
22.9186,121.1147,³À³¥,C0S710,2017-02-05T06:00:00+08:00,313.0,357.0,1.3,16.3,-0.99,970.0,-99.0,0.0,-9.9,-99,-999,»OªF¿¤,22,³À³¥¶m,274
22.9186,121.1147,³À³¥,C0S710,2017-02-05T07:00:00+08:00,313.0,353.0,1.1,16.1,-0.99,970.5,-99.0,0.0,-9.9,-99,-999,»OªF¿¤,22,³À³¥¶m,274
22.9186,121.1147,³À³¥,C0S710,2017-02-05T08:00:00+08:00,313.0,40.0,0.9,16.8,-0.99,970.9,-99.0,0.0,-9.9,-99,-999,»OªF¿¤,22,³À³¥¶m,274
22.9186,121.1147,³À³¥,C0S710,2017-02-05T10:00:00+08:00,313.0,48.0,2.4,20.1,-0.99,971.5,-99.0,0.0,-9.9,-99,-999,»OªF¿¤,22,³À³¥¶m,274
22.9186,121.1147,³À³¥,C0S710,2017-02-05T11:00:00+08:00,313.0,12.0,1.8,22.7,-0.99,971.0,-99.0,0.0,-9.9,-99,-999,»OªF¿¤,22,³À³¥¶m,274
22.9186,121.1147,³À³¥,C0S710,2017-02-05T12:00:00+08:00,313.0,37.0,1.3,22.1,-0.99,970.4,-99.0,0.5,-9.9,-99,-999,»OªF¿¤,22,³À³¥¶m,274
22.9186,121.1147,³À³¥,C0S710,2017-02-05T13:00:00+08:00,313.0,91.0,1.4,21.9,-0.99,969.6,-99.0,1.0,-9.9,-99,-999,»OªF¿¤,22,³À³¥¶m,274
22.9186,121.1147,³À³¥,C0S710,2017-02-05T14:00:00+08:00,313.0,49.0,1.5,22.1,-0.99,969.0,-99.0,1.0,-9.9,-99,-999,»OªF¿¤,22,³À³¥¶m,274
22.9186,121.1147,³À³¥,C0S710,2017-02-05T15:00:00+08:00,313.0,67.0,1.5,21.3,-0.99,969.0,-99.0,1.0,-9.9,-99,-999,»OªF¿¤,22,³À³¥¶m,274
22.9186,121.1147,³À³¥,C0S710,2017-02-05T16:00:00+08:00,313.0,42.0,1.7,20.7,-0.99,969.3,-99.0,1.0,-9.9,-99,-999,»OªF¿¤,22,³À³¥¶m,274
22.9186,121.1147,³À³¥,C0S710,2017-02-05T17:00:00+08:00,313.0,46.0,1.3,20.4,-0.99,969.3,-99.0,1.0,-9.9,-99,-999,»OªF¿¤,22,³À³¥¶m,274
22.9186,121.1147,³À³¥,C0S710,2017-02-05T18:00:00+08:00,313.0,34.0,2.7,19.5,-0.99,969.8,-99.0,1.0,-9.9,-99,-999,»OªF¿¤,22,³À³¥¶m,274
22.9186,121.1147,³À³¥,C0S710,2017-02-05T19:00:00+08:00,313.0,8.0,1.8,19.1,-0.99,970.9,-99.0,1.0,-9.9,-99,-999,»OªF¿¤,22,³À³¥¶m,274
22.9186,121.1147,³À³¥,C0S710,2017-02-05T20:00:00+08:00,313.0,360.0,4.6,18.3,-0.99,971.7,-99.0,1.0,-9.9,-99,-999,»OªF¿¤,22,³À³¥¶m,274
22.9186,121.1147,³À³¥,C0S710,2017-02-05T21:00:00+08:00,313.0,20.0,3.2,18.3,-0.99,972.0,-99.0,1.0,-9.9,-99,-999,»OªF¿¤,22,³À³¥¶m,274
22.9186,121.1147,³À³¥,C0S710,2017-02-05T22:00:00+08:00,313.0,4.0,3.1,17.8,-0.99,971.9,-99.0,1.0,-9.9,-99,-999,»OªF¿¤,22,³À³¥¶m,274
22.9186,121.1147,³À³¥,C0S710,2017-02-05T23:00:00+08:00,313.0,1.0,3.2,18.4,-0.99,971.8,-99.0,1.0,-9.9,-99,-999,»OªF¿¤,22,³À³¥¶m,274
22.9186,121.1147,³À³¥,C0S710,2017-02-06T00:00:00+08:00,313.0,11.0,3.7,17.3,-0.99,971.9,-99.0,1.0,-9.9,-99,-999,»OªF¿¤,22,³À³¥¶m,274
22.9186,121.1147,³À³¥,C0S710,2017-02-06T01:00:00+08:00,313.0,14.0,3.0,16.9,-0.99,971.8,-99.0,0.0,-9.9,-99,-999,»OªF¿¤,22,³À³¥¶m,274
22.9186,121.1147,³À³¥,C0S710,2017-02-06T02:00:00+08:00,313.0,12.0,3.1,16.6,-0.99,971.4,-99.0,0.0,-9.9,-99,-999,»OªF¿¤,22,³À³¥¶m,274
22.9186,121.1147,³À³¥,C0S710,2017-02-06T03:00:00+08:00,313.0,10.0,3.7,16.1,-0.99,970.8,-99.0,0.0,-9.9,-99,-999,»OªF¿¤,22,³À³¥¶m,274
22.9186,121.1147,³À³¥,C0S710,2017-02-06T04:00:00+08:00,313.0,6.0,3.9,16.4,-0.99,970.6,-99.0,0.0,-9.9,-99,-999,»OªF¿¤,22,³À³¥¶m,274
22.9186,121.1147,³À³¥,C0S710,2017-02-06T05:00:00+08:00,313.0,4.0,3.7,16.5,-0.99,971.4,-99.0,0.0,-9.9,-99,-999,»OªF¿¤,22,³À³¥¶m,274
22.9186,121.1147,³À³¥,C0S710,2017-02-06T06:00:00+08:00,313.0,6.0,4.5,16.4,-0.99,972.0,-99.0,0.0,-9.9,-99,-999,»OªF¿¤,22,³À³¥¶m,274
22.9186,121.1147,³À³¥,C0S710,2017-02-06T07:00:00+08:00,313.0,5.0,3.5,16.5,-0.99,973.0,-99.0,0.0,-9.9,-99,-999,»OªF¿¤,22,³À³¥¶m,274
22.9186,121.1147,³À³¥,C0S710,2017-02-06T08:00:00+08:00,313.0,2.0,4.3,16.8,-0.99,973.8,-99.0,0.0,-9.9,-99,-999,»OªF¿¤,22,³À³¥¶m,274
22.9186,121.1147,³À³¥,C0S710,2017-02-06T10:00:00+08:00,313.0,28.0,3.1,18.3,-0.99,974.7,-99.0,0.0,-9.9,-99,-999,»OªF¿¤,22,³À³¥¶m,274
22.9186,121.1147,³À³¥,C0S710,2017-02-06T11:00:00+08:00,313.0,17.0,3.2,18.6,-0.99,974.5,-99.0,0.0,-9.9,-99,-999,»OªF¿¤,22,³À³¥¶m,274
22.9186,121.1147,³À³¥,C0S710,2017-02-06T12:00:00+08:00,313.0,30.0,3.5,18.9,-0.99,973.6,-99.0,0.0,-9.9,-99,-999,»OªF¿¤,22,³À³¥¶m,274
22.9186,121.1147,³À³¥,C0S710,2017-02-06T13:00:00+08:00,313.0,4.0,4.0,19.1,-0.99,972.9,-99.0,0.0,-9.9,-99,-999,»OªF¿¤,22,³À³¥¶m,274
22.9186,121.1147,³À³¥,C0S710,2017-02-06T14:00:00+08:00,313.0,3.0,4.8,17.1,-0.99,972.6,-99.0,0.0,-9.9,-99,-999,»OªF¿¤,22,³À³¥¶m,274
22.9186,121.1147,³À³¥,C0S710,2017-02-06T15:00:00+08:00,313.0,358.0,5.3,16.3,-0.99,972.4,-99.0,0.0,-9.9,-99,-999,»OªF¿¤,22,³À³¥¶m,274
22.9186,121.1147,³À³¥,C0S710,2017-02-06T16:00:00+08:00,313.0,6.0,4.7,15.9,-0.99,972.9,-99.0,0.0,-9.9,-99,-999,»OªF¿¤,22,³À³¥¶m,274
22.9186,121.1147,³À³¥,C0S710,2017-02-06T17:00:00+08:00,313.0,1.0,5.9,15.3,-0.99,973.3,-99.0,0.0,-9.9,-99,-999,»OªF¿¤,22,³À³¥¶m,274
22.9186,121.1147,³À³¥,C0S710,2017-02-06T18:00:00+08:00,313.0,2.0,5.0,15.3,-0.99,974.0,-99.0,0.0,-9.9,-99,-999,»OªF¿¤,22,³À³¥¶m,274
22.9186,121.1147,³À³¥,C0S710,2017-02-06T19:00:00+08:00,313.0,8.0,3.9,15.2,-0.99,974.7,-99.0,0.0,-9.9,-99,-999,»OªF¿¤,22,³À³¥¶m,274
22.9186,121.1147,³À³¥,C0S710,2017-02-06T20:00:00+08:00,313.0,20.0,2.9,15.3,-0.99,975.2,-99.0,0.0,-9.9,-99,-999,»OªF¿¤,22,³À³¥¶m,274
22.9186,121.1147,³À³¥,C0S710,2017-02-06T21:00:00+08:00,313.0,31.0,2.4,15.2,-0.99,975.8,-99.0,0.0,-9.9,-99,-999,»OªF¿¤,22,³À³¥¶m,274
22.9186,121.1147,³À³¥,C0S710,2017-02-06T22:00:00+08:00,313.0,22.0,3.4,15.4,-0.99,975.7,-99.0,0.0,-9.9,-99,-999,»OªF¿¤,22,³À³¥¶m,274
22.9186,121.1147,³À³¥,C0S710,2017-02-06T23:00:00+08:00,313.0,6.0,4.4,15.4,-0.99,975.5,-99.0,0.0,-9.9,-99,-999,»OªF¿¤,22,³À³¥¶m,274
22.9186,121.1147,³À³¥,C0S710,2017-02-07T00:00:00+08:00,313.0,359.0,4.0,15.0,-0.99,975.4,-99.0,0.0,-9.9,-99,-999,»OªF¿¤,22,³À³¥¶m,274
22.9186,121.1147,³À³¥,C0S710,2017-02-07T01:00:00+08:00,313.0,18.0,2.7,15.0,-0.99,975.4,-99.0,0.0,-9.9,-99,-999,»OªF¿¤,22,³À³¥¶m,274
22.9186,121.1147,³À³¥,C0S710,2017-02-07T02:00:00+08:00,313.0,8.0,1.9,14.8,-0.99,975.2,-99.0,0.0,-9.9,-99,-999,»OªF¿¤,22,³À³¥¶m,274
22.9186,121.1147,³À³¥,C0S710,2017-02-07T03:00:00+08:00,313.0,8.0,2.7,14.9,-0.99,974.7,-99.0,0.0,-9.9,-99,-999,»OªF¿¤,22,³À³¥¶m,274
22.9186,121.1147,³À³¥,C0S710,2017-02-07T04:00:00+08:00,313.0,4.0,3.4,14.8,-0.99,974.7,-99.0,0.0,-9.9,-99,-999,»OªF¿¤,22,³À³¥¶m,274
22.9186,121.1147,³À³¥,C0S710,2017-02-07T05:00:00+08:00,313.0,359.0,4.0,15.0,-0.99,975.1,-99.0,0.0,-9.9,-99,-999,»OªF¿¤,22,³À³¥¶m,274
22.9186,121.1147,³À³¥,C0S710,2017-02-07T06:00:00+08:00,313.0,355.0,3.7,15.0,-0.99,975.6,-99.0,0.0,-9.9,-99,-999,»OªF¿¤,22,³À³¥¶m,274
22.9186,121.1147,³À³¥,C0S710,2017-02-07T07:00:00+08:00,313.0,356.0,3.1,15.0,-0.99,976.4,-99.0,0.0,-9.9,-99,-999,»OªF¿¤,22,³À³¥¶m,274
22.9186,121.1147,³À³¥,C0S710,2017-02-07T08:00:00+08:00,313.0,5.0,1.8,15.7,-0.99,977.0,-99.0,0.0,-9.9,-99,-999,»OªF¿¤,22,³À³¥¶m,274
22.9186,121.1147,³À³¥,C0S710,2017-02-07T10:00:00+08:00,313.0,20.0,2.5,17.9,-0.99,976.4,-99.0,0.0,-9.9,-99,-999,»OªF¿¤,22,³À³¥¶m,274
22.9186,121.1147,³À³¥,C0S710,2017-02-07T11:00:00+08:00,313.0,47.0,2.2,19.8,-0.99,975.6,-99.0,0.0,-9.9,-99,-999,»OªF¿¤,22,³À³¥¶m,274
22.9186,121.1147,³À³¥,C0S710,2017-02-07T12:00:00+08:00,313.0,66.0,1.1,20.4,-0.99,974.6,-99.0,0.0,-9.9,-99,-999,»OªF¿¤,22,³À³¥¶m,274
22.9186,121.1147,³À³¥,C0S710,2017-02-07T13:00:00+08:00,313.0,44.0,0.8,19.8,-0.99,973.5,-99.0,0.0,-9.9,-99,-999,»OªF¿¤,22,³À³¥¶m,274
22.9186,121.1147,³À³¥,C0S710,2017-02-07T14:00:00+08:00,313.0,28.0,0.8,20.3,-0.99,972.7,-99.0,0.0,-9.9,-99,-999,»OªF¿¤,22,³À³¥¶m,274
22.9186,121.1147,³À³¥,C0S710,2017-02-07T15:00:00+08:00,313.0,68.0,1.0,19.9,-0.99,972.6,-99.0,0.0,-9.9,-99,-999,»OªF¿¤,22,³À³¥¶m,274
22.9186,121.1147,³À³¥,C0S710,2017-02-07T16:00:00+08:00,313.0,50.0,2.5,18.1,-0.99,972.8,-99.0,0.0,-9.9,-99,-999,»OªF¿¤,22,³À³¥¶m,274
22.9186,121.1147,³À³¥,C0S710,2017-02-07T17:00:00+08:00,313.0,41.0,1.9,17.6,-0.99,973.5,-99.0,0.0,-9.9,-99,-999,»OªF¿¤,22,³À³¥¶m,274
22.9186,121.1147,³À³¥,C0S710,2017-02-07T18:00:00+08:00,313.0,16.0,2.2,16.9,-0.99,973.9,-99.0,0.0,-9.9,-99,-999,»OªF¿¤,22,³À³¥¶m,274
22.9186,121.1147,³À³¥,C0S710,2017-02-07T19:00:00+08:00,313.0,15.0,2.2,16.5,-0.99,974.3,-99.0,0.0,-9.9,-99,-999,»OªF¿¤,22,³À³¥¶m,274
22.9186,121.1147,³À³¥,C0S710,2017-02-07T20:00:00+08:00,313.0,356.0,2.8,16.1,-0.99,974.5,-99.0,0.0,-9.9,-99,-999,»OªF¿¤,22,³À³¥¶m,274
22.9186,121.1147,³À³¥,C0S710,2017-02-07T21:00:00+08:00,313.0,41.0,2.5,15.9,-0.99,974.6,-99.0,0.0,-9.9,-99,-999,»OªF¿¤,22,³À³¥¶m,274
22.9186,121.1147,³À³¥,C0S710,2017-02-07T22:00:00+08:00,313.0,7.0,2.3,15.7,-0.99,974.6,-99.0,0.0,-9.9,-99,-999,»OªF¿¤,22,³À³¥¶m,274
22.9186,121.1147,³À³¥,C0S710,2017-02-07T23:00:00+08:00,313.0,348.0,1.9,15.5,-0.99,974.3,-99.0,0.0,-9.9,-99,-999,»OªF¿¤,22,³À³¥¶m,274
22.9186,121.1147,³À³¥,C0S710,2017-02-08T00:00:00+08:00,313.0,349.0,1.9,15.5,-0.99,973.9,-99.0,0.0,-9.9,-99,-999,»OªF¿¤,22,³À³¥¶m,274
22.9186,121.1147,³À³¥,C0S710,2017-02-08T01:00:00+08:00,313.0,347.0,1.7,15.6,-0.99,973.8,-99.0,0.0,-9.9,-99,-999,»OªF¿¤,22,³À³¥¶m,274
22.9186,121.1147,³À³¥,C0S710,2017-02-08T02:00:00+08:00,313.0,356.0,2.0,14.6,-0.99,973.0,-99.0,0.0,-9.9,-99,-999,»OªF¿¤,22,³À³¥¶m,274
22.9186,121.1147,³À³¥,C0S710,2017-02-08T03:00:00+08:00,313.0,343.0,1.9,14.1,-0.99,972.8,-99.0,0.0,-9.9,-99,-999,»OªF¿¤,22,³À³¥¶m,274
22.9186,121.1147,³À³¥,C0S710,2017-02-08T04:00:00+08:00,313.0,5.0,1.2,14.7,-0.99,972.3,-99.0,0.0,-9.9,-99,-999,»OªF¿¤,22,³À³¥¶m,274
22.9186,121.1147,³À³¥,C0S710,2017-02-08T05:00:00+08:00,313.0,0.0,0.2,14.1,-0.99,972.1,-99.0,0.0,-9.9,-99,-999,»OªF¿¤,22,³À³¥¶m,274
22.9186,121.1147,³À³¥,C0S710,2017-02-08T06:00:00+08:00,313.0,248.0,0.3,14.6,-0.99,972.5,-99.0,0.0,-9.9,-99,-999,»OªF¿¤,22,³À³¥¶m,274
22.9186,121.1147,³À³¥,C0S710,2017-02-08T07:00:00+08:00,313.0,0.0,0.0,14.5,-0.99,972.7,-99.0,0.0,-9.9,-99,-999,»OªF¿¤,22,³À³¥¶m,274
22.9186,121.1147,³À³¥,C0S710,2017-02-08T08:00:00+08:00,313.0,335.0,1.1,16.5,-0.99,973.1,-99.0,0.0,-9.9,-99,-999,»OªF¿¤,22,³À³¥¶m,274
22.9186,121.1147,³À³¥,C0S710,2017-02-08T10:00:00+08:00,313.0,287.0,0.7,20.7,-0.99,973.1,-99.0,0.0,-9.9,-99,-999,»OªF¿¤,22,³À³¥¶m,274
22.9186,121.1147,³À³¥,C0S710,2017-02-08T11:00:00+08:00,313.0,162.0,1.0,21.8,-0.99,972.5,-99.0,0.0,-9.9,-99,-999,»OªF¿¤,22,³À³¥¶m,274
22.9186,121.1147,³À³¥,C0S710,2017-02-08T12:00:00+08:00,313.0,175.0,1.1,22.0,-0.99,971.5,-99.0,0.0,-9.9,-99,-999,»OªF¿¤,22,³À³¥¶m,274
22.9186,121.1147,³À³¥,C0S710,2017-02-08T13:00:00+08:00,313.0,148.0,1.8,22.6,-0.99,970.5,-99.0,0.0,-9.9,-99,-999,»OªF¿¤,22,³À³¥¶m,274
22.9186,121.1147,³À³¥,C0S710,2017-02-08T14:00:00+08:00,313.0,155.0,1.3,21.3,-0.99,969.9,-99.0,0.0,-9.9,-99,-999,»OªF¿¤,22,³À³¥¶m,274
22.9186,121.1147,³À³¥,C0S710,2017-02-08T15:00:00+08:00,313.0,195.0,1.1,20.4,-0.99,969.5,-99.0,0.0,-9.9,-99,-999,»OªF¿¤,22,³À³¥¶m,274
22.9186,121.1147,³À³¥,C0S710,2017-02-08T16:00:00+08:00,313.0,197.0,0.4,19.6,-0.99,969.8,-99.0,0.0,-9.9,-99,-999,»OªF¿¤,22,³À³¥¶m,274
22.9186,121.1147,³À³¥,C0S710,2017-02-08T17:00:00+08:00,313.0,235.0,0.9,19.2,-0.99,970.1,-99.0,0.0,-9.9,-99,-999,»OªF¿¤,22,³À³¥¶m,274
22.9186,121.1147,³À³¥,C0S710,2017-02-08T18:00:00+08:00,313.0,242.0,1.0,18.6,-0.99,970.3,-99.0,0.0,-9.9,-99,-999,»OªF¿¤,22,³À³¥¶m,274
22.9186,121.1147,³À³¥,C0S710,2017-02-08T19:00:00+08:00,313.0,0.0,0.2,18.5,-0.99,970.7,-99.0,0.0,-9.9,-99,-999,»OªF¿¤,22,³À³¥¶m,274
22.9186,121.1147,³À³¥,C0S710,2017-02-08T20:00:00+08:00,313.0,1.0,0.6,18.3,-0.99,971.2,-99.0,0.0,-9.9,-99,-999,»OªF¿¤,22,³À³¥¶m,274
22.9186,121.1147,³À³¥,C0S710,2017-02-08T21:00:00+08:00,313.0,32.0,0.5,17.9,-0.99,971.7,-99.0,0.0,-9.9,-99,-999,»OªF¿¤,22,³À³¥¶m,274
22.9186,121.1147,³À³¥,C0S710,2017-02-08T22:00:00+08:00,313.0,23.0,0.8,17.4,-0.99,971.7,-99.0,0.0,-9.9,-99,-999,»OªF¿¤,22,³À³¥¶m,274
22.9186,121.1147,³À³¥,C0S710,2017-02-08T23:00:00+08:00,313.0,357.0,1.8,16.8,-0.99,971.6,-99.0,0.0,-9.9,-99,-999,»OªF¿¤,22,³À³¥¶m,274
22.9186,121.1147,³À³¥,C0S710,2017-02-09T00:00:00+08:00,313.0,347.0,0.3,16.9,-0.99,971.7,-99.0,0.0,-9.9,-99,-999,»OªF¿¤,22,³À³¥¶m,274
22.9186,121.1147,³À³¥,C0S710,2017-02-09T01:00:00+08:00,313.0,0.0,0.1,16.8,-0.99,971.6,-99.0,0.0,-9.9,-99,-999,»OªF¿¤,22,³À³¥¶m,274
22.9186,121.1147,³À³¥,C0S710,2017-02-09T02:00:00+08:00,313.0,304.0,0.4,16.7,-0.99,971.5,-99.0,0.0,-9.9,-99,-999,»OªF¿¤,22,³À³¥¶m,274
22.9186,121.1147,³À³¥,C0S710,2017-02-09T03:00:00+08:00,313.0,321.0,1.0,16.1,-0.99,971.3,-99.0,0.0,-9.9,-99,-999,»OªF¿¤,22,³À³¥¶m,274
22.9186,121.1147,³À³¥,C0S710,2017-02-09T04:00:00+08:00,313.0,216.0,0.3,16.6,-0.99,970.9,-99.0,0.0,-9.9,-99,-999,»OªF¿¤,22,³À³¥¶m,274
22.9186,121.1147,³À³¥,C0S710,2017-02-09T05:00:00+08:00,313.0,344.0,0.8,16.2,-0.99,971.1,-99.0,0.0,-9.9,-99,-999,»OªF¿¤,22,³À³¥¶m,274
22.9186,121.1147,³À³¥,C0S710,2017-02-09T06:00:00+08:00,313.0,31.0,1.7,16.0,-0.99,972.0,-99.0,0.0,-9.9,-99,-999,»OªF¿¤,22,³À³¥¶m,274
22.9186,121.1147,³À³¥,C0S710,2017-02-09T07:00:00+08:00,313.0,3.0,4.4,14.3,-0.99,972.9,-99.0,0.0,-9.9,-99,-999,»OªF¿¤,22,³À³¥¶m,274
22.9186,121.1147,³À³¥,C0S710,2017-02-09T08:00:00+08:00,313.0,1.0,4.5,14.1,-0.99,973.4,-99.0,0.0,-9.9,-99,-999,»OªF¿¤,22,³À³¥¶m,274
22.9186,121.1147,³À³¥,C0S710,2017-02-09T10:00:00+08:00,313.0,5.0,2.4,14.6,-0.99,974.1,-99.0,0.0,-9.9,-99,-999,»OªF¿¤,22,³À³¥¶m,274
22.9186,121.1147,³À³¥,C0S710,2017-02-09T11:00:00+08:00,313.0,13.0,2.0,14.4,-0.99,973.7,-99.0,0.0,-9.9,-99,-999,»OªF¿¤,22,³À³¥¶m,274
22.9186,121.1147,³À³¥,C0S710,2017-02-09T12:00:00+08:00,313.0,10.0,1.8,13.8,-0.99,973.4,-99.0,0.0,-9.9,-99,-999,»OªF¿¤,22,³À³¥¶m,274
22.9186,121.1147,³À³¥,C0S710,2017-02-09T13:00:00+08:00,313.0,41.0,1.9,13.2,-0.99,972.8,-99.0,0.0,-9.9,-99,-999,»OªF¿¤,22,³À³¥¶m,274
22.9186,121.1147,³À³¥,C0S710,2017-02-09T14:00:00+08:00,313.0,28.0,1.4,13.2,-0.99,972.1,-99.0,0.0,-9.9,-99,-999,»OªF¿¤,22,³À³¥¶m,274
22.9186,121.1147,³À³¥,C0S710,2017-02-09T15:00:00+08:00,313.0,359.0,2.0,13.0,-0.99,971.5,-99.0,0.0,-9.9,-99,-999,»OªF¿¤,22,³À³¥¶m,274
22.9186,121.1147,³À³¥,C0S710,2017-02-09T16:00:00+08:00,313.0,7.0,2.3,12.4,-0.99,972.2,-99.0,0.5,-9.9,-99,-999,»OªF¿¤,22,³À³¥¶m,274
22.9186,121.1147,³À³¥,C0S710,2017-02-09T17:00:00+08:00,313.0,9.0,3.0,11.8,-0.99,972.8,-99.0,1.0,-9.9,-99,-999,»OªF¿¤,22,³À³¥¶m,274
22.9186,121.1147,³À³¥,C0S710,2017-02-09T18:00:00+08:00,313.0,29.0,2.1,11.7,-0.99,973.3,-99.0,1.5,-9.9,-99,-999,»OªF¿¤,22,³À³¥¶m,274
22.9186,121.1147,³À³¥,C0S710,2017-02-09T19:00:00+08:00,313.0,14.0,1.6,11.4,-0.99,973.9,-99.0,1.5,-9.9,-99,-999,»OªF¿¤,22,³À³¥¶m,274
22.9186,121.1147,³À³¥,C0S710,2017-02-09T20:00:00+08:00,313.0,3.0,3.1,11.2,-0.99,974.5,-99.0,2.0,-9.9,-99,-999,»OªF¿¤,22,³À³¥¶m,274
22.9186,121.1147,³À³¥,C0S710,2017-02-09T21:00:00+08:00,313.0,1.0,3.8,10.5,-0.99,974.9,-99.0,2.0,-9.9,-99,-999,»OªF¿¤,22,³À³¥¶m,274
22.9186,121.1147,³À³¥,C0S710,2017-02-09T22:00:00+08:00,313.0,18.0,2.3,10.3,-0.99,975.2,-99.0,2.0,-9.9,-99,-999,»OªF¿¤,22,³À³¥¶m,274
22.9186,121.1147,³À³¥,C0S710,2017-02-09T23:00:00+08:00,313.0,16.0,2.5,10.0,-0.99,975.5,-99.0,2.0,-9.9,-99,-999,»OªF¿¤,22,³À³¥¶m,274
22.9186,121.1147,³À³¥,C0S710,2017-02-10T00:00:00+08:00,313.0,7.0,2.4,10.0,-0.99,975.8,-99.0,2.0,-9.9,-99,-999,»OªF¿¤,22,³À³¥¶m,274
22.9186,121.1147,³À³¥,C0S710,2017-02-10T01:00:00+08:00,313.0,6.0,3.2,9.9,-0.99,975.8,-99.0,0.0,-9.9,-99,-999,»OªF¿¤,22,³À³¥¶m,274
22.9186,121.1147,³À³¥,C0S710,2017-02-10T02:00:00+08:00,313.0,13.0,2.4,9.9,-0.99,975.4,-99.0,0.0,-9.9,-99,-999,»OªF¿¤,22,³À³¥¶m,274
22.9186,121.1147,³À³¥,C0S710,2017-02-10T03:00:00+08:00,313.0,18.0,2.0,9.8,-0.99,975.4,-99.0,0.0,-9.9,-99,-999,»OªF¿¤,22,³À³¥¶m,274
22.9186,121.1147,³À³¥,C0S710,2017-02-10T04:00:00+08:00,313.0,9.0,3.0,9.7,-0.99,975.6,-99.0,0.0,-9.9,-99,-999,»OªF¿¤,22,³À³¥¶m,274
22.9186,121.1147,³À³¥,C0S710,2017-02-10T05:00:00+08:00,313.0,13.0,1.9,9.6,-0.99,975.8,-99.0,0.0,-9.9,-99,-999,»OªF¿¤,22,³À³¥¶m,274
22.9186,121.1147,³À³¥,C0S710,2017-02-10T06:00:00+08:00,313.0,3.0,2.9,9.8,-0.99,976.3,-99.0,0.0,-9.9,-99,-999,»OªF¿¤,22,³À³¥¶m,274
22.9186,121.1147,³À³¥,C0S710,2017-02-10T07:00:00+08:00,313.0,15.0,1.5,9.7,-0.99,977.1,-99.0,0.0,-9.9,-99,-999,»OªF¿¤,22,³À³¥¶m,274
22.9186,121.1147,³À³¥,C0S710,2017-02-10T08:00:00+08:00,313.0,7.0,2.1,9.9,-0.99,977.6,-99.0,0.0,-9.9,-99,-999,»OªF¿¤,22,³À³¥¶m,274
22.9186,121.1147,³À³¥,C0S710,2017-02-10T09:00:00+08:00,313.0,22.0,1.6,9.9,-0.99,978.3,-99.0,0.0,-9.9,-99,-999,»OªF¿¤,22,³À³¥¶m,274
22.9186,121.1147,³À³¥,C0S710,2017-02-10T10:00:00+08:00,313.0,4.0,2.0,10.3,-0.99,978.5,-99.0,0.0,-9.9,-99,-999,»OªF¿¤,22,³À³¥¶m,274
22.9186,121.1147,³À³¥,C0S710,2017-02-10T11:00:00+08:00,313.0,10.0,2.7,10.5,-0.99,978.3,-99.0,0.0,-9.9,-99,-999,»OªF¿¤,22,³À³¥¶m,274
22.9186,121.1147,³À³¥,C0S710,2017-02-10T12:00:00+08:00,313.0,10.0,2.5,11.1,-0.99,977.5,-99.0,0.0,-9.9,-99,-999,»OªF¿¤,22,³À³¥¶m,274
22.9186,121.1147,³À³¥,C0S710,2017-02-10T13:00:00+08:00,313.0,19.0,2.3,11.1,-0.99,976.9,-99.0,0.0,-9.9,-99,-999,»OªF¿¤,22,³À³¥¶m,274
22.9186,121.1147,³À³¥,C0S710,2017-02-10T14:00:00+08:00,313.0,13.0,2.5,10.9,-0.99,976.3,-99.0,0.0,-9.9,-99,-999,»OªF¿¤,22,³À³¥¶m,274
22.9186,121.1147,³À³¥,C0S710,2017-02-10T15:00:00+08:00,313.0,11.0,2.7,10.4,-0.99,976.1,-99.0,0.0,-9.9,-99,-999,»OªF¿¤,22,³À³¥¶m,274
22.9186,121.1147,³À³¥,C0S710,2017-02-10T16:00:00+08:00,313.0,10.0,3.2,10.2,-0.99,976.4,-99.0,0.0,-9.9,-99,-999,»OªF¿¤,22,³À³¥¶m,274
22.9186,121.1147,³À³¥,C0S710,2017-02-10T17:00:00+08:00,313.0,8.0,3.5,9.8,-0.99,976.9,-99.0,0.0,-9.9,-99,-999,»OªF¿¤,22,³À³¥¶m,274
22.9186,121.1147,³À³¥,C0S710,2017-02-10T18:00:00+08:00,313.0,10.0,3.1,9.7,-0.99,977.4,-99.0,0.0,-9.9,-99,-999,»OªF¿¤,22,³À³¥¶m,274
22.9186,121.1147,³À³¥,C0S710,2017-02-10T19:00:00+08:00,313.0,7.0,3.0,9.4,-0.99,978.0,-99.0,0.0,-9.9,-99,-999,»OªF¿¤,22,³À³¥¶m,274
22.9186,121.1147,³À³¥,C0S710,2017-02-10T20:00:00+08:00,313.0,4.0,3.6,9.4,-0.99,978.5,-99.0,0.5,-9.9,-99,-999,»OªF¿¤,22,³À³¥¶m,274
22.9186,121.1147,³À³¥,C0S710,2017-02-10T21:00:00+08:00,313.0,3.0,2.9,9.1,-0.99,979.2,-99.0,1.5,-9.9,-99,-999,»OªF¿¤,22,³À³¥¶m,274
22.9186,121.1147,³À³¥,C0S710,2017-02-10T22:00:00+08:00,313.0,359.0,3.2,9.0,-0.99,979.6,-99.0,1.5,-9.9,-99,-999,»OªF¿¤,22,³À³¥¶m,274
22.9186,121.1147,³À³¥,C0S710,2017-02-10T23:00:00+08:00,313.0,8.0,2.7,9.0,-0.99,980.0,-99.0,2.0,-9.9,-99,-999,»OªF¿¤,22,³À³¥¶m,274
22.9186,121.1147,³À³¥,C0S710,2017-02-11T00:00:00+08:00,313.0,5.0,2.4,9.2,-0.99,979.7,-99.0,2.0,-9.9,-99,-999,»OªF¿¤,22,³À³¥¶m,274
22.9186,121.1147,³À³¥,C0S710,2017-02-11T01:00:00+08:00,313.0,10.0,2.4,9.1,-0.99,979.8,-99.0,0.0,-9.9,-99,-999,»OªF¿¤,22,³À³¥¶m,274
22.9186,121.1147,³À³¥,C0S710,2017-02-11T02:00:00+08:00,313.0,7.0,2.9,8.8,-0.99,979.5,-99.0,0.5,-9.9,-99,-999,»OªF¿¤,22,³À³¥¶m,274
22.9186,121.1147,³À³¥,C0S710,2017-02-11T03:00:00+08:00,313.0,11.0,2.5,8.6,-0.99,979.5,-99.0,0.5,-9.9,-99,-999,»OªF¿¤,22,³À³¥¶m,274
22.9186,121.1147,³À³¥,C0S710,2017-02-11T04:00:00+08:00,313.0,7.0,2.7,8.4,-0.99,979.6,-99.0,1.0,-9.9,-99,-999,»OªF¿¤,22,³À³¥¶m,274
22.9186,121.1147,³À³¥,C0S710,2017-02-11T05:00:00+08:00,313.0,16.0,2.3,8.3,-0.99,980.0,-99.0,1.5,-9.9,-99,-999,»OªF¿¤,22,³À³¥¶m,274
22.9186,121.1147,³À³¥,C0S710,2017-02-11T06:00:00+08:00,313.0,5.0,3.7,8.3,-0.99,980.8,-99.0,1.5,-9.9,-99,-999,»OªF¿¤,22,³À³¥¶m,274
22.9186,121.1147,³À³¥,C0S710,2017-02-11T07:00:00+08:00,313.0,13.0,2.9,8.2,-0.99,981.4,-99.0,2.0,-9.9,-99,-999,»OªF¿¤,22,³À³¥¶m,274
22.9186,121.1147,³À³¥,C0S710,2017-02-11T08:00:00+08:00,313.0,16.0,2.7,8.2,-0.99,982.2,-99.0,2.0,-9.9,-99,-999,»OªF¿¤,22,³À³¥¶m,274
22.9186,121.1147,³À³¥,C0S710,2017-02-11T09:00:00+08:00,313.0,16.0,1.8,8.4,-0.99,982.8,-99.0,2.5,-9.9,-99,-999,»OªF¿¤,22,³À³¥¶m,274
22.9186,121.1147,³À³¥,C0S710,2017-02-11T10:00:00+08:00,313.0,11.0,2.7,8.3,-0.99,983.0,-99.0,2.5,-9.9,-99,-999,»OªF¿¤,22,³À³¥¶m,274
22.9186,121.1147,³À³¥,C0S710,2017-02-11T11:00:00+08:00,313.0,7.0,2.6,8.3,-0.99,982.4,-99.0,2.5,-9.9,-99,-999,»OªF¿¤,22,³À³¥¶m,274
22.9186,121.1147,³À³¥,C0S710,2017-02-11T12:00:00+08:00,313.0,29.0,2.1,8.7,-0.99,981.7,-99.0,2.5,-9.9,-99,-999,»OªF¿¤,22,³À³¥¶m,274
22.9186,121.1147,³À³¥,C0S710,2017-02-11T13:00:00+08:00,313.0,10.0,2.2,9.1,-0.99,980.9,-99.0,3.0,-9.9,-99,-999,»OªF¿¤,22,³À³¥¶m,274
22.9186,121.1147,³À³¥,C0S710,2017-02-11T14:00:00+08:00,313.0,4.0,2.4,9.7,-0.99,980.4,-99.0,3.0,-9.9,-99,-999,»OªF¿¤,22,³À³¥¶m,274
22.9186,121.1147,³À³¥,C0S710,2017-02-11T15:00:00+08:00,313.0,8.0,2.3,10.0,-0.99,980.2,-99.0,3.0,-9.9,-99,-999,»OªF¿¤,22,³À³¥¶m,274
22.9186,121.1147,³À³¥,C0S710,2017-02-11T16:00:00+08:00,313.0,6.0,2.8,9.6,-0.99,980.5,-99.0,3.0,-9.9,-99,-999,»OªF¿¤,22,³À³¥¶m,274
22.9186,121.1147,³À³¥,C0S710,2017-02-11T17:00:00+08:00,313.0,11.0,1.5,9.3,-0.99,981.0,-99.0,3.0,-9.9,-99,-999,»OªF¿¤,22,³À³¥¶m,274
22.9186,121.1147,³À³¥,C0S710,2017-02-11T18:00:00+08:00,313.0,10.0,1.1,9.0,-0.99,981.5,-99.0,3.0,-9.9,-99,-999,»OªF¿¤,22,³À³¥¶m,274
22.9186,121.1147,³À³¥,C0S710,2017-02-11T19:00:00+08:00,313.0,360.0,3.2,9.0,-0.99,982.1,-99.0,3.0,-9.9,-99,-999,»OªF¿¤,22,³À³¥¶m,274
22.9186,121.1147,³À³¥,C0S710,2017-02-11T20:00:00+08:00,313.0,23.0,1.6,8.7,-0.99,982.3,-99.0,3.5,-9.9,-99,-999,»OªF¿¤,22,³À³¥¶m,274
22.9186,121.1147,³À³¥,C0S710,2017-02-11T21:00:00+08:00,313.0,2.0,2.9,8.6,-0.99,982.7,-99.0,3.5,-9.9,-99,-999,»OªF¿¤,22,³À³¥¶m,274
22.9186,121.1147,³À³¥,C0S710,2017-02-11T22:00:00+08:00,313.0,358.0,2.9,9.0,-0.99,983.0,-99.0,3.5,-9.9,-99,-999,»OªF¿¤,22,³À³¥¶m,274
22.9186,121.1147,³À³¥,C0S710,2017-02-11T23:00:00+08:00,313.0,7.0,2.3,9.3,-0.99,982.9,-99.0,3.5,-9.9,-99,-999,»OªF¿¤,22,³À³¥¶m,274
22.9186,121.1147,³À³¥,C0S710,2017-02-12T00:00:00+08:00,313.0,358.0,2.8,9.1,-0.99,983.0,-99.0,3.5,-9.9,-99,-999,»OªF¿¤,22,³À³¥¶m,274
22.9186,121.1147,³À³¥,C0S710,2017-02-12T01:00:00+08:00,313.0,359.0,2.6,9.1,-0.99,982.8,-99.0,0.5,-9.9,-99,-999,»OªF¿¤,22,³À³¥¶m,274
22.9186,121.1147,³À³¥,C0S710,2017-02-12T02:00:00+08:00,313.0,20.0,1.6,8.7,-0.99,982.4,-99.0,0.5,-9.9,-99,-999,»OªF¿¤,22,³À³¥¶m,274
22.9186,121.1147,³À³¥,C0S710,2017-02-12T03:00:00+08:00,313.0,9.0,2.3,8.6,-0.99,981.9,-99.0,0.5,-9.9,-99,-999,»OªF¿¤,22,³À³¥¶m,274
22.9186,121.1147,³À³¥,C0S710,2017-02-12T04:00:00+08:00,313.0,24.0,1.4,8.4,-0.99,981.6,-99.0,0.5,-9.9,-99,-999,»OªF¿¤,22,³À³¥¶m,274
22.9186,121.1147,³À³¥,C0S710,2017-02-12T05:00:00+08:00,313.0,14.0,1.7,8.6,-0.99,981.8,-99.0,0.5,-9.9,-99,-999,»OªF¿¤,22,³À³¥¶m,274
22.9186,121.1147,³À³¥,C0S710,2017-02-12T06:00:00+08:00,313.0,360.0,2.6,8.7,-0.99,982.2,-99.0,0.5,-9.9,-99,-999,»OªF¿¤,22,³À³¥¶m,274
22.9186,121.1147,³À³¥,C0S710,2017-02-12T07:00:00+08:00,313.0,9.0,2.3,9.0,-0.99,982.5,-99.0,1.0,-9.9,-99,-999,»OªF¿¤,22,³À³¥¶m,274
22.9186,121.1147,³À³¥,C0S710,2017-02-12T08:00:00+08:00,313.0,1.0,2.4,9.4,-0.99,983.0,-99.0,1.0,-9.9,-99,-999,»OªF¿¤,22,³À³¥¶m,274
22.9186,121.1147,³À³¥,C0S710,2017-02-12T10:00:00+08:00,313.0,359.0,2.4,10.4,-0.99,983.3,-99.0,1.0,-9.9,-99,-999,»OªF¿¤,22,³À³¥¶m,274
22.9186,121.1147,³À³¥,C0S710,2017-02-12T11:00:00+08:00,313.0,31.0,1.4,10.5,-0.99,983.1,-99.0,1.0,-9.9,-99,-999,»OªF¿¤,22,³À³¥¶m,274
22.9186,121.1147,³À³¥,C0S710,2017-02-12T12:00:00+08:00,313.0,27.0,1.4,10.8,-0.99,982.6,-99.0,1.0,-9.9,-99,-999,»OªF¿¤,22,³À³¥¶m,274
22.9186,121.1147,³À³¥,C0S710,2017-02-12T13:00:00+08:00,313.0,359.0,1.2,10.9,-0.99,981.7,-99.0,1.0,-9.9,-99,-999,»OªF¿¤,22,³À³¥¶m,274
22.9186,121.1147,³À³¥,C0S710,2017-02-12T14:00:00+08:00,313.0,360.0,2.5,11.7,-0.99,980.7,-99.0,1.0,-9.9,-99,-999,»OªF¿¤,22,³À³¥¶m,274
22.9186,121.1147,³À³¥,C0S710,2017-02-12T15:00:00+08:00,313.0,1.0,1.8,11.5,-0.99,980.4,-99.0,1.0,-9.9,-99,-999,»OªF¿¤,22,³À³¥¶m,274
22.9186,121.1147,³À³¥,C0S710,2017-02-12T16:00:00+08:00,313.0,3.0,2.5,11.5,-0.99,980.6,-99.0,1.0,-9.9,-99,-999,»OªF¿¤,22,³À³¥¶m,274
22.9186,121.1147,³À³¥,C0S710,2017-02-12T17:00:00+08:00,313.0,5.0,2.8,11.6,-0.99,980.9,-99.0,1.0,-9.9,-99,-999,»OªF¿¤,22,³À³¥¶m,274
22.9186,121.1147,³À³¥,C0S710,2017-02-12T18:00:00+08:00,313.0,6.0,3.0,11.6,-0.99,981.3,-99.0,1.0,-9.9,-99,-999,»OªF¿¤,22,³À³¥¶m,274
22.9186,121.1147,³À³¥,C0S710,2017-02-12T19:00:00+08:00,313.0,13.0,2.5,11.6,-0.99,982.0,-99.0,1.0,-9.9,-99,-999,»OªF¿¤,22,³À³¥¶m,274
22.9186,121.1147,³À³¥,C0S710,2017-02-12T20:00:00+08:00,313.0,13.0,2.3,11.2,-0.99,982.5,-99.0,1.0,-9.9,-99,-999,»OªF¿¤,22,³À³¥¶m,274
22.9186,121.1147,³À³¥,C0S710,2017-02-12T21:00:00+08:00,313.0,5.0,2.7,10.9,-0.99,982.7,-99.0,1.0,-9.9,-99,-999,»OªF¿¤,22,³À³¥¶m,274
22.9186,121.1147,³À³¥,C0S710,2017-02-12T22:00:00+08:00,313.0,5.0,2.1,10.9,-0.99,982.9,-99.0,1.0,-9.9,-99,-999,»OªF¿¤,22,³À³¥¶m,274
22.9186,121.1147,³À³¥,C0S710,2017-02-12T23:00:00+08:00,313.0,7.0,1.6,10.9,-0.99,982.7,-99.0,1.0,-9.9,-99,-999,»OªF¿¤,22,³À³¥¶m,274
22.9186,121.1147,³À³¥,C0S710,2017-02-13T00:00:00+08:00,313.0,1.0,2.6,10.5,-0.99,982.3,-99.0,1.0,-9.9,-99,-999,»OªF¿¤,22,³À³¥¶m,274
22.9186,121.1147,³À³¥,C0S710,2017-02-13T01:00:00+08:00,313.0,4.0,2.6,11.1,-0.99,982.2,-99.0,0.0,-9.9,-99,-999,»OªF¿¤,22,³À³¥¶m,274
22.9186,121.1147,³À³¥,C0S710,2017-02-13T02:00:00+08:00,313.0,1.0,3.1,11.4,-0.99,981.8,-99.0,0.0,-9.9,-99,-999,»OªF¿¤,22,³À³¥¶m,274
22.9186,121.1147,³À³¥,C0S710,2017-02-13T03:00:00+08:00,313.0,1.0,3.0,11.5,-0.99,981.7,-99.0,0.0,-9.9,-99,-999,»OªF¿¤,22,³À³¥¶m,274
22.9186,121.1147,³À³¥,C0S710,2017-02-13T04:00:00+08:00,313.0,25.0,1.4,11.3,-0.99,982.0,-99.0,0.0,-9.9,-99,-999,»OªF¿¤,22,³À³¥¶m,274
22.9186,121.1147,³À³¥,C0S710,2017-02-13T05:00:00+08:00,313.0,37.0,1.2,10.8,-0.99,982.2,-99.0,0.0,-9.9,-99,-999,»OªF¿¤,22,³À³¥¶m,274
22.9186,121.1147,³À³¥,C0S710,2017-02-13T06:00:00+08:00,313.0,16.0,2.0,11.5,-0.99,982.9,-99.0,0.0,-9.9,-99,-999,»OªF¿¤,22,³À³¥¶m,274
22.9186,121.1147,³À³¥,C0S710,2017-02-13T07:00:00+08:00,313.0,11.0,1.8,11.5,-0.99,983.6,-99.0,0.0,-9.9,-99,-999,»OªF¿¤,22,³À³¥¶m,274
22.9186,121.1147,³À³¥,C0S710,2017-02-13T08:00:00+08:00,313.0,35.0,2.7,12.3,-0.99,983.9,-99.0,0.0,-9.9,-99,-999,»OªF¿¤,22,³À³¥¶m,274
22.9186,121.1147,³À³¥,C0S710,2017-02-13T10:00:00+08:00,313.0,23.0,2.6,14.9,-0.99,984.3,-99.0,0.5,-9.9,-99,-999,»OªF¿¤,22,³À³¥¶m,274
22.9186,121.1147,³À³¥,C0S710,2017-02-13T11:00:00+08:00,313.0,36.0,2.5,18.1,-0.99,983.8,-99.0,0.5,-9.9,-99,-999,»OªF¿¤,22,³À³¥¶m,274
22.9186,121.1147,³À³¥,C0S710,2017-02-13T12:00:00+08:00,313.0,36.0,1.7,18.1,-0.99,983.2,-99.0,0.5,-9.9,-99,-999,»OªF¿¤,22,³À³¥¶m,274
22.9186,121.1147,³À³¥,C0S710,2017-02-13T13:00:00+08:00,313.0,47.0,1.4,18.3,-0.99,982.3,-99.0,0.5,-9.9,-99,-999,»OªF¿¤,22,³À³¥¶m,274
22.9186,121.1147,³À³¥,C0S710,2017-02-13T14:00:00+08:00,313.0,61.0,2.5,16.9,-0.99,981.9,-99.0,0.5,-9.9,-99,-999,»OªF¿¤,22,³À³¥¶m,274
22.9186,121.1147,³À³¥,C0S710,2017-02-13T15:00:00+08:00,313.0,11.0,1.6,16.0,-0.99,981.8,-99.0,0.5,-9.9,-99,-999,»OªF¿¤,22,³À³¥¶m,274
22.9186,121.1147,³À³¥,C0S710,2017-02-13T16:00:00+08:00,313.0,55.0,2.1,14.9,-0.99,982.3,-99.0,0.5,-9.9,-99,-999,»OªF¿¤,22,³À³¥¶m,274
22.9186,121.1147,³À³¥,C0S710,2017-02-13T17:00:00+08:00,313.0,17.0,2.5,14.7,-0.99,982.7,-99.0,0.5,-9.9,-99,-999,»OªF¿¤,22,³À³¥¶m,274
22.9186,121.1147,³À³¥,C0S710,2017-02-13T18:00:00+08:00,313.0,14.0,2.7,14.4,-0.99,983.3,-99.0,0.5,-9.9,-99,-999,»OªF¿¤,22,³À³¥¶m,274
22.9186,121.1147,³À³¥,C0S710,2017-02-13T19:00:00+08:00,313.0,2.0,3.3,14.2,-0.99,983.5,-99.0,0.5,-9.9,-99,-999,»OªF¿¤,22,³À³¥¶m,274
22.9186,121.1147,³À³¥,C0S710,2017-02-13T20:00:00+08:00,313.0,4.0,2.5,14.2,-0.99,984.3,-99.0,0.5,-9.9,-99,-999,»OªF¿¤,22,³À³¥¶m,274
22.9186,121.1147,³À³¥,C0S710,2017-02-13T21:00:00+08:00,313.0,8.0,2.3,14.1,-0.99,984.9,-99.0,0.5,-9.9,-99,-999,»OªF¿¤,22,³À³¥¶m,274
22.9186,121.1147,³À³¥,C0S710,2017-02-13T22:00:00+08:00,313.0,2.0,2.4,14.1,-0.99,985.0,-99.0,0.5,-9.9,-99,-999,»OªF¿¤,22,³À³¥¶m,274
22.9186,121.1147,³À³¥,C0S710,2017-02-13T23:00:00+08:00,313.0,9.0,2.4,14.1,-0.99,985.2,-99.0,0.5,-9.9,-99,-999,»OªF¿¤,22,³À³¥¶m,274
22.9186,121.1147,³À³¥,C0S710,2017-02-14T00:00:00+08:00,313.0,8.0,3.0,13.4,-0.99,985.1,-99.0,0.5,-9.9,-99,-999,»OªF¿¤,22,³À³¥¶m,274
22.9186,121.1147,³À³¥,C0S710,2017-02-14T01:00:00+08:00,313.0,1.0,3.2,13.3,-0.99,985.0,-99.0,0.0,-9.9,-99,-999,»OªF¿¤,22,³À³¥¶m,274
22.9186,121.1147,³À³¥,C0S710,2017-02-14T02:00:00+08:00,313.0,1.0,3.1,13.3,-0.99,984.7,-99.0,0.0,-9.9,-99,-999,»OªF¿¤,22,³À³¥¶m,274
22.9186,121.1147,³À³¥,C0S710,2017-02-14T03:00:00+08:00,313.0,4.0,2.4,13.2,-0.99,984.4,-99.0,0.0,-9.9,-99,-999,»OªF¿¤,22,³À³¥¶m,274
22.9186,121.1147,³À³¥,C0S710,2017-02-14T04:00:00+08:00,313.0,18.0,1.6,12.5,-0.99,984.2,-99.0,0.0,-9.9,-99,-999,»OªF¿¤,22,³À³¥¶m,274
22.9186,121.1147,³À³¥,C0S710,2017-02-14T05:00:00+08:00,313.0,24.0,1.5,13.0,-0.99,984.3,-99.0,0.0,-9.9,-99,-999,»OªF¿¤,22,³À³¥¶m,274
22.9186,121.1147,³À³¥,C0S710,2017-02-14T06:00:00+08:00,313.0,8.0,2.4,13.4,-0.99,984.7,-99.0,0.0,-9.9,-99,-999,»OªF¿¤,22,³À³¥¶m,274
22.9186,121.1147,³À³¥,C0S710,2017-02-14T07:00:00+08:00,313.0,4.0,3.2,13.5,-0.99,985.3,-99.0,0.0,-9.9,-99,-999,»OªF¿¤,22,³À³¥¶m,274
22.9186,121.1147,³À³¥,C0S710,2017-02-14T08:00:00+08:00,313.0,6.0,3.0,13.8,-0.99,985.9,-99.0,0.0,-9.9,-99,-999,»OªF¿¤,22,³À³¥¶m,274
22.9186,121.1147,³À³¥,C0S710,2017-02-14T09:00:00+08:00,313.0,360.0,3.8,14.3,-0.99,986.3,-99.0,0.0,-9.9,-99,-999,»OªF¿¤,22,³À³¥¶m,274
22.9186,121.1147,³À³¥,C0S710,2017-02-14T10:00:00+08:00,313.0,1.0,3.9,14.7,-0.99,986.4,-99.0,0.0,-9.9,-99,-999,»OªF¿¤,22,³À³¥¶m,274
22.9186,121.1147,³À³¥,C0S710,2017-02-14T11:00:00+08:00,313.0,17.0,2.7,15.9,-0.99,986.1,-99.0,0.0,-9.9,-99,-999,»OªF¿¤,22,³À³¥¶m,274
22.9186,121.1147,³À³¥,C0S710,2017-02-14T12:00:00+08:00,313.0,14.0,2.7,18.3,-0.99,985.5,-99.0,0.0,-9.9,-99,-999,»OªF¿¤,22,³À³¥¶m,274
22.9186,121.1147,³À³¥,C0S710,2017-02-14T13:00:00+08:00,313.0,18.0,1.5,19.3,-0.99,984.4,-99.0,0.0,-9.9,-99,-999,»OªF¿¤,22,³À³¥¶m,274
22.9186,121.1147,³À³¥,C0S710,2017-02-14T14:00:00+08:00,313.0,37.0,2.0,18.4,-0.99,983.6,-99.0,0.0,-9.9,-99,-999,»OªF¿¤,22,³À³¥¶m,274
22.9186,121.1147,³À³¥,C0S710,2017-02-14T15:00:00+08:00,313.0,58.0,2.0,17.4,-0.99,983.5,-99.0,0.0,-9.9,-99,-999,»OªF¿¤,22,³À³¥¶m,274
22.9186,121.1147,³À³¥,C0S710,2017-02-14T16:00:00+08:00,313.0,51.0,2.7,16.5,-0.99,983.5,-99.0,0.0,-9.9,-99,-999,»OªF¿¤,22,³À³¥¶m,274
22.9186,121.1147,³À³¥,C0S710,2017-02-14T17:00:00+08:00,313.0,51.0,1.8,16.2,-0.99,984.0,-99.0,0.0,-9.9,-99,-999,»OªF¿¤,22,³À³¥¶m,274
22.9186,121.1147,³À³¥,C0S710,2017-02-14T18:00:00+08:00,313.0,40.0,2.4,15.4,-0.99,984.4,-99.0,0.0,-9.9,-99,-999,»OªF¿¤,22,³À³¥¶m,274
22.9186,121.1147,³À³¥,C0S710,2017-02-14T19:00:00+08:00,313.0,32.0,2.5,14.7,-0.99,985.1,-99.0,0.0,-9.9,-99,-999,»OªF¿¤,22,³À³¥¶m,274
22.9186,121.1147,³À³¥,C0S710,2017-02-14T20:00:00+08:00,313.0,32.0,2.2,14.1,-0.99,985.7,-99.0,0.0,-9.9,-99,-999,»OªF¿¤,22,³À³¥¶m,274
22.9186,121.1147,³À³¥,C0S710,2017-02-14T21:00:00+08:00,313.0,3.0,2.4,13.6,-0.99,985.8,-99.0,0.0,-9.9,-99,-999,»OªF¿¤,22,³À³¥¶m,274
22.9186,121.1147,³À³¥,C0S710,2017-02-14T22:00:00+08:00,313.0,2.0,3.0,13.9,-0.99,986.0,-99.0,0.0,-9.9,-99,-999,»OªF¿¤,22,³À³¥¶m,274
22.9186,121.1147,³À³¥,C0S710,2017-02-14T23:00:00+08:00,313.0,9.0,2.3,13.7,-0.99,986.0,-99.0,0.0,-9.9,-99,-999,»OªF¿¤,22,³À³¥¶m,274
22.9186,121.1147,³À³¥,C0S710,2017-02-15T00:00:00+08:00,313.0,359.0,2.7,13.2,-0.99,985.9,-99.0,0.0,-9.9,-99,-999,»OªF¿¤,22,³À³¥¶m,274
22.9186,121.1147,³À³¥,C0S710,2017-02-15T01:00:00+08:00,313.0,354.0,2.1,13.0,-0.99,985.4,-99.0,0.0,-9.9,-99,-999,»OªF¿¤,22,³À³¥¶m,274
22.9186,121.1147,³À³¥,C0S710,2017-02-15T02:00:00+08:00,313.0,338.0,0.6,12.8,-0.99,984.9,-99.0,0.0,-9.9,-99,-999,»OªF¿¤,22,³À³¥¶m,274
22.9186,121.1147,³À³¥,C0S710,2017-02-15T03:00:00+08:00,313.0,33.0,0.5,12.3,-0.99,984.2,-99.0,0.0,-9.9,-99,-999,»OªF¿¤,22,³À³¥¶m,274
22.9186,121.1147,³À³¥,C0S710,2017-02-15T04:00:00+08:00,313.0,0.0,0.0,11.8,-0.99,983.9,-99.0,0.0,-9.9,-99,-999,»OªF¿¤,22,³À³¥¶m,274
22.9186,121.1147,³À³¥,C0S710,2017-02-15T05:00:00+08:00,313.0,344.0,0.5,11.9,-0.99,984.0,-99.0,0.0,-9.9,-99,-999,»OªF¿¤,22,³À³¥¶m,274
22.9186,121.1147,³À³¥,C0S710,2017-02-15T06:00:00+08:00,313.0,0.0,0.1,11.3,-0.99,984.1,-99.0,0.0,-9.9,-99,-999,»OªF¿¤,22,³À³¥¶m,274
22.9186,121.1147,³À³¥,C0S710,2017-02-15T07:00:00+08:00,313.0,0.0,0.2,12.7,-0.99,984.6,-99.0,0.0,-9.9,-99,-999,»OªF¿¤,22,³À³¥¶m,274
22.9186,121.1147,³À³¥,C0S710,2017-02-15T08:00:00+08:00,313.0,3.0,1.8,13.7,-0.99,984.7,-99.0,0.0,-9.9,-99,-999,»OªF¿¤,22,³À³¥¶m,274
22.9186,121.1147,³À³¥,C0S710,2017-02-15T10:00:00+08:00,313.0,17.0,2.1,17.3,-0.99,984.3,-99.0,0.0,-9.9,-99,-999,»OªF¿¤,22,³À³¥¶m,274
22.9186,121.1147,³À³¥,C0S710,2017-02-15T11:00:00+08:00,313.0,24.0,1.4,19.0,-0.99,983.6,-99.0,0.0,-9.9,-99,-999,»OªF¿¤,22,³À³¥¶m,274
22.9186,121.1147,³À³¥,C0S710,2017-02-15T12:00:00+08:00,313.0,36.0,1.1,20.4,-0.99,982.6,-99.0,0.0,-9.9,-99,-999,»OªF¿¤,22,³À³¥¶m,274
22.9186,121.1147,³À³¥,C0S710,2017-02-15T13:00:00+08:00,313.0,79.0,1.1,20.8,-0.99,981.7,-99.0,0.0,-9.9,-99,-999,»OªF¿¤,22,³À³¥¶m,274
22.9186,121.1147,³À³¥,C0S710,2017-02-15T14:00:00+08:00,313.0,140.0,0.5,20.1,-0.99,980.8,-99.0,0.0,-9.9,-99,-999,»OªF¿¤,22,³À³¥¶m,274
22.9186,121.1147,³À³¥,C0S710,2017-02-15T15:00:00+08:00,313.0,126.0,0.8,18.8,-0.99,980.4,-99.0,0.0,-9.9,-99,-999,»OªF¿¤,22,³À³¥¶m,274
22.9186,121.1147,³À³¥,C0S710,2017-02-15T16:00:00+08:00,313.0,0.0,0.0,18.4,-0.99,980.3,-99.0,0.0,-9.9,-99,-999,»OªF¿¤,22,³À³¥¶m,274
22.9186,121.1147,³À³¥,C0S710,2017-02-15T17:00:00+08:00,313.0,0.0,0.2,17.7,-0.99,980.6,-99.0,0.0,-9.9,-99,-999,»OªF¿¤,22,³À³¥¶m,274
22.9186,121.1147,³À³¥,C0S710,2017-02-15T18:00:00+08:00,313.0,353.0,0.6,17.3,-0.99,981.0,-99.0,0.0,-9.9,-99,-999,»OªF¿¤,22,³À³¥¶m,274
22.9186,121.1147,³À³¥,C0S710,2017-02-15T19:00:00+08:00,313.0,343.0,1.3,16.9,-0.99,981.2,-99.0,0.0,-9.9,-99,-999,»OªF¿¤,22,³À³¥¶m,274
22.9186,121.1147,³À³¥,C0S710,2017-02-15T20:00:00+08:00,313.0,339.0,1.5,17.0,-0.99,981.6,-99.0,0.0,-9.9,-99,-999,»OªF¿¤,22,³À³¥¶m,274
22.9186,121.1147,³À³¥,C0S710,2017-02-15T21:00:00+08:00,313.0,343.0,0.9,15.9,-0.99,981.9,-99.0,0.0,-9.9,-99,-999,»OªF¿¤,22,³À³¥¶m,274
22.9186,121.1147,³À³¥,C0S710,2017-02-15T22:00:00+08:00,313.0,17.0,1.0,16.5,-0.99,981.9,-99.0,0.0,-9.9,-99,-999,»OªF¿¤,22,³À³¥¶m,274
22.9186,121.1147,³À³¥,C0S710,2017-02-15T23:00:00+08:00,313.0,0.0,0.2,15.9,-0.99,981.6,-99.0,0.0,-9.9,-99,-999,»OªF¿¤,22,³À³¥¶m,274
22.9186,121.1147,³À³¥,C0S710,2017-02-16T00:00:00+08:00,313.0,345.0,1.3,16.0,-0.99,980.9,-99.0,0.0,-9.9,-99,-999,»OªF¿¤,22,³À³¥¶m,274
22.9186,121.1147,³À³¥,C0S710,2017-02-16T01:00:00+08:00,313.0,0.0,0.0,15.0,-0.99,980.4,-99.0,0.0,-9.9,-99,-999,»OªF¿¤,22,³À³¥¶m,274
22.9186,121.1147,³À³¥,C0S710,2017-02-16T02:00:00+08:00,313.0,0.0,0.2,14.8,-0.99,979.6,-99.0,0.0,-9.9,-99,-999,»OªF¿¤,22,³À³¥¶m,274
22.9186,121.1147,³À³¥,C0S710,2017-02-16T03:00:00+08:00,313.0,351.0,1.2,14.4,-0.99,978.9,-99.0,0.0,-9.9,-99,-999,»OªF¿¤,22,³À³¥¶m,274
22.9186,121.1147,³À³¥,C0S710,2017-02-16T04:00:00+08:00,313.0,0.0,0.2,14.5,-0.99,978.4,-99.0,0.0,-9.9,-99,-999,»OªF¿¤,22,³À³¥¶m,274
22.9186,121.1147,³À³¥,C0S710,2017-02-16T05:00:00+08:00,313.0,17.0,0.8,13.2,-0.99,978.1,-99.0,0.0,-9.9,-99,-999,»OªF¿¤,22,³À³¥¶m,274
22.9186,121.1147,³À³¥,C0S710,2017-02-16T06:00:00+08:00,313.0,0.0,0.1,14.3,-0.99,978.5,-99.0,0.0,-9.9,-99,-999,»OªF¿¤,22,³À³¥¶m,274
22.9186,121.1147,³À³¥,C0S710,2017-02-16T07:00:00+08:00,313.0,0.0,0.2,14.8,-0.99,979.0,-99.0,0.0,-9.9,-99,-999,»OªF¿¤,22,³À³¥¶m,274
22.9186,121.1147,³À³¥,C0S710,2017-02-16T08:00:00+08:00,313.0,17.0,0.8,15.3,-0.99,979.3,-99.0,0.0,-9.9,-99,-999,»OªF¿¤,22,³À³¥¶m,274
22.9186,121.1147,³À³¥,C0S710,2017-02-16T09:00:00+08:00,313.0,22.0,0.9,17.0,-0.99,979.4,-99.0,0.0,-9.9,-99,-999,»OªF¿¤,22,³À³¥¶m,274
22.9186,121.1147,³À³¥,C0S710,2017-02-16T10:00:00+08:00,313.0,41.0,1.2,17.6,-0.99,979.4,-99.0,0.0,-9.9,-99,-999,»OªF¿¤,22,³À³¥¶m,274
22.9186,121.1147,³À³¥,C0S710,2017-02-16T11:00:00+08:00,313.0,133.0,0.9,19.9,-0.99,979.1,-99.0,0.0,-9.9,-99,-999,»OªF¿¤,22,³À³¥¶m,274
22.9186,121.1147,³À³¥,C0S710,2017-02-16T12:00:00+08:00,313.0,118.0,1.1,20.8,-0.99,978.5,-99.0,0.0,-9.9,-99,-999,»OªF¿¤,22,³À³¥¶m,274
22.9186,121.1147,³À³¥,C0S710,2017-02-16T13:00:00+08:00,313.0,176.0,0.7,19.9,-0.99,977.9,-99.0,0.0,-9.9,-99,-999,»OªF¿¤,22,³À³¥¶m,274
22.9186,121.1147,³À³¥,C0S710,2017-02-16T14:00:00+08:00,313.0,0.0,0.2,19.3,-0.99,977.2,-99.0,0.0,-9.9,-99,-999,»OªF¿¤,22,³À³¥¶m,274
22.9186,121.1147,³À³¥,C0S710,2017-02-16T15:00:00+08:00,313.0,0.0,0.1,18.7,-0.99,976.8,-99.0,0.0,-9.9,-99,-999,»OªF¿¤,22,³À³¥¶m,274
22.9186,121.1147,³À³¥,C0S710,2017-02-16T16:00:00+08:00,313.0,0.0,0.0,19.1,-0.99,976.8,-99.0,0.0,-9.9,-99,-999,»OªF¿¤,22,³À³¥¶m,274
22.9186,121.1147,³À³¥,C0S710,2017-02-16T17:00:00+08:00,313.0,69.0,0.5,17.9,-0.99,977.2,-99.0,0.0,-9.9,-99,-999,»OªF¿¤,22,³À³¥¶m,274
22.9186,121.1147,³À³¥,C0S710,2017-02-16T18:00:00+08:00,313.0,0.0,0.0,18.0,-0.99,977.4,-99.0,0.0,-9.9,-99,-999,»OªF¿¤,22,³À³¥¶m,274
22.9186,121.1147,³À³¥,C0S710,2017-02-16T19:00:00+08:00,313.0,163.0,0.3,17.3,-0.99,978.0,-99.0,0.0,-9.9,-99,-999,»OªF¿¤,22,³À³¥¶m,274
22.9186,121.1147,³À³¥,C0S710,2017-02-16T20:00:00+08:00,313.0,0.0,0.1,17.3,-0.99,978.7,-99.0,0.0,-9.9,-99,-999,»OªF¿¤,22,³À³¥¶m,274
22.9186,121.1147,³À³¥,C0S710,2017-02-16T21:00:00+08:00,313.0,0.0,0.1,17.7,-0.99,979.0,-99.0,0.0,-9.9,-99,-999,»OªF¿¤,22,³À³¥¶m,274
22.9186,121.1147,³À³¥,C0S710,2017-02-16T22:00:00+08:00,313.0,289.0,0.4,17.2,-0.99,979.1,-99.0,0.0,-9.9,-99,-999,»OªF¿¤,22,³À³¥¶m,274
22.9186,121.1147,³À³¥,C0S710,2017-02-16T23:00:00+08:00,313.0,7.0,0.4,17.0,-0.99,978.8,-99.0,0.0,-9.9,-99,-999,»OªF¿¤,22,³À³¥¶m,274
22.9186,121.1147,³À³¥,C0S710,2017-02-17T00:00:00+08:00,313.0,0.0,0.0,16.9,-0.99,978.2,-99.0,0.0,-9.9,-99,-999,»OªF¿¤,22,³À³¥¶m,274
22.9186,121.1147,³À³¥,C0S710,2017-02-17T01:00:00+08:00,313.0,166.0,0.3,17.2,-0.99,977.6,-99.0,0.0,-9.9,-99,-999,»OªF¿¤,22,³À³¥¶m,274
22.9186,121.1147,³À³¥,C0S710,2017-02-17T02:00:00+08:00,313.0,6.0,1.0,15.7,-0.99,977.1,-99.0,0.0,-9.9,-99,-999,»OªF¿¤,22,³À³¥¶m,274
22.9186,121.1147,³À³¥,C0S710,2017-02-17T03:00:00+08:00,313.0,11.0,0.9,16.1,-0.99,976.9,-99.0,0.0,-9.9,-99,-999,»OªF¿¤,22,³À³¥¶m,274
22.9186,121.1147,³À³¥,C0S710,2017-02-17T04:00:00+08:00,313.0,4.0,0.9,15.2,-0.99,977.0,-99.0,0.0,-9.9,-99,-999,»OªF¿¤,22,³À³¥¶m,274
22.9186,121.1147,³À³¥,C0S710,2017-02-17T05:00:00+08:00,313.0,7.0,0.9,15.1,-0.99,977.3,-99.0,0.0,-9.9,-99,-999,»OªF¿¤,22,³À³¥¶m,274
22.9186,121.1147,³À³¥,C0S710,2017-02-17T06:00:00+08:00,313.0,0.0,0.1,15.0,-0.99,977.9,-99.0,0.0,-9.9,-99,-999,»OªF¿¤,22,³À³¥¶m,274
22.9186,121.1147,³À³¥,C0S710,2017-02-17T07:00:00+08:00,313.0,359.0,0.5,16.7,-0.99,978.5,-99.0,0.0,-9.9,-99,-999,»OªF¿¤,22,³À³¥¶m,274
22.9186,121.1147,³À³¥,C0S710,2017-02-17T08:00:00+08:00,313.0,0.0,0.1,17.0,-0.99,979.1,-99.0,0.0,-9.9,-99,-999,»OªF¿¤,22,³À³¥¶m,274
22.9186,121.1147,³À³¥,C0S710,2017-02-17T10:00:00+08:00,313.0,341.0,1.9,19.7,-0.99,979.6,-99.0,0.0,-9.9,-99,-999,»OªF¿¤,22,³À³¥¶m,274
22.9186,121.1147,³À³¥,C0S710,2017-02-17T11:00:00+08:00,313.0,104.0,0.5,22.3,-0.99,978.8,-99.0,0.0,-9.9,-99,-999,»OªF¿¤,22,³À³¥¶m,274
22.9186,121.1147,³À³¥,C0S710,2017-02-17T12:00:00+08:00,313.0,156.0,1.1,23.5,-0.99,977.8,-99.0,0.0,-9.9,-99,-999,»OªF¿¤,22,³À³¥¶m,274
22.9186,121.1147,³À³¥,C0S710,2017-02-17T13:00:00+08:00,313.0,185.0,1.2,23.7,-0.99,976.7,-99.0,0.0,-9.9,-99,-999,»OªF¿¤,22,³À³¥¶m,274
22.9186,121.1147,³À³¥,C0S710,2017-02-17T14:00:00+08:00,313.0,194.0,1.3,22.0,-0.99,976.2,-99.0,0.0,-9.9,-99,-999,»OªF¿¤,22,³À³¥¶m,274
22.9186,121.1147,³À³¥,C0S710,2017-02-17T15:00:00+08:00,313.0,185.0,0.7,20.8,-0.99,976.3,-99.0,0.0,-9.9,-99,-999,»OªF¿¤,22,³À³¥¶m,274
22.9186,121.1147,³À³¥,C0S710,2017-02-17T16:00:00+08:00,313.0,202.0,0.7,20.3,-0.99,976.3,-99.0,0.0,-9.9,-99,-999,»OªF¿¤,22,³À³¥¶m,274
22.9186,121.1147,³À³¥,C0S710,2017-02-17T17:00:00+08:00,313.0,221.0,0.7,20.2,-0.99,976.8,-99.0,0.0,-9.9,-99,-999,»OªF¿¤,22,³À³¥¶m,274
22.9186,121.1147,³À³¥,C0S710,2017-02-17T18:00:00+08:00,313.0,0.0,0.1,19.4,-0.99,977.0,-99.0,0.0,-9.9,-99,-999,»OªF¿¤,22,³À³¥¶m,274
22.9186,121.1147,³À³¥,C0S710,2017-02-17T19:00:00+08:00,313.0,0.0,0.1,18.9,-0.99,977.7,-99.0,0.0,-9.9,-99,-999,»OªF¿¤,22,³À³¥¶m,274
22.9186,121.1147,³À³¥,C0S710,2017-02-17T20:00:00+08:00,313.0,0.0,0.0,18.8,-0.99,978.4,-99.0,0.0,-9.9,-99,-999,»OªF¿¤,22,³À³¥¶m,274
22.9186,121.1147,³À³¥,C0S710,2017-02-17T21:00:00+08:00,313.0,335.0,1.2,18.6,-0.99,978.8,-99.0,0.0,-9.9,-99,-999,»OªF¿¤,22,³À³¥¶m,274
22.9186,121.1147,³À³¥,C0S710,2017-02-17T22:00:00+08:00,313.0,9.0,0.8,18.1,-0.99,979.2,-99.0,0.0,-9.9,-99,-999,»OªF¿¤,22,³À³¥¶m,274
22.9186,121.1147,³À³¥,C0S710,2017-02-17T23:00:00+08:00,313.0,53.0,0.3,17.9,-0.99,979.0,-99.0,0.0,-9.9,-99,-999,»OªF¿¤,22,³À³¥¶m,274
22.9186,121.1147,³À³¥,C0S710,2017-02-18T00:00:00+08:00,313.0,60.0,0.4,18.4,-0.99,978.7,-99.0,0.0,-9.9,-99,-999,»OªF¿¤,22,³À³¥¶m,274
22.9186,121.1147,³À³¥,C0S710,2017-02-18T01:00:00+08:00,313.0,0.0,0.1,17.4,-0.99,978.5,-99.0,0.0,-9.9,-99,-999,»OªF¿¤,22,³À³¥¶m,274
22.9186,121.1147,³À³¥,C0S710,2017-02-18T02:00:00+08:00,313.0,339.0,0.8,17.1,-0.99,978.1,-99.0,0.0,-9.9,-99,-999,»OªF¿¤,22,³À³¥¶m,274
22.9186,121.1147,³À³¥,C0S710,2017-02-18T03:00:00+08:00,313.0,0.0,0.2,16.7,-0.99,977.7,-99.0,0.0,-9.9,-99,-999,»OªF¿¤,22,³À³¥¶m,274
22.9186,121.1147,³À³¥,C0S710,2017-02-18T04:00:00+08:00,313.0,0.0,0.1,16.3,-0.99,977.4,-99.0,0.0,-9.9,-99,-999,»OªF¿¤,22,³À³¥¶m,274
22.9186,121.1147,³À³¥,C0S710,2017-02-18T05:00:00+08:00,313.0,0.0,0.2,15.6,-0.99,977.5,-99.0,0.0,-9.9,-99,-999,»OªF¿¤,22,³À³¥¶m,274
22.9186,121.1147,³À³¥,C0S710,2017-02-18T06:00:00+08:00,313.0,335.0,0.7,15.8,-0.99,978.1,-99.0,0.0,-9.9,-99,-999,»OªF¿¤,22,³À³¥¶m,274
22.9186,121.1147,³À³¥,C0S710,2017-02-18T07:00:00+08:00,313.0,320.0,1.4,16.0,-0.99,978.8,-99.0,0.0,-9.9,-99,-999,»OªF¿¤,22,³À³¥¶m,274
22.9186,121.1147,³À³¥,C0S710,2017-02-18T08:00:00+08:00,313.0,342.0,1.6,17.7,-0.99,979.1,-99.0,0.0,-9.9,-99,-999,»OªF¿¤,22,³À³¥¶m,274
22.9186,121.1147,³À³¥,C0S710,2017-02-18T10:00:00+08:00,313.0,19.0,1.8,21.0,-0.99,979.3,-99.0,0.0,-9.9,-99,-999,»OªF¿¤,22,³À³¥¶m,274
22.9186,121.1147,³À³¥,C0S710,2017-02-18T11:00:00+08:00,313.0,353.0,1.9,23.2,-0.99,978.7,-99.0,0.0,-9.9,-99,-999,»OªF¿¤,22,³À³¥¶m,274
22.9186,121.1147,³À³¥,C0S710,2017-02-18T12:00:00+08:00,313.0,121.0,1.2,24.5,-0.99,977.8,-99.0,0.0,-9.9,-99,-999,»OªF¿¤,22,³À³¥¶m,274
22.9186,121.1147,³À³¥,C0S710,2017-02-18T13:00:00+08:00,313.0,215.0,1.7,24.7,-0.99,976.8,-99.0,0.0,-9.9,-99,-999,»OªF¿¤,22,³À³¥¶m,274
22.9186,121.1147,³À³¥,C0S710,2017-02-18T14:00:00+08:00,313.0,341.0,0.4,22.6,-0.99,976.1,-99.0,0.0,-9.9,-99,-999,»OªF¿¤,22,³À³¥¶m,274
22.9186,121.1147,³À³¥,C0S710,2017-02-18T15:00:00+08:00,313.0,68.0,0.9,22.2,-0.99,975.9,-99.0,0.0,-9.9,-99,-999,»OªF¿¤,22,³À³¥¶m,274
22.9186,121.1147,³À³¥,C0S710,2017-02-18T16:00:00+08:00,313.0,42.0,1.9,20.1,-0.99,976.4,-99.0,0.0,-9.9,-99,-999,»OªF¿¤,22,³À³¥¶m,274
22.9186,121.1147,³À³¥,C0S710,2017-02-18T17:00:00+08:00,313.0,40.0,2.7,19.9,-0.99,977.1,-99.0,0.0,-9.9,-99,-999,»OªF¿¤,22,³À³¥¶m,274
22.9186,121.1147,³À³¥,C0S710,2017-02-18T18:00:00+08:00,313.0,36.0,2.2,19.1,-0.99,977.8,-99.0,0.0,-9.9,-99,-999,»OªF¿¤,22,³À³¥¶m,274
22.9186,121.1147,³À³¥,C0S710,2017-02-18T19:00:00+08:00,313.0,26.0,2.1,18.5,-0.99,978.4,-99.0,0.0,-9.9,-99,-999,»OªF¿¤,22,³À³¥¶m,274
22.9186,121.1147,³À³¥,C0S710,2017-02-18T20:00:00+08:00,313.0,6.0,4.0,17.6,-0.99,979.1,-99.0,0.0,-9.9,-99,-999,»OªF¿¤,22,³À³¥¶m,274
22.9186,121.1147,³À³¥,C0S710,2017-02-18T21:00:00+08:00,313.0,7.0,3.0,17.2,-0.99,979.5,-99.0,0.0,-9.9,-99,-999,»OªF¿¤,22,³À³¥¶m,274
22.9186,121.1147,³À³¥,C0S710,2017-02-18T22:00:00+08:00,313.0,9.0,3.3,16.4,-0.99,979.7,-99.0,1.0,-9.9,-99,-999,»OªF¿¤,22,³À³¥¶m,274
22.9186,121.1147,³À³¥,C0S710,2017-02-18T23:00:00+08:00,313.0,6.0,3.0,16.3,-0.99,979.5,-99.0,1.0,-9.9,-99,-999,»OªF¿¤,22,³À³¥¶m,274
22.9186,121.1147,³À³¥,C0S710,2017-02-19T00:00:00+08:00,313.0,8.0,2.6,16.0,-0.99,979.1,-99.0,1.5,-9.9,-99,-999,»OªF¿¤,22,³À³¥¶m,274
22.9186,121.1147,³À³¥,C0S710,2017-02-19T01:00:00+08:00,313.0,1.0,3.5,16.1,-0.99,978.6,-99.0,0.0,-9.9,-99,-999,»OªF¿¤,22,³À³¥¶m,274
22.9186,121.1147,³À³¥,C0S710,2017-02-19T02:00:00+08:00,313.0,4.0,3.5,15.9,-0.99,978.3,-99.0,0.0,-9.9,-99,-999,»OªF¿¤,22,³À³¥¶m,274
22.9186,121.1147,³À³¥,C0S710,2017-02-19T03:00:00+08:00,313.0,6.0,2.5,15.7,-0.99,978.0,-99.0,0.0,-9.9,-99,-999,»OªF¿¤,22,³À³¥¶m,274
22.9186,121.1147,³À³¥,C0S710,2017-02-19T04:00:00+08:00,313.0,4.0,2.5,15.8,-0.99,977.9,-99.0,0.0,-9.9,-99,-999,»OªF¿¤,22,³À³¥¶m,274
22.9186,121.1147,³À³¥,C0S710,2017-02-19T05:00:00+08:00,313.0,15.0,2.0,15.6,-0.99,977.9,-99.0,0.0,-9.9,-99,-999,»OªF¿¤,22,³À³¥¶m,274
22.9186,121.1147,³À³¥,C0S710,2017-02-19T06:00:00+08:00,313.0,359.0,3.2,15.2,-0.99,978.1,-99.0,0.5,-9.9,-99,-999,»OªF¿¤,22,³À³¥¶m,274
22.9186,121.1147,³À³¥,C0S710,2017-02-19T07:00:00+08:00,313.0,28.0,1.7,15.3,-0.99,978.4,-99.0,0.5,-9.9,-99,-999,»OªF¿¤,22,³À³¥¶m,274
22.9186,121.1147,³À³¥,C0S710,2017-02-19T08:00:00+08:00,313.0,7.0,3.1,16.4,-0.99,978.5,-99.0,0.5,-9.9,-99,-999,»OªF¿¤,22,³À³¥¶m,274
22.9186,121.1147,³À³¥,C0S710,2017-02-19T10:00:00+08:00,313.0,33.0,2.2,19.2,-0.99,978.4,-99.0,0.5,-9.9,-99,-999,»OªF¿¤,22,³À³¥¶m,274
22.9186,121.1147,³À³¥,C0S710,2017-02-19T11:00:00+08:00,313.0,19.0,2.0,21.0,-0.99,977.5,-99.0,0.5,-9.9,-99,-999,»OªF¿¤,22,³À³¥¶m,274
22.9186,121.1147,³À³¥,C0S710,2017-02-19T12:00:00+08:00,313.0,121.0,0.8,22.3,-0.99,976.1,-99.0,0.5,-9.9,-99,-999,»OªF¿¤,22,³À³¥¶m,274
22.9186,121.1147,³À³¥,C0S710,2017-02-19T13:00:00+08:00,313.0,168.0,1.5,23.8,-0.99,974.8,-99.0,0.5,-9.9,-99,-999,»OªF¿¤,22,³À³¥¶m,274
22.9186,121.1147,³À³¥,C0S710,2017-02-19T14:00:00+08:00,313.0,210.0,2.0,22.2,-0.99,973.9,-99.0,0.5,-9.9,-99,-999,»OªF¿¤,22,³À³¥¶m,274
22.9186,121.1147,³À³¥,C0S710,2017-02-19T15:00:00+08:00,313.0,215.0,2.2,21.1,-0.99,973.0,-99.0,0.5,-9.9,-99,-999,»OªF¿¤,22,³À³¥¶m,274
22.9186,121.1147,³À³¥,C0S710,2017-02-19T16:00:00+08:00,313.0,195.0,1.0,20.6,-0.99,973.0,-99.0,0.5,-9.9,-99,-999,»OªF¿¤,22,³À³¥¶m,274
22.9186,121.1147,³À³¥,C0S710,2017-02-19T17:00:00+08:00,313.0,214.0,1.1,19.8,-0.99,973.3,-99.0,0.5,-9.9,-99,-999,»OªF¿¤,22,³À³¥¶m,274
22.9186,121.1147,³À³¥,C0S710,2017-02-19T18:00:00+08:00,313.0,247.0,0.3,19.5,-0.99,973.4,-99.0,0.5,-9.9,-99,-999,»OªF¿¤,22,³À³¥¶m,274
22.9186,121.1147,³À³¥,C0S710,2017-02-19T19:00:00+08:00,313.0,0.0,0.0,19.0,-0.99,973.6,-99.0,0.5,-9.9,-99,-999,»OªF¿¤,22,³À³¥¶m,274
22.9186,121.1147,³À³¥,C0S710,2017-02-19T20:00:00+08:00,313.0,0.0,0.0,18.9,-0.99,973.8,-99.0,0.5,-9.9,-99,-999,»OªF¿¤,22,³À³¥¶m,274
22.9186,121.1147,³À³¥,C0S710,2017-02-19T21:00:00+08:00,313.0,152.0,0.7,18.0,-0.99,974.1,-99.0,0.5,-9.9,-99,-999,»OªF¿¤,22,³À³¥¶m,274
22.9186,121.1147,³À³¥,C0S710,2017-02-19T22:00:00+08:00,313.0,0.0,0.0,17.6,-0.99,973.7,-99.0,0.5,-9.9,-99,-999,»OªF¿¤,22,³À³¥¶m,274
22.9186,121.1147,³À³¥,C0S710,2017-02-19T23:00:00+08:00,313.0,6.0,0.9,17.6,-0.99,973.6,-99.0,0.5,-9.9,-99,-999,»OªF¿¤,22,³À³¥¶m,274
22.9186,121.1147,³À³¥,C0S710,2017-02-20T00:00:00+08:00,313.0,358.0,0.4,17.0,-0.99,973.3,-99.0,0.5,-9.9,-99,-999,»OªF¿¤,22,³À³¥¶m,274
22.9186,121.1147,³À³¥,C0S710,2017-02-20T01:00:00+08:00,313.0,337.0,0.3,16.8,-0.99,973.1,-99.0,0.0,-9.9,-99,-999,»OªF¿¤,22,³À³¥¶m,274
22.9186,121.1147,³À³¥,C0S710,2017-02-20T02:00:00+08:00,313.0,2.0,0.9,16.5,-0.99,972.3,-99.0,0.0,-9.9,-99,-999,»OªF¿¤,22,³À³¥¶m,274
22.9186,121.1147,³À³¥,C0S710,2017-02-20T03:00:00+08:00,313.0,8.0,0.8,16.3,-0.99,971.6,-99.0,0.0,-9.9,-99,-999,»OªF¿¤,22,³À³¥¶m,274
22.9186,121.1147,³À³¥,C0S710,2017-02-20T04:00:00+08:00,313.0,0.0,0.2,16.3,-0.99,971.1,-99.0,0.0,-9.9,-99,-999,»OªF¿¤,22,³À³¥¶m,274
22.9186,121.1147,³À³¥,C0S710,2017-02-20T05:00:00+08:00,313.0,22.0,0.6,16.2,-0.99,971.2,-99.0,0.0,-9.9,-99,-999,»OªF¿¤,22,³À³¥¶m,274
22.9186,121.1147,³À³¥,C0S710,2017-02-20T06:00:00+08:00,313.0,157.0,0.4,16.3,-0.99,971.7,-99.0,0.0,-9.9,-99,-999,»OªF¿¤,22,³À³¥¶m,274
22.9186,121.1147,³À³¥,C0S710,2017-02-20T07:00:00+08:00,313.0,0.0,0.2,16.7,-0.99,972.3,-99.0,0.0,-9.9,-99,-999,»OªF¿¤,22,³À³¥¶m,274
22.9186,121.1147,³À³¥,C0S710,2017-02-20T08:00:00+08:00,313.0,235.0,0.6,18.4,-0.99,972.8,-99.0,0.0,-9.9,-99,-999,»OªF¿¤,22,³À³¥¶m,274
22.9186,121.1147,³À³¥,C0S710,2017-02-20T10:00:00+08:00,313.0,21.0,1.3,18.6,-0.99,972.5,-99.0,0.0,-9.9,-99,-999,»OªF¿¤,22,³À³¥¶m,274
22.9186,121.1147,³À³¥,C0S710,2017-02-20T11:00:00+08:00,313.0,203.0,0.7,20.6,-0.99,972.3,-99.0,0.0,-9.9,-99,-999,»OªF¿¤,22,³À³¥¶m,274
22.9186,121.1147,³À³¥,C0S710,2017-02-20T12:00:00+08:00,313.0,198.0,0.8,20.0,-0.99,971.5,-99.0,0.0,-9.9,-99,-999,»OªF¿¤,22,³À³¥¶m,274
22.9186,121.1147,³À³¥,C0S710,2017-02-20T13:00:00+08:00,313.0,174.0,0.8,20.2,-0.99,970.4,-99.0,0.0,-9.9,-99,-999,»OªF¿¤,22,³À³¥¶m,274
22.9186,121.1147,³À³¥,C0S710,2017-02-20T14:00:00+08:00,313.0,0.0,0.2,20.3,-0.99,969.6,-99.0,0.0,-9.9,-99,-999,»OªF¿¤,22,³À³¥¶m,274
22.9186,121.1147,³À³¥,C0S710,2017-02-20T15:00:00+08:00,313.0,360.0,1.1,19.5,-0.99,969.5,-99.0,0.5,-9.9,-99,-999,»OªF¿¤,22,³À³¥¶m,274
22.9186,121.1147,³À³¥,C0S710,2017-02-20T16:00:00+08:00,313.0,5.0,1.1,19.7,-0.99,969.6,-99.0,1.0,-9.9,-99,-999,»OªF¿¤,22,³À³¥¶m,274
22.9186,121.1147,³À³¥,C0S710,2017-02-20T17:00:00+08:00,313.0,2.0,2.3,19.7,-0.99,970.2,-99.0,1.0,-9.9,-99,-999,»OªF¿¤,22,³À³¥¶m,274
22.9186,121.1147,³À³¥,C0S710,2017-02-20T18:00:00+08:00,313.0,11.0,1.6,20.0,-0.99,971.1,-99.0,1.0,-9.9,-99,-999,»OªF¿¤,22,³À³¥¶m,274
22.9186,121.1147,³À³¥,C0S710,2017-02-20T19:00:00+08:00,313.0,10.0,1.2,19.9,-0.99,971.7,-99.0,1.0,-9.9,-99,-999,»OªF¿¤,22,³À³¥¶m,274
22.9186,121.1147,³À³¥,C0S710,2017-02-20T20:00:00+08:00,313.0,13.0,2.3,19.9,-0.99,972.4,-99.0,1.0,-9.9,-99,-999,»OªF¿¤,22,³À³¥¶m,274
22.9186,121.1147,³À³¥,C0S710,2017-02-20T21:00:00+08:00,313.0,5.0,3.4,19.8,-0.99,973.3,-99.0,1.5,-9.9,-99,-999,»OªF¿¤,22,³À³¥¶m,274
22.9186,121.1147,³À³¥,C0S710,2017-02-20T22:00:00+08:00,313.0,3.0,3.9,19.9,-0.99,974.1,-99.0,1.5,-9.9,-99,-999,»OªF¿¤,22,³À³¥¶m,274
22.9186,121.1147,³À³¥,C0S710,2017-02-20T23:00:00+08:00,313.0,12.0,1.7,19.5,-0.99,974.6,-99.0,1.5,-9.9,-99,-999,»OªF¿¤,22,³À³¥¶m,274
22.9186,121.1147,³À³¥,C0S710,2017-02-21T00:00:00+08:00,313.0,6.0,3.6,19.6,-0.99,974.7,-99.0,1.5,-9.9,-99,-999,»OªF¿¤,22,³À³¥¶m,274
22.9186,121.1147,³À³¥,C0S710,2017-02-21T01:00:00+08:00,313.0,3.0,3.0,19.4,-0.99,974.8,-99.0,0.0,-9.9,-99,-999,»OªF¿¤,22,³À³¥¶m,274
22.9186,121.1147,³À³¥,C0S710,2017-02-21T02:00:00+08:00,313.0,9.0,2.9,19.6,-0.99,974.6,-99.0,0.0,-9.9,-99,-999,»OªF¿¤,22,³À³¥¶m,274
22.9186,121.1147,³À³¥,C0S710,2017-02-21T03:00:00+08:00,313.0,4.0,4.0,19.1,-0.99,974.6,-99.0,0.0,-9.9,-99,-999,»OªF¿¤,22,³À³¥¶m,274
22.9186,121.1147,³À³¥,C0S710,2017-02-21T04:00:00+08:00,313.0,3.0,3.3,18.7,-0.99,975.0,-99.0,0.0,-9.9,-99,-999,»OªF¿¤,22,³À³¥¶m,274
22.9186,121.1147,³À³¥,C0S710,2017-02-21T05:00:00+08:00,313.0,7.0,4.1,18.5,-0.99,975.4,-99.0,0.0,-9.9,-99,-999,»OªF¿¤,22,³À³¥¶m,274
22.9186,121.1147,³À³¥,C0S710,2017-02-21T06:00:00+08:00,313.0,14.0,3.7,18.2,-0.99,976.3,-99.0,0.0,-9.9,-99,-999,»OªF¿¤,22,³À³¥¶m,274
22.9186,121.1147,³À³¥,C0S710,2017-02-21T07:00:00+08:00,313.0,11.0,4.2,18.0,-0.99,977.2,-99.0,0.0,-9.9,-99,-999,»OªF¿¤,22,³À³¥¶m,274
22.9186,121.1147,³À³¥,C0S710,2017-02-21T08:00:00+08:00,313.0,16.0,4.0,18.8,-0.99,977.9,-99.0,0.0,-9.9,-99,-999,»OªF¿¤,22,³À³¥¶m,274
22.9186,121.1147,³À³¥,C0S710,2017-02-21T09:00:00+08:00,313.0,7.0,5.6,19.4,-0.99,978.3,-99.0,0.0,-9.9,-99,-999,»OªF¿¤,22,³À³¥¶m,274
22.9186,121.1147,³À³¥,C0S710,2017-02-21T10:00:00+08:00,313.0,2.0,5.0,19.9,-0.99,978.7,-99.0,0.0,-9.9,-99,-999,»OªF¿¤,22,³À³¥¶m,274
22.9186,121.1147,³À³¥,C0S710,2017-02-21T11:00:00+08:00,313.0,17.0,2.9,21.3,-0.99,978.5,-99.0,0.0,-9.9,-99,-999,»OªF¿¤,22,³À³¥¶m,274
22.9186,121.1147,³À³¥,C0S710,2017-02-21T12:00:00+08:00,313.0,28.0,2.6,22.6,-0.99,977.3,-99.0,0.0,-9.9,-99,-999,»OªF¿¤,22,³À³¥¶m,274
22.9186,121.1147,³À³¥,C0S710,2017-02-21T13:00:00+08:00,313.0,27.0,2.2,22.0,-0.99,976.7,-99.0,0.0,-9.9,-99,-999,»OªF¿¤,22,³À³¥¶m,274
22.9186,121.1147,³À³¥,C0S710,2017-02-21T14:00:00+08:00,313.0,43.0,2.1,22.1,-0.99,975.5,-99.0,0.0,-9.9,-99,-999,»OªF¿¤,22,³À³¥¶m,274
22.9186,121.1147,³À³¥,C0S710,2017-02-21T15:00:00+08:00,313.0,360.0,2.2,21.2,-0.99,975.6,-99.0,0.0,-9.9,-99,-999,»OªF¿¤,22,³À³¥¶m,274
22.9186,121.1147,³À³¥,C0S710,2017-02-21T16:00:00+08:00,313.0,12.0,1.8,19.4,-0.99,975.6,-99.0,0.0,-9.9,-99,-999,»OªF¿¤,22,³À³¥¶m,274
22.9186,121.1147,³À³¥,C0S710,2017-02-21T17:00:00+08:00,313.0,43.0,1.8,18.9,-0.99,976.1,-99.0,0.0,-9.9,-99,-999,»OªF¿¤,22,³À³¥¶m,274
22.9186,121.1147,³À³¥,C0S710,2017-02-21T18:00:00+08:00,313.0,358.0,2.4,18.7,-0.99,976.0,-99.0,0.0,-9.9,-99,-999,»OªF¿¤,22,³À³¥¶m,274
22.9186,121.1147,³À³¥,C0S710,2017-02-21T19:00:00+08:00,313.0,352.0,2.3,18.4,-0.99,976.5,-99.0,0.0,-9.9,-99,-999,»OªF¿¤,22,³À³¥¶m,274
22.9186,121.1147,³À³¥,C0S710,2017-02-21T20:00:00+08:00,313.0,1.0,1.5,17.9,-0.99,976.8,-99.0,0.0,-9.9,-99,-999,»OªF¿¤,22,³À³¥¶m,274
22.9186,121.1147,³À³¥,C0S710,2017-02-21T21:00:00+08:00,313.0,358.0,0.9,18.0,-0.99,976.9,-99.0,0.0,-9.9,-99,-999,»OªF¿¤,22,³À³¥¶m,274
22.9186,121.1147,³À³¥,C0S710,2017-02-21T22:00:00+08:00,313.0,9.0,0.8,17.9,-0.99,976.7,-99.0,0.0,-9.9,-99,-999,»OªF¿¤,22,³À³¥¶m,274
22.9186,121.1147,³À³¥,C0S710,2017-02-21T23:00:00+08:00,313.0,338.0,1.7,17.8,-0.99,976.5,-99.0,0.0,-9.9,-99,-999,»OªF¿¤,22,³À³¥¶m,274
22.9186,121.1147,³À³¥,C0S710,2017-02-22T00:00:00+08:00,313.0,348.0,1.6,17.7,-0.99,975.7,-99.0,0.0,-9.9,-99,-999,»OªF¿¤,22,³À³¥¶m,274
22.9186,121.1147,³À³¥,C0S710,2017-02-22T01:00:00+08:00,313.0,322.0,0.7,18.0,-0.99,975.3,-99.0,0.0,-9.9,-99,-999,»OªF¿¤,22,³À³¥¶m,274
22.9186,121.1147,³À³¥,C0S710,2017-02-22T02:00:00+08:00,313.0,350.0,0.7,18.0,-0.99,974.6,-99.0,0.0,-9.9,-99,-999,»OªF¿¤,22,³À³¥¶m,274
22.9186,121.1147,³À³¥,C0S710,2017-02-22T03:00:00+08:00,313.0,8.0,1.3,17.4,-0.99,974.0,-99.0,0.0,-9.9,-99,-999,»OªF¿¤,22,³À³¥¶m,274
22.9186,121.1147,³À³¥,C0S710,2017-02-22T04:00:00+08:00,313.0,1.0,0.7,17.8,-0.99,973.7,-99.0,0.0,-9.9,-99,-999,»OªF¿¤,22,³À³¥¶m,274
22.9186,121.1147,³À³¥,C0S710,2017-02-22T05:00:00+08:00,313.0,0.0,0.0,18.7,-0.99,973.4,-99.0,0.0,-9.9,-99,-999,»OªF¿¤,22,³À³¥¶m,274
22.9186,121.1147,³À³¥,C0S710,2017-02-22T06:00:00+08:00,313.0,0.0,0.0,18.5,-0.99,973.8,-99.0,0.0,-9.9,-99,-999,»OªF¿¤,22,³À³¥¶m,274
22.9186,121.1147,³À³¥,C0S710,2017-02-22T07:00:00+08:00,313.0,0.0,0.2,18.6,-0.99,974.1,-99.0,0.0,-9.9,-99,-999,»OªF¿¤,22,³À³¥¶m,274
22.9186,121.1147,³À³¥,C0S710,2017-02-22T08:00:00+08:00,313.0,0.0,0.1,19.7,-0.99,974.3,-99.0,0.0,-9.9,-99,-999,»OªF¿¤,22,³À³¥¶m,274
22.9186,121.1147,³À³¥,C0S710,2017-02-22T09:00:00+08:00,313.0,339.0,1.2,20.9,-0.99,974.2,-99.0,0.0,-9.9,-99,-999,»OªF¿¤,22,³À³¥¶m,274
22.9186,121.1147,³À³¥,C0S710,2017-02-22T10:00:00+08:00,313.0,155.0,0.3,22.6,-0.99,974.3,-99.0,0.0,-9.9,-99,-999,»OªF¿¤,22,³À³¥¶m,274
22.9186,121.1147,³À³¥,C0S710,2017-02-22T11:00:00+08:00,313.0,200.0,1.6,22.6,-0.99,973.9,-99.0,0.0,-9.9,-99,-999,»OªF¿¤,22,³À³¥¶m,274
22.9186,121.1147,³À³¥,C0S710,2017-02-22T12:00:00+08:00,313.0,165.0,1.0,24.5,-0.99,972.8,-99.0,0.0,-9.9,-99,-999,»OªF¿¤,22,³À³¥¶m,274
22.9186,121.1147,³À³¥,C0S710,2017-02-22T13:00:00+08:00,313.0,214.0,1.5,23.6,-0.99,971.5,-99.0,0.0,-9.9,-99,-999,»OªF¿¤,22,³À³¥¶m,274
22.9186,121.1147,³À³¥,C0S710,2017-02-22T14:00:00+08:00,313.0,171.0,1.3,24.4,-0.99,970.6,-99.0,0.0,-9.9,-99,-999,»OªF¿¤,22,³À³¥¶m,274
22.9186,121.1147,³À³¥,C0S710,2017-02-22T15:00:00+08:00,313.0,183.0,0.8,22.8,-0.99,970.4,-99.0,0.0,-9.9,-99,-999,»OªF¿¤,22,³À³¥¶m,274
22.9186,121.1147,³À³¥,C0S710,2017-02-22T16:00:00+08:00,313.0,212.0,1.1,22.5,-0.99,970.2,-99.0,0.0,-9.9,-99,-999,»OªF¿¤,22,³À³¥¶m,274
22.9186,121.1147,³À³¥,C0S710,2017-02-22T17:00:00+08:00,313.0,184.0,0.9,22.3,-0.99,970.4,-99.0,0.0,-9.9,-99,-999,»OªF¿¤,22,³À³¥¶m,274
22.9186,121.1147,³À³¥,C0S710,2017-02-22T18:00:00+08:00,313.0,172.0,1.2,21.8,-0.99,970.6,-99.0,0.0,-9.9,-99,-999,»OªF¿¤,22,³À³¥¶m,274
22.9186,121.1147,³À³¥,C0S710,2017-02-22T19:00:00+08:00,313.0,177.0,0.6,21.6,-0.99,971.2,-99.0,0.0,-9.9,-99,-999,»OªF¿¤,22,³À³¥¶m,274
22.9186,121.1147,³À³¥,C0S710,2017-02-22T20:00:00+08:00,313.0,214.0,1.8,21.6,-0.99,971.7,-99.0,0.0,-9.9,-99,-999,»OªF¿¤,22,³À³¥¶m,274
22.9186,121.1147,³À³¥,C0S710,2017-02-22T21:00:00+08:00,313.0,199.0,1.3,21.6,-0.99,972.0,-99.0,0.0,-9.9,-99,-999,»OªF¿¤,22,³À³¥¶m,274
22.9186,121.1147,³À³¥,C0S710,2017-02-22T22:00:00+08:00,313.0,200.0,1.3,21.6,-0.99,972.1,-99.0,0.0,-9.9,-99,-999,»OªF¿¤,22,³À³¥¶m,274
22.9186,121.1147,³À³¥,C0S710,2017-02-22T23:00:00+08:00,313.0,211.0,1.5,21.3,-0.99,972.3,-99.0,0.5,-9.9,-99,-999,»OªF¿¤,22,³À³¥¶m,274
22.9186,121.1147,³À³¥,C0S710,2017-02-23T00:00:00+08:00,313.0,220.0,0.7,21.2,-0.99,972.1,-99.0,0.5,-9.9,-99,-999,»OªF¿¤,22,³À³¥¶m,274
22.9186,121.1147,³À³¥,C0S710,2017-02-23T01:00:00+08:00,313.0,0.0,0.0,20.9,-0.99,971.7,-99.0,0.0,-9.9,-99,-999,»OªF¿¤,22,³À³¥¶m,274
22.9186,121.1147,³À³¥,C0S710,2017-02-23T02:00:00+08:00,313.0,335.0,0.4,20.7,-0.99,971.3,-99.0,0.0,-9.9,-99,-999,»OªF¿¤,22,³À³¥¶m,274
22.9186,121.1147,³À³¥,C0S710,2017-02-23T03:00:00+08:00,313.0,358.0,0.7,20.7,-0.99,971.0,-99.0,0.0,-9.9,-99,-999,»OªF¿¤,22,³À³¥¶m,274
22.9186,121.1147,³À³¥,C0S710,2017-02-23T04:00:00+08:00,313.0,17.0,0.3,20.1,-0.99,970.7,-99.0,0.0,-9.9,-99,-999,»OªF¿¤,22,³À³¥¶m,274
22.9186,121.1147,³À³¥,C0S710,2017-02-23T05:00:00+08:00,313.0,24.0,0.5,20.0,-0.99,971.2,-99.0,0.0,-9.9,-99,-999,»OªF¿¤,22,³À³¥¶m,274
22.9186,121.1147,³À³¥,C0S710,2017-02-23T06:00:00+08:00,313.0,358.0,2.6,19.7,-0.99,971.9,-99.0,0.0,-9.9,-99,-999,»OªF¿¤,22,³À³¥¶m,274
22.9186,121.1147,³À³¥,C0S710,2017-02-23T07:00:00+08:00,313.0,346.0,2.0,19.4,-0.99,972.5,-99.0,0.0,-9.9,-99,-999,»OªF¿¤,22,³À³¥¶m,274
22.9186,121.1147,³À³¥,C0S710,2017-02-23T08:00:00+08:00,313.0,4.0,2.1,20.1,-0.99,973.0,-99.0,0.0,-9.9,-99,-999,»OªF¿¤,22,³À³¥¶m,274
22.9186,121.1147,³À³¥,C0S710,2017-02-23T10:00:00+08:00,313.0,8.0,3.0,21.3,-0.99,973.6,-99.0,0.0,-9.9,-99,-999,»OªF¿¤,22,³À³¥¶m,274
22.9186,121.1147,³À³¥,C0S710,2017-02-23T11:00:00+08:00,313.0,11.0,2.5,21.0,-0.99,973.6,-99.0,0.0,-9.9,-99,-999,»OªF¿¤,22,³À³¥¶m,274
22.9186,121.1147,³À³¥,C0S710,2017-02-23T12:00:00+08:00,313.0,5.0,3.2,20.2,-0.99,973.2,-99.0,0.0,-9.9,-99,-999,»OªF¿¤,22,³À³¥¶m,274
22.9186,121.1147,³À³¥,C0S710,2017-02-23T13:00:00+08:00,313.0,8.0,3.0,19.9,-0.99,972.4,-99.0,0.0,-9.9,-99,-999,»OªF¿¤,22,³À³¥¶m,274
22.9186,121.1147,³À³¥,C0S710,2017-02-23T14:00:00+08:00,313.0,15.0,2.2,20.1,-0.99,972.1,-99.0,0.0,-9.9,-99,-999,»OªF¿¤,22,³À³¥¶m,274
22.9186,121.1147,³À³¥,C0S710,2017-02-23T15:00:00+08:00,313.0,7.0,2.9,19.2,-0.99,972.0,-99.0,0.0,-9.9,-99,-999,»OªF¿¤,22,³À³¥¶m,274
22.9186,121.1147,³À³¥,C0S710,2017-02-23T16:00:00+08:00,313.0,13.0,3.2,17.7,-0.99,972.6,-99.0,0.0,-9.9,-99,-999,»OªF¿¤,22,³À³¥¶m,274
22.9186,121.1147,³À³¥,C0S710,2017-02-23T17:00:00+08:00,313.0,4.0,3.7,17.2,-0.99,973.4,-99.0,0.0,-9.9,-99,-999,»OªF¿¤,22,³À³¥¶m,274
22.9186,121.1147,³À³¥,C0S710,2017-02-23T18:00:00+08:00,313.0,2.0,4.3,16.8,-0.99,974.0,-99.0,0.0,-9.9,-99,-999,»OªF¿¤,22,³À³¥¶m,274
22.9186,121.1147,³À³¥,C0S710,2017-02-23T19:00:00+08:00,313.0,14.0,3.1,16.2,-0.99,974.7,-99.0,0.0,-9.9,-99,-999,»OªF¿¤,22,³À³¥¶m,274
22.9186,121.1147,³À³¥,C0S710,2017-02-23T20:00:00+08:00,313.0,5.0,4.1,15.5,-0.99,975.6,-99.0,0.0,-9.9,-99,-999,»OªF¿¤,22,³À³¥¶m,274
22.9186,121.1147,³À³¥,C0S710,2017-02-23T21:00:00+08:00,313.0,7.0,4.0,14.8,-0.99,976.4,-99.0,0.0,-9.9,-99,-999,»OªF¿¤,22,³À³¥¶m,274
22.9186,121.1147,³À³¥,C0S710,2017-02-23T22:00:00+08:00,313.0,4.0,4.2,14.3,-0.99,977.0,-99.0,0.0,-9.9,-99,-999,»OªF¿¤,22,³À³¥¶m,274
22.9186,121.1147,³À³¥,C0S710,2017-02-23T23:00:00+08:00,313.0,13.0,3.1,14.0,-0.99,977.1,-99.0,0.0,-9.9,-99,-999,»OªF¿¤,22,³À³¥¶m,274
22.9186,121.1147,³À³¥,C0S710,2017-02-24T00:00:00+08:00,313.0,8.0,3.0,13.8,-0.99,976.9,-99.0,0.0,-9.9,-99,-999,»OªF¿¤,22,³À³¥¶m,274
22.9186,121.1147,³À³¥,C0S710,2017-02-24T01:00:00+08:00,313.0,2.0,3.7,13.7,-0.99,977.1,-99.0,0.0,-9.9,-99,-999,»OªF¿¤,22,³À³¥¶m,274
22.9186,121.1147,³À³¥,C0S710,2017-02-24T02:00:00+08:00,313.0,14.0,1.7,13.5,-0.99,977.2,-99.0,0.0,-9.9,-99,-999,»OªF¿¤,22,³À³¥¶m,274
22.9186,121.1147,³À³¥,C0S710,2017-02-24T03:00:00+08:00,313.0,7.0,2.2,13.3,-0.99,976.8,-99.0,0.0,-9.9,-99,-999,»OªF¿¤,22,³À³¥¶m,274
22.9186,121.1147,³À³¥,C0S710,2017-02-24T04:00:00+08:00,313.0,15.0,1.4,13.2,-0.99,976.5,-99.0,0.0,-9.9,-99,-999,»OªF¿¤,22,³À³¥¶m,274
22.9186,121.1147,³À³¥,C0S710,2017-02-24T05:00:00+08:00,313.0,17.0,1.8,13.2,-0.99,976.4,-99.0,0.0,-9.9,-99,-999,»OªF¿¤,22,³À³¥¶m,274
22.9186,121.1147,³À³¥,C0S710,2017-02-24T06:00:00+08:00,313.0,11.0,1.8,13.6,-0.99,977.1,-99.0,0.0,-9.9,-99,-999,»OªF¿¤,22,³À³¥¶m,274
22.9186,121.1147,³À³¥,C0S710,2017-02-24T07:00:00+08:00,313.0,21.0,1.1,13.5,-0.99,977.6,-99.0,0.0,-9.9,-99,-999,»OªF¿¤,22,³À³¥¶m,274
22.9186,121.1147,³À³¥,C0S710,2017-02-24T08:00:00+08:00,313.0,14.0,0.9,14.0,-0.99,977.8,-99.0,0.0,-9.9,-99,-999,»OªF¿¤,22,³À³¥¶m,274
22.9186,121.1147,³À³¥,C0S710,2017-02-24T09:00:00+08:00,313.0,354.0,2.0,14.8,-0.99,977.8,-99.0,0.0,-9.9,-99,-999,»OªF¿¤,22,³À³¥¶m,274
22.9186,121.1147,³À³¥,C0S710,2017-02-24T10:00:00+08:00,313.0,28.0,1.5,15.9,-0.99,977.7,-99.0,0.0,-9.9,-99,-999,»OªF¿¤,22,³À³¥¶m,274
22.9186,121.1147,³À³¥,C0S710,2017-02-24T11:00:00+08:00,313.0,20.0,1.4,16.8,-0.99,977.0,-99.0,0.0,-9.9,-99,-999,»OªF¿¤,22,³À³¥¶m,274
22.9186,121.1147,³À³¥,C0S710,2017-02-24T12:00:00+08:00,313.0,20.0,1.4,17.2,-0.99,976.4,-99.0,0.0,-9.9,-99,-999,»OªF¿¤,22,³À³¥¶m,274
22.9186,121.1147,³À³¥,C0S710,2017-02-24T13:00:00+08:00,313.0,21.0,1.2,17.1,-0.99,975.8,-99.0,0.0,-9.9,-99,-999,»OªF¿¤,22,³À³¥¶m,274
22.9186,121.1147,³À³¥,C0S710,2017-02-24T14:00:00+08:00,313.0,32.0,1.0,17.1,-0.99,975.5,-99.0,0.0,-9.9,-99,-999,»OªF¿¤,22,³À³¥¶m,274
22.9186,121.1147,³À³¥,C0S710,2017-02-24T15:00:00+08:00,313.0,37.0,1.9,15.6,-0.99,975.4,-99.0,0.0,-9.9,-99,-999,»OªF¿¤,22,³À³¥¶m,274
22.9186,121.1147,³À³¥,C0S710,2017-02-24T16:00:00+08:00,313.0,8.0,2.1,14.8,-0.99,975.6,-99.0,0.0,-9.9,-99,-999,»OªF¿¤,22,³À³¥¶m,274
22.9186,121.1147,³À³¥,C0S710,2017-02-24T17:00:00+08:00,313.0,358.0,3.1,14.8,-0.99,976.2,-99.0,0.0,-9.9,-99,-999,»OªF¿¤,22,³À³¥¶m,274
22.9186,121.1147,³À³¥,C0S710,2017-02-24T18:00:00+08:00,313.0,5.0,3.4,14.9,-0.99,976.6,-99.0,0.0,-9.9,-99,-999,»OªF¿¤,22,³À³¥¶m,274
22.9186,121.1147,³À³¥,C0S710,2017-02-24T19:00:00+08:00,313.0,4.0,3.0,14.9,-0.99,977.1,-99.0,0.0,-9.9,-99,-999,»OªF¿¤,22,³À³¥¶m,274
22.9186,121.1147,³À³¥,C0S710,2017-02-24T20:00:00+08:00,313.0,3.0,3.5,14.6,-0.99,977.7,-99.0,0.0,-9.9,-99,-999,»OªF¿¤,22,³À³¥¶m,274
22.9186,121.1147,³À³¥,C0S710,2017-02-24T21:00:00+08:00,313.0,23.0,2.5,14.2,-0.99,978.2,-99.0,0.0,-9.9,-99,-999,»OªF¿¤,22,³À³¥¶m,274
22.9186,121.1147,³À³¥,C0S710,2017-02-24T22:00:00+08:00,313.0,10.0,2.4,13.8,-0.99,978.1,-99.0,0.0,-9.9,-99,-999,»OªF¿¤,22,³À³¥¶m,274
22.9186,121.1147,³À³¥,C0S710,2017-02-24T23:00:00+08:00,313.0,6.0,2.9,13.8,-0.99,977.8,-99.0,0.0,-9.9,-99,-999,»OªF¿¤,22,³À³¥¶m,274
22.9186,121.1147,³À³¥,C0S710,2017-02-25T00:00:00+08:00,313.0,6.0,2.6,13.8,-0.99,977.5,-99.0,0.0,-9.9,-99,-999,»OªF¿¤,22,³À³¥¶m,274
22.9186,121.1147,³À³¥,C0S710,2017-02-25T01:00:00+08:00,313.0,6.0,1.6,14.0,-0.99,977.2,-99.0,0.0,-9.9,-99,-999,»OªF¿¤,22,³À³¥¶m,274
22.9186,121.1147,³À³¥,C0S710,2017-02-25T02:00:00+08:00,313.0,5.0,1.7,13.7,-0.99,976.6,-99.0,0.0,-9.9,-99,-999,»OªF¿¤,22,³À³¥¶m,274
22.9186,121.1147,³À³¥,C0S710,2017-02-25T03:00:00+08:00,313.0,357.0,2.2,14.1,-0.99,976.0,-99.0,0.0,-9.9,-99,-999,»OªF¿¤,22,³À³¥¶m,274
22.9186,121.1147,³À³¥,C0S710,2017-02-25T04:00:00+08:00,313.0,3.0,2.3,13.6,-0.99,975.7,-99.0,0.0,-9.9,-99,-999,»OªF¿¤,22,³À³¥¶m,274
22.9186,121.1147,³À³¥,C0S710,2017-02-25T05:00:00+08:00,313.0,3.0,2.4,13.7,-0.99,975.8,-99.0,0.0,-9.9,-99,-999,»OªF¿¤,22,³À³¥¶m,274
22.9186,121.1147,³À³¥,C0S710,2017-02-25T06:00:00+08:00,313.0,15.0,1.8,13.6,-0.99,976.0,-99.0,0.0,-9.9,-99,-999,»OªF¿¤,22,³À³¥¶m,274
22.9186,121.1147,³À³¥,C0S710,2017-02-25T07:00:00+08:00,313.0,1.0,2.5,13.6,-0.99,976.3,-99.0,0.0,-9.9,-99,-999,»OªF¿¤,22,³À³¥¶m,274
22.9186,121.1147,³À³¥,C0S710,2017-02-25T08:00:00+08:00,313.0,359.0,1.7,14.4,-0.99,976.9,-99.0,0.0,-9.9,-99,-999,»OªF¿¤,22,³À³¥¶m,274
22.9186,121.1147,³À³¥,C0S710,2017-02-25T10:00:00+08:00,313.0,17.0,1.3,16.6,-0.99,976.3,-99.0,0.0,-9.9,-99,-999,»OªF¿¤,22,³À³¥¶m,274
22.9186,121.1147,³À³¥,C0S710,2017-02-25T11:00:00+08:00,313.0,28.0,1.5,17.4,-0.99,975.5,-99.0,0.0,-9.9,-99,-999,»OªF¿¤,22,³À³¥¶m,274
22.9186,121.1147,³À³¥,C0S710,2017-02-25T12:00:00+08:00,313.0,20.0,1.2,18.1,-0.99,974.4,-99.0,0.0,-9.9,-99,-999,»OªF¿¤,22,³À³¥¶m,274
22.9186,121.1147,³À³¥,C0S710,2017-02-25T13:00:00+08:00,313.0,35.0,0.6,19.1,-0.99,973.4,-99.0,0.0,-9.9,-99,-999,»OªF¿¤,22,³À³¥¶m,274
22.9186,121.1147,³À³¥,C0S710,2017-02-25T14:00:00+08:00,313.0,20.0,0.5,19.5,-0.99,972.5,-99.0,0.0,-9.9,-99,-999,»OªF¿¤,22,³À³¥¶m,274
22.9186,121.1147,³À³¥,C0S710,2017-02-25T15:00:00+08:00,313.0,117.0,0.9,18.9,-0.99,972.2,-99.0,0.0,-9.9,-99,-999,»OªF¿¤,22,³À³¥¶m,274
22.9186,121.1147,³À³¥,C0S710,2017-02-25T16:00:00+08:00,313.0,89.0,0.7,18.4,-0.99,972.5,-99.0,0.0,-9.9,-99,-999,»OªF¿¤,22,³À³¥¶m,274
22.9186,121.1147,³À³¥,C0S710,2017-02-25T17:00:00+08:00,313.0,38.0,0.9,17.1,-0.99,972.8,-99.0,0.0,-9.9,-99,-999,»OªF¿¤,22,³À³¥¶m,274
22.9186,121.1147,³À³¥,C0S710,2017-02-25T18:00:00+08:00,313.0,7.0,2.6,16.4,-0.99,973.3,-99.0,0.0,-9.9,-99,-999,»OªF¿¤,22,³À³¥¶m,274
22.9186,121.1147,³À³¥,C0S710,2017-02-25T19:00:00+08:00,313.0,6.0,2.1,15.7,-0.99,973.7,-99.0,0.0,-9.9,-99,-999,»OªF¿¤,22,³À³¥¶m,274
22.9186,121.1147,³À³¥,C0S710,2017-02-25T20:00:00+08:00,313.0,3.0,2.8,15.6,-0.99,974.2,-99.0,0.0,-9.9,-99,-999,»OªF¿¤,22,³À³¥¶m,274
22.9186,121.1147,³À³¥,C0S710,2017-02-25T21:00:00+08:00,313.0,14.0,1.6,16.0,-0.99,974.6,-99.0,0.0,-9.9,-99,-999,»OªF¿¤,22,³À³¥¶m,274
22.9186,121.1147,³À³¥,C0S710,2017-02-25T22:00:00+08:00,313.0,10.0,2.1,15.6,-0.99,974.9,-99.0,0.0,-9.9,-99,-999,»OªF¿¤,22,³À³¥¶m,274
22.9186,121.1147,³À³¥,C0S710,2017-02-25T23:00:00+08:00,313.0,13.0,1.8,15.2,-0.99,974.8,-99.0,0.0,-9.9,-99,-999,»OªF¿¤,22,³À³¥¶m,274
22.9186,121.1147,³À³¥,C0S710,2017-02-26T00:00:00+08:00,313.0,3.0,3.4,15.2,-0.99,974.6,-99.0,0.0,-9.9,-99,-999,»OªF¿¤,22,³À³¥¶m,274
22.9186,121.1147,³À³¥,C0S710,2017-02-26T01:00:00+08:00,313.0,5.0,2.8,15.0,-0.99,974.3,-99.0,0.0,-9.9,-99,-999,»OªF¿¤,22,³À³¥¶m,274
22.9186,121.1147,³À³¥,C0S710,2017-02-26T02:00:00+08:00,313.0,9.0,2.5,14.9,-0.99,974.0,-99.0,0.0,-9.9,-99,-999,»OªF¿¤,22,³À³¥¶m,274
22.9186,121.1147,³À³¥,C0S710,2017-02-26T03:00:00+08:00,313.0,8.0,1.5,15.1,-0.99,973.7,-99.0,0.0,-9.9,-99,-999,»OªF¿¤,22,³À³¥¶m,274
22.9186,121.1147,³À³¥,C0S710,2017-02-26T04:00:00+08:00,313.0,1.0,2.0,15.1,-0.99,973.7,-99.0,0.0,-9.9,-99,-999,»OªF¿¤,22,³À³¥¶m,274
22.9186,121.1147,³À³¥,C0S710,2017-02-26T05:00:00+08:00,313.0,20.0,0.8,15.0,-0.99,973.4,-99.0,0.0,-9.9,-99,-999,»OªF¿¤,22,³À³¥¶m,274
22.9186,121.1147,³À³¥,C0S710,2017-02-26T06:00:00+08:00,313.0,358.0,2.5,15.0,-0.99,973.8,-99.0,0.0,-9.9,-99,-999,»OªF¿¤,22,³À³¥¶m,274
22.9186,121.1147,³À³¥,C0S710,2017-02-26T07:00:00+08:00,313.0,6.0,1.4,15.1,-0.99,974.8,-99.0,0.0,-9.9,-99,-999,»OªF¿¤,22,³À³¥¶m,274
22.9186,121.1147,³À³¥,C0S710,2017-02-26T08:00:00+08:00,313.0,19.0,1.6,15.1,-0.99,975.1,-99.0,0.0,-9.9,-99,-999,»OªF¿¤,22,³À³¥¶m,274
22.9186,121.1147,³À³¥,C0S710,2017-02-26T10:00:00+08:00,313.0,9.0,3.0,15.0,-0.99,976.0,-99.0,0.0,-9.9,-99,-999,»OªF¿¤,22,³À³¥¶m,274
22.9186,121.1147,³À³¥,C0S710,2017-02-26T11:00:00+08:00,313.0,9.0,2.5,15.5,-0.99,975.8,-99.0,0.0,-9.9,-99,-999,»OªF¿¤,22,³À³¥¶m,274
22.9186,121.1147,³À³¥,C0S710,2017-02-26T12:00:00+08:00,313.0,14.0,2.0,17.1,-0.99,975.3,-99.0,0.0,-9.9,-99,-999,»OªF¿¤,22,³À³¥¶m,274
22.9186,121.1147,³À³¥,C0S710,2017-02-26T13:00:00+08:00,313.0,24.0,1.3,17.5,-0.99,974.7,-99.0,0.0,-9.9,-99,-999,»OªF¿¤,22,³À³¥¶m,274
22.9186,121.1147,³À³¥,C0S710,2017-02-26T14:00:00+08:00,313.0,46.0,1.1,16.9,-0.99,974.1,-99.0,0.0,-9.9,-99,-999,»OªF¿¤,22,³À³¥¶m,274
22.9186,121.1147,³À³¥,C0S710,2017-02-26T15:00:00+08:00,313.0,45.0,2.2,15.6,-0.99,973.9,-99.0,0.0,-9.9,-99,-999,»OªF¿¤,22,³À³¥¶m,274
22.9186,121.1147,³À³¥,C0S710,2017-02-26T16:00:00+08:00,313.0,44.0,2.6,15.2,-0.99,974.2,-99.0,0.0,-9.9,-99,-999,»OªF¿¤,22,³À³¥¶m,274
22.9186,121.1147,³À³¥,C0S710,2017-02-26T17:00:00+08:00,313.0,28.0,2.6,15.2,-0.99,974.9,-99.0,0.0,-9.9,-99,-999,»OªF¿¤,22,³À³¥¶m,274
22.9186,121.1147,³À³¥,C0S710,2017-02-26T18:00:00+08:00,313.0,11.0,3.1,14.4,-0.99,975.3,-99.0,0.0,-9.9,-99,-999,»OªF¿¤,22,³À³¥¶m,274
22.9186,121.1147,³À³¥,C0S710,2017-02-26T19:00:00+08:00,313.0,24.0,2.9,13.7,-0.99,976.1,-99.0,0.0,-9.9,-99,-999,»OªF¿¤,22,³À³¥¶m,274
22.9186,121.1147,³À³¥,C0S710,2017-02-26T20:00:00+08:00,313.0,15.0,3.0,13.6,-0.99,977.0,-99.0,0.0,-9.9,-99,-999,»OªF¿¤,22,³À³¥¶m,274
22.9186,121.1147,³À³¥,C0S710,2017-02-26T21:00:00+08:00,313.0,6.0,2.8,13.5,-0.99,977.9,-99.0,0.0,-9.9,-99,-999,»OªF¿¤,22,³À³¥¶m,274
22.9186,121.1147,³À³¥,C0S710,2017-02-26T22:00:00+08:00,313.0,12.0,2.0,13.1,-0.99,978.4,-99.0,0.0,-9.9,-99,-999,»OªF¿¤,22,³À³¥¶m,274
22.9186,121.1147,³À³¥,C0S710,2017-02-26T23:00:00+08:00,313.0,28.0,2.1,12.6,-0.99,978.6,-99.0,0.0,-9.9,-99,-999,»OªF¿¤,22,³À³¥¶m,274
22.9186,121.1147,³À³¥,C0S710,2017-02-27T00:00:00+08:00,313.0,15.0,1.5,12.5,-0.99,978.5,-99.0,0.0,-9.9,-99,-999,»OªF¿¤,22,³À³¥¶m,274
22.9186,121.1147,³À³¥,C0S710,2017-02-27T01:00:00+08:00,313.0,4.0,3.0,12.5,-0.99,978.0,-99.0,0.0,-9.9,-99,-999,»OªF¿¤,22,³À³¥¶m,274
22.9186,121.1147,³À³¥,C0S710,2017-02-27T02:00:00+08:00,313.0,10.0,2.0,12.7,-0.99,977.4,-99.0,0.0,-9.9,-99,-999,»OªF¿¤,22,³À³¥¶m,274
22.9186,121.1147,³À³¥,C0S710,2017-02-27T03:00:00+08:00,313.0,2.0,2.9,12.6,-0.99,977.1,-99.0,0.0,-9.9,-99,-999,»OªF¿¤,22,³À³¥¶m,274
22.9186,121.1147,³À³¥,C0S710,2017-02-27T04:00:00+08:00,313.0,13.0,2.1,13.0,-0.99,977.1,-99.0,0.0,-9.9,-99,-999,»OªF¿¤,22,³À³¥¶m,274
22.9186,121.1147,³À³¥,C0S710,2017-02-27T05:00:00+08:00,313.0,14.0,2.9,12.7,-0.99,977.5,-99.0,0.0,-9.9,-99,-999,»OªF¿¤,22,³À³¥¶m,274
22.9186,121.1147,³À³¥,C0S710,2017-02-27T06:00:00+08:00,313.0,18.0,2.1,12.7,-0.99,978.1,-99.0,0.0,-9.9,-99,-999,»OªF¿¤,22,³À³¥¶m,274
22.9186,121.1147,³À³¥,C0S710,2017-02-27T07:00:00+08:00,313.0,22.0,2.2,12.8,-0.99,978.6,-99.0,0.0,-9.9,-99,-999,»OªF¿¤,22,³À³¥¶m,274
22.9186,121.1147,³À³¥,C0S710,2017-02-27T08:00:00+08:00,313.0,11.0,3.0,12.9,-0.99,979.2,-99.0,0.0,-9.9,-99,-999,»OªF¿¤,22,³À³¥¶m,274
22.9186,121.1147,³À³¥,C0S710,2017-02-27T10:00:00+08:00,313.0,17.0,2.0,14.8,-0.99,979.5,-99.0,0.0,-9.9,-99,-999,»OªF¿¤,22,³À³¥¶m,274
22.9186,121.1147,³À³¥,C0S710,2017-02-27T11:00:00+08:00,313.0,30.0,2.1,15.5,-0.99,979.0,-99.0,0.0,-9.9,-99,-999,»OªF¿¤,22,³À³¥¶m,274
22.9186,121.1147,³À³¥,C0S710,2017-02-27T12:00:00+08:00,313.0,17.0,2.0,15.9,-0.99,978.4,-99.0,0.0,-9.9,-99,-999,»OªF¿¤,22,³À³¥¶m,274
22.9186,121.1147,³À³¥,C0S710,2017-02-27T13:00:00+08:00,313.0,10.0,2.5,16.0,-0.99,977.5,-99.0,0.0,-9.9,-99,-999,»OªF¿¤,22,³À³¥¶m,274
22.9186,121.1147,³À³¥,C0S710,2017-02-27T14:00:00+08:00,313.0,21.0,2.0,15.5,-0.99,977.0,-99.0,0.0,-9.9,-99,-999,»OªF¿¤,22,³À³¥¶m,274
22.9186,121.1147,³À³¥,C0S710,2017-02-27T15:00:00+08:00,313.0,17.0,1.8,15.3,-0.99,977.0,-99.0,0.0,-9.9,-99,-999,»OªF¿¤,22,³À³¥¶m,274
22.9186,121.1147,³À³¥,C0S710,2017-02-27T16:00:00+08:00,313.0,20.0,1.6,14.8,-0.99,977.4,-99.0,0.0,-9.9,-99,-999,»OªF¿¤,22,³À³¥¶m,274
22.9186,121.1147,³À³¥,C0S710,2017-02-27T17:00:00+08:00,313.0,3.0,3.0,14.5,-0.99,977.9,-99.0,0.0,-9.9,-99,-999,»OªF¿¤,22,³À³¥¶m,274
22.9186,121.1147,³À³¥,C0S710,2017-02-27T18:00:00+08:00,313.0,3.0,2.8,14.4,-0.99,978.1,-99.0,0.0,-9.9,-99,-999,»OªF¿¤,22,³À³¥¶m,274
22.9186,121.1147,³À³¥,C0S710,2017-02-27T19:00:00+08:00,313.0,13.0,2.3,14.2,-0.99,978.2,-99.0,0.0,-9.9,-99,-999,»OªF¿¤,22,³À³¥¶m,274
22.9186,121.1147,³À³¥,C0S710,2017-02-27T20:00:00+08:00,313.0,4.0,2.5,14.1,-0.99,978.7,-99.0,0.0,-9.9,-99,-999,»OªF¿¤,22,³À³¥¶m,274
22.9186,121.1147,³À³¥,C0S710,2017-02-27T21:00:00+08:00,313.0,9.0,2.8,13.5,-0.99,979.1,-99.0,0.0,-9.9,-99,-999,»OªF¿¤,22,³À³¥¶m,274
22.9186,121.1147,³À³¥,C0S710,2017-02-27T22:00:00+08:00,313.0,14.0,1.8,13.5,-0.99,979.2,-99.0,0.0,-9.9,-99,-999,»OªF¿¤,22,³À³¥¶m,274
22.9186,121.1147,³À³¥,C0S710,2017-02-27T23:00:00+08:00,313.0,32.0,1.2,13.4,-0.99,979.0,-99.0,0.0,-9.9,-99,-999,»OªF¿¤,22,³À³¥¶m,274
22.9186,121.1147,³À³¥,C0S710,2017-02-28T00:00:00+08:00,313.0,12.0,2.5,13.7,-0.99,978.8,-99.0,0.0,-9.9,-99,-999,»OªF¿¤,22,³À³¥¶m,274
22.9186,121.1147,³À³¥,C0S710,2017-02-28T01:00:00+08:00,313.0,3.0,2.8,13.8,-0.99,978.4,-99.0,0.0,-9.9,-99,-999,»OªF¿¤,22,³À³¥¶m,274
22.9186,121.1147,³À³¥,C0S710,2017-02-28T02:00:00+08:00,313.0,6.0,2.1,13.7,-0.99,978.0,-99.0,0.0,-9.9,-99,-999,»OªF¿¤,22,³À³¥¶m,274
22.9186,121.1147,³À³¥,C0S710,2017-02-28T03:00:00+08:00,313.0,358.0,2.3,13.4,-0.99,977.3,-99.0,0.0,-9.9,-99,-999,»OªF¿¤,22,³À³¥¶m,274
22.9186,121.1147,³À³¥,C0S710,2017-02-28T04:00:00+08:00,313.0,2.0,1.8,13.4,-0.99,976.9,-99.0,0.0,-9.9,-99,-999,»OªF¿¤,22,³À³¥¶m,274
22.9186,121.1147,³À³¥,C0S710,2017-02-28T05:00:00+08:00,313.0,6.0,2.0,13.4,-0.99,977.2,-99.0,0.0,-9.9,-99,-999,»OªF¿¤,22,³À³¥¶m,274
22.9186,121.1147,³À³¥,C0S710,2017-02-28T06:00:00+08:00,313.0,2.0,2.0,13.7,-0.99,977.7,-99.0,0.0,-9.9,-99,-999,»OªF¿¤,22,³À³¥¶m,274
22.9186,121.1147,³À³¥,C0S710,2017-02-28T07:00:00+08:00,313.0,349.0,1.7,13.4,-0.99,978.1,-99.0,0.0,-9.9,-99,-999,»OªF¿¤,22,³À³¥¶m,274
22.9186,121.1147,³À³¥,C0S710,2017-02-28T08:00:00+08:00,313.0,348.0,1.4,14.3,-0.99,978.3,-99.0,0.0,-9.9,-99,-999,»OªF¿¤,22,³À³¥¶m,274
22.9186,121.1147,³À³¥,C0S710,2017-02-28T09:00:00+08:00,313.0,18.0,1.1,14.8,-0.99,978.1,-99.0,0.0,-9.9,-99,-999,»OªF¿¤,22,³À³¥¶m,274
22.9186,121.1147,³À³¥,C0S710,2017-02-28T10:00:00+08:00,313.0,25.0,1.7,17.0,-0.99,977.9,-99.0,0.0,-9.9,-99,-999,»OªF¿¤,22,³À³¥¶m,274
22.9186,121.1147,³À³¥,C0S710,2017-02-28T11:00:00+08:00,313.0,38.0,1.2,19.7,-0.99,977.0,-99.0,0.0,-9.9,-99,-999,»OªF¿¤,22,³À³¥¶m,274
22.9186,121.1147,³À³¥,C0S710,2017-02-28T12:00:00+08:00,313.0,4.0,1.4,21.0,-0.99,975.8,-99.0,0.0,-9.9,-99,-999,»OªF¿¤,22,³À³¥¶m,274
22.9186,121.1147,³À³¥,C0S710,2017-02-28T13:00:00+08:00,313.0,42.0,0.6,21.6,-0.99,974.8,-99.0,0.0,-9.9,-99,-999,»OªF¿¤,22,³À³¥¶m,274
22.9186,121.1147,³À³¥,C0S710,2017-02-28T14:00:00+08:00,313.0,13.0,0.6,20.9,-0.99,974.0,-99.0,0.0,-9.9,-99,-999,»OªF¿¤,22,³À³¥¶m,274
22.9186,121.1147,³À³¥,C0S710,2017-02-28T15:00:00+08:00,313.0,209.0,0.9,20.1,-0.99,973.4,-99.0,0.0,-9.9,-99,-999,»OªF¿¤,22,³À³¥¶m,274
22.9186,121.1147,³À³¥,C0S710,2017-02-28T16:00:00+08:00,313.0,248.0,0.3,19.4,-0.99,973.4,-99.0,0.0,-9.9,-99,-999,»OªF¿¤,22,³À³¥¶m,274
22.9186,121.1147,³À³¥,C0S710,2017-02-28T17:00:00+08:00,313.0,205.0,0.3,18.7,-0.99,973.5,-99.0,0.0,-9.9,-99,-999,»OªF¿¤,22,³À³¥¶m,274
22.9186,121.1147,³À³¥,C0S710,2017-02-28T18:00:00+08:00,313.0,359.0,3.0,17.4,-0.99,973.9,-99.0,0.0,-9.9,-99,-999,»OªF¿¤,22,³À³¥¶m,274
22.9186,121.1147,³À³¥,C0S710,2017-02-28T19:00:00+08:00,313.0,360.0,3.5,16.5,-0.99,974.1,-99.0,0.0,-9.9,-99,-999,»OªF¿¤,22,³À³¥¶m,274
22.9186,121.1147,³À³¥,C0S710,2017-02-28T20:00:00+08:00,313.0,3.0,3.3,15.8,-0.99,974.2,-99.0,0.0,-9.9,-99,-999,»OªF¿¤,22,³À³¥¶m,274
22.9186,121.1147,³À³¥,C0S710,2017-02-28T21:00:00+08:00,313.0,16.0,2.1,15.4,-0.99,974.6,-99.0,0.0,-9.9,-99,-999,»OªF¿¤,22,³À³¥¶m,274
22.9186,121.1147,³À³¥,C0S710,2017-02-28T22:00:00+08:00,313.0,2.0,3.0,15.0,-0.99,974.7,-99.0,0.0,-9.9,-99,-999,»OªF¿¤,22,³À³¥¶m,274
22.9186,121.1147,³À³¥,C0S710,2017-02-28T23:00:00+08:00,313.0,1.0,3.0,15.0,-0.99,974.5,-99.0,0.0,-9.9,-99,-999,»OªF¿¤,22,³À³¥¶m,274
