23.5803,121.5058,Â×ÀØ,C0T9I0,2017-02-01T07:00:00+08:00,214.0,244.0,1.9,15.6,-0.99,1004.1,-99.0,1.0,-9.9,-99,-999,ªá½¬¿¤,21,Â×ÀØ¶m,188
23.5803,121.5058,Â×ÀØ,C0T9I0,2017-02-01T05:00:00+08:00,214.0,232.0,1.3,15.8,-0.99,1003.3,-99.0,0.0,-9.9,-99,-999,ªá½¬¿¤,21,Â×ÀØ¶m,188
23.5803,121.5058,Â×ÀØ,C0T9I0,2017-02-01T02:00:00+08:00,214.0,234.0,1.4,18.3,-0.99,1003.1,-99.0,0.0,-9.9,-99,-999,ªá½¬¿¤,21,Â×ÀØ¶m,188
23.5803,121.5058,Â×ÀØ,C0T9I0,2017-02-01T11:00:00+08:00,214.0,17.0,0.3,18.3,-0.99,1004.9,-99.0,1.5,-9.9,-99,-999,ªá½¬¿¤,21,Â×ÀØ¶m,188
23.5803,121.5058,Â×ÀØ,C0T9I0,2017-02-02T10:00:00+08:00,214.0,2.0,0.8,16.1,-0.99,1008.4,-99.0,20.0,-9.9,-99,-999,ªá½¬¿¤,21,Â×ÀØ¶m,188
23.5803,121.5058,Â×ÀØ,C0T9I0,2017-02-02T09:00:00+08:00,214.0,329.0,1.1,16.1,-0.99,1008.4,-99.0,18.5,-9.9,-99,-999,ªá½¬¿¤,21,Â×ÀØ¶m,188
23.5803,121.5058,Â×ÀØ,C0T9I0,2017-02-02T08:00:00+08:00,214.0,290.0,0.4,15.2,-0.99,1007.9,-99.0,18.5,-9.9,-99,-999,ªá½¬¿¤,21,Â×ÀØ¶m,188
23.5803,121.5058,Â×ÀØ,C0T9I0,2017-02-02T14:00:00+08:00,214.0,35.0,1.6,16.1,-0.99,1005.2,-99.0,25.0,-9.9,-99,-999,ªá½¬¿¤,21,Â×ÀØ¶m,188
23.5803,121.5058,Â×ÀØ,C0T9I0,2017-02-02T15:00:00+08:00,214.0,38.0,1.8,15.1,-0.99,1005.1,-99.0,26.5,-9.9,-99,-999,ªá½¬¿¤,21,Â×ÀØ¶m,188
23.5803,121.5058,Â×ÀØ,C0T9I0,2017-02-02T16:00:00+08:00,214.0,344.0,0.7,14.4,-0.99,1005.5,-99.0,29.0,-9.9,-99,-999,ªá½¬¿¤,21,Â×ÀØ¶m,188
23.5803,121.5058,Â×ÀØ,C0T9I0,2017-02-02T17:00:00+08:00,214.0,326.0,0.3,15.4,-0.99,1006.2,-99.0,32.0,-9.9,-99,-999,ªá½¬¿¤,21,Â×ÀØ¶m,188
23.5803,121.5058,Â×ÀØ,C0T9I0,2017-02-02T18:00:00+08:00,214.0,35.0,0.3,15.2,-0.99,1006.8,-99.0,34.0,-9.9,-99,-999,ªá½¬¿¤,21,Â×ÀØ¶m,188
23.5803,121.5058,Â×ÀØ,C0T9I0,2017-02-02T19:00:00+08:00,214.0,236.0,0.3,13.7,-0.99,1007.0,-99.0,36.0,-9.9,-99,-999,ªá½¬¿¤,21,Â×ÀØ¶m,188
23.5803,121.5058,Â×ÀØ,C0T9I0,2017-02-02T20:00:00+08:00,214.0,258.0,0.9,13.7,-0.99,1007.2,-99.0,36.0,-9.9,-99,-999,ªá½¬¿¤,21,Â×ÀØ¶m,188
23.5803,121.5058,Â×ÀØ,C0T9I0,2017-02-02T21:00:00+08:00,214.0,237.0,1.4,15.4,-0.99,1007.4,-99.0,38.5,-9.9,-99,-999,ªá½¬¿¤,21,Â×ÀØ¶m,188
23.5803,121.5058,Â×ÀØ,C0T9I0,2017-02-02T22:00:00+08:00,214.0,245.0,1.9,13.2,-0.99,1007.3,-99.0,39.0,-9.9,-99,-999,ªá½¬¿¤,21,Â×ÀØ¶m,188
23.5803,121.5058,Â×ÀØ,C0T9I0,2017-02-02T23:00:00+08:00,214.0,245.0,1.6,14.2,-0.99,1007.1,-99.0,41.0,-9.9,-99,-999,ªá½¬¿¤,21,Â×ÀØ¶m,188
23.5803,121.5058,Â×ÀØ,C0T9I0,2017-02-03T00:00:00+08:00,214.0,250.0,1.9,15.2,-0.99,1006.7,-99.0,41.5,-9.9,-99,-999,ªá½¬¿¤,21,Â×ÀØ¶m,188
23.5803,121.5058,Â×ÀØ,C0T9I0,2017-02-03T01:00:00+08:00,214.0,249.0,1.0,15.2,-0.99,1005.9,-99.0,0.0,-9.9,-99,-999,ªá½¬¿¤,21,Â×ÀØ¶m,188
23.5803,121.5058,Â×ÀØ,C0T9I0,2017-02-03T02:00:00+08:00,214.0,243.0,2.6,14.2,-0.99,1005.1,-99.0,0.0,-9.9,-99,-999,ªá½¬¿¤,21,Â×ÀØ¶m,188
23.5803,121.5058,Â×ÀØ,C0T9I0,2017-02-03T03:00:00+08:00,214.0,237.0,2.0,14.4,-0.99,1004.6,-99.0,0.0,-9.9,-99,-999,ªá½¬¿¤,21,Â×ÀØ¶m,188
23.5803,121.5058,Â×ÀØ,C0T9I0,2017-02-03T04:00:00+08:00,214.0,241.0,2.8,14.6,-0.99,1004.0,-99.0,0.0,-9.9,-99,-999,ªá½¬¿¤,21,Â×ÀØ¶m,188
23.5803,121.5058,Â×ÀØ,C0T9I0,2017-02-03T05:00:00+08:00,214.0,220.0,2.4,14.4,-0.99,1004.1,-99.0,0.0,-9.9,-99,-999,ªá½¬¿¤,21,Â×ÀØ¶m,188
23.5803,121.5058,Â×ÀØ,C0T9I0,2017-02-03T06:00:00+08:00,214.0,224.0,2.4,13.5,-0.99,1004.4,-99.0,0.0,-9.9,-99,-999,ªá½¬¿¤,21,Â×ÀØ¶m,188
23.5803,121.5058,Â×ÀØ,C0T9I0,2017-02-03T07:00:00+08:00,214.0,246.0,2.4,13.9,-0.99,1004.4,-99.0,0.0,-9.9,-99,-999,ªá½¬¿¤,21,Â×ÀØ¶m,188
23.5803,121.5058,Â×ÀØ,C0T9I0,2017-02-03T08:00:00+08:00,214.0,240.0,2.6,14.4,-0.99,1004.8,-99.0,0.0,-9.9,-99,-999,ªá½¬¿¤,21,Â×ÀØ¶m,188
23.5803,121.5058,Â×ÀØ,C0T9I0,2017-02-03T11:00:00+08:00,214.0,14.0,0.5,19.3,-0.99,1004.1,-99.0,0.0,-9.9,-99,-999,ªá½¬¿¤,21,Â×ÀØ¶m,188
23.5803,121.5058,Â×ÀØ,C0T9I0,2017-02-03T12:00:00+08:00,214.0,116.0,0.7,21.2,-0.99,1002.9,-99.0,0.0,-9.9,-99,-999,ªá½¬¿¤,21,Â×ÀØ¶m,188
23.5803,121.5058,Â×ÀØ,C0T9I0,2017-02-03T13:00:00+08:00,214.0,62.0,2.1,21.5,-0.99,1001.6,-99.0,0.0,-9.9,-99,-999,ªá½¬¿¤,21,Â×ÀØ¶m,188
23.5803,121.5058,Â×ÀØ,C0T9I0,2017-02-03T14:00:00+08:00,214.0,69.0,2.3,21.7,-0.99,1000.6,-99.0,0.0,-9.9,-99,-999,ªá½¬¿¤,21,Â×ÀØ¶m,188
23.5803,121.5058,Â×ÀØ,C0T9I0,2017-02-03T15:00:00+08:00,214.0,81.0,1.6,20.3,-0.99,1000.5,-99.0,0.0,-9.9,-99,-999,ªá½¬¿¤,21,Â×ÀØ¶m,188
23.5803,121.5058,Â×ÀØ,C0T9I0,2017-02-03T16:00:00+08:00,214.0,73.0,1.6,19.5,-0.99,1000.7,-99.0,0.0,-9.9,-99,-999,ªá½¬¿¤,21,Â×ÀØ¶m,188
23.5803,121.5058,Â×ÀØ,C0T9I0,2017-02-03T17:00:00+08:00,214.0,0.0,0.2,19.2,-0.99,1001.4,-99.0,0.0,-9.9,-99,-999,ªá½¬¿¤,21,Â×ÀØ¶m,188
23.5803,121.5058,Â×ÀØ,C0T9I0,2017-02-03T19:00:00+08:00,214.0,232.0,0.9,19.7,-0.99,1002.1,-99.0,0.0,-9.9,-99,-999,ªá½¬¿¤,21,Â×ÀØ¶m,188
23.5803,121.5058,Â×ÀØ,C0T9I0,2017-02-03T20:00:00+08:00,214.0,237.0,2.0,18.3,-0.99,1002.5,-99.0,0.0,-9.9,-99,-999,ªá½¬¿¤,21,Â×ÀØ¶m,188
23.5803,121.5058,Â×ÀØ,C0T9I0,2017-02-03T21:00:00+08:00,214.0,239.0,2.1,18.0,-0.99,1002.6,-99.0,0.0,-9.9,-99,-999,ªá½¬¿¤,21,Â×ÀØ¶m,188
23.5803,121.5058,Â×ÀØ,C0T9I0,2017-02-03T22:00:00+08:00,214.0,232.0,1.4,19.0,-0.99,1002.8,-99.0,0.0,-9.9,-99,-999,ªá½¬¿¤,21,Â×ÀØ¶m,188
23.5803,121.5058,Â×ÀØ,C0T9I0,2017-02-03T23:00:00+08:00,214.0,250.0,1.4,16.8,-0.99,1002.3,-99.0,0.0,-9.9,-99,-999,ªá½¬¿¤,21,Â×ÀØ¶m,188
23.5803,121.5058,Â×ÀØ,C0T9I0,2017-02-04T00:00:00+08:00,214.0,252.0,1.9,17.1,-0.99,1001.6,-99.0,0.0,-9.9,-99,-999,ªá½¬¿¤,21,Â×ÀØ¶m,188
23.5803,121.5058,Â×ÀØ,C0T9I0,2017-02-04T01:00:00+08:00,214.0,232.0,0.6,20.0,-0.99,1001.3,-99.0,0.0,-9.9,-99,-999,ªá½¬¿¤,21,Â×ÀØ¶m,188
23.5803,121.5058,Â×ÀØ,C0T9I0,2017-02-04T02:00:00+08:00,214.0,237.0,2.6,18.0,-0.99,1000.9,-99.0,0.0,-9.9,-99,-999,ªá½¬¿¤,21,Â×ÀØ¶m,188
23.5803,121.5058,Â×ÀØ,C0T9I0,2017-02-04T04:00:00+08:00,214.0,0.0,0.1,17.3,-0.99,999.4,-99.0,0.0,-9.9,-99,-999,ªá½¬¿¤,21,Â×ÀØ¶m,188
23.5803,121.5058,Â×ÀØ,C0T9I0,2017-02-04T05:00:00+08:00,214.0,227.0,2.8,18.5,-0.99,999.1,-99.0,0.0,-9.9,-99,-999,ªá½¬¿¤,21,Â×ÀØ¶m,188
23.5803,121.5058,Â×ÀØ,C0T9I0,2017-02-04T06:00:00+08:00,214.0,223.0,2.6,16.9,-0.99,1000.0,-99.0,0.0,-9.9,-99,-999,ªá½¬¿¤,21,Â×ÀØ¶m,188
23.5803,121.5058,Â×ÀØ,C0T9I0,2017-02-04T07:00:00+08:00,214.0,232.0,1.6,18.1,-0.99,1000.3,-99.0,0.0,-9.9,-99,-999,ªá½¬¿¤,21,Â×ÀØ¶m,188
23.5803,121.5058,Â×ÀØ,C0T9I0,2017-02-04T08:00:00+08:00,214.0,247.0,1.3,18.3,-0.99,1000.7,-99.0,0.0,-9.9,-99,-999,ªá½¬¿¤,21,Â×ÀØ¶m,188
23.5803,121.5058,Â×ÀØ,C0T9I0,2017-02-04T10:00:00+08:00,214.0,-97.0,-97.0,-97.0,-0.99,-997.0,-99.0,3.5,-9.9,-99,-999,ªá½¬¿¤,21,Â×ÀØ¶m,188
23.5803,121.5058,Â×ÀØ,C0T9I0,2017-02-04T11:00:00+08:00,214.0,-97.0,-97.0,-97.0,-0.99,-997.0,-99.0,6.0,-9.9,-99,-999,ªá½¬¿¤,21,Â×ÀØ¶m,188
23.5803,121.5058,Â×ÀØ,C0T9I0,2017-02-04T12:00:00+08:00,214.0,-97.0,-97.0,-97.0,-0.99,-997.0,-99.0,6.5,-9.9,-99,-999,ªá½¬¿¤,21,Â×ÀØ¶m,188
23.5803,121.5058,Â×ÀØ,C0T9I0,2017-02-04T13:00:00+08:00,214.0,-97.0,-97.0,-97.0,-0.99,-997.0,-99.0,6.5,-9.9,-99,-999,ªá½¬¿¤,21,Â×ÀØ¶m,188
23.5803,121.5058,Â×ÀØ,C0T9I0,2017-02-04T14:00:00+08:00,214.0,-97.0,-97.0,-97.0,-0.99,-997.0,-99.0,6.5,-9.9,-99,-999,ªá½¬¿¤,21,Â×ÀØ¶m,188
23.5803,121.5058,Â×ÀØ,C0T9I0,2017-02-04T16:00:00+08:00,214.0,0.0,0.0,18.5,-0.99,996.7,-99.0,6.5,-9.9,-99,-999,ªá½¬¿¤,21,Â×ÀØ¶m,188
23.5803,121.5058,Â×ÀØ,C0T9I0,2017-02-04T17:00:00+08:00,214.0,205.0,0.5,18.8,-0.99,996.5,-99.0,6.5,-9.9,-99,-999,ªá½¬¿¤,21,Â×ÀØ¶m,188
23.5803,121.5058,Â×ÀØ,C0T9I0,2017-02-04T18:00:00+08:00,214.0,231.0,1.9,19.3,-0.99,997.0,-99.0,7.0,-9.9,-99,-999,ªá½¬¿¤,21,Â×ÀØ¶m,188
23.5803,121.5058,Â×ÀØ,C0T9I0,2017-02-04T19:00:00+08:00,214.0,229.0,1.9,18.1,-0.99,997.6,-99.0,7.0,-9.9,-99,-999,ªá½¬¿¤,21,Â×ÀØ¶m,188
23.5803,121.5058,Â×ÀØ,C0T9I0,2017-02-04T20:00:00+08:00,214.0,230.0,2.1,17.8,-0.99,998.1,-99.0,7.0,-9.9,-99,-999,ªá½¬¿¤,21,Â×ÀØ¶m,188
23.5803,121.5058,Â×ÀØ,C0T9I0,2017-02-04T21:00:00+08:00,214.0,245.0,0.4,16.8,-0.99,997.8,-99.0,8.0,-9.9,-99,-999,ªá½¬¿¤,21,Â×ÀØ¶m,188
23.5803,121.5058,Â×ÀØ,C0T9I0,2017-02-04T22:00:00+08:00,214.0,224.0,0.9,17.3,-0.99,998.0,-99.0,8.5,-9.9,-99,-999,ªá½¬¿¤,21,Â×ÀØ¶m,188
23.5803,121.5058,Â×ÀØ,C0T9I0,2017-02-04T23:00:00+08:00,214.0,225.0,1.4,17.5,-0.99,997.8,-99.0,8.5,-9.9,-99,-999,ªá½¬¿¤,21,Â×ÀØ¶m,188
23.5803,121.5058,Â×ÀØ,C0T9I0,2017-02-05T00:00:00+08:00,214.0,254.0,1.4,16.3,-0.99,997.1,-99.0,8.5,-9.9,-99,-999,ªá½¬¿¤,21,Â×ÀØ¶m,188
23.5803,121.5058,Â×ÀØ,C0T9I0,2017-02-05T01:00:00+08:00,214.0,237.0,1.5,18.3,-0.99,997.0,-99.0,0.5,-9.9,-99,-999,ªá½¬¿¤,21,Â×ÀØ¶m,188
23.5803,121.5058,Â×ÀØ,C0T9I0,2017-02-05T02:00:00+08:00,214.0,243.0,1.9,17.1,-0.99,996.3,-99.0,0.5,-9.9,-99,-999,ªá½¬¿¤,21,Â×ÀØ¶m,188
23.5803,121.5058,Â×ÀØ,C0T9I0,2017-02-05T03:00:00+08:00,214.0,225.0,2.4,17.4,-0.99,995.5,-99.0,1.0,-9.9,-99,-999,ªá½¬¿¤,21,Â×ÀØ¶m,188
23.5803,121.5058,Â×ÀØ,C0T9I0,2017-02-05T04:00:00+08:00,214.0,230.0,2.4,18.0,-0.99,995.1,-99.0,1.0,-9.9,-99,-999,ªá½¬¿¤,21,Â×ÀØ¶m,188
23.5803,121.5058,Â×ÀØ,C0T9I0,2017-02-05T05:00:00+08:00,214.0,236.0,2.7,17.3,-0.99,995.1,-99.0,1.0,-9.9,-99,-999,ªá½¬¿¤,21,Â×ÀØ¶m,188
23.5803,121.5058,Â×ÀØ,C0T9I0,2017-02-05T06:00:00+08:00,214.0,230.0,2.1,18.1,-0.99,995.7,-99.0,1.0,-9.9,-99,-999,ªá½¬¿¤,21,Â×ÀØ¶m,188
23.5803,121.5058,Â×ÀØ,C0T9I0,2017-02-05T07:00:00+08:00,214.0,221.0,2.8,19.1,-0.99,996.1,-99.0,1.0,-9.9,-99,-999,ªá½¬¿¤,21,Â×ÀØ¶m,188
23.5803,121.5058,Â×ÀØ,C0T9I0,2017-02-05T08:00:00+08:00,214.0,223.0,1.4,18.8,-0.99,996.6,-99.0,1.0,-9.9,-99,-999,ªá½¬¿¤,21,Â×ÀØ¶m,188
23.5803,121.5058,Â×ÀØ,C0T9I0,2017-02-05T10:00:00+08:00,214.0,286.0,0.6,21.0,-0.99,997.6,-99.0,1.0,-9.9,-99,-999,ªá½¬¿¤,21,Â×ÀØ¶m,188
23.5803,121.5058,Â×ÀØ,C0T9I0,2017-02-05T11:00:00+08:00,214.0,105.0,2.2,18.3,-0.99,997.4,-99.0,3.0,-9.9,-99,-999,ªá½¬¿¤,21,Â×ÀØ¶m,188
23.5803,121.5058,Â×ÀØ,C0T9I0,2017-02-05T13:00:00+08:00,214.0,83.0,1.7,20.2,-0.99,995.7,-99.0,7.5,-9.9,-99,-999,ªá½¬¿¤,21,Â×ÀØ¶m,188
23.5803,121.5058,Â×ÀØ,C0T9I0,2017-02-05T14:00:00+08:00,214.0,40.0,0.5,22.4,-0.99,995.0,-99.0,7.5,-9.9,-99,-999,ªá½¬¿¤,21,Â×ÀØ¶m,188
23.5803,121.5058,Â×ÀØ,C0T9I0,2017-02-05T15:00:00+08:00,214.0,72.0,0.3,21.4,-0.99,995.2,-99.0,7.5,-9.9,-99,-999,ªá½¬¿¤,21,Â×ÀØ¶m,188
23.5803,121.5058,Â×ÀØ,C0T9I0,2017-02-05T16:00:00+08:00,214.0,0.0,0.0,20.2,-0.99,995.6,-99.0,7.5,-9.9,-99,-999,ªá½¬¿¤,21,Â×ÀØ¶m,188
23.5803,121.5058,Â×ÀØ,C0T9I0,2017-02-05T17:00:00+08:00,214.0,53.0,1.0,18.3,-0.99,995.8,-99.0,9.5,-9.9,-99,-999,ªá½¬¿¤,21,Â×ÀØ¶m,188
23.5803,121.5058,Â×ÀØ,C0T9I0,2017-02-05T18:00:00+08:00,214.0,253.0,0.6,18.8,-0.99,996.5,-99.0,10.0,-9.9,-99,-999,ªá½¬¿¤,21,Â×ÀØ¶m,188
23.5803,121.5058,Â×ÀØ,C0T9I0,2017-02-05T19:00:00+08:00,214.0,232.0,1.3,18.6,-0.99,997.3,-99.0,10.0,-9.9,-99,-999,ªá½¬¿¤,21,Â×ÀØ¶m,188
23.5803,121.5058,Â×ÀØ,C0T9I0,2017-02-05T20:00:00+08:00,214.0,245.0,2.3,17.3,-0.99,998.0,-99.0,10.0,-9.9,-99,-999,ªá½¬¿¤,21,Â×ÀØ¶m,188
23.5803,121.5058,Â×ÀØ,C0T9I0,2017-02-05T21:00:00+08:00,214.0,338.0,0.4,18.3,-0.99,998.4,-99.0,13.0,-9.9,-99,-999,ªá½¬¿¤,21,Â×ÀØ¶m,188
23.5803,121.5058,Â×ÀØ,C0T9I0,2017-02-05T22:00:00+08:00,214.0,62.0,5.0,19.3,-0.99,998.2,-99.0,13.5,-9.9,-99,-999,ªá½¬¿¤,21,Â×ÀØ¶m,188
23.5803,121.5058,Â×ÀØ,C0T9I0,2017-02-06T00:00:00+08:00,214.0,51.0,2.7,18.3,-0.99,998.8,-99.0,22.0,-9.9,-99,-999,ªá½¬¿¤,21,Â×ÀØ¶m,188
23.5803,121.5058,Â×ÀØ,C0T9I0,2017-02-06T01:00:00+08:00,214.0,21.0,1.3,16.4,-0.99,998.5,-99.0,3.0,-9.9,-99,-999,ªá½¬¿¤,21,Â×ÀØ¶m,188
23.5803,121.5058,Â×ÀØ,C0T9I0,2017-02-06T02:00:00+08:00,214.0,-97.0,-97.0,-97.0,-0.99,-997.0,-99.0,4.5,-9.9,-99,-999,ªá½¬¿¤,21,Â×ÀØ¶m,188
23.5803,121.5058,Â×ÀØ,C0T9I0,2017-02-06T03:00:00+08:00,214.0,-97.0,-97.0,-97.0,-0.99,-997.0,-99.0,5.5,-9.9,-99,-999,ªá½¬¿¤,21,Â×ÀØ¶m,188
23.5803,121.5058,Â×ÀØ,C0T9I0,2017-02-06T04:00:00+08:00,214.0,-97.0,-97.0,-97.0,-0.99,-997.0,-99.0,6.0,-9.9,-99,-999,ªá½¬¿¤,21,Â×ÀØ¶m,188
23.5803,121.5058,Â×ÀØ,C0T9I0,2017-02-06T05:00:00+08:00,214.0,-97.0,-97.0,-97.0,-0.99,-997.0,-99.0,6.0,-9.9,-99,-999,ªá½¬¿¤,21,Â×ÀØ¶m,188
23.5803,121.5058,Â×ÀØ,C0T9I0,2017-02-06T07:00:00+08:00,214.0,-97.0,-97.0,-97.0,-0.99,-997.0,-99.0,6.0,-9.9,-99,-999,ªá½¬¿¤,21,Â×ÀØ¶m,188
23.5803,121.5058,Â×ÀØ,C0T9I0,2017-02-06T15:00:00+08:00,214.0,218.0,0.7,15.2,-0.99,1000.1,-99.0,6.5,-9.9,-99,-999,ªá½¬¿¤,21,Â×ÀØ¶m,188
23.5803,121.5058,Â×ÀØ,C0T9I0,2017-02-06T16:00:00+08:00,214.0,219.0,1.5,14.9,-0.99,1000.5,-99.0,6.5,-9.9,-99,-999,ªá½¬¿¤,21,Â×ÀØ¶m,188
23.5803,121.5058,Â×ÀØ,C0T9I0,2017-02-06T17:00:00+08:00,214.0,222.0,0.5,16.1,-0.99,1000.9,-99.0,6.5,-9.9,-99,-999,ªá½¬¿¤,21,Â×ÀØ¶m,188
23.5803,121.5058,Â×ÀØ,C0T9I0,2017-02-06T18:00:00+08:00,214.0,331.0,1.1,17.4,-0.99,1001.5,-99.0,6.5,-9.9,-99,-999,ªá½¬¿¤,21,Â×ÀØ¶m,188
23.5803,121.5058,Â×ÀØ,C0T9I0,2017-02-06T19:00:00+08:00,214.0,351.0,1.7,18.1,-0.99,1002.2,-99.0,6.5,-9.9,-99,-999,ªá½¬¿¤,21,Â×ÀØ¶m,188
23.5803,121.5058,Â×ÀØ,C0T9I0,2017-02-06T20:00:00+08:00,214.0,8.0,2.4,17.1,-0.99,1002.7,-99.0,6.5,-9.9,-99,-999,ªá½¬¿¤,21,Â×ÀØ¶m,188
23.5803,121.5058,Â×ÀØ,C0T9I0,2017-02-06T21:00:00+08:00,214.0,0.0,0.2,16.3,-0.99,1003.0,-99.0,6.5,-9.9,-99,-999,ªá½¬¿¤,21,Â×ÀØ¶m,188
23.5803,121.5058,Â×ÀØ,C0T9I0,2017-02-06T22:00:00+08:00,214.0,328.0,0.8,16.3,-0.99,1003.0,-99.0,6.5,-9.9,-99,-999,ªá½¬¿¤,21,Â×ÀØ¶m,188
23.5803,121.5058,Â×ÀØ,C0T9I0,2017-02-06T23:00:00+08:00,214.0,338.0,0.9,17.6,-0.99,1002.7,-99.0,6.5,-9.9,-99,-999,ªá½¬¿¤,21,Â×ÀØ¶m,188
23.5803,121.5058,Â×ÀØ,C0T9I0,2017-02-07T00:00:00+08:00,214.0,306.0,0.8,17.3,-0.99,1002.4,-99.0,6.5,-9.9,-99,-999,ªá½¬¿¤,21,Â×ÀØ¶m,188
23.5803,121.5058,Â×ÀØ,C0T9I0,2017-02-07T01:00:00+08:00,214.0,243.0,0.4,16.1,-0.99,1002.5,-99.0,0.0,-9.9,-99,-999,ªá½¬¿¤,21,Â×ÀØ¶m,188
23.5803,121.5058,Â×ÀØ,C0T9I0,2017-02-07T02:00:00+08:00,214.0,212.0,0.6,16.3,-0.99,1001.9,-99.0,0.0,-9.9,-99,-999,ªá½¬¿¤,21,Â×ÀØ¶m,188
23.5803,121.5058,Â×ÀØ,C0T9I0,2017-02-07T03:00:00+08:00,214.0,206.0,1.4,15.2,-0.99,1001.9,-99.0,0.0,-9.9,-99,-999,ªá½¬¿¤,21,Â×ÀØ¶m,188
23.5803,121.5058,Â×ÀØ,C0T9I0,2017-02-07T04:00:00+08:00,214.0,0.0,0.2,17.3,-0.99,1001.7,-99.0,0.0,-9.9,-99,-999,ªá½¬¿¤,21,Â×ÀØ¶m,188
23.5803,121.5058,Â×ÀØ,C0T9I0,2017-02-07T05:00:00+08:00,214.0,206.0,0.8,17.3,-0.99,1001.9,-99.0,0.0,-9.9,-99,-999,ªá½¬¿¤,21,Â×ÀØ¶m,188
23.5803,121.5058,Â×ÀØ,C0T9I0,2017-02-07T06:00:00+08:00,214.0,203.0,0.8,15.1,-0.99,1002.6,-99.0,0.0,-9.9,-99,-999,ªá½¬¿¤,21,Â×ÀØ¶m,188
23.5803,121.5058,Â×ÀØ,C0T9I0,2017-02-07T07:00:00+08:00,214.0,220.0,1.4,15.2,-0.99,1003.0,-99.0,0.0,-9.9,-99,-999,ªá½¬¿¤,21,Â×ÀØ¶m,188
23.5803,121.5058,Â×ÀØ,C0T9I0,2017-02-07T08:00:00+08:00,214.0,234.0,1.8,17.3,-0.99,1003.3,-99.0,0.0,-9.9,-99,-999,ªá½¬¿¤,21,Â×ÀØ¶m,188
23.5803,121.5058,Â×ÀØ,C0T9I0,2017-02-07T11:00:00+08:00,214.0,38.0,0.3,18.6,-0.99,1002.3,-99.0,0.0,-9.9,-99,-999,ªá½¬¿¤,21,Â×ÀØ¶m,188
23.5803,121.5058,Â×ÀØ,C0T9I0,2017-02-07T12:00:00+08:00,214.0,33.0,2.5,21.4,-0.99,1001.3,-99.0,0.0,-9.9,-99,-999,ªá½¬¿¤,21,Â×ÀØ¶m,188
23.5803,121.5058,Â×ÀØ,C0T9I0,2017-02-07T13:00:00+08:00,214.0,42.0,3.4,18.6,-0.99,1000.4,-99.0,0.0,-9.9,-99,-999,ªá½¬¿¤,21,Â×ÀØ¶m,188
23.5803,121.5058,Â×ÀØ,C0T9I0,2017-02-07T14:00:00+08:00,214.0,48.0,3.3,19.3,-0.99,999.8,-99.0,0.0,-9.9,-99,-999,ªá½¬¿¤,21,Â×ÀØ¶m,188
23.5803,121.5058,Â×ÀØ,C0T9I0,2017-02-07T15:00:00+08:00,214.0,33.0,1.8,19.0,-0.99,999.5,-99.0,0.0,-9.9,-99,-999,ªá½¬¿¤,21,Â×ÀØ¶m,188
23.5803,121.5058,Â×ÀØ,C0T9I0,2017-02-07T16:00:00+08:00,214.0,12.0,1.1,19.7,-0.99,999.8,-99.0,0.0,-9.9,-99,-999,ªá½¬¿¤,21,Â×ÀØ¶m,188
23.5803,121.5058,Â×ÀØ,C0T9I0,2017-02-07T17:00:00+08:00,214.0,0.0,0.2,18.3,-0.99,1000.3,-99.0,0.0,-9.9,-99,-999,ªá½¬¿¤,21,Â×ÀØ¶m,188
23.5803,121.5058,Â×ÀØ,C0T9I0,2017-02-07T19:00:00+08:00,214.0,301.0,0.6,16.9,-0.99,1000.8,-99.0,0.0,-9.9,-99,-999,ªá½¬¿¤,21,Â×ÀØ¶m,188
23.5803,121.5058,Â×ÀØ,C0T9I0,2017-02-07T20:00:00+08:00,214.0,212.0,0.9,15.9,-0.99,1000.9,-99.0,0.0,-9.9,-99,-999,ªá½¬¿¤,21,Â×ÀØ¶m,188
23.5803,121.5058,Â×ÀØ,C0T9I0,2017-02-07T21:00:00+08:00,214.0,211.0,1.6,16.8,-0.99,1001.0,-99.0,0.0,-9.9,-99,-999,ªá½¬¿¤,21,Â×ÀØ¶m,188
23.5803,121.5058,Â×ÀØ,C0T9I0,2017-02-07T22:00:00+08:00,214.0,212.0,2.3,16.3,-0.99,1000.7,-99.0,0.0,-9.9,-99,-999,ªá½¬¿¤,21,Â×ÀØ¶m,188
23.5803,121.5058,Â×ÀØ,C0T9I0,2017-02-07T23:00:00+08:00,214.0,218.0,2.4,15.4,-0.99,1000.5,-99.0,0.0,-9.9,-99,-999,ªá½¬¿¤,21,Â×ÀØ¶m,188
23.5803,121.5058,Â×ÀØ,C0T9I0,2017-02-08T00:00:00+08:00,214.0,204.0,3.0,16.4,-0.99,999.9,-99.0,0.0,-9.9,-99,-999,ªá½¬¿¤,21,Â×ÀØ¶m,188
23.5803,121.5058,Â×ÀØ,C0T9I0,2017-02-08T01:00:00+08:00,214.0,205.0,2.4,15.9,-0.99,999.5,-99.0,0.0,-9.9,-99,-999,ªá½¬¿¤,21,Â×ÀØ¶m,188
23.5803,121.5058,Â×ÀØ,C0T9I0,2017-02-08T03:00:00+08:00,214.0,208.0,2.8,17.3,-0.99,998.6,-99.0,0.0,-9.9,-99,-999,ªá½¬¿¤,21,Â×ÀØ¶m,188
23.5803,121.5058,Â×ÀØ,C0T9I0,2017-02-08T04:00:00+08:00,214.0,201.0,2.9,16.3,-0.99,997.8,-99.0,0.0,-9.9,-99,-999,ªá½¬¿¤,21,Â×ÀØ¶m,188
23.5803,121.5058,Â×ÀØ,C0T9I0,2017-02-08T05:00:00+08:00,214.0,209.0,2.8,16.1,-0.99,997.8,-99.0,0.0,-9.9,-99,-999,ªá½¬¿¤,21,Â×ÀØ¶m,188
23.5803,121.5058,Â×ÀØ,C0T9I0,2017-02-08T06:00:00+08:00,214.0,198.0,2.7,15.1,-0.99,998.3,-99.0,0.0,-9.9,-99,-999,ªá½¬¿¤,21,Â×ÀØ¶m,188
23.5803,121.5058,Â×ÀØ,C0T9I0,2017-02-08T07:00:00+08:00,214.0,198.0,2.6,15.9,-0.99,998.6,-99.0,0.0,-9.9,-99,-999,ªá½¬¿¤,21,Â×ÀØ¶m,188
23.5803,121.5058,Â×ÀØ,C0T9I0,2017-02-08T10:00:00+08:00,214.0,195.0,0.7,20.3,-0.99,998.9,-99.0,0.0,-9.9,-99,-999,ªá½¬¿¤,21,Â×ÀØ¶m,188
23.5803,121.5058,Â×ÀØ,C0T9I0,2017-02-08T11:00:00+08:00,214.0,263.0,0.8,20.7,-0.99,998.1,-99.0,0.0,-9.9,-99,-999,ªá½¬¿¤,21,Â×ÀØ¶m,188
23.5803,121.5058,Â×ÀØ,C0T9I0,2017-02-08T13:00:00+08:00,214.0,249.0,1.4,21.2,-0.99,996.1,-99.0,0.0,-9.9,-99,-999,ªá½¬¿¤,21,Â×ÀØ¶m,188
23.5803,121.5058,Â×ÀØ,C0T9I0,2017-02-08T14:00:00+08:00,214.0,28.0,1.2,20.9,-0.99,996.0,-99.0,0.0,-9.9,-99,-999,ªá½¬¿¤,21,Â×ÀØ¶m,188
23.5803,121.5058,Â×ÀØ,C0T9I0,2017-02-08T15:00:00+08:00,214.0,347.0,1.9,20.3,-0.99,995.8,-99.0,0.0,-9.9,-99,-999,ªá½¬¿¤,21,Â×ÀØ¶m,188
23.5803,121.5058,Â×ÀØ,C0T9I0,2017-02-08T17:00:00+08:00,214.0,84.0,1.0,19.8,-0.99,995.9,-99.0,0.0,-9.9,-99,-999,ªá½¬¿¤,21,Â×ÀØ¶m,188
23.5803,121.5058,Â×ÀØ,C0T9I0,2017-02-08T18:00:00+08:00,214.0,0.0,0.2,19.0,-0.99,996.3,-99.0,0.0,-9.9,-99,-999,ªá½¬¿¤,21,Â×ÀØ¶m,188
23.5803,121.5058,Â×ÀØ,C0T9I0,2017-02-08T19:00:00+08:00,214.0,211.0,1.6,19.0,-0.99,996.6,-99.0,0.0,-9.9,-99,-999,ªá½¬¿¤,21,Â×ÀØ¶m,188
23.5803,121.5058,Â×ÀØ,C0T9I0,2017-02-08T21:00:00+08:00,214.0,211.0,1.3,19.3,-0.99,997.3,-99.0,0.0,-9.9,-99,-999,ªá½¬¿¤,21,Â×ÀØ¶m,188
23.5803,121.5058,Â×ÀØ,C0T9I0,2017-02-08T22:00:00+08:00,214.0,205.0,1.9,16.9,-0.99,997.6,-99.0,0.0,-9.9,-99,-999,ªá½¬¿¤,21,Â×ÀØ¶m,188
23.5803,121.5058,Â×ÀØ,C0T9I0,2017-02-08T23:00:00+08:00,214.0,215.0,2.0,18.3,-0.99,997.8,-99.0,0.0,-9.9,-99,-999,ªá½¬¿¤,21,Â×ÀØ¶m,188
23.5803,121.5058,Â×ÀØ,C0T9I0,2017-02-09T00:00:00+08:00,214.0,214.0,1.4,17.6,-0.99,997.5,-99.0,0.0,-9.9,-99,-999,ªá½¬¿¤,21,Â×ÀØ¶m,188
23.5803,121.5058,Â×ÀØ,C0T9I0,2017-02-09T01:00:00+08:00,214.0,213.0,2.4,17.3,-0.99,997.3,-99.0,0.0,-9.9,-99,-999,ªá½¬¿¤,21,Â×ÀØ¶m,188
23.5803,121.5058,Â×ÀØ,C0T9I0,2017-02-09T02:00:00+08:00,214.0,202.0,1.7,17.1,-0.99,997.3,-99.0,0.0,-9.9,-99,-999,ªá½¬¿¤,21,Â×ÀØ¶m,188
23.5803,121.5058,Â×ÀØ,C0T9I0,2017-02-09T03:00:00+08:00,214.0,35.0,5.0,16.6,-0.99,997.4,-99.0,3.0,-9.9,-99,-999,ªá½¬¿¤,21,Â×ÀØ¶m,188
23.5803,121.5058,Â×ÀØ,C0T9I0,2017-02-09T05:00:00+08:00,214.0,35.0,6.1,15.2,-0.99,998.1,-99.0,4.5,-9.9,-99,-999,ªá½¬¿¤,21,Â×ÀØ¶m,188
23.5803,121.5058,Â×ÀØ,C0T9I0,2017-02-09T06:00:00+08:00,214.0,36.0,5.1,15.6,-0.99,999.5,-99.0,4.5,-9.9,-99,-999,ªá½¬¿¤,21,Â×ÀØ¶m,188
23.5803,121.5058,Â×ÀØ,C0T9I0,2017-02-09T07:00:00+08:00,214.0,41.0,4.8,14.7,-0.99,1000.3,-99.0,4.5,-9.9,-99,-999,ªá½¬¿¤,21,Â×ÀØ¶m,188
23.5803,121.5058,Â×ÀØ,C0T9I0,2017-02-09T08:00:00+08:00,214.0,50.0,5.3,15.2,-0.99,1000.5,-99.0,5.0,-9.9,-99,-999,ªá½¬¿¤,21,Â×ÀØ¶m,188
23.5803,121.5058,Â×ÀØ,C0T9I0,2017-02-09T10:00:00+08:00,214.0,36.0,4.6,16.1,-0.99,1001.1,-99.0,5.0,-9.9,-99,-999,ªá½¬¿¤,21,Â×ÀØ¶m,188
23.5803,121.5058,Â×ÀØ,C0T9I0,2017-02-09T11:00:00+08:00,214.0,38.0,5.3,15.9,-0.99,1000.7,-99.0,5.0,-9.9,-99,-999,ªá½¬¿¤,21,Â×ÀØ¶m,188
23.5803,121.5058,Â×ÀØ,C0T9I0,2017-02-09T13:00:00+08:00,214.0,43.0,4.2,14.4,-0.99,999.5,-99.0,5.0,-9.9,-99,-999,ªá½¬¿¤,21,Â×ÀØ¶m,188
23.5803,121.5058,Â×ÀØ,C0T9I0,2017-02-09T14:00:00+08:00,214.0,45.0,3.8,14.4,-0.99,999.0,-99.0,5.0,-9.9,-99,-999,ªá½¬¿¤,21,Â×ÀØ¶m,188
23.5803,121.5058,Â×ÀØ,C0T9I0,2017-02-09T15:00:00+08:00,214.0,40.0,2.8,13.9,-0.99,998.6,-99.0,5.0,-9.9,-99,-999,ªá½¬¿¤,21,Â×ÀØ¶m,188
23.5803,121.5058,Â×ÀØ,C0T9I0,2017-02-09T16:00:00+08:00,214.0,29.0,2.9,12.9,-0.99,999.5,-99.0,6.5,-9.9,-99,-999,ªá½¬¿¤,21,Â×ÀØ¶m,188
23.5803,121.5058,Â×ÀØ,C0T9I0,2017-02-09T17:00:00+08:00,214.0,25.0,3.3,12.2,-0.99,999.9,-99.0,7.5,-9.9,-99,-999,ªá½¬¿¤,21,Â×ÀØ¶m,188
23.5803,121.5058,Â×ÀØ,C0T9I0,2017-02-09T18:00:00+08:00,214.0,24.0,3.5,11.2,-0.99,1000.5,-99.0,7.5,-9.9,-99,-999,ªá½¬¿¤,21,Â×ÀØ¶m,188
23.5803,121.5058,Â×ÀØ,C0T9I0,2017-02-09T19:00:00+08:00,214.0,23.0,3.2,13.2,-0.99,1001.1,-99.0,7.5,-9.9,-99,-999,ªá½¬¿¤,21,Â×ÀØ¶m,188
23.5803,121.5058,Â×ÀØ,C0T9I0,2017-02-09T20:00:00+08:00,214.0,33.0,4.0,12.2,-0.99,1001.9,-99.0,8.0,-9.9,-99,-999,ªá½¬¿¤,21,Â×ÀØ¶m,188
23.5803,121.5058,Â×ÀØ,C0T9I0,2017-02-09T21:00:00+08:00,214.0,42.0,5.6,13.2,-0.99,1002.2,-99.0,8.0,-9.9,-99,-999,ªá½¬¿¤,21,Â×ÀØ¶m,188
23.5803,121.5058,Â×ÀØ,C0T9I0,2017-02-09T22:00:00+08:00,214.0,40.0,5.4,13.2,-0.99,1002.3,-99.0,8.0,-9.9,-99,-999,ªá½¬¿¤,21,Â×ÀØ¶m,188
23.5803,121.5058,Â×ÀØ,C0T9I0,2017-02-09T23:00:00+08:00,214.0,19.0,3.4,13.2,-0.99,1002.9,-99.0,8.0,-9.9,-99,-999,ªá½¬¿¤,21,Â×ÀØ¶m,188
23.5803,121.5058,Â×ÀØ,C0T9I0,2017-02-10T01:00:00+08:00,214.0,321.0,1.1,13.5,-0.99,1003.1,-99.0,0.0,-9.9,-99,-999,ªá½¬¿¤,21,Â×ÀØ¶m,188
23.5803,121.5058,Â×ÀØ,C0T9I0,2017-02-10T02:00:00+08:00,214.0,32.0,4.6,13.0,-0.99,1002.8,-99.0,0.0,-9.9,-99,-999,ªá½¬¿¤,21,Â×ÀØ¶m,188
23.5803,121.5058,Â×ÀØ,C0T9I0,2017-02-10T03:00:00+08:00,214.0,329.0,1.4,13.0,-0.99,1003.0,-99.0,0.0,-9.9,-99,-999,ªá½¬¿¤,21,Â×ÀØ¶m,188
23.5803,121.5058,Â×ÀØ,C0T9I0,2017-02-10T04:00:00+08:00,214.0,280.0,1.0,11.7,-0.99,1003.0,-99.0,0.0,-9.9,-99,-999,ªá½¬¿¤,21,Â×ÀØ¶m,188
23.5803,121.5058,Â×ÀØ,C0T9I0,2017-02-10T05:00:00+08:00,214.0,232.0,2.0,10.2,-0.99,1002.9,-99.0,0.0,-9.9,-99,-999,ªá½¬¿¤,21,Â×ÀØ¶m,188
23.5803,121.5058,Â×ÀØ,C0T9I0,2017-02-10T06:00:00+08:00,214.0,214.0,1.7,11.2,-0.99,1003.4,-99.0,0.0,-9.9,-99,-999,ªá½¬¿¤,21,Â×ÀØ¶m,188
23.5803,121.5058,Â×ÀØ,C0T9I0,2017-02-10T07:00:00+08:00,214.0,219.0,2.1,11.2,-0.99,1004.3,-99.0,0.0,-9.9,-99,-999,ªá½¬¿¤,21,Â×ÀØ¶m,188
23.5803,121.5058,Â×ÀØ,C0T9I0,2017-02-10T08:00:00+08:00,214.0,280.0,0.6,11.5,-0.99,1005.2,-99.0,0.0,-9.9,-99,-999,ªá½¬¿¤,21,Â×ÀØ¶m,188
23.5803,121.5058,Â×ÀØ,C0T9I0,2017-02-10T09:00:00+08:00,214.0,256.0,1.0,11.2,-0.99,1005.7,-99.0,0.0,-9.9,-99,-999,ªá½¬¿¤,21,Â×ÀØ¶m,188
23.5803,121.5058,Â×ÀØ,C0T9I0,2017-02-10T10:00:00+08:00,214.0,219.0,1.9,9.6,-0.99,1006.1,-99.0,0.0,-9.9,-99,-999,ªá½¬¿¤,21,Â×ÀØ¶m,188
23.5803,121.5058,Â×ÀØ,C0T9I0,2017-02-10T12:00:00+08:00,214.0,-97.0,-97.0,-97.0,-0.99,-997.0,-99.0,0.0,-9.9,-99,-999,ªá½¬¿¤,21,Â×ÀØ¶m,188
23.5803,121.5058,Â×ÀØ,C0T9I0,2017-02-10T14:00:00+08:00,214.0,275.0,0.5,11.5,-0.99,1004.0,-99.0,0.0,-9.9,-99,-999,ªá½¬¿¤,21,Â×ÀØ¶m,188
23.5803,121.5058,Â×ÀØ,C0T9I0,2017-02-10T15:00:00+08:00,214.0,261.0,1.3,10.1,-0.99,1003.7,-99.0,0.0,-9.9,-99,-999,ªá½¬¿¤,21,Â×ÀØ¶m,188
23.5803,121.5058,Â×ÀØ,C0T9I0,2017-02-10T16:00:00+08:00,214.0,253.0,1.2,9.6,-0.99,1004.3,-99.0,0.0,-9.9,-99,-999,ªá½¬¿¤,21,Â×ÀØ¶m,188
23.5803,121.5058,Â×ÀØ,C0T9I0,2017-02-10T17:00:00+08:00,214.0,243.0,0.9,10.7,-0.99,1004.9,-99.0,0.0,-9.9,-99,-999,ªá½¬¿¤,21,Â×ÀØ¶m,188
23.5803,121.5058,Â×ÀØ,C0T9I0,2017-02-10T18:00:00+08:00,214.0,211.0,1.3,9.6,-0.99,1005.2,-99.0,0.5,-9.9,-99,-999,ªá½¬¿¤,21,Â×ÀØ¶m,188
23.5803,121.5058,Â×ÀØ,C0T9I0,2017-02-10T19:00:00+08:00,214.0,216.0,2.4,10.8,-0.99,1005.7,-99.0,0.5,-9.9,-99,-999,ªá½¬¿¤,21,Â×ÀØ¶m,188
23.5803,121.5058,Â×ÀØ,C0T9I0,2017-02-10T20:00:00+08:00,214.0,208.0,3.0,10.7,-0.99,1006.2,-99.0,0.5,-9.9,-99,-999,ªá½¬¿¤,21,Â×ÀØ¶m,188
23.5803,121.5058,Â×ÀØ,C0T9I0,2017-02-10T21:00:00+08:00,214.0,211.0,2.1,11.0,-0.99,1006.7,-99.0,0.5,-9.9,-99,-999,ªá½¬¿¤,21,Â×ÀØ¶m,188
23.5803,121.5058,Â×ÀØ,C0T9I0,2017-02-10T22:00:00+08:00,214.0,216.0,1.7,12.0,-0.99,1006.8,-99.0,0.5,-9.9,-99,-999,ªá½¬¿¤,21,Â×ÀØ¶m,188
23.5803,121.5058,Â×ÀØ,C0T9I0,2017-02-10T23:00:00+08:00,214.0,204.0,1.5,11.0,-0.99,1007.2,-99.0,0.5,-9.9,-99,-999,ªá½¬¿¤,21,Â×ÀØ¶m,188
23.5803,121.5058,Â×ÀØ,C0T9I0,2017-02-11T00:00:00+08:00,214.0,213.0,1.3,11.2,-0.99,1007.3,-99.0,0.5,-9.9,-99,-999,ªá½¬¿¤,21,Â×ÀØ¶m,188
23.5803,121.5058,Â×ÀØ,C0T9I0,2017-02-11T01:00:00+08:00,214.0,215.0,1.6,9.8,-0.99,1007.0,-99.0,0.0,-9.9,-99,-999,ªá½¬¿¤,21,Â×ÀØ¶m,188
23.5803,121.5058,Â×ÀØ,C0T9I0,2017-02-11T02:00:00+08:00,214.0,233.0,0.9,9.8,-0.99,1007.0,-99.0,0.0,-9.9,-99,-999,ªá½¬¿¤,21,Â×ÀØ¶m,188
23.5803,121.5058,Â×ÀØ,C0T9I0,2017-02-11T03:00:00+08:00,214.0,226.0,0.4,10.8,-0.99,1007.2,-99.0,0.0,-9.9,-99,-999,ªá½¬¿¤,21,Â×ÀØ¶m,188
23.5803,121.5058,Â×ÀØ,C0T9I0,2017-02-11T04:00:00+08:00,214.0,289.0,0.6,10.5,-0.99,1007.4,-99.0,0.0,-9.9,-99,-999,ªá½¬¿¤,21,Â×ÀØ¶m,188
23.5803,121.5058,Â×ÀØ,C0T9I0,2017-02-11T05:00:00+08:00,214.0,231.0,1.5,11.0,-0.99,1007.7,-99.0,0.5,-9.9,-99,-999,ªá½¬¿¤,21,Â×ÀØ¶m,188
23.5803,121.5058,Â×ÀØ,C0T9I0,2017-02-11T06:00:00+08:00,214.0,224.0,2.2,8.8,-0.99,1008.5,-99.0,1.0,-9.9,-99,-999,ªá½¬¿¤,21,Â×ÀØ¶m,188
23.5803,121.5058,Â×ÀØ,C0T9I0,2017-02-11T07:00:00+08:00,214.0,223.0,2.2,9.1,-0.99,1009.3,-99.0,2.0,-9.9,-99,-999,ªá½¬¿¤,21,Â×ÀØ¶m,188
23.5803,121.5058,Â×ÀØ,C0T9I0,2017-02-11T08:00:00+08:00,214.0,227.0,2.2,9.1,-0.99,1009.9,-99.0,3.0,-9.9,-99,-999,ªá½¬¿¤,21,Â×ÀØ¶m,188
23.5803,121.5058,Â×ÀØ,C0T9I0,2017-02-11T09:00:00+08:00,214.0,232.0,2.2,9.5,-0.99,1010.7,-99.0,4.0,-9.9,-99,-999,ªá½¬¿¤,21,Â×ÀØ¶m,188
23.5803,121.5058,Â×ÀØ,C0T9I0,2017-02-11T10:00:00+08:00,214.0,242.0,2.2,10.1,-0.99,1010.7,-99.0,4.0,-9.9,-99,-999,ªá½¬¿¤,21,Â×ÀØ¶m,188
23.5803,121.5058,Â×ÀØ,C0T9I0,2017-02-11T11:00:00+08:00,214.0,239.0,1.8,12.2,-0.99,1010.1,-99.0,4.0,-9.9,-99,-999,ªá½¬¿¤,21,Â×ÀØ¶m,188
23.5803,121.5058,Â×ÀØ,C0T9I0,2017-02-11T12:00:00+08:00,214.0,258.0,1.4,12.2,-0.99,1009.2,-99.0,4.0,-9.9,-99,-999,ªá½¬¿¤,21,Â×ÀØ¶m,188
23.5803,121.5058,Â×ÀØ,C0T9I0,2017-02-11T13:00:00+08:00,214.0,328.0,1.1,11.3,-0.99,1008.3,-99.0,4.0,-9.9,-99,-999,ªá½¬¿¤,21,Â×ÀØ¶m,188
23.5803,121.5058,Â×ÀØ,C0T9I0,2017-02-11T15:00:00+08:00,214.0,251.0,1.6,11.2,-0.99,1007.8,-99.0,4.5,-9.9,-99,-999,ªá½¬¿¤,21,Â×ÀØ¶m,188
23.5803,121.5058,Â×ÀØ,C0T9I0,2017-02-11T16:00:00+08:00,214.0,287.0,1.1,10.8,-0.99,1008.1,-99.0,4.5,-9.9,-99,-999,ªá½¬¿¤,21,Â×ÀØ¶m,188
23.5803,121.5058,Â×ÀØ,C0T9I0,2017-02-11T17:00:00+08:00,214.0,289.0,0.6,10.8,-0.99,1008.5,-99.0,4.5,-9.9,-99,-999,ªá½¬¿¤,21,Â×ÀØ¶m,188
23.5803,121.5058,Â×ÀØ,C0T9I0,2017-02-11T18:00:00+08:00,214.0,229.0,1.7,9.6,-0.99,1008.9,-99.0,4.5,-9.9,-99,-999,ªá½¬¿¤,21,Â×ÀØ¶m,188
23.5803,121.5058,Â×ÀØ,C0T9I0,2017-02-11T20:00:00+08:00,214.0,209.0,1.6,9.1,-0.99,1010.0,-99.0,5.0,-9.9,-99,-999,ªá½¬¿¤,21,Â×ÀØ¶m,188
23.5803,121.5058,Â×ÀØ,C0T9I0,2017-02-11T21:00:00+08:00,214.0,207.0,2.3,10.1,-0.99,1010.3,-99.0,5.5,-9.9,-99,-999,ªá½¬¿¤,21,Â×ÀØ¶m,188
23.5803,121.5058,Â×ÀØ,C0T9I0,2017-02-11T22:00:00+08:00,214.0,212.0,2.0,11.2,-0.99,1010.2,-99.0,5.5,-9.9,-99,-999,ªá½¬¿¤,21,Â×ÀØ¶m,188
23.5803,121.5058,Â×ÀØ,C0T9I0,2017-02-11T23:00:00+08:00,214.0,206.0,2.1,10.5,-0.99,1010.4,-99.0,5.5,-9.9,-99,-999,ªá½¬¿¤,21,Â×ÀØ¶m,188
23.5803,121.5058,Â×ÀØ,C0T9I0,2017-02-12T00:00:00+08:00,214.0,217.0,1.6,9.5,-0.99,1010.3,-99.0,5.5,-9.9,-99,-999,ªá½¬¿¤,21,Â×ÀØ¶m,188
23.5803,121.5058,Â×ÀØ,C0T9I0,2017-02-12T01:00:00+08:00,214.0,206.0,2.1,10.2,-0.99,1010.1,-99.0,0.0,-9.9,-99,-999,ªá½¬¿¤,21,Â×ÀØ¶m,188
23.5803,121.5058,Â×ÀØ,C0T9I0,2017-02-12T03:00:00+08:00,214.0,199.0,2.0,9.1,-0.99,1009.3,-99.0,1.0,-9.9,-99,-999,ªá½¬¿¤,21,Â×ÀØ¶m,188
23.5803,121.5058,Â×ÀØ,C0T9I0,2017-02-12T04:00:00+08:00,214.0,199.0,1.9,9.6,-0.99,1009.1,-99.0,1.0,-9.9,-99,-999,ªá½¬¿¤,21,Â×ÀØ¶m,188
23.5803,121.5058,Â×ÀØ,C0T9I0,2017-02-12T05:00:00+08:00,214.0,207.0,1.7,10.3,-0.99,1009.2,-99.0,1.0,-9.9,-99,-999,ªá½¬¿¤,21,Â×ÀØ¶m,188
23.5803,121.5058,Â×ÀØ,C0T9I0,2017-02-12T06:00:00+08:00,214.0,222.0,2.0,9.5,-0.99,1009.7,-99.0,1.0,-9.9,-99,-999,ªá½¬¿¤,21,Â×ÀØ¶m,188
23.5803,121.5058,Â×ÀØ,C0T9I0,2017-02-12T07:00:00+08:00,214.0,198.0,1.5,9.8,-0.99,1010.1,-99.0,1.0,-9.9,-99,-999,ªá½¬¿¤,21,Â×ÀØ¶m,188
23.5803,121.5058,Â×ÀØ,C0T9I0,2017-02-12T08:00:00+08:00,214.0,222.0,2.7,10.0,-0.99,1010.4,-99.0,1.0,-9.9,-99,-999,ªá½¬¿¤,21,Â×ÀØ¶m,188
23.5803,121.5058,Â×ÀØ,C0T9I0,2017-02-12T10:00:00+08:00,214.0,252.0,2.3,13.2,-0.99,1010.8,-99.0,1.0,-9.9,-99,-999,ªá½¬¿¤,21,Â×ÀØ¶m,188
23.5803,121.5058,Â×ÀØ,C0T9I0,2017-02-12T11:00:00+08:00,214.0,255.0,1.4,13.2,-0.99,1010.2,-99.0,1.0,-9.9,-99,-999,ªá½¬¿¤,21,Â×ÀØ¶m,188
23.5803,121.5058,Â×ÀØ,C0T9I0,2017-02-12T12:00:00+08:00,214.0,260.0,1.2,13.4,-0.99,1009.5,-99.0,1.0,-9.9,-99,-999,ªá½¬¿¤,21,Â×ÀØ¶m,188
23.5803,121.5058,Â×ÀØ,C0T9I0,2017-02-12T13:00:00+08:00,214.0,231.0,0.9,12.7,-0.99,1008.7,-99.0,1.0,-9.9,-99,-999,ªá½¬¿¤,21,Â×ÀØ¶m,188
23.5803,121.5058,Â×ÀØ,C0T9I0,2017-02-12T14:00:00+08:00,214.0,227.0,1.6,13.2,-0.99,1008.2,-99.0,1.0,-9.9,-99,-999,ªá½¬¿¤,21,Â×ÀØ¶m,188
23.5803,121.5058,Â×ÀØ,C0T9I0,2017-02-12T15:00:00+08:00,214.0,216.0,1.2,13.0,-0.99,1007.9,-99.0,1.0,-9.9,-99,-999,ªá½¬¿¤,21,Â×ÀØ¶m,188
23.5803,121.5058,Â×ÀØ,C0T9I0,2017-02-12T16:00:00+08:00,214.0,199.0,0.3,12.9,-0.99,1008.0,-99.0,1.0,-9.9,-99,-999,ªá½¬¿¤,21,Â×ÀØ¶m,188
23.5803,121.5058,Â×ÀØ,C0T9I0,2017-02-12T17:00:00+08:00,214.0,232.0,0.3,12.2,-0.99,1008.5,-99.0,4.0,-9.9,-99,-999,ªá½¬¿¤,21,Â×ÀØ¶m,188
23.5803,121.5058,Â×ÀØ,C0T9I0,2017-02-12T19:00:00+08:00,214.0,310.0,0.8,11.7,-0.99,1009.6,-99.0,6.0,-9.9,-99,-999,ªá½¬¿¤,21,Â×ÀØ¶m,188
23.5803,121.5058,Â×ÀØ,C0T9I0,2017-02-12T20:00:00+08:00,214.0,232.0,0.4,12.2,-0.99,1010.0,-99.0,6.0,-9.9,-99,-999,ªá½¬¿¤,21,Â×ÀØ¶m,188
23.5803,121.5058,Â×ÀØ,C0T9I0,2017-02-12T21:00:00+08:00,214.0,237.0,2.3,12.0,-0.99,1010.0,-99.0,6.0,-9.9,-99,-999,ªá½¬¿¤,21,Â×ÀØ¶m,188
23.5803,121.5058,Â×ÀØ,C0T9I0,2017-02-12T22:00:00+08:00,214.0,208.0,1.4,13.2,-0.99,1010.1,-99.0,6.0,-9.9,-99,-999,ªá½¬¿¤,21,Â×ÀØ¶m,188
23.5803,121.5058,Â×ÀØ,C0T9I0,2017-02-12T23:00:00+08:00,214.0,212.0,1.8,11.2,-0.99,1010.2,-99.0,6.0,-9.9,-99,-999,ªá½¬¿¤,21,Â×ÀØ¶m,188
23.5803,121.5058,Â×ÀØ,C0T9I0,2017-02-13T00:00:00+08:00,214.0,208.0,2.5,11.2,-0.99,1009.8,-99.0,6.0,-9.9,-99,-999,ªá½¬¿¤,21,Â×ÀØ¶m,188
23.5803,121.5058,Â×ÀØ,C0T9I0,2017-02-13T01:00:00+08:00,214.0,222.0,2.1,12.2,-0.99,1009.5,-99.0,0.0,-9.9,-99,-999,ªá½¬¿¤,21,Â×ÀØ¶m,188
23.5803,121.5058,Â×ÀØ,C0T9I0,2017-02-13T02:00:00+08:00,214.0,209.0,2.2,12.5,-0.99,1009.0,-99.0,0.0,-9.9,-99,-999,ªá½¬¿¤,21,Â×ÀØ¶m,188
23.5803,121.5058,Â×ÀØ,C0T9I0,2017-02-13T03:00:00+08:00,214.0,214.0,1.5,11.5,-0.99,1009.0,-99.0,0.0,-9.9,-99,-999,ªá½¬¿¤,21,Â×ÀØ¶m,188
23.5803,121.5058,Â×ÀØ,C0T9I0,2017-02-13T04:00:00+08:00,214.0,208.0,1.5,11.8,-0.99,1009.1,-99.0,0.0,-9.9,-99,-999,ªá½¬¿¤,21,Â×ÀØ¶m,188
23.5803,121.5058,Â×ÀØ,C0T9I0,2017-02-13T05:00:00+08:00,214.0,227.0,1.4,11.8,-0.99,1009.6,-99.0,0.0,-9.9,-99,-999,ªá½¬¿¤,21,Â×ÀØ¶m,188
23.5803,121.5058,Â×ÀØ,C0T9I0,2017-02-13T06:00:00+08:00,214.0,233.0,1.8,13.2,-0.99,1010.2,-99.0,0.0,-9.9,-99,-999,ªá½¬¿¤,21,Â×ÀØ¶m,188
23.5803,121.5058,Â×ÀØ,C0T9I0,2017-02-13T07:00:00+08:00,214.0,210.0,1.6,12.4,-0.99,1011.0,-99.0,0.0,-9.9,-99,-999,ªá½¬¿¤,21,Â×ÀØ¶m,188
23.5803,121.5058,Â×ÀØ,C0T9I0,2017-02-13T08:00:00+08:00,214.0,235.0,0.3,14.4,-0.99,1011.4,-99.0,0.0,-9.9,-99,-999,ªá½¬¿¤,21,Â×ÀØ¶m,188
23.5803,121.5058,Â×ÀØ,C0T9I0,2017-02-13T10:00:00+08:00,214.0,260.0,1.3,16.2,-0.99,1011.7,-99.0,0.0,-9.9,-99,-999,ªá½¬¿¤,21,Â×ÀØ¶m,188
23.5803,121.5058,Â×ÀØ,C0T9I0,2017-02-13T11:00:00+08:00,214.0,15.0,2.5,18.1,-0.99,1011.2,-99.0,0.0,-9.9,-99,-999,ªá½¬¿¤,21,Â×ÀØ¶m,188
23.5803,121.5058,Â×ÀØ,C0T9I0,2017-02-13T12:00:00+08:00,214.0,18.0,2.2,18.3,-0.99,1010.5,-99.0,0.5,-9.9,-99,-999,ªá½¬¿¤,21,Â×ÀØ¶m,188
23.5803,121.5058,Â×ÀØ,C0T9I0,2017-02-13T13:00:00+08:00,214.0,39.0,4.0,17.3,-0.99,1009.8,-99.0,0.5,-9.9,-99,-999,ªá½¬¿¤,21,Â×ÀØ¶m,188
23.5803,121.5058,Â×ÀØ,C0T9I0,2017-02-13T14:00:00+08:00,214.0,17.0,3.2,18.0,-0.99,1009.4,-99.0,0.5,-9.9,-99,-999,ªá½¬¿¤,21,Â×ÀØ¶m,188
23.5803,121.5058,Â×ÀØ,C0T9I0,2017-02-13T15:00:00+08:00,214.0,331.0,1.4,18.3,-0.99,1009.4,-99.0,0.5,-9.9,-99,-999,ªá½¬¿¤,21,Â×ÀØ¶m,188
23.5803,121.5058,Â×ÀØ,C0T9I0,2017-02-13T17:00:00+08:00,214.0,326.0,1.5,15.2,-0.99,1010.0,-99.0,0.5,-9.9,-99,-999,ªá½¬¿¤,21,Â×ÀØ¶m,188
23.5803,121.5058,Â×ÀØ,C0T9I0,2017-02-13T18:00:00+08:00,214.0,288.0,0.9,16.3,-0.99,1010.5,-99.0,0.5,-9.9,-99,-999,ªá½¬¿¤,21,Â×ÀØ¶m,188
23.5803,121.5058,Â×ÀØ,C0T9I0,2017-02-13T19:00:00+08:00,214.0,307.0,1.3,17.3,-0.99,1010.9,-99.0,0.5,-9.9,-99,-999,ªá½¬¿¤,21,Â×ÀØ¶m,188
23.5803,121.5058,Â×ÀØ,C0T9I0,2017-02-13T20:00:00+08:00,214.0,320.0,1.0,17.1,-0.99,1011.5,-99.0,0.5,-9.9,-99,-999,ªá½¬¿¤,21,Â×ÀØ¶m,188
23.5803,121.5058,Â×ÀØ,C0T9I0,2017-02-13T22:00:00+08:00,214.0,209.0,2.2,12.3,-0.99,1012.4,-99.0,6.5,-9.9,-99,-999,ªá½¬¿¤,21,Â×ÀØ¶m,188
23.5803,121.5058,Â×ÀØ,C0T9I0,2017-02-13T23:00:00+08:00,214.0,210.0,2.3,13.4,-0.99,1012.7,-99.0,6.5,-9.9,-99,-999,ªá½¬¿¤,21,Â×ÀØ¶m,188
23.5803,121.5058,Â×ÀØ,C0T9I0,2017-02-14T00:00:00+08:00,214.0,194.0,2.1,12.9,-0.99,1012.7,-99.0,6.5,-9.9,-99,-999,ªá½¬¿¤,21,Â×ÀØ¶m,188
23.5803,121.5058,Â×ÀØ,C0T9I0,2017-02-14T01:00:00+08:00,214.0,199.0,1.3,12.5,-0.99,1012.3,-99.0,1.5,-9.9,-99,-999,ªá½¬¿¤,21,Â×ÀØ¶m,188
23.5803,121.5058,Â×ÀØ,C0T9I0,2017-02-14T02:00:00+08:00,214.0,195.0,1.5,14.1,-0.99,1012.1,-99.0,1.5,-9.9,-99,-999,ªá½¬¿¤,21,Â×ÀØ¶m,188
23.5803,121.5058,Â×ÀØ,C0T9I0,2017-02-14T03:00:00+08:00,214.0,202.0,1.7,13.9,-0.99,1011.7,-99.0,3.0,-9.9,-99,-999,ªá½¬¿¤,21,Â×ÀØ¶m,188
23.5803,121.5058,Â×ÀØ,C0T9I0,2017-02-14T04:00:00+08:00,214.0,225.0,1.6,12.4,-0.99,1011.6,-99.0,3.5,-9.9,-99,-999,ªá½¬¿¤,21,Â×ÀØ¶m,188
23.5803,121.5058,Â×ÀØ,C0T9I0,2017-02-14T05:00:00+08:00,214.0,206.0,1.3,12.4,-0.99,1011.8,-99.0,5.0,-9.9,-99,-999,ªá½¬¿¤,21,Â×ÀØ¶m,188
23.5803,121.5058,Â×ÀØ,C0T9I0,2017-02-14T06:00:00+08:00,214.0,204.0,1.6,13.4,-0.99,1012.3,-99.0,6.0,-9.9,-99,-999,ªá½¬¿¤,21,Â×ÀØ¶m,188
23.5803,121.5058,Â×ÀØ,C0T9I0,2017-02-14T07:00:00+08:00,214.0,199.0,1.7,14.0,-0.99,1012.9,-99.0,7.0,-9.9,-99,-999,ªá½¬¿¤,21,Â×ÀØ¶m,188
23.5803,121.5058,Â×ÀØ,C0T9I0,2017-02-14T08:00:00+08:00,214.0,202.0,1.1,14.0,-0.99,1013.5,-99.0,7.0,-9.9,-99,-999,ªá½¬¿¤,21,Â×ÀØ¶m,188
23.5803,121.5058,Â×ÀØ,C0T9I0,2017-02-14T09:00:00+08:00,214.0,232.0,0.6,14.2,-0.99,1014.0,-99.0,7.0,-9.9,-99,-999,ªá½¬¿¤,21,Â×ÀØ¶m,188
23.5803,121.5058,Â×ÀØ,C0T9I0,2017-02-14T11:00:00+08:00,214.0,202.0,1.1,16.3,-0.99,1013.6,-99.0,7.0,-9.9,-99,-999,ªá½¬¿¤,21,Â×ÀØ¶m,188
23.5803,121.5058,Â×ÀØ,C0T9I0,2017-02-14T12:00:00+08:00,214.0,34.0,2.9,16.6,-0.99,1012.9,-99.0,7.0,-9.9,-99,-999,ªá½¬¿¤,21,Â×ÀØ¶m,188
23.5803,121.5058,Â×ÀØ,C0T9I0,2017-02-14T13:00:00+08:00,214.0,29.0,2.4,16.9,-0.99,1012.0,-99.0,7.0,-9.9,-99,-999,ªá½¬¿¤,21,Â×ÀØ¶m,188
23.5803,121.5058,Â×ÀØ,C0T9I0,2017-02-14T14:00:00+08:00,214.0,21.0,2.3,18.3,-0.99,1011.3,-99.0,7.0,-9.9,-99,-999,ªá½¬¿¤,21,Â×ÀØ¶m,188
23.5803,121.5058,Â×ÀØ,C0T9I0,2017-02-14T15:00:00+08:00,214.0,26.0,2.0,18.0,-0.99,1011.0,-99.0,7.0,-9.9,-99,-999,ªá½¬¿¤,21,Â×ÀØ¶m,188
23.5803,121.5058,Â×ÀØ,C0T9I0,2017-02-14T16:00:00+08:00,214.0,27.0,2.0,17.3,-0.99,1011.2,-99.0,7.0,-9.9,-99,-999,ªá½¬¿¤,21,Â×ÀØ¶m,188
23.5803,121.5058,Â×ÀØ,C0T9I0,2017-02-14T17:00:00+08:00,214.0,316.0,0.9,16.8,-0.99,1011.6,-99.0,7.0,-9.9,-99,-999,ªá½¬¿¤,21,Â×ÀØ¶m,188
23.5803,121.5058,Â×ÀØ,C0T9I0,2017-02-14T20:00:00+08:00,214.0,308.0,0.7,15.9,-0.99,1012.9,-99.0,7.0,-9.9,-99,-999,ªá½¬¿¤,21,Â×ÀØ¶m,188
23.5803,121.5058,Â×ÀØ,C0T9I0,2017-02-14T21:00:00+08:00,214.0,204.0,1.0,15.6,-0.99,1013.2,-99.0,7.0,-9.9,-99,-999,ªá½¬¿¤,21,Â×ÀØ¶m,188
23.5803,121.5058,Â×ÀØ,C0T9I0,2017-02-14T22:00:00+08:00,214.0,205.0,1.9,15.9,-0.99,1013.1,-99.0,7.0,-9.9,-99,-999,ªá½¬¿¤,21,Â×ÀØ¶m,188
23.5803,121.5058,Â×ÀØ,C0T9I0,2017-02-14T23:00:00+08:00,214.0,211.0,1.5,14.9,-0.99,1012.8,-99.0,7.0,-9.9,-99,-999,ªá½¬¿¤,21,Â×ÀØ¶m,188
23.5803,121.5058,Â×ÀØ,C0T9I0,2017-02-15T01:00:00+08:00,214.0,209.0,2.9,13.4,-0.99,1012.1,-99.0,0.0,-9.9,-99,-999,ªá½¬¿¤,21,Â×ÀØ¶m,188
23.5803,121.5058,Â×ÀØ,C0T9I0,2017-02-15T02:00:00+08:00,214.0,206.0,3.1,12.5,-0.99,1011.3,-99.0,0.0,-9.9,-99,-999,ªá½¬¿¤,21,Â×ÀØ¶m,188
23.5803,121.5058,Â×ÀØ,C0T9I0,2017-02-15T03:00:00+08:00,214.0,216.0,2.5,15.1,-0.99,1010.8,-99.0,0.0,-9.9,-99,-999,ªá½¬¿¤,21,Â×ÀØ¶m,188
23.5803,121.5058,Â×ÀØ,C0T9I0,2017-02-15T05:00:00+08:00,214.0,205.0,3.0,13.5,-0.99,1010.4,-99.0,0.0,-9.9,-99,-999,ªá½¬¿¤,21,Â×ÀØ¶m,188
23.5803,121.5058,Â×ÀØ,C0T9I0,2017-02-15T06:00:00+08:00,214.0,205.0,2.7,13.2,-0.99,1010.7,-99.0,0.0,-9.9,-99,-999,ªá½¬¿¤,21,Â×ÀØ¶m,188
23.5803,121.5058,Â×ÀØ,C0T9I0,2017-02-15T07:00:00+08:00,214.0,202.0,3.0,13.5,-0.99,1010.8,-99.0,0.0,-9.9,-99,-999,ªá½¬¿¤,21,Â×ÀØ¶m,188
23.5803,121.5058,Â×ÀØ,C0T9I0,2017-02-15T08:00:00+08:00,214.0,206.0,3.4,14.1,-0.99,1010.9,-99.0,0.0,-9.9,-99,-999,ªá½¬¿¤,21,Â×ÀØ¶m,188
23.5803,121.5058,Â×ÀØ,C0T9I0,2017-02-15T10:00:00+08:00,214.0,193.0,1.5,18.8,-0.99,1010.6,-99.0,0.0,-9.9,-99,-999,ªá½¬¿¤,21,Â×ÀØ¶m,188
23.5803,121.5058,Â×ÀØ,C0T9I0,2017-02-15T11:00:00+08:00,214.0,232.0,0.8,22.6,-0.99,1009.8,-99.0,0.0,-9.9,-99,-999,ªá½¬¿¤,21,Â×ÀØ¶m,188
23.5803,121.5058,Â×ÀØ,C0T9I0,2017-02-15T12:00:00+08:00,214.0,352.0,1.9,20.2,-0.99,1009.0,-99.0,0.0,-9.9,-99,-999,ªá½¬¿¤,21,Â×ÀØ¶m,188
23.5803,121.5058,Â×ÀØ,C0T9I0,2017-02-15T13:00:00+08:00,214.0,331.0,1.9,22.0,-0.99,1008.1,-99.0,0.0,-9.9,-99,-999,ªá½¬¿¤,21,Â×ÀØ¶m,188
23.5803,121.5058,Â×ÀØ,C0T9I0,2017-02-15T14:00:00+08:00,214.0,358.0,1.3,20.3,-0.99,1007.2,-99.0,0.0,-9.9,-99,-999,ªá½¬¿¤,21,Â×ÀØ¶m,188
23.5803,121.5058,Â×ÀØ,C0T9I0,2017-02-15T15:00:00+08:00,214.0,316.0,1.5,21.0,-0.99,1006.6,-99.0,0.0,-9.9,-99,-999,ªá½¬¿¤,21,Â×ÀØ¶m,188
23.5803,121.5058,Â×ÀØ,C0T9I0,2017-02-15T16:00:00+08:00,214.0,346.0,0.8,20.2,-0.99,1006.8,-99.0,0.0,-9.9,-99,-999,ªá½¬¿¤,21,Â×ÀØ¶m,188
23.5803,121.5058,Â×ÀØ,C0T9I0,2017-02-15T17:00:00+08:00,214.0,47.0,0.6,19.3,-0.99,1006.9,-99.0,0.0,-9.9,-99,-999,ªá½¬¿¤,21,Â×ÀØ¶m,188
23.5803,121.5058,Â×ÀØ,C0T9I0,2017-02-15T18:00:00+08:00,214.0,0.0,0.0,19.8,-0.99,1007.3,-99.0,0.0,-9.9,-99,-999,ªá½¬¿¤,21,Â×ÀØ¶m,188
23.5803,121.5058,Â×ÀØ,C0T9I0,2017-02-15T20:00:00+08:00,214.0,208.0,2.3,16.3,-0.99,1008.1,-99.0,0.0,-9.9,-99,-999,ªá½¬¿¤,21,Â×ÀØ¶m,188
23.5803,121.5058,Â×ÀØ,C0T9I0,2017-02-15T22:00:00+08:00,214.0,214.0,2.6,18.0,-0.99,1008.1,-99.0,0.0,-9.9,-99,-999,ªá½¬¿¤,21,Â×ÀØ¶m,188
23.5803,121.5058,Â×ÀØ,C0T9I0,2017-02-15T23:00:00+08:00,214.0,203.0,2.2,17.1,-0.99,1007.7,-99.0,0.0,-9.9,-99,-999,ªá½¬¿¤,21,Â×ÀØ¶m,188
23.5803,121.5058,Â×ÀØ,C0T9I0,2017-02-16T00:00:00+08:00,214.0,199.0,2.2,17.1,-0.99,1006.9,-99.0,0.0,-9.9,-99,-999,ªá½¬¿¤,21,Â×ÀØ¶m,188
23.5803,121.5058,Â×ÀØ,C0T9I0,2017-02-16T01:00:00+08:00,214.0,218.0,1.8,16.3,-0.99,1006.5,-99.0,0.0,-9.9,-99,-999,ªá½¬¿¤,21,Â×ÀØ¶m,188
23.5803,121.5058,Â×ÀØ,C0T9I0,2017-02-16T05:00:00+08:00,214.0,211.0,2.5,15.9,-0.99,1004.1,-99.0,0.0,-9.9,-99,-999,ªá½¬¿¤,21,Â×ÀØ¶m,188
23.5803,121.5058,Â×ÀØ,C0T9I0,2017-02-16T06:00:00+08:00,214.0,205.0,2.8,14.7,-0.99,1004.9,-99.0,0.0,-9.9,-99,-999,ªá½¬¿¤,21,Â×ÀØ¶m,188
23.5803,121.5058,Â×ÀØ,C0T9I0,2017-02-16T07:00:00+08:00,214.0,208.0,2.5,15.7,-0.99,1005.1,-99.0,0.0,-9.9,-99,-999,ªá½¬¿¤,21,Â×ÀØ¶m,188
23.5803,121.5058,Â×ÀØ,C0T9I0,2017-02-16T08:00:00+08:00,214.0,224.0,2.3,16.1,-0.99,1005.1,-99.0,0.0,-9.9,-99,-999,ªá½¬¿¤,21,Â×ÀØ¶m,188
23.5803,121.5058,Â×ÀØ,C0T9I0,2017-02-16T11:00:00+08:00,214.0,289.0,0.5,23.6,-0.99,1004.8,-99.0,0.0,-9.9,-99,-999,ªá½¬¿¤,21,Â×ÀØ¶m,188
23.5803,121.5058,Â×ÀØ,C0T9I0,2017-02-16T12:00:00+08:00,214.0,-97.0,-97.0,-97.0,-0.99,-997.0,-99.0,0.0,-9.9,-99,-999,ªá½¬¿¤,21,Â×ÀØ¶m,188
23.5803,121.5058,Â×ÀØ,C0T9I0,2017-02-16T13:00:00+08:00,214.0,-97.0,-97.0,-97.0,-0.99,-997.0,-99.0,0.0,-9.9,-99,-999,ªá½¬¿¤,21,Â×ÀØ¶m,188
23.5803,121.5058,Â×ÀØ,C0T9I0,2017-02-16T15:00:00+08:00,214.0,209.0,1.8,21.0,-0.99,1002.2,-99.0,0.0,-9.9,-99,-999,ªá½¬¿¤,21,Â×ÀØ¶m,188
23.5803,121.5058,Â×ÀØ,C0T9I0,2017-02-16T17:00:00+08:00,214.0,185.0,2.0,21.5,-0.99,1002.8,-99.0,0.0,-9.9,-99,-999,ªá½¬¿¤,21,Â×ÀØ¶m,188
23.5803,121.5058,Â×ÀØ,C0T9I0,2017-02-16T19:00:00+08:00,214.0,-97.0,-97.0,-97.0,-0.99,-997.0,-99.0,0.0,-9.9,-99,-999,ªá½¬¿¤,21,Â×ÀØ¶m,188
23.5803,121.5058,Â×ÀØ,C0T9I0,2017-02-16T20:00:00+08:00,214.0,222.0,2.5,18.8,-0.99,1004.3,-99.0,0.0,-9.9,-99,-999,ªá½¬¿¤,21,Â×ÀØ¶m,188
23.5803,121.5058,Â×ÀØ,C0T9I0,2017-02-16T21:00:00+08:00,214.0,203.0,2.4,18.3,-0.99,1004.6,-99.0,0.0,-9.9,-99,-999,ªá½¬¿¤,21,Â×ÀØ¶m,188
23.5803,121.5058,Â×ÀØ,C0T9I0,2017-02-16T22:00:00+08:00,214.0,205.0,2.8,16.9,-0.99,1004.8,-99.0,0.0,-9.9,-99,-999,ªá½¬¿¤,21,Â×ÀØ¶m,188
23.5803,121.5058,Â×ÀØ,C0T9I0,2017-02-16T23:00:00+08:00,214.0,208.0,2.9,17.6,-0.99,1004.5,-99.0,0.0,-9.9,-99,-999,ªá½¬¿¤,21,Â×ÀØ¶m,188
23.5803,121.5058,Â×ÀØ,C0T9I0,2017-02-17T00:00:00+08:00,214.0,222.0,2.5,17.1,-0.99,1004.3,-99.0,0.0,-9.9,-99,-999,ªá½¬¿¤,21,Â×ÀØ¶m,188
23.5803,121.5058,Â×ÀØ,C0T9I0,2017-02-17T01:00:00+08:00,214.0,211.0,2.7,16.9,-0.99,1003.5,-99.0,0.0,-9.9,-99,-999,ªá½¬¿¤,21,Â×ÀØ¶m,188
23.5803,121.5058,Â×ÀØ,C0T9I0,2017-02-17T02:00:00+08:00,214.0,200.0,2.5,16.9,-0.99,1003.2,-99.0,0.0,-9.9,-99,-999,ªá½¬¿¤,21,Â×ÀØ¶m,188
23.5803,121.5058,Â×ÀØ,C0T9I0,2017-02-17T03:00:00+08:00,214.0,202.0,1.7,17.1,-0.99,1003.0,-99.0,0.0,-9.9,-99,-999,ªá½¬¿¤,21,Â×ÀØ¶m,188
23.5803,121.5058,Â×ÀØ,C0T9I0,2017-02-17T04:00:00+08:00,214.0,208.0,2.4,16.1,-0.99,1003.0,-99.0,0.0,-9.9,-99,-999,ªá½¬¿¤,21,Â×ÀØ¶m,188
23.5803,121.5058,Â×ÀØ,C0T9I0,2017-02-17T05:00:00+08:00,214.0,211.0,3.3,16.3,-0.99,1003.2,-99.0,0.0,-9.9,-99,-999,ªá½¬¿¤,21,Â×ÀØ¶m,188
23.5803,121.5058,Â×ÀØ,C0T9I0,2017-02-17T06:00:00+08:00,214.0,213.0,2.8,15.2,-0.99,1003.9,-99.0,0.0,-9.9,-99,-999,ªá½¬¿¤,21,Â×ÀØ¶m,188
23.5803,121.5058,Â×ÀØ,C0T9I0,2017-02-17T07:00:00+08:00,214.0,215.0,3.9,16.4,-0.99,1004.4,-99.0,0.0,-9.9,-99,-999,ªá½¬¿¤,21,Â×ÀØ¶m,188
23.5803,121.5058,Â×ÀØ,C0T9I0,2017-02-17T08:00:00+08:00,214.0,203.0,3.2,17.6,-0.99,1005.1,-99.0,0.0,-9.9,-99,-999,ªá½¬¿¤,21,Â×ÀØ¶m,188
23.5803,121.5058,Â×ÀØ,C0T9I0,2017-02-17T10:00:00+08:00,214.0,220.0,0.8,22.6,-0.99,1005.2,-99.0,0.0,-9.9,-99,-999,ªá½¬¿¤,21,Â×ÀØ¶m,188
23.5803,121.5058,Â×ÀØ,C0T9I0,2017-02-17T11:00:00+08:00,214.0,323.0,1.2,23.1,-0.99,1004.5,-99.0,0.0,-9.9,-99,-999,ªá½¬¿¤,21,Â×ÀØ¶m,188
23.5803,121.5058,Â×ÀØ,C0T9I0,2017-02-17T12:00:00+08:00,214.0,-97.0,-97.0,-97.0,-0.99,-997.0,-99.0,0.0,-9.9,-99,-999,ªá½¬¿¤,21,Â×ÀØ¶m,188
23.5803,121.5058,Â×ÀØ,C0T9I0,2017-02-17T13:00:00+08:00,214.0,-97.0,-97.0,-97.0,-0.99,-997.0,-99.0,0.0,-9.9,-99,-999,ªá½¬¿¤,21,Â×ÀØ¶m,188
23.5803,121.5058,Â×ÀØ,C0T9I0,2017-02-17T16:00:00+08:00,214.0,-97.0,-97.0,-97.0,-0.99,-997.0,-99.0,0.0,-9.9,-99,-999,ªá½¬¿¤,21,Â×ÀØ¶m,188
23.5803,121.5058,Â×ÀØ,C0T9I0,2017-02-17T17:00:00+08:00,214.0,351.0,0.7,20.2,-0.99,1002.7,-99.0,0.0,-9.9,-99,-999,ªá½¬¿¤,21,Â×ÀØ¶m,188
23.5803,121.5058,Â×ÀØ,C0T9I0,2017-02-17T18:00:00+08:00,214.0,0.0,0.0,21.2,-0.99,1003.1,-99.0,0.0,-9.9,-99,-999,ªá½¬¿¤,21,Â×ÀØ¶m,188
23.5803,121.5058,Â×ÀØ,C0T9I0,2017-02-17T21:00:00+08:00,214.0,218.0,1.1,19.2,-0.99,1004.9,-99.0,0.0,-9.9,-99,-999,ªá½¬¿¤,21,Â×ÀØ¶m,188
23.5803,121.5058,Â×ÀØ,C0T9I0,2017-02-17T22:00:00+08:00,214.0,220.0,2.0,19.3,-0.99,1004.9,-99.0,0.0,-9.9,-99,-999,ªá½¬¿¤,21,Â×ÀØ¶m,188
23.5803,121.5058,Â×ÀØ,C0T9I0,2017-02-17T23:00:00+08:00,214.0,212.0,1.9,18.1,-0.99,1004.8,-99.0,0.0,-9.9,-99,-999,ªá½¬¿¤,21,Â×ÀØ¶m,188
23.5803,121.5058,Â×ÀØ,C0T9I0,2017-02-18T00:00:00+08:00,214.0,213.0,1.7,18.0,-0.99,1004.7,-99.0,0.0,-9.9,-99,-999,ªá½¬¿¤,21,Â×ÀØ¶m,188
23.5803,121.5058,Â×ÀØ,C0T9I0,2017-02-18T01:00:00+08:00,214.0,221.0,1.5,17.3,-0.99,1004.4,-99.0,0.0,-9.9,-99,-999,ªá½¬¿¤,21,Â×ÀØ¶m,188
23.5803,121.5058,Â×ÀØ,C0T9I0,2017-02-18T03:00:00+08:00,214.0,202.0,2.0,17.3,-0.99,1003.8,-99.0,0.0,-9.9,-99,-999,ªá½¬¿¤,21,Â×ÀØ¶m,188
23.5803,121.5058,Â×ÀØ,C0T9I0,2017-02-18T04:00:00+08:00,214.0,-97.0,-97.0,-97.0,-0.99,-997.0,-99.0,0.0,-9.9,-99,-999,ªá½¬¿¤,21,Â×ÀØ¶m,188
23.5803,121.5058,Â×ÀØ,C0T9I0,2017-02-18T05:00:00+08:00,214.0,-97.0,-97.0,-97.0,-0.99,-997.0,-99.0,0.0,-9.9,-99,-999,ªá½¬¿¤,21,Â×ÀØ¶m,188
23.5803,121.5058,Â×ÀØ,C0T9I0,2017-02-18T06:00:00+08:00,214.0,-97.0,-97.0,-97.0,-0.99,-997.0,-99.0,0.0,-9.9,-99,-999,ªá½¬¿¤,21,Â×ÀØ¶m,188
23.5803,121.5058,Â×ÀØ,C0T9I0,2017-02-18T07:00:00+08:00,214.0,-97.0,-97.0,-97.0,-0.99,-997.0,-99.0,0.0,-9.9,-99,-999,ªá½¬¿¤,21,Â×ÀØ¶m,188
23.5803,121.5058,Â×ÀØ,C0T9I0,2017-02-18T08:00:00+08:00,214.0,-97.0,-97.0,-97.0,-0.99,-997.0,-99.0,0.0,-9.9,-99,-999,ªá½¬¿¤,21,Â×ÀØ¶m,188
23.5803,121.5058,Â×ÀØ,C0T9I0,2017-02-18T10:00:00+08:00,214.0,45.0,5.2,21.4,-0.99,1005.5,-99.0,0.0,-9.9,-99,-999,ªá½¬¿¤,21,Â×ÀØ¶m,188
23.5803,121.5058,Â×ÀØ,C0T9I0,2017-02-18T11:00:00+08:00,214.0,39.0,6.0,21.2,-0.99,1005.1,-99.0,0.0,-9.9,-99,-999,ªá½¬¿¤,21,Â×ÀØ¶m,188
23.5803,121.5058,Â×ÀØ,C0T9I0,2017-02-18T12:00:00+08:00,214.0,39.0,5.5,20.8,-0.99,1004.5,-99.0,0.0,-9.9,-99,-999,ªá½¬¿¤,21,Â×ÀØ¶m,188
23.5803,121.5058,Â×ÀØ,C0T9I0,2017-02-18T13:00:00+08:00,214.0,40.0,4.7,20.9,-0.99,1003.7,-99.0,0.0,-9.9,-99,-999,ªá½¬¿¤,21,Â×ÀØ¶m,188
23.5803,121.5058,Â×ÀØ,C0T9I0,2017-02-18T14:00:00+08:00,214.0,38.0,4.6,22.2,-0.99,1003.1,-99.0,0.0,-9.9,-99,-999,ªá½¬¿¤,21,Â×ÀØ¶m,188
23.5803,121.5058,Â×ÀØ,C0T9I0,2017-02-18T16:00:00+08:00,214.0,46.0,4.0,21.9,-0.99,1003.3,-99.0,0.0,-9.9,-99,-999,ªá½¬¿¤,21,Â×ÀØ¶m,188
23.5803,121.5058,Â×ÀØ,C0T9I0,2017-02-18T17:00:00+08:00,214.0,24.0,3.0,20.8,-0.99,1004.0,-99.0,0.0,-9.9,-99,-999,ªá½¬¿¤,21,Â×ÀØ¶m,188
23.5803,121.5058,Â×ÀØ,C0T9I0,2017-02-18T18:00:00+08:00,214.0,29.0,3.3,18.8,-0.99,1004.8,-99.0,2.5,-9.9,-99,-999,ªá½¬¿¤,21,Â×ÀØ¶m,188
23.5803,121.5058,Â×ÀØ,C0T9I0,2017-02-18T19:00:00+08:00,214.0,29.0,1.9,17.8,-0.99,1005.5,-99.0,3.5,-9.9,-99,-999,ªá½¬¿¤,21,Â×ÀØ¶m,188
23.5803,121.5058,Â×ÀØ,C0T9I0,2017-02-18T20:00:00+08:00,214.0,321.0,0.7,17.3,-0.99,1006.2,-99.0,6.5,-9.9,-99,-999,ªá½¬¿¤,21,Â×ÀØ¶m,188
23.5803,121.5058,Â×ÀØ,C0T9I0,2017-02-18T22:00:00+08:00,214.0,237.0,1.7,16.3,-0.99,1006.6,-99.0,17.5,-9.9,-99,-999,ªá½¬¿¤,21,Â×ÀØ¶m,188
23.5803,121.5058,Â×ÀØ,C0T9I0,2017-02-18T23:00:00+08:00,214.0,227.0,0.4,17.3,-0.99,1006.3,-99.0,26.0,-9.9,-99,-999,ªá½¬¿¤,21,Â×ÀØ¶m,188
23.5803,121.5058,Â×ÀØ,C0T9I0,2017-02-19T00:00:00+08:00,214.0,210.0,1.4,17.1,-0.99,1006.0,-99.0,34.5,-9.9,-99,-999,ªá½¬¿¤,21,Â×ÀØ¶m,188
23.5803,121.5058,Â×ÀØ,C0T9I0,2017-02-19T03:00:00+08:00,214.0,235.0,0.5,15.6,-0.99,1004.9,-99.0,23.5,-9.9,-99,-999,ªá½¬¿¤,21,Â×ÀØ¶m,188
23.5803,121.5058,Â×ÀØ,C0T9I0,2017-02-19T04:00:00+08:00,214.0,218.0,1.9,17.4,-0.99,1004.6,-99.0,23.5,-9.9,-99,-999,ªá½¬¿¤,21,Â×ÀØ¶m,188
23.5803,121.5058,Â×ÀØ,C0T9I0,2017-02-19T05:00:00+08:00,214.0,220.0,2.6,16.3,-0.99,1004.5,-99.0,23.5,-9.9,-99,-999,ªá½¬¿¤,21,Â×ÀØ¶m,188
23.5803,121.5058,Â×ÀØ,C0T9I0,2017-02-19T07:00:00+08:00,214.0,213.0,2.2,16.6,-0.99,1004.8,-99.0,23.5,-9.9,-99,-999,ªá½¬¿¤,21,Â×ÀØ¶m,188
23.5803,121.5058,Â×ÀØ,C0T9I0,2017-02-19T08:00:00+08:00,214.0,224.0,1.9,17.1,-0.99,1004.9,-99.0,23.5,-9.9,-99,-999,ªá½¬¿¤,21,Â×ÀØ¶m,188
23.5803,121.5058,Â×ÀØ,C0T9I0,2017-02-19T10:00:00+08:00,214.0,220.0,2.0,18.3,-0.99,1004.4,-99.0,23.5,-9.9,-99,-999,ªá½¬¿¤,21,Â×ÀØ¶m,188
23.5803,121.5058,Â×ÀØ,C0T9I0,2017-02-19T11:00:00+08:00,214.0,230.0,2.5,20.2,-0.99,1003.3,-99.0,23.5,-9.9,-99,-999,ªá½¬¿¤,21,Â×ÀØ¶m,188
23.5803,121.5058,Â×ÀØ,C0T9I0,2017-02-19T12:00:00+08:00,214.0,345.0,1.0,21.4,-0.99,1002.1,-99.0,23.5,-9.9,-99,-999,ªá½¬¿¤,21,Â×ÀØ¶m,188
23.5803,121.5058,Â×ÀØ,C0T9I0,2017-02-19T13:00:00+08:00,214.0,315.0,1.2,22.4,-0.99,1000.9,-99.0,23.5,-9.9,-99,-999,ªá½¬¿¤,21,Â×ÀØ¶m,188
23.5803,121.5058,Â×ÀØ,C0T9I0,2017-02-19T14:00:00+08:00,214.0,213.0,1.0,22.0,-0.99,999.6,-99.0,23.5,-9.9,-99,-999,ªá½¬¿¤,21,Â×ÀØ¶m,188
23.5803,121.5058,Â×ÀØ,C0T9I0,2017-02-19T15:00:00+08:00,214.0,178.0,1.9,20.5,-0.99,998.9,-99.0,23.5,-9.9,-99,-999,ªá½¬¿¤,21,Â×ÀØ¶m,188
23.5803,121.5058,Â×ÀØ,C0T9I0,2017-02-19T16:00:00+08:00,214.0,208.0,1.3,20.0,-0.99,998.7,-99.0,23.5,-9.9,-99,-999,ªá½¬¿¤,21,Â×ÀØ¶m,188
23.5803,121.5058,Â×ÀØ,C0T9I0,2017-02-19T17:00:00+08:00,214.0,232.0,2.0,20.7,-0.99,998.8,-99.0,23.5,-9.9,-99,-999,ªá½¬¿¤,21,Â×ÀØ¶m,188
23.5803,121.5058,Â×ÀØ,C0T9I0,2017-02-19T18:00:00+08:00,214.0,174.0,0.7,19.5,-0.99,998.9,-99.0,23.5,-9.9,-99,-999,ªá½¬¿¤,21,Â×ÀØ¶m,188
23.5803,121.5058,Â×ÀØ,C0T9I0,2017-02-19T19:00:00+08:00,214.0,212.0,1.6,19.3,-0.99,999.1,-99.0,23.5,-9.9,-99,-999,ªá½¬¿¤,21,Â×ÀØ¶m,188
23.5803,121.5058,Â×ÀØ,C0T9I0,2017-02-19T20:00:00+08:00,214.0,213.0,1.3,18.0,-0.99,999.6,-99.0,23.5,-9.9,-99,-999,ªá½¬¿¤,21,Â×ÀØ¶m,188
23.5803,121.5058,Â×ÀØ,C0T9I0,2017-02-19T22:00:00+08:00,214.0,225.0,0.9,18.3,-0.99,999.3,-99.0,23.5,-9.9,-99,-999,ªá½¬¿¤,21,Â×ÀØ¶m,188
23.5803,121.5058,Â×ÀØ,C0T9I0,2017-02-19T23:00:00+08:00,214.0,224.0,1.1,17.1,-0.99,999.1,-99.0,23.5,-9.9,-99,-999,ªá½¬¿¤,21,Â×ÀØ¶m,188
23.5803,121.5058,Â×ÀØ,C0T9I0,2017-02-20T00:00:00+08:00,214.0,213.0,1.4,18.3,-0.99,998.8,-99.0,23.5,-9.9,-99,-999,ªá½¬¿¤,21,Â×ÀØ¶m,188
23.5803,121.5058,Â×ÀØ,C0T9I0,2017-02-20T01:00:00+08:00,214.0,209.0,2.7,17.4,-0.99,998.2,-99.0,1.0,-9.9,-99,-999,ªá½¬¿¤,21,Â×ÀØ¶m,188
23.5803,121.5058,Â×ÀØ,C0T9I0,2017-02-20T02:00:00+08:00,214.0,211.0,3.8,19.3,-0.99,997.2,-99.0,1.0,-9.9,-99,-999,ªá½¬¿¤,21,Â×ÀØ¶m,188
23.5803,121.5058,Â×ÀØ,C0T9I0,2017-02-20T03:00:00+08:00,214.0,216.0,3.1,17.3,-0.99,996.7,-99.0,1.0,-9.9,-99,-999,ªá½¬¿¤,21,Â×ÀØ¶m,188
23.5803,121.5058,Â×ÀØ,C0T9I0,2017-02-20T04:00:00+08:00,214.0,209.0,2.2,17.3,-0.99,996.5,-99.0,1.0,-9.9,-99,-999,ªá½¬¿¤,21,Â×ÀØ¶m,188
23.5803,121.5058,Â×ÀØ,C0T9I0,2017-02-20T06:00:00+08:00,214.0,212.0,2.2,18.0,-0.99,997.2,-99.0,1.0,-9.9,-99,-999,ªá½¬¿¤,21,Â×ÀØ¶m,188
23.5803,121.5058,Â×ÀØ,C0T9I0,2017-02-20T07:00:00+08:00,214.0,200.0,1.7,18.1,-0.99,997.9,-99.0,1.0,-9.9,-99,-999,ªá½¬¿¤,21,Â×ÀØ¶m,188
23.5803,121.5058,Â×ÀØ,C0T9I0,2017-02-20T08:00:00+08:00,214.0,240.0,0.7,18.3,-0.99,998.5,-99.0,1.0,-9.9,-99,-999,ªá½¬¿¤,21,Â×ÀØ¶m,188
23.5803,121.5058,Â×ÀØ,C0T9I0,2017-02-20T10:00:00+08:00,214.0,0.0,0.2,21.2,-0.99,998.4,-99.0,1.0,-9.9,-99,-999,ªá½¬¿¤,21,Â×ÀØ¶m,188
23.5803,121.5058,Â×ÀØ,C0T9I0,2017-02-20T11:00:00+08:00,214.0,237.0,0.5,21.7,-0.99,997.9,-99.0,1.5,-9.9,-99,-999,ªá½¬¿¤,21,Â×ÀØ¶m,188
23.5803,121.5058,Â×ÀØ,C0T9I0,2017-02-20T12:00:00+08:00,214.0,142.0,2.0,22.0,-0.99,996.9,-99.0,1.5,-9.9,-99,-999,ªá½¬¿¤,21,Â×ÀØ¶m,188
23.5803,121.5058,Â×ÀØ,C0T9I0,2017-02-20T14:00:00+08:00,214.0,15.0,2.0,22.7,-0.99,995.4,-99.0,1.5,-9.9,-99,-999,ªá½¬¿¤,21,Â×ÀØ¶m,188
23.5803,121.5058,Â×ÀØ,C0T9I0,2017-02-20T15:00:00+08:00,214.0,52.0,2.7,23.4,-0.99,995.3,-99.0,1.5,-9.9,-99,-999,ªá½¬¿¤,21,Â×ÀØ¶m,188
23.5803,121.5058,Â×ÀØ,C0T9I0,2017-02-20T16:00:00+08:00,214.0,57.0,3.0,21.4,-0.99,995.8,-99.0,1.5,-9.9,-99,-999,ªá½¬¿¤,21,Â×ÀØ¶m,188
23.5803,121.5058,Â×ÀØ,C0T9I0,2017-02-20T17:00:00+08:00,214.0,51.0,3.2,21.5,-0.99,996.5,-99.0,1.5,-9.9,-99,-999,ªá½¬¿¤,21,Â×ÀØ¶m,188
23.5803,121.5058,Â×ÀØ,C0T9I0,2017-02-20T18:00:00+08:00,214.0,47.0,3.9,21.2,-0.99,997.4,-99.0,1.5,-9.9,-99,-999,ªá½¬¿¤,21,Â×ÀØ¶m,188
23.5803,121.5058,Â×ÀØ,C0T9I0,2017-02-20T19:00:00+08:00,214.0,44.0,2.2,20.2,-0.99,998.1,-99.0,1.5,-9.9,-99,-999,ªá½¬¿¤,21,Â×ÀØ¶m,188
23.5803,121.5058,Â×ÀØ,C0T9I0,2017-02-20T20:00:00+08:00,214.0,20.0,0.5,22.0,-0.99,999.0,-99.0,1.5,-9.9,-99,-999,ªá½¬¿¤,21,Â×ÀØ¶m,188
23.5803,121.5058,Â×ÀØ,C0T9I0,2017-02-20T21:00:00+08:00,214.0,43.0,2.3,21.2,-0.99,999.8,-99.0,1.5,-9.9,-99,-999,ªá½¬¿¤,21,Â×ÀØ¶m,188
23.5803,121.5058,Â×ÀØ,C0T9I0,2017-02-20T22:00:00+08:00,214.0,27.0,1.9,21.4,-0.99,1000.8,-99.0,1.5,-9.9,-99,-999,ªá½¬¿¤,21,Â×ÀØ¶m,188
23.5803,121.5058,Â×ÀØ,C0T9I0,2017-02-20T23:00:00+08:00,214.0,206.0,1.1,21.5,-0.99,1001.0,-99.0,1.5,-9.9,-99,-999,ªá½¬¿¤,21,Â×ÀØ¶m,188
23.5803,121.5058,Â×ÀØ,C0T9I0,2017-02-21T00:00:00+08:00,214.0,30.0,1.6,20.2,-0.99,1001.3,-99.0,1.5,-9.9,-99,-999,ªá½¬¿¤,21,Â×ÀØ¶m,188
23.5803,121.5058,Â×ÀØ,C0T9I0,2017-02-21T01:00:00+08:00,214.0,32.0,3.2,22.4,-0.99,1001.8,-99.0,0.0,-9.9,-99,-999,ªá½¬¿¤,21,Â×ÀØ¶m,188
23.5803,121.5058,Â×ÀØ,C0T9I0,2017-02-21T02:00:00+08:00,214.0,3.0,1.6,21.2,-0.99,1001.9,-99.0,0.0,-9.9,-99,-999,ªá½¬¿¤,21,Â×ÀØ¶m,188
23.5803,121.5058,Â×ÀØ,C0T9I0,2017-02-21T03:00:00+08:00,214.0,26.0,5.4,19.5,-0.99,1001.4,-99.0,0.0,-9.9,-99,-999,ªá½¬¿¤,21,Â×ÀØ¶m,188
23.5803,121.5058,Â×ÀØ,C0T9I0,2017-02-21T04:00:00+08:00,214.0,23.0,5.0,20.3,-0.99,1002.0,-99.0,0.0,-9.9,-99,-999,ªá½¬¿¤,21,Â×ÀØ¶m,188
23.5803,121.5058,Â×ÀØ,C0T9I0,2017-02-21T05:00:00+08:00,214.0,23.0,4.0,19.3,-0.99,1002.7,-99.0,5.0,-9.9,-99,-999,ªá½¬¿¤,21,Â×ÀØ¶m,188
23.5803,121.5058,Â×ÀØ,C0T9I0,2017-02-21T06:00:00+08:00,214.0,25.0,5.0,18.3,-0.99,1003.9,-99.0,5.5,-9.9,-99,-999,ªá½¬¿¤,21,Â×ÀØ¶m,188
23.5803,121.5058,Â×ÀØ,C0T9I0,2017-02-21T07:00:00+08:00,214.0,28.0,3.2,19.1,-0.99,1005.2,-99.0,6.0,-9.9,-99,-999,ªá½¬¿¤,21,Â×ÀØ¶m,188
23.5803,121.5058,Â×ÀØ,C0T9I0,2017-02-21T09:00:00+08:00,214.0,211.0,0.4,19.7,-0.99,1005.9,-99.0,6.5,-9.9,-99,-999,ªá½¬¿¤,21,Â×ÀØ¶m,188
23.5803,121.5058,Â×ÀØ,C0T9I0,2017-02-21T10:00:00+08:00,214.0,33.0,2.7,20.3,-0.99,1006.2,-99.0,6.5,-9.9,-99,-999,ªá½¬¿¤,21,Â×ÀØ¶m,188
23.5803,121.5058,Â×ÀØ,C0T9I0,2017-02-21T11:00:00+08:00,214.0,35.0,2.7,19.3,-0.99,1005.7,-99.0,6.5,-9.9,-99,-999,ªá½¬¿¤,21,Â×ÀØ¶m,188
23.5803,121.5058,Â×ÀØ,C0T9I0,2017-02-21T13:00:00+08:00,214.0,45.0,3.5,19.3,-0.99,1003.2,-99.0,6.5,-9.9,-99,-999,ªá½¬¿¤,21,Â×ÀØ¶m,188
23.5803,121.5058,Â×ÀØ,C0T9I0,2017-02-21T14:00:00+08:00,214.0,47.0,3.2,19.2,-0.99,1002.6,-99.0,6.5,-9.9,-99,-999,ªá½¬¿¤,21,Â×ÀØ¶m,188
23.5803,121.5058,Â×ÀØ,C0T9I0,2017-02-21T15:00:00+08:00,214.0,44.0,2.0,20.7,-0.99,1001.8,-99.0,6.5,-9.9,-99,-999,ªá½¬¿¤,21,Â×ÀØ¶m,188
23.5803,121.5058,Â×ÀØ,C0T9I0,2017-02-21T16:00:00+08:00,214.0,50.0,1.4,20.3,-0.99,1001.9,-99.0,6.5,-9.9,-99,-999,ªá½¬¿¤,21,Â×ÀØ¶m,188
23.5803,121.5058,Â×ÀØ,C0T9I0,2017-02-21T17:00:00+08:00,214.0,214.0,1.2,21.2,-0.99,1002.3,-99.0,6.5,-9.9,-99,-999,ªá½¬¿¤,21,Â×ÀØ¶m,188
23.5803,121.5058,Â×ÀØ,C0T9I0,2017-02-21T18:00:00+08:00,214.0,223.0,1.3,18.3,-0.99,1002.1,-99.0,6.5,-9.9,-99,-999,ªá½¬¿¤,21,Â×ÀØ¶m,188
23.5803,121.5058,Â×ÀØ,C0T9I0,2017-02-21T19:00:00+08:00,214.0,207.0,1.9,19.2,-0.99,1002.2,-99.0,6.5,-9.9,-99,-999,ªá½¬¿¤,21,Â×ÀØ¶m,188
23.5803,121.5058,Â×ÀØ,C0T9I0,2017-02-21T20:00:00+08:00,214.0,201.0,2.0,19.3,-0.99,1002.6,-99.0,6.5,-9.9,-99,-999,ªá½¬¿¤,21,Â×ÀØ¶m,188
23.5803,121.5058,Â×ÀØ,C0T9I0,2017-02-21T21:00:00+08:00,214.0,202.0,2.3,19.7,-0.99,1002.4,-99.0,6.5,-9.9,-99,-999,ªá½¬¿¤,21,Â×ÀØ¶m,188
23.5803,121.5058,Â×ÀØ,C0T9I0,2017-02-21T23:00:00+08:00,214.0,209.0,2.2,19.3,-0.99,1001.8,-99.0,7.0,-9.9,-99,-999,ªá½¬¿¤,21,Â×ÀØ¶m,188
23.5803,121.5058,Â×ÀØ,C0T9I0,2017-02-22T00:00:00+08:00,214.0,212.0,1.8,18.5,-0.99,1001.3,-99.0,7.0,-9.9,-99,-999,ªá½¬¿¤,21,Â×ÀØ¶m,188
23.5803,121.5058,Â×ÀØ,C0T9I0,2017-02-22T01:00:00+08:00,214.0,206.0,2.5,19.7,-0.99,1000.6,-99.0,0.0,-9.9,-99,-999,ªá½¬¿¤,21,Â×ÀØ¶m,188
23.5803,121.5058,Â×ÀØ,C0T9I0,2017-02-22T03:00:00+08:00,214.0,207.0,1.9,19.7,-0.99,999.5,-99.0,0.0,-9.9,-99,-999,ªá½¬¿¤,21,Â×ÀØ¶m,188
23.5803,121.5058,Â×ÀØ,C0T9I0,2017-02-22T04:00:00+08:00,214.0,203.0,2.8,19.3,-0.99,999.0,-99.0,0.0,-9.9,-99,-999,ªá½¬¿¤,21,Â×ÀØ¶m,188
23.5803,121.5058,Â×ÀØ,C0T9I0,2017-02-22T05:00:00+08:00,214.0,220.0,1.8,20.2,-0.99,998.8,-99.0,0.0,-9.9,-99,-999,ªá½¬¿¤,21,Â×ÀØ¶m,188
23.5803,121.5058,Â×ÀØ,C0T9I0,2017-02-22T07:00:00+08:00,214.0,201.0,2.8,21.2,-0.99,999.4,-99.0,0.0,-9.9,-99,-999,ªá½¬¿¤,21,Â×ÀØ¶m,188
23.5803,121.5058,Â×ÀØ,C0T9I0,2017-02-22T10:00:00+08:00,214.0,270.0,0.7,24.4,-0.99,999.6,-99.0,0.0,-9.9,-99,-999,ªá½¬¿¤,21,Â×ÀØ¶m,188
23.5803,121.5058,Â×ÀØ,C0T9I0,2017-02-22T11:00:00+08:00,214.0,166.0,2.6,22.0,-0.99,998.9,-99.0,0.0,-9.9,-99,-999,ªá½¬¿¤,21,Â×ÀØ¶m,188
23.5803,121.5058,Â×ÀØ,C0T9I0,2017-02-22T12:00:00+08:00,214.0,197.0,2.5,24.1,-0.99,997.7,-99.0,0.0,-9.9,-99,-999,ªá½¬¿¤,21,Â×ÀØ¶m,188
23.5803,121.5058,Â×ÀØ,C0T9I0,2017-02-22T13:00:00+08:00,214.0,189.0,3.8,21.7,-0.99,996.7,-99.0,0.0,-9.9,-99,-999,ªá½¬¿¤,21,Â×ÀØ¶m,188
23.5803,121.5058,Â×ÀØ,C0T9I0,2017-02-22T14:00:00+08:00,214.0,178.0,3.4,21.2,-0.99,996.3,-99.0,0.5,-9.9,-99,-999,ªá½¬¿¤,21,Â×ÀØ¶m,188
23.5803,121.5058,Â×ÀØ,C0T9I0,2017-02-22T15:00:00+08:00,214.0,228.0,2.0,21.0,-0.99,995.5,-99.0,1.5,-9.9,-99,-999,ªá½¬¿¤,21,Â×ÀØ¶m,188
23.5803,121.5058,Â×ÀØ,C0T9I0,2017-02-22T16:00:00+08:00,214.0,224.0,1.2,21.9,-0.99,995.7,-99.0,2.5,-9.9,-99,-999,ªá½¬¿¤,21,Â×ÀØ¶m,188
23.5803,121.5058,Â×ÀØ,C0T9I0,2017-02-22T17:00:00+08:00,214.0,205.0,0.6,21.9,-0.99,996.1,-99.0,6.0,-9.9,-99,-999,ªá½¬¿¤,21,Â×ÀØ¶m,188
23.5803,121.5058,Â×ÀØ,C0T9I0,2017-02-22T18:00:00+08:00,214.0,196.0,1.4,20.3,-0.99,996.3,-99.0,8.0,-9.9,-99,-999,ªá½¬¿¤,21,Â×ÀØ¶m,188
23.5803,121.5058,Â×ÀØ,C0T9I0,2017-02-22T19:00:00+08:00,214.0,200.0,1.8,21.7,-0.99,996.7,-99.0,8.5,-9.9,-99,-999,ªá½¬¿¤,21,Â×ÀØ¶m,188
23.5803,121.5058,Â×ÀØ,C0T9I0,2017-02-22T20:00:00+08:00,214.0,178.0,0.5,21.4,-0.99,997.0,-99.0,8.5,-9.9,-99,-999,ªá½¬¿¤,21,Â×ÀØ¶m,188
23.5803,121.5058,Â×ÀØ,C0T9I0,2017-02-22T21:00:00+08:00,214.0,211.0,1.4,20.2,-0.99,997.5,-99.0,8.5,-9.9,-99,-999,ªá½¬¿¤,21,Â×ÀØ¶m,188
23.5803,121.5058,Â×ÀØ,C0T9I0,2017-02-22T22:00:00+08:00,214.0,143.0,0.4,21.4,-0.99,997.6,-99.0,8.5,-9.9,-99,-999,ªá½¬¿¤,21,Â×ÀØ¶m,188
23.5803,121.5058,Â×ÀØ,C0T9I0,2017-02-22T23:00:00+08:00,214.0,214.0,1.1,20.3,-0.99,997.8,-99.0,8.5,-9.9,-99,-999,ªá½¬¿¤,21,Â×ÀØ¶m,188
23.5803,121.5058,Â×ÀØ,C0T9I0,2017-02-23T00:00:00+08:00,214.0,0.0,0.2,20.3,-0.99,997.5,-99.0,8.5,-9.9,-99,-999,ªá½¬¿¤,21,Â×ÀØ¶m,188
23.5803,121.5058,Â×ÀØ,C0T9I0,2017-02-23T01:00:00+08:00,214.0,208.0,0.9,21.2,-0.99,997.3,-99.0,0.0,-9.9,-99,-999,ªá½¬¿¤,21,Â×ÀØ¶m,188
23.5803,121.5058,Â×ÀØ,C0T9I0,2017-02-23T03:00:00+08:00,214.0,206.0,0.3,20.2,-0.99,996.9,-99.0,0.0,-9.9,-99,-999,ªá½¬¿¤,21,Â×ÀØ¶m,188
23.5803,121.5058,Â×ÀØ,C0T9I0,2017-02-23T04:00:00+08:00,214.0,213.0,0.5,19.8,-0.99,996.8,-99.0,0.0,-9.9,-99,-999,ªá½¬¿¤,21,Â×ÀØ¶m,188
23.5803,121.5058,Â×ÀØ,C0T9I0,2017-02-23T05:00:00+08:00,214.0,41.0,3.7,19.5,-0.99,997.3,-99.0,0.0,-9.9,-99,-999,ªá½¬¿¤,21,Â×ÀØ¶m,188
23.5803,121.5058,Â×ÀØ,C0T9I0,2017-02-23T06:00:00+08:00,214.0,38.0,4.9,19.7,-0.99,998.2,-99.0,0.0,-9.9,-99,-999,ªá½¬¿¤,21,Â×ÀØ¶m,188
23.5803,121.5058,Â×ÀØ,C0T9I0,2017-02-23T07:00:00+08:00,214.0,31.0,3.3,19.1,-0.99,999.2,-99.0,0.5,-9.9,-99,-999,ªá½¬¿¤,21,Â×ÀØ¶m,188
23.5803,121.5058,Â×ÀØ,C0T9I0,2017-02-23T08:00:00+08:00,214.0,38.0,3.5,19.3,-0.99,999.8,-99.0,1.0,-9.9,-99,-999,ªá½¬¿¤,21,Â×ÀØ¶m,188
23.5803,121.5058,Â×ÀØ,C0T9I0,2017-02-23T11:00:00+08:00,214.0,28.0,3.9,19.3,-0.99,1000.7,-99.0,1.0,-9.9,-99,-999,ªá½¬¿¤,21,Â×ÀØ¶m,188
23.5803,121.5058,Â×ÀØ,C0T9I0,2017-02-23T12:00:00+08:00,214.0,34.0,4.1,19.0,-0.99,1000.2,-99.0,1.5,-9.9,-99,-999,ªá½¬¿¤,21,Â×ÀØ¶m,188
23.5803,121.5058,Â×ÀØ,C0T9I0,2017-02-23T13:00:00+08:00,214.0,30.0,3.7,18.3,-0.99,999.4,-99.0,1.5,-9.9,-99,-999,ªá½¬¿¤,21,Â×ÀØ¶m,188
23.5803,121.5058,Â×ÀØ,C0T9I0,2017-02-23T14:00:00+08:00,214.0,31.0,3.9,19.3,-0.99,999.0,-99.0,1.5,-9.9,-99,-999,ªá½¬¿¤,21,Â×ÀØ¶m,188
23.5803,121.5058,Â×ÀØ,C0T9I0,2017-02-23T15:00:00+08:00,214.0,32.0,4.7,17.1,-0.99,999.2,-99.0,1.5,-9.9,-99,-999,ªá½¬¿¤,21,Â×ÀØ¶m,188
23.5803,121.5058,Â×ÀØ,C0T9I0,2017-02-23T16:00:00+08:00,214.0,31.0,4.8,16.3,-0.99,1000.1,-99.0,2.5,-9.9,-99,-999,ªá½¬¿¤,21,Â×ÀØ¶m,188
23.5803,121.5058,Â×ÀØ,C0T9I0,2017-02-23T17:00:00+08:00,214.0,38.0,4.4,15.4,-0.99,1000.9,-99.0,3.0,-9.9,-99,-999,ªá½¬¿¤,21,Â×ÀØ¶m,188
23.5803,121.5058,Â×ÀØ,C0T9I0,2017-02-23T18:00:00+08:00,214.0,28.0,4.1,17.3,-0.99,1001.8,-99.0,3.0,-9.9,-99,-999,ªá½¬¿¤,21,Â×ÀØ¶m,188
23.5803,121.5058,Â×ÀØ,C0T9I0,2017-02-23T19:00:00+08:00,214.0,23.0,4.2,15.9,-0.99,1002.5,-99.0,3.5,-9.9,-99,-999,ªá½¬¿¤,21,Â×ÀØ¶m,188
23.5803,121.5058,Â×ÀØ,C0T9I0,2017-02-23T20:00:00+08:00,214.0,27.0,4.1,15.1,-0.99,1003.3,-99.0,3.5,-9.9,-99,-999,ªá½¬¿¤,21,Â×ÀØ¶m,188
23.5803,121.5058,Â×ÀØ,C0T9I0,2017-02-23T21:00:00+08:00,214.0,27.0,4.5,13.7,-0.99,1004.0,-99.0,4.0,-9.9,-99,-999,ªá½¬¿¤,21,Â×ÀØ¶m,188
23.5803,121.5058,Â×ÀØ,C0T9I0,2017-02-23T22:00:00+08:00,214.0,14.0,2.7,14.1,-0.99,1004.5,-99.0,4.0,-9.9,-99,-999,ªá½¬¿¤,21,Â×ÀØ¶m,188
23.5803,121.5058,Â×ÀØ,C0T9I0,2017-02-23T23:00:00+08:00,214.0,0.0,0.2,13.4,-0.99,1004.8,-99.0,4.0,-9.9,-99,-999,ªá½¬¿¤,21,Â×ÀØ¶m,188
23.5803,121.5058,Â×ÀØ,C0T9I0,2017-02-24T00:00:00+08:00,214.0,308.0,0.9,14.4,-0.99,1004.5,-99.0,4.0,-9.9,-99,-999,ªá½¬¿¤,21,Â×ÀØ¶m,188
23.5803,121.5058,Â×ÀØ,C0T9I0,2017-02-24T01:00:00+08:00,214.0,241.0,1.3,14.9,-0.99,1004.1,-99.0,0.0,-9.9,-99,-999,ªá½¬¿¤,21,Â×ÀØ¶m,188
23.5803,121.5058,Â×ÀØ,C0T9I0,2017-02-24T02:00:00+08:00,214.0,224.0,1.5,14.2,-0.99,1003.7,-99.0,0.0,-9.9,-99,-999,ªá½¬¿¤,21,Â×ÀØ¶m,188
23.5803,121.5058,Â×ÀØ,C0T9I0,2017-02-24T03:00:00+08:00,214.0,227.0,1.5,14.2,-0.99,1003.7,-99.0,0.0,-9.9,-99,-999,ªá½¬¿¤,21,Â×ÀØ¶m,188
23.5803,121.5058,Â×ÀØ,C0T9I0,2017-02-24T04:00:00+08:00,214.0,228.0,1.5,13.0,-0.99,1003.3,-99.0,0.0,-9.9,-99,-999,ªá½¬¿¤,21,Â×ÀØ¶m,188
23.5803,121.5058,Â×ÀØ,C0T9I0,2017-02-24T05:00:00+08:00,214.0,226.0,1.9,15.4,-0.99,1003.1,-99.0,0.0,-9.9,-99,-999,ªá½¬¿¤,21,Â×ÀØ¶m,188
23.5803,121.5058,Â×ÀØ,C0T9I0,2017-02-24T06:00:00+08:00,214.0,216.0,1.8,14.4,-0.99,1003.7,-99.0,0.0,-9.9,-99,-999,ªá½¬¿¤,21,Â×ÀØ¶m,188
23.5803,121.5058,Â×ÀØ,C0T9I0,2017-02-24T07:00:00+08:00,214.0,221.0,2.2,14.4,-0.99,1004.0,-99.0,0.0,-9.9,-99,-999,ªá½¬¿¤,21,Â×ÀØ¶m,188
23.5803,121.5058,Â×ÀØ,C0T9I0,2017-02-24T08:00:00+08:00,214.0,216.0,1.8,14.2,-0.99,1004.0,-99.0,0.0,-9.9,-99,-999,ªá½¬¿¤,21,Â×ÀØ¶m,188
23.5803,121.5058,Â×ÀØ,C0T9I0,2017-02-24T09:00:00+08:00,214.0,203.0,1.5,16.1,-0.99,1004.3,-99.0,0.0,-9.9,-99,-999,ªá½¬¿¤,21,Â×ÀØ¶m,188
23.5803,121.5058,Â×ÀØ,C0T9I0,2017-02-24T10:00:00+08:00,214.0,220.0,1.4,16.3,-0.99,1004.2,-99.0,0.0,-9.9,-99,-999,ªá½¬¿¤,21,Â×ÀØ¶m,188
23.5803,121.5058,Â×ÀØ,C0T9I0,2017-02-24T12:00:00+08:00,214.0,35.0,2.5,18.5,-0.99,1002.9,-99.0,0.0,-9.9,-99,-999,ªá½¬¿¤,21,Â×ÀØ¶m,188
23.5803,121.5058,Â×ÀØ,C0T9I0,2017-02-24T13:00:00+08:00,214.0,33.0,1.9,18.1,-0.99,1002.6,-99.0,0.0,-9.9,-99,-999,ªá½¬¿¤,21,Â×ÀØ¶m,188
23.5803,121.5058,Â×ÀØ,C0T9I0,2017-02-24T14:00:00+08:00,214.0,28.0,2.7,15.4,-0.99,1002.2,-99.0,0.0,-9.9,-99,-999,ªá½¬¿¤,21,Â×ÀØ¶m,188
23.5803,121.5058,Â×ÀØ,C0T9I0,2017-02-24T15:00:00+08:00,214.0,33.0,2.3,15.1,-0.99,1002.5,-99.0,0.0,-9.9,-99,-999,ªá½¬¿¤,21,Â×ÀØ¶m,188
23.5803,121.5058,Â×ÀØ,C0T9I0,2017-02-24T16:00:00+08:00,214.0,28.0,3.3,15.6,-0.99,1002.8,-99.0,0.0,-9.9,-99,-999,ªá½¬¿¤,21,Â×ÀØ¶m,188
23.5803,121.5058,Â×ÀØ,C0T9I0,2017-02-24T17:00:00+08:00,214.0,26.0,2.8,16.1,-0.99,1003.3,-99.0,0.0,-9.9,-99,-999,ªá½¬¿¤,21,Â×ÀØ¶m,188
23.5803,121.5058,Â×ÀØ,C0T9I0,2017-02-24T18:00:00+08:00,214.0,6.0,0.6,14.2,-0.99,1004.1,-99.0,0.5,-9.9,-99,-999,ªá½¬¿¤,21,Â×ÀØ¶m,188
23.5803,121.5058,Â×ÀØ,C0T9I0,2017-02-24T19:00:00+08:00,214.0,347.0,0.3,14.7,-0.99,1004.4,-99.0,0.5,-9.9,-99,-999,ªá½¬¿¤,21,Â×ÀØ¶m,188
23.5803,121.5058,Â×ÀØ,C0T9I0,2017-02-24T20:00:00+08:00,214.0,247.0,0.7,13.7,-0.99,1005.0,-99.0,0.5,-9.9,-99,-999,ªá½¬¿¤,21,Â×ÀØ¶m,188
23.5803,121.5058,Â×ÀØ,C0T9I0,2017-02-24T21:00:00+08:00,214.0,227.0,1.1,13.7,-0.99,1005.1,-99.0,0.5,-9.9,-99,-999,ªá½¬¿¤,21,Â×ÀØ¶m,188
23.5803,121.5058,Â×ÀØ,C0T9I0,2017-02-24T22:00:00+08:00,214.0,225.0,1.3,13.2,-0.99,1005.0,-99.0,0.5,-9.9,-99,-999,ªá½¬¿¤,21,Â×ÀØ¶m,188
23.5803,121.5058,Â×ÀØ,C0T9I0,2017-02-24T23:00:00+08:00,214.0,-97.0,-97.0,-97.0,-0.99,-997.0,-99.0,0.5,-9.9,-99,-999,ªá½¬¿¤,21,Â×ÀØ¶m,188
23.5803,121.5058,Â×ÀØ,C0T9I0,2017-02-25T00:00:00+08:00,214.0,-97.0,-97.0,-97.0,-0.99,-997.0,-99.0,0.5,-9.9,-99,-999,ªá½¬¿¤,21,Â×ÀØ¶m,188
23.5803,121.5058,Â×ÀØ,C0T9I0,2017-02-25T01:00:00+08:00,214.0,-97.0,-97.0,-97.0,-0.99,-997.0,-99.0,0.0,-9.9,-99,-999,ªá½¬¿¤,21,Â×ÀØ¶m,188
23.5803,121.5058,Â×ÀØ,C0T9I0,2017-02-25T02:00:00+08:00,214.0,-97.0,-97.0,-97.0,-0.99,-997.0,-99.0,0.0,-9.9,-99,-999,ªá½¬¿¤,21,Â×ÀØ¶m,188
23.5803,121.5058,Â×ÀØ,C0T9I0,2017-02-25T03:00:00+08:00,214.0,-97.0,-97.0,-97.0,-0.99,-997.0,-99.0,0.0,-9.9,-99,-999,ªá½¬¿¤,21,Â×ÀØ¶m,188
23.5803,121.5058,Â×ÀØ,C0T9I0,2017-02-25T04:00:00+08:00,214.0,244.0,1.3,13.9,-0.99,1002.3,-99.0,0.0,-9.9,-99,-999,ªá½¬¿¤,21,Â×ÀØ¶m,188
23.5803,121.5058,Â×ÀØ,C0T9I0,2017-02-25T05:00:00+08:00,214.0,211.0,1.6,14.7,-0.99,1002.3,-99.0,0.0,-9.9,-99,-999,ªá½¬¿¤,21,Â×ÀØ¶m,188
23.5803,121.5058,Â×ÀØ,C0T9I0,2017-02-25T06:00:00+08:00,214.0,209.0,1.9,15.2,-0.99,1002.5,-99.0,0.0,-9.9,-99,-999,ªá½¬¿¤,21,Â×ÀØ¶m,188
23.5803,121.5058,Â×ÀØ,C0T9I0,2017-02-25T07:00:00+08:00,214.0,215.0,2.3,15.4,-0.99,1002.8,-99.0,0.0,-9.9,-99,-999,ªá½¬¿¤,21,Â×ÀØ¶m,188
23.5803,121.5058,Â×ÀØ,C0T9I0,2017-02-25T08:00:00+08:00,214.0,224.0,2.4,15.9,-0.99,1003.1,-99.0,0.0,-9.9,-99,-999,ªá½¬¿¤,21,Â×ÀØ¶m,188
23.5803,121.5058,Â×ÀØ,C0T9I0,2017-02-25T11:00:00+08:00,214.0,1.0,0.6,19.3,-0.99,1001.9,-99.0,0.0,-9.9,-99,-999,ªá½¬¿¤,21,Â×ÀØ¶m,188
23.5803,121.5058,Â×ÀØ,C0T9I0,2017-02-25T12:00:00+08:00,214.0,34.0,1.2,19.1,-0.99,1000.8,-99.0,0.0,-9.9,-99,-999,ªá½¬¿¤,21,Â×ÀØ¶m,188
23.5803,121.5058,Â×ÀØ,C0T9I0,2017-02-25T14:00:00+08:00,214.0,24.0,2.3,18.3,-0.99,999.2,-99.0,0.0,-9.9,-99,-999,ªá½¬¿¤,21,Â×ÀØ¶m,188
23.5803,121.5058,Â×ÀØ,C0T9I0,2017-02-25T16:00:00+08:00,214.0,246.0,0.5,18.1,-0.99,999.2,-99.0,0.0,-9.9,-99,-999,ªá½¬¿¤,21,Â×ÀØ¶m,188
23.5803,121.5058,Â×ÀØ,C0T9I0,2017-02-25T17:00:00+08:00,214.0,0.0,0.2,15.7,-0.99,999.5,-99.0,0.0,-9.9,-99,-999,ªá½¬¿¤,21,Â×ÀØ¶m,188
23.5803,121.5058,Â×ÀØ,C0T9I0,2017-02-25T18:00:00+08:00,214.0,0.0,0.2,15.2,-0.99,999.7,-99.0,0.0,-9.9,-99,-999,ªá½¬¿¤,21,Â×ÀØ¶m,188
23.5803,121.5058,Â×ÀØ,C0T9I0,2017-02-25T19:00:00+08:00,214.0,225.0,0.8,16.3,-0.99,1000.3,-99.0,0.0,-9.9,-99,-999,ªá½¬¿¤,21,Â×ÀØ¶m,188
23.5803,121.5058,Â×ÀØ,C0T9I0,2017-02-25T20:00:00+08:00,214.0,244.0,0.3,16.3,-0.99,1001.2,-99.0,0.5,-9.9,-99,-999,ªá½¬¿¤,21,Â×ÀØ¶m,188
23.5803,121.5058,Â×ÀØ,C0T9I0,2017-02-25T21:00:00+08:00,214.0,220.0,1.3,16.1,-0.99,1001.5,-99.0,0.5,-9.9,-99,-999,ªá½¬¿¤,21,Â×ÀØ¶m,188
23.5803,121.5058,Â×ÀØ,C0T9I0,2017-02-25T23:00:00+08:00,214.0,278.0,0.4,16.3,-0.99,1001.5,-99.0,0.5,-9.9,-99,-999,ªá½¬¿¤,21,Â×ÀØ¶m,188
23.5803,121.5058,Â×ÀØ,C0T9I0,2017-02-26T00:00:00+08:00,214.0,246.0,0.5,15.1,-0.99,1001.3,-99.0,0.5,-9.9,-99,-999,ªá½¬¿¤,21,Â×ÀØ¶m,188
23.5803,121.5058,Â×ÀØ,C0T9I0,2017-02-26T01:00:00+08:00,214.0,224.0,0.8,16.1,-0.99,1000.9,-99.0,0.0,-9.9,-99,-999,ªá½¬¿¤,21,Â×ÀØ¶m,188
23.5803,121.5058,Â×ÀØ,C0T9I0,2017-02-26T02:00:00+08:00,214.0,212.0,1.5,16.3,-0.99,1000.3,-99.0,0.0,-9.9,-99,-999,ªá½¬¿¤,21,Â×ÀØ¶m,188
23.5803,121.5058,Â×ÀØ,C0T9I0,2017-02-26T03:00:00+08:00,214.0,212.0,1.7,15.2,-0.99,999.9,-99.0,0.0,-9.9,-99,-999,ªá½¬¿¤,21,Â×ÀØ¶m,188
23.5803,121.5058,Â×ÀØ,C0T9I0,2017-02-26T04:00:00+08:00,214.0,217.0,2.5,16.3,-0.99,999.6,-99.0,0.0,-9.9,-99,-999,ªá½¬¿¤,21,Â×ÀØ¶m,188
23.5803,121.5058,Â×ÀØ,C0T9I0,2017-02-26T05:00:00+08:00,214.0,207.0,2.1,17.1,-0.99,999.7,-99.0,0.0,-9.9,-99,-999,ªá½¬¿¤,21,Â×ÀØ¶m,188
23.5803,121.5058,Â×ÀØ,C0T9I0,2017-02-26T06:00:00+08:00,214.0,233.0,1.9,16.8,-0.99,1000.5,-99.0,0.0,-9.9,-99,-999,ªá½¬¿¤,21,Â×ÀØ¶m,188
23.5803,121.5058,Â×ÀØ,C0T9I0,2017-02-26T07:00:00+08:00,214.0,224.0,2.2,15.1,-0.99,1001.1,-99.0,0.0,-9.9,-99,-999,ªá½¬¿¤,21,Â×ÀØ¶m,188
23.5803,121.5058,Â×ÀØ,C0T9I0,2017-02-26T08:00:00+08:00,214.0,224.0,2.1,14.9,-0.99,1001.9,-99.0,0.0,-9.9,-99,-999,ªá½¬¿¤,21,Â×ÀØ¶m,188
23.5803,121.5058,Â×ÀØ,C0T9I0,2017-02-26T12:00:00+08:00,214.0,26.0,1.2,17.6,-0.99,1001.7,-99.0,1.0,-9.9,-99,-999,ªá½¬¿¤,21,Â×ÀØ¶m,188
23.5803,121.5058,Â×ÀØ,C0T9I0,2017-02-26T13:00:00+08:00,214.0,36.0,3.0,19.1,-0.99,1001.0,-99.0,1.0,-9.9,-99,-999,ªá½¬¿¤,21,Â×ÀØ¶m,188
23.5803,121.5058,Â×ÀØ,C0T9I0,2017-02-26T14:00:00+08:00,214.0,49.0,5.2,17.8,-0.99,1000.8,-99.0,1.0,-9.9,-99,-999,ªá½¬¿¤,21,Â×ÀØ¶m,188
23.5803,121.5058,Â×ÀØ,C0T9I0,2017-02-26T15:00:00+08:00,214.0,45.0,8.0,18.1,-0.99,1000.9,-99.0,1.0,-9.9,-99,-999,ªá½¬¿¤,21,Â×ÀØ¶m,188
23.5803,121.5058,Â×ÀØ,C0T9I0,2017-02-26T16:00:00+08:00,214.0,44.0,7.2,15.2,-0.99,1001.2,-99.0,1.0,-9.9,-99,-999,ªá½¬¿¤,21,Â×ÀØ¶m,188
23.5803,121.5058,Â×ÀØ,C0T9I0,2017-02-26T17:00:00+08:00,214.0,41.0,6.6,15.2,-0.99,1002.2,-99.0,1.0,-9.9,-99,-999,ªá½¬¿¤,21,Â×ÀØ¶m,188
23.5803,121.5058,Â×ÀØ,C0T9I0,2017-02-26T18:00:00+08:00,214.0,30.0,4.6,16.3,-0.99,1002.8,-99.0,1.0,-9.9,-99,-999,ªá½¬¿¤,21,Â×ÀØ¶m,188
23.5803,121.5058,Â×ÀØ,C0T9I0,2017-02-26T19:00:00+08:00,214.0,11.0,2.8,15.7,-0.99,1003.5,-99.0,1.0,-9.9,-99,-999,ªá½¬¿¤,21,Â×ÀØ¶m,188
23.5803,121.5058,Â×ÀØ,C0T9I0,2017-02-26T20:00:00+08:00,214.0,16.0,0.8,15.2,-0.99,1004.5,-99.0,1.0,-9.9,-99,-999,ªá½¬¿¤,21,Â×ÀØ¶m,188
23.5803,121.5058,Â×ÀØ,C0T9I0,2017-02-26T21:00:00+08:00,214.0,290.0,0.8,14.9,-0.99,1005.0,-99.0,1.0,-9.9,-99,-999,ªá½¬¿¤,21,Â×ÀØ¶m,188
23.5803,121.5058,Â×ÀØ,C0T9I0,2017-02-26T22:00:00+08:00,214.0,214.0,1.3,14.2,-0.99,1005.6,-99.0,1.0,-9.9,-99,-999,ªá½¬¿¤,21,Â×ÀØ¶m,188
23.5803,121.5058,Â×ÀØ,C0T9I0,2017-02-26T23:00:00+08:00,214.0,221.0,2.3,15.2,-0.99,1005.7,-99.0,1.0,-9.9,-99,-999,ªá½¬¿¤,21,Â×ÀØ¶m,188
23.5803,121.5058,Â×ÀØ,C0T9I0,2017-02-27T00:00:00+08:00,214.0,214.0,1.6,14.2,-0.99,1005.4,-99.0,1.0,-9.9,-99,-999,ªá½¬¿¤,21,Â×ÀØ¶m,188
23.5803,121.5058,Â×ÀØ,C0T9I0,2017-02-27T01:00:00+08:00,214.0,208.0,1.6,13.2,-0.99,1004.9,-99.0,0.0,-9.9,-99,-999,ªá½¬¿¤,21,Â×ÀØ¶m,188
23.5803,121.5058,Â×ÀØ,C0T9I0,2017-02-27T02:00:00+08:00,214.0,223.0,2.0,14.6,-0.99,1004.5,-99.0,0.0,-9.9,-99,-999,ªá½¬¿¤,21,Â×ÀØ¶m,188
23.5803,121.5058,Â×ÀØ,C0T9I0,2017-02-27T03:00:00+08:00,214.0,206.0,0.3,15.6,-0.99,1004.2,-99.0,0.0,-9.9,-99,-999,ªá½¬¿¤,21,Â×ÀØ¶m,188
23.5803,121.5058,Â×ÀØ,C0T9I0,2017-02-27T04:00:00+08:00,214.0,269.0,0.9,14.2,-0.99,1004.3,-99.0,0.0,-9.9,-99,-999,ªá½¬¿¤,21,Â×ÀØ¶m,188
23.5803,121.5058,Â×ÀØ,C0T9I0,2017-02-27T05:00:00+08:00,214.0,338.0,0.9,13.2,-0.99,1004.7,-99.0,0.0,-9.9,-99,-999,ªá½¬¿¤,21,Â×ÀØ¶m,188
23.5803,121.5058,Â×ÀØ,C0T9I0,2017-02-27T06:00:00+08:00,214.0,275.0,1.1,12.9,-0.99,1005.5,-99.0,0.0,-9.9,-99,-999,ªá½¬¿¤,21,Â×ÀØ¶m,188
23.5803,121.5058,Â×ÀØ,C0T9I0,2017-02-27T07:00:00+08:00,214.0,286.0,0.6,14.2,-0.99,1006.0,-99.0,1.0,-9.9,-99,-999,ªá½¬¿¤,21,Â×ÀØ¶m,188
23.5803,121.5058,Â×ÀØ,C0T9I0,2017-02-27T08:00:00+08:00,214.0,202.0,1.4,12.7,-0.99,1006.2,-99.0,1.0,-9.9,-99,-999,ªá½¬¿¤,21,Â×ÀØ¶m,188
23.5803,121.5058,Â×ÀØ,C0T9I0,2017-02-27T10:00:00+08:00,214.0,210.0,1.1,15.1,-0.99,1006.4,-99.0,1.0,-9.9,-99,-999,ªá½¬¿¤,21,Â×ÀØ¶m,188
23.5803,121.5058,Â×ÀØ,C0T9I0,2017-02-27T11:00:00+08:00,214.0,231.0,0.6,15.2,-0.99,1005.8,-99.0,1.0,-9.9,-99,-999,ªá½¬¿¤,21,Â×ÀØ¶m,188
23.5803,121.5058,Â×ÀØ,C0T9I0,2017-02-27T12:00:00+08:00,214.0,215.0,1.1,15.2,-0.99,1005.3,-99.0,1.0,-9.9,-99,-999,ªá½¬¿¤,21,Â×ÀØ¶m,188
23.5803,121.5058,Â×ÀØ,C0T9I0,2017-02-27T14:00:00+08:00,214.0,224.0,2.4,14.6,-0.99,1004.2,-99.0,1.5,-9.9,-99,-999,ªá½¬¿¤,21,Â×ÀØ¶m,188
23.5803,121.5058,Â×ÀØ,C0T9I0,2017-02-27T15:00:00+08:00,214.0,248.0,1.2,15.6,-0.99,1004.1,-99.0,1.5,-9.9,-99,-999,ªá½¬¿¤,21,Â×ÀØ¶m,188
23.5803,121.5058,Â×ÀØ,C0T9I0,2017-02-27T16:00:00+08:00,214.0,318.0,0.9,16.1,-0.99,1004.5,-99.0,1.5,-9.9,-99,-999,ªá½¬¿¤,21,Â×ÀØ¶m,188
23.5803,121.5058,Â×ÀØ,C0T9I0,2017-02-27T17:00:00+08:00,214.0,291.0,1.1,15.2,-0.99,1005.1,-99.0,1.5,-9.9,-99,-999,ªá½¬¿¤,21,Â×ÀØ¶m,188
23.5803,121.5058,Â×ÀØ,C0T9I0,2017-02-27T18:00:00+08:00,214.0,0.0,0.0,14.2,-0.99,1005.4,-99.0,2.5,-9.9,-99,-999,ªá½¬¿¤,21,Â×ÀØ¶m,188
23.5803,121.5058,Â×ÀØ,C0T9I0,2017-02-27T19:00:00+08:00,214.0,267.0,0.9,13.2,-0.99,1005.8,-99.0,2.5,-9.9,-99,-999,ªá½¬¿¤,21,Â×ÀØ¶m,188
23.5803,121.5058,Â×ÀØ,C0T9I0,2017-02-27T20:00:00+08:00,214.0,237.0,1.1,14.2,-0.99,1006.0,-99.0,3.5,-9.9,-99,-999,ªá½¬¿¤,21,Â×ÀØ¶m,188
23.5803,121.5058,Â×ÀØ,C0T9I0,2017-02-27T21:00:00+08:00,214.0,214.0,1.1,14.1,-0.99,1006.2,-99.0,3.5,-9.9,-99,-999,ªá½¬¿¤,21,Â×ÀØ¶m,188
23.5803,121.5058,Â×ÀØ,C0T9I0,2017-02-27T22:00:00+08:00,214.0,205.0,1.1,13.2,-0.99,1006.3,-99.0,3.5,-9.9,-99,-999,ªá½¬¿¤,21,Â×ÀØ¶m,188
23.5803,121.5058,Â×ÀØ,C0T9I0,2017-02-27T23:00:00+08:00,214.0,205.0,1.1,14.0,-0.99,1006.0,-99.0,3.5,-9.9,-99,-999,ªá½¬¿¤,21,Â×ÀØ¶m,188
23.5803,121.5058,Â×ÀØ,C0T9I0,2017-02-28T00:00:00+08:00,214.0,207.0,1.8,14.4,-0.99,1005.8,-99.0,3.5,-9.9,-99,-999,ªá½¬¿¤,21,Â×ÀØ¶m,188
23.5803,121.5058,Â×ÀØ,C0T9I0,2017-02-28T01:00:00+08:00,214.0,218.0,1.9,14.4,-0.99,1005.1,-99.0,0.0,-9.9,-99,-999,ªá½¬¿¤,21,Â×ÀØ¶m,188
23.5803,121.5058,Â×ÀØ,C0T9I0,2017-02-28T02:00:00+08:00,214.0,211.0,1.4,14.2,-0.99,1004.6,-99.0,0.0,-9.9,-99,-999,ªá½¬¿¤,21,Â×ÀØ¶m,188
23.5803,121.5058,Â×ÀØ,C0T9I0,2017-02-28T03:00:00+08:00,214.0,213.0,2.9,14.2,-0.99,1003.9,-99.0,0.0,-9.9,-99,-999,ªá½¬¿¤,21,Â×ÀØ¶m,188
23.5803,121.5058,Â×ÀØ,C0T9I0,2017-02-28T04:00:00+08:00,214.0,215.0,2.3,13.2,-0.99,1003.8,-99.0,0.0,-9.9,-99,-999,ªá½¬¿¤,21,Â×ÀØ¶m,188
23.5803,121.5058,Â×ÀØ,C0T9I0,2017-02-28T05:00:00+08:00,214.0,219.0,2.4,13.2,-0.99,1003.7,-99.0,0.0,-9.9,-99,-999,ªá½¬¿¤,21,Â×ÀØ¶m,188
23.5803,121.5058,Â×ÀØ,C0T9I0,2017-02-28T06:00:00+08:00,214.0,214.0,1.6,15.9,-0.99,1004.2,-99.0,0.0,-9.9,-99,-999,ªá½¬¿¤,21,Â×ÀØ¶m,188
23.5803,121.5058,Â×ÀØ,C0T9I0,2017-02-28T07:00:00+08:00,214.0,210.0,2.7,14.2,-0.99,1004.5,-99.0,0.0,-9.9,-99,-999,ªá½¬¿¤,21,Â×ÀØ¶m,188
23.5803,121.5058,Â×ÀØ,C0T9I0,2017-02-28T08:00:00+08:00,214.0,211.0,2.6,15.9,-0.99,1004.6,-99.0,0.0,-9.9,-99,-999,ªá½¬¿¤,21,Â×ÀØ¶m,188
23.5803,121.5058,Â×ÀØ,C0T9I0,2017-02-28T09:00:00+08:00,214.0,189.0,0.9,18.3,-0.99,1004.5,-99.0,0.0,-9.9,-99,-999,ªá½¬¿¤,21,Â×ÀØ¶m,188
23.5803,121.5058,Â×ÀØ,C0T9I0,2017-02-28T10:00:00+08:00,214.0,39.0,3.1,19.3,-0.99,1004.1,-99.0,0.0,-9.9,-99,-999,ªá½¬¿¤,21,Â×ÀØ¶m,188
23.5803,121.5058,Â×ÀØ,C0T9I0,2017-02-28T11:00:00+08:00,214.0,45.0,2.7,20.5,-0.99,1003.3,-99.0,0.0,-9.9,-99,-999,ªá½¬¿¤,21,Â×ÀØ¶m,188
23.5803,121.5058,Â×ÀØ,C0T9I0,2017-02-28T12:00:00+08:00,214.0,36.0,4.7,19.7,-0.99,1002.3,-99.0,0.0,-9.9,-99,-999,ªá½¬¿¤,21,Â×ÀØ¶m,188
23.5803,121.5058,Â×ÀØ,C0T9I0,2017-02-28T13:00:00+08:00,214.0,35.0,4.6,19.3,-0.99,1001.4,-99.0,0.0,-9.9,-99,-999,ªá½¬¿¤,21,Â×ÀØ¶m,188
23.5803,121.5058,Â×ÀØ,C0T9I0,2017-02-28T14:00:00+08:00,214.0,42.0,5.6,20.2,-0.99,1000.6,-99.0,0.0,-9.9,-99,-999,ªá½¬¿¤,21,Â×ÀØ¶m,188
23.5803,121.5058,Â×ÀØ,C0T9I0,2017-02-28T15:00:00+08:00,214.0,42.0,5.2,17.5,-0.99,1000.1,-99.0,0.0,-9.9,-99,-999,ªá½¬¿¤,21,Â×ÀØ¶m,188
23.5803,121.5058,Â×ÀØ,C0T9I0,2017-02-28T16:00:00+08:00,214.0,36.0,4.3,17.3,-0.99,1000.1,-99.0,0.0,-9.9,-99,-999,ªá½¬¿¤,21,Â×ÀØ¶m,188
23.5803,121.5058,Â×ÀØ,C0T9I0,2017-02-28T18:00:00+08:00,214.0,18.0,2.0,16.3,-0.99,1000.8,-99.0,0.0,-9.9,-99,-999,ªá½¬¿¤,21,Â×ÀØ¶m,188
23.5803,121.5058,Â×ÀØ,C0T9I0,2017-02-28T19:00:00+08:00,214.0,324.0,1.1,17.8,-0.99,1000.9,-99.0,0.0,-9.9,-99,-999,ªá½¬¿¤,21,Â×ÀØ¶m,188
23.5803,121.5058,Â×ÀØ,C0T9I0,2017-02-28T20:00:00+08:00,214.0,295.0,1.1,16.6,-0.99,1001.0,-99.0,0.0,-9.9,-99,-999,ªá½¬¿¤,21,Â×ÀØ¶m,188
23.5803,121.5058,Â×ÀØ,C0T9I0,2017-02-28T21:00:00+08:00,214.0,219.0,2.0,17.5,-0.99,1001.4,-99.0,0.0,-9.9,-99,-999,ªá½¬¿¤,21,Â×ÀØ¶m,188
23.5803,121.5058,Â×ÀØ,C0T9I0,2017-02-28T22:00:00+08:00,214.0,225.0,1.6,16.3,-0.99,1001.4,-99.0,0.0,-9.9,-99,-999,ªá½¬¿¤,21,Â×ÀØ¶m,188
23.5803,121.5058,Â×ÀØ,C0T9I0,2017-02-28T23:00:00+08:00,214.0,224.0,1.3,16.3,-0.99,1000.9,-99.0,0.0,-9.9,-99,-999,ªá½¬¿¤,21,Â×ÀØ¶m,188
