23.8258,121.5403,月眉山,C0T9A0,2017-02-01T07:00:00+08:00,511.0,0.0,0.1,14.8,-0.99,964.1,-99.0,0.5,-9.9,-99,-999,花蓮縣,21,壽豐鄉,161
23.8258,121.5403,月眉山,C0T9A0,2017-02-01T05:00:00+08:00,511.0,0.0,0.0,14.1,-0.99,963.1,-99.0,0.5,-9.9,-99,-999,花蓮縣,21,壽豐鄉,161
23.8258,121.5403,月眉山,C0T9A0,2017-02-01T02:00:00+08:00,511.0,0.0,0.0,14.2,-0.99,963.1,-99.0,0.0,-9.9,-99,-999,花蓮縣,21,壽豐鄉,161
23.8258,121.5403,月眉山,C0T9A0,2017-02-01T11:00:00+08:00,511.0,0.0,0.1,16.0,-0.99,964.8,-99.0,1.0,-9.9,-99,-999,花蓮縣,21,壽豐鄉,161
23.8258,121.5403,月眉山,C0T9A0,2017-02-02T10:00:00+08:00,511.0,87.0,0.4,14.2,-0.99,967.8,-99.0,6.0,-9.9,-99,-999,花蓮縣,21,壽豐鄉,161
23.8258,121.5403,月眉山,C0T9A0,2017-02-02T09:00:00+08:00,511.0,0.0,0.1,13.3,-0.99,967.9,-99.0,6.0,-9.9,-99,-999,花蓮縣,21,壽豐鄉,161
23.8258,121.5403,月眉山,C0T9A0,2017-02-02T08:00:00+08:00,511.0,56.0,0.3,13.1,-0.99,967.5,-99.0,4.5,-9.9,-99,-999,花蓮縣,21,壽豐鄉,161
23.8258,121.5403,月眉山,C0T9A0,2017-02-02T11:00:00+08:00,511.0,79.0,0.3,14.8,-0.99,967.0,-99.0,6.0,-9.9,-99,-999,花蓮縣,21,壽豐鄉,161
23.8258,121.5403,月眉山,C0T9A0,2017-02-02T14:00:00+08:00,511.0,0.0,0.1,14.0,-0.99,964.8,-99.0,7.0,-9.9,-99,-999,花蓮縣,21,壽豐鄉,161
23.8258,121.5403,月眉山,C0T9A0,2017-02-02T15:00:00+08:00,511.0,0.0,0.1,13.5,-0.99,964.8,-99.0,7.5,-9.9,-99,-999,花蓮縣,21,壽豐鄉,161
23.8258,121.5403,月眉山,C0T9A0,2017-02-02T16:00:00+08:00,511.0,61.0,0.3,12.8,-0.99,965.1,-99.0,8.5,-9.9,-99,-999,花蓮縣,21,壽豐鄉,161
23.8258,121.5403,月眉山,C0T9A0,2017-02-02T17:00:00+08:00,511.0,0.0,0.2,12.7,-0.99,965.6,-99.0,10.0,-9.9,-99,-999,花蓮縣,21,壽豐鄉,161
23.8258,121.5403,月眉山,C0T9A0,2017-02-02T18:00:00+08:00,511.0,0.0,0.2,12.6,-0.99,966.2,-99.0,12.5,-9.9,-99,-999,花蓮縣,21,壽豐鄉,161
23.8258,121.5403,月眉山,C0T9A0,2017-02-02T19:00:00+08:00,511.0,0.0,0.1,12.4,-0.99,966.4,-99.0,15.0,-9.9,-99,-999,花蓮縣,21,壽豐鄉,161
23.8258,121.5403,月眉山,C0T9A0,2017-02-02T20:00:00+08:00,511.0,0.0,0.1,12.3,-0.99,966.6,-99.0,15.0,-9.9,-99,-999,花蓮縣,21,壽豐鄉,161
23.8258,121.5403,月眉山,C0T9A0,2017-02-02T21:00:00+08:00,511.0,0.0,0.1,12.2,-0.99,966.7,-99.0,15.0,-9.9,-99,-999,花蓮縣,21,壽豐鄉,161
23.8258,121.5403,月眉山,C0T9A0,2017-02-02T22:00:00+08:00,511.0,0.0,0.1,12.0,-0.99,966.4,-99.0,15.5,-9.9,-99,-999,花蓮縣,21,壽豐鄉,161
23.8258,121.5403,月眉山,C0T9A0,2017-02-02T23:00:00+08:00,511.0,0.0,0.0,11.9,-0.99,966.3,-99.0,15.5,-9.9,-99,-999,花蓮縣,21,壽豐鄉,161
23.8258,121.5403,月眉山,C0T9A0,2017-02-03T00:00:00+08:00,511.0,0.0,0.0,12.1,-0.99,966.1,-99.0,16.0,-9.9,-99,-999,花蓮縣,21,壽豐鄉,161
23.8258,121.5403,月眉山,C0T9A0,2017-02-03T01:00:00+08:00,511.0,0.0,0.0,12.0,-0.99,965.2,-99.0,0.0,-9.9,-99,-999,花蓮縣,21,壽豐鄉,161
23.8258,121.5403,月眉山,C0T9A0,2017-02-03T02:00:00+08:00,511.0,0.0,0.0,12.0,-0.99,964.7,-99.0,0.0,-9.9,-99,-999,花蓮縣,21,壽豐鄉,161
23.8258,121.5403,月眉山,C0T9A0,2017-02-03T03:00:00+08:00,511.0,0.0,0.0,12.0,-0.99,964.1,-99.0,0.0,-9.9,-99,-999,花蓮縣,21,壽豐鄉,161
23.8258,121.5403,月眉山,C0T9A0,2017-02-03T04:00:00+08:00,511.0,0.0,0.0,11.9,-0.99,963.7,-99.0,0.0,-9.9,-99,-999,花蓮縣,21,壽豐鄉,161
23.8258,121.5403,月眉山,C0T9A0,2017-02-03T05:00:00+08:00,511.0,0.0,0.0,12.3,-0.99,963.7,-99.0,0.0,-9.9,-99,-999,花蓮縣,21,壽豐鄉,161
23.8258,121.5403,月眉山,C0T9A0,2017-02-03T06:00:00+08:00,511.0,0.0,0.0,12.4,-0.99,964.1,-99.0,0.0,-9.9,-99,-999,花蓮縣,21,壽豐鄉,161
23.8258,121.5403,月眉山,C0T9A0,2017-02-03T07:00:00+08:00,511.0,0.0,0.0,13.2,-0.99,964.2,-99.0,0.0,-9.9,-99,-999,花蓮縣,21,壽豐鄉,161
23.8258,121.5403,月眉山,C0T9A0,2017-02-03T08:00:00+08:00,511.0,0.0,0.0,14.0,-0.99,964.5,-99.0,0.0,-9.9,-99,-999,花蓮縣,21,壽豐鄉,161
23.8258,121.5403,月眉山,C0T9A0,2017-02-03T10:00:00+08:00,511.0,360.0,0.5,17.2,-0.99,964.8,-99.0,0.0,-9.9,-99,-999,花蓮縣,21,壽豐鄉,161
23.8258,121.5403,月眉山,C0T9A0,2017-02-03T11:00:00+08:00,511.0,349.0,0.3,19.6,-0.99,964.0,-99.0,0.0,-9.9,-99,-999,花蓮縣,21,壽豐鄉,161
23.8258,121.5403,月眉山,C0T9A0,2017-02-03T12:00:00+08:00,511.0,0.0,0.2,20.1,-0.99,962.9,-99.0,0.0,-9.9,-99,-999,花蓮縣,21,壽豐鄉,161
23.8258,121.5403,月眉山,C0T9A0,2017-02-03T13:00:00+08:00,511.0,113.0,0.3,21.4,-0.99,961.7,-99.0,0.0,-9.9,-99,-999,花蓮縣,21,壽豐鄉,161
23.8258,121.5403,月眉山,C0T9A0,2017-02-03T14:00:00+08:00,511.0,134.0,1.1,18.5,-0.99,960.9,-99.0,0.0,-9.9,-99,-999,花蓮縣,21,壽豐鄉,161
23.8258,121.5403,月眉山,C0T9A0,2017-02-03T15:00:00+08:00,511.0,0.0,0.2,18.5,-0.99,960.7,-99.0,0.0,-9.9,-99,-999,花蓮縣,21,壽豐鄉,161
23.8258,121.5403,月眉山,C0T9A0,2017-02-03T16:00:00+08:00,511.0,101.0,0.4,17.3,-0.99,961.1,-99.0,0.0,-9.9,-99,-999,花蓮縣,21,壽豐鄉,161
23.8258,121.5403,月眉山,C0T9A0,2017-02-03T17:00:00+08:00,511.0,0.0,0.0,16.7,-0.99,961.6,-99.0,0.0,-9.9,-99,-999,花蓮縣,21,壽豐鄉,161
23.8258,121.5403,月眉山,C0T9A0,2017-02-03T18:00:00+08:00,511.0,0.0,0.0,16.3,-0.99,961.9,-99.0,0.0,-9.9,-99,-999,花蓮縣,21,壽豐鄉,161
23.8258,121.5403,月眉山,C0T9A0,2017-02-03T19:00:00+08:00,511.0,0.0,0.0,16.4,-0.99,962.2,-99.0,0.0,-9.9,-99,-999,花蓮縣,21,壽豐鄉,161
23.8258,121.5403,月眉山,C0T9A0,2017-02-03T20:00:00+08:00,511.0,315.0,0.9,16.3,-0.99,962.8,-99.0,0.0,-9.9,-99,-999,花蓮縣,21,壽豐鄉,161
23.8258,121.5403,月眉山,C0T9A0,2017-02-03T21:00:00+08:00,511.0,289.0,0.3,15.9,-0.99,962.8,-99.0,0.0,-9.9,-99,-999,花蓮縣,21,壽豐鄉,161
23.8258,121.5403,月眉山,C0T9A0,2017-02-03T22:00:00+08:00,511.0,233.0,0.5,16.2,-0.99,962.7,-99.0,0.0,-9.9,-99,-999,花蓮縣,21,壽豐鄉,161
23.8258,121.5403,月眉山,C0T9A0,2017-02-03T23:00:00+08:00,511.0,244.0,1.1,16.0,-0.99,962.4,-99.0,0.0,-9.9,-99,-999,花蓮縣,21,壽豐鄉,161
23.8258,121.5403,月眉山,C0T9A0,2017-02-04T00:00:00+08:00,511.0,230.0,0.3,16.2,-0.99,961.8,-99.0,0.0,-9.9,-99,-999,花蓮縣,21,壽豐鄉,161
23.8258,121.5403,月眉山,C0T9A0,2017-02-04T01:00:00+08:00,511.0,225.0,1.1,16.6,-0.99,961.3,-99.0,0.0,-9.9,-99,-999,花蓮縣,21,壽豐鄉,161
23.8258,121.5403,月眉山,C0T9A0,2017-02-04T02:00:00+08:00,511.0,197.0,1.7,15.9,-0.99,961.1,-99.0,0.0,-9.9,-99,-999,花蓮縣,21,壽豐鄉,161
23.8258,121.5403,月眉山,C0T9A0,2017-02-04T03:00:00+08:00,511.0,267.0,1.6,15.3,-0.99,960.4,-99.0,0.0,-9.9,-99,-999,花蓮縣,21,壽豐鄉,161
23.8258,121.5403,月眉山,C0T9A0,2017-02-04T04:00:00+08:00,511.0,231.0,2.3,15.5,-0.99,959.4,-99.0,0.0,-9.9,-99,-999,花蓮縣,21,壽豐鄉,161
23.8258,121.5403,月眉山,C0T9A0,2017-02-04T05:00:00+08:00,511.0,239.0,1.9,15.7,-0.99,959.3,-99.0,0.0,-9.9,-99,-999,花蓮縣,21,壽豐鄉,161
23.8258,121.5403,月眉山,C0T9A0,2017-02-04T06:00:00+08:00,511.0,232.0,2.0,15.8,-0.99,960.1,-99.0,0.0,-9.9,-99,-999,花蓮縣,21,壽豐鄉,161
23.8258,121.5403,月眉山,C0T9A0,2017-02-04T07:00:00+08:00,511.0,205.0,0.9,16.2,-0.99,960.5,-99.0,0.0,-9.9,-99,-999,花蓮縣,21,壽豐鄉,161
23.8258,121.5403,月眉山,C0T9A0,2017-02-04T08:00:00+08:00,511.0,156.0,2.5,16.4,-0.99,960.8,-99.0,0.0,-9.9,-99,-999,花蓮縣,21,壽豐鄉,161
23.8258,121.5403,月眉山,C0T9A0,2017-02-04T10:00:00+08:00,511.0,150.0,3.1,15.4,-0.99,961.3,-99.0,1.0,-9.9,-99,-999,花蓮縣,21,壽豐鄉,161
23.8258,121.5403,月眉山,C0T9A0,2017-02-04T11:00:00+08:00,511.0,158.0,2.8,15.0,-0.99,960.7,-99.0,2.0,-9.9,-99,-999,花蓮縣,21,壽豐鄉,161
23.8258,121.5403,月眉山,C0T9A0,2017-02-04T12:00:00+08:00,511.0,203.0,1.0,15.2,-0.99,959.9,-99.0,2.0,-9.9,-99,-999,花蓮縣,21,壽豐鄉,161
23.8258,121.5403,月眉山,C0T9A0,2017-02-04T13:00:00+08:00,511.0,210.0,0.8,15.7,-0.99,958.5,-99.0,2.0,-9.9,-99,-999,花蓮縣,21,壽豐鄉,161
23.8258,121.5403,月眉山,C0T9A0,2017-02-04T14:00:00+08:00,511.0,223.0,1.2,16.3,-0.99,957.4,-99.0,2.0,-9.9,-99,-999,花蓮縣,21,壽豐鄉,161
23.8258,121.5403,月眉山,C0T9A0,2017-02-04T16:00:00+08:00,511.0,154.0,1.2,16.5,-0.99,956.8,-99.0,2.0,-9.9,-99,-999,花蓮縣,21,壽豐鄉,161
23.8258,121.5403,月眉山,C0T9A0,2017-02-04T17:00:00+08:00,511.0,182.0,2.0,16.5,-0.99,956.8,-99.0,2.0,-9.9,-99,-999,花蓮縣,21,壽豐鄉,161
23.8258,121.5403,月眉山,C0T9A0,2017-02-04T18:00:00+08:00,511.0,275.0,0.7,16.4,-0.99,957.6,-99.0,2.0,-9.9,-99,-999,花蓮縣,21,壽豐鄉,161
23.8258,121.5403,月眉山,C0T9A0,2017-02-04T19:00:00+08:00,511.0,177.0,2.0,15.4,-0.99,958.0,-99.0,2.5,-9.9,-99,-999,花蓮縣,21,壽豐鄉,161
23.8258,121.5403,月眉山,C0T9A0,2017-02-04T20:00:00+08:00,511.0,200.0,0.7,16.0,-0.99,958.3,-99.0,2.5,-9.9,-99,-999,花蓮縣,21,壽豐鄉,161
23.8258,121.5403,月眉山,C0T9A0,2017-02-04T21:00:00+08:00,511.0,145.0,1.4,16.0,-0.99,958.3,-99.0,2.5,-9.9,-99,-999,花蓮縣,21,壽豐鄉,161
23.8258,121.5403,月眉山,C0T9A0,2017-02-04T22:00:00+08:00,511.0,171.0,0.9,16.1,-0.99,958.2,-99.0,2.5,-9.9,-99,-999,花蓮縣,21,壽豐鄉,161
23.8258,121.5403,月眉山,C0T9A0,2017-02-04T23:00:00+08:00,511.0,0.0,0.2,15.9,-0.99,957.8,-99.0,2.5,-9.9,-99,-999,花蓮縣,21,壽豐鄉,161
23.8258,121.5403,月眉山,C0T9A0,2017-02-05T00:00:00+08:00,511.0,156.0,0.8,15.9,-0.99,957.5,-99.0,2.5,-9.9,-99,-999,花蓮縣,21,壽豐鄉,161
23.8258,121.5403,月眉山,C0T9A0,2017-02-05T01:00:00+08:00,511.0,0.0,0.1,15.6,-0.99,957.2,-99.0,0.0,-9.9,-99,-999,花蓮縣,21,壽豐鄉,161
23.8258,121.5403,月眉山,C0T9A0,2017-02-05T02:00:00+08:00,511.0,0.0,0.0,15.5,-0.99,956.8,-99.0,0.0,-9.9,-99,-999,花蓮縣,21,壽豐鄉,161
23.8258,121.5403,月眉山,C0T9A0,2017-02-05T03:00:00+08:00,511.0,0.0,0.1,15.6,-0.99,955.8,-99.0,0.0,-9.9,-99,-999,花蓮縣,21,壽豐鄉,161
23.8258,121.5403,月眉山,C0T9A0,2017-02-05T04:00:00+08:00,511.0,272.0,0.3,15.8,-0.99,955.6,-99.0,0.0,-9.9,-99,-999,花蓮縣,21,壽豐鄉,161
23.8258,121.5403,月眉山,C0T9A0,2017-02-05T06:00:00+08:00,511.0,350.0,0.3,15.9,-0.99,956.2,-99.0,0.0,-9.9,-99,-999,花蓮縣,21,壽豐鄉,161
23.8258,121.5403,月眉山,C0T9A0,2017-02-05T07:00:00+08:00,511.0,0.0,0.1,16.7,-0.99,956.7,-99.0,0.0,-9.9,-99,-999,花蓮縣,21,壽豐鄉,161
23.8258,121.5403,月眉山,C0T9A0,2017-02-05T08:00:00+08:00,511.0,0.0,0.0,17.9,-0.99,957.1,-99.0,0.0,-9.9,-99,-999,花蓮縣,21,壽豐鄉,161
23.8258,121.5403,月眉山,C0T9A0,2017-02-05T10:00:00+08:00,511.0,0.0,0.1,19.6,-0.99,958.0,-99.0,0.0,-9.9,-99,-999,花蓮縣,21,壽豐鄉,161
23.8258,121.5403,月眉山,C0T9A0,2017-02-05T11:00:00+08:00,511.0,0.0,0.2,19.5,-0.99,958.0,-99.0,0.0,-9.9,-99,-999,花蓮縣,21,壽豐鄉,161
23.8258,121.5403,月眉山,C0T9A0,2017-02-05T12:00:00+08:00,511.0,0.0,0.1,18.8,-0.99,957.2,-99.0,0.0,-9.9,-99,-999,花蓮縣,21,壽豐鄉,161
23.8258,121.5403,月眉山,C0T9A0,2017-02-05T13:00:00+08:00,511.0,115.0,0.6,19.7,-0.99,956.3,-99.0,0.0,-9.9,-99,-999,花蓮縣,21,壽豐鄉,161
23.8258,121.5403,月眉山,C0T9A0,2017-02-05T14:00:00+08:00,511.0,0.0,0.2,18.5,-0.99,955.9,-99.0,0.0,-9.9,-99,-999,花蓮縣,21,壽豐鄉,161
23.8258,121.5403,月眉山,C0T9A0,2017-02-05T15:00:00+08:00,511.0,0.0,0.0,18.7,-0.99,955.9,-99.0,0.0,-9.9,-99,-999,花蓮縣,21,壽豐鄉,161
23.8258,121.5403,月眉山,C0T9A0,2017-02-05T16:00:00+08:00,511.0,0.0,0.0,18.5,-0.99,956.3,-99.0,0.0,-9.9,-99,-999,花蓮縣,21,壽豐鄉,161
23.8258,121.5403,月眉山,C0T9A0,2017-02-05T17:00:00+08:00,511.0,73.0,0.3,17.0,-0.99,956.6,-99.0,0.0,-9.9,-99,-999,花蓮縣,21,壽豐鄉,161
23.8258,121.5403,月眉山,C0T9A0,2017-02-05T18:00:00+08:00,511.0,0.0,0.2,16.5,-0.99,956.9,-99.0,0.0,-9.9,-99,-999,花蓮縣,21,壽豐鄉,161
23.8258,121.5403,月眉山,C0T9A0,2017-02-05T19:00:00+08:00,511.0,0.0,0.0,16.3,-0.99,957.9,-99.0,0.0,-9.9,-99,-999,花蓮縣,21,壽豐鄉,161
23.8258,121.5403,月眉山,C0T9A0,2017-02-05T20:00:00+08:00,511.0,0.0,0.2,16.5,-0.99,958.7,-99.0,2.5,-9.9,-99,-999,花蓮縣,21,壽豐鄉,161
23.8258,121.5403,月眉山,C0T9A0,2017-02-05T21:00:00+08:00,511.0,77.0,0.5,16.4,-0.99,958.3,-99.0,3.0,-9.9,-99,-999,花蓮縣,21,壽豐鄉,161
23.8258,121.5403,月眉山,C0T9A0,2017-02-05T22:00:00+08:00,511.0,79.0,1.1,15.8,-0.99,958.8,-99.0,3.5,-9.9,-99,-999,花蓮縣,21,壽豐鄉,161
23.8258,121.5403,月眉山,C0T9A0,2017-02-05T23:00:00+08:00,511.0,70.0,0.5,15.6,-0.99,959.0,-99.0,4.0,-9.9,-99,-999,花蓮縣,21,壽豐鄉,161
23.8258,121.5403,月眉山,C0T9A0,2017-02-06T00:00:00+08:00,511.0,0.0,0.2,15.3,-0.99,959.1,-99.0,6.0,-9.9,-99,-999,花蓮縣,21,壽豐鄉,161
23.8258,121.5403,月眉山,C0T9A0,2017-02-06T01:00:00+08:00,511.0,0.0,0.1,15.0,-0.99,958.6,-99.0,2.0,-9.9,-99,-999,花蓮縣,21,壽豐鄉,161
23.8258,121.5403,月眉山,C0T9A0,2017-02-06T02:00:00+08:00,511.0,0.0,0.2,15.0,-0.99,958.5,-99.0,2.0,-9.9,-99,-999,花蓮縣,21,壽豐鄉,161
23.8258,121.5403,月眉山,C0T9A0,2017-02-06T03:00:00+08:00,511.0,92.0,0.3,14.8,-0.99,957.9,-99.0,2.0,-9.9,-99,-999,花蓮縣,21,壽豐鄉,161
23.8258,121.5403,月眉山,C0T9A0,2017-02-06T04:00:00+08:00,511.0,0.0,0.2,14.8,-0.99,957.9,-99.0,2.5,-9.9,-99,-999,花蓮縣,21,壽豐鄉,161
23.8258,121.5403,月眉山,C0T9A0,2017-02-06T05:00:00+08:00,511.0,102.0,0.3,14.7,-0.99,958.2,-99.0,2.5,-9.9,-99,-999,花蓮縣,21,壽豐鄉,161
23.8258,121.5403,月眉山,C0T9A0,2017-02-06T06:00:00+08:00,511.0,0.0,0.2,14.7,-0.99,959.3,-99.0,2.5,-9.9,-99,-999,花蓮縣,21,壽豐鄉,161
23.8258,121.5403,月眉山,C0T9A0,2017-02-06T07:00:00+08:00,511.0,0.0,0.2,14.8,-0.99,959.8,-99.0,2.5,-9.9,-99,-999,花蓮縣,21,壽豐鄉,161
23.8258,121.5403,月眉山,C0T9A0,2017-02-06T08:00:00+08:00,511.0,0.0,0.2,14.8,-0.99,960.7,-99.0,2.5,-9.9,-99,-999,花蓮縣,21,壽豐鄉,161
23.8258,121.5403,月眉山,C0T9A0,2017-02-06T10:00:00+08:00,511.0,0.0,0.1,14.2,-0.99,962.1,-99.0,3.0,-9.9,-99,-999,花蓮縣,21,壽豐鄉,161
23.8258,121.5403,月眉山,C0T9A0,2017-02-06T11:00:00+08:00,511.0,0.0,0.1,14.1,-0.99,961.8,-99.0,3.0,-9.9,-99,-999,花蓮縣,21,壽豐鄉,161
23.8258,121.5403,月眉山,C0T9A0,2017-02-06T12:00:00+08:00,511.0,0.0,0.1,13.6,-0.99,961.6,-99.0,3.0,-9.9,-99,-999,花蓮縣,21,壽豐鄉,161
23.8258,121.5403,月眉山,C0T9A0,2017-02-06T13:00:00+08:00,511.0,0.0,0.1,13.5,-0.99,960.7,-99.0,4.0,-9.9,-99,-999,花蓮縣,21,壽豐鄉,161
23.8258,121.5403,月眉山,C0T9A0,2017-02-06T14:00:00+08:00,511.0,0.0,0.1,13.4,-0.99,960.1,-99.0,4.5,-9.9,-99,-999,花蓮縣,21,壽豐鄉,161
23.8258,121.5403,月眉山,C0T9A0,2017-02-06T15:00:00+08:00,511.0,-97.0,-97.0,-97.0,-0.99,-997.0,-99.0,4.5,-9.9,-99,-999,花蓮縣,21,壽豐鄉,161
23.8258,121.5403,月眉山,C0T9A0,2017-02-06T16:00:00+08:00,511.0,0.0,0.2,13.3,-0.99,960.3,-99.0,5.0,-9.9,-99,-999,花蓮縣,21,壽豐鄉,161
23.8258,121.5403,月眉山,C0T9A0,2017-02-06T17:00:00+08:00,511.0,0.0,0.1,13.3,-0.99,960.9,-99.0,5.0,-9.9,-99,-999,花蓮縣,21,壽豐鄉,161
23.8258,121.5403,月眉山,C0T9A0,2017-02-06T18:00:00+08:00,511.0,56.0,0.4,13.2,-0.99,961.4,-99.0,5.0,-9.9,-99,-999,花蓮縣,21,壽豐鄉,161
23.8258,121.5403,月眉山,C0T9A0,2017-02-06T19:00:00+08:00,511.0,0.0,0.2,13.0,-0.99,962.0,-99.0,5.0,-9.9,-99,-999,花蓮縣,21,壽豐鄉,161
23.8258,121.5403,月眉山,C0T9A0,2017-02-06T20:00:00+08:00,511.0,0.0,0.2,13.2,-0.99,962.5,-99.0,5.0,-9.9,-99,-999,花蓮縣,21,壽豐鄉,161
23.8258,121.5403,月眉山,C0T9A0,2017-02-06T21:00:00+08:00,511.0,67.0,0.3,13.3,-0.99,962.8,-99.0,5.0,-9.9,-99,-999,花蓮縣,21,壽豐鄉,161
23.8258,121.5403,月眉山,C0T9A0,2017-02-06T22:00:00+08:00,511.0,0.0,0.2,13.0,-0.99,962.8,-99.0,5.0,-9.9,-99,-999,花蓮縣,21,壽豐鄉,161
23.8258,121.5403,月眉山,C0T9A0,2017-02-06T23:00:00+08:00,511.0,0.0,0.2,13.0,-0.99,962.5,-99.0,5.0,-9.9,-99,-999,花蓮縣,21,壽豐鄉,161
23.8258,121.5403,月眉山,C0T9A0,2017-02-07T00:00:00+08:00,511.0,0.0,0.1,13.0,-0.99,962.2,-99.0,5.0,-9.9,-99,-999,花蓮縣,21,壽豐鄉,161
23.8258,121.5403,月眉山,C0T9A0,2017-02-07T01:00:00+08:00,511.0,0.0,0.0,13.0,-0.99,962.2,-99.0,0.0,-9.9,-99,-999,花蓮縣,21,壽豐鄉,161
23.8258,121.5403,月眉山,C0T9A0,2017-02-07T02:00:00+08:00,511.0,0.0,0.1,13.0,-0.99,961.8,-99.0,0.0,-9.9,-99,-999,花蓮縣,21,壽豐鄉,161
23.8258,121.5403,月眉山,C0T9A0,2017-02-07T03:00:00+08:00,511.0,0.0,0.1,13.0,-0.99,961.7,-99.0,0.0,-9.9,-99,-999,花蓮縣,21,壽豐鄉,161
23.8258,121.5403,月眉山,C0T9A0,2017-02-07T04:00:00+08:00,511.0,0.0,0.1,13.0,-0.99,961.6,-99.0,0.0,-9.9,-99,-999,花蓮縣,21,壽豐鄉,161
23.8258,121.5403,月眉山,C0T9A0,2017-02-07T05:00:00+08:00,511.0,0.0,0.1,13.2,-0.99,961.6,-99.0,0.0,-9.9,-99,-999,花蓮縣,21,壽豐鄉,161
23.8258,121.5403,月眉山,C0T9A0,2017-02-07T06:00:00+08:00,511.0,0.0,0.1,13.2,-0.99,962.4,-99.0,0.0,-9.9,-99,-999,花蓮縣,21,壽豐鄉,161
23.8258,121.5403,月眉山,C0T9A0,2017-02-07T07:00:00+08:00,511.0,0.0,0.0,13.3,-0.99,962.9,-99.0,0.0,-9.9,-99,-999,花蓮縣,21,壽豐鄉,161
23.8258,121.5403,月眉山,C0T9A0,2017-02-07T08:00:00+08:00,511.0,0.0,0.0,13.8,-0.99,962.9,-99.0,0.0,-9.9,-99,-999,花蓮縣,21,壽豐鄉,161
23.8258,121.5403,月眉山,C0T9A0,2017-02-07T10:00:00+08:00,511.0,0.0,0.0,17.6,-0.99,962.9,-99.0,0.0,-9.9,-99,-999,花蓮縣,21,壽豐鄉,161
23.8258,121.5403,月眉山,C0T9A0,2017-02-07T11:00:00+08:00,511.0,0.0,0.2,18.6,-0.99,962.2,-99.0,0.0,-9.9,-99,-999,花蓮縣,21,壽豐鄉,161
23.8258,121.5403,月眉山,C0T9A0,2017-02-07T12:00:00+08:00,511.0,0.0,0.2,17.9,-0.99,961.2,-99.0,0.0,-9.9,-99,-999,花蓮縣,21,壽豐鄉,161
23.8258,121.5403,月眉山,C0T9A0,2017-02-07T13:00:00+08:00,511.0,0.0,0.2,17.5,-0.99,960.4,-99.0,0.0,-9.9,-99,-999,花蓮縣,21,壽豐鄉,161
23.8258,121.5403,月眉山,C0T9A0,2017-02-07T14:00:00+08:00,511.0,0.0,0.0,16.6,-0.99,959.9,-99.0,0.0,-9.9,-99,-999,花蓮縣,21,壽豐鄉,161
23.8258,121.5403,月眉山,C0T9A0,2017-02-07T15:00:00+08:00,511.0,0.0,0.2,15.6,-0.99,959.7,-99.0,0.0,-9.9,-99,-999,花蓮縣,21,壽豐鄉,161
23.8258,121.5403,月眉山,C0T9A0,2017-02-07T16:00:00+08:00,511.0,0.0,0.1,14.9,-0.99,959.9,-99.0,0.0,-9.9,-99,-999,花蓮縣,21,壽豐鄉,161
23.8258,121.5403,月眉山,C0T9A0,2017-02-07T17:00:00+08:00,511.0,0.0,0.0,14.7,-0.99,960.2,-99.0,0.0,-9.9,-99,-999,花蓮縣,21,壽豐鄉,161
23.8258,121.5403,月眉山,C0T9A0,2017-02-07T18:00:00+08:00,511.0,0.0,0.0,14.0,-0.99,960.6,-99.0,0.0,-9.9,-99,-999,花蓮縣,21,壽豐鄉,161
23.8258,121.5403,月眉山,C0T9A0,2017-02-07T19:00:00+08:00,511.0,0.0,0.0,14.0,-0.99,960.8,-99.0,0.0,-9.9,-99,-999,花蓮縣,21,壽豐鄉,161
23.8258,121.5403,月眉山,C0T9A0,2017-02-07T20:00:00+08:00,511.0,0.0,0.2,13.7,-0.99,961.0,-99.0,0.0,-9.9,-99,-999,花蓮縣,21,壽豐鄉,161
23.8258,121.5403,月眉山,C0T9A0,2017-02-07T21:00:00+08:00,511.0,332.0,0.8,14.2,-0.99,960.9,-99.0,0.0,-9.9,-99,-999,花蓮縣,21,壽豐鄉,161
23.8258,121.5403,月眉山,C0T9A0,2017-02-07T22:00:00+08:00,511.0,0.0,0.1,13.8,-0.99,960.7,-99.0,0.0,-9.9,-99,-999,花蓮縣,21,壽豐鄉,161
23.8258,121.5403,月眉山,C0T9A0,2017-02-07T23:00:00+08:00,511.0,321.0,0.5,14.2,-0.99,960.3,-99.0,0.0,-9.9,-99,-999,花蓮縣,21,壽豐鄉,161
23.8258,121.5403,月眉山,C0T9A0,2017-02-08T00:00:00+08:00,511.0,296.0,0.8,14.1,-0.99,959.9,-99.0,0.0,-9.9,-99,-999,花蓮縣,21,壽豐鄉,161
23.8258,121.5403,月眉山,C0T9A0,2017-02-08T01:00:00+08:00,511.0,0.0,0.2,14.2,-0.99,959.4,-99.0,0.0,-9.9,-99,-999,花蓮縣,21,壽豐鄉,161
23.8258,121.5403,月眉山,C0T9A0,2017-02-08T02:00:00+08:00,511.0,238.0,1.1,14.6,-0.99,959.2,-99.0,0.0,-9.9,-99,-999,花蓮縣,21,壽豐鄉,161
23.8258,121.5403,月眉山,C0T9A0,2017-02-08T03:00:00+08:00,511.0,242.0,1.2,14.6,-0.99,958.7,-99.0,0.0,-9.9,-99,-999,花蓮縣,21,壽豐鄉,161
23.8258,121.5403,月眉山,C0T9A0,2017-02-08T04:00:00+08:00,511.0,257.0,0.9,14.6,-0.99,957.9,-99.0,0.0,-9.9,-99,-999,花蓮縣,21,壽豐鄉,161
23.8258,121.5403,月眉山,C0T9A0,2017-02-08T05:00:00+08:00,511.0,287.0,1.5,14.7,-0.99,957.7,-99.0,0.0,-9.9,-99,-999,花蓮縣,21,壽豐鄉,161
23.8258,121.5403,月眉山,C0T9A0,2017-02-08T06:00:00+08:00,511.0,246.0,1.9,14.4,-0.99,958.2,-99.0,0.0,-9.9,-99,-999,花蓮縣,21,壽豐鄉,161
23.8258,121.5403,月眉山,C0T9A0,2017-02-08T07:00:00+08:00,511.0,238.0,2.0,14.3,-0.99,958.5,-99.0,0.0,-9.9,-99,-999,花蓮縣,21,壽豐鄉,161
23.8258,121.5403,月眉山,C0T9A0,2017-02-08T08:00:00+08:00,511.0,240.0,1.7,14.8,-0.99,958.8,-99.0,0.0,-9.9,-99,-999,花蓮縣,21,壽豐鄉,161
23.8258,121.5403,月眉山,C0T9A0,2017-02-08T10:00:00+08:00,511.0,160.0,0.8,19.8,-0.99,959.0,-99.0,0.0,-9.9,-99,-999,花蓮縣,21,壽豐鄉,161
23.8258,121.5403,月眉山,C0T9A0,2017-02-08T11:00:00+08:00,511.0,135.0,1.1,20.7,-0.99,958.4,-99.0,0.0,-9.9,-99,-999,花蓮縣,21,壽豐鄉,161
23.8258,121.5403,月眉山,C0T9A0,2017-02-08T12:00:00+08:00,511.0,147.0,1.7,20.2,-0.99,957.3,-99.0,0.0,-9.9,-99,-999,花蓮縣,21,壽豐鄉,161
23.8258,121.5403,月眉山,C0T9A0,2017-02-08T13:00:00+08:00,511.0,143.0,2.7,19.2,-0.99,956.7,-99.0,0.0,-9.9,-99,-999,花蓮縣,21,壽豐鄉,161
23.8258,121.5403,月眉山,C0T9A0,2017-02-08T14:00:00+08:00,511.0,139.0,2.4,17.5,-0.99,956.6,-99.0,0.0,-9.9,-99,-999,花蓮縣,21,壽豐鄉,161
23.8258,121.5403,月眉山,C0T9A0,2017-02-08T15:00:00+08:00,511.0,146.0,1.3,17.7,-0.99,956.5,-99.0,0.0,-9.9,-99,-999,花蓮縣,21,壽豐鄉,161
23.8258,121.5403,月眉山,C0T9A0,2017-02-08T16:00:00+08:00,511.0,132.0,0.4,17.9,-0.99,956.4,-99.0,0.0,-9.9,-99,-999,花蓮縣,21,壽豐鄉,161
23.8258,121.5403,月眉山,C0T9A0,2017-02-08T17:00:00+08:00,511.0,0.0,0.0,17.2,-0.99,956.5,-99.0,0.0,-9.9,-99,-999,花蓮縣,21,壽豐鄉,161
23.8258,121.5403,月眉山,C0T9A0,2017-02-08T18:00:00+08:00,511.0,0.0,0.0,15.9,-0.99,956.8,-99.0,0.0,-9.9,-99,-999,花蓮縣,21,壽豐鄉,161
23.8258,121.5403,月眉山,C0T9A0,2017-02-08T19:00:00+08:00,511.0,0.0,0.0,15.8,-0.99,957.1,-99.0,0.0,-9.9,-99,-999,花蓮縣,21,壽豐鄉,161
23.8258,121.5403,月眉山,C0T9A0,2017-02-08T20:00:00+08:00,511.0,0.0,0.0,16.1,-0.99,957.5,-99.0,0.0,-9.9,-99,-999,花蓮縣,21,壽豐鄉,161
23.8258,121.5403,月眉山,C0T9A0,2017-02-08T21:00:00+08:00,511.0,331.0,0.3,16.0,-0.99,957.8,-99.0,0.0,-9.9,-99,-999,花蓮縣,21,壽豐鄉,161
23.8258,121.5403,月眉山,C0T9A0,2017-02-08T22:00:00+08:00,511.0,0.0,0.0,15.9,-0.99,958.0,-99.0,0.0,-9.9,-99,-999,花蓮縣,21,壽豐鄉,161
23.8258,121.5403,月眉山,C0T9A0,2017-02-08T23:00:00+08:00,511.0,0.0,0.1,16.0,-0.99,957.9,-99.0,0.0,-9.9,-99,-999,花蓮縣,21,壽豐鄉,161
23.8258,121.5403,月眉山,C0T9A0,2017-02-09T00:00:00+08:00,511.0,0.0,0.0,15.7,-0.99,957.8,-99.0,0.0,-9.9,-99,-999,花蓮縣,21,壽豐鄉,161
23.8258,121.5403,月眉山,C0T9A0,2017-02-09T01:00:00+08:00,511.0,0.0,0.0,15.6,-0.99,957.8,-99.0,0.0,-9.9,-99,-999,花蓮縣,21,壽豐鄉,161
23.8258,121.5403,月眉山,C0T9A0,2017-02-09T02:00:00+08:00,511.0,0.0,0.0,15.7,-0.99,957.5,-99.0,0.0,-9.9,-99,-999,花蓮縣,21,壽豐鄉,161
23.8258,121.5403,月眉山,C0T9A0,2017-02-09T03:00:00+08:00,511.0,40.0,0.5,13.9,-0.99,957.5,-99.0,0.5,-9.9,-99,-999,花蓮縣,21,壽豐鄉,161
23.8258,121.5403,月眉山,C0T9A0,2017-02-09T04:00:00+08:00,511.0,76.0,1.4,12.6,-0.99,957.2,-99.0,1.0,-9.9,-99,-999,花蓮縣,21,壽豐鄉,161
23.8258,121.5403,月眉山,C0T9A0,2017-02-09T05:00:00+08:00,511.0,65.0,1.3,11.8,-0.99,957.8,-99.0,1.5,-9.9,-99,-999,花蓮縣,21,壽豐鄉,161
23.8258,121.5403,月眉山,C0T9A0,2017-02-09T06:00:00+08:00,511.0,74.0,0.4,11.5,-0.99,958.8,-99.0,2.5,-9.9,-99,-999,花蓮縣,21,壽豐鄉,161
23.8258,121.5403,月眉山,C0T9A0,2017-02-09T07:00:00+08:00,511.0,54.0,0.4,11.1,-0.99,959.5,-99.0,2.5,-9.9,-99,-999,花蓮縣,21,壽豐鄉,161
23.8258,121.5403,月眉山,C0T9A0,2017-02-09T08:00:00+08:00,511.0,3.0,0.4,11.4,-0.99,960.0,-99.0,2.5,-9.9,-99,-999,花蓮縣,21,壽豐鄉,161
23.8258,121.5403,月眉山,C0T9A0,2017-02-09T10:00:00+08:00,511.0,52.0,0.3,10.9,-0.99,960.5,-99.0,4.5,-9.9,-99,-999,花蓮縣,21,壽豐鄉,161
23.8258,121.5403,月眉山,C0T9A0,2017-02-09T11:00:00+08:00,511.0,71.0,0.3,11.1,-0.99,960.0,-99.0,4.5,-9.9,-99,-999,花蓮縣,21,壽豐鄉,161
23.8258,121.5403,月眉山,C0T9A0,2017-02-09T12:00:00+08:00,511.0,0.0,0.2,11.2,-0.99,959.6,-99.0,4.5,-9.9,-99,-999,花蓮縣,21,壽豐鄉,161
23.8258,121.5403,月眉山,C0T9A0,2017-02-09T13:00:00+08:00,511.0,72.0,0.5,10.7,-0.99,958.7,-99.0,4.5,-9.9,-99,-999,花蓮縣,21,壽豐鄉,161
23.8258,121.5403,月眉山,C0T9A0,2017-02-09T14:00:00+08:00,511.0,46.0,0.3,10.7,-0.99,958.3,-99.0,4.5,-9.9,-99,-999,花蓮縣,21,壽豐鄉,161
23.8258,121.5403,月眉山,C0T9A0,2017-02-09T15:00:00+08:00,511.0,0.0,0.1,10.7,-0.99,958.0,-99.0,4.5,-9.9,-99,-999,花蓮縣,21,壽豐鄉,161
23.8258,121.5403,月眉山,C0T9A0,2017-02-09T16:00:00+08:00,511.0,59.0,0.5,9.9,-0.99,958.6,-99.0,5.0,-9.9,-99,-999,花蓮縣,21,壽豐鄉,161
23.8258,121.5403,月眉山,C0T9A0,2017-02-09T17:00:00+08:00,511.0,67.0,0.4,9.3,-0.99,959.2,-99.0,5.5,-9.9,-99,-999,花蓮縣,21,壽豐鄉,161
23.8258,121.5403,月眉山,C0T9A0,2017-02-09T18:00:00+08:00,511.0,0.0,0.1,9.3,-0.99,959.5,-99.0,6.0,-9.9,-99,-999,花蓮縣,21,壽豐鄉,161
23.8258,121.5403,月眉山,C0T9A0,2017-02-09T19:00:00+08:00,511.0,0.0,0.1,9.1,-0.99,960.0,-99.0,6.0,-9.9,-99,-999,花蓮縣,21,壽豐鄉,161
23.8258,121.5403,月眉山,C0T9A0,2017-02-09T20:00:00+08:00,511.0,0.0,0.2,8.6,-0.99,960.9,-99.0,6.0,-9.9,-99,-999,花蓮縣,21,壽豐鄉,161
23.8258,121.5403,月眉山,C0T9A0,2017-02-09T21:00:00+08:00,511.0,0.0,0.1,8.7,-0.99,961.3,-99.0,6.0,-9.9,-99,-999,花蓮縣,21,壽豐鄉,161
23.8258,121.5403,月眉山,C0T9A0,2017-02-09T22:00:00+08:00,511.0,0.0,0.2,8.3,-0.99,961.5,-99.0,6.0,-9.9,-99,-999,花蓮縣,21,壽豐鄉,161
23.8258,121.5403,月眉山,C0T9A0,2017-02-09T23:00:00+08:00,511.0,81.0,0.3,8.3,-0.99,961.6,-99.0,6.0,-9.9,-99,-999,花蓮縣,21,壽豐鄉,161
23.8258,121.5403,月眉山,C0T9A0,2017-02-10T00:00:00+08:00,511.0,292.0,1.6,8.5,-0.99,962.0,-99.0,6.0,-9.9,-99,-999,花蓮縣,21,壽豐鄉,161
23.8258,121.5403,月眉山,C0T9A0,2017-02-10T01:00:00+08:00,511.0,0.0,0.1,8.5,-0.99,962.0,-99.0,0.0,-9.9,-99,-999,花蓮縣,21,壽豐鄉,161
23.8258,121.5403,月眉山,C0T9A0,2017-02-10T02:00:00+08:00,511.0,291.0,1.0,8.1,-0.99,962.0,-99.0,0.0,-9.9,-99,-999,花蓮縣,21,壽豐鄉,161
23.8258,121.5403,月眉山,C0T9A0,2017-02-10T03:00:00+08:00,511.0,293.0,1.1,8.0,-0.99,961.9,-99.0,0.0,-9.9,-99,-999,花蓮縣,21,壽豐鄉,161
23.8258,121.5403,月眉山,C0T9A0,2017-02-10T04:00:00+08:00,511.0,298.0,0.7,7.8,-0.99,961.9,-99.0,0.0,-9.9,-99,-999,花蓮縣,21,壽豐鄉,161
23.8258,121.5403,月眉山,C0T9A0,2017-02-10T05:00:00+08:00,511.0,294.0,1.8,7.9,-0.99,961.8,-99.0,0.0,-9.9,-99,-999,花蓮縣,21,壽豐鄉,161
23.8258,121.5403,月眉山,C0T9A0,2017-02-10T06:00:00+08:00,511.0,249.0,0.7,8.2,-0.99,962.5,-99.0,0.0,-9.9,-99,-999,花蓮縣,21,壽豐鄉,161
23.8258,121.5403,月眉山,C0T9A0,2017-02-10T07:00:00+08:00,511.0,0.0,0.1,8.3,-0.99,963.3,-99.0,0.0,-9.9,-99,-999,花蓮縣,21,壽豐鄉,161
23.8258,121.5403,月眉山,C0T9A0,2017-02-10T08:00:00+08:00,511.0,0.0,0.1,8.1,-0.99,964.0,-99.0,0.0,-9.9,-99,-999,花蓮縣,21,壽豐鄉,161
23.8258,121.5403,月眉山,C0T9A0,2017-02-10T09:00:00+08:00,511.0,292.0,1.3,8.2,-0.99,964.4,-99.0,0.0,-9.9,-99,-999,花蓮縣,21,壽豐鄉,161
23.8258,121.5403,月眉山,C0T9A0,2017-02-10T10:00:00+08:00,511.0,297.0,1.5,8.2,-0.99,964.8,-99.0,0.0,-9.9,-99,-999,花蓮縣,21,壽豐鄉,161
23.8258,121.5403,月眉山,C0T9A0,2017-02-10T11:00:00+08:00,511.0,316.0,0.3,8.6,-0.99,964.7,-99.0,0.0,-9.9,-99,-999,花蓮縣,21,壽豐鄉,161
23.8258,121.5403,月眉山,C0T9A0,2017-02-10T12:00:00+08:00,511.0,0.0,0.0,9.1,-0.99,964.0,-99.0,0.0,-9.9,-99,-999,花蓮縣,21,壽豐鄉,161
23.8258,121.5403,月眉山,C0T9A0,2017-02-10T13:00:00+08:00,511.0,0.0,0.0,9.3,-0.99,963.4,-99.0,0.5,-9.9,-99,-999,花蓮縣,21,壽豐鄉,161
23.8258,121.5403,月眉山,C0T9A0,2017-02-10T14:00:00+08:00,511.0,0.0,0.2,8.8,-0.99,962.8,-99.0,0.5,-9.9,-99,-999,花蓮縣,21,壽豐鄉,161
23.8258,121.5403,月眉山,C0T9A0,2017-02-10T15:00:00+08:00,511.0,330.0,0.3,8.5,-0.99,962.6,-99.0,0.5,-9.9,-99,-999,花蓮縣,21,壽豐鄉,161
23.8258,121.5403,月眉山,C0T9A0,2017-02-10T16:00:00+08:00,511.0,0.0,0.1,8.6,-0.99,963.1,-99.0,0.5,-9.9,-99,-999,花蓮縣,21,壽豐鄉,161
23.8258,121.5403,月眉山,C0T9A0,2017-02-10T17:00:00+08:00,511.0,0.0,0.2,8.2,-0.99,963.8,-99.0,0.5,-9.9,-99,-999,花蓮縣,21,壽豐鄉,161
23.8258,121.5403,月眉山,C0T9A0,2017-02-10T18:00:00+08:00,511.0,0.0,0.1,8.3,-0.99,964.0,-99.0,0.5,-9.9,-99,-999,花蓮縣,21,壽豐鄉,161
23.8258,121.5403,月眉山,C0T9A0,2017-02-10T19:00:00+08:00,511.0,261.0,1.4,8.4,-0.99,964.4,-99.0,0.5,-9.9,-99,-999,花蓮縣,21,壽豐鄉,161
23.8258,121.5403,月眉山,C0T9A0,2017-02-10T20:00:00+08:00,511.0,280.0,1.3,8.5,-0.99,965.1,-99.0,0.5,-9.9,-99,-999,花蓮縣,21,壽豐鄉,161
23.8258,121.5403,月眉山,C0T9A0,2017-02-10T21:00:00+08:00,511.0,310.0,0.6,8.6,-0.99,965.5,-99.0,0.5,-9.9,-99,-999,花蓮縣,21,壽豐鄉,161
23.8258,121.5403,月眉山,C0T9A0,2017-02-10T22:00:00+08:00,511.0,299.0,1.0,8.4,-0.99,965.8,-99.0,0.5,-9.9,-99,-999,花蓮縣,21,壽豐鄉,161
23.8258,121.5403,月眉山,C0T9A0,2017-02-10T23:00:00+08:00,511.0,0.0,0.1,8.5,-0.99,966.1,-99.0,0.5,-9.9,-99,-999,花蓮縣,21,壽豐鄉,161
23.8258,121.5403,月眉山,C0T9A0,2017-02-11T00:00:00+08:00,511.0,0.0,0.1,8.4,-0.99,966.1,-99.0,0.5,-9.9,-99,-999,花蓮縣,21,壽豐鄉,161
23.8258,121.5403,月眉山,C0T9A0,2017-02-11T01:00:00+08:00,511.0,327.0,0.3,8.4,-0.99,965.9,-99.0,0.0,-9.9,-99,-999,花蓮縣,21,壽豐鄉,161
23.8258,121.5403,月眉山,C0T9A0,2017-02-11T02:00:00+08:00,511.0,303.0,0.7,8.2,-0.99,965.8,-99.0,0.0,-9.9,-99,-999,花蓮縣,21,壽豐鄉,161
23.8258,121.5403,月眉山,C0T9A0,2017-02-11T03:00:00+08:00,511.0,300.0,1.7,7.2,-0.99,966.0,-99.0,0.0,-9.9,-99,-999,花蓮縣,21,壽豐鄉,161
23.8258,121.5403,月眉山,C0T9A0,2017-02-11T04:00:00+08:00,511.0,301.0,1.5,6.9,-0.99,965.9,-99.0,0.5,-9.9,-99,-999,花蓮縣,21,壽豐鄉,161
23.8258,121.5403,月眉山,C0T9A0,2017-02-11T05:00:00+08:00,511.0,277.0,1.9,6.8,-0.99,966.1,-99.0,0.5,-9.9,-99,-999,花蓮縣,21,壽豐鄉,161
23.8258,121.5403,月眉山,C0T9A0,2017-02-11T06:00:00+08:00,511.0,281.0,1.8,6.6,-0.99,966.9,-99.0,0.5,-9.9,-99,-999,花蓮縣,21,壽豐鄉,161
23.8258,121.5403,月眉山,C0T9A0,2017-02-11T07:00:00+08:00,511.0,287.0,1.6,6.5,-0.99,967.7,-99.0,0.5,-9.9,-99,-999,花蓮縣,21,壽豐鄉,161
23.8258,121.5403,月眉山,C0T9A0,2017-02-11T08:00:00+08:00,511.0,293.0,2.4,6.5,-0.99,968.3,-99.0,1.0,-9.9,-99,-999,花蓮縣,21,壽豐鄉,161
23.8258,121.5403,月眉山,C0T9A0,2017-02-11T09:00:00+08:00,511.0,282.0,2.1,6.4,-0.99,969.0,-99.0,1.5,-9.9,-99,-999,花蓮縣,21,壽豐鄉,161
23.8258,121.5403,月眉山,C0T9A0,2017-02-11T10:00:00+08:00,511.0,286.0,2.5,6.8,-0.99,969.1,-99.0,1.5,-9.9,-99,-999,花蓮縣,21,壽豐鄉,161
23.8258,121.5403,月眉山,C0T9A0,2017-02-11T11:00:00+08:00,511.0,302.0,1.9,7.6,-0.99,968.5,-99.0,1.5,-9.9,-99,-999,花蓮縣,21,壽豐鄉,161
23.8258,121.5403,月眉山,C0T9A0,2017-02-11T12:00:00+08:00,511.0,325.0,0.7,8.7,-0.99,967.8,-99.0,1.5,-9.9,-99,-999,花蓮縣,21,壽豐鄉,161
23.8258,121.5403,月眉山,C0T9A0,2017-02-11T13:00:00+08:00,511.0,355.0,0.5,9.0,-0.99,967.1,-99.0,1.5,-9.9,-99,-999,花蓮縣,21,壽豐鄉,161
23.8258,121.5403,月眉山,C0T9A0,2017-02-11T14:00:00+08:00,511.0,310.0,0.3,8.7,-0.99,966.6,-99.0,2.0,-9.9,-99,-999,花蓮縣,21,壽豐鄉,161
23.8258,121.5403,月眉山,C0T9A0,2017-02-11T15:00:00+08:00,511.0,319.0,0.7,8.5,-0.99,966.6,-99.0,2.0,-9.9,-99,-999,花蓮縣,21,壽豐鄉,161
23.8258,121.5403,月眉山,C0T9A0,2017-02-11T16:00:00+08:00,511.0,326.0,0.6,8.1,-0.99,966.7,-99.0,2.5,-9.9,-99,-999,花蓮縣,21,壽豐鄉,161
23.8258,121.5403,月眉山,C0T9A0,2017-02-11T17:00:00+08:00,511.0,0.0,0.1,8.0,-0.99,967.0,-99.0,2.5,-9.9,-99,-999,花蓮縣,21,壽豐鄉,161
23.8258,121.5403,月眉山,C0T9A0,2017-02-11T18:00:00+08:00,511.0,322.0,1.1,7.6,-0.99,967.5,-99.0,3.0,-9.9,-99,-999,花蓮縣,21,壽豐鄉,161
23.8258,121.5403,月眉山,C0T9A0,2017-02-11T19:00:00+08:00,511.0,293.0,1.3,7.5,-0.99,968.0,-99.0,3.0,-9.9,-99,-999,花蓮縣,21,壽豐鄉,161
23.8258,121.5403,月眉山,C0T9A0,2017-02-11T20:00:00+08:00,511.0,294.0,1.1,7.6,-0.99,968.7,-99.0,3.0,-9.9,-99,-999,花蓮縣,21,壽豐鄉,161
23.8258,121.5403,月眉山,C0T9A0,2017-02-11T21:00:00+08:00,511.0,309.0,1.1,7.6,-0.99,969.0,-99.0,3.5,-9.9,-99,-999,花蓮縣,21,壽豐鄉,161
23.8258,121.5403,月眉山,C0T9A0,2017-02-11T22:00:00+08:00,511.0,288.0,1.0,7.5,-0.99,969.0,-99.0,3.5,-9.9,-99,-999,花蓮縣,21,壽豐鄉,161
23.8258,121.5403,月眉山,C0T9A0,2017-02-11T23:00:00+08:00,511.0,311.0,1.2,8.4,-0.99,969.1,-99.0,3.5,-9.9,-99,-999,花蓮縣,21,壽豐鄉,161
23.8258,121.5403,月眉山,C0T9A0,2017-02-12T00:00:00+08:00,511.0,315.0,1.4,8.3,-0.99,969.0,-99.0,3.5,-9.9,-99,-999,花蓮縣,21,壽豐鄉,161
23.8258,121.5403,月眉山,C0T9A0,2017-02-12T01:00:00+08:00,511.0,331.0,0.9,8.4,-0.99,968.7,-99.0,0.0,-9.9,-99,-999,花蓮縣,21,壽豐鄉,161
23.8258,121.5403,月眉山,C0T9A0,2017-02-12T02:00:00+08:00,511.0,312.0,0.9,8.2,-0.99,968.4,-99.0,0.0,-9.9,-99,-999,花蓮縣,21,壽豐鄉,161
23.8258,121.5403,月眉山,C0T9A0,2017-02-12T03:00:00+08:00,511.0,317.0,0.7,8.0,-0.99,968.0,-99.0,0.0,-9.9,-99,-999,花蓮縣,21,壽豐鄉,161
23.8258,121.5403,月眉山,C0T9A0,2017-02-12T04:00:00+08:00,511.0,0.0,0.0,7.7,-0.99,967.7,-99.0,0.0,-9.9,-99,-999,花蓮縣,21,壽豐鄉,161
23.8258,121.5403,月眉山,C0T9A0,2017-02-12T05:00:00+08:00,511.0,0.0,0.0,7.7,-0.99,967.9,-99.0,0.5,-9.9,-99,-999,花蓮縣,21,壽豐鄉,161
23.8258,121.5403,月眉山,C0T9A0,2017-02-12T06:00:00+08:00,511.0,0.0,0.0,7.6,-0.99,968.4,-99.0,0.5,-9.9,-99,-999,花蓮縣,21,壽豐鄉,161
23.8258,121.5403,月眉山,C0T9A0,2017-02-12T07:00:00+08:00,511.0,0.0,0.0,7.9,-0.99,968.9,-99.0,0.5,-9.9,-99,-999,花蓮縣,21,壽豐鄉,161
23.8258,121.5403,月眉山,C0T9A0,2017-02-12T08:00:00+08:00,511.0,330.0,0.9,8.2,-0.99,969.1,-99.0,1.0,-9.9,-99,-999,花蓮縣,21,壽豐鄉,161
23.8258,121.5403,月眉山,C0T9A0,2017-02-12T10:00:00+08:00,511.0,305.0,0.6,8.9,-0.99,969.5,-99.0,1.0,-9.9,-99,-999,花蓮縣,21,壽豐鄉,161
23.8258,121.5403,月眉山,C0T9A0,2017-02-12T11:00:00+08:00,511.0,0.0,0.0,9.6,-0.99,969.1,-99.0,1.0,-9.9,-99,-999,花蓮縣,21,壽豐鄉,161
23.8258,121.5403,月眉山,C0T9A0,2017-02-12T12:00:00+08:00,511.0,0.0,0.1,10.0,-0.99,968.5,-99.0,1.0,-9.9,-99,-999,花蓮縣,21,壽豐鄉,161
23.8258,121.5403,月眉山,C0T9A0,2017-02-12T13:00:00+08:00,511.0,0.0,0.1,10.3,-0.99,967.6,-99.0,1.0,-9.9,-99,-999,花蓮縣,21,壽豐鄉,161
23.8258,121.5403,月眉山,C0T9A0,2017-02-12T14:00:00+08:00,511.0,0.0,0.0,10.3,-0.99,967.1,-99.0,1.0,-9.9,-99,-999,花蓮縣,21,壽豐鄉,161
23.8258,121.5403,月眉山,C0T9A0,2017-02-12T15:00:00+08:00,511.0,0.0,0.1,10.2,-0.99,967.0,-99.0,1.0,-9.9,-99,-999,花蓮縣,21,壽豐鄉,161
23.8258,121.5403,月眉山,C0T9A0,2017-02-12T16:00:00+08:00,511.0,0.0,0.0,10.0,-0.99,967.0,-99.0,1.0,-9.9,-99,-999,花蓮縣,21,壽豐鄉,161
23.8258,121.5403,月眉山,C0T9A0,2017-02-12T17:00:00+08:00,511.0,0.0,0.1,9.5,-0.99,967.4,-99.0,1.5,-9.9,-99,-999,花蓮縣,21,壽豐鄉,161
23.8258,121.5403,月眉山,C0T9A0,2017-02-12T18:00:00+08:00,511.0,0.0,0.1,9.8,-0.99,967.9,-99.0,5.0,-9.9,-99,-999,花蓮縣,21,壽豐鄉,161
23.8258,121.5403,月眉山,C0T9A0,2017-02-12T19:00:00+08:00,511.0,0.0,0.2,9.8,-0.99,968.3,-99.0,6.5,-9.9,-99,-999,花蓮縣,21,壽豐鄉,161
23.8258,121.5403,月眉山,C0T9A0,2017-02-12T20:00:00+08:00,511.0,0.0,0.2,9.5,-0.99,968.8,-99.0,7.0,-9.9,-99,-999,花蓮縣,21,壽豐鄉,161
23.8258,121.5403,月眉山,C0T9A0,2017-02-12T21:00:00+08:00,511.0,0.0,0.1,9.1,-0.99,968.8,-99.0,7.0,-9.9,-99,-999,花蓮縣,21,壽豐鄉,161
23.8258,121.5403,月眉山,C0T9A0,2017-02-12T22:00:00+08:00,511.0,0.0,0.0,9.4,-0.99,968.9,-99.0,7.0,-9.9,-99,-999,花蓮縣,21,壽豐鄉,161
23.8258,121.5403,月眉山,C0T9A0,2017-02-12T23:00:00+08:00,511.0,0.0,0.0,9.4,-0.99,969.1,-99.0,7.0,-9.9,-99,-999,花蓮縣,21,壽豐鄉,161
23.8258,121.5403,月眉山,C0T9A0,2017-02-13T00:00:00+08:00,511.0,0.0,0.0,9.5,-0.99,968.7,-99.0,7.0,-9.9,-99,-999,花蓮縣,21,壽豐鄉,161
23.8258,121.5403,月眉山,C0T9A0,2017-02-13T01:00:00+08:00,511.0,0.0,0.0,9.2,-0.99,968.4,-99.0,0.0,-9.9,-99,-999,花蓮縣,21,壽豐鄉,161
23.8258,121.5403,月眉山,C0T9A0,2017-02-13T02:00:00+08:00,511.0,0.0,0.0,9.6,-0.99,968.0,-99.0,0.0,-9.9,-99,-999,花蓮縣,21,壽豐鄉,161
23.8258,121.5403,月眉山,C0T9A0,2017-02-13T03:00:00+08:00,511.0,0.0,0.2,10.1,-0.99,967.9,-99.0,0.0,-9.9,-99,-999,花蓮縣,21,壽豐鄉,161
23.8258,121.5403,月眉山,C0T9A0,2017-02-13T04:00:00+08:00,511.0,0.0,0.1,9.9,-0.99,968.1,-99.0,0.0,-9.9,-99,-999,花蓮縣,21,壽豐鄉,161
23.8258,121.5403,月眉山,C0T9A0,2017-02-13T05:00:00+08:00,511.0,0.0,0.1,10.3,-0.99,968.5,-99.0,0.0,-9.9,-99,-999,花蓮縣,21,壽豐鄉,161
23.8258,121.5403,月眉山,C0T9A0,2017-02-13T06:00:00+08:00,511.0,0.0,0.1,10.1,-0.99,969.2,-99.0,0.0,-9.9,-99,-999,花蓮縣,21,壽豐鄉,161
23.8258,121.5403,月眉山,C0T9A0,2017-02-13T07:00:00+08:00,511.0,0.0,0.0,10.0,-0.99,969.9,-99.0,0.0,-9.9,-99,-999,花蓮縣,21,壽豐鄉,161
23.8258,121.5403,月眉山,C0T9A0,2017-02-13T08:00:00+08:00,511.0,0.0,0.1,10.7,-0.99,970.4,-99.0,0.0,-9.9,-99,-999,花蓮縣,21,壽豐鄉,161
23.8258,121.5403,月眉山,C0T9A0,2017-02-13T10:00:00+08:00,511.0,0.0,0.1,14.4,-0.99,970.8,-99.0,0.0,-9.9,-99,-999,花蓮縣,21,壽豐鄉,161
23.8258,121.5403,月眉山,C0T9A0,2017-02-13T11:00:00+08:00,511.0,0.0,0.0,15.4,-0.99,970.5,-99.0,0.0,-9.9,-99,-999,花蓮縣,21,壽豐鄉,161
23.8258,121.5403,月眉山,C0T9A0,2017-02-13T12:00:00+08:00,511.0,0.0,0.0,15.4,-0.99,970.0,-99.0,0.0,-9.9,-99,-999,花蓮縣,21,壽豐鄉,161
23.8258,121.5403,月眉山,C0T9A0,2017-02-13T13:00:00+08:00,511.0,0.0,0.2,13.7,-0.99,969.2,-99.0,0.0,-9.9,-99,-999,花蓮縣,21,壽豐鄉,161
23.8258,121.5403,月眉山,C0T9A0,2017-02-13T14:00:00+08:00,511.0,0.0,0.0,13.6,-0.99,968.9,-99.0,0.0,-9.9,-99,-999,花蓮縣,21,壽豐鄉,161
23.8258,121.5403,月眉山,C0T9A0,2017-02-13T15:00:00+08:00,511.0,0.0,0.1,13.1,-0.99,968.7,-99.0,0.0,-9.9,-99,-999,花蓮縣,21,壽豐鄉,161
23.8258,121.5403,月眉山,C0T9A0,2017-02-13T16:00:00+08:00,511.0,0.0,0.2,13.1,-0.99,968.9,-99.0,0.0,-9.9,-99,-999,花蓮縣,21,壽豐鄉,161
23.8258,121.5403,月眉山,C0T9A0,2017-02-13T17:00:00+08:00,511.0,0.0,0.1,12.7,-0.99,969.2,-99.0,0.0,-9.9,-99,-999,花蓮縣,21,壽豐鄉,161
23.8258,121.5403,月眉山,C0T9A0,2017-02-13T18:00:00+08:00,511.0,0.0,0.1,12.2,-0.99,969.8,-99.0,0.0,-9.9,-99,-999,花蓮縣,21,壽豐鄉,161
23.8258,121.5403,月眉山,C0T9A0,2017-02-13T19:00:00+08:00,511.0,0.0,0.1,11.9,-0.99,970.2,-99.0,0.0,-9.9,-99,-999,花蓮縣,21,壽豐鄉,161
23.8258,121.5403,月眉山,C0T9A0,2017-02-13T20:00:00+08:00,511.0,0.0,0.0,12.1,-0.99,970.6,-99.0,0.0,-9.9,-99,-999,花蓮縣,21,壽豐鄉,161
23.8258,121.5403,月眉山,C0T9A0,2017-02-13T21:00:00+08:00,511.0,0.0,0.1,12.3,-0.99,971.2,-99.0,0.0,-9.9,-99,-999,花蓮縣,21,壽豐鄉,161
23.8258,121.5403,月眉山,C0T9A0,2017-02-13T22:00:00+08:00,511.0,0.0,0.1,12.3,-0.99,971.4,-99.0,0.0,-9.9,-99,-999,花蓮縣,21,壽豐鄉,161
23.8258,121.5403,月眉山,C0T9A0,2017-02-13T23:00:00+08:00,511.0,0.0,0.1,12.3,-0.99,971.6,-99.0,0.0,-9.9,-99,-999,花蓮縣,21,壽豐鄉,161
23.8258,121.5403,月眉山,C0T9A0,2017-02-14T00:00:00+08:00,511.0,311.0,0.3,11.7,-0.99,971.8,-99.0,0.0,-9.9,-99,-999,花蓮縣,21,壽豐鄉,161
23.8258,121.5403,月眉山,C0T9A0,2017-02-14T01:00:00+08:00,511.0,0.0,0.1,11.9,-0.99,971.5,-99.0,0.0,-9.9,-99,-999,花蓮縣,21,壽豐鄉,161
23.8258,121.5403,月眉山,C0T9A0,2017-02-14T02:00:00+08:00,511.0,0.0,0.1,11.9,-0.99,971.0,-99.0,0.0,-9.9,-99,-999,花蓮縣,21,壽豐鄉,161
23.8258,121.5403,月眉山,C0T9A0,2017-02-14T03:00:00+08:00,511.0,0.0,0.2,11.8,-0.99,970.8,-99.0,0.0,-9.9,-99,-999,花蓮縣,21,壽豐鄉,161
23.8258,121.5403,月眉山,C0T9A0,2017-02-14T04:00:00+08:00,511.0,0.0,0.0,11.6,-0.99,970.7,-99.0,0.0,-9.9,-99,-999,花蓮縣,21,壽豐鄉,161
23.8258,121.5403,月眉山,C0T9A0,2017-02-14T05:00:00+08:00,511.0,0.0,0.2,11.4,-0.99,970.8,-99.0,0.5,-9.9,-99,-999,花蓮縣,21,壽豐鄉,161
23.8258,121.5403,月眉山,C0T9A0,2017-02-14T06:00:00+08:00,511.0,0.0,0.2,11.3,-0.99,971.3,-99.0,0.5,-9.9,-99,-999,花蓮縣,21,壽豐鄉,161
23.8258,121.5403,月眉山,C0T9A0,2017-02-14T07:00:00+08:00,511.0,0.0,0.1,11.4,-0.99,971.9,-99.0,0.5,-9.9,-99,-999,花蓮縣,21,壽豐鄉,161
23.8258,121.5403,月眉山,C0T9A0,2017-02-14T08:00:00+08:00,511.0,0.0,0.1,11.4,-0.99,972.4,-99.0,0.5,-9.9,-99,-999,花蓮縣,21,壽豐鄉,161
23.8258,121.5403,月眉山,C0T9A0,2017-02-14T09:00:00+08:00,511.0,0.0,0.1,11.8,-0.99,973.0,-99.0,0.5,-9.9,-99,-999,花蓮縣,21,壽豐鄉,161
23.8258,121.5403,月眉山,C0T9A0,2017-02-14T10:00:00+08:00,511.0,0.0,0.1,12.7,-0.99,973.0,-99.0,0.5,-9.9,-99,-999,花蓮縣,21,壽豐鄉,161
23.8258,121.5403,月眉山,C0T9A0,2017-02-14T11:00:00+08:00,511.0,0.0,0.1,14.3,-0.99,972.6,-99.0,0.5,-9.9,-99,-999,花蓮縣,21,壽豐鄉,161
23.8258,121.5403,月眉山,C0T9A0,2017-02-14T12:00:00+08:00,511.0,0.0,0.1,15.1,-0.99,972.0,-99.0,0.5,-9.9,-99,-999,花蓮縣,21,壽豐鄉,161
23.8258,121.5403,月眉山,C0T9A0,2017-02-14T13:00:00+08:00,511.0,0.0,0.0,15.2,-0.99,971.3,-99.0,0.5,-9.9,-99,-999,花蓮縣,21,壽豐鄉,161
23.8258,121.5403,月眉山,C0T9A0,2017-02-14T14:00:00+08:00,511.0,0.0,0.1,14.7,-0.99,970.8,-99.0,0.5,-9.9,-99,-999,花蓮縣,21,壽豐鄉,161
23.8258,121.5403,月眉山,C0T9A0,2017-02-14T15:00:00+08:00,511.0,0.0,0.1,14.5,-0.99,970.5,-99.0,0.5,-9.9,-99,-999,花蓮縣,21,壽豐鄉,161
23.8258,121.5403,月眉山,C0T9A0,2017-02-14T16:00:00+08:00,511.0,0.0,0.1,13.9,-0.99,970.7,-99.0,0.5,-9.9,-99,-999,花蓮縣,21,壽豐鄉,161
23.8258,121.5403,月眉山,C0T9A0,2017-02-14T17:00:00+08:00,511.0,0.0,0.1,12.8,-0.99,970.9,-99.0,0.5,-9.9,-99,-999,花蓮縣,21,壽豐鄉,161
23.8258,121.5403,月眉山,C0T9A0,2017-02-14T18:00:00+08:00,511.0,0.0,0.1,12.3,-0.99,971.1,-99.0,0.5,-9.9,-99,-999,花蓮縣,21,壽豐鄉,161
23.8258,121.5403,月眉山,C0T9A0,2017-02-14T19:00:00+08:00,511.0,0.0,0.2,12.3,-0.99,971.6,-99.0,0.5,-9.9,-99,-999,花蓮縣,21,壽豐鄉,161
23.8258,121.5403,月眉山,C0T9A0,2017-02-14T20:00:00+08:00,511.0,0.0,0.0,12.2,-0.99,972.2,-99.0,0.5,-9.9,-99,-999,花蓮縣,21,壽豐鄉,161
23.8258,121.5403,月眉山,C0T9A0,2017-02-14T21:00:00+08:00,511.0,0.0,0.0,12.1,-0.99,972.5,-99.0,0.5,-9.9,-99,-999,花蓮縣,21,壽豐鄉,161
23.8258,121.5403,月眉山,C0T9A0,2017-02-14T22:00:00+08:00,511.0,0.0,0.0,12.3,-0.99,972.3,-99.0,0.5,-9.9,-99,-999,花蓮縣,21,壽豐鄉,161
23.8258,121.5403,月眉山,C0T9A0,2017-02-14T23:00:00+08:00,511.0,0.0,0.0,12.1,-0.99,972.0,-99.0,0.5,-9.9,-99,-999,花蓮縣,21,壽豐鄉,161
23.8258,121.5403,月眉山,C0T9A0,2017-02-15T00:00:00+08:00,511.0,0.0,0.1,11.6,-0.99,971.8,-99.0,0.5,-9.9,-99,-999,花蓮縣,21,壽豐鄉,161
23.8258,121.5403,月眉山,C0T9A0,2017-02-15T01:00:00+08:00,511.0,242.0,2.7,12.1,-0.99,971.2,-99.0,0.0,-9.9,-99,-999,花蓮縣,21,壽豐鄉,161
23.8258,121.5403,月眉山,C0T9A0,2017-02-15T02:00:00+08:00,511.0,239.0,2.5,11.9,-0.99,970.5,-99.0,0.0,-9.9,-99,-999,花蓮縣,21,壽豐鄉,161
23.8258,121.5403,月眉山,C0T9A0,2017-02-15T03:00:00+08:00,511.0,258.0,2.4,12.1,-0.99,969.9,-99.0,0.0,-9.9,-99,-999,花蓮縣,21,壽豐鄉,161
23.8258,121.5403,月眉山,C0T9A0,2017-02-15T04:00:00+08:00,511.0,251.0,2.2,11.4,-0.99,969.4,-99.0,0.0,-9.9,-99,-999,花蓮縣,21,壽豐鄉,161
23.8258,121.5403,月眉山,C0T9A0,2017-02-15T05:00:00+08:00,511.0,263.0,1.9,11.5,-0.99,969.5,-99.0,0.0,-9.9,-99,-999,花蓮縣,21,壽豐鄉,161
23.8258,121.5403,月眉山,C0T9A0,2017-02-15T06:00:00+08:00,511.0,254.0,2.1,11.7,-0.99,970.0,-99.0,0.0,-9.9,-99,-999,花蓮縣,21,壽豐鄉,161
23.8258,121.5403,月眉山,C0T9A0,2017-02-15T07:00:00+08:00,511.0,255.0,2.2,12.1,-0.99,970.1,-99.0,0.0,-9.9,-99,-999,花蓮縣,21,壽豐鄉,161
23.8258,121.5403,月眉山,C0T9A0,2017-02-15T08:00:00+08:00,511.0,264.0,2.0,12.5,-0.99,970.2,-99.0,0.0,-9.9,-99,-999,花蓮縣,21,壽豐鄉,161
23.8258,121.5403,月眉山,C0T9A0,2017-02-15T10:00:00+08:00,511.0,207.0,0.5,19.1,-0.99,969.9,-99.0,0.0,-9.9,-99,-999,花蓮縣,21,壽豐鄉,161
23.8258,121.5403,月眉山,C0T9A0,2017-02-15T11:00:00+08:00,511.0,166.0,1.5,19.6,-0.99,969.4,-99.0,0.5,-9.9,-99,-999,花蓮縣,21,壽豐鄉,161
23.8258,121.5403,月眉山,C0T9A0,2017-02-15T12:00:00+08:00,511.0,157.0,1.7,19.1,-0.99,968.7,-99.0,0.5,-9.9,-99,-999,花蓮縣,21,壽豐鄉,161
23.8258,121.5403,月眉山,C0T9A0,2017-02-15T13:00:00+08:00,511.0,138.0,2.5,19.0,-0.99,967.7,-99.0,0.5,-9.9,-99,-999,花蓮縣,21,壽豐鄉,161
23.8258,121.5403,月眉山,C0T9A0,2017-02-15T14:00:00+08:00,511.0,151.0,3.4,16.8,-0.99,967.1,-99.0,0.5,-9.9,-99,-999,花蓮縣,21,壽豐鄉,161
23.8258,121.5403,月眉山,C0T9A0,2017-02-15T15:00:00+08:00,511.0,137.0,1.6,16.9,-0.99,966.6,-99.0,0.5,-9.9,-99,-999,花蓮縣,21,壽豐鄉,161
23.8258,121.5403,月眉山,C0T9A0,2017-02-15T16:00:00+08:00,511.0,148.0,1.7,16.0,-0.99,966.6,-99.0,0.5,-9.9,-99,-999,花蓮縣,21,壽豐鄉,161
23.8258,121.5403,月眉山,C0T9A0,2017-02-15T17:00:00+08:00,511.0,143.0,1.3,15.7,-0.99,966.9,-99.0,0.5,-9.9,-99,-999,花蓮縣,21,壽豐鄉,161
23.8258,121.5403,月眉山,C0T9A0,2017-02-15T18:00:00+08:00,511.0,0.0,0.2,15.6,-0.99,967.2,-99.0,0.5,-9.9,-99,-999,花蓮縣,21,壽豐鄉,161
23.8258,121.5403,月眉山,C0T9A0,2017-02-15T19:00:00+08:00,511.0,319.0,0.6,15.4,-0.99,967.5,-99.0,0.5,-9.9,-99,-999,花蓮縣,21,壽豐鄉,161
23.8258,121.5403,月眉山,C0T9A0,2017-02-15T20:00:00+08:00,511.0,259.0,0.6,15.1,-0.99,967.9,-99.0,0.5,-9.9,-99,-999,花蓮縣,21,壽豐鄉,161
23.8258,121.5403,月眉山,C0T9A0,2017-02-15T21:00:00+08:00,511.0,287.0,0.3,15.2,-0.99,968.0,-99.0,0.5,-9.9,-99,-999,花蓮縣,21,壽豐鄉,161
23.8258,121.5403,月眉山,C0T9A0,2017-02-15T22:00:00+08:00,511.0,0.0,0.0,15.3,-0.99,967.7,-99.0,0.5,-9.9,-99,-999,花蓮縣,21,壽豐鄉,161
23.8258,121.5403,月眉山,C0T9A0,2017-02-15T23:00:00+08:00,511.0,254.0,0.6,15.1,-0.99,967.4,-99.0,0.5,-9.9,-99,-999,花蓮縣,21,壽豐鄉,161
23.8258,121.5403,月眉山,C0T9A0,2017-02-16T00:00:00+08:00,511.0,260.0,1.4,14.5,-0.99,966.6,-99.0,0.5,-9.9,-99,-999,花蓮縣,21,壽豐鄉,161
23.8258,121.5403,月眉山,C0T9A0,2017-02-16T01:00:00+08:00,511.0,234.0,2.0,14.3,-0.99,966.1,-99.0,0.0,-9.9,-99,-999,花蓮縣,21,壽豐鄉,161
23.8258,121.5403,月眉山,C0T9A0,2017-02-16T02:00:00+08:00,511.0,275.0,1.8,14.0,-0.99,965.4,-99.0,0.0,-9.9,-99,-999,花蓮縣,21,壽豐鄉,161
23.8258,121.5403,月眉山,C0T9A0,2017-02-16T03:00:00+08:00,511.0,251.0,1.6,14.6,-0.99,964.8,-99.0,0.0,-9.9,-99,-999,花蓮縣,21,壽豐鄉,161
23.8258,121.5403,月眉山,C0T9A0,2017-02-16T04:00:00+08:00,511.0,234.0,1.7,14.7,-0.99,964.2,-99.0,0.0,-9.9,-99,-999,花蓮縣,21,壽豐鄉,161
23.8258,121.5403,月眉山,C0T9A0,2017-02-16T05:00:00+08:00,511.0,241.0,2.4,13.9,-0.99,963.9,-99.0,0.0,-9.9,-99,-999,花蓮縣,21,壽豐鄉,161
23.8258,121.5403,月眉山,C0T9A0,2017-02-16T06:00:00+08:00,511.0,237.0,1.4,14.1,-0.99,964.6,-99.0,0.0,-9.9,-99,-999,花蓮縣,21,壽豐鄉,161
23.8258,121.5403,月眉山,C0T9A0,2017-02-16T07:00:00+08:00,511.0,232.0,0.9,14.5,-0.99,964.8,-99.0,0.0,-9.9,-99,-999,花蓮縣,21,壽豐鄉,161
23.8258,121.5403,月眉山,C0T9A0,2017-02-16T08:00:00+08:00,511.0,265.0,1.0,15.7,-0.99,964.8,-99.0,0.0,-9.9,-99,-999,花蓮縣,21,壽豐鄉,161
23.8258,121.5403,月眉山,C0T9A0,2017-02-16T09:00:00+08:00,511.0,272.0,0.7,17.5,-0.99,965.0,-99.0,0.0,-9.9,-99,-999,花蓮縣,21,壽豐鄉,161
23.8258,121.5403,月眉山,C0T9A0,2017-02-16T10:00:00+08:00,511.0,221.0,0.8,19.3,-0.99,965.3,-99.0,0.0,-9.9,-99,-999,花蓮縣,21,壽豐鄉,161
23.8258,121.5403,月眉山,C0T9A0,2017-02-16T11:00:00+08:00,511.0,158.0,1.6,19.7,-0.99,964.7,-99.0,0.0,-9.9,-99,-999,花蓮縣,21,壽豐鄉,161
23.8258,121.5403,月眉山,C0T9A0,2017-02-16T12:00:00+08:00,511.0,149.0,3.8,19.1,-0.99,964.2,-99.0,0.0,-9.9,-99,-999,花蓮縣,21,壽豐鄉,161
23.8258,121.5403,月眉山,C0T9A0,2017-02-16T13:00:00+08:00,511.0,149.0,3.3,17.7,-0.99,963.6,-99.0,0.0,-9.9,-99,-999,花蓮縣,21,壽豐鄉,161
23.8258,121.5403,月眉山,C0T9A0,2017-02-16T14:00:00+08:00,511.0,151.0,3.1,17.1,-0.99,963.0,-99.0,0.0,-9.9,-99,-999,花蓮縣,21,壽豐鄉,161
23.8258,121.5403,月眉山,C0T9A0,2017-02-16T15:00:00+08:00,511.0,148.0,3.0,17.4,-0.99,962.4,-99.0,0.0,-9.9,-99,-999,花蓮縣,21,壽豐鄉,161
23.8258,121.5403,月眉山,C0T9A0,2017-02-16T16:00:00+08:00,511.0,160.0,1.9,17.2,-0.99,962.7,-99.0,0.0,-9.9,-99,-999,花蓮縣,21,壽豐鄉,161
23.8258,121.5403,月眉山,C0T9A0,2017-02-16T17:00:00+08:00,511.0,211.0,1.0,17.1,-0.99,963.1,-99.0,0.0,-9.9,-99,-999,花蓮縣,21,壽豐鄉,161
23.8258,121.5403,月眉山,C0T9A0,2017-02-16T18:00:00+08:00,511.0,247.0,0.5,16.7,-0.99,963.3,-99.0,0.0,-9.9,-99,-999,花蓮縣,21,壽豐鄉,161
23.8258,121.5403,月眉山,C0T9A0,2017-02-16T19:00:00+08:00,511.0,265.0,0.3,15.6,-0.99,963.9,-99.0,0.0,-9.9,-99,-999,花蓮縣,21,壽豐鄉,161
23.8258,121.5403,月眉山,C0T9A0,2017-02-16T20:00:00+08:00,511.0,254.0,0.8,16.2,-0.99,964.6,-99.0,0.0,-9.9,-99,-999,花蓮縣,21,壽豐鄉,161
23.8258,121.5403,月眉山,C0T9A0,2017-02-16T21:00:00+08:00,511.0,231.0,1.9,16.2,-0.99,964.6,-99.0,0.0,-9.9,-99,-999,花蓮縣,21,壽豐鄉,161
23.8258,121.5403,月眉山,C0T9A0,2017-02-16T22:00:00+08:00,511.0,219.0,2.3,15.8,-0.99,964.8,-99.0,0.0,-9.9,-99,-999,花蓮縣,21,壽豐鄉,161
23.8258,121.5403,月眉山,C0T9A0,2017-02-16T23:00:00+08:00,511.0,216.0,1.9,16.0,-0.99,964.6,-99.0,0.0,-9.9,-99,-999,花蓮縣,21,壽豐鄉,161
23.8258,121.5403,月眉山,C0T9A0,2017-02-17T00:00:00+08:00,511.0,206.0,1.9,16.4,-0.99,964.2,-99.0,0.0,-9.9,-99,-999,花蓮縣,21,壽豐鄉,161
23.8258,121.5403,月眉山,C0T9A0,2017-02-17T01:00:00+08:00,511.0,240.0,2.0,15.6,-0.99,963.5,-99.0,0.0,-9.9,-99,-999,花蓮縣,21,壽豐鄉,161
23.8258,121.5403,月眉山,C0T9A0,2017-02-17T02:00:00+08:00,511.0,239.0,1.5,15.5,-0.99,963.2,-99.0,0.0,-9.9,-99,-999,花蓮縣,21,壽豐鄉,161
23.8258,121.5403,月眉山,C0T9A0,2017-02-17T03:00:00+08:00,511.0,239.0,1.1,15.6,-0.99,962.9,-99.0,0.0,-9.9,-99,-999,花蓮縣,21,壽豐鄉,161
23.8258,121.5403,月眉山,C0T9A0,2017-02-17T04:00:00+08:00,511.0,255.0,1.4,15.3,-0.99,962.9,-99.0,0.0,-9.9,-99,-999,花蓮縣,21,壽豐鄉,161
23.8258,121.5403,月眉山,C0T9A0,2017-02-17T05:00:00+08:00,511.0,254.0,1.8,15.4,-0.99,963.3,-99.0,0.0,-9.9,-99,-999,花蓮縣,21,壽豐鄉,161
23.8258,121.5403,月眉山,C0T9A0,2017-02-17T06:00:00+08:00,511.0,244.0,1.0,15.5,-0.99,963.8,-99.0,0.0,-9.9,-99,-999,花蓮縣,21,壽豐鄉,161
23.8258,121.5403,月眉山,C0T9A0,2017-02-17T07:00:00+08:00,511.0,249.0,1.3,15.9,-0.99,964.3,-99.0,0.0,-9.9,-99,-999,花蓮縣,21,壽豐鄉,161
23.8258,121.5403,月眉山,C0T9A0,2017-02-17T08:00:00+08:00,511.0,292.0,0.6,16.1,-0.99,965.0,-99.0,0.0,-9.9,-99,-999,花蓮縣,21,壽豐鄉,161
23.8258,121.5403,月眉山,C0T9A0,2017-02-17T10:00:00+08:00,511.0,144.0,1.3,21.2,-0.99,965.3,-99.0,0.0,-9.9,-99,-999,花蓮縣,21,壽豐鄉,161
23.8258,121.5403,月眉山,C0T9A0,2017-02-17T11:00:00+08:00,511.0,139.0,2.1,20.4,-0.99,964.8,-99.0,0.0,-9.9,-99,-999,花蓮縣,21,壽豐鄉,161
23.8258,121.5403,月眉山,C0T9A0,2017-02-17T12:00:00+08:00,511.0,157.0,2.7,20.1,-0.99,964.1,-99.0,0.0,-9.9,-99,-999,花蓮縣,21,壽豐鄉,161
23.8258,121.5403,月眉山,C0T9A0,2017-02-17T13:00:00+08:00,511.0,149.0,2.8,20.2,-0.99,963.2,-99.0,0.0,-9.9,-99,-999,花蓮縣,21,壽豐鄉,161
23.8258,121.5403,月眉山,C0T9A0,2017-02-17T14:00:00+08:00,511.0,157.0,2.5,17.8,-0.99,962.7,-99.0,0.0,-9.9,-99,-999,花蓮縣,21,壽豐鄉,161
23.8258,121.5403,月眉山,C0T9A0,2017-02-17T15:00:00+08:00,511.0,145.0,2.1,18.0,-0.99,962.6,-99.0,0.0,-9.9,-99,-999,花蓮縣,21,壽豐鄉,161
23.8258,121.5403,月眉山,C0T9A0,2017-02-17T16:00:00+08:00,511.0,151.0,2.2,17.6,-0.99,962.8,-99.0,0.0,-9.9,-99,-999,花蓮縣,21,壽豐鄉,161
23.8258,121.5403,月眉山,C0T9A0,2017-02-17T17:00:00+08:00,511.0,142.0,0.6,17.6,-0.99,963.1,-99.0,0.0,-9.9,-99,-999,花蓮縣,21,壽豐鄉,161
23.8258,121.5403,月眉山,C0T9A0,2017-02-17T18:00:00+08:00,511.0,0.0,0.0,17.3,-0.99,963.5,-99.0,0.0,-9.9,-99,-999,花蓮縣,21,壽豐鄉,161
23.8258,121.5403,月眉山,C0T9A0,2017-02-17T19:00:00+08:00,511.0,0.0,0.0,16.9,-0.99,963.8,-99.0,0.0,-9.9,-99,-999,花蓮縣,21,壽豐鄉,161
23.8258,121.5403,月眉山,C0T9A0,2017-02-17T20:00:00+08:00,511.0,332.0,0.7,17.2,-0.99,964.6,-99.0,0.0,-9.9,-99,-999,花蓮縣,21,壽豐鄉,161
23.8258,121.5403,月眉山,C0T9A0,2017-02-17T21:00:00+08:00,511.0,261.0,0.3,16.8,-0.99,965.0,-99.0,0.0,-9.9,-99,-999,花蓮縣,21,壽豐鄉,161
23.8258,121.5403,月眉山,C0T9A0,2017-02-17T22:00:00+08:00,511.0,235.0,1.5,17.6,-0.99,965.1,-99.0,0.0,-9.9,-99,-999,花蓮縣,21,壽豐鄉,161
23.8258,121.5403,月眉山,C0T9A0,2017-02-17T23:00:00+08:00,511.0,243.0,0.8,17.6,-0.99,965.0,-99.0,0.0,-9.9,-99,-999,花蓮縣,21,壽豐鄉,161
23.8258,121.5403,月眉山,C0T9A0,2017-02-18T01:00:00+08:00,511.0,0.0,0.2,17.0,-0.99,964.6,-99.0,0.0,-9.9,-99,-999,花蓮縣,21,壽豐鄉,161
23.8258,121.5403,月眉山,C0T9A0,2017-02-18T02:00:00+08:00,511.0,263.0,0.4,16.6,-0.99,964.2,-99.0,0.0,-9.9,-99,-999,花蓮縣,21,壽豐鄉,161
23.8258,121.5403,月眉山,C0T9A0,2017-02-18T03:00:00+08:00,511.0,0.0,0.0,16.4,-0.99,963.8,-99.0,0.0,-9.9,-99,-999,花蓮縣,21,壽豐鄉,161
23.8258,121.5403,月眉山,C0T9A0,2017-02-18T04:00:00+08:00,511.0,0.0,0.0,16.2,-0.99,963.6,-99.0,0.0,-9.9,-99,-999,花蓮縣,21,壽豐鄉,161
23.8258,121.5403,月眉山,C0T9A0,2017-02-18T05:00:00+08:00,511.0,0.0,0.0,15.8,-0.99,963.7,-99.0,0.0,-9.9,-99,-999,花蓮縣,21,壽豐鄉,161
23.8258,121.5403,月眉山,C0T9A0,2017-02-18T06:00:00+08:00,511.0,293.0,0.9,15.5,-0.99,964.4,-99.0,0.0,-9.9,-99,-999,花蓮縣,21,壽豐鄉,161
23.8258,121.5403,月眉山,C0T9A0,2017-02-18T07:00:00+08:00,511.0,0.0,0.0,15.7,-0.99,965.0,-99.0,0.0,-9.9,-99,-999,花蓮縣,21,壽豐鄉,161
23.8258,121.5403,月眉山,C0T9A0,2017-02-18T08:00:00+08:00,511.0,0.0,0.0,16.9,-0.99,965.4,-99.0,0.0,-9.9,-99,-999,花蓮縣,21,壽豐鄉,161
23.8258,121.5403,月眉山,C0T9A0,2017-02-18T10:00:00+08:00,511.0,0.0,0.0,20.8,-0.99,965.8,-99.0,0.0,-9.9,-99,-999,花蓮縣,21,壽豐鄉,161
23.8258,121.5403,月眉山,C0T9A0,2017-02-18T11:00:00+08:00,511.0,0.0,0.1,18.9,-0.99,965.4,-99.0,0.0,-9.9,-99,-999,花蓮縣,21,壽豐鄉,161
23.8258,121.5403,月眉山,C0T9A0,2017-02-18T12:00:00+08:00,511.0,82.0,0.4,20.6,-0.99,964.7,-99.0,0.0,-9.9,-99,-999,花蓮縣,21,壽豐鄉,161
23.8258,121.5403,月眉山,C0T9A0,2017-02-18T13:00:00+08:00,511.0,82.0,0.7,19.3,-0.99,964.0,-99.0,0.0,-9.9,-99,-999,花蓮縣,21,壽豐鄉,161
23.8258,121.5403,月眉山,C0T9A0,2017-02-18T14:00:00+08:00,511.0,63.0,0.7,19.0,-0.99,963.4,-99.0,0.0,-9.9,-99,-999,花蓮縣,21,壽豐鄉,161
23.8258,121.5403,月眉山,C0T9A0,2017-02-18T15:00:00+08:00,511.0,0.0,0.1,17.5,-0.99,963.3,-99.0,0.0,-9.9,-99,-999,花蓮縣,21,壽豐鄉,161
23.8258,121.5403,月眉山,C0T9A0,2017-02-18T16:00:00+08:00,511.0,0.0,0.1,17.0,-0.99,963.7,-99.0,0.0,-9.9,-99,-999,花蓮縣,21,壽豐鄉,161
23.8258,121.5403,月眉山,C0T9A0,2017-02-18T17:00:00+08:00,511.0,0.0,0.2,16.0,-0.99,964.2,-99.0,2.0,-9.9,-99,-999,花蓮縣,21,壽豐鄉,161
23.8258,121.5403,月眉山,C0T9A0,2017-02-18T18:00:00+08:00,511.0,86.0,0.4,15.6,-0.99,964.8,-99.0,2.5,-9.9,-99,-999,花蓮縣,21,壽豐鄉,161
23.8258,121.5403,月眉山,C0T9A0,2017-02-18T19:00:00+08:00,511.0,0.0,0.1,15.5,-0.99,965.4,-99.0,6.5,-9.9,-99,-999,花蓮縣,21,壽豐鄉,161
23.8258,121.5403,月眉山,C0T9A0,2017-02-18T20:00:00+08:00,511.0,86.0,0.4,15.3,-0.99,965.8,-99.0,7.0,-9.9,-99,-999,花蓮縣,21,壽豐鄉,161
23.8258,121.5403,月眉山,C0T9A0,2017-02-18T21:00:00+08:00,511.0,0.0,0.2,15.0,-0.99,966.4,-99.0,10.5,-9.9,-99,-999,花蓮縣,21,壽豐鄉,161
23.8258,121.5403,月眉山,C0T9A0,2017-02-18T22:00:00+08:00,511.0,0.0,0.1,15.1,-0.99,966.3,-99.0,12.0,-9.9,-99,-999,花蓮縣,21,壽豐鄉,161
23.8258,121.5403,月眉山,C0T9A0,2017-02-18T23:00:00+08:00,511.0,0.0,0.1,14.9,-0.99,965.9,-99.0,27.0,-9.9,-99,-999,花蓮縣,21,壽豐鄉,161
23.8258,121.5403,月眉山,C0T9A0,2017-02-19T00:00:00+08:00,511.0,0.0,0.1,14.9,-0.99,965.6,-99.0,32.5,-9.9,-99,-999,花蓮縣,21,壽豐鄉,161
23.8258,121.5403,月眉山,C0T9A0,2017-02-19T01:00:00+08:00,511.0,0.0,0.0,14.6,-0.99,965.3,-99.0,8.0,-9.9,-99,-999,花蓮縣,21,壽豐鄉,161
23.8258,121.5403,月眉山,C0T9A0,2017-02-19T02:00:00+08:00,511.0,0.0,0.0,14.4,-0.99,964.9,-99.0,12.5,-9.9,-99,-999,花蓮縣,21,壽豐鄉,161
23.8258,121.5403,月眉山,C0T9A0,2017-02-19T03:00:00+08:00,511.0,0.0,0.0,14.2,-0.99,964.5,-99.0,13.5,-9.9,-99,-999,花蓮縣,21,壽豐鄉,161
23.8258,121.5403,月眉山,C0T9A0,2017-02-19T04:00:00+08:00,511.0,0.0,0.1,13.9,-0.99,964.3,-99.0,14.0,-9.9,-99,-999,花蓮縣,21,壽豐鄉,161
23.8258,121.5403,月眉山,C0T9A0,2017-02-19T05:00:00+08:00,511.0,0.0,0.0,13.9,-0.99,964.2,-99.0,14.0,-9.9,-99,-999,花蓮縣,21,壽豐鄉,161
23.8258,121.5403,月眉山,C0T9A0,2017-02-19T06:00:00+08:00,511.0,0.0,0.0,13.9,-0.99,964.3,-99.0,14.5,-9.9,-99,-999,花蓮縣,21,壽豐鄉,161
23.8258,121.5403,月眉山,C0T9A0,2017-02-19T07:00:00+08:00,511.0,0.0,0.0,13.8,-0.99,964.6,-99.0,14.5,-9.9,-99,-999,花蓮縣,21,壽豐鄉,161
23.8258,121.5403,月眉山,C0T9A0,2017-02-19T08:00:00+08:00,511.0,0.0,0.0,14.5,-0.99,964.7,-99.0,14.5,-9.9,-99,-999,花蓮縣,21,壽豐鄉,161
23.8258,121.5403,月眉山,C0T9A0,2017-02-19T10:00:00+08:00,511.0,271.0,0.3,18.1,-0.99,964.2,-99.0,14.5,-9.9,-99,-999,花蓮縣,21,壽豐鄉,161
23.8258,121.5403,月眉山,C0T9A0,2017-02-19T11:00:00+08:00,511.0,177.0,0.7,20.0,-0.99,963.3,-99.0,15.0,-9.9,-99,-999,花蓮縣,21,壽豐鄉,161
23.8258,121.5403,月眉山,C0T9A0,2017-02-19T12:00:00+08:00,511.0,137.0,0.4,17.9,-0.99,962.3,-99.0,15.0,-9.9,-99,-999,花蓮縣,21,壽豐鄉,161
23.8258,121.5403,月眉山,C0T9A0,2017-02-19T13:00:00+08:00,511.0,133.0,1.4,19.3,-0.99,960.9,-99.0,15.0,-9.9,-99,-999,花蓮縣,21,壽豐鄉,161
23.8258,121.5403,月眉山,C0T9A0,2017-02-19T14:00:00+08:00,511.0,151.0,2.2,17.8,-0.99,959.8,-99.0,15.0,-9.9,-99,-999,花蓮縣,21,壽豐鄉,161
23.8258,121.5403,月眉山,C0T9A0,2017-02-19T15:00:00+08:00,511.0,151.0,2.8,19.1,-0.99,959.2,-99.0,15.0,-9.9,-99,-999,花蓮縣,21,壽豐鄉,161
23.8258,121.5403,月眉山,C0T9A0,2017-02-19T16:00:00+08:00,511.0,155.0,3.3,18.0,-0.99,958.9,-99.0,15.0,-9.9,-99,-999,花蓮縣,21,壽豐鄉,161
23.8258,121.5403,月眉山,C0T9A0,2017-02-19T17:00:00+08:00,511.0,156.0,2.5,17.8,-0.99,959.1,-99.0,15.0,-9.9,-99,-999,花蓮縣,21,壽豐鄉,161
23.8258,121.5403,月眉山,C0T9A0,2017-02-19T18:00:00+08:00,511.0,205.0,1.4,17.9,-0.99,959.3,-99.0,15.0,-9.9,-99,-999,花蓮縣,21,壽豐鄉,161
23.8258,121.5403,月眉山,C0T9A0,2017-02-19T19:00:00+08:00,511.0,203.0,2.0,17.6,-0.99,959.4,-99.0,15.0,-9.9,-99,-999,花蓮縣,21,壽豐鄉,161
23.8258,121.5403,月眉山,C0T9A0,2017-02-19T20:00:00+08:00,511.0,232.0,1.2,17.2,-0.99,959.7,-99.0,15.0,-9.9,-99,-999,花蓮縣,21,壽豐鄉,161
23.8258,121.5403,月眉山,C0T9A0,2017-02-19T21:00:00+08:00,511.0,186.0,2.6,17.8,-0.99,959.5,-99.0,15.0,-9.9,-99,-999,花蓮縣,21,壽豐鄉,161
23.8258,121.5403,月眉山,C0T9A0,2017-02-19T23:00:00+08:00,511.0,201.0,1.5,17.7,-0.99,959.4,-99.0,15.0,-9.9,-99,-999,花蓮縣,21,壽豐鄉,161
23.8258,121.5403,月眉山,C0T9A0,2017-02-20T00:00:00+08:00,511.0,188.0,2.2,16.7,-0.99,959.1,-99.0,15.0,-9.9,-99,-999,花蓮縣,21,壽豐鄉,161
23.8258,121.5403,月眉山,C0T9A0,2017-02-20T01:00:00+08:00,511.0,238.0,2.7,15.8,-0.99,958.3,-99.0,0.0,-9.9,-99,-999,花蓮縣,21,壽豐鄉,161
23.8258,121.5403,月眉山,C0T9A0,2017-02-20T02:00:00+08:00,511.0,0.0,0.2,17.2,-0.99,957.5,-99.0,0.0,-9.9,-99,-999,花蓮縣,21,壽豐鄉,161
23.8258,121.5403,月眉山,C0T9A0,2017-02-20T03:00:00+08:00,511.0,235.0,2.5,16.2,-0.99,957.1,-99.0,0.0,-9.9,-99,-999,花蓮縣,21,壽豐鄉,161
23.8258,121.5403,月眉山,C0T9A0,2017-02-20T04:00:00+08:00,511.0,209.0,2.5,17.0,-0.99,956.9,-99.0,0.0,-9.9,-99,-999,花蓮縣,21,壽豐鄉,161
23.8258,121.5403,月眉山,C0T9A0,2017-02-20T05:00:00+08:00,511.0,214.0,2.8,17.0,-0.99,957.0,-99.0,0.0,-9.9,-99,-999,花蓮縣,21,壽豐鄉,161
23.8258,121.5403,月眉山,C0T9A0,2017-02-20T06:00:00+08:00,511.0,214.0,2.5,16.9,-0.99,957.5,-99.0,0.0,-9.9,-99,-999,花蓮縣,21,壽豐鄉,161
23.8258,121.5403,月眉山,C0T9A0,2017-02-20T07:00:00+08:00,511.0,200.0,2.6,18.4,-0.99,958.2,-99.0,0.0,-9.9,-99,-999,花蓮縣,21,壽豐鄉,161
23.8258,121.5403,月眉山,C0T9A0,2017-02-20T08:00:00+08:00,511.0,175.0,0.9,18.8,-0.99,959.0,-99.0,0.0,-9.9,-99,-999,花蓮縣,21,壽豐鄉,161
23.8258,121.5403,月眉山,C0T9A0,2017-02-20T10:00:00+08:00,511.0,130.0,0.8,19.4,-0.99,958.7,-99.0,0.0,-9.9,-99,-999,花蓮縣,21,壽豐鄉,161
23.8258,121.5403,月眉山,C0T9A0,2017-02-20T11:00:00+08:00,511.0,116.0,0.3,21.0,-0.99,958.3,-99.0,0.0,-9.9,-99,-999,花蓮縣,21,壽豐鄉,161
23.8258,121.5403,月眉山,C0T9A0,2017-02-20T12:00:00+08:00,511.0,0.0,0.2,22.2,-0.99,957.7,-99.0,0.0,-9.9,-99,-999,花蓮縣,21,壽豐鄉,161
23.8258,121.5403,月眉山,C0T9A0,2017-02-20T13:00:00+08:00,511.0,0.0,0.1,21.6,-0.99,957.0,-99.0,0.0,-9.9,-99,-999,花蓮縣,21,壽豐鄉,161
23.8258,121.5403,月眉山,C0T9A0,2017-02-20T14:00:00+08:00,511.0,148.0,0.7,21.8,-0.99,956.3,-99.0,0.0,-9.9,-99,-999,花蓮縣,21,壽豐鄉,161
23.8258,121.5403,月眉山,C0T9A0,2017-02-20T15:00:00+08:00,511.0,0.0,0.1,21.3,-0.99,956.2,-99.0,0.0,-9.9,-99,-999,花蓮縣,21,壽豐鄉,161
23.8258,121.5403,月眉山,C0T9A0,2017-02-20T16:00:00+08:00,511.0,0.0,0.0,21.1,-0.99,956.6,-99.0,0.0,-9.9,-99,-999,花蓮縣,21,壽豐鄉,161
23.8258,121.5403,月眉山,C0T9A0,2017-02-20T17:00:00+08:00,511.0,0.0,0.0,19.7,-0.99,957.5,-99.0,0.0,-9.9,-99,-999,花蓮縣,21,壽豐鄉,161
23.8258,121.5403,月眉山,C0T9A0,2017-02-20T18:00:00+08:00,511.0,0.0,0.1,18.6,-0.99,958.1,-99.0,0.0,-9.9,-99,-999,花蓮縣,21,壽豐鄉,161
23.8258,121.5403,月眉山,C0T9A0,2017-02-20T19:00:00+08:00,511.0,0.0,0.2,18.3,-0.99,958.9,-99.0,0.0,-9.9,-99,-999,花蓮縣,21,壽豐鄉,161
23.8258,121.5403,月眉山,C0T9A0,2017-02-20T20:00:00+08:00,511.0,0.0,0.0,18.0,-0.99,959.5,-99.0,0.0,-9.9,-99,-999,花蓮縣,21,壽豐鄉,161
23.8258,121.5403,月眉山,C0T9A0,2017-02-20T21:00:00+08:00,511.0,0.0,0.1,18.0,-0.99,960.3,-99.0,0.0,-9.9,-99,-999,花蓮縣,21,壽豐鄉,161
23.8258,121.5403,月眉山,C0T9A0,2017-02-20T22:00:00+08:00,511.0,0.0,0.0,17.4,-0.99,961.2,-99.0,0.0,-9.9,-99,-999,花蓮縣,21,壽豐鄉,161
23.8258,121.5403,月眉山,C0T9A0,2017-02-20T23:00:00+08:00,511.0,45.0,0.3,17.5,-0.99,961.4,-99.0,0.0,-9.9,-99,-999,花蓮縣,21,壽豐鄉,161
23.8258,121.5403,月眉山,C0T9A0,2017-02-21T00:00:00+08:00,511.0,0.0,0.0,17.7,-0.99,961.6,-99.0,0.0,-9.9,-99,-999,花蓮縣,21,壽豐鄉,161
23.8258,121.5403,月眉山,C0T9A0,2017-02-21T01:00:00+08:00,511.0,0.0,0.0,17.6,-0.99,962.1,-99.0,0.0,-9.9,-99,-999,花蓮縣,21,壽豐鄉,161
23.8258,121.5403,月眉山,C0T9A0,2017-02-21T02:00:00+08:00,511.0,0.0,0.1,17.7,-0.99,962.1,-99.0,0.0,-9.9,-99,-999,花蓮縣,21,壽豐鄉,161
23.8258,121.5403,月眉山,C0T9A0,2017-02-21T03:00:00+08:00,511.0,98.0,0.6,17.4,-0.99,961.9,-99.0,0.0,-9.9,-99,-999,花蓮縣,21,壽豐鄉,161
23.8258,121.5403,月眉山,C0T9A0,2017-02-21T04:00:00+08:00,511.0,114.0,0.3,16.9,-0.99,962.2,-99.0,0.0,-9.9,-99,-999,花蓮縣,21,壽豐鄉,161
23.8258,121.5403,月眉山,C0T9A0,2017-02-21T05:00:00+08:00,511.0,84.0,0.7,16.5,-0.99,963.2,-99.0,0.0,-9.9,-99,-999,花蓮縣,21,壽豐鄉,161
23.8258,121.5403,月眉山,C0T9A0,2017-02-21T06:00:00+08:00,511.0,107.0,0.3,16.1,-0.99,963.9,-99.0,0.0,-9.9,-99,-999,花蓮縣,21,壽豐鄉,161
23.8258,121.5403,月眉山,C0T9A0,2017-02-21T07:00:00+08:00,511.0,97.0,0.3,16.1,-0.99,965.2,-99.0,0.0,-9.9,-99,-999,花蓮縣,21,壽豐鄉,161
23.8258,121.5403,月眉山,C0T9A0,2017-02-21T08:00:00+08:00,511.0,0.0,0.1,16.2,-0.99,965.6,-99.0,0.0,-9.9,-99,-999,花蓮縣,21,壽豐鄉,161
23.8258,121.5403,月眉山,C0T9A0,2017-02-21T09:00:00+08:00,511.0,0.0,0.1,16.8,-0.99,965.8,-99.0,0.0,-9.9,-99,-999,花蓮縣,21,壽豐鄉,161
23.8258,121.5403,月眉山,C0T9A0,2017-02-21T10:00:00+08:00,511.0,131.0,0.3,16.8,-0.99,966.0,-99.0,0.0,-9.9,-99,-999,花蓮縣,21,壽豐鄉,161
23.8258,121.5403,月眉山,C0T9A0,2017-02-21T11:00:00+08:00,511.0,0.0,0.2,16.4,-0.99,965.7,-99.0,0.5,-9.9,-99,-999,花蓮縣,21,壽豐鄉,161
23.8258,121.5403,月眉山,C0T9A0,2017-02-21T12:00:00+08:00,511.0,0.0,0.0,18.2,-0.99,964.5,-99.0,1.5,-9.9,-99,-999,花蓮縣,21,壽豐鄉,161
23.8258,121.5403,月眉山,C0T9A0,2017-02-21T13:00:00+08:00,511.0,0.0,0.0,18.7,-0.99,963.5,-99.0,1.5,-9.9,-99,-999,花蓮縣,21,壽豐鄉,161
23.8258,121.5403,月眉山,C0T9A0,2017-02-21T14:00:00+08:00,511.0,0.0,0.0,19.2,-0.99,962.7,-99.0,1.5,-9.9,-99,-999,花蓮縣,21,壽豐鄉,161
23.8258,121.5403,月眉山,C0T9A0,2017-02-21T15:00:00+08:00,511.0,0.0,0.0,18.6,-0.99,962.1,-99.0,1.5,-9.9,-99,-999,花蓮縣,21,壽豐鄉,161
23.8258,121.5403,月眉山,C0T9A0,2017-02-21T16:00:00+08:00,511.0,0.0,0.0,18.4,-0.99,962.1,-99.0,1.5,-9.9,-99,-999,花蓮縣,21,壽豐鄉,161
23.8258,121.5403,月眉山,C0T9A0,2017-02-21T17:00:00+08:00,511.0,0.0,0.0,17.4,-0.99,962.3,-99.0,1.5,-9.9,-99,-999,花蓮縣,21,壽豐鄉,161
23.8258,121.5403,月眉山,C0T9A0,2017-02-21T18:00:00+08:00,511.0,279.0,0.5,17.1,-0.99,962.4,-99.0,1.5,-9.9,-99,-999,花蓮縣,21,壽豐鄉,161
23.8258,121.5403,月眉山,C0T9A0,2017-02-21T19:00:00+08:00,511.0,284.0,1.6,16.9,-0.99,962.5,-99.0,1.5,-9.9,-99,-999,花蓮縣,21,壽豐鄉,161
23.8258,121.5403,月眉山,C0T9A0,2017-02-21T20:00:00+08:00,511.0,247.0,1.8,16.7,-0.99,962.6,-99.0,1.5,-9.9,-99,-999,花蓮縣,21,壽豐鄉,161
23.8258,121.5403,月眉山,C0T9A0,2017-02-21T21:00:00+08:00,511.0,257.0,2.0,16.9,-0.99,962.8,-99.0,1.5,-9.9,-99,-999,花蓮縣,21,壽豐鄉,161
23.8258,121.5403,月眉山,C0T9A0,2017-02-21T22:00:00+08:00,511.0,247.0,1.9,17.9,-0.99,962.6,-99.0,1.5,-9.9,-99,-999,花蓮縣,21,壽豐鄉,161
23.8258,121.5403,月眉山,C0T9A0,2017-02-21T23:00:00+08:00,511.0,224.0,2.0,18.6,-0.99,962.2,-99.0,1.5,-9.9,-99,-999,花蓮縣,21,壽豐鄉,161
23.8258,121.5403,月眉山,C0T9A0,2017-02-22T00:00:00+08:00,511.0,215.0,1.9,18.7,-0.99,961.7,-99.0,1.5,-9.9,-99,-999,花蓮縣,21,壽豐鄉,161
23.8258,121.5403,月眉山,C0T9A0,2017-02-22T01:00:00+08:00,511.0,212.0,2.1,18.2,-0.99,960.9,-99.0,0.0,-9.9,-99,-999,花蓮縣,21,壽豐鄉,161
23.8258,121.5403,月眉山,C0T9A0,2017-02-22T02:00:00+08:00,511.0,156.0,2.6,18.1,-0.99,960.4,-99.0,0.0,-9.9,-99,-999,花蓮縣,21,壽豐鄉,161
23.8258,121.5403,月眉山,C0T9A0,2017-02-22T03:00:00+08:00,511.0,180.0,2.0,17.8,-0.99,959.7,-99.0,0.0,-9.9,-99,-999,花蓮縣,21,壽豐鄉,161
23.8258,121.5403,月眉山,C0T9A0,2017-02-22T04:00:00+08:00,511.0,235.0,1.5,17.3,-0.99,959.6,-99.0,0.0,-9.9,-99,-999,花蓮縣,21,壽豐鄉,161
23.8258,121.5403,月眉山,C0T9A0,2017-02-22T05:00:00+08:00,511.0,216.0,2.8,16.9,-0.99,959.0,-99.0,0.0,-9.9,-99,-999,花蓮縣,21,壽豐鄉,161
23.8258,121.5403,月眉山,C0T9A0,2017-02-22T07:00:00+08:00,511.0,211.0,2.9,18.2,-0.99,959.8,-99.0,0.0,-9.9,-99,-999,花蓮縣,21,壽豐鄉,161
23.8258,121.5403,月眉山,C0T9A0,2017-02-22T08:00:00+08:00,511.0,187.0,1.4,19.6,-0.99,960.1,-99.0,0.0,-9.9,-99,-999,花蓮縣,21,壽豐鄉,161
23.8258,121.5403,月眉山,C0T9A0,2017-02-22T09:00:00+08:00,511.0,182.0,0.6,20.7,-0.99,960.4,-99.0,0.0,-9.9,-99,-999,花蓮縣,21,壽豐鄉,161
23.8258,121.5403,月眉山,C0T9A0,2017-02-22T10:00:00+08:00,511.0,0.0,0.2,21.5,-0.99,960.2,-99.0,0.0,-9.9,-99,-999,花蓮縣,21,壽豐鄉,161
23.8258,121.5403,月眉山,C0T9A0,2017-02-22T11:00:00+08:00,511.0,161.0,0.4,20.3,-0.99,959.4,-99.0,0.5,-9.9,-99,-999,花蓮縣,21,壽豐鄉,161
23.8258,121.5403,月眉山,C0T9A0,2017-02-22T12:00:00+08:00,511.0,151.0,1.1,21.4,-0.99,958.3,-99.0,0.5,-9.9,-99,-999,花蓮縣,21,壽豐鄉,161
23.8258,121.5403,月眉山,C0T9A0,2017-02-22T13:00:00+08:00,511.0,148.0,2.7,19.8,-0.99,957.6,-99.0,0.5,-9.9,-99,-999,花蓮縣,21,壽豐鄉,161
23.8258,121.5403,月眉山,C0T9A0,2017-02-22T14:00:00+08:00,511.0,155.0,3.1,19.6,-0.99,957.0,-99.0,1.0,-9.9,-99,-999,花蓮縣,21,壽豐鄉,161
23.8258,121.5403,月眉山,C0T9A0,2017-02-22T15:00:00+08:00,511.0,159.0,2.4,19.6,-0.99,956.3,-99.0,1.5,-9.9,-99,-999,花蓮縣,21,壽豐鄉,161
23.8258,121.5403,月眉山,C0T9A0,2017-02-22T16:00:00+08:00,511.0,175.0,1.4,19.5,-0.99,956.6,-99.0,1.5,-9.9,-99,-999,花蓮縣,21,壽豐鄉,161
23.8258,121.5403,月眉山,C0T9A0,2017-02-22T17:00:00+08:00,511.0,0.0,0.0,19.7,-0.99,957.0,-99.0,1.5,-9.9,-99,-999,花蓮縣,21,壽豐鄉,161
23.8258,121.5403,月眉山,C0T9A0,2017-02-22T18:00:00+08:00,511.0,0.0,0.0,19.3,-0.99,957.3,-99.0,2.0,-9.9,-99,-999,花蓮縣,21,壽豐鄉,161
23.8258,121.5403,月眉山,C0T9A0,2017-02-22T19:00:00+08:00,511.0,0.0,0.1,19.2,-0.99,957.4,-99.0,2.0,-9.9,-99,-999,花蓮縣,21,壽豐鄉,161
23.8258,121.5403,月眉山,C0T9A0,2017-02-22T20:00:00+08:00,511.0,0.0,0.0,19.1,-0.99,958.0,-99.0,2.0,-9.9,-99,-999,花蓮縣,21,壽豐鄉,161
23.8258,121.5403,月眉山,C0T9A0,2017-02-22T21:00:00+08:00,511.0,0.0,0.0,19.4,-0.99,958.2,-99.0,2.0,-9.9,-99,-999,花蓮縣,21,壽豐鄉,161
23.8258,121.5403,月眉山,C0T9A0,2017-02-22T22:00:00+08:00,511.0,0.0,0.0,19.0,-0.99,958.3,-99.0,2.0,-9.9,-99,-999,花蓮縣,21,壽豐鄉,161
23.8258,121.5403,月眉山,C0T9A0,2017-02-22T23:00:00+08:00,511.0,0.0,0.0,19.1,-0.99,958.4,-99.0,2.0,-9.9,-99,-999,花蓮縣,21,壽豐鄉,161
23.8258,121.5403,月眉山,C0T9A0,2017-02-23T00:00:00+08:00,511.0,0.0,0.1,19.2,-0.99,958.2,-99.0,2.5,-9.9,-99,-999,花蓮縣,21,壽豐鄉,161
23.8258,121.5403,月眉山,C0T9A0,2017-02-23T01:00:00+08:00,511.0,0.0,0.2,19.1,-0.99,957.7,-99.0,0.0,-9.9,-99,-999,花蓮縣,21,壽豐鄉,161
23.8258,121.5403,月眉山,C0T9A0,2017-02-23T02:00:00+08:00,511.0,0.0,0.0,19.0,-0.99,957.7,-99.0,0.0,-9.9,-99,-999,花蓮縣,21,壽豐鄉,161
23.8258,121.5403,月眉山,C0T9A0,2017-02-23T03:00:00+08:00,511.0,0.0,0.1,19.0,-0.99,957.4,-99.0,0.0,-9.9,-99,-999,花蓮縣,21,壽豐鄉,161
23.8258,121.5403,月眉山,C0T9A0,2017-02-23T04:00:00+08:00,511.0,0.0,0.0,18.9,-0.99,957.4,-99.0,0.0,-9.9,-99,-999,花蓮縣,21,壽豐鄉,161
23.8258,121.5403,月眉山,C0T9A0,2017-02-23T05:00:00+08:00,511.0,0.0,0.1,18.1,-0.99,957.7,-99.0,0.0,-9.9,-99,-999,花蓮縣,21,壽豐鄉,161
23.8258,121.5403,月眉山,C0T9A0,2017-02-23T06:00:00+08:00,511.0,0.0,0.1,17.8,-0.99,958.7,-99.0,0.0,-9.9,-99,-999,花蓮縣,21,壽豐鄉,161
23.8258,121.5403,月眉山,C0T9A0,2017-02-23T07:00:00+08:00,511.0,0.0,0.1,17.2,-0.99,959.6,-99.0,0.0,-9.9,-99,-999,花蓮縣,21,壽豐鄉,161
23.8258,121.5403,月眉山,C0T9A0,2017-02-23T08:00:00+08:00,511.0,112.0,0.3,16.8,-0.99,959.9,-99.0,0.0,-9.9,-99,-999,花蓮縣,21,壽豐鄉,161
23.8258,121.5403,月眉山,C0T9A0,2017-02-23T10:00:00+08:00,511.0,0.0,0.1,16.8,-0.99,960.6,-99.0,1.0,-9.9,-99,-999,花蓮縣,21,壽豐鄉,161
23.8258,121.5403,月眉山,C0T9A0,2017-02-23T11:00:00+08:00,511.0,0.0,0.1,16.6,-0.99,960.6,-99.0,1.5,-9.9,-99,-999,花蓮縣,21,壽豐鄉,161
23.8258,121.5403,月眉山,C0T9A0,2017-02-23T12:00:00+08:00,511.0,0.0,0.1,16.5,-0.99,960.3,-99.0,2.0,-9.9,-99,-999,花蓮縣,21,壽豐鄉,161
23.8258,121.5403,月眉山,C0T9A0,2017-02-23T13:00:00+08:00,511.0,0.0,0.1,16.1,-0.99,959.5,-99.0,2.0,-9.9,-99,-999,花蓮縣,21,壽豐鄉,161
23.8258,121.5403,月眉山,C0T9A0,2017-02-23T14:00:00+08:00,511.0,0.0,0.1,15.8,-0.99,959.1,-99.0,2.5,-9.9,-99,-999,花蓮縣,21,壽豐鄉,161
23.8258,121.5403,月眉山,C0T9A0,2017-02-23T15:00:00+08:00,511.0,0.0,0.1,15.4,-0.99,959.4,-99.0,3.0,-9.9,-99,-999,花蓮縣,21,壽豐鄉,161
23.8258,121.5403,月眉山,C0T9A0,2017-02-23T16:00:00+08:00,511.0,0.0,0.1,14.6,-0.99,959.9,-99.0,4.0,-9.9,-99,-999,花蓮縣,21,壽豐鄉,161
23.8258,121.5403,月眉山,C0T9A0,2017-02-23T17:00:00+08:00,511.0,95.0,0.3,13.8,-0.99,960.6,-99.0,4.5,-9.9,-99,-999,花蓮縣,21,壽豐鄉,161
23.8258,121.5403,月眉山,C0T9A0,2017-02-23T18:00:00+08:00,511.0,84.0,0.3,13.2,-0.99,961.4,-99.0,5.0,-9.9,-99,-999,花蓮縣,21,壽豐鄉,161
23.8258,121.5403,月眉山,C0T9A0,2017-02-23T19:00:00+08:00,511.0,79.0,0.4,12.5,-0.99,962.1,-99.0,5.5,-9.9,-99,-999,花蓮縣,21,壽豐鄉,161
23.8258,121.5403,月眉山,C0T9A0,2017-02-23T20:00:00+08:00,511.0,0.0,0.2,12.1,-0.99,962.6,-99.0,5.5,-9.9,-99,-999,花蓮縣,21,壽豐鄉,161
23.8258,121.5403,月眉山,C0T9A0,2017-02-23T21:00:00+08:00,511.0,0.0,0.1,11.8,-0.99,963.3,-99.0,6.0,-9.9,-99,-999,花蓮縣,21,壽豐鄉,161
23.8258,121.5403,月眉山,C0T9A0,2017-02-23T22:00:00+08:00,511.0,0.0,0.1,11.6,-0.99,963.8,-99.0,6.0,-9.9,-99,-999,花蓮縣,21,壽豐鄉,161
23.8258,121.5403,月眉山,C0T9A0,2017-02-23T23:00:00+08:00,511.0,0.0,0.0,11.4,-0.99,964.0,-99.0,6.5,-9.9,-99,-999,花蓮縣,21,壽豐鄉,161
23.8258,121.5403,月眉山,C0T9A0,2017-02-24T00:00:00+08:00,511.0,0.0,0.1,11.4,-0.99,963.8,-99.0,6.5,-9.9,-99,-999,花蓮縣,21,壽豐鄉,161
23.8258,121.5403,月眉山,C0T9A0,2017-02-24T01:00:00+08:00,511.0,0.0,0.0,11.4,-0.99,963.3,-99.0,0.0,-9.9,-99,-999,花蓮縣,21,壽豐鄉,161
23.8258,121.5403,月眉山,C0T9A0,2017-02-24T02:00:00+08:00,511.0,0.0,0.0,11.2,-0.99,963.0,-99.0,0.0,-9.9,-99,-999,花蓮縣,21,壽豐鄉,161
23.8258,121.5403,月眉山,C0T9A0,2017-02-24T03:00:00+08:00,511.0,0.0,0.0,11.2,-0.99,963.0,-99.0,0.0,-9.9,-99,-999,花蓮縣,21,壽豐鄉,161
23.8258,121.5403,月眉山,C0T9A0,2017-02-24T04:00:00+08:00,511.0,0.0,0.0,11.2,-0.99,962.8,-99.0,0.0,-9.9,-99,-999,花蓮縣,21,壽豐鄉,161
23.8258,121.5403,月眉山,C0T9A0,2017-02-24T05:00:00+08:00,511.0,0.0,0.0,11.0,-0.99,962.5,-99.0,0.0,-9.9,-99,-999,花蓮縣,21,壽豐鄉,161
23.8258,121.5403,月眉山,C0T9A0,2017-02-24T06:00:00+08:00,511.0,0.0,0.0,11.3,-0.99,963.1,-99.0,0.0,-9.9,-99,-999,花蓮縣,21,壽豐鄉,161
23.8258,121.5403,月眉山,C0T9A0,2017-02-24T07:00:00+08:00,511.0,0.0,0.0,11.7,-0.99,963.3,-99.0,0.0,-9.9,-99,-999,花蓮縣,21,壽豐鄉,161
23.8258,121.5403,月眉山,C0T9A0,2017-02-24T08:00:00+08:00,511.0,0.0,0.1,12.6,-0.99,963.4,-99.0,0.0,-9.9,-99,-999,花蓮縣,21,壽豐鄉,161
23.8258,121.5403,月眉山,C0T9A0,2017-02-24T09:00:00+08:00,511.0,0.0,0.1,13.3,-0.99,963.7,-99.0,0.0,-9.9,-99,-999,花蓮縣,21,壽豐鄉,161
23.8258,121.5403,月眉山,C0T9A0,2017-02-24T10:00:00+08:00,511.0,0.0,0.0,14.8,-0.99,963.8,-99.0,0.0,-9.9,-99,-999,花蓮縣,21,壽豐鄉,161
23.8258,121.5403,月眉山,C0T9A0,2017-02-24T11:00:00+08:00,511.0,0.0,0.0,16.6,-0.99,963.3,-99.0,0.0,-9.9,-99,-999,花蓮縣,21,壽豐鄉,161
23.8258,121.5403,月眉山,C0T9A0,2017-02-24T12:00:00+08:00,511.0,0.0,0.0,15.7,-0.99,962.7,-99.0,0.0,-9.9,-99,-999,花蓮縣,21,壽豐鄉,161
23.8258,121.5403,月眉山,C0T9A0,2017-02-24T13:00:00+08:00,511.0,0.0,0.1,14.9,-0.99,962.3,-99.0,0.0,-9.9,-99,-999,花蓮縣,21,壽豐鄉,161
23.8258,121.5403,月眉山,C0T9A0,2017-02-24T14:00:00+08:00,511.0,0.0,0.1,14.0,-0.99,961.9,-99.0,0.0,-9.9,-99,-999,花蓮縣,21,壽豐鄉,161
23.8258,121.5403,月眉山,C0T9A0,2017-02-24T15:00:00+08:00,511.0,0.0,0.1,13.4,-0.99,962.1,-99.0,0.0,-9.9,-99,-999,花蓮縣,21,壽豐鄉,161
23.8258,121.5403,月眉山,C0T9A0,2017-02-24T17:00:00+08:00,511.0,0.0,0.1,12.4,-0.99,962.8,-99.0,1.0,-9.9,-99,-999,花蓮縣,21,壽豐鄉,161
23.8258,121.5403,月眉山,C0T9A0,2017-02-24T18:00:00+08:00,511.0,0.0,0.0,12.3,-0.99,963.3,-99.0,1.0,-9.9,-99,-999,花蓮縣,21,壽豐鄉,161
23.8258,121.5403,月眉山,C0T9A0,2017-02-24T19:00:00+08:00,511.0,0.0,0.2,12.1,-0.99,963.6,-99.0,1.0,-9.9,-99,-999,花蓮縣,21,壽豐鄉,161
23.8258,121.5403,月眉山,C0T9A0,2017-02-24T20:00:00+08:00,511.0,336.0,0.3,12.3,-0.99,964.3,-99.0,1.0,-9.9,-99,-999,花蓮縣,21,壽豐鄉,161
23.8258,121.5403,月眉山,C0T9A0,2017-02-24T21:00:00+08:00,511.0,0.0,0.0,12.0,-0.99,964.5,-99.0,1.5,-9.9,-99,-999,花蓮縣,21,壽豐鄉,161
23.8258,121.5403,月眉山,C0T9A0,2017-02-24T22:00:00+08:00,511.0,0.0,0.2,12.2,-0.99,964.4,-99.0,1.5,-9.9,-99,-999,花蓮縣,21,壽豐鄉,161
23.8258,121.5403,月眉山,C0T9A0,2017-02-24T23:00:00+08:00,511.0,0.0,0.0,12.0,-0.99,963.9,-99.0,1.5,-9.9,-99,-999,花蓮縣,21,壽豐鄉,161
23.8258,121.5403,月眉山,C0T9A0,2017-02-25T00:00:00+08:00,511.0,0.0,0.0,11.7,-0.99,963.6,-99.0,1.5,-9.9,-99,-999,花蓮縣,21,壽豐鄉,161
23.8258,121.5403,月眉山,C0T9A0,2017-02-25T01:00:00+08:00,511.0,0.0,0.0,12.0,-0.99,963.1,-99.0,0.0,-9.9,-99,-999,花蓮縣,21,壽豐鄉,161
23.8258,121.5403,月眉山,C0T9A0,2017-02-25T02:00:00+08:00,511.0,0.0,0.0,11.8,-0.99,962.7,-99.0,0.0,-9.9,-99,-999,花蓮縣,21,壽豐鄉,161
23.8258,121.5403,月眉山,C0T9A0,2017-02-25T03:00:00+08:00,511.0,0.0,0.0,12.0,-0.99,962.2,-99.0,0.5,-9.9,-99,-999,花蓮縣,21,壽豐鄉,161
23.8258,121.5403,月眉山,C0T9A0,2017-02-25T04:00:00+08:00,511.0,0.0,0.0,12.1,-0.99,961.7,-99.0,0.5,-9.9,-99,-999,花蓮縣,21,壽豐鄉,161
23.8258,121.5403,月眉山,C0T9A0,2017-02-25T05:00:00+08:00,511.0,0.0,0.0,12.2,-0.99,961.8,-99.0,0.5,-9.9,-99,-999,花蓮縣,21,壽豐鄉,161
23.8258,121.5403,月眉山,C0T9A0,2017-02-25T06:00:00+08:00,511.0,0.0,0.0,12.0,-0.99,962.0,-99.0,0.5,-9.9,-99,-999,花蓮縣,21,壽豐鄉,161
23.8258,121.5403,月眉山,C0T9A0,2017-02-25T07:00:00+08:00,511.0,0.0,0.0,12.2,-0.99,962.3,-99.0,0.5,-9.9,-99,-999,花蓮縣,21,壽豐鄉,161
23.8258,121.5403,月眉山,C0T9A0,2017-02-25T08:00:00+08:00,511.0,0.0,0.0,12.6,-0.99,962.5,-99.0,0.5,-9.9,-99,-999,花蓮縣,21,壽豐鄉,161
23.8258,121.5403,月眉山,C0T9A0,2017-02-25T10:00:00+08:00,511.0,0.0,0.2,14.0,-0.99,962.1,-99.0,0.5,-9.9,-99,-999,花蓮縣,21,壽豐鄉,161
23.8258,121.5403,月眉山,C0T9A0,2017-02-25T11:00:00+08:00,511.0,0.0,0.1,14.2,-0.99,961.7,-99.0,0.5,-9.9,-99,-999,花蓮縣,21,壽豐鄉,161
23.8258,121.5403,月眉山,C0T9A0,2017-02-25T12:00:00+08:00,511.0,0.0,0.1,14.1,-0.99,960.9,-99.0,0.5,-9.9,-99,-999,花蓮縣,21,壽豐鄉,161
23.8258,121.5403,月眉山,C0T9A0,2017-02-25T13:00:00+08:00,511.0,0.0,0.0,13.8,-0.99,959.9,-99.0,0.5,-9.9,-99,-999,花蓮縣,21,壽豐鄉,161
23.8258,121.5403,月眉山,C0T9A0,2017-02-25T14:00:00+08:00,511.0,0.0,0.1,13.8,-0.99,959.2,-99.0,0.5,-9.9,-99,-999,花蓮縣,21,壽豐鄉,161
23.8258,121.5403,月眉山,C0T9A0,2017-02-25T15:00:00+08:00,511.0,0.0,0.1,14.1,-0.99,958.9,-99.0,0.5,-9.9,-99,-999,花蓮縣,21,壽豐鄉,161
23.8258,121.5403,月眉山,C0T9A0,2017-02-25T16:00:00+08:00,511.0,0.0,0.0,14.2,-0.99,959.0,-99.0,1.0,-9.9,-99,-999,花蓮縣,21,壽豐鄉,161
23.8258,121.5403,月眉山,C0T9A0,2017-02-25T17:00:00+08:00,511.0,0.0,0.1,14.1,-0.99,959.4,-99.0,1.5,-9.9,-99,-999,花蓮縣,21,壽豐鄉,161
23.8258,121.5403,月眉山,C0T9A0,2017-02-25T18:00:00+08:00,511.0,0.0,0.2,13.7,-0.99,959.4,-99.0,2.0,-9.9,-99,-999,花蓮縣,21,壽豐鄉,161
23.8258,121.5403,月眉山,C0T9A0,2017-02-25T19:00:00+08:00,511.0,0.0,0.1,13.7,-0.99,960.0,-99.0,2.5,-9.9,-99,-999,花蓮縣,21,壽豐鄉,161
23.8258,121.5403,月眉山,C0T9A0,2017-02-25T20:00:00+08:00,511.0,0.0,0.1,13.6,-0.99,960.9,-99.0,3.0,-9.9,-99,-999,花蓮縣,21,壽豐鄉,161
23.8258,121.5403,月眉山,C0T9A0,2017-02-25T21:00:00+08:00,511.0,0.0,0.1,13.6,-0.99,961.1,-99.0,4.0,-9.9,-99,-999,花蓮縣,21,壽豐鄉,161
23.8258,121.5403,月眉山,C0T9A0,2017-02-25T22:00:00+08:00,511.0,0.0,0.0,13.6,-0.99,961.2,-99.0,4.0,-9.9,-99,-999,花蓮縣,21,壽豐鄉,161
23.8258,121.5403,月眉山,C0T9A0,2017-02-25T23:00:00+08:00,511.0,0.0,0.1,13.5,-0.99,961.1,-99.0,4.0,-9.9,-99,-999,花蓮縣,21,壽豐鄉,161
23.8258,121.5403,月眉山,C0T9A0,2017-02-26T01:00:00+08:00,511.0,0.0,0.1,13.4,-0.99,960.4,-99.0,0.0,-9.9,-99,-999,花蓮縣,21,壽豐鄉,161
23.8258,121.5403,月眉山,C0T9A0,2017-02-26T02:00:00+08:00,511.0,0.0,0.0,12.9,-0.99,959.9,-99.0,0.0,-9.9,-99,-999,花蓮縣,21,壽豐鄉,161
23.8258,121.5403,月眉山,C0T9A0,2017-02-26T03:00:00+08:00,511.0,0.0,0.0,12.7,-0.99,959.6,-99.0,0.0,-9.9,-99,-999,花蓮縣,21,壽豐鄉,161
23.8258,121.5403,月眉山,C0T9A0,2017-02-26T04:00:00+08:00,511.0,0.0,0.0,13.1,-0.99,959.5,-99.0,0.0,-9.9,-99,-999,花蓮縣,21,壽豐鄉,161
23.8258,121.5403,月眉山,C0T9A0,2017-02-26T05:00:00+08:00,511.0,0.0,0.0,13.1,-0.99,959.6,-99.0,0.0,-9.9,-99,-999,花蓮縣,21,壽豐鄉,161
23.8258,121.5403,月眉山,C0T9A0,2017-02-26T06:00:00+08:00,511.0,0.0,0.0,13.1,-0.99,960.1,-99.0,0.0,-9.9,-99,-999,花蓮縣,21,壽豐鄉,161
23.8258,121.5403,月眉山,C0T9A0,2017-02-26T07:00:00+08:00,511.0,0.0,0.0,13.4,-0.99,960.6,-99.0,1.0,-9.9,-99,-999,花蓮縣,21,壽豐鄉,161
23.8258,121.5403,月眉山,C0T9A0,2017-02-26T08:00:00+08:00,511.0,0.0,0.0,13.8,-0.99,961.5,-99.0,1.0,-9.9,-99,-999,花蓮縣,21,壽豐鄉,161
23.8258,121.5403,月眉山,C0T9A0,2017-02-26T11:00:00+08:00,511.0,0.0,0.0,15.2,-0.99,961.9,-99.0,2.5,-9.9,-99,-999,花蓮縣,21,壽豐鄉,161
23.8258,121.5403,月眉山,C0T9A0,2017-02-26T12:00:00+08:00,511.0,0.0,0.1,15.6,-0.99,961.5,-99.0,2.5,-9.9,-99,-999,花蓮縣,21,壽豐鄉,161
23.8258,121.5403,月眉山,C0T9A0,2017-02-26T13:00:00+08:00,511.0,0.0,0.1,15.5,-0.99,960.8,-99.0,2.5,-9.9,-99,-999,花蓮縣,21,壽豐鄉,161
23.8258,121.5403,月眉山,C0T9A0,2017-02-26T14:00:00+08:00,511.0,81.0,0.4,14.7,-0.99,960.5,-99.0,2.5,-9.9,-99,-999,花蓮縣,21,壽豐鄉,161
23.8258,121.5403,月眉山,C0T9A0,2017-02-26T15:00:00+08:00,511.0,78.0,0.8,13.5,-0.99,960.8,-99.0,2.5,-9.9,-99,-999,花蓮縣,21,壽豐鄉,161
23.8258,121.5403,月眉山,C0T9A0,2017-02-26T16:00:00+08:00,511.0,78.0,0.9,12.7,-0.99,960.9,-99.0,2.5,-9.9,-99,-999,花蓮縣,21,壽豐鄉,161
23.8258,121.5403,月眉山,C0T9A0,2017-02-26T17:00:00+08:00,511.0,73.0,0.9,12.4,-0.99,961.6,-99.0,2.5,-9.9,-99,-999,花蓮縣,21,壽豐鄉,161
23.8258,121.5403,月眉山,C0T9A0,2017-02-26T18:00:00+08:00,511.0,65.0,0.5,11.9,-0.99,962.2,-99.0,2.5,-9.9,-99,-999,花蓮縣,21,壽豐鄉,161
23.8258,121.5403,月眉山,C0T9A0,2017-02-26T19:00:00+08:00,511.0,0.0,0.1,11.5,-0.99,962.9,-99.0,2.5,-9.9,-99,-999,花蓮縣,21,壽豐鄉,161
23.8258,121.5403,月眉山,C0T9A0,2017-02-26T20:00:00+08:00,511.0,0.0,0.2,11.8,-0.99,963.7,-99.0,2.5,-9.9,-99,-999,花蓮縣,21,壽豐鄉,161
23.8258,121.5403,月眉山,C0T9A0,2017-02-26T21:00:00+08:00,511.0,0.0,0.1,11.6,-0.99,964.3,-99.0,2.5,-9.9,-99,-999,花蓮縣,21,壽豐鄉,161
23.8258,121.5403,月眉山,C0T9A0,2017-02-26T22:00:00+08:00,511.0,0.0,0.2,11.4,-0.99,964.8,-99.0,2.5,-9.9,-99,-999,花蓮縣,21,壽豐鄉,161
23.8258,121.5403,月眉山,C0T9A0,2017-02-26T23:00:00+08:00,511.0,312.0,1.2,11.5,-0.99,964.9,-99.0,2.5,-9.9,-99,-999,花蓮縣,21,壽豐鄉,161
23.8258,121.5403,月眉山,C0T9A0,2017-02-27T00:00:00+08:00,511.0,288.0,1.1,11.5,-0.99,964.7,-99.0,2.5,-9.9,-99,-999,花蓮縣,21,壽豐鄉,161
23.8258,121.5403,月眉山,C0T9A0,2017-02-27T01:00:00+08:00,511.0,298.0,1.0,11.5,-0.99,964.2,-99.0,0.0,-9.9,-99,-999,花蓮縣,21,壽豐鄉,161
23.8258,121.5403,月眉山,C0T9A0,2017-02-27T02:00:00+08:00,511.0,0.0,0.1,11.6,-0.99,963.9,-99.0,0.0,-9.9,-99,-999,花蓮縣,21,壽豐鄉,161
23.8258,121.5403,月眉山,C0T9A0,2017-02-27T03:00:00+08:00,511.0,316.0,0.4,11.4,-0.99,963.5,-99.0,0.0,-9.9,-99,-999,花蓮縣,21,壽豐鄉,161
23.8258,121.5403,月眉山,C0T9A0,2017-02-27T04:00:00+08:00,511.0,0.0,0.0,11.1,-0.99,963.6,-99.0,0.0,-9.9,-99,-999,花蓮縣,21,壽豐鄉,161
23.8258,121.5403,月眉山,C0T9A0,2017-02-27T05:00:00+08:00,511.0,0.0,0.0,11.2,-0.99,963.8,-99.0,0.5,-9.9,-99,-999,花蓮縣,21,壽豐鄉,161
23.8258,121.5403,月眉山,C0T9A0,2017-02-27T06:00:00+08:00,511.0,0.0,0.0,11.0,-0.99,964.5,-99.0,0.5,-9.9,-99,-999,花蓮縣,21,壽豐鄉,161
23.8258,121.5403,月眉山,C0T9A0,2017-02-27T07:00:00+08:00,511.0,0.0,0.1,11.2,-0.99,965.1,-99.0,0.5,-9.9,-99,-999,花蓮縣,21,壽豐鄉,161
23.8258,121.5403,月眉山,C0T9A0,2017-02-27T08:00:00+08:00,511.0,0.0,0.0,11.7,-0.99,965.3,-99.0,0.5,-9.9,-99,-999,花蓮縣,21,壽豐鄉,161
23.8258,121.5403,月眉山,C0T9A0,2017-02-27T10:00:00+08:00,511.0,0.0,0.0,12.9,-0.99,965.5,-99.0,0.5,-9.9,-99,-999,花蓮縣,21,壽豐鄉,161
23.8258,121.5403,月眉山,C0T9A0,2017-02-27T11:00:00+08:00,511.0,0.0,0.0,12.9,-0.99,965.2,-99.0,0.5,-9.9,-99,-999,花蓮縣,21,壽豐鄉,161
23.8258,121.5403,月眉山,C0T9A0,2017-02-27T12:00:00+08:00,511.0,0.0,0.0,13.6,-0.99,964.5,-99.0,0.5,-9.9,-99,-999,花蓮縣,21,壽豐鄉,161
23.8258,121.5403,月眉山,C0T9A0,2017-02-27T13:00:00+08:00,511.0,0.0,0.0,12.7,-0.99,964.0,-99.0,0.5,-9.9,-99,-999,花蓮縣,21,壽豐鄉,161
23.8258,121.5403,月眉山,C0T9A0,2017-02-27T14:00:00+08:00,511.0,0.0,0.0,14.0,-0.99,963.4,-99.0,0.5,-9.9,-99,-999,花蓮縣,21,壽豐鄉,161
23.8258,121.5403,月眉山,C0T9A0,2017-02-27T15:00:00+08:00,511.0,0.0,0.1,13.3,-0.99,963.5,-99.0,0.5,-9.9,-99,-999,花蓮縣,21,壽豐鄉,161
23.8258,121.5403,月眉山,C0T9A0,2017-02-27T16:00:00+08:00,511.0,0.0,0.0,12.6,-0.99,964.0,-99.0,0.5,-9.9,-99,-999,花蓮縣,21,壽豐鄉,161
23.8258,121.5403,月眉山,C0T9A0,2017-02-27T17:00:00+08:00,511.0,0.0,0.1,12.2,-0.99,964.4,-99.0,0.5,-9.9,-99,-999,花蓮縣,21,壽豐鄉,161
23.8258,121.5403,月眉山,C0T9A0,2017-02-27T18:00:00+08:00,511.0,0.0,0.1,11.8,-0.99,964.6,-99.0,1.0,-9.9,-99,-999,花蓮縣,21,壽豐鄉,161
23.8258,121.5403,月眉山,C0T9A0,2017-02-27T19:00:00+08:00,511.0,0.0,0.2,11.6,-0.99,964.8,-99.0,1.0,-9.9,-99,-999,花蓮縣,21,壽豐鄉,161
23.8258,121.5403,月眉山,C0T9A0,2017-02-27T20:00:00+08:00,511.0,0.0,0.0,11.5,-0.99,965.3,-99.0,1.0,-9.9,-99,-999,花蓮縣,21,壽豐鄉,161
23.8258,121.5403,月眉山,C0T9A0,2017-02-27T21:00:00+08:00,511.0,0.0,0.1,11.6,-0.99,965.4,-99.0,1.5,-9.9,-99,-999,花蓮縣,21,壽豐鄉,161
23.8258,121.5403,月眉山,C0T9A0,2017-02-27T22:00:00+08:00,511.0,0.0,0.1,11.8,-0.99,965.5,-99.0,1.5,-9.9,-99,-999,花蓮縣,21,壽豐鄉,161
23.8258,121.5403,月眉山,C0T9A0,2017-02-27T23:00:00+08:00,511.0,0.0,0.0,11.8,-0.99,965.2,-99.0,1.5,-9.9,-99,-999,花蓮縣,21,壽豐鄉,161
23.8258,121.5403,月眉山,C0T9A0,2017-02-28T00:00:00+08:00,511.0,0.0,0.2,11.9,-0.99,965.1,-99.0,1.5,-9.9,-99,-999,花蓮縣,21,壽豐鄉,161
23.8258,121.5403,月眉山,C0T9A0,2017-02-28T01:00:00+08:00,511.0,0.0,0.0,12.1,-0.99,964.6,-99.0,0.0,-9.9,-99,-999,花蓮縣,21,壽豐鄉,161
23.8258,121.5403,月眉山,C0T9A0,2017-02-28T02:00:00+08:00,511.0,0.0,0.0,11.8,-0.99,963.7,-99.0,0.0,-9.9,-99,-999,花蓮縣,21,壽豐鄉,161
23.8258,121.5403,月眉山,C0T9A0,2017-02-28T03:00:00+08:00,511.0,0.0,0.1,11.4,-0.99,963.5,-99.0,0.0,-9.9,-99,-999,花蓮縣,21,壽豐鄉,161
23.8258,121.5403,月眉山,C0T9A0,2017-02-28T04:00:00+08:00,511.0,294.0,0.3,11.6,-0.99,963.3,-99.0,0.0,-9.9,-99,-999,花蓮縣,21,壽豐鄉,161
23.8258,121.5403,月眉山,C0T9A0,2017-02-28T05:00:00+08:00,511.0,0.0,0.1,11.7,-0.99,963.3,-99.0,0.0,-9.9,-99,-999,花蓮縣,21,壽豐鄉,161
23.8258,121.5403,月眉山,C0T9A0,2017-02-28T06:00:00+08:00,511.0,293.0,0.8,11.6,-0.99,963.6,-99.0,0.0,-9.9,-99,-999,花蓮縣,21,壽豐鄉,161
23.8258,121.5403,月眉山,C0T9A0,2017-02-28T07:00:00+08:00,511.0,0.0,0.0,12.4,-0.99,964.0,-99.0,0.0,-9.9,-99,-999,花蓮縣,21,壽豐鄉,161
23.8258,121.5403,月眉山,C0T9A0,2017-02-28T08:00:00+08:00,511.0,0.0,0.1,14.1,-0.99,964.1,-99.0,0.0,-9.9,-99,-999,花蓮縣,21,壽豐鄉,161
23.8258,121.5403,月眉山,C0T9A0,2017-02-28T09:00:00+08:00,511.0,0.0,0.1,17.1,-0.99,964.2,-99.0,0.0,-9.9,-99,-999,花蓮縣,21,壽豐鄉,161
23.8258,121.5403,月眉山,C0T9A0,2017-02-28T10:00:00+08:00,511.0,4.0,0.3,17.7,-0.99,964.0,-99.0,0.0,-9.9,-99,-999,花蓮縣,21,壽豐鄉,161
23.8258,121.5403,月眉山,C0T9A0,2017-02-28T11:00:00+08:00,511.0,0.0,0.1,18.2,-0.99,963.3,-99.0,0.0,-9.9,-99,-999,花蓮縣,21,壽豐鄉,161
23.8258,121.5403,月眉山,C0T9A0,2017-02-28T12:00:00+08:00,511.0,0.0,0.1,19.3,-0.99,962.2,-99.0,0.0,-9.9,-99,-999,花蓮縣,21,壽豐鄉,161
23.8258,121.5403,月眉山,C0T9A0,2017-02-28T13:00:00+08:00,511.0,0.0,0.1,19.3,-0.99,961.3,-99.0,0.0,-9.9,-99,-999,花蓮縣,21,壽豐鄉,161
23.8258,121.5403,月眉山,C0T9A0,2017-02-28T14:00:00+08:00,511.0,0.0,0.0,18.1,-0.99,960.5,-99.0,0.0,-9.9,-99,-999,花蓮縣,21,壽豐鄉,161
23.8258,121.5403,月眉山,C0T9A0,2017-02-28T15:00:00+08:00,511.0,0.0,0.1,15.9,-0.99,960.3,-99.0,0.0,-9.9,-99,-999,花蓮縣,21,壽豐鄉,161
23.8258,121.5403,月眉山,C0T9A0,2017-02-28T16:00:00+08:00,511.0,0.0,0.1,14.5,-0.99,960.3,-99.0,0.0,-9.9,-99,-999,花蓮縣,21,壽豐鄉,161
23.8258,121.5403,月眉山,C0T9A0,2017-02-28T17:00:00+08:00,511.0,0.0,0.2,14.2,-0.99,960.4,-99.0,0.0,-9.9,-99,-999,花蓮縣,21,壽豐鄉,161
23.8258,121.5403,月眉山,C0T9A0,2017-02-28T18:00:00+08:00,511.0,0.0,0.1,13.9,-0.99,960.6,-99.0,0.0,-9.9,-99,-999,花蓮縣,21,壽豐鄉,161
23.8258,121.5403,月眉山,C0T9A0,2017-02-28T19:00:00+08:00,511.0,0.0,0.1,13.7,-0.99,960.6,-99.0,0.0,-9.9,-99,-999,花蓮縣,21,壽豐鄉,161
23.8258,121.5403,月眉山,C0T9A0,2017-02-28T20:00:00+08:00,511.0,0.0,0.1,13.6,-0.99,960.7,-99.0,0.0,-9.9,-99,-999,花蓮縣,21,壽豐鄉,161
23.8258,121.5403,月眉山,C0T9A0,2017-02-28T21:00:00+08:00,511.0,0.0,0.1,13.6,-0.99,961.0,-99.0,0.0,-9.9,-99,-999,花蓮縣,21,壽豐鄉,161
23.8258,121.5403,月眉山,C0T9A0,2017-02-28T22:00:00+08:00,511.0,0.0,0.0,13.6,-0.99,961.1,-99.0,0.0,-9.9,-99,-999,花蓮縣,21,壽豐鄉,161
23.8258,121.5403,月眉山,C0T9A0,2017-02-28T23:00:00+08:00,511.0,0.0,0.0,13.5,-0.99,960.7,-99.0,0.0,-9.9,-99,-999,花蓮縣,21,壽豐鄉,161
