23.5643,119.4603,¶Ë¿¨,C0W120,2017-02-01T07:00:00+08:00,58.0,30.0,12.2,15.9,0.92,1013.5,-99.0,0.0,-9.9,-99,-999,ºÍ¥Úø§,23,¶Ë¿¨∂m,199
23.5643,119.4603,¶Ë¿¨,C0W120,2017-02-01T05:00:00+08:00,58.0,22.0,14.4,15.7,0.92,1012.7,-99.0,0.0,-9.9,-99,-999,ºÍ¥Úø§,23,¶Ë¿¨∂m,199
23.5643,119.4603,¶Ë¿¨,C0W120,2017-02-01T02:00:00+08:00,58.0,20.0,13.1,15.2,0.94,1013.3,-99.0,0.0,-9.9,-99,-999,ºÍ¥Úø§,23,¶Ë¿¨∂m,199
23.5643,119.4603,¶Ë¿¨,C0W120,2017-02-01T11:00:00+08:00,58.0,23.0,14.3,16.7,0.90,1014.8,-99.0,0.0,-9.9,-99,-999,ºÍ¥Úø§,23,¶Ë¿¨∂m,199
23.5643,119.4603,¶Ë¿¨,C0W120,2017-02-02T10:00:00+08:00,58.0,23.0,15.3,15.3,0.86,1016.9,-99.0,0.0,-9.9,-99,-999,ºÍ¥Úø§,23,¶Ë¿¨∂m,199
23.5643,119.4603,¶Ë¿¨,C0W120,2017-02-02T09:00:00+08:00,58.0,25.0,14.4,15.5,0.85,1017.3,-99.0,0.0,-9.9,-99,-999,ºÍ¥Úø§,23,¶Ë¿¨∂m,199
23.5643,119.4603,¶Ë¿¨,C0W120,2017-02-02T08:00:00+08:00,58.0,22.0,16.3,15.4,0.86,1016.6,-99.0,0.0,-9.9,-99,-999,ºÍ¥Úø§,23,¶Ë¿¨∂m,199
23.5643,119.4603,¶Ë¿¨,C0W120,2017-02-02T11:00:00+08:00,58.0,25.0,15.8,15.4,0.84,1016.0,-99.0,0.0,-9.9,-99,-999,ºÍ¥Úø§,23,¶Ë¿¨∂m,199
23.5643,119.4603,¶Ë¿¨,C0W120,2017-02-02T14:00:00+08:00,58.0,26.0,14.8,15.9,0.83,1014.1,-99.0,0.0,-9.9,-99,-999,ºÍ¥Úø§,23,¶Ë¿¨∂m,199
23.5643,119.4603,¶Ë¿¨,C0W120,2017-02-02T15:00:00+08:00,58.0,28.0,14.3,15.6,0.82,1013.4,-99.0,0.0,-9.9,-99,-999,ºÍ¥Úø§,23,¶Ë¿¨∂m,199
23.5643,119.4603,¶Ë¿¨,C0W120,2017-02-02T16:00:00+08:00,58.0,25.0,15.7,15.7,0.81,1013.5,-99.0,0.0,-9.9,-99,-999,ºÍ¥Úø§,23,¶Ë¿¨∂m,199
23.5643,119.4603,¶Ë¿¨,C0W120,2017-02-02T17:00:00+08:00,58.0,26.0,14.6,15.6,0.82,1013.8,-99.0,0.0,-9.9,-99,-999,ºÍ¥Úø§,23,¶Ë¿¨∂m,199
23.5643,119.4603,¶Ë¿¨,C0W120,2017-02-02T18:00:00+08:00,58.0,27.0,14.1,15.6,0.82,1014.4,-99.0,0.0,-9.9,-99,-999,ºÍ¥Úø§,23,¶Ë¿¨∂m,199
23.5643,119.4603,¶Ë¿¨,C0W120,2017-02-02T19:00:00+08:00,58.0,28.0,13.8,15.7,0.82,1014.6,-99.0,0.0,-9.9,-99,-999,ºÍ¥Úø§,23,¶Ë¿¨∂m,199
23.5643,119.4603,¶Ë¿¨,C0W120,2017-02-02T20:00:00+08:00,58.0,28.0,12.2,15.7,0.82,1014.7,-99.0,0.0,-9.9,-99,-999,ºÍ¥Úø§,23,¶Ë¿¨∂m,199
23.5643,119.4603,¶Ë¿¨,C0W120,2017-02-02T21:00:00+08:00,58.0,27.0,12.2,15.8,0.83,1015.1,-99.0,0.0,-9.9,-99,-999,ºÍ¥Úø§,23,¶Ë¿¨∂m,199
23.5643,119.4603,¶Ë¿¨,C0W120,2017-02-02T22:00:00+08:00,58.0,28.0,12.2,16.0,0.83,1015.2,-99.0,0.0,-9.9,-99,-999,ºÍ¥Úø§,23,¶Ë¿¨∂m,199
23.5643,119.4603,¶Ë¿¨,C0W120,2017-02-02T23:00:00+08:00,58.0,27.0,10.5,15.9,0.83,1015.0,-99.0,0.0,-9.9,-99,-999,ºÍ¥Úø§,23,¶Ë¿¨∂m,199
23.5643,119.4603,¶Ë¿¨,C0W120,2017-02-03T00:00:00+08:00,58.0,26.0,11.3,15.9,0.83,1015.2,-99.0,0.0,-9.9,-99,-999,ºÍ¥Úø§,23,¶Ë¿¨∂m,199
23.5643,119.4603,¶Ë¿¨,C0W120,2017-02-03T01:00:00+08:00,58.0,25.0,10.5,16.1,0.84,1015.0,-99.0,0.0,-9.9,-99,-999,ºÍ¥Úø§,23,¶Ë¿¨∂m,199
23.5643,119.4603,¶Ë¿¨,C0W120,2017-02-03T02:00:00+08:00,58.0,28.0,10.1,15.8,0.83,1014.3,-99.0,0.0,-9.9,-99,-999,ºÍ¥Úø§,23,¶Ë¿¨∂m,199
23.5643,119.4603,¶Ë¿¨,C0W120,2017-02-03T03:00:00+08:00,58.0,16.0,11.3,16.0,0.85,1013.7,-99.0,0.0,-9.9,-99,-999,ºÍ¥Úø§,23,¶Ë¿¨∂m,199
23.5643,119.4603,¶Ë¿¨,C0W120,2017-02-03T04:00:00+08:00,58.0,15.0,10.0,16.0,0.87,1013.9,-99.0,0.0,-9.9,-99,-999,ºÍ¥Úø§,23,¶Ë¿¨∂m,199
23.5643,119.4603,¶Ë¿¨,C0W120,2017-02-03T05:00:00+08:00,58.0,6.0,10.3,15.2,0.93,1014.1,-99.0,0.0,-9.9,-99,-999,ºÍ¥Úø§,23,¶Ë¿¨∂m,199
23.5643,119.4603,¶Ë¿¨,C0W120,2017-02-03T06:00:00+08:00,58.0,359.0,9.5,15.0,0.92,1014.5,-99.0,0.0,-9.9,-99,-999,ºÍ¥Úø§,23,¶Ë¿¨∂m,199
23.5643,119.4603,¶Ë¿¨,C0W120,2017-02-03T07:00:00+08:00,58.0,4.0,10.6,14.8,0.92,1014.5,-99.0,0.0,-9.9,-99,-999,ºÍ¥Úø§,23,¶Ë¿¨∂m,199
23.5643,119.4603,¶Ë¿¨,C0W120,2017-02-03T08:00:00+08:00,58.0,6.0,11.7,15.0,0.92,1014.5,-99.0,0.0,-9.9,-99,-999,ºÍ¥Úø§,23,¶Ë¿¨∂m,199
23.5643,119.4603,¶Ë¿¨,C0W120,2017-02-03T10:00:00+08:00,58.0,21.0,12.4,15.2,0.91,1015.0,-99.0,0.0,-9.9,-99,-999,ºÍ¥Úø§,23,¶Ë¿¨∂m,199
23.5643,119.4603,¶Ë¿¨,C0W120,2017-02-03T11:00:00+08:00,58.0,23.0,11.4,15.5,0.89,1014.5,-99.0,0.0,-9.9,-99,-999,ºÍ¥Úø§,23,¶Ë¿¨∂m,199
23.5643,119.4603,¶Ë¿¨,C0W120,2017-02-03T12:00:00+08:00,58.0,20.0,11.3,15.4,0.89,1013.8,-99.0,0.0,-9.9,-99,-999,ºÍ¥Úø§,23,¶Ë¿¨∂m,199
23.5643,119.4603,¶Ë¿¨,C0W120,2017-02-03T13:00:00+08:00,58.0,20.0,10.4,15.3,0.90,1012.6,-99.0,0.0,-9.9,-99,-999,ºÍ¥Úø§,23,¶Ë¿¨∂m,199
23.5643,119.4603,¶Ë¿¨,C0W120,2017-02-03T14:00:00+08:00,58.0,25.0,9.6,15.3,0.90,1011.6,-99.0,0.0,-9.9,-99,-999,ºÍ¥Úø§,23,¶Ë¿¨∂m,199
23.5643,119.4603,¶Ë¿¨,C0W120,2017-02-03T15:00:00+08:00,58.0,23.0,9.8,15.2,0.91,1011.3,-99.0,0.0,-9.9,-99,-999,ºÍ¥Úø§,23,¶Ë¿¨∂m,199
23.5643,119.4603,¶Ë¿¨,C0W120,2017-02-03T16:00:00+08:00,58.0,19.0,10.0,15.1,0.92,1011.2,-99.0,0.0,-9.9,-99,-999,ºÍ¥Úø§,23,¶Ë¿¨∂m,199
23.5643,119.4603,¶Ë¿¨,C0W120,2017-02-03T17:00:00+08:00,58.0,19.0,10.6,14.9,0.93,1011.8,-99.0,0.0,-9.9,-99,-999,ºÍ¥Úø§,23,¶Ë¿¨∂m,199
23.5643,119.4603,¶Ë¿¨,C0W120,2017-02-03T18:00:00+08:00,58.0,23.0,9.0,15.0,0.94,1012.2,-99.0,0.0,-9.9,-99,-999,ºÍ¥Úø§,23,¶Ë¿¨∂m,199
23.5643,119.4603,¶Ë¿¨,C0W120,2017-02-03T19:00:00+08:00,58.0,27.0,8.1,15.0,0.94,1012.3,-99.0,0.0,-9.9,-99,-999,ºÍ¥Úø§,23,¶Ë¿¨∂m,199
23.5643,119.4603,¶Ë¿¨,C0W120,2017-02-03T20:00:00+08:00,58.0,22.0,8.7,15.0,0.94,1013.1,-99.0,0.0,-9.9,-99,-999,ºÍ¥Úø§,23,¶Ë¿¨∂m,199
23.5643,119.4603,¶Ë¿¨,C0W120,2017-02-03T21:00:00+08:00,58.0,23.0,8.7,15.1,0.95,1013.1,-99.0,0.0,-9.9,-99,-999,ºÍ¥Úø§,23,¶Ë¿¨∂m,199
23.5643,119.4603,¶Ë¿¨,C0W120,2017-02-03T22:00:00+08:00,58.0,18.0,9.1,15.1,0.95,1013.1,-99.0,0.0,-9.9,-99,-999,ºÍ¥Úø§,23,¶Ë¿¨∂m,199
23.5643,119.4603,¶Ë¿¨,C0W120,2017-02-03T23:00:00+08:00,58.0,18.0,8.9,15.3,0.95,1013.2,-99.0,0.0,-9.9,-99,-999,ºÍ¥Úø§,23,¶Ë¿¨∂m,199
23.5643,119.4603,¶Ë¿¨,C0W120,2017-02-04T00:00:00+08:00,58.0,20.0,9.4,15.3,0.95,1012.5,-99.0,0.0,-9.9,-99,-999,ºÍ¥Úø§,23,¶Ë¿¨∂m,199
23.5643,119.4603,¶Ë¿¨,C0W120,2017-02-04T01:00:00+08:00,58.0,23.0,7.3,15.5,0.95,1012.4,-99.0,0.0,-9.9,-99,-999,ºÍ¥Úø§,23,¶Ë¿¨∂m,199
23.5643,119.4603,¶Ë¿¨,C0W120,2017-02-04T02:00:00+08:00,58.0,25.0,7.3,15.4,0.95,1011.5,-99.0,0.0,-9.9,-99,-999,ºÍ¥Úø§,23,¶Ë¿¨∂m,199
23.5643,119.4603,¶Ë¿¨,C0W120,2017-02-04T03:00:00+08:00,58.0,28.0,7.3,15.3,0.96,1010.9,-99.0,0.0,-9.9,-99,-999,ºÍ¥Úø§,23,¶Ë¿¨∂m,199
23.5643,119.4603,¶Ë¿¨,C0W120,2017-02-04T04:00:00+08:00,58.0,27.0,7.3,15.3,0.97,1010.3,-99.0,0.0,-9.9,-99,-999,ºÍ¥Úø§,23,¶Ë¿¨∂m,199
23.5643,119.4603,¶Ë¿¨,C0W120,2017-02-04T05:00:00+08:00,58.0,31.0,5.9,15.4,0.97,1010.4,-99.0,0.0,-9.9,-99,-999,ºÍ¥Úø§,23,¶Ë¿¨∂m,199
23.5643,119.4603,¶Ë¿¨,C0W120,2017-02-04T06:00:00+08:00,58.0,25.0,6.2,15.5,0.97,1010.9,-99.0,0.0,-9.9,-99,-999,ºÍ¥Úø§,23,¶Ë¿¨∂m,199
23.5643,119.4603,¶Ë¿¨,C0W120,2017-02-04T07:00:00+08:00,58.0,30.0,5.3,15.4,0.96,1011.3,-99.0,0.0,-9.9,-99,-999,ºÍ¥Úø§,23,¶Ë¿¨∂m,199
23.5643,119.4603,¶Ë¿¨,C0W120,2017-02-04T08:00:00+08:00,58.0,19.0,6.9,15.5,0.96,1011.5,-99.0,0.0,-9.9,-99,-999,ºÍ¥Úø§,23,¶Ë¿¨∂m,199
23.5643,119.4603,¶Ë¿¨,C0W120,2017-02-04T10:00:00+08:00,58.0,32.0,4.7,-97.0,0.93,1011.7,-99.0,0.0,-9.9,-99,-999,ºÍ¥Úø§,23,¶Ë¿¨∂m,199
23.5643,119.4603,¶Ë¿¨,C0W120,2017-02-04T11:00:00+08:00,58.0,31.0,4.0,-97.0,0.91,1011.1,-99.0,0.0,-9.9,-99,-999,ºÍ¥Úø§,23,¶Ë¿¨∂m,199
23.5643,119.4603,¶Ë¿¨,C0W120,2017-02-04T12:00:00+08:00,58.0,28.0,4.9,-97.0,0.91,1010.0,-99.0,0.0,-9.9,-99,-999,ºÍ¥Úø§,23,¶Ë¿¨∂m,199
23.5643,119.4603,¶Ë¿¨,C0W120,2017-02-04T13:00:00+08:00,58.0,17.0,5.9,-97.0,0.91,1008.4,-99.0,0.0,-9.9,-99,-999,ºÍ¥Úø§,23,¶Ë¿¨∂m,199
23.5643,119.4603,¶Ë¿¨,C0W120,2017-02-04T14:00:00+08:00,58.0,18.0,6.9,-97.0,0.93,1007.2,-99.0,0.0,-9.9,-99,-999,ºÍ¥Úø§,23,¶Ë¿¨∂m,199
23.5643,119.4603,¶Ë¿¨,C0W120,2017-02-04T15:00:00+08:00,58.0,27.0,4.4,-97.0,0.93,1007.1,-99.0,0.0,-9.9,-99,-999,ºÍ¥Úø§,23,¶Ë¿¨∂m,199
23.5643,119.4603,¶Ë¿¨,C0W120,2017-02-04T16:00:00+08:00,58.0,42.0,3.1,17.1,0.91,1006.6,-99.0,0.0,-9.9,-99,-999,ºÍ¥Úø§,23,¶Ë¿¨∂m,199
23.5643,119.4603,¶Ë¿¨,C0W120,2017-02-04T17:00:00+08:00,58.0,45.0,2.4,16.9,0.91,1007.0,-99.0,0.0,-9.9,-99,-999,ºÍ¥Úø§,23,¶Ë¿¨∂m,199
23.5643,119.4603,¶Ë¿¨,C0W120,2017-02-04T18:00:00+08:00,58.0,30.0,4.0,16.6,0.94,1007.0,-99.0,0.0,-9.9,-99,-999,ºÍ¥Úø§,23,¶Ë¿¨∂m,199
23.5643,119.4603,¶Ë¿¨,C0W120,2017-02-04T19:00:00+08:00,58.0,32.0,3.6,16.5,0.95,1007.8,-99.0,0.0,-9.9,-99,-999,ºÍ¥Úø§,23,¶Ë¿¨∂m,199
23.5643,119.4603,¶Ë¿¨,C0W120,2017-02-04T20:00:00+08:00,58.0,53.0,3.2,16.2,0.96,1008.1,-99.0,0.0,-9.9,-99,-999,ºÍ¥Úø§,23,¶Ë¿¨∂m,199
23.5643,119.4603,¶Ë¿¨,C0W120,2017-02-04T21:00:00+08:00,58.0,39.0,3.7,16.3,0.97,1008.2,-99.0,0.0,-9.9,-99,-999,ºÍ¥Úø§,23,¶Ë¿¨∂m,199
23.5643,119.4603,¶Ë¿¨,C0W120,2017-02-04T22:00:00+08:00,58.0,51.0,2.7,16.2,0.98,1008.5,-99.0,0.0,-9.9,-99,-999,ºÍ¥Úø§,23,¶Ë¿¨∂m,199
23.5643,119.4603,¶Ë¿¨,C0W120,2017-02-04T23:00:00+08:00,58.0,34.0,2.6,16.4,0.98,1008.5,-99.0,0.0,-9.9,-99,-999,ºÍ¥Úø§,23,¶Ë¿¨∂m,199
23.5643,119.4603,¶Ë¿¨,C0W120,2017-02-05T00:00:00+08:00,58.0,44.0,3.2,16.4,0.98,1008.1,-99.0,0.0,-9.9,-99,-999,ºÍ¥Úø§,23,¶Ë¿¨∂m,199
23.5643,119.4603,¶Ë¿¨,C0W120,2017-02-05T01:00:00+08:00,58.0,28.0,5.9,16.6,0.98,1007.8,-99.0,0.0,-9.9,-99,-999,ºÍ¥Úø§,23,¶Ë¿¨∂m,199
23.5643,119.4603,¶Ë¿¨,C0W120,2017-02-05T02:00:00+08:00,58.0,37.0,5.5,16.3,0.99,1006.6,-99.0,0.0,-9.9,-99,-999,ºÍ¥Úø§,23,¶Ë¿¨∂m,199
23.5643,119.4603,¶Ë¿¨,C0W120,2017-02-05T03:00:00+08:00,58.0,31.0,6.7,16.1,0.99,1006.2,-99.0,0.0,-9.9,-99,-999,ºÍ¥Úø§,23,¶Ë¿¨∂m,199
23.5643,119.4603,¶Ë¿¨,C0W120,2017-02-05T04:00:00+08:00,58.0,28.0,7.2,15.9,0.99,1006.0,-99.0,0.0,-9.9,-99,-999,ºÍ¥Úø§,23,¶Ë¿¨∂m,199
23.5643,119.4603,¶Ë¿¨,C0W120,2017-02-05T05:00:00+08:00,58.0,30.0,6.7,16.1,0.99,1006.5,-99.0,0.0,-9.9,-99,-999,ºÍ¥Úø§,23,¶Ë¿¨∂m,199
23.5643,119.4603,¶Ë¿¨,C0W120,2017-02-05T06:00:00+08:00,58.0,35.0,5.5,16.1,0.99,1007.4,-99.0,0.0,-9.9,-99,-999,ºÍ¥Úø§,23,¶Ë¿¨∂m,199
23.5643,119.4603,¶Ë¿¨,C0W120,2017-02-05T07:00:00+08:00,58.0,28.0,8.0,16.1,0.98,1007.5,-99.0,0.0,-9.9,-99,-999,ºÍ¥Úø§,23,¶Ë¿¨∂m,199
23.5643,119.4603,¶Ë¿¨,C0W120,2017-02-05T08:00:00+08:00,58.0,28.0,7.6,16.2,0.97,1008.3,-99.0,0.0,-9.9,-99,-999,ºÍ¥Úø§,23,¶Ë¿¨∂m,199
23.5643,119.4603,¶Ë¿¨,C0W120,2017-02-05T10:00:00+08:00,58.0,44.0,5.2,16.9,0.92,1009.1,-99.0,0.0,-9.9,-99,-999,ºÍ¥Úø§,23,¶Ë¿¨∂m,199
23.5643,119.4603,¶Ë¿¨,C0W120,2017-02-05T11:00:00+08:00,58.0,47.0,4.9,17.5,0.91,1008.2,-99.0,0.0,-9.9,-99,-999,ºÍ¥Úø§,23,¶Ë¿¨∂m,199
23.5643,119.4603,¶Ë¿¨,C0W120,2017-02-05T12:00:00+08:00,58.0,49.0,4.4,18.3,0.86,1007.1,-99.0,0.0,-9.9,-99,-999,ºÍ¥Úø§,23,¶Ë¿¨∂m,199
23.5643,119.4603,¶Ë¿¨,C0W120,2017-02-05T13:00:00+08:00,58.0,21.0,8.7,17.7,0.89,1006.3,-99.0,0.0,-9.9,-99,-999,ºÍ¥Úø§,23,¶Ë¿¨∂m,199
23.5643,119.4603,¶Ë¿¨,C0W120,2017-02-05T14:00:00+08:00,58.0,20.0,9.6,17.2,0.93,1006.1,-99.0,0.0,-9.9,-99,-999,ºÍ¥Úø§,23,¶Ë¿¨∂m,199
23.5643,119.4603,¶Ë¿¨,C0W120,2017-02-05T15:00:00+08:00,58.0,22.0,11.4,16.9,0.94,1005.4,-99.0,0.0,-9.9,-99,-999,ºÍ¥Úø§,23,¶Ë¿¨∂m,199
23.5643,119.4603,¶Ë¿¨,C0W120,2017-02-05T16:00:00+08:00,58.0,24.0,11.6,17.1,0.95,1005.3,-99.0,0.0,-9.9,-99,-999,ºÍ¥Úø§,23,¶Ë¿¨∂m,199
23.5643,119.4603,¶Ë¿¨,C0W120,2017-02-05T17:00:00+08:00,58.0,34.0,7.3,17.2,0.95,1005.4,-99.0,0.0,-9.9,-99,-999,ºÍ¥Úø§,23,¶Ë¿¨∂m,199
23.5643,119.4603,¶Ë¿¨,C0W120,2017-02-05T18:00:00+08:00,58.0,25.0,12.4,17.4,0.96,1005.5,-99.0,0.0,-9.9,-99,-999,ºÍ¥Úø§,23,¶Ë¿¨∂m,199
23.5643,119.4603,¶Ë¿¨,C0W120,2017-02-05T19:00:00+08:00,58.0,26.0,13.1,17.0,0.96,1006.2,-99.0,0.0,-9.9,-99,-999,ºÍ¥Úø§,23,¶Ë¿¨∂m,199
23.5643,119.4603,¶Ë¿¨,C0W120,2017-02-05T20:00:00+08:00,58.0,25.0,14.0,16.8,0.94,1006.5,-99.0,0.0,-9.9,-99,-999,ºÍ¥Úø§,23,¶Ë¿¨∂m,199
23.5643,119.4603,¶Ë¿¨,C0W120,2017-02-05T21:00:00+08:00,58.0,32.0,10.6,17.0,0.92,1006.8,-99.0,0.0,-9.9,-99,-999,ºÍ¥Úø§,23,¶Ë¿¨∂m,199
23.5643,119.4603,¶Ë¿¨,C0W120,2017-02-05T22:00:00+08:00,58.0,31.0,11.7,16.9,0.91,1006.8,-99.0,0.0,-9.9,-99,-999,ºÍ¥Úø§,23,¶Ë¿¨∂m,199
23.5643,119.4603,¶Ë¿¨,C0W120,2017-02-05T23:00:00+08:00,58.0,27.0,13.2,17.1,0.90,1007.3,-99.0,0.0,-9.9,-99,-999,ºÍ¥Úø§,23,¶Ë¿¨∂m,199
23.5643,119.4603,¶Ë¿¨,C0W120,2017-02-06T00:00:00+08:00,58.0,30.0,10.7,16.8,0.91,1007.4,-99.0,0.0,-9.9,-99,-999,ºÍ¥Úø§,23,¶Ë¿¨∂m,199
23.5643,119.4603,¶Ë¿¨,C0W120,2017-02-06T01:00:00+08:00,58.0,22.0,13.5,16.6,0.90,1006.9,-99.0,0.0,-9.9,-99,-999,ºÍ¥Úø§,23,¶Ë¿¨∂m,199
23.5643,119.4603,¶Ë¿¨,C0W120,2017-02-06T02:00:00+08:00,58.0,21.0,14.7,-97.0,0.90,1006.3,-99.0,0.0,-9.9,-99,-999,ºÍ¥Úø§,23,¶Ë¿¨∂m,199
23.5643,119.4603,¶Ë¿¨,C0W120,2017-02-06T03:00:00+08:00,58.0,24.0,14.5,-97.0,0.89,1006.2,-99.0,0.0,-9.9,-99,-999,ºÍ¥Úø§,23,¶Ë¿¨∂m,199
23.5643,119.4603,¶Ë¿¨,C0W120,2017-02-06T04:00:00+08:00,58.0,29.0,14.7,-97.0,0.87,1006.2,-99.0,0.0,-9.9,-99,-999,ºÍ¥Úø§,23,¶Ë¿¨∂m,199
23.5643,119.4603,¶Ë¿¨,C0W120,2017-02-06T05:00:00+08:00,58.0,27.0,15.2,-97.0,0.87,1006.8,-99.0,0.0,-9.9,-99,-999,ºÍ¥Úø§,23,¶Ë¿¨∂m,199
23.5643,119.4603,¶Ë¿¨,C0W120,2017-02-06T06:00:00+08:00,58.0,26.0,15.0,-97.0,0.87,1007.9,-99.0,0.0,-9.9,-99,-999,ºÍ¥Úø§,23,¶Ë¿¨∂m,199
23.5643,119.4603,¶Ë¿¨,C0W120,2017-02-06T07:00:00+08:00,58.0,20.0,15.9,-97.0,0.87,1008.4,-99.0,0.0,-9.9,-99,-999,ºÍ¥Úø§,23,¶Ë¿¨∂m,199
23.5643,119.4603,¶Ë¿¨,C0W120,2017-02-06T08:00:00+08:00,58.0,22.0,16.8,-97.0,0.82,1009.0,-99.0,0.0,-9.9,-99,-999,ºÍ¥Úø§,23,¶Ë¿¨∂m,199
23.5643,119.4603,¶Ë¿¨,C0W120,2017-02-06T10:00:00+08:00,58.0,22.0,17.0,15.5,0.85,1010.6,-99.0,0.0,-9.9,-99,-999,ºÍ¥Úø§,23,¶Ë¿¨∂m,199
23.5643,119.4603,¶Ë¿¨,C0W120,2017-02-06T11:00:00+08:00,58.0,25.0,15.4,15.7,0.83,1010.4,-99.0,0.0,-9.9,-99,-999,ºÍ¥Úø§,23,¶Ë¿¨∂m,199
23.5643,119.4603,¶Ë¿¨,C0W120,2017-02-06T12:00:00+08:00,58.0,26.0,14.6,16.3,0.80,1009.5,-99.0,0.0,-9.9,-99,-999,ºÍ¥Úø§,23,¶Ë¿¨∂m,199
23.5643,119.4603,¶Ë¿¨,C0W120,2017-02-06T13:00:00+08:00,58.0,27.0,14.7,16.2,0.79,1008.8,-99.0,0.0,-9.9,-99,-999,ºÍ¥Úø§,23,¶Ë¿¨∂m,199
23.5643,119.4603,¶Ë¿¨,C0W120,2017-02-06T14:00:00+08:00,58.0,23.0,16.0,16.2,0.80,1008.2,-99.0,0.0,-9.9,-99,-999,ºÍ¥Úø§,23,¶Ë¿¨∂m,199
23.5643,119.4603,¶Ë¿¨,C0W120,2017-02-06T15:00:00+08:00,58.0,23.0,15.7,16.1,0.80,1007.6,-99.0,0.0,-9.9,-99,-999,ºÍ¥Úø§,23,¶Ë¿¨∂m,199
23.5643,119.4603,¶Ë¿¨,C0W120,2017-02-06T16:00:00+08:00,58.0,25.0,15.4,15.9,0.82,1008.1,-99.0,0.0,-9.9,-99,-999,ºÍ¥Úø§,23,¶Ë¿¨∂m,199
23.5643,119.4603,¶Ë¿¨,C0W120,2017-02-06T17:00:00+08:00,58.0,24.0,15.5,15.7,0.82,1008.2,-99.0,0.0,-9.9,-99,-999,ºÍ¥Úø§,23,¶Ë¿¨∂m,199
23.5643,119.4603,¶Ë¿¨,C0W120,2017-02-06T18:00:00+08:00,58.0,22.0,14.6,15.5,0.84,1008.5,-99.0,0.0,-9.9,-99,-999,ºÍ¥Úø§,23,¶Ë¿¨∂m,199
23.5643,119.4603,¶Ë¿¨,C0W120,2017-02-06T19:00:00+08:00,58.0,25.0,15.4,15.5,0.84,1009.0,-99.0,0.0,-9.9,-99,-999,ºÍ¥Úø§,23,¶Ë¿¨∂m,199
23.5643,119.4603,¶Ë¿¨,C0W120,2017-02-06T20:00:00+08:00,58.0,27.0,14.2,15.7,0.83,1009.3,-99.0,0.0,-9.9,-99,-999,ºÍ¥Úø§,23,¶Ë¿¨∂m,199
23.5643,119.4603,¶Ë¿¨,C0W120,2017-02-06T21:00:00+08:00,58.0,28.0,13.1,15.7,0.82,1009.9,-99.0,0.0,-9.9,-99,-999,ºÍ¥Úø§,23,¶Ë¿¨∂m,199
23.5643,119.4603,¶Ë¿¨,C0W120,2017-02-06T22:00:00+08:00,58.0,25.0,15.5,15.6,0.82,1010.1,-99.0,0.0,-9.9,-99,-999,ºÍ¥Úø§,23,¶Ë¿¨∂m,199
23.5643,119.4603,¶Ë¿¨,C0W120,2017-02-06T23:00:00+08:00,58.0,22.0,15.8,15.6,0.81,1010.2,-99.0,0.0,-9.9,-99,-999,ºÍ¥Úø§,23,¶Ë¿¨∂m,199
23.5643,119.4603,¶Ë¿¨,C0W120,2017-02-07T00:00:00+08:00,58.0,21.0,16.2,15.5,0.82,1010.2,-99.0,0.0,-9.9,-99,-999,ºÍ¥Úø§,23,¶Ë¿¨∂m,199
23.5643,119.4603,¶Ë¿¨,C0W120,2017-02-07T01:00:00+08:00,58.0,26.0,16.1,15.5,0.82,1010.6,-99.0,0.0,-9.9,-99,-999,ºÍ¥Úø§,23,¶Ë¿¨∂m,199
23.5643,119.4603,¶Ë¿¨,C0W120,2017-02-07T02:00:00+08:00,58.0,25.0,15.3,15.5,0.81,1010.2,-99.0,0.0,-9.9,-99,-999,ºÍ¥Úø§,23,¶Ë¿¨∂m,199
23.5643,119.4603,¶Ë¿¨,C0W120,2017-02-07T03:00:00+08:00,58.0,23.0,15.4,15.5,0.82,1009.9,-99.0,0.0,-9.9,-99,-999,ºÍ¥Úø§,23,¶Ë¿¨∂m,199
23.5643,119.4603,¶Ë¿¨,C0W120,2017-02-07T04:00:00+08:00,58.0,28.0,13.1,15.5,0.82,1009.8,-99.0,0.0,-9.9,-99,-999,ºÍ¥Úø§,23,¶Ë¿¨∂m,199
23.5643,119.4603,¶Ë¿¨,C0W120,2017-02-07T05:00:00+08:00,58.0,27.0,13.7,15.4,0.83,1010.1,-99.0,0.0,-9.9,-99,-999,ºÍ¥Úø§,23,¶Ë¿¨∂m,199
23.5643,119.4603,¶Ë¿¨,C0W120,2017-02-07T06:00:00+08:00,58.0,26.0,14.0,15.4,0.84,1010.6,-99.0,0.0,-9.9,-99,-999,ºÍ¥Úø§,23,¶Ë¿¨∂m,199
23.5643,119.4603,¶Ë¿¨,C0W120,2017-02-07T07:00:00+08:00,58.0,26.0,12.6,15.4,0.84,1010.7,-99.0,0.0,-9.9,-99,-999,ºÍ¥Úø§,23,¶Ë¿¨∂m,199
23.5643,119.4603,¶Ë¿¨,C0W120,2017-02-07T08:00:00+08:00,58.0,21.0,13.9,15.6,0.82,1011.4,-99.0,0.0,-9.9,-99,-999,ºÍ¥Úø§,23,¶Ë¿¨∂m,199
23.5643,119.4603,¶Ë¿¨,C0W120,2017-02-07T10:00:00+08:00,58.0,22.0,15.4,15.3,0.87,1011.7,-99.0,0.0,-9.9,-99,-999,ºÍ¥Úø§,23,¶Ë¿¨∂m,199
23.5643,119.4603,¶Ë¿¨,C0W120,2017-02-07T11:00:00+08:00,58.0,24.0,13.5,15.7,0.87,1011.5,-99.0,0.0,-9.9,-99,-999,ºÍ¥Úø§,23,¶Ë¿¨∂m,199
23.5643,119.4603,¶Ë¿¨,C0W120,2017-02-07T12:00:00+08:00,58.0,24.0,14.4,15.1,0.87,1010.9,-99.0,0.0,-9.9,-99,-999,ºÍ¥Úø§,23,¶Ë¿¨∂m,199
23.5643,119.4603,¶Ë¿¨,C0W120,2017-02-07T13:00:00+08:00,58.0,24.0,13.5,15.2,0.87,1010.0,-99.0,0.0,-9.9,-99,-999,ºÍ¥Úø§,23,¶Ë¿¨∂m,199
23.5643,119.4603,¶Ë¿¨,C0W120,2017-02-07T14:00:00+08:00,58.0,24.0,13.2,15.1,0.89,1009.5,-99.0,0.0,-9.9,-99,-999,ºÍ¥Úø§,23,¶Ë¿¨∂m,199
23.5643,119.4603,¶Ë¿¨,C0W120,2017-02-07T15:00:00+08:00,58.0,30.0,9.9,15.2,0.87,1009.4,-99.0,0.0,-9.9,-99,-999,ºÍ¥Úø§,23,¶Ë¿¨∂m,199
23.5643,119.4603,¶Ë¿¨,C0W120,2017-02-07T16:00:00+08:00,58.0,32.0,9.3,15.5,0.88,1009.1,-99.0,0.0,-9.9,-99,-999,ºÍ¥Úø§,23,¶Ë¿¨∂m,199
23.5643,119.4603,¶Ë¿¨,C0W120,2017-02-07T17:00:00+08:00,58.0,29.0,9.8,15.7,0.87,1009.1,-99.0,0.0,-9.9,-99,-999,ºÍ¥Úø§,23,¶Ë¿¨∂m,199
23.5643,119.4603,¶Ë¿¨,C0W120,2017-02-07T18:00:00+08:00,58.0,24.0,11.7,15.5,0.89,1009.3,-99.0,0.0,-9.9,-99,-999,ºÍ¥Úø§,23,¶Ë¿¨∂m,199
23.5643,119.4603,¶Ë¿¨,C0W120,2017-02-07T19:00:00+08:00,58.0,22.0,11.0,15.5,0.90,1009.6,-99.0,0.0,-9.9,-99,-999,ºÍ¥Úø§,23,¶Ë¿¨∂m,199
23.5643,119.4603,¶Ë¿¨,C0W120,2017-02-07T20:00:00+08:00,58.0,28.0,10.2,15.5,0.90,1009.7,-99.0,0.0,-9.9,-99,-999,ºÍ¥Úø§,23,¶Ë¿¨∂m,199
23.5643,119.4603,¶Ë¿¨,C0W120,2017-02-07T21:00:00+08:00,58.0,23.0,10.8,15.6,0.91,1009.7,-99.0,0.0,-9.9,-99,-999,ºÍ¥Úø§,23,¶Ë¿¨∂m,199
23.5643,119.4603,¶Ë¿¨,C0W120,2017-02-07T22:00:00+08:00,58.0,21.0,11.2,15.6,0.91,1009.9,-99.0,0.0,-9.9,-99,-999,ºÍ¥Úø§,23,¶Ë¿¨∂m,199
23.5643,119.4603,¶Ë¿¨,C0W120,2017-02-07T23:00:00+08:00,58.0,23.0,10.2,15.5,0.92,1010.0,-99.0,0.0,-9.9,-99,-999,ºÍ¥Úø§,23,¶Ë¿¨∂m,199
23.5643,119.4603,¶Ë¿¨,C0W120,2017-02-08T00:00:00+08:00,58.0,23.0,10.4,15.4,0.91,1010.1,-99.0,0.0,-9.9,-99,-999,ºÍ¥Úø§,23,¶Ë¿¨∂m,199
23.5643,119.4603,¶Ë¿¨,C0W120,2017-02-08T01:00:00+08:00,58.0,28.0,8.2,15.4,0.91,1010.4,-99.0,0.0,-9.9,-99,-999,ºÍ¥Úø§,23,¶Ë¿¨∂m,199
23.5643,119.4603,¶Ë¿¨,C0W120,2017-02-08T02:00:00+08:00,58.0,28.0,6.9,15.5,0.90,1010.2,-99.0,0.0,-9.9,-99,-999,ºÍ¥Úø§,23,¶Ë¿¨∂m,199
23.5643,119.4603,¶Ë¿¨,C0W120,2017-02-08T03:00:00+08:00,58.0,31.0,6.7,15.5,0.90,1009.5,-99.0,0.0,-9.9,-99,-999,ºÍ¥Úø§,23,¶Ë¿¨∂m,199
23.5643,119.4603,¶Ë¿¨,C0W120,2017-02-08T04:00:00+08:00,58.0,13.0,9.0,15.4,0.89,1009.3,-99.0,0.0,-9.9,-99,-999,ºÍ¥Úø§,23,¶Ë¿¨∂m,199
23.5643,119.4603,¶Ë¿¨,C0W120,2017-02-08T05:00:00+08:00,58.0,20.0,10.0,15.2,0.90,1009.2,-99.0,0.0,-9.9,-99,-999,ºÍ¥Úø§,23,¶Ë¿¨∂m,199
23.5643,119.4603,¶Ë¿¨,C0W120,2017-02-08T06:00:00+08:00,58.0,19.0,10.4,15.0,0.91,1009.8,-99.0,0.0,-9.9,-99,-999,ºÍ¥Úø§,23,¶Ë¿¨∂m,199
23.5643,119.4603,¶Ë¿¨,C0W120,2017-02-08T07:00:00+08:00,58.0,24.0,9.9,14.9,0.92,1010.2,-99.0,0.0,-9.9,-99,-999,ºÍ¥Úø§,23,¶Ë¿¨∂m,199
23.5643,119.4603,¶Ë¿¨,C0W120,2017-02-08T08:00:00+08:00,58.0,27.0,8.0,14.9,0.92,1010.7,-99.0,0.0,-9.9,-99,-999,ºÍ¥Úø§,23,¶Ë¿¨∂m,199
23.5643,119.4603,¶Ë¿¨,C0W120,2017-02-08T14:00:00+08:00,58.0,23.0,8.2,16.2,0.87,1009.2,-99.0,0.0,-9.9,-99,-999,ºÍ¥Úø§,23,¶Ë¿¨∂m,199
23.5643,119.4603,¶Ë¿¨,C0W120,2017-02-08T15:00:00+08:00,58.0,36.0,5.6,16.1,0.86,1008.5,-99.0,0.0,-9.9,-99,-999,ºÍ¥Úø§,23,¶Ë¿¨∂m,199
23.5643,119.4603,¶Ë¿¨,C0W120,2017-02-08T16:00:00+08:00,58.0,43.0,4.7,16.6,0.86,1008.3,-99.0,0.0,-9.9,-99,-999,ºÍ¥Úø§,23,¶Ë¿¨∂m,199
23.5643,119.4603,¶Ë¿¨,C0W120,2017-02-08T17:00:00+08:00,58.0,45.0,4.5,16.3,0.91,1008.3,-99.0,0.0,-9.9,-99,-999,ºÍ¥Úø§,23,¶Ë¿¨∂m,199
23.5643,119.4603,¶Ë¿¨,C0W120,2017-02-08T18:00:00+08:00,58.0,38.0,6.6,16.0,0.93,1008.1,-99.0,0.0,-9.9,-99,-999,ºÍ¥Úø§,23,¶Ë¿¨∂m,199
23.5643,119.4603,¶Ë¿¨,C0W120,2017-02-08T19:00:00+08:00,58.0,38.0,6.2,15.8,0.95,1008.2,-99.0,0.0,-9.9,-99,-999,ºÍ¥Úø§,23,¶Ë¿¨∂m,199
23.5643,119.4603,¶Ë¿¨,C0W120,2017-02-08T20:00:00+08:00,58.0,34.0,6.8,16.0,0.95,1008.9,-99.0,0.0,-9.9,-99,-999,ºÍ¥Úø§,23,¶Ë¿¨∂m,199
23.5643,119.4603,¶Ë¿¨,C0W120,2017-02-08T21:00:00+08:00,58.0,22.0,8.8,16.1,0.94,1010.0,-99.0,0.0,-9.9,-99,-999,ºÍ¥Úø§,23,¶Ë¿¨∂m,199
23.5643,119.4603,¶Ë¿¨,C0W120,2017-02-08T22:00:00+08:00,58.0,17.0,11.5,15.8,0.93,1010.3,-99.0,0.0,-9.9,-99,-999,ºÍ¥Úø§,23,¶Ë¿¨∂m,199
23.5643,119.4603,¶Ë¿¨,C0W120,2017-02-08T23:00:00+08:00,58.0,17.0,12.2,15.6,0.92,1010.6,-99.0,0.0,-9.9,-99,-999,ºÍ¥Úø§,23,¶Ë¿¨∂m,199
23.5643,119.4603,¶Ë¿¨,C0W120,2017-02-09T00:00:00+08:00,58.0,21.0,12.4,15.4,0.93,1010.9,-99.0,0.0,-9.9,-99,-999,ºÍ¥Úø§,23,¶Ë¿¨∂m,199
23.5643,119.4603,¶Ë¿¨,C0W120,2017-02-09T01:00:00+08:00,58.0,29.0,11.8,15.3,0.90,1010.4,-99.0,0.0,-9.9,-99,-999,ºÍ¥Úø§,23,¶Ë¿¨∂m,199
23.5643,119.4603,¶Ë¿¨,C0W120,2017-02-09T02:00:00+08:00,58.0,26.0,13.9,15.2,0.87,1010.2,-99.0,0.0,-9.9,-99,-999,ºÍ¥Úø§,23,¶Ë¿¨∂m,199
23.5643,119.4603,¶Ë¿¨,C0W120,2017-02-09T03:00:00+08:00,58.0,17.0,13.0,14.9,0.87,1010.2,-99.0,0.0,-9.9,-99,-999,ºÍ¥Úø§,23,¶Ë¿¨∂m,199
23.5643,119.4603,¶Ë¿¨,C0W120,2017-02-09T04:00:00+08:00,58.0,16.0,15.1,14.7,0.87,1010.1,-99.0,0.0,-9.9,-99,-999,ºÍ¥Úø§,23,¶Ë¿¨∂m,199
23.5643,119.4603,¶Ë¿¨,C0W120,2017-02-09T05:00:00+08:00,58.0,17.0,15.7,14.4,0.87,1010.6,-99.0,0.0,-9.9,-99,-999,ºÍ¥Úø§,23,¶Ë¿¨∂m,199
23.5643,119.4603,¶Ë¿¨,C0W120,2017-02-09T06:00:00+08:00,58.0,24.0,14.9,14.1,0.84,1011.4,-99.0,0.0,-9.9,-99,-999,ºÍ¥Úø§,23,¶Ë¿¨∂m,199
23.5643,119.4603,¶Ë¿¨,C0W120,2017-02-09T07:00:00+08:00,58.0,26.0,12.3,13.8,0.82,1012.4,-99.0,0.0,-9.9,-99,-999,ºÍ¥Úø§,23,¶Ë¿¨∂m,199
23.5643,119.4603,¶Ë¿¨,C0W120,2017-02-09T08:00:00+08:00,58.0,21.0,14.9,13.6,0.81,1012.6,-99.0,0.0,-9.9,-99,-999,ºÍ¥Úø§,23,¶Ë¿¨∂m,199
23.5643,119.4603,¶Ë¿¨,C0W120,2017-02-09T10:00:00+08:00,58.0,16.0,14.3,13.6,0.81,1013.6,-99.0,0.0,-9.9,-99,-999,ºÍ¥Úø§,23,¶Ë¿¨∂m,199
23.5643,119.4603,¶Ë¿¨,C0W120,2017-02-09T11:00:00+08:00,58.0,22.0,14.2,13.3,0.79,1012.7,-99.0,0.0,-9.9,-99,-999,ºÍ¥Úø§,23,¶Ë¿¨∂m,199
23.5643,119.4603,¶Ë¿¨,C0W120,2017-02-09T12:00:00+08:00,58.0,25.0,13.2,13.1,0.77,1012.0,-99.0,0.0,-9.9,-99,-999,ºÍ¥Úø§,23,¶Ë¿¨∂m,199
23.5643,119.4603,¶Ë¿¨,C0W120,2017-02-09T13:00:00+08:00,58.0,28.0,12.6,13.3,0.79,1010.7,-99.0,0.0,-9.9,-99,-999,ºÍ¥Úø§,23,¶Ë¿¨∂m,199
23.5643,119.4603,¶Ë¿¨,C0W120,2017-02-09T14:00:00+08:00,58.0,15.0,14.8,12.9,0.80,1010.8,-99.0,0.0,-9.9,-99,-999,ºÍ¥Úø§,23,¶Ë¿¨∂m,199
23.5643,119.4603,¶Ë¿¨,C0W120,2017-02-09T15:00:00+08:00,58.0,15.0,15.4,12.6,0.76,1010.8,-99.0,0.0,-9.9,-99,-999,ºÍ¥Úø§,23,¶Ë¿¨∂m,199
23.5643,119.4603,¶Ë¿¨,C0W120,2017-02-09T16:00:00+08:00,58.0,26.0,14.6,12.3,0.76,1011.0,-99.0,0.0,-9.9,-99,-999,ºÍ¥Úø§,23,¶Ë¿¨∂m,199
23.5643,119.4603,¶Ë¿¨,C0W120,2017-02-09T17:00:00+08:00,58.0,25.0,13.6,12.4,0.75,1011.4,-99.0,0.0,-9.9,-99,-999,ºÍ¥Úø§,23,¶Ë¿¨∂m,199
23.5643,119.4603,¶Ë¿¨,C0W120,2017-02-09T18:00:00+08:00,58.0,26.0,12.2,12.5,0.72,1011.9,-99.0,0.0,-9.9,-99,-999,ºÍ¥Úø§,23,¶Ë¿¨∂m,199
23.5643,119.4603,¶Ë¿¨,C0W120,2017-02-09T19:00:00+08:00,58.0,29.0,12.0,12.5,0.71,1012.5,-99.0,0.0,-9.9,-99,-999,ºÍ¥Úø§,23,¶Ë¿¨∂m,199
23.5643,119.4603,¶Ë¿¨,C0W120,2017-02-09T20:00:00+08:00,58.0,23.0,15.1,12.3,0.71,1012.4,-99.0,0.0,-9.9,-99,-999,ºÍ¥Úø§,23,¶Ë¿¨∂m,199
23.5643,119.4603,¶Ë¿¨,C0W120,2017-02-09T21:00:00+08:00,58.0,26.0,13.1,12.5,0.70,1012.9,-99.0,0.0,-9.9,-99,-999,ºÍ¥Úø§,23,¶Ë¿¨∂m,199
23.5643,119.4603,¶Ë¿¨,C0W120,2017-02-09T22:00:00+08:00,58.0,25.0,14.5,12.3,0.71,1013.0,-99.0,0.0,-9.9,-99,-999,ºÍ¥Úø§,23,¶Ë¿¨∂m,199
23.5643,119.4603,¶Ë¿¨,C0W120,2017-02-09T23:00:00+08:00,58.0,21.0,14.6,12.2,0.71,1013.2,-99.0,0.0,-9.9,-99,-999,ºÍ¥Úø§,23,¶Ë¿¨∂m,199
23.5643,119.4603,¶Ë¿¨,C0W120,2017-02-10T00:00:00+08:00,58.0,27.0,13.4,12.1,0.70,1013.2,-99.0,0.0,-9.9,-99,-999,ºÍ¥Úø§,23,¶Ë¿¨∂m,199
23.5643,119.4603,¶Ë¿¨,C0W120,2017-02-10T01:00:00+08:00,58.0,26.0,13.0,12.1,0.72,1013.5,-99.0,0.0,-9.9,-99,-999,ºÍ¥Úø§,23,¶Ë¿¨∂m,199
23.5643,119.4603,¶Ë¿¨,C0W120,2017-02-10T02:00:00+08:00,58.0,25.0,15.5,11.9,0.71,1013.1,-99.0,0.0,-9.9,-99,-999,ºÍ¥Úø§,23,¶Ë¿¨∂m,199
23.5643,119.4603,¶Ë¿¨,C0W120,2017-02-10T03:00:00+08:00,58.0,33.0,11.9,11.8,0.70,1012.9,-99.0,0.0,-9.9,-99,-999,ºÍ¥Úø§,23,¶Ë¿¨∂m,199
23.5643,119.4603,¶Ë¿¨,C0W120,2017-02-10T04:00:00+08:00,58.0,24.0,14.0,11.9,0.72,1012.8,-99.0,0.0,-9.9,-99,-999,ºÍ¥Úø§,23,¶Ë¿¨∂m,199
23.5643,119.4603,¶Ë¿¨,C0W120,2017-02-10T05:00:00+08:00,58.0,25.0,13.6,11.9,0.73,1012.6,-99.0,0.0,-9.9,-99,-999,ºÍ¥Úø§,23,¶Ë¿¨∂m,199
23.5643,119.4603,¶Ë¿¨,C0W120,2017-02-10T06:00:00+08:00,58.0,22.0,15.3,12.0,0.71,1013.2,-99.0,0.0,-9.9,-99,-999,ºÍ¥Úø§,23,¶Ë¿¨∂m,199
23.5643,119.4603,¶Ë¿¨,C0W120,2017-02-10T07:00:00+08:00,58.0,24.0,14.7,11.8,0.69,1013.8,-99.0,0.0,-9.9,-99,-999,ºÍ¥Úø§,23,¶Ë¿¨∂m,199
23.5643,119.4603,¶Ë¿¨,C0W120,2017-02-10T08:00:00+08:00,58.0,29.0,12.3,11.7,0.69,1014.7,-99.0,0.0,-9.9,-99,-999,ºÍ¥Úø§,23,¶Ë¿¨∂m,199
23.5643,119.4603,¶Ë¿¨,C0W120,2017-02-10T09:00:00+08:00,58.0,27.0,13.6,11.7,0.70,1015.5,-99.0,0.0,-9.9,-99,-999,ºÍ¥Úø§,23,¶Ë¿¨∂m,199
23.5643,119.4603,¶Ë¿¨,C0W120,2017-02-10T10:00:00+08:00,58.0,26.0,14.3,11.9,0.71,1016.3,-99.0,0.0,-9.9,-99,-999,ºÍ¥Úø§,23,¶Ë¿¨∂m,199
23.5643,119.4603,¶Ë¿¨,C0W120,2017-02-10T11:00:00+08:00,58.0,28.0,12.8,12.2,0.70,1015.6,-99.0,0.0,-9.9,-99,-999,ºÍ¥Úø§,23,¶Ë¿¨∂m,199
23.5643,119.4603,¶Ë¿¨,C0W120,2017-02-10T12:00:00+08:00,58.0,26.0,13.9,-97.0,0.71,1014.9,-99.0,0.0,-9.9,-99,-999,ºÍ¥Úø§,23,¶Ë¿¨∂m,199
23.5643,119.4603,¶Ë¿¨,C0W120,2017-02-10T13:00:00+08:00,58.0,27.0,14.0,12.1,0.69,1014.0,-99.0,0.0,-9.9,-99,-999,ºÍ¥Úø§,23,¶Ë¿¨∂m,199
23.5643,119.4603,¶Ë¿¨,C0W120,2017-02-10T14:00:00+08:00,58.0,26.0,14.4,11.9,0.70,1013.5,-99.0,0.0,-9.9,-99,-999,ºÍ¥Úø§,23,¶Ë¿¨∂m,199
23.5643,119.4603,¶Ë¿¨,C0W120,2017-02-10T15:00:00+08:00,58.0,27.0,13.8,12.0,0.72,1013.4,-99.0,0.0,-9.9,-99,-999,ºÍ¥Úø§,23,¶Ë¿¨∂m,199
23.5643,119.4603,¶Ë¿¨,C0W120,2017-02-10T16:00:00+08:00,58.0,24.0,14.3,11.7,0.74,1013.8,-99.0,0.0,-9.9,-99,-999,ºÍ¥Úø§,23,¶Ë¿¨∂m,199
23.5643,119.4603,¶Ë¿¨,C0W120,2017-02-10T17:00:00+08:00,58.0,27.0,13.5,11.8,0.74,1014.2,-99.0,0.0,-9.9,-99,-999,ºÍ¥Úø§,23,¶Ë¿¨∂m,199
23.5643,119.4603,¶Ë¿¨,C0W120,2017-02-10T18:00:00+08:00,58.0,29.0,12.4,12.1,0.76,1014.3,-99.0,0.0,-9.9,-99,-999,ºÍ¥Úø§,23,¶Ë¿¨∂m,199
23.5643,119.4603,¶Ë¿¨,C0W120,2017-02-10T19:00:00+08:00,58.0,27.0,13.3,12.4,0.76,1014.9,-99.0,0.0,-9.9,-99,-999,ºÍ¥Úø§,23,¶Ë¿¨∂m,199
23.5643,119.4603,¶Ë¿¨,C0W120,2017-02-10T20:00:00+08:00,58.0,25.0,13.6,12.5,0.75,1015.6,-99.0,0.0,-9.9,-99,-999,ºÍ¥Úø§,23,¶Ë¿¨∂m,199
23.5643,119.4603,¶Ë¿¨,C0W120,2017-02-10T21:00:00+08:00,58.0,26.0,13.5,12.6,0.73,1015.9,-99.0,0.0,-9.9,-99,-999,ºÍ¥Úø§,23,¶Ë¿¨∂m,199
23.5643,119.4603,¶Ë¿¨,C0W120,2017-02-10T22:00:00+08:00,58.0,34.0,10.4,12.9,0.63,1016.3,-99.0,0.0,-9.9,-99,-999,ºÍ¥Úø§,23,¶Ë¿¨∂m,199
23.5643,119.4603,¶Ë¿¨,C0W120,2017-02-10T23:00:00+08:00,58.0,30.0,11.9,13.2,0.58,1016.5,-99.0,0.0,-9.9,-99,-999,ºÍ¥Úø§,23,¶Ë¿¨∂m,199
23.5643,119.4603,¶Ë¿¨,C0W120,2017-02-11T00:00:00+08:00,58.0,30.0,11.3,13.2,0.62,1016.3,-99.0,0.0,-9.9,-99,-999,ºÍ¥Úø§,23,¶Ë¿¨∂m,199
23.5643,119.4603,¶Ë¿¨,C0W120,2017-02-11T01:00:00+08:00,58.0,33.0,10.7,13.3,0.62,1016.5,-99.0,0.0,-9.9,-99,-999,ºÍ¥Úø§,23,¶Ë¿¨∂m,199
23.5643,119.4603,¶Ë¿¨,C0W120,2017-02-11T02:00:00+08:00,58.0,27.0,13.1,13.2,0.68,1016.0,-99.0,0.0,-9.9,-99,-999,ºÍ¥Úø§,23,¶Ë¿¨∂m,199
23.5643,119.4603,¶Ë¿¨,C0W120,2017-02-11T03:00:00+08:00,58.0,27.0,13.8,13.2,0.65,1015.9,-99.0,0.0,-9.9,-99,-999,ºÍ¥Úø§,23,¶Ë¿¨∂m,199
23.5643,119.4603,¶Ë¿¨,C0W120,2017-02-11T04:00:00+08:00,58.0,30.0,12.9,12.9,0.63,1016.2,-99.0,0.0,-9.9,-99,-999,ºÍ¥Úø§,23,¶Ë¿¨∂m,199
23.5643,119.4603,¶Ë¿¨,C0W120,2017-02-11T05:00:00+08:00,58.0,30.0,12.1,12.9,0.67,1016.3,-99.0,0.0,-9.9,-99,-999,ºÍ¥Úø§,23,¶Ë¿¨∂m,199
23.5643,119.4603,¶Ë¿¨,C0W120,2017-02-11T06:00:00+08:00,58.0,28.0,12.7,12.8,0.70,1017.0,-99.0,0.0,-9.9,-99,-999,ºÍ¥Úø§,23,¶Ë¿¨∂m,199
23.5643,119.4603,¶Ë¿¨,C0W120,2017-02-11T07:00:00+08:00,58.0,27.0,13.6,12.8,0.70,1017.6,-99.0,0.0,-9.9,-99,-999,ºÍ¥Úø§,23,¶Ë¿¨∂m,199
23.5643,119.4603,¶Ë¿¨,C0W120,2017-02-11T08:00:00+08:00,58.0,25.0,12.6,13.0,0.70,1018.2,-99.0,0.0,-9.9,-99,-999,ºÍ¥Úø§,23,¶Ë¿¨∂m,199
23.5643,119.4603,¶Ë¿¨,C0W120,2017-02-11T09:00:00+08:00,58.0,27.0,13.6,12.8,0.67,1019.1,-99.0,0.0,-9.9,-99,-999,ºÍ¥Úø§,23,¶Ë¿¨∂m,199
23.5643,119.4603,¶Ë¿¨,C0W120,2017-02-11T10:00:00+08:00,58.0,27.0,13.8,13.1,0.67,1019.3,-99.0,0.0,-9.9,-99,-999,ºÍ¥Úø§,23,¶Ë¿¨∂m,199
23.5643,119.4603,¶Ë¿¨,C0W120,2017-02-11T11:00:00+08:00,58.0,35.0,9.5,13.0,0.67,1019.2,-99.0,0.0,-9.9,-99,-999,ºÍ¥Úø§,23,¶Ë¿¨∂m,199
23.5643,119.4603,¶Ë¿¨,C0W120,2017-02-11T12:00:00+08:00,58.0,30.0,12.0,13.1,0.69,1018.7,-99.0,0.0,-9.9,-99,-999,ºÍ¥Úø§,23,¶Ë¿¨∂m,199
23.5643,119.4603,¶Ë¿¨,C0W120,2017-02-11T13:00:00+08:00,58.0,23.0,15.1,13.1,0.72,1017.6,-99.0,0.0,-9.9,-99,-999,ºÍ¥Úø§,23,¶Ë¿¨∂m,199
23.5643,119.4603,¶Ë¿¨,C0W120,2017-02-11T14:00:00+08:00,58.0,23.0,14.7,13.0,0.73,1017.2,-99.0,0.0,-9.9,-99,-999,ºÍ¥Úø§,23,¶Ë¿¨∂m,199
23.5643,119.4603,¶Ë¿¨,C0W120,2017-02-11T15:00:00+08:00,58.0,22.0,13.6,12.9,0.73,1017.1,-99.0,0.0,-9.9,-99,-999,ºÍ¥Úø§,23,¶Ë¿¨∂m,199
23.5643,119.4603,¶Ë¿¨,C0W120,2017-02-11T16:00:00+08:00,58.0,28.0,11.0,13.3,0.77,1017.1,-99.0,0.0,-9.9,-99,-999,ºÍ¥Úø§,23,¶Ë¿¨∂m,199
23.5643,119.4603,¶Ë¿¨,C0W120,2017-02-11T17:00:00+08:00,58.0,35.0,10.6,12.7,0.76,1017.5,-99.0,0.0,-9.9,-99,-999,ºÍ¥Úø§,23,¶Ë¿¨∂m,199
23.5643,119.4603,¶Ë¿¨,C0W120,2017-02-11T18:00:00+08:00,58.0,28.0,12.1,12.6,0.78,1017.8,-99.0,0.0,-9.9,-99,-999,ºÍ¥Úø§,23,¶Ë¿¨∂m,199
23.5643,119.4603,¶Ë¿¨,C0W120,2017-02-11T19:00:00+08:00,58.0,27.0,12.2,12.8,0.79,1018.2,-99.0,0.0,-9.9,-99,-999,ºÍ¥Úø§,23,¶Ë¿¨∂m,199
23.5643,119.4603,¶Ë¿¨,C0W120,2017-02-11T20:00:00+08:00,58.0,25.0,13.1,12.9,0.79,1018.5,-99.0,0.0,-9.9,-99,-999,ºÍ¥Úø§,23,¶Ë¿¨∂m,199
23.5643,119.4603,¶Ë¿¨,C0W120,2017-02-11T21:00:00+08:00,58.0,30.0,10.7,12.8,0.78,1018.9,-99.0,0.0,-9.9,-99,-999,ºÍ¥Úø§,23,¶Ë¿¨∂m,199
23.5643,119.4603,¶Ë¿¨,C0W120,2017-02-11T22:00:00+08:00,58.0,30.0,10.9,13.2,0.77,1019.1,-99.0,0.0,-9.9,-99,-999,ºÍ¥Úø§,23,¶Ë¿¨∂m,199
23.5643,119.4603,¶Ë¿¨,C0W120,2017-02-11T23:00:00+08:00,58.0,29.0,10.4,13.3,0.74,1019.4,-99.0,0.0,-9.9,-99,-999,ºÍ¥Úø§,23,¶Ë¿¨∂m,199
23.5643,119.4603,¶Ë¿¨,C0W120,2017-02-12T00:00:00+08:00,58.0,33.0,9.1,13.5,0.73,1019.3,-99.0,0.0,-9.9,-99,-999,ºÍ¥Úø§,23,¶Ë¿¨∂m,199
23.5643,119.4603,¶Ë¿¨,C0W120,2017-02-12T01:00:00+08:00,58.0,28.0,12.3,13.5,0.71,1018.9,-99.0,0.0,-9.9,-99,-999,ºÍ¥Úø§,23,¶Ë¿¨∂m,199
23.5643,119.4603,¶Ë¿¨,C0W120,2017-02-12T02:00:00+08:00,58.0,27.0,11.2,13.5,0.72,1018.6,-99.0,0.0,-9.9,-99,-999,ºÍ¥Úø§,23,¶Ë¿¨∂m,199
23.5643,119.4603,¶Ë¿¨,C0W120,2017-02-12T03:00:00+08:00,58.0,25.0,12.2,13.6,0.73,1018.3,-99.0,0.0,-9.9,-99,-999,ºÍ¥Úø§,23,¶Ë¿¨∂m,199
23.5643,119.4603,¶Ë¿¨,C0W120,2017-02-12T04:00:00+08:00,58.0,26.0,12.9,13.5,0.74,1018.0,-99.0,0.0,-9.9,-99,-999,ºÍ¥Úø§,23,¶Ë¿¨∂m,199
23.5643,119.4603,¶Ë¿¨,C0W120,2017-02-12T05:00:00+08:00,58.0,30.0,10.7,13.5,0.75,1018.1,-99.0,0.0,-9.9,-99,-999,ºÍ¥Úø§,23,¶Ë¿¨∂m,199
23.5643,119.4603,¶Ë¿¨,C0W120,2017-02-12T06:00:00+08:00,58.0,28.0,11.5,13.8,0.76,1018.6,-99.0,0.0,-9.9,-99,-999,ºÍ¥Úø§,23,¶Ë¿¨∂m,199
23.5643,119.4603,¶Ë¿¨,C0W120,2017-02-12T07:00:00+08:00,58.0,23.0,13.4,13.8,0.75,1019.1,-99.0,0.0,-9.9,-99,-999,ºÍ¥Úø§,23,¶Ë¿¨∂m,199
23.5643,119.4603,¶Ë¿¨,C0W120,2017-02-12T08:00:00+08:00,58.0,25.0,14.3,13.7,0.73,1019.4,-99.0,0.0,-9.9,-99,-999,ºÍ¥Úø§,23,¶Ë¿¨∂m,199
23.5643,119.4603,¶Ë¿¨,C0W120,2017-02-12T10:00:00+08:00,58.0,26.0,12.6,14.1,0.75,1020.1,-99.0,0.0,-9.9,-99,-999,ºÍ¥Úø§,23,¶Ë¿¨∂m,199
23.5643,119.4603,¶Ë¿¨,C0W120,2017-02-12T11:00:00+08:00,58.0,26.0,12.6,14.4,0.73,1020.0,-99.0,0.0,-9.9,-99,-999,ºÍ¥Úø§,23,¶Ë¿¨∂m,199
23.5643,119.4603,¶Ë¿¨,C0W120,2017-02-12T12:00:00+08:00,58.0,21.0,12.9,14.7,0.74,1019.5,-99.0,0.0,-9.9,-99,-999,ºÍ¥Úø§,23,¶Ë¿¨∂m,199
23.5643,119.4603,¶Ë¿¨,C0W120,2017-02-12T13:00:00+08:00,58.0,24.0,12.0,14.4,0.76,1018.6,-99.0,0.0,-9.9,-99,-999,ºÍ¥Úø§,23,¶Ë¿¨∂m,199
23.5643,119.4603,¶Ë¿¨,C0W120,2017-02-12T14:00:00+08:00,58.0,23.0,14.0,14.4,0.77,1017.5,-99.0,0.0,-9.9,-99,-999,ºÍ¥Úø§,23,¶Ë¿¨∂m,199
23.5643,119.4603,¶Ë¿¨,C0W120,2017-02-12T15:00:00+08:00,58.0,22.0,13.8,14.4,0.77,1017.0,-99.0,0.0,-9.9,-99,-999,ºÍ¥Úø§,23,¶Ë¿¨∂m,199
23.5643,119.4603,¶Ë¿¨,C0W120,2017-02-12T16:00:00+08:00,58.0,25.0,13.1,14.3,0.77,1017.2,-99.0,0.0,-9.9,-99,-999,ºÍ¥Úø§,23,¶Ë¿¨∂m,199
23.5643,119.4603,¶Ë¿¨,C0W120,2017-02-12T17:00:00+08:00,58.0,26.0,12.8,14.0,0.79,1017.4,-99.0,0.0,-9.9,-99,-999,ºÍ¥Úø§,23,¶Ë¿¨∂m,199
23.5643,119.4603,¶Ë¿¨,C0W120,2017-02-12T18:00:00+08:00,58.0,32.0,8.9,14.0,0.81,1017.9,-99.0,0.0,-9.9,-99,-999,ºÍ¥Úø§,23,¶Ë¿¨∂m,199
23.5643,119.4603,¶Ë¿¨,C0W120,2017-02-12T19:00:00+08:00,58.0,29.0,10.4,14.2,0.82,1018.2,-99.0,0.0,-9.9,-99,-999,ºÍ¥Úø§,23,¶Ë¿¨∂m,199
23.5643,119.4603,¶Ë¿¨,C0W120,2017-02-12T20:00:00+08:00,58.0,23.0,11.5,14.5,0.81,1018.7,-99.0,0.0,-9.9,-99,-999,ºÍ¥Úø§,23,¶Ë¿¨∂m,199
23.5643,119.4603,¶Ë¿¨,C0W120,2017-02-12T21:00:00+08:00,58.0,21.0,11.6,14.5,0.84,1019.2,-99.0,0.0,-9.9,-99,-999,ºÍ¥Úø§,23,¶Ë¿¨∂m,199
23.5643,119.4603,¶Ë¿¨,C0W120,2017-02-12T22:00:00+08:00,58.0,25.0,12.1,14.4,0.83,1019.3,-99.0,0.0,-9.9,-99,-999,ºÍ¥Úø§,23,¶Ë¿¨∂m,199
23.5643,119.4603,¶Ë¿¨,C0W120,2017-02-12T23:00:00+08:00,58.0,22.0,12.6,14.4,0.83,1019.1,-99.0,0.0,-9.9,-99,-999,ºÍ¥Úø§,23,¶Ë¿¨∂m,199
23.5643,119.4603,¶Ë¿¨,C0W120,2017-02-13T00:00:00+08:00,58.0,27.0,10.7,14.6,0.81,1019.5,-99.0,0.0,-9.9,-99,-999,ºÍ¥Úø§,23,¶Ë¿¨∂m,199
23.5643,119.4603,¶Ë¿¨,C0W120,2017-02-13T01:00:00+08:00,58.0,22.0,12.6,14.8,0.80,1019.1,-99.0,0.0,-9.9,-99,-999,ºÍ¥Úø§,23,¶Ë¿¨∂m,199
23.5643,119.4603,¶Ë¿¨,C0W120,2017-02-13T02:00:00+08:00,58.0,24.0,12.2,14.9,0.81,1018.7,-99.0,0.0,-9.9,-99,-999,ºÍ¥Úø§,23,¶Ë¿¨∂m,199
23.5643,119.4603,¶Ë¿¨,C0W120,2017-02-13T03:00:00+08:00,58.0,24.0,12.9,14.7,0.80,1018.2,-99.0,0.0,-9.9,-99,-999,ºÍ¥Úø§,23,¶Ë¿¨∂m,199
23.5643,119.4603,¶Ë¿¨,C0W120,2017-02-13T04:00:00+08:00,58.0,26.0,12.5,14.7,0.80,1018.1,-99.0,0.0,-9.9,-99,-999,ºÍ¥Úø§,23,¶Ë¿¨∂m,199
23.5643,119.4603,¶Ë¿¨,C0W120,2017-02-13T05:00:00+08:00,58.0,28.0,11.9,14.7,0.81,1018.5,-99.0,0.0,-9.9,-99,-999,ºÍ¥Úø§,23,¶Ë¿¨∂m,199
23.5643,119.4603,¶Ë¿¨,C0W120,2017-02-13T06:00:00+08:00,58.0,29.0,10.8,14.9,0.82,1019.2,-99.0,0.0,-9.9,-99,-999,ºÍ¥Úø§,23,¶Ë¿¨∂m,199
23.5643,119.4603,¶Ë¿¨,C0W120,2017-02-13T07:00:00+08:00,58.0,18.0,11.5,14.5,0.89,1019.8,-99.0,0.0,-9.9,-99,-999,ºÍ¥Úø§,23,¶Ë¿¨∂m,199
23.5643,119.4603,¶Ë¿¨,C0W120,2017-02-13T08:00:00+08:00,58.0,19.0,11.4,14.4,0.88,1020.4,-99.0,0.0,-9.9,-99,-999,ºÍ¥Úø§,23,¶Ë¿¨∂m,199
23.5643,119.4603,¶Ë¿¨,C0W120,2017-02-13T10:00:00+08:00,58.0,21.0,12.3,14.7,0.85,1021.0,-99.0,0.0,-9.9,-99,-999,ºÍ¥Úø§,23,¶Ë¿¨∂m,199
23.5643,119.4603,¶Ë¿¨,C0W120,2017-02-13T11:00:00+08:00,58.0,24.0,13.1,15.0,0.84,1020.6,-99.0,0.0,-9.9,-99,-999,ºÍ¥Úø§,23,¶Ë¿¨∂m,199
23.5643,119.4603,¶Ë¿¨,C0W120,2017-02-13T12:00:00+08:00,58.0,21.0,12.6,15.5,0.82,1020.3,-99.0,0.0,-9.9,-99,-999,ºÍ¥Úø§,23,¶Ë¿¨∂m,199
23.5643,119.4603,¶Ë¿¨,C0W120,2017-02-13T13:00:00+08:00,58.0,21.0,13.1,15.6,0.83,1019.4,-99.0,0.0,-9.9,-99,-999,ºÍ¥Úø§,23,¶Ë¿¨∂m,199
23.5643,119.4603,¶Ë¿¨,C0W120,2017-02-13T14:00:00+08:00,58.0,23.0,13.0,15.6,0.82,1018.9,-99.0,0.0,-9.9,-99,-999,ºÍ¥Úø§,23,¶Ë¿¨∂m,199
23.5643,119.4603,¶Ë¿¨,C0W120,2017-02-13T15:00:00+08:00,58.0,26.0,12.8,15.2,0.82,1018.7,-99.0,0.0,-9.9,-99,-999,ºÍ¥Úø§,23,¶Ë¿¨∂m,199
23.5643,119.4603,¶Ë¿¨,C0W120,2017-02-13T16:00:00+08:00,58.0,22.0,13.0,15.2,0.84,1018.8,-99.0,0.0,-9.9,-99,-999,ºÍ¥Úø§,23,¶Ë¿¨∂m,199
23.5643,119.4603,¶Ë¿¨,C0W120,2017-02-13T17:00:00+08:00,58.0,24.0,13.2,15.3,0.85,1018.9,-99.0,0.0,-9.9,-99,-999,ºÍ¥Úø§,23,¶Ë¿¨∂m,199
23.5643,119.4603,¶Ë¿¨,C0W120,2017-02-13T18:00:00+08:00,58.0,26.0,12.0,15.0,0.85,1019.5,-99.0,0.0,-9.9,-99,-999,ºÍ¥Úø§,23,¶Ë¿¨∂m,199
23.5643,119.4603,¶Ë¿¨,C0W120,2017-02-13T19:00:00+08:00,58.0,25.0,11.8,15.3,0.84,1019.6,-99.0,0.0,-9.9,-99,-999,ºÍ¥Úø§,23,¶Ë¿¨∂m,199
23.5643,119.4603,¶Ë¿¨,C0W120,2017-02-13T20:00:00+08:00,58.0,28.0,11.0,15.5,0.82,1020.3,-99.0,0.0,-9.9,-99,-999,ºÍ¥Úø§,23,¶Ë¿¨∂m,199
23.5643,119.4603,¶Ë¿¨,C0W120,2017-02-13T21:00:00+08:00,58.0,27.0,10.9,15.6,0.81,1020.8,-99.0,0.0,-9.9,-99,-999,ºÍ¥Úø§,23,¶Ë¿¨∂m,199
23.5643,119.4603,¶Ë¿¨,C0W120,2017-02-13T22:00:00+08:00,58.0,32.0,8.9,15.8,0.83,1020.8,-99.0,0.0,-9.9,-99,-999,ºÍ¥Úø§,23,¶Ë¿¨∂m,199
23.5643,119.4603,¶Ë¿¨,C0W120,2017-02-13T23:00:00+08:00,58.0,31.0,9.0,15.7,0.82,1021.0,-99.0,0.0,-9.9,-99,-999,ºÍ¥Úø§,23,¶Ë¿¨∂m,199
23.5643,119.4603,¶Ë¿¨,C0W120,2017-02-14T00:00:00+08:00,58.0,30.0,9.9,15.9,0.82,1020.9,-99.0,0.0,-9.9,-99,-999,ºÍ¥Úø§,23,¶Ë¿¨∂m,199
23.5643,119.4603,¶Ë¿¨,C0W120,2017-02-14T01:00:00+08:00,58.0,28.0,9.6,15.8,0.81,1021.1,-99.0,0.0,-9.9,-99,-999,ºÍ¥Úø§,23,¶Ë¿¨∂m,199
23.5643,119.4603,¶Ë¿¨,C0W120,2017-02-14T02:00:00+08:00,58.0,32.0,7.5,15.7,0.81,1020.9,-99.0,0.0,-9.9,-99,-999,ºÍ¥Úø§,23,¶Ë¿¨∂m,199
23.5643,119.4603,¶Ë¿¨,C0W120,2017-02-14T03:00:00+08:00,58.0,29.0,8.9,15.8,0.82,1020.6,-99.0,0.0,-9.9,-99,-999,ºÍ¥Úø§,23,¶Ë¿¨∂m,199
23.5643,119.4603,¶Ë¿¨,C0W120,2017-02-14T04:00:00+08:00,58.0,29.0,10.8,15.7,0.81,1020.4,-99.0,0.0,-9.9,-99,-999,ºÍ¥Úø§,23,¶Ë¿¨∂m,199
23.5643,119.4603,¶Ë¿¨,C0W120,2017-02-14T05:00:00+08:00,58.0,30.0,11.0,15.8,0.79,1020.7,-99.0,0.0,-9.9,-99,-999,ºÍ¥Úø§,23,¶Ë¿¨∂m,199
23.5643,119.4603,¶Ë¿¨,C0W120,2017-02-14T06:00:00+08:00,58.0,28.0,11.3,15.7,0.80,1021.3,-99.0,0.0,-9.9,-99,-999,ºÍ¥Úø§,23,¶Ë¿¨∂m,199
23.5643,119.4603,¶Ë¿¨,C0W120,2017-02-14T07:00:00+08:00,58.0,28.0,11.3,15.7,0.78,1021.9,-99.0,0.0,-9.9,-99,-999,ºÍ¥Úø§,23,¶Ë¿¨∂m,199
23.5643,119.4603,¶Ë¿¨,C0W120,2017-02-14T08:00:00+08:00,58.0,27.0,12.6,16.0,0.75,1022.2,-99.0,0.0,-9.9,-99,-999,ºÍ¥Úø§,23,¶Ë¿¨∂m,199
23.5643,119.4603,¶Ë¿¨,C0W120,2017-02-14T09:00:00+08:00,58.0,27.0,11.4,16.3,0.73,1022.6,-99.0,0.0,-9.9,-99,-999,ºÍ¥Úø§,23,¶Ë¿¨∂m,199
23.5643,119.4603,¶Ë¿¨,C0W120,2017-02-14T10:00:00+08:00,58.0,24.0,12.9,16.6,0.73,1022.7,-99.0,0.0,-9.9,-99,-999,ºÍ¥Úø§,23,¶Ë¿¨∂m,199
23.5643,119.4603,¶Ë¿¨,C0W120,2017-02-14T11:00:00+08:00,58.0,26.0,12.7,16.8,0.71,1022.4,-99.0,0.0,-9.9,-99,-999,ºÍ¥Úø§,23,¶Ë¿¨∂m,199
23.5643,119.4603,¶Ë¿¨,C0W120,2017-02-14T12:00:00+08:00,58.0,25.0,13.1,16.9,0.72,1022.0,-99.0,0.0,-9.9,-99,-999,ºÍ¥Úø§,23,¶Ë¿¨∂m,199
23.5643,119.4603,¶Ë¿¨,C0W120,2017-02-14T13:00:00+08:00,58.0,25.0,13.4,16.7,0.70,1021.2,-99.0,0.0,-9.9,-99,-999,ºÍ¥Úø§,23,¶Ë¿¨∂m,199
23.5643,119.4603,¶Ë¿¨,C0W120,2017-02-14T14:00:00+08:00,58.0,25.0,13.3,16.5,0.70,1020.5,-99.0,0.0,-9.9,-99,-999,ºÍ¥Úø§,23,¶Ë¿¨∂m,199
23.5643,119.4603,¶Ë¿¨,C0W120,2017-02-14T15:00:00+08:00,58.0,24.0,13.8,16.5,0.71,1020.1,-99.0,0.0,-9.9,-99,-999,ºÍ¥Úø§,23,¶Ë¿¨∂m,199
23.5643,119.4603,¶Ë¿¨,C0W120,2017-02-14T16:00:00+08:00,58.0,22.0,13.7,16.0,0.77,1020.0,-99.0,0.0,-9.9,-99,-999,ºÍ¥Úø§,23,¶Ë¿¨∂m,199
23.5643,119.4603,¶Ë¿¨,C0W120,2017-02-14T17:00:00+08:00,58.0,27.0,12.3,15.7,0.79,1020.3,-99.0,0.0,-9.9,-99,-999,ºÍ¥Úø§,23,¶Ë¿¨∂m,199
23.5643,119.4603,¶Ë¿¨,C0W120,2017-02-14T18:00:00+08:00,58.0,26.0,11.7,15.2,0.80,1020.6,-99.0,0.0,-9.9,-99,-999,ºÍ¥Úø§,23,¶Ë¿¨∂m,199
23.5643,119.4603,¶Ë¿¨,C0W120,2017-02-14T19:00:00+08:00,58.0,24.0,12.3,15.3,0.81,1020.8,-99.0,0.0,-9.9,-99,-999,ºÍ¥Úø§,23,¶Ë¿¨∂m,199
23.5643,119.4603,¶Ë¿¨,C0W120,2017-02-14T20:00:00+08:00,58.0,23.0,11.9,15.3,0.82,1021.5,-99.0,0.0,-9.9,-99,-999,ºÍ¥Úø§,23,¶Ë¿¨∂m,199
23.5643,119.4603,¶Ë¿¨,C0W120,2017-02-14T21:00:00+08:00,58.0,24.0,11.6,15.4,0.81,1021.9,-99.0,0.0,-9.9,-99,-999,ºÍ¥Úø§,23,¶Ë¿¨∂m,199
23.5643,119.4603,¶Ë¿¨,C0W120,2017-02-14T22:00:00+08:00,58.0,27.0,10.7,15.4,0.81,1022.1,-99.0,0.0,-9.9,-99,-999,ºÍ¥Úø§,23,¶Ë¿¨∂m,199
23.5643,119.4603,¶Ë¿¨,C0W120,2017-02-14T23:00:00+08:00,58.0,26.0,10.3,15.6,0.82,1021.9,-99.0,0.0,-9.9,-99,-999,ºÍ¥Úø§,23,¶Ë¿¨∂m,199
23.5643,119.4603,¶Ë¿¨,C0W120,2017-02-15T00:00:00+08:00,58.0,20.0,11.1,15.5,0.81,1021.5,-99.0,0.0,-9.9,-99,-999,ºÍ¥Úø§,23,¶Ë¿¨∂m,199
23.5643,119.4603,¶Ë¿¨,C0W120,2017-02-15T01:00:00+08:00,58.0,16.0,11.6,15.6,0.82,1021.1,-99.0,0.0,-9.9,-99,-999,ºÍ¥Úø§,23,¶Ë¿¨∂m,199
23.5643,119.4603,¶Ë¿¨,C0W120,2017-02-15T02:00:00+08:00,58.0,19.0,11.4,15.3,0.84,1020.5,-99.0,0.0,-9.9,-99,-999,ºÍ¥Úø§,23,¶Ë¿¨∂m,199
23.5643,119.4603,¶Ë¿¨,C0W120,2017-02-15T03:00:00+08:00,58.0,20.0,11.8,15.2,0.84,1020.0,-99.0,0.0,-9.9,-99,-999,ºÍ¥Úø§,23,¶Ë¿¨∂m,199
23.5643,119.4603,¶Ë¿¨,C0W120,2017-02-15T04:00:00+08:00,58.0,18.0,11.6,15.3,0.85,1019.7,-99.0,0.0,-9.9,-99,-999,ºÍ¥Úø§,23,¶Ë¿¨∂m,199
23.5643,119.4603,¶Ë¿¨,C0W120,2017-02-15T05:00:00+08:00,58.0,20.0,11.1,15.0,0.86,1020.0,-99.0,0.0,-9.9,-99,-999,ºÍ¥Úø§,23,¶Ë¿¨∂m,199
23.5643,119.4603,¶Ë¿¨,C0W120,2017-02-15T06:00:00+08:00,58.0,22.0,10.5,15.0,0.87,1020.4,-99.0,0.0,-9.9,-99,-999,ºÍ¥Úø§,23,¶Ë¿¨∂m,199
23.5643,119.4603,¶Ë¿¨,C0W120,2017-02-15T07:00:00+08:00,58.0,21.0,10.3,14.9,0.88,1020.9,-99.0,0.0,-9.9,-99,-999,ºÍ¥Úø§,23,¶Ë¿¨∂m,199
23.5643,119.4603,¶Ë¿¨,C0W120,2017-02-15T08:00:00+08:00,58.0,24.0,9.9,15.0,0.87,1021.1,-99.0,0.0,-9.9,-99,-999,ºÍ¥Úø§,23,¶Ë¿¨∂m,199
23.5643,119.4603,¶Ë¿¨,C0W120,2017-02-15T10:00:00+08:00,58.0,24.0,10.8,15.2,0.86,1021.5,-99.0,0.0,-9.9,-99,-999,ºÍ¥Úø§,23,¶Ë¿¨∂m,199
23.5643,119.4603,¶Ë¿¨,C0W120,2017-02-15T11:00:00+08:00,58.0,21.0,10.0,15.6,0.83,1021.3,-99.0,0.0,-9.9,-99,-999,ºÍ¥Úø§,23,¶Ë¿¨∂m,199
23.5643,119.4603,¶Ë¿¨,C0W120,2017-02-15T12:00:00+08:00,58.0,21.0,9.3,16.2,0.84,1020.5,-99.0,0.0,-9.9,-99,-999,ºÍ¥Úø§,23,¶Ë¿¨∂m,199
23.5643,119.4603,¶Ë¿¨,C0W120,2017-02-15T13:00:00+08:00,58.0,21.0,9.0,16.2,0.83,1019.6,-99.0,0.0,-9.9,-99,-999,ºÍ¥Úø§,23,¶Ë¿¨∂m,199
23.5643,119.4603,¶Ë¿¨,C0W120,2017-02-15T14:00:00+08:00,58.0,22.0,8.1,16.4,0.83,1018.6,-99.0,0.0,-9.9,-99,-999,ºÍ¥Úø§,23,¶Ë¿¨∂m,199
23.5643,119.4603,¶Ë¿¨,C0W120,2017-02-15T15:00:00+08:00,58.0,22.0,8.4,16.3,0.82,1017.9,-99.0,0.0,-9.9,-99,-999,ºÍ¥Úø§,23,¶Ë¿¨∂m,199
23.5643,119.4603,¶Ë¿¨,C0W120,2017-02-15T16:00:00+08:00,58.0,22.0,8.4,16.2,0.84,1017.5,-99.0,0.0,-9.9,-99,-999,ºÍ¥Úø§,23,¶Ë¿¨∂m,199
23.5643,119.4603,¶Ë¿¨,C0W120,2017-02-15T17:00:00+08:00,58.0,25.0,6.7,15.8,0.86,1017.6,-99.0,0.0,-9.9,-99,-999,ºÍ¥Úø§,23,¶Ë¿¨∂m,199
23.5643,119.4603,¶Ë¿¨,C0W120,2017-02-15T18:00:00+08:00,58.0,33.0,6.3,15.3,0.88,1017.7,-99.0,0.0,-9.9,-99,-999,ºÍ¥Úø§,23,¶Ë¿¨∂m,199
23.5643,119.4603,¶Ë¿¨,C0W120,2017-02-15T19:00:00+08:00,58.0,36.0,6.0,15.1,0.90,1017.7,-99.0,0.0,-9.9,-99,-999,ºÍ¥Úø§,23,¶Ë¿¨∂m,199
23.5643,119.4603,¶Ë¿¨,C0W120,2017-02-15T20:00:00+08:00,58.0,48.0,3.8,15.0,0.92,1018.3,-99.0,0.0,-9.9,-99,-999,ºÍ¥Úø§,23,¶Ë¿¨∂m,199
23.5643,119.4603,¶Ë¿¨,C0W120,2017-02-15T21:00:00+08:00,58.0,45.0,3.1,15.1,0.93,1018.4,-99.0,0.0,-9.9,-99,-999,ºÍ¥Úø§,23,¶Ë¿¨∂m,199
23.5643,119.4603,¶Ë¿¨,C0W120,2017-02-15T22:00:00+08:00,58.0,33.0,3.4,15.1,0.94,1018.3,-99.0,0.0,-9.9,-99,-999,ºÍ¥Úø§,23,¶Ë¿¨∂m,199
23.5643,119.4603,¶Ë¿¨,C0W120,2017-02-15T23:00:00+08:00,58.0,53.0,2.8,14.9,0.94,1018.3,-99.0,0.0,-9.9,-99,-999,ºÍ¥Úø§,23,¶Ë¿¨∂m,199
23.5643,119.4603,¶Ë¿¨,C0W120,2017-02-16T00:00:00+08:00,58.0,30.0,3.4,15.2,0.93,1017.7,-99.0,0.0,-9.9,-99,-999,ºÍ¥Úø§,23,¶Ë¿¨∂m,199
23.5643,119.4603,¶Ë¿¨,C0W120,2017-02-16T01:00:00+08:00,58.0,12.0,4.5,15.2,0.91,1017.3,-99.0,0.0,-9.9,-99,-999,ºÍ¥Úø§,23,¶Ë¿¨∂m,199
23.5643,119.4603,¶Ë¿¨,C0W120,2017-02-16T02:00:00+08:00,58.0,2.0,5.1,15.4,0.91,1016.9,-99.0,0.0,-9.9,-99,-999,ºÍ¥Úø§,23,¶Ë¿¨∂m,199
23.5643,119.4603,¶Ë¿¨,C0W120,2017-02-16T03:00:00+08:00,58.0,357.0,5.5,15.2,0.92,1015.9,-99.0,0.0,-9.9,-99,-999,ºÍ¥Úø§,23,¶Ë¿¨∂m,199
23.5643,119.4603,¶Ë¿¨,C0W120,2017-02-16T04:00:00+08:00,58.0,15.0,5.9,15.2,0.91,1015.5,-99.0,0.0,-9.9,-99,-999,ºÍ¥Úø§,23,¶Ë¿¨∂m,199
23.5643,119.4603,¶Ë¿¨,C0W120,2017-02-16T05:00:00+08:00,58.0,13.0,6.6,15.3,0.90,1015.2,-99.0,0.0,-9.9,-99,-999,ºÍ¥Úø§,23,¶Ë¿¨∂m,199
23.5643,119.4603,¶Ë¿¨,C0W120,2017-02-16T06:00:00+08:00,58.0,36.0,4.0,15.3,0.91,1015.6,-99.0,0.0,-9.9,-99,-999,ºÍ¥Úø§,23,¶Ë¿¨∂m,199
23.5643,119.4603,¶Ë¿¨,C0W120,2017-02-16T07:00:00+08:00,58.0,26.0,5.0,15.2,0.90,1015.7,-99.0,0.0,-9.9,-99,-999,ºÍ¥Úø§,23,¶Ë¿¨∂m,199
23.5643,119.4603,¶Ë¿¨,C0W120,2017-02-16T08:00:00+08:00,58.0,51.0,3.0,15.4,0.90,1016.2,-99.0,0.0,-9.9,-99,-999,ºÍ¥Úø§,23,¶Ë¿¨∂m,199
23.5643,119.4603,¶Ë¿¨,C0W120,2017-02-16T09:00:00+08:00,58.0,40.0,3.9,16.0,0.86,1016.3,-99.0,0.0,-9.9,-99,-999,ºÍ¥Úø§,23,¶Ë¿¨∂m,199
23.5643,119.4603,¶Ë¿¨,C0W120,2017-02-16T10:00:00+08:00,58.0,40.0,3.2,17.1,0.83,1016.8,-99.0,0.0,-9.9,-99,-999,ºÍ¥Úø§,23,¶Ë¿¨∂m,199
23.5643,119.4603,¶Ë¿¨,C0W120,2017-02-16T11:00:00+08:00,58.0,19.0,5.5,17.3,0.84,1016.2,-99.0,0.0,-9.9,-99,-999,ºÍ¥Úø§,23,¶Ë¿¨∂m,199
23.5643,119.4603,¶Ë¿¨,C0W120,2017-02-16T12:00:00+08:00,58.0,17.0,4.1,-97.0,0.81,1015.7,-99.0,0.0,-9.9,-99,-999,ºÍ¥Úø§,23,¶Ë¿¨∂m,199
23.5643,119.4603,¶Ë¿¨,C0W120,2017-02-16T13:00:00+08:00,58.0,17.0,3.5,-97.0,0.79,1014.7,-99.0,0.0,-9.9,-99,-999,ºÍ¥Úø§,23,¶Ë¿¨∂m,199
23.5643,119.4603,¶Ë¿¨,C0W120,2017-02-16T14:00:00+08:00,58.0,13.0,2.8,-97.0,0.76,1013.8,-99.0,0.0,-9.9,-99,-999,ºÍ¥Úø§,23,¶Ë¿¨∂m,199
23.5643,119.4603,¶Ë¿¨,C0W120,2017-02-16T15:00:00+08:00,58.0,358.0,2.8,20.1,0.74,1013.5,-99.0,0.0,-9.9,-99,-999,ºÍ¥Úø§,23,¶Ë¿¨∂m,199
23.5643,119.4603,¶Ë¿¨,C0W120,2017-02-16T16:00:00+08:00,58.0,358.0,2.4,20.4,0.74,1013.3,-99.0,0.0,-9.9,-99,-999,ºÍ¥Úø§,23,¶Ë¿¨∂m,199
23.5643,119.4603,¶Ë¿¨,C0W120,2017-02-16T17:00:00+08:00,58.0,17.0,2.9,19.2,0.75,1013.4,-99.0,0.0,-9.9,-99,-999,ºÍ¥Úø§,23,¶Ë¿¨∂m,199
23.5643,119.4603,¶Ë¿¨,C0W120,2017-02-16T20:00:00+08:00,58.0,88.0,2.1,18.2,0.60,1014.4,-99.0,0.0,-9.9,-99,-999,ºÍ¥Úø§,23,¶Ë¿¨∂m,199
23.5643,119.4603,¶Ë¿¨,C0W120,2017-02-16T21:00:00+08:00,58.0,91.0,2.3,18.3,0.76,1014.7,-99.0,0.0,-9.9,-99,-999,ºÍ¥Úø§,23,¶Ë¿¨∂m,199
23.5643,119.4603,¶Ë¿¨,C0W120,2017-02-16T23:00:00+08:00,58.0,104.0,1.9,19.0,0.68,1014.7,-99.0,0.0,-9.9,-99,-999,ºÍ¥Úø§,23,¶Ë¿¨∂m,199
23.5643,119.4603,¶Ë¿¨,C0W120,2017-02-17T00:00:00+08:00,58.0,83.0,1.8,18.9,0.64,1014.6,-99.0,0.0,-9.9,-99,-999,ºÍ¥Úø§,23,¶Ë¿¨∂m,199
23.5643,119.4603,¶Ë¿¨,C0W120,2017-02-17T01:00:00+08:00,58.0,81.0,1.6,19.5,0.49,1014.1,-99.0,0.0,-9.9,-99,-999,ºÍ¥Úø§,23,¶Ë¿¨∂m,199
23.5643,119.4603,¶Ë¿¨,C0W120,2017-02-17T02:00:00+08:00,58.0,37.0,1.8,19.5,0.51,1013.9,-99.0,0.0,-9.9,-99,-999,ºÍ¥Úø§,23,¶Ë¿¨∂m,199
23.5643,119.4603,¶Ë¿¨,C0W120,2017-02-17T03:00:00+08:00,58.0,40.0,2.1,19.3,0.51,1013.4,-99.0,0.0,-9.9,-99,-999,ºÍ¥Úø§,23,¶Ë¿¨∂m,199
23.5643,119.4603,¶Ë¿¨,C0W120,2017-02-17T04:00:00+08:00,58.0,28.0,1.8,19.5,0.54,1013.4,-99.0,0.0,-9.9,-99,-999,ºÍ¥Úø§,23,¶Ë¿¨∂m,199
23.5643,119.4603,¶Ë¿¨,C0W120,2017-02-17T05:00:00+08:00,58.0,30.0,3.4,18.9,0.61,1013.6,-99.0,0.0,-9.9,-99,-999,ºÍ¥Úø§,23,¶Ë¿¨∂m,199
23.5643,119.4603,¶Ë¿¨,C0W120,2017-02-17T06:00:00+08:00,58.0,35.0,4.1,18.7,0.73,1014.2,-99.0,0.0,-9.9,-99,-999,ºÍ¥Úø§,23,¶Ë¿¨∂m,199
23.5643,119.4603,¶Ë¿¨,C0W120,2017-02-17T07:00:00+08:00,58.0,33.0,4.2,18.7,0.76,1015.0,-99.0,0.0,-9.9,-99,-999,ºÍ¥Úø§,23,¶Ë¿¨∂m,199
23.5643,119.4603,¶Ë¿¨,C0W120,2017-02-17T08:00:00+08:00,58.0,12.0,4.6,19.3,0.82,1015.7,-99.0,0.0,-9.9,-99,-999,ºÍ¥Úø§,23,¶Ë¿¨∂m,199
23.5643,119.4603,¶Ë¿¨,C0W120,2017-02-17T10:00:00+08:00,58.0,16.0,3.9,20.4,0.84,1016.2,-99.0,0.0,-9.9,-99,-999,ºÍ¥Úø§,23,¶Ë¿¨∂m,199
23.5643,119.4603,¶Ë¿¨,C0W120,2017-02-17T11:00:00+08:00,58.0,20.0,3.9,21.0,0.81,1015.8,-99.0,0.0,-9.9,-99,-999,ºÍ¥Úø§,23,¶Ë¿¨∂m,199
23.5643,119.4603,¶Ë¿¨,C0W120,2017-02-17T12:00:00+08:00,58.0,24.0,3.3,21.9,0.77,1015.1,-99.0,0.0,-9.9,-99,-999,ºÍ¥Úø§,23,¶Ë¿¨∂m,199
23.5643,119.4603,¶Ë¿¨,C0W120,2017-02-17T13:00:00+08:00,58.0,12.0,3.3,22.3,0.75,1014.3,-99.0,0.0,-9.9,-99,-999,ºÍ¥Úø§,23,¶Ë¿¨∂m,199
23.5643,119.4603,¶Ë¿¨,C0W120,2017-02-17T14:00:00+08:00,58.0,359.0,2.5,22.7,0.73,1013.6,-99.0,0.0,-9.9,-99,-999,ºÍ¥Úø§,23,¶Ë¿¨∂m,199
23.5643,119.4603,¶Ë¿¨,C0W120,2017-02-17T15:00:00+08:00,58.0,9.0,3.0,22.4,0.75,1013.0,-99.0,0.0,-9.9,-99,-999,ºÍ¥Úø§,23,¶Ë¿¨∂m,199
23.5643,119.4603,¶Ë¿¨,C0W120,2017-02-17T16:00:00+08:00,58.0,27.0,2.5,21.7,0.78,1012.8,-99.0,0.0,-9.9,-99,-999,ºÍ¥Úø§,23,¶Ë¿¨∂m,199
23.5643,119.4603,¶Ë¿¨,C0W120,2017-02-17T17:00:00+08:00,58.0,5.0,3.7,21.4,0.79,1012.9,-99.0,0.0,-9.9,-99,-999,ºÍ¥Úø§,23,¶Ë¿¨∂m,199
23.5643,119.4603,¶Ë¿¨,C0W120,2017-02-17T18:00:00+08:00,58.0,19.0,4.1,20.2,0.85,1013.3,-99.0,0.0,-9.9,-99,-999,ºÍ¥Úø§,23,¶Ë¿¨∂m,199
23.5643,119.4603,¶Ë¿¨,C0W120,2017-02-17T19:00:00+08:00,58.0,27.0,3.7,19.9,0.89,1013.6,-99.0,0.0,-9.9,-99,-999,ºÍ¥Úø§,23,¶Ë¿¨∂m,199
23.5643,119.4603,¶Ë¿¨,C0W120,2017-02-17T20:00:00+08:00,58.0,35.0,3.1,19.8,0.93,1014.3,-99.0,0.0,-9.9,-99,-999,ºÍ¥Úø§,23,¶Ë¿¨∂m,199
23.5643,119.4603,¶Ë¿¨,C0W120,2017-02-17T21:00:00+08:00,58.0,46.0,3.2,19.5,0.89,1014.8,-99.0,0.0,-9.9,-99,-999,ºÍ¥Úø§,23,¶Ë¿¨∂m,199
23.5643,119.4603,¶Ë¿¨,C0W120,2017-02-17T22:00:00+08:00,58.0,60.0,4.5,19.4,0.90,1015.2,-99.0,0.0,-9.9,-99,-999,ºÍ¥Úø§,23,¶Ë¿¨∂m,199
23.5643,119.4603,¶Ë¿¨,C0W120,2017-02-17T23:00:00+08:00,58.0,89.0,2.7,19.3,0.90,1015.3,-99.0,0.0,-9.9,-99,-999,ºÍ¥Úø§,23,¶Ë¿¨∂m,199
23.5643,119.4603,¶Ë¿¨,C0W120,2017-02-18T00:00:00+08:00,58.0,71.0,3.6,19.4,0.89,1015.3,-99.0,0.0,-9.9,-99,-999,ºÍ¥Úø§,23,¶Ë¿¨∂m,199
23.5643,119.4603,¶Ë¿¨,C0W120,2017-02-18T01:00:00+08:00,58.0,51.0,3.0,19.6,0.89,1015.2,-99.0,0.0,-9.9,-99,-999,ºÍ¥Úø§,23,¶Ë¿¨∂m,199
23.5643,119.4603,¶Ë¿¨,C0W120,2017-02-18T02:00:00+08:00,58.0,26.0,5.7,19.8,0.91,1015.1,-99.0,0.0,-9.9,-99,-999,ºÍ¥Úø§,23,¶Ë¿¨∂m,199
23.5643,119.4603,¶Ë¿¨,C0W120,2017-02-18T03:00:00+08:00,58.0,29.0,8.4,18.5,0.91,1014.9,-99.0,0.0,-9.9,-99,-999,ºÍ¥Úø§,23,¶Ë¿¨∂m,199
23.5643,119.4603,¶Ë¿¨,C0W120,2017-02-18T04:00:00+08:00,58.0,30.0,9.0,-97.0,0.89,1014.9,-99.0,0.0,-9.9,-99,-999,ºÍ¥Úø§,23,¶Ë¿¨∂m,199
23.5643,119.4603,¶Ë¿¨,C0W120,2017-02-18T05:00:00+08:00,58.0,25.0,10.3,-97.0,0.90,1015.0,-99.0,0.0,-9.9,-99,-999,ºÍ¥Úø§,23,¶Ë¿¨∂m,199
23.5643,119.4603,¶Ë¿¨,C0W120,2017-02-18T06:00:00+08:00,58.0,25.0,11.5,-97.0,0.91,1015.4,-99.0,0.0,-9.9,-99,-999,ºÍ¥Úø§,23,¶Ë¿¨∂m,199
23.5643,119.4603,¶Ë¿¨,C0W120,2017-02-18T07:00:00+08:00,58.0,25.0,10.7,-97.0,0.95,1016.1,-99.0,0.0,-9.9,-99,-999,ºÍ¥Úø§,23,¶Ë¿¨∂m,199
23.5643,119.4603,¶Ë¿¨,C0W120,2017-02-18T08:00:00+08:00,58.0,27.0,10.0,-97.0,0.94,1016.4,-99.0,0.0,-9.9,-99,-999,ºÍ¥Úø§,23,¶Ë¿¨∂m,199
23.5643,119.4603,¶Ë¿¨,C0W120,2017-02-18T10:00:00+08:00,58.0,32.0,8.2,17.6,0.91,1016.7,-99.0,0.0,-9.9,-99,-999,ºÍ¥Úø§,23,¶Ë¿¨∂m,199
23.5643,119.4603,¶Ë¿¨,C0W120,2017-02-18T11:00:00+08:00,58.0,27.0,10.0,18.0,0.90,1016.4,-99.0,0.0,-9.9,-99,-999,ºÍ¥Úø§,23,¶Ë¿¨∂m,199
23.5643,119.4603,¶Ë¿¨,C0W120,2017-02-18T12:00:00+08:00,58.0,30.0,8.4,18.2,0.88,1015.5,-99.0,0.0,-9.9,-99,-999,ºÍ¥Úø§,23,¶Ë¿¨∂m,199
23.5643,119.4603,¶Ë¿¨,C0W120,2017-02-18T13:00:00+08:00,58.0,24.0,10.8,18.2,0.88,1014.5,-99.0,0.0,-9.9,-99,-999,ºÍ¥Úø§,23,¶Ë¿¨∂m,199
23.5643,119.4603,¶Ë¿¨,C0W120,2017-02-18T14:00:00+08:00,58.0,26.0,11.5,18.1,0.89,1013.6,-99.0,0.0,-9.9,-99,-999,ºÍ¥Úø§,23,¶Ë¿¨∂m,199
23.5643,119.4603,¶Ë¿¨,C0W120,2017-02-18T15:00:00+08:00,58.0,24.0,11.5,17.8,0.89,1013.1,-99.0,0.0,-9.9,-99,-999,ºÍ¥Úø§,23,¶Ë¿¨∂m,199
23.5643,119.4603,¶Ë¿¨,C0W120,2017-02-18T16:00:00+08:00,58.0,29.0,10.3,17.9,0.89,1013.1,-99.0,0.0,-9.9,-99,-999,ºÍ¥Úø§,23,¶Ë¿¨∂m,199
23.5643,119.4603,¶Ë¿¨,C0W120,2017-02-18T17:00:00+08:00,58.0,31.0,9.8,17.7,0.90,1013.7,-99.0,0.0,-9.9,-99,-999,ºÍ¥Úø§,23,¶Ë¿¨∂m,199
23.5643,119.4603,¶Ë¿¨,C0W120,2017-02-18T18:00:00+08:00,58.0,35.0,10.4,17.4,0.91,1014.1,-99.0,0.0,-9.9,-99,-999,ºÍ¥Úø§,23,¶Ë¿¨∂m,199
23.5643,119.4603,¶Ë¿¨,C0W120,2017-02-18T19:00:00+08:00,58.0,39.0,8.0,18.0,0.91,1014.5,-99.0,0.0,-9.9,-99,-999,ºÍ¥Úø§,23,¶Ë¿¨∂m,199
23.5643,119.4603,¶Ë¿¨,C0W120,2017-02-18T20:00:00+08:00,58.0,43.0,8.0,17.8,0.90,1014.7,-99.0,0.0,-9.9,-99,-999,ºÍ¥Úø§,23,¶Ë¿¨∂m,199
23.5643,119.4603,¶Ë¿¨,C0W120,2017-02-18T21:00:00+08:00,58.0,35.0,9.7,17.6,0.90,1014.6,-99.0,0.0,-9.9,-99,-999,ºÍ¥Úø§,23,¶Ë¿¨∂m,199
23.5643,119.4603,¶Ë¿¨,C0W120,2017-02-18T22:00:00+08:00,58.0,41.0,8.8,17.5,0.90,1014.7,-99.0,0.0,-9.9,-99,-999,ºÍ¥Úø§,23,¶Ë¿¨∂m,199
23.5643,119.4603,¶Ë¿¨,C0W120,2017-02-18T23:00:00+08:00,58.0,27.0,11.6,17.6,0.90,1014.7,-99.0,0.0,-9.9,-99,-999,ºÍ¥Úø§,23,¶Ë¿¨∂m,199
23.5643,119.4603,¶Ë¿¨,C0W120,2017-02-19T00:00:00+08:00,58.0,25.0,13.4,17.9,0.88,1014.4,-99.0,0.0,-9.9,-99,-999,ºÍ¥Úø§,23,¶Ë¿¨∂m,199
23.5643,119.4603,¶Ë¿¨,C0W120,2017-02-19T01:00:00+08:00,58.0,26.0,13.7,17.5,0.88,1014.2,-99.0,0.0,-9.9,-99,-999,ºÍ¥Úø§,23,¶Ë¿¨∂m,199
23.5643,119.4603,¶Ë¿¨,C0W120,2017-02-19T02:00:00+08:00,58.0,21.0,14.4,17.7,0.87,1013.9,-99.0,0.0,-9.9,-99,-999,ºÍ¥Úø§,23,¶Ë¿¨∂m,199
23.5643,119.4603,¶Ë¿¨,C0W120,2017-02-19T03:00:00+08:00,58.0,28.0,11.0,17.5,0.87,1013.7,-99.0,0.0,-9.9,-99,-999,ºÍ¥Úø§,23,¶Ë¿¨∂m,199
23.5643,119.4603,¶Ë¿¨,C0W120,2017-02-19T04:00:00+08:00,58.0,31.0,8.7,17.4,0.87,1013.3,-99.0,0.0,-9.9,-99,-999,ºÍ¥Úø§,23,¶Ë¿¨∂m,199
23.5643,119.4603,¶Ë¿¨,C0W120,2017-02-19T05:00:00+08:00,58.0,25.0,10.8,17.4,0.88,1012.9,-99.0,0.0,-9.9,-99,-999,ºÍ¥Úø§,23,¶Ë¿¨∂m,199
23.5643,119.4603,¶Ë¿¨,C0W120,2017-02-19T06:00:00+08:00,58.0,21.0,10.0,17.3,0.89,1013.3,-99.0,0.0,-9.9,-99,-999,ºÍ¥Úø§,23,¶Ë¿¨∂m,199
23.5643,119.4603,¶Ë¿¨,C0W120,2017-02-19T07:00:00+08:00,58.0,23.0,7.7,17.4,0.88,1014.1,-99.0,0.0,-9.9,-99,-999,ºÍ¥Úø§,23,¶Ë¿¨∂m,199
23.5643,119.4603,¶Ë¿¨,C0W120,2017-02-19T08:00:00+08:00,58.0,23.0,9.4,17.3,0.87,1014.1,-99.0,0.0,-9.9,-99,-999,ºÍ¥Úø§,23,¶Ë¿¨∂m,199
23.5643,119.4603,¶Ë¿¨,C0W120,2017-02-19T10:00:00+08:00,58.0,22.0,9.2,17.8,0.84,1013.3,-99.0,0.0,-9.9,-99,-999,ºÍ¥Úø§,23,¶Ë¿¨∂m,199
23.5643,119.4603,¶Ë¿¨,C0W120,2017-02-19T11:00:00+08:00,58.0,22.0,8.6,18.2,0.84,1012.9,-99.0,0.0,-9.9,-99,-999,ºÍ¥Úø§,23,¶Ë¿¨∂m,199
23.5643,119.4603,¶Ë¿¨,C0W120,2017-02-19T12:00:00+08:00,58.0,20.0,7.5,18.6,0.82,1012.1,-99.0,0.0,-9.9,-99,-999,ºÍ¥Úø§,23,¶Ë¿¨∂m,199
23.5643,119.4603,¶Ë¿¨,C0W120,2017-02-19T13:00:00+08:00,58.0,12.0,6.3,19.3,0.80,1010.6,-99.0,0.0,-9.9,-99,-999,ºÍ¥Úø§,23,¶Ë¿¨∂m,199
23.5643,119.4603,¶Ë¿¨,C0W120,2017-02-19T14:00:00+08:00,58.0,12.0,5.7,19.4,0.80,1009.9,-99.0,0.0,-9.9,-99,-999,ºÍ¥Úø§,23,¶Ë¿¨∂m,199
23.5643,119.4603,¶Ë¿¨,C0W120,2017-02-19T15:00:00+08:00,58.0,11.0,5.8,19.3,0.81,1008.9,-99.0,0.0,-9.9,-99,-999,ºÍ¥Úø§,23,¶Ë¿¨∂m,199
23.5643,119.4603,¶Ë¿¨,C0W120,2017-02-19T16:00:00+08:00,58.0,21.0,7.1,18.6,0.83,1008.3,-99.0,0.0,-9.9,-99,-999,ºÍ¥Úø§,23,¶Ë¿¨∂m,199
23.5643,119.4603,¶Ë¿¨,C0W120,2017-02-19T17:00:00+08:00,58.0,24.0,7.2,18.0,0.86,1008.2,-99.0,0.0,-9.9,-99,-999,ºÍ¥Úø§,23,¶Ë¿¨∂m,199
23.5643,119.4603,¶Ë¿¨,C0W120,2017-02-19T18:00:00+08:00,58.0,40.0,3.4,17.9,0.87,1008.7,-99.0,0.0,-9.9,-99,-999,ºÍ¥Úø§,23,¶Ë¿¨∂m,199
23.5643,119.4603,¶Ë¿¨,C0W120,2017-02-19T19:00:00+08:00,58.0,50.0,2.7,18.0,0.89,1008.5,-99.0,0.0,-9.9,-99,-999,ºÍ¥Úø§,23,¶Ë¿¨∂m,199
23.5643,119.4603,¶Ë¿¨,C0W120,2017-02-19T20:00:00+08:00,58.0,35.0,3.9,18.2,0.89,1009.1,-99.0,0.0,-9.9,-99,-999,ºÍ¥Úø§,23,¶Ë¿¨∂m,199
23.5643,119.4603,¶Ë¿¨,C0W120,2017-02-19T21:00:00+08:00,58.0,45.0,3.6,18.2,0.88,1008.9,-99.0,0.0,-9.9,-99,-999,ºÍ¥Úø§,23,¶Ë¿¨∂m,199
23.5643,119.4603,¶Ë¿¨,C0W120,2017-02-19T22:00:00+08:00,58.0,62.0,2.2,18.3,0.89,1009.0,-99.0,0.0,-9.9,-99,-999,ºÍ¥Úø§,23,¶Ë¿¨∂m,199
23.5643,119.4603,¶Ë¿¨,C0W120,2017-02-19T23:00:00+08:00,58.0,75.0,3.1,18.5,0.89,1008.8,-99.0,0.0,-9.9,-99,-999,ºÍ¥Úø§,23,¶Ë¿¨∂m,199
23.5643,119.4603,¶Ë¿¨,C0W120,2017-02-20T00:00:00+08:00,58.0,57.0,3.9,18.7,0.85,1007.9,-99.0,0.0,-9.9,-99,-999,ºÍ¥Úø§,23,¶Ë¿¨∂m,199
23.5643,119.4603,¶Ë¿¨,C0W120,2017-02-20T01:00:00+08:00,58.0,100.0,2.9,19.2,0.87,1007.6,-99.0,0.0,-9.9,-99,-999,ºÍ¥Úø§,23,¶Ë¿¨∂m,199
23.5643,119.4603,¶Ë¿¨,C0W120,2017-02-20T02:00:00+08:00,58.0,95.0,2.5,19.3,0.85,1007.2,-99.0,0.0,-9.9,-99,-999,ºÍ¥Úø§,23,¶Ë¿¨∂m,199
23.5643,119.4603,¶Ë¿¨,C0W120,2017-02-20T03:00:00+08:00,58.0,81.0,2.8,19.4,0.87,1006.9,-99.0,0.0,-9.9,-99,-999,ºÍ¥Úø§,23,¶Ë¿¨∂m,199
23.5643,119.4603,¶Ë¿¨,C0W120,2017-02-20T04:00:00+08:00,58.0,57.0,3.8,19.8,0.87,1007.0,-99.0,0.0,-9.9,-99,-999,ºÍ¥Úø§,23,¶Ë¿¨∂m,199
23.5643,119.4603,¶Ë¿¨,C0W120,2017-02-20T05:00:00+08:00,58.0,55.0,4.3,19.9,0.85,1007.1,-99.0,0.0,-9.9,-99,-999,ºÍ¥Úø§,23,¶Ë¿¨∂m,199
23.5643,119.4603,¶Ë¿¨,C0W120,2017-02-20T06:00:00+08:00,58.0,77.0,3.4,20.0,0.86,1007.5,-99.0,0.0,-9.9,-99,-999,ºÍ¥Úø§,23,¶Ë¿¨∂m,199
23.5643,119.4603,¶Ë¿¨,C0W120,2017-02-20T07:00:00+08:00,58.0,87.0,2.7,20.0,0.83,1007.9,-99.0,0.0,-9.9,-99,-999,ºÍ¥Úø§,23,¶Ë¿¨∂m,199
23.5643,119.4603,¶Ë¿¨,C0W120,2017-02-20T08:00:00+08:00,58.0,103.0,2.2,21.1,0.78,1008.6,-99.0,0.0,-9.9,-99,-999,ºÍ¥Úø§,23,¶Ë¿¨∂m,199
23.5643,119.4603,¶Ë¿¨,C0W120,2017-02-20T10:00:00+08:00,58.0,118.0,1.1,23.5,0.69,1009.0,-99.0,0.0,-9.9,-99,-999,ºÍ¥Úø§,23,¶Ë¿¨∂m,199
23.5643,119.4603,¶Ë¿¨,C0W120,2017-02-20T11:00:00+08:00,58.0,118.0,1.1,24.1,0.66,1008.8,-99.0,0.0,-9.9,-99,-999,ºÍ¥Úø§,23,¶Ë¿¨∂m,199
23.5643,119.4603,¶Ë¿¨,C0W120,2017-02-20T12:00:00+08:00,58.0,21.0,4.5,22.2,0.79,1008.3,-99.0,0.0,-9.9,-99,-999,ºÍ¥Úø§,23,¶Ë¿¨∂m,199
23.5643,119.4603,¶Ë¿¨,C0W120,2017-02-20T13:00:00+08:00,58.0,18.0,4.8,22.8,0.83,1007.5,-99.0,0.0,-9.9,-99,-999,ºÍ¥Úø§,23,¶Ë¿¨∂m,199
23.5643,119.4603,¶Ë¿¨,C0W120,2017-02-20T14:00:00+08:00,58.0,27.0,6.1,21.5,0.85,1006.9,-99.0,0.0,-9.9,-99,-999,ºÍ¥Úø§,23,¶Ë¿¨∂m,199
23.5643,119.4603,¶Ë¿¨,C0W120,2017-02-20T15:00:00+08:00,58.0,30.0,5.9,21.5,0.86,1006.6,-99.0,0.0,-9.9,-99,-999,ºÍ¥Úø§,23,¶Ë¿¨∂m,199
23.5643,119.4603,¶Ë¿¨,C0W120,2017-02-20T16:00:00+08:00,58.0,32.0,5.0,22.0,0.87,1006.8,-99.0,0.0,-9.9,-99,-999,ºÍ¥Úø§,23,¶Ë¿¨∂m,199
23.5643,119.4603,¶Ë¿¨,C0W120,2017-02-20T17:00:00+08:00,58.0,38.0,4.3,21.8,0.89,1007.1,-99.0,0.0,-9.9,-99,-999,ºÍ¥Úø§,23,¶Ë¿¨∂m,199
23.5643,119.4603,¶Ë¿¨,C0W120,2017-02-20T18:00:00+08:00,58.0,50.0,4.7,21.3,0.89,1007.6,-99.0,0.0,-9.9,-99,-999,ºÍ¥Úø§,23,¶Ë¿¨∂m,199
23.5643,119.4603,¶Ë¿¨,C0W120,2017-02-20T19:00:00+08:00,58.0,48.0,4.2,21.0,0.89,1008.2,-99.0,0.0,-9.9,-99,-999,ºÍ¥Úø§,23,¶Ë¿¨∂m,199
23.5643,119.4603,¶Ë¿¨,C0W120,2017-02-20T20:00:00+08:00,58.0,54.0,4.4,21.1,0.90,1009.0,-99.0,0.0,-9.9,-99,-999,ºÍ¥Úø§,23,¶Ë¿¨∂m,199
23.5643,119.4603,¶Ë¿¨,C0W120,2017-02-20T21:00:00+08:00,58.0,54.0,4.6,21.3,0.88,1009.4,-99.0,0.0,-9.9,-99,-999,ºÍ¥Úø§,23,¶Ë¿¨∂m,199
23.5643,119.4603,¶Ë¿¨,C0W120,2017-02-20T22:00:00+08:00,58.0,54.0,4.5,21.7,0.86,1010.0,-99.0,0.0,-9.9,-99,-999,ºÍ¥Úø§,23,¶Ë¿¨∂m,199
23.5643,119.4603,¶Ë¿¨,C0W120,2017-02-20T23:00:00+08:00,58.0,49.0,3.6,22.1,0.87,1010.3,-99.0,0.0,-9.9,-99,-999,ºÍ¥Úø§,23,¶Ë¿¨∂m,199
23.5643,119.4603,¶Ë¿¨,C0W120,2017-02-21T00:00:00+08:00,58.0,44.0,2.8,22.2,0.87,1010.5,-99.0,0.0,-9.9,-99,-999,ºÍ¥Úø§,23,¶Ë¿¨∂m,199
23.5643,119.4603,¶Ë¿¨,C0W120,2017-02-21T01:00:00+08:00,58.0,34.0,9.3,19.7,0.92,1010.5,-99.0,0.0,-9.9,-99,-999,ºÍ¥Úø§,23,¶Ë¿¨∂m,199
23.5643,119.4603,¶Ë¿¨,C0W120,2017-02-21T02:00:00+08:00,58.0,34.0,9.3,19.0,0.93,1010.6,-99.0,0.0,-9.9,-99,-999,ºÍ¥Úø§,23,¶Ë¿¨∂m,199
23.5643,119.4603,¶Ë¿¨,C0W120,2017-02-21T03:00:00+08:00,58.0,29.0,11.7,18.6,0.94,1010.5,-99.0,0.0,-9.9,-99,-999,ºÍ¥Úø§,23,¶Ë¿¨∂m,199
23.5643,119.4603,¶Ë¿¨,C0W120,2017-02-21T04:00:00+08:00,58.0,31.0,11.3,18.2,0.93,1010.6,-99.0,0.0,-9.9,-99,-999,ºÍ¥Úø§,23,¶Ë¿¨∂m,199
23.5643,119.4603,¶Ë¿¨,C0W120,2017-02-21T05:00:00+08:00,58.0,35.0,11.0,17.9,0.92,1011.2,-99.0,0.0,-9.9,-99,-999,ºÍ¥Úø§,23,¶Ë¿¨∂m,199
23.5643,119.4603,¶Ë¿¨,C0W120,2017-02-21T06:00:00+08:00,58.0,34.0,11.3,17.8,0.91,1011.7,-99.0,0.0,-9.9,-99,-999,ºÍ¥Úø§,23,¶Ë¿¨∂m,199
23.5643,119.4603,¶Ë¿¨,C0W120,2017-02-21T07:00:00+08:00,58.0,32.0,12.1,17.7,0.90,1012.2,-99.0,0.0,-9.9,-99,-999,ºÍ¥Úø§,23,¶Ë¿¨∂m,199
23.5643,119.4603,¶Ë¿¨,C0W120,2017-02-21T08:00:00+08:00,58.0,26.0,14.9,17.5,0.89,1013.0,-99.0,0.0,-9.9,-99,-999,ºÍ¥Úø§,23,¶Ë¿¨∂m,199
23.5643,119.4603,¶Ë¿¨,C0W120,2017-02-21T09:00:00+08:00,58.0,27.0,13.8,17.9,0.90,1013.3,-99.0,0.0,-9.9,-99,-999,ºÍ¥Úø§,23,¶Ë¿¨∂m,199
23.5643,119.4603,¶Ë¿¨,C0W120,2017-02-21T10:00:00+08:00,58.0,28.0,13.2,18.1,0.87,1013.4,-99.0,0.0,-9.9,-99,-999,ºÍ¥Úø§,23,¶Ë¿¨∂m,199
23.5643,119.4603,¶Ë¿¨,C0W120,2017-02-21T11:00:00+08:00,58.0,26.0,14.3,18.3,0.87,1012.9,-99.0,0.0,-9.9,-99,-999,ºÍ¥Úø§,23,¶Ë¿¨∂m,199
23.5643,119.4603,¶Ë¿¨,C0W120,2017-02-21T12:00:00+08:00,58.0,25.0,14.8,18.1,0.87,1011.8,-99.0,0.0,-9.9,-99,-999,ºÍ¥Úø§,23,¶Ë¿¨∂m,199
23.5643,119.4603,¶Ë¿¨,C0W120,2017-02-21T13:00:00+08:00,58.0,23.0,14.1,18.1,0.86,1011.0,-99.0,0.0,-9.9,-99,-999,ºÍ¥Úø§,23,¶Ë¿¨∂m,199
23.5643,119.4603,¶Ë¿¨,C0W120,2017-02-21T14:00:00+08:00,58.0,26.0,13.8,17.8,0.88,1010.6,-99.0,0.0,-9.9,-99,-999,ºÍ¥Úø§,23,¶Ë¿¨∂m,199
23.5643,119.4603,¶Ë¿¨,C0W120,2017-02-21T15:00:00+08:00,58.0,22.0,13.0,17.8,0.90,1009.9,-99.0,0.0,-9.9,-99,-999,ºÍ¥Úø§,23,¶Ë¿¨∂m,199
23.5643,119.4603,¶Ë¿¨,C0W120,2017-02-21T16:00:00+08:00,58.0,24.0,12.9,17.6,0.91,1010.2,-99.0,0.0,-9.9,-99,-999,ºÍ¥Úø§,23,¶Ë¿¨∂m,199
23.5643,119.4603,¶Ë¿¨,C0W120,2017-02-21T17:00:00+08:00,58.0,29.0,11.9,17.5,0.92,1009.8,-99.0,0.0,-9.9,-99,-999,ºÍ¥Úø§,23,¶Ë¿¨∂m,199
23.5643,119.4603,¶Ë¿¨,C0W120,2017-02-21T18:00:00+08:00,58.0,29.0,10.3,17.6,0.93,1009.9,-99.0,0.0,-9.9,-99,-999,ºÍ¥Úø§,23,¶Ë¿¨∂m,199
23.5643,119.4603,¶Ë¿¨,C0W120,2017-02-21T19:00:00+08:00,58.0,23.0,11.2,17.9,0.94,1010.6,-99.0,0.0,-9.9,-99,-999,ºÍ¥Úø§,23,¶Ë¿¨∂m,199
23.5643,119.4603,¶Ë¿¨,C0W120,2017-02-21T20:00:00+08:00,58.0,27.0,10.4,18.0,0.95,1010.8,-99.0,0.0,-9.9,-99,-999,ºÍ¥Úø§,23,¶Ë¿¨∂m,199
23.5643,119.4603,¶Ë¿¨,C0W120,2017-02-21T21:00:00+08:00,58.0,18.0,11.4,17.4,0.96,1011.3,-99.0,0.0,-9.9,-99,-999,ºÍ¥Úø§,23,¶Ë¿¨∂m,199
23.5643,119.4603,¶Ë¿¨,C0W120,2017-02-21T22:00:00+08:00,58.0,14.0,10.5,16.9,0.98,1011.6,-99.0,0.0,-9.9,-99,-999,ºÍ¥Úø§,23,¶Ë¿¨∂m,199
23.5643,119.4603,¶Ë¿¨,C0W120,2017-02-21T23:00:00+08:00,58.0,19.0,9.8,16.9,0.97,1011.5,-99.0,0.0,-9.9,-99,-999,ºÍ¥Úø§,23,¶Ë¿¨∂m,199
23.5643,119.4603,¶Ë¿¨,C0W120,2017-02-22T00:00:00+08:00,58.0,11.0,8.5,16.7,0.98,1011.2,-99.0,0.0,-9.9,-99,-999,ºÍ¥Úø§,23,¶Ë¿¨∂m,199
23.5643,119.4603,¶Ë¿¨,C0W120,2017-02-22T01:00:00+08:00,58.0,15.0,9.1,16.8,0.99,1010.7,-99.0,0.0,-9.9,-99,-999,ºÍ¥Úø§,23,¶Ë¿¨∂m,199
23.5643,119.4603,¶Ë¿¨,C0W120,2017-02-22T02:00:00+08:00,58.0,34.0,6.5,16.7,0.99,1010.0,-99.0,0.0,-9.9,-99,-999,ºÍ¥Úø§,23,¶Ë¿¨∂m,199
23.5643,119.4603,¶Ë¿¨,C0W120,2017-02-22T03:00:00+08:00,58.0,44.0,4.5,16.7,0.98,1010.0,-99.0,0.0,-9.9,-99,-999,ºÍ¥Úø§,23,¶Ë¿¨∂m,199
23.5643,119.4603,¶Ë¿¨,C0W120,2017-02-22T04:00:00+08:00,58.0,32.0,5.2,17.1,0.98,1010.3,-99.0,0.0,-9.9,-99,-999,ºÍ¥Úø§,23,¶Ë¿¨∂m,199
23.5643,119.4603,¶Ë¿¨,C0W120,2017-02-22T05:00:00+08:00,58.0,34.0,5.4,17.1,0.99,1009.7,-99.0,0.0,-9.9,-99,-999,ºÍ¥Úø§,23,¶Ë¿¨∂m,199
23.5643,119.4603,¶Ë¿¨,C0W120,2017-02-22T06:00:00+08:00,58.0,47.0,4.1,17.6,0.98,1009.6,-99.0,0.0,-9.9,-99,-999,ºÍ¥Úø§,23,¶Ë¿¨∂m,199
23.5643,119.4603,¶Ë¿¨,C0W120,2017-02-22T07:00:00+08:00,58.0,48.0,3.7,18.3,0.97,1010.1,-99.0,0.0,-9.9,-99,-999,ºÍ¥Úø§,23,¶Ë¿¨∂m,199
23.5643,119.4603,¶Ë¿¨,C0W120,2017-02-22T08:00:00+08:00,58.0,79.0,4.9,18.8,0.95,1009.8,-99.0,0.0,-9.9,-99,-999,ºÍ¥Úø§,23,¶Ë¿¨∂m,199
23.5643,119.4603,¶Ë¿¨,C0W120,2017-02-22T09:00:00+08:00,58.0,86.0,3.8,19.5,0.93,1009.4,-99.0,0.0,-9.9,-99,-999,ºÍ¥Úø§,23,¶Ë¿¨∂m,199
23.5643,119.4603,¶Ë¿¨,C0W120,2017-02-22T10:00:00+08:00,58.0,61.0,2.8,19.9,0.95,1009.8,-99.0,0.0,-9.9,-99,-999,ºÍ¥Úø§,23,¶Ë¿¨∂m,199
23.5643,119.4603,¶Ë¿¨,C0W120,2017-02-22T11:00:00+08:00,58.0,26.0,3.8,20.0,0.95,1009.9,-99.0,0.0,-9.9,-99,-999,ºÍ¥Úø§,23,¶Ë¿¨∂m,199
23.5643,119.4603,¶Ë¿¨,C0W120,2017-02-22T12:00:00+08:00,58.0,342.0,2.4,20.0,0.95,1009.6,-99.0,0.0,-9.9,-99,-999,ºÍ¥Úø§,23,¶Ë¿¨∂m,199
23.5643,119.4603,¶Ë¿¨,C0W120,2017-02-22T13:00:00+08:00,58.0,36.0,4.7,20.6,0.95,1008.1,-99.0,0.0,-9.9,-99,-999,ºÍ¥Úø§,23,¶Ë¿¨∂m,199
23.5643,119.4603,¶Ë¿¨,C0W120,2017-02-22T14:00:00+08:00,58.0,48.0,4.5,21.7,0.90,1007.2,-99.0,0.0,-9.9,-99,-999,ºÍ¥Úø§,23,¶Ë¿¨∂m,199
23.5643,119.4603,¶Ë¿¨,C0W120,2017-02-22T15:00:00+08:00,58.0,83.0,5.0,21.8,0.87,1006.5,-99.0,0.0,-9.9,-99,-999,ºÍ¥Úø§,23,¶Ë¿¨∂m,199
23.5643,119.4603,¶Ë¿¨,C0W120,2017-02-22T16:00:00+08:00,58.0,25.0,2.6,21.5,0.97,1007.2,-99.0,2.0,-9.9,-99,-999,ºÍ¥Úø§,23,¶Ë¿¨∂m,199
23.5643,119.4603,¶Ë¿¨,C0W120,2017-02-22T17:00:00+08:00,58.0,75.0,3.5,21.1,0.96,1007.0,-99.0,2.0,-9.9,-99,-999,ºÍ¥Úø§,23,¶Ë¿¨∂m,199
23.5643,119.4603,¶Ë¿¨,C0W120,2017-02-22T18:00:00+08:00,58.0,71.0,3.4,20.7,0.97,1007.2,-99.0,2.0,-9.9,-99,-999,ºÍ¥Úø§,23,¶Ë¿¨∂m,199
23.5643,119.4603,¶Ë¿¨,C0W120,2017-02-22T19:00:00+08:00,58.0,57.0,3.0,21.0,0.97,1007.7,-99.0,2.0,-9.9,-99,-999,ºÍ¥Úø§,23,¶Ë¿¨∂m,199
23.5643,119.4603,¶Ë¿¨,C0W120,2017-02-22T20:00:00+08:00,58.0,72.0,2.8,21.1,0.96,1008.3,-99.0,2.0,-9.9,-99,-999,ºÍ¥Úø§,23,¶Ë¿¨∂m,199
23.5643,119.4603,¶Ë¿¨,C0W120,2017-02-22T21:00:00+08:00,58.0,100.0,2.6,21.2,0.96,1008.3,-99.0,2.0,-9.9,-99,-999,ºÍ¥Úø§,23,¶Ë¿¨∂m,199
23.5643,119.4603,¶Ë¿¨,C0W120,2017-02-22T22:00:00+08:00,58.0,112.0,1.3,21.5,0.95,1008.8,-99.0,2.0,-9.9,-99,-999,ºÍ¥Úø§,23,¶Ë¿¨∂m,199
23.5643,119.4603,¶Ë¿¨,C0W120,2017-02-22T23:00:00+08:00,58.0,101.0,1.3,21.6,0.96,1008.8,-99.0,2.0,-9.9,-99,-999,ºÍ¥Úø§,23,¶Ë¿¨∂m,199
23.5643,119.4603,¶Ë¿¨,C0W120,2017-02-23T00:00:00+08:00,58.0,97.0,2.1,22.2,0.97,1008.6,-99.0,2.0,-9.9,-99,-999,ºÍ¥Úø§,23,¶Ë¿¨∂m,199
23.5643,119.4603,¶Ë¿¨,C0W120,2017-02-23T01:00:00+08:00,58.0,140.0,3.1,22.6,0.96,1008.3,-99.0,0.0,-9.9,-99,-999,ºÍ¥Úø§,23,¶Ë¿¨∂m,199
23.5643,119.4603,¶Ë¿¨,C0W120,2017-02-23T02:00:00+08:00,58.0,122.0,1.8,23.0,0.97,1008.4,-99.0,0.0,-9.9,-99,-999,ºÍ¥Úø§,23,¶Ë¿¨∂m,199
23.5643,119.4603,¶Ë¿¨,C0W120,2017-02-23T03:00:00+08:00,58.0,351.0,3.7,21.7,0.99,1008.0,-99.0,0.0,-9.9,-99,-999,ºÍ¥Úø§,23,¶Ë¿¨∂m,199
23.5643,119.4603,¶Ë¿¨,C0W120,2017-02-23T04:00:00+08:00,58.0,356.0,4.2,21.9,0.99,1008.1,-99.0,0.0,-9.9,-99,-999,ºÍ¥Úø§,23,¶Ë¿¨∂m,199
23.5643,119.4603,¶Ë¿¨,C0W120,2017-02-23T05:00:00+08:00,58.0,19.0,9.2,20.7,1.00,1008.6,-99.0,0.0,-9.9,-99,-999,ºÍ¥Úø§,23,¶Ë¿¨∂m,199
23.5643,119.4603,¶Ë¿¨,C0W120,2017-02-23T06:00:00+08:00,58.0,30.0,7.1,20.4,0.99,1009.0,-99.0,0.0,-9.9,-99,-999,ºÍ¥Úø§,23,¶Ë¿¨∂m,199
23.5643,119.4603,¶Ë¿¨,C0W120,2017-02-23T07:00:00+08:00,58.0,40.0,4.6,20.5,0.98,1009.7,-99.0,0.0,-9.9,-99,-999,ºÍ¥Úø§,23,¶Ë¿¨∂m,199
23.5643,119.4603,¶Ë¿¨,C0W120,2017-02-23T08:00:00+08:00,58.0,50.0,5.3,20.2,0.97,1009.8,-99.0,0.0,-9.9,-99,-999,ºÍ¥Úø§,23,¶Ë¿¨∂m,199
23.5643,119.4603,¶Ë¿¨,C0W120,2017-02-23T10:00:00+08:00,58.0,23.0,10.9,19.2,0.97,1010.6,-99.0,0.0,-9.9,-99,-999,ºÍ¥Úø§,23,¶Ë¿¨∂m,199
23.5643,119.4603,¶Ë¿¨,C0W120,2017-02-23T11:00:00+08:00,58.0,51.0,6.0,19.6,0.95,1010.2,-99.0,0.0,-9.9,-99,-999,ºÍ¥Úø§,23,¶Ë¿¨∂m,199
23.5643,119.4603,¶Ë¿¨,C0W120,2017-02-23T12:00:00+08:00,58.0,27.0,10.0,19.3,0.95,1010.0,-99.0,0.0,-9.9,-99,-999,ºÍ¥Úø§,23,¶Ë¿¨∂m,199
23.5643,119.4603,¶Ë¿¨,C0W120,2017-02-23T13:00:00+08:00,58.0,21.0,10.0,18.6,0.96,1009.4,-99.0,0.0,-9.9,-99,-999,ºÍ¥Úø§,23,¶Ë¿¨∂m,199
23.5643,119.4603,¶Ë¿¨,C0W120,2017-02-23T14:00:00+08:00,58.0,21.0,13.6,17.9,0.95,1008.9,-99.0,0.0,-9.9,-99,-999,ºÍ¥Úø§,23,¶Ë¿¨∂m,199
23.5643,119.4603,¶Ë¿¨,C0W120,2017-02-23T15:00:00+08:00,58.0,23.0,14.0,17.2,0.96,1008.9,-99.0,0.0,-9.9,-99,-999,ºÍ¥Úø§,23,¶Ë¿¨∂m,199
23.5643,119.4603,¶Ë¿¨,C0W120,2017-02-23T16:00:00+08:00,58.0,28.0,13.8,16.5,0.95,1009.1,-99.0,0.0,-9.9,-99,-999,ºÍ¥Úø§,23,¶Ë¿¨∂m,199
23.5643,119.4603,¶Ë¿¨,C0W120,2017-02-23T17:00:00+08:00,58.0,28.0,13.2,16.4,0.95,1010.0,-99.0,0.0,-9.9,-99,-999,ºÍ¥Úø§,23,¶Ë¿¨∂m,199
23.5643,119.4603,¶Ë¿¨,C0W120,2017-02-23T18:00:00+08:00,58.0,30.0,12.2,15.5,0.95,1010.9,-99.0,0.0,-9.9,-99,-999,ºÍ¥Úø§,23,¶Ë¿¨∂m,199
23.5643,119.4603,¶Ë¿¨,C0W120,2017-02-23T19:00:00+08:00,58.0,28.0,12.9,15.5,0.95,1012.0,-99.0,0.0,-9.9,-99,-999,ºÍ¥Úø§,23,¶Ë¿¨∂m,199
23.5643,119.4603,¶Ë¿¨,C0W120,2017-02-23T20:00:00+08:00,58.0,30.0,12.9,15.2,0.93,1012.4,-99.0,0.0,-9.9,-99,-999,ºÍ¥Úø§,23,¶Ë¿¨∂m,199
23.5643,119.4603,¶Ë¿¨,C0W120,2017-02-23T21:00:00+08:00,58.0,29.0,12.7,15.0,0.91,1012.7,-99.0,0.0,-9.9,-99,-999,ºÍ¥Úø§,23,¶Ë¿¨∂m,199
23.5643,119.4603,¶Ë¿¨,C0W120,2017-02-23T22:00:00+08:00,58.0,30.0,12.5,14.8,0.92,1013.3,-99.0,0.0,-9.9,-99,-999,ºÍ¥Úø§,23,¶Ë¿¨∂m,199
23.5643,119.4603,¶Ë¿¨,C0W120,2017-02-23T23:00:00+08:00,58.0,26.0,14.5,14.8,0.92,1013.3,-99.0,0.0,-9.9,-99,-999,ºÍ¥Úø§,23,¶Ë¿¨∂m,199
23.5643,119.4603,¶Ë¿¨,C0W120,2017-02-24T00:00:00+08:00,58.0,27.0,14.8,14.8,0.91,1013.3,-99.0,0.0,-9.9,-99,-999,ºÍ¥Úø§,23,¶Ë¿¨∂m,199
23.5643,119.4603,¶Ë¿¨,C0W120,2017-02-24T01:00:00+08:00,58.0,25.0,15.1,14.9,0.89,1013.2,-99.0,0.0,-9.9,-99,-999,ºÍ¥Úø§,23,¶Ë¿¨∂m,199
23.5643,119.4603,¶Ë¿¨,C0W120,2017-02-24T02:00:00+08:00,58.0,25.0,15.2,14.7,0.89,1012.7,-99.0,0.0,-9.9,-99,-999,ºÍ¥Úø§,23,¶Ë¿¨∂m,199
23.5643,119.4603,¶Ë¿¨,C0W120,2017-02-24T03:00:00+08:00,58.0,33.0,9.8,15.1,0.90,1012.2,-99.0,0.0,-9.9,-99,-999,ºÍ¥Úø§,23,¶Ë¿¨∂m,199
23.5643,119.4603,¶Ë¿¨,C0W120,2017-02-24T04:00:00+08:00,58.0,27.0,11.9,15.3,0.91,1012.4,-99.0,0.0,-9.9,-99,-999,ºÍ¥Úø§,23,¶Ë¿¨∂m,199
23.5643,119.4603,¶Ë¿¨,C0W120,2017-02-24T05:00:00+08:00,58.0,29.0,12.7,15.3,0.91,1012.3,-99.0,0.0,-9.9,-99,-999,ºÍ¥Úø§,23,¶Ë¿¨∂m,199
23.5643,119.4603,¶Ë¿¨,C0W120,2017-02-24T06:00:00+08:00,58.0,38.0,8.8,15.3,0.91,1012.2,-99.0,0.0,-9.9,-99,-999,ºÍ¥Úø§,23,¶Ë¿¨∂m,199
23.5643,119.4603,¶Ë¿¨,C0W120,2017-02-24T07:00:00+08:00,58.0,22.0,12.9,15.4,0.91,1013.8,-99.0,0.0,-9.9,-99,-999,ºÍ¥Úø§,23,¶Ë¿¨∂m,199
23.5643,119.4603,¶Ë¿¨,C0W120,2017-02-24T08:00:00+08:00,58.0,24.0,11.7,15.2,0.91,1014.5,-99.0,0.0,-9.9,-99,-999,ºÍ¥Úø§,23,¶Ë¿¨∂m,199
23.5643,119.4603,¶Ë¿¨,C0W120,2017-02-24T09:00:00+08:00,58.0,25.0,12.6,15.0,0.89,1015.1,-99.0,0.0,-9.9,-99,-999,ºÍ¥Úø§,23,¶Ë¿¨∂m,199
23.5643,119.4603,¶Ë¿¨,C0W120,2017-02-24T10:00:00+08:00,58.0,25.0,13.7,15.0,0.89,1015.4,-99.0,0.0,-9.9,-99,-999,ºÍ¥Úø§,23,¶Ë¿¨∂m,199
23.5643,119.4603,¶Ë¿¨,C0W120,2017-02-24T11:00:00+08:00,58.0,27.0,12.2,14.6,0.88,1015.3,-99.0,0.0,-9.9,-99,-999,ºÍ¥Úø§,23,¶Ë¿¨∂m,199
23.5643,119.4603,¶Ë¿¨,C0W120,2017-02-24T12:00:00+08:00,58.0,24.0,12.5,14.2,0.90,1014.9,-99.0,0.0,-9.9,-99,-999,ºÍ¥Úø§,23,¶Ë¿¨∂m,199
23.5643,119.4603,¶Ë¿¨,C0W120,2017-02-24T13:00:00+08:00,58.0,28.0,12.7,13.6,0.91,1014.3,-99.0,0.0,-9.9,-99,-999,ºÍ¥Úø§,23,¶Ë¿¨∂m,199
23.5643,119.4603,¶Ë¿¨,C0W120,2017-02-24T14:00:00+08:00,58.0,26.0,12.7,13.4,0.93,1013.7,-99.0,0.0,-9.9,-99,-999,ºÍ¥Úø§,23,¶Ë¿¨∂m,199
23.5643,119.4603,¶Ë¿¨,C0W120,2017-02-24T15:00:00+08:00,58.0,29.0,13.3,13.4,0.91,1013.4,-99.0,0.0,-9.9,-99,-999,ºÍ¥Úø§,23,¶Ë¿¨∂m,199
23.5643,119.4603,¶Ë¿¨,C0W120,2017-02-24T16:00:00+08:00,58.0,31.0,12.5,13.2,0.92,1013.0,-99.0,0.0,-9.9,-99,-999,ºÍ¥Úø§,23,¶Ë¿¨∂m,199
23.5643,119.4603,¶Ë¿¨,C0W120,2017-02-24T17:00:00+08:00,58.0,32.0,11.5,13.6,0.92,1013.6,-99.0,0.0,-9.9,-99,-999,ºÍ¥Úø§,23,¶Ë¿¨∂m,199
23.5643,119.4603,¶Ë¿¨,C0W120,2017-02-24T18:00:00+08:00,58.0,34.0,9.0,14.9,0.91,1013.8,-99.0,0.0,-9.9,-99,-999,ºÍ¥Úø§,23,¶Ë¿¨∂m,199
23.5643,119.4603,¶Ë¿¨,C0W120,2017-02-24T19:00:00+08:00,58.0,29.0,10.2,14.6,0.92,1014.1,-99.0,0.0,-9.9,-99,-999,ºÍ¥Úø§,23,¶Ë¿¨∂m,199
23.5643,119.4603,¶Ë¿¨,C0W120,2017-02-24T20:00:00+08:00,58.0,27.0,12.7,14.8,0.92,1014.5,-99.0,0.0,-9.9,-99,-999,ºÍ¥Úø§,23,¶Ë¿¨∂m,199
23.5643,119.4603,¶Ë¿¨,C0W120,2017-02-24T21:00:00+08:00,58.0,27.0,12.7,14.6,0.90,1015.2,-99.0,0.0,-9.9,-99,-999,ºÍ¥Úø§,23,¶Ë¿¨∂m,199
23.5643,119.4603,¶Ë¿¨,C0W120,2017-02-24T22:00:00+08:00,58.0,28.0,12.1,14.8,0.89,1015.2,-99.0,0.0,-9.9,-99,-999,ºÍ¥Úø§,23,¶Ë¿¨∂m,199
23.5643,119.4603,¶Ë¿¨,C0W120,2017-02-24T23:00:00+08:00,58.0,26.0,13.2,-97.0,0.89,1014.8,-99.0,0.0,-9.9,-99,-999,ºÍ¥Úø§,23,¶Ë¿¨∂m,199
23.5643,119.4603,¶Ë¿¨,C0W120,2017-02-25T00:00:00+08:00,58.0,28.0,11.2,-97.0,0.89,1014.6,-99.0,0.0,-9.9,-99,-999,ºÍ¥Úø§,23,¶Ë¿¨∂m,199
23.5643,119.4603,¶Ë¿¨,C0W120,2017-02-25T01:00:00+08:00,58.0,35.0,9.5,-97.0,0.89,1013.9,-99.0,0.0,-9.9,-99,-999,ºÍ¥Úø§,23,¶Ë¿¨∂m,199
23.5643,119.4603,¶Ë¿¨,C0W120,2017-02-25T02:00:00+08:00,58.0,34.0,9.9,-97.0,0.90,1013.4,-99.0,0.0,-9.9,-99,-999,ºÍ¥Úø§,23,¶Ë¿¨∂m,199
23.5643,119.4603,¶Ë¿¨,C0W120,2017-02-25T03:00:00+08:00,58.0,23.0,12.3,-97.0,0.92,1013.1,-99.0,0.0,-9.9,-99,-999,ºÍ¥Úø§,23,¶Ë¿¨∂m,199
23.5643,119.4603,¶Ë¿¨,C0W120,2017-02-25T04:00:00+08:00,58.0,30.0,10.8,14.9,0.91,1012.5,-99.0,0.0,-9.9,-99,-999,ºÍ¥Úø§,23,¶Ë¿¨∂m,199
23.5643,119.4603,¶Ë¿¨,C0W120,2017-02-25T05:00:00+08:00,58.0,24.0,10.3,14.9,0.92,1012.5,-99.0,0.0,-9.9,-99,-999,ºÍ¥Úø§,23,¶Ë¿¨∂m,199
23.5643,119.4603,¶Ë¿¨,C0W120,2017-02-25T06:00:00+08:00,58.0,37.0,7.2,14.9,0.93,1012.9,-99.0,0.0,-9.9,-99,-999,ºÍ¥Úø§,23,¶Ë¿¨∂m,199
23.5643,119.4603,¶Ë¿¨,C0W120,2017-02-25T07:00:00+08:00,58.0,31.0,9.5,14.8,0.93,1013.6,-99.0,0.0,-9.9,-99,-999,ºÍ¥Úø§,23,¶Ë¿¨∂m,199
23.5643,119.4603,¶Ë¿¨,C0W120,2017-02-25T08:00:00+08:00,58.0,30.0,10.4,14.5,0.94,1014.0,-99.0,0.0,-9.9,-99,-999,ºÍ¥Úø§,23,¶Ë¿¨∂m,199
23.5643,119.4603,¶Ë¿¨,C0W120,2017-02-25T10:00:00+08:00,58.0,26.0,10.4,15.2,0.91,1013.9,-99.0,0.0,-9.9,-99,-999,ºÍ¥Úø§,23,¶Ë¿¨∂m,199
23.5643,119.4603,¶Ë¿¨,C0W120,2017-02-25T11:00:00+08:00,58.0,28.0,10.0,15.2,0.92,1013.3,-99.0,0.0,-9.9,-99,-999,ºÍ¥Úø§,23,¶Ë¿¨∂m,199
23.5643,119.4603,¶Ë¿¨,C0W120,2017-02-25T12:00:00+08:00,58.0,25.0,12.6,14.5,0.93,1012.5,-99.0,0.0,-9.9,-99,-999,ºÍ¥Úø§,23,¶Ë¿¨∂m,199
23.5643,119.4603,¶Ë¿¨,C0W120,2017-02-25T13:00:00+08:00,58.0,22.0,13.0,14.2,0.94,1011.5,-99.0,0.0,-9.9,-99,-999,ºÍ¥Úø§,23,¶Ë¿¨∂m,199
23.5643,119.4603,¶Ë¿¨,C0W120,2017-02-25T14:00:00+08:00,58.0,22.0,13.8,14.1,0.95,1010.7,-99.0,0.0,-9.9,-99,-999,ºÍ¥Úø§,23,¶Ë¿¨∂m,199
23.5643,119.4603,¶Ë¿¨,C0W120,2017-02-25T15:00:00+08:00,58.0,29.0,11.3,13.9,0.94,1010.6,-99.0,0.0,-9.9,-99,-999,ºÍ¥Úø§,23,¶Ë¿¨∂m,199
23.5643,119.4603,¶Ë¿¨,C0W120,2017-02-25T16:00:00+08:00,58.0,29.0,10.2,14.6,0.93,1010.5,-99.0,0.0,-9.9,-99,-999,ºÍ¥Úø§,23,¶Ë¿¨∂m,199
23.5643,119.4603,¶Ë¿¨,C0W120,2017-02-25T17:00:00+08:00,58.0,36.0,8.3,15.4,0.92,1011.0,-99.0,0.0,-9.9,-99,-999,ºÍ¥Úø§,23,¶Ë¿¨∂m,199
23.5643,119.4603,¶Ë¿¨,C0W120,2017-02-25T18:00:00+08:00,58.0,30.0,9.8,15.7,0.91,1010.9,-99.0,0.0,-9.9,-99,-999,ºÍ¥Úø§,23,¶Ë¿¨∂m,199
23.5643,119.4603,¶Ë¿¨,C0W120,2017-02-25T19:00:00+08:00,58.0,39.0,8.6,15.5,0.90,1010.7,-99.0,0.0,-9.9,-99,-999,ºÍ¥Úø§,23,¶Ë¿¨∂m,199
23.5643,119.4603,¶Ë¿¨,C0W120,2017-02-25T20:00:00+08:00,58.0,37.0,7.9,15.6,0.91,1011.4,-99.0,0.0,-9.9,-99,-999,ºÍ¥Úø§,23,¶Ë¿¨∂m,199
23.5643,119.4603,¶Ë¿¨,C0W120,2017-02-25T21:00:00+08:00,58.0,28.0,10.3,16.0,0.90,1011.8,-99.0,0.0,-9.9,-99,-999,ºÍ¥Úø§,23,¶Ë¿¨∂m,199
23.5643,119.4603,¶Ë¿¨,C0W120,2017-02-25T22:00:00+08:00,58.0,33.0,8.9,15.8,0.90,1012.1,-99.0,0.0,-9.9,-99,-999,ºÍ¥Úø§,23,¶Ë¿¨∂m,199
23.5643,119.4603,¶Ë¿¨,C0W120,2017-02-25T23:00:00+08:00,58.0,23.0,13.5,15.3,0.90,1012.3,-99.0,0.0,-9.9,-99,-999,ºÍ¥Úø§,23,¶Ë¿¨∂m,199
23.5643,119.4603,¶Ë¿¨,C0W120,2017-02-26T00:00:00+08:00,58.0,34.0,8.7,15.6,0.90,1012.0,-99.0,0.0,-9.9,-99,-999,ºÍ¥Úø§,23,¶Ë¿¨∂m,199
23.5643,119.4603,¶Ë¿¨,C0W120,2017-02-26T01:00:00+08:00,58.0,31.0,8.9,15.7,0.91,1012.2,-99.0,0.0,-9.9,-99,-999,ºÍ¥Úø§,23,¶Ë¿¨∂m,199
23.5643,119.4603,¶Ë¿¨,C0W120,2017-02-26T02:00:00+08:00,58.0,31.0,9.2,15.5,0.92,1012.0,-99.0,0.0,-9.9,-99,-999,ºÍ¥Úø§,23,¶Ë¿¨∂m,199
23.5643,119.4603,¶Ë¿¨,C0W120,2017-02-26T03:00:00+08:00,58.0,27.0,9.5,15.7,0.91,1011.8,-99.0,0.0,-9.9,-99,-999,ºÍ¥Úø§,23,¶Ë¿¨∂m,199
23.5643,119.4603,¶Ë¿¨,C0W120,2017-02-26T04:00:00+08:00,58.0,15.0,11.9,14.9,0.93,1012.1,-99.0,0.0,-9.9,-99,-999,ºÍ¥Úø§,23,¶Ë¿¨∂m,199
23.5643,119.4603,¶Ë¿¨,C0W120,2017-02-26T05:00:00+08:00,58.0,12.0,11.6,14.6,0.95,1012.4,-99.0,0.0,-9.9,-99,-999,ºÍ¥Úø§,23,¶Ë¿¨∂m,199
23.5643,119.4603,¶Ë¿¨,C0W120,2017-02-26T06:00:00+08:00,58.0,21.0,13.2,14.4,0.92,1012.8,-99.0,0.0,-9.9,-99,-999,ºÍ¥Úø§,23,¶Ë¿¨∂m,199
23.5643,119.4603,¶Ë¿¨,C0W120,2017-02-26T07:00:00+08:00,58.0,23.0,11.5,14.0,0.93,1013.9,-99.0,0.0,-9.9,-99,-999,ºÍ¥Úø§,23,¶Ë¿¨∂m,199
23.5643,119.4603,¶Ë¿¨,C0W120,2017-02-26T08:00:00+08:00,58.0,28.0,10.9,14.2,0.91,1014.3,-99.0,0.0,-9.9,-99,-999,ºÍ¥Úø§,23,¶Ë¿¨∂m,199
23.5643,119.4603,¶Ë¿¨,C0W120,2017-02-26T10:00:00+08:00,58.0,31.0,11.1,14.3,0.91,1015.2,-99.0,0.0,-9.9,-99,-999,ºÍ¥Úø§,23,¶Ë¿¨∂m,199
23.5643,119.4603,¶Ë¿¨,C0W120,2017-02-26T11:00:00+08:00,58.0,29.0,11.3,14.2,0.89,1014.5,-99.0,0.0,-9.9,-99,-999,ºÍ¥Úø§,23,¶Ë¿¨∂m,199
23.5643,119.4603,¶Ë¿¨,C0W120,2017-02-26T12:00:00+08:00,58.0,25.0,13.2,14.8,0.89,1014.0,-99.0,0.0,-9.9,-99,-999,ºÍ¥Úø§,23,¶Ë¿¨∂m,199
23.5643,119.4603,¶Ë¿¨,C0W120,2017-02-26T13:00:00+08:00,58.0,25.0,11.9,14.6,0.88,1013.4,-99.0,0.0,-9.9,-99,-999,ºÍ¥Úø§,23,¶Ë¿¨∂m,199
23.5643,119.4603,¶Ë¿¨,C0W120,2017-02-26T14:00:00+08:00,58.0,22.0,14.9,14.3,0.87,1012.1,-99.0,0.0,-9.9,-99,-999,ºÍ¥Úø§,23,¶Ë¿¨∂m,199
23.5643,119.4603,¶Ë¿¨,C0W120,2017-02-26T15:00:00+08:00,58.0,23.0,14.4,14.3,0.86,1011.9,-99.0,0.0,-9.9,-99,-999,ºÍ¥Úø§,23,¶Ë¿¨∂m,199
23.5643,119.4603,¶Ë¿¨,C0W120,2017-02-26T16:00:00+08:00,58.0,25.0,13.8,14.5,0.85,1012.3,-99.0,0.0,-9.9,-99,-999,ºÍ¥Úø§,23,¶Ë¿¨∂m,199
23.5643,119.4603,¶Ë¿¨,C0W120,2017-02-26T17:00:00+08:00,58.0,27.0,12.5,14.9,0.84,1013.1,-99.0,0.0,-9.9,-99,-999,ºÍ¥Úø§,23,¶Ë¿¨∂m,199
23.5643,119.4603,¶Ë¿¨,C0W120,2017-02-26T18:00:00+08:00,58.0,28.0,11.2,15.2,0.82,1013.2,-99.0,0.0,-9.9,-99,-999,ºÍ¥Úø§,23,¶Ë¿¨∂m,199
23.5643,119.4603,¶Ë¿¨,C0W120,2017-02-26T19:00:00+08:00,58.0,28.0,12.3,15.4,0.81,1013.5,-99.0,0.0,-9.9,-99,-999,ºÍ¥Úø§,23,¶Ë¿¨∂m,199
23.5643,119.4603,¶Ë¿¨,C0W120,2017-02-26T20:00:00+08:00,58.0,32.0,10.4,15.7,0.79,1014.2,-99.0,0.0,-9.9,-99,-999,ºÍ¥Úø§,23,¶Ë¿¨∂m,199
23.5643,119.4603,¶Ë¿¨,C0W120,2017-02-26T21:00:00+08:00,58.0,29.0,11.3,15.9,0.79,1014.3,-99.0,0.0,-9.9,-99,-999,ºÍ¥Úø§,23,¶Ë¿¨∂m,199
23.5643,119.4603,¶Ë¿¨,C0W120,2017-02-26T22:00:00+08:00,58.0,28.0,11.3,16.1,0.78,1014.2,-99.0,0.0,-9.9,-99,-999,ºÍ¥Úø§,23,¶Ë¿¨∂m,199
23.5643,119.4603,¶Ë¿¨,C0W120,2017-02-26T23:00:00+08:00,58.0,31.0,9.2,16.2,0.80,1014.3,-99.0,0.0,-9.9,-99,-999,ºÍ¥Úø§,23,¶Ë¿¨∂m,199
23.5643,119.4603,¶Ë¿¨,C0W120,2017-02-27T00:00:00+08:00,58.0,33.0,9.0,16.0,0.79,1014.1,-99.0,0.0,-9.9,-99,-999,ºÍ¥Úø§,23,¶Ë¿¨∂m,199
23.5643,119.4603,¶Ë¿¨,C0W120,2017-02-27T01:00:00+08:00,58.0,33.0,10.6,16.0,0.71,1013.7,-99.0,0.0,-9.9,-99,-999,ºÍ¥Úø§,23,¶Ë¿¨∂m,199
23.5643,119.4603,¶Ë¿¨,C0W120,2017-02-27T02:00:00+08:00,58.0,26.0,11.8,16.3,0.72,1013.3,-99.0,0.0,-9.9,-99,-999,ºÍ¥Úø§,23,¶Ë¿¨∂m,199
23.5643,119.4603,¶Ë¿¨,C0W120,2017-02-27T03:00:00+08:00,58.0,27.0,12.8,16.3,0.69,1012.9,-99.0,0.0,-9.9,-99,-999,ºÍ¥Úø§,23,¶Ë¿¨∂m,199
23.5643,119.4603,¶Ë¿¨,C0W120,2017-02-27T04:00:00+08:00,58.0,26.0,13.3,16.4,0.75,1013.2,-99.0,0.0,-9.9,-99,-999,ºÍ¥Úø§,23,¶Ë¿¨∂m,199
23.5643,119.4603,¶Ë¿¨,C0W120,2017-02-27T05:00:00+08:00,58.0,27.0,12.7,16.3,0.75,1013.4,-99.0,0.0,-9.9,-99,-999,ºÍ¥Úø§,23,¶Ë¿¨∂m,199
23.5643,119.4603,¶Ë¿¨,C0W120,2017-02-27T06:00:00+08:00,58.0,28.0,11.9,16.4,0.76,1014.0,-99.0,0.0,-9.9,-99,-999,ºÍ¥Úø§,23,¶Ë¿¨∂m,199
23.5643,119.4603,¶Ë¿¨,C0W120,2017-02-27T07:00:00+08:00,58.0,28.0,12.1,16.7,0.78,1014.1,-99.0,0.0,-9.9,-99,-999,ºÍ¥Úø§,23,¶Ë¿¨∂m,199
23.5643,119.4603,¶Ë¿¨,C0W120,2017-02-27T08:00:00+08:00,58.0,23.0,14.7,16.4,0.78,1014.9,-99.0,0.0,-9.9,-99,-999,ºÍ¥Úø§,23,¶Ë¿¨∂m,199
23.5643,119.4603,¶Ë¿¨,C0W120,2017-02-27T10:00:00+08:00,58.0,18.0,14.5,16.2,0.79,1015.9,-99.0,0.0,-9.9,-99,-999,ºÍ¥Úø§,23,¶Ë¿¨∂m,199
23.5643,119.4603,¶Ë¿¨,C0W120,2017-02-27T11:00:00+08:00,58.0,19.0,14.2,16.0,0.81,1016.0,-99.0,0.0,-9.9,-99,-999,ºÍ¥Úø§,23,¶Ë¿¨∂m,199
23.5643,119.4603,¶Ë¿¨,C0W120,2017-02-27T12:00:00+08:00,58.0,24.0,13.3,15.9,0.80,1015.5,-99.0,0.0,-9.9,-99,-999,ºÍ¥Úø§,23,¶Ë¿¨∂m,199
23.5643,119.4603,¶Ë¿¨,C0W120,2017-02-27T13:00:00+08:00,58.0,22.0,12.0,16.6,0.78,1014.6,-99.0,0.0,-9.9,-99,-999,ºÍ¥Úø§,23,¶Ë¿¨∂m,199
23.5643,119.4603,¶Ë¿¨,C0W120,2017-02-27T14:00:00+08:00,58.0,20.0,12.0,16.5,0.81,1014.4,-99.0,0.0,-9.9,-99,-999,ºÍ¥Úø§,23,¶Ë¿¨∂m,199
23.5643,119.4603,¶Ë¿¨,C0W120,2017-02-27T15:00:00+08:00,58.0,20.0,13.1,16.6,0.78,1014.2,-99.0,0.0,-9.9,-99,-999,ºÍ¥Úø§,23,¶Ë¿¨∂m,199
23.5643,119.4603,¶Ë¿¨,C0W120,2017-02-27T16:00:00+08:00,58.0,19.0,12.9,16.4,0.78,1014.6,-99.0,0.0,-9.9,-99,-999,ºÍ¥Úø§,23,¶Ë¿¨∂m,199
23.5643,119.4603,¶Ë¿¨,C0W120,2017-02-27T17:00:00+08:00,58.0,29.0,11.7,16.2,0.78,1014.8,-99.0,0.0,-9.9,-99,-999,ºÍ¥Úø§,23,¶Ë¿¨∂m,199
23.5643,119.4603,¶Ë¿¨,C0W120,2017-02-27T18:00:00+08:00,58.0,29.0,10.8,15.9,0.81,1014.6,-99.0,0.0,-9.9,-99,-999,ºÍ¥Úø§,23,¶Ë¿¨∂m,199
23.5643,119.4603,¶Ë¿¨,C0W120,2017-02-27T19:00:00+08:00,58.0,28.0,11.8,16.2,0.80,1014.5,-99.0,0.0,-9.9,-99,-999,ºÍ¥Úø§,23,¶Ë¿¨∂m,199
23.5643,119.4603,¶Ë¿¨,C0W120,2017-02-27T20:00:00+08:00,58.0,28.0,10.9,16.3,0.81,1014.9,-99.0,0.0,-9.9,-99,-999,ºÍ¥Úø§,23,¶Ë¿¨∂m,199
23.5643,119.4603,¶Ë¿¨,C0W120,2017-02-27T21:00:00+08:00,58.0,27.0,12.1,16.5,0.80,1014.8,-99.0,0.0,-9.9,-99,-999,ºÍ¥Úø§,23,¶Ë¿¨∂m,199
23.5643,119.4603,¶Ë¿¨,C0W120,2017-02-27T22:00:00+08:00,58.0,24.0,11.9,16.6,0.81,1015.0,-99.0,0.0,-9.9,-99,-999,ºÍ¥Úø§,23,¶Ë¿¨∂m,199
23.5643,119.4603,¶Ë¿¨,C0W120,2017-02-27T23:00:00+08:00,58.0,26.0,11.2,16.9,0.82,1014.9,-99.0,0.0,-9.9,-99,-999,ºÍ¥Úø§,23,¶Ë¿¨∂m,199
23.5643,119.4603,¶Ë¿¨,C0W120,2017-02-28T00:00:00+08:00,58.0,25.0,9.1,16.7,0.81,1014.7,-99.0,0.0,-9.9,-99,-999,ºÍ¥Úø§,23,¶Ë¿¨∂m,199
23.5643,119.4603,¶Ë¿¨,C0W120,2017-02-28T01:00:00+08:00,58.0,15.0,12.1,16.8,0.81,1014.7,-99.0,0.0,-9.9,-99,-999,ºÍ¥Úø§,23,¶Ë¿¨∂m,199
23.5643,119.4603,¶Ë¿¨,C0W120,2017-02-28T02:00:00+08:00,58.0,11.0,11.6,16.9,0.82,1014.4,-99.0,0.0,-9.9,-99,-999,ºÍ¥Úø§,23,¶Ë¿¨∂m,199
23.5643,119.4603,¶Ë¿¨,C0W120,2017-02-28T03:00:00+08:00,58.0,18.0,11.4,16.6,0.83,1014.3,-99.0,0.0,-9.9,-99,-999,ºÍ¥Úø§,23,¶Ë¿¨∂m,199
23.5643,119.4603,¶Ë¿¨,C0W120,2017-02-28T04:00:00+08:00,58.0,20.0,12.0,16.4,0.84,1013.9,-99.0,0.0,-9.9,-99,-999,ºÍ¥Úø§,23,¶Ë¿¨∂m,199
23.5643,119.4603,¶Ë¿¨,C0W120,2017-02-28T05:00:00+08:00,58.0,24.0,10.3,16.5,0.84,1014.3,-99.0,0.0,-9.9,-99,-999,ºÍ¥Úø§,23,¶Ë¿¨∂m,199
23.5643,119.4603,¶Ë¿¨,C0W120,2017-02-28T10:00:00+08:00,58.0,12.0,12.2,17.1,0.82,1015.4,-99.0,0.0,-9.9,-99,-999,ºÍ¥Úø§,23,¶Ë¿¨∂m,199
23.5643,119.4603,¶Ë¿¨,C0W120,2017-02-28T11:00:00+08:00,58.0,18.0,11.8,17.3,0.80,1014.8,-99.0,0.0,-9.9,-99,-999,ºÍ¥Úø§,23,¶Ë¿¨∂m,199
23.5643,119.4603,¶Ë¿¨,C0W120,2017-02-28T12:00:00+08:00,58.0,19.0,12.4,17.0,0.78,1014.0,-99.0,0.0,-9.9,-99,-999,ºÍ¥Úø§,23,¶Ë¿¨∂m,199
23.5643,119.4603,¶Ë¿¨,C0W120,2017-02-28T13:00:00+08:00,58.0,21.0,12.5,16.9,0.79,1012.9,-99.0,0.0,-9.9,-99,-999,ºÍ¥Úø§,23,¶Ë¿¨∂m,199
23.5643,119.4603,¶Ë¿¨,C0W120,2017-02-28T14:00:00+08:00,58.0,24.0,11.6,16.8,0.81,1012.2,-99.0,0.0,-9.9,-99,-999,ºÍ¥Úø§,23,¶Ë¿¨∂m,199
23.5643,119.4603,¶Ë¿¨,C0W120,2017-02-28T15:00:00+08:00,58.0,23.0,10.4,17.0,0.82,1011.2,-99.0,0.0,-9.9,-99,-999,ºÍ¥Úø§,23,¶Ë¿¨∂m,199
23.5643,119.4603,¶Ë¿¨,C0W120,2017-02-28T16:00:00+08:00,58.0,24.0,11.0,16.9,0.84,1010.8,-99.0,0.0,-9.9,-99,-999,ºÍ¥Úø§,23,¶Ë¿¨∂m,199
23.5643,119.4603,¶Ë¿¨,C0W120,2017-02-28T17:00:00+08:00,58.0,11.0,10.9,16.6,0.85,1011.1,-99.0,0.0,-9.9,-99,-999,ºÍ¥Úø§,23,¶Ë¿¨∂m,199
23.5643,119.4603,¶Ë¿¨,C0W120,2017-02-28T18:00:00+08:00,58.0,21.0,9.6,16.5,0.85,1011.5,-99.0,0.0,-9.9,-99,-999,ºÍ¥Úø§,23,¶Ë¿¨∂m,199
23.5643,119.4603,¶Ë¿¨,C0W120,2017-02-28T19:00:00+08:00,58.0,14.0,9.2,16.6,0.86,1011.9,-99.0,0.0,-9.9,-99,-999,ºÍ¥Úø§,23,¶Ë¿¨∂m,199
23.5643,119.4603,¶Ë¿¨,C0W120,2017-02-28T20:00:00+08:00,58.0,27.0,7.8,16.5,0.86,1012.1,-99.0,0.0,-9.9,-99,-999,ºÍ¥Úø§,23,¶Ë¿¨∂m,199
23.5643,119.4603,¶Ë¿¨,C0W120,2017-02-28T21:00:00+08:00,58.0,21.0,9.8,16.3,0.85,1012.3,-99.0,0.0,-9.9,-99,-999,ºÍ¥Úø§,23,¶Ë¿¨∂m,199
23.5643,119.4603,¶Ë¿¨,C0W120,2017-02-28T22:00:00+08:00,58.0,27.0,7.8,16.3,0.84,1012.5,-99.0,0.0,-9.9,-99,-999,ºÍ¥Úø§,23,¶Ë¿¨∂m,199
23.5643,119.4603,¶Ë¿¨,C0W120,2017-02-28T23:00:00+08:00,58.0,24.0,9.7,16.6,0.84,1012.4,-99.0,0.0,-9.9,-99,-999,ºÍ¥Úø§,23,¶Ë¿¨∂m,199
