23.2590,120.3655,柳營,C0X270,2017-02-01T07:00:00+08:00,33.0,354.0,1.4,17.1,0.94,1017.0,-99.0,0.0,-9.9,-99,-999,臺南市,04,柳營區,238
23.2590,120.3655,柳營,C0X270,2017-02-01T05:00:00+08:00,33.0,19.0,2.7,17.1,0.94,1016.0,-99.0,0.0,-9.9,-99,-999,臺南市,04,柳營區,238
23.2590,120.3655,柳營,C0X270,2017-02-01T02:00:00+08:00,33.0,12.0,2.2,17.3,0.94,1016.4,-99.0,0.0,-9.9,-99,-999,臺南市,04,柳營區,238
23.2590,120.3655,柳營,C0X270,2017-02-01T11:00:00+08:00,33.0,14.0,2.3,21.7,0.73,1017.6,-99.0,0.0,-9.9,-99,-999,臺南市,04,柳營區,238
23.2590,120.3655,柳營,C0X270,2017-02-02T10:00:00+08:00,33.0,9.0,2.9,17.7,0.77,1019.9,-99.0,0.0,-9.9,-99,-999,臺南市,04,柳營區,238
23.2590,120.3655,柳營,C0X270,2017-02-02T09:00:00+08:00,33.0,12.0,2.2,17.0,0.79,1019.8,-99.0,0.0,-9.9,-99,-999,臺南市,04,柳營區,238
23.2590,120.3655,柳營,C0X270,2017-02-02T08:00:00+08:00,33.0,9.0,2.0,15.8,0.87,1019.4,-99.0,0.0,-9.9,-99,-999,臺南市,04,柳營區,238
23.2590,120.3655,柳營,C0X270,2017-02-02T11:00:00+08:00,33.0,358.0,2.6,18.7,0.73,1019.2,-99.0,0.0,-9.9,-99,-999,臺南市,04,柳營區,238
23.2590,120.3655,柳營,C0X270,2017-02-02T14:00:00+08:00,33.0,7.0,2.9,22.5,0.62,1016.4,-99.0,0.0,-9.9,-99,-999,臺南市,04,柳營區,238
23.2590,120.3655,柳營,C0X270,2017-02-02T15:00:00+08:00,33.0,7.0,2.7,22.0,0.65,1016.0,-99.0,0.0,-9.9,-99,-999,臺南市,04,柳營區,238
23.2590,120.3655,柳營,C0X270,2017-02-02T17:00:00+08:00,33.0,359.0,2.6,19.8,0.70,1016.6,-99.0,0.0,-9.9,-99,-999,臺南市,04,柳營區,238
23.2590,120.3655,柳營,C0X270,2017-02-02T18:00:00+08:00,33.0,6.0,2.2,18.0,0.79,1017.1,-99.0,0.0,-9.9,-99,-999,臺南市,04,柳營區,238
23.2590,120.3655,柳營,C0X270,2017-02-02T19:00:00+08:00,33.0,7.0,2.4,17.6,0.79,1017.6,-99.0,0.0,-9.9,-99,-999,臺南市,04,柳營區,238
23.2590,120.3655,柳營,C0X270,2017-02-02T20:00:00+08:00,33.0,10.0,2.4,17.5,0.80,1017.9,-99.0,0.0,-9.9,-99,-999,臺南市,04,柳營區,238
23.2590,120.3655,柳營,C0X270,2017-02-02T21:00:00+08:00,33.0,6.0,2.1,17.3,0.80,1018.0,-99.0,0.0,-9.9,-99,-999,臺南市,04,柳營區,238
23.2590,120.3655,柳營,C0X270,2017-02-02T22:00:00+08:00,33.0,357.0,1.3,16.1,0.85,1018.2,-99.0,0.0,-9.9,-99,-999,臺南市,04,柳營區,238
23.2590,120.3655,柳營,C0X270,2017-02-02T23:00:00+08:00,33.0,333.0,0.6,16.1,0.83,1018.3,-99.0,0.0,-9.9,-99,-999,臺南市,04,柳營區,238
23.2590,120.3655,柳營,C0X270,2017-02-03T00:00:00+08:00,33.0,347.0,0.7,16.0,0.85,1018.3,-99.0,0.0,-9.9,-99,-999,臺南市,04,柳營區,238
23.2590,120.3655,柳營,C0X270,2017-02-03T01:00:00+08:00,33.0,19.0,1.6,15.8,0.86,1017.9,-99.0,0.0,-9.9,-99,-999,臺南市,04,柳營區,238
23.2590,120.3655,柳營,C0X270,2017-02-03T02:00:00+08:00,33.0,23.0,1.5,15.8,0.85,1017.6,-99.0,0.0,-9.9,-99,-999,臺南市,04,柳營區,238
23.2590,120.3655,柳營,C0X270,2017-02-03T03:00:00+08:00,33.0,52.0,0.8,15.8,0.87,1017.1,-99.0,0.0,-9.9,-99,-999,臺南市,04,柳營區,238
23.2590,120.3655,柳營,C0X270,2017-02-03T05:00:00+08:00,33.0,306.0,0.6,15.7,0.88,1017.1,-99.0,0.0,-9.9,-99,-999,臺南市,04,柳營區,238
23.2590,120.3655,柳營,C0X270,2017-02-03T06:00:00+08:00,33.0,9.0,1.3,15.3,0.93,1017.5,-99.0,0.0,-9.9,-99,-999,臺南市,04,柳營區,238
23.2590,120.3655,柳營,C0X270,2017-02-03T07:00:00+08:00,33.0,13.0,1.0,15.0,0.94,1017.6,-99.0,0.0,-9.9,-99,-999,臺南市,04,柳營區,238
23.2590,120.3655,柳營,C0X270,2017-02-03T08:00:00+08:00,33.0,45.0,1.5,16.2,0.90,1017.9,-99.0,0.0,-9.9,-99,-999,臺南市,04,柳營區,238
23.2590,120.3655,柳營,C0X270,2017-02-03T10:00:00+08:00,33.0,352.0,2.0,20.6,0.70,1018.2,-99.0,0.0,-9.9,-99,-999,臺南市,04,柳營區,238
23.2590,120.3655,柳營,C0X270,2017-02-03T11:00:00+08:00,33.0,2.0,1.9,22.3,0.61,1017.4,-99.0,0.0,-9.9,-99,-999,臺南市,04,柳營區,238
23.2590,120.3655,柳營,C0X270,2017-02-03T12:00:00+08:00,33.0,360.0,1.8,24.5,0.57,1016.0,-99.0,0.0,-9.9,-99,-999,臺南市,04,柳營區,238
23.2590,120.3655,柳營,C0X270,2017-02-03T14:00:00+08:00,33.0,350.0,2.3,24.9,0.54,1013.9,-99.0,0.0,-9.9,-99,-999,臺南市,04,柳營區,238
23.2590,120.3655,柳營,C0X270,2017-02-03T15:00:00+08:00,33.0,350.0,2.7,23.1,0.65,1013.5,-99.0,0.0,-9.9,-99,-999,臺南市,04,柳營區,238
23.2590,120.3655,柳營,C0X270,2017-02-03T16:00:00+08:00,33.0,349.0,2.8,22.6,0.69,1013.8,-99.0,0.0,-9.9,-99,-999,臺南市,04,柳營區,238
23.2590,120.3655,柳營,C0X270,2017-02-03T17:00:00+08:00,33.0,4.0,3.0,20.8,0.77,1014.3,-99.0,0.0,-9.9,-99,-999,臺南市,04,柳營區,238
23.2590,120.3655,柳營,C0X270,2017-02-03T18:00:00+08:00,33.0,357.0,1.9,18.8,0.87,1015.0,-99.0,0.0,-9.9,-99,-999,臺南市,04,柳營區,238
23.2590,120.3655,柳營,C0X270,2017-02-03T19:00:00+08:00,33.0,10.0,3.0,17.5,0.95,1015.5,-99.0,0.0,-9.9,-99,-999,臺南市,04,柳營區,238
23.2590,120.3655,柳營,C0X270,2017-02-03T20:00:00+08:00,33.0,15.0,1.8,17.0,0.99,1016.0,-99.0,0.0,-9.9,-99,-999,臺南市,04,柳營區,238
23.2590,120.3655,柳營,C0X270,2017-02-03T21:00:00+08:00,33.0,356.0,1.2,17.0,0.99,1016.2,-99.0,0.0,-9.9,-99,-999,臺南市,04,柳營區,238
23.2590,120.3655,柳營,C0X270,2017-02-03T23:00:00+08:00,33.0,6.0,2.2,17.1,0.99,1016.3,-99.0,0.0,-9.9,-99,-999,臺南市,04,柳營區,238
23.2590,120.3655,柳營,C0X270,2017-02-04T00:00:00+08:00,33.0,12.0,2.3,17.2,0.99,1016.0,-99.0,0.0,-9.9,-99,-999,臺南市,04,柳營區,238
23.2590,120.3655,柳營,C0X270,2017-02-04T01:00:00+08:00,33.0,12.0,2.2,17.3,0.99,1015.4,-99.0,0.0,-9.9,-99,-999,臺南市,04,柳營區,238
23.2590,120.3655,柳營,C0X270,2017-02-04T02:00:00+08:00,33.0,44.0,1.7,17.2,0.99,1015.0,-99.0,0.0,-9.9,-99,-999,臺南市,04,柳營區,238
23.2590,120.3655,柳營,C0X270,2017-02-04T03:00:00+08:00,33.0,25.0,1.5,17.1,0.99,1014.1,-99.0,0.0,-9.9,-99,-999,臺南市,04,柳營區,238
23.2590,120.3655,柳營,C0X270,2017-02-04T04:00:00+08:00,33.0,3.0,2.0,17.2,0.99,1013.7,-99.0,0.0,-9.9,-99,-999,臺南市,04,柳營區,238
23.2590,120.3655,柳營,C0X270,2017-02-04T05:00:00+08:00,33.0,8.0,2.0,17.2,0.99,1013.8,-99.0,0.0,-9.9,-99,-999,臺南市,04,柳營區,238
23.2590,120.3655,柳營,C0X270,2017-02-04T06:00:00+08:00,33.0,44.0,1.5,17.3,0.99,1014.1,-99.0,0.0,-9.9,-99,-999,臺南市,04,柳營區,238
23.2590,120.3655,柳營,C0X270,2017-02-04T07:00:00+08:00,33.0,15.0,1.5,17.3,0.99,1014.6,-99.0,0.0,-9.9,-99,-999,臺南市,04,柳營區,238
23.2590,120.3655,柳營,C0X270,2017-02-04T08:00:00+08:00,33.0,46.0,1.7,17.5,0.99,1014.7,-99.0,0.0,-9.9,-99,-999,臺南市,04,柳營區,238
23.2590,120.3655,柳營,C0X270,2017-02-04T10:00:00+08:00,33.0,1.0,1.6,19.0,0.91,1015.2,-99.0,0.0,-9.9,-99,-999,臺南市,04,柳營區,238
23.2590,120.3655,柳營,C0X270,2017-02-04T11:00:00+08:00,33.0,359.0,1.6,19.7,0.86,1014.4,-99.0,0.0,-9.9,-99,-999,臺南市,04,柳營區,238
23.2590,120.3655,柳營,C0X270,2017-02-04T12:00:00+08:00,33.0,358.0,0.8,21.4,0.77,1013.2,-99.0,0.0,-9.9,-99,-999,臺南市,04,柳營區,238
23.2590,120.3655,柳營,C0X270,2017-02-04T13:00:00+08:00,33.0,29.0,1.2,23.0,0.70,1011.9,-99.0,0.0,-9.9,-99,-999,臺南市,04,柳營區,238
23.2590,120.3655,柳營,C0X270,2017-02-04T14:00:00+08:00,33.0,2.0,1.6,22.2,0.74,1010.5,-99.0,0.0,-9.9,-99,-999,臺南市,04,柳營區,238
23.2590,120.3655,柳營,C0X270,2017-02-04T15:00:00+08:00,33.0,334.0,1.2,21.9,0.73,1010.1,-99.0,0.0,-9.9,-99,-999,臺南市,04,柳營區,238
23.2590,120.3655,柳營,C0X270,2017-02-04T16:00:00+08:00,33.0,335.0,1.4,21.9,0.73,1010.4,-99.0,0.0,-9.9,-99,-999,臺南市,04,柳營區,238
23.2590,120.3655,柳營,C0X270,2017-02-04T17:00:00+08:00,33.0,354.0,1.5,21.1,0.82,1010.5,-99.0,0.0,-9.9,-99,-999,臺南市,04,柳營區,238
23.2590,120.3655,柳營,C0X270,2017-02-04T18:00:00+08:00,33.0,13.0,1.9,20.3,0.88,1010.4,-99.0,0.0,-9.9,-99,-999,臺南市,04,柳營區,238
23.2590,120.3655,柳營,C0X270,2017-02-04T19:00:00+08:00,33.0,357.0,1.2,19.6,0.93,1010.8,-99.0,0.0,-9.9,-99,-999,臺南市,04,柳營區,238
23.2590,120.3655,柳營,C0X270,2017-02-04T20:00:00+08:00,33.0,19.0,1.3,19.2,0.95,1011.5,-99.0,0.0,-9.9,-99,-999,臺南市,04,柳營區,238
23.2590,120.3655,柳營,C0X270,2017-02-04T21:00:00+08:00,33.0,2.0,1.2,18.6,0.98,1011.7,-99.0,0.0,-9.9,-99,-999,臺南市,04,柳營區,238
23.2590,120.3655,柳營,C0X270,2017-02-04T22:00:00+08:00,33.0,20.0,1.0,18.0,0.99,1011.8,-99.0,0.0,-9.9,-99,-999,臺南市,04,柳營區,238
23.2590,120.3655,柳營,C0X270,2017-02-04T23:00:00+08:00,33.0,7.0,0.9,17.8,0.99,1011.9,-99.0,0.0,-9.9,-99,-999,臺南市,04,柳營區,238
23.2590,120.3655,柳營,C0X270,2017-02-05T00:00:00+08:00,33.0,14.0,0.9,17.7,0.99,1011.7,-99.0,0.0,-9.9,-99,-999,臺南市,04,柳營區,238
23.2590,120.3655,柳營,C0X270,2017-02-05T01:00:00+08:00,33.0,47.0,1.4,17.4,0.99,1011.1,-99.0,0.0,-9.9,-99,-999,臺南市,04,柳營區,238
23.2590,120.3655,柳營,C0X270,2017-02-05T02:00:00+08:00,33.0,12.0,1.3,16.8,0.99,1010.3,-99.0,0.0,-9.9,-99,-999,臺南市,04,柳營區,238
23.2590,120.3655,柳營,C0X270,2017-02-05T03:00:00+08:00,33.0,34.0,1.2,16.2,0.99,1009.2,-99.0,0.0,-9.9,-99,-999,臺南市,04,柳營區,238
23.2590,120.3655,柳營,C0X270,2017-02-05T04:00:00+08:00,33.0,35.0,0.5,15.9,0.99,1009.5,-99.0,0.0,-9.9,-99,-999,臺南市,04,柳營區,238
23.2590,120.3655,柳營,C0X270,2017-02-05T05:00:00+08:00,33.0,22.0,2.4,16.3,0.99,1010.0,-99.0,0.0,-9.9,-99,-999,臺南市,04,柳營區,238
23.2590,120.3655,柳營,C0X270,2017-02-05T06:00:00+08:00,33.0,17.0,2.1,16.4,0.99,1010.5,-99.0,0.0,-9.9,-99,-999,臺南市,04,柳營區,238
23.2590,120.3655,柳營,C0X270,2017-02-05T07:00:00+08:00,33.0,9.0,1.6,16.4,0.99,1010.8,-99.0,0.0,-9.9,-99,-999,臺南市,04,柳營區,238
23.2590,120.3655,柳營,C0X270,2017-02-05T08:00:00+08:00,33.0,29.0,2.1,17.3,0.99,1011.2,-99.0,0.0,-9.9,-99,-999,臺南市,04,柳營區,238
23.2590,120.3655,柳營,C0X270,2017-02-05T10:00:00+08:00,33.0,356.0,2.4,21.5,0.80,1011.6,-99.0,0.0,-9.9,-99,-999,臺南市,04,柳營區,238
23.2590,120.3655,柳營,C0X270,2017-02-05T11:00:00+08:00,33.0,353.0,2.7,22.5,0.77,1011.2,-99.0,0.0,-9.9,-99,-999,臺南市,04,柳營區,238
23.2590,120.3655,柳營,C0X270,2017-02-05T12:00:00+08:00,33.0,11.0,2.8,23.0,0.69,1010.1,-99.0,0.0,-9.9,-99,-999,臺南市,04,柳營區,238
23.2590,120.3655,柳營,C0X270,2017-02-05T13:00:00+08:00,33.0,356.0,1.4,23.7,0.66,1009.0,-99.0,0.0,-9.9,-99,-999,臺南市,04,柳營區,238
23.2590,120.3655,柳營,C0X270,2017-02-05T14:00:00+08:00,33.0,337.0,1.5,23.8,0.67,1008.4,-99.0,0.0,-9.9,-99,-999,臺南市,04,柳營區,238
23.2590,120.3655,柳營,C0X270,2017-02-05T15:00:00+08:00,33.0,8.0,3.3,23.5,0.69,1008.3,-99.0,0.0,-9.9,-99,-999,臺南市,04,柳營區,238
23.2590,120.3655,柳營,C0X270,2017-02-05T16:00:00+08:00,33.0,359.0,3.6,20.2,0.87,1008.0,-99.0,0.0,-9.9,-99,-999,臺南市,04,柳營區,238
23.2590,120.3655,柳營,C0X270,2017-02-05T17:00:00+08:00,33.0,354.0,2.7,20.0,0.84,1008.2,-99.0,0.0,-9.9,-99,-999,臺南市,04,柳營區,238
23.2590,120.3655,柳營,C0X270,2017-02-05T18:00:00+08:00,33.0,6.0,2.6,19.3,0.91,1008.0,-99.0,0.0,-9.9,-99,-999,臺南市,04,柳營區,238
23.2590,120.3655,柳營,C0X270,2017-02-05T19:00:00+08:00,33.0,6.0,1.4,18.8,0.97,1008.7,-99.0,0.0,-9.9,-99,-999,臺南市,04,柳營區,238
23.2590,120.3655,柳營,C0X270,2017-02-05T20:00:00+08:00,33.0,10.0,1.7,18.6,0.99,1009.4,-99.0,0.0,-9.9,-99,-999,臺南市,04,柳營區,238
23.2590,120.3655,柳營,C0X270,2017-02-05T21:00:00+08:00,33.0,30.0,2.1,18.6,0.99,1009.7,-99.0,0.0,-9.9,-99,-999,臺南市,04,柳營區,238
23.2590,120.3655,柳營,C0X270,2017-02-05T22:00:00+08:00,33.0,16.0,0.7,18.2,0.99,1010.3,-99.0,0.0,-9.9,-99,-999,臺南市,04,柳營區,238
23.2590,120.3655,柳營,C0X270,2017-02-05T23:00:00+08:00,33.0,12.0,1.4,17.8,0.99,1010.1,-99.0,0.0,-9.9,-99,-999,臺南市,04,柳營區,238
23.2590,120.3655,柳營,C0X270,2017-02-06T00:00:00+08:00,33.0,9.0,1.8,17.6,0.99,1010.2,-99.0,0.0,-9.9,-99,-999,臺南市,04,柳營區,238
23.2590,120.3655,柳營,C0X270,2017-02-06T01:00:00+08:00,33.0,328.0,0.5,17.2,0.99,1010.0,-99.0,0.0,-9.9,-99,-999,臺南市,04,柳營區,238
23.2590,120.3655,柳營,C0X270,2017-02-06T02:00:00+08:00,33.0,347.0,0.4,16.7,0.99,1009.7,-99.0,0.0,-9.9,-99,-999,臺南市,04,柳營區,238
23.2590,120.3655,柳營,C0X270,2017-02-06T03:00:00+08:00,33.0,40.0,1.5,16.7,0.99,1009.3,-99.0,0.0,-9.9,-99,-999,臺南市,04,柳營區,238
23.2590,120.3655,柳營,C0X270,2017-02-06T05:00:00+08:00,33.0,358.0,1.7,16.3,0.99,1009.8,-99.0,0.0,-9.9,-99,-999,臺南市,04,柳營區,238
23.2590,120.3655,柳營,C0X270,2017-02-06T06:00:00+08:00,33.0,18.0,2.2,16.6,0.99,1010.6,-99.0,0.0,-9.9,-99,-999,臺南市,04,柳營區,238
23.2590,120.3655,柳營,C0X270,2017-02-06T07:00:00+08:00,33.0,15.0,1.6,16.8,0.99,1011.6,-99.0,0.0,-9.9,-99,-999,臺南市,04,柳營區,238
23.2590,120.3655,柳營,C0X270,2017-02-06T08:00:00+08:00,33.0,4.0,1.6,16.8,0.99,1012.3,-99.0,0.0,-9.9,-99,-999,臺南市,04,柳營區,238
23.2590,120.3655,柳營,C0X270,2017-02-06T10:00:00+08:00,33.0,5.0,2.7,19.8,0.79,1013.8,-99.0,0.0,-9.9,-99,-999,臺南市,04,柳營區,238
23.2590,120.3655,柳營,C0X270,2017-02-06T11:00:00+08:00,33.0,2.0,2.3,22.6,0.70,1013.2,-99.0,0.0,-9.9,-99,-999,臺南市,04,柳營區,238
23.2590,120.3655,柳營,C0X270,2017-02-06T12:00:00+08:00,33.0,26.0,2.4,23.8,0.65,1012.1,-99.0,0.0,-9.9,-99,-999,臺南市,04,柳營區,238
23.2590,120.3655,柳營,C0X270,2017-02-06T13:00:00+08:00,33.0,16.0,2.4,25.1,0.59,1011.0,-99.0,0.0,-9.9,-99,-999,臺南市,04,柳營區,238
23.2590,120.3655,柳營,C0X270,2017-02-06T14:00:00+08:00,33.0,13.0,2.4,25.5,0.58,1010.4,-99.0,0.0,-9.9,-99,-999,臺南市,04,柳營區,238
23.2590,120.3655,柳營,C0X270,2017-02-06T15:00:00+08:00,33.0,342.0,2.4,25.1,0.58,1009.9,-99.0,0.0,-9.9,-99,-999,臺南市,04,柳營區,238
23.2590,120.3655,柳營,C0X270,2017-02-06T16:00:00+08:00,33.0,355.0,3.1,23.7,0.62,1010.1,-99.0,0.0,-9.9,-99,-999,臺南市,04,柳營區,238
23.2590,120.3655,柳營,C0X270,2017-02-06T17:00:00+08:00,33.0,357.0,2.9,21.4,0.68,1010.6,-99.0,0.0,-9.9,-99,-999,臺南市,04,柳營區,238
23.2590,120.3655,柳營,C0X270,2017-02-06T18:00:00+08:00,33.0,5.0,3.5,19.0,0.76,1011.3,-99.0,0.0,-9.9,-99,-999,臺南市,04,柳營區,238
23.2590,120.3655,柳營,C0X270,2017-02-06T19:00:00+08:00,33.0,10.0,2.3,17.9,0.81,1011.7,-99.0,0.0,-9.9,-99,-999,臺南市,04,柳營區,238
23.2590,120.3655,柳營,C0X270,2017-02-06T20:00:00+08:00,33.0,16.0,2.3,17.1,0.83,1012.3,-99.0,0.0,-9.9,-99,-999,臺南市,04,柳營區,238
23.2590,120.3655,柳營,C0X270,2017-02-06T21:00:00+08:00,33.0,10.0,1.4,16.6,0.87,1012.7,-99.0,0.0,-9.9,-99,-999,臺南市,04,柳營區,238
23.2590,120.3655,柳營,C0X270,2017-02-06T22:00:00+08:00,33.0,0.0,0.0,15.8,0.96,1012.8,-99.0,0.0,-9.9,-99,-999,臺南市,04,柳營區,238
23.2590,120.3655,柳營,C0X270,2017-02-06T23:00:00+08:00,33.0,0.0,0.0,16.3,0.95,1013.0,-99.0,0.0,-9.9,-99,-999,臺南市,04,柳營區,238
23.2590,120.3655,柳營,C0X270,2017-02-07T00:00:00+08:00,33.0,343.0,1.3,16.7,0.80,1013.4,-99.0,0.0,-9.9,-99,-999,臺南市,04,柳營區,238
23.2590,120.3655,柳營,C0X270,2017-02-07T01:00:00+08:00,33.0,8.0,1.6,16.3,0.80,1013.7,-99.0,0.0,-9.9,-99,-999,臺南市,04,柳營區,238
23.2590,120.3655,柳營,C0X270,2017-02-07T02:00:00+08:00,33.0,9.0,1.4,16.2,0.81,1013.4,-99.0,0.0,-9.9,-99,-999,臺南市,04,柳營區,238
23.2590,120.3655,柳營,C0X270,2017-02-07T03:00:00+08:00,33.0,349.0,0.8,16.0,0.82,1013.1,-99.0,0.0,-9.9,-99,-999,臺南市,04,柳營區,238
23.2590,120.3655,柳營,C0X270,2017-02-07T04:00:00+08:00,33.0,15.0,1.0,15.7,0.85,1013.3,-99.0,0.0,-9.9,-99,-999,臺南市,04,柳營區,238
23.2590,120.3655,柳營,C0X270,2017-02-07T05:00:00+08:00,33.0,0.0,0.0,15.2,0.89,1013.2,-99.0,0.0,-9.9,-99,-999,臺南市,04,柳營區,238
23.2590,120.3655,柳營,C0X270,2017-02-07T06:00:00+08:00,33.0,172.0,0.3,14.5,0.99,1013.8,-99.0,0.0,-9.9,-99,-999,臺南市,04,柳營區,238
23.2590,120.3655,柳營,C0X270,2017-02-07T07:00:00+08:00,33.0,19.0,0.8,14.0,0.99,1014.2,-99.0,0.0,-9.9,-99,-999,臺南市,04,柳營區,238
23.2590,120.3655,柳營,C0X270,2017-02-07T08:00:00+08:00,33.0,21.0,1.5,16.0,0.85,1014.8,-99.0,0.0,-9.9,-99,-999,臺南市,04,柳營區,238
23.2590,120.3655,柳營,C0X270,2017-02-07T10:00:00+08:00,33.0,3.0,1.8,19.8,0.69,1014.9,-99.0,0.0,-9.9,-99,-999,臺南市,04,柳營區,238
23.2590,120.3655,柳營,C0X270,2017-02-07T11:00:00+08:00,33.0,354.0,1.6,20.1,0.69,1014.5,-99.0,0.0,-9.9,-99,-999,臺南市,04,柳營區,238
23.2590,120.3655,柳營,C0X270,2017-02-07T12:00:00+08:00,33.0,1.0,1.8,20.6,0.65,1013.9,-99.0,0.0,-9.9,-99,-999,臺南市,04,柳營區,238
23.2590,120.3655,柳營,C0X270,2017-02-07T13:00:00+08:00,33.0,18.0,2.5,22.3,0.61,1012.7,-99.0,0.0,-9.9,-99,-999,臺南市,04,柳營區,238
23.2590,120.3655,柳營,C0X270,2017-02-07T14:00:00+08:00,33.0,28.0,1.9,22.9,0.60,1012.0,-99.0,0.0,-9.9,-99,-999,臺南市,04,柳營區,238
23.2590,120.3655,柳營,C0X270,2017-02-07T15:00:00+08:00,33.0,318.0,1.3,23.7,0.57,1011.7,-99.0,0.0,-9.9,-99,-999,臺南市,04,柳營區,238
23.2590,120.3655,柳營,C0X270,2017-02-07T16:00:00+08:00,33.0,352.0,1.7,23.0,0.60,1011.6,-99.0,0.0,-9.9,-99,-999,臺南市,04,柳營區,238
23.2590,120.3655,柳營,C0X270,2017-02-07T17:00:00+08:00,33.0,354.0,2.6,20.6,0.72,1011.8,-99.0,0.0,-9.9,-99,-999,臺南市,04,柳營區,238
23.2590,120.3655,柳營,C0X270,2017-02-07T18:00:00+08:00,33.0,342.0,2.1,19.2,0.78,1012.3,-99.0,0.0,-9.9,-99,-999,臺南市,04,柳營區,238
23.2590,120.3655,柳營,C0X270,2017-02-07T19:00:00+08:00,33.0,15.0,1.0,18.0,0.88,1012.6,-99.0,0.0,-9.9,-99,-999,臺南市,04,柳營區,238
23.2590,120.3655,柳營,C0X270,2017-02-07T20:00:00+08:00,33.0,11.0,0.4,17.1,0.91,1012.9,-99.0,0.0,-9.9,-99,-999,臺南市,04,柳營區,238
23.2590,120.3655,柳營,C0X270,2017-02-07T21:00:00+08:00,33.0,14.0,0.9,16.6,0.95,1013.1,-99.0,0.0,-9.9,-99,-999,臺南市,04,柳營區,238
23.2590,120.3655,柳營,C0X270,2017-02-07T22:00:00+08:00,33.0,0.0,0.0,15.3,0.99,1013.1,-99.0,0.0,-9.9,-99,-999,臺南市,04,柳營區,238
23.2590,120.3655,柳營,C0X270,2017-02-07T23:00:00+08:00,33.0,0.0,0.0,16.0,0.99,1013.2,-99.0,0.0,-9.9,-99,-999,臺南市,04,柳營區,238
23.2590,120.3655,柳營,C0X270,2017-02-08T00:00:00+08:00,33.0,0.0,0.0,16.2,0.99,1013.0,-99.0,0.0,-9.9,-99,-999,臺南市,04,柳營區,238
23.2590,120.3655,柳營,C0X270,2017-02-08T01:00:00+08:00,33.0,0.0,0.0,16.2,0.99,1013.3,-99.0,0.0,-9.9,-99,-999,臺南市,04,柳營區,238
23.2590,120.3655,柳營,C0X270,2017-02-08T02:00:00+08:00,33.0,22.0,0.7,16.3,0.99,1013.2,-99.0,0.0,-9.9,-99,-999,臺南市,04,柳營區,238
23.2590,120.3655,柳營,C0X270,2017-02-08T03:00:00+08:00,33.0,0.0,0.0,15.3,0.99,1012.5,-99.0,0.0,-9.9,-99,-999,臺南市,04,柳營區,238
23.2590,120.3655,柳營,C0X270,2017-02-08T04:00:00+08:00,33.0,0.0,0.0,15.0,0.99,1011.9,-99.0,0.0,-9.9,-99,-999,臺南市,04,柳營區,238
23.2590,120.3655,柳營,C0X270,2017-02-08T06:00:00+08:00,33.0,21.0,1.3,15.7,0.99,1013.2,-99.0,0.0,-9.9,-99,-999,臺南市,04,柳營區,238
23.2590,120.3655,柳營,C0X270,2017-02-08T07:00:00+08:00,33.0,14.0,1.4,16.1,0.99,1013.7,-99.0,0.0,-9.9,-99,-999,臺南市,04,柳營區,238
23.2590,120.3655,柳營,C0X270,2017-02-08T08:00:00+08:00,33.0,54.0,1.7,16.7,0.97,1013.5,-99.0,0.0,-9.9,-99,-999,臺南市,04,柳營區,238
23.2590,120.3655,柳營,C0X270,2017-02-08T10:00:00+08:00,33.0,15.0,2.1,20.7,0.70,1014.1,-99.0,0.0,-9.9,-99,-999,臺南市,04,柳營區,238
23.2590,120.3655,柳營,C0X270,2017-02-08T11:00:00+08:00,33.0,312.0,1.6,22.0,0.65,1013.6,-99.0,0.0,-9.9,-99,-999,臺南市,04,柳營區,238
23.2590,120.3655,柳營,C0X270,2017-02-08T12:00:00+08:00,33.0,351.0,2.4,24.0,0.55,1013.3,-99.0,0.0,-9.9,-99,-999,臺南市,04,柳營區,238
23.2590,120.3655,柳營,C0X270,2017-02-08T13:00:00+08:00,33.0,325.0,1.9,24.3,0.56,1012.6,-99.0,0.0,-9.9,-99,-999,臺南市,04,柳營區,238
23.2590,120.3655,柳營,C0X270,2017-02-08T14:00:00+08:00,33.0,344.0,3.1,23.8,0.60,1012.1,-99.0,0.0,-9.9,-99,-999,臺南市,04,柳營區,238
23.2590,120.3655,柳營,C0X270,2017-02-08T15:00:00+08:00,33.0,348.0,3.0,22.9,0.60,1011.5,-99.0,0.0,-9.9,-99,-999,臺南市,04,柳營區,238
23.2590,120.3655,柳營,C0X270,2017-02-08T16:00:00+08:00,33.0,11.0,3.6,22.8,0.59,1011.1,-99.0,0.0,-9.9,-99,-999,臺南市,04,柳營區,238
23.2590,120.3655,柳營,C0X270,2017-02-08T17:00:00+08:00,33.0,358.0,2.7,22.0,0.63,1011.0,-99.0,0.0,-9.9,-99,-999,臺南市,04,柳營區,238
23.2590,120.3655,柳營,C0X270,2017-02-08T18:00:00+08:00,33.0,357.0,2.3,20.7,0.67,1011.1,-99.0,0.0,-9.9,-99,-999,臺南市,04,柳營區,238
23.2590,120.3655,柳營,C0X270,2017-02-08T19:00:00+08:00,33.0,4.0,2.8,19.5,0.82,1011.6,-99.0,0.0,-9.9,-99,-999,臺南市,04,柳營區,238
23.2590,120.3655,柳營,C0X270,2017-02-08T20:00:00+08:00,33.0,10.0,2.2,18.2,0.93,1011.9,-99.0,0.0,-9.9,-99,-999,臺南市,04,柳營區,238
23.2590,120.3655,柳營,C0X270,2017-02-08T21:00:00+08:00,33.0,13.0,2.4,17.4,0.95,1012.2,-99.0,0.0,-9.9,-99,-999,臺南市,04,柳營區,238
23.2590,120.3655,柳營,C0X270,2017-02-08T22:00:00+08:00,33.0,360.0,2.8,16.9,0.95,1013.1,-99.0,0.0,-9.9,-99,-999,臺南市,04,柳營區,238
23.2590,120.3655,柳營,C0X270,2017-02-08T23:00:00+08:00,33.0,2.0,2.6,16.3,0.98,1013.4,-99.0,0.0,-9.9,-99,-999,臺南市,04,柳營區,238
23.2590,120.3655,柳營,C0X270,2017-02-09T00:00:00+08:00,33.0,17.0,3.2,16.2,0.99,1013.5,-99.0,0.0,-9.9,-99,-999,臺南市,04,柳營區,238
23.2590,120.3655,柳營,C0X270,2017-02-09T01:00:00+08:00,33.0,18.0,4.1,16.4,0.91,1013.4,-99.0,0.0,-9.9,-99,-999,臺南市,04,柳營區,238
23.2590,120.3655,柳營,C0X270,2017-02-09T02:00:00+08:00,33.0,14.0,4.5,16.3,0.90,1012.8,-99.0,0.0,-9.9,-99,-999,臺南市,04,柳營區,238
23.2590,120.3655,柳營,C0X270,2017-02-09T03:00:00+08:00,33.0,7.0,3.7,15.9,0.94,1012.6,-99.0,0.0,-9.9,-99,-999,臺南市,04,柳營區,238
23.2590,120.3655,柳營,C0X270,2017-02-09T04:00:00+08:00,33.0,8.0,5.7,14.9,0.90,1012.5,-99.0,0.0,-9.9,-99,-999,臺南市,04,柳營區,238
23.2590,120.3655,柳營,C0X270,2017-02-09T05:00:00+08:00,33.0,14.0,6.5,14.5,0.85,1013.1,-99.0,0.0,-9.9,-99,-999,臺南市,04,柳營區,238
23.2590,120.3655,柳營,C0X270,2017-02-09T06:00:00+08:00,33.0,19.0,4.1,14.3,0.86,1014.0,-99.0,0.0,-9.9,-99,-999,臺南市,04,柳營區,238
23.2590,120.3655,柳營,C0X270,2017-02-09T07:00:00+08:00,33.0,11.0,4.3,13.8,0.83,1014.7,-99.0,0.0,-9.9,-99,-999,臺南市,04,柳營區,238
23.2590,120.3655,柳營,C0X270,2017-02-09T08:00:00+08:00,33.0,358.0,3.6,13.6,0.82,1015.3,-99.0,0.0,-9.9,-99,-999,臺南市,04,柳營區,238
23.2590,120.3655,柳營,C0X270,2017-02-09T10:00:00+08:00,33.0,14.0,4.9,14.0,0.79,1016.2,-99.0,0.0,-9.9,-99,-999,臺南市,04,柳營區,238
23.2590,120.3655,柳營,C0X270,2017-02-09T11:00:00+08:00,33.0,16.0,4.8,14.8,0.72,1015.7,-99.0,0.0,-9.9,-99,-999,臺南市,04,柳營區,238
23.2590,120.3655,柳營,C0X270,2017-02-09T12:00:00+08:00,33.0,9.0,4.9,15.7,0.67,1014.6,-99.0,0.0,-9.9,-99,-999,臺南市,04,柳營區,238
23.2590,120.3655,柳營,C0X270,2017-02-09T13:00:00+08:00,33.0,6.0,5.2,17.3,0.61,1013.2,-99.0,0.0,-9.9,-99,-999,臺南市,04,柳營區,238
23.2590,120.3655,柳營,C0X270,2017-02-09T14:00:00+08:00,33.0,8.0,4.7,17.8,0.64,1012.1,-99.0,0.0,-9.9,-99,-999,臺南市,04,柳營區,238
23.2590,120.3655,柳營,C0X270,2017-02-09T15:00:00+08:00,33.0,4.0,5.4,18.2,0.56,1012.7,-99.0,0.0,-9.9,-99,-999,臺南市,04,柳營區,238
23.2590,120.3655,柳營,C0X270,2017-02-09T16:00:00+08:00,33.0,8.0,5.8,15.3,0.62,1013.5,-99.0,0.0,-9.9,-99,-999,臺南市,04,柳營區,238
23.2590,120.3655,柳營,C0X270,2017-02-09T17:00:00+08:00,33.0,9.0,4.5,14.3,0.64,1013.8,-99.0,0.0,-9.9,-99,-999,臺南市,04,柳營區,238
23.2590,120.3655,柳營,C0X270,2017-02-09T18:00:00+08:00,33.0,4.0,4.0,13.3,0.66,1014.1,-99.0,0.0,-9.9,-99,-999,臺南市,04,柳營區,238
23.2590,120.3655,柳營,C0X270,2017-02-09T19:00:00+08:00,33.0,3.0,3.6,12.8,0.67,1014.8,-99.0,0.0,-9.9,-99,-999,臺南市,04,柳營區,238
23.2590,120.3655,柳營,C0X270,2017-02-09T20:00:00+08:00,33.0,6.0,3.9,12.3,0.69,1015.4,-99.0,0.0,-9.9,-99,-999,臺南市,04,柳營區,238
23.2590,120.3655,柳營,C0X270,2017-02-09T21:00:00+08:00,33.0,10.0,3.2,12.0,0.70,1015.6,-99.0,0.0,-9.9,-99,-999,臺南市,04,柳營區,238
23.2590,120.3655,柳營,C0X270,2017-02-09T22:00:00+08:00,33.0,9.0,3.7,11.8,0.68,1015.9,-99.0,0.0,-9.9,-99,-999,臺南市,04,柳營區,238
23.2590,120.3655,柳營,C0X270,2017-02-09T23:00:00+08:00,33.0,9.0,3.2,11.6,0.69,1016.1,-99.0,0.0,-9.9,-99,-999,臺南市,04,柳營區,238
23.2590,120.3655,柳營,C0X270,2017-02-10T00:00:00+08:00,33.0,12.0,2.7,11.9,0.62,1016.3,-99.0,0.0,-9.9,-99,-999,臺南市,04,柳營區,238
23.2590,120.3655,柳營,C0X270,2017-02-10T01:00:00+08:00,33.0,13.0,3.5,12.0,0.52,1016.0,-99.0,0.0,-9.9,-99,-999,臺南市,04,柳營區,238
23.2590,120.3655,柳營,C0X270,2017-02-10T02:00:00+08:00,33.0,6.0,2.6,11.8,0.53,1015.8,-99.0,0.0,-9.9,-99,-999,臺南市,04,柳營區,238
23.2590,120.3655,柳營,C0X270,2017-02-10T03:00:00+08:00,33.0,8.0,2.4,11.7,0.53,1015.6,-99.0,0.0,-9.9,-99,-999,臺南市,04,柳營區,238
23.2590,120.3655,柳營,C0X270,2017-02-10T04:00:00+08:00,33.0,13.0,1.9,11.5,0.57,1015.5,-99.0,0.0,-9.9,-99,-999,臺南市,04,柳營區,238
23.2590,120.3655,柳營,C0X270,2017-02-10T05:00:00+08:00,33.0,10.0,1.3,11.5,0.60,1015.5,-99.0,0.0,-9.9,-99,-999,臺南市,04,柳營區,238
23.2590,120.3655,柳營,C0X270,2017-02-10T06:00:00+08:00,33.0,355.0,2.9,10.8,0.66,1016.7,-99.0,0.0,-9.9,-99,-999,臺南市,04,柳營區,238
23.2590,120.3655,柳營,C0X270,2017-02-10T07:00:00+08:00,33.0,20.0,2.8,10.7,0.65,1017.2,-99.0,0.0,-9.9,-99,-999,臺南市,04,柳營區,238
23.2590,120.3655,柳營,C0X270,2017-02-10T08:00:00+08:00,33.0,13.0,2.1,11.5,0.64,1017.8,-99.0,0.0,-9.9,-99,-999,臺南市,04,柳營區,238
23.2590,120.3655,柳營,C0X270,2017-02-10T09:00:00+08:00,33.0,12.0,2.7,12.7,0.59,1018.3,-99.0,0.0,-9.9,-99,-999,臺南市,04,柳營區,238
23.2590,120.3655,柳營,C0X270,2017-02-10T10:00:00+08:00,33.0,1.0,2.2,15.3,0.53,1018.4,-99.0,0.0,-9.9,-99,-999,臺南市,04,柳營區,238
23.2590,120.3655,柳營,C0X270,2017-02-10T11:00:00+08:00,33.0,7.0,2.1,15.7,0.52,1018.3,-99.0,0.0,-9.9,-99,-999,臺南市,04,柳營區,238
23.2590,120.3655,柳營,C0X270,2017-02-10T12:00:00+08:00,33.0,349.0,2.1,16.1,0.53,1017.6,-99.0,0.0,-9.9,-99,-999,臺南市,04,柳營區,238
23.2590,120.3655,柳營,C0X270,2017-02-10T13:00:00+08:00,33.0,17.0,2.1,17.1,0.52,1016.5,-99.0,0.0,-9.9,-99,-999,臺南市,04,柳營區,238
23.2590,120.3655,柳營,C0X270,2017-02-10T14:00:00+08:00,33.0,336.0,0.8,17.7,0.52,1015.8,-99.0,0.0,-9.9,-99,-999,臺南市,04,柳營區,238
23.2590,120.3655,柳營,C0X270,2017-02-10T15:00:00+08:00,33.0,3.0,1.9,17.1,0.53,1015.6,-99.0,0.0,-9.9,-99,-999,臺南市,04,柳營區,238
23.2590,120.3655,柳營,C0X270,2017-02-10T16:00:00+08:00,33.0,357.0,3.0,15.7,0.58,1016.3,-99.0,0.0,-9.9,-99,-999,臺南市,04,柳營區,238
23.2590,120.3655,柳營,C0X270,2017-02-10T17:00:00+08:00,33.0,5.0,2.9,14.4,0.63,1017.0,-99.0,0.0,-9.9,-99,-999,臺南市,04,柳營區,238
23.2590,120.3655,柳營,C0X270,2017-02-10T18:00:00+08:00,33.0,8.0,2.8,13.8,0.64,1017.1,-99.0,0.0,-9.9,-99,-999,臺南市,04,柳營區,238
23.2590,120.3655,柳營,C0X270,2017-02-10T19:00:00+08:00,33.0,3.0,2.4,13.6,0.62,1017.9,-99.0,0.0,-9.9,-99,-999,臺南市,04,柳營區,238
23.2590,120.3655,柳營,C0X270,2017-02-10T20:00:00+08:00,33.0,5.0,2.0,13.3,0.64,1018.4,-99.0,0.0,-9.9,-99,-999,臺南市,04,柳營區,238
23.2590,120.3655,柳營,C0X270,2017-02-10T21:00:00+08:00,33.0,10.0,2.0,13.1,0.64,1018.9,-99.0,0.0,-9.9,-99,-999,臺南市,04,柳營區,238
23.2590,120.3655,柳營,C0X270,2017-02-10T22:00:00+08:00,33.0,6.0,2.4,12.9,0.64,1019.4,-99.0,0.0,-9.9,-99,-999,臺南市,04,柳營區,238
23.2590,120.3655,柳營,C0X270,2017-02-10T23:00:00+08:00,33.0,11.0,2.3,12.5,0.64,1019.4,-99.0,0.0,-9.9,-99,-999,臺南市,04,柳營區,238
23.2590,120.3655,柳營,C0X270,2017-02-11T00:00:00+08:00,33.0,12.0,2.5,12.3,0.64,1019.4,-99.0,0.0,-9.9,-99,-999,臺南市,04,柳營區,238
23.2590,120.3655,柳營,C0X270,2017-02-11T01:00:00+08:00,33.0,4.0,2.1,12.3,0.64,1019.4,-99.0,0.0,-9.9,-99,-999,臺南市,04,柳營區,238
23.2590,120.3655,柳營,C0X270,2017-02-11T02:00:00+08:00,33.0,26.0,2.0,12.2,0.65,1019.1,-99.0,0.0,-9.9,-99,-999,臺南市,04,柳營區,238
23.2590,120.3655,柳營,C0X270,2017-02-11T03:00:00+08:00,33.0,2.0,1.8,11.4,0.74,1019.3,-99.0,0.0,-9.9,-99,-999,臺南市,04,柳營區,238
23.2590,120.3655,柳營,C0X270,2017-02-11T04:00:00+08:00,33.0,22.0,1.7,10.1,0.92,1019.3,-99.0,0.0,-9.9,-99,-999,臺南市,04,柳營區,238
23.2590,120.3655,柳營,C0X270,2017-02-11T05:00:00+08:00,33.0,18.0,1.9,9.4,0.99,1019.7,-99.0,0.0,-9.9,-99,-999,臺南市,04,柳營區,238
23.2590,120.3655,柳營,C0X270,2017-02-11T06:00:00+08:00,33.0,16.0,0.5,9.5,0.99,1020.4,-99.0,0.5,-9.9,-99,-999,臺南市,04,柳營區,238
23.2590,120.3655,柳營,C0X270,2017-02-11T07:00:00+08:00,33.0,28.0,1.3,9.6,0.99,1021.0,-99.0,1.0,-9.9,-99,-999,臺南市,04,柳營區,238
23.2590,120.3655,柳營,C0X270,2017-02-11T08:00:00+08:00,33.0,35.0,2.0,10.1,0.99,1021.4,-99.0,1.0,-9.9,-99,-999,臺南市,04,柳營區,238
23.2590,120.3655,柳營,C0X270,2017-02-11T09:00:00+08:00,33.0,13.0,1.9,10.7,0.99,1022.0,-99.0,1.0,-9.9,-99,-999,臺南市,04,柳營區,238
23.2590,120.3655,柳營,C0X270,2017-02-11T10:00:00+08:00,33.0,15.0,1.8,11.0,0.98,1022.6,-99.0,1.0,-9.9,-99,-999,臺南市,04,柳營區,238
23.2590,120.3655,柳營,C0X270,2017-02-11T11:00:00+08:00,33.0,4.0,2.1,11.1,0.95,1022.4,-99.0,1.0,-9.9,-99,-999,臺南市,04,柳營區,238
23.2590,120.3655,柳營,C0X270,2017-02-11T12:00:00+08:00,33.0,33.0,2.4,11.5,0.91,1021.7,-99.0,1.0,-9.9,-99,-999,臺南市,04,柳營區,238
23.2590,120.3655,柳營,C0X270,2017-02-11T13:00:00+08:00,33.0,66.0,1.8,12.0,0.89,1020.5,-99.0,1.0,-9.9,-99,-999,臺南市,04,柳營區,238
23.2590,120.3655,柳營,C0X270,2017-02-11T14:00:00+08:00,33.0,360.0,1.2,12.6,0.83,1020.2,-99.0,1.0,-9.9,-99,-999,臺南市,04,柳營區,238
23.2590,120.3655,柳營,C0X270,2017-02-11T15:00:00+08:00,33.0,56.0,1.3,12.7,0.83,1020.2,-99.0,1.0,-9.9,-99,-999,臺南市,04,柳營區,238
23.2590,120.3655,柳營,C0X270,2017-02-11T16:00:00+08:00,33.0,70.0,0.5,12.1,0.91,1020.5,-99.0,1.0,-9.9,-99,-999,臺南市,04,柳營區,238
23.2590,120.3655,柳營,C0X270,2017-02-11T17:00:00+08:00,33.0,0.0,0.0,12.8,0.88,1020.7,-99.0,1.0,-9.9,-99,-999,臺南市,04,柳營區,238
23.2590,120.3655,柳營,C0X270,2017-02-11T18:00:00+08:00,33.0,0.0,0.0,12.8,0.89,1020.8,-99.0,1.0,-9.9,-99,-999,臺南市,04,柳營區,238
23.2590,120.3655,柳營,C0X270,2017-02-11T19:00:00+08:00,33.0,0.0,0.0,12.7,0.93,1021.2,-99.0,1.0,-9.9,-99,-999,臺南市,04,柳營區,238
23.2590,120.3655,柳營,C0X270,2017-02-11T21:00:00+08:00,33.0,0.0,0.0,13.0,0.85,1022.0,-99.0,1.0,-9.9,-99,-999,臺南市,04,柳營區,238
23.2590,120.3655,柳營,C0X270,2017-02-11T22:00:00+08:00,33.0,359.0,0.5,12.7,0.80,1022.3,-99.0,1.0,-9.9,-99,-999,臺南市,04,柳營區,238
23.2590,120.3655,柳營,C0X270,2017-02-11T23:00:00+08:00,33.0,18.0,0.9,12.4,0.81,1022.5,-99.0,1.0,-9.9,-99,-999,臺南市,04,柳營區,238
23.2590,120.3655,柳營,C0X270,2017-02-12T00:00:00+08:00,33.0,5.0,1.2,12.1,0.79,1022.5,-99.0,1.0,-9.9,-99,-999,臺南市,04,柳營區,238
23.2590,120.3655,柳營,C0X270,2017-02-12T01:00:00+08:00,33.0,0.0,0.0,11.7,0.78,1022.4,-99.0,0.0,-9.9,-99,-999,臺南市,04,柳營區,238
23.2590,120.3655,柳營,C0X270,2017-02-12T02:00:00+08:00,33.0,14.0,1.3,11.6,0.79,1021.9,-99.0,0.0,-9.9,-99,-999,臺南市,04,柳營區,238
23.2590,120.3655,柳營,C0X270,2017-02-12T03:00:00+08:00,33.0,9.0,0.8,11.5,0.80,1021.7,-99.0,0.0,-9.9,-99,-999,臺南市,04,柳營區,238
23.2590,120.3655,柳營,C0X270,2017-02-12T04:00:00+08:00,33.0,63.0,1.1,11.3,0.89,1021.5,-99.0,0.0,-9.9,-99,-999,臺南市,04,柳營區,238
23.2590,120.3655,柳營,C0X270,2017-02-12T05:00:00+08:00,33.0,0.0,0.0,11.4,0.87,1021.6,-99.0,0.0,-9.9,-99,-999,臺南市,04,柳營區,238
23.2590,120.3655,柳營,C0X270,2017-02-12T06:00:00+08:00,33.0,18.0,1.1,11.1,0.88,1022.0,-99.0,0.0,-9.9,-99,-999,臺南市,04,柳營區,238
23.2590,120.3655,柳營,C0X270,2017-02-12T07:00:00+08:00,33.0,12.0,1.2,11.3,0.84,1022.5,-99.0,0.0,-9.9,-99,-999,臺南市,04,柳營區,238
23.2590,120.3655,柳營,C0X270,2017-02-12T08:00:00+08:00,33.0,29.0,1.2,12.3,0.82,1023.1,-99.0,0.0,-9.9,-99,-999,臺南市,04,柳營區,238
23.2590,120.3655,柳營,C0X270,2017-02-12T10:00:00+08:00,33.0,14.0,1.6,14.6,0.72,1023.5,-99.0,0.0,-9.9,-99,-999,臺南市,04,柳營區,238
23.2590,120.3655,柳營,C0X270,2017-02-12T11:00:00+08:00,33.0,8.0,1.8,17.2,0.63,1023.0,-99.0,0.0,-9.9,-99,-999,臺南市,04,柳營區,238
23.2590,120.3655,柳營,C0X270,2017-02-12T12:00:00+08:00,33.0,342.0,0.9,17.9,0.61,1022.4,-99.0,0.0,-9.9,-99,-999,臺南市,04,柳營區,238
23.2590,120.3655,柳營,C0X270,2017-02-12T13:00:00+08:00,33.0,348.0,1.3,20.2,0.54,1021.3,-99.0,0.0,-9.9,-99,-999,臺南市,04,柳營區,238
23.2590,120.3655,柳營,C0X270,2017-02-12T14:00:00+08:00,33.0,354.0,1.0,19.9,0.53,1020.4,-99.0,0.0,-9.9,-99,-999,臺南市,04,柳營區,238
23.2590,120.3655,柳營,C0X270,2017-02-12T15:00:00+08:00,33.0,3.0,1.8,19.6,0.54,1019.8,-99.0,0.0,-9.9,-99,-999,臺南市,04,柳營區,238
23.2590,120.3655,柳營,C0X270,2017-02-12T16:00:00+08:00,33.0,349.0,2.0,18.7,0.62,1019.9,-99.0,0.0,-9.9,-99,-999,臺南市,04,柳營區,238
23.2590,120.3655,柳營,C0X270,2017-02-12T17:00:00+08:00,33.0,353.0,2.4,17.4,0.69,1020.4,-99.0,0.0,-9.9,-99,-999,臺南市,04,柳營區,238
23.2590,120.3655,柳營,C0X270,2017-02-12T18:00:00+08:00,33.0,3.0,2.1,16.6,0.72,1020.8,-99.0,0.0,-9.9,-99,-999,臺南市,04,柳營區,238
23.2590,120.3655,柳營,C0X270,2017-02-12T19:00:00+08:00,33.0,4.0,1.2,16.1,0.76,1021.2,-99.0,0.0,-9.9,-99,-999,臺南市,04,柳營區,238
23.2590,120.3655,柳營,C0X270,2017-02-12T20:00:00+08:00,33.0,9.0,1.2,15.7,0.78,1021.5,-99.0,0.0,-9.9,-99,-999,臺南市,04,柳營區,238
23.2590,120.3655,柳營,C0X270,2017-02-12T21:00:00+08:00,33.0,0.0,0.0,15.5,0.81,1022.2,-99.0,0.0,-9.9,-99,-999,臺南市,04,柳營區,238
23.2590,120.3655,柳營,C0X270,2017-02-12T22:00:00+08:00,33.0,6.0,0.6,15.2,0.83,1022.6,-99.0,0.0,-9.9,-99,-999,臺南市,04,柳營區,238
23.2590,120.3655,柳營,C0X270,2017-02-12T23:00:00+08:00,33.0,0.0,0.0,14.8,0.85,1022.5,-99.0,0.0,-9.9,-99,-999,臺南市,04,柳營區,238
23.2590,120.3655,柳營,C0X270,2017-02-13T00:00:00+08:00,33.0,0.0,0.0,14.4,0.88,1022.4,-99.0,0.0,-9.9,-99,-999,臺南市,04,柳營區,238
23.2590,120.3655,柳營,C0X270,2017-02-13T01:00:00+08:00,33.0,12.0,0.7,13.9,0.85,1022.3,-99.0,0.0,-9.9,-99,-999,臺南市,04,柳營區,238
23.2590,120.3655,柳營,C0X270,2017-02-13T02:00:00+08:00,33.0,65.0,0.3,12.6,0.96,1022.0,-99.0,0.0,-9.9,-99,-999,臺南市,04,柳營區,238
23.2590,120.3655,柳營,C0X270,2017-02-13T03:00:00+08:00,33.0,0.0,0.0,12.0,0.99,1021.5,-99.0,0.0,-9.9,-99,-999,臺南市,04,柳營區,238
23.2590,120.3655,柳營,C0X270,2017-02-13T04:00:00+08:00,33.0,0.0,0.0,11.5,0.99,1021.6,-99.0,0.0,-9.9,-99,-999,臺南市,04,柳營區,238
23.2590,120.3655,柳營,C0X270,2017-02-13T05:00:00+08:00,33.0,0.0,0.0,10.7,0.99,1022.1,-99.0,0.0,-9.9,-99,-999,臺南市,04,柳營區,238
23.2590,120.3655,柳營,C0X270,2017-02-13T06:00:00+08:00,33.0,0.0,0.0,10.5,0.99,1022.7,-99.0,0.0,-9.9,-99,-999,臺南市,04,柳營區,238
23.2590,120.3655,柳營,C0X270,2017-02-13T07:00:00+08:00,33.0,0.0,0.0,10.5,0.99,1023.2,-99.0,0.0,-9.9,-99,-999,臺南市,04,柳營區,238
23.2590,120.3655,柳營,C0X270,2017-02-13T08:00:00+08:00,33.0,10.0,0.5,12.7,0.98,1023.8,-99.0,0.0,-9.9,-99,-999,臺南市,04,柳營區,238
23.2590,120.3655,柳營,C0X270,2017-02-13T10:00:00+08:00,33.0,19.0,1.8,18.9,0.64,1024.2,-99.0,0.0,-9.9,-99,-999,臺南市,04,柳營區,238
23.2590,120.3655,柳營,C0X270,2017-02-13T11:00:00+08:00,33.0,356.0,1.4,21.1,0.57,1023.6,-99.0,0.0,-9.9,-99,-999,臺南市,04,柳營區,238
23.2590,120.3655,柳營,C0X270,2017-02-13T12:00:00+08:00,33.0,345.0,2.0,22.1,0.52,1023.1,-99.0,0.0,-9.9,-99,-999,臺南市,04,柳營區,238
23.2590,120.3655,柳營,C0X270,2017-02-13T13:00:00+08:00,33.0,11.0,2.5,23.2,0.50,1022.2,-99.0,0.0,-9.9,-99,-999,臺南市,04,柳營區,238
23.2590,120.3655,柳營,C0X270,2017-02-13T14:00:00+08:00,33.0,358.0,2.4,23.6,0.49,1021.3,-99.0,0.0,-9.9,-99,-999,臺南市,04,柳營區,238
23.2590,120.3655,柳營,C0X270,2017-02-13T15:00:00+08:00,33.0,355.0,2.8,23.1,0.50,1020.9,-99.0,0.0,-9.9,-99,-999,臺南市,04,柳營區,238
23.2590,120.3655,柳營,C0X270,2017-02-13T16:00:00+08:00,33.0,342.0,2.1,22.1,0.54,1021.1,-99.0,0.0,-9.9,-99,-999,臺南市,04,柳營區,238
23.2590,120.3655,柳營,C0X270,2017-02-13T17:00:00+08:00,33.0,344.0,1.5,20.7,0.58,1021.8,-99.0,0.0,-9.9,-99,-999,臺南市,04,柳營區,238
23.2590,120.3655,柳營,C0X270,2017-02-13T18:00:00+08:00,33.0,350.0,1.5,18.4,0.70,1022.4,-99.0,0.0,-9.9,-99,-999,臺南市,04,柳營區,238
23.2590,120.3655,柳營,C0X270,2017-02-13T19:00:00+08:00,33.0,346.0,0.4,17.0,0.82,1022.7,-99.0,0.0,-9.9,-99,-999,臺南市,04,柳營區,238
23.2590,120.3655,柳營,C0X270,2017-02-13T20:00:00+08:00,33.0,0.0,0.0,15.8,0.89,1023.4,-99.0,0.0,-9.9,-99,-999,臺南市,04,柳營區,238
23.2590,120.3655,柳營,C0X270,2017-02-13T21:00:00+08:00,33.0,0.0,0.0,14.7,0.99,1023.9,-99.0,0.0,-9.9,-99,-999,臺南市,04,柳營區,238
23.2590,120.3655,柳營,C0X270,2017-02-13T22:00:00+08:00,33.0,0.0,0.0,13.8,0.99,1024.3,-99.0,0.0,-9.9,-99,-999,臺南市,04,柳營區,238
23.2590,120.3655,柳營,C0X270,2017-02-13T23:00:00+08:00,33.0,0.0,0.0,13.2,0.99,1024.2,-99.0,0.0,-9.9,-99,-999,臺南市,04,柳營區,238
23.2590,120.3655,柳營,C0X270,2017-02-14T00:00:00+08:00,33.0,0.0,0.0,12.5,0.99,1024.1,-99.0,0.0,-9.9,-99,-999,臺南市,04,柳營區,238
23.2590,120.3655,柳營,C0X270,2017-02-14T01:00:00+08:00,33.0,0.0,0.0,12.1,0.99,1024.4,-99.0,0.0,-9.9,-99,-999,臺南市,04,柳營區,238
23.2590,120.3655,柳營,C0X270,2017-02-14T02:00:00+08:00,33.0,0.0,0.0,12.0,0.99,1024.1,-99.0,0.0,-9.9,-99,-999,臺南市,04,柳營區,238
23.2590,120.3655,柳營,C0X270,2017-02-14T03:00:00+08:00,33.0,0.0,0.0,11.6,0.99,1023.9,-99.0,0.0,-9.9,-99,-999,臺南市,04,柳營區,238
23.2590,120.3655,柳營,C0X270,2017-02-14T04:00:00+08:00,33.0,0.0,0.0,11.2,0.99,1023.8,-99.0,0.0,-9.9,-99,-999,臺南市,04,柳營區,238
23.2590,120.3655,柳營,C0X270,2017-02-14T05:00:00+08:00,33.0,0.0,0.0,10.8,0.99,1023.9,-99.0,0.0,-9.9,-99,-999,臺南市,04,柳營區,238
23.2590,120.3655,柳營,C0X270,2017-02-14T06:00:00+08:00,33.0,0.0,0.0,10.9,0.99,1024.5,-99.0,0.0,-9.9,-99,-999,臺南市,04,柳營區,238
23.2590,120.3655,柳營,C0X270,2017-02-14T07:00:00+08:00,33.0,0.0,0.0,10.7,0.99,1025.3,-99.0,0.0,-9.9,-99,-999,臺南市,04,柳營區,238
23.2590,120.3655,柳營,C0X270,2017-02-14T08:00:00+08:00,33.0,0.0,0.0,13.0,0.99,1025.8,-99.0,0.0,-9.9,-99,-999,臺南市,04,柳營區,238
23.2590,120.3655,柳營,C0X270,2017-02-14T09:00:00+08:00,33.0,32.0,0.8,16.5,0.89,1026.0,-99.0,0.0,-9.9,-99,-999,臺南市,04,柳營區,238
23.2590,120.3655,柳營,C0X270,2017-02-14T10:00:00+08:00,33.0,350.0,0.9,19.8,0.68,1025.8,-99.0,0.0,-9.9,-99,-999,臺南市,04,柳營區,238
23.2590,120.3655,柳營,C0X270,2017-02-14T11:00:00+08:00,33.0,358.0,1.0,23.0,0.55,1025.4,-99.0,0.0,-9.9,-99,-999,臺南市,04,柳營區,238
23.2590,120.3655,柳營,C0X270,2017-02-14T12:00:00+08:00,33.0,360.0,2.0,23.8,0.52,1024.6,-99.0,0.0,-9.9,-99,-999,臺南市,04,柳營區,238
23.2590,120.3655,柳營,C0X270,2017-02-14T13:00:00+08:00,33.0,347.0,2.0,25.0,0.44,1023.5,-99.0,0.0,-9.9,-99,-999,臺南市,04,柳營區,238
23.2590,120.3655,柳營,C0X270,2017-02-14T14:00:00+08:00,33.0,335.0,1.9,24.8,0.47,1022.8,-99.0,0.0,-9.9,-99,-999,臺南市,04,柳營區,238
23.2590,120.3655,柳營,C0X270,2017-02-14T15:00:00+08:00,33.0,335.0,2.4,23.3,0.50,1022.8,-99.0,0.0,-9.9,-99,-999,臺南市,04,柳營區,238
23.2590,120.3655,柳營,C0X270,2017-02-14T16:00:00+08:00,33.0,1.0,2.9,23.0,0.51,1022.9,-99.0,0.0,-9.9,-99,-999,臺南市,04,柳營區,238
23.2590,120.3655,柳營,C0X270,2017-02-14T17:00:00+08:00,33.0,346.0,1.8,21.5,0.55,1023.0,-99.0,0.0,-9.9,-99,-999,臺南市,04,柳營區,238
23.2590,120.3655,柳營,C0X270,2017-02-14T18:00:00+08:00,33.0,349.0,2.1,18.7,0.66,1023.6,-99.0,0.0,-9.9,-99,-999,臺南市,04,柳營區,238
23.2590,120.3655,柳營,C0X270,2017-02-14T19:00:00+08:00,33.0,9.0,2.3,17.0,0.74,1024.2,-99.0,0.0,-9.9,-99,-999,臺南市,04,柳營區,238
23.2590,120.3655,柳營,C0X270,2017-02-14T20:00:00+08:00,33.0,12.0,1.3,15.9,0.82,1024.7,-99.0,0.0,-9.9,-99,-999,臺南市,04,柳營區,238
23.2590,120.3655,柳營,C0X270,2017-02-14T21:00:00+08:00,33.0,0.0,0.2,15.2,0.90,1025.0,-99.0,0.0,-9.9,-99,-999,臺南市,04,柳營區,238
23.2590,120.3655,柳營,C0X270,2017-02-14T22:00:00+08:00,33.0,0.0,0.0,13.5,0.99,1025.3,-99.0,0.0,-9.9,-99,-999,臺南市,04,柳營區,238
23.2590,120.3655,柳營,C0X270,2017-02-14T23:00:00+08:00,33.0,0.0,0.0,13.0,0.99,1025.5,-99.0,0.0,-9.9,-99,-999,臺南市,04,柳營區,238
23.2590,120.3655,柳營,C0X270,2017-02-15T00:00:00+08:00,33.0,0.0,0.0,12.5,0.99,1025.2,-99.0,0.0,-9.9,-99,-999,臺南市,04,柳營區,238
23.2590,120.3655,柳營,C0X270,2017-02-15T01:00:00+08:00,33.0,0.0,0.0,12.3,0.99,1024.7,-99.0,0.0,-9.9,-99,-999,臺南市,04,柳營區,238
23.2590,120.3655,柳營,C0X270,2017-02-15T02:00:00+08:00,33.0,0.0,0.0,12.4,0.99,1024.1,-99.0,0.0,-9.9,-99,-999,臺南市,04,柳營區,238
23.2590,120.3655,柳營,C0X270,2017-02-15T03:00:00+08:00,33.0,0.0,0.0,12.2,0.99,1023.7,-99.0,0.0,-9.9,-99,-999,臺南市,04,柳營區,238
23.2590,120.3655,柳營,C0X270,2017-02-15T04:00:00+08:00,33.0,0.0,0.0,11.8,0.99,1023.3,-99.0,0.0,-9.9,-99,-999,臺南市,04,柳營區,238
23.2590,120.3655,柳營,C0X270,2017-02-15T05:00:00+08:00,33.0,0.0,0.0,11.6,0.99,1023.5,-99.0,0.0,-9.9,-99,-999,臺南市,04,柳營區,238
23.2590,120.3655,柳營,C0X270,2017-02-15T06:00:00+08:00,33.0,0.0,0.0,11.1,0.99,1024.2,-99.0,0.0,-9.9,-99,-999,臺南市,04,柳營區,238
23.2590,120.3655,柳營,C0X270,2017-02-15T07:00:00+08:00,33.0,0.0,0.0,11.3,0.99,1024.6,-99.0,0.0,-9.9,-99,-999,臺南市,04,柳營區,238
23.2590,120.3655,柳營,C0X270,2017-02-15T08:00:00+08:00,33.0,8.0,0.4,13.3,0.99,1024.8,-99.0,0.0,-9.9,-99,-999,臺南市,04,柳營區,238
23.2590,120.3655,柳營,C0X270,2017-02-15T10:00:00+08:00,33.0,9.0,1.1,20.0,0.60,1024.6,-99.0,0.0,-9.9,-99,-999,臺南市,04,柳營區,238
23.2590,120.3655,柳營,C0X270,2017-02-15T11:00:00+08:00,33.0,296.0,1.1,22.5,0.54,1024.1,-99.0,0.0,-9.9,-99,-999,臺南市,04,柳營區,238
23.2590,120.3655,柳營,C0X270,2017-02-15T12:00:00+08:00,33.0,320.0,1.7,23.9,0.49,1023.2,-99.0,0.0,-9.9,-99,-999,臺南市,04,柳營區,238
23.2590,120.3655,柳營,C0X270,2017-02-15T13:00:00+08:00,33.0,357.0,2.4,24.4,0.47,1022.0,-99.0,0.0,-9.9,-99,-999,臺南市,04,柳營區,238
23.2590,120.3655,柳營,C0X270,2017-02-15T14:00:00+08:00,33.0,356.0,2.5,24.2,0.50,1021.0,-99.0,0.0,-9.9,-99,-999,臺南市,04,柳營區,238
23.2590,120.3655,柳營,C0X270,2017-02-15T15:00:00+08:00,33.0,326.0,1.9,23.6,0.48,1020.5,-99.0,0.0,-9.9,-99,-999,臺南市,04,柳營區,238
23.2590,120.3655,柳營,C0X270,2017-02-15T16:00:00+08:00,33.0,357.0,2.9,22.1,0.56,1020.4,-99.0,0.0,-9.9,-99,-999,臺南市,04,柳營區,238
23.2590,120.3655,柳營,C0X270,2017-02-15T17:00:00+08:00,33.0,7.0,2.5,20.7,0.54,1020.7,-99.0,0.0,-9.9,-99,-999,臺南市,04,柳營區,238
23.2590,120.3655,柳營,C0X270,2017-02-15T18:00:00+08:00,33.0,5.0,2.4,18.8,0.68,1020.9,-99.0,0.0,-9.9,-99,-999,臺南市,04,柳營區,238
23.2590,120.3655,柳營,C0X270,2017-02-15T19:00:00+08:00,33.0,18.0,2.5,17.6,0.80,1021.0,-99.0,0.0,-9.9,-99,-999,臺南市,04,柳營區,238
23.2590,120.3655,柳營,C0X270,2017-02-15T20:00:00+08:00,33.0,13.0,1.8,16.6,0.90,1021.5,-99.0,0.0,-9.9,-99,-999,臺南市,04,柳營區,238
23.2590,120.3655,柳營,C0X270,2017-02-15T21:00:00+08:00,33.0,4.0,0.7,15.5,0.99,1021.7,-99.0,0.0,-9.9,-99,-999,臺南市,04,柳營區,238
23.2590,120.3655,柳營,C0X270,2017-02-15T22:00:00+08:00,33.0,0.0,0.0,15.0,0.99,1021.8,-99.0,0.0,-9.9,-99,-999,臺南市,04,柳營區,238
23.2590,120.3655,柳營,C0X270,2017-02-15T23:00:00+08:00,33.0,0.0,0.0,14.3,0.99,1021.5,-99.0,0.0,-9.9,-99,-999,臺南市,04,柳營區,238
23.2590,120.3655,柳營,C0X270,2017-02-16T00:00:00+08:00,33.0,50.0,0.8,13.9,0.99,1021.2,-99.0,0.0,-9.9,-99,-999,臺南市,04,柳營區,238
23.2590,120.3655,柳營,C0X270,2017-02-16T01:00:00+08:00,33.0,49.0,0.9,14.0,0.99,1020.9,-99.0,0.0,-9.9,-99,-999,臺南市,04,柳營區,238
23.2590,120.3655,柳營,C0X270,2017-02-16T02:00:00+08:00,33.0,49.0,0.9,13.9,0.99,1020.5,-99.0,0.0,-9.9,-99,-999,臺南市,04,柳營區,238
23.2590,120.3655,柳營,C0X270,2017-02-16T03:00:00+08:00,33.0,50.0,1.6,13.8,0.99,1020.0,-99.0,0.0,-9.9,-99,-999,臺南市,04,柳營區,238
23.2590,120.3655,柳營,C0X270,2017-02-16T04:00:00+08:00,33.0,38.0,2.0,13.6,0.99,1019.3,-99.0,0.0,-9.9,-99,-999,臺南市,04,柳營區,238
23.2590,120.3655,柳營,C0X270,2017-02-16T05:00:00+08:00,33.0,28.0,2.1,13.3,0.99,1019.0,-99.0,0.0,-9.9,-99,-999,臺南市,04,柳營區,238
23.2590,120.3655,柳營,C0X270,2017-02-16T06:00:00+08:00,33.0,26.0,1.9,13.0,0.99,1019.1,-99.0,0.0,-9.9,-99,-999,臺南市,04,柳營區,238
23.2590,120.3655,柳營,C0X270,2017-02-16T07:00:00+08:00,33.0,36.0,1.2,13.1,0.99,1019.6,-99.0,0.0,-9.9,-99,-999,臺南市,04,柳營區,238
23.2590,120.3655,柳營,C0X270,2017-02-16T08:00:00+08:00,33.0,22.0,2.6,13.1,0.99,1019.9,-99.0,0.0,-9.9,-99,-999,臺南市,04,柳營區,238
23.2590,120.3655,柳營,C0X270,2017-02-16T09:00:00+08:00,33.0,34.0,1.4,13.9,0.99,1020.1,-99.0,0.0,-9.9,-99,-999,臺南市,04,柳營區,238
23.2590,120.3655,柳營,C0X270,2017-02-16T11:00:00+08:00,33.0,8.0,1.6,20.1,0.74,1019.7,-99.0,0.0,-9.9,-99,-999,臺南市,04,柳營區,238
23.2590,120.3655,柳營,C0X270,2017-02-16T12:00:00+08:00,33.0,357.0,1.8,23.2,0.56,1018.8,-99.0,0.0,-9.9,-99,-999,臺南市,04,柳營區,238
23.2590,120.3655,柳營,C0X270,2017-02-16T13:00:00+08:00,33.0,354.0,2.3,25.2,0.41,1017.8,-99.0,0.0,-9.9,-99,-999,臺南市,04,柳營區,238
23.2590,120.3655,柳營,C0X270,2017-02-16T14:00:00+08:00,33.0,358.0,2.1,25.9,0.41,1016.6,-99.0,0.0,-9.9,-99,-999,臺南市,04,柳營區,238
23.2590,120.3655,柳營,C0X270,2017-02-16T15:00:00+08:00,33.0,1.0,1.7,26.2,0.40,1016.1,-99.0,0.0,-9.9,-99,-999,臺南市,04,柳營區,238
23.2590,120.3655,柳營,C0X270,2017-02-16T16:00:00+08:00,33.0,313.0,1.8,25.1,0.43,1016.2,-99.0,0.0,-9.9,-99,-999,臺南市,04,柳營區,238
23.2590,120.3655,柳營,C0X270,2017-02-16T17:00:00+08:00,33.0,295.0,2.0,23.0,0.46,1016.7,-99.0,0.0,-9.9,-99,-999,臺南市,04,柳營區,238
23.2590,120.3655,柳營,C0X270,2017-02-16T18:00:00+08:00,33.0,326.0,0.9,20.7,0.51,1017.1,-99.0,0.0,-9.9,-99,-999,臺南市,04,柳營區,238
23.2590,120.3655,柳營,C0X270,2017-02-16T19:00:00+08:00,33.0,30.0,0.7,19.2,0.70,1017.6,-99.0,0.0,-9.9,-99,-999,臺南市,04,柳營區,238
23.2590,120.3655,柳營,C0X270,2017-02-16T20:00:00+08:00,33.0,79.0,0.3,16.6,0.86,1018.2,-99.0,0.0,-9.9,-99,-999,臺南市,04,柳營區,238
23.2590,120.3655,柳營,C0X270,2017-02-16T21:00:00+08:00,33.0,180.0,0.6,15.4,0.92,1018.7,-99.0,0.0,-9.9,-99,-999,臺南市,04,柳營區,238
23.2590,120.3655,柳營,C0X270,2017-02-16T22:00:00+08:00,33.0,49.0,0.6,15.4,0.89,1018.6,-99.0,0.0,-9.9,-99,-999,臺南市,04,柳營區,238
23.2590,120.3655,柳營,C0X270,2017-02-16T23:00:00+08:00,33.0,98.0,0.3,14.5,0.95,1018.5,-99.0,0.0,-9.9,-99,-999,臺南市,04,柳營區,238
23.2590,120.3655,柳營,C0X270,2017-02-17T00:00:00+08:00,33.0,49.0,0.8,14.3,0.96,1018.2,-99.0,0.0,-9.9,-99,-999,臺南市,04,柳營區,238
23.2590,120.3655,柳營,C0X270,2017-02-17T01:00:00+08:00,33.0,13.0,0.3,13.9,0.99,1017.7,-99.0,0.0,-9.9,-99,-999,臺南市,04,柳營區,238
23.2590,120.3655,柳營,C0X270,2017-02-17T02:00:00+08:00,33.0,0.0,0.0,13.3,0.99,1017.4,-99.0,0.0,-9.9,-99,-999,臺南市,04,柳營區,238
23.2590,120.3655,柳營,C0X270,2017-02-17T03:00:00+08:00,33.0,50.0,0.6,13.1,0.99,1017.1,-99.0,0.0,-9.9,-99,-999,臺南市,04,柳營區,238
23.2590,120.3655,柳營,C0X270,2017-02-17T04:00:00+08:00,33.0,182.0,0.3,12.6,0.99,1017.0,-99.0,0.0,-9.9,-99,-999,臺南市,04,柳營區,238
23.2590,120.3655,柳營,C0X270,2017-02-17T05:00:00+08:00,33.0,28.0,0.5,12.9,0.99,1017.4,-99.0,0.0,-9.9,-99,-999,臺南市,04,柳營區,238
23.2590,120.3655,柳營,C0X270,2017-02-17T06:00:00+08:00,33.0,38.0,0.3,12.6,0.99,1017.8,-99.0,0.0,-9.9,-99,-999,臺南市,04,柳營區,238
23.2590,120.3655,柳營,C0X270,2017-02-17T07:00:00+08:00,33.0,0.0,0.0,12.9,0.99,1018.6,-99.0,0.0,-9.9,-99,-999,臺南市,04,柳營區,238
23.2590,120.3655,柳營,C0X270,2017-02-17T08:00:00+08:00,33.0,0.0,0.0,16.6,0.87,1019.3,-99.0,0.0,-9.9,-99,-999,臺南市,04,柳營區,238
23.2590,120.3655,柳營,C0X270,2017-02-17T10:00:00+08:00,33.0,8.0,1.6,24.6,0.48,1019.6,-99.0,0.0,-9.9,-99,-999,臺南市,04,柳營區,238
23.2590,120.3655,柳營,C0X270,2017-02-17T11:00:00+08:00,33.0,21.0,2.3,26.0,0.42,1019.0,-99.0,0.0,-9.9,-99,-999,臺南市,04,柳營區,238
23.2590,120.3655,柳營,C0X270,2017-02-17T12:00:00+08:00,33.0,342.0,2.2,26.7,0.41,1018.2,-99.0,0.0,-9.9,-99,-999,臺南市,04,柳營區,238
23.2590,120.3655,柳營,C0X270,2017-02-17T13:00:00+08:00,33.0,360.0,2.8,27.5,0.38,1017.2,-99.0,0.0,-9.9,-99,-999,臺南市,04,柳營區,238
23.2590,120.3655,柳營,C0X270,2017-02-17T14:00:00+08:00,33.0,333.0,1.8,27.2,0.39,1016.3,-99.0,0.0,-9.9,-99,-999,臺南市,04,柳營區,238
23.2590,120.3655,柳營,C0X270,2017-02-17T15:00:00+08:00,33.0,330.0,2.0,26.9,0.44,1015.9,-99.0,0.0,-9.9,-99,-999,臺南市,04,柳營區,238
23.2590,120.3655,柳營,C0X270,2017-02-17T16:00:00+08:00,33.0,337.0,2.1,25.5,0.51,1015.8,-99.0,0.0,-9.9,-99,-999,臺南市,04,柳營區,238
23.2590,120.3655,柳營,C0X270,2017-02-17T17:00:00+08:00,33.0,336.0,1.8,24.4,0.55,1016.0,-99.0,0.0,-9.9,-99,-999,臺南市,04,柳營區,238
23.2590,120.3655,柳營,C0X270,2017-02-17T19:00:00+08:00,33.0,12.0,1.3,21.0,0.76,1017.1,-99.0,0.0,-9.9,-99,-999,臺南市,04,柳營區,238
23.2590,120.3655,柳營,C0X270,2017-02-17T20:00:00+08:00,33.0,43.0,1.1,20.0,0.83,1018.0,-99.0,0.0,-9.9,-99,-999,臺南市,04,柳營區,238
23.2590,120.3655,柳營,C0X270,2017-02-17T21:00:00+08:00,33.0,39.0,0.8,19.1,0.89,1018.5,-99.0,0.0,-9.9,-99,-999,臺南市,04,柳營區,238
23.2590,120.3655,柳營,C0X270,2017-02-17T22:00:00+08:00,33.0,0.0,0.0,17.8,0.93,1018.8,-99.0,0.0,-9.9,-99,-999,臺南市,04,柳營區,238
23.2590,120.3655,柳營,C0X270,2017-02-17T23:00:00+08:00,33.0,0.0,0.0,16.7,0.99,1018.8,-99.0,0.0,-9.9,-99,-999,臺南市,04,柳營區,238
23.2590,120.3655,柳營,C0X270,2017-02-18T00:00:00+08:00,33.0,0.0,0.2,16.2,0.99,1018.7,-99.0,0.0,-9.9,-99,-999,臺南市,04,柳營區,238
23.2590,120.3655,柳營,C0X270,2017-02-18T01:00:00+08:00,33.0,0.0,0.0,15.5,0.99,1018.4,-99.0,0.0,-9.9,-99,-999,臺南市,04,柳營區,238
23.2590,120.3655,柳營,C0X270,2017-02-18T02:00:00+08:00,33.0,2.0,1.2,15.1,0.99,1018.3,-99.0,0.0,-9.9,-99,-999,臺南市,04,柳營區,238
23.2590,120.3655,柳營,C0X270,2017-02-18T03:00:00+08:00,33.0,21.0,1.5,15.2,0.99,1018.0,-99.0,0.0,-9.9,-99,-999,臺南市,04,柳營區,238
23.2590,120.3655,柳營,C0X270,2017-02-18T04:00:00+08:00,33.0,26.0,1.2,15.1,0.99,1017.8,-99.0,0.0,-9.9,-99,-999,臺南市,04,柳營區,238
23.2590,120.3655,柳營,C0X270,2017-02-18T05:00:00+08:00,33.0,26.0,2.2,15.6,0.99,1018.2,-99.0,0.0,-9.9,-99,-999,臺南市,04,柳營區,238
23.2590,120.3655,柳營,C0X270,2017-02-18T06:00:00+08:00,33.0,35.0,2.9,16.0,0.99,1018.9,-99.0,0.0,-9.9,-99,-999,臺南市,04,柳營區,238
23.2590,120.3655,柳營,C0X270,2017-02-18T07:00:00+08:00,33.0,31.0,2.8,16.2,0.99,1019.6,-99.0,0.0,-9.9,-99,-999,臺南市,04,柳營區,238
23.2590,120.3655,柳營,C0X270,2017-02-18T10:00:00+08:00,33.0,17.0,3.2,21.4,0.71,1019.6,-99.0,0.0,-9.9,-99,-999,臺南市,04,柳營區,238
23.2590,120.3655,柳營,C0X270,2017-02-18T11:00:00+08:00,33.0,360.0,2.4,24.2,0.62,1019.0,-99.0,0.0,-9.9,-99,-999,臺南市,04,柳營區,238
23.2590,120.3655,柳營,C0X270,2017-02-18T12:00:00+08:00,33.0,344.0,2.5,24.8,0.61,1018.1,-99.0,0.0,-9.9,-99,-999,臺南市,04,柳營區,238
23.2590,120.3655,柳營,C0X270,2017-02-18T13:00:00+08:00,33.0,7.0,2.8,26.8,0.53,1016.8,-99.0,0.0,-9.9,-99,-999,臺南市,04,柳營區,238
23.2590,120.3655,柳營,C0X270,2017-02-18T14:00:00+08:00,33.0,338.0,2.3,26.1,0.59,1015.8,-99.0,0.0,-9.9,-99,-999,臺南市,04,柳營區,238
23.2590,120.3655,柳營,C0X270,2017-02-18T15:00:00+08:00,33.0,342.0,3.1,24.1,0.67,1015.6,-99.0,0.0,-9.9,-99,-999,臺南市,04,柳營區,238
23.2590,120.3655,柳營,C0X270,2017-02-18T16:00:00+08:00,33.0,349.0,2.9,22.7,0.71,1016.0,-99.0,0.0,-9.9,-99,-999,臺南市,04,柳營區,238
23.2590,120.3655,柳營,C0X270,2017-02-18T17:00:00+08:00,33.0,356.0,2.9,21.1,0.77,1016.3,-99.0,0.0,-9.9,-99,-999,臺南市,04,柳營區,238
23.2590,120.3655,柳營,C0X270,2017-02-18T18:00:00+08:00,33.0,15.0,2.7,20.0,0.84,1016.9,-99.0,0.0,-9.9,-99,-999,臺南市,04,柳營區,238
23.2590,120.3655,柳營,C0X270,2017-02-18T19:00:00+08:00,33.0,6.0,2.4,19.1,0.89,1017.5,-99.0,0.0,-9.9,-99,-999,臺南市,04,柳營區,238
23.2590,120.3655,柳營,C0X270,2017-02-18T20:00:00+08:00,33.0,13.0,2.1,18.2,0.97,1017.7,-99.0,0.0,-9.9,-99,-999,臺南市,04,柳營區,238
23.2590,120.3655,柳營,C0X270,2017-02-18T21:00:00+08:00,33.0,14.0,2.2,17.3,0.99,1017.9,-99.0,0.0,-9.9,-99,-999,臺南市,04,柳營區,238
23.2590,120.3655,柳營,C0X270,2017-02-18T22:00:00+08:00,33.0,13.0,1.3,16.6,0.99,1017.9,-99.0,0.0,-9.9,-99,-999,臺南市,04,柳營區,238
23.2590,120.3655,柳營,C0X270,2017-02-18T23:00:00+08:00,33.0,18.0,1.0,16.0,0.99,1017.8,-99.0,0.0,-9.9,-99,-999,臺南市,04,柳營區,238
23.2590,120.3655,柳營,C0X270,2017-02-19T00:00:00+08:00,33.0,40.0,0.5,15.7,0.99,1017.9,-99.0,0.0,-9.9,-99,-999,臺南市,04,柳營區,238
23.2590,120.3655,柳營,C0X270,2017-02-19T01:00:00+08:00,33.0,0.0,0.0,15.0,0.99,1017.5,-99.0,0.0,-9.9,-99,-999,臺南市,04,柳營區,238
23.2590,120.3655,柳營,C0X270,2017-02-19T02:00:00+08:00,33.0,78.0,1.1,14.9,0.99,1017.3,-99.0,0.0,-9.9,-99,-999,臺南市,04,柳營區,238
23.2590,120.3655,柳營,C0X270,2017-02-19T03:00:00+08:00,33.0,262.0,0.5,14.8,0.99,1017.0,-99.0,0.0,-9.9,-99,-999,臺南市,04,柳營區,238
23.2590,120.3655,柳營,C0X270,2017-02-19T04:00:00+08:00,33.0,160.0,0.7,14.9,0.99,1016.5,-99.0,0.0,-9.9,-99,-999,臺南市,04,柳營區,238
23.2590,120.3655,柳營,C0X270,2017-02-19T05:00:00+08:00,33.0,221.0,1.0,15.3,0.99,1016.3,-99.0,0.0,-9.9,-99,-999,臺南市,04,柳營區,238
23.2590,120.3655,柳營,C0X270,2017-02-19T06:00:00+08:00,33.0,227.0,0.7,15.4,0.99,1016.6,-99.0,0.0,-9.9,-99,-999,臺南市,04,柳營區,238
23.2590,120.3655,柳營,C0X270,2017-02-19T07:00:00+08:00,33.0,198.0,0.4,15.2,0.99,1017.1,-99.0,0.0,-9.9,-99,-999,臺南市,04,柳營區,238
23.2590,120.3655,柳營,C0X270,2017-02-19T08:00:00+08:00,33.0,0.0,0.0,15.4,0.99,1017.6,-99.0,0.0,-9.9,-99,-999,臺南市,04,柳營區,238
23.2590,120.3655,柳營,C0X270,2017-02-19T10:00:00+08:00,33.0,44.0,1.3,17.3,0.99,1017.1,-99.0,0.0,-9.9,-99,-999,臺南市,04,柳營區,238
23.2590,120.3655,柳營,C0X270,2017-02-19T11:00:00+08:00,33.0,359.0,1.8,19.7,0.85,1016.4,-99.0,0.0,-9.9,-99,-999,臺南市,04,柳營區,238
23.2590,120.3655,柳營,C0X270,2017-02-19T12:00:00+08:00,33.0,19.0,1.2,22.8,0.71,1015.4,-99.0,0.0,-9.9,-99,-999,臺南市,04,柳營區,238
23.2590,120.3655,柳營,C0X270,2017-02-19T13:00:00+08:00,33.0,315.0,1.4,25.8,0.56,1013.6,-99.0,0.0,-9.9,-99,-999,臺南市,04,柳營區,238
23.2590,120.3655,柳營,C0X270,2017-02-19T15:00:00+08:00,33.0,290.0,2.4,25.1,0.60,1011.9,-99.0,0.0,-9.9,-99,-999,臺南市,04,柳營區,238
23.2590,120.3655,柳營,C0X270,2017-02-19T16:00:00+08:00,33.0,311.0,1.2,24.3,0.62,1011.6,-99.0,0.0,-9.9,-99,-999,臺南市,04,柳營區,238
23.2590,120.3655,柳營,C0X270,2017-02-19T17:00:00+08:00,33.0,342.0,1.6,22.7,0.71,1011.9,-99.0,0.0,-9.9,-99,-999,臺南市,04,柳營區,238
23.2590,120.3655,柳營,C0X270,2017-02-19T18:00:00+08:00,33.0,2.0,2.4,20.9,0.81,1011.7,-99.0,0.0,-9.9,-99,-999,臺南市,04,柳營區,238
23.2590,120.3655,柳營,C0X270,2017-02-19T19:00:00+08:00,33.0,19.0,2.4,20.0,0.86,1012.1,-99.0,0.0,-9.9,-99,-999,臺南市,04,柳營區,238
23.2590,120.3655,柳營,C0X270,2017-02-19T20:00:00+08:00,33.0,14.0,1.3,19.5,0.90,1012.4,-99.0,0.0,-9.9,-99,-999,臺南市,04,柳營區,238
23.2590,120.3655,柳營,C0X270,2017-02-19T21:00:00+08:00,33.0,266.0,0.8,19.3,0.90,1012.5,-99.0,0.0,-9.9,-99,-999,臺南市,04,柳營區,238
23.2590,120.3655,柳營,C0X270,2017-02-19T22:00:00+08:00,33.0,335.0,0.5,19.0,0.93,1012.7,-99.0,0.0,-9.9,-99,-999,臺南市,04,柳營區,238
23.2590,120.3655,柳營,C0X270,2017-02-19T23:00:00+08:00,33.0,17.0,1.1,18.4,0.99,1012.6,-99.0,0.0,-9.9,-99,-999,臺南市,04,柳營區,238
23.2590,120.3655,柳營,C0X270,2017-02-20T00:00:00+08:00,33.0,45.0,0.7,18.4,0.99,1012.1,-99.0,0.0,-9.9,-99,-999,臺南市,04,柳營區,238
23.2590,120.3655,柳營,C0X270,2017-02-20T01:00:00+08:00,33.0,83.0,0.5,18.3,0.99,1011.5,-99.0,0.0,-9.9,-99,-999,臺南市,04,柳營區,238
23.2590,120.3655,柳營,C0X270,2017-02-20T02:00:00+08:00,33.0,0.0,0.0,18.0,0.99,1010.7,-99.0,0.0,-9.9,-99,-999,臺南市,04,柳營區,238
23.2590,120.3655,柳營,C0X270,2017-02-20T03:00:00+08:00,33.0,0.0,0.0,17.8,0.99,1010.8,-99.0,0.0,-9.9,-99,-999,臺南市,04,柳營區,238
23.2590,120.3655,柳營,C0X270,2017-02-20T04:00:00+08:00,33.0,45.0,1.0,18.0,0.99,1010.7,-99.0,0.0,-9.9,-99,-999,臺南市,04,柳營區,238
23.2590,120.3655,柳營,C0X270,2017-02-20T05:00:00+08:00,33.0,40.0,0.6,18.0,0.99,1010.9,-99.0,0.0,-9.9,-99,-999,臺南市,04,柳營區,238
23.2590,120.3655,柳營,C0X270,2017-02-20T06:00:00+08:00,33.0,21.0,1.1,18.4,0.99,1011.3,-99.0,0.0,-9.9,-99,-999,臺南市,04,柳營區,238
23.2590,120.3655,柳營,C0X270,2017-02-20T07:00:00+08:00,33.0,325.0,0.4,18.5,0.99,1011.7,-99.0,0.0,-9.9,-99,-999,臺南市,04,柳營區,238
23.2590,120.3655,柳營,C0X270,2017-02-20T08:00:00+08:00,33.0,176.0,0.3,21.3,0.79,1012.3,-99.0,0.0,-9.9,-99,-999,臺南市,04,柳營區,238
23.2590,120.3655,柳營,C0X270,2017-02-20T10:00:00+08:00,33.0,193.0,1.7,27.6,0.62,1012.2,-99.0,0.0,-9.9,-99,-999,臺南市,04,柳營區,238
23.2590,120.3655,柳營,C0X270,2017-02-20T11:00:00+08:00,33.0,192.0,2.9,30.2,0.57,1012.0,-99.0,0.0,-9.9,-99,-999,臺南市,04,柳營區,238
23.2590,120.3655,柳營,C0X270,2017-02-20T12:00:00+08:00,33.0,185.0,2.3,31.8,0.54,1011.1,-99.0,0.0,-9.9,-99,-999,臺南市,04,柳營區,238
23.2590,120.3655,柳營,C0X270,2017-02-20T13:00:00+08:00,33.0,199.0,2.0,28.8,0.64,1010.3,-99.0,0.0,-9.9,-99,-999,臺南市,04,柳營區,238
23.2590,120.3655,柳營,C0X270,2017-02-20T14:00:00+08:00,33.0,224.0,1.7,28.6,0.63,1009.5,-99.0,0.0,-9.9,-99,-999,臺南市,04,柳營區,238
23.2590,120.3655,柳營,C0X270,2017-02-20T15:00:00+08:00,33.0,238.0,2.0,29.7,0.62,1009.4,-99.0,0.0,-9.9,-99,-999,臺南市,04,柳營區,238
23.2590,120.3655,柳營,C0X270,2017-02-20T16:00:00+08:00,33.0,279.0,1.9,29.0,0.69,1009.7,-99.0,0.0,-9.9,-99,-999,臺南市,04,柳營區,238
23.2590,120.3655,柳營,C0X270,2017-02-20T17:00:00+08:00,33.0,348.0,1.4,26.1,0.80,1010.6,-99.0,0.0,-9.9,-99,-999,臺南市,04,柳營區,238
23.2590,120.3655,柳營,C0X270,2017-02-20T18:00:00+08:00,33.0,342.0,1.0,25.2,0.84,1011.1,-99.0,0.0,-9.9,-99,-999,臺南市,04,柳營區,238
23.2590,120.3655,柳營,C0X270,2017-02-20T19:00:00+08:00,33.0,0.0,0.0,24.0,0.91,1011.5,-99.0,0.0,-9.9,-99,-999,臺南市,04,柳營區,238
23.2590,120.3655,柳營,C0X270,2017-02-20T20:00:00+08:00,33.0,46.0,1.1,22.9,0.99,1012.4,-99.0,0.0,-9.9,-99,-999,臺南市,04,柳營區,238
23.2590,120.3655,柳營,C0X270,2017-02-20T21:00:00+08:00,33.0,22.0,1.6,22.1,0.99,1013.0,-99.0,0.0,-9.9,-99,-999,臺南市,04,柳營區,238
23.2590,120.3655,柳營,C0X270,2017-02-20T22:00:00+08:00,33.0,24.0,1.5,21.5,0.98,1013.5,-99.0,0.0,-9.9,-99,-999,臺南市,04,柳營區,238
23.2590,120.3655,柳營,C0X270,2017-02-20T23:00:00+08:00,33.0,57.0,1.0,20.8,0.99,1013.4,-99.0,0.0,-9.9,-99,-999,臺南市,04,柳營區,238
23.2590,120.3655,柳營,C0X270,2017-02-21T00:00:00+08:00,33.0,296.0,0.3,20.8,0.99,1013.6,-99.0,0.0,-9.9,-99,-999,臺南市,04,柳營區,238
23.2590,120.3655,柳營,C0X270,2017-02-21T01:00:00+08:00,33.0,0.0,0.0,20.2,0.99,1013.6,-99.0,0.0,-9.9,-99,-999,臺南市,04,柳營區,238
23.2590,120.3655,柳營,C0X270,2017-02-21T02:00:00+08:00,33.0,0.0,0.0,20.3,0.99,1013.6,-99.0,0.0,-9.9,-99,-999,臺南市,04,柳營區,238
23.2590,120.3655,柳營,C0X270,2017-02-21T03:00:00+08:00,33.0,7.0,1.6,19.6,0.99,1013.3,-99.0,0.0,-9.9,-99,-999,臺南市,04,柳營區,238
23.2590,120.3655,柳營,C0X270,2017-02-21T04:00:00+08:00,33.0,5.0,2.0,19.0,0.99,1013.5,-99.0,0.0,-9.9,-99,-999,臺南市,04,柳營區,238
23.2590,120.3655,柳營,C0X270,2017-02-21T05:00:00+08:00,33.0,21.0,2.4,18.6,0.99,1014.0,-99.0,0.0,-9.9,-99,-999,臺南市,04,柳營區,238
23.2590,120.3655,柳營,C0X270,2017-02-21T06:00:00+08:00,33.0,17.0,2.1,18.6,0.99,1014.6,-99.0,0.0,-9.9,-99,-999,臺南市,04,柳營區,238
23.2590,120.3655,柳營,C0X270,2017-02-21T07:00:00+08:00,33.0,7.0,1.8,18.4,0.99,1015.2,-99.0,0.0,-9.9,-99,-999,臺南市,04,柳營區,238
23.2590,120.3655,柳營,C0X270,2017-02-21T08:00:00+08:00,33.0,21.0,3.0,19.2,0.95,1015.7,-99.0,0.0,-9.9,-99,-999,臺南市,04,柳營區,238
23.2590,120.3655,柳營,C0X270,2017-02-21T09:00:00+08:00,33.0,6.0,2.5,21.3,0.83,1015.9,-99.0,0.0,-9.9,-99,-999,臺南市,04,柳營區,238
23.2590,120.3655,柳營,C0X270,2017-02-21T10:00:00+08:00,33.0,5.0,2.1,23.6,0.73,1016.0,-99.0,0.0,-9.9,-99,-999,臺南市,04,柳營區,238
23.2590,120.3655,柳營,C0X270,2017-02-21T11:00:00+08:00,33.0,2.0,2.4,24.8,0.67,1015.7,-99.0,0.0,-9.9,-99,-999,臺南市,04,柳營區,238
23.2590,120.3655,柳營,C0X270,2017-02-21T12:00:00+08:00,33.0,354.0,2.6,25.3,0.68,1014.5,-99.0,0.0,-9.9,-99,-999,臺南市,04,柳營區,238
23.2590,120.3655,柳營,C0X270,2017-02-21T13:00:00+08:00,33.0,344.0,2.5,26.2,0.65,1013.4,-99.0,0.0,-9.9,-99,-999,臺南市,04,柳營區,238
23.2590,120.3655,柳營,C0X270,2017-02-21T15:00:00+08:00,33.0,350.0,2.5,26.3,0.64,1012.4,-99.0,0.0,-9.9,-99,-999,臺南市,04,柳營區,238
23.2590,120.3655,柳營,C0X270,2017-02-21T16:00:00+08:00,33.0,335.0,2.0,24.8,0.71,1012.5,-99.0,0.0,-9.9,-99,-999,臺南市,04,柳營區,238
23.2590,120.3655,柳營,C0X270,2017-02-21T17:00:00+08:00,33.0,349.0,1.8,22.8,0.80,1013.0,-99.0,0.0,-9.9,-99,-999,臺南市,04,柳營區,238
23.2590,120.3655,柳營,C0X270,2017-02-21T18:00:00+08:00,33.0,348.0,2.3,20.9,0.89,1013.7,-99.0,0.0,-9.9,-99,-999,臺南市,04,柳營區,238
23.2590,120.3655,柳營,C0X270,2017-02-21T19:00:00+08:00,33.0,19.0,1.3,20.4,0.93,1013.4,-99.0,0.0,-9.9,-99,-999,臺南市,04,柳營區,238
23.2590,120.3655,柳營,C0X270,2017-02-21T20:00:00+08:00,33.0,13.0,1.1,20.2,0.95,1014.0,-99.0,0.0,-9.9,-99,-999,臺南市,04,柳營區,238
23.2590,120.3655,柳營,C0X270,2017-02-21T21:00:00+08:00,33.0,24.0,2.1,19.8,0.99,1014.0,-99.0,0.0,-9.9,-99,-999,臺南市,04,柳營區,238
23.2590,120.3655,柳營,C0X270,2017-02-21T22:00:00+08:00,33.0,333.0,1.1,19.5,0.99,1014.5,-99.0,0.0,-9.9,-99,-999,臺南市,04,柳營區,238
23.2590,120.3655,柳營,C0X270,2017-02-21T23:00:00+08:00,33.0,9.0,2.2,19.2,0.99,1014.4,-99.0,0.0,-9.9,-99,-999,臺南市,04,柳營區,238
23.2590,120.3655,柳營,C0X270,2017-02-22T00:00:00+08:00,33.0,341.0,1.4,19.0,0.99,1014.2,-99.0,0.0,-9.9,-99,-999,臺南市,04,柳營區,238
23.2590,120.3655,柳營,C0X270,2017-02-22T01:00:00+08:00,33.0,340.0,1.1,18.7,0.99,1014.2,-99.0,0.0,-9.9,-99,-999,臺南市,04,柳營區,238
23.2590,120.3655,柳營,C0X270,2017-02-22T02:00:00+08:00,33.0,6.0,2.0,18.4,0.99,1013.8,-99.0,0.0,-9.9,-99,-999,臺南市,04,柳營區,238
23.2590,120.3655,柳營,C0X270,2017-02-22T03:00:00+08:00,33.0,23.0,2.0,18.1,0.99,1013.1,-99.0,0.0,-9.9,-99,-999,臺南市,04,柳營區,238
23.2590,120.3655,柳營,C0X270,2017-02-22T04:00:00+08:00,33.0,15.0,1.7,18.2,0.99,1013.2,-99.0,0.0,-9.9,-99,-999,臺南市,04,柳營區,238
23.2590,120.3655,柳營,C0X270,2017-02-22T05:00:00+08:00,33.0,14.0,2.4,18.3,0.99,1013.4,-99.0,0.0,-9.9,-99,-999,臺南市,04,柳營區,238
23.2590,120.3655,柳營,C0X270,2017-02-22T06:00:00+08:00,33.0,7.0,1.7,18.5,0.99,1013.6,-99.0,0.0,-9.9,-99,-999,臺南市,04,柳營區,238
23.2590,120.3655,柳營,C0X270,2017-02-22T07:00:00+08:00,33.0,44.0,1.6,18.6,0.99,1013.7,-99.0,0.0,-9.9,-99,-999,臺南市,04,柳營區,238
23.2590,120.3655,柳營,C0X270,2017-02-22T08:00:00+08:00,33.0,40.0,1.6,19.5,0.99,1013.6,-99.0,0.0,-9.9,-99,-999,臺南市,04,柳營區,238
23.2590,120.3655,柳營,C0X270,2017-02-22T09:00:00+08:00,33.0,6.0,1.6,20.3,0.99,1013.3,-99.0,0.0,-9.9,-99,-999,臺南市,04,柳營區,238
23.2590,120.3655,柳營,C0X270,2017-02-22T10:00:00+08:00,33.0,160.0,0.3,22.3,0.93,1012.9,-99.0,0.0,-9.9,-99,-999,臺南市,04,柳營區,238
23.2590,120.3655,柳營,C0X270,2017-02-22T11:00:00+08:00,33.0,307.0,1.3,24.8,0.80,1012.3,-99.0,0.0,-9.9,-99,-999,臺南市,04,柳營區,238
23.2590,120.3655,柳營,C0X270,2017-02-22T12:00:00+08:00,33.0,15.0,1.9,24.6,0.80,1012.1,-99.0,0.0,-9.9,-99,-999,臺南市,04,柳營區,238
23.2590,120.3655,柳營,C0X270,2017-02-22T13:00:00+08:00,33.0,9.0,2.8,24.7,0.84,1012.0,-99.0,0.0,-9.9,-99,-999,臺南市,04,柳營區,238
23.2590,120.3655,柳營,C0X270,2017-02-22T14:00:00+08:00,33.0,352.0,2.5,23.9,0.82,1012.0,-99.0,0.0,-9.9,-99,-999,臺南市,04,柳營區,238
23.2590,120.3655,柳營,C0X270,2017-02-22T15:00:00+08:00,33.0,41.0,3.1,25.9,0.73,1010.7,-99.0,0.0,-9.9,-99,-999,臺南市,04,柳營區,238
23.2590,120.3655,柳營,C0X270,2017-02-22T16:00:00+08:00,33.0,339.0,1.4,26.6,0.70,1010.0,-99.0,0.0,-9.9,-99,-999,臺南市,04,柳營區,238
23.2590,120.3655,柳營,C0X270,2017-02-22T17:00:00+08:00,33.0,313.0,0.3,26.2,0.73,1010.3,-99.0,0.0,-9.9,-99,-999,臺南市,04,柳營區,238
23.2590,120.3655,柳營,C0X270,2017-02-22T18:00:00+08:00,33.0,162.0,2.4,25.2,0.81,1009.9,-99.0,0.0,-9.9,-99,-999,臺南市,04,柳營區,238
23.2590,120.3655,柳營,C0X270,2017-02-22T19:00:00+08:00,33.0,304.0,1.4,25.0,0.85,1011.2,-99.0,0.0,-9.9,-99,-999,臺南市,04,柳營區,238
23.2590,120.3655,柳營,C0X270,2017-02-22T20:00:00+08:00,33.0,21.0,1.5,22.7,0.96,1012.1,-99.0,0.0,-9.9,-99,-999,臺南市,04,柳營區,238
23.2590,120.3655,柳營,C0X270,2017-02-22T21:00:00+08:00,33.0,6.0,0.6,22.1,0.99,1012.4,-99.0,0.0,-9.9,-99,-999,臺南市,04,柳營區,238
23.2590,120.3655,柳營,C0X270,2017-02-22T22:00:00+08:00,33.0,106.0,0.7,21.6,0.99,1012.5,-99.0,0.0,-9.9,-99,-999,臺南市,04,柳營區,238
23.2590,120.3655,柳營,C0X270,2017-02-22T23:00:00+08:00,33.0,0.0,0.0,21.5,0.99,1012.5,-99.0,0.0,-9.9,-99,-999,臺南市,04,柳營區,238
23.2590,120.3655,柳營,C0X270,2017-02-23T00:00:00+08:00,33.0,177.0,0.4,21.5,0.99,1012.1,-99.0,0.0,-9.9,-99,-999,臺南市,04,柳營區,238
23.2590,120.3655,柳營,C0X270,2017-02-23T01:00:00+08:00,33.0,0.0,0.0,21.3,0.99,1012.0,-99.0,0.0,-9.9,-99,-999,臺南市,04,柳營區,238
23.2590,120.3655,柳營,C0X270,2017-02-23T02:00:00+08:00,33.0,8.0,1.2,20.9,0.99,1011.8,-99.0,0.0,-9.9,-99,-999,臺南市,04,柳營區,238
23.2590,120.3655,柳營,C0X270,2017-02-23T03:00:00+08:00,33.0,0.0,0.0,20.9,0.99,1011.5,-99.0,0.0,-9.9,-99,-999,臺南市,04,柳營區,238
23.2590,120.3655,柳營,C0X270,2017-02-23T04:00:00+08:00,33.0,0.0,0.0,21.1,0.99,1011.1,-99.0,0.0,-9.9,-99,-999,臺南市,04,柳營區,238
23.2590,120.3655,柳營,C0X270,2017-02-23T05:00:00+08:00,33.0,26.0,0.7,21.0,0.99,1011.5,-99.0,0.0,-9.9,-99,-999,臺南市,04,柳營區,238
23.2590,120.3655,柳營,C0X270,2017-02-23T06:00:00+08:00,33.0,2.0,1.3,21.2,0.99,1012.4,-99.0,0.0,-9.9,-99,-999,臺南市,04,柳營區,238
23.2590,120.3655,柳營,C0X270,2017-02-23T07:00:00+08:00,33.0,8.0,1.8,21.1,0.99,1012.9,-99.0,0.0,-9.9,-99,-999,臺南市,04,柳營區,238
23.2590,120.3655,柳營,C0X270,2017-02-23T08:00:00+08:00,33.0,24.0,1.8,21.7,0.99,1013.0,-99.0,0.0,-9.9,-99,-999,臺南市,04,柳營區,238
23.2590,120.3655,柳營,C0X270,2017-02-23T10:00:00+08:00,33.0,8.0,1.8,25.4,0.79,1013.4,-99.0,0.0,-9.9,-99,-999,臺南市,04,柳營區,238
23.2590,120.3655,柳營,C0X270,2017-02-23T11:00:00+08:00,33.0,335.0,1.7,26.3,0.75,1013.4,-99.0,0.0,-9.9,-99,-999,臺南市,04,柳營區,238
23.2590,120.3655,柳營,C0X270,2017-02-23T12:00:00+08:00,33.0,349.0,1.7,27.3,0.72,1012.6,-99.0,0.0,-9.9,-99,-999,臺南市,04,柳營區,238
23.2590,120.3655,柳營,C0X270,2017-02-23T13:00:00+08:00,33.0,347.0,2.4,27.9,0.69,1011.3,-99.0,0.0,-9.9,-99,-999,臺南市,04,柳營區,238
23.2590,120.3655,柳營,C0X270,2017-02-23T14:00:00+08:00,33.0,357.0,3.3,26.8,0.69,1010.8,-99.0,0.0,-9.9,-99,-999,臺南市,04,柳營區,238
23.2590,120.3655,柳營,C0X270,2017-02-23T15:00:00+08:00,33.0,350.0,3.0,25.1,0.76,1011.1,-99.0,0.0,-9.9,-99,-999,臺南市,04,柳營區,238
23.2590,120.3655,柳營,C0X270,2017-02-23T16:00:00+08:00,33.0,3.0,3.8,22.0,0.82,1011.8,-99.0,0.0,-9.9,-99,-999,臺南市,04,柳營區,238
23.2590,120.3655,柳營,C0X270,2017-02-23T17:00:00+08:00,33.0,6.0,4.0,20.1,0.85,1012.1,-99.0,0.0,-9.9,-99,-999,臺南市,04,柳營區,238
23.2590,120.3655,柳營,C0X270,2017-02-23T18:00:00+08:00,33.0,1.0,3.6,18.1,0.89,1013.3,-99.0,0.0,-9.9,-99,-999,臺南市,04,柳營區,238
23.2590,120.3655,柳營,C0X270,2017-02-23T19:00:00+08:00,33.0,14.0,3.8,16.4,0.90,1014.4,-99.0,0.0,-9.9,-99,-999,臺南市,04,柳營區,238
23.2590,120.3655,柳營,C0X270,2017-02-23T20:00:00+08:00,33.0,6.0,3.5,15.7,0.89,1015.3,-99.0,0.0,-9.9,-99,-999,臺南市,04,柳營區,238
23.2590,120.3655,柳營,C0X270,2017-02-23T21:00:00+08:00,33.0,3.0,3.4,14.9,0.88,1015.8,-99.0,0.0,-9.9,-99,-999,臺南市,04,柳營區,238
23.2590,120.3655,柳營,C0X270,2017-02-23T22:00:00+08:00,33.0,360.0,3.2,14.7,0.88,1016.3,-99.0,0.0,-9.9,-99,-999,臺南市,04,柳營區,238
23.2590,120.3655,柳營,C0X270,2017-02-23T23:00:00+08:00,33.0,6.0,2.8,14.3,0.88,1016.4,-99.0,0.0,-9.9,-99,-999,臺南市,04,柳營區,238
23.2590,120.3655,柳營,C0X270,2017-02-24T00:00:00+08:00,33.0,9.0,2.6,14.1,0.88,1016.7,-99.0,0.0,-9.9,-99,-999,臺南市,04,柳營區,238
23.2590,120.3655,柳營,C0X270,2017-02-24T01:00:00+08:00,33.0,18.0,2.4,14.2,0.88,1016.5,-99.0,0.0,-9.9,-99,-999,臺南市,04,柳營區,238
23.2590,120.3655,柳營,C0X270,2017-02-24T02:00:00+08:00,33.0,1.0,2.1,14.3,0.88,1016.5,-99.0,0.0,-9.9,-99,-999,臺南市,04,柳營區,238
23.2590,120.3655,柳營,C0X270,2017-02-24T03:00:00+08:00,33.0,16.0,2.1,13.9,0.91,1016.4,-99.0,0.0,-9.9,-99,-999,臺南市,04,柳營區,238
23.2590,120.3655,柳營,C0X270,2017-02-24T04:00:00+08:00,33.0,7.0,1.7,14.2,0.90,1015.7,-99.0,0.0,-9.9,-99,-999,臺南市,04,柳營區,238
23.2590,120.3655,柳營,C0X270,2017-02-24T05:00:00+08:00,33.0,23.0,1.8,14.4,0.91,1015.5,-99.0,0.0,-9.9,-99,-999,臺南市,04,柳營區,238
23.2590,120.3655,柳營,C0X270,2017-02-24T06:00:00+08:00,33.0,6.0,2.2,14.4,0.89,1016.4,-99.0,0.0,-9.9,-99,-999,臺南市,04,柳營區,238
23.2590,120.3655,柳營,C0X270,2017-02-24T07:00:00+08:00,33.0,19.0,1.8,14.5,0.88,1016.9,-99.0,0.0,-9.9,-99,-999,臺南市,04,柳營區,238
23.2590,120.3655,柳營,C0X270,2017-02-24T08:00:00+08:00,33.0,58.0,2.1,14.9,0.91,1017.2,-99.0,0.0,-9.9,-99,-999,臺南市,04,柳營區,238
23.2590,120.3655,柳營,C0X270,2017-02-24T09:00:00+08:00,33.0,349.0,1.4,15.9,0.84,1018.4,-99.0,0.0,-9.9,-99,-999,臺南市,04,柳營區,238
23.2590,120.3655,柳營,C0X270,2017-02-24T10:00:00+08:00,33.0,28.0,2.9,16.0,0.83,1018.6,-99.0,0.0,-9.9,-99,-999,臺南市,04,柳營區,238
23.2590,120.3655,柳營,C0X270,2017-02-24T11:00:00+08:00,33.0,358.0,2.1,16.8,0.81,1018.1,-99.0,0.0,-9.9,-99,-999,臺南市,04,柳營區,238
23.2590,120.3655,柳營,C0X270,2017-02-24T12:00:00+08:00,33.0,20.0,3.3,16.3,0.83,1017.7,-99.0,0.0,-9.9,-99,-999,臺南市,04,柳營區,238
23.2590,120.3655,柳營,C0X270,2017-02-24T13:00:00+08:00,33.0,4.0,3.7,16.4,0.83,1017.2,-99.0,0.0,-9.9,-99,-999,臺南市,04,柳營區,238
23.2590,120.3655,柳營,C0X270,2017-02-24T14:00:00+08:00,33.0,26.0,3.6,16.7,0.81,1016.2,-99.0,0.0,-9.9,-99,-999,臺南市,04,柳營區,238
23.2590,120.3655,柳營,C0X270,2017-02-24T15:00:00+08:00,33.0,5.0,3.8,16.7,0.82,1016.2,-99.0,0.0,-9.9,-99,-999,臺南市,04,柳營區,238
23.2590,120.3655,柳營,C0X270,2017-02-24T16:00:00+08:00,33.0,40.0,4.4,15.2,0.86,1015.4,-99.0,0.0,-9.9,-99,-999,臺南市,04,柳營區,238
23.2590,120.3655,柳營,C0X270,2017-02-24T17:00:00+08:00,33.0,3.0,3.6,15.2,0.84,1016.3,-99.0,0.0,-9.9,-99,-999,臺南市,04,柳營區,238
23.2590,120.3655,柳營,C0X270,2017-02-24T18:00:00+08:00,33.0,19.0,3.2,14.3,0.89,1016.3,-99.0,0.0,-9.9,-99,-999,臺南市,04,柳營區,238
23.2590,120.3655,柳營,C0X270,2017-02-24T19:00:00+08:00,33.0,11.0,2.9,14.1,0.89,1017.6,-99.0,0.0,-9.9,-99,-999,臺南市,04,柳營區,238
23.2590,120.3655,柳營,C0X270,2017-02-24T20:00:00+08:00,33.0,17.0,2.9,14.3,0.90,1017.6,-99.0,0.0,-9.9,-99,-999,臺南市,04,柳營區,238
23.2590,120.3655,柳營,C0X270,2017-02-24T21:00:00+08:00,33.0,15.0,2.7,14.0,0.90,1017.8,-99.0,0.0,-9.9,-99,-999,臺南市,04,柳營區,238
23.2590,120.3655,柳營,C0X270,2017-02-24T22:00:00+08:00,33.0,25.0,2.8,13.9,0.89,1018.1,-99.0,0.0,-9.9,-99,-999,臺南市,04,柳營區,238
23.2590,120.3655,柳營,C0X270,2017-02-24T23:00:00+08:00,33.0,352.0,2.4,13.7,0.91,1018.4,-99.0,0.0,-9.9,-99,-999,臺南市,04,柳營區,238
23.2590,120.3655,柳營,C0X270,2017-02-25T00:00:00+08:00,33.0,12.0,2.9,13.4,0.95,1017.9,-99.0,0.0,-9.9,-99,-999,臺南市,04,柳營區,238
23.2590,120.3655,柳營,C0X270,2017-02-25T01:00:00+08:00,33.0,14.0,2.5,13.7,0.93,1017.3,-99.0,0.0,-9.9,-99,-999,臺南市,04,柳營區,238
23.2590,120.3655,柳營,C0X270,2017-02-25T02:00:00+08:00,33.0,11.0,2.3,13.7,0.94,1016.7,-99.0,0.0,-9.9,-99,-999,臺南市,04,柳營區,238
23.2590,120.3655,柳營,C0X270,2017-02-25T03:00:00+08:00,33.0,25.0,1.5,13.7,0.98,1016.0,-99.0,0.0,-9.9,-99,-999,臺南市,04,柳營區,238
23.2590,120.3655,柳營,C0X270,2017-02-25T04:00:00+08:00,33.0,18.0,2.7,13.4,0.99,1016.5,-99.0,0.0,-9.9,-99,-999,臺南市,04,柳營區,238
23.2590,120.3655,柳營,C0X270,2017-02-25T05:00:00+08:00,33.0,33.0,3.3,13.5,0.99,1015.9,-99.0,0.0,-9.9,-99,-999,臺南市,04,柳營區,238
23.2590,120.3655,柳營,C0X270,2017-02-25T06:00:00+08:00,33.0,357.0,1.3,13.2,0.99,1015.9,-99.0,0.0,-9.9,-99,-999,臺南市,04,柳營區,238
23.2590,120.3655,柳營,C0X270,2017-02-25T07:00:00+08:00,33.0,347.0,1.1,13.7,0.99,1016.8,-99.0,0.0,-9.9,-99,-999,臺南市,04,柳營區,238
23.2590,120.3655,柳營,C0X270,2017-02-25T08:00:00+08:00,33.0,13.0,2.8,14.2,0.99,1017.6,-99.0,0.0,-9.9,-99,-999,臺南市,04,柳營區,238
23.2590,120.3655,柳營,C0X270,2017-02-25T10:00:00+08:00,33.0,358.0,2.2,17.6,0.82,1016.9,-99.0,0.0,-9.9,-99,-999,臺南市,04,柳營區,238
23.2590,120.3655,柳營,C0X270,2017-02-25T11:00:00+08:00,33.0,21.0,2.3,18.4,0.76,1016.3,-99.0,0.0,-9.9,-99,-999,臺南市,04,柳營區,238
23.2590,120.3655,柳營,C0X270,2017-02-25T12:00:00+08:00,33.0,3.0,3.0,19.5,0.74,1015.4,-99.0,0.0,-9.9,-99,-999,臺南市,04,柳營區,238
23.2590,120.3655,柳營,C0X270,2017-02-25T13:00:00+08:00,33.0,17.0,3.8,20.2,0.72,1014.2,-99.0,0.0,-9.9,-99,-999,臺南市,04,柳營區,238
23.2590,120.3655,柳營,C0X270,2017-02-25T14:00:00+08:00,33.0,359.0,3.2,21.1,0.68,1013.1,-99.0,0.0,-9.9,-99,-999,臺南市,04,柳營區,238
23.2590,120.3655,柳營,C0X270,2017-02-25T15:00:00+08:00,33.0,7.0,3.5,20.0,0.74,1012.9,-99.0,0.0,-9.9,-99,-999,臺南市,04,柳營區,238
23.2590,120.3655,柳營,C0X270,2017-02-25T16:00:00+08:00,33.0,5.0,4.1,19.4,0.76,1013.1,-99.0,0.0,-9.9,-99,-999,臺南市,04,柳營區,238
23.2590,120.3655,柳營,C0X270,2017-02-25T17:00:00+08:00,33.0,9.0,4.3,17.2,0.86,1013.1,-99.0,0.0,-9.9,-99,-999,臺南市,04,柳營區,238
23.2590,120.3655,柳營,C0X270,2017-02-25T18:00:00+08:00,33.0,6.0,3.5,16.2,0.89,1013.9,-99.0,0.0,-9.9,-99,-999,臺南市,04,柳營區,238
23.2590,120.3655,柳營,C0X270,2017-02-25T19:00:00+08:00,33.0,10.0,2.5,16.0,0.90,1014.2,-99.0,0.0,-9.9,-99,-999,臺南市,04,柳營區,238
23.2590,120.3655,柳營,C0X270,2017-02-25T20:00:00+08:00,33.0,14.0,2.6,16.0,0.90,1014.0,-99.0,0.0,-9.9,-99,-999,臺南市,04,柳營區,238
23.2590,120.3655,柳營,C0X270,2017-02-25T22:00:00+08:00,33.0,7.0,2.7,15.0,0.95,1015.3,-99.0,0.0,-9.9,-99,-999,臺南市,04,柳營區,238
23.2590,120.3655,柳營,C0X270,2017-02-25T23:00:00+08:00,33.0,11.0,2.7,14.7,0.96,1015.5,-99.0,0.0,-9.9,-99,-999,臺南市,04,柳營區,238
23.2590,120.3655,柳營,C0X270,2017-02-26T00:00:00+08:00,33.0,31.0,2.9,15.0,0.94,1015.9,-99.0,0.0,-9.9,-99,-999,臺南市,04,柳營區,238
23.2590,120.3655,柳營,C0X270,2017-02-26T01:00:00+08:00,33.0,41.0,2.7,15.0,0.94,1015.2,-99.0,0.0,-9.9,-99,-999,臺南市,04,柳營區,238
23.2590,120.3655,柳營,C0X270,2017-02-26T02:00:00+08:00,33.0,354.0,1.2,15.0,0.97,1014.6,-99.0,0.0,-9.9,-99,-999,臺南市,04,柳營區,238
23.2590,120.3655,柳營,C0X270,2017-02-26T03:00:00+08:00,33.0,357.0,1.9,14.8,0.99,1014.5,-99.0,0.0,-9.9,-99,-999,臺南市,04,柳營區,238
23.2590,120.3655,柳營,C0X270,2017-02-26T04:00:00+08:00,33.0,1.0,2.5,14.5,0.97,1015.3,-99.0,0.0,-9.9,-99,-999,臺南市,04,柳營區,238
23.2590,120.3655,柳營,C0X270,2017-02-26T05:00:00+08:00,33.0,52.0,3.1,14.6,0.99,1015.1,-99.0,0.0,-9.9,-99,-999,臺南市,04,柳營區,238
23.2590,120.3655,柳營,C0X270,2017-02-26T06:00:00+08:00,33.0,13.0,3.2,14.7,0.99,1015.3,-99.0,0.0,-9.9,-99,-999,臺南市,04,柳營區,238
23.2590,120.3655,柳營,C0X270,2017-02-26T07:00:00+08:00,33.0,357.0,2.8,14.5,0.99,1016.3,-99.0,0.0,-9.9,-99,-999,臺南市,04,柳營區,238
23.2590,120.3655,柳營,C0X270,2017-02-26T08:00:00+08:00,33.0,30.0,4.6,14.5,0.97,1017.3,-99.0,0.0,-9.9,-99,-999,臺南市,04,柳營區,238
23.2590,120.3655,柳營,C0X270,2017-02-26T10:00:00+08:00,33.0,12.0,3.9,16.5,0.84,1017.7,-99.0,0.0,-9.9,-99,-999,臺南市,04,柳營區,238
23.2590,120.3655,柳營,C0X270,2017-02-26T11:00:00+08:00,33.0,23.0,4.5,18.4,0.74,1017.2,-99.0,0.0,-9.9,-99,-999,臺南市,04,柳營區,238
23.2590,120.3655,柳營,C0X270,2017-02-26T12:00:00+08:00,33.0,13.0,4.6,19.7,0.68,1016.3,-99.0,0.0,-9.9,-99,-999,臺南市,04,柳營區,238
23.2590,120.3655,柳營,C0X270,2017-02-26T13:00:00+08:00,33.0,9.0,5.4,20.0,0.65,1015.7,-99.0,0.0,-9.9,-99,-999,臺南市,04,柳營區,238
23.2590,120.3655,柳營,C0X270,2017-02-26T14:00:00+08:00,33.0,13.0,5.1,20.9,0.63,1014.3,-99.0,0.0,-9.9,-99,-999,臺南市,04,柳營區,238
23.2590,120.3655,柳營,C0X270,2017-02-26T15:00:00+08:00,33.0,357.0,3.9,21.2,0.62,1013.6,-99.0,0.0,-9.9,-99,-999,臺南市,04,柳營區,238
23.2590,120.3655,柳營,C0X270,2017-02-26T16:00:00+08:00,33.0,358.0,4.2,19.3,0.68,1014.2,-99.0,0.0,-9.9,-99,-999,臺南市,04,柳營區,238
23.2590,120.3655,柳營,C0X270,2017-02-26T17:00:00+08:00,33.0,356.0,3.6,17.2,0.76,1015.1,-99.0,0.0,-9.9,-99,-999,臺南市,04,柳營區,238
23.2590,120.3655,柳營,C0X270,2017-02-26T18:00:00+08:00,33.0,10.0,4.1,15.3,0.84,1015.8,-99.0,0.0,-9.9,-99,-999,臺南市,04,柳營區,238
23.2590,120.3655,柳營,C0X270,2017-02-26T19:00:00+08:00,33.0,1.0,3.3,14.2,0.87,1016.5,-99.0,0.0,-9.9,-99,-999,臺南市,04,柳營區,238
23.2590,120.3655,柳營,C0X270,2017-02-26T20:00:00+08:00,33.0,9.0,3.4,13.5,0.91,1017.0,-99.0,0.0,-9.9,-99,-999,臺南市,04,柳營區,238
23.2590,120.3655,柳營,C0X270,2017-02-26T21:00:00+08:00,33.0,14.0,2.9,13.1,0.93,1017.5,-99.0,0.0,-9.9,-99,-999,臺南市,04,柳營區,238
23.2590,120.3655,柳營,C0X270,2017-02-26T22:00:00+08:00,33.0,16.0,2.4,13.5,0.91,1017.6,-99.0,0.0,-9.9,-99,-999,臺南市,04,柳營區,238
23.2590,120.3655,柳營,C0X270,2017-02-26T23:00:00+08:00,33.0,25.0,1.6,13.2,0.93,1017.5,-99.0,0.0,-9.9,-99,-999,臺南市,04,柳營區,238
23.2590,120.3655,柳營,C0X270,2017-02-27T00:00:00+08:00,33.0,51.0,0.4,12.9,0.96,1017.0,-99.0,0.0,-9.9,-99,-999,臺南市,04,柳營區,238
23.2590,120.3655,柳營,C0X270,2017-02-27T01:00:00+08:00,33.0,355.0,1.3,13.5,0.92,1016.8,-99.0,0.0,-9.9,-99,-999,臺南市,04,柳營區,238
23.2590,120.3655,柳營,C0X270,2017-02-27T02:00:00+08:00,33.0,24.0,1.7,13.6,0.91,1016.5,-99.0,0.0,-9.9,-99,-999,臺南市,04,柳營區,238
23.2590,120.3655,柳營,C0X270,2017-02-27T03:00:00+08:00,33.0,42.0,1.7,13.5,0.93,1016.2,-99.0,0.0,-9.9,-99,-999,臺南市,04,柳營區,238
23.2590,120.3655,柳營,C0X270,2017-02-27T04:00:00+08:00,33.0,0.0,0.0,13.7,0.93,1016.4,-99.0,0.0,-9.9,-99,-999,臺南市,04,柳營區,238
23.2590,120.3655,柳營,C0X270,2017-02-27T05:00:00+08:00,33.0,19.0,0.4,13.9,0.92,1017.1,-99.0,0.0,-9.9,-99,-999,臺南市,04,柳營區,238
23.2590,120.3655,柳營,C0X270,2017-02-27T06:00:00+08:00,33.0,8.0,0.9,13.9,0.90,1017.5,-99.0,0.0,-9.9,-99,-999,臺南市,04,柳營區,238
23.2590,120.3655,柳營,C0X270,2017-02-27T07:00:00+08:00,33.0,36.0,0.5,14.0,0.91,1017.6,-99.0,0.0,-9.9,-99,-999,臺南市,04,柳營區,238
23.2590,120.3655,柳營,C0X270,2017-02-27T08:00:00+08:00,33.0,7.0,0.8,15.4,0.82,1018.0,-99.0,0.0,-9.9,-99,-999,臺南市,04,柳營區,238
23.2590,120.3655,柳營,C0X270,2017-02-27T10:00:00+08:00,33.0,10.0,2.2,19.0,0.71,1019.0,-99.0,0.0,-9.9,-99,-999,臺南市,04,柳營區,238
23.2590,120.3655,柳營,C0X270,2017-02-27T11:00:00+08:00,33.0,19.0,2.3,20.5,0.66,1018.5,-99.0,0.0,-9.9,-99,-999,臺南市,04,柳營區,238
23.2590,120.3655,柳營,C0X270,2017-02-27T12:00:00+08:00,33.0,13.0,1.6,22.4,0.60,1017.8,-99.0,0.0,-9.9,-99,-999,臺南市,04,柳營區,238
23.2590,120.3655,柳營,C0X270,2017-02-27T13:00:00+08:00,33.0,14.0,1.7,22.8,0.57,1017.0,-99.0,0.0,-9.9,-99,-999,臺南市,04,柳營區,238
23.2590,120.3655,柳營,C0X270,2017-02-27T14:00:00+08:00,33.0,329.0,1.0,23.3,0.57,1016.3,-99.0,0.0,-9.9,-99,-999,臺南市,04,柳營區,238
23.2590,120.3655,柳營,C0X270,2017-02-27T15:00:00+08:00,33.0,12.0,2.7,23.1,0.57,1016.2,-99.0,0.0,-9.9,-99,-999,臺南市,04,柳營區,238
23.2590,120.3655,柳營,C0X270,2017-02-27T16:00:00+08:00,33.0,348.0,2.0,22.8,0.57,1016.4,-99.0,0.0,-9.9,-99,-999,臺南市,04,柳營區,238
23.2590,120.3655,柳營,C0X270,2017-02-27T17:00:00+08:00,33.0,346.0,2.7,20.1,0.64,1017.0,-99.0,0.0,-9.9,-99,-999,臺南市,04,柳營區,238
23.2590,120.3655,柳營,C0X270,2017-02-27T18:00:00+08:00,33.0,9.0,3.4,19.2,0.68,1017.1,-99.0,0.0,-9.9,-99,-999,臺南市,04,柳營區,238
23.2590,120.3655,柳營,C0X270,2017-02-27T19:00:00+08:00,33.0,3.0,2.0,17.1,0.75,1017.4,-99.0,0.0,-9.9,-99,-999,臺南市,04,柳營區,238
23.2590,120.3655,柳營,C0X270,2017-02-27T20:00:00+08:00,33.0,16.0,2.4,16.2,0.79,1018.0,-99.0,0.0,-9.9,-99,-999,臺南市,04,柳營區,238
23.2590,120.3655,柳營,C0X270,2017-02-27T21:00:00+08:00,33.0,21.0,1.5,15.2,0.87,1018.1,-99.0,0.0,-9.9,-99,-999,臺南市,04,柳營區,238
23.2590,120.3655,柳營,C0X270,2017-02-27T22:00:00+08:00,33.0,14.0,1.3,14.8,0.91,1018.3,-99.0,0.0,-9.9,-99,-999,臺南市,04,柳營區,238
23.2590,120.3655,柳營,C0X270,2017-02-27T23:00:00+08:00,33.0,56.0,0.9,14.1,0.95,1018.3,-99.0,0.0,-9.9,-99,-999,臺南市,04,柳營區,238
23.2590,120.3655,柳營,C0X270,2017-02-28T00:00:00+08:00,33.0,0.0,0.0,13.6,0.99,1018.2,-99.0,0.0,-9.9,-99,-999,臺南市,04,柳營區,238
23.2590,120.3655,柳營,C0X270,2017-02-28T01:00:00+08:00,33.0,0.0,0.2,13.0,0.99,1017.6,-99.0,0.0,-9.9,-99,-999,臺南市,04,柳營區,238
23.2590,120.3655,柳營,C0X270,2017-02-28T02:00:00+08:00,33.0,0.0,0.0,12.9,0.99,1017.6,-99.0,0.0,-9.9,-99,-999,臺南市,04,柳營區,238
23.2590,120.3655,柳營,C0X270,2017-02-28T03:00:00+08:00,33.0,65.0,0.6,13.1,0.99,1018.1,-99.0,0.0,-9.9,-99,-999,臺南市,04,柳營區,238
23.2590,120.3655,柳營,C0X270,2017-02-28T04:00:00+08:00,33.0,95.0,1.2,14.0,0.95,1017.4,-99.0,0.0,-9.9,-99,-999,臺南市,04,柳營區,238
23.2590,120.3655,柳營,C0X270,2017-02-28T05:00:00+08:00,33.0,165.0,0.4,13.6,0.99,1017.1,-99.0,0.0,-9.9,-99,-999,臺南市,04,柳營區,238
23.2590,120.3655,柳營,C0X270,2017-02-28T06:00:00+08:00,33.0,344.0,0.3,13.8,0.99,1017.9,-99.0,0.0,-9.9,-99,-999,臺南市,04,柳營區,238
23.2590,120.3655,柳營,C0X270,2017-02-28T07:00:00+08:00,33.0,43.0,0.5,13.8,0.99,1018.2,-99.0,0.0,-9.9,-99,-999,臺南市,04,柳營區,238
23.2590,120.3655,柳營,C0X270,2017-02-28T08:00:00+08:00,33.0,18.0,1.3,15.5,0.94,1018.3,-99.0,0.0,-9.9,-99,-999,臺南市,04,柳營區,238
23.2590,120.3655,柳營,C0X270,2017-02-28T09:00:00+08:00,33.0,50.0,1.2,17.8,0.78,1018.2,-99.0,0.0,-9.9,-99,-999,臺南市,04,柳營區,238
23.2590,120.3655,柳營,C0X270,2017-02-28T10:00:00+08:00,33.0,334.0,0.9,21.7,0.63,1017.6,-99.0,0.0,-9.9,-99,-999,臺南市,04,柳營區,238
23.2590,120.3655,柳營,C0X270,2017-02-28T11:00:00+08:00,33.0,306.0,1.8,22.7,0.59,1017.4,-99.0,0.0,-9.9,-99,-999,臺南市,04,柳營區,238
23.2590,120.3655,柳營,C0X270,2017-02-28T12:00:00+08:00,33.0,344.0,2.7,23.5,0.57,1016.6,-99.0,0.0,-9.9,-99,-999,臺南市,04,柳營區,238
23.2590,120.3655,柳營,C0X270,2017-02-28T13:00:00+08:00,33.0,359.0,2.5,23.9,0.54,1015.5,-99.0,0.0,-9.9,-99,-999,臺南市,04,柳營區,238
23.2590,120.3655,柳營,C0X270,2017-02-28T14:00:00+08:00,33.0,347.0,2.3,24.8,0.55,1014.4,-99.0,0.0,-9.9,-99,-999,臺南市,04,柳營區,238
23.2590,120.3655,柳營,C0X270,2017-02-28T15:00:00+08:00,33.0,352.0,2.5,23.9,0.56,1013.7,-99.0,0.0,-9.9,-99,-999,臺南市,04,柳營區,238
23.2590,120.3655,柳營,C0X270,2017-02-28T16:00:00+08:00,33.0,3.0,2.3,23.1,0.61,1013.3,-99.0,0.0,-9.9,-99,-999,臺南市,04,柳營區,238
23.2590,120.3655,柳營,C0X270,2017-02-28T17:00:00+08:00,33.0,337.0,1.3,22.4,0.63,1013.2,-99.0,0.0,-9.9,-99,-999,臺南市,04,柳營區,238
23.2590,120.3655,柳營,C0X270,2017-02-28T18:00:00+08:00,33.0,334.0,1.4,20.6,0.72,1013.9,-99.0,0.0,-9.9,-99,-999,臺南市,04,柳營區,238
23.2590,120.3655,柳營,C0X270,2017-02-28T19:00:00+08:00,33.0,2.0,3.3,18.4,0.81,1014.8,-99.0,0.0,-9.9,-99,-999,臺南市,04,柳營區,238
23.2590,120.3655,柳營,C0X270,2017-02-28T20:00:00+08:00,33.0,12.0,2.4,17.9,0.86,1015.0,-99.0,0.0,-9.9,-99,-999,臺南市,04,柳營區,238
23.2590,120.3655,柳營,C0X270,2017-02-28T21:00:00+08:00,33.0,7.0,2.1,17.5,0.87,1015.3,-99.0,0.0,-9.9,-99,-999,臺南市,04,柳營區,238
23.2590,120.3655,柳營,C0X270,2017-02-28T22:00:00+08:00,33.0,6.0,1.6,17.1,0.88,1015.7,-99.0,0.0,-9.9,-99,-999,臺南市,04,柳營區,238
23.2590,120.3655,柳營,C0X270,2017-02-28T23:00:00+08:00,33.0,352.0,1.4,16.8,0.91,1015.4,-99.0,0.0,-9.9,-99,-999,臺南市,04,柳營區,238
