23.3492,120.4063,白河,C0X210,2017-02-01T07:00:00+08:00,38.0,322.0,1.7,17.2,0.89,1013.9,-99.0,0.0,-9.9,-99,-999,臺南市,04,白河區,228
23.3492,120.4063,白河,C0X210,2017-02-01T05:00:00+08:00,38.0,21.0,2.1,17.3,0.90,1012.9,-99.0,0.0,-9.9,-99,-999,臺南市,04,白河區,228
23.3492,120.4063,白河,C0X210,2017-02-01T02:00:00+08:00,38.0,1.0,2.3,17.4,0.89,1013.3,-99.0,0.0,-9.9,-99,-999,臺南市,04,白河區,228
23.3492,120.4063,白河,C0X210,2017-02-01T11:00:00+08:00,38.0,11.0,2.0,20.2,0.74,1014.4,-99.0,0.0,-9.9,-99,-999,臺南市,04,白河區,228
23.3492,120.4063,白河,C0X210,2017-02-02T10:00:00+08:00,38.0,351.0,3.4,17.0,0.76,1016.6,-99.0,0.0,-9.9,-99,-999,臺南市,04,白河區,228
23.3492,120.4063,白河,C0X210,2017-02-02T09:00:00+08:00,38.0,347.0,1.8,16.7,0.80,1016.6,-99.0,0.0,-9.9,-99,-999,臺南市,04,白河區,228
23.3492,120.4063,白河,C0X210,2017-02-02T08:00:00+08:00,38.0,22.0,2.2,15.8,0.83,1016.2,-99.0,0.0,-9.9,-99,-999,臺南市,04,白河區,228
23.3492,120.4063,白河,C0X210,2017-02-02T11:00:00+08:00,38.0,1.0,2.6,18.1,0.73,1015.9,-99.0,0.0,-9.9,-99,-999,臺南市,04,白河區,228
23.3492,120.4063,白河,C0X210,2017-02-02T14:00:00+08:00,38.0,344.0,3.3,20.9,0.63,1013.3,-99.0,0.0,-9.9,-99,-999,臺南市,04,白河區,228
23.3492,120.4063,白河,C0X210,2017-02-02T15:00:00+08:00,38.0,343.0,3.3,20.6,0.64,1012.9,-99.0,0.0,-9.9,-99,-999,臺南市,04,白河區,228
23.3492,120.4063,白河,C0X210,2017-02-02T16:00:00+08:00,38.0,353.0,3.8,20.4,0.66,1013.0,-99.0,0.0,-9.9,-99,-999,臺南市,04,白河區,228
23.3492,120.4063,白河,C0X210,2017-02-02T17:00:00+08:00,38.0,347.0,4.0,19.5,0.69,1013.5,-99.0,0.0,-9.9,-99,-999,臺南市,04,白河區,228
23.3492,120.4063,白河,C0X210,2017-02-02T18:00:00+08:00,38.0,357.0,3.2,18.1,0.74,1013.9,-99.0,0.0,-9.9,-99,-999,臺南市,04,白河區,228
23.3492,120.4063,白河,C0X210,2017-02-02T19:00:00+08:00,38.0,352.0,1.8,17.5,0.76,1014.4,-99.0,0.0,-9.9,-99,-999,臺南市,04,白河區,228
23.3492,120.4063,白河,C0X210,2017-02-02T20:00:00+08:00,38.0,354.0,2.1,17.6,0.76,1014.8,-99.0,0.0,-9.9,-99,-999,臺南市,04,白河區,228
23.3492,120.4063,白河,C0X210,2017-02-02T21:00:00+08:00,38.0,354.0,2.5,17.2,0.74,1014.7,-99.0,0.0,-9.9,-99,-999,臺南市,04,白河區,228
23.3492,120.4063,白河,C0X210,2017-02-02T22:00:00+08:00,38.0,344.0,2.2,16.6,0.76,1014.9,-99.0,0.0,-9.9,-99,-999,臺南市,04,白河區,228
23.3492,120.4063,白河,C0X210,2017-02-02T23:00:00+08:00,38.0,327.0,2.1,16.1,0.80,1014.9,-99.0,0.0,-9.9,-99,-999,臺南市,04,白河區,228
23.3492,120.4063,白河,C0X210,2017-02-03T00:00:00+08:00,38.0,315.0,1.4,15.7,0.82,1015.0,-99.0,0.0,-9.9,-99,-999,臺南市,04,白河區,228
23.3492,120.4063,白河,C0X210,2017-02-03T01:00:00+08:00,38.0,13.0,1.2,15.8,0.80,1014.7,-99.0,0.0,-9.9,-99,-999,臺南市,04,白河區,228
23.3492,120.4063,白河,C0X210,2017-02-03T02:00:00+08:00,38.0,17.0,1.7,15.8,0.80,1014.4,-99.0,0.0,-9.9,-99,-999,臺南市,04,白河區,228
23.3492,120.4063,白河,C0X210,2017-02-03T03:00:00+08:00,38.0,359.0,1.4,15.8,0.82,1013.9,-99.0,0.0,-9.9,-99,-999,臺南市,04,白河區,228
23.3492,120.4063,白河,C0X210,2017-02-03T04:00:00+08:00,38.0,340.0,0.6,16.0,0.84,1013.3,-99.0,0.0,-9.9,-99,-999,臺南市,04,白河區,228
23.3492,120.4063,白河,C0X210,2017-02-03T05:00:00+08:00,38.0,308.0,0.8,15.6,0.86,1013.9,-99.0,0.0,-9.9,-99,-999,臺南市,04,白河區,228
23.3492,120.4063,白河,C0X210,2017-02-03T06:00:00+08:00,38.0,10.0,1.1,15.6,0.86,1014.3,-99.0,0.0,-9.9,-99,-999,臺南市,04,白河區,228
23.3492,120.4063,白河,C0X210,2017-02-03T07:00:00+08:00,38.0,48.0,1.3,15.4,0.87,1014.3,-99.0,0.0,-9.9,-99,-999,臺南市,04,白河區,228
23.3492,120.4063,白河,C0X210,2017-02-03T08:00:00+08:00,38.0,356.0,1.0,16.2,0.86,1014.8,-99.0,0.0,-9.9,-99,-999,臺南市,04,白河區,228
23.3492,120.4063,白河,C0X210,2017-02-03T10:00:00+08:00,38.0,328.0,2.3,19.1,0.72,1015.0,-99.0,0.0,-9.9,-99,-999,臺南市,04,白河區,228
23.3492,120.4063,白河,C0X210,2017-02-03T11:00:00+08:00,38.0,2.0,2.8,20.4,0.65,1014.2,-99.0,0.0,-9.9,-99,-999,臺南市,04,白河區,228
23.3492,120.4063,白河,C0X210,2017-02-03T12:00:00+08:00,38.0,338.0,2.2,22.0,0.61,1012.8,-99.0,0.0,-9.9,-99,-999,臺南市,04,白河區,228
23.3492,120.4063,白河,C0X210,2017-02-03T13:00:00+08:00,38.0,317.0,2.7,23.0,0.57,1011.7,-99.0,0.0,-9.9,-99,-999,臺南市,04,白河區,228
23.3492,120.4063,白河,C0X210,2017-02-03T14:00:00+08:00,38.0,324.0,4.1,23.0,0.64,1010.7,-99.0,0.0,-9.9,-99,-999,臺南市,04,白河區,228
23.3492,120.4063,白河,C0X210,2017-02-03T15:00:00+08:00,38.0,327.0,4.8,21.8,0.69,1010.4,-99.0,0.0,-9.9,-99,-999,臺南市,04,白河區,228
23.3492,120.4063,白河,C0X210,2017-02-03T16:00:00+08:00,38.0,341.0,4.5,21.5,0.71,1010.6,-99.0,0.0,-9.9,-99,-999,臺南市,04,白河區,228
23.3492,120.4063,白河,C0X210,2017-02-03T17:00:00+08:00,38.0,356.0,3.8,20.5,0.76,1011.3,-99.0,0.0,-9.9,-99,-999,臺南市,04,白河區,228
23.3492,120.4063,白河,C0X210,2017-02-03T18:00:00+08:00,38.0,357.0,3.6,18.9,0.85,1011.9,-99.0,0.0,-9.9,-99,-999,臺南市,04,白河區,228
23.3492,120.4063,白河,C0X210,2017-02-03T19:00:00+08:00,38.0,7.0,3.3,17.8,0.93,1012.5,-99.0,0.0,-9.9,-99,-999,臺南市,04,白河區,228
23.3492,120.4063,白河,C0X210,2017-02-03T20:00:00+08:00,38.0,9.0,2.3,17.5,0.95,1012.7,-99.0,0.0,-9.9,-99,-999,臺南市,04,白河區,228
23.3492,120.4063,白河,C0X210,2017-02-03T21:00:00+08:00,38.0,323.0,1.6,17.3,0.97,1012.9,-99.0,0.0,-9.9,-99,-999,臺南市,04,白河區,228
23.3492,120.4063,白河,C0X210,2017-02-03T22:00:00+08:00,38.0,352.0,2.8,17.0,0.99,1013.4,-99.0,0.0,-9.9,-99,-999,臺南市,04,白河區,228
23.3492,120.4063,白河,C0X210,2017-02-03T23:00:00+08:00,38.0,360.0,2.5,17.1,0.99,1013.2,-99.0,0.0,-9.9,-99,-999,臺南市,04,白河區,228
23.3492,120.4063,白河,C0X210,2017-02-04T00:00:00+08:00,38.0,16.0,1.9,17.4,0.97,1012.8,-99.0,0.0,-9.9,-99,-999,臺南市,04,白河區,228
23.3492,120.4063,白河,C0X210,2017-02-04T01:00:00+08:00,38.0,24.0,2.4,17.3,0.97,1012.3,-99.0,0.0,-9.9,-99,-999,臺南市,04,白河區,228
23.3492,120.4063,白河,C0X210,2017-02-04T02:00:00+08:00,38.0,43.0,1.8,17.2,0.97,1011.8,-99.0,0.0,-9.9,-99,-999,臺南市,04,白河區,228
23.3492,120.4063,白河,C0X210,2017-02-04T03:00:00+08:00,38.0,41.0,1.2,17.3,0.99,1011.2,-99.0,0.0,-9.9,-99,-999,臺南市,04,白河區,228
23.3492,120.4063,白河,C0X210,2017-02-04T04:00:00+08:00,38.0,360.0,2.2,17.1,0.99,1010.6,-99.0,0.0,-9.9,-99,-999,臺南市,04,白河區,228
23.3492,120.4063,白河,C0X210,2017-02-04T05:00:00+08:00,38.0,38.0,1.5,17.2,0.99,1010.7,-99.0,0.0,-9.9,-99,-999,臺南市,04,白河區,228
23.3492,120.4063,白河,C0X210,2017-02-04T06:00:00+08:00,38.0,48.0,1.4,17.3,0.98,1010.9,-99.0,0.0,-9.9,-99,-999,臺南市,04,白河區,228
23.3492,120.4063,白河,C0X210,2017-02-04T07:00:00+08:00,38.0,39.0,1.4,17.2,0.99,1011.4,-99.0,0.0,-9.9,-99,-999,臺南市,04,白河區,228
23.3492,120.4063,白河,C0X210,2017-02-04T08:00:00+08:00,38.0,30.0,1.8,17.4,0.98,1011.4,-99.0,0.0,-9.9,-99,-999,臺南市,04,白河區,228
23.3492,120.4063,白河,C0X210,2017-02-04T10:00:00+08:00,38.0,20.0,1.8,18.4,0.91,1011.9,-99.0,0.0,-9.9,-99,-999,臺南市,04,白河區,228
23.3492,120.4063,白河,C0X210,2017-02-04T11:00:00+08:00,38.0,360.0,2.1,18.7,0.90,1011.1,-99.0,0.0,-9.9,-99,-999,臺南市,04,白河區,228
23.3492,120.4063,白河,C0X210,2017-02-04T12:00:00+08:00,38.0,296.0,0.9,20.3,0.80,1009.8,-99.0,0.0,-9.9,-99,-999,臺南市,04,白河區,228
23.3492,120.4063,白河,C0X210,2017-02-04T13:00:00+08:00,38.0,314.0,1.4,21.5,0.73,1008.6,-99.0,0.0,-9.9,-99,-999,臺南市,04,白河區,228
23.3492,120.4063,白河,C0X210,2017-02-04T14:00:00+08:00,38.0,317.0,1.3,21.8,0.73,1007.3,-99.0,0.0,-9.9,-99,-999,臺南市,04,白河區,228
23.3492,120.4063,白河,C0X210,2017-02-04T15:00:00+08:00,38.0,355.0,2.4,21.9,0.68,1006.9,-99.0,0.0,-9.9,-99,-999,臺南市,04,白河區,228
23.3492,120.4063,白河,C0X210,2017-02-04T16:00:00+08:00,38.0,320.0,3.2,21.4,0.76,1007.3,-99.0,0.0,-9.9,-99,-999,臺南市,04,白河區,228
23.3492,120.4063,白河,C0X210,2017-02-04T17:00:00+08:00,38.0,358.0,2.2,20.6,0.82,1007.2,-99.0,0.0,-9.9,-99,-999,臺南市,04,白河區,228
23.3492,120.4063,白河,C0X210,2017-02-04T18:00:00+08:00,38.0,7.0,1.8,20.0,0.86,1007.3,-99.0,0.0,-9.9,-99,-999,臺南市,04,白河區,228
23.3492,120.4063,白河,C0X210,2017-02-04T19:00:00+08:00,38.0,353.0,1.6,19.7,0.89,1007.4,-99.0,0.0,-9.9,-99,-999,臺南市,04,白河區,228
23.3492,120.4063,白河,C0X210,2017-02-04T20:00:00+08:00,38.0,4.0,1.5,19.3,0.91,1008.5,-99.0,0.0,-9.9,-99,-999,臺南市,04,白河區,228
23.3492,120.4063,白河,C0X210,2017-02-04T21:00:00+08:00,38.0,348.0,1.6,18.6,0.95,1008.5,-99.0,0.0,-9.9,-99,-999,臺南市,04,白河區,228
23.3492,120.4063,白河,C0X210,2017-02-04T22:00:00+08:00,38.0,2.0,1.5,18.2,0.98,1008.6,-99.0,0.0,-9.9,-99,-999,臺南市,04,白河區,228
23.3492,120.4063,白河,C0X210,2017-02-04T23:00:00+08:00,38.0,5.0,1.2,18.1,0.99,1008.6,-99.0,0.0,-9.9,-99,-999,臺南市,04,白河區,228
23.3492,120.4063,白河,C0X210,2017-02-05T00:00:00+08:00,38.0,339.0,0.8,17.9,0.99,1008.7,-99.0,0.0,-9.9,-99,-999,臺南市,04,白河區,228
23.3492,120.4063,白河,C0X210,2017-02-05T01:00:00+08:00,38.0,74.0,0.9,17.5,0.99,1008.0,-99.0,0.0,-9.9,-99,-999,臺南市,04,白河區,228
23.3492,120.4063,白河,C0X210,2017-02-05T02:00:00+08:00,38.0,358.0,2.1,17.2,0.99,1007.2,-99.0,0.0,-9.9,-99,-999,臺南市,04,白河區,228
23.3492,120.4063,白河,C0X210,2017-02-05T03:00:00+08:00,38.0,16.0,1.5,16.7,0.99,1006.2,-99.0,0.0,-9.9,-99,-999,臺南市,04,白河區,228
23.3492,120.4063,白河,C0X210,2017-02-05T04:00:00+08:00,38.0,41.0,1.6,16.5,0.99,1006.4,-99.0,0.0,-9.9,-99,-999,臺南市,04,白河區,228
23.3492,120.4063,白河,C0X210,2017-02-05T05:00:00+08:00,38.0,31.0,1.7,16.4,0.99,1006.9,-99.0,0.0,-9.9,-99,-999,臺南市,04,白河區,228
23.3492,120.4063,白河,C0X210,2017-02-05T06:00:00+08:00,38.0,29.0,1.4,16.4,0.99,1007.4,-99.0,0.0,-9.9,-99,-999,臺南市,04,白河區,228
23.3492,120.4063,白河,C0X210,2017-02-05T07:00:00+08:00,38.0,1.0,2.8,16.3,0.99,1007.5,-99.0,0.0,-9.9,-99,-999,臺南市,04,白河區,228
23.3492,120.4063,白河,C0X210,2017-02-05T08:00:00+08:00,38.0,39.0,2.3,17.1,0.98,1008.0,-99.0,0.0,-9.9,-99,-999,臺南市,04,白河區,228
23.3492,120.4063,白河,C0X210,2017-02-05T10:00:00+08:00,38.0,8.0,3.0,20.2,0.82,1008.4,-99.0,0.0,-9.9,-99,-999,臺南市,04,白河區,228
23.3492,120.4063,白河,C0X210,2017-02-05T11:00:00+08:00,38.0,344.0,3.7,21.0,0.77,1008.1,-99.0,0.0,-9.9,-99,-999,臺南市,04,白河區,228
23.3492,120.4063,白河,C0X210,2017-02-05T12:00:00+08:00,38.0,26.0,2.6,21.8,0.71,1006.9,-99.0,0.0,-9.9,-99,-999,臺南市,04,白河區,228
23.3492,120.4063,白河,C0X210,2017-02-05T13:00:00+08:00,38.0,347.0,1.6,22.6,0.66,1005.8,-99.0,0.0,-9.9,-99,-999,臺南市,04,白河區,228
23.3492,120.4063,白河,C0X210,2017-02-05T14:00:00+08:00,38.0,326.0,2.6,22.8,0.68,1005.2,-99.0,0.0,-9.9,-99,-999,臺南市,04,白河區,228
23.3492,120.4063,白河,C0X210,2017-02-05T15:00:00+08:00,38.0,353.0,4.8,21.4,0.79,1005.3,-99.0,0.0,-9.9,-99,-999,臺南市,04,白河區,228
23.3492,120.4063,白河,C0X210,2017-02-05T16:00:00+08:00,38.0,357.0,3.3,20.0,0.86,1004.9,-99.0,0.0,-9.9,-99,-999,臺南市,04,白河區,228
23.3492,120.4063,白河,C0X210,2017-02-05T17:00:00+08:00,38.0,348.0,3.7,19.6,0.83,1005.2,-99.0,0.0,-9.9,-99,-999,臺南市,04,白河區,228
23.3492,120.4063,白河,C0X210,2017-02-05T18:00:00+08:00,38.0,349.0,3.4,19.3,0.89,1004.9,-99.0,0.0,-9.9,-99,-999,臺南市,04,白河區,228
23.3492,120.4063,白河,C0X210,2017-02-05T19:00:00+08:00,38.0,360.0,1.9,19.2,0.92,1005.3,-99.0,0.0,-9.9,-99,-999,臺南市,04,白河區,228
23.3492,120.4063,白河,C0X210,2017-02-05T20:00:00+08:00,38.0,353.0,2.2,18.7,0.98,1006.5,-99.0,0.0,-9.9,-99,-999,臺南市,04,白河區,228
23.3492,120.4063,白河,C0X210,2017-02-05T21:00:00+08:00,38.0,33.0,1.6,18.8,0.97,1006.6,-99.0,0.0,-9.9,-99,-999,臺南市,04,白河區,228
23.3492,120.4063,白河,C0X210,2017-02-05T22:00:00+08:00,38.0,323.0,1.2,18.3,0.99,1007.0,-99.0,0.0,-9.9,-99,-999,臺南市,04,白河區,228
23.3492,120.4063,白河,C0X210,2017-02-05T23:00:00+08:00,38.0,21.0,1.2,17.8,0.99,1006.8,-99.0,0.0,-9.9,-99,-999,臺南市,04,白河區,228
23.3492,120.4063,白河,C0X210,2017-02-06T00:00:00+08:00,38.0,15.0,1.5,17.6,0.99,1006.9,-99.0,0.0,-9.9,-99,-999,臺南市,04,白河區,228
23.3492,120.4063,白河,C0X210,2017-02-06T01:00:00+08:00,38.0,313.0,1.5,17.3,0.99,1006.9,-99.0,0.0,-9.9,-99,-999,臺南市,04,白河區,228
23.3492,120.4063,白河,C0X210,2017-02-06T02:00:00+08:00,38.0,324.0,2.0,17.0,0.99,1006.5,-99.0,0.0,-9.9,-99,-999,臺南市,04,白河區,228
23.3492,120.4063,白河,C0X210,2017-02-06T03:00:00+08:00,38.0,51.0,1.7,17.0,0.99,1006.0,-99.0,0.0,-9.9,-99,-999,臺南市,04,白河區,228
23.3492,120.4063,白河,C0X210,2017-02-06T04:00:00+08:00,38.0,48.0,1.4,17.0,0.99,1005.8,-99.0,0.0,-9.9,-99,-999,臺南市,04,白河區,228
23.3492,120.4063,白河,C0X210,2017-02-06T05:00:00+08:00,38.0,352.0,2.4,16.4,0.99,1006.7,-99.0,0.0,-9.9,-99,-999,臺南市,04,白河區,228
23.3492,120.4063,白河,C0X210,2017-02-06T06:00:00+08:00,38.0,358.0,2.2,16.5,0.98,1007.4,-99.0,0.0,-9.9,-99,-999,臺南市,04,白河區,228
23.3492,120.4063,白河,C0X210,2017-02-06T07:00:00+08:00,38.0,356.0,2.4,16.6,0.99,1008.3,-99.0,0.0,-9.9,-99,-999,臺南市,04,白河區,228
23.3492,120.4063,白河,C0X210,2017-02-06T08:00:00+08:00,38.0,19.0,1.6,16.4,0.99,1009.1,-99.0,0.0,-9.9,-99,-999,臺南市,04,白河區,228
23.3492,120.4063,白河,C0X210,2017-02-06T10:00:00+08:00,38.0,14.0,1.6,18.7,0.81,1010.7,-99.0,0.0,-9.9,-99,-999,臺南市,04,白河區,228
23.3492,120.4063,白河,C0X210,2017-02-06T11:00:00+08:00,38.0,14.0,1.9,19.8,0.76,1010.1,-99.0,0.0,-9.9,-99,-999,臺南市,04,白河區,228
23.3492,120.4063,白河,C0X210,2017-02-06T12:00:00+08:00,38.0,352.0,2.4,21.6,0.67,1008.9,-99.0,0.0,-9.9,-99,-999,臺南市,04,白河區,228
23.3492,120.4063,白河,C0X210,2017-02-06T13:00:00+08:00,38.0,7.0,2.0,23.1,0.62,1007.9,-99.0,0.0,-9.9,-99,-999,臺南市,04,白河區,228
23.3492,120.4063,白河,C0X210,2017-02-06T14:00:00+08:00,38.0,328.0,2.4,23.8,0.60,1007.2,-99.0,0.0,-9.9,-99,-999,臺南市,04,白河區,228
23.3492,120.4063,白河,C0X210,2017-02-06T15:00:00+08:00,38.0,351.0,3.4,24.4,0.58,1006.8,-99.0,0.0,-9.9,-99,-999,臺南市,04,白河區,228
23.3492,120.4063,白河,C0X210,2017-02-06T16:00:00+08:00,38.0,336.0,4.0,23.1,0.61,1007.0,-99.0,0.0,-9.9,-99,-999,臺南市,04,白河區,228
23.3492,120.4063,白河,C0X210,2017-02-06T17:00:00+08:00,38.0,354.0,4.4,21.2,0.65,1007.4,-99.0,0.0,-9.9,-99,-999,臺南市,04,白河區,228
23.3492,120.4063,白河,C0X210,2017-02-06T18:00:00+08:00,38.0,352.0,4.2,19.1,0.72,1008.2,-99.0,0.0,-9.9,-99,-999,臺南市,04,白河區,228
23.3492,120.4063,白河,C0X210,2017-02-06T19:00:00+08:00,38.0,348.0,3.8,18.2,0.75,1008.5,-99.0,0.0,-9.9,-99,-999,臺南市,04,白河區,228
23.3492,120.4063,白河,C0X210,2017-02-06T20:00:00+08:00,38.0,349.0,2.6,17.6,0.78,1009.2,-99.0,0.0,-9.9,-99,-999,臺南市,04,白河區,228
23.3492,120.4063,白河,C0X210,2017-02-06T21:00:00+08:00,38.0,353.0,1.6,17.2,0.81,1009.5,-99.0,0.0,-9.9,-99,-999,臺南市,04,白河區,228
23.3492,120.4063,白河,C0X210,2017-02-06T22:00:00+08:00,38.0,74.0,0.3,17.0,0.82,1009.6,-99.0,0.0,-9.9,-99,-999,臺南市,04,白河區,228
23.3492,120.4063,白河,C0X210,2017-02-06T23:00:00+08:00,38.0,128.0,0.3,16.2,0.92,1009.7,-99.0,0.0,-9.9,-99,-999,臺南市,04,白河區,228
23.3492,120.4063,白河,C0X210,2017-02-07T00:00:00+08:00,38.0,314.0,1.0,16.7,0.80,1010.1,-99.0,0.0,-9.9,-99,-999,臺南市,04,白河區,228
23.3492,120.4063,白河,C0X210,2017-02-07T01:00:00+08:00,38.0,335.0,1.6,16.3,0.77,1010.5,-99.0,0.0,-9.9,-99,-999,臺南市,04,白河區,228
23.3492,120.4063,白河,C0X210,2017-02-07T02:00:00+08:00,38.0,7.0,0.9,16.4,0.76,1010.2,-99.0,0.0,-9.9,-99,-999,臺南市,04,白河區,228
23.3492,120.4063,白河,C0X210,2017-02-07T03:00:00+08:00,38.0,313.0,0.6,16.3,0.78,1009.9,-99.0,0.0,-9.9,-99,-999,臺南市,04,白河區,228
23.3492,120.4063,白河,C0X210,2017-02-07T04:00:00+08:00,38.0,347.0,0.8,16.2,0.78,1010.0,-99.0,0.0,-9.9,-99,-999,臺南市,04,白河區,228
23.3492,120.4063,白河,C0X210,2017-02-07T05:00:00+08:00,38.0,348.0,0.4,16.0,0.79,1009.9,-99.0,0.0,-9.9,-99,-999,臺南市,04,白河區,228
23.3492,120.4063,白河,C0X210,2017-02-07T06:00:00+08:00,38.0,303.0,0.5,15.4,0.83,1010.6,-99.0,0.0,-9.9,-99,-999,臺南市,04,白河區,228
23.3492,120.4063,白河,C0X210,2017-02-07T07:00:00+08:00,38.0,19.0,1.1,15.1,0.82,1010.9,-99.0,0.0,-9.9,-99,-999,臺南市,04,白河區,228
23.3492,120.4063,白河,C0X210,2017-02-07T08:00:00+08:00,38.0,11.0,1.4,15.5,0.80,1011.5,-99.0,0.0,-9.9,-99,-999,臺南市,04,白河區,228
23.3492,120.4063,白河,C0X210,2017-02-07T10:00:00+08:00,38.0,3.0,1.7,18.7,0.71,1011.7,-99.0,0.0,-9.9,-99,-999,臺南市,04,白河區,228
23.3492,120.4063,白河,C0X210,2017-02-07T11:00:00+08:00,38.0,320.0,2.5,20.1,0.65,1011.3,-99.0,0.0,-9.9,-99,-999,臺南市,04,白河區,228
23.3492,120.4063,白河,C0X210,2017-02-07T12:00:00+08:00,38.0,3.0,2.5,19.8,0.65,1010.7,-99.0,0.0,-9.9,-99,-999,臺南市,04,白河區,228
23.3492,120.4063,白河,C0X210,2017-02-07T13:00:00+08:00,38.0,321.0,2.8,21.3,0.60,1009.6,-99.0,0.0,-9.9,-99,-999,臺南市,04,白河區,228
23.3492,120.4063,白河,C0X210,2017-02-07T14:00:00+08:00,38.0,355.0,1.6,22.2,0.59,1008.9,-99.0,0.0,-9.9,-99,-999,臺南市,04,白河區,228
23.3492,120.4063,白河,C0X210,2017-02-07T15:00:00+08:00,38.0,349.0,2.0,22.4,0.58,1008.6,-99.0,0.0,-9.9,-99,-999,臺南市,04,白河區,228
23.3492,120.4063,白河,C0X210,2017-02-07T16:00:00+08:00,38.0,329.0,1.9,22.6,0.60,1008.4,-99.0,0.0,-9.9,-99,-999,臺南市,04,白河區,228
23.3492,120.4063,白河,C0X210,2017-02-07T17:00:00+08:00,38.0,352.0,3.8,20.8,0.66,1008.6,-99.0,0.0,-9.9,-99,-999,臺南市,04,白河區,228
23.3492,120.4063,白河,C0X210,2017-02-07T18:00:00+08:00,38.0,329.0,2.2,19.6,0.73,1009.1,-99.0,0.0,-9.9,-99,-999,臺南市,04,白河區,228
23.3492,120.4063,白河,C0X210,2017-02-07T19:00:00+08:00,38.0,11.0,1.7,18.9,0.75,1009.4,-99.0,0.0,-9.9,-99,-999,臺南市,04,白河區,228
23.3492,120.4063,白河,C0X210,2017-02-07T20:00:00+08:00,38.0,327.0,1.4,18.1,0.82,1009.7,-99.0,0.0,-9.9,-99,-999,臺南市,04,白河區,228
23.3492,120.4063,白河,C0X210,2017-02-07T21:00:00+08:00,38.0,356.0,0.8,17.3,0.87,1009.8,-99.0,0.0,-9.9,-99,-999,臺南市,04,白河區,228
23.3492,120.4063,白河,C0X210,2017-02-07T22:00:00+08:00,38.0,145.0,0.9,16.0,0.96,1009.8,-99.0,0.0,-9.9,-99,-999,臺南市,04,白河區,228
23.3492,120.4063,白河,C0X210,2017-02-07T23:00:00+08:00,38.0,274.0,0.5,16.5,0.95,1010.1,-99.0,0.0,-9.9,-99,-999,臺南市,04,白河區,228
23.3492,120.4063,白河,C0X210,2017-02-08T00:00:00+08:00,38.0,210.0,0.3,16.1,0.97,1009.8,-99.0,0.0,-9.9,-99,-999,臺南市,04,白河區,228
23.3492,120.4063,白河,C0X210,2017-02-08T01:00:00+08:00,38.0,163.0,0.4,16.4,0.96,1010.2,-99.0,0.0,-9.9,-99,-999,臺南市,04,白河區,228
23.3492,120.4063,白河,C0X210,2017-02-08T02:00:00+08:00,38.0,139.0,0.9,16.1,0.98,1010.0,-99.0,0.0,-9.9,-99,-999,臺南市,04,白河區,228
23.3492,120.4063,白河,C0X210,2017-02-08T03:00:00+08:00,38.0,165.0,0.9,15.8,0.99,1009.2,-99.0,0.0,-9.9,-99,-999,臺南市,04,白河區,228
23.3492,120.4063,白河,C0X210,2017-02-08T04:00:00+08:00,38.0,197.0,0.5,15.7,0.99,1008.7,-99.0,0.0,-9.9,-99,-999,臺南市,04,白河區,228
23.3492,120.4063,白河,C0X210,2017-02-08T05:00:00+08:00,38.0,68.0,0.6,15.9,0.99,1009.5,-99.0,0.0,-9.9,-99,-999,臺南市,04,白河區,228
23.3492,120.4063,白河,C0X210,2017-02-08T06:00:00+08:00,38.0,349.0,2.0,16.2,0.96,1010.1,-99.0,0.0,-9.9,-99,-999,臺南市,04,白河區,228
23.3492,120.4063,白河,C0X210,2017-02-08T07:00:00+08:00,38.0,16.0,1.6,16.5,0.88,1010.5,-99.0,0.0,-9.9,-99,-999,臺南市,04,白河區,228
23.3492,120.4063,白河,C0X210,2017-02-08T08:00:00+08:00,38.0,51.0,2.5,16.6,0.88,1010.4,-99.0,0.0,-9.9,-99,-999,臺南市,04,白河區,228
23.3492,120.4063,白河,C0X210,2017-02-08T10:00:00+08:00,38.0,339.0,1.9,18.3,0.76,1010.8,-99.0,0.0,-9.9,-99,-999,臺南市,04,白河區,228
23.3492,120.4063,白河,C0X210,2017-02-08T11:00:00+08:00,38.0,297.0,2.4,20.3,0.67,1010.3,-99.0,0.0,-9.9,-99,-999,臺南市,04,白河區,228
23.3492,120.4063,白河,C0X210,2017-02-08T12:00:00+08:00,38.0,314.0,1.8,22.7,0.57,1010.2,-99.0,0.0,-9.9,-99,-999,臺南市,04,白河區,228
23.3492,120.4063,白河,C0X210,2017-02-08T13:00:00+08:00,38.0,327.0,3.7,22.3,0.59,1009.4,-99.0,0.0,-9.9,-99,-999,臺南市,04,白河區,228
23.3492,120.4063,白河,C0X210,2017-02-08T14:00:00+08:00,38.0,331.0,4.7,22.0,0.65,1009.0,-99.0,0.0,-9.9,-99,-999,臺南市,04,白河區,228
23.3492,120.4063,白河,C0X210,2017-02-08T15:00:00+08:00,38.0,349.0,4.7,21.7,0.64,1008.5,-99.0,0.0,-9.9,-99,-999,臺南市,04,白河區,228
23.3492,120.4063,白河,C0X210,2017-02-08T16:00:00+08:00,38.0,15.0,3.4,22.5,0.56,1007.9,-99.0,0.0,-9.9,-99,-999,臺南市,04,白河區,228
23.3492,120.4063,白河,C0X210,2017-02-08T17:00:00+08:00,38.0,353.0,3.6,22.0,0.60,1007.9,-99.0,0.0,-9.9,-99,-999,臺南市,04,白河區,228
23.3492,120.4063,白河,C0X210,2017-02-08T18:00:00+08:00,38.0,351.0,3.4,21.2,0.63,1008.0,-99.0,0.0,-9.9,-99,-999,臺南市,04,白河區,228
23.3492,120.4063,白河,C0X210,2017-02-08T19:00:00+08:00,38.0,10.0,2.2,19.7,0.79,1008.5,-99.0,0.0,-9.9,-99,-999,臺南市,04,白河區,228
23.3492,120.4063,白河,C0X210,2017-02-08T20:00:00+08:00,38.0,360.0,2.7,18.7,0.88,1008.7,-99.0,0.0,-9.9,-99,-999,臺南市,04,白河區,228
23.3492,120.4063,白河,C0X210,2017-02-08T21:00:00+08:00,38.0,355.0,3.0,17.7,0.91,1009.0,-99.0,0.0,-9.9,-99,-999,臺南市,04,白河區,228
23.3492,120.4063,白河,C0X210,2017-02-08T22:00:00+08:00,38.0,1.0,3.6,17.2,0.89,1009.9,-99.0,0.0,-9.9,-99,-999,臺南市,04,白河區,228
23.3492,120.4063,白河,C0X210,2017-02-08T23:00:00+08:00,38.0,6.0,2.2,16.7,0.94,1010.3,-99.0,0.0,-9.9,-99,-999,臺南市,04,白河區,228
23.3492,120.4063,白河,C0X210,2017-02-09T00:00:00+08:00,38.0,19.0,3.6,16.5,0.92,1010.5,-99.0,0.0,-9.9,-99,-999,臺南市,04,白河區,228
23.3492,120.4063,白河,C0X210,2017-02-09T01:00:00+08:00,38.0,16.0,4.2,16.7,0.86,1010.3,-99.0,0.0,-9.9,-99,-999,臺南市,04,白河區,228
23.3492,120.4063,白河,C0X210,2017-02-09T02:00:00+08:00,38.0,18.0,3.8,16.3,0.88,1009.5,-99.0,0.0,-9.9,-99,-999,臺南市,04,白河區,228
23.3492,120.4063,白河,C0X210,2017-02-09T03:00:00+08:00,38.0,4.0,4.5,15.8,0.92,1009.4,-99.0,0.0,-9.9,-99,-999,臺南市,04,白河區,228
23.3492,120.4063,白河,C0X210,2017-02-09T04:00:00+08:00,38.0,359.0,5.9,14.7,0.88,1009.5,-99.0,0.0,-9.9,-99,-999,臺南市,04,白河區,228
23.3492,120.4063,白河,C0X210,2017-02-09T05:00:00+08:00,38.0,9.0,5.1,14.5,0.84,1010.0,-99.0,0.0,-9.9,-99,-999,臺南市,04,白河區,228
23.3492,120.4063,白河,C0X210,2017-02-09T06:00:00+08:00,38.0,19.0,4.3,14.2,0.82,1010.8,-99.0,0.0,-9.9,-99,-999,臺南市,04,白河區,228
23.3492,120.4063,白河,C0X210,2017-02-09T07:00:00+08:00,38.0,11.0,4.0,13.8,0.79,1011.5,-99.0,0.0,-9.9,-99,-999,臺南市,04,白河區,228
23.3492,120.4063,白河,C0X210,2017-02-09T08:00:00+08:00,38.0,352.0,4.1,13.0,0.81,1012.1,-99.0,0.0,-9.9,-99,-999,臺南市,04,白河區,228
23.3492,120.4063,白河,C0X210,2017-02-09T10:00:00+08:00,38.0,6.0,4.7,13.3,0.76,1013.1,-99.0,0.0,-9.9,-99,-999,臺南市,04,白河區,228
23.3492,120.4063,白河,C0X210,2017-02-09T11:00:00+08:00,38.0,20.0,4.9,13.7,0.75,1012.6,-99.0,0.0,-9.9,-99,-999,臺南市,04,白河區,228
23.3492,120.4063,白河,C0X210,2017-02-09T12:00:00+08:00,38.0,13.0,5.1,14.5,0.69,1011.6,-99.0,0.0,-9.9,-99,-999,臺南市,04,白河區,228
23.3492,120.4063,白河,C0X210,2017-02-09T13:00:00+08:00,38.0,13.0,4.3,15.4,0.66,1010.1,-99.0,0.0,-9.9,-99,-999,臺南市,04,白河區,228
23.3492,120.4063,白河,C0X210,2017-02-09T14:00:00+08:00,38.0,351.0,5.2,15.7,0.66,1009.0,-99.0,0.0,-9.9,-99,-999,臺南市,04,白河區,228
23.3492,120.4063,白河,C0X210,2017-02-09T15:00:00+08:00,38.0,12.0,5.5,16.9,0.58,1009.7,-99.0,0.0,-9.9,-99,-999,臺南市,04,白河區,228
23.3492,120.4063,白河,C0X210,2017-02-09T16:00:00+08:00,38.0,18.0,5.8,14.7,0.61,1010.5,-99.0,0.0,-9.9,-99,-999,臺南市,04,白河區,228
23.3492,120.4063,白河,C0X210,2017-02-09T17:00:00+08:00,38.0,10.0,4.7,14.0,0.62,1010.6,-99.0,0.0,-9.9,-99,-999,臺南市,04,白河區,228
23.3492,120.4063,白河,C0X210,2017-02-09T18:00:00+08:00,38.0,8.0,3.5,13.3,0.64,1010.9,-99.0,0.0,-9.9,-99,-999,臺南市,04,白河區,228
23.3492,120.4063,白河,C0X210,2017-02-09T19:00:00+08:00,38.0,351.0,4.6,12.7,0.66,1011.5,-99.0,0.0,-9.9,-99,-999,臺南市,04,白河區,228
23.3492,120.4063,白河,C0X210,2017-02-09T20:00:00+08:00,38.0,355.0,4.0,12.2,0.67,1012.1,-99.0,0.0,-9.9,-99,-999,臺南市,04,白河區,228
23.3492,120.4063,白河,C0X210,2017-02-09T21:00:00+08:00,38.0,356.0,4.3,12.0,0.67,1012.4,-99.0,0.0,-9.9,-99,-999,臺南市,04,白河區,228
23.3492,120.4063,白河,C0X210,2017-02-09T22:00:00+08:00,38.0,17.0,3.7,11.9,0.65,1012.7,-99.0,0.0,-9.9,-99,-999,臺南市,04,白河區,228
23.3492,120.4063,白河,C0X210,2017-02-09T23:00:00+08:00,38.0,4.0,3.0,11.8,0.66,1012.8,-99.0,0.0,-9.9,-99,-999,臺南市,04,白河區,228
23.3492,120.4063,白河,C0X210,2017-02-10T00:00:00+08:00,38.0,3.0,2.3,12.0,0.60,1013.1,-99.0,0.0,-9.9,-99,-999,臺南市,04,白河區,228
23.3492,120.4063,白河,C0X210,2017-02-10T01:00:00+08:00,38.0,2.0,2.8,12.1,0.49,1012.8,-99.0,0.0,-9.9,-99,-999,臺南市,04,白河區,228
23.3492,120.4063,白河,C0X210,2017-02-10T02:00:00+08:00,38.0,10.0,2.7,12.0,0.48,1012.5,-99.0,0.0,-9.9,-99,-999,臺南市,04,白河區,228
23.3492,120.4063,白河,C0X210,2017-02-10T03:00:00+08:00,38.0,14.0,2.4,12.0,0.47,1012.3,-99.0,0.0,-9.9,-99,-999,臺南市,04,白河區,228
23.3492,120.4063,白河,C0X210,2017-02-10T04:00:00+08:00,38.0,10.0,2.1,11.8,0.53,1012.1,-99.0,0.0,-9.9,-99,-999,臺南市,04,白河區,228
23.3492,120.4063,白河,C0X210,2017-02-10T05:00:00+08:00,38.0,3.0,1.3,11.7,0.57,1012.0,-99.0,0.0,-9.9,-99,-999,臺南市,04,白河區,228
23.3492,120.4063,白河,C0X210,2017-02-10T06:00:00+08:00,38.0,351.0,4.4,10.6,0.63,1013.5,-99.0,0.0,-9.9,-99,-999,臺南市,04,白河區,228
23.3492,120.4063,白河,C0X210,2017-02-10T07:00:00+08:00,38.0,33.0,2.7,10.9,0.61,1013.9,-99.0,0.0,-9.9,-99,-999,臺南市,04,白河區,228
23.3492,120.4063,白河,C0X210,2017-02-10T08:00:00+08:00,38.0,12.0,2.5,11.5,0.60,1014.5,-99.0,0.0,-9.9,-99,-999,臺南市,04,白河區,228
23.3492,120.4063,白河,C0X210,2017-02-10T09:00:00+08:00,38.0,2.0,3.0,11.9,0.59,1015.1,-99.0,0.0,-9.9,-99,-999,臺南市,04,白河區,228
23.3492,120.4063,白河,C0X210,2017-02-10T10:00:00+08:00,38.0,346.0,2.7,13.1,0.56,1015.1,-99.0,0.0,-9.9,-99,-999,臺南市,04,白河區,228
23.3492,120.4063,白河,C0X210,2017-02-10T11:00:00+08:00,38.0,352.0,3.4,14.4,0.54,1015.1,-99.0,0.0,-9.9,-99,-999,臺南市,04,白河區,228
23.3492,120.4063,白河,C0X210,2017-02-10T12:00:00+08:00,38.0,334.0,2.7,15.2,0.54,1014.3,-99.0,0.0,-9.9,-99,-999,臺南市,04,白河區,228
23.3492,120.4063,白河,C0X210,2017-02-10T13:00:00+08:00,38.0,334.0,2.9,15.9,0.54,1013.2,-99.0,0.0,-9.9,-99,-999,臺南市,04,白河區,228
23.3492,120.4063,白河,C0X210,2017-02-10T14:00:00+08:00,38.0,330.0,1.8,16.4,0.52,1012.6,-99.0,0.0,-9.9,-99,-999,臺南市,04,白河區,228
23.3492,120.4063,白河,C0X210,2017-02-10T15:00:00+08:00,38.0,4.0,3.0,16.3,0.53,1012.5,-99.0,0.0,-9.9,-99,-999,臺南市,04,白河區,228
23.3492,120.4063,白河,C0X210,2017-02-10T16:00:00+08:00,38.0,348.0,4.5,15.3,0.56,1013.1,-99.0,0.0,-9.9,-99,-999,臺南市,04,白河區,228
23.3492,120.4063,白河,C0X210,2017-02-10T17:00:00+08:00,38.0,350.0,4.6,14.3,0.59,1013.7,-99.0,0.0,-9.9,-99,-999,臺南市,04,白河區,228
23.3492,120.4063,白河,C0X210,2017-02-10T18:00:00+08:00,38.0,3.0,2.8,14.2,0.57,1013.8,-99.0,0.0,-9.9,-99,-999,臺南市,04,白河區,228
23.3492,120.4063,白河,C0X210,2017-02-10T19:00:00+08:00,38.0,348.0,3.3,13.6,0.59,1014.6,-99.0,0.0,-9.9,-99,-999,臺南市,04,白河區,228
23.3492,120.4063,白河,C0X210,2017-02-10T20:00:00+08:00,38.0,3.0,1.8,13.5,0.62,1015.0,-99.0,0.0,-9.9,-99,-999,臺南市,04,白河區,228
23.3492,120.4063,白河,C0X210,2017-02-10T21:00:00+08:00,38.0,357.0,2.6,13.2,0.62,1015.6,-99.0,0.0,-9.9,-99,-999,臺南市,04,白河區,228
23.3492,120.4063,白河,C0X210,2017-02-10T22:00:00+08:00,38.0,358.0,3.9,12.6,0.59,1016.2,-99.0,0.0,-9.9,-99,-999,臺南市,04,白河區,228
23.3492,120.4063,白河,C0X210,2017-02-10T23:00:00+08:00,38.0,353.0,2.6,12.5,0.60,1016.2,-99.0,0.0,-9.9,-99,-999,臺南市,04,白河區,228
23.3492,120.4063,白河,C0X210,2017-02-11T00:00:00+08:00,38.0,11.0,2.4,12.3,0.60,1016.2,-99.0,0.0,-9.9,-99,-999,臺南市,04,白河區,228
23.3492,120.4063,白河,C0X210,2017-02-11T01:00:00+08:00,38.0,358.0,2.9,12.4,0.60,1016.0,-99.0,0.0,-9.9,-99,-999,臺南市,04,白河區,228
23.3492,120.4063,白河,C0X210,2017-02-11T02:00:00+08:00,38.0,49.0,1.9,12.3,0.63,1015.8,-99.0,0.0,-9.9,-99,-999,臺南市,04,白河區,228
23.3492,120.4063,白河,C0X210,2017-02-11T03:00:00+08:00,38.0,15.0,2.0,12.3,0.62,1016.0,-99.0,0.0,-9.9,-99,-999,臺南市,04,白河區,228
23.3492,120.4063,白河,C0X210,2017-02-11T04:00:00+08:00,38.0,67.0,1.5,11.0,0.80,1016.1,-99.0,0.0,-9.9,-99,-999,臺南市,04,白河區,228
23.3492,120.4063,白河,C0X210,2017-02-11T05:00:00+08:00,38.0,23.0,2.2,9.9,0.91,1016.4,-99.0,0.0,-9.9,-99,-999,臺南市,04,白河區,228
23.3492,120.4063,白河,C0X210,2017-02-11T06:00:00+08:00,38.0,32.0,1.6,9.9,0.98,1017.1,-99.0,0.5,-9.9,-99,-999,臺南市,04,白河區,228
23.3492,120.4063,白河,C0X210,2017-02-11T07:00:00+08:00,38.0,51.0,1.1,9.8,0.99,1017.7,-99.0,0.5,-9.9,-99,-999,臺南市,04,白河區,228
23.3492,120.4063,白河,C0X210,2017-02-11T08:00:00+08:00,38.0,45.0,1.9,10.4,0.97,1018.2,-99.0,0.5,-9.9,-99,-999,臺南市,04,白河區,228
23.3492,120.4063,白河,C0X210,2017-02-11T09:00:00+08:00,38.0,30.0,2.2,10.9,0.94,1018.7,-99.0,0.5,-9.9,-99,-999,臺南市,04,白河區,228
23.3492,120.4063,白河,C0X210,2017-02-11T10:00:00+08:00,38.0,19.0,2.3,11.0,0.93,1019.4,-99.0,0.5,-9.9,-99,-999,臺南市,04,白河區,228
23.3492,120.4063,白河,C0X210,2017-02-11T11:00:00+08:00,38.0,14.0,2.3,11.1,0.89,1019.1,-99.0,1.0,-9.9,-99,-999,臺南市,04,白河區,228
23.3492,120.4063,白河,C0X210,2017-02-11T12:00:00+08:00,38.0,35.0,1.6,11.9,0.84,1018.5,-99.0,1.0,-9.9,-99,-999,臺南市,04,白河區,228
23.3492,120.4063,白河,C0X210,2017-02-11T13:00:00+08:00,38.0,34.0,1.6,12.3,0.73,1017.3,-99.0,1.0,-9.9,-99,-999,臺南市,04,白河區,228
23.3492,120.4063,白河,C0X210,2017-02-11T14:00:00+08:00,38.0,4.0,1.7,12.4,0.73,1016.9,-99.0,1.0,-9.9,-99,-999,臺南市,04,白河區,228
23.3492,120.4063,白河,C0X210,2017-02-11T15:00:00+08:00,38.0,65.0,1.4,12.4,0.79,1016.9,-99.0,1.0,-9.9,-99,-999,臺南市,04,白河區,228
23.3492,120.4063,白河,C0X210,2017-02-11T16:00:00+08:00,38.0,81.0,1.5,12.6,0.81,1017.2,-99.0,1.0,-9.9,-99,-999,臺南市,04,白河區,228
23.3492,120.4063,白河,C0X210,2017-02-11T17:00:00+08:00,38.0,78.0,1.1,13.0,0.76,1017.4,-99.0,1.0,-9.9,-99,-999,臺南市,04,白河區,228
23.3492,120.4063,白河,C0X210,2017-02-11T18:00:00+08:00,38.0,57.0,1.1,13.2,0.82,1017.5,-99.0,1.0,-9.9,-99,-999,臺南市,04,白河區,228
23.3492,120.4063,白河,C0X210,2017-02-11T19:00:00+08:00,38.0,10.0,1.3,13.4,0.84,1017.9,-99.0,1.0,-9.9,-99,-999,臺南市,04,白河區,228
23.3492,120.4063,白河,C0X210,2017-02-11T20:00:00+08:00,38.0,0.0,0.0,13.4,0.82,1018.4,-99.0,1.0,-9.9,-99,-999,臺南市,04,白河區,228
23.3492,120.4063,白河,C0X210,2017-02-11T21:00:00+08:00,38.0,314.0,1.3,13.2,0.76,1018.7,-99.0,1.0,-9.9,-99,-999,臺南市,04,白河區,228
23.3492,120.4063,白河,C0X210,2017-02-11T22:00:00+08:00,38.0,358.0,2.0,12.9,0.70,1019.1,-99.0,1.0,-9.9,-99,-999,臺南市,04,白河區,228
23.3492,120.4063,白河,C0X210,2017-02-11T23:00:00+08:00,38.0,12.0,1.2,12.6,0.71,1019.2,-99.0,1.0,-9.9,-99,-999,臺南市,04,白河區,228
23.3492,120.4063,白河,C0X210,2017-02-12T00:00:00+08:00,38.0,351.0,2.4,12.0,0.71,1019.1,-99.0,1.0,-9.9,-99,-999,臺南市,04,白河區,228
23.3492,120.4063,白河,C0X210,2017-02-12T01:00:00+08:00,38.0,325.0,1.3,11.8,0.73,1019.1,-99.0,0.0,-9.9,-99,-999,臺南市,04,白河區,228
23.3492,120.4063,白河,C0X210,2017-02-12T02:00:00+08:00,38.0,315.0,0.9,11.8,0.73,1018.6,-99.0,0.0,-9.9,-99,-999,臺南市,04,白河區,228
23.3492,120.4063,白河,C0X210,2017-02-12T03:00:00+08:00,38.0,333.0,0.8,11.8,0.75,1018.5,-99.0,0.0,-9.9,-99,-999,臺南市,04,白河區,228
23.3492,120.4063,白河,C0X210,2017-02-12T04:00:00+08:00,38.0,55.0,0.8,11.6,0.78,1018.2,-99.0,0.0,-9.9,-99,-999,臺南市,04,白河區,228
23.3492,120.4063,白河,C0X210,2017-02-12T05:00:00+08:00,38.0,335.0,1.0,11.7,0.81,1018.4,-99.0,0.0,-9.9,-99,-999,臺南市,04,白河區,228
23.3492,120.4063,白河,C0X210,2017-02-12T06:00:00+08:00,38.0,24.0,1.4,11.4,0.77,1018.8,-99.0,0.0,-9.9,-99,-999,臺南市,04,白河區,228
23.3492,120.4063,白河,C0X210,2017-02-12T07:00:00+08:00,38.0,11.0,1.9,11.5,0.81,1019.2,-99.0,0.0,-9.9,-99,-999,臺南市,04,白河區,228
23.3492,120.4063,白河,C0X210,2017-02-12T08:00:00+08:00,38.0,16.0,1.8,12.0,0.77,1019.8,-99.0,0.0,-9.9,-99,-999,臺南市,04,白河區,228
23.3492,120.4063,白河,C0X210,2017-02-12T10:00:00+08:00,38.0,13.0,1.7,14.3,0.69,1020.1,-99.0,0.0,-9.9,-99,-999,臺南市,04,白河區,228
23.3492,120.4063,白河,C0X210,2017-02-12T11:00:00+08:00,38.0,359.0,1.2,16.1,0.62,1019.8,-99.0,0.0,-9.9,-99,-999,臺南市,04,白河區,228
23.3492,120.4063,白河,C0X210,2017-02-12T12:00:00+08:00,38.0,340.0,1.9,17.2,0.57,1019.2,-99.0,0.0,-9.9,-99,-999,臺南市,04,白河區,228
23.3492,120.4063,白河,C0X210,2017-02-12T13:00:00+08:00,38.0,333.0,2.9,17.9,0.57,1018.1,-99.0,0.0,-9.9,-99,-999,臺南市,04,白河區,228
23.3492,120.4063,白河,C0X210,2017-02-12T14:00:00+08:00,38.0,318.0,1.5,19.2,0.53,1017.2,-99.0,0.0,-9.9,-99,-999,臺南市,04,白河區,228
23.3492,120.4063,白河,C0X210,2017-02-12T15:00:00+08:00,38.0,2.0,2.5,19.1,0.52,1016.7,-99.0,0.0,-9.9,-99,-999,臺南市,04,白河區,228
23.3492,120.4063,白河,C0X210,2017-02-12T16:00:00+08:00,38.0,343.0,2.8,18.7,0.57,1016.7,-99.0,0.0,-9.9,-99,-999,臺南市,04,白河區,228
23.3492,120.4063,白河,C0X210,2017-02-12T17:00:00+08:00,38.0,352.0,4.5,17.4,0.63,1017.1,-99.0,0.0,-9.9,-99,-999,臺南市,04,白河區,228
23.3492,120.4063,白河,C0X210,2017-02-12T18:00:00+08:00,38.0,359.0,2.8,16.6,0.68,1017.6,-99.0,0.0,-9.9,-99,-999,臺南市,04,白河區,228
23.3492,120.4063,白河,C0X210,2017-02-12T19:00:00+08:00,38.0,350.0,3.0,16.1,0.71,1017.9,-99.0,0.0,-9.9,-99,-999,臺南市,04,白河區,228
23.3492,120.4063,白河,C0X210,2017-02-12T20:00:00+08:00,38.0,350.0,1.8,15.8,0.73,1018.3,-99.0,0.0,-9.9,-99,-999,臺南市,04,白河區,228
23.3492,120.4063,白河,C0X210,2017-02-12T21:00:00+08:00,38.0,356.0,1.3,15.8,0.72,1018.9,-99.0,0.0,-9.9,-99,-999,臺南市,04,白河區,228
23.3492,120.4063,白河,C0X210,2017-02-12T22:00:00+08:00,38.0,333.0,0.6,15.5,0.76,1019.3,-99.0,0.0,-9.9,-99,-999,臺南市,04,白河區,228
23.3492,120.4063,白河,C0X210,2017-02-12T23:00:00+08:00,38.0,353.0,1.5,15.4,0.73,1019.3,-99.0,0.0,-9.9,-99,-999,臺南市,04,白河區,228
23.3492,120.4063,白河,C0X210,2017-02-13T00:00:00+08:00,38.0,352.0,1.5,14.9,0.74,1019.1,-99.0,0.0,-9.9,-99,-999,臺南市,04,白河區,228
23.3492,120.4063,白河,C0X210,2017-02-13T01:00:00+08:00,38.0,4.0,1.2,14.4,0.74,1019.1,-99.0,0.0,-9.9,-99,-999,臺南市,04,白河區,228
23.3492,120.4063,白河,C0X210,2017-02-13T02:00:00+08:00,38.0,23.0,1.8,13.8,0.77,1018.8,-99.0,0.0,-9.9,-99,-999,臺南市,04,白河區,228
23.3492,120.4063,白河,C0X210,2017-02-13T03:00:00+08:00,38.0,65.0,1.5,13.0,0.88,1018.3,-99.0,0.0,-9.9,-99,-999,臺南市,04,白河區,228
23.3492,120.4063,白河,C0X210,2017-02-13T04:00:00+08:00,38.0,349.0,1.4,12.5,0.94,1018.3,-99.0,0.0,-9.9,-99,-999,臺南市,04,白河區,228
23.3492,120.4063,白河,C0X210,2017-02-13T05:00:00+08:00,38.0,61.0,0.8,12.1,0.99,1018.7,-99.0,0.0,-9.9,-99,-999,臺南市,04,白河區,228
23.3492,120.4063,白河,C0X210,2017-02-13T06:00:00+08:00,38.0,0.0,0.0,11.9,0.99,1019.4,-99.0,0.0,-9.9,-99,-999,臺南市,04,白河區,228
23.3492,120.4063,白河,C0X210,2017-02-13T07:00:00+08:00,38.0,53.0,0.4,11.3,0.99,1020.0,-99.0,0.0,-9.9,-99,-999,臺南市,04,白河區,228
23.3492,120.4063,白河,C0X210,2017-02-13T08:00:00+08:00,38.0,29.0,1.5,12.9,0.95,1020.5,-99.0,0.0,-9.9,-99,-999,臺南市,04,白河區,228
23.3492,120.4063,白河,C0X210,2017-02-13T10:00:00+08:00,38.0,353.0,2.3,17.7,0.64,1020.9,-99.0,0.0,-9.9,-99,-999,臺南市,04,白河區,228
23.3492,120.4063,白河,C0X210,2017-02-13T11:00:00+08:00,38.0,1.0,1.6,19.6,0.57,1020.4,-99.0,0.0,-9.9,-99,-999,臺南市,04,白河區,228
23.3492,120.4063,白河,C0X210,2017-02-13T12:00:00+08:00,38.0,335.0,2.6,20.5,0.54,1019.8,-99.0,0.0,-9.9,-99,-999,臺南市,04,白河區,228
23.3492,120.4063,白河,C0X210,2017-02-13T13:00:00+08:00,38.0,317.0,2.8,21.3,0.50,1018.9,-99.0,0.0,-9.9,-99,-999,臺南市,04,白河區,228
23.3492,120.4063,白河,C0X210,2017-02-13T14:00:00+08:00,38.0,347.0,3.4,21.9,0.50,1018.2,-99.0,0.0,-9.9,-99,-999,臺南市,04,白河區,228
23.3492,120.4063,白河,C0X210,2017-02-13T15:00:00+08:00,38.0,359.0,3.5,22.2,0.49,1017.8,-99.0,0.0,-9.9,-99,-999,臺南市,04,白河區,228
23.3492,120.4063,白河,C0X210,2017-02-13T16:00:00+08:00,38.0,337.0,4.0,21.5,0.55,1017.9,-99.0,0.0,-9.9,-99,-999,臺南市,04,白河區,228
23.3492,120.4063,白河,C0X210,2017-02-13T17:00:00+08:00,38.0,329.0,3.6,20.5,0.59,1018.5,-99.0,0.0,-9.9,-99,-999,臺南市,04,白河區,228
23.3492,120.4063,白河,C0X210,2017-02-13T18:00:00+08:00,38.0,341.0,2.3,19.1,0.63,1019.1,-99.0,0.0,-9.9,-99,-999,臺南市,04,白河區,228
23.3492,120.4063,白河,C0X210,2017-02-13T19:00:00+08:00,38.0,332.0,2.0,17.8,0.77,1019.4,-99.0,0.0,-9.9,-99,-999,臺南市,04,白河區,228
23.3492,120.4063,白河,C0X210,2017-02-13T20:00:00+08:00,38.0,354.0,0.8,16.9,0.85,1020.1,-99.0,0.0,-9.9,-99,-999,臺南市,04,白河區,228
23.3492,120.4063,白河,C0X210,2017-02-13T21:00:00+08:00,38.0,166.0,0.6,15.1,0.99,1020.7,-99.0,0.0,-9.9,-99,-999,臺南市,04,白河區,228
23.3492,120.4063,白河,C0X210,2017-02-13T22:00:00+08:00,38.0,139.0,1.0,14.4,0.99,1021.1,-99.0,0.0,-9.9,-99,-999,臺南市,04,白河區,228
23.3492,120.4063,白河,C0X210,2017-02-13T23:00:00+08:00,38.0,43.0,1.0,14.4,0.99,1020.9,-99.0,0.0,-9.9,-99,-999,臺南市,04,白河區,228
23.3492,120.4063,白河,C0X210,2017-02-14T00:00:00+08:00,38.0,187.0,0.5,13.3,0.99,1020.9,-99.0,0.0,-9.9,-99,-999,臺南市,04,白河區,228
23.3492,120.4063,白河,C0X210,2017-02-14T01:00:00+08:00,38.0,127.0,0.6,13.3,0.99,1021.1,-99.0,0.0,-9.9,-99,-999,臺南市,04,白河區,228
23.3492,120.4063,白河,C0X210,2017-02-14T02:00:00+08:00,38.0,138.0,0.6,12.5,0.99,1020.9,-99.0,0.0,-9.9,-99,-999,臺南市,04,白河區,228
23.3492,120.4063,白河,C0X210,2017-02-14T03:00:00+08:00,38.0,0.0,0.0,12.9,0.99,1020.6,-99.0,0.0,-9.9,-99,-999,臺南市,04,白河區,228
23.3492,120.4063,白河,C0X210,2017-02-14T04:00:00+08:00,38.0,63.0,0.5,12.3,0.99,1020.5,-99.0,0.0,-9.9,-99,-999,臺南市,04,白河區,228
23.3492,120.4063,白河,C0X210,2017-02-14T05:00:00+08:00,38.0,0.0,0.0,12.6,0.99,1020.6,-99.0,0.0,-9.9,-99,-999,臺南市,04,白河區,228
23.3492,120.4063,白河,C0X210,2017-02-14T06:00:00+08:00,38.0,0.0,0.0,11.5,0.99,1021.2,-99.0,0.0,-9.9,-99,-999,臺南市,04,白河區,228
23.3492,120.4063,白河,C0X210,2017-02-14T07:00:00+08:00,38.0,0.0,0.0,11.7,0.99,1021.9,-99.0,0.0,-9.9,-99,-999,臺南市,04,白河區,228
23.3492,120.4063,白河,C0X210,2017-02-14T08:00:00+08:00,38.0,47.0,0.8,13.3,0.99,1022.5,-99.0,0.0,-9.9,-99,-999,臺南市,04,白河區,228
23.3492,120.4063,白河,C0X210,2017-02-14T09:00:00+08:00,38.0,53.0,0.7,16.2,0.83,1022.8,-99.0,0.0,-9.9,-99,-999,臺南市,04,白河區,228
23.3492,120.4063,白河,C0X210,2017-02-14T10:00:00+08:00,38.0,346.0,1.4,19.0,0.67,1022.6,-99.0,0.0,-9.9,-99,-999,臺南市,04,白河區,228
23.3492,120.4063,白河,C0X210,2017-02-14T11:00:00+08:00,38.0,339.0,2.2,20.9,0.59,1022.1,-99.0,0.0,-9.9,-99,-999,臺南市,04,白河區,228
23.3492,120.4063,白河,C0X210,2017-02-14T12:00:00+08:00,38.0,335.0,2.8,21.8,0.55,1021.4,-99.0,0.0,-9.9,-99,-999,臺南市,04,白河區,228
23.3492,120.4063,白河,C0X210,2017-02-14T13:00:00+08:00,38.0,316.0,2.8,23.2,0.47,1020.4,-99.0,0.0,-9.9,-99,-999,臺南市,04,白河區,228
23.3492,120.4063,白河,C0X210,2017-02-14T14:00:00+08:00,38.0,340.0,4.0,23.2,0.48,1019.7,-99.0,0.0,-9.9,-99,-999,臺南市,04,白河區,228
23.3492,120.4063,白河,C0X210,2017-02-14T15:00:00+08:00,38.0,340.0,3.9,22.1,0.50,1019.7,-99.0,0.0,-9.9,-99,-999,臺南市,04,白河區,228
23.3492,120.4063,白河,C0X210,2017-02-14T16:00:00+08:00,38.0,336.0,3.1,22.0,0.50,1019.7,-99.0,0.0,-9.9,-99,-999,臺南市,04,白河區,228
23.3492,120.4063,白河,C0X210,2017-02-14T17:00:00+08:00,38.0,340.0,3.0,20.7,0.56,1019.8,-99.0,0.0,-9.9,-99,-999,臺南市,04,白河區,228
23.3492,120.4063,白河,C0X210,2017-02-14T18:00:00+08:00,38.0,329.0,3.5,18.8,0.63,1020.4,-99.0,0.0,-9.9,-99,-999,臺南市,04,白河區,228
23.3492,120.4063,白河,C0X210,2017-02-14T19:00:00+08:00,38.0,340.0,1.7,17.3,0.71,1021.0,-99.0,0.0,-9.9,-99,-999,臺南市,04,白河區,228
23.3492,120.4063,白河,C0X210,2017-02-14T20:00:00+08:00,38.0,338.0,1.0,16.7,0.77,1021.3,-99.0,0.0,-9.9,-99,-999,臺南市,04,白河區,228
23.3492,120.4063,白河,C0X210,2017-02-14T21:00:00+08:00,38.0,297.0,0.4,15.9,0.84,1021.7,-99.0,0.0,-9.9,-99,-999,臺南市,04,白河區,228
23.3492,120.4063,白河,C0X210,2017-02-14T22:00:00+08:00,38.0,147.0,0.8,14.4,0.98,1022.0,-99.0,0.0,-9.9,-99,-999,臺南市,04,白河區,228
23.3492,120.4063,白河,C0X210,2017-02-14T23:00:00+08:00,38.0,147.0,0.6,13.9,0.99,1022.2,-99.0,0.0,-9.9,-99,-999,臺南市,04,白河區,228
23.3492,120.4063,白河,C0X210,2017-02-15T00:00:00+08:00,38.0,145.0,0.6,13.8,0.99,1021.8,-99.0,0.0,-9.9,-99,-999,臺南市,04,白河區,228
23.3492,120.4063,白河,C0X210,2017-02-15T01:00:00+08:00,38.0,131.0,1.0,13.0,0.99,1021.4,-99.0,0.0,-9.9,-99,-999,臺南市,04,白河區,228
23.3492,120.4063,白河,C0X210,2017-02-15T02:00:00+08:00,38.0,140.0,0.4,13.0,0.99,1020.8,-99.0,0.0,-9.9,-99,-999,臺南市,04,白河區,228
23.3492,120.4063,白河,C0X210,2017-02-15T03:00:00+08:00,38.0,146.0,0.6,13.1,0.99,1020.3,-99.0,0.0,-9.9,-99,-999,臺南市,04,白河區,228
23.3492,120.4063,白河,C0X210,2017-02-15T04:00:00+08:00,38.0,112.0,1.5,12.1,0.99,1020.1,-99.0,0.0,-9.9,-99,-999,臺南市,04,白河區,228
23.3492,120.4063,白河,C0X210,2017-02-15T05:00:00+08:00,38.0,0.0,0.0,13.2,0.99,1020.2,-99.0,0.0,-9.9,-99,-999,臺南市,04,白河區,228
23.3492,120.4063,白河,C0X210,2017-02-15T06:00:00+08:00,38.0,102.0,0.8,11.8,0.99,1020.9,-99.0,0.0,-9.9,-99,-999,臺南市,04,白河區,228
23.3492,120.4063,白河,C0X210,2017-02-15T07:00:00+08:00,38.0,99.0,1.3,11.4,0.99,1021.3,-99.0,0.0,-9.9,-99,-999,臺南市,04,白河區,228
23.3492,120.4063,白河,C0X210,2017-02-15T08:00:00+08:00,38.0,0.0,0.0,14.2,0.97,1021.5,-99.0,0.0,-9.9,-99,-999,臺南市,04,白河區,228
23.3492,120.4063,白河,C0X210,2017-02-15T10:00:00+08:00,38.0,309.0,1.1,18.8,0.70,1021.3,-99.0,0.0,-9.9,-99,-999,臺南市,04,白河區,228
23.3492,120.4063,白河,C0X210,2017-02-15T11:00:00+08:00,38.0,310.0,1.7,20.4,0.59,1020.9,-99.0,0.0,-9.9,-99,-999,臺南市,04,白河區,228
23.3492,120.4063,白河,C0X210,2017-02-15T12:00:00+08:00,38.0,319.0,2.1,21.6,0.54,1020.1,-99.0,0.0,-9.9,-99,-999,臺南市,04,白河區,228
23.3492,120.4063,白河,C0X210,2017-02-15T13:00:00+08:00,38.0,297.0,1.9,23.0,0.45,1018.8,-99.0,0.0,-9.9,-99,-999,臺南市,04,白河區,228
23.3492,120.4063,白河,C0X210,2017-02-15T14:00:00+08:00,38.0,336.0,3.0,21.9,0.53,1017.9,-99.0,0.0,-9.9,-99,-999,臺南市,04,白河區,228
23.3492,120.4063,白河,C0X210,2017-02-15T15:00:00+08:00,38.0,339.0,3.5,21.8,0.55,1017.4,-99.0,0.0,-9.9,-99,-999,臺南市,04,白河區,228
23.3492,120.4063,白河,C0X210,2017-02-15T16:00:00+08:00,38.0,326.0,4.0,20.8,0.57,1017.3,-99.0,0.0,-9.9,-99,-999,臺南市,04,白河區,228
23.3492,120.4063,白河,C0X210,2017-02-15T17:00:00+08:00,38.0,348.0,3.8,20.1,0.53,1017.5,-99.0,0.0,-9.9,-99,-999,臺南市,04,白河區,228
23.3492,120.4063,白河,C0X210,2017-02-15T18:00:00+08:00,38.0,352.0,2.8,19.0,0.69,1017.7,-99.0,0.0,-9.9,-99,-999,臺南市,04,白河區,228
23.3492,120.4063,白河,C0X210,2017-02-15T19:00:00+08:00,38.0,353.0,3.0,17.8,0.76,1017.8,-99.0,0.0,-9.9,-99,-999,臺南市,04,白河區,228
23.3492,120.4063,白河,C0X210,2017-02-15T20:00:00+08:00,38.0,352.0,2.8,17.0,0.90,1018.3,-99.0,0.0,-9.9,-99,-999,臺南市,04,白河區,228
23.3492,120.4063,白河,C0X210,2017-02-15T21:00:00+08:00,38.0,347.0,2.1,16.3,0.99,1018.5,-99.0,0.0,-9.9,-99,-999,臺南市,04,白河區,228
23.3492,120.4063,白河,C0X210,2017-02-15T22:00:00+08:00,38.0,312.0,0.6,15.6,0.99,1018.5,-99.0,0.0,-9.9,-99,-999,臺南市,04,白河區,228
23.3492,120.4063,白河,C0X210,2017-02-15T23:00:00+08:00,38.0,320.0,0.6,15.2,0.99,1018.2,-99.0,0.0,-9.9,-99,-999,臺南市,04,白河區,228
23.3492,120.4063,白河,C0X210,2017-02-16T00:00:00+08:00,38.0,6.0,1.3,14.6,0.99,1018.0,-99.0,0.0,-9.9,-99,-999,臺南市,04,白河區,228
23.3492,120.4063,白河,C0X210,2017-02-16T01:00:00+08:00,38.0,0.0,0.0,13.7,0.99,1017.7,-99.0,0.0,-9.9,-99,-999,臺南市,04,白河區,228
23.3492,120.4063,白河,C0X210,2017-02-16T02:00:00+08:00,38.0,0.0,0.0,13.1,0.99,1017.3,-99.0,0.0,-9.9,-99,-999,臺南市,04,白河區,228
23.3492,120.4063,白河,C0X210,2017-02-16T03:00:00+08:00,38.0,81.0,1.2,12.3,0.99,1016.8,-99.0,0.0,-9.9,-99,-999,臺南市,04,白河區,228
23.3492,120.4063,白河,C0X210,2017-02-16T04:00:00+08:00,38.0,45.0,1.7,13.1,0.99,1016.1,-99.0,0.0,-9.9,-99,-999,臺南市,04,白河區,228
23.3492,120.4063,白河,C0X210,2017-02-16T05:00:00+08:00,38.0,16.0,2.2,12.9,0.99,1015.8,-99.0,0.0,-9.9,-99,-999,臺南市,04,白河區,228
23.3492,120.4063,白河,C0X210,2017-02-16T06:00:00+08:00,38.0,17.0,1.5,12.9,0.99,1015.8,-99.0,0.0,-9.9,-99,-999,臺南市,04,白河區,228
23.3492,120.4063,白河,C0X210,2017-02-16T07:00:00+08:00,38.0,30.0,1.3,13.1,0.99,1016.3,-99.0,0.0,-9.9,-99,-999,臺南市,04,白河區,228
23.3492,120.4063,白河,C0X210,2017-02-16T08:00:00+08:00,38.0,10.0,1.3,13.0,0.99,1016.7,-99.0,0.0,-9.9,-99,-999,臺南市,04,白河區,228
23.3492,120.4063,白河,C0X210,2017-02-16T09:00:00+08:00,38.0,79.0,0.4,13.9,0.99,1016.9,-99.0,0.0,-9.9,-99,-999,臺南市,04,白河區,228
23.3492,120.4063,白河,C0X210,2017-02-16T10:00:00+08:00,38.0,344.0,1.0,15.8,0.94,1016.9,-99.0,0.0,-9.9,-99,-999,臺南市,04,白河區,228
23.3492,120.4063,白河,C0X210,2017-02-16T11:00:00+08:00,38.0,306.0,1.2,19.3,0.74,1016.4,-99.0,0.0,-9.9,-99,-999,臺南市,04,白河區,228
23.3492,120.4063,白河,C0X210,2017-02-16T12:00:00+08:00,38.0,360.0,1.6,21.7,0.61,1015.6,-99.0,0.0,-9.9,-99,-999,臺南市,04,白河區,228
23.3492,120.4063,白河,C0X210,2017-02-16T13:00:00+08:00,38.0,352.0,1.9,23.2,0.46,1014.6,-99.0,0.0,-9.9,-99,-999,臺南市,04,白河區,228
23.3492,120.4063,白河,C0X210,2017-02-16T14:00:00+08:00,38.0,15.0,2.4,24.1,0.42,1013.4,-99.0,0.0,-9.9,-99,-999,臺南市,04,白河區,228
23.3492,120.4063,白河,C0X210,2017-02-16T15:00:00+08:00,38.0,333.0,2.2,24.7,0.41,1013.0,-99.0,0.0,-9.9,-99,-999,臺南市,04,白河區,228
23.3492,120.4063,白河,C0X210,2017-02-16T16:00:00+08:00,38.0,303.0,1.9,24.7,0.41,1013.0,-99.0,0.0,-9.9,-99,-999,臺南市,04,白河區,228
23.3492,120.4063,白河,C0X210,2017-02-16T17:00:00+08:00,38.0,310.0,2.8,23.4,0.46,1013.4,-99.0,0.0,-9.9,-99,-999,臺南市,04,白河區,228
23.3492,120.4063,白河,C0X210,2017-02-16T18:00:00+08:00,38.0,326.0,2.9,21.6,0.48,1013.9,-99.0,0.0,-9.9,-99,-999,臺南市,04,白河區,228
23.3492,120.4063,白河,C0X210,2017-02-16T19:00:00+08:00,38.0,349.0,1.5,20.6,0.50,1014.4,-99.0,0.0,-9.9,-99,-999,臺南市,04,白河區,228
23.3492,120.4063,白河,C0X210,2017-02-16T20:00:00+08:00,38.0,86.0,1.1,18.6,0.63,1015.0,-99.0,0.0,-9.9,-99,-999,臺南市,04,白河區,228
23.3492,120.4063,白河,C0X210,2017-02-16T21:00:00+08:00,38.0,142.0,1.2,16.6,0.75,1015.3,-99.0,0.0,-9.9,-99,-999,臺南市,04,白河區,228
23.3492,120.4063,白河,C0X210,2017-02-16T22:00:00+08:00,38.0,141.0,2.2,16.8,0.71,1015.3,-99.0,0.0,-9.9,-99,-999,臺南市,04,白河區,228
23.3492,120.4063,白河,C0X210,2017-02-16T23:00:00+08:00,38.0,115.0,0.6,15.9,0.77,1015.2,-99.0,0.0,-9.9,-99,-999,臺南市,04,白河區,228
23.3492,120.4063,白河,C0X210,2017-02-17T00:00:00+08:00,38.0,0.0,0.0,15.6,0.80,1015.1,-99.0,0.0,-9.9,-99,-999,臺南市,04,白河區,228
23.3492,120.4063,白河,C0X210,2017-02-17T01:00:00+08:00,38.0,56.0,1.9,15.8,0.81,1014.5,-99.0,0.0,-9.9,-99,-999,臺南市,04,白河區,228
23.3492,120.4063,白河,C0X210,2017-02-17T02:00:00+08:00,38.0,43.0,0.9,15.7,0.80,1014.2,-99.0,0.0,-9.9,-99,-999,臺南市,04,白河區,228
23.3492,120.4063,白河,C0X210,2017-02-17T03:00:00+08:00,38.0,69.0,0.7,14.7,0.89,1013.9,-99.0,0.0,-9.9,-99,-999,臺南市,04,白河區,228
23.3492,120.4063,白河,C0X210,2017-02-17T04:00:00+08:00,38.0,74.0,1.6,14.6,0.93,1013.8,-99.0,0.0,-9.9,-99,-999,臺南市,04,白河區,228
23.3492,120.4063,白河,C0X210,2017-02-17T05:00:00+08:00,38.0,70.0,0.4,14.6,0.93,1014.2,-99.0,0.0,-9.9,-99,-999,臺南市,04,白河區,228
23.3492,120.4063,白河,C0X210,2017-02-17T06:00:00+08:00,38.0,53.0,1.3,14.6,0.96,1014.6,-99.0,0.0,-9.9,-99,-999,臺南市,04,白河區,228
23.3492,120.4063,白河,C0X210,2017-02-17T07:00:00+08:00,38.0,61.0,1.7,14.9,0.91,1015.3,-99.0,0.0,-9.9,-99,-999,臺南市,04,白河區,228
23.3492,120.4063,白河,C0X210,2017-02-17T08:00:00+08:00,38.0,37.0,2.0,17.7,0.71,1016.1,-99.0,0.0,-9.9,-99,-999,臺南市,04,白河區,228
23.3492,120.4063,白河,C0X210,2017-02-17T10:00:00+08:00,38.0,348.0,1.9,22.4,0.50,1016.3,-99.0,0.0,-9.9,-99,-999,臺南市,04,白河區,228
23.3492,120.4063,白河,C0X210,2017-02-17T11:00:00+08:00,38.0,328.0,2.1,23.9,0.46,1015.9,-99.0,0.0,-9.9,-99,-999,臺南市,04,白河區,228
23.3492,120.4063,白河,C0X210,2017-02-17T12:00:00+08:00,38.0,353.0,3.0,25.0,0.42,1015.0,-99.0,0.0,-9.9,-99,-999,臺南市,04,白河區,228
23.3492,120.4063,白河,C0X210,2017-02-17T13:00:00+08:00,38.0,320.0,3.2,25.6,0.41,1014.0,-99.0,0.0,-9.9,-99,-999,臺南市,04,白河區,228
23.3492,120.4063,白河,C0X210,2017-02-17T14:00:00+08:00,38.0,337.0,3.3,25.8,0.39,1013.2,-99.0,0.0,-9.9,-99,-999,臺南市,04,白河區,228
23.3492,120.4063,白河,C0X210,2017-02-17T15:00:00+08:00,38.0,321.0,2.4,26.6,0.39,1012.7,-99.0,0.0,-9.9,-99,-999,臺南市,04,白河區,228
23.3492,120.4063,白河,C0X210,2017-02-17T16:00:00+08:00,38.0,334.0,3.2,25.6,0.48,1012.6,-99.0,0.0,-9.9,-99,-999,臺南市,04,白河區,228
23.3492,120.4063,白河,C0X210,2017-02-17T17:00:00+08:00,38.0,325.0,3.8,24.3,0.56,1012.9,-99.0,0.0,-9.9,-99,-999,臺南市,04,白河區,228
23.3492,120.4063,白河,C0X210,2017-02-17T19:00:00+08:00,38.0,8.0,2.9,21.9,0.68,1014.1,-99.0,0.0,-9.9,-99,-999,臺南市,04,白河區,228
23.3492,120.4063,白河,C0X210,2017-02-17T20:00:00+08:00,38.0,44.0,1.8,21.0,0.71,1014.9,-99.0,0.0,-9.9,-99,-999,臺南市,04,白河區,228
23.3492,120.4063,白河,C0X210,2017-02-17T21:00:00+08:00,38.0,43.0,1.6,20.6,0.71,1015.3,-99.0,0.0,-9.9,-99,-999,臺南市,04,白河區,228
23.3492,120.4063,白河,C0X210,2017-02-17T22:00:00+08:00,38.0,62.0,1.0,19.4,0.84,1015.7,-99.0,0.0,-9.9,-99,-999,臺南市,04,白河區,228
23.3492,120.4063,白河,C0X210,2017-02-17T23:00:00+08:00,38.0,51.0,1.7,18.1,0.99,1015.6,-99.0,0.0,-9.9,-99,-999,臺南市,04,白河區,228
23.3492,120.4063,白河,C0X210,2017-02-18T00:00:00+08:00,38.0,56.0,1.2,17.5,0.99,1015.4,-99.0,0.0,-9.9,-99,-999,臺南市,04,白河區,228
23.3492,120.4063,白河,C0X210,2017-02-18T01:00:00+08:00,38.0,83.0,1.2,16.3,0.99,1015.1,-99.0,0.0,-9.9,-99,-999,臺南市,04,白河區,228
23.3492,120.4063,白河,C0X210,2017-02-18T02:00:00+08:00,38.0,356.0,2.5,16.7,0.99,1015.2,-99.0,0.0,-9.9,-99,-999,臺南市,04,白河區,228
23.3492,120.4063,白河,C0X210,2017-02-18T03:00:00+08:00,38.0,36.0,2.3,17.4,0.90,1014.9,-99.0,0.0,-9.9,-99,-999,臺南市,04,白河區,228
23.3492,120.4063,白河,C0X210,2017-02-18T04:00:00+08:00,38.0,3.0,2.5,16.7,0.99,1014.7,-99.0,0.0,-9.9,-99,-999,臺南市,04,白河區,228
23.3492,120.4063,白河,C0X210,2017-02-18T05:00:00+08:00,38.0,33.0,2.0,16.0,0.99,1015.2,-99.0,0.0,-9.9,-99,-999,臺南市,04,白河區,228
23.3492,120.4063,白河,C0X210,2017-02-18T06:00:00+08:00,38.0,42.0,3.1,16.3,0.99,1015.7,-99.0,0.0,-9.9,-99,-999,臺南市,04,白河區,228
23.3492,120.4063,白河,C0X210,2017-02-18T07:00:00+08:00,38.0,31.0,3.2,16.6,0.99,1016.4,-99.0,0.0,-9.9,-99,-999,臺南市,04,白河區,228
23.3492,120.4063,白河,C0X210,2017-02-18T08:00:00+08:00,38.0,42.0,3.7,17.0,0.99,1016.6,-99.0,0.0,-9.9,-99,-999,臺南市,04,白河區,228
23.3492,120.4063,白河,C0X210,2017-02-18T10:00:00+08:00,38.0,19.0,2.7,19.9,0.75,1016.5,-99.0,0.0,-9.9,-99,-999,臺南市,04,白河區,228
23.3492,120.4063,白河,C0X210,2017-02-18T11:00:00+08:00,38.0,345.0,2.8,21.9,0.68,1015.8,-99.0,0.0,-9.9,-99,-999,臺南市,04,白河區,228
23.3492,120.4063,白河,C0X210,2017-02-18T12:00:00+08:00,38.0,344.0,3.9,22.7,0.64,1014.9,-99.0,0.0,-9.9,-99,-999,臺南市,04,白河區,228
23.3492,120.4063,白河,C0X210,2017-02-18T13:00:00+08:00,38.0,343.0,3.5,23.6,0.62,1013.7,-99.0,0.0,-9.9,-99,-999,臺南市,04,白河區,228
23.3492,120.4063,白河,C0X210,2017-02-18T14:00:00+08:00,38.0,331.0,4.7,23.8,0.67,1012.7,-99.0,0.0,-9.9,-99,-999,臺南市,04,白河區,228
23.3492,120.4063,白河,C0X210,2017-02-18T15:00:00+08:00,38.0,339.0,5.1,22.9,0.70,1012.4,-99.0,0.0,-9.9,-99,-999,臺南市,04,白河區,228
23.3492,120.4063,白河,C0X210,2017-02-18T16:00:00+08:00,38.0,353.0,4.5,21.9,0.70,1012.8,-99.0,0.0,-9.9,-99,-999,臺南市,04,白河區,228
23.3492,120.4063,白河,C0X210,2017-02-18T17:00:00+08:00,38.0,357.0,4.1,20.7,0.78,1013.2,-99.0,0.0,-9.9,-99,-999,臺南市,04,白河區,228
23.3492,120.4063,白河,C0X210,2017-02-18T18:00:00+08:00,38.0,8.0,2.7,20.6,0.81,1013.7,-99.0,0.0,-9.9,-99,-999,臺南市,04,白河區,228
23.3492,120.4063,白河,C0X210,2017-02-18T19:00:00+08:00,38.0,357.0,3.8,19.0,0.90,1014.3,-99.0,0.0,-9.9,-99,-999,臺南市,04,白河區,228
23.3492,120.4063,白河,C0X210,2017-02-18T20:00:00+08:00,38.0,353.0,3.1,18.0,0.99,1014.5,-99.0,0.0,-9.9,-99,-999,臺南市,04,白河區,228
23.3492,120.4063,白河,C0X210,2017-02-18T21:00:00+08:00,38.0,349.0,2.5,17.3,0.99,1014.7,-99.0,0.0,-9.9,-99,-999,臺南市,04,白河區,228
23.3492,120.4063,白河,C0X210,2017-02-18T22:00:00+08:00,38.0,324.0,1.9,16.8,0.99,1014.6,-99.0,0.0,-9.9,-99,-999,臺南市,04,白河區,228
23.3492,120.4063,白河,C0X210,2017-02-18T23:00:00+08:00,38.0,347.0,1.3,16.6,0.99,1014.6,-99.0,0.0,-9.9,-99,-999,臺南市,04,白河區,228
23.3492,120.4063,白河,C0X210,2017-02-19T00:00:00+08:00,38.0,151.0,0.5,16.0,0.99,1014.6,-99.0,0.0,-9.9,-99,-999,臺南市,04,白河區,228
23.3492,120.4063,白河,C0X210,2017-02-19T01:00:00+08:00,38.0,151.0,0.3,15.4,0.99,1014.4,-99.0,0.0,-9.9,-99,-999,臺南市,04,白河區,228
23.3492,120.4063,白河,C0X210,2017-02-19T02:00:00+08:00,38.0,93.0,1.2,15.1,0.99,1014.0,-99.0,0.0,-9.9,-99,-999,臺南市,04,白河區,228
23.3492,120.4063,白河,C0X210,2017-02-19T03:00:00+08:00,38.0,354.0,0.6,15.8,0.99,1013.7,-99.0,0.0,-9.9,-99,-999,臺南市,04,白河區,228
23.3492,120.4063,白河,C0X210,2017-02-19T04:00:00+08:00,38.0,148.0,1.2,14.6,0.99,1013.3,-99.0,0.0,-9.9,-99,-999,臺南市,04,白河區,228
23.3492,120.4063,白河,C0X210,2017-02-19T05:00:00+08:00,38.0,204.0,0.8,14.5,0.99,1013.0,-99.0,0.0,-9.9,-99,-999,臺南市,04,白河區,228
23.3492,120.4063,白河,C0X210,2017-02-19T06:00:00+08:00,38.0,196.0,0.5,14.9,0.99,1013.5,-99.0,0.0,-9.9,-99,-999,臺南市,04,白河區,228
23.3492,120.4063,白河,C0X210,2017-02-19T07:00:00+08:00,38.0,0.0,0.2,14.9,0.99,1013.8,-99.0,0.0,-9.9,-99,-999,臺南市,04,白河區,228
23.3492,120.4063,白河,C0X210,2017-02-19T08:00:00+08:00,38.0,219.0,0.3,15.2,0.99,1014.4,-99.0,0.0,-9.9,-99,-999,臺南市,04,白河區,228
23.3492,120.4063,白河,C0X210,2017-02-19T10:00:00+08:00,38.0,35.0,1.0,15.8,0.99,1013.9,-99.0,0.0,-9.9,-99,-999,臺南市,04,白河區,228
23.3492,120.4063,白河,C0X210,2017-02-19T11:00:00+08:00,38.0,316.0,1.4,18.7,0.94,1013.2,-99.0,0.0,-9.9,-99,-999,臺南市,04,白河區,228
23.3492,120.4063,白河,C0X210,2017-02-19T12:00:00+08:00,38.0,341.0,1.3,22.3,0.69,1012.1,-99.0,0.0,-9.9,-99,-999,臺南市,04,白河區,228
23.3492,120.4063,白河,C0X210,2017-02-19T13:00:00+08:00,38.0,295.0,1.7,23.3,0.64,1010.4,-99.0,0.0,-9.9,-99,-999,臺南市,04,白河區,228
23.3492,120.4063,白河,C0X210,2017-02-19T14:00:00+08:00,38.0,310.0,2.3,24.3,0.60,1009.0,-99.0,0.0,-9.9,-99,-999,臺南市,04,白河區,228
23.3492,120.4063,白河,C0X210,2017-02-19T15:00:00+08:00,38.0,288.0,3.1,24.0,0.63,1008.7,-99.0,0.0,-9.9,-99,-999,臺南市,04,白河區,228
23.3492,120.4063,白河,C0X210,2017-02-19T16:00:00+08:00,38.0,313.0,2.7,23.8,0.63,1008.5,-99.0,0.0,-9.9,-99,-999,臺南市,04,白河區,228
23.3492,120.4063,白河,C0X210,2017-02-19T17:00:00+08:00,38.0,329.0,3.1,22.6,0.71,1008.8,-99.0,0.0,-9.9,-99,-999,臺南市,04,白河區,228
23.3492,120.4063,白河,C0X210,2017-02-19T18:00:00+08:00,38.0,1.0,2.7,20.8,0.82,1008.5,-99.0,0.0,-9.9,-99,-999,臺南市,04,白河區,228
23.3492,120.4063,白河,C0X210,2017-02-19T19:00:00+08:00,38.0,3.0,2.8,19.9,0.90,1009.1,-99.0,0.0,-9.9,-99,-999,臺南市,04,白河區,228
23.3492,120.4063,白河,C0X210,2017-02-19T20:00:00+08:00,38.0,15.0,2.2,19.6,0.95,1009.3,-99.0,0.0,-9.9,-99,-999,臺南市,04,白河區,228
23.3492,120.4063,白河,C0X210,2017-02-19T21:00:00+08:00,38.0,347.0,1.7,19.8,0.96,1009.2,-99.0,0.0,-9.9,-99,-999,臺南市,04,白河區,228
23.3492,120.4063,白河,C0X210,2017-02-19T22:00:00+08:00,38.0,258.0,0.5,19.3,0.99,1009.4,-99.0,0.0,-9.9,-99,-999,臺南市,04,白河區,228
23.3492,120.4063,白河,C0X210,2017-02-19T23:00:00+08:00,38.0,11.0,0.3,18.9,0.99,1009.4,-99.0,0.0,-9.9,-99,-999,臺南市,04,白河區,228
23.3492,120.4063,白河,C0X210,2017-02-20T00:00:00+08:00,38.0,115.0,1.2,18.3,0.99,1009.0,-99.0,0.0,-9.9,-99,-999,臺南市,04,白河區,228
23.3492,120.4063,白河,C0X210,2017-02-20T01:00:00+08:00,38.0,0.0,0.2,18.5,0.99,1008.4,-99.0,0.0,-9.9,-99,-999,臺南市,04,白河區,228
23.3492,120.4063,白河,C0X210,2017-02-20T02:00:00+08:00,38.0,77.0,0.8,18.3,0.99,1007.5,-99.0,0.0,-9.9,-99,-999,臺南市,04,白河區,228
23.3492,120.4063,白河,C0X210,2017-02-20T03:00:00+08:00,38.0,0.0,0.2,18.7,0.99,1007.6,-99.0,0.0,-9.9,-99,-999,臺南市,04,白河區,228
23.3492,120.4063,白河,C0X210,2017-02-20T04:00:00+08:00,38.0,6.0,0.4,18.7,0.99,1007.7,-99.0,0.0,-9.9,-99,-999,臺南市,04,白河區,228
23.3492,120.4063,白河,C0X210,2017-02-20T05:00:00+08:00,38.0,16.0,1.8,18.9,0.97,1007.9,-99.0,0.0,-9.9,-99,-999,臺南市,04,白河區,228
23.3492,120.4063,白河,C0X210,2017-02-20T06:00:00+08:00,38.0,51.0,2.0,19.5,0.90,1008.2,-99.0,0.0,-9.9,-99,-999,臺南市,04,白河區,228
23.3492,120.4063,白河,C0X210,2017-02-20T07:00:00+08:00,38.0,343.0,0.7,19.4,0.92,1008.4,-99.0,0.0,-9.9,-99,-999,臺南市,04,白河區,228
23.3492,120.4063,白河,C0X210,2017-02-20T08:00:00+08:00,38.0,151.0,1.0,20.2,0.94,1009.1,-99.0,0.0,-9.9,-99,-999,臺南市,04,白河區,228
23.3492,120.4063,白河,C0X210,2017-02-20T10:00:00+08:00,38.0,201.0,2.0,25.5,0.62,1008.9,-99.0,0.0,-9.9,-99,-999,臺南市,04,白河區,228
23.3492,120.4063,白河,C0X210,2017-02-20T11:00:00+08:00,38.0,197.0,3.9,28.6,0.58,1008.8,-99.0,0.0,-9.9,-99,-999,臺南市,04,白河區,228
23.3492,120.4063,白河,C0X210,2017-02-20T12:00:00+08:00,38.0,222.0,3.0,29.5,0.55,1007.8,-99.0,0.0,-9.9,-99,-999,臺南市,04,白河區,228
23.3492,120.4063,白河,C0X210,2017-02-20T13:00:00+08:00,38.0,218.0,2.9,28.6,0.60,1007.1,-99.0,0.0,-9.9,-99,-999,臺南市,04,白河區,228
23.3492,120.4063,白河,C0X210,2017-02-20T14:00:00+08:00,38.0,244.0,2.5,29.0,0.59,1006.5,-99.0,0.0,-9.9,-99,-999,臺南市,04,白河區,228
23.3492,120.4063,白河,C0X210,2017-02-20T15:00:00+08:00,38.0,301.0,3.2,26.4,0.84,1006.6,-99.0,0.0,-9.9,-99,-999,臺南市,04,白河區,228
23.3492,120.4063,白河,C0X210,2017-02-20T16:00:00+08:00,38.0,307.0,3.4,26.8,0.77,1006.9,-99.0,0.0,-9.9,-99,-999,臺南市,04,白河區,228
23.3492,120.4063,白河,C0X210,2017-02-20T17:00:00+08:00,38.0,18.0,2.3,25.8,0.78,1007.5,-99.0,0.0,-9.9,-99,-999,臺南市,04,白河區,228
23.3492,120.4063,白河,C0X210,2017-02-20T18:00:00+08:00,38.0,331.0,1.5,25.3,0.81,1008.0,-99.0,0.0,-9.9,-99,-999,臺南市,04,白河區,228
23.3492,120.4063,白河,C0X210,2017-02-20T19:00:00+08:00,38.0,352.0,1.6,24.3,0.87,1008.4,-99.0,0.0,-9.9,-99,-999,臺南市,04,白河區,228
23.3492,120.4063,白河,C0X210,2017-02-20T20:00:00+08:00,38.0,14.0,1.6,23.6,0.92,1009.3,-99.0,0.0,-9.9,-99,-999,臺南市,04,白河區,228
23.3492,120.4063,白河,C0X210,2017-02-20T21:00:00+08:00,38.0,41.0,2.8,22.8,0.96,1010.0,-99.0,0.0,-9.9,-99,-999,臺南市,04,白河區,228
23.3492,120.4063,白河,C0X210,2017-02-20T22:00:00+08:00,38.0,46.0,2.5,22.4,0.96,1010.3,-99.0,0.0,-9.9,-99,-999,臺南市,04,白河區,228
23.3492,120.4063,白河,C0X210,2017-02-20T23:00:00+08:00,38.0,28.0,1.4,22.5,0.94,1010.3,-99.0,0.0,-9.9,-99,-999,臺南市,04,白河區,228
23.3492,120.4063,白河,C0X210,2017-02-21T00:00:00+08:00,38.0,284.0,0.3,21.4,0.99,1010.1,-99.0,0.0,-9.9,-99,-999,臺南市,04,白河區,228
23.3492,120.4063,白河,C0X210,2017-02-21T01:00:00+08:00,38.0,88.0,0.9,21.0,0.99,1010.3,-99.0,0.0,-9.9,-99,-999,臺南市,04,白河區,228
23.3492,120.4063,白河,C0X210,2017-02-21T02:00:00+08:00,38.0,330.0,2.0,20.9,0.99,1010.4,-99.0,0.0,-9.9,-99,-999,臺南市,04,白河區,228
23.3492,120.4063,白河,C0X210,2017-02-21T03:00:00+08:00,38.0,353.0,2.5,19.7,0.99,1010.2,-99.0,0.0,-9.9,-99,-999,臺南市,04,白河區,228
23.3492,120.4063,白河,C0X210,2017-02-21T04:00:00+08:00,38.0,354.0,3.3,19.0,0.99,1010.4,-99.0,0.0,-9.9,-99,-999,臺南市,04,白河區,228
23.3492,120.4063,白河,C0X210,2017-02-21T05:00:00+08:00,38.0,15.0,2.1,18.9,0.99,1010.8,-99.0,0.0,-9.9,-99,-999,臺南市,04,白河區,228
23.3492,120.4063,白河,C0X210,2017-02-21T06:00:00+08:00,38.0,21.0,1.6,18.8,0.99,1011.4,-99.0,0.0,-9.9,-99,-999,臺南市,04,白河區,228
23.3492,120.4063,白河,C0X210,2017-02-21T07:00:00+08:00,38.0,343.0,2.4,18.5,0.99,1012.1,-99.0,0.0,-9.9,-99,-999,臺南市,04,白河區,228
23.3492,120.4063,白河,C0X210,2017-02-21T08:00:00+08:00,38.0,14.0,2.5,19.0,0.99,1012.5,-99.0,0.0,-9.9,-99,-999,臺南市,04,白河區,228
23.3492,120.4063,白河,C0X210,2017-02-21T09:00:00+08:00,38.0,38.0,3.2,20.0,0.95,1012.5,-99.0,0.0,-9.9,-99,-999,臺南市,04,白河區,228
23.3492,120.4063,白河,C0X210,2017-02-21T10:00:00+08:00,38.0,335.0,1.8,21.9,0.78,1012.9,-99.0,0.0,-9.9,-99,-999,臺南市,04,白河區,228
23.3492,120.4063,白河,C0X210,2017-02-21T11:00:00+08:00,38.0,3.0,2.5,23.1,0.72,1012.6,-99.0,0.0,-9.9,-99,-999,臺南市,04,白河區,228
23.3492,120.4063,白河,C0X210,2017-02-21T12:00:00+08:00,38.0,343.0,3.0,24.4,0.68,1011.4,-99.0,0.0,-9.9,-99,-999,臺南市,04,白河區,228
23.3492,120.4063,白河,C0X210,2017-02-21T13:00:00+08:00,38.0,334.0,3.7,24.9,0.66,1010.4,-99.0,0.0,-9.9,-99,-999,臺南市,04,白河區,228
23.3492,120.4063,白河,C0X210,2017-02-21T14:00:00+08:00,38.0,351.0,3.3,25.1,0.65,1009.8,-99.0,0.0,-9.9,-99,-999,臺南市,04,白河區,228
23.3492,120.4063,白河,C0X210,2017-02-21T15:00:00+08:00,38.0,318.0,2.5,25.6,0.64,1009.3,-99.0,0.0,-9.9,-99,-999,臺南市,04,白河區,228
23.3492,120.4063,白河,C0X210,2017-02-21T16:00:00+08:00,38.0,333.0,3.1,24.9,0.68,1009.3,-99.0,0.0,-9.9,-99,-999,臺南市,04,白河區,228
23.3492,120.4063,白河,C0X210,2017-02-21T17:00:00+08:00,38.0,339.0,4.2,22.3,0.84,1009.8,-99.0,0.0,-9.9,-99,-999,臺南市,04,白河區,228
23.3492,120.4063,白河,C0X210,2017-02-21T18:00:00+08:00,38.0,329.0,2.4,20.9,0.94,1010.5,-99.0,0.0,-9.9,-99,-999,臺南市,04,白河區,228
23.3492,120.4063,白河,C0X210,2017-02-21T19:00:00+08:00,38.0,347.0,1.4,20.7,0.95,1010.4,-99.0,0.0,-9.9,-99,-999,臺南市,04,白河區,228
23.3492,120.4063,白河,C0X210,2017-02-21T20:00:00+08:00,38.0,309.0,2.1,20.4,0.99,1010.9,-99.0,0.0,-9.9,-99,-999,臺南市,04,白河區,228
23.3492,120.4063,白河,C0X210,2017-02-21T21:00:00+08:00,38.0,18.0,2.4,20.1,0.99,1010.9,-99.0,0.0,-9.9,-99,-999,臺南市,04,白河區,228
23.3492,120.4063,白河,C0X210,2017-02-21T22:00:00+08:00,38.0,323.0,2.3,19.6,0.99,1011.2,-99.0,0.0,-9.9,-99,-999,臺南市,04,白河區,228
23.3492,120.4063,白河,C0X210,2017-02-21T23:00:00+08:00,38.0,6.0,2.1,19.5,0.99,1011.0,-99.0,0.0,-9.9,-99,-999,臺南市,04,白河區,228
23.3492,120.4063,白河,C0X210,2017-02-22T00:00:00+08:00,38.0,344.0,2.5,18.9,0.99,1010.9,-99.0,0.0,-9.9,-99,-999,臺南市,04,白河區,228
23.3492,120.4063,白河,C0X210,2017-02-22T01:00:00+08:00,38.0,317.0,2.2,18.5,0.99,1011.0,-99.0,0.0,-9.9,-99,-999,臺南市,04,白河區,228
23.3492,120.4063,白河,C0X210,2017-02-22T02:00:00+08:00,38.0,355.0,2.4,18.3,0.99,1010.6,-99.0,0.0,-9.9,-99,-999,臺南市,04,白河區,228
23.3492,120.4063,白河,C0X210,2017-02-22T03:00:00+08:00,38.0,9.0,1.7,18.1,0.99,1010.1,-99.0,0.0,-9.9,-99,-999,臺南市,04,白河區,228
23.3492,120.4063,白河,C0X210,2017-02-22T04:00:00+08:00,38.0,25.0,2.4,18.0,0.99,1010.0,-99.0,0.0,-9.9,-99,-999,臺南市,04,白河區,228
23.3492,120.4063,白河,C0X210,2017-02-22T05:00:00+08:00,38.0,23.0,1.9,18.4,0.99,1010.3,-99.0,0.0,-9.9,-99,-999,臺南市,04,白河區,228
23.3492,120.4063,白河,C0X210,2017-02-22T06:00:00+08:00,38.0,14.0,2.0,18.5,0.99,1010.6,-99.0,0.0,-9.9,-99,-999,臺南市,04,白河區,228
23.3492,120.4063,白河,C0X210,2017-02-22T07:00:00+08:00,38.0,42.0,2.9,18.6,0.99,1010.5,-99.0,0.0,-9.9,-99,-999,臺南市,04,白河區,228
23.3492,120.4063,白河,C0X210,2017-02-22T08:00:00+08:00,38.0,7.0,2.3,19.1,0.99,1010.5,-99.0,0.0,-9.9,-99,-999,臺南市,04,白河區,228
23.3492,120.4063,白河,C0X210,2017-02-22T09:00:00+08:00,38.0,11.0,1.8,19.6,0.99,1010.1,-99.0,0.0,-9.9,-99,-999,臺南市,04,白河區,228
23.3492,120.4063,白河,C0X210,2017-02-22T10:00:00+08:00,38.0,126.0,0.9,20.6,0.99,1009.7,-99.0,0.0,-9.9,-99,-999,臺南市,04,白河區,228
23.3492,120.4063,白河,C0X210,2017-02-22T11:00:00+08:00,38.0,299.0,1.6,21.9,0.99,1009.3,-99.0,0.0,-9.9,-99,-999,臺南市,04,白河區,228
23.3492,120.4063,白河,C0X210,2017-02-22T12:00:00+08:00,38.0,19.0,2.0,23.6,0.92,1009.1,-99.0,0.0,-9.9,-99,-999,臺南市,04,白河區,228
23.3492,120.4063,白河,C0X210,2017-02-22T13:00:00+08:00,38.0,9.0,2.6,23.4,0.93,1008.8,-99.0,0.0,-9.9,-99,-999,臺南市,04,白河區,228
23.3492,120.4063,白河,C0X210,2017-02-22T14:00:00+08:00,38.0,328.0,2.6,23.3,0.91,1008.9,-99.0,0.0,-9.9,-99,-999,臺南市,04,白河區,228
23.3492,120.4063,白河,C0X210,2017-02-22T15:00:00+08:00,38.0,42.0,2.9,24.0,0.81,1007.6,-99.0,0.0,-9.9,-99,-999,臺南市,04,白河區,228
23.3492,120.4063,白河,C0X210,2017-02-22T16:00:00+08:00,38.0,358.0,2.5,24.3,0.81,1006.9,-99.0,0.0,-9.9,-99,-999,臺南市,04,白河區,228
23.3492,120.4063,白河,C0X210,2017-02-22T17:00:00+08:00,38.0,318.0,0.6,24.9,0.75,1007.1,-99.0,0.0,-9.9,-99,-999,臺南市,04,白河區,228
23.3492,120.4063,白河,C0X210,2017-02-22T18:00:00+08:00,38.0,139.0,2.4,23.8,0.84,1007.0,-99.0,0.0,-9.9,-99,-999,臺南市,04,白河區,228
23.3492,120.4063,白河,C0X210,2017-02-22T19:00:00+08:00,38.0,309.0,3.0,23.2,0.99,1007.9,-99.0,0.0,-9.9,-99,-999,臺南市,04,白河區,228
23.3492,120.4063,白河,C0X210,2017-02-22T20:00:00+08:00,38.0,41.0,1.5,22.7,1.00,1008.9,-99.0,0.0,-9.9,-99,-999,臺南市,04,白河區,228
23.3492,120.4063,白河,C0X210,2017-02-22T21:00:00+08:00,38.0,24.0,0.8,-98.0,0.99,1009.2,-99.0,0.0,-9.9,-99,-999,臺南市,04,白河區,228
23.3492,120.4063,白河,C0X210,2017-02-22T22:00:00+08:00,38.0,116.0,0.5,21.5,1.00,1009.3,-99.0,0.0,-9.9,-99,-999,臺南市,04,白河區,228
23.3492,120.4063,白河,C0X210,2017-02-22T23:00:00+08:00,38.0,147.0,1.2,21.7,1.00,1009.3,-99.0,0.0,-9.9,-99,-999,臺南市,04,白河區,228
23.3492,120.4063,白河,C0X210,2017-02-23T00:00:00+08:00,38.0,150.0,0.8,21.7,0.99,1009.0,-99.0,0.0,-9.9,-99,-999,臺南市,04,白河區,228
23.3492,120.4063,白河,C0X210,2017-02-23T01:00:00+08:00,38.0,63.0,1.4,21.1,1.00,1008.9,-99.0,0.0,-9.9,-99,-999,臺南市,04,白河區,228
23.3492,120.4063,白河,C0X210,2017-02-23T02:00:00+08:00,38.0,40.0,1.3,21.5,0.99,1008.8,-99.0,0.0,-9.9,-99,-999,臺南市,04,白河區,228
23.3492,120.4063,白河,C0X210,2017-02-23T03:00:00+08:00,38.0,77.0,0.9,20.9,0.99,1008.5,-99.0,0.0,-9.9,-99,-999,臺南市,04,白河區,228
23.3492,120.4063,白河,C0X210,2017-02-23T04:00:00+08:00,38.0,73.0,1.5,21.2,0.99,1008.1,-99.0,0.0,-9.9,-99,-999,臺南市,04,白河區,228
23.3492,120.4063,白河,C0X210,2017-02-23T05:00:00+08:00,38.0,76.0,1.3,21.7,1.00,1008.3,-99.0,0.0,-9.9,-99,-999,臺南市,04,白河區,228
23.3492,120.4063,白河,C0X210,2017-02-23T06:00:00+08:00,38.0,16.0,1.8,21.2,0.99,1009.1,-99.0,0.0,-9.9,-99,-999,臺南市,04,白河區,228
23.3492,120.4063,白河,C0X210,2017-02-23T07:00:00+08:00,38.0,342.0,2.8,20.8,1.00,1009.7,-99.0,0.0,-9.9,-99,-999,臺南市,04,白河區,228
23.3492,120.4063,白河,C0X210,2017-02-23T08:00:00+08:00,38.0,6.0,2.7,21.1,1.00,1009.8,-99.0,0.0,-9.9,-99,-999,臺南市,04,白河區,228
23.3492,120.4063,白河,C0X210,2017-02-23T10:00:00+08:00,38.0,352.0,2.0,23.8,0.95,1010.2,-99.0,0.0,-9.9,-99,-999,臺南市,04,白河區,228
23.3492,120.4063,白河,C0X210,2017-02-23T11:00:00+08:00,38.0,325.0,3.3,24.4,0.86,1010.3,-99.0,0.0,-9.9,-99,-999,臺南市,04,白河區,228
23.3492,120.4063,白河,C0X210,2017-02-23T12:00:00+08:00,38.0,342.0,2.2,25.4,0.80,1009.5,-99.0,0.0,-9.9,-99,-999,臺南市,04,白河區,228
23.3492,120.4063,白河,C0X210,2017-02-23T13:00:00+08:00,38.0,324.0,4.3,25.2,0.78,1008.4,-99.0,0.0,-9.9,-99,-999,臺南市,04,白河區,228
23.3492,120.4063,白河,C0X210,2017-02-23T14:00:00+08:00,38.0,8.0,3.2,24.6,0.79,1007.7,-99.0,0.0,-9.9,-99,-999,臺南市,04,白河區,228
23.3492,120.4063,白河,C0X210,2017-02-23T15:00:00+08:00,38.0,332.0,4.5,23.9,0.80,1008.1,-99.0,0.0,-9.9,-99,-999,臺南市,04,白河區,228
23.3492,120.4063,白河,C0X210,2017-02-23T16:00:00+08:00,38.0,346.0,4.7,21.1,0.87,1008.8,-99.0,0.0,-9.9,-99,-999,臺南市,04,白河區,228
23.3492,120.4063,白河,C0X210,2017-02-23T17:00:00+08:00,38.0,352.0,4.4,19.5,0.89,1009.1,-99.0,0.0,-9.9,-99,-999,臺南市,04,白河區,228
23.3492,120.4063,白河,C0X210,2017-02-23T18:00:00+08:00,38.0,349.0,5.4,17.7,0.92,1010.2,-99.0,0.0,-9.9,-99,-999,臺南市,04,白河區,228
23.3492,120.4063,白河,C0X210,2017-02-23T19:00:00+08:00,38.0,354.0,4.9,15.9,0.93,1011.2,-99.0,0.0,-9.9,-99,-999,臺南市,04,白河區,228
23.3492,120.4063,白河,C0X210,2017-02-23T20:00:00+08:00,38.0,1.0,5.2,15.3,0.90,1012.0,-99.0,0.0,-9.9,-99,-999,臺南市,04,白河區,228
23.3492,120.4063,白河,C0X210,2017-02-23T21:00:00+08:00,38.0,356.0,4.1,14.7,0.91,1012.7,-99.0,0.0,-9.9,-99,-999,臺南市,04,白河區,228
23.3492,120.4063,白河,C0X210,2017-02-23T22:00:00+08:00,38.0,359.0,3.2,14.7,0.90,1013.1,-99.0,0.0,-9.9,-99,-999,臺南市,04,白河區,228
23.3492,120.4063,白河,C0X210,2017-02-23T23:00:00+08:00,38.0,345.0,2.5,14.3,0.89,1013.3,-99.0,0.0,-9.9,-99,-999,臺南市,04,白河區,228
23.3492,120.4063,白河,C0X210,2017-02-24T00:00:00+08:00,38.0,357.0,3.2,14.0,0.91,1013.5,-99.0,0.0,-9.9,-99,-999,臺南市,04,白河區,228
23.3492,120.4063,白河,C0X210,2017-02-24T01:00:00+08:00,38.0,4.0,1.9,14.1,0.94,1013.3,-99.0,0.0,-9.9,-99,-999,臺南市,04,白河區,228
23.3492,120.4063,白河,C0X210,2017-02-24T02:00:00+08:00,38.0,358.0,2.3,14.4,0.91,1013.3,-99.0,0.0,-9.9,-99,-999,臺南市,04,白河區,228
23.3492,120.4063,白河,C0X210,2017-02-24T03:00:00+08:00,38.0,9.0,2.6,13.8,0.93,1013.2,-99.0,0.0,-9.9,-99,-999,臺南市,04,白河區,228
23.3492,120.4063,白河,C0X210,2017-02-24T04:00:00+08:00,38.0,22.0,2.2,14.2,0.93,1012.4,-99.0,0.0,-9.9,-99,-999,臺南市,04,白河區,228
23.3492,120.4063,白河,C0X210,2017-02-24T05:00:00+08:00,38.0,24.0,1.6,14.2,0.95,1012.4,-99.0,0.0,-9.9,-99,-999,臺南市,04,白河區,228
23.3492,120.4063,白河,C0X210,2017-02-24T06:00:00+08:00,38.0,345.0,2.8,14.3,0.91,1013.3,-99.0,0.0,-9.9,-99,-999,臺南市,04,白河區,228
23.3492,120.4063,白河,C0X210,2017-02-24T07:00:00+08:00,38.0,11.0,1.6,14.5,0.90,1013.7,-99.0,0.0,-9.9,-99,-999,臺南市,04,白河區,228
23.3492,120.4063,白河,C0X210,2017-02-24T08:00:00+08:00,38.0,67.0,2.0,14.7,0.95,1014.1,-99.0,0.0,-9.9,-99,-999,臺南市,04,白河區,228
23.3492,120.4063,白河,C0X210,2017-02-24T09:00:00+08:00,38.0,338.0,3.2,14.9,0.90,1015.2,-99.0,0.0,-9.9,-99,-999,臺南市,04,白河區,228
23.3492,120.4063,白河,C0X210,2017-02-24T10:00:00+08:00,38.0,5.0,2.7,15.0,0.90,1015.5,-99.0,0.0,-9.9,-99,-999,臺南市,04,白河區,228
23.3492,120.4063,白河,C0X210,2017-02-24T11:00:00+08:00,38.0,346.0,2.7,15.8,0.89,1014.9,-99.0,0.0,-9.9,-99,-999,臺南市,04,白河區,228
23.3492,120.4063,白河,C0X210,2017-02-24T12:00:00+08:00,38.0,19.0,2.7,15.7,0.86,1014.5,-99.0,0.0,-9.9,-99,-999,臺南市,04,白河區,228
23.3492,120.4063,白河,C0X210,2017-02-24T13:00:00+08:00,38.0,6.0,3.1,15.8,0.87,1014.1,-99.0,0.0,-9.9,-99,-999,臺南市,04,白河區,228
23.3492,120.4063,白河,C0X210,2017-02-24T14:00:00+08:00,38.0,40.0,3.6,15.9,0.88,1012.9,-99.0,0.0,-9.9,-99,-999,臺南市,04,白河區,228
23.3492,120.4063,白河,C0X210,2017-02-24T15:00:00+08:00,38.0,357.0,4.6,15.5,0.89,1013.1,-99.0,0.0,-9.9,-99,-999,臺南市,04,白河區,228
23.3492,120.4063,白河,C0X210,2017-02-24T16:00:00+08:00,38.0,47.0,4.9,14.9,0.87,1012.6,-99.0,0.0,-9.9,-99,-999,臺南市,04,白河區,228
23.3492,120.4063,白河,C0X210,2017-02-24T17:00:00+08:00,38.0,354.0,4.8,14.5,0.90,1013.0,-99.0,0.0,-9.9,-99,-999,臺南市,04,白河區,228
23.3492,120.4063,白河,C0X210,2017-02-24T18:00:00+08:00,38.0,20.0,2.4,14.4,0.90,1013.1,-99.0,0.0,-9.9,-99,-999,臺南市,04,白河區,228
23.3492,120.4063,白河,C0X210,2017-02-24T19:00:00+08:00,38.0,11.0,2.9,14.0,0.90,1014.4,-99.0,0.0,-9.9,-99,-999,臺南市,04,白河區,228
23.3492,120.4063,白河,C0X210,2017-02-24T20:00:00+08:00,38.0,4.0,2.7,14.0,0.94,1014.2,-99.0,0.0,-9.9,-99,-999,臺南市,04,白河區,228
23.3492,120.4063,白河,C0X210,2017-02-24T21:00:00+08:00,38.0,4.0,3.0,13.7,0.92,1014.6,-99.0,0.0,-9.9,-99,-999,臺南市,04,白河區,228
23.3492,120.4063,白河,C0X210,2017-02-24T22:00:00+08:00,38.0,37.0,2.8,13.8,0.92,1014.9,-99.0,0.0,-9.9,-99,-999,臺南市,04,白河區,228
23.3492,120.4063,白河,C0X210,2017-02-24T23:00:00+08:00,38.0,347.0,3.9,13.2,0.99,1015.1,-99.0,0.0,-9.9,-99,-999,臺南市,04,白河區,228
23.3492,120.4063,白河,C0X210,2017-02-25T00:00:00+08:00,38.0,17.0,2.5,13.3,0.99,1014.7,-99.0,0.0,-9.9,-99,-999,臺南市,04,白河區,228
23.3492,120.4063,白河,C0X210,2017-02-25T01:00:00+08:00,38.0,32.0,2.5,13.4,0.99,1014.1,-99.0,0.0,-9.9,-99,-999,臺南市,04,白河區,228
23.3492,120.4063,白河,C0X210,2017-02-25T02:00:00+08:00,38.0,18.0,2.7,13.1,0.99,1013.4,-99.0,0.0,-9.9,-99,-999,臺南市,04,白河區,228
23.3492,120.4063,白河,C0X210,2017-02-25T03:00:00+08:00,38.0,359.0,1.7,13.3,0.99,1012.9,-99.0,0.0,-9.9,-99,-999,臺南市,04,白河區,228
23.3492,120.4063,白河,C0X210,2017-02-25T04:00:00+08:00,38.0,28.0,2.9,13.2,0.99,1013.3,-99.0,0.0,-9.9,-99,-999,臺南市,04,白河區,228
23.3492,120.4063,白河,C0X210,2017-02-25T05:00:00+08:00,38.0,49.0,3.0,13.3,0.99,1012.8,-99.0,0.0,-9.9,-99,-999,臺南市,04,白河區,228
23.3492,120.4063,白河,C0X210,2017-02-25T06:00:00+08:00,38.0,351.0,3.0,13.2,0.99,1012.5,-99.0,0.0,-9.9,-99,-999,臺南市,04,白河區,228
23.3492,120.4063,白河,C0X210,2017-02-25T07:00:00+08:00,38.0,318.0,2.5,13.6,0.99,1013.5,-99.0,0.0,-9.9,-99,-999,臺南市,04,白河區,228
23.3492,120.4063,白河,C0X210,2017-02-25T08:00:00+08:00,38.0,34.0,3.4,13.9,0.99,1014.3,-99.0,0.0,-9.9,-99,-999,臺南市,04,白河區,228
23.3492,120.4063,白河,C0X210,2017-02-25T10:00:00+08:00,38.0,351.0,2.5,15.8,0.95,1013.6,-99.0,0.0,-9.9,-99,-999,臺南市,04,白河區,228
23.3492,120.4063,白河,C0X210,2017-02-25T11:00:00+08:00,38.0,11.0,2.4,16.9,0.85,1013.3,-99.0,0.0,-9.9,-99,-999,臺南市,04,白河區,228
23.3492,120.4063,白河,C0X210,2017-02-25T12:00:00+08:00,38.0,15.0,3.2,17.3,0.85,1012.2,-99.0,0.0,-9.9,-99,-999,臺南市,04,白河區,228
23.3492,120.4063,白河,C0X210,2017-02-25T13:00:00+08:00,38.0,19.0,3.1,18.4,0.78,1011.1,-99.0,0.0,-9.9,-99,-999,臺南市,04,白河區,228
23.3492,120.4063,白河,C0X210,2017-02-25T14:00:00+08:00,38.0,354.0,4.1,18.8,0.77,1010.1,-99.0,0.0,-9.9,-99,-999,臺南市,04,白河區,228
23.3492,120.4063,白河,C0X210,2017-02-25T15:00:00+08:00,38.0,2.0,4.2,18.2,0.82,1009.7,-99.0,0.0,-9.9,-99,-999,臺南市,04,白河區,228
23.3492,120.4063,白河,C0X210,2017-02-25T16:00:00+08:00,38.0,355.0,4.3,17.6,0.87,1010.1,-99.0,0.0,-9.9,-99,-999,臺南市,04,白河區,228
23.3492,120.4063,白河,C0X210,2017-02-25T17:00:00+08:00,38.0,4.0,3.6,16.8,0.89,1010.0,-99.0,0.0,-9.9,-99,-999,臺南市,04,白河區,228
23.3492,120.4063,白河,C0X210,2017-02-25T18:00:00+08:00,38.0,17.0,4.4,15.9,0.93,1010.8,-99.0,0.0,-9.9,-99,-999,臺南市,04,白河區,228
23.3492,120.4063,白河,C0X210,2017-02-25T19:00:00+08:00,38.0,17.0,2.9,15.9,0.93,1011.0,-99.0,0.0,-9.9,-99,-999,臺南市,04,白河區,228
23.3492,120.4063,白河,C0X210,2017-02-25T20:00:00+08:00,38.0,35.0,2.2,15.9,0.95,1010.8,-99.0,0.0,-9.9,-99,-999,臺南市,04,白河區,228
23.3492,120.4063,白河,C0X210,2017-02-25T21:00:00+08:00,38.0,359.0,1.4,15.4,0.96,1011.3,-99.0,0.0,-9.9,-99,-999,臺南市,04,白河區,228
23.3492,120.4063,白河,C0X210,2017-02-25T22:00:00+08:00,38.0,357.0,4.3,14.5,0.99,1012.3,-99.0,0.0,-9.9,-99,-999,臺南市,04,白河區,228
23.3492,120.4063,白河,C0X210,2017-02-25T23:00:00+08:00,38.0,16.0,3.1,14.5,0.99,1012.3,-99.0,0.0,-9.9,-99,-999,臺南市,04,白河區,228
23.3492,120.4063,白河,C0X210,2017-02-26T00:00:00+08:00,38.0,22.0,2.2,14.9,0.99,1012.9,-99.0,0.0,-9.9,-99,-999,臺南市,04,白河區,228
23.3492,120.4063,白河,C0X210,2017-02-26T01:00:00+08:00,38.0,40.0,2.6,15.0,0.99,1012.0,-99.0,0.0,-9.9,-99,-999,臺南市,04,白河區,228
23.3492,120.4063,白河,C0X210,2017-02-26T02:00:00+08:00,38.0,4.0,3.5,14.7,0.99,1011.3,-99.0,0.0,-9.9,-99,-999,臺南市,04,白河區,228
23.3492,120.4063,白河,C0X210,2017-02-26T03:00:00+08:00,38.0,336.0,2.1,14.5,0.99,1011.2,-99.0,0.0,-9.9,-99,-999,臺南市,04,白河區,228
23.3492,120.4063,白河,C0X210,2017-02-26T04:00:00+08:00,38.0,357.0,3.1,14.3,0.99,1012.1,-99.0,0.0,-9.9,-99,-999,臺南市,04,白河區,228
23.3492,120.4063,白河,C0X210,2017-02-26T05:00:00+08:00,38.0,59.0,2.8,14.5,0.99,1012.1,-99.0,0.0,-9.9,-99,-999,臺南市,04,白河區,228
23.3492,120.4063,白河,C0X210,2017-02-26T06:00:00+08:00,38.0,360.0,3.6,14.3,0.99,1012.1,-99.0,0.0,-9.9,-99,-999,臺南市,04,白河區,228
23.3492,120.4063,白河,C0X210,2017-02-26T07:00:00+08:00,38.0,348.0,3.2,14.3,0.99,1013.2,-99.0,0.0,-9.9,-99,-999,臺南市,04,白河區,228
23.3492,120.4063,白河,C0X210,2017-02-26T08:00:00+08:00,38.0,24.0,2.9,14.2,0.99,1014.4,-99.0,0.0,-9.9,-99,-999,臺南市,04,白河區,228
23.3492,120.4063,白河,C0X210,2017-02-26T10:00:00+08:00,38.0,6.0,3.9,15.2,0.92,1014.7,-99.0,0.0,-9.9,-99,-999,臺南市,04,白河區,228
23.3492,120.4063,白河,C0X210,2017-02-26T11:00:00+08:00,38.0,30.0,5.0,16.0,0.86,1014.2,-99.0,0.0,-9.9,-99,-999,臺南市,04,白河區,228
23.3492,120.4063,白河,C0X210,2017-02-26T12:00:00+08:00,38.0,10.0,4.7,17.5,0.75,1013.3,-99.0,0.0,-9.9,-99,-999,臺南市,04,白河區,228
23.3492,120.4063,白河,C0X210,2017-02-26T13:00:00+08:00,38.0,6.0,4.5,18.7,0.67,1012.6,-99.0,0.0,-9.9,-99,-999,臺南市,04,白河區,228
23.3492,120.4063,白河,C0X210,2017-02-26T14:00:00+08:00,38.0,24.0,4.6,19.7,0.63,1011.4,-99.0,0.0,-9.9,-99,-999,臺南市,04,白河區,228
23.3492,120.4063,白河,C0X210,2017-02-26T15:00:00+08:00,38.0,350.0,5.6,19.3,0.67,1010.6,-99.0,0.0,-9.9,-99,-999,臺南市,04,白河區,228
23.3492,120.4063,白河,C0X210,2017-02-26T16:00:00+08:00,38.0,350.0,5.9,18.0,0.72,1011.1,-99.0,0.0,-9.9,-99,-999,臺南市,04,白河區,228
23.3492,120.4063,白河,C0X210,2017-02-26T17:00:00+08:00,38.0,349.0,6.3,16.4,0.79,1011.9,-99.0,0.0,-9.9,-99,-999,臺南市,04,白河區,228
23.3492,120.4063,白河,C0X210,2017-02-26T18:00:00+08:00,38.0,13.0,3.9,15.4,0.84,1012.7,-99.0,0.0,-9.9,-99,-999,臺南市,04,白河區,228
23.3492,120.4063,白河,C0X210,2017-02-26T19:00:00+08:00,38.0,359.0,4.4,14.3,0.87,1013.3,-99.0,0.0,-9.9,-99,-999,臺南市,04,白河區,228
23.3492,120.4063,白河,C0X210,2017-02-26T20:00:00+08:00,38.0,16.0,3.2,13.8,0.91,1013.8,-99.0,0.0,-9.9,-99,-999,臺南市,04,白河區,228
23.3492,120.4063,白河,C0X210,2017-02-26T21:00:00+08:00,38.0,11.0,2.6,13.4,0.93,1014.3,-99.0,0.0,-9.9,-99,-999,臺南市,04,白河區,228
23.3492,120.4063,白河,C0X210,2017-02-26T22:00:00+08:00,38.0,23.0,2.3,13.4,0.94,1014.4,-99.0,0.0,-9.9,-99,-999,臺南市,04,白河區,228
23.3492,120.4063,白河,C0X210,2017-02-26T23:00:00+08:00,38.0,26.0,1.5,13.6,0.94,1014.2,-99.0,0.0,-9.9,-99,-999,臺南市,04,白河區,228
23.3492,120.4063,白河,C0X210,2017-02-27T00:00:00+08:00,38.0,360.0,1.4,13.3,0.96,1013.7,-99.0,0.0,-9.9,-99,-999,臺南市,04,白河區,228
23.3492,120.4063,白河,C0X210,2017-02-27T01:00:00+08:00,38.0,357.0,1.9,13.3,0.96,1013.7,-99.0,0.0,-9.9,-99,-999,臺南市,04,白河區,228
23.3492,120.4063,白河,C0X210,2017-02-27T02:00:00+08:00,38.0,50.0,1.5,13.4,0.97,1013.3,-99.0,0.0,-9.9,-99,-999,臺南市,04,白河區,228
23.3492,120.4063,白河,C0X210,2017-02-27T03:00:00+08:00,38.0,33.0,1.9,13.6,0.96,1012.9,-99.0,0.0,-9.9,-99,-999,臺南市,04,白河區,228
23.3492,120.4063,白河,C0X210,2017-02-27T04:00:00+08:00,38.0,6.0,0.6,13.8,0.94,1013.0,-99.0,0.0,-9.9,-99,-999,臺南市,04,白河區,228
23.3492,120.4063,白河,C0X210,2017-02-27T05:00:00+08:00,38.0,312.0,1.1,13.7,0.92,1013.8,-99.0,0.0,-9.9,-99,-999,臺南市,04,白河區,228
23.3492,120.4063,白河,C0X210,2017-02-27T06:00:00+08:00,38.0,5.0,1.6,13.9,0.90,1014.2,-99.0,0.0,-9.9,-99,-999,臺南市,04,白河區,228
23.3492,120.4063,白河,C0X210,2017-02-27T07:00:00+08:00,38.0,0.0,0.0,14.0,0.92,1014.4,-99.0,0.0,-9.9,-99,-999,臺南市,04,白河區,228
23.3492,120.4063,白河,C0X210,2017-02-27T08:00:00+08:00,38.0,11.0,1.1,14.8,0.87,1014.8,-99.0,0.0,-9.9,-99,-999,臺南市,04,白河區,228
23.3492,120.4063,白河,C0X210,2017-02-27T10:00:00+08:00,38.0,342.0,2.2,17.3,0.74,1015.8,-99.0,0.0,-9.9,-99,-999,臺南市,04,白河區,228
23.3492,120.4063,白河,C0X210,2017-02-27T11:00:00+08:00,38.0,27.0,2.1,18.9,0.69,1015.3,-99.0,0.0,-9.9,-99,-999,臺南市,04,白河區,228
23.3492,120.4063,白河,C0X210,2017-02-27T12:00:00+08:00,38.0,313.0,1.7,19.8,0.65,1014.5,-99.0,0.0,-9.9,-99,-999,臺南市,04,白河區,228
23.3492,120.4063,白河,C0X210,2017-02-27T13:00:00+08:00,38.0,325.0,1.1,20.8,0.62,1013.9,-99.0,0.0,-9.9,-99,-999,臺南市,04,白河區,228
23.3492,120.4063,白河,C0X210,2017-02-27T14:00:00+08:00,38.0,351.0,1.6,21.3,0.60,1013.2,-99.0,0.0,-9.9,-99,-999,臺南市,04,白河區,228
23.3492,120.4063,白河,C0X210,2017-02-27T15:00:00+08:00,38.0,348.0,2.7,20.9,0.61,1013.1,-99.0,0.0,-9.9,-99,-999,臺南市,04,白河區,228
23.3492,120.4063,白河,C0X210,2017-02-27T16:00:00+08:00,38.0,325.0,3.8,20.8,0.62,1013.4,-99.0,0.0,-9.9,-99,-999,臺南市,04,白河區,228
23.3492,120.4063,白河,C0X210,2017-02-27T17:00:00+08:00,38.0,352.0,3.7,19.7,0.64,1013.9,-99.0,0.0,-9.9,-99,-999,臺南市,04,白河區,228
23.3492,120.4063,白河,C0X210,2017-02-27T18:00:00+08:00,38.0,351.0,4.1,18.7,0.67,1014.1,-99.0,0.0,-9.9,-99,-999,臺南市,04,白河區,228
23.3492,120.4063,白河,C0X210,2017-02-27T19:00:00+08:00,38.0,354.0,4.0,17.0,0.70,1014.2,-99.0,0.0,-9.9,-99,-999,臺南市,04,白河區,228
23.3492,120.4063,白河,C0X210,2017-02-27T20:00:00+08:00,38.0,13.0,2.3,16.5,0.73,1014.8,-99.0,0.0,-9.9,-99,-999,臺南市,04,白河區,228
23.3492,120.4063,白河,C0X210,2017-02-27T21:00:00+08:00,38.0,356.0,2.2,15.8,0.79,1014.9,-99.0,0.0,-9.9,-99,-999,臺南市,04,白河區,228
23.3492,120.4063,白河,C0X210,2017-02-27T22:00:00+08:00,38.0,339.0,1.7,15.1,0.85,1015.1,-99.0,0.0,-9.9,-99,-999,臺南市,04,白河區,228
23.3492,120.4063,白河,C0X210,2017-02-27T23:00:00+08:00,38.0,28.0,0.8,14.8,0.88,1015.0,-99.0,0.0,-9.9,-99,-999,臺南市,04,白河區,228
23.3492,120.4063,白河,C0X210,2017-02-28T00:00:00+08:00,38.0,16.0,0.9,14.6,0.89,1015.0,-99.0,0.0,-9.9,-99,-999,臺南市,04,白河區,228
23.3492,120.4063,白河,C0X210,2017-02-28T01:00:00+08:00,38.0,143.0,0.5,13.6,0.99,1014.3,-99.0,0.0,-9.9,-99,-999,臺南市,04,白河區,228
23.3492,120.4063,白河,C0X210,2017-02-28T02:00:00+08:00,38.0,211.0,0.4,13.0,0.99,1014.3,-99.0,0.0,-9.9,-99,-999,臺南市,04,白河區,228
23.3492,120.4063,白河,C0X210,2017-02-28T03:00:00+08:00,38.0,86.0,0.7,13.2,0.99,1014.9,-99.0,0.0,-9.9,-99,-999,臺南市,04,白河區,228
23.3492,120.4063,白河,C0X210,2017-02-28T04:00:00+08:00,38.0,86.0,1.6,13.6,0.99,1014.2,-99.0,0.0,-9.9,-99,-999,臺南市,04,白河區,228
23.3492,120.4063,白河,C0X210,2017-02-28T05:00:00+08:00,38.0,86.0,0.4,13.8,0.99,1013.9,-99.0,0.0,-9.9,-99,-999,臺南市,04,白河區,228
23.3492,120.4063,白河,C0X210,2017-02-28T06:00:00+08:00,38.0,289.0,0.5,14.2,0.99,1014.6,-99.0,0.0,-9.9,-99,-999,臺南市,04,白河區,228
23.3492,120.4063,白河,C0X210,2017-02-28T07:00:00+08:00,38.0,134.0,0.8,13.6,0.99,1015.0,-99.0,0.0,-9.9,-99,-999,臺南市,04,白河區,228
23.3492,120.4063,白河,C0X210,2017-02-28T08:00:00+08:00,38.0,351.0,1.9,14.8,0.96,1015.1,-99.0,0.0,-9.9,-99,-999,臺南市,04,白河區,228
23.3492,120.4063,白河,C0X210,2017-02-28T09:00:00+08:00,38.0,54.0,0.7,17.6,0.77,1015.0,-99.0,0.0,-9.9,-99,-999,臺南市,04,白河區,228
23.3492,120.4063,白河,C0X210,2017-02-28T10:00:00+08:00,38.0,322.0,1.2,19.3,0.73,1014.4,-99.0,0.0,-9.9,-99,-999,臺南市,04,白河區,228
23.3492,120.4063,白河,C0X210,2017-02-28T11:00:00+08:00,38.0,300.0,2.3,20.8,0.64,1014.3,-99.0,0.0,-9.9,-99,-999,臺南市,04,白河區,228
23.3492,120.4063,白河,C0X210,2017-02-28T12:00:00+08:00,38.0,301.0,3.5,21.5,0.61,1013.5,-99.0,0.0,-9.9,-99,-999,臺南市,04,白河區,228
23.3492,120.4063,白河,C0X210,2017-02-28T13:00:00+08:00,38.0,336.0,2.5,22.3,0.56,1012.4,-99.0,0.0,-9.9,-99,-999,臺南市,04,白河區,228
23.3492,120.4063,白河,C0X210,2017-02-28T14:00:00+08:00,38.0,343.0,3.7,22.2,0.61,1011.3,-99.0,0.0,-9.9,-99,-999,臺南市,04,白河區,228
23.3492,120.4063,白河,C0X210,2017-02-28T15:00:00+08:00,38.0,339.0,3.4,22.4,0.60,1010.6,-99.0,0.0,-9.9,-99,-999,臺南市,04,白河區,228
23.3492,120.4063,白河,C0X210,2017-02-28T16:00:00+08:00,38.0,349.0,3.3,22.1,0.62,1010.2,-99.0,0.0,-9.9,-99,-999,臺南市,04,白河區,228
23.3492,120.4063,白河,C0X210,2017-02-28T17:00:00+08:00,38.0,330.0,2.3,22.1,0.62,1010.1,-99.0,0.0,-9.9,-99,-999,臺南市,04,白河區,228
23.3492,120.4063,白河,C0X210,2017-02-28T18:00:00+08:00,38.0,336.0,3.0,20.3,0.73,1010.7,-99.0,0.0,-9.9,-99,-999,臺南市,04,白河區,228
23.3492,120.4063,白河,C0X210,2017-02-28T19:00:00+08:00,38.0,347.0,2.9,18.4,0.83,1011.6,-99.0,0.0,-9.9,-99,-999,臺南市,04,白河區,228
23.3492,120.4063,白河,C0X210,2017-02-28T20:00:00+08:00,38.0,356.0,2.6,18.1,0.83,1011.8,-99.0,0.0,-9.9,-99,-999,臺南市,04,白河區,228
23.3492,120.4063,白河,C0X210,2017-02-28T21:00:00+08:00,38.0,2.0,2.3,17.6,0.84,1012.1,-99.0,0.0,-9.9,-99,-999,臺南市,04,白河區,228
23.3492,120.4063,白河,C0X210,2017-02-28T22:00:00+08:00,38.0,355.0,2.5,17.2,0.89,1012.4,-99.0,0.0,-9.9,-99,-999,臺南市,04,白河區,228
23.3492,120.4063,白河,C0X210,2017-02-28T23:00:00+08:00,38.0,350.0,2.5,17.0,0.91,1012.2,-99.0,0.0,-9.9,-99,-999,臺南市,04,白河區,228
