23.1490,120.0782,七股,C0X310,2017-02-01T07:00:00+08:00,9.0,17.0,5.1,17.5,0.86,1019.6,-99.0,0.0,-9.9,-99,-999,臺南市,04,七股區,253
23.1490,120.0782,七股,C0X310,2017-02-01T05:00:00+08:00,9.0,14.0,7.6,17.5,0.86,1018.5,-99.0,0.0,-9.9,-99,-999,臺南市,04,七股區,253
23.1490,120.0782,七股,C0X310,2017-02-01T02:00:00+08:00,9.0,14.0,6.8,17.7,0.85,1019.0,-99.0,0.0,-9.9,-99,-999,臺南市,04,七股區,253
23.1490,120.0782,七股,C0X310,2017-02-01T11:00:00+08:00,9.0,354.0,6.5,19.5,0.81,1020.4,-99.0,0.0,-9.9,-99,-999,臺南市,04,七股區,253
23.1490,120.0782,七股,C0X310,2017-02-02T10:00:00+08:00,9.0,11.0,7.4,17.7,0.72,1022.6,-99.0,0.0,-9.9,-99,-999,臺南市,04,七股區,253
23.1490,120.0782,七股,C0X310,2017-02-02T09:00:00+08:00,9.0,6.0,6.6,16.8,0.76,1022.6,-99.0,0.0,-9.9,-99,-999,臺南市,04,七股區,253
23.1490,120.0782,七股,C0X310,2017-02-02T08:00:00+08:00,9.0,9.0,6.1,16.0,0.79,1022.2,-99.0,0.0,-9.9,-99,-999,臺南市,04,七股區,253
23.1490,120.0782,七股,C0X310,2017-02-02T11:00:00+08:00,9.0,14.0,7.3,18.5,0.69,1021.9,-99.0,0.0,-9.9,-99,-999,臺南市,04,七股區,253
23.1490,120.0782,七股,C0X310,2017-02-02T14:00:00+08:00,9.0,343.0,11.1,18.9,0.77,1019.4,-99.0,0.0,-9.9,-99,-999,臺南市,04,七股區,253
23.1490,120.0782,七股,C0X310,2017-02-02T15:00:00+08:00,9.0,352.0,11.0,18.8,0.75,1019.1,-99.0,0.0,-9.9,-99,-999,臺南市,04,七股區,253
23.1490,120.0782,七股,C0X310,2017-02-02T16:00:00+08:00,9.0,358.0,9.1,18.9,0.72,1019.3,-99.0,0.0,-9.9,-99,-999,臺南市,04,七股區,253
23.1490,120.0782,七股,C0X310,2017-02-02T17:00:00+08:00,9.0,358.0,8.2,18.2,0.75,1019.7,-99.0,0.0,-9.9,-99,-999,臺南市,04,七股區,253
23.1490,120.0782,七股,C0X310,2017-02-02T18:00:00+08:00,9.0,359.0,7.2,17.9,0.77,1020.0,-99.0,0.0,-9.9,-99,-999,臺南市,04,七股區,253
23.1490,120.0782,七股,C0X310,2017-02-02T19:00:00+08:00,9.0,4.0,7.5,17.5,0.76,1020.3,-99.0,0.0,-9.9,-99,-999,臺南市,04,七股區,253
23.1490,120.0782,七股,C0X310,2017-02-02T20:00:00+08:00,9.0,13.0,6.6,17.2,0.76,1020.6,-99.0,0.0,-9.9,-99,-999,臺南市,04,七股區,253
23.1490,120.0782,七股,C0X310,2017-02-02T21:00:00+08:00,9.0,13.0,4.7,16.9,0.76,1020.8,-99.0,0.0,-9.9,-99,-999,臺南市,04,七股區,253
23.1490,120.0782,七股,C0X310,2017-02-02T22:00:00+08:00,9.0,13.0,3.4,16.8,0.76,1021.1,-99.0,0.0,-9.9,-99,-999,臺南市,04,七股區,253
23.1490,120.0782,七股,C0X310,2017-02-02T23:00:00+08:00,9.0,3.0,3.2,16.8,0.77,1021.1,-99.0,0.0,-9.9,-99,-999,臺南市,04,七股區,253
23.1490,120.0782,七股,C0X310,2017-02-03T00:00:00+08:00,9.0,7.0,4.3,16.5,0.78,1020.9,-99.0,0.0,-9.9,-99,-999,臺南市,04,七股區,253
23.1490,120.0782,七股,C0X310,2017-02-03T01:00:00+08:00,9.0,359.0,4.8,16.5,0.81,1020.4,-99.0,0.0,-9.9,-99,-999,臺南市,04,七股區,253
23.1490,120.0782,七股,C0X310,2017-02-03T02:00:00+08:00,9.0,23.0,3.3,16.1,0.80,1020.3,-99.0,0.0,-9.9,-99,-999,臺南市,04,七股區,253
23.1490,120.0782,七股,C0X310,2017-02-03T03:00:00+08:00,9.0,17.0,2.3,15.8,0.80,1019.9,-99.0,0.0,-9.9,-99,-999,臺南市,04,七股區,253
23.1490,120.0782,七股,C0X310,2017-02-03T04:00:00+08:00,9.0,353.0,1.4,15.6,0.80,1019.6,-99.0,0.0,-9.9,-99,-999,臺南市,04,七股區,253
23.1490,120.0782,七股,C0X310,2017-02-03T05:00:00+08:00,9.0,344.0,3.4,16.1,0.81,1019.8,-99.0,0.0,-9.9,-99,-999,臺南市,04,七股區,253
23.1490,120.0782,七股,C0X310,2017-02-03T06:00:00+08:00,9.0,356.0,4.6,16.3,0.82,1020.0,-99.0,0.0,-9.9,-99,-999,臺南市,04,七股區,253
23.1490,120.0782,七股,C0X310,2017-02-03T07:00:00+08:00,9.0,354.0,3.6,16.4,0.82,1020.1,-99.0,0.0,-9.9,-99,-999,臺南市,04,七股區,253
23.1490,120.0782,七股,C0X310,2017-02-03T08:00:00+08:00,9.0,20.0,3.2,16.8,0.80,1020.7,-99.0,0.0,-9.9,-99,-999,臺南市,04,七股區,253
23.1490,120.0782,七股,C0X310,2017-02-03T10:00:00+08:00,9.0,350.0,5.1,18.3,0.72,1021.1,-99.0,0.0,-9.9,-99,-999,臺南市,04,七股區,253
23.1490,120.0782,七股,C0X310,2017-02-03T11:00:00+08:00,9.0,339.0,5.9,18.8,0.74,1020.3,-99.0,0.0,-9.9,-99,-999,臺南市,04,七股區,253
23.1490,120.0782,七股,C0X310,2017-02-03T12:00:00+08:00,9.0,339.0,8.1,19.3,0.81,1019.2,-99.0,0.0,-9.9,-99,-999,臺南市,04,七股區,253
23.1490,120.0782,七股,C0X310,2017-02-03T13:00:00+08:00,9.0,341.0,9.2,19.1,0.83,1018.2,-99.0,0.0,-9.9,-99,-999,臺南市,04,七股區,253
23.1490,120.0782,七股,C0X310,2017-02-03T14:00:00+08:00,9.0,342.0,10.4,18.8,0.82,1017.3,-99.0,0.0,-9.9,-99,-999,臺南市,04,七股區,253
23.1490,120.0782,七股,C0X310,2017-02-03T15:00:00+08:00,9.0,342.0,10.1,18.7,0.84,1016.8,-99.0,0.0,-9.9,-99,-999,臺南市,04,七股區,253
23.1490,120.0782,七股,C0X310,2017-02-03T16:00:00+08:00,9.0,343.0,9.2,18.6,0.83,1016.8,-99.0,0.0,-9.9,-99,-999,臺南市,04,七股區,253
23.1490,120.0782,七股,C0X310,2017-02-03T17:00:00+08:00,9.0,345.0,9.4,18.1,0.86,1017.3,-99.0,0.0,-9.9,-99,-999,臺南市,04,七股區,253
23.1490,120.0782,七股,C0X310,2017-02-03T18:00:00+08:00,9.0,351.0,9.3,17.6,0.88,1017.8,-99.0,0.0,-9.9,-99,-999,臺南市,04,七股區,253
23.1490,120.0782,七股,C0X310,2017-02-03T19:00:00+08:00,9.0,358.0,8.0,17.4,0.89,1018.4,-99.0,0.0,-9.9,-99,-999,臺南市,04,七股區,253
23.1490,120.0782,七股,C0X310,2017-02-03T20:00:00+08:00,9.0,24.0,4.7,17.3,0.86,1018.8,-99.0,0.0,-9.9,-99,-999,臺南市,04,七股區,253
23.1490,120.0782,七股,C0X310,2017-02-03T21:00:00+08:00,9.0,360.0,4.3,17.3,0.87,1019.1,-99.0,0.0,-9.9,-99,-999,臺南市,04,七股區,253
23.1490,120.0782,七股,C0X310,2017-02-03T22:00:00+08:00,9.0,2.0,5.1,17.4,0.88,1019.1,-99.0,0.0,-9.9,-99,-999,臺南市,04,七股區,253
23.1490,120.0782,七股,C0X310,2017-02-03T23:00:00+08:00,9.0,2.0,5.4,17.4,0.90,1019.0,-99.0,0.0,-9.9,-99,-999,臺南市,04,七股區,253
23.1490,120.0782,七股,C0X310,2017-02-04T00:00:00+08:00,9.0,356.0,5.8,17.4,0.91,1018.5,-99.0,0.0,-9.9,-99,-999,臺南市,04,七股區,253
23.1490,120.0782,七股,C0X310,2017-02-04T01:00:00+08:00,9.0,359.0,6.3,17.2,0.92,1018.4,-99.0,0.0,-9.9,-99,-999,臺南市,04,七股區,253
23.1490,120.0782,七股,C0X310,2017-02-04T02:00:00+08:00,9.0,12.0,4.3,17.3,0.90,1017.7,-99.0,0.0,-9.9,-99,-999,臺南市,04,七股區,253
23.1490,120.0782,七股,C0X310,2017-02-04T03:00:00+08:00,9.0,19.0,3.6,17.4,0.90,1016.9,-99.0,0.0,-9.9,-99,-999,臺南市,04,七股區,253
23.1490,120.0782,七股,C0X310,2017-02-04T04:00:00+08:00,9.0,10.0,4.4,17.3,0.90,1016.5,-99.0,0.0,-9.9,-99,-999,臺南市,04,七股區,253
23.1490,120.0782,七股,C0X310,2017-02-04T05:00:00+08:00,9.0,17.0,4.1,17.3,0.91,1016.4,-99.0,0.0,-9.9,-99,-999,臺南市,04,七股區,253
23.1490,120.0782,七股,C0X310,2017-02-04T06:00:00+08:00,9.0,27.0,4.4,17.0,0.92,1016.6,-99.0,0.0,-9.9,-99,-999,臺南市,04,七股區,253
23.1490,120.0782,七股,C0X310,2017-02-04T07:00:00+08:00,9.0,3.0,3.8,17.2,0.92,1017.4,-99.0,0.0,-9.9,-99,-999,臺南市,04,七股區,253
23.1490,120.0782,七股,C0X310,2017-02-04T08:00:00+08:00,9.0,360.0,4.1,17.4,0.90,1017.5,-99.0,0.0,-9.9,-99,-999,臺南市,04,七股區,253
23.1490,120.0782,七股,C0X310,2017-02-04T10:00:00+08:00,9.0,19.0,3.2,18.0,0.87,1018.0,-99.0,0.0,-9.9,-99,-999,臺南市,04,七股區,253
23.1490,120.0782,七股,C0X310,2017-02-04T11:00:00+08:00,9.0,346.0,3.0,18.3,0.87,1017.2,-99.0,0.0,-9.9,-99,-999,臺南市,04,七股區,253
23.1490,120.0782,七股,C0X310,2017-02-04T12:00:00+08:00,9.0,336.0,3.7,18.6,0.87,1015.9,-99.0,0.0,-9.9,-99,-999,臺南市,04,七股區,253
23.1490,120.0782,七股,C0X310,2017-02-04T13:00:00+08:00,9.0,336.0,4.7,18.8,0.89,1014.7,-99.0,0.0,-9.9,-99,-999,臺南市,04,七股區,253
23.1490,120.0782,七股,C0X310,2017-02-04T14:00:00+08:00,9.0,333.0,4.6,19.0,0.89,1013.3,-99.0,0.0,-9.9,-99,-999,臺南市,04,七股區,253
23.1490,120.0782,七股,C0X310,2017-02-04T15:00:00+08:00,9.0,334.0,4.9,18.7,0.90,1012.8,-99.0,0.0,-9.9,-99,-999,臺南市,04,七股區,253
23.1490,120.0782,七股,C0X310,2017-02-04T16:00:00+08:00,9.0,351.0,4.9,18.7,0.90,1012.8,-99.0,0.0,-9.9,-99,-999,臺南市,04,七股區,253
23.1490,120.0782,七股,C0X310,2017-02-04T17:00:00+08:00,9.0,347.0,4.3,18.4,0.88,1013.1,-99.0,0.0,-9.9,-99,-999,臺南市,04,七股區,253
23.1490,120.0782,七股,C0X310,2017-02-04T18:00:00+08:00,9.0,359.0,3.6,18.5,0.88,1013.1,-99.0,0.0,-9.9,-99,-999,臺南市,04,七股區,253
23.1490,120.0782,七股,C0X310,2017-02-04T19:00:00+08:00,9.0,343.0,3.1,18.6,0.89,1013.7,-99.0,0.0,-9.9,-99,-999,臺南市,04,七股區,253
23.1490,120.0782,七股,C0X310,2017-02-04T20:00:00+08:00,9.0,348.0,5.7,18.2,0.92,1014.2,-99.0,0.0,-9.9,-99,-999,臺南市,04,七股區,253
23.1490,120.0782,七股,C0X310,2017-02-04T21:00:00+08:00,9.0,356.0,3.5,18.3,0.91,1014.4,-99.0,0.0,-9.9,-99,-999,臺南市,04,七股區,253
23.1490,120.0782,七股,C0X310,2017-02-04T22:00:00+08:00,9.0,3.0,3.5,18.0,0.92,1014.4,-99.0,0.0,-9.9,-99,-999,臺南市,04,七股區,253
23.1490,120.0782,七股,C0X310,2017-02-04T23:00:00+08:00,9.0,350.0,3.5,17.9,0.92,1014.5,-99.0,0.0,-9.9,-99,-999,臺南市,04,七股區,253
23.1490,120.0782,七股,C0X310,2017-02-05T00:00:00+08:00,9.0,8.0,3.4,18.1,0.88,1014.3,-99.0,0.0,-9.9,-99,-999,臺南市,04,七股區,253
23.1490,120.0782,七股,C0X310,2017-02-05T01:00:00+08:00,9.0,26.0,2.6,17.8,0.91,1013.6,-99.0,0.0,-9.9,-99,-999,臺南市,04,七股區,253
23.1490,120.0782,七股,C0X310,2017-02-05T02:00:00+08:00,9.0,6.0,2.2,17.6,0.92,1013.0,-99.0,0.0,-9.9,-99,-999,臺南市,04,七股區,253
23.1490,120.0782,七股,C0X310,2017-02-05T03:00:00+08:00,9.0,12.0,3.7,17.6,0.92,1011.9,-99.0,0.0,-9.9,-99,-999,臺南市,04,七股區,253
23.1490,120.0782,七股,C0X310,2017-02-05T04:00:00+08:00,9.0,5.0,3.9,17.5,0.94,1012.2,-99.0,0.0,-9.9,-99,-999,臺南市,04,七股區,253
23.1490,120.0782,七股,C0X310,2017-02-05T05:00:00+08:00,9.0,7.0,5.7,17.1,0.96,1012.3,-99.0,0.0,-9.9,-99,-999,臺南市,04,七股區,253
23.1490,120.0782,七股,C0X310,2017-02-05T06:00:00+08:00,9.0,31.0,4.0,16.7,0.96,1013.1,-99.0,0.0,-9.9,-99,-999,臺南市,04,七股區,253
23.1490,120.0782,七股,C0X310,2017-02-05T07:00:00+08:00,9.0,9.0,4.2,17.0,0.95,1013.4,-99.0,0.0,-9.9,-99,-999,臺南市,04,七股區,253
23.1490,120.0782,七股,C0X310,2017-02-05T08:00:00+08:00,9.0,16.0,3.6,17.6,0.91,1013.9,-99.0,0.0,-9.9,-99,-999,臺南市,04,七股區,253
23.1490,120.0782,七股,C0X310,2017-02-05T10:00:00+08:00,9.0,353.0,5.6,19.3,0.88,1014.2,-99.0,0.0,-9.9,-99,-999,臺南市,04,七股區,253
23.1490,120.0782,七股,C0X310,2017-02-05T11:00:00+08:00,9.0,357.0,7.2,19.0,0.88,1013.8,-99.0,0.0,-9.9,-99,-999,臺南市,04,七股區,253
23.1490,120.0782,七股,C0X310,2017-02-05T12:00:00+08:00,9.0,348.0,4.6,19.7,0.87,1013.0,-99.0,0.0,-9.9,-99,-999,臺南市,04,七股區,253
23.1490,120.0782,七股,C0X310,2017-02-05T13:00:00+08:00,9.0,328.0,5.3,19.8,0.85,1011.8,-99.0,0.0,-9.9,-99,-999,臺南市,04,七股區,253
23.1490,120.0782,七股,C0X310,2017-02-05T14:00:00+08:00,9.0,338.0,7.6,19.2,0.87,1011.6,-99.0,0.0,-9.9,-99,-999,臺南市,04,七股區,253
23.1490,120.0782,七股,C0X310,2017-02-05T15:00:00+08:00,9.0,352.0,9.4,19.2,0.85,1011.0,-99.0,0.0,-9.9,-99,-999,臺南市,04,七股區,253
23.1490,120.0782,七股,C0X310,2017-02-05T16:00:00+08:00,9.0,9.0,8.3,18.9,0.86,1010.7,-99.0,0.0,-9.9,-99,-999,臺南市,04,七股區,253
23.1490,120.0782,七股,C0X310,2017-02-05T17:00:00+08:00,9.0,360.0,7.1,18.9,0.87,1011.0,-99.0,0.0,-9.9,-99,-999,臺南市,04,七股區,253
23.1490,120.0782,七股,C0X310,2017-02-05T18:00:00+08:00,9.0,13.0,6.1,18.9,0.85,1010.9,-99.0,0.0,-9.9,-99,-999,臺南市,04,七股區,253
23.1490,120.0782,七股,C0X310,2017-02-05T19:00:00+08:00,9.0,4.0,5.4,18.9,0.88,1011.7,-99.0,0.0,-9.9,-99,-999,臺南市,04,七股區,253
23.1490,120.0782,七股,C0X310,2017-02-05T20:00:00+08:00,9.0,2.0,6.8,18.6,0.89,1011.9,-99.0,0.0,-9.9,-99,-999,臺南市,04,七股區,253
23.1490,120.0782,七股,C0X310,2017-02-05T21:00:00+08:00,9.0,21.0,5.8,18.4,0.89,1012.3,-99.0,0.0,-9.9,-99,-999,臺南市,04,七股區,253
23.1490,120.0782,七股,C0X310,2017-02-05T22:00:00+08:00,9.0,14.0,5.4,18.1,0.88,1012.7,-99.0,0.0,-9.9,-99,-999,臺南市,04,七股區,253
23.1490,120.0782,七股,C0X310,2017-02-05T23:00:00+08:00,9.0,10.0,4.1,18.0,0.88,1012.8,-99.0,0.0,-9.9,-99,-999,臺南市,04,七股區,253
23.1490,120.0782,七股,C0X310,2017-02-06T00:00:00+08:00,9.0,14.0,4.5,17.9,0.88,1012.8,-99.0,0.0,-9.9,-99,-999,臺南市,04,七股區,253
23.1490,120.0782,七股,C0X310,2017-02-06T01:00:00+08:00,9.0,24.0,3.6,17.8,0.88,1012.6,-99.0,0.0,-9.9,-99,-999,臺南市,04,七股區,253
23.1490,120.0782,七股,C0X310,2017-02-06T02:00:00+08:00,9.0,21.0,4.2,17.5,0.89,1012.3,-99.0,0.0,-9.9,-99,-999,臺南市,04,七股區,253
23.1490,120.0782,七股,C0X310,2017-02-06T03:00:00+08:00,9.0,11.0,3.7,17.1,0.90,1011.8,-99.0,0.0,-9.9,-99,-999,臺南市,04,七股區,253
23.1490,120.0782,七股,C0X310,2017-02-06T04:00:00+08:00,9.0,19.0,3.6,16.8,0.90,1011.9,-99.0,0.0,-9.9,-99,-999,臺南市,04,七股區,253
23.1490,120.0782,七股,C0X310,2017-02-06T05:00:00+08:00,9.0,9.0,5.4,16.9,0.88,1012.5,-99.0,0.0,-9.9,-99,-999,臺南市,04,七股區,253
23.1490,120.0782,七股,C0X310,2017-02-06T06:00:00+08:00,9.0,12.0,5.5,17.0,0.87,1013.4,-99.0,0.0,-9.9,-99,-999,臺南市,04,七股區,253
23.1490,120.0782,七股,C0X310,2017-02-06T07:00:00+08:00,9.0,14.0,4.7,16.7,0.87,1014.2,-99.0,0.0,-9.9,-99,-999,臺南市,04,七股區,253
23.1490,120.0782,七股,C0X310,2017-02-06T08:00:00+08:00,9.0,11.0,3.9,17.0,0.86,1015.1,-99.0,0.0,-9.9,-99,-999,臺南市,04,七股區,253
23.1490,120.0782,七股,C0X310,2017-02-06T10:00:00+08:00,9.0,15.0,6.3,19.5,0.73,1016.4,-99.0,0.0,-9.9,-99,-999,臺南市,04,七股區,253
23.1490,120.0782,七股,C0X310,2017-02-06T11:00:00+08:00,9.0,7.0,6.8,20.8,0.69,1015.8,-99.0,0.0,-9.9,-99,-999,臺南市,04,七股區,253
23.1490,120.0782,七股,C0X310,2017-02-06T12:00:00+08:00,9.0,351.0,8.3,20.4,0.72,1014.9,-99.0,0.0,-9.9,-99,-999,臺南市,04,七股區,253
23.1490,120.0782,七股,C0X310,2017-02-06T13:00:00+08:00,9.0,344.0,9.5,20.1,0.75,1014.0,-99.0,0.0,-9.9,-99,-999,臺南市,04,七股區,253
23.1490,120.0782,七股,C0X310,2017-02-06T14:00:00+08:00,9.0,343.0,10.5,19.8,0.78,1013.5,-99.0,0.0,-9.9,-99,-999,臺南市,04,七股區,253
23.1490,120.0782,七股,C0X310,2017-02-06T15:00:00+08:00,9.0,345.0,11.4,19.5,0.77,1013.2,-99.0,0.0,-9.9,-99,-999,臺南市,04,七股區,253
23.1490,120.0782,七股,C0X310,2017-02-06T16:00:00+08:00,9.0,350.0,12.1,18.9,0.80,1013.4,-99.0,0.0,-9.9,-99,-999,臺南市,04,七股區,253
23.1490,120.0782,七股,C0X310,2017-02-06T17:00:00+08:00,9.0,354.0,11.3,18.2,0.80,1013.5,-99.0,0.0,-9.9,-99,-999,臺南市,04,七股區,253
23.1490,120.0782,七股,C0X310,2017-02-06T18:00:00+08:00,9.0,357.0,8.9,17.9,0.82,1014.1,-99.0,0.0,-9.9,-99,-999,臺南市,04,七股區,253
23.1490,120.0782,七股,C0X310,2017-02-06T19:00:00+08:00,9.0,358.0,7.5,17.7,0.82,1014.6,-99.0,0.0,-9.9,-99,-999,臺南市,04,七股區,253
23.1490,120.0782,七股,C0X310,2017-02-06T20:00:00+08:00,9.0,13.0,7.3,17.7,0.76,1015.1,-99.0,0.0,-9.9,-99,-999,臺南市,04,七股區,253
23.1490,120.0782,七股,C0X310,2017-02-06T21:00:00+08:00,9.0,13.0,6.3,17.6,0.75,1015.3,-99.0,0.0,-9.9,-99,-999,臺南市,04,七股區,253
23.1490,120.0782,七股,C0X310,2017-02-06T22:00:00+08:00,9.0,14.0,4.5,17.3,0.75,1015.6,-99.0,0.0,-9.9,-99,-999,臺南市,04,七股區,253
23.1490,120.0782,七股,C0X310,2017-02-06T23:00:00+08:00,9.0,9.0,3.1,17.1,0.76,1015.9,-99.0,0.0,-9.9,-99,-999,臺南市,04,七股區,253
23.1490,120.0782,七股,C0X310,2017-02-07T00:00:00+08:00,9.0,357.0,5.0,17.0,0.76,1016.1,-99.0,0.0,-9.9,-99,-999,臺南市,04,七股區,253
23.1490,120.0782,七股,C0X310,2017-02-07T01:00:00+08:00,9.0,13.0,4.5,16.9,0.74,1016.3,-99.0,0.0,-9.9,-99,-999,臺南市,04,七股區,253
23.1490,120.0782,七股,C0X310,2017-02-07T02:00:00+08:00,9.0,10.0,5.0,16.9,0.74,1016.1,-99.0,0.0,-9.9,-99,-999,臺南市,04,七股區,253
23.1490,120.0782,七股,C0X310,2017-02-07T03:00:00+08:00,9.0,10.0,3.9,16.7,0.74,1015.7,-99.0,0.0,-9.9,-99,-999,臺南市,04,七股區,253
23.1490,120.0782,七股,C0X310,2017-02-07T04:00:00+08:00,9.0,16.0,3.8,16.3,0.72,1016.0,-99.0,0.0,-9.9,-99,-999,臺南市,04,七股區,253
23.1490,120.0782,七股,C0X310,2017-02-07T05:00:00+08:00,9.0,27.0,2.7,16.0,0.73,1016.0,-99.0,0.0,-9.9,-99,-999,臺南市,04,七股區,253
23.1490,120.0782,七股,C0X310,2017-02-07T06:00:00+08:00,9.0,19.0,2.0,15.6,0.74,1016.5,-99.0,0.0,-9.9,-99,-999,臺南市,04,七股區,253
23.1490,120.0782,七股,C0X310,2017-02-07T07:00:00+08:00,9.0,23.0,2.3,15.6,0.75,1016.7,-99.0,0.0,-9.9,-99,-999,臺南市,04,七股區,253
23.1490,120.0782,七股,C0X310,2017-02-07T08:00:00+08:00,9.0,31.0,2.8,15.9,0.75,1017.3,-99.0,0.0,-9.9,-99,-999,臺南市,04,七股區,253
23.1490,120.0782,七股,C0X310,2017-02-07T10:00:00+08:00,9.0,1.0,4.6,18.5,0.66,1017.7,-99.0,0.0,-9.9,-99,-999,臺南市,04,七股區,253
23.1490,120.0782,七股,C0X310,2017-02-07T11:00:00+08:00,9.0,354.0,4.8,19.9,0.67,1017.3,-99.0,0.0,-9.9,-99,-999,臺南市,04,七股區,253
23.1490,120.0782,七股,C0X310,2017-02-07T12:00:00+08:00,9.0,347.0,8.6,19.8,0.67,1016.4,-99.0,0.0,-9.9,-99,-999,臺南市,04,七股區,253
23.1490,120.0782,七股,C0X310,2017-02-07T13:00:00+08:00,9.0,348.0,8.6,20.1,0.72,1015.5,-99.0,0.0,-9.9,-99,-999,臺南市,04,七股區,253
23.1490,120.0782,七股,C0X310,2017-02-07T14:00:00+08:00,9.0,346.0,7.8,20.6,0.68,1014.8,-99.0,0.0,-9.9,-99,-999,臺南市,04,七股區,253
23.1490,120.0782,七股,C0X310,2017-02-07T15:00:00+08:00,9.0,346.0,9.6,19.4,0.79,1014.6,-99.0,0.0,-9.9,-99,-999,臺南市,04,七股區,253
23.1490,120.0782,七股,C0X310,2017-02-07T16:00:00+08:00,9.0,349.0,9.2,19.1,0.79,1014.5,-99.0,0.0,-9.9,-99,-999,臺南市,04,七股區,253
23.1490,120.0782,七股,C0X310,2017-02-07T17:00:00+08:00,9.0,353.0,7.7,18.8,0.80,1014.6,-99.0,0.0,-9.9,-99,-999,臺南市,04,七股區,253
23.1490,120.0782,七股,C0X310,2017-02-07T18:00:00+08:00,9.0,341.0,7.0,18.1,0.85,1015.1,-99.0,0.0,-9.9,-99,-999,臺南市,04,七股區,253
23.1490,120.0782,七股,C0X310,2017-02-07T19:00:00+08:00,9.0,353.0,6.5,18.0,0.85,1015.4,-99.0,0.0,-9.9,-99,-999,臺南市,04,七股區,253
23.1490,120.0782,七股,C0X310,2017-02-07T20:00:00+08:00,9.0,5.0,5.7,17.7,0.86,1015.6,-99.0,0.0,-9.9,-99,-999,臺南市,04,七股區,253
23.1490,120.0782,七股,C0X310,2017-02-07T21:00:00+08:00,9.0,4.0,4.2,17.7,0.86,1015.7,-99.0,0.0,-9.9,-99,-999,臺南市,04,七股區,253
23.1490,120.0782,七股,C0X310,2017-02-07T22:00:00+08:00,9.0,358.0,3.3,17.6,0.87,1015.8,-99.0,0.0,-9.9,-99,-999,臺南市,04,七股區,253
23.1490,120.0782,七股,C0X310,2017-02-07T23:00:00+08:00,9.0,2.0,2.8,17.6,0.85,1016.0,-99.0,0.0,-9.9,-99,-999,臺南市,04,七股區,253
23.1490,120.0782,七股,C0X310,2017-02-08T00:00:00+08:00,9.0,340.0,3.3,17.6,0.87,1015.7,-99.0,0.0,-9.9,-99,-999,臺南市,04,七股區,253
23.1490,120.0782,七股,C0X310,2017-02-08T01:00:00+08:00,9.0,351.0,3.8,17.5,0.86,1016.1,-99.0,0.0,-9.9,-99,-999,臺南市,04,七股區,253
23.1490,120.0782,七股,C0X310,2017-02-08T02:00:00+08:00,9.0,360.0,3.5,17.3,0.85,1015.8,-99.0,0.0,-9.9,-99,-999,臺南市,04,七股區,253
23.1490,120.0782,七股,C0X310,2017-02-08T03:00:00+08:00,9.0,10.0,3.1,17.2,0.84,1015.2,-99.0,0.0,-9.9,-99,-999,臺南市,04,七股區,253
23.1490,120.0782,七股,C0X310,2017-02-08T04:00:00+08:00,9.0,355.0,3.0,16.9,0.85,1014.7,-99.0,0.0,-9.9,-99,-999,臺南市,04,七股區,253
23.1490,120.0782,七股,C0X310,2017-02-08T05:00:00+08:00,9.0,356.0,5.5,17.4,0.87,1015.3,-99.0,0.0,-9.9,-99,-999,臺南市,04,七股區,253
23.1490,120.0782,七股,C0X310,2017-02-08T06:00:00+08:00,9.0,1.0,5.3,16.9,0.89,1015.9,-99.0,0.0,-9.9,-99,-999,臺南市,04,七股區,253
23.1490,120.0782,七股,C0X310,2017-02-08T07:00:00+08:00,9.0,10.0,4.5,16.9,0.88,1016.2,-99.0,0.0,-9.9,-99,-999,臺南市,04,七股區,253
23.1490,120.0782,七股,C0X310,2017-02-08T08:00:00+08:00,9.0,9.0,5.2,17.0,0.85,1016.4,-99.0,0.0,-9.9,-99,-999,臺南市,04,七股區,253
23.1490,120.0782,七股,C0X310,2017-02-08T10:00:00+08:00,9.0,347.0,3.4,17.9,0.80,1016.8,-99.0,0.0,-9.9,-99,-999,臺南市,04,七股區,253
23.1490,120.0782,七股,C0X310,2017-02-08T11:00:00+08:00,9.0,330.0,6.3,18.9,0.78,1016.7,-99.0,0.0,-9.9,-99,-999,臺南市,04,七股區,253
23.1490,120.0782,七股,C0X310,2017-02-08T12:00:00+08:00,9.0,328.0,6.7,19.3,0.77,1016.2,-99.0,0.0,-9.9,-99,-999,臺南市,04,七股區,253
23.1490,120.0782,七股,C0X310,2017-02-08T13:00:00+08:00,9.0,340.0,9.5,18.7,0.82,1015.8,-99.0,0.0,-9.9,-99,-999,臺南市,04,七股區,253
23.1490,120.0782,七股,C0X310,2017-02-08T14:00:00+08:00,9.0,346.0,10.1,18.2,0.81,1015.2,-99.0,0.0,-9.9,-99,-999,臺南市,04,七股區,253
23.1490,120.0782,七股,C0X310,2017-02-08T15:00:00+08:00,9.0,353.0,8.9,18.6,0.81,1014.5,-99.0,0.0,-9.9,-99,-999,臺南市,04,七股區,253
23.1490,120.0782,七股,C0X310,2017-02-08T16:00:00+08:00,9.0,354.0,6.6,19.6,0.82,1013.8,-99.0,0.0,-9.9,-99,-999,臺南市,04,七股區,253
23.1490,120.0782,七股,C0X310,2017-02-08T17:00:00+08:00,9.0,343.0,7.2,19.3,0.81,1013.9,-99.0,0.0,-9.9,-99,-999,臺南市,04,七股區,253
23.1490,120.0782,七股,C0X310,2017-02-08T18:00:00+08:00,9.0,346.0,6.1,18.7,0.86,1014.1,-99.0,0.0,-9.9,-99,-999,臺南市,04,七股區,253
23.1490,120.0782,七股,C0X310,2017-02-08T19:00:00+08:00,9.0,12.0,5.3,18.6,0.84,1014.1,-99.0,0.0,-9.9,-99,-999,臺南市,04,七股區,253
23.1490,120.0782,七股,C0X310,2017-02-08T20:00:00+08:00,9.0,359.0,6.5,18.1,0.86,1014.4,-99.0,0.0,-9.9,-99,-999,臺南市,04,七股區,253
23.1490,120.0782,七股,C0X310,2017-02-08T21:00:00+08:00,9.0,13.0,4.8,17.8,0.83,1015.1,-99.0,0.0,-9.9,-99,-999,臺南市,04,七股區,253
23.1490,120.0782,七股,C0X310,2017-02-08T22:00:00+08:00,9.0,1.0,6.8,17.7,0.88,1015.7,-99.0,0.0,-9.9,-99,-999,臺南市,04,七股區,253
23.1490,120.0782,七股,C0X310,2017-02-08T23:00:00+08:00,9.0,357.0,9.4,17.5,0.89,1016.1,-99.0,0.0,-9.9,-99,-999,臺南市,04,七股區,253
23.1490,120.0782,七股,C0X310,2017-02-09T00:00:00+08:00,9.0,359.0,10.6,17.3,0.86,1016.0,-99.0,0.0,-9.9,-99,-999,臺南市,04,七股區,253
23.1490,120.0782,七股,C0X310,2017-02-09T01:00:00+08:00,9.0,15.0,10.1,17.1,0.82,1016.2,-99.0,0.0,-9.9,-99,-999,臺南市,04,七股區,253
23.1490,120.0782,七股,C0X310,2017-02-09T02:00:00+08:00,9.0,10.0,9.2,16.6,0.84,1015.6,-99.0,0.0,-9.9,-99,-999,臺南市,04,七股區,253
23.1490,120.0782,七股,C0X310,2017-02-09T03:00:00+08:00,9.0,7.0,10.7,16.2,0.82,1015.3,-99.0,0.0,-9.9,-99,-999,臺南市,04,七股區,253
23.1490,120.0782,七股,C0X310,2017-02-09T04:00:00+08:00,9.0,2.0,11.5,15.6,0.82,1015.4,-99.0,0.0,-9.9,-99,-999,臺南市,04,七股區,253
23.1490,120.0782,七股,C0X310,2017-02-09T05:00:00+08:00,9.0,7.0,11.7,15.4,0.81,1016.2,-99.0,0.0,-9.9,-99,-999,臺南市,04,七股區,253
23.1490,120.0782,七股,C0X310,2017-02-09T06:00:00+08:00,9.0,10.0,12.3,14.7,0.78,1016.9,-99.0,0.0,-9.9,-99,-999,臺南市,04,七股區,253
23.1490,120.0782,七股,C0X310,2017-02-09T07:00:00+08:00,9.0,5.0,12.0,13.9,0.78,1017.6,-99.0,0.0,-9.9,-99,-999,臺南市,04,七股區,253
23.1490,120.0782,七股,C0X310,2017-02-09T08:00:00+08:00,9.0,10.0,9.7,13.8,0.72,1018.3,-99.0,0.0,-9.9,-99,-999,臺南市,04,七股區,253
23.1490,120.0782,七股,C0X310,2017-02-09T10:00:00+08:00,9.0,10.0,11.4,15.2,0.68,1019.0,-99.0,0.0,-9.9,-99,-999,臺南市,04,七股區,253
23.1490,120.0782,七股,C0X310,2017-02-09T11:00:00+08:00,9.0,360.0,12.5,15.3,0.72,1018.5,-99.0,0.0,-9.9,-99,-999,臺南市,04,七股區,253
23.1490,120.0782,七股,C0X310,2017-02-09T12:00:00+08:00,9.0,355.0,13.2,15.5,0.70,1017.5,-99.0,0.0,-9.9,-99,-999,臺南市,04,七股區,253
23.1490,120.0782,七股,C0X310,2017-02-09T13:00:00+08:00,9.0,354.0,12.0,15.7,0.65,1016.3,-99.0,0.0,-9.9,-99,-999,臺南市,04,七股區,253
23.1490,120.0782,七股,C0X310,2017-02-09T14:00:00+08:00,9.0,350.0,13.3,15.7,0.65,1015.3,-99.0,0.0,-9.9,-99,-999,臺南市,04,七股區,253
23.1490,120.0782,七股,C0X310,2017-02-09T15:00:00+08:00,9.0,348.0,14.6,14.7,0.73,1016.1,-99.0,0.0,-9.9,-99,-999,臺南市,04,七股區,253
23.1490,120.0782,七股,C0X310,2017-02-09T16:00:00+08:00,9.0,5.0,13.5,14.1,0.69,1016.8,-99.0,0.0,-9.9,-99,-999,臺南市,04,七股區,253
23.1490,120.0782,七股,C0X310,2017-02-09T17:00:00+08:00,9.0,4.0,12.3,13.7,0.67,1017.0,-99.0,0.0,-9.9,-99,-999,臺南市,04,七股區,253
23.1490,120.0782,七股,C0X310,2017-02-09T18:00:00+08:00,9.0,3.0,12.5,13.2,0.66,1017.1,-99.0,0.0,-9.9,-99,-999,臺南市,04,七股區,253
23.1490,120.0782,七股,C0X310,2017-02-09T19:00:00+08:00,9.0,5.0,11.1,12.9,0.69,1017.8,-99.0,0.0,-9.9,-99,-999,臺南市,04,七股區,253
23.1490,120.0782,七股,C0X310,2017-02-09T20:00:00+08:00,9.0,9.0,10.4,12.6,0.69,1018.1,-99.0,0.0,-9.9,-99,-999,臺南市,04,七股區,253
23.1490,120.0782,七股,C0X310,2017-02-09T21:00:00+08:00,9.0,9.0,10.1,12.3,0.64,1018.4,-99.0,0.0,-9.9,-99,-999,臺南市,04,七股區,253
23.1490,120.0782,七股,C0X310,2017-02-09T22:00:00+08:00,9.0,14.0,10.4,12.8,0.51,1018.8,-99.0,0.0,-9.9,-99,-999,臺南市,04,七股區,253
23.1490,120.0782,七股,C0X310,2017-02-09T23:00:00+08:00,9.0,8.0,11.8,12.9,0.49,1019.0,-99.0,0.0,-9.9,-99,-999,臺南市,04,七股區,253
23.1490,120.0782,七股,C0X310,2017-02-10T00:00:00+08:00,9.0,10.0,10.8,12.5,0.55,1019.1,-99.0,0.0,-9.9,-99,-999,臺南市,04,七股區,253
23.1490,120.0782,七股,C0X310,2017-02-10T01:00:00+08:00,9.0,9.0,12.0,12.1,0.57,1019.1,-99.0,0.0,-9.9,-99,-999,臺南市,04,七股區,253
23.1490,120.0782,七股,C0X310,2017-02-10T02:00:00+08:00,9.0,9.0,10.4,12.0,0.57,1018.6,-99.0,0.0,-9.9,-99,-999,臺南市,04,七股區,253
23.1490,120.0782,七股,C0X310,2017-02-10T03:00:00+08:00,9.0,11.0,8.8,11.8,0.56,1018.5,-99.0,0.0,-9.9,-99,-999,臺南市,04,七股區,253
23.1490,120.0782,七股,C0X310,2017-02-10T04:00:00+08:00,9.0,13.0,7.0,11.3,0.57,1018.4,-99.0,0.0,-9.9,-99,-999,臺南市,04,七股區,253
23.1490,120.0782,七股,C0X310,2017-02-10T05:00:00+08:00,9.0,13.0,6.2,10.8,0.62,1018.4,-99.0,0.0,-9.9,-99,-999,臺南市,04,七股區,253
23.1490,120.0782,七股,C0X310,2017-02-10T06:00:00+08:00,9.0,14.0,6.9,10.8,0.63,1019.4,-99.0,0.0,-9.9,-99,-999,臺南市,04,七股區,253
23.1490,120.0782,七股,C0X310,2017-02-10T07:00:00+08:00,9.0,15.0,9.7,11.4,0.64,1020.0,-99.0,0.0,-9.9,-99,-999,臺南市,04,七股區,253
23.1490,120.0782,七股,C0X310,2017-02-10T08:00:00+08:00,9.0,14.0,9.3,11.3,0.60,1020.6,-99.0,0.0,-9.9,-99,-999,臺南市,04,七股區,253
23.1490,120.0782,七股,C0X310,2017-02-10T09:00:00+08:00,9.0,15.0,7.5,11.7,0.60,1021.2,-99.0,0.0,-9.9,-99,-999,臺南市,04,七股區,253
23.1490,120.0782,七股,C0X310,2017-02-10T10:00:00+08:00,9.0,2.0,6.8,12.4,0.60,1021.4,-99.0,0.0,-9.9,-99,-999,臺南市,04,七股區,253
23.1490,120.0782,七股,C0X310,2017-02-10T11:00:00+08:00,9.0,3.0,6.0,13.4,0.56,1021.5,-99.0,0.0,-9.9,-99,-999,臺南市,04,七股區,253
23.1490,120.0782,七股,C0X310,2017-02-10T12:00:00+08:00,9.0,6.0,6.1,14.4,0.59,1020.3,-99.0,0.0,-9.9,-99,-999,臺南市,04,七股區,253
23.1490,120.0782,七股,C0X310,2017-02-10T13:00:00+08:00,9.0,358.0,7.4,14.8,0.60,1019.3,-99.0,0.0,-9.9,-99,-999,臺南市,04,七股區,253
23.1490,120.0782,七股,C0X310,2017-02-10T14:00:00+08:00,9.0,359.0,7.8,15.2,0.58,1018.7,-99.0,0.0,-9.9,-99,-999,臺南市,04,七股區,253
23.1490,120.0782,七股,C0X310,2017-02-10T15:00:00+08:00,9.0,347.0,9.1,14.6,0.64,1018.9,-99.0,0.0,-9.9,-99,-999,臺南市,04,七股區,253
23.1490,120.0782,七股,C0X310,2017-02-10T16:00:00+08:00,9.0,357.0,9.4,14.0,0.67,1019.3,-99.0,0.0,-9.9,-99,-999,臺南市,04,七股區,253
23.1490,120.0782,七股,C0X310,2017-02-10T17:00:00+08:00,9.0,5.0,7.6,13.7,0.68,1019.7,-99.0,0.0,-9.9,-99,-999,臺南市,04,七股區,253
23.1490,120.0782,七股,C0X310,2017-02-10T18:00:00+08:00,9.0,10.0,5.9,13.3,0.66,1020.0,-99.0,0.0,-9.9,-99,-999,臺南市,04,七股區,253
23.1490,120.0782,七股,C0X310,2017-02-10T19:00:00+08:00,9.0,11.0,5.7,13.1,0.64,1020.6,-99.0,0.0,-9.9,-99,-999,臺南市,04,七股區,253
23.1490,120.0782,七股,C0X310,2017-02-10T20:00:00+08:00,9.0,11.0,6.2,13.0,0.64,1021.1,-99.0,0.0,-9.9,-99,-999,臺南市,04,七股區,253
23.1490,120.0782,七股,C0X310,2017-02-10T21:00:00+08:00,9.0,12.0,6.4,13.0,0.64,1021.8,-99.0,0.0,-9.9,-99,-999,臺南市,04,七股區,253
23.1490,120.0782,七股,C0X310,2017-02-10T22:00:00+08:00,9.0,16.0,7.4,12.7,0.61,1021.9,-99.0,0.0,-9.9,-99,-999,臺南市,04,七股區,253
23.1490,120.0782,七股,C0X310,2017-02-10T23:00:00+08:00,9.0,21.0,6.0,12.5,0.61,1022.2,-99.0,0.0,-9.9,-99,-999,臺南市,04,七股區,253
23.1490,120.0782,七股,C0X310,2017-02-11T00:00:00+08:00,9.0,18.0,6.2,12.4,0.59,1021.9,-99.0,0.0,-9.9,-99,-999,臺南市,04,七股區,253
23.1490,120.0782,七股,C0X310,2017-02-11T01:00:00+08:00,9.0,18.0,6.2,12.2,0.60,1021.9,-99.0,0.0,-9.9,-99,-999,臺南市,04,七股區,253
23.1490,120.0782,七股,C0X310,2017-02-11T02:00:00+08:00,9.0,12.0,5.1,12.2,0.62,1022.0,-99.0,0.0,-9.9,-99,-999,臺南市,04,七股區,253
23.1490,120.0782,七股,C0X310,2017-02-11T03:00:00+08:00,9.0,15.0,5.9,12.1,0.60,1021.9,-99.0,0.0,-9.9,-99,-999,臺南市,04,七股區,253
23.1490,120.0782,七股,C0X310,2017-02-11T04:00:00+08:00,9.0,31.0,5.8,11.2,0.70,1022.0,-99.0,0.0,-9.9,-99,-999,臺南市,04,七股區,253
23.1490,120.0782,七股,C0X310,2017-02-11T05:00:00+08:00,9.0,32.0,4.8,10.7,0.73,1022.4,-99.0,0.0,-9.9,-99,-999,臺南市,04,七股區,253
23.1490,120.0782,七股,C0X310,2017-02-11T06:00:00+08:00,9.0,30.0,3.8,10.6,0.78,1023.1,-99.0,0.0,-9.9,-99,-999,臺南市,04,七股區,253
23.1490,120.0782,七股,C0X310,2017-02-11T07:00:00+08:00,9.0,36.0,2.9,10.8,0.80,1023.5,-99.0,0.0,-9.9,-99,-999,臺南市,04,七股區,253
23.1490,120.0782,七股,C0X310,2017-02-11T08:00:00+08:00,9.0,28.0,3.5,11.3,0.74,1024.1,-99.0,0.0,-9.9,-99,-999,臺南市,04,七股區,253
23.1490,120.0782,七股,C0X310,2017-02-11T09:00:00+08:00,9.0,25.0,4.4,11.7,0.69,1024.8,-99.0,0.0,-9.9,-99,-999,臺南市,04,七股區,253
23.1490,120.0782,七股,C0X310,2017-02-11T10:00:00+08:00,9.0,13.0,5.8,12.2,0.59,1025.3,-99.0,0.0,-9.9,-99,-999,臺南市,04,七股區,253
23.1490,120.0782,七股,C0X310,2017-02-11T11:00:00+08:00,9.0,14.0,5.6,12.1,0.61,1025.1,-99.0,0.0,-9.9,-99,-999,臺南市,04,七股區,253
23.1490,120.0782,七股,C0X310,2017-02-11T12:00:00+08:00,9.0,15.0,5.0,12.7,0.59,1024.2,-99.0,0.0,-9.9,-99,-999,臺南市,04,七股區,253
23.1490,120.0782,七股,C0X310,2017-02-11T13:00:00+08:00,9.0,28.0,4.5,12.8,0.59,1023.3,-99.0,0.0,-9.9,-99,-999,臺南市,04,七股區,253
23.1490,120.0782,七股,C0X310,2017-02-11T14:00:00+08:00,9.0,4.0,4.7,13.2,0.57,1023.0,-99.0,0.0,-9.9,-99,-999,臺南市,04,七股區,253
23.1490,120.0782,七股,C0X310,2017-02-11T15:00:00+08:00,9.0,3.0,4.6,13.5,0.58,1022.9,-99.0,0.0,-9.9,-99,-999,臺南市,04,七股區,253
23.1490,120.0782,七股,C0X310,2017-02-11T16:00:00+08:00,9.0,26.0,2.7,13.7,0.59,1023.2,-99.0,0.0,-9.9,-99,-999,臺南市,04,七股區,253
23.1490,120.0782,七股,C0X310,2017-02-11T17:00:00+08:00,9.0,37.0,2.1,13.9,0.60,1023.3,-99.0,0.0,-9.9,-99,-999,臺南市,04,七股區,253
23.1490,120.0782,七股,C0X310,2017-02-11T18:00:00+08:00,9.0,25.0,1.4,13.8,0.62,1023.6,-99.0,0.0,-9.9,-99,-999,臺南市,04,七股區,253
23.1490,120.0782,七股,C0X310,2017-02-11T19:00:00+08:00,9.0,9.0,1.6,13.7,0.66,1024.1,-99.0,0.0,-9.9,-99,-999,臺南市,04,七股區,253
23.1490,120.0782,七股,C0X310,2017-02-11T20:00:00+08:00,9.0,15.0,4.4,13.7,0.66,1024.5,-99.0,0.0,-9.9,-99,-999,臺南市,04,七股區,253
23.1490,120.0782,七股,C0X310,2017-02-11T21:00:00+08:00,9.0,12.0,4.5,13.4,0.66,1024.8,-99.0,0.0,-9.9,-99,-999,臺南市,04,七股區,253
23.1490,120.0782,七股,C0X310,2017-02-11T22:00:00+08:00,9.0,14.0,5.0,13.0,0.63,1025.1,-99.0,0.0,-9.9,-99,-999,臺南市,04,七股區,253
23.1490,120.0782,七股,C0X310,2017-02-11T23:00:00+08:00,9.0,11.0,3.0,12.8,0.68,1025.2,-99.0,0.0,-9.9,-99,-999,臺南市,04,七股區,253
23.1490,120.0782,七股,C0X310,2017-02-12T00:00:00+08:00,9.0,24.0,2.9,12.2,0.69,1025.3,-99.0,0.0,-9.9,-99,-999,臺南市,04,七股區,253
23.1490,120.0782,七股,C0X310,2017-02-12T01:00:00+08:00,9.0,16.0,4.2,11.9,0.69,1025.0,-99.0,0.0,-9.9,-99,-999,臺南市,04,七股區,253
23.1490,120.0782,七股,C0X310,2017-02-12T02:00:00+08:00,9.0,15.0,4.5,11.9,0.68,1024.6,-99.0,0.0,-9.9,-99,-999,臺南市,04,七股區,253
23.1490,120.0782,七股,C0X310,2017-02-12T03:00:00+08:00,9.0,31.0,2.8,11.8,0.69,1024.4,-99.0,0.0,-9.9,-99,-999,臺南市,04,七股區,253
23.1490,120.0782,七股,C0X310,2017-02-12T04:00:00+08:00,9.0,18.0,3.1,11.7,0.69,1024.2,-99.0,0.0,-9.9,-99,-999,臺南市,04,七股區,253
23.1490,120.0782,七股,C0X310,2017-02-12T05:00:00+08:00,9.0,18.0,3.8,11.7,0.68,1024.3,-99.0,0.0,-9.9,-99,-999,臺南市,04,七股區,253
23.1490,120.0782,七股,C0X310,2017-02-12T06:00:00+08:00,9.0,8.0,3.2,11.7,0.70,1024.7,-99.0,0.0,-9.9,-99,-999,臺南市,04,七股區,253
23.1490,120.0782,七股,C0X310,2017-02-12T07:00:00+08:00,9.0,20.0,3.2,11.5,0.71,1025.2,-99.0,0.0,-9.9,-99,-999,臺南市,04,七股區,253
23.1490,120.0782,七股,C0X310,2017-02-12T08:00:00+08:00,9.0,10.0,3.8,11.9,0.71,1025.9,-99.0,0.0,-9.9,-99,-999,臺南市,04,七股區,253
23.1490,120.0782,七股,C0X310,2017-02-12T10:00:00+08:00,9.0,4.0,4.2,14.2,0.63,1026.2,-99.0,0.0,-9.9,-99,-999,臺南市,04,七股區,253
23.1490,120.0782,七股,C0X310,2017-02-12T11:00:00+08:00,9.0,350.0,4.4,15.5,0.59,1025.9,-99.0,0.0,-9.9,-99,-999,臺南市,04,七股區,253
23.1490,120.0782,七股,C0X310,2017-02-12T12:00:00+08:00,9.0,338.0,5.5,16.2,0.61,1025.3,-99.0,0.0,-9.9,-99,-999,臺南市,04,七股區,253
23.1490,120.0782,七股,C0X310,2017-02-12T13:00:00+08:00,9.0,345.0,7.4,16.7,0.70,1024.3,-99.0,0.0,-9.9,-99,-999,臺南市,04,七股區,253
23.1490,120.0782,七股,C0X310,2017-02-12T14:00:00+08:00,9.0,349.0,8.5,16.4,0.72,1023.3,-99.0,0.0,-9.9,-99,-999,臺南市,04,七股區,253
23.1490,120.0782,七股,C0X310,2017-02-12T15:00:00+08:00,9.0,345.0,9.2,16.0,0.75,1022.9,-99.0,0.0,-9.9,-99,-999,臺南市,04,七股區,253
23.1490,120.0782,七股,C0X310,2017-02-12T16:00:00+08:00,9.0,347.0,8.0,16.1,0.77,1022.8,-99.0,0.0,-9.9,-99,-999,臺南市,04,七股區,253
23.1490,120.0782,七股,C0X310,2017-02-12T17:00:00+08:00,9.0,351.0,8.1,15.8,0.79,1023.3,-99.0,0.0,-9.9,-99,-999,臺南市,04,七股區,253
23.1490,120.0782,七股,C0X310,2017-02-12T18:00:00+08:00,9.0,359.0,6.4,15.8,0.79,1023.6,-99.0,0.0,-9.9,-99,-999,臺南市,04,七股區,253
23.1490,120.0782,七股,C0X310,2017-02-12T19:00:00+08:00,9.0,14.0,6.2,15.7,0.72,1024.0,-99.0,0.0,-9.9,-99,-999,臺南市,04,七股區,253
23.1490,120.0782,七股,C0X310,2017-02-12T20:00:00+08:00,9.0,11.0,4.7,15.7,0.72,1024.4,-99.0,0.0,-9.9,-99,-999,臺南市,04,七股區,253
23.1490,120.0782,七股,C0X310,2017-02-12T21:00:00+08:00,9.0,359.0,3.7,15.8,0.79,1024.9,-99.0,0.0,-9.9,-99,-999,臺南市,04,七股區,253
23.1490,120.0782,七股,C0X310,2017-02-12T22:00:00+08:00,9.0,7.0,4.9,15.7,0.78,1025.3,-99.0,0.0,-9.9,-99,-999,臺南市,04,七股區,253
23.1490,120.0782,七股,C0X310,2017-02-12T23:00:00+08:00,9.0,15.0,5.3,15.5,0.73,1025.3,-99.0,0.0,-9.9,-99,-999,臺南市,04,七股區,253
23.1490,120.0782,七股,C0X310,2017-02-13T00:00:00+08:00,9.0,7.0,4.9,15.1,0.74,1025.1,-99.0,0.0,-9.9,-99,-999,臺南市,04,七股區,253
23.1490,120.0782,七股,C0X310,2017-02-13T01:00:00+08:00,9.0,9.0,5.4,15.0,0.73,1025.0,-99.0,0.0,-9.9,-99,-999,臺南市,04,七股區,253
23.1490,120.0782,七股,C0X310,2017-02-13T02:00:00+08:00,9.0,14.0,4.4,14.7,0.76,1024.6,-99.0,0.0,-9.9,-99,-999,臺南市,04,七股區,253
23.1490,120.0782,七股,C0X310,2017-02-13T03:00:00+08:00,9.0,8.0,3.7,14.3,0.77,1024.3,-99.0,0.0,-9.9,-99,-999,臺南市,04,七股區,253
23.1490,120.0782,七股,C0X310,2017-02-13T04:00:00+08:00,9.0,25.0,2.6,13.7,0.78,1024.4,-99.0,0.0,-9.9,-99,-999,臺南市,04,七股區,253
23.1490,120.0782,七股,C0X310,2017-02-13T05:00:00+08:00,9.0,15.0,3.2,13.4,0.77,1024.7,-99.0,0.0,-9.9,-99,-999,臺南市,04,七股區,253
23.1490,120.0782,七股,C0X310,2017-02-13T06:00:00+08:00,9.0,15.0,3.9,13.3,0.77,1025.3,-99.0,0.0,-9.9,-99,-999,臺南市,04,七股區,253
23.1490,120.0782,七股,C0X310,2017-02-13T07:00:00+08:00,9.0,16.0,3.2,13.2,0.77,1026.0,-99.0,0.0,-9.9,-99,-999,臺南市,04,七股區,253
23.1490,120.0782,七股,C0X310,2017-02-13T08:00:00+08:00,9.0,13.0,4.3,14.0,0.75,1026.4,-99.0,0.0,-9.9,-99,-999,臺南市,04,七股區,253
23.1490,120.0782,七股,C0X310,2017-02-13T10:00:00+08:00,9.0,11.0,4.3,16.6,0.67,1027.0,-99.0,0.0,-9.9,-99,-999,臺南市,04,七股區,253
23.1490,120.0782,七股,C0X310,2017-02-13T11:00:00+08:00,9.0,343.0,5.1,18.1,0.67,1026.5,-99.0,0.0,-9.9,-99,-999,臺南市,04,七股區,253
23.1490,120.0782,七股,C0X310,2017-02-13T12:00:00+08:00,9.0,341.0,7.9,18.1,0.71,1026.0,-99.0,0.0,-9.9,-99,-999,臺南市,04,七股區,253
23.1490,120.0782,七股,C0X310,2017-02-13T13:00:00+08:00,9.0,341.0,9.2,18.1,0.72,1025.2,-99.0,0.0,-9.9,-99,-999,臺南市,04,七股區,253
23.1490,120.0782,七股,C0X310,2017-02-13T14:00:00+08:00,9.0,345.0,10.1,18.6,0.71,1024.4,-99.0,0.0,-9.9,-99,-999,臺南市,04,七股區,253
23.1490,120.0782,七股,C0X310,2017-02-13T15:00:00+08:00,9.0,346.0,10.4,18.3,0.75,1024.0,-99.0,0.0,-9.9,-99,-999,臺南市,04,七股區,253
23.1490,120.0782,七股,C0X310,2017-02-13T16:00:00+08:00,9.0,347.0,9.9,18.0,0.77,1024.4,-99.0,0.0,-9.9,-99,-999,臺南市,04,七股區,253
23.1490,120.0782,七股,C0X310,2017-02-13T17:00:00+08:00,9.0,346.0,9.2,17.5,0.79,1024.9,-99.0,0.0,-9.9,-99,-999,臺南市,04,七股區,253
23.1490,120.0782,七股,C0X310,2017-02-13T18:00:00+08:00,9.0,354.0,7.6,17.1,0.81,1025.3,-99.0,0.0,-9.9,-99,-999,臺南市,04,七股區,253
23.1490,120.0782,七股,C0X310,2017-02-13T19:00:00+08:00,9.0,356.0,7.3,16.7,0.83,1025.5,-99.0,0.0,-9.9,-99,-999,臺南市,04,七股區,253
23.1490,120.0782,七股,C0X310,2017-02-13T20:00:00+08:00,9.0,5.0,5.6,16.5,0.83,1026.2,-99.0,0.0,-9.9,-99,-999,臺南市,04,七股區,253
23.1490,120.0782,七股,C0X310,2017-02-13T21:00:00+08:00,9.0,3.0,4.6,16.6,0.79,1026.9,-99.0,0.0,-9.9,-99,-999,臺南市,04,七股區,253
23.1490,120.0782,七股,C0X310,2017-02-13T22:00:00+08:00,9.0,13.0,3.9,16.2,0.80,1026.9,-99.0,0.0,-9.9,-99,-999,臺南市,04,七股區,253
23.1490,120.0782,七股,C0X310,2017-02-13T23:00:00+08:00,9.0,13.0,3.0,15.8,0.80,1027.0,-99.0,0.0,-9.9,-99,-999,臺南市,04,七股區,253
23.1490,120.0782,七股,C0X310,2017-02-14T00:00:00+08:00,9.0,4.0,2.7,15.4,0.81,1027.0,-99.0,0.0,-9.9,-99,-999,臺南市,04,七股區,253
23.1490,120.0782,七股,C0X310,2017-02-14T01:00:00+08:00,9.0,12.0,2.6,15.3,0.81,1027.0,-99.0,0.0,-9.9,-99,-999,臺南市,04,七股區,253
23.1490,120.0782,七股,C0X310,2017-02-14T02:00:00+08:00,9.0,24.0,2.4,14.5,0.83,1026.8,-99.0,0.0,-9.9,-99,-999,臺南市,04,七股區,253
23.1490,120.0782,七股,C0X310,2017-02-14T03:00:00+08:00,9.0,15.0,2.9,14.3,0.82,1026.6,-99.0,0.0,-9.9,-99,-999,臺南市,04,七股區,253
23.1490,120.0782,七股,C0X310,2017-02-14T04:00:00+08:00,9.0,18.0,2.4,14.1,0.82,1026.5,-99.0,0.0,-9.9,-99,-999,臺南市,04,七股區,253
23.1490,120.0782,七股,C0X310,2017-02-14T05:00:00+08:00,9.0,15.0,2.8,14.2,0.83,1026.7,-99.0,0.0,-9.9,-99,-999,臺南市,04,七股區,253
23.1490,120.0782,七股,C0X310,2017-02-14T06:00:00+08:00,9.0,11.0,3.3,14.1,0.82,1027.3,-99.0,0.0,-9.9,-99,-999,臺南市,04,七股區,253
23.1490,120.0782,七股,C0X310,2017-02-14T07:00:00+08:00,9.0,7.0,3.2,14.0,0.82,1027.9,-99.0,0.0,-9.9,-99,-999,臺南市,04,七股區,253
23.1490,120.0782,七股,C0X310,2017-02-14T08:00:00+08:00,9.0,15.0,4.5,14.7,0.77,1028.4,-99.0,0.0,-9.9,-99,-999,臺南市,04,七股區,253
23.1490,120.0782,七股,C0X310,2017-02-14T09:00:00+08:00,9.0,29.0,3.3,15.7,0.75,1028.7,-99.0,0.0,-9.9,-99,-999,臺南市,04,七股區,253
23.1490,120.0782,七股,C0X310,2017-02-14T10:00:00+08:00,9.0,14.0,3.1,17.4,0.71,1028.6,-99.0,0.0,-9.9,-99,-999,臺南市,04,七股區,253
23.1490,120.0782,七股,C0X310,2017-02-14T11:00:00+08:00,9.0,333.0,5.5,17.5,0.77,1028.3,-99.0,0.0,-9.9,-99,-999,臺南市,04,七股區,253
23.1490,120.0782,七股,C0X310,2017-02-14T12:00:00+08:00,9.0,342.0,6.4,18.5,0.71,1027.9,-99.0,0.0,-9.9,-99,-999,臺南市,04,七股區,253
23.1490,120.0782,七股,C0X310,2017-02-14T13:00:00+08:00,9.0,339.0,7.7,19.2,0.71,1026.8,-99.0,0.0,-9.9,-99,-999,臺南市,04,七股區,253
23.1490,120.0782,七股,C0X310,2017-02-14T14:00:00+08:00,9.0,343.0,9.7,18.7,0.70,1026.3,-99.0,0.0,-9.9,-99,-999,臺南市,04,七股區,253
23.1490,120.0782,七股,C0X310,2017-02-14T15:00:00+08:00,9.0,346.0,10.6,18.3,0.72,1026.1,-99.0,0.0,-9.9,-99,-999,臺南市,04,七股區,253
23.1490,120.0782,七股,C0X310,2017-02-14T16:00:00+08:00,9.0,347.0,9.9,18.1,0.72,1026.0,-99.0,0.0,-9.9,-99,-999,臺南市,04,七股區,253
23.1490,120.0782,七股,C0X310,2017-02-14T17:00:00+08:00,9.0,350.0,9.0,17.8,0.73,1026.1,-99.0,0.0,-9.9,-99,-999,臺南市,04,七股區,253
23.1490,120.0782,七股,C0X310,2017-02-14T18:00:00+08:00,9.0,352.0,9.4,17.0,0.75,1026.5,-99.0,0.0,-9.9,-99,-999,臺南市,04,七股區,253
23.1490,120.0782,七股,C0X310,2017-02-14T19:00:00+08:00,9.0,1.0,8.4,16.7,0.76,1027.0,-99.0,0.0,-9.9,-99,-999,臺南市,04,七股區,253
23.1490,120.0782,七股,C0X310,2017-02-14T20:00:00+08:00,9.0,1.0,6.6,16.5,0.78,1027.5,-99.0,0.0,-9.9,-99,-999,臺南市,04,七股區,253
23.1490,120.0782,七股,C0X310,2017-02-14T21:00:00+08:00,9.0,7.0,4.8,16.4,0.79,1027.9,-99.0,0.0,-9.9,-99,-999,臺南市,04,七股區,253
23.1490,120.0782,七股,C0X310,2017-02-14T22:00:00+08:00,9.0,5.0,4.6,16.4,0.80,1028.1,-99.0,0.0,-9.9,-99,-999,臺南市,04,七股區,253
23.1490,120.0782,七股,C0X310,2017-02-14T23:00:00+08:00,9.0,4.0,4.8,16.3,0.80,1028.1,-99.0,0.0,-9.9,-99,-999,臺南市,04,七股區,253
23.1490,120.0782,七股,C0X310,2017-02-15T00:00:00+08:00,9.0,18.0,3.0,15.9,0.82,1027.8,-99.0,0.0,-9.9,-99,-999,臺南市,04,七股區,253
23.1490,120.0782,七股,C0X310,2017-02-15T01:00:00+08:00,9.0,4.0,1.7,15.3,0.84,1027.5,-99.0,0.0,-9.9,-99,-999,臺南市,04,七股區,253
23.1490,120.0782,七股,C0X310,2017-02-15T02:00:00+08:00,9.0,17.0,2.5,15.5,0.82,1026.8,-99.0,0.0,-9.9,-99,-999,臺南市,04,七股區,253
23.1490,120.0782,七股,C0X310,2017-02-15T03:00:00+08:00,9.0,31.0,2.0,14.9,0.84,1026.3,-99.0,0.0,-9.9,-99,-999,臺南市,04,七股區,253
23.1490,120.0782,七股,C0X310,2017-02-15T04:00:00+08:00,9.0,21.0,2.3,14.6,0.84,1025.9,-99.0,0.0,-9.9,-99,-999,臺南市,04,七股區,253
23.1490,120.0782,七股,C0X310,2017-02-15T05:00:00+08:00,9.0,36.0,2.1,14.9,0.85,1026.2,-99.0,0.0,-9.9,-99,-999,臺南市,04,七股區,253
23.1490,120.0782,七股,C0X310,2017-02-15T06:00:00+08:00,9.0,18.0,1.6,14.2,0.87,1026.7,-99.0,0.0,-9.9,-99,-999,臺南市,04,七股區,253
23.1490,120.0782,七股,C0X310,2017-02-15T07:00:00+08:00,9.0,46.0,1.9,13.8,0.88,1027.2,-99.0,0.0,-9.9,-99,-999,臺南市,04,七股區,253
23.1490,120.0782,七股,C0X310,2017-02-15T08:00:00+08:00,9.0,42.0,2.0,14.9,0.82,1027.5,-99.0,0.0,-9.9,-99,-999,臺南市,04,七股區,253
23.1490,120.0782,七股,C0X310,2017-02-15T10:00:00+08:00,9.0,348.0,3.4,17.5,0.68,1027.3,-99.0,0.0,-9.9,-99,-999,臺南市,04,七股區,253
23.1490,120.0782,七股,C0X310,2017-02-15T11:00:00+08:00,9.0,337.0,6.4,17.7,0.78,1027.1,-99.0,0.0,-9.9,-99,-999,臺南市,04,七股區,253
23.1490,120.0782,七股,C0X310,2017-02-15T12:00:00+08:00,9.0,342.0,6.8,17.9,0.82,1026.5,-99.0,0.0,-9.9,-99,-999,臺南市,04,七股區,253
23.1490,120.0782,七股,C0X310,2017-02-15T13:00:00+08:00,9.0,344.0,7.9,17.8,0.80,1025.3,-99.0,0.0,-9.9,-99,-999,臺南市,04,七股區,253
23.1490,120.0782,七股,C0X310,2017-02-15T14:00:00+08:00,9.0,342.0,7.9,18.4,0.78,1024.2,-99.0,0.0,-9.9,-99,-999,臺南市,04,七股區,253
23.1490,120.0782,七股,C0X310,2017-02-15T15:00:00+08:00,9.0,350.0,8.7,17.9,0.80,1023.6,-99.0,0.0,-9.9,-99,-999,臺南市,04,七股區,253
23.1490,120.0782,七股,C0X310,2017-02-15T16:00:00+08:00,9.0,349.0,7.8,18.2,0.78,1023.3,-99.0,0.0,-9.9,-99,-999,臺南市,04,七股區,253
23.1490,120.0782,七股,C0X310,2017-02-15T17:00:00+08:00,9.0,346.0,7.5,17.5,0.84,1023.5,-99.0,0.0,-9.9,-99,-999,臺南市,04,七股區,253
23.1490,120.0782,七股,C0X310,2017-02-15T18:00:00+08:00,9.0,351.0,6.3,17.2,0.84,1023.7,-99.0,0.0,-9.9,-99,-999,臺南市,04,七股區,253
23.1490,120.0782,七股,C0X310,2017-02-15T19:00:00+08:00,9.0,359.0,5.2,16.9,0.81,1023.9,-99.0,0.0,-9.9,-99,-999,臺南市,04,七股區,253
23.1490,120.0782,七股,C0X310,2017-02-15T20:00:00+08:00,9.0,1.0,4.1,16.5,0.83,1024.4,-99.0,0.0,-9.9,-99,-999,臺南市,04,七股區,253
23.1490,120.0782,七股,C0X310,2017-02-15T21:00:00+08:00,9.0,9.0,2.8,16.0,0.85,1024.6,-99.0,0.0,-9.9,-99,-999,臺南市,04,七股區,253
23.1490,120.0782,七股,C0X310,2017-02-15T22:00:00+08:00,9.0,348.0,3.5,15.6,0.89,1024.5,-99.0,0.0,-9.9,-99,-999,臺南市,04,七股區,253
23.1490,120.0782,七股,C0X310,2017-02-15T23:00:00+08:00,9.0,11.0,3.2,15.3,0.89,1024.1,-99.0,0.0,-9.9,-99,-999,臺南市,04,七股區,253
23.1490,120.0782,七股,C0X310,2017-02-16T00:00:00+08:00,9.0,6.0,3.6,15.4,0.90,1023.7,-99.0,0.0,-9.9,-99,-999,臺南市,04,七股區,253
23.1490,120.0782,七股,C0X310,2017-02-16T01:00:00+08:00,9.0,49.0,2.0,14.8,0.92,1023.5,-99.0,0.0,-9.9,-99,-999,臺南市,04,七股區,253
23.1490,120.0782,七股,C0X310,2017-02-16T02:00:00+08:00,9.0,21.0,2.8,14.4,0.93,1023.2,-99.0,0.0,-9.9,-99,-999,臺南市,04,七股區,253
23.1490,120.0782,七股,C0X310,2017-02-16T03:00:00+08:00,9.0,25.0,3.3,14.5,0.94,1022.4,-99.0,0.0,-9.9,-99,-999,臺南市,04,七股區,253
23.1490,120.0782,七股,C0X310,2017-02-16T04:00:00+08:00,9.0,30.0,3.5,14.3,0.95,1021.9,-99.0,0.0,-9.9,-99,-999,臺南市,04,七股區,253
23.1490,120.0782,七股,C0X310,2017-02-16T05:00:00+08:00,9.0,32.0,3.4,14.0,0.94,1021.6,-99.0,0.0,-9.9,-99,-999,臺南市,04,七股區,253
23.1490,120.0782,七股,C0X310,2017-02-16T06:00:00+08:00,9.0,35.0,3.2,13.8,0.95,1021.7,-99.0,0.0,-9.9,-99,-999,臺南市,04,七股區,253
23.1490,120.0782,七股,C0X310,2017-02-16T07:00:00+08:00,9.0,33.0,3.2,13.7,0.96,1022.1,-99.0,0.0,-9.9,-99,-999,臺南市,04,七股區,253
23.1490,120.0782,七股,C0X310,2017-02-16T08:00:00+08:00,9.0,27.0,3.7,13.6,0.96,1022.5,-99.0,0.0,-9.9,-99,-999,臺南市,04,七股區,253
23.1490,120.0782,七股,C0X310,2017-02-16T09:00:00+08:00,9.0,37.0,3.4,14.3,0.95,1022.7,-99.0,0.0,-9.9,-99,-999,臺南市,04,七股區,253
23.1490,120.0782,七股,C0X310,2017-02-16T10:00:00+08:00,9.0,24.0,3.2,16.5,0.82,1022.7,-99.0,0.0,-9.9,-99,-999,臺南市,04,七股區,253
23.1490,120.0782,七股,C0X310,2017-02-16T11:00:00+08:00,9.0,345.0,3.8,18.1,0.78,1022.4,-99.0,0.0,-9.9,-99,-999,臺南市,04,七股區,253
23.1490,120.0782,七股,C0X310,2017-02-16T12:00:00+08:00,9.0,328.0,4.3,18.6,0.80,1021.7,-99.0,0.0,-9.9,-99,-999,臺南市,04,七股區,253
23.1490,120.0782,七股,C0X310,2017-02-16T13:00:00+08:00,9.0,327.0,3.6,19.7,0.76,1020.8,-99.0,0.0,-9.9,-99,-999,臺南市,04,七股區,253
23.1490,120.0782,七股,C0X310,2017-02-16T14:00:00+08:00,9.0,334.0,3.7,20.4,0.75,1019.7,-99.0,0.0,-9.9,-99,-999,臺南市,04,七股區,253
23.1490,120.0782,七股,C0X310,2017-02-16T15:00:00+08:00,9.0,315.0,4.0,21.1,0.58,1019.3,-99.0,0.0,-9.9,-99,-999,臺南市,04,七股區,253
23.1490,120.0782,七股,C0X310,2017-02-16T16:00:00+08:00,9.0,322.0,4.1,21.8,0.59,1019.2,-99.0,0.0,-9.9,-99,-999,臺南市,04,七股區,253
23.1490,120.0782,七股,C0X310,2017-02-16T17:00:00+08:00,9.0,338.0,4.2,21.8,0.56,1019.4,-99.0,0.0,-9.9,-99,-999,臺南市,04,七股區,253
23.1490,120.0782,七股,C0X310,2017-02-16T18:00:00+08:00,9.0,351.0,4.3,20.8,0.66,1019.7,-99.0,0.0,-9.9,-99,-999,臺南市,04,七股區,253
23.1490,120.0782,七股,C0X310,2017-02-16T19:00:00+08:00,9.0,6.0,3.8,20.3,0.68,1020.2,-99.0,0.0,-9.9,-99,-999,臺南市,04,七股區,253
23.1490,120.0782,七股,C0X310,2017-02-16T20:00:00+08:00,9.0,41.0,1.7,19.6,0.72,1020.9,-99.0,0.0,-9.9,-99,-999,臺南市,04,七股區,253
23.1490,120.0782,七股,C0X310,2017-02-16T21:00:00+08:00,9.0,115.0,0.9,19.0,0.74,1021.3,-99.0,0.0,-9.9,-99,-999,臺南市,04,七股區,253
23.1490,120.0782,七股,C0X310,2017-02-16T22:00:00+08:00,9.0,101.0,1.1,18.4,0.72,1021.1,-99.0,0.0,-9.9,-99,-999,臺南市,04,七股區,253
23.1490,120.0782,七股,C0X310,2017-02-16T23:00:00+08:00,9.0,54.0,2.5,18.7,0.67,1020.8,-99.0,0.0,-9.9,-99,-999,臺南市,04,七股區,253
23.1490,120.0782,七股,C0X310,2017-02-17T00:00:00+08:00,9.0,54.0,2.5,18.6,0.64,1020.5,-99.0,0.0,-9.9,-99,-999,臺南市,04,七股區,253
23.1490,120.0782,七股,C0X310,2017-02-17T01:00:00+08:00,9.0,72.0,1.7,17.5,0.71,1020.2,-99.0,0.0,-9.9,-99,-999,臺南市,04,七股區,253
23.1490,120.0782,七股,C0X310,2017-02-17T02:00:00+08:00,9.0,102.0,1.1,17.5,0.75,1019.9,-99.0,0.0,-9.9,-99,-999,臺南市,04,七股區,253
23.1490,120.0782,七股,C0X310,2017-02-17T03:00:00+08:00,9.0,50.0,2.2,17.0,0.76,1019.6,-99.0,0.0,-9.9,-99,-999,臺南市,04,七股區,253
23.1490,120.0782,七股,C0X310,2017-02-17T04:00:00+08:00,9.0,97.0,0.9,16.6,0.77,1019.7,-99.0,0.0,-9.9,-99,-999,臺南市,04,七股區,253
23.1490,120.0782,七股,C0X310,2017-02-17T05:00:00+08:00,9.0,72.0,1.1,15.9,0.80,1019.8,-99.0,0.0,-9.9,-99,-999,臺南市,04,七股區,253
23.1490,120.0782,七股,C0X310,2017-02-17T06:00:00+08:00,9.0,52.0,2.9,16.2,0.77,1020.3,-99.0,0.0,-9.9,-99,-999,臺南市,04,七股區,253
23.1490,120.0782,七股,C0X310,2017-02-17T07:00:00+08:00,9.0,47.0,1.8,16.0,0.81,1021.1,-99.0,0.0,-9.9,-99,-999,臺南市,04,七股區,253
23.1490,120.0782,七股,C0X310,2017-02-17T08:00:00+08:00,9.0,42.0,2.2,17.6,0.72,1021.9,-99.0,0.0,-9.9,-99,-999,臺南市,04,七股區,253
23.1490,120.0782,七股,C0X310,2017-02-17T10:00:00+08:00,9.0,26.0,4.3,22.2,0.53,1022.3,-99.0,0.0,-9.9,-99,-999,臺南市,04,七股區,253
23.1490,120.0782,七股,C0X310,2017-02-17T11:00:00+08:00,9.0,15.0,4.3,23.5,0.50,1021.7,-99.0,0.0,-9.9,-99,-999,臺南市,04,七股區,253
23.1490,120.0782,七股,C0X310,2017-02-17T12:00:00+08:00,9.0,336.0,4.4,23.3,0.60,1020.9,-99.0,0.0,-9.9,-99,-999,臺南市,04,七股區,253
23.1490,120.0782,七股,C0X310,2017-02-17T13:00:00+08:00,9.0,338.0,5.3,23.9,0.56,1020.1,-99.0,0.0,-9.9,-99,-999,臺南市,04,七股區,253
23.1490,120.0782,七股,C0X310,2017-02-17T14:00:00+08:00,9.0,331.0,5.3,24.1,0.55,1019.3,-99.0,0.0,-9.9,-99,-999,臺南市,04,七股區,253
23.1490,120.0782,七股,C0X310,2017-02-17T15:00:00+08:00,9.0,336.0,5.5,23.9,0.62,1018.9,-99.0,0.0,-9.9,-99,-999,臺南市,04,七股區,253
23.1490,120.0782,七股,C0X310,2017-02-17T16:00:00+08:00,9.0,347.0,5.4,23.2,0.68,1018.6,-99.0,0.0,-9.9,-99,-999,臺南市,04,七股區,253
23.1490,120.0782,七股,C0X310,2017-02-17T17:00:00+08:00,9.0,352.0,5.7,22.8,0.72,1018.9,-99.0,0.0,-9.9,-99,-999,臺南市,04,七股區,253
23.1490,120.0782,七股,C0X310,2017-02-17T19:00:00+08:00,9.0,3.0,5.8,21.4,0.79,1019.7,-99.0,0.0,-9.9,-99,-999,臺南市,04,七股區,253
23.1490,120.0782,七股,C0X310,2017-02-17T20:00:00+08:00,9.0,14.0,4.9,21.1,0.78,1020.5,-99.0,0.0,-9.9,-99,-999,臺南市,04,七股區,253
23.1490,120.0782,七股,C0X310,2017-02-17T21:00:00+08:00,9.0,29.0,3.5,20.6,0.77,1021.2,-99.0,0.0,-9.9,-99,-999,臺南市,04,七股區,253
23.1490,120.0782,七股,C0X310,2017-02-17T22:00:00+08:00,9.0,22.0,2.9,20.3,0.77,1021.4,-99.0,0.0,-9.9,-99,-999,臺南市,04,七股區,253
23.1490,120.0782,七股,C0X310,2017-02-17T23:00:00+08:00,9.0,16.0,3.3,20.2,0.75,1021.4,-99.0,0.0,-9.9,-99,-999,臺南市,04,七股區,253
23.1490,120.0782,七股,C0X310,2017-02-18T00:00:00+08:00,9.0,17.0,2.7,19.7,0.76,1021.2,-99.0,0.0,-9.9,-99,-999,臺南市,04,七股區,253
23.1490,120.0782,七股,C0X310,2017-02-18T01:00:00+08:00,9.0,19.0,2.8,19.1,0.78,1021.0,-99.0,0.0,-9.9,-99,-999,臺南市,04,七股區,253
23.1490,120.0782,七股,C0X310,2017-02-18T02:00:00+08:00,9.0,14.0,4.4,19.3,0.77,1020.8,-99.0,0.0,-9.9,-99,-999,臺南市,04,七股區,253
23.1490,120.0782,七股,C0X310,2017-02-18T03:00:00+08:00,9.0,14.0,5.5,19.5,0.77,1020.5,-99.0,0.0,-9.9,-99,-999,臺南市,04,七股區,253
23.1490,120.0782,七股,C0X310,2017-02-18T04:00:00+08:00,9.0,14.0,6.2,18.7,0.85,1020.4,-99.0,0.0,-9.9,-99,-999,臺南市,04,七股區,253
23.1490,120.0782,七股,C0X310,2017-02-18T05:00:00+08:00,9.0,7.0,8.9,18.0,0.89,1020.7,-99.0,0.0,-9.9,-99,-999,臺南市,04,七股區,253
23.1490,120.0782,七股,C0X310,2017-02-18T06:00:00+08:00,9.0,16.0,8.5,18.1,0.87,1021.5,-99.0,0.0,-9.9,-99,-999,臺南市,04,七股區,253
23.1490,120.0782,七股,C0X310,2017-02-18T07:00:00+08:00,9.0,10.0,9.3,18.0,0.84,1022.1,-99.0,0.0,-9.9,-99,-999,臺南市,04,七股區,253
23.1490,120.0782,七股,C0X310,2017-02-18T08:00:00+08:00,9.0,16.0,7.8,17.9,0.85,1022.4,-99.0,0.0,-9.9,-99,-999,臺南市,04,七股區,253
23.1490,120.0782,七股,C0X310,2017-02-18T10:00:00+08:00,9.0,358.0,7.3,18.7,0.84,1022.4,-99.0,0.0,-9.9,-99,-999,臺南市,04,七股區,253
23.1490,120.0782,七股,C0X310,2017-02-18T11:00:00+08:00,9.0,346.0,6.0,19.6,0.81,1022.0,-99.0,0.0,-9.9,-99,-999,臺南市,04,七股區,253
23.1490,120.0782,七股,C0X310,2017-02-18T12:00:00+08:00,9.0,340.0,9.2,20.1,0.83,1021.1,-99.0,0.0,-9.9,-99,-999,臺南市,04,七股區,253
23.1490,120.0782,七股,C0X310,2017-02-18T13:00:00+08:00,9.0,344.0,9.2,20.2,0.84,1020.1,-99.0,0.0,-9.9,-99,-999,臺南市,04,七股區,253
23.1490,120.0782,七股,C0X310,2017-02-18T14:00:00+08:00,9.0,342.0,10.6,20.0,0.82,1019.2,-99.0,0.0,-9.9,-99,-999,臺南市,04,七股區,253
23.1490,120.0782,七股,C0X310,2017-02-18T15:00:00+08:00,9.0,343.0,11.0,19.8,0.82,1018.9,-99.0,0.0,-9.9,-99,-999,臺南市,04,七股區,253
23.1490,120.0782,七股,C0X310,2017-02-18T16:00:00+08:00,9.0,344.0,10.9,19.3,0.84,1018.9,-99.0,0.0,-9.9,-99,-999,臺南市,04,七股區,253
23.1490,120.0782,七股,C0X310,2017-02-18T17:00:00+08:00,9.0,353.0,9.0,19.0,0.85,1019.3,-99.0,0.0,-9.9,-99,-999,臺南市,04,七股區,253
23.1490,120.0782,七股,C0X310,2017-02-18T18:00:00+08:00,9.0,4.0,6.2,19.2,0.83,1019.8,-99.0,0.0,-9.9,-99,-999,臺南市,04,七股區,253
23.1490,120.0782,七股,C0X310,2017-02-18T19:00:00+08:00,9.0,14.0,6.6,18.4,0.86,1020.1,-99.0,0.0,-9.9,-99,-999,臺南市,04,七股區,253
23.1490,120.0782,七股,C0X310,2017-02-18T20:00:00+08:00,9.0,16.0,5.4,18.0,0.88,1020.6,-99.0,0.0,-9.9,-99,-999,臺南市,04,七股區,253
23.1490,120.0782,七股,C0X310,2017-02-18T21:00:00+08:00,9.0,15.0,4.4,17.9,0.87,1020.6,-99.0,0.0,-9.9,-99,-999,臺南市,04,七股區,253
23.1490,120.0782,七股,C0X310,2017-02-18T22:00:00+08:00,9.0,18.0,3.7,17.7,0.88,1020.6,-99.0,0.0,-9.9,-99,-999,臺南市,04,七股區,253
23.1490,120.0782,七股,C0X310,2017-02-18T23:00:00+08:00,9.0,12.0,4.3,17.6,0.89,1020.6,-99.0,0.0,-9.9,-99,-999,臺南市,04,七股區,253
23.1490,120.0782,七股,C0X310,2017-02-19T00:00:00+08:00,9.0,13.0,4.7,18.0,0.89,1020.6,-99.0,0.0,-9.9,-99,-999,臺南市,04,七股區,253
23.1490,120.0782,七股,C0X310,2017-02-19T01:00:00+08:00,9.0,7.0,5.8,18.4,0.86,1020.3,-99.0,0.0,-9.9,-99,-999,臺南市,04,七股區,253
23.1490,120.0782,七股,C0X310,2017-02-19T02:00:00+08:00,9.0,8.0,6.5,18.0,0.86,1019.9,-99.0,0.0,-9.9,-99,-999,臺南市,04,七股區,253
23.1490,120.0782,七股,C0X310,2017-02-19T03:00:00+08:00,9.0,3.0,4.4,17.7,0.87,1019.8,-99.0,0.0,-9.9,-99,-999,臺南市,04,七股區,253
23.1490,120.0782,七股,C0X310,2017-02-19T04:00:00+08:00,9.0,12.0,3.0,16.9,0.88,1019.2,-99.0,0.0,-9.9,-99,-999,臺南市,04,七股區,253
23.1490,120.0782,七股,C0X310,2017-02-19T05:00:00+08:00,9.0,331.0,1.9,16.4,0.89,1019.1,-99.0,0.0,-9.9,-99,-999,臺南市,04,七股區,253
23.1490,120.0782,七股,C0X310,2017-02-19T06:00:00+08:00,9.0,337.0,3.0,16.7,0.88,1019.2,-99.0,0.0,-9.9,-99,-999,臺南市,04,七股區,253
23.1490,120.0782,七股,C0X310,2017-02-19T07:00:00+08:00,9.0,15.0,2.0,16.4,0.90,1019.6,-99.0,0.0,-9.9,-99,-999,臺南市,04,七股區,253
23.1490,120.0782,七股,C0X310,2017-02-19T08:00:00+08:00,9.0,26.0,2.5,16.8,0.89,1020.1,-99.0,0.0,-9.9,-99,-999,臺南市,04,七股區,253
23.1490,120.0782,七股,C0X310,2017-02-19T10:00:00+08:00,9.0,9.0,5.8,19.4,0.79,1019.6,-99.0,0.0,-9.9,-99,-999,臺南市,04,七股區,253
23.1490,120.0782,七股,C0X310,2017-02-19T11:00:00+08:00,9.0,342.0,4.5,20.0,0.78,1019.0,-99.0,0.0,-9.9,-99,-999,臺南市,04,七股區,253
23.1490,120.0782,七股,C0X310,2017-02-19T12:00:00+08:00,9.0,332.0,4.9,20.1,0.79,1018.1,-99.0,0.0,-9.9,-99,-999,臺南市,04,七股區,253
23.1490,120.0782,七股,C0X310,2017-02-19T13:00:00+08:00,9.0,331.0,4.7,20.8,0.77,1016.7,-99.0,0.0,-9.9,-99,-999,臺南市,04,七股區,253
23.1490,120.0782,七股,C0X310,2017-02-19T14:00:00+08:00,9.0,328.0,4.1,21.2,0.76,1015.4,-99.0,0.0,-9.9,-99,-999,臺南市,04,七股區,253
23.1490,120.0782,七股,C0X310,2017-02-19T15:00:00+08:00,9.0,330.0,5.9,21.3,0.76,1014.9,-99.0,0.0,-9.9,-99,-999,臺南市,04,七股區,253
23.1490,120.0782,七股,C0X310,2017-02-19T16:00:00+08:00,9.0,346.0,6.3,20.6,0.79,1014.3,-99.0,0.0,-9.9,-99,-999,臺南市,04,七股區,253
23.1490,120.0782,七股,C0X310,2017-02-19T17:00:00+08:00,9.0,356.0,6.9,20.1,0.81,1014.6,-99.0,0.0,-9.9,-99,-999,臺南市,04,七股區,253
23.1490,120.0782,七股,C0X310,2017-02-19T18:00:00+08:00,9.0,358.0,4.8,19.6,0.82,1014.5,-99.0,0.0,-9.9,-99,-999,臺南市,04,七股區,253
23.1490,120.0782,七股,C0X310,2017-02-19T19:00:00+08:00,9.0,4.0,3.9,19.5,0.83,1014.9,-99.0,0.0,-9.9,-99,-999,臺南市,04,七股區,253
23.1490,120.0782,七股,C0X310,2017-02-19T20:00:00+08:00,9.0,29.0,2.9,19.8,0.80,1015.2,-99.0,0.0,-9.9,-99,-999,臺南市,04,七股區,253
23.1490,120.0782,七股,C0X310,2017-02-19T21:00:00+08:00,9.0,35.0,2.0,19.9,0.79,1015.2,-99.0,0.0,-9.9,-99,-999,臺南市,04,七股區,253
23.1490,120.0782,七股,C0X310,2017-02-19T22:00:00+08:00,9.0,355.0,2.8,19.9,0.78,1015.2,-99.0,0.0,-9.9,-99,-999,臺南市,04,七股區,253
23.1490,120.0782,七股,C0X310,2017-02-19T23:00:00+08:00,9.0,13.0,3.0,19.6,0.81,1015.0,-99.0,0.0,-9.9,-99,-999,臺南市,04,七股區,253
23.1490,120.0782,七股,C0X310,2017-02-20T00:00:00+08:00,9.0,46.0,2.0,19.5,0.82,1014.7,-99.0,0.0,-9.9,-99,-999,臺南市,04,七股區,253
23.1490,120.0782,七股,C0X310,2017-02-20T01:00:00+08:00,9.0,76.0,1.4,19.5,0.84,1014.1,-99.0,0.0,-9.9,-99,-999,臺南市,04,七股區,253
23.1490,120.0782,七股,C0X310,2017-02-20T02:00:00+08:00,9.0,81.0,1.0,19.3,0.85,1013.3,-99.0,0.0,-9.9,-99,-999,臺南市,04,七股區,253
23.1490,120.0782,七股,C0X310,2017-02-20T03:00:00+08:00,9.0,83.0,1.0,19.4,0.86,1013.1,-99.0,0.0,-9.9,-99,-999,臺南市,04,七股區,253
23.1490,120.0782,七股,C0X310,2017-02-20T04:00:00+08:00,9.0,47.0,2.5,19.5,0.85,1013.0,-99.0,0.0,-9.9,-99,-999,臺南市,04,七股區,253
23.1490,120.0782,七股,C0X310,2017-02-20T05:00:00+08:00,9.0,33.0,2.9,20.0,0.81,1013.4,-99.0,0.0,-9.9,-99,-999,臺南市,04,七股區,253
23.1490,120.0782,七股,C0X310,2017-02-20T06:00:00+08:00,9.0,339.0,3.1,19.7,0.83,1014.6,-99.0,0.0,-9.9,-99,-999,臺南市,04,七股區,253
23.1490,120.0782,七股,C0X310,2017-02-20T07:00:00+08:00,9.0,37.0,3.3,19.6,0.84,1014.2,-99.0,0.0,-9.9,-99,-999,臺南市,04,七股區,253
23.1490,120.0782,七股,C0X310,2017-02-20T08:00:00+08:00,9.0,82.0,1.7,21.1,0.73,1014.9,-99.0,0.0,-9.9,-99,-999,臺南市,04,七股區,253
23.1490,120.0782,七股,C0X310,2017-02-20T10:00:00+08:00,9.0,142.0,1.9,25.6,0.62,1015.0,-99.0,0.0,-9.9,-99,-999,臺南市,04,七股區,253
23.1490,120.0782,七股,C0X310,2017-02-20T11:00:00+08:00,9.0,172.0,4.1,26.9,0.66,1014.7,-99.0,0.0,-9.9,-99,-999,臺南市,04,七股區,253
23.1490,120.0782,七股,C0X310,2017-02-20T12:00:00+08:00,9.0,168.0,6.5,26.8,0.72,1013.9,-99.0,0.0,-9.9,-99,-999,臺南市,04,七股區,253
23.1490,120.0782,七股,C0X310,2017-02-20T13:00:00+08:00,9.0,177.0,4.3,27.2,0.72,1013.0,-99.0,0.0,-9.9,-99,-999,臺南市,04,七股區,253
23.1490,120.0782,七股,C0X310,2017-02-20T14:00:00+08:00,9.0,185.0,1.3,28.1,0.70,1012.5,-99.0,0.0,-9.9,-99,-999,臺南市,04,七股區,253
23.1490,120.0782,七股,C0X310,2017-02-20T15:00:00+08:00,9.0,197.0,2.6,27.0,0.76,1012.4,-99.0,0.0,-9.9,-99,-999,臺南市,04,七股區,253
23.1490,120.0782,七股,C0X310,2017-02-20T16:00:00+08:00,9.0,243.0,2.8,26.3,0.81,1012.6,-99.0,0.0,-9.9,-99,-999,臺南市,04,七股區,253
23.1490,120.0782,七股,C0X310,2017-02-20T17:00:00+08:00,9.0,341.0,4.3,24.0,0.84,1013.1,-99.0,0.0,-9.9,-99,-999,臺南市,04,七股區,253
23.1490,120.0782,七股,C0X310,2017-02-20T18:00:00+08:00,9.0,6.0,4.4,23.8,0.82,1013.6,-99.0,0.0,-9.9,-99,-999,臺南市,04,七股區,253
23.1490,120.0782,七股,C0X310,2017-02-20T19:00:00+08:00,9.0,36.0,2.3,24.6,0.81,1014.1,-99.0,0.0,-9.9,-99,-999,臺南市,04,七股區,253
23.1490,120.0782,七股,C0X310,2017-02-20T20:00:00+08:00,9.0,332.0,2.7,24.0,0.87,1014.9,-99.0,0.0,-9.9,-99,-999,臺南市,04,七股區,253
23.1490,120.0782,七股,C0X310,2017-02-20T21:00:00+08:00,9.0,25.0,3.2,23.5,0.83,1015.5,-99.0,0.0,-9.9,-99,-999,臺南市,04,七股區,253
23.1490,120.0782,七股,C0X310,2017-02-20T22:00:00+08:00,9.0,33.0,5.0,23.2,0.79,1015.9,-99.0,0.0,-9.9,-99,-999,臺南市,04,七股區,253
23.1490,120.0782,七股,C0X310,2017-02-20T23:00:00+08:00,9.0,23.0,3.0,23.1,0.77,1016.2,-99.0,0.0,-9.9,-99,-999,臺南市,04,七股區,253
23.1490,120.0782,七股,C0X310,2017-02-21T00:00:00+08:00,9.0,3.0,1.8,23.1,0.77,1016.4,-99.0,0.0,-9.9,-99,-999,臺南市,04,七股區,253
23.1490,120.0782,七股,C0X310,2017-02-21T01:00:00+08:00,9.0,337.0,2.0,22.8,0.82,1015.9,-99.0,0.0,-9.9,-99,-999,臺南市,04,七股區,253
23.1490,120.0782,七股,C0X310,2017-02-21T02:00:00+08:00,9.0,1.0,6.3,20.9,0.89,1016.2,-99.0,0.0,-9.9,-99,-999,臺南市,04,七股區,253
23.1490,120.0782,七股,C0X310,2017-02-21T03:00:00+08:00,9.0,15.0,5.3,20.4,0.87,1015.7,-99.0,0.0,-9.9,-99,-999,臺南市,04,七股區,253
23.1490,120.0782,七股,C0X310,2017-02-21T04:00:00+08:00,9.0,10.0,6.0,20.1,0.88,1016.0,-99.0,0.0,-9.9,-99,-999,臺南市,04,七股區,253
23.1490,120.0782,七股,C0X310,2017-02-21T05:00:00+08:00,9.0,15.0,6.2,19.8,0.88,1016.7,-99.0,0.0,-9.9,-99,-999,臺南市,04,七股區,253
23.1490,120.0782,七股,C0X310,2017-02-21T06:00:00+08:00,9.0,9.0,7.8,19.5,0.85,1017.1,-99.0,0.0,-9.9,-99,-999,臺南市,04,七股區,253
23.1490,120.0782,七股,C0X310,2017-02-21T07:00:00+08:00,9.0,13.0,7.3,19.4,0.84,1017.8,-99.0,0.0,-9.9,-99,-999,臺南市,04,七股區,253
23.1490,120.0782,七股,C0X310,2017-02-21T08:00:00+08:00,9.0,10.0,7.1,19.7,0.82,1018.3,-99.0,0.0,-9.9,-99,-999,臺南市,04,七股區,253
23.1490,120.0782,七股,C0X310,2017-02-21T09:00:00+08:00,9.0,10.0,6.2,20.6,0.79,1018.6,-99.0,0.0,-9.9,-99,-999,臺南市,04,七股區,253
23.1490,120.0782,七股,C0X310,2017-02-21T10:00:00+08:00,9.0,346.0,7.3,21.0,0.78,1018.8,-99.0,0.0,-9.9,-99,-999,臺南市,04,七股區,253
23.1490,120.0782,七股,C0X310,2017-02-21T11:00:00+08:00,9.0,344.0,9.7,21.5,0.79,1018.6,-99.0,0.0,-9.9,-99,-999,臺南市,04,七股區,253
23.1490,120.0782,七股,C0X310,2017-02-21T12:00:00+08:00,9.0,351.0,10.2,22.0,0.78,1017.4,-99.0,0.0,-9.9,-99,-999,臺南市,04,七股區,253
23.1490,120.0782,七股,C0X310,2017-02-21T13:00:00+08:00,9.0,349.0,10.3,21.8,0.79,1016.7,-99.0,0.0,-9.9,-99,-999,臺南市,04,七股區,253
23.1490,120.0782,七股,C0X310,2017-02-21T14:00:00+08:00,9.0,345.0,10.9,21.0,0.84,1016.1,-99.0,0.0,-9.9,-99,-999,臺南市,04,七股區,253
23.1490,120.0782,七股,C0X310,2017-02-21T15:00:00+08:00,9.0,346.0,9.3,21.2,0.83,1015.4,-99.0,0.0,-9.9,-99,-999,臺南市,04,七股區,253
23.1490,120.0782,七股,C0X310,2017-02-21T16:00:00+08:00,9.0,346.0,10.2,20.4,0.85,1015.6,-99.0,0.0,-9.9,-99,-999,臺南市,04,七股區,253
23.1490,120.0782,七股,C0X310,2017-02-21T17:00:00+08:00,9.0,349.0,9.0,20.1,0.86,1016.1,-99.0,0.0,-9.9,-99,-999,臺南市,04,七股區,253
23.1490,120.0782,七股,C0X310,2017-02-21T18:00:00+08:00,9.0,3.0,7.1,20.0,0.88,1016.2,-99.0,0.0,-9.9,-99,-999,臺南市,04,七股區,253
23.1490,120.0782,七股,C0X310,2017-02-21T19:00:00+08:00,9.0,33.0,4.2,20.0,0.85,1016.0,-99.0,0.0,-9.9,-99,-999,臺南市,04,七股區,253
23.1490,120.0782,七股,C0X310,2017-02-21T20:00:00+08:00,9.0,18.0,3.8,20.0,0.86,1016.6,-99.0,0.0,-9.9,-99,-999,臺南市,04,七股區,253
23.1490,120.0782,七股,C0X310,2017-02-21T21:00:00+08:00,9.0,11.0,4.6,19.9,0.87,1016.6,-99.0,0.0,-9.9,-99,-999,臺南市,04,七股區,253
23.1490,120.0782,七股,C0X310,2017-02-21T22:00:00+08:00,9.0,349.0,6.2,19.8,0.89,1017.1,-99.0,0.0,-9.9,-99,-999,臺南市,04,七股區,253
23.1490,120.0782,七股,C0X310,2017-02-21T23:00:00+08:00,9.0,347.0,7.5,19.4,0.92,1017.0,-99.0,0.0,-9.9,-99,-999,臺南市,04,七股區,253
23.1490,120.0782,七股,C0X310,2017-02-22T00:00:00+08:00,9.0,4.0,5.7,19.4,0.91,1016.9,-99.0,0.0,-9.9,-99,-999,臺南市,04,七股區,253
23.1490,120.0782,七股,C0X310,2017-02-22T01:00:00+08:00,9.0,13.0,4.5,19.2,0.91,1016.5,-99.0,0.0,-9.9,-99,-999,臺南市,04,七股區,253
23.1490,120.0782,七股,C0X310,2017-02-22T02:00:00+08:00,9.0,15.0,4.8,18.9,0.92,1016.5,-99.0,0.0,-9.9,-99,-999,臺南市,04,七股區,253
23.1490,120.0782,七股,C0X310,2017-02-22T03:00:00+08:00,9.0,19.0,4.6,18.8,0.94,1015.7,-99.0,0.0,-9.9,-99,-999,臺南市,04,七股區,253
23.1490,120.0782,七股,C0X310,2017-02-22T04:00:00+08:00,9.0,14.0,5.8,18.7,0.93,1015.9,-99.0,0.0,-9.9,-99,-999,臺南市,04,七股區,253
23.1490,120.0782,七股,C0X310,2017-02-22T05:00:00+08:00,9.0,9.0,5.8,18.8,0.91,1015.9,-99.0,0.0,-9.9,-99,-999,臺南市,04,七股區,253
23.1490,120.0782,七股,C0X310,2017-02-22T06:00:00+08:00,9.0,24.0,4.8,18.6,0.92,1016.2,-99.0,0.0,-9.9,-99,-999,臺南市,04,七股區,253
23.1490,120.0782,七股,C0X310,2017-02-22T07:00:00+08:00,9.0,34.0,4.2,18.5,0.93,1016.2,-99.0,0.0,-9.9,-99,-999,臺南市,04,七股區,253
23.1490,120.0782,七股,C0X310,2017-02-22T08:00:00+08:00,9.0,27.0,3.7,18.7,0.93,1016.2,-99.0,0.0,-9.9,-99,-999,臺南市,04,七股區,253
23.1490,120.0782,七股,C0X310,2017-02-22T09:00:00+08:00,9.0,28.0,3.5,19.7,0.90,1015.8,-99.0,0.0,-9.9,-99,-999,臺南市,04,七股區,253
23.1490,120.0782,七股,C0X310,2017-02-22T10:00:00+08:00,9.0,61.0,3.4,21.5,0.85,1015.2,-99.0,0.0,-9.9,-99,-999,臺南市,04,七股區,253
23.1490,120.0782,七股,C0X310,2017-02-22T11:00:00+08:00,9.0,2.0,3.1,23.7,0.77,1015.0,-99.0,0.0,-9.9,-99,-999,臺南市,04,七股區,253
23.1490,120.0782,七股,C0X310,2017-02-22T12:00:00+08:00,9.0,328.0,4.3,22.7,0.83,1014.9,-99.0,0.0,-9.9,-99,-999,臺南市,04,七股區,253
23.1490,120.0782,七股,C0X310,2017-02-22T13:00:00+08:00,9.0,330.0,6.0,22.4,0.82,1015.0,-99.0,0.0,-9.9,-99,-999,臺南市,04,七股區,253
23.1490,120.0782,七股,C0X310,2017-02-22T14:00:00+08:00,9.0,350.0,6.1,21.9,0.86,1014.2,-99.0,0.0,-9.9,-99,-999,臺南市,04,七股區,253
23.1490,120.0782,七股,C0X310,2017-02-22T15:00:00+08:00,9.0,51.0,4.0,24.2,0.75,1012.9,-99.0,0.0,-9.9,-99,-999,臺南市,04,七股區,253
23.1490,120.0782,七股,C0X310,2017-02-22T16:00:00+08:00,9.0,109.0,1.2,26.2,0.70,1012.7,-99.0,0.0,-9.9,-99,-999,臺南市,04,七股區,253
23.1490,120.0782,七股,C0X310,2017-02-22T17:00:00+08:00,9.0,145.0,0.5,25.8,0.72,1012.9,-99.0,0.0,-9.9,-99,-999,臺南市,04,七股區,253
23.1490,120.0782,七股,C0X310,2017-02-22T18:00:00+08:00,9.0,162.0,4.8,25.4,0.76,1012.8,-99.0,0.0,-9.9,-99,-999,臺南市,04,七股區,253
23.1490,120.0782,七股,C0X310,2017-02-22T19:00:00+08:00,9.0,327.0,1.7,23.9,0.84,1013.8,-99.0,0.0,-9.9,-99,-999,臺南市,04,七股區,253
23.1490,120.0782,七股,C0X310,2017-02-22T20:00:00+08:00,9.0,1.0,0.7,24.1,0.86,1014.5,-99.0,0.0,-9.9,-99,-999,臺南市,04,七股區,253
23.1490,120.0782,七股,C0X310,2017-02-22T21:00:00+08:00,9.0,142.0,1.1,24.7,0.85,1014.8,-99.0,0.0,-9.9,-99,-999,臺南市,04,七股區,253
23.1490,120.0782,七股,C0X310,2017-02-22T22:00:00+08:00,9.0,43.0,1.9,22.8,0.87,1015.1,-99.0,0.0,-9.9,-99,-999,臺南市,04,七股區,253
23.1490,120.0782,七股,C0X310,2017-02-22T23:00:00+08:00,9.0,50.0,0.8,22.6,0.90,1015.1,-99.0,0.0,-9.9,-99,-999,臺南市,04,七股區,253
23.1490,120.0782,七股,C0X310,2017-02-23T00:00:00+08:00,9.0,84.0,0.5,22.5,0.91,1014.6,-99.0,0.0,-9.9,-99,-999,臺南市,04,七股區,253
23.1490,120.0782,七股,C0X310,2017-02-23T01:00:00+08:00,9.0,61.0,1.0,22.5,0.92,1014.6,-99.0,0.0,-9.9,-99,-999,臺南市,04,七股區,253
23.1490,120.0782,七股,C0X310,2017-02-23T02:00:00+08:00,9.0,46.0,1.1,22.6,0.90,1014.3,-99.0,0.0,-9.9,-99,-999,臺南市,04,七股區,253
23.1490,120.0782,七股,C0X310,2017-02-23T03:00:00+08:00,9.0,36.0,0.6,22.6,0.90,1013.9,-99.0,0.0,-9.9,-99,-999,臺南市,04,七股區,253
23.1490,120.0782,七股,C0X310,2017-02-23T04:00:00+08:00,9.0,60.0,1.5,22.3,0.91,1013.6,-99.0,0.0,-9.9,-99,-999,臺南市,04,七股區,253
23.1490,120.0782,七股,C0X310,2017-02-23T05:00:00+08:00,9.0,24.0,2.5,22.0,0.92,1014.1,-99.0,0.0,-9.9,-99,-999,臺南市,04,七股區,253
23.1490,120.0782,七股,C0X310,2017-02-23T06:00:00+08:00,9.0,24.0,4.1,21.9,0.92,1014.6,-99.0,0.0,-9.9,-99,-999,臺南市,04,七股區,253
23.1490,120.0782,七股,C0X310,2017-02-23T07:00:00+08:00,9.0,20.0,4.3,21.8,0.93,1015.3,-99.0,0.0,-9.9,-99,-999,臺南市,04,七股區,253
23.1490,120.0782,七股,C0X310,2017-02-23T08:00:00+08:00,9.0,14.0,7.0,21.5,0.90,1015.6,-99.0,0.0,-9.9,-99,-999,臺南市,04,七股區,253
23.1490,120.0782,七股,C0X310,2017-02-23T10:00:00+08:00,9.0,350.0,6.4,22.1,0.89,1016.3,-99.0,0.0,-9.9,-99,-999,臺南市,04,七股區,253
23.1490,120.0782,七股,C0X310,2017-02-23T11:00:00+08:00,9.0,344.0,8.7,21.9,0.88,1016.4,-99.0,0.0,-9.9,-99,-999,臺南市,04,七股區,253
23.1490,120.0782,七股,C0X310,2017-02-23T12:00:00+08:00,9.0,359.0,7.2,22.2,0.85,1015.2,-99.0,0.0,-9.9,-99,-999,臺南市,04,七股區,253
23.1490,120.0782,七股,C0X310,2017-02-23T13:00:00+08:00,9.0,342.0,10.6,21.9,0.86,1014.6,-99.0,0.0,-9.9,-99,-999,臺南市,04,七股區,253
23.1490,120.0782,七股,C0X310,2017-02-23T14:00:00+08:00,9.0,342.0,9.5,21.9,0.86,1014.1,-99.0,0.0,-9.9,-99,-999,臺南市,04,七股區,253
23.1490,120.0782,七股,C0X310,2017-02-23T15:00:00+08:00,9.0,352.0,12.1,20.9,0.88,1014.3,-99.0,0.0,-9.9,-99,-999,臺南市,04,七股區,253
23.1490,120.0782,七股,C0X310,2017-02-23T16:00:00+08:00,9.0,358.0,11.3,20.7,0.87,1014.5,-99.0,0.0,-9.9,-99,-999,臺南市,04,七股區,253
23.1490,120.0782,七股,C0X310,2017-02-23T17:00:00+08:00,9.0,3.0,9.7,19.6,0.83,1015.2,-99.0,0.0,-9.9,-99,-999,臺南市,04,七股區,253
23.1490,120.0782,七股,C0X310,2017-02-23T18:00:00+08:00,9.0,354.0,12.1,18.0,0.86,1016.1,-99.0,0.0,-9.9,-99,-999,臺南市,04,七股區,253
23.1490,120.0782,七股,C0X310,2017-02-23T19:00:00+08:00,9.0,9.0,10.3,17.0,0.85,1017.2,-99.0,0.0,-9.9,-99,-999,臺南市,04,七股區,253
23.1490,120.0782,七股,C0X310,2017-02-23T20:00:00+08:00,9.0,2.0,11.2,16.5,0.85,1018.1,-99.0,0.0,-9.9,-99,-999,臺南市,04,七股區,253
23.1490,120.0782,七股,C0X310,2017-02-23T21:00:00+08:00,9.0,6.0,10.7,15.9,0.82,1018.6,-99.0,0.0,-9.9,-99,-999,臺南市,04,七股區,253
23.1490,120.0782,七股,C0X310,2017-02-23T22:00:00+08:00,9.0,13.0,9.5,15.3,0.79,1019.1,-99.0,0.0,-9.9,-99,-999,臺南市,04,七股區,253
23.1490,120.0782,七股,C0X310,2017-02-23T23:00:00+08:00,9.0,7.0,7.7,15.1,0.81,1019.4,-99.0,0.0,-9.9,-99,-999,臺南市,04,七股區,253
23.1490,120.0782,七股,C0X310,2017-02-24T00:00:00+08:00,9.0,21.0,7.4,14.8,0.82,1019.1,-99.0,0.0,-9.9,-99,-999,臺南市,04,七股區,253
23.1490,120.0782,七股,C0X310,2017-02-24T01:00:00+08:00,9.0,13.0,7.2,14.3,0.82,1019.3,-99.0,0.0,-9.9,-99,-999,臺南市,04,七股區,253
23.1490,120.0782,七股,C0X310,2017-02-24T02:00:00+08:00,9.0,17.0,6.3,14.3,0.82,1019.3,-99.0,0.0,-9.9,-99,-999,臺南市,04,七股區,253
23.1490,120.0782,七股,C0X310,2017-02-24T03:00:00+08:00,9.0,24.0,6.0,14.3,0.81,1018.8,-99.0,0.0,-9.9,-99,-999,臺南市,04,七股區,253
23.1490,120.0782,七股,C0X310,2017-02-24T04:00:00+08:00,9.0,26.0,4.9,14.0,0.82,1018.4,-99.0,0.0,-9.9,-99,-999,臺南市,04,七股區,253
23.1490,120.0782,七股,C0X310,2017-02-24T05:00:00+08:00,9.0,15.0,5.0,14.0,0.83,1018.4,-99.0,0.0,-9.9,-99,-999,臺南市,04,七股區,253
23.1490,120.0782,七股,C0X310,2017-02-24T06:00:00+08:00,9.0,10.0,5.5,14.5,0.83,1018.9,-99.0,0.0,-9.9,-99,-999,臺南市,04,七股區,253
23.1490,120.0782,七股,C0X310,2017-02-24T07:00:00+08:00,9.0,32.0,4.6,14.7,0.81,1019.5,-99.0,0.0,-9.9,-99,-999,臺南市,04,七股區,253
23.1490,120.0782,七股,C0X310,2017-02-24T08:00:00+08:00,9.0,27.0,4.4,14.9,0.81,1020.0,-99.0,0.0,-9.9,-99,-999,臺南市,04,七股區,253
23.1490,120.0782,七股,C0X310,2017-02-24T09:00:00+08:00,9.0,20.0,4.5,15.4,0.80,1021.1,-99.0,0.0,-9.9,-99,-999,臺南市,04,七股區,253
23.1490,120.0782,七股,C0X310,2017-02-24T10:00:00+08:00,9.0,13.0,6.4,15.9,0.78,1021.1,-99.0,0.0,-9.9,-99,-999,臺南市,04,七股區,253
23.1490,120.0782,七股,C0X310,2017-02-24T11:00:00+08:00,9.0,8.0,7.0,15.9,0.78,1020.9,-99.0,0.0,-9.9,-99,-999,臺南市,04,七股區,253
23.1490,120.0782,七股,C0X310,2017-02-24T12:00:00+08:00,9.0,10.0,8.8,16.8,0.74,1020.2,-99.0,0.0,-9.9,-99,-999,臺南市,04,七股區,253
23.1490,120.0782,七股,C0X310,2017-02-24T13:00:00+08:00,9.0,7.0,10.5,16.1,0.76,1019.6,-99.0,0.0,-9.9,-99,-999,臺南市,04,七股區,253
23.1490,120.0782,七股,C0X310,2017-02-24T14:00:00+08:00,9.0,11.0,7.9,16.4,0.76,1019.1,-99.0,0.0,-9.9,-99,-999,臺南市,04,七股區,253
23.1490,120.0782,七股,C0X310,2017-02-24T15:00:00+08:00,9.0,11.0,9.1,15.5,0.77,1019.0,-99.0,0.0,-9.9,-99,-999,臺南市,04,七股區,253
23.1490,120.0782,七股,C0X310,2017-02-24T16:00:00+08:00,9.0,9.0,8.6,15.4,0.76,1018.7,-99.0,0.0,-9.9,-99,-999,臺南市,04,七股區,253
23.1490,120.0782,七股,C0X310,2017-02-24T17:00:00+08:00,9.0,23.0,6.5,14.8,0.78,1018.7,-99.0,0.0,-9.9,-99,-999,臺南市,04,七股區,253
23.1490,120.0782,七股,C0X310,2017-02-24T18:00:00+08:00,9.0,11.0,7.0,14.3,0.80,1019.3,-99.0,0.0,-9.9,-99,-999,臺南市,04,七股區,253
23.1490,120.0782,七股,C0X310,2017-02-24T19:00:00+08:00,9.0,12.0,7.0,14.1,0.81,1019.9,-99.0,0.0,-9.9,-99,-999,臺南市,04,七股區,253
23.1490,120.0782,七股,C0X310,2017-02-24T20:00:00+08:00,9.0,19.0,5.1,14.3,0.82,1020.4,-99.0,0.0,-9.9,-99,-999,臺南市,04,七股區,253
23.1490,120.0782,七股,C0X310,2017-02-24T21:00:00+08:00,9.0,13.0,6.7,14.2,0.82,1020.7,-99.0,0.0,-9.9,-99,-999,臺南市,04,七股區,253
23.1490,120.0782,七股,C0X310,2017-02-24T22:00:00+08:00,9.0,5.0,7.8,15.1,0.78,1020.8,-99.0,0.0,-9.9,-99,-999,臺南市,04,七股區,253
23.1490,120.0782,七股,C0X310,2017-02-24T23:00:00+08:00,9.0,13.0,8.7,14.7,0.80,1020.8,-99.0,0.0,-9.9,-99,-999,臺南市,04,七股區,253
23.1490,120.0782,七股,C0X310,2017-02-25T00:00:00+08:00,9.0,17.0,7.9,14.5,0.81,1020.5,-99.0,0.0,-9.9,-99,-999,臺南市,04,七股區,253
23.1490,120.0782,七股,C0X310,2017-02-25T01:00:00+08:00,9.0,14.0,7.1,14.2,0.82,1019.9,-99.0,0.0,-9.9,-99,-999,臺南市,04,七股區,253
23.1490,120.0782,七股,C0X310,2017-02-25T02:00:00+08:00,9.0,29.0,5.2,13.7,0.87,1019.2,-99.0,0.0,-9.9,-99,-999,臺南市,04,七股區,253
23.1490,120.0782,七股,C0X310,2017-02-25T03:00:00+08:00,9.0,5.0,5.6,13.7,0.87,1019.1,-99.0,0.0,-9.9,-99,-999,臺南市,04,七股區,253
23.1490,120.0782,七股,C0X310,2017-02-25T04:00:00+08:00,9.0,17.0,6.5,14.4,0.84,1018.6,-99.0,0.0,-9.9,-99,-999,臺南市,04,七股區,253
23.1490,120.0782,七股,C0X310,2017-02-25T05:00:00+08:00,9.0,23.0,6.0,14.4,0.84,1018.5,-99.0,0.0,-9.9,-99,-999,臺南市,04,七股區,253
23.1490,120.0782,七股,C0X310,2017-02-25T06:00:00+08:00,9.0,42.0,4.5,14.4,0.85,1018.4,-99.0,0.0,-9.9,-99,-999,臺南市,04,七股區,253
23.1490,120.0782,七股,C0X310,2017-02-25T07:00:00+08:00,9.0,15.0,5.7,14.5,0.86,1019.3,-99.0,0.0,-9.9,-99,-999,臺南市,04,七股區,253
23.1490,120.0782,七股,C0X310,2017-02-25T08:00:00+08:00,9.0,19.0,5.5,14.9,0.85,1019.7,-99.0,0.0,-9.9,-99,-999,臺南市,04,七股區,253
23.1490,120.0782,七股,C0X310,2017-02-25T10:00:00+08:00,9.0,12.0,5.5,16.1,0.81,1019.5,-99.0,0.0,-9.9,-99,-999,臺南市,04,七股區,253
23.1490,120.0782,七股,C0X310,2017-02-25T11:00:00+08:00,9.0,14.0,6.2,16.7,0.78,1018.9,-99.0,0.0,-9.9,-99,-999,臺南市,04,七股區,253
23.1490,120.0782,七股,C0X310,2017-02-25T12:00:00+08:00,9.0,9.0,7.5,17.2,0.76,1018.0,-99.0,0.0,-9.9,-99,-999,臺南市,04,七股區,253
23.1490,120.0782,七股,C0X310,2017-02-25T13:00:00+08:00,9.0,15.0,7.2,17.9,0.75,1016.9,-99.0,0.0,-9.9,-99,-999,臺南市,04,七股區,253
23.1490,120.0782,七股,C0X310,2017-02-25T14:00:00+08:00,9.0,7.0,8.3,18.5,0.73,1015.9,-99.0,0.0,-9.9,-99,-999,臺南市,04,七股區,253
23.1490,120.0782,七股,C0X310,2017-02-25T15:00:00+08:00,9.0,357.0,8.7,17.9,0.77,1015.7,-99.0,0.0,-9.9,-99,-999,臺南市,04,七股區,253
23.1490,120.0782,七股,C0X310,2017-02-25T16:00:00+08:00,9.0,10.0,8.9,17.8,0.74,1015.9,-99.0,0.0,-9.9,-99,-999,臺南市,04,七股區,253
23.1490,120.0782,七股,C0X310,2017-02-25T17:00:00+08:00,9.0,11.0,7.9,17.2,0.76,1015.9,-99.0,0.0,-9.9,-99,-999,臺南市,04,七股區,253
23.1490,120.0782,七股,C0X310,2017-02-25T18:00:00+08:00,9.0,11.0,9.2,16.5,0.76,1016.7,-99.0,0.0,-9.9,-99,-999,臺南市,04,七股區,253
23.1490,120.0782,七股,C0X310,2017-02-25T19:00:00+08:00,9.0,12.0,6.1,16.2,0.78,1016.7,-99.0,0.0,-9.9,-99,-999,臺南市,04,七股區,253
23.1490,120.0782,七股,C0X310,2017-02-25T20:00:00+08:00,9.0,30.0,5.6,15.4,0.81,1016.9,-99.0,0.0,-9.9,-99,-999,臺南市,04,七股區,253
23.1490,120.0782,七股,C0X310,2017-02-25T21:00:00+08:00,9.0,22.0,3.9,15.3,0.83,1017.0,-99.0,0.0,-9.9,-99,-999,臺南市,04,七股區,253
23.1490,120.0782,七股,C0X310,2017-02-25T22:00:00+08:00,9.0,7.0,6.2,15.7,0.86,1017.7,-99.0,0.0,-9.9,-99,-999,臺南市,04,七股區,253
23.1490,120.0782,七股,C0X310,2017-02-25T23:00:00+08:00,9.0,16.0,6.0,15.5,0.84,1018.1,-99.0,0.0,-9.9,-99,-999,臺南市,04,七股區,253
23.1490,120.0782,七股,C0X310,2017-02-26T00:00:00+08:00,9.0,14.0,7.3,15.7,0.85,1018.5,-99.0,0.0,-9.9,-99,-999,臺南市,04,七股區,253
23.1490,120.0782,七股,C0X310,2017-02-26T01:00:00+08:00,9.0,30.0,7.0,15.5,0.82,1017.7,-99.0,0.0,-9.9,-99,-999,臺南市,04,七股區,253
23.1490,120.0782,七股,C0X310,2017-02-26T02:00:00+08:00,9.0,33.0,4.1,15.0,0.86,1017.5,-99.0,0.0,-9.9,-99,-999,臺南市,04,七股區,253
23.1490,120.0782,七股,C0X310,2017-02-26T03:00:00+08:00,9.0,354.0,5.3,14.9,0.88,1017.4,-99.0,0.0,-9.9,-99,-999,臺南市,04,七股區,253
23.1490,120.0782,七股,C0X310,2017-02-26T04:00:00+08:00,9.0,359.0,7.2,15.3,0.85,1017.6,-99.0,0.0,-9.9,-99,-999,臺南市,04,七股區,253
23.1490,120.0782,七股,C0X310,2017-02-26T05:00:00+08:00,9.0,13.0,6.4,15.4,0.82,1017.9,-99.0,0.0,-9.9,-99,-999,臺南市,04,七股區,253
23.1490,120.0782,七股,C0X310,2017-02-26T06:00:00+08:00,9.0,12.0,7.3,15.2,0.82,1018.5,-99.0,0.0,-9.9,-99,-999,臺南市,04,七股區,253
23.1490,120.0782,七股,C0X310,2017-02-26T07:00:00+08:00,9.0,11.0,8.4,15.2,0.82,1019.3,-99.0,0.0,-9.9,-99,-999,臺南市,04,七股區,253
23.1490,120.0782,七股,C0X310,2017-02-26T08:00:00+08:00,9.0,13.0,9.5,15.4,0.80,1019.9,-99.0,0.0,-9.9,-99,-999,臺南市,04,七股區,253
23.1490,120.0782,七股,C0X310,2017-02-26T10:00:00+08:00,9.0,10.0,10.1,15.8,0.72,1020.5,-99.0,0.0,-9.9,-99,-999,臺南市,04,七股區,253
23.1490,120.0782,七股,C0X310,2017-02-26T11:00:00+08:00,9.0,10.0,10.4,17.1,0.68,1020.4,-99.0,0.0,-9.9,-99,-999,臺南市,04,七股區,253
23.1490,120.0782,七股,C0X310,2017-02-26T12:00:00+08:00,9.0,1.0,9.6,17.8,0.67,1019.2,-99.0,0.0,-9.9,-99,-999,臺南市,04,七股區,253
23.1490,120.0782,七股,C0X310,2017-02-26T13:00:00+08:00,9.0,6.0,9.5,18.4,0.65,1018.5,-99.0,0.0,-9.9,-99,-999,臺南市,04,七股區,253
23.1490,120.0782,七股,C0X310,2017-02-26T14:00:00+08:00,9.0,7.0,9.1,18.4,0.67,1017.4,-99.0,0.0,-9.9,-99,-999,臺南市,04,七股區,253
23.1490,120.0782,七股,C0X310,2017-02-26T15:00:00+08:00,9.0,353.0,11.7,17.5,0.74,1017.0,-99.0,0.0,-9.9,-99,-999,臺南市,04,七股區,253
23.1490,120.0782,七股,C0X310,2017-02-26T16:00:00+08:00,9.0,350.0,12.2,16.9,0.77,1017.4,-99.0,0.0,-9.9,-99,-999,臺南市,04,七股區,253
23.1490,120.0782,七股,C0X310,2017-02-26T17:00:00+08:00,9.0,358.0,12.0,16.3,0.77,1018.1,-99.0,0.0,-9.9,-99,-999,臺南市,04,七股區,253
23.1490,120.0782,七股,C0X310,2017-02-26T18:00:00+08:00,9.0,10.0,11.5,15.7,0.76,1018.6,-99.0,0.0,-9.9,-99,-999,臺南市,04,七股區,253
23.1490,120.0782,七股,C0X310,2017-02-26T19:00:00+08:00,9.0,8.0,11.9,15.1,0.76,1019.2,-99.0,0.0,-9.9,-99,-999,臺南市,04,七股區,253
23.1490,120.0782,七股,C0X310,2017-02-26T20:00:00+08:00,9.0,9.0,11.1,14.8,0.74,1019.8,-99.0,0.0,-9.9,-99,-999,臺南市,04,七股區,253
23.1490,120.0782,七股,C0X310,2017-02-26T21:00:00+08:00,9.0,11.0,10.0,14.6,0.73,1020.3,-99.0,0.0,-9.9,-99,-999,臺南市,04,七股區,253
23.1490,120.0782,七股,C0X310,2017-02-26T22:00:00+08:00,9.0,13.0,7.6,14.3,0.76,1020.4,-99.0,0.0,-9.9,-99,-999,臺南市,04,七股區,253
23.1490,120.0782,七股,C0X310,2017-02-26T23:00:00+08:00,9.0,19.0,6.3,14.4,0.74,1020.0,-99.0,0.0,-9.9,-99,-999,臺南市,04,七股區,253
23.1490,120.0782,七股,C0X310,2017-02-27T00:00:00+08:00,9.0,25.0,4.8,14.1,0.76,1019.8,-99.0,0.0,-9.9,-99,-999,臺南市,04,七股區,253
23.1490,120.0782,七股,C0X310,2017-02-27T01:00:00+08:00,9.0,13.0,5.0,14.1,0.76,1019.5,-99.0,0.0,-9.9,-99,-999,臺南市,04,七股區,253
23.1490,120.0782,七股,C0X310,2017-02-27T02:00:00+08:00,9.0,18.0,4.8,14.0,0.77,1019.1,-99.0,0.0,-9.9,-99,-999,臺南市,04,七股區,253
23.1490,120.0782,七股,C0X310,2017-02-27T03:00:00+08:00,9.0,19.0,3.2,13.8,0.79,1019.1,-99.0,0.0,-9.9,-99,-999,臺南市,04,七股區,253
23.1490,120.0782,七股,C0X310,2017-02-27T04:00:00+08:00,9.0,33.0,2.9,13.7,0.81,1019.2,-99.0,0.0,-9.9,-99,-999,臺南市,04,七股區,253
23.1490,120.0782,七股,C0X310,2017-02-27T05:00:00+08:00,9.0,20.0,2.8,13.8,0.80,1019.7,-99.0,0.0,-9.9,-99,-999,臺南市,04,七股區,253
23.1490,120.0782,七股,C0X310,2017-02-27T06:00:00+08:00,9.0,25.0,2.7,14.0,0.80,1020.1,-99.0,0.0,-9.9,-99,-999,臺南市,04,七股區,253
23.1490,120.0782,七股,C0X310,2017-02-27T07:00:00+08:00,9.0,44.0,2.4,14.0,0.79,1020.3,-99.0,0.0,-9.9,-99,-999,臺南市,04,七股區,253
23.1490,120.0782,七股,C0X310,2017-02-27T08:00:00+08:00,9.0,34.0,2.6,14.6,0.78,1020.4,-99.0,0.0,-9.9,-99,-999,臺南市,04,七股區,253
23.1490,120.0782,七股,C0X310,2017-02-27T10:00:00+08:00,9.0,12.0,4.9,16.8,0.72,1021.5,-99.0,0.0,-9.9,-99,-999,臺南市,04,七股區,253
23.1490,120.0782,七股,C0X310,2017-02-27T11:00:00+08:00,9.0,355.0,4.4,18.5,0.69,1021.2,-99.0,0.0,-9.9,-99,-999,臺南市,04,七股區,253
23.1490,120.0782,七股,C0X310,2017-02-27T12:00:00+08:00,9.0,340.0,5.0,19.0,0.68,1020.4,-99.0,0.0,-9.9,-99,-999,臺南市,04,七股區,253
23.1490,120.0782,七股,C0X310,2017-02-27T13:00:00+08:00,9.0,339.0,7.4,19.4,0.69,1019.8,-99.0,0.0,-9.9,-99,-999,臺南市,04,七股區,253
23.1490,120.0782,七股,C0X310,2017-02-27T14:00:00+08:00,9.0,338.0,9.1,19.3,0.69,1019.3,-99.0,0.0,-9.9,-99,-999,臺南市,04,七股區,253
23.1490,120.0782,七股,C0X310,2017-02-27T15:00:00+08:00,9.0,342.0,9.4,19.4,0.70,1019.3,-99.0,0.0,-9.9,-99,-999,臺南市,04,七股區,253
23.1490,120.0782,七股,C0X310,2017-02-27T16:00:00+08:00,9.0,344.0,10.3,19.0,0.72,1019.5,-99.0,0.0,-9.9,-99,-999,臺南市,04,七股區,253
23.1490,120.0782,七股,C0X310,2017-02-27T17:00:00+08:00,9.0,353.0,10.0,18.5,0.73,1019.9,-99.0,0.0,-9.9,-99,-999,臺南市,04,七股區,253
23.1490,120.0782,七股,C0X310,2017-02-27T18:00:00+08:00,9.0,359.0,8.1,18.1,0.72,1020.1,-99.0,0.0,-9.9,-99,-999,臺南市,04,七股區,253
23.1490,120.0782,七股,C0X310,2017-02-27T19:00:00+08:00,9.0,10.0,7.3,17.4,0.70,1020.2,-99.0,0.0,-9.9,-99,-999,臺南市,04,七股區,253
23.1490,120.0782,七股,C0X310,2017-02-27T20:00:00+08:00,9.0,2.0,7.8,16.8,0.73,1020.7,-99.0,0.0,-9.9,-99,-999,臺南市,04,七股區,253
23.1490,120.0782,七股,C0X310,2017-02-27T21:00:00+08:00,9.0,14.0,6.0,16.3,0.73,1020.8,-99.0,0.0,-9.9,-99,-999,臺南市,04,七股區,253
23.1490,120.0782,七股,C0X310,2017-02-27T22:00:00+08:00,9.0,16.0,4.6,16.0,0.74,1021.2,-99.0,0.0,-9.9,-99,-999,臺南市,04,七股區,253
23.1490,120.0782,七股,C0X310,2017-02-27T23:00:00+08:00,9.0,9.0,4.2,15.9,0.76,1020.9,-99.0,0.0,-9.9,-99,-999,臺南市,04,七股區,253
23.1490,120.0782,七股,C0X310,2017-02-28T00:00:00+08:00,9.0,18.0,2.6,15.7,0.78,1020.9,-99.0,0.0,-9.9,-99,-999,臺南市,04,七股區,253
23.1490,120.0782,七股,C0X310,2017-02-28T01:00:00+08:00,9.0,46.0,1.7,15.2,0.78,1020.4,-99.0,0.0,-9.9,-99,-999,臺南市,04,七股區,253
23.1490,120.0782,七股,C0X310,2017-02-28T02:00:00+08:00,9.0,324.0,2.5,15.2,0.81,1020.5,-99.0,0.0,-9.9,-99,-999,臺南市,04,七股區,253
23.1490,120.0782,七股,C0X310,2017-02-28T03:00:00+08:00,9.0,346.0,5.1,16.3,0.81,1020.3,-99.0,0.0,-9.9,-99,-999,臺南市,04,七股區,253
23.1490,120.0782,七股,C0X310,2017-02-28T04:00:00+08:00,9.0,20.0,4.4,16.5,0.80,1020.1,-99.0,0.0,-9.9,-99,-999,臺南市,04,七股區,253
23.1490,120.0782,七股,C0X310,2017-02-28T05:00:00+08:00,9.0,29.0,2.8,15.3,0.78,1020.1,-99.0,0.0,-9.9,-99,-999,臺南市,04,七股區,253
23.1490,120.0782,七股,C0X310,2017-02-28T06:00:00+08:00,9.0,15.0,1.9,15.3,0.78,1020.5,-99.0,0.0,-9.9,-99,-999,臺南市,04,七股區,253
23.1490,120.0782,七股,C0X310,2017-02-28T07:00:00+08:00,9.0,8.0,2.8,15.8,0.76,1020.8,-99.0,0.0,-9.9,-99,-999,臺南市,04,七股區,253
23.1490,120.0782,七股,C0X310,2017-02-28T08:00:00+08:00,9.0,19.0,4.5,16.8,0.72,1020.8,-99.0,0.0,-9.9,-99,-999,臺南市,04,七股區,253
23.1490,120.0782,七股,C0X310,2017-02-28T09:00:00+08:00,9.0,20.0,3.9,17.7,0.69,1020.8,-99.0,0.0,-9.9,-99,-999,臺南市,04,七股區,253
23.1490,120.0782,七股,C0X310,2017-02-28T10:00:00+08:00,9.0,332.0,3.6,18.5,0.68,1020.6,-99.0,0.0,-9.9,-99,-999,臺南市,04,七股區,253
23.1490,120.0782,七股,C0X310,2017-02-28T11:00:00+08:00,9.0,340.0,6.2,18.7,0.73,1020.5,-99.0,0.0,-9.9,-99,-999,臺南市,04,七股區,253
23.1490,120.0782,七股,C0X310,2017-02-28T12:00:00+08:00,9.0,351.0,8.0,19.1,0.80,1019.6,-99.0,0.0,-9.9,-99,-999,臺南市,04,七股區,253
23.1490,120.0782,七股,C0X310,2017-02-28T13:00:00+08:00,9.0,352.0,9.4,19.6,0.81,1018.6,-99.0,0.0,-9.9,-99,-999,臺南市,04,七股區,253
23.1490,120.0782,七股,C0X310,2017-02-28T14:00:00+08:00,9.0,345.0,10.4,19.3,0.77,1017.5,-99.0,0.0,-9.9,-99,-999,臺南市,04,七股區,253
23.1490,120.0782,七股,C0X310,2017-02-28T15:00:00+08:00,9.0,346.0,8.3,19.6,0.80,1016.8,-99.0,0.0,-9.9,-99,-999,臺南市,04,七股區,253
23.1490,120.0782,七股,C0X310,2017-02-28T16:00:00+08:00,9.0,345.0,7.9,19.5,0.79,1016.4,-99.0,0.0,-9.9,-99,-999,臺南市,04,七股區,253
23.1490,120.0782,七股,C0X310,2017-02-28T17:00:00+08:00,9.0,344.0,7.8,19.0,0.79,1016.4,-99.0,0.0,-9.9,-99,-999,臺南市,04,七股區,253
23.1490,120.0782,七股,C0X310,2017-02-28T18:00:00+08:00,9.0,341.0,9.6,18.5,0.81,1016.9,-99.0,0.0,-9.9,-99,-999,臺南市,04,七股區,253
23.1490,120.0782,七股,C0X310,2017-02-28T19:00:00+08:00,9.0,354.0,9.1,18.2,0.83,1017.3,-99.0,0.0,-9.9,-99,-999,臺南市,04,七股區,253
23.1490,120.0782,七股,C0X310,2017-02-28T20:00:00+08:00,9.0,4.0,6.9,18.2,0.80,1017.8,-99.0,0.0,-9.9,-99,-999,臺南市,04,七股區,253
23.1490,120.0782,七股,C0X310,2017-02-28T21:00:00+08:00,9.0,15.0,5.4,17.9,0.82,1018.2,-99.0,0.0,-9.9,-99,-999,臺南市,04,七股區,253
23.1490,120.0782,七股,C0X310,2017-02-28T22:00:00+08:00,9.0,14.0,4.9,17.6,0.82,1018.3,-99.0,0.0,-9.9,-99,-999,臺南市,04,七股區,253
23.1490,120.0782,七股,C0X310,2017-02-28T23:00:00+08:00,9.0,7.0,6.2,17.3,0.82,1018.1,-99.0,0.0,-9.9,-99,-999,臺南市,04,七股區,253
